{
    "[['A', 'B', 'C', 'D', 'E'], ['A', 'B', 'C', 'D', 'E']]": [
        [
            [
                0.03732688386369095,
                0.9626731161363087,
                0.0,
                3.2489161664824326e-16,
                0.0
            ],
            [
                0.9988304896566144,
                0.0011695103433856729,
                0.0,
                0.0,
                0.0
            ],
            [
                0.0,
                0.0,
                1.0,
                0.0,
                0.0
            ],
            [
                0.0,
                0.0,
                0.0,
                0.0,
                1.0
            ],
            [
                0.0,
                0.0,
                0.0,
                0.0,
                1.0
            ]
        ],
        [
            [
                0.7310585903489865,
                0.26894140965101354,
                0.0,
                0.0,
                0.0
            ],
            [
                3.7266391165824233e-06,
                0.9999962733608834,
                0.0,
                0.0,
                0.0
            ],
            [
                0.0,
                0.0,
                1.0,
                0.0,
                0.0
            ],
            [
                0.0,
                0.0,
                0.0,
                0.0,
                1.0
            ],
            [
                0.0,
                0.0,
                0.0,
                0.0,
                1.0
            ]
        ],
        [
            [
                0.9999724643101549,
                2.7535689845210035e-05,
                0.0,
                0.0,
                0.0
            ],
            [
                5.3157849718486546e-08,
                0.9999999468421502,
                0.0,
                0.0,
                0.0
            ],
            [
                0.0,
                0.0,
                1.0,
                0.0,
                0.0
            ],
            [
                0.0,
                0.0,
                0.0,
                0.0,
                1.0
            ],
            [
                0.0,
                0.0,
                0.0,
                0.0,
                1.0
            ]
        ],
        [
            [
                0.9999785550602307,
                2.1444939769330778e-05,
                0.0,
                0.0,
                0.0
            ],
            [
                0.006692851410317247,
                0.9933071485896823,
                0.0,
                4.877572426688462e-16,
                0.0
            ],
            [
                0.0,
                0.0,
                1.0,
                0.0,
                0.0
            ],
            [
                0.0,
                0.0,
                0.0,
                0.0,
                1.0
            ],
            [
                0.0,
                0.0,
                0.0,
                0.0,
                1.0
            ]
        ],
        [
            [
                0.9914225143407678,
                0.008577485659232218,
                0.0,
                0.0,
                0.0
            ],
            [
                3.5817479290002523e-10,
                0.999999999641825,
                0.0,
                1.2415511031538792e-16,
                0.0
            ],
            [
                0.0,
                0.0,
                0.9999999999999873,
                1.2664165549093863e-14,
                0.0
            ],
            [
                0.0,
                0.0,
                0.0,
                0.0,
                1.0
            ],
            [
                0.0,
                0.0,
                0.0,
                0.0,
                1.0
            ]
        ],
        [
            [
                0.017986211541261586,
                0.9820137884587381,
                0.0,
                3.314183110001624e-16,
                0.0
            ],
            [
                0.0005527785825764683,
                0.999447221417423,
                0.0,
                4.907715006918917e-16,
                0.0
            ],
            [
                0.0,
                0.0,
                1.0,
                0.0,
                0.0
            ],
            [
                0.0,
                0.0,
                0.0,
                0.0,
                1.0
            ],
            [
                0.0,
                0.0,
                0.0,
                0.0,
                1.0
            ]
        ],
        [
            [
                0.9990889485983341,
                0.0009110514016659277,
                0.0,
                0.0,
                0.0
            ],
            [
                1.3709566550544205e-06,
                0.999998629043345,
                0.0,
                1.1548225719270018e-17,
                0.0
            ],
            [
                0.0,
                0.0,
                1.0,
                0.0,
                0.0
            ],
            [
                0.0,
                0.0,
                0.0,
                0.0,
                1.0
            ],
            [
                0.0,
                0.0,
                0.0,
                0.0,
                1.0
            ]
        ],
        [
            [
                0.9968273169336628,
                0.0031726830663372,
                0.0,
                0.0,
                0.0
            ],
            [
                3.5356257528032304e-05,
                0.9999646437424718,
                0.0,
                6.645316824356318e-17,
                0.0
            ],
            [
                0.0,
                0.0,
                1.0,
                0.0,
                0.0
            ],
            [
                0.0,
                0.0,
                0.0,
                0.0,
                1.0
            ],
            [
                0.0,
                0.0,
                0.0,
                0.0,
                1.0
            ]
        ],
        [
            [
                0.9999952149051502,
                4.785094849865099e-06,
                0.0,
                0.0,
                0.0
            ],
            [
                8.764249148191957e-08,
                0.9999999123575077,
                0.0,
                8.095931033139188e-16,
                0.0
            ],
            [
                0.0,
                0.0,
                1.0,
                0.0,
                0.0
            ],
            [
                0.0,
                0.0,
                0.0,
                1.0956650033262316e-16,
                1.0
            ],
            [
                0.0,
                0.0,
                0.0,
                0.0,
                1.0
            ]
        ],
        [
            [
                0.0024726229596576505,
                0.9975273770403418,
                0.0,
                5.550487285555945e-16,
                0.0
            ],
            [
                1.3007124774680223e-05,
                0.9999869928752252,
                0.0,
                8.532950488701365e-17,
                0.0
            ],
            [
                0.0,
                0.0,
                1.0,
                0.0,
                0.0
            ],
            [
                0.0,
                0.0,
                0.0,
                0.0,
                1.0
            ],
            [
                0.0,
                0.0,
                0.0,
                2.4691192001277383e-16,
                0.9999999999999998
            ]
        ],
        [
            [
                0.06008665438181939,
                0.9399133456181806,
                0.0,
                0.0,
                0.0
            ],
            [
                2.2603252742032923e-06,
                0.9999977396747258,
                0.0,
                2.7702646167583523e-17,
                0.0
            ],
            [
                0.0,
                0.0,
                1.0,
                0.0,
                0.0
            ],
            [
                0.0,
                0.0,
                0.0,
                0.0,
                1.0
            ],
            [
                0.0,
                0.0,
                0.0,
                0.0,
                1.0
            ]
        ],
        [
            [
                0.8807970764133465,
                0.11920292358665191,
                0.0,
                1.7106100579435875e-15,
                0.0
            ],
            [
                3.5356257528032216e-05,
                0.999964643742472,
                0.0,
                0.0,
                0.0
            ],
            [
                0.0,
                0.0,
                1.0,
                0.0,
                0.0
            ],
            [
                0.0,
                0.0,
                0.0,
                0.0,
                1.0
            ],
            [
                0.0,
                0.0,
                0.0,
                0.0,
                1.0
            ]
        ],
        [
            [
                0.11920292358665066,
                0.8807970764133441,
                0.0,
                5.269049922406295e-15,
                0.0
            ],
            [
                7.58256042216214e-10,
                0.9999999992417432,
                0.0,
                5.564246007044635e-16,
                0.0
            ],
            [
                0.0,
                0.0,
                1.0,
                0.0,
                0.0
            ],
            [
                0.0,
                0.0,
                0.0,
                0.0,
                1.0
            ],
            [
                0.0,
                0.0,
                0.0,
                0.0,
                1.0
            ]
        ],
        [
            [
                0.0003353500541884751,
                0.9996646499458011,
                2.8248090265157166e-15,
                7.678627045644757e-15,
                0.0
            ],
            [
                2.1444939769329775e-05,
                0.9999785550602304,
                0.0,
                3.8241594275296763e-16,
                0.0
            ],
            [
                0.0,
                0.0,
                1.0,
                0.0,
                0.0
            ],
            [
                0.0,
                0.0,
                0.0,
                0.0,
                1.0
            ],
            [
                0.0,
                0.0,
                0.0,
                0.0,
                1.0
            ]
        ],
        [
            [
                0.7310585903489846,
                0.26894140965101543,
                0.0,
                0.0,
                0.0
            ],
            [
                2.5109990926927598e-08,
                0.9999999748900086,
                0.0,
                4.910429746858156e-16,
                0.0
            ],
            [
                0.0,
                0.0,
                1.0,
                0.0,
                0.0
            ],
            [
                0.0,
                0.0,
                0.0,
                0.0,
                1.0
            ],
            [
                0.0,
                0.0,
                0.0,
                0.0,
                1.0
            ]
        ],
        [
            [
                0.9999869928752253,
                1.3007124774680332e-05,
                0.0,
                0.0,
                0.0
            ],
            [
                0.0031726830663376233,
                0.9968273169336623,
                0.0,
                0.0,
                0.0
            ],
            [
                0.0,
                0.0,
                1.0,
                0.0,
                0.0
            ],
            [
                0.0,
                0.0,
                0.0,
                1.2415511035985813e-16,
                0.9999999999999998
            ],
            [
                0.0,
                0.0,
                0.0,
                0.0,
                1.0
            ]
        ],
        [
            [
                0.00026119032668777054,
                0.9997388096733122,
                0.0,
                8.530802853047524e-17,
                0.0
            ],
            [
                0.00026119032668776886,
                0.9997388096733121,
                8.53080285304747e-17,
                9.666666056348808e-17,
                0.0
            ],
            [
                0.0,
                0.0,
                1.0,
                0.0,
                0.0
            ],
            [
                0.0,
                0.0,
                0.0,
                0.0,
                1.0
            ],
            [
                0.0,
                0.0,
                0.0,
                0.0,
                1.0
            ]
        ],
        [
            [
                0.01798621154126213,
                0.9820137884587374,
                0.0,
                4.822107971525081e-16,
                0.0
            ],
            [
                4.139937547394316e-08,
                0.9999999586006244,
                0.0,
                4.0307261244780584e-17,
                0.0
            ],
            [
                0.0,
                0.0,
                1.0,
                0.0,
                0.0
            ],
            [
                0.0,
                0.0,
                0.0,
                0.0,
                1.0
            ],
            [
                0.0,
                0.0,
                0.0,
                0.0,
                1.0
            ]
        ],
        [
            [
                0.999876605372333,
                0.00012339462766699702,
                0.0,
                0.0,
                0.0
            ],
            [
                7.889265051273234e-06,
                0.9999921107349486,
                0.0,
                0.0,
                0.0
            ],
            [
                0.0,
                0.0,
                1.0,
                0.0,
                0.0
            ],
            [
                0.0,
                0.0,
                0.0,
                0.0,
                1.0
            ],
            [
                0.0,
                0.0,
                0.0,
                0.0,
                1.0
            ]
        ],
        [
            [
                0.04742587536542118,
                0.9525741246345782,
                0.0,
                5.300354502714156e-16,
                0.0
            ],
            [
                4.139937547393573e-08,
                0.9999999586006215,
                6.305116499117939e-16,
                2.2007018968672757e-15,
                0.0
            ],
            [
                0.0,
                0.0,
                1.0,
                0.0,
                0.0
            ],
            [
                0.0,
                0.0,
                0.0,
                0.0,
                1.0
            ],
            [
                0.0,
                0.0,
                0.0,
                0.0,
                1.0
            ]
        ],
        [
            [
                0.14804720367011137,
                0.8519527963298632,
                5.096486843230692e-15,
                2.0156996482332684e-14,
                0.0
            ],
            [
                3.3982678079468133e-09,
                0.9999999966017317,
                1.4068617076652399e-16,
                2.0469717062080261e-16,
                0.0
            ],
            [
                0.0,
                0.0,
                1.0,
                0.0,
                0.0
            ],
            [
                0.0,
                0.0,
                0.0,
                0.0,
                1.0
            ],
            [
                0.0,
                0.0,
                0.0,
                0.0,
                1.0
            ]
        ],
        [
            [
                0.99999960721363,
                3.9278636995850277e-07,
                0.0,
                0.0,
                0.0
            ],
            [
                2.902312200776085e-06,
                0.9999970976877915,
                0.0,
                7.681175637114874e-15,
                0.0
            ],
            [
                0.0,
                0.0,
                1.0,
                0.0,
                0.0
            ],
            [
                0.0,
                0.0,
                0.0,
                0.0,
                1.0
            ],
            [
                0.0,
                0.0,
                0.0,
                0.0,
                1.0
            ]
        ],
        [
            [
                0.777299856015748,
                0.22270014398425056,
                1.332219228634827e-15,
                0.0,
                0.0
            ],
            [
                0.07585817584274224,
                0.9241418241572578,
                0.0,
                0.0,
                0.0
            ],
            [
                0.0,
                0.0,
                1.0,
                0.0,
                0.0
            ],
            [
                0.0,
                0.0,
                0.0,
                0.0,
                1.0
            ],
            [
                0.0,
                0.0,
                0.0,
                0.0,
                1.0
            ]
        ],
        [
            [
                0.9820137884587354,
                0.017986211541264497,
                0.0,
                0.0,
                0.0
            ],
            [
                2.061153618190193e-09,
                0.9999999979388461,
                0.0,
                1.4068617095463812e-16,
                0.0
            ],
            [
                0.0,
                0.0,
                1.0,
                0.0,
                0.0
            ],
            [
                0.0,
                0.0,
                0.0,
                0.0,
                1.0
            ],
            [
                0.0,
                0.0,
                0.0,
                0.0,
                1.0
            ]
        ],
        [
            [
                0.9947798743112777,
                0.005220125688722252,
                0.0,
                0.0,
                0.0
            ],
            [
                1.3709566550543739e-06,
                0.9999986290433449,
                0.0,
                8.533048768279701e-17,
                0.0
            ],
            [
                0.0,
                0.0,
                1.0,
                0.0,
                0.0
            ],
            [
                0.0,
                0.0,
                0.0,
                1.8064461965456887e-16,
                0.9999999999999998
            ],
            [
                0.0,
                0.0,
                0.0,
                0.0,
                1.0
            ]
        ],
        [
            [
                0.6224593241982157,
                0.37754067580178424,
                0.0,
                0.0,
                0.0
            ],
            [
                0.0007096703410211459,
                0.9992903296589787,
                3.55458050029199e-17,
                1.4058638596452225e-16,
                0.0
            ],
            [
                0.0,
                0.0,
                1.0,
                0.0,
                0.0
            ],
            [
                0.0,
                0.0,
                0.0,
                0.0,
                1.0
            ],
            [
                0.0,
                0.0,
                0.0,
                0.0,
                1.0
            ]
        ],
        [
            [
                0.99999960721363,
                3.9278636995849965e-07,
                0.0,
                0.0,
                0.0
            ],
            [
                6.475946147757786e-07,
                0.9999993524053851,
                4.567411366061665e-17,
                2.628363766955745e-16,
                0.0
            ],
            [
                0.0,
                0.0,
                1.0,
                0.0,
                0.0
            ],
            [
                0.0,
                0.0,
                0.0,
                0.0,
                1.0
            ],
            [
                0.0,
                0.0,
                0.0,
                0.0,
                1.0
            ]
        ],
        [
            [
                3.927863699584926e-07,
                0.9999996072136291,
                2.3195229212465997e-16,
                7.144633583475347e-16,
                0.0
            ],
            [
                0.00012339462766699756,
                0.9998766053723329,
                0.0,
                9.668029858381253e-17,
                0.0
            ],
            [
                0.0,
                0.0,
                1.0,
                0.0,
                0.0
            ],
            [
                0.0,
                0.0,
                0.0,
                0.0,
                1.0
            ],
            [
                0.0,
                0.0,
                0.0,
                0.0,
                1.0
            ]
        ],
        [
            [
                0.9999724643101549,
                2.7535689845209947e-05,
                0.0,
                0.0,
                0.0
            ],
            [
                4.785094849865026e-06,
                0.9999952149051501,
                0.0,
                5.864650113599406e-17,
                0.0
            ],
            [
                0.0,
                0.0,
                1.0,
                0.0,
                0.0
            ],
            [
                0.0,
                0.0,
                0.0,
                0.0,
                1.0
            ],
            [
                0.0,
                0.0,
                0.0,
                0.0,
                1.0
            ]
        ],
        [
            [
                0.0005527785825763678,
                0.9994472214174235,
                0.0,
                9.66386383437175e-17,
                0.0
            ],
            [
                0.008577485659229141,
                0.9914225143407682,
                1.030622401915575e-15,
                1.6992090760982654e-15,
                0.0
            ],
            [
                0.0,
                0.0,
                1.0,
                0.0,
                0.0
            ],
            [
                0.0,
                0.0,
                0.0,
                0.0,
                1.0
            ],
            [
                0.0,
                0.0,
                0.0,
                0.0,
                1.0
            ]
        ],
        [
            [
                0.9046505299595117,
                0.0953494700404883,
                0.0,
                0.0,
                0.0
            ],
            [
                0.001169510343385702,
                0.9988304896566141,
                0.0,
                9.657892913404821e-17,
                0.0
            ],
            [
                0.0,
                0.0,
                1.0,
                0.0,
                0.0
            ],
            [
                0.0,
                0.0,
                0.0,
                0.0,
                1.0
            ],
            [
                0.0,
                0.0,
                0.0,
                0.0,
                1.0
            ]
        ],
        [
            [
                0.999983298584886,
                1.670141511393867e-05,
                0.0,
                0.0,
                0.0
            ],
            [
                9.610239930320375e-05,
                0.9999038976006968,
                0.0,
                0.0,
                0.0
            ],
            [
                0.0,
                0.0,
                1.0,
                0.0,
                0.0
            ],
            [
                0.0,
                0.0,
                0.0,
                0.0,
                1.0
            ],
            [
                0.0,
                0.0,
                0.0,
                0.0,
                1.0
            ]
        ],
        [
            [
                0.999876605372333,
                0.0001233946276669963,
                0.0,
                0.0,
                0.0
            ],
            [
                3.535625752803246e-05,
                0.9999646437424717,
                4.567255007549388e-17,
                2.0469016848780886e-16,
                0.0
            ],
            [
                0.0,
                0.0,
                0.999088948598304,
                0.0009110514016799165,
                1.6246291691258786e-14
            ],
            [
                0.0,
                0.0,
                0.0,
                2.6024324904427547e-17,
                1.0
            ],
            [
                0.0,
                0.0,
                0.0,
                0.0,
                1.0
            ]
        ],
        [
            [
                0.9997965729390125,
                0.00020342706098757312,
                0.0,
                0.0,
                0.0
            ],
            [
                9.237449576639944e-09,
                0.9999999907625504,
                0.0,
                9.669209627738424e-17,
                0.0
            ],
            [
                0.0,
                0.0,
                1.0,
                0.0,
                0.0
            ],
            [
                0.0,
                0.0,
                0.0,
                0.0,
                1.0
            ],
            [
                0.0,
                0.0,
                0.0,
                0.0,
                1.0
            ]
        ],
        [
            [
                0.9999999996418252,
                3.5817479290002864e-10,
                0.0,
                0.0,
                0.0
            ],
            [
                8.315279903786651e-07,
                0.9999991684720092,
                0.0,
                4.910430249766011e-16,
                0.0
            ],
            [
                0.0,
                0.0,
                1.0,
                0.0,
                0.0
            ],
            [
                0.0,
                0.0,
                0.0,
                0.0,
                1.0
            ],
            [
                0.0,
                0.0,
                0.0,
                0.0,
                1.0
            ]
        ],
        [
            [
                0.9999999956365377,
                4.363462233903883e-09,
                0.0,
                0.0,
                0.0
            ],
            [
                1.760343134330031e-06,
                0.9999982396568644,
                0.0,
                1.3347933649056025e-15,
                0.0
            ],
            [
                0.0,
                0.0,
                1.0,
                0.0,
                0.0
            ],
            [
                0.0,
                0.0,
                0.0,
                0.0,
                1.0
            ],
            [
                0.0,
                0.0,
                0.0,
                0.0,
                1.0
            ]
        ],
        [
            [
                0.006692851410317636,
                0.9933071485896782,
                1.7024400569002286e-15,
                2.477035666691955e-15,
                0.0
            ],
            [
                0.22270014398423962,
                0.7772998560157577,
                1.3322192286349903e-15,
                1.3322192286349903e-15,
                0.0
            ],
            [
                0.0,
                0.0,
                1.0,
                0.0,
                0.0
            ],
            [
                0.0,
                0.0,
                0.0,
                3.824246628097117e-16,
                0.9999999999999996
            ],
            [
                0.0,
                0.0,
                0.0,
                0.0,
                1.0
            ]
        ],
        [
            [
                0.9999999999705993,
                2.94007773919803e-11,
                0.0,
                0.0,
                0.0
            ],
            [
                1.1861120010657621e-08,
                0.99999998813888,
                1.9039802607031075e-17,
                3.55710342508933e-17,
                0.0
            ],
            [
                0.0,
                0.0,
                1.0,
                0.0,
                0.0
            ],
            [
                0.0,
                0.0,
                0.0,
                0.0,
                1.0
            ],
            [
                0.0,
                0.0,
                0.0,
                0.0,
                1.0
            ]
        ],
        [
            [
                0.9820137884587373,
                0.017986211541262648,
                0.0,
                0.0,
                0.0
            ],
            [
                4.785094849865085e-06,
                0.9999952149051501,
                0.0,
                1.5941771834067738e-16,
                0.0
            ],
            [
                0.0,
                0.0,
                1.0,
                0.0,
                0.0
            ],
            [
                0.0,
                0.0,
                0.0,
                0.0,
                1.0
            ],
            [
                0.0,
                0.0,
                0.0,
                0.0,
                1.0
            ]
        ],
        [
            [
                0.9999977396747258,
                2.2603252742033144e-06,
                0.0,
                0.0,
                0.0
            ],
            [
                1.3007124774680242e-05,
                0.9999869928752253,
                0.0,
                0.0,
                0.0
            ],
            [
                0.0,
                0.0,
                0.999999999999998,
                1.9421126878999066e-15,
                0.0
            ],
            [
                0.0,
                0.0,
                0.0,
                0.0,
                1.0
            ],
            [
                0.0,
                0.0,
                0.0,
                0.0,
                1.0
            ]
        ],
        [
            [
                0.8175744850834641,
                0.18242551491653589,
                0.0,
                0.0,
                0.0
            ],
            [
                0.029312227889474754,
                0.9706877721105243,
                0.0,
                1.0090664944972354e-15,
                0.0
            ],
            [
                0.0,
                0.0,
                0.9999999999999978,
                2.2007019879752513e-15,
                0.0
            ],
            [
                0.0,
                0.0,
                0.0,
                0.0,
                1.0
            ],
            [
                0.0,
                0.0,
                0.0,
                0.0,
                1.0
            ]
        ],
        [
            [
                0.9999970976877992,
                2.9023122007764513e-06,
                0.0,
                0.0,
                0.0
            ],
            [
                1.7603431343301403e-06,
                0.9999982396568657,
                0.0,
                4.0307267029623666e-17,
                0.0
            ],
            [
                0.0,
                0.0,
                1.0,
                0.0,
                0.0
            ],
            [
                0.0,
                0.0,
                0.0,
                0.0,
                1.0
            ],
            [
                0.0,
                0.0,
                0.0,
                0.0,
                1.0
            ]
        ],
        [
            [
                0.9994472214174237,
                0.0005527785825762948,
                0.0,
                0.0,
                0.0
            ],
            [
                4.1399375473942154e-08,
                0.9999999586006244,
                0.0,
                0.0,
                0.0
            ],
            [
                0.0,
                0.0,
                1.0,
                0.0,
                0.0
            ],
            [
                0.0,
                0.0,
                0.0,
                0.0,
                1.0
            ],
            [
                0.0,
                0.0,
                0.0,
                0.0,
                1.0
            ]
        ],
        [
            [
                0.003172683066337332,
                0.9968273169336624,
                0.0,
                2.0404774650985701e-16,
                0.0
            ],
            [
                3.05902359081487e-07,
                0.9999996940976407,
                3.557103915893863e-17,
                3.8242471104018755e-16,
                0.0
            ],
            [
                0.0,
                0.0,
                1.0,
                0.0,
                0.0
            ],
            [
                0.0,
                0.0,
                0.0,
                0.0,
                1.0
            ],
            [
                0.0,
                0.0,
                0.0,
                0.0,
                1.0
            ]
        ],
        [
            [
                0.999983298584886,
                1.6701415113938766e-05,
                0.0,
                0.0,
                0.0
            ],
            [
                3.2241866333028806e-08,
                0.9999999677581332,
                0.0,
                4.3334390110560556e-16,
                0.0
            ],
            [
                0.0,
                0.0,
                1.0,
                0.0,
                0.0
            ],
            [
                0.0,
                0.0,
                0.0,
                0.0,
                1.0
            ],
            [
                0.0,
                0.0,
                0.0,
                0.0,
                1.0
            ]
        ],
        [
            [
                0.9999999586006244,
                4.139937547394326e-08,
                0.0,
                0.0,
                0.0
            ],
            [
                0.0009110514016660297,
                0.9990889485983339,
                0.0,
                0.0,
                0.0
            ],
            [
                0.0,
                0.0,
                1.0,
                0.0,
                0.0
            ],
            [
                0.0,
                0.0,
                0.0,
                0.0,
                1.0
            ],
            [
                0.0,
                0.0,
                0.0,
                0.0,
                1.0
            ]
        ],
        [
            [
                0.9997965729390124,
                0.00020342706098763714,
                0.0,
                0.0,
                0.0
            ],
            [
                4.785094849865093e-06,
                0.9999952149051502,
                0.0,
                0.0,
                0.0
            ],
            [
                0.0,
                0.0,
                1.0,
                0.0,
                0.0
            ],
            [
                0.0,
                0.0,
                0.0,
                0.0,
                1.0
            ],
            [
                0.0,
                0.0,
                0.0,
                0.0,
                1.0
            ]
        ],
        [
            [
                0.9914225143407702,
                0.008577485659229797,
                0.0,
                0.0,
                0.0
            ],
            [
                1.9555680705425162e-08,
                0.9999999804443193,
                0.0,
                0.0,
                0.0
            ],
            [
                0.0,
                0.0,
                1.0,
                0.0,
                0.0
            ],
            [
                0.0,
                0.0,
                0.0,
                0.0,
                1.0
            ],
            [
                0.0,
                0.0,
                0.0,
                0.0,
                1.0
            ]
        ],
        [
            [
                0.880797076413348,
                0.11920292358665201,
                0.0,
                0.0,
                0.0
            ],
            [
                0.0015011820260516168,
                0.9984988179739418,
                1.9391960001147276e-15,
                4.6518893748350374e-15,
                0.0
            ],
            [
                0.0,
                0.0,
                1.0,
                0.0,
                0.0
            ],
            [
                0.0,
                0.0,
                0.0,
                0.0,
                1.0
            ],
            [
                0.0,
                0.0,
                0.0,
                0.0,
                1.0
            ]
        ],
        [
            [
                0.9999724643101549,
                2.753568984520991e-05,
                0.0,
                0.0,
                0.0
            ],
            [
                0.014063627262777776,
                0.985936372737222,
                0.0,
                2.0181829355807518e-16,
                0.0
            ],
            [
                0.0,
                0.0,
                1.0,
                0.0,
                0.0
            ],
            [
                0.0,
                0.0,
                0.0,
                0.0,
                1.0
            ],
            [
                0.0,
                0.0,
                0.0,
                0.0,
                1.0
            ]
        ],
        [
            [
                0.008577485659228714,
                0.991422514340771,
                0.0,
                2.2996294159198773e-16,
                0.0
            ],
            [
                2.646573631904754e-09,
                0.9999999973534264,
                0.0,
                8.993766005226119e-18,
                0.0
            ],
            [
                0.0,
                0.0,
                1.0,
                0.0,
                0.0
            ],
            [
                0.0,
                0.0,
                0.0,
                0.0,
                1.0
            ],
            [
                0.0,
                0.0,
                0.0,
                0.0,
                1.0
            ]
        ],
        [
            [
                0.99999960721363,
