{
    "[['A', 'B', 'C', 'D', 'E'], ['A', 'B', 'C', 'D', 'E']]": [
        [
            [
                0.9635148969123396,
                0.036485102857851094,
                1.0117483905753775e-10,
                4.574305195422167e-12,
                1.2406007586304497e-10
            ],
            [
                0.9701459857847001,
                0.029854006673547925,
                7.1325908398133646e-09,
                2.482264858910216e-10,
                1.6093457921511082e-10
            ],
            [
                3.942602886598248e-09,
                6.063494307621557e-08,
                0.9999998069082159,
                3.897301945539499e-08,
                8.954121860681806e-08
            ],
            [
                3.4908704105615336e-09,
                1.4580613515986157e-09,
                7.259259192948427e-09,
                0.6367628894384022,
                0.3632370983534069
            ],
            [
                2.236693619751187e-10,
                5.228161842186709e-11,
                1.3315772553032526e-09,
                0.20221001306252345,
                0.7977899853299483
            ]
        ],
        [
            [
                0.9999979224989296,
                2.0774167613800416e-06,
                3.084271301723175e-11,
                2.764387083620329e-11,
                2.5822446284687486e-11
            ],
            [
                0.8006310081120055,
                0.19936899173785894,
                6.452127569849865e-11,
                8.221742986085398e-11,
                3.3968128247027824e-12
            ],
            [
                1.055620508893747e-11,
                1.315088199192046e-11,
                0.9999999999504965,
                8.809778832470907e-12,
                1.6986557839161643e-11
            ],
            [
                1.181282391598525e-09,
                4.376883260528888e-09,
                8.054696946461347e-10,
                0.4446828713066806,
                0.555317122329684
            ],
            [
                6.600962699079551e-10,
                3.259917797417547e-10,
                1.6531301231675407e-09,
                0.37577501843658373,
                0.6242249789241981
            ]
        ],
        [
            [
                0.999999982230481,
                1.7740963954993402e-08,
                8.168540633010252e-12,
                9.734540350434503e-12,
                1.0651868532448122e-11
            ],
            [
                0.9631681828184334,
                0.036831806548301746,
                8.028881311020416e-10,
                1.6515554286382543e-09,
                8.178821376279123e-09
            ],
            [
                4.9536670373203214e-12,
                8.383189474120897e-12,
                0.9999999999804037,
                5.328265087050901e-12,
                9.311957443047283e-13
            ],
            [
                3.528540762713686e-10,
                4.1042880766243286e-11,
                4.778076287034203e-10,
                0.0005056084406036034,
                0.9994943906876919
            ],
            [
                9.976264391648998e-10,
                6.593279381954347e-09,
                1.3961523768333376e-09,
                0.12573062667275275,
                0.8742693643401891
            ]
        ],
        [
            [
                0.8045952490326478,
                0.19540474953642925,
                1.9573198135289394e-11,
                1.2767099932905139e-10,
                1.2836787308591232e-09
            ],
            [
                0.9634605836231259,
                0.03653941576740473,
                5.360057671415512e-10,
                2.1338771079248674e-11,
                5.212484140574241e-11
            ],
            [
                4.131740593226303e-12,
                2.7894542024463915e-12,
                0.9999999999892257,
                1.984057073025954e-12,
                1.8691747386338462e-12
            ],
            [
                4.732865471689624e-10,
                1.138205636274747e-09,
                3.673247056628767e-09,
                0.6577275973512896,
                0.34227239736397125
            ],
            [
                5.914186061774112e-11,
                9.162413287236819e-10,
                1.5632304229129307e-10,
                0.13688432993235639,
                0.8631156689359374
            ]
        ],
        [
            [
                0.999961558855819,
                3.8441055319574225e-05,
                6.7151629794075866e-12,
                7.782632788426637e-11,
                4.319865536213627e-12
            ],
            [
                0.5418930828481956,
                0.4581068992206362,
                1.282141183942941e-09,
                1.544979566863178e-08,
                1.1992313876665173e-09
            ],
            [
                5.495004094076508e-11,
                5.883435854082201e-10,
                0.9999999988541848,
                1.333550477665711e-10,
                3.691664449955214e-10
            ],
            [
                1.5775229056970557e-10,
                3.4924345983054624e-10,
                1.2490338565847383e-10,
                5.2284295564119865e-06,
                0.9999947709385444
            ],
            [
                5.933253881747568e-10,
                6.066831013226157e-09,
                8.610794317948199e-10,
                0.35774755222472177,
                0.6422524402540424
            ]
        ],
        [
            [
                0.9998576847594549,
                0.00014231510473544962,
                5.7422257785863075e-11,
                1.0526368232675431e-11,
                6.786110277237761e-11
            ],
            [
                0.8000798325173872,
                0.1999201672767192,
                5.2897814895471246e-11,
                2.333048686392483e-11,
                1.2966530288821105e-10
            ],
            [
                5.456058510316379e-12,
                1.2614526494649652e-11,
                0.9999999999662728,
                1.101251704371647e-11,
                4.644173510669821e-12
            ],
            [
                2.4485185360684735e-10,
                1.5981774535112492e-10,
                1.1777701148100214e-09,
                0.5774006257612725,
                0.4225993726562878
            ],
            [
                4.461419499522854e-09,
                3.186155855785775e-09,
                3.5871074004262483e-09,
                0.04481359529443097,
                0.9551863934708863
            ]
        ],
        [
            [
                0.9999991521371168,
                8.477796331379803e-07,
                4.2325926445567265e-11,
                2.8529750452697772e-11,
                1.2394391874072643e-11
            ],
            [
                0.7517281682183717,
                0.2482718283969626,
                3.4625501051045073e-10,
                9.543997640419909e-10,
                2.0840108184854534e-09
            ],
            [
                8.128522572164901e-12,
                1.5999007046833724e-10,
                0.9999999997941895,
                2.915930771497388e-11,
                8.532519949355532e-12
            ],
            [
                1.7056852765570273e-10,
                1.4251846841043792e-09,
                1.749799815171181e-08,
                0.060682558279886376,
                0.9393174226263623
            ],
            [
                4.1541978815566516e-10,
                6.78859226219332e-10,
                3.276645916970281e-10,
                0.34908875575424003,
                0.6509112428238164
            ]
        ],
        [
            [
                0.9999999864355502,
                1.2951425164863154e-08,
                5.849393875206569e-11,
                5.378593701685262e-10,
                1.667149128500014e-11
            ],
            [
                0.9987519416063779,
                0.0012480575125933062,
                3.616508566880045e-10,
                1.9241973522526868e-10,
                3.26958166325679e-10
            ],
            [
                1.8800521414548207e-12,
                6.384184365595683e-12,
                0.9999999999854565,
                5.825459957744027e-12,
                4.536589577051128e-13
            ],
            [
                6.615517459262548e-09,
                3.6714450890179675e-09,
                7.200596520989721e-08,
                0.6115216684869267,
                0.38847824922014557
            ],
            [
                1.9999122741227537e-09,
                7.011173825529536e-10,
                3.147480928509636e-09,
                0.31624327880490266,
                0.6837567153465868
            ]
        ],
        [
            [
                0.9989557485638512,
                0.0010442511309571693,
                1.010157791111909e-11,
                2.535776204753685e-10,
                4.151265607688314e-11
            ],
            [
                0.9701889924742398,
                0.029810999582632922,
                1.4519463012611613e-09,
                8.883426063415233e-10,
                5.602838350867654e-09
            ],
            [
                2.5444406211032714e-09,
                9.862985676543805e-08,
                0.9802269212278059,
                0.01973227608050144,
                4.070151739525074e-05
            ],
            [
                7.541997070526472e-10,
                1.6382467946958702e-09,
                2.8288531927579436e-10,
                0.19904846744183222,
                0.800951529882836
            ],
            [
                4.272400637854228e-10,
                9.978186589455524e-11,
                3.6230363659098744e-09,
                0.12464434018137882,
                0.8753556556685629
            ]
        ],
        [
            [
                0.9999998298518318,
                1.7009947415602158e-07,
                1.3706290562344514e-12,
                3.9622080040520754e-11,
                7.701309893511993e-12
            ],
            [
                0.9735556730601999,
                0.026444326640581474,
                6.220375878525231e-11,
                1.9926536426229195e-10,
                3.7749463053687103e-11
            ],
            [
                1.0600973100299236e-11,
                1.6865005734507316e-12,
                0.9999999999806888,
                5.155409550074521e-12,
                1.868380102134017e-12
            ],
            [
                1.4334217354649228e-09,
                2.1838633186907942e-10,
                1.5739655345937695e-09,
                0.4366541606699375,
                0.5633458361042888
            ],
            [
                6.837714987173042e-10,
                4.40214852365122e-09,
                1.3414895632621553e-09,
                0.2045531708476386,
                0.7954468227249518
            ]
        ],
        [
            [
                0.999850716214455,
                0.00014928298377383682,
                3.5346274720044965e-10,
                3.754776843542309e-10,
                7.283075738006588e-11
            ],
            [
                0.987622464978802,
                0.012377534213755415,
                6.883736123347839e-10,
                2.6855620454944273e-11,
                9.22133604318437e-11
            ],
            [
                6.400547326477439e-10,
                2.154989881530513e-07,
                0.9999997611054414,
                1.9656691792073995e-08,
                3.098823794591606e-09
            ],
            [
                1.8495376162029264e-09,
                4.954200873846028e-10,
                1.6323209381365776e-10,
                0.38242044508883294,
                0.6175795524029773
            ],
            [
                2.732208216732047e-09,
                4.793302758291267e-10,
                2.80023215943229e-10,
                0.21875761164262422,
                0.7812423848658141
            ]
        ],
        [
            [
                0.9999990425654601,
                9.5716774157675e-07,
                9.2356123067954e-11,
                1.7299634794069134e-10,
                1.4457735530482658e-12
            ],
            [
                0.954170366005711,
                0.045829630077930616,
                1.4300028360420624e-09,
                7.110228942138448e-10,
                1.7753326502387635e-09
            ],
            [
                9.36978009907706e-10,
                2.0806748943372818e-07,
                0.9981952142719205,
                0.0018036267923716826,
                9.499312404374119e-07
            ],
            [
                1.841345162719251e-09,
                5.303162080123344e-10,
                4.628091813169838e-10,
                0.4090450212663461,
                0.5909549758991833
            ],
            [
                4.383093035294208e-09,
                1.564618430832052e-09,
                1.1840608346378933e-08,
                0.10760522605645334,
                0.8923947561552269
            ]
        ],
        [
            [
                0.8035778459678973,
                0.19642215228069645,
                9.131076375008386e-10,
                4.1246320488731156e-11,
                7.970523104611806e-10
            ],
            [
                0.8977876337898957,
                0.10221236510710961,
                1.0044929953376012e-10,
                7.17785967508926e-10,
                2.8475942803e-10
            ],
            [
                5.1943079785923947e-08,
                1.017654759721937e-05,
                0.9999895058116101,
                2.3265652478905948e-07,
                3.304118815364155e-08
            ],
            [
                6.45340286935294e-09,
                5.099361507234292e-10,
                5.500775455441659e-11,
                5.229606835854634e-05,
                0.9999476969132948
            ],
            [
                3.9120403174779525e-11,
                1.8282629048459678e-11,
                6.611386931642861e-11,
                0.00013523901717394247,
                0.9998647608593091
            ]
        ],
        [
            [
                0.9989558961568611,
                0.0010441037496745653,
                6.273002728145076e-11,
                9.88687786446899e-12,
                2.0847402813030942e-11
            ],
            [
                0.8765623088575675,
                0.12343769019847066,
                2.35693413542614e-10,
                4.845662784749342e-10,
                2.2370213107487555e-10
            ],
            [
                1.9677597169975154e-09,
                4.338888104039391e-07,
                0.9999828978455008,
                1.6652502188656334e-05,
                1.3795740436511769e-08
            ],
            [
                2.7854029179257392e-09,
                9.819524173599542e-09,
                1.1502802791591766e-09,
                0.38073274633683646,
                0.6192672399079562
            ],
            [
                2.6526568095496367e-10,
                4.462819002805544e-09,
                4.5548848586355063e-10,
                0.37530070528732945,
                0.6246992895290974
            ]
        ],
        [
            [
                0.9999995006202465,
                4.993464170846976e-07,
                2.6149393132807867e-11,
                7.091995586544868e-12,
                9.504386404380265e-14
            ],
            [
                0.6011482092001873,
                0.3988517901273424,
                4.5663348668303536e-10,
                1.481570890948644e-10,
                6.767971863816302e-11
            ],
            [
                1.1081716518911824e-10,
                1.5181822414899765e-10,
                0.9999999984413082,
                9.694487014530926e-11,
                1.1991114376187489e-09
            ],
            [
                1.6252717814308504e-09,
                2.8163783242949175e-09,
                1.427375929758326e-09,
                0.3269714505113741,
                0.6730285436195999
            ],
            [
                1.3822964809530855e-09,
                4.141741928263728e-09,
                3.4243958135020397e-10,
                0.18488137514139924,
                0.8151186189921228
            ]
        ],
        [
            [
                0.9999979451636035,
                2.054424041769653e-06,
                3.029370003803655e-11,
                2.8766845474370966e-10,
                9.439265845548209e-11
            ],
            [
                0.9999984922039044,
                1.5075722715131636e-06,
                1.3249843318816168e-11,
                1.4385912295081643e-10,
                6.671503139115519e-11
            ],
            [
                1.4647619838507645e-12,
                2.477835465601287e-12,
                0.9999999999860574,
                6.102148694632859e-12,
                3.897704913636166e-12
            ],
            [
                6.919741827100475e-10,
                1.1608977491599472e-10,
                1.4909033311202642e-09,
                0.06872969482342567,
                0.931270302877607
            ],
            [
                3.4591047623736277e-10,
                1.8200143728505728e-11,
                8.920288183281273e-10,
                0.023700639382373292,
                0.9762993593614874
            ]
        ],
        [
            [
                0.8118741571325002,
                0.18812584189586115,
                1.90460263716955e-10,
                7.615668449927825e-10,
                1.9611506788951285e-11
            ],
            [
                0.695694500961848,
                0.30430549564567844,
                1.3414340763879063e-09,
                1.5272598961184772e-09,
                5.237794129945888e-10
            ],
            [
                2.0075847836435597e-12,
                1.2154976756081385e-11,
                0.999999999892605,
                9.108759018241018e-11,
                2.1447806735627168e-12
            ],
            [
                7.982136723233829e-10,
                2.5270823207457653e-09,
                8.135664634401507e-09,
                0.7570135436025287,
                0.24298644493651061
            ],
            [
                3.865719748848807e-10,
                9.787192331617759e-10,
                1.136585069389564e-10,
                0.08155286542540548,
                0.9184471330956449
            ]
        ],
        [
            [
                0.9999383300420043,
                6.166983973873082e-05,
                4.876441312889119e-11,
                1.2889723003804611e-11,
                5.66028658551228e-11
            ],
            [
                0.7813736178779292,
                0.2186263795330205,
                8.034315185101505e-11,
                1.1785691188412515e-09,
                1.3301379048307863e-09
            ],
            [
                2.0195364235710463e-09,
                3.828457676263996e-07,
                0.999974735761194,
                2.4815656264421213e-05,
                6.371723749912514e-08
            ],
            [
                1.6231298936849358e-10,
                6.526429973596881e-10,
                3.051681608276056e-10,
                0.385898981672514,
                0.6141010172073618
            ],
            [
                1.816068800243355e-09,
                3.69998371062513e-10,
                1.163205571613066e-09,
                0.20003714324220565,
                0.7999628534085217
            ]
        ],
        [
            [
                0.9999867631466303,
                1.3236674475751668e-05,
                6.027184253428474e-12,
                8.519691599889243e-11,
                8.76697158337352e-11
            ],
            [
                0.9998175194952151,
                0.0001824798706855937,
                3.804697829648288e-10,
                1.9880333064847625e-10,
                5.4826114143221404e-11
            ],
            [
                2.0214291452637108e-11,
                8.157410523993675e-11,
                0.9999999997994979,
                7.604430055200037e-11,
                2.2669416573644963e-11
            ],
            [
                3.285686137516219e-10,
                1.3337684781938975e-09,
                4.439108503186241e-09,
                0.1258528877359204,
                0.8741471061626339
            ],
            [
                8.358195185338411e-11,
                1.9380797853145456e-11,
                7.443050982637864e-10,
                0.0010475566371402434,
                0.9989524425155919
            ]
        ],
        [
            [
                0.9999944138381982,
                5.586042037852664e-06,
                8.721960661566986e-11,
                5.729807768426637e-12,
                2.681460477428916e-11
            ],
            [
                0.7359770415647549,
                0.26402295515241014,
                1.3315908880249688e-09,
                1.118355488312806e-09,
                8.328887097756899e-10
            ],
            [
                8.85336401763375e-12,
                1.8449471465218413e-11,
                0.9999999998919298,
                4.033897021895717e-11,
                4.0428264516768695e-11
            ],
            [
                2.753160563292828e-07,
                1.5157128593142495e-10,
                2.2499066038936768e-10,
                0.19867535488682803,
                0.8013243694205537
            ],
            [
                9.631768887385524e-10,
                8.595970120313508e-11,
                2.3519336535935436e-09,
                0.02435835410313594,
                0.9756416424957939
            ]
        ],
        [
            [
                0.9999673556622507,
                3.264427950651539e-05,
                5.1191143227223684e-11,
                1.7023135832263715e-12,
                5.349288709119213e-12
            ],
            [
                0.7993634323155805,
                0.2006365667186267,
                5.579477932336136e-10,
                1.3731282474559162e-10,
                2.70532169570892e-10
            ],
            [
                2.5332794946402513e-12,
                4.141239749477793e-12,
                0.9999999999913203,
                7.000491205645412e-13,
                1.3050827838015565e-12
            ],
            [
                1.7496269838468203e-10,
                2.0652177842499275e-09,
                6.337638985419207e-09,
                0.5964998891428054,
                0.4035001022793752
            ],
            [
                3.1432671391501606e-09,
                7.75796081060854e-10,
                6.189885745257461e-11,
                0.27191640195105615,
                0.7280835940679818
            ]
        ],
        [
            [
                0.9999997491591192,
                2.5076901182020336e-07,
                1.6715081699063538e-12,
                9.344967655697804e-12,
                6.085244354666006e-11
            ],
            [
                0.9998877238481043,
                0.0001122758437558459,
                8.171134454060761e-11,
                1.916990425269715e-10,
                3.472943112291996e-11
            ],
            [
                1.9534603193536605e-11,
                8.019376304646077e-11,
                0.9999999998536995,
                1.8942550042647193e-11,
                2.7629349925136017e-11
            ],
            [
                1.1291814495270122e-10,
                1.2749146187289634e-11,
                4.775631112639544e-10,
                0.1476922222512296,
                0.85230777714554
            ],
            [
                2.015247445703617e-10,
                5.520045334001048e-09,
                1.2827257870858245e-09,
                0.20004070920782474,
                0.7999592837878794
            ]
        ],
        [
            [
                0.8534870862248728,
                0.1465129092439648,
                1.2195938758199807e-10,
                3.5116414280559316e-09,
                8.975616825825196e-10
            ],
            [
                0.8000449604147863,
                0.19995503807093976,
                3.2561489762668144e-10,
                4.299221367681849e-10,
                7.587370160685244e-10
            ],
            [
                3.874036579356752e-11,
                7.52614805482706e-10,
                0.9999999969609914,
                1.8211210585109922e-09,
                4.265322628515284e-10
            ],
            [
                3.451058963866163e-09,
                1.4799120887653276e-09,
                1.5967181039464159e-09,
                0.19105082719538177,
                0.8089491662769291
            ],
            [
                2.981756065693852e-10,
                4.515781489689759e-11,
                1.39474398856704e-09,
                0.24175652786716167,
                0.7582434703947609
            ]
        ],
        [
            [
                0.9997659928473244,
                0.00023400293696132323,
                1.796231590395192e-10,
                4.015782117201645e-09,
                2.03089714299983e-11
            ],
            [
                0.8054715792849253,
                0.19452841967509,
                3.4575576314574025e-10,
                1.9522240153213054e-10,
                4.990065626090972e-10
            ],
            [
                6.440310913283146e-12,
                1.8209260337300615e-11,
                0.9999999998836357,
                8.604994759081597e-11,
                5.664493609406257e-12
            ],
            [
                6.745894997812814e-10,
                1.4286221000101899e-09,
                2.1769623452256647e-09,
                0.21816476740271395,
                0.7818352283171122
            ],
            [
                1.6726983468251735e-10,
                1.0784610268255232e-09,
                2.0815478186193656e-09,
                0.2872701542566643,
                0.712729842416057
            ]
        ],
        [
            [
                0.9999871089506835,
                1.2889484161946356e-05,
                9.165311477683745e-11,
                2.2306633776531072e-10,
                1.2504350030370322e-09
            ],
            [
                0.9532498445088875,
                0.04675015190602443,
                1.490492539466881e-09,
                1.8235112940570029e-09,
                2.71084213736033e-10
            ],
            [
                3.796685500963449e-12,
                9.522915408248176e-12,
                0.9999999999629015,
                1.6329970818265152e-11,
                7.448845182703387e-12
            ],
            [
                1.542833923021602e-09,
                4.328239857563279e-10,
                2.140436237519127e-10,
                0.2386205150440429,
                0.7613794827662556
            ],
            [
                4.031629507165971e-10,
                7.538342552890884e-10,
                3.9082038388920345e-09,
                0.8363462609860439,
                0.16365373394875496
            ]
        ],
        [
            [
                0.9999996474537637,
                3.524693323701211e-07,
                1.4487500777184982e-11,
                1.0923634056624552e-11,
                5.149285270783937e-11
            ],
            [
                0.5883368493207667,
                0.41166314943026056,
                7.228648673144574e-10,
                4.200062074134897e-10,
                1.0610167738975964e-10
            ],
            [
                6.92761736080534e-12,
                9.620995115880587e-12,
                0.999999999955677,
                2.932015835507836e-12,
                2.484234780045708e-11
            ],
            [
                4.4887112722397053e-10,
                5.385008271411392e-09,
                6.75307316930276e-10,
                0.03880035095174619,
                0.9611996425390671
            ],
            [
                8.854585097936844e-11,
                4.684158989255254e-10,
                9.294278595278553e-10,
                0.00206396692943272,
                0.9979360315841777
            ]
        ],
        [
            [
                0.9997857501556578,
                0.00021424969739338855,
                5.963171382375692e-11,
                5.97585377573499e-11,
                2.755854529965924e-11
            ],
            [
                0.9999906418360152,
                9.358070749238867e-06,
                9.466052639374374e-13,
                8.287623244152465e-11,
                9.412757924960553e-12
            ],
            [
                2.0807584352384487e-11,
                1.2998116608044558e-10,
                0.9999999997676015,
                5.399122075062816e-11,
                2.7618649977656214e-11
            ],
            [
                9.963744640914179e-10,
                2.6171186627098726e-10,
                1.1016885310269877e-10,
                0.38325134111692793,
                0.6167486575148169
            ],
            [
                3.6895694276167524e-10,
                1.878683044993602e-10,
                4.874198065032726e-09,
                0.09220741920386526,
                0.9077925753651114
            ]
        ],
        [
            [
                0.9971839324131059,
                0.002816066886410696,
                3.666373855601085e-10,
                1.350864493783721e-10,
                1.9875941274884712e-10
            ],
            [
                0.9999072645823786,
                9.273504834376976e-05,
                1.9425584123166285e-10,
                5.456822593460951e-11,
                1.204535778612346e-10
            ],
            [
                2.5600264653160544e-10,
                1.7229411719487588e-09,
                0.999999989394187,
                8.255362443588046e-09,
                3.7150652750170377e-10
            ],
            [
                1.3578850691747829e-08,
                1.4694739135364258e-09,
                1.1571422693713949e-08,
                0.7551364961495605,
                0.24486347723069216
            ],
            [
                2.1830056553243633e-10,
                1.6715995895660288e-10,
                4.3207293099975935e-10,
                0.012003690324590439,
                0.9879963088578761
            ]
        ],
        [
            [
                0.9999990392772246,
                9.5912895470856e-07,
                8.084799881867848e-11,
                5.397273027671061e-11,
                1.4590000556658667e-09
            ],
            [
                0.9462114418178021,
                0.05378855759156439,
                2.1434379944704605e-10,
                8.932958709857282e-11,
                2.869600841870247e-10
            ],
            [
                1.0882122698880372e-08,
                5.80381854990561e-07,
                0.43953510207607954,
                0.5602569568104951,
                0.0002073498494477253
            ],
            [
                6.330286597783352e-10,
                1.3397839636626236e-09,
                1.1298143581997152e-10,
                0.20166770910138954,
                0.7983322888128164
            ],
            [
                1.9712757084975145e-10,
                2.764023149433567e-09,
                1.6061216667517267e-09,
                0.20618656658936013,
                0.7938134288433675
            ]
        ],
        [
            [
                0.9999999968352209,
                3.139547272716835e-09,
                6.887215057884341e-12,
                1.4473998834800129e-11,
                3.8707732885468895e-12
            ],
            [
                0.9991836209259247,
                0.0008163785084857245,
                2.3260171887305406e-10,
                2.141891693682748e-11,
                3.1156884161767746e-10
            ],
            [
                1.1487927127498747e-12,
                1.2965564658660798e-11,
                0.9999999999546418,
                2.521402713914062e-11,
                6.029907042239528e-12
            ],
            [
                5.905256928260189e-09,
                9.60870130540621e-09,
                1.8472401257993294e-09,
                0.18959143986207297,
                0.8104085427767287
            ],
            [
                8.852894877334044e-11,
                4.709777578273093e-11,
                9.331342636307888e-10,
                0.23756412008342498,
                0.762435878847814
            ]
        ],
        [
            [
                0.9999753058162324,
                2.469414273946745e-05,
                1.0045181386593119e-11,
                2.561882908107059e-11,
                5.364032735455698e-12
            ],
            [
                0.674072943230746,
                0.325927040558213,
                1.393109394174874e-08,
                1.7132710403972794e-09,
                5.666760284511553e-10
            ],
            [
                4.658102265865284e-10,
                8.584695205769395e-09,
                0.9999999893792652,
                1.4870935367861038e-09,
                8.313604898740571e-11
            ],
            [
                2.958568193183304e-10,
                1.1825365197736273e-09,
                6.513568000324446e-09,
                0.3805263857460153,
                0.6194736062620233
            ],
            [
                1.9986720096209384e-09,
                1.0584746815830003e-09,
                5.5283670248665475e-09,
                0.05378011694000862,
                0.9462198744744776
            ]
        ],
        [
            [
                0.9461537913082979,
                0.0538462066003789,
                2.4926222919005104e-10,
                3.0960302585951335e-11,
                1.8111006058975445e-09
            ],
            [
                0.799999998191553,
                0.20000000114654234,
                9.829976002320188e-11,
                3.3570127397100333e-10,
                2.2790365907570435e-10
            ],
            [
                3.480095430296609e-10,
                1.861451646904202e-07,
                0.9999997318232761,
                7.91188322612177e-08,
                2.5647174162303683e-09
            ],
            [
                3.1531166677283083e-09,
                1.0601848643471715e-09,
                5.467308825973418e-10,
                0.21154912960000016,
                0.7884508656399674
            ],
            [
                1.069289834241299e-09,
                1.8005386302878573e-10,
                2.9850915806913787e-09,
                0.2745736809680075,
                0.7254263147975574
            ]
        ],
        [
            [
                0.9999996228745979,
                3.765628526994767e-07,
                2.0434916408836184e-11,
                2.201382203829078e-12,
                5.399132050561616e-10
            ],
            [
                0.9852594904923646,
                0.014740497193713585,
                2.763172889671256e-09,
                6.123804878672031e-09,
                3.4269440723136075e-09
            ],
            [
                4.817076756684641e-10,
                7.652496913412977e-10,
                0.9999999187384302,
                7.924318000522958e-08,
                7.714325047005279e-10
            ],
            [
                1.2750410223525403e-09,
                1.559208137015669e-08,
                1.1105091502096281e-09,
                0.03649005886004278,
                0.9635099231623256
            ],
            [
                5.059100751286818e-10,
                1.4297581258817556e-09,
                3.258711627601242e-10,
                0.008032737589843516,
                0.9919672601486171
            ]
        ],
        [
            [
                0.9848283627208485,
                0.015171636185902919,
                1.618043260017679e-10,
                9.164144207214153e-10,
                1.5029763166689745e-11
            ],
            [
                0.6720254739382469,
                0.3279745098679908,
                1.5665731558236006e-09,
                1.2439310701101321e-08,
                2.1878784084295276e-09
            ],
            [
                3.2567455791766524e-11,
                2.2120977153598756e-11,
                0.9999999998644014,
                6.825437777337952e-11,
                1.265587032163362e-11
            ],
            [
                1.637954577760001e-09,
                2.2706873622746827e-08,
                6.899580776447711e-08,
                0.7872726916114168,
                0.21272721504794714
            ],
            [
                1.801965163392326e-09,
                5.530195585291933e-10,
                8.744773458076098e-10,
                0.4912235317852477,
                0.5087764649852903
            ]
        ],
        [
            [
                0.9999753201620963,
                2.4679780941265843e-05,
                3.865056808840942e-11,
                6.745694940199247e-12,
                1.1566172681771835e-11
            ],
            [
                0.9999906371200624,
                9.36142077737464e-06,
                5.09573684561808e-11,
                1.1669368525579327e-09,
                2.4126601821916554e-10
            ],
            [
                3.771786169955372e-12,
                3.3664912486202793e-12,
                0.999999999989803,
                1.8030100154729182e-12,
                1.2557090374114064e-12
            ],
            [
                5.477620195667167e-10,
                3.641732546606364e-10,
                2.442345147585535e-09,
                0.2004945383836409,
                0.7995054582620787
            ],
            [
                1.6720512974985682e-09,
                1.544029373914261e-10,
                7.271394236353072e-09,
                0.19723309586093601,
                0.8027668950412156
            ]
        ],
        [
            [
                0.9999745749560448,
                2.5424581129037093e-05,
                5.291666532687073e-11,
                3.977133640982359e-10,
                1.2196154085287412e-11
            ],
            [
                0.9996215578202364,
                0.0003784420452298392,
                3.061095461807891e-11,
                5.105435528728821e-11,
                5.286842097143062e-11
            ],
            [
                1.15285318086329e-11,
                1.740250354505171e-11,
                0.9999999999513269,
                1.6455155460809626e-11,
                3.286870848277656e-12
            ],
            [
                6.30862817840639e-11,
