{
    "[['A', 'B', 'C', 'D', 'E'], ['A', 'B', 'C', 'D', 'E']]": [
        [
            [
                0.9993144161183307,
                0.0006855832808307273,
                1.9059354885055127e-10,
                6.369920381543588e-11,
                3.4654590202559714e-10
            ],
            [
                2.561608196729695e-06,
                0.20458157838541136,
                0.1321353990890366,
                0.6631883657454091,
                9.209517194619561e-05
            ],
            [
                2.9502383275412903e-07,
                1.790802949468332e-05,
                0.9808437263598486,
                0.019133252976166523,
                4.817610657436641e-06
            ],
            [
                1.2493830305634458e-09,
                4.557189908272696e-09,
                5.758134850952953e-09,
                0.729568678687513,
                0.2704313097477792
            ],
            [
                0.9999997002217685,
                2.9903170762403103e-07,
                9.80222345699128e-11,
                8.996120553661924e-11,
                5.585404629106335e-10
            ]
        ],
        [
            [
                0.999999772354785,
                2.2750420516782385e-07,
                2.9817460970824676e-11,
                3.748674896892726e-11,
                7.370557761427591e-11
            ],
            [
                2.608965467882628e-06,
                0.01197572808465671,
                0.14856773976864196,
                0.8393266159953221,
                0.00012730718591148337
            ],
            [
                2.2689111691599725e-06,
                0.0001619540318227081,
                0.4296431985963543,
                0.5695030712310437,
                0.0006895072296100531
            ],
            [
                1.3936006565579728e-05,
                0.17587450891586803,
                0.3717855306754832,
                0.45212755055991827,
                0.00019847384216480725
            ],
            [
                0.9999748566759337,
                2.5141795690289504e-05,
                7.00985139324129e-11,
                8.495089521217068e-11,
                1.373326625148041e-09
            ]
        ],
        [
            [
                0.9554588652372918,
                0.04454113227407501,
                9.879701788067698e-11,
                6.809043429911495e-11,
                2.3217457376654418e-09
            ],
            [
                0.07839391455350696,
                0.9215263453181152,
                2.2521887600082033e-05,
                5.542829184173451e-05,
                1.7899489360659642e-06
            ],
            [
                5.801826177070963e-07,
                1.932585559739411e-06,
                0.507551776490985,
                0.4504757332251008,
                0.04196997751573685
            ],
            [
                1.221424464275579e-10,
                2.870635161098988e-10,
                1.829997055707805e-09,
                0.487792524824865,
                0.512207472935932
            ],
            [
                1.2240168921271082e-08,
                7.377133734287334e-10,
                9.973964223181657e-11,
                0.399008251926664,
                0.6009917349957141
            ]
        ],
        [
            [
                0.9999806715458442,
                1.9327945390121815e-05,
                1.5272857196388977e-10,
                2.7127632862797414e-10,
                8.476070555337464e-11
            ],
            [
                1.4864999990413446e-05,
                0.24397562014301885,
                0.5479534287511829,
                0.20781679274465437,
                0.00023929336115350423
            ],
            [
                2.092187364161141e-08,
                3.784703266014868e-07,
                0.9738364579365899,
                0.026038087692848887,
                0.00012505497836096436
            ],
            [
                1.2016705922097163e-10,
                2.0040123751573986e-10,
                8.271021987292659e-11,
                0.20001967914582752,
                0.799980320450894
            ],
            [
                5.3528381486378955e-09,
                2.9522033572471344e-10,
                8.639467872596916e-10,
                0.20051178025826896,
                0.7994882132297257
            ]
        ],
        [
            [
                0.9999991587895417,
                8.409930647286085e-07,
                7.956599767347781e-11,
                1.1674301922536938e-11,
                1.261532257629491e-10
            ],
            [
                6.1934343689033784e-06,
                0.029667418017680972,
                0.0028990364890320265,
                0.966748474086697,
                0.0006788779722212863
            ],
            [
                1.3724898144452052e-10,
                1.4764993262990855e-09,
                0.9999999892448607,
                4.6862396470195045e-09,
                4.4551515450676316e-09
            ],
            [
                1.6767511622854785e-09,
                3.010113691409649e-09,
                5.783427576281251e-10,
                0.8042794850257018,
                0.19572050970909058
            ],
            [
                2.5781865711748005e-11,
                1.701825985335651e-10,
                1.0991106235913699e-09,
                0.6028797246365428,
                0.39712027406838213
            ]
        ],
        [
            [
                0.9124326881539099,
                0.087567310414683,
                8.685236895606124e-10,
                3.8287043497088626e-10,
                1.8001314820006308e-10
            ],
            [
                1.8261186910317736e-05,
                0.26070995146502407,
                0.07715392349588726,
                0.6619831432978616,
                0.0001347205543167497
            ],
            [
                2.2504547784365456e-08,
                1.122150321158168e-06,
                0.2001912150797857,
                0.7992716744956483,
                0.000535965769696964
            ],
            [
                4.603806021627711e-11,
                1.1416736613258085e-10,
                1.710264301499086e-10,
                0.39205959768176385,
                0.6079404019870043
            ],
            [
                2.9621771849916847e-09,
                1.0814542541952336e-09,
                1.782252251712125e-10,
                0.59213156290493,
                0.40786843287321345
            ]
        ],
        [
            [
                0.9999999837967785,
                1.600066468353921e-08,
                4.248041815407013e-11,
                1.5165121192242994e-10,
                8.425098613470516e-12
            ],
            [
                2.2846029615097925e-05,
                0.2312702422725121,
                0.15054124275667569,
                0.61802575118957,
                0.00013991775162710803
            ],
            [
                8.315851130190072e-07,
                4.591142915637668e-05,
                0.38682895763690556,
                0.611882305047047,
                0.0012419943017780918
            ],
            [
                7.289667695238434e-09,
                3.49434577739495e-07,
                6.614092165064614e-08,
                0.8364639301618404,
                0.16353564697299253
            ],
            [
                2.0235575510678377e-09,
                4.014951167803808e-11,
                7.65870165558355e-09,
                0.38444853994146094,
                0.6155514503361303
            ]
        ],
        [
            [
                0.9999999886891636,
                9.418459054240874e-09,
                5.632241365163564e-12,
                3.877263604711142e-11,
                1.8479725832852395e-09
            ],
            [
                8.983062516788858e-06,
                0.3969155041058129,
                0.02965805976899222,
                0.5733818704727831,
                3.5582589894871244e-05
            ],
            [
                2.696238834935423e-11,
                2.133853788625247e-11,
                0.9999999993764099,
                2.2592347099562148e-10,
                3.4936574243964033e-10
            ],
            [
                5.675893709708556e-07,
                0.1461683985831536,
                0.18565557817480585,
                0.6680321785270836,
                0.0001432771255858895
            ],
            [
                1.417210443380775e-10,
                5.105993609604853e-10,
                8.09255841237396e-11,
                0.5557594430189101,
                0.4442405562478438
            ]
        ],
        [
            [
                0.9999990951511872,
                9.044036306234559e-07,
                4.1957175285021476e-11,
                1.0253208510505616e-11,
                3.9297175313622937e-10
            ],
            [
                2.0243969193714846e-05,
                0.20242100928207352,
                0.24926657690541593,
                0.548111862940626,
                0.0001803069026907709
            ],
            [
                1.0514537105944968e-12,
                4.035749578452799e-12,
                0.999999999990643,
                2.082731715863202e-12,
                2.187023054965045e-12
            ],
            [
                5.9163296441047176e-09,
                1.909902319968999e-09,
                1.9433485337983896e-09,
                0.20418115464846354,
                0.795818835581956
            ],
            [
                1.1274037199957643e-09,
                1.56858347876473e-10,
                1.4959383241798852e-09,
                0.20318883480765015,
                0.7968111624121493
            ]
        ],
        [
            [
                0.9999995212282811,
                4.782518524692663e-07,
                9.521069964203728e-11,
                1.315766476540511e-10,
                2.930791383676998e-10
            ],
            [
                6.967325874950848e-07,
                0.08094619245613571,
                1.93525280650227e-05,
                0.9183036053068858,
                0.0007301529763258566
            ],
            [
                5.909619517451304e-06,
                9.575198073443732e-05,
                0.35579645617777866,
                0.6427520325723867,
                0.001349849649582909
            ],
            [
                1.7029386774858317e-06,
                0.0033778647118080933,
                2.93412789086105e-05,
                0.8458422415193396,
                0.15074884955126622
            ],
            [
                4.470696287036264e-11,
                1.5931081474269485e-10,
                2.1113130835729746e-10,
                0.5247087844545105,
                0.4752912151303405
            ]
        ],
        [
            [
                0.9999986288212098,
                1.3704729624800354e-06,
                1.8915784515097195e-10,
                8.188020088258838e-11,
                4.3478966526655416e-10
            ],
            [
                4.341816948325201e-05,
                0.3749726448761973,
                0.43640643974314175,
                0.18853762671603913,
                3.9870495138547346e-05
            ],
            [
                1.5603525075191305e-06,
                8.886058341870348e-05,
                0.22861839730750894,
                0.7415084473045948,
                0.02978273445197005
            ],
            [
                4.88747139529673e-11,
                2.9187828072363757e-12,
                2.829511510881505e-10,
                0.796378071928206,
                0.20362192773704924
            ],
            [
                5.0789650704532195e-11,
                3.737684741474051e-11,
                4.962022614975021e-10,
                0.15840557864755142,
                0.8415944207680798
            ]
        ],
        [
            [
                0.9999976762844859,
                2.3232073381076767e-06,
                3.3382496289622615e-10,
                1.5303649362772039e-10,
                2.1314455469017338e-11
            ],
            [
                5.462153874947196e-06,
                0.20941207445753857,
                0.007592777355861666,
                0.7774283233104617,
                0.005561362722263081
            ],
            [
                1.3339698524923834e-06,
                0.0004089888939132808,
                0.5809646457825242,
                0.3743798535591434,
                0.04424517779456655
            ],
            [
                7.933491344672106e-09,
                4.851461441829565e-09,
                6.45959594252355e-10,
                0.5977291822276928,
                0.4022708043413948
            ],
            [
                1.3082544208565965e-09,
                8.200464275580987e-11,
                1.0455106161893393e-10,
                0.18270054386821924,
                0.8172994546369707
            ]
        ],
        [
            [
                0.9999999971995219,
                2.1647360419622373e-09,
                8.081145285220801e-11,
                5.501370079316221e-10,
                4.7938175271822346e-12
            ],
            [
                0.6515162215424043,
                0.34848376211727566,
                3.797573176108111e-09,
                1.0667820809251209e-08,
                1.874926172382972e-09
            ],
            [
                3.8120588524457596e-07,
                0.00025773741502715464,
                0.26941644370997647,
                0.729322314504985,
                0.0010031231641260518
            ],
            [
                3.983191219927043e-11,
                9.85960906266174e-12,
                9.532796460987411e-11,
                0.3983092643371388,
                0.6016907355178417
            ],
            [
                2.603035782254726e-10,
                1.6408268519966414e-09,
                2.552639205732051e-10,
                0.009903313652473322,
                0.9900966841911323
            ]
        ],
        [
            [
                0.9999994811483434,
                5.186653369630649e-07,
                5.0626436069805696e-11,
                2.311982959599039e-11,
                1.1257355951260748e-10
            ],
            [
                0.7485365857368895,
                0.2514630583050179,
                6.059540850880817e-08,
                2.2270351224097506e-07,
                7.265917185093383e-08
            ],
            [
                3.68176461023819e-07,
                0.00011642496015236562,
                0.21879870203602714,
                0.6446692660555662,
                0.13641523877179318
            ],
            [
                5.495907329643125e-11,
                7.872201142957445e-11,
                7.444505145534097e-10,
                0.7809022833025858,
                0.21909771581928253
            ],
            [
                5.3263553873011795e-09,
                4.2211144523962676e-10,
                4.1780248947845846e-10,
                0.1881255476736595,
                0.8118744461600712
            ]
        ],
        [
            [
                0.9999994071659036,
                5.911613406396096e-07,
                5.923043790689549e-11,
                4.9168477197601993e-11,
                1.5643567573132872e-09
            ],
            [
                4.865119286567912e-06,
                0.0027780968152666817,
                0.03371526166218753,
                0.9634007672564705,
                0.00010100914678866463
            ],
            [
                2.0604903234266473e-08,
                2.54059699637634e-05,
                0.9862967961196857,
                0.013647393440739232,
                3.038386470815634e-05
            ],
            [
                3.1597123777256205e-09,
                7.406076253616088e-09,
                1.740665855151023e-07,
                0.9998261556552963,
                0.00017365971232957423
            ],
            [
                6.48172334163535e-09,
                5.397532335840595e-10,
                2.834645284877737e-10,
                0.39983761429473563,
                0.6001623784003233
            ]
        ],
        [
            [
                0.9358351753705307,
                0.06416481269715216,
                3.23874746812004e-10,
                8.250012446150763e-10,
                1.0783441219956584e-08
            ],
            [
                0.8465497428469411,
                0.15345022722460958,
                1.6513089938524628e-08,
                3.46235628549884e-09,
                9.953003177174346e-09
            ],
            [
                4.866239169783316e-07,
                6.223015773570947e-05,
                0.934911031364334,
                0.06502285057008908,
                3.4012839242310325e-06
            ],
            [
                2.273668091978324e-07,
                2.554648147075536e-08,
                2.0448777684485745e-08,
                0.7493073810817712,
                0.2506923455561604
            ],
            [
                5.46704045630757e-10,
                3.248803182608069e-10,
                8.648495060799457e-10,
                0.010825527082295663,
                0.9891744711812704
            ]
        ],
        [
            [
                0.9999806774605798,
                1.9322156543090535e-05,
                4.1949803013612734e-11,
                5.4298674461735946e-11,
                2.8662857889798403e-10
            ],
            [
                1.285234338585026e-06,
                0.0006498827990171576,
                0.450703321018227,
                0.548583580463369,
                6.193048504826331e-05
            ],
            [
                3.89694141113931e-11,
                9.687373930100618e-11,
                0.9999999792232551,
                2.0622737797584012e-08,
                1.81640041806325e-11
            ],
            [
                7.069720751967088e-11,
                1.0330595532962474e-10,
                4.940885594405375e-11,
                0.5993839397052851,
                0.4006160600713029
            ],
            [
                1.7349312605903842e-09,
                8.64094874430583e-10,
                5.3061533795723394e-09,
                0.385958760575882,
                0.6140412315189384
            ]
        ],
        [
            [
                0.999959312926018,
                4.068698235716837e-05,
                2.2436452780856927e-11,
                5.3955339801209543e-11,
                1.523305973724705e-11
            ],
            [
                0.25106680271733656,
                0.7489328532569884,
                6.105679434626192e-08,
                2.553481149605464e-07,
                2.7620765575865233e-08
            ],
            [
                6.1427318945298105e-09,
                2.3684302200117153e-07,
                0.9999988307662546,
                8.582793028087506e-07,
                6.796868861323559e-08
            ],
            [
                4.668261542204986e-10,
                2.0698114997914446e-09,
                4.799829688249029e-10,
                0.8120047552934369,
                0.1879952416899425
            ],
            [
                1.1598623547937041e-08,
                9.106679306917679e-10,
                1.1206517944958906e-09,
                0.534515703543624,
                0.4654842828264327
            ]
        ],
        [
            [
                0.9999748675813384,
                2.513234290974528e-05,
                1.2156218463451866e-12,
                2.718367356077205e-11,
                4.7352667163058054e-11
            ],
            [
                9.458836386071633e-05,
                0.6755830867012833,
                0.18653059769502836,
                0.13770823148508513,
                8.349575474248628e-05
            ],
            [
                2.0933747589228103e-08,
                4.841317465023205e-08,
                0.9999889854313894,
                9.233974458041014e-06,
                1.7112472303800576e-06
            ],
            [
                2.437079917864002e-10,
                4.381118352391216e-10,
                1.3373985418772408e-09,
                0.5983949283133806,
                0.40160506966740106
            ],
            [
                4.914105175707824e-09,
                2.3508412239427866e-10,
                2.456497734065101e-11,
                0.7702049225607513,
                0.22979507226549445
            ]
        ],
        [
            [
                0.8005291995308524,
                0.19947079992059122,
                1.3490227345433837e-10,
                1.998088778053658e-10,
                2.1384529537950071e-10
            ],
            [
                1.5804866835462035e-05,
                0.09691039052141213,
                0.07866080481663523,
                0.8241260348797008,
                0.0002869649154163603
            ],
            [
                2.0786818657166846e-06,
                3.0643531855440172e-06,
                0.5148501695468214,
                0.482326326123526,
                0.0028183612946014944
            ],
            [
                2.9740623882260356e-09,
                1.5318981581822842e-09,
                1.141235326585415e-09,
                0.5409402059771752,
                0.45905978837562894
            ],
            [
                3.219204735574431e-10,
                1.3125481250974158e-09,
                1.8882448179787753e-10,
                0.7386709611254697,
                0.26132903705123706
            ]
        ],
        [
            [
                0.9999998606449019,
                1.3902250072310988e-07,
                4.966035224974468e-11,
                1.2160437113419144e-11,
                2.7077649486111805e-10
            ],
            [
                9.46902370433599e-05,
                0.5533431035144039,
                0.3048263263522991,
                0.14149764495907308,
                0.00023823493718063286
            ],
            [
                9.020832114971547e-06,
                0.06558727031496796,
                0.7709171452278066,
                0.16323965712498856,
                0.0002469065001220199
            ],
            [
                1.0247456873440656e-08,
                1.8989660162555326e-09,
                3.0861361847463944e-09,
                0.264621506740863,
                0.735378478026578
            ],
            [
                2.888769045253602e-09,
                3.500256227164123e-10,
                2.6355597030639792e-11,
                0.606262992060055,
                0.3937370046747948
            ]
        ],
        [
            [
                0.9999998471198148,
                1.5272294231320347e-07,
                3.321813559898301e-11,
                1.809895762640421e-11,
                1.0592579536873828e-10
            ],
            [
                6.615194156726461e-05,
                0.6134138717271274,
                0.09615330118468245,
                0.2902025524971196,
                0.00016412264950330015
            ],
            [
                5.32276863872777e-07,
                0.04465808029071512,
                0.5353956473549251,
                0.4198858474569117,
                5.9892620584199936e-05
            ],
            [
                2.5539268138301855e-09,
                4.035501925100262e-10,
                7.090770370191377e-11,
                0.6451315665143029,
                0.3548684304573123
            ],
            [
                0.9999999915822934,
                7.633277632797303e-09,
                8.266264874344409e-11,
                1.3479197968982219e-11,
                6.882872374470455e-10
            ]
        ],
        [
            [
                0.9986614291628947,
                0.001338570451988999,
                3.069943283624978e-11,
                2.508082642079874e-10,
                1.0360872559701498e-10
            ],
            [
                2.9827387324371216e-05,
                0.05565600884744658,
                0.4738357316775629,
                0.47041674913397413,
                6.1682953691995e-05
            ],
            [
                2.712300175628459e-08,
                2.501205934868571e-07,
                0.8244910504444092,
                0.17550833500377291,
                3.3730822263897995e-07
            ],
            [
                1.6108938552376946e-09,
                1.2493620142801524e-09,
                7.4809207454072e-10,
                0.4351712118366799,
                0.5648287845549721
            ],
            [
                0.999983360003595,
                1.6639021397196296e-05,
                6.569857903406374e-11,
                3.1757798513353655e-10,
                5.917313146258707e-10
            ]
        ],
        [
            [
                0.9217999513826591,
                0.07820004755545056,
                2.099566104126502e-10,
                6.390916638746036e-10,
                2.1284191456004873e-10
            ],
            [
                0.0001812353483683911,
                0.5960037015937351,
                0.4036107573241475,
                0.00019532497887454975,
                8.980754874620285e-06
            ],
            [
                7.283957976607608e-07,
                0.0002720428820604372,
                0.6384675188281392,
                0.360363010026696,
                0.000896699867306712
            ],
            [
                7.348897435385012e-09,
                1.4966898748462663e-08,
                7.020543919781502e-09,
                0.3565900975596489,
                0.643409873104011
            ],
            [
                7.031297053282942e-07,
                1.2078662114688084e-08,
                5.292357110308159e-08,
                0.539031181018115,
                0.46096805084994646
            ]
        ],
        [
            [
                0.9998177814386455,
                0.000182218170542514,
                1.3679254008136206e-11,
                8.503957642416507e-11,
                2.920931252025318e-10
            ],
            [
                1.3609218687467397e-07,
                7.72419191162467e-06,
                0.18513485646911196,
                0.814762491490488,
                9.479175630159826e-05
            ],
            [
                1.7533456803955778e-07,
                3.465229137610332e-05,
                0.6048346221887787,
                0.39161275203650775,
                0.0035177981487695075
            ],
            [
                2.106879468171962e-10,
                9.616555526597135e-11,
                3.4534668597945626e-10,
                0.7855993880840236,
                0.2144006112637762
            ],
            [
                1.7812103457899855e-09,
                6.9455547282763116e-09,
                2.2412543042350918e-10,
                0.3457580171846132,
                0.6542419738644963
            ]
        ],
        [
            [
                0.9999999992754538,
                6.952141551967817e-10,
                6.2269586042277916e-12,
                1.5275426552319582e-11,
                7.829759206160504e-12
            ],
            [
                3.946309926881843e-06,
                8.01184517690054e-06,
                0.002321391268553105,
                0.9570024348052799,
                0.040664215771063175
            ],
            [
                3.778529473725557e-07,
                8.31404837062387e-05,
                0.30611818564644205,
                0.693638820504749,
                0.0001594755121552709
            ],
            [
                0.9993623815832203,
                0.0006376137826129875,
                2.0795098611392888e-10,
                3.4858635446224087e-10,
                4.077629265094103e-09
            ],
            [
                9.945881714772755e-11,
                3.582340602049232e-10,
                2.5769471054124737e-09,
                0.21103775446307244,
                0.7889622425022876
            ]
        ],
        [
            [
                0.9982843321430445,
                0.0017156674178147476,
                5.3716939491714006e-11,
                1.8091097322274173e-11,
                3.673328351956954e-10
            ],
            [
                5.00405344267263e-05,
                0.4952691919517306,
                0.03164771649646416,
                0.47248689524014176,
                0.0005461557772366698
            ],
            [
                5.394882329670082e-08,
                1.0474813846518863e-05,
                0.9999894066115818,
                4.0488771583283665e-08,
                2.4136976732915605e-08
            ],
            [
                2.442261390392455e-09,
                1.7109226504182138e-08,
                4.7572926192097426e-08,
                0.8051600783466177,
                0.1948398545289681
            ],
            [
                1.131892836141847e-09,
                2.8301911878865203e-10,
                2.5278444724340076e-10,
                0.26482292716756517,
                0.7351770711647385
            ]
        ],
        [
            [
                0.9999992545208023,
                7.454568735686002e-07,
                1.3416486926354341e-11,
                1.3468258380883078e-12,
                7.560816869407156e-12
            ],
            [
                0.00031055346181587496,
                0.7437643037959529,
                0.010131911864932666,
                0.24573555727505747,
                5.767360224097869e-05
            ],
            [
                8.115306514649829e-07,
                3.967390399690479e-06,
                0.4036121446828759,
                0.5916975988757784,
                0.0046854775202945
            ],
            [
                5.92520709161551e-08,
                9.935983575983957e-06,
                3.4500764826199414e-08,
                0.633461125012754,
                0.3665288452508343
            ],
            [
                1.85022212791885e-10,
                8.829019470310178e-10,
                4.18042467169829e-10,
                0.584661079525362,
                0.41533891898867137
            ]
        ],
        [
            [
                0.9999753198195872,
                2.4680052017833553e-05,
                3.983595801486225e-11,
                8.473679942141793e-12,
                8.008539910624319e-11
            ],
            [
                1.9072973413337453e-05,
                0.5418426190286137,
                0.26956484958090526,
                0.1885340470235345,
                3.9411393533089754e-05
            ],
            [
                1.4719057821662197e-06,
                0.004608523826207243,
                0.0814120466200121,
                0.913917050093644,
                6.0907554354468455e-05
            ],
            [
                4.87734548418045e-08,
                2.71671459443254e-09,
                1.0459317349648535e-10,
                0.20107567838409388,
                0.7989242700211434
            ],
            [
                8.336049982354011e-11,
                1.1420205595801794e-11,
                2.890282081609644e-10,
                1.933758769045656e-05,
                0.9999806620285007
            ]
        ],
        [
            [
                0.9999993712488255,
                6.284828229239703e-07,
                6.99995531576665e-11,
                6.78630455564251e-11,
                1.3048883970913293e-10
            ],
            [
                1.3567932009570554e-07,
                0.0002212184327861301,
                9.654011898579555e-05,
                0.999659198631064,
                2.29071378439468e-05
            ],
            [
                2.4226147623355985e-09,
                2.9089912309723142e-08,
                0.999983334507341,
                1.3262841005381427e-05,
                3.371139126405648e-06
            ],
            [
                4.644788504256015e-10,
                7.740951132732809e-10,
                2.5348928886340994e-09,
                0.6134564215698449,
                0.3865435746566882
            ],
            [
                7.858733490329496e-08,
                1.240309577773248e-09,
                2.8620544951925233e-10,
                0.39177150183550236,
                0.6082284180506476
            ]
        ],
        [
            [
                0.999999418920302,
                5.810557612853821e-07,
                1.5160206779631553e-12,
                2.9343966283259076e-12,
                1.948629553175744e-11
            ],
            [
                1.331542979878596e-05,
                0.3847870075515264,
                0.6030532665450699,
                0.012090250692582877,
                5.615978102203264e-05
            ],
            [
                1.377174264942299e-06,
                0.027171541037582108,
                0.06270351867619833,
                0.728857359904394,
                0.1812662032075607
            ],
            [
                5.035238144629566e-10,
                1.3079085689505234e-09,
                1.133299491757324e-08,
                0.2972637093849967,
                0.702736277470576
            ],
            [
                9.669696794466297e-10,
                3.101050421256205e-10,
                1.230031140318635e-09,
                0.7275380609163692,
                0.272461936576525
            ]
        ],
        [
            [
                0.9999308665253421,
                6.913328378201411e-05,
                2.220845313725078e-11,
                5.03350357322686e-11,
                1.183323459559896e-10
            ],
            [
                4.621272513472285e-05,
                0.46616949922856554,
                0.15179150914762143,
                0.381882894399083,
                0.0001098844995952604
            ],
            [
                1.3983799756514824e-07,
                2.1555558585892604e-06,
                0.5219414073446593,
                0.4733548798807575,
                0.004701417380726959
            ],
            [
                9.001819398983893e-09,
                0.00013405561875871842,
                1.8586931823153633e-08,
                0.39994586513266367,
                0.5999200516598264
            ],
            [
                2.694258884011422e-09,
                6.015137522101654e-10,
                2.1741452581816113e-09,
                0.4210134409513736,
                0.5789865535787085
            ]
        ],
        [
            [
                0.9999991358892217,
                8.640366103669853e-07,
                4.701493722347982e-11,
                2.8436636013161826e-12,
                2.4309337970113797e-11
            ],
            [
                5.41474792383846e-05,
                0.3951226059785677,
                0.20158320851578612,
                0.40318781662587005,
                5.222140053767522e-05
            ],
            [
                1.5006912127873142e-07,
                0.00018205083771084368,
                0.00011308755761829333,
                0.943141391110262,
                0.0565633204252877
            ],
            [
                3.867038898710533e-10,
                2.764528418103045e-11,
                1.0130761618734167e-10,
                0.9997024406417838,
                0.0002975588425594362
            ],
            [
                4.830093668582277e-11,
                8.695836130096287e-11,
                1.1834666354332568e-10,
                0.5852662937914538,
                0.41473370595494036
            ]
        ],
        [
            [
                0.9999679603261842,
                3.203956886926714e-05,
                7.237963999437085e-11,
                1.4413370842560823e-11,
                1.8153446353026897e-11
            ],
            [
                0.0001336661913685953,
                0.25345966754378846,
                0.4134589193724937,
                0.330465149441088,
                0.0024825974512612207
            ],
            [
                1.331445875088903e-06,
                0.0033947201061468747,
                0.5216908490123509,
                0.4641098321050403,
                0.010803267330586872
            ],
            [
                6.018934730353848e-11,
                3.232680878874625e-10,
                1.0386107808620456e-10,
                0.6000716494052569,
                0.39992835010742445
            ],
            [
                1.5271253859405326e-09,
                5.569379562285227e-10,
                5.34289911694475e-10,
                0.5062401872826776,
                0.49375981009896913
            ]
        ],
        [
            [
                0.9989240128132636,
                0.0010759867533540175,
                1.8439428677218727e-10,
                1.0129713096930945e-10,
                1.476910155838149e-10
            ],
            [
                0.3177481584876046,
                0.6822517127882948,
                6.985785735061216e-08,
                4.5198493994240564e-08,
                1.3667749305083162e-08
            ],
            [
                4.975152704842477e-11,
                3.2779794118558685e-11,
                0.999999999858129,
                4.237204664573758e-11,
                1.696754488517999e-11
            ],
            [
                5.898790995267659e-09,
                9.630595402180603e-06,
                2.6475018077560933e-07,
                0.8925288525864066,
                0.10746124616921941
            ],
            [
                2.985363577060817e-10,
                1.8609977406334528e-09,
                1.0289648485867784e-10,
                0.6010344706268559,
                0.3989655271107135
            ]
        ],
        [
            [
                0.9992700331458695,
                0.000729963702342059,
                1.5389866686298543e-10,
                2.0947629118426907e-09,
                9.031268255903817e-10
            ],
            [
                1.2688604297916804e-05,
                0.2323938303401738,
                0.4562358783814715,
                0.31126090466868445,
                9.669800537233786e-05
            ],
            [
                1.4515705349304685e-06,
                2.3111536668829184e-05,
                0.2033738304290254,
                0.7965416713298663,
                5.993513390448954e-05
            ],
            [
                3.81227507638089e-08,
                4.45906846453706e-08,
                1.1983687527795229e-07,
                0.8570641585905084,
                0.14293563885918079
            ],
            [
                4.953159898253764e-10,
