{
    "[['A', 'B', 'C', 'D', 'E'], ['A', 'B', 'C', 'D', 'E']]": [
        [
            [
                0.946210137496403,
                0.053789861292333895,
                3.243022903804286e-10,
                8.381889766866609e-10,
                4.877188164494285e-11
            ],
            [
                0.19660394015899527,
                0.8033959812634051,
                1.7130473846905433e-08,
                1.6337262042255208e-08,
                4.5109863770767686e-08
            ],
            [
                1.920859963205192e-08,
                1.987333939132605e-05,
                0.0003513315081930711,
                0.998730912435447,
                0.0008978635083689562
            ],
            [
                3.094953396472423e-08,
                7.969186728082152e-06,
                2.659690288049748e-06,
                0.7049547857555764,
                0.2950345544178735
            ],
            [
                1.521570308965243e-08,
                4.0910442185450536e-09,
                2.807277541465492e-08,
                0.19116250640849883,
                0.8088374462119785
            ]
        ],
        [
            [
                0.999608596514251,
                0.00039140308030795876,
                1.0615094322594026e-10,
                2.0648421653013587e-11,
                2.7864172418655044e-10
            ],
            [
                0.03132611483411214,
                0.9685130014899734,
                8.45919134985122e-06,
                0.00014742222859815603,
                5.002255966336807e-06
            ],
            [
                8.231245865429977e-08,
                1.6226545141383945e-06,
                0.00012147166248594704,
                0.9939755947258803,
                0.005901228644660984
            ],
            [
                1.0828283926863632e-07,
                0.0017151430373176836,
                0.00012867334629795696,
                0.9113158750343868,
                0.08684020029915823
            ],
            [
                5.844547459367617e-10,
                1.5590038789319469e-09,
                1.5494514695488639e-10,
                0.5999757325394462,
                0.40002426516215
            ]
        ],
        [
            [
                0.9999994193356486,
                5.806469208395777e-07,
                1.528346120214993e-11,
                8.02012160793464e-13,
                1.3450644019935572e-12
            ],
            [
                2.003687899094024e-05,
                0.01645211410549468,
                0.7515727799928815,
                0.23193387707608887,
                2.1191946544034312e-05
            ],
            [
                3.9651976810291547e-07,
                0.0004935867847055298,
                0.0014334992136642865,
                0.9980030698395113,
                6.944764235082413e-05
            ],
            [
                6.110219718188969e-10,
                5.429639887376959e-09,
                1.8251057104463357e-08,
                0.4029507722392468,
                0.5970492034690342
            ],
            [
                2.1098294739570473e-10,
                1.3280157643147536e-09,
                4.805876744845022e-10,
                0.1978162992142353,
                0.8021836987661782
            ]
        ],
        [
            [
                0.9999996963291925,
                3.036413682206529e-07,
                5.132484438879594e-12,
                1.4136598298584998e-11,
                1.0170216766040484e-11
            ],
            [
                1.09235195998929e-05,
                0.0005241419630682354,
                0.0049079757438274954,
                0.99331801487971,
                0.001238943893794394
            ],
            [
                3.4789846698689427e-07,
                0.00018586769309738974,
                0.23624048308756052,
                0.7622020695226751,
                0.0013712317981999305
            ],
            [
                1.4297422139709331e-08,
                2.8705475910458065e-06,
                4.091247013597585e-07,
                0.9464293375464332,
                0.05356736848385219
            ],
            [
                2.0450955202219183e-09,
                8.633128913664013e-10,
                1.4955900606998422e-09,
                0.5979459046688984,
                0.4020540909271031
            ]
        ],
        [
            [
                0.9999966453824711,
                3.3542866953082776e-06,
                2.0030538497684954e-10,
                9.973107222248212e-11,
                3.0797230429568906e-11
            ],
            [
                1.4135228700154364e-05,
                0.19940261222282687,
                0.421197337918094,
                0.3791245130617527,
                0.0002614015686262988
            ],
            [
                8.398447082197705e-09,
                1.0157911389622418e-06,
                0.0003108239364768917,
                0.5704968612118126,
                0.42919129066212447
            ],
            [
                1.1252492680570042e-10,
                3.2685523260512276e-09,
                5.73081216250065e-09,
                0.8150284034940983,
                0.1849715873940122
            ],
            [
                4.962494520590571e-09,
                3.231639147208873e-08,
                7.397650215928982e-08,
                0.6882001110334347,
                0.3117997777111772
            ]
        ],
        [
            [
                0.8296078356688721,
                0.1703921640224563,
                1.7662826551887027e-11,
                2.8040350608006956e-10,
                1.060534703416268e-11
            ],
            [
                0.9703895813288288,
                0.029610417155334818,
                6.053637071501722e-10,
                3.225600551701932e-10,
                5.879126379229137e-10
            ],
            [
                2.514917890737188e-08,
                8.361290224822691e-08,
                3.0977521450054894e-05,
                0.5334366189602081,
                0.46653229475626073
            ],
            [
                3.1025376185683236e-08,
                9.456691006447768e-08,
                2.0830035335236525e-07,
                0.9292852947561736,
                0.07071437135118679
            ],
            [
                8.524123087697282e-09,
                3.0035419907848274e-09,
                1.3357278980614895e-08,
                0.5160689263812381,
                0.48393104873381776
            ]
        ],
        [
            [
                0.9554570331948941,
                0.04454296528554504,
                4.856594142791258e-10,
                2.4696076412255295e-10,
                7.869407770386984e-10
            ],
            [
                0.007556921290732742,
                0.7142806648985464,
                0.0033193676638482578,
                0.27480967750197555,
                3.3368644897106314e-05
            ],
            [
                5.707162102861367e-07,
                0.00018166060005293726,
                0.5493998203138003,
                0.44297880787768085,
                0.0074391404922554616
            ],
            [
                1.5803327590989873e-06,
                1.192452703193154e-09,
                8.111545607802946e-09,
                0.04566954325505609,
                0.9543288671081865
            ],
            [
                2.7497086539931854e-07,
                2.0461180784193485e-09,
                1.88940578604695e-08,
                0.37614077541744406,
                0.6238589286715146
            ]
        ],
        [
            [
                0.9999993307138838,
                6.664877681428087e-07,
                6.595486567006055e-11,
                9.710331994364275e-11,
                2.635289795018305e-09
            ],
            [
                6.455154184636202e-06,
                0.06040356647301325,
                0.19454452646665998,
                0.7445099676074992,
                0.0005354842986430085
            ],
            [
                2.88932329113585e-08,
                6.653853154851702e-07,
                2.8260605343121062e-05,
                0.9997007147222963,
                0.0002703303938122561
            ],
            [
                1.0348896080019075e-07,
                2.1575294300353593e-06,
                3.3024732599384865e-06,
                0.5138763430851548,
                0.4861180934231945
            ],
            [
                4.502803608858311e-09,
                1.3698557943316427e-08,
                5.2599639407456395e-09,
                0.6000438312274052,
                0.39995614531126916
            ]
        ],
        [
            [
                0.8641541435216243,
                0.13584585436515048,
                9.133069263266365e-10,
                7.826665929561618e-10,
                4.172515374326803e-10
            ],
            [
                0.0004059821428033824,
                0.9177822880431731,
                0.0626574331999323,
                0.019026360645788002,
                0.000127935968303241
            ],
            [
                6.780442160613056e-10,
                2.896560738683115e-08,
                0.9999989908015356,
                9.626093304843397e-07,
                1.6945482268076374e-08
            ],
            [
                2.437525538844616e-08,
                5.475487588409316e-09,
                1.4312393500480293e-08,
                0.5000244420359979,
                0.49997551380086563
            ],
            [
                2.1800386909691353e-08,
                2.5193509413675452e-08,
                1.1764139309539446e-09,
                0.21047286839300602,
                0.7895270834366838
            ]
        ],
        [
            [
                0.9996997572497974,
                0.0003002409380589006,
                1.2799931144880165e-10,
                1.5213665980928305e-09,
                1.6277780178575587e-10
            ],
            [
                2.7977868216568663e-05,
                0.20479969300551187,
                0.039314101635489936,
                0.755819746477695,
                3.848101308648859e-05
            ],
            [
                4.758106631607525e-10,
                2.7021370598482163e-08,
                0.0035983926060800457,
                0.7965122066351774,
                0.1998893732615614
            ],
            [
                3.763265440271639e-08,
                5.6220382109084446e-06,
                9.495557961252119e-07,
                0.6067831855201461,
                0.39321020525319245
            ],
            [
                1.8034887702085166e-09,
                6.166763606988078e-09,
                5.848496944539777e-10,
                0.012129469471740548,
                0.9878705219731574
            ]
        ],
        [
            [
                0.9999998814278924,
                1.1831484319212633e-07,
                1.1642724554813427e-10,
                4.868826579637873e-11,
                9.214886211853321e-11
            ],
            [
                9.399236433808064e-05,
                0.2659131418422177,
                0.06646611318256351,
                0.6669509284550434,
                0.0005758241558373145
            ],
            [
                1.814876619115711e-07,
                7.832734392302622e-07,
                0.0003998834863907581,
                0.9331559683787597,
                0.06644318337374831
            ],
            [
                4.481181624819544e-09,
                1.6178624027020626e-09,
                2.5865478253253295e-10,
                0.5869793938015705,
                0.4130205998407307
            ],
            [
                8.86920733138873e-09,
                1.8399882425920052e-09,
                6.912276111876704e-09,
                0.4285674406171373,
                0.5714325417613909
            ]
        ],
        [
            [
                0.9998579635997988,
                0.00014203529222078058,
                7.274234666936338e-11,
                4.183908458976547e-10,
                6.168470963061631e-10
            ],
            [
                0.9993978922253607,
                0.000602106845173011,
                5.79470685398463e-10,
                2.3686738233000824e-10,
                1.1312812535331761e-10
            ],
            [
                2.292968789538997e-07,
                2.0749315474280096e-05,
                0.019110392557814614,
                0.8734979906703491,
                0.10737063815948307
            ],
            [
                5.358858035834106e-09,
                2.516525533324999e-07,
                1.0547273058349843e-07,
                0.6498442519775941,
                0.3501553855382639
            ],
            [
                1.974821402006414e-08,
                2.4941420539758047e-08,
                1.731294081909768e-08,
                0.24492473419630936,
                0.7550752038011153
            ]
        ],
        [
            [
                0.9999999933041608,
                5.1976273199138115e-09,
                7.508931689002581e-12,
                2.5851479390235444e-11,
                1.4648512673589718e-09
            ],
            [
                1.4683044693655504e-06,
                0.003605035807827105,
                0.23934950429461088,
                0.7557614704576987,
                0.0012825211353938333
            ],
            [
                3.827492796560049e-08,
                7.595620212900529e-07,
                0.9991598082479523,
                0.0003442241260174059,
                0.0004951697890810752
            ],
            [
                8.903929789151152e-10,
                8.363687428287501e-10,
                1.679720620261731e-08,
                0.7982422469292867,
                0.20175773454674537
            ],
            [
                1.4386710350441622e-10,
                1.3718025692663766e-09,
                1.6581395651999912e-09,
                0.6000612500712825,
                0.3999387467549083
            ]
        ],
        [
            [
                0.9999138652173132,
                8.613446159457619e-05,
                5.0251891064638905e-11,
                1.565411197512344e-11,
                2.5518606211267915e-10
            ],
            [
                2.446576684391467e-06,
                0.07004898564540539,
                0.02202774739966436,
                0.9071769032739972,
                0.0007439171042486648
            ],
            [
                2.3761906800714227e-07,
                1.50343523960501e-06,
                0.17500070690543815,
                0.5393703340085714,
                0.2856272180316829
            ],
            [
                2.7820414089526674e-08,
                2.0683635922453887e-08,
                3.976644236501433e-08,
                0.9967038336626767,
                0.0032960780668310273
            ],
            [
                3.776465798961122e-08,
                5.7224375965504935e-09,
                5.437578099932188e-10,
                0.31501358744673685,
                0.6849863685224098
            ]
        ],
        [
            [
                0.9999923109333257,
                7.688963710974634e-06,
                5.1699780534423237e-11,
                4.0874746148700344e-12,
                4.717608772280325e-11
            ],
            [
                0.1447426095411428,
                0.8552568784263891,
                3.201540336003234e-07,
                1.4176477488790107e-07,
                5.0113659580672725e-08
            ],
            [
                7.897778407144616e-08,
                3.7812731736971616e-06,
                0.0009760955832040645,
                0.8946943996962021,
                0.10432564446963598
            ],
            [
                4.4535296021607767e-07,
                0.0003797551375404394,
                0.00013984299793271256,
                0.9165636143352539,
                0.08291634217631273
            ],
            [
                3.27097889917749e-09,
                9.481972420777167e-09,
                6.173448522087904e-09,
                0.23772732619657033,
                0.7622726548770298
            ]
        ],
        [
            [
                0.8641570842273477,
                0.13584291494288087,
                4.959541746215845e-10,
                2.325511040139391e-10,
                1.0126609971778845e-10
            ],
            [
                0.006706906179681455,
                0.6702240804198669,
                0.1831490814088608,
                0.13961891055411824,
                0.00030102143747276613
            ],
            [
                7.297106884210693e-08,
                0.002304527099286129,
                8.95526718151122e-05,
                0.9580477189244743,
                0.03955812833335555
            ],
            [
                3.3768953679461722e-09,
                5.88681093688636e-09,
                5.338286833468463e-09,
                0.6990446551119947,
                0.3009553302860122
            ],
            [
                5.3593050597569375e-08,
                1.6800508403897865e-08,
                4.5198593551382614e-08,
                0.7681804847231062,
                0.23181939968474133
            ]
        ],
        [
            [
                0.9999929187190003,
                7.081098956956853e-06,
                9.681447312945222e-11,
                6.785709680023662e-11,
                1.7371247110830353e-11
            ],
            [
                0.07349605186038076,
                0.9219408972019432,
                4.2558772031316156e-05,
                0.004505501810834375,
                1.499035481036412e-05
            ],
            [
                2.6157625135692697e-09,
                1.3916619034297965e-08,
                0.20057338146741288,
                0.7993413902737787,
                8.521172642696437e-05
            ],
            [
                5.174569492424357e-09,
                7.867306074352436e-10,
                1.183288497941324e-08,
                0.6739247791647466,
                0.3260752030410683
            ],
            [
                1.3328805131376178e-07,
                1.0824831757643979e-08,
                8.20417222499764e-09,
                0.19816230937824375,
                0.801837538304701
            ]
        ],
        [
            [
                0.9991815074157641,
                0.0008184922796349291,
                5.1724236513886814e-11,
                1.2100067531679423e-10,
                1.318762164667897e-10
            ],
            [
                8.430201553353032e-05,
                0.24403379000726969,
                0.3862865251866473,
                0.36958188853429425,
                1.349425625512021e-05
            ],
            [
                1.463663358501765e-07,
                1.1695152675001724e-05,
                0.0004915210948485089,
                0.9571838293799038,
                0.04231280800623684
            ],
            [
                5.46107490339144e-09,
                1.4624963720149743e-08,
                2.3185395441972444e-08,
                0.5991162378723065,
                0.4008837188562594
            ],
            [
                3.9286063605509484e-10,
                3.6978883985634415e-09,
                9.188317805876386e-10,
                0.3810159821338466,
                0.6189840128565727
            ]
        ],
        [
            [
                0.9963993153428894,
                0.003600683586952363,
                2.483078376225913e-10,
                1.144475137447149e-10,
                7.07402791292748e-10
            ],
            [
                0.0007025079348623067,
                0.6390490664263272,
                0.1199436141214702,
                0.240116441124164,
                0.0001883703931763875
            ],
            [
                2.3726933561551163e-07,
                3.8668382058306964e-07,
                0.2576311506746321,
                0.7337191158133984,
                0.008649109558813227
            ],
            [
                3.400766249470234e-08,
                4.343973778431918e-07,
                1.515812229077886e-08,
                0.4296398296538995,
                0.5703596867829379
            ],
            [
                8.113674305412464e-09,
                2.8453773146217097e-09,
                2.3107901571316593e-09,
                0.5884903542453355,
                0.41150963248482275
            ]
        ],
        [
            [
                0.9999999195238667,
                8.0257383644412e-08,
                3.847881080090734e-12,
                1.6777163329911553e-10,
                4.7130025637724365e-11
            ],
            [
                1.5599713509750633e-05,
                0.0037876175891391347,
                0.09636932769780733,
                0.898034091660733,
                0.0017933633388107653
            ],
            [
                6.1750857897509145e-09,
                3.8368161937381755e-08,
                8.311763951516558e-08,
                0.8010577242396393,
                0.1989421480994735
            ],
            [
                1.551816337693269e-08,
                9.817861451333637e-09,
                1.121599738508123e-08,
                0.6995482106537356,
                0.3004517527942422
            ],
            [
                2.7352537363468246e-11,
                7.097074673844926e-10,
                6.851754581267083e-10,
                0.19989203199885616,
                0.8001079665789084
            ]
        ],
        [
            [
                0.9999998979487443,
                1.0177960909094818e-07,
                3.230076538026793e-11,
                1.0036938074120212e-11,
                2.293089524872955e-10
            ],
            [
                1.2539596272390019e-05,
                0.6305055338075956,
                0.006208753596077924,
                0.363265824889962,
                7.3481100921264855e-06
            ],
            [
                1.0775627804260359e-07,
                6.049641925603937e-08,
                0.26573930131445095,
                0.7335674955640029,
                0.0006930348688489368
            ],
            [
                4.705506010041627e-09,
                2.713207324161793e-09,
                3.945353806785953e-09,
                0.525850099651586,
                0.4741498889843469
            ],
            [
                3.109223966102588e-10,
                1.5629406521775682e-10,
                6.873303167950395e-10,
                0.2001348475406382,
                0.7998651513048151
            ]
        ],
        [
            [
                0.9635140956000967,
                0.0364859027124812,
                3.989136740866708e-10,
                2.5391846816343853e-11,
                1.263116639290643e-09
            ],
            [
                0.6938691142769854,
                0.3061307946128081,
                1.615389002163274e-08,
                7.063795098709377e-08,
                4.318365457621829e-09
            ],
            [
                3.780680901493692e-07,
                0.010479269100359944,
                7.189604566192985e-05,
                0.9830906173329104,
                0.0063578394529776395
            ],
            [
                3.286096923124421e-10,
                2.1720878522898465e-07,
                2.8995004140620665e-08,
                0.6294264943474926,
                0.3705732591201083
            ],
            [
                3.043608822421815e-09,
                3.779379042432628e-10,
                1.4454449522052435e-09,
                0.6637232749130544,
                0.3362767202199539
            ]
        ],
        [
            [
                0.9997907446794808,
                0.00020925478293098255,
                1.2954744225216427e-10,
                3.915302257270329e-10,
                1.651042419485871e-11
            ],
            [
                0.007963000079728201,
                0.7839537101270935,
                0.003450918974776306,
                0.20459522918905115,
                3.714162935076968e-05
            ],
            [
                3.0761580532422676e-08,
                2.0292947912449012e-07,
                9.33258235162215e-06,
                0.8123592380486837,
                0.1876311956779051
            ],
            [
                2.1544197429403186e-07,
                1.6078853852827827e-06,
                7.224426340769983e-06,
                0.8864674945413896,
                0.11352345770491012
            ],
            [
                3.965002292539717e-08,
                2.9383012747951058e-09,
                2.8076826694327357e-09,
                0.19947751942221073,
                0.8005224351817825
            ]
        ],
        [
            [
                0.9761444458010587,
                0.023855552620955085,
                3.3141189641809203e-10,
                1.0051942404374623e-09,
                2.4137992873819527e-10
            ],
            [
                0.0007592178741630863,
                0.7956778035646936,
                0.05419204967114359,
                0.14930309500749284,
                6.783388250701157e-05
            ],
            [
                4.025910122119093e-09,
                1.4261681406914917e-06,
                0.9999297347300702,
                6.869272306517414e-05,
                1.4235281379277706e-07
            ],
            [
                1.5787811500206385e-07,
                1.4298165260258074e-05,
                2.2077293066375645e-06,
                0.6880615401320913,
                0.3119217960952268
            ],
            [
                7.267417185444912e-08,
                3.467811979169366e-08,
                9.108004049942423e-09,
                0.6689175513675153,
                0.33108233217218896
            ]
        ],
        [
            [
                0.8296091222389634,
                0.17039087599687633,
                5.055812417259111e-10,
                1.106369445751505e-09,
                1.522095069509735e-10
            ],
            [
                0.999999874087108,
                1.2569203448901033e-07,
                9.504962582346429e-11,
                5.122937836658377e-12,
                1.2068504818497202e-10
            ],
            [
                8.91199338258235e-12,
                1.247092142622889e-10,
                0.9999999890100658,
                4.356584030061628e-09,
                6.499729055141507e-09
            ],
            [
                4.963204494729962e-08,
                4.7843311483177585e-06,
                1.845757273881206e-06,
                0.9608788638947134,
                0.039114456384819404
            ],
            [
                1.691618339648679e-09,
                6.045830987527424e-10,
                6.47145967406424e-10,
                0.7971540530499296,
                0.202845944006723
            ]
        ],
        [
            [
                0.9999683105730208,
                3.168912996649949e-05,
                9.556339038921461e-11,
                6.079379026070482e-12,
                1.9536994750848655e-10
            ],
            [
                0.4667504589875198,
                0.5332492503413453,
                4.106986030272379e-08,
                6.920237997485646e-08,
                1.8039889454754567e-07
            ],
            [
                4.134384627039233e-08,
                2.6142134481687554e-05,
                0.00019352064142829744,
                0.8597213289041438,
                0.14005896697609996
            ],
            [
                7.504452395275652e-10,
                3.506950607690028e-08,
                5.689090865828375e-08,
                0.8295918556131779,
                0.17040805167596215
            ],
            [
                1.2998819864084147e-08,
                1.7260549558987066e-09,
                1.1023556290315867e-08,
                0.5847741911790432,
                0.41522578307252567
            ]
        ],
        [
            [
                0.9999807756526922,
                1.9224266097664317e-05,
                4.0435694893858705e-11,
                1.4469891459011128e-11,
                2.6304610963434218e-11
            ],
            [
                0.00047174844613370466,
                0.9935182991292583,
                0.0001536782685269218,
                0.005853858350861226,
                2.4158052199924984e-06
            ],
            [
                3.057308398451478e-07,
                3.413425877640495e-08,
                0.0035909575301126956,
                0.8359699143814628,
                0.16043878822332583
            ],
            [
                3.6402643328952823e-09,
                6.31467268612963e-10,
                4.520823771015367e-08,
                0.6032807266887364,
                0.39671922383129427
            ],
            [
                2.0549363871461284e-06,
                3.92860168719862e-09,
                5.230325983448826e-09,
                0.00011063141857836941,
                0.9998873044861067
            ]
        ],
        [
            [
                0.9999995069162327,
                4.92987008513813e-07,
                4.284374267279022e-12,
                8.183320152635333e-11,
                1.0641130988189035e-11
            ],
            [
                4.2817402667732335e-05,
                0.12558328451489517,
                0.04606045606987114,
                0.8114775489820782,
                0.016835893030487707
            ],
            [
                2.2519578165593153e-10,
                2.9344760525750815e-08,
                1.8254216790315311e-06,
                0.9987917000368545,
                0.0012064449715101875
            ],
            [
                6.975941672031446e-08,
                2.9477555464083814e-08,
                1.6580775224777566e-07,
                0.4050042432383323,
                0.5949954917169432
            ],
            [
                1.2725406322599945e-07,
                3.6713044059539614e-09,
                2.1799461963392193e-09,
                0.4039449959603725,
                0.5960548709343138
            ]
        ],
        [
            [
                0.9971872723795974,
                0.0028127274130785524,
                5.634340476076827e-12,
                1.1842968986604967e-10,
                8.326000723563441e-11
            ],
            [
                0.26132879521518493,
                0.7386708259954854,
                1.9621149449290308e-07,
                1.407763061926346e-08,
                1.6850020470230038e-07
            ],
            [
                6.693393401970524e-09,
                3.825457808986463e-08,
                0.807374360134965,
                0.19262513014156152,
                4.6477550196571703e-07
            ],
            [
                1.139692480072345e-08,
                5.852632773790579e-09,
                4.015779635661566e-09,
                0.7879578809661107,
                0.21204209776855204
            ],
            [
                1.2895061950980421e-10,
                6.407737589802308e-10,
                4.652769266519448e-10,
                0.20437657524971992,
                0.7956234235152788
            ]
        ],
        [
            [
                0.9999998594327596,
                1.385334849931463e-07,
                4.0920838637008124e-11,
                1.2685243100822949e-10,
                1.8659819845657366e-09
            ],
            [
                0.4689645524941489,
                0.5310324521198801,
                4.6024186327942784e-07,
                2.522981934142915e-06,
                1.2162173416951516e-08
            ],
            [
                8.018875136432196e-07,
                0.0009917238512982477,
                0.002720833938281861,
                0.9880516051188827,
                0.008235035204023668
            ],
            [
                1.6746409917898048e-07,
                8.03071714214753e-08,
                4.666444883310769e-07,
                0.9839022493201746,
                0.0160970362640665
            ],
            [
                5.130652569737495e-09,
                4.739585742713114e-09,
                6.483900338832985e-10,
                0.40054597887147586,
                0.5994540106098959
            ]
        ],
        [
            [
                0.999988945939255,
                1.1053830102929981e-05,
                1.1689913838637571e-10,
                2.5776296707263584e-11,
                8.796667277355762e-11
            ],
            [
                0.002420492549117916,
                0.9931394155377375,
                0.003953491505550732,
                0.0004769841781181411,
                9.616229475687454e-06
            ],
            [
                9.181631161816757e-08,
                2.8101239376784616e-07,
                0.09380295661736976,
                0.9015853560578126,
                0.004611314496112217
            ],
            [
                3.011516922539315e-09,
                2.277249898028145e-09,
                1.6403789633531783e-08,
                0.5362760423014474,
                0.4637239360059962
            ],
            [
                4.3192710392717795e-08,
                5.699750567402806e-09,
                8.647619108961949e-10,
                0.20955237227100545,
                0.7904475779717718
            ]
        ],
        [
            [
                0.9999999387865545,
                6.120427169519299e-08,
                5.6552584416968145e-12,
                1.1734111074029958e-12,
                2.3452092666418155e-12
            ],
            [
                8.862376763065043e-06,
                0.21726241731820092,
                0.21379063401756282,
                0.5687509648269441,
                0.00018712146052909853
            ],
            [
                6.111304954548847e-09,
                9.553438272605539e-09,
                2.4813710511369037e-05,
                0.9910608525660858,
                0.00891431805865961
            ],
            [
                3.094168693434077e-08,
                1.1890759565039532e-07,
                6.026269260349235e-07,
                0.9328151952923541,
                0.06718405223143717
            ],
            [
                1.8670511115828286e-07,
                2.6191875406560413e-08,
                8.405433592688728e-09,
                0.4641345892868214,
                0.5358651894107583
            ]
        ],
        [
            [
                0.8017155100432614,
                0.1982844895628469,
                1.0375826443070152e-10,
                2.42331247080618e-10,
                4.780215348368174e-11
            ],
            [
                0.01621887480421667,
                0.9819289754320876,
                0.00011829187290463277,
                0.0016633035490171005,
                7.055434177410391e-05
            ],
            [
                2.7730379328236793e-07,
                2.234818267222518e-05,
                0.4004477058962341,
                0.4956919810348244,
                0.10383768758247607
            ],
            [
                1.389569302226616e-09,
                1.7642396974418537e-08,
                2.4067263044785233e-08,
                0.7075747190925019,
                0.2924252378082688
            ],
            [
                1.9928428739256967e-09,
                2.3533362333891422e-09,
                6.364435135227359e-10,
                0.3995181026106751,
                0.6004818924067022
            ]
        ],
        [
            [
                0.9941342131535272,
                0.005865785703752604,
                2.5070831067737316e-10,
                5.728783927892377e-10,
                3.191333166893248e-10
            ],
            [
                0.0009840688950632488,
                0.2610691844637698,
                0.5785887891251226,
                0.15927002566905557,
                8.793184698881484e-05
            ],
            [
                1.2798346840547065e-09,
                2.2887805017580014e-08,
                0.04454033934290964,
                0.9540893740447796,
                0.00137026244467104
            ],
            [
                5.989039156878911e-09,
                1.692995822149336e-09,
                1.8114003476495744e-08,
                0.5844769143391461,
                0.41552305986481547
            ],
            [
                5.217639304560871e-10,
                4.692524734837184e-09,
                3.6008329936893762e-09,
                0.7969217168209123,
                0.2030782743639661
            ]
        ],
        [
            [
                0.9999999980521315,
                1.9313654172408634e-09,
                8.10362709620181e-12,
                7.216495908340224e-12,
                1.1829838793180285e-12
            ],
            [
                0.7500539987583806,
                0.2499459876043964,
                9.347916002733357e-09,
                3.2667412692010357e-09,
                1.0225655857487118e-09
            ],
            [
                1.3729360588250194e-06,
                0.014241491587965428,
                0.011091839845590392,
                0.9734688228493904,
                0.0011964727809950094
            ],
            [
                2.231840580822884e-07,
                1.1130842358735827e-07,
                0.00022304554530310468,
                0.9450119703450544,
                0.05476464961716084
            ],
            [
                3.732043667067741e-09,
                6.996920216698517e-10,
                2.1956747816509135e-09,
                0.029995726604742624,
                0.9700042667678469
            ]
        ],
        [
            [
                0.9999806970211976,
                1.9300061601737344e-05,
                8.723668314581092e-11,
                1.2366572623834199e-10,
                2.7062981636175467e-09
            ],
            [
                0.0017261547537314732,
                0.3773849983227595,
                0.3986426764787178,
                0.22195684645478497,
                0.00028932399000613444
            ],
            [
                3.881809862136789e-08,
                4.610710695350553e-05,
                0.0004401651575798319,
                0.9710266649475817,
                0.028487023969786356
            ],
            [
                1.1939670855356646e-10,
                6.896361964237919e-10,
                1.2719611134014513e-09,
                0.5999434080619326,
                0.4000565898570734
            ],
            [
