{
    "[['A', 'B', 'C', 'D', 'E'], ['A', 'B', 'C', 'D', 'E']]": [
        [
            [
                0.9999999609012434,
                3.736290244711722e-08,
                2.2764449406912267e-11,
                5.812037008732836e-11,
                1.654969269014081e-09
            ],
            [
                0.6653532007529386,
                0.33464679744104053,
                1.0119743043167368e-09,
                4.950666123680966e-10,
                2.989800361478405e-10
            ],
            [
                1.7081270726988127e-07,
                1.8335192272921157e-06,
                0.06295090266961909,
                0.597480004890385,
                0.3395670881080612
            ],
            [
                8.739953466273036e-10,
                3.772581021361828e-09,
                1.170352962653564e-09,
                0.20208309493062418,
                0.7979168992524466
            ],
            [
                1.9495685393964663e-10,
                5.35110784465813e-10,
                3.893326718547967e-10,
                0.04495093128061379,
                0.9550490675999859
            ]
        ],
        [
            [
                0.9999997860560556,
                2.1350538086664756e-07,
                2.7326988394413717e-11,
                1.5190018579546205e-10,
                2.5933640158740147e-10
            ],
            [
                0.998507786372921,
                0.001492212921315038,
                3.288795397151763e-11,
                2.2600471178310404e-10,
                4.468712843430473e-10
            ],
            [
                7.990061218691271e-09,
                4.4448412642266025e-10,
                7.289938852080052e-09,
                0.6499730846766258,
                0.35002689959888994
            ],
            [
                1.667902182418318e-09,
                3.4346287962947885e-10,
                4.40710595883325e-10,
                0.13728489123831478,
                0.8627151063096096
            ],
            [
                9.235148763875498e-11,
                2.7934817409194977e-12,
                2.0787961319392457e-10,
                0.0004421772644525678,
                0.9995578224325229
            ]
        ],
        [
            [
                0.9999955362665044,
                4.46367738240957e-06,
                2.074055326391786e-11,
                5.354298140284218e-12,
                3.0018430368322875e-11
            ],
            [
                0.17852361823796328,
                0.8214761828180441,
                1.8294465145831302e-07,
                1.185692223865807e-08,
                4.1424188344118114e-09
            ],
            [
                3.100658170114309e-10,
                8.863455790600476e-09,
                7.632817378369133e-08,
                0.9410678463435987,
                0.05893206815470582
            ],
            [
                6.022865915125967e-12,
                2.5177787924494137e-10,
                3.853873824891049e-10,
                0.0006407810029035806,
                0.9993592183539083
            ],
            [
                8.334324971231415e-10,
                4.414238042585728e-10,
                2.1927781121885604e-10,
                0.015203674773714542,
                0.9847963237321513
            ]
        ],
        [
            [
                0.9971011017671765,
                0.0028988980521227918,
                4.293767962679287e-11,
                5.4974784732512616e-11,
                8.278820841189838e-11
            ],
            [
                0.2039597255220776,
                0.7960389534565319,
                5.091536068039733e-07,
                7.454682012439156e-07,
                6.63995824040362e-08
            ],
            [
                4.614664497458955e-08,
                2.813627929331605e-05,
                0.8021647368170928,
                0.19777803347685324,
                2.90472801158346e-05
            ],
            [
                7.825306755760391e-10,
                2.7852515947437562e-09,
                6.329302355480627e-10,
                0.20028133228209016,
                0.7997186635171973
            ],
            [
                2.4346163351207337e-11,
                3.670738083366422e-10,
                7.969060443667088e-10,
                0.02397131719051188,
                0.9760286816211621
            ]
        ],
        [
            [
                0.9953917734279909,
                0.004608225721236131,
                1.60681691563193e-10,
                2.662676805493009e-10,
                4.23823598930046e-10
            ],
            [
                0.14350839996988216,
                0.8564908149403924,
                7.349484839596225e-07,
                2.533767142949275e-08,
                2.4803569943108162e-08
            ],
            [
                1.9540609538538552e-10,
                4.707642973166316e-09,
                5.534222204037611e-09,
                0.7935877594250896,
                0.20641223013763907
            ],
            [
                1.17060100159798e-10,
                1.3089700360137151e-09,
                8.269584820163434e-11,
                0.21267600993422148,
                0.7873239885570525
            ],
            [
                3.6416451193102454e-10,
                2.866457292550542e-10,
                4.778631741705552e-10,
                0.18663353006803635,
                0.8133664688032902
            ]
        ],
        [
            [
                0.8151146541718789,
                0.1848853456400178,
                7.68551914230666e-11,
                7.02279958947527e-11,
                4.102004866171938e-11
            ],
            [
                0.0010452086723479923,
                0.9989547900674883,
                3.9549689015784915e-10,
                8.353158545207389e-10,
                2.935094328452776e-11
            ],
            [
                2.0922342345148937e-12,
                1.710463779948739e-11,
                0.9999999996616957,
                3.0937158087049483e-10,
                9.735747282962025e-12
            ],
            [
                4.165155216377298e-12,
                8.950338851155162e-11,
                1.6686531651763895e-10,
                0.0006087341876449695,
                0.9993912655518211
            ],
            [
                8.04534261156062e-09,
                2.2500693358838225e-09,
                1.276960365692185e-10,
                0.291320421864668,
                0.708679567712224
            ]
        ],
        [
            [
                0.9999846345146561,
                1.5360346332577134e-05,
                6.264183325118958e-11,
                3.1225228489495433e-11,
                5.045144310618747e-09
            ],
            [
                0.5554598615778498,
                0.4445398131969059,
                2.4864045698784857e-07,
                3.043465890945267e-08,
                4.61501286323707e-08
            ],
            [
                9.311767223588628e-09,
                1.8005005960317493e-05,
                0.7852903448926613,
                0.21370990780493357,
                0.0009817329846777136
            ],
            [
                1.5800774430325059e-10,
                2.6126464180603614e-10,
                6.571092994302199e-10,
                0.18954901492595613,
                0.8104509839976621
            ],
            [
                4.489279612459271e-09,
                1.1671214482359663e-09,
                3.351539913038752e-10,
                0.006593756813112623,
                0.9934062371953323
            ]
        ],
        [
            [
                0.9999999738015359,
                2.6145039719371334e-08,
                1.4159876560356696e-11,
                3.751675243805221e-11,
                1.7477017954836986e-12
            ],
            [
                0.9752231637002857,
                0.024776831324176823,
                1.792744643869146e-09,
                1.688677303166624e-09,
                1.494115513442365e-09
            ],
            [
                4.611863855034227e-09,
                1.2551672623090256e-09,
                6.345695566571931e-09,
                0.6519889654073412,
                0.3480110223799322
            ],
            [
                2.905625875636928e-09,
                2.642483450807604e-09,
                4.0337938023387284e-10,
                0.4924913975008176,
                0.5075085965476936
            ],
            [
                2.008404794872183e-10,
                1.3030350145964073e-09,
                1.6054280055949174e-10,
                0.19061335908821048,
                0.8093866392473713
            ]
        ],
        [
            [
                0.99994775952756,
                5.224019751300974e-05,
                2.8392587962423065e-11,
                2.4402303510991775e-10,
                2.5114177657484022e-12
            ],
            [
                0.36930978792516117,
                0.6306899386745551,
                3.323961797292049e-08,
                2.1912759802137726e-07,
                2.1033067689565557e-08
            ],
            [
                1.1690146798305442e-09,
                3.054254698503999e-08,
                1.5839510105306307e-08,
                0.9759919288975595,
                0.024008023551368732
            ],
            [
                2.090005119276386e-10,
                3.0731820042063703e-10,
                5.320406894370738e-11,
                0.18695042606145362,
                0.8130495733690236
            ],
            [
                3.52757468621856e-10,
                4.092482436712806e-10,
                3.784114960554086e-10,
                0.02232568938636073,
                0.9776743094732221
            ]
        ],
        [
            [
                0.992534585232148,
                0.007465413778104096,
                1.1498349496933567e-10,
                3.1569646553910775e-10,
                5.59067916347052e-10
            ],
            [
                0.9999497776049028,
                5.022225302253188e-05,
                1.0018124755519105e-10,
                1.5715912180013818e-11,
                2.617761363977566e-11
            ],
            [
                3.5247511616010884e-08,
                2.7517856807725154e-06,
                0.9999303030983807,
                6.563876903925972e-05,
                1.2710993876682772e-06
            ],
            [
                1.561171230367181e-10,
                6.036227858448603e-10,
                1.456943303762944e-10,
                0.390385163959716,
                0.6096148351348498
            ],
            [
                4.4686750217439567e-10,
                8.65649039693852e-11,
                8.602786372257954e-10,
                0.0023063791644986663,
                0.9976936194417902
            ]
        ],
        [
            [
                0.9999993997012894,
                5.993332184891161e-07,
                1.9479288533199256e-11,
                5.5591388094204794e-11,
                8.904214676755891e-10
            ],
            [
                0.2980218651119923,
                0.7019775236157405,
                2.0779440073680594e-07,
                2.8865995128989046e-08,
                3.746118712850444e-07
            ],
            [
                3.025422800469497e-12,
                4.571727137953992e-12,
                0.9999999999829488,
                6.4275807670662175e-12,
                3.0265444582138787e-12
            ],
            [
                1.1075591403633163e-09,
                2.4240075380644973e-10,
                9.978040464192234e-09,
                0.26850406281481787,
                0.7314959258571817
            ],
            [
                5.961532086940526e-11,
                3.117165629745835e-10,
                2.589387232500681e-10,
                0.0063886603679139415,
                0.9936113390018154
            ]
        ],
        [
            [
                0.9999799164301443,
                2.008342095986234e-05,
                8.235601807674499e-11,
                2.8792356037524946e-11,
                3.774748172705887e-11
            ],
            [
                0.031356850894303546,
                0.9686422440306292,
                4.79527185406813e-07,
                4.234312468927226e-07,
                2.116634984908821e-09
            ],
            [
                3.080344808153815e-08,
                1.8652708527266807e-06,
                0.9781795450272253,
                0.007053265193823729,
                0.014765293704650205
            ],
            [
                2.188315578539594e-09,
                3.1904324267665914e-10,
                7.391054034104423e-10,
                0.11717291636366811,
                0.8828270803898677
            ],
            [
                3.6598424536668436e-10,
                1.8727395423579295e-09,
                4.431296583286276e-10,
                0.21997524784326306,
                0.7800247494748834
            ]
        ],
        [
            [
                0.9999991518845058,
                8.476669996432e-07,
                1.599866094290037e-10,
                3.8157618579117905e-11,
                2.503503571811756e-10
            ],
            [
                0.3886379401334421,
                0.6113620013883163,
                7.64228015753636e-09,
                4.6340139314337776e-08,
                4.495822102706782e-09
            ],
            [
                4.410077525499195e-08,
                2.2234122190965505e-07,
                0.3316696148993926,
                0.6681806278216419,
                0.0001494908369683184
            ],
            [
                1.431842607870309e-10,
                3.907810865174116e-09,
                5.380975034498421e-10,
                0.0539286589770963,
                0.9460713364338111
            ],
            [
                3.455058008307942e-09,
                7.732308846495386e-10,
                1.4694404690288016e-10,
                0.20142510775073044,
                0.7985748878740366
            ]
        ],
        [
            [
                0.9999994678635863,
                5.320436650736092e-07,
                2.969934764535607e-11,
                6.085150682810984e-11,
                2.1977745873265902e-12
            ],
            [
                0.5152533708863697,
                0.4847466232085001,
                1.1129615719631715e-09,
                6.793055431189662e-10,
                4.112863232361034e-09
            ],
            [
                1.8475971772271228e-10,
                5.471119909997051e-10,
                4.993325617307476e-10,
                0.8052625661639453,
                0.1947374326048505
            ],
            [
                4.618931300104306e-10,
                7.403897961882803e-11,
                4.329175742605995e-10,
                0.17302998070083367,
                0.8269700183303167
            ],
            [
                1.3425676580243809e-08,
                1.8976826812178824e-09,
                6.208492804191654e-10,
                0.3781047545252873,
                0.6218952295305041
            ]
        ],
        [
            [
                0.999994362951726,
                5.636940206434332e-06,
                9.748380945453068e-12,
                1.0038169035719927e-11,
                8.828105112177064e-11
            ],
            [
                0.8021662778918021,
                0.19783372156143253,
                3.257969910307956e-10,
                1.805713053423384e-10,
                4.039713289560215e-11
            ],
            [
                4.393932197071474e-10,
                1.6535115618962008e-09,
                4.135829387673506e-09,
                0.9993115208983483,
                0.0006884728729175441
            ],
            [
                4.657857072119267e-10,
                6.910382283518659e-11,
                2.9200959249738523e-10,
                0.13974294437649684,
                0.8602570547966041
            ],
            [
                2.263442850351204e-09,
                6.843034288793341e-09,
                3.782942828084921e-10,
                0.10018312691576722,
                0.8998168635994613
            ]
        ],
        [
            [
                0.9999749635044464,
                2.5036142112365907e-05,
                5.967254809930722e-11,
                2.5093221811842663e-10,
                4.2836503467181795e-11
            ],
            [
                0.6473374997530298,
                0.3526624985671756,
                1.4564184314216126e-10,
                1.4706532423473035e-09,
                6.349954259300089e-11
            ],
            [
                2.354107446257184e-08,
                6.234474819643701e-06,
                1.7431351878392278e-07,
                0.9641281589954359,
                0.03586540867515123
            ],
            [
                4.4654427264668037e-10,
                3.282679691715103e-10,
                1.2400145375686142e-09,
                0.0024462996488709226,
                0.9975536983363024
            ],
            [
                1.737706895826447e-10,
                4.2483389277581075e-10,
                2.2496899099469006e-10,
                0.13619157022288877,
                0.8638084289535376
            ]
        ],
        [
            [
                0.999816499436578,
                0.00018350037715982249,
                7.390801311201309e-12,
                9.004690073043066e-11,
                8.882454748329283e-11
            ],
            [
                0.9992231863370312,
                0.0007768097670018403,
                2.832148735350602e-10,
                4.303807551539131e-10,
                3.1823711894567245e-09
            ],
            [
                1.0299342880184521e-08,
                4.610024658538627e-09,
                1.301300164857136e-07,
                0.9471075249439342,
                0.0528923300166817
            ],
            [
                4.245911796446895e-10,
                1.9588324949937626e-09,
                4.143048025318623e-10,
                0.2226914688647929,
                0.7773085283374787
            ],
            [
                3.5712043474333737e-12,
                2.0677292841891515e-09,
                1.4580252820930257e-09,
                0.007498724915002742,
                0.9925012715556715
            ]
        ],
        [
            [
                0.9999325711061338,
                6.742853286044475e-05,
                2.5594292294005844e-12,
                5.874792373797492e-11,
                2.996985503402906e-10
            ],
            [
                0.9634424980899805,
                0.03655749002822554,
                1.3819017032889158e-10,
                9.973371980788885e-09,
                1.7702317422856573e-09
            ],
            [
                2.1121634519374945e-09,
                6.291349114930031e-10,
                0.9996974212560036,
                0.000300245791467939,
                2.3302112300829275e-06
            ],
            [
                2.7368906622838834e-09,
                9.777105027314437e-10,
                9.908576171051594e-10,
                0.008811489991220159,
                0.991188505303321
            ],
            [
                6.536205573793703e-10,
                3.48497869563905e-11,
                4.146001518175349e-10,
                0.023841167637103658,
                0.9761588312598258
            ]
        ],
        [
            [
                0.9999954030113207,
                4.596780172125486e-06,
                8.796419557654088e-11,
                9.463445637717174e-11,
                2.590860377075342e-11
            ],
            [
                0.02418992231667811,
                0.9758085876956105,
                1.3221233182912585e-06,
                1.0438555163839156e-07,
                6.347884141787105e-08
            ],
            [
                5.558949310913015e-09,
                9.840363599059158e-08,
                0.962893411414068,
                0.03707009916488518,
                3.638545846151678e-05
            ],
            [
                1.040911675027894e-11,
                2.2724201702967808e-10,
                1.2191583946061972e-09,
                0.003131564869701763,
                0.9968684336734887
            ],
            [
                1.3448519990176138e-10,
                1.7978429722802983e-10,
                9.370562010049677e-10,
                0.0004950158846547996,
                0.9995049828640195
            ]
        ],
        [
            [
                0.9999999166221852,
                8.335876788649977e-08,
                9.622069926644916e-12,
                7.176118050392101e-12,
                2.248631613508182e-12
            ],
            [
                0.9999875383866742,
                1.246145238066782e-05,
                2.8725290152478395e-11,
                2.4036691647454103e-11,
                1.0818325346968094e-10
            ],
            [
                7.95035684549877e-12,
                2.470155398777053e-11,
                0.9999999998076543,
                8.160838662357153e-11,
                7.808552677815089e-11
            ],
            [
                5.209789361533402e-10,
                1.1644409337590008e-11,
                2.5322737677281017e-09,
                0.3669518422633355,
                0.6330481546717674
            ],
            [
                6.796708911528987e-11,
                8.946701905159584e-12,
                4.861503144325724e-11,
                0.003860657008074727,
                0.9961393428663965
            ]
        ],
        [
            [
                0.99998651357408,
                1.3480498794389918e-05,
                4.6617529892981723e-11,
                1.8229544904923558e-10,
                5.698212661231391e-09
            ],
            [
                0.9444004273717544,
                0.05559956595396497,
                6.651037868696942e-10,
                1.1929861510736792e-09,
                4.816190653311782e-09
            ],
            [
                9.6427200369354e-10,
                3.659076388778148e-08,
                0.0004937376523189834,
                0.9987219268038126,
                0.0007842979888325881
            ],
            [
                9.544239279656976e-10,
                2.1952955867500418e-10,
                3.908897387181743e-09,
                0.545998239762306,
                0.4540017551548432
            ],
            [
                2.0088852532033713e-09,
                3.74668281004719e-09,
                8.797998613941717e-10,
                0.2388967414927896,
                0.7611032518718424
            ]
        ],
        [
            [
                0.9999976502644023,
                2.3496837945624947e-06,
                1.2138580319146443e-11,
                8.837912873148968e-12,
                3.082655356587261e-11
            ],
            [
                0.8035970565070806,
                0.19640294295662805,
                9.439988783664972e-11,
                3.590796020151188e-10,
                8.281190161105242e-11
            ],
            [
                9.958743690040654e-08,
                3.535026027425533e-06,
                0.9799257583796347,
                0.020068784606149765,
                1.822400751433902e-06
            ],
            [
                9.409732803050423e-10,
                6.63971006223092e-10,
                1.1201566404103008e-10,
                0.002372014426828532,
                0.9976279838562114
            ],
            [
                2.547199827822522e-09,
                1.2954841180546874e-09,
                8.776802715944517e-10,
                0.4500410869275945,
                0.5499589083520413
            ]
        ],
        [
            [
                0.9999850241915704,
                1.4975279868818392e-05,
                3.7894050737892234e-10,
                3.2018661763339975e-11,
                1.1760160702821877e-10
            ],
            [
                0.4302132400466058,
                0.5697867209366416,
                3.810979278620043e-09,
                9.507864655723925e-09,
                2.5697908802471844e-08
            ],
            [
                9.50756152109009e-09,
                6.066805239748308e-09,
                1.281375976416189e-07,
                0.7634403049452421,
                0.23655955134279355
            ],
            [
                8.15453865908368e-11,
                7.808283085668814e-10,
                6.285613859770222e-10,
                0.1991699216405952,
                0.8008300768684697
            ],
            [
                3.705628058608861e-11,
                1.1643076158181376e-09,
                4.6372691385508837e-10,
                0.2000529327700536,
                0.7999470655648556
            ]
        ],
        [
            [
                0.9904537841334972,
                0.009546214725509896,
                3.1146632475480183e-10,
                7.540755845676513e-10,
                7.545101895606126e-11
            ],
            [
                0.005290795382031505,
                0.9947085764019732,
                5.103899118230909e-07,
                1.088462897180297e-07,
                8.979793738028208e-09
            ],
            [
                7.860789786765409e-09,
                4.14775535701181e-07,
                0.9873418761403874,
                0.012656225963768747,
                1.475259518357723e-06
            ],
            [
                5.189895675367467e-10,
                1.958399196323291e-09,
                5.584307012507632e-09,
                0.3783987007111596,
                0.6216012912271447
            ],
            [
                2.3756975003629794e-10,
                1.0491672000372977e-09,
                6.756823561218813e-10,
                0.005846892511106821,
                0.9941531055264738
            ]
        ],
        [
            [
                0.999992302312011,
                7.697595393577198e-06,
                2.2393611757054237e-11,
                6.567687397078789e-11,
                4.524951371249082e-12
            ],
            [
                0.99985795216783,
                0.00014204778604130574,
                2.071488062515678e-11,
                1.892169163638773e-11,
                6.4921631839416e-12
            ],
            [
                9.053770086407635e-08,
                3.401098459522388e-06,
                0.7628788753736698,
                0.23709816508223078,
                1.9467907939119428e-05
            ],
            [
                1.8525644809549002e-09,
                2.0033784541965334e-09,
                5.706562329009842e-10,
                0.21944758964811958,
                0.7805524059252812
            ],
            [
                3.473546920881049e-09,
                1.3435461175422128e-10,
                3.621716200259118e-10,
                0.07937607242131707,
                0.9206239236086098
            ]
        ],
        [
            [
                0.8013259850023763,
                0.19867401464166048,
                2.8210257877374577e-11,
                2.1056969739852825e-10,
                1.171834227328223e-10
            ],
            [
                0.3736381596077134,
                0.6263614264794896,
                3.2657595423716186e-07,
                6.363273783669051e-08,
                2.3704104962013787e-08
            ],
            [
                1.0216621843567721e-10,
                1.3118909988101263e-09,
                2.407691763137579e-07,
                0.9957191854304073,
                0.0042805723863591555
            ],
            [
                3.5069780234977002e-09,
                1.9324116618199623e-09,
                2.768921201525981e-10,
                0.0012284549844163793,
                0.9987715392993018
            ],
            [
                1.1597999900303367e-09,
                9.785143504778717e-09,
                1.1146319070762443e-10,
                0.36938792213984223,
                0.630612066803751
            ]
        ],
        [
            [
                0.9999997861444385,
                2.1372375626575095e-07,
                2.0317188108056687e-11,
                1.9571677571395706e-11,
                9.191639683669985e-11
            ],
            [
                0.03586571428362746,
                0.9641342678170087,
                1.1806201374493498e-08,
                3.169240833496643e-09,
                2.923921674318085e-09
            ],
            [
                2.6125264086838773e-09,
                7.827455049956917e-08,
                6.989375392680232e-08,
                0.9064743996493284,
                0.09352544956984078
            ],
            [
                1.131714455712851e-09,
                1.2355927164342965e-09,
                3.3347967419660994e-11,
                0.20967348260947066,
                0.7903265149898742
            ],
            [
                7.809817157691094e-10,
                6.7862176723964844e-09,
                1.7170803577521925e-10,
                0.3641467044891555,
                0.6358532877719371
            ]
        ],
        [
            [
                0.9999960792153089,
                3.920752065384257e-06,
                4.037367104020219e-12,
                8.016599748246154e-12,
                2.0571844998093674e-11
            ],
            [
                0.6854936750665522,
                0.3145063227200575,
                1.49147035227136e-09,
                3.6030863836444794e-10,
                3.6161128256330484e-10
            ],
            [
                3.850020053328293e-10,
                1.0514751157819858e-09,
                0.9998120296355028,
                0.00018671456589200254,
                1.2543621282067913e-06
            ],
            [
                1.793196679005228e-09,
                1.983695170404661e-09,
                1.2624664524427393e-10,
                0.02391027496791543,
                0.9760897211289461
            ],
            [
                3.2773642668397984e-09,
                2.074337740544493e-09,
                1.1860448991528606e-10,
                0.2252501176948878,
                0.7747498768348057
            ]
        ],
        [
            [
                0.9809284401501266,
                0.019071558187851913,
                3.451741723436736e-11,
                4.4245956473651673e-10,
                1.1850445041493332e-09
            ],
            [
                0.8885477559733104,
                0.11145224147054786,
                1.501724897266325e-09,
                8.311566910534751e-10,
                2.232600951576014e-10
            ],
            [
                4.061103478195438e-09,
                1.1696804995817619e-08,
                0.999307279187503,
                0.0006810721361385244,
                1.1632918449892767e-05
            ],
            [
                3.532557883331357e-10,
                3.8719045438789466e-11,
                9.698940297710596e-11,
                0.0005074781521268311,
                0.9994925213589089
            ],
            [
                9.157601638130423e-10,
                2.2185801405939123e-10,
                1.038147013046839e-10,
                0.0005350963636850181,
                0.9994649023948821
            ]
        ],
        [
            [
                0.999801638608684,
                0.00019836111454612663,
                4.914958637589738e-11,
                1.8947508084765008e-10,
                3.814514171256468e-11
            ],
            [
                0.8070800246670154,
                0.19291997379868653,
                3.112046984413573e-10,
                6.881541832787545e-10,
                5.349390669833126e-10
            ],
            [
                1.2237873124678245e-06,
                9.419354314595952e-06,
                0.7135403957480743,
                0.2861135922842561,
                0.0003353688260427188
            ],
            [
                1.311596082332024e-09,
                7.769139214504532e-10,
                1.7073066557306075e-10,
                0.009492840088601896,
                0.9905071576521574
            ],
            [
                5.150776099675834e-10,
                2.6177072388592243e-10,
                5.827372932894167e-11,
                0.0010600690097749834,
                0.998939930155103
            ]
        ],
        [
            [
                0.9999987225539597,
                1.2762424781071824e-06,
                9.198630673993058e-12,
                5.711811872406736e-11,
                1.1372454775793208e-09
            ],
            [
                0.002693166455471856,
                0.9952098267662363,
                0.002088839747175518,
                5.781011585796955e-06,
                2.3860195306095774e-06
            ],
            [
                1.6509469776772808e-10,
                5.766063400094748e-10,
                6.694479379957522e-08,
                0.7912019063941907,
                0.20879802591931437
            ],
            [
                1.761200348751698e-10,
                2.2350664318601989e-10,
                3.110991619652558e-10,
                0.003920125099582625,
                0.9960798741896916
            ],
            [
                6.168182945788786e-10,
                2.0194132392975683e-09,
                3.4400256183054596e-11,
                0.008108026456470413,
                0.9918919708728978
            ]
        ],
        [
            [
                0.9999999796482053,
                1.8804440308413814e-08,
                4.38882339739508e-11,
                6.230615051235413e-10,
                8.804046039733926e-10
            ],
            [
                0.9999022289451335,
                9.777055918691401e-05,
                1.9900895389173177e-10,
                4.1460284749787126e-11,
                2.552104136546589e-10
            ],
            [
                5.91186799097085e-10,
                2.8480027004122565e-08,
                7.61093460455415e-09,
                0.6909596072122741,
                0.30904035610557745
            ],
            [
                1.720698829073806e-10,
                1.5726988059222354e-09,
                6.623996671708775e-10,
                0.01711336824147012,
                0.9828866293513615
            ],
            [
                1.5206011535338883e-09,
                4.614598278706068e-10,
                9.810955001731799e-11,
                0.1635721646694333,
                0.8364278332503962
            ]
        ],
        [
            [
                0.9999999441353946,
                5.448324702852802e-08,
                1.5589091939428262e-11,
                5.691683224871196e-11,
                1.3088524303140957e-09
            ],
            [
                0.7303586406198359,
                0.26964135108144843,
                1.3587928038208112e-09,
                5.625107552269985e-09,
                1.3148153427908037e-09
            ],
            [
                9.794944823259882e-08,
                2.5034623866559812e-06,
                0.8124151132032582,
                0.18673108999187718,
                0.0008511953930296732
            ],
            [
                3.952456022353565e-09,
                9.150228015496443e-10,
                2.3620246033178547e-10,
                0.0559553119307045,
                0.9440446829656142
            ],
            [
                4.401153568241223e-10,
                1.6143567323466728e-10,
                2.096342647302418e-09,
                0.24078367157936123,
                0.7592163257227451
            ]
        ],
        [
            [
                0.9954043359838208,
                0.004595663457101592,
                1.282604733756308e-10,
                3.292551551514385e-10,
                1.0156185655926351e-10
            ],
            [
                0.9809300128301245,
                0.019069986056353846,
                2.908770210310194e-10,
                6.117990095948807e-10,
                2.108457343426463e-10
            ],
            [
                1.7481625688034003e-07,
                3.4558437862332333e-06,
                0.2744193105001526,
                0.7254460050570521,
                0.00013105378275215092
            ],
            [
                3.578205342548581e-09,
                2.3150388035989648e-09,
                1.305905015079356e-10,
                0.009975634821792367,
                0.9900243591543729
            ],
            [
                4.072183216370828e-12,
                1.6636061799913584e-10,
                8.900888528798057e-10,
                2.8923155778044135e-06,
                0.9999971066239006
            ]
        ],
        [
            [
                0.999986315642913,
                1.3684271984846462e-05,
                3.892237031907727e-11,
                2.788795572466004e-11,
                1.829186647657612e-11
            ],
            [
                0.7810636473209883,
                0.21893635016667753,
                1.1260990202427838e-09,
                9.255311122755399e-10,
                4.6070391778632955e-10
            ],
            [
                1.0764880937418077e-12,
                3.25641192412853e-12,
                0.9999999999868836,
                1.6303026679432947e-12,
                7.153269946033201e-12
            ],
            [
                3.217102190516051e-10,
                4.513397325290763e-10,
                8.158544678932696e-10,
                0.3677240613386457,
                0.6322759370724498
            ],
            [
                1.2316792039534545e-09,
                3.7253436819835253e-10,
                6.461339135079133e-10,
                0.0009740114644186799,
                0.9990259862852339
            ]
        ],
        [
            [
                0.998661074746262,
                0.0013389247376948286,
                8.927025580386265e-11,
                4.097003867289015e-10,
                1.707254543215928e-11
            ],
            [
                0.7931691430618064,
                0.20683085625444841,
                2.734378682439392e-10,
                1.9915983769215725e-10,
                2.1114748691869587e-10
            ],
            [
                1.0166493180539596e-07,
                3.979701542769041e-08,
                0.0001513366070215938,
                0.7409838811547459,
                0.2588646407762853
            ],
            [
                2.8194732818212417e-09,
                2.1156849463144282e-10,
                1.6247211996516046e-11,
