{
    "[['A', 'B', 'C', 'D', 'E'], ['A', 'B', 'C', 'D', 'E']]": [
        [
            [
                0.9999968156176646,
                3.1842094429775223e-06,
                6.172996203634899e-11,
                8.29417229610958e-11,
                2.8220684239950072e-11
            ],
            [
                3.410363496448595e-05,
                0.17378406995016454,
                0.0008320627412468051,
                0.8249574964210296,
                0.00039226725259467946
            ],
            [
                9.262897013254064e-09,
                3.085708759227559e-08,
                3.020194340593347e-08,
                0.7600140821656637,
                0.23998584751240828
            ],
            [
                5.947372163291045e-10,
                2.4762360862600003e-10,
                3.538481924614408e-09,
                0.9999042070340007,
                9.578858515660572e-05
            ],
            [
                8.529122583044984e-10,
                6.238993643263729e-10,
                7.816483488725668e-10,
                0.9986513452852146,
                0.0013486524563255102
            ]
        ],
        [
            [
                0.9999849771794285,
                1.502197946729817e-05,
                3.388769792401693e-11,
                3.452108472915964e-11,
                7.726954159689313e-10
            ],
            [
                0.7750017375729846,
                0.22499826024803846,
                1.136855132490159e-09,
                6.659178955898464e-10,
                3.7620393991070604e-10
            ],
            [
                2.2621205484957981e-07,
                1.4309274192191765e-06,
                0.15450737058998795,
                0.8451513676560852,
                0.0003396046144526993
            ],
            [
                5.097770710452612e-09,
                2.249117941830843e-09,
                2.388771787180648e-09,
                0.5312649897834648,
                0.46873500048087474
            ],
            [
                1.2982353304188333e-07,
                4.5272890253148143e-10,
                2.0066549028925856e-10,
                0.7994795506455936,
                0.20052031887747895
            ]
        ],
        [
            [
                0.9761276539123304,
                0.023872343287978357,
                2.8992425379452307e-10,
                2.1901468439316305e-10,
                2.2907524360689514e-09
            ],
            [
                0.7965688075331665,
                0.20343119206364554,
                1.7967203120775543e-10,
                1.5178959206544213e-10,
                7.172628347704471e-11
            ],
            [
                1.1148092377781883e-07,
                0.006109722059741192,
                0.893867705221819,
                0.1000215524768727,
                9.087606433244683e-07
            ],
            [
                2.5769750367964517e-08,
                2.40057006389621e-07,
                2.2390708186258023e-08,
                0.9344969511228822,
                0.06550276065965278
            ],
            [
                2.6208548529015353e-09,
                8.844265212077386e-09,
                1.7705481231797693e-08,
                0.6391219217024252,
                0.3608780491269736
            ]
        ],
        [
            [
                0.9999881454924967,
                1.1854139842404008e-05,
                4.973124229315248e-11,
                4.176988740424726e-11,
                2.761597857920531e-10
            ],
            [
                2.4365619119654945e-05,
                0.24516941512744592,
                0.3535133695715122,
                0.40128105474073666,
                1.1794941185639742e-05
            ],
            [
                4.2860422214628696e-07,
                0.0027192732754988784,
                0.4011600650243232,
                0.5058738556593372,
                0.09024637743661854
            ],
            [
                8.657018384367865e-08,
                5.054384037557122e-08,
                2.9377750294704825e-08,
                0.3276068436180552,
                0.6723929898901704
            ],
            [
                2.401827958827408e-09,
                7.571830176543898e-09,
                8.518379411942967e-09,
                0.6080219318980533,
                0.39197804960990923
            ]
        ],
        [
            [
                0.8074624071207257,
                0.19253759218395852,
                1.2364299017775926e-10,
                4.73791007734311e-10,
                9.788180767625182e-11
            ],
            [
                0.024906603533627513,
                0.9748409426419659,
                0.00023772916837541306,
                1.4439524489872108e-05,
                2.851315413698756e-07
            ],
            [
                7.349897573069978e-08,
                1.5902396801529522e-07,
                7.609142448864814e-05,
                0.9976807474821943,
                0.002242928570373336
            ],
            [
                7.63590741964746e-09,
                9.192923067821819e-09,
                1.3272674498220555e-08,
                0.40588150953944274,
                0.5941184603590522
            ],
            [
                1.1767985041206522e-10,
                1.295881585508413e-09,
                3.157045618256512e-10,
                0.5987265505548313,
                0.40127344771590273
            ]
        ],
        [
            [
                0.8445190054444474,
                0.15548099336443014,
                3.521712898750684e-10,
                6.259246393436888e-10,
                2.1302657860018782e-10
            ],
            [
                0.35574732425312683,
                0.6442526414330697,
                2.3754844352316998e-08,
                1.0164989835764349e-08,
                3.939691731427543e-10
            ],
            [
                3.614564307284235e-07,
                0.0003079179816601262,
                0.6732206866342738,
                0.3264682989640875,
                2.7349635477080582e-06
            ],
            [
                1.927348542305975e-10,
                1.9445792618093275e-10,
                3.0942735306842294e-09,
                0.7998369874172646,
                0.20016300910126908
            ],
            [
                1.3090391588521393e-09,
                4.656189677470048e-10,
                3.222805890741893e-10,
                0.6095403086262258,
                0.3904596892768356
            ]
        ],
        [
            [
                0.970387216413725,
                0.02961278236092248,
                8.530232606414312e-10,
                3.085760713786382e-10,
                6.375321905984722e-11
            ],
            [
                0.8238354373077758,
                0.17616456036546005,
                1.2170345801406507e-09,
                2.890542668790255e-10,
                8.206754454354862e-10
            ],
            [
                2.4171125776235165e-06,
                0.00039526748856096917,
                0.4914668248632945,
                0.5076790066916652,
                0.0004564838439017537
            ],
            [
                6.170994624637517e-09,
                6.6888336751936015e-09,
                2.7943094483564255e-09,
                0.7555107193139429,
                0.24448926503191937
            ],
            [
                5.5502806822290455e-09,
                2.7698153105162325e-09,
                4.338755590652039e-09,
                0.006284231211760966,
                0.9937157561293875
            ]
        ],
        [
            [
                0.9991859696333114,
                0.0008140301602753065,
                1.5036682616495999e-10,
                7.974066215469492e-12,
                4.807234642126184e-11
            ],
            [
                0.7764173433721948,
                0.22358265372361358,
                1.177641685622419e-09,
                5.313344569078065e-10,
                1.195215174985557e-09
            ],
            [
                2.2507443692492e-06,
                6.644798788158306e-05,
                0.25636557126170256,
                0.7432620885026759,
                0.0003036415033706073
            ],
            [
                2.071718633887714e-09,
                1.9501139338382532e-09,
                3.063010010869367e-09,
                0.5996740316789672,
                0.40032596123619035
            ],
            [
                6.374429826903643e-09,
                1.3746355279714755e-09,
                3.212998421428702e-09,
                0.5990277682781008,
                0.40097222075983546
            ]
        ],
        [
            [
                0.875504511795803,
                0.12449548728603259,
                4.2310226566970055e-10,
                2.0026145424950447e-10,
                2.9480063362078525e-10
            ],
            [
                0.8151466923431694,
                0.18485330365047078,
                2.8867390711179326e-10,
                1.1428024560123374e-10,
                3.6034057655313818e-09
            ],
            [
                6.830505999076852e-07,
                3.57080504445531e-05,
                0.0038747406927620944,
                0.6469335138748995,
                0.3491553543312939
            ],
            [
                3.558520945994493e-10,
                1.463840737663332e-10,
                4.346896119529197e-10,
                0.798659160650791,
                0.20134083841228317
            ],
            [
                1.3389759453415353e-09,
                1.1715824974972046e-09,
                5.575099275309763e-09,
                0.41702958648654914,
                0.5829704054277931
            ]
        ],
        [
            [
                0.8231810244274715,
                0.17681897434436067,
                2.2856207657270087e-10,
                4.972580910159772e-10,
                5.023475052173726e-10
            ],
            [
                0.9689926743053119,
                0.03100732272014556,
                5.627284087336238e-10,
                9.024238884885375e-10,
                1.5093903012967022e-09
            ],
            [
                1.1956564300047772e-06,
                2.814147594777904e-05,
                0.3180732538129167,
                0.6790192220237999,
                0.002878187030905538
            ],
            [
                3.6721529215826196e-09,
                3.7140724513584338e-09,
                1.0068781400139824e-08,
                0.5025817439537232,
                0.4974182385912701
            ],
            [
                6.988407392420699e-10,
                1.3199081976122785e-09,
                1.0358155915704776e-08,
                0.7380199180482568,
                0.2619800695748383
            ]
        ],
        [
            [
                0.9999982979384598,
                1.7015831143261234e-06,
                2.356561989135868e-11,
                7.394301885979046e-12,
                4.4746595595728933e-10
            ],
            [
                0.00034347079260450657,
                0.05077837199071777,
                0.6014163112054651,
                0.3470803905142073,
                0.0003814554970053309
            ],
            [
                2.4289804845183876e-08,
                4.262838748547467e-08,
                0.40750306131656805,
                0.5924560097562855,
                4.086200895398421e-05
            ],
            [
                7.95403194573266e-10,
                2.711637890793776e-09,
                5.263882104301248e-09,
                0.40060501564338014,
                0.5993949755856967
            ],
            [
                1.2737747643116932e-08,
                5.864904663865302e-09,
                1.5511377523199103e-08,
                0.5476912928305413,
                0.4523086730554289
            ]
        ],
        [
            [
                0.9999996178456942,
                3.819459363861846e-07,
                2.6546250236178356e-12,
                1.552845328056994e-10,
                5.043011887987018e-11
            ],
            [
                3.086187360344851e-07,
                0.2047948088885354,
                0.3859984942038303,
                0.31229745564477557,
                0.09690893264412266
            ],
            [
                2.4852983086877303e-08,
                0.00017965605925961573,
                0.002810239738484314,
                0.9778960684342604,
                0.01911401091501262
            ],
            [
                1.9950411589526383e-08,
                7.918969574904321e-08,
                1.082828456226423e-08,
                0.39852340665707014,
                0.6014764833745379
            ],
            [
                1.4434834933508267e-07,
                1.2772532650674162e-08,
                3.1054108030042124e-08,
                0.5439699799991027,
                0.45602983182590723
            ]
        ],
        [
            [
                0.9998169244121335,
                0.00018307507067126332,
                3.045106060918642e-10,
                6.209817444827052e-11,
                1.5058637991361468e-10
            ],
            [
                1.1809952463561336e-06,
                0.0005056831544597713,
                0.0007841323246769187,
                0.9983148253332489,
                0.0003941781923680823
            ],
            [
                1.2927007768306945e-07,
                0.00015899426050415915,
                0.675295294678575,
                0.3183916353058783,
                0.006153946484964978
            ],
            [
                1.0568841917349949e-08,
                1.413001784607888e-09,
                6.259022030179761e-10,
                0.3999491226591254,
                0.6000508647331286
            ],
            [
                8.987231556811142e-09,
                5.085139104723262e-09,
                9.00438261728548e-09,
                0.4044800432642342,
                0.5955199336590126
            ]
        ],
        [
            [
                0.9999995478307429,
                4.5208055486019765e-07,
                6.492635046277133e-11,
                3.476246597048739e-12,
                2.0299685058104578e-11
            ],
            [
                0.23384957927044478,
                0.7661497868384901,
                1.0312155205874501e-07,
                4.985269822353374e-07,
                3.224253069809781e-08
            ],
            [
                6.289712375102426e-07,
                5.529355498347991e-07,
                0.0016349375404641209,
                0.9887203510595374,
                0.00964352949321115
            ],
            [
                7.875004919209472e-10,
                5.055806039560396e-10,
                2.7735554734090003e-09,
                0.6599090305890055,
                0.34009096534435795
            ],
            [
                5.920075744912687e-10,
                6.135090799456614e-10,
                1.3269059610511598e-08,
                0.20164852687305537,
                0.7983514586523683
            ]
        ],
        [
            [
                0.999756664940741,
                0.00024333465659248858,
                7.003149841435431e-11,
                6.407543861251477e-11,
                2.6855952283407084e-10
            ],
            [
                3.048633240374841e-06,
                0.1993235170142731,
                0.012372161720912855,
                0.7812376691330073,
                0.007063603498566442
            ],
            [
                6.472649730299319e-09,
                4.94448888845628e-08,
                1.1146848375421053e-08,
                0.9017876042985711,
                0.09821232863704202
            ],
            [
                4.6089278880848854e-09,
                5.590594543498522e-09,
                1.1846021162875311e-08,
                0.58508217357626,
                0.41491780437819636
            ],
            [
                1.0444538688787303e-09,
                2.497309303035018e-09,
                2.0814960632138396e-09,
                0.6309587985928121,
                0.3690411957839287
            ]
        ],
        [
            [
                0.9999999888265975,
                1.0466008298328482e-08,
                9.605826889607882e-11,
                6.021167411338392e-10,
                9.218975339626903e-12
            ],
            [
                0.5851320186316512,
                0.41486792356593544,
                1.3462004371016777e-08,
                2.860672292650016e-08,
                1.573368587480714e-08
            ],
            [
                1.7930502721221481e-06,
                0.05572055857797203,
                0.5175790590618747,
                0.42669782191193084,
                7.673979504431841e-07
            ],
            [
                3.3647586584942894e-09,
                1.1276559455399421e-08,
                1.7603443438945835e-08,
                0.43609297912151535,
                0.5639069886337231
            ],
            [
                8.715419618894011e-10,
                5.115798037571672e-10,
                2.6613253709156933e-09,
                0.3880937386667442,
                0.6119062572888087
            ]
        ],
        [
            [
                0.9999979713845141,
                2.02765984531372e-06,
                7.006551423189195e-10,
                1.7206757592723592e-10,
                8.291786220783742e-11
            ],
            [
                0.05269271846862778,
                0.9473065234765811,
                6.27086049242104e-08,
                4.972559547831132e-07,
                1.9809023155654942e-07
            ],
            [
                1.8333824687619458e-08,
                2.863383941608178e-07,
                0.19435119389169142,
                0.8055290589014615,
                0.00011944253462830159
            ],
            [
                3.248916320965934e-10,
                1.5926648963929948e-10,
                4.770687981192409e-10,
                0.6000075044934274,
                0.3999924945453456
            ],
            [
                1.5937236590495241e-09,
                8.320299898498076e-09,
                3.2489559176035295e-09,
                0.4036184666978186,
                0.596381520139202
            ]
        ],
        [
            [
                0.9999999778524683,
                2.2124121986052556e-08,
                1.0018488053990235e-11,
                4.279166453979944e-12,
                9.112017602413517e-12
            ],
            [
                0.5816039788585875,
                0.4183954348081158,
                4.96261703671855e-07,
                7.875677201621352e-08,
                1.1314820963745268e-08
            ],
            [
                8.327084813683001e-07,
                3.1336445540396954e-05,
                0.6539276793751564,
                0.346024867883268,
                1.5283587553821595e-05
            ],
            [
                4.7139658200089745e-09,
                1.9053579937353845e-08,
                1.2834810197345883e-08,
                0.3372173728075455,
                0.6627825905900986
            ],
            [
                1.7359425909507378e-08,
                3.6727356733786035e-08,
                3.966594981705507e-09,
                0.5992142553114957,
                0.40078568663512665
            ]
        ],
        [
            [
                0.9999995333405085,
                4.6656150127187117e-07,
                7.05776064896838e-12,
                3.6874752721215203e-11,
                5.405762663971914e-11
            ],
            [
                2.797447419543014e-05,
                0.30122777014965746,
                0.004504914708605097,
                0.6935855467204409,
                0.0006537939471011798
            ],
            [
                1.1966529280232712e-06,
                2.0749555092116607e-06,
                0.35792634661856504,
                0.5939233773499745,
                0.04814700442302327
            ],
            [
                9.545078443926874e-10,
                4.755985900402244e-09,
                1.4714988168056038e-08,
                0.5883223383001281,
                0.4116776412743899
            ],
            [
                3.726309310875214e-08,
                5.024299943270036e-09,
                1.0078214499755374e-08,
                0.7967397660926323,
                0.2032601815417602
            ]
        ],
        [
            [
                0.9993988579646235,
                0.0006011395379155759,
                2.932726767630983e-10,
                4.300505910924621e-11,
                2.161183194560896e-09
            ],
            [
                0.946153784364331,
                0.05384620846347268,
                1.1368521271843054e-09,
                2.5073873133543454e-09,
                3.527956970523848e-09
            ],
            [
                7.398904843307576e-08,
                1.6218007287750188e-06,
                0.07558145637550887,
                0.924391587974895,
                2.525985981895983e-05
            ],
            [
                1.7883900117522755e-09,
                7.530992749843251e-10,
                2.94128168521919e-09,
                0.3812374129857443,
                0.6187625815314848
            ],
            [
                5.907936960925773e-10,
                1.5549848506222498e-10,
                2.547839510197564e-09,
                0.7968301512463376,
                0.20316984545953073
            ]
        ],
        [
            [
                0.9982844744320811,
                0.0017155250164222467,
                1.0791633381821919e-10,
                3.072723590782685e-10,
                1.3630788832075628e-10
            ],
            [
                0.7588726761036457,
                0.2411271087677057,
                1.2038167837933012e-07,
                3.277689654989373e-08,
                6.19700735548178e-08
            ],
            [
                1.209438976308839e-07,
                2.840767729264715e-08,
                0.0011416855137095165,
                0.442545059403932,
                0.5563131057307835
            ],
            [
                1.864110717824495e-09,
                5.799876655524804e-09,
                5.929526333392614e-10,
                0.9963930787598065,
                0.003606912983253423
            ],
            [
                8.966331501132278e-07,
                8.026440637295862e-09,
                3.4052816097268244e-09,
                0.1989699507977376,
                0.8010291411373901
            ]
        ],
        [
            [
                0.9999973941681614,
                2.6051169353409485e-06,
                6.194565005724339e-10,
                1.027756790864366e-11,
                8.516928335585653e-11
            ],
            [
                0.03469344850140322,
                0.9653039296896844,
                4.076326006234462e-07,
                2.1587013287280264e-06,
                5.547498310744482e-08
            ],
            [
                1.4206817054836199e-08,
                1.6041307188940648e-08,
                1.981078971422558e-05,
                0.9955688494146995,
                0.004411309547461989
            ],
            [
                5.800955914932816e-07,
                6.872176352337172e-07,
                5.411090668509604e-08,
                0.5725602317534089,
                0.42743844682245774
            ],
            [
                8.556991521906677e-08,
                8.91706745187179e-09,
                1.599416673468422e-09,
                0.25168556496934485,
                0.7483143389442558
            ]
        ],
        [
            [
                0.9964027574364576,
                0.003597242408621358,
                1.1765857670942133e-10,
                5.014550063345767e-12,
                3.224796004799235e-11
            ],
            [
                1.2300593427076013e-07,
                4.3304947652888416e-05,
                7.351283126112023e-06,
                0.9992208877209975,
                0.0007283330422892218
            ],
            [
                7.381996734897342e-07,
                1.6197089724843735e-06,
                0.7596168952897937,
                0.23905107904235903,
                0.0013296677592012358
            ],
            [
                1.2661027929457106e-10,
                5.123144595520563e-11,
                6.1512230954097e-11,
                0.600016102316832,
                0.3999838974438141
            ],
            [
                1.1174055500521965e-08,
                1.9943960740733013e-08,
                4.074734245090365e-09,
                0.41317223662727526,
                0.5868277281799742
            ]
        ],
        [
            [
                0.9999700577559304,
                2.9942052661593706e-05,
                8.901210552829063e-11,
                2.5390941490634536e-12,
                9.985678506788655e-11
            ],
            [
                0.542158573076802,
                0.4578414235648799,
                1.1304668530543288e-09,
                1.2489569785737272e-09,
                9.788942816351179e-10
            ],
            [
                4.818599899728581e-08,
                5.175811894526617e-07,
                4.831749738569269e-06,
                0.8049750715265188,
                0.19501953095655414
            ],
            [
                9.192837218970015e-08,
                5.825122642530183e-07,
                4.411851716904002e-08,
                0.4031106061245931,
                0.5968886753162533
            ],
            [
                7.504041924517132e-10,
                2.6069027371769074e-09,
                2.1375271685535165e-09,
                0.4016292730571349,
                0.598370721448031
            ]
        ],
        [
            [
                0.8009476578025738,
                0.19905234177322442,
                1.1915943718942016e-10,
                2.464180249303652e-10,
                5.862416761905898e-11
            ],
            [
                0.7034596961851557,
                0.2965403007773905,
                1.5026412388920032e-09,
                7.273862100704442e-10,
                8.074263027420747e-10
            ],
            [
                5.905445221311805e-07,
                1.2924536700124778e-05,
                0.4805999474510383,
                0.5190896976215978,
                0.0002968398461415916
            ],
            [
                1.0321486689559974e-09,
                1.7937121413478526e-09,
                1.6444207772846802e-08,
                0.4446822732135677,
                0.5553177075163637
            ],
            [
                1.7418415117886997e-09,
                4.597595924762109e-09,
                7.444827357008511e-10,
                0.3846550588352671,
                0.6153449340808127
            ]
        ],
        [
            [
                0.9999588746488147,
                4.112516363734509e-05,
                1.8739470316653678e-11,
                8.976915225535551e-11,
                7.903917388029477e-11
            ],
            [
                0.004689323840225917,
                0.9063030317254858,
                0.0008601077267491621,
                0.08807113573727525,
                7.640097026382027e-05
            ],
            [
                8.99473423824983e-07,
                1.54419712917666e-05,
                0.04296474579429115,
                0.9542070673855074,
                0.002811845375485882
            ],
            [
                1.2759962517542843e-08,
                1.4742387239630976e-08,
                1.956372956668296e-07,
                0.5652072677235528,
                0.43479250913680184
            ],
            [
                1.7163973399613246e-07,
                2.236642610643236e-08,
                8.990012991313298e-10,
                0.4004821264024542,
                0.5995176786923844
            ]
        ],
        [
            [
                0.9244375635863797,
                0.07556243567331684,
                1.6722487284533478e-10,
                3.1767864309600486e-10,
                2.553997936413829e-10
            ],
            [
                0.8206994163166427,
                0.17930056681743228,
                1.0861959866670988e-08,
                3.106737646447726e-10,
                5.693291530503094e-09
            ],
            [
                3.270058126913927e-08,
                7.652490250642892e-08,
                0.9960750373173541,
                0.003924559639489707,
                2.9381767240741617e-07
            ],
            [
                1.1415309246482365e-08,
                8.248208015577744e-08,
                5.047653009582017e-08,
                0.21525277833259718,
                0.7847470772934834
            ],
            [
                9.919372889296954e-09,
                2.913414573793791e-08,
                3.243431869288978e-09,
                0.4000486861721379,
                0.5999512715309115
            ]
        ],
        [
            [
                0.9999956606099584,
                4.339220833226609e-06,
                4.836938052875833e-11,
                1.4833122395480532e-11,
                1.060058876730482e-10
            ],
            [
                4.72966089206008e-05,
                0.16080710245292487,
                0.0261192581017298,
                0.8128218188530492,
                0.00020452398337558807
            ],
            [
                2.857188453787303e-06,
                2.6724408147893166e-06,
                0.6094612675190165,
                0.39002801551072724,
                0.0005051873409877722
            ],
            [
                2.0521363933158628e-08,
                6.953437460463431e-09,
                7.260445595777184e-09,
                0.3924553679411409,
                0.6075445973236121
            ],
            [
                7.124386110948377e-10,
                1.3945210731114638e-11,
                7.860447620447453e-11,
                0.3999995380910657,
                0.600000461103946
            ]
        ],
        [
            [
                0.9999998900992307,
                1.0757304891609818e-07,
                8.782961863619554e-11,
                5.385207230506457e-11,
                2.1860387381603443e-09
            ],
            [
                0.020808033722262555,
                0.9791827755410297,
                8.003169389377746e-06,
                1.0274992718461865e-06,
                1.6006804635951176e-07
            ],
            [
                3.630972615788007e-11,
                1.3337977267395525e-09,
                0.9999946610619208,
                1.048508573739041e-06,
                4.289059398019906e-06
            ],
            [
                1.766767262580286e-08,
                6.821268148087423e-08,
                9.41427829417633e-08,
                0.21463100748131053,
                0.7853688124955523
            ],
            [
                1.649545499318999e-08,
                1.0114352555889673e-08,
                8.690820809074606e-10,
                0.7993387504236446,
                0.2006612220974658
            ]
        ],
        [
            [
                0.9999990193236852,
                9.80306807771548e-07,
                1.3725484447328762e-10,
                7.77139753967812e-12,
                2.2448082656036266e-10
            ],
            [
                6.161685541314905e-06,
                0.4109805895304294,
                0.39955887227945963,
                0.18943531984837148,
                1.905665619828197e-05
            ],
            [
                2.372920325841996e-09,
                5.426386761646396e-07,
                0.9967515257021258,
                0.0032472380540050595,
                6.912322727533575e-07
            ],
            [
                2.2774488645347453e-09,
                4.526705534214344e-10,
                2.2937597248597896e-10,
                0.8014725482324565,
                0.1985274488080481
            ],
            [
                9.672381899587801e-09,
                4.022555717579718e-09,
                1.4011957947418535e-09,
                0.41309207029837874,
                0.5869079146054879
            ]
        ],
        [
            [
                0.9964027190184054,
                0.003597279706016094,
                7.624603397639365e-11,
                9.811009955046724e-10,
                2.182314067753445e-10
            ],
            [
                3.889259185661028e-06,
                0.09627840367832673,
                0.3329992424798357,
                0.5706489023895137,
                6.956219313821601e-05
            ],
            [
                3.6669771229790662e-09,
                7.553669825330572e-09,
                0.9999936619449016,
                5.555398873170106e-06,
                7.714355782028077e-07
            ],
            [
                3.166684527343606e-10,
                1.5021690860792098e-10,
                1.3077251237997439e-09,
                0.9991115864280393,
                0.0008884117973502996
            ],
            [
                1.1156460009663744e-09,
                4.975625936225749e-10,
                1.716708157240616e-09,
                0.598884297882665,
                0.4011156987874183
            ]
        ],
        [
            [
                0.9981963646277506,
                0.0018036351481037047,
                3.5499107242281403e-11,
                1.7180520050362253e-10,
                1.684115951239682e-11
            ],
            [
                0.690792845703718,
                0.309207145771154,
                6.4346946084678476e-09,
                1.1395880758424342e-09,
                9.508453063792562e-10
            ],
            [
                2.377113359022612e-06,
                0.04626051439140925,
                0.527898103689146,
                0.4067387914230386,
                0.019100213383047147
            ],
            [
                2.921256865067384e-10,
                1.4426331545935018e-09,
                1.23855271948515e-10,
                0.40015196714821916,
                0.5998480309931667
            ],
            [
                5.175423263281631e-09,
                2.5769935694949808e-09,
                3.380121264452754e-09,
                0.7066447114232084,
                0.29335527744425355
            ]
        ],
        [
            [
                0.9999999993372162,
                6.366137812960713e-10,
                1.9957091503069774e-12,
                2.5377685490935013e-12,
                2.1636491577339826e-11
            ],
            [
                0.003724283139454781,
                0.9952152392372021,
                6.806659053856446e-06,
                0.001052155392641467,
                1.5155716477628945e-06
            ],
            [
                1.0132088757061583e-07,
                0.0010407683254082816,
                0.9982436766512767,
                0.0007153170552290688,
                1.3664719845020002e-07
            ],
            [
                1.3600434981951042e-08,
                1.539201878175962e-09,
                2.914956415313997e-09,
                0.6009334064011432,
                0.3990665755442634
            ],
            [
                8.138997548264132e-08,
                1.0076147327961827e-08,
                1.139104012169413e-09,
                0.7751138033117065,
                0.22488610408306653
            ]
        ],
        [
            [
                0.9999961673086173,
                3.8321108687590255e-06,
                1.86217676973669e-11,
                4.2682497450998117e-10,
                1.350671362767948e-10
            ],
            [
                0.4000220511347979,
                0.5999779464941318,
                6.815987611572252e-10,
                1.1323425535168227e-09,
                5.571291464356441e-10
            ],
            [
                4.727264913310553e-07,
                4.517178757280426e-07,
                0.0004103988712541929,
                0.7535831086800042,
                0.2460055680043746
            ],
            [
                7.63191051036108e-09,
                2.3216577037954625e-09,
                1.1561041236807384e-09,
                0.5823778676324362,
                0.4176221212578915
            ],
            [
                8.866534764688556e-08,
                1.9167311001835814e-08,
                7.077728399762698e-09,
                0.7280026100551045,
                0.27199727503450843
            ]
        ],
        [
            [
                0.9996996922836252,
                0.00030030106024791435,
                8.527585481139153e-11,
                8.364460747561801e-11,
                6.487206412229925e-09
            ],
            [
                5.766256054790357e-06,
                0.0002403457760872275,
                0.13522430117291567,
                0.8616335878243585,
                0.002895998970583775
            ],
            [
                2.111493705398379e-08,
                1.986128802947043e-06,
                0.2551366751132022,
                0.7447435610545751,
                0.00011775658848271293
            ],
            [
                4.883587798783782e-10,
                2.0435205145192467e-10,
                3.5993516656144114e-09,
                0.5996612269543229,
                0.4003387687536147
            ],
            [
                5.717357435065829e-10,
                5.868381047266392e-10,
                3.162205618728793e-10,
                0.42375536289175963,
                0.576244635633446
            ]
        ],
        [
            [
                0.999698748412317,
                0.00030124837438021037,
                1.5287367982161774e-10,
                1.2516573522924762e-10,
                2.935263363539528e-09
            ],
            [
                8.008946601601778e-06,
                0.4083240214174167,
                0.2643642882916754,
                0.3272618902629595,
                4.1791081346844313e-05
            ],
            [
                9.287445647279049e-08,
                0.004943908975213878,
                0.001875526919870348,
                0.9814590889424075,
                0.011721382288051791
            ],
            [
                5.616152265555963e-09,
                5.780525180381508e-09,
                4.166632788503195e-09,
                0.42963411647655714,
                0.5703658679601326
            ],
            [
