{
    "[['A', 'B', 'C', 'D', 'E'], ['A', 'B', 'C', 'D', 'E']]": [
        [
            [
                0.8033903428689703,
                0.19660965335917202,
                4.834050895274523e-10,
                4.4703977386253157e-11,
                3.2437486109214774e-09
            ],
            [
                0.3501368546518493,
                0.6498534772038085,
                1.1711238646659348e-06,
                6.8148042419567525e-06,
                1.6822162354280524e-06
            ],
            [
                1.684936513495483e-12,
                5.579276212839515e-12,
                0.999999999986158,
                3.948878668264468e-12,
                2.6290284598745736e-12
            ],
            [
                0.9994749676247848,
                0.0005250308067477939,
                8.497648869173326e-10,
                2.786836305391805e-10,
                4.4001885056211616e-10
            ],
            [
                1.1288367210937592e-07,
                3.369542158736936e-08,
                6.724715855363944e-09,
                0.42206232681352235,
                0.5779375198826681
            ]
        ],
        [
            [
                0.9999907815431729,
                9.217625915574609e-06,
                1.9138015639092297e-10,
                1.374924985995241e-10,
                5.020389550457652e-10
            ],
            [
                0.19618694953547333,
                0.8009161976306642,
                6.207049664227416e-07,
                0.0028925827169263467,
                3.6494119696181094e-06
            ],
            [
                7.275776801136858e-09,
                6.238027758713634e-08,
                0.999996745929753,
                2.8943078003416417e-06,
                2.901063923320106e-07
            ],
            [
                6.922039939894397e-07,
                2.6451688497365235e-10,
                4.679319302238211e-09,
                0.2145370800741815,
                0.7854622227779884
            ],
            [
                5.876278883577418e-07,
                1.4424586762630196e-08,
                1.2575831671124037e-08,
                0.23544541793918647,
                0.7645539674325067
            ]
        ],
        [
            [
                0.7906957779158953,
                0.20930420573619157,
                1.3257819763094657e-09,
                1.06713745407339e-09,
                1.3954993696985828e-08
            ],
            [
                5.424739384930081e-07,
                5.783904753725907e-07,
                0.09964465018642736,
                0.8978003133486547,
                0.0025539156005039776
            ],
            [
                3.28208304511057e-07,
                3.5683488392912e-08,
                0.05308006850858399,
                0.4442689490078992,
                0.502650618591724
            ],
            [
                0.006404580809053329,
                5.8573906078446906e-08,
                1.6588811887177976e-09,
                0.16494208852736505,
                0.8286532704307944
            ],
            [
                4.789880729424965e-08,
                2.0393739969461106e-09,
                7.202021743206441e-10,
                0.3963624321809785,
                0.6036375171606381
            ]
        ],
        [
            [
                0.8861587345017637,
                0.1138412276502739,
                7.840889026758502e-09,
                2.5682505005017717e-09,
                2.743882269395275e-08
            ],
            [
                0.34553460176271933,
                0.6544648579306768,
                1.6834736765463206e-07,
                3.0168759395766424e-07,
                7.02716420930978e-08
            ],
            [
                5.988663345735064e-11,
                6.937498979947364e-10,
                0.9999999932246699,
                3.6037462305126035e-09,
                2.4179472869881796e-09
            ],
            [
                8.967795642849377e-09,
                1.3613370570603419e-09,
                1.6730046635197174e-08,
                0.1028128317883358,
                0.8971871411524849
            ],
            [
                0.1364702513982083,
                9.712524883977659e-09,
                1.2010688521753426e-08,
                0.00030023992307885673,
                0.8632294869554994
            ]
        ],
        [
            [
                0.7676862155156662,
                0.2323137577687664,
                1.3627076798167987e-08,
                7.95576055246521e-09,
                5.132730155431037e-09
            ],
            [
                2.5530554389533454e-06,
                0.00013181748240115185,
                0.06979226749412251,
                0.8178744806239956,
                0.1121988813440418
            ],
            [
                1.1860064807568922e-12,
                2.655691871389593e-12,
                0.9999999999871092,
                3.934229531439859e-12,
                5.114929369693855e-12
            ],
            [
                0.7993244839459538,
                0.2006754972377402,
                1.198515622482681e-08,
                5.738644845126222e-09,
                1.0925049061114215e-09
            ],
            [
                1.4996832268926323e-05,
                8.146380555275896e-11,
                1.3526126976777479e-09,
                2.3230859191685055e-06,
                0.9999826786477354
            ]
        ],
        [
            [
                0.9900145827868526,
                0.009985371096307717,
                9.552939813767558e-10,
                1.9943423286374578e-08,
                2.52181224537411e-08
            ],
            [
                7.91487382737458e-07,
                0.009425700111781017,
                0.001928879113093636,
                0.9877725807702109,
                0.000872048517531697
            ],
            [
                1.0107269784983217e-10,
                5.611382987323398e-10,
                0.9999956522144547,
                4.330253241860192e-06,
                1.6870092457336078e-08
            ],
            [
                0.9999522344011456,
                4.776351526577967e-05,
                1.796834968055707e-10,
                1.9917292449741487e-11,
                1.883987822445602e-09
            ],
            [
                0.00030029095568098193,
                3.298334253822158e-09,
                2.7254489023173667e-09,
                0.20948059325623922,
                0.7902191097642965
            ]
        ],
        [
            [
                0.9295740674727435,
                0.07042581687885574,
                7.350604745459282e-10,
                9.496758386503542e-09,
                1.0541658181711679e-07
            ],
            [
                7.324066354844299e-08,
                2.204395413458421e-06,
                0.249233093697337,
                0.7505075237675337,
                0.0002571048990521585
            ],
            [
                2.1305787551365596e-06,
                0.00033681376692273066,
                0.5666888652449787,
                0.4281888492281172,
                0.004783341181226266
            ],
            [
                8.017853416781828e-08,
                5.87934215199818e-10,
                1.44607347375632e-10,
                0.1999975501423427,
                0.8000023689465815
            ],
            [
                1.47446387805904e-07,
                5.00301745530748e-08,
                5.336932353187843e-09,
                0.24786532617434656,
                0.7521344710121587
            ]
        ],
        [
            [
                0.9998894082679619,
                0.00011058271648977632,
                5.311557619489429e-10,
                2.102414398623591e-09,
                6.381978031472556e-09
            ],
            [
                3.977877039267232e-08,
                1.391868261471261e-06,
                0.00010552517247579736,
                0.8275563296404179,
                0.1723367135400744
            ],
            [
                2.3882386435794513e-08,
                2.9790532984952767e-07,
                0.999856312002489,
                0.0001432558573249758,
                1.1035246961804293e-07
            ],
            [
                1.2053086111453742e-07,
                2.3093551245715453e-07,
                2.5774544547898252e-06,
                0.787717067238731,
                0.2122800038404407
            ],
            [
                4.9721469869466396e-08,
                9.510261183438055e-09,
                2.5391754349265566e-09,
                0.05384469718293712,
                0.9461552410461564
            ]
        ],
        [
            [
                0.9938787576175205,
                0.006121240264471811,
                1.4169670129063775e-10,
                7.930818816202074e-10,
                1.183229145531817e-09
            ],
            [
                2.3700256990800256e-07,
                0.007822584589451917,
                5.3863366151971125e-05,
                0.9102385290510121,
                0.08188478599081414
            ],
            [
                6.4180958301353415e-12,
                1.2498674164311875e-11,
                0.9999999999312377,
                3.245934566681861e-11,
                1.7386077228275616e-11
            ],
            [
                7.101089795047715e-06,
                2.1587970898748658e-08,
                3.6124456537988085e-09,
                0.20000406494986417,
                0.7999888087599242
            ],
            [
                0.19976613049018674,
                2.6323207354455765e-09,
                4.38436336058877e-09,
                0.20078228754818941,
                0.5994515749449397
            ]
        ],
        [
            [
                0.9999956168470736,
                4.38206126113906e-06,
                8.542703272274417e-10,
                2.177404431366154e-10,
                1.965434853747515e-11
            ],
            [
                0.021456667873402148,
                0.9750113596192747,
                0.002557925931680695,
                0.0009697079040785081,
                4.338671564118159e-06
            ],
            [
                8.081523262274578e-09,
                1.3087676860580696e-07,
                0.9999277810053241,
                1.976839670762579e-05,
                5.231163967654002e-05
            ],
            [
                4.9507977881207865e-09,
                3.881030999419575e-08,
                2.1014469610605838e-08,
                0.1966058045415363,
                0.8033941306828863
            ],
            [
                4.272915208014856e-08,
                5.234216304812789e-10,
                1.0340234572932077e-08,
                0.18076191338256314,
                0.8192380330246286
            ]
        ],
        [
            [
                0.9994984158564756,
                0.0005015763526838613,
                9.228851293339669e-10,
                1.2609216805038e-09,
                5.607033717839196e-09
            ],
            [
                7.93477001719015e-08,
                8.558850961586875e-07,
                0.0019518667011707903,
                0.6949863850976826,
                0.30306081296835025
            ],
            [
                3.3914840697163913e-09,
                5.683900859345523e-08,
                0.9998868781832299,
                0.00011103252850746346,
                2.029057770094846e-06
            ],
            [
                1.9015509645732508e-07,
                3.5438434240153046e-09,
                4.399669508589423e-08,
                0.3330274261944532,
                0.6669723361099118
            ],
            [
                9.150078531628014e-09,
                5.397398310340996e-09,
                8.389941741110416e-09,
                0.03689307766843409,
                0.9631068993941473
            ]
        ],
        [
            [
                0.9846753860256138,
                0.015324606567834421,
                1.3354076309904706e-09,
                2.3475594464815032e-09,
                3.723584806969854e-09
            ],
            [
                1.2999472603928783e-08,
                1.542239188688502e-05,
                8.816455456989029e-07,
                0.7144448194137143,
                0.28553886354938063
            ],
            [
                6.952792406483404e-09,
                3.5647316345932686e-08,
                0.9999998511015307,
                1.8739621034463712e-08,
                8.755873942921369e-08
            ],
            [
                0.029609396904220767,
                1.3349647840411465e-09,
                1.2031025344266788e-09,
                0.3999904828526788,
                0.5704001177050332
            ],
            [
                8.890723534979424e-06,
                3.269874256502971e-08,
                1.4974021758523917e-09,
                0.19414413847340795,
                0.8058469366069123
            ]
        ],
        [
            [
                0.7852133134344442,
                0.21478668197798328,
                6.569491538779992e-10,
                1.997595058542397e-09,
                1.9330282010489764e-09
            ],
            [
                4.424078703433858e-06,
                0.3640832924737827,
                0.007695700721955855,
                0.6277813746256752,
                0.00043520809988279753
            ],
            [
                3.854742585186568e-12,
                1.1145364376786124e-11,
                0.9999999999749847,
                1.982458228475742e-12,
                8.032974366584356e-12
            ],
            [
                4.3041598413356236e-09,
                4.4635457035885127e-10,
                4.09608231182764e-10,
                0.17627908557218508,
                0.8237209092676923
            ],
            [
                0.1358371000555473,
                3.336001752980166e-08,
                1.151983670376251e-09,
                0.16429065899846534,
                0.6998722064339862
            ]
        ],
        [
            [
                0.912392694316904,
                0.08760730293902924,
                4.283212841435161e-11,
                1.2066491382483233e-09,
                1.4945855576477022e-09
            ],
            [
                0.42383848848774397,
                0.5761446927002773,
                3.1812488497860663e-06,
                1.1816219137488915e-05,
                1.82134399145351e-06
            ],
            [
                4.8684011215909805e-09,
                1.3438507447987663e-08,
                0.9999940492999349,
                5.791989451086109e-06,
                1.4040370532911013e-07
            ],
            [
                0.036105185896278556,
                8.895408873064734e-08,
                1.3863415402351265e-09,
                0.7616459329145093,
                0.20224879084878186
            ],
            [
                6.754633048371591e-06,
                2.5823338881292485e-07,
                3.117193866662048e-09,
                0.234717208847351,
                0.765275775169018
            ]
        ],
        [
            [
                0.8068756618813149,
                0.1931243274988448,
                9.327284667301407e-10,
                4.61991877499232e-09,
                5.0671930534833455e-09
            ],
            [
                4.7565280304162183e-07,
                0.0030280815268478247,
                0.011891566137706928,
                0.7349300416679221,
                0.2501498350147201
            ],
            [
                3.058389962547661e-08,
                9.470770314014093e-07,
                0.9666291959956552,
                0.031268584789047024,
                0.0021012415543668313
            ],
            [
                3.173106062680933e-07,
                4.2867432495626355e-09,
                3.9106422811534065e-09,
                0.26792438515957523,
                0.7320752893324329
            ],
            [
                1.4970368939047628e-05,
                9.397627492262024e-11,
                3.040742668593184e-10,
                2.8900329936103084e-09,
                0.9999850263429775
            ]
        ],
        [
            [
                0.9999965119882569,
                3.462110845600411e-06,
                5.717314410004905e-11,
                9.060595421728525e-10,
                2.4937664849140746e-08
            ],
            [
                0.2770573455710289,
                0.7222317494360885,
                2.8913009691411875e-06,
                0.0007039939561505024,
                4.019735763058497e-06
            ],
            [
                3.6983270566680545e-07,
                0.002843823532077623,
                0.3968620038738769,
                0.6002894143879269,
                4.3883734128553854e-06
            ],
            [
                4.315310035424553e-08,
                5.920508403111526e-09,
                6.272203620813543e-08,
                0.01907045951469611,
                0.9809294286896589
            ],
            [
                1.2296229496459901e-09,
                5.172288191164844e-10,
                3.838069265990001e-09,
                0.5895355247180906,
                0.4104644696969883
            ]
        ],
        [
            [
                0.9924898984024816,
                0.007509985423186857,
                1.7252077304342253e-08,
                1.057169251799821e-09,
                9.786508514126618e-08
            ],
            [
                6.861824491305978e-07,
                0.0017221977777230938,
                0.005944949117606155,
                0.9916789281718817,
                0.0006532387503399051
            ],
            [
                7.02201351882893e-07,
                5.1376017952122804e-06,
                0.039565755703864294,
                0.7506241387200877,
                0.20980426577290084
            ],
            [
                0.8094553541140689,
                0.19054464037468985,
                4.486920357122547e-09,
                4.770264763119704e-10,
                5.472943132178193e-10
            ],
            [
                0.00011055833727850842,
                2.1938825639282072e-09,
                3.1883306528779695e-10,
                0.21555980462248642,
                0.7843296345275195
            ]
        ],
        [
            [
                0.9977946740759032,
                0.0022053193803378427,
                3.0417271439282683e-10,
                1.3296067149122586e-10,
                6.106625716077436e-09
            ],
            [
                2.569920360805327e-07,
                0.0004231009446213404,
                0.0008577612410943793,
                0.8280544074441814,
                0.17066447337806692
            ],
            [
                3.698791734105969e-10,
                4.154031540676053e-09,
                0.9999997315274094,
                2.540790150834079e-07,
                9.869664750057125e-09
            ],
            [
                1.031903166100386e-07,
                1.8771425870832822e-08,
                9.711000731192271e-10,
                0.28625780956862773,
                0.7137420674985298
            ],
            [
                3.958585162252766e-10,
                2.2668810653578913e-10,
                2.0936863317893782e-09,
                8.611286868795424e-05,
                0.9999138844150791
            ]
        ],
        [
            [
                0.8364400587438319,
                0.16355993386009118,
                2.1077713438973732e-10,
                1.4371097993220284e-10,
                7.041589006255258e-09
            ],
            [
                9.077157576203759e-07,
                0.036304884345959416,
                0.0017231873302498433,
                0.9603079853158549,
                0.0016630352921782083
            ],
            [
                3.0603355960120386e-07,
                1.1296187100802528e-05,
                0.4141701782382163,
                0.5856843650369252,
                0.00013385450419800207
            ],
            [
                0.6933216959501309,
                0.3066778090632606,
                1.1987421654788037e-08,
                1.7127074292120427e-08,
                4.6587211267123715e-07
            ],
            [
                4.636355741118284e-07,
                1.1560215586645979e-07,
                9.444130312553562e-08,
                0.32998946058074136,
                0.6700098657402256
            ]
        ],
        [
            [
                0.9967585539806038,
                0.003241438272649675,
                1.7290499989391253e-09,
                3.3190835853351024e-10,
                5.685788126528292e-09
            ],
            [
                0.5436041478001938,
                0.4563933452647233,
                1.8585476787469624e-06,
                6.071583178113494e-07,
                4.122908616566745e-08
            ],
            [
                3.942176821017875e-12,
                1.176064317043576e-11,
                0.999999999965371,
                1.4379899903992662e-11,
                4.546297061757451e-12
            ],
            [
                7.984935188604238e-09,
                2.64894950468182e-10,
                6.752156823664293e-09,
                0.370111739842776,
                0.629888245155237
            ],
            [
                1.3937536983561169e-06,
                2.0900494868336683e-08,
                2.824137709400798e-08,
                0.08800800239000199,
                0.9119905547144277
            ]
        ],
        [
            [
                0.9982843791119453,
                0.0017156030288535357,
                1.5831228017772163e-10,
                4.217622679023922e-11,
                1.7658712664369035e-08
            ],
            [
                0.013371508072563267,
                0.9866278304900065,
                1.434257398269894e-07,
                5.134995071697273e-07,
                4.512183330163726e-09
            ],
            [
                2.251609026739793e-12,
                1.0694693486904948e-12,
                0.9999999999718032,
                2.327952458201655e-11,
                1.5959717998920959e-12
            ],
            [
                2.4728538156605485e-05,
                1.2709087121793598e-08,
                1.143656051236163e-08,
                0.14789026266740024,
                0.8520849846487955
            ],
            [
                5.52974516769123e-06,
                3.2248418648203245e-09,
                1.4269390937996005e-08,
                0.019071867133214238,
                0.9809225856273853
            ]
        ],
        [
            [
                0.6364444035979486,
                0.36355557009348516,
                3.0197293894910133e-09,
                1.492075990894017e-08,
                8.368076794319242e-09
            ],
            [
                8.160795952701061e-08,
                1.3013981623501258e-06,
                3.961360745483344e-06,
                0.8440336236352498,
                0.1559610319978827
            ],
            [
                8.340974296841604e-12,
                2.3939691700672663e-11,
                0.999999999922077,
                3.3177735514720594e-11,
                1.2464633914384493e-11
            ],
            [
                3.346642803719262e-09,
                1.335300588977268e-10,
                4.210502277733394e-10,
                0.3918530727600718,
                0.608146923338705
            ],
            [
                0.0003853612107787966,
                7.280700696849849e-10,
                1.1043252364202986e-10,
                0.1999777454290938,
                0.7996368925216248
            ]
        ],
        [
            [
                0.992218447258318,
                0.007781549519714441,
                7.728783030014718e-10,
                5.836061158325668e-10,
                1.865483195421422e-09
            ],
            [
                3.6966201427790585e-08,
                5.3227778318756405e-08,
                0.0008129582115804545,
                0.9975280820408696,
                0.0016588695535701451
            ],
            [
                3.76578796224205e-12,
                6.519321860281005e-12,
                0.9999999999687927,
                1.728737513678941e-11,
                3.6348655815729057e-12
            ],
            [
                1.2897135948320871e-06,
                2.271944488878583e-10,
                2.762697074213225e-09,
                0.19895635885634014,
                0.8010423484401735
            ],
            [
                7.892640797169864e-07,
                1.7451344006334843e-08,
                1.1898585938260336e-07,
                0.5554120455469396,
                0.44458702875177725
            ]
        ],
        [
            [
                0.9976473484656223,
                0.0023526475403243393,
                3.9756768637290845e-10,
                1.025811423617156e-09,
                2.5706743639094824e-09
            ],
            [
                3.98265505732586e-05,
                0.060784795904210674,
                0.52154709293073,
                0.417486565577002,
                0.00014171903748425732
            ],
            [
                3.0235474576232283e-07,
                1.5821307263018715e-06,
                0.8046355393505874,
                0.19532840665850504,
                3.4169505435469334e-05
            ],
            [
                3.9459025709971556e-08,
                1.3596431189786444e-09,
                2.539608510764759e-11,
                0.36351060111529865,
                0.6364893580406364
            ],
            [
                9.2117324404524e-06,
                4.6996962835883486e-09,
                4.653962692846338e-08,
                0.12999460185904071,
                0.8699961351691956
            ]
        ],
        [
            [
                0.823819664096063,
                0.17618029038147254,
                1.3273452850085483e-10,
                1.8257540293288635e-09,
                4.356397584950721e-08
            ],
            [
                0.052986091557213615,
                0.8955439400035987,
                7.477099540076834e-06,
                0.04949045880032042,
                0.001972032539327143
            ],
            [
                1.4333705380935892e-10,
                2.825763855081617e-09,
                0.999999187391118,
                5.947854719688463e-07,
                2.1485430905412523e-07
            ],
            [
                3.678839075936361e-07,
                1.1356381530635656e-09,
                7.103771645749292e-09,
                0.259915426039081,
                0.7400841978376017
            ],
            [
                0.004567055352620796,
                3.842388625970676e-08,
                4.579244315134405e-10,
                0.2460968776374237,
                0.7493360281281448
            ]
        ],
        [
            [
                0.7999363833939425,
                0.20006339241727925,
                4.898780205234392e-09,
                2.464889593801791e-09,
                2.1682510867581848e-07
            ],
            [
                1.1276701707543201e-06,
                0.11987137936161583,
                0.00034895123623335933,
                0.8795311879533346,
                0.00024735377864543173
            ],
            [
                5.047828246298902e-09,
                1.5447643047440657e-08,
                0.9999955042442616,
                4.211726043945561e-06,
                2.6353422318587476e-07
            ],
            [
                5.509633454076191e-06,
                7.373786769941898e-09,
                4.217532768935868e-08,
                0.4373607512168383,
                0.5626336896005931
            ],
            [
                0.0006346058759020835,
                4.368167812430518e-09,
                6.437005242023048e-09,
                0.3700992927802279,
                0.629266090538697
            ]
        ],
        [
            [
                0.9991858618715983,
                0.0008141355190142625,
                1.7838365995518204e-10,
                2.6345971675667926e-11,
                2.4046577674621744e-09
            ],
            [
                2.799958849796612e-08,
                2.068373680808734e-06,
                3.0433323454516423e-07,
                0.9123974291055047,
                0.08760017018799146
            ],
            [
                3.5612207210444196e-08,
                7.524883352065917e-08,
                0.999989639433171,
                1.0223619325611488e-05,
                2.608646273172783e-08
            ],
            [
                0.7862975419525513,
                0.21370230781956923,
                7.074430747803964e-09,
                4.4432941297851925e-08,
                9.872050745243232e-08
            ],
            [
                0.1086810648792214,
                1.7410791443077296e-08,
                1.1611910813245767e-07,
                0.23226750154829182,
                0.6590513000425872
            ]
        ],
        [
            [
                0.9998661110566851,
                0.00013388171389468954,
                1.1807602375899113e-10,
                2.4202394797066438e-09,
                4.691104601392709e-09
            ],
            [
                1.8132801378921261e-07,
                1.5108513450123762e-05,
                0.0022169001372503365,
                0.9940851126981081,
                0.003682697323177712
            ],
            [
                2.958765589809681e-07,
                1.2991997718948366e-06,
                0.20618187416991218,
                0.5942518172271293,
                0.1995647135266276
            ],
            [
                0.6374555019883835,
                0.362544062942721,
                1.8604570736542593e-09,
                9.477766495988699e-08,
                3.384307734966367e-07
            ],
            [
                1.438818189128604e-10,
                8.601272492683744e-11,
                2.5042926530581363e-11,
                0.19999741986515573,
                0.8000025798799069
            ]
        ],
        [
            [
                0.8001093303973597,
                0.19989066592981491,
                2.8230057937397596e-10,
                3.333285032060769e-10,
                3.0571964311138456e-09
            ],
            [
                0.4144661479968771,
                0.5854689868174864,
                9.485716967417834e-08,
                5.796045775845763e-05,
                6.809870708419573e-06
            ],
            [
                5.764271517091992e-12,
                2.011055983265974e-11,
                0.9999999999417313,
                1.0661381635855664e-11,
                2.173245327273654e-11
            ],
            [
                4.152630945875867e-10,
                2.3259351891486213e-09,
                5.07603175809356e-10,
                0.3879819277471679,
                0.6120180690040307
            ],
            [
                7.009400092066415e-07,
                3.7695700627535317e-08,
                1.6654478503970156e-08,
                0.33546548314260055,
                0.6645337615672111
            ]
        ],
        [
            [
                0.9999593045501117,
                4.0695279330532685e-05,
                9.42523121646595e-12,
                4.744540913358548e-11,
                1.1368713708365204e-10
            ],
            [
                1.3208189938169403e-06,
                0.007655361833567251,
                0.1393913087926853,
                0.775605958341618,
                0.07734605021313547
            ],
            [
                5.814102721462965e-08,
                7.741832047804407e-08,
                0.9925268110974219,
                0.007472481450288629,
                5.718929418173685e-07
            ],
            [
                1.0447453630570297e-06,
                0.1994727364904164,
                0.0754903323889583,
                0.7234723245234709,
                0.0015635618517913267
            ],
            [
                3.699399339406488e-10,
                2.105190544384785e-09,
                1.1514718740541309e-09,
                0.0004945258703936523,
                0.9995054705030039
            ]
        ],
        [
            [
                0.9995838722667053,
                0.00041612569509919515,
                2.849942770318318e-10,
                2.9527681403953455e-10,
                1.457924449942938e-09
            ],
            [
                1.6525230976621334e-06,
                3.831578959843197e-06,
                0.0015919774846242022,
                0.6805692558929072,
                0.31783328252041115
            ],
            [
                3.398736795138242e-10,
                6.451630371104534e-10,
                0.9999999958429935,
                1.5449108559701313e-09,
                1.6270589145462635e-09
            ],
            [
                1.5239564555604538e-08,
                4.816765881143293e-09,
                9.84541860951219e-09,
                0.6759219040173327,
                0.32407806608091827
            ],
            [
                1.30815697754969e-06,
                2.595518218065921e-09,
                1.17113380980086e-09,
                0.0001762221570546155,
                0.9998224659193158
            ]
        ],
        [
            [
                0.99988781728911,
                0.00011217578115471105,
                7.745959198171723e-10,
                5.211912176703508e-11,
                6.1030201714706465e-09
            ],
            [
                1.3576171230559237e-07,
                0.00023385163216533322,
                0.00010695034450658547,
                0.9971318945814706,
                0.002527167680145268
            ],
            [
                1.506337722200575e-12,
                2.256556329889122e-12,
                0.9999999999835498,
                1.1192052379790203e-11,
                1.4949392690663845e-12
            ],
            [
                2.5097229080562872e-08,
                1.5935008201301462e-09,
                4.2708784123359287e-10,
                0.20227428626329,
                0.7977256866188923
            ],
            [
                0.1000012906951128,
                2.1025409652539303e-08,
                1.9897688978457887e-09,
                0.036485177524635704,
                0.8635135087650729
            ]
        ],
        [
            [
                0.9941375153051821,
                0.00586248099648969,
                1.307562993564124e-11,
                8.671364339823317e-10,
                2.8181161077872505e-09
            ],
            [
                0.08415483285301575,
                0.836192936861015,
                2.863011691991298e-05,
                0.07816988422942621,
                0.0014537159396230375
            ],
            [
                2.1881061010450795e-12,
                1.4194330086794893e-12,
                0.999999999984091,
                1.0847143909850494e-11,
                1.4543322823348821e-12
            ],
            [
                0.600616031487261,
                0.39938382922217996,
                4.3005601226982375e-09,
                8.221952309144228e-08,
                5.277047585887531e-08
            ],
            [
                0.0035160427913500467,
                6.581055955901887e-09,
                8.942305210862955e-08,
                0.19200989373423086,
                0.8044739674703111
            ]
        ],
        [
            [
                0.8537876967145107,
                0.14621230127800464,
                1.3322538487608923e-09,
                2.217855904355508e-10,
                4.5344516210925904e-10
            ],
            [
                0.10137406839591186,
                0.8977232585562559,
                1.1602526822995747e-05,
                0.0008902184594136342,
                8.520615957115177e-07
            ],
            [
                3.7453338609754256e-08,
                7.612824742627135e-07,
                0.999997785357225,
                1.2867522679380135e-06,
                1.2915469412964964e-07
            ],
            [
                2.623708145957477e-06,
                5.501839382722758e-10,
                1.3220799160482454e-08,
                0.1925356105809164,
                0.8074617519399546
            ],
            [
                8.665411433478865e-10,
                2.9041240025498956e-09,
                1.431973810784284e-09,
                0.41503665485774294,
                0.5849633399396181
            ]
        ],
        [
            [
                0.800011620608502,
                0.19998837641047829,
                1.354553987624908e-10,
                4.250379007942792e-10,
                2.4205264491287172e-09
            ],
            [
                0.2983959849994529,
                0.6998058391550016,
                3.925222131734995e-06,
                0.0017905419674632544,
                3.7086559505505945e-06
            ],
            [
                7.058130141180906e-12,
                1.8296442447531616e-11,
                0.9999999998126725,
                1.285247710755956e-10,
                3.3448138145240995e-11
            ],
            [
                0.8151511453177757,
                0.18484881821753182,
                1.4570913723957161e-09,
                2.393735240287869e-09,
                3.2613865920773376e-08
            ],
            [
                3.3075033661451176e-08,
                2.0239004362817486e-10,
                2.9372730449352586e-10,
                0.19993302200681112,
                0.8000669444220379
            ]
        ],
        [
            [
                0.9312396756442691,
                0.06876030666647044,
                1.3679016923859628e-10,
                4.210454715024394e-09,
                1.3342015505463026e-08
            ],
            [
                7.899210926906167e-09,
                1.5812462803516808e-06,
                0.0006194337900652427,
                0.9993780646903409,
                9.123741026392907e-07
            ],
            [
                3.3367325384172553e-09,
                6.20980895324786e-07,
                0.9999502898306354,
                4.8944013153785553e-05,
                1.4183858296391044e-07
            ],
            [
                0.8295928371722554,
                0.17040712726247692,
                6.802406169729639e-10,
                9.730096689681361e-09,
                2.5154930194894433e-08
