{
    "[['A', 'B', 'C', 'D', 'E'], ['A', 'B', 'C', 'D', 'E']]": [
        [
            [
                0.8134543975237174,
                0.18654555475494572,
                4.23243749126419e-09,
                2.6743528630225533e-08,
                1.6745370733446495e-08
            ],
            [
                6.7927122047014515e-09,
                1.0547096883016681e-08,
                6.947506166256463e-10,
                0.7680405570170317,
                0.23195942494840854
            ],
            [
                2.183046197228135e-09,
                1.1506466998506011e-08,
                3.1653141070825964e-08,
                0.9879823915372438,
                0.012017563120102015
            ],
            [
                0.19413696290714505,
                4.9453691729308495e-08,
                2.361694052445743e-08,
                0.799502070744321,
                0.00636089327790171
            ],
            [
                3.0541381788303e-07,
                5.5764094837959665e-09,
                2.3388508732201745e-10,
                0.5903780145170953,
                0.40962167425879226
            ]
        ],
        [
            [
                3.917804504098073e-09,
                5.766440636152091e-09,
                1.768212076367322e-08,
                0.04454208405880579,
                0.9554578885748283
            ],
            [
                7.129297806725164e-10,
                4.3578897989454595e-08,
                7.341783442104765e-09,
                0.43726283442121294,
                0.5627371139451758
            ],
            [
                3.4635413772374446e-08,
                1.4139589364815299e-07,
                3.2073631355025063e-08,
                0.8993349975014746,
                0.10066479439358654
            ],
            [
                1.017355615970921e-10,
                1.3656407073160155e-09,
                1.526185697781772e-09,
                0.19970918042518238,
                0.8002908165812557
            ],
            [
                0.09457106505080841,
                2.2332148464750834e-05,
                8.894610520490245e-08,
                0.20002025653069613,
                0.7053862573239255
            ]
        ],
        [
            [
                1.5713890036418335e-07,
                3.602783015427621e-08,
                6.949093727803487e-08,
                0.32142747901676905,
                0.6785722583255631
            ],
            [
                2.399772467951535e-09,
                9.932690814560242e-06,
                2.8199124461879433e-08,
                0.6299907373399652,
                0.3699992993703233
            ],
            [
                1.6849546329413095e-08,
                9.040917034026047e-07,
                8.877188629059293e-09,
                0.6585054571409269,
                0.3414936130406347
            ],
            [
                6.585739683638863e-08,
                2.2105445780292916e-08,
                1.1234224530541414e-08,
                0.4486239788973553,
                0.5513759219055776
            ],
            [
                6.843902801622097e-10,
                4.978258766095839e-10,
                3.457737012436402e-10,
                0.12774892494134144,
                0.8722510735306687
            ]
        ],
        [
            [
                0.9671850579103548,
                0.0328149389818182,
                1.1553338606748355e-09,
                1.671199349328785e-09,
                2.812936605481816e-10
            ],
            [
                3.9784419102516236e-10,
                7.331803845098653e-10,
                2.0937623552786534e-09,
                0.7998902013510453,
                0.2001097954241678
            ],
            [
                3.2893919640216284e-10,
                1.6308193769958843e-08,
                3.491226747568503e-08,
                0.2381880282843087,
                0.7618119201662908
            ],
            [
                8.22053472400992e-11,
                4.289127368499392e-10,
                2.087768694234257e-09,
                0.39870833924452737,
                0.6012916581565859
            ],
            [
                2.709934979647875e-09,
                1.3281250483030418e-09,
                5.7377722615754985e-09,
                0.48274306679305906,
                0.5172569234311087
            ]
        ],
        [
            [
                0.8995155139242241,
                0.10048433246446563,
                1.8928255787562696e-08,
                1.0290567905964333e-07,
                3.177737557553748e-08
            ],
            [
                2.756075767820877e-08,
                1.225316843914115e-08,
                4.365108732385219e-09,
                0.4543513607572617,
                0.5456485950637034
            ],
            [
                4.025450325543593e-09,
                4.659284119039471e-09,
                2.4223587363224386e-09,
                0.801249964733664,
                0.19875002415924284
            ],
            [
                1.9128579120578793e-08,
                7.488945382707456e-09,
                5.457448140761817e-09,
                0.581028492613349,
                0.4189714753116784
            ],
            [
                8.319758245605164e-08,
                1.2328007669923318e-08,
                5.1799456369848705e-09,
                0.39930282781807663,
                0.6006970714763876
            ]
        ],
        [
            [
                0.8507612340801447,
                0.1492387515697568,
                5.931538569296491e-09,
                2.7645106249894388e-09,
                5.654049522681419e-09
            ],
            [
                6.045863751093808e-09,
                3.58205814669879e-09,
                5.102612365044395e-09,
                0.7973517699431995,
                0.2026482153262663
            ],
            [
                1.4774678250804646e-09,
                2.398219917172214e-09,
                3.187526336237561e-08,
                0.7883182844198978,
                0.21168167982915112
            ],
            [
                4.437587406636539e-09,
                2.2548203186975989e-10,
                4.26235381165584e-10,
                0.009492719828428758,
                0.9905072750822664
            ],
            [
                8.241000209750629e-09,
                8.533174275470302e-10,
                5.512297399968872e-10,
                0.39869311311012817,
                0.6013068772443245
            ]
        ],
        [
            [
                0.9951203045511722,
                0.00487962649696593,
                4.198329294725929e-09,
                9.709904594063795e-09,
                5.504362801083951e-08
            ],
            [
                2.156815571954337e-09,
                1.307009663376253e-07,
                8.873345151132588e-10,
                0.7972353495555929,
                0.2027645166992907
            ],
            [
                2.6816769019842535e-08,
                1.3939434276514428e-08,
                1.2452992176230268e-07,
                0.6083960412734556,
                0.3916037934404193
            ],
            [
                5.084443823736302e-09,
                2.0153837446443605e-09,
                1.2392385852849815e-09,
                0.3635772495001056,
                0.6364227421608283
            ],
            [
                5.129910091098322e-09,
                2.738195747707824e-08,
                5.0568079905558525e-08,
                0.8840937262239024,
                0.1159061906961501
            ]
        ],
        [
            [
                0.7986969063517282,
                0.2013025600993949,
                2.812869272650333e-07,
                1.7941917710721254e-07,
                7.28427726849074e-08
            ],
            [
                4.330222817344964e-09,
                9.425828150803471e-08,
                1.027824169741567e-08,
                0.8298323971407304,
                0.17016749399252354
            ],
            [
                1.95380088476102e-09,
                5.702165225398909e-07,
                3.785212369647206e-09,
                0.6081834137149585,
                0.3918160103295057
            ],
            [
                9.147909565477144e-09,
                9.353677758454872e-09,
                2.1717538343327687e-08,
                0.7834651427313273,
                0.21653481704954708
            ],
            [
                5.748859469597605e-09,
                1.200476482412034e-07,
                2.4236400280554555e-10,
                0.16353946935112465,
                0.8364604046100037
            ]
        ],
        [
            [
                0.9460664943188242,
                0.05392996110922705,
                1.0877003527489031e-07,
                2.2921198383219872e-07,
                3.2065899295926572e-06
            ],
            [
                6.4157646996640344e-09,
                2.750846064734076e-07,
                1.3874306663695987e-08,
                0.5328411331212816,
                0.4671585715040406
            ],
            [
                1.78702189116889e-09,
                2.0020129014512994e-09,
                1.1978795061007768e-08,
                0.602954505755342,
                0.3970454784768281
            ],
            [
                3.288792687869338e-08,
                7.757830956633786e-09,
                6.645250262715033e-09,
                0.693476975818412,
                0.3065229768905801
            ],
            [
                2.35573115745331e-10,
                1.6195571081485525e-11,
                4.865569351005955e-09,
                0.18798278329549623,
                0.8120172115871658
            ]
        ],
        [
            [
                0.9996108204775288,
                0.0003891774209947368,
                1.4765208627352433e-10,
                1.4297836970499329e-09,
                5.240406652778349e-10
            ],
            [
                5.389951573309371e-09,
                1.659032106009717e-07,
                4.4793577813910926e-08,
                0.45965087544243505,
                0.540348908470825
            ],
            [
                1.816697850700404e-08,
                1.0553168936006623e-05,
                5.777189760006333e-08,
                0.3176382161244978,
                0.6823511547676901
            ],
            [
                1.7525614777352834e-08,
                1.4419648602642674e-09,
                4.5667411828650806e-10,
                0.3966459338218329,
                0.6033540467539134
            ],
            [
                1.1360011537829283e-08,
                1.3978550696739927e-09,
                4.3657197274909213e-08,
                0.400237054466288,
                0.5997628891186482
            ]
        ],
        [
            [
                1.2971568461179336e-07,
                3.420988035702403e-10,
                5.992560508244301e-09,
                0.07552001014246612,
                0.92447985380719
            ],
            [
                5.238816792977433e-11,
                1.108243553581125e-08,
                3.4487298478987564e-09,
                0.4039127844669632,
                0.5960872009494832
            ],
            [
                1.3639978369769405e-08,
                4.84837930942959e-09,
                1.2019562513029526e-08,
                0.5491382835044257,
                0.4508616859876541
            ],
            [
                3.33219337174261e-08,
                2.262025213606443e-09,
                2.2304931421179763e-09,
                0.20096867795760193,
                0.7990312842279459
            ],
            [
                1.0209155175626423e-07,
                6.669231829002744e-08,
                3.370061231722668e-09,
                0.6941745252262735,
                0.3058253026197953
            ]
        ],
        [
            [
                0.9977843819741264,
                0.0022155660152270414,
                4.175981611137822e-08,
                3.952839433708173e-09,
                6.297990859248854e-09
            ],
            [
                6.549458150718836e-09,
                7.983438144556572e-09,
                9.782220466450575e-09,
                0.9402514538647249,
                0.0597485218201584
            ],
            [
                6.433685905272455e-09,
                3.2875900129407196e-08,
                1.0149460293936373e-07,
                0.6701571950877963,
                0.32984266410801477
            ],
            [
                1.0247893663712023e-10,
                1.204493723362312e-10,
                1.5467921187625861e-09,
                0.3111658547174366,
                0.688834143512843
            ],
            [
                6.869595586401184e-09,
                1.4585556410835344e-09,
                9.795725274717616e-10,
                0.003937056767029541,
                0.9960629339252467
            ]
        ],
        [
            [
                0.9986606659524723,
                0.0013393196340127224,
                1.2096586849664407e-08,
                2.164493304470135e-09,
                1.5243482706440378e-10
            ],
            [
                8.238906699142375e-10,
                1.2311037320091617e-08,
                1.822292222431119e-10,
                0.5134354666876496,
                0.48656451999519323
            ],
            [
                1.1231934023037567e-07,
                2.857729344517827e-08,
                3.48581973062625e-07,
                0.919508862435969,
                0.08049064808542433
            ],
            [
                1.026032954881721e-08,
                5.651992511365694e-09,
                1.2003826510653663e-08,
                0.3396720928300298,
                0.6603278792538215
            ],
            [
                2.4357411647403444e-08,
                3.686545572217363e-09,
                3.437873945762415e-11,
                0.14047832122692516,
                0.859521650694739
            ]
        ],
        [
            [
                0.8445362175464758,
                0.1554637666755732,
                1.239430605412331e-09,
                1.0044010822498673e-08,
                4.494509531794359e-09
            ],
            [
                6.569865625124659e-08,
                1.2669674844646083e-08,
                1.3341523874768358e-08,
                0.7271845009212906,
                0.27281540736885446
            ],
            [
                7.841587710634501e-10,
                4.005501906336927e-09,
                4.661427458616165e-09,
                0.6039123644689766,
                0.39608762607993525
            ],
            [
                0.0004942527894526378,
                1.9943460472149083e-09,
                2.132337707003159e-08,
                0.48595789411634266,
                0.5135478297764816
            ],
            [
                0.0074588300463311824,
                2.5194800870720133e-09,
                8.037491605033428e-10,
                0.00018679604946721746,
                0.9923543705809723
            ]
        ],
        [
            [
                0.9938363325785659,
                0.0061635888804999475,
                4.0871441082744313e-08,
                2.4672235876645927e-08,
                1.2997257186181211e-08
            ],
            [
                1.5407271700560175e-10,
                1.3228569113242132e-09,
                1.3853188984255781e-09,
                0.9998154325637041,
                0.00018456457404731225
            ],
            [
                2.4275119232633234e-09,
                5.85064516346864e-07,
                2.206650004081615e-06,
                0.7968964410796333,
                0.20310076477833436
            ],
            [
                5.180655522259903e-11,
                5.230584827825502e-09,
                4.108374236010686e-09,
                0.16353956723768884,
                0.8364604233715456
            ],
            [
                1.151583975847225e-09,
                2.3128918111660387e-09,
                8.386507436428832e-10,
                0.4034594722144039,
                0.5965405234824696
            ]
        ],
        [
            [
                0.9992927606366009,
                0.0007071613537333353,
                3.4774790706514267e-09,
                5.1421797561745294e-09,
                6.939000691133832e-08
            ],
            [
                9.091705440063772e-09,
                1.348198649466031e-07,
                1.701088940881047e-08,
                0.6222495254407775,
                0.37775031363676276
            ],
            [
                5.722639057691982e-09,
                2.0046144196236712e-07,
                1.5101135580083207e-05,
                0.9996060339464439,
                0.0003786587338949494
            ],
            [
                7.646134784344473e-09,
                2.1915695623062968e-08,
                2.6081317390994553e-08,
                0.3490231289614207,
                0.6509768153954315
            ],
            [
                6.264371955577733e-09,
                5.182906646105706e-10,
                1.0160064613369993e-10,
                0.4300666010714665,
                0.5699333920442703
            ]
        ],
        [
            [
                0.7696075327698539,
                0.23039198232408056,
                3.228057448261166e-08,
                3.2390854340328155e-07,
                1.2871694766376553e-07
            ],
            [
                7.794086056459055e-10,
                2.147026091414668e-09,
                6.701446840164456e-10,
                0.7998255309697565,
                0.20017446543366413
            ],
            [
                1.9962182343141685e-09,
                8.862020903804119e-10,
                3.4379852693956315e-09,
                0.7781603194040687,
                0.22183967427552564
            ],
            [
                5.010435682877425e-09,
                3.22941886363602e-10,
                1.712762911268863e-09,
                0.7427295208758405,
                0.257270472078019
            ],
            [
                5.2457439607028475e-09,
                5.155946606288977e-10,
                2.7746696405853415e-11,
                0.1290875298645004,
                0.8709124643464142
            ]
        ],
        [
            [
                0.8550170020776018,
                0.14498280345993372,
                1.2077760302982074e-07,
                5.9472143447813085e-08,
                1.4212717937373503e-08
            ],
            [
                1.2080899792936255e-08,
                4.002018575153643e-08,
                8.153589710250491e-09,
                0.7694909113454595,
                0.23050902839986506
            ],
            [
                9.374854638195553e-07,
                0.004604777975914202,
                0.07203080945247531,
                0.9170376701443352,
                0.006325804941811388
            ],
            [
                5.364369496040061e-10,
                7.283460390246212e-11,
                4.291431001052945e-11,
                0.5999051066969641,
                0.4000948926508501
            ],
            [
                2.853559205231708e-10,
                5.848337817411913e-10,
                6.043024501908335e-10,
                0.22292111429959569,
                0.7770788842259121
            ]
        ],
        [
            [
                0.8027397753018277,
                0.19726019987044882,
                1.7569577703016507e-08,
                3.8770795403376275e-09,
                3.381066198054832e-09
            ],
            [
                3.125299872251386e-11,
                5.967827094583237e-10,
                1.338505050285192e-09,
                0.9953825860428438,
                0.004617411990615485
            ],
            [
                7.788607579972765e-09,
                6.808903722143697e-10,
                9.912945580806833e-08,
                0.8536758007264776,
                0.1463240916745685
            ],
            [
                0.023836317986286517,
                9.7380889690312e-08,
                1.162322914387287e-07,
                0.4148846404681826,
                0.5612788279323497
            ],
            [
                2.0203439199577526e-08,
                1.3900302967246344e-06,
                7.4499053005833395e-09,
                0.6238199407884226,
                0.3761786415279362
            ]
        ],
        [
            [
                0.8580623796687752,
                0.14193760936988373,
                6.621604151060055e-09,
                3.5511671974387347e-09,
                7.885697554163462e-10
            ],
            [
                1.4984957188751655e-08,
                6.10823572401978e-08,
                4.0162161760068864e-10,
                0.7983377413836886,
                0.20166218214737527
            ],
            [
                6.091767205994193e-09,
                2.9210477932758602e-08,
                1.1446108981349824e-07,
                0.756973066235239,
                0.24302678400142613
            ],
            [
                1.462566581515085e-05,
                9.358838969113423e-09,
                5.755012720791288e-09,
                0.004615507058721484,
                0.9953698521616117
            ],
            [
                5.508100833771902e-06,
                9.126499510052689e-08,
                2.412739031183117e-08,
                0.24234338236081793,
                0.7576509941459628
            ]
        ],
        [
            [
                0.022261167964201096,
                0.024092249548488865,
                0.0004617632825984604,
                0.5402327611238332,
                0.41295205808087837
            ],
            [
                9.067164930427873e-10,
                6.906569347224623e-09,
                5.034795391276783e-10,
                0.8035900070211358,
                0.19640998466209875
            ],
            [
                3.5043960505577573e-10,
                4.938753897660031e-10,
                1.1339174502443266e-08,
                0.9996994539360646,
                0.0003005338804458494
            ],
            [
                2.799982025390049e-08,
                6.406147991518835e-09,
                6.496341789154698e-09,
                0.0808876176593948,
                0.9191123414382951
            ],
            [
                6.08606206734153e-10,
                5.551659607383769e-09,
                9.765115923737418e-10,
                0.40006889215628916,
                0.5999311007069335
            ]
        ],
        [
            [
                0.9416160592066647,
                0.058383939308639464,
                3.913701453174265e-10,
                7.438742542664332e-10,
                3.4945150064900087e-10
            ],
            [
                2.8361025085613825e-08,
                2.5243796627739014e-08,
                1.105244086697531e-08,
                0.6885946060083974,
                0.31140532933434006
            ],
            [
                9.750592323225865e-10,
                2.0854355874658108e-09,
                2.4175420340742823e-09,
                0.9553661810571435,
                0.04463381346481956
            ],
            [
                1.4719309124636348e-09,
                5.282846826480944e-08,
                7.471906674102693e-09,
                0.6026690506697804,
                0.39733088755791385
            ],
            [
                3.6985741488876435e-07,
                1.4932315512137164e-09,
                3.846904618087011e-09,
                0.3124308345858544,
                0.6875687902165946
            ]
        ],
        [
            [
                0.7863182759470614,
                0.2136816538857733,
                6.434036848397134e-08,
                2.9376264670332048e-09,
                2.889170333445387e-09
            ],
            [
                2.69219034271113e-09,
                1.725988042007464e-08,
                5.976510566604128e-11,
                0.7995711507928238,
                0.20042882919534025
            ],
            [
                4.47140115864082e-08,
                2.536612620437599e-06,
                7.5963300800307e-07,
                0.7970977913331428,
                0.20289886770721707
            ],
            [
                1.9475239223145634e-10,
                2.2525927772564573e-09,
                9.19793285518463e-10,
                0.5197435062800694,
                0.48025649035279216
            ],
            [
                1.0938887195381033e-10,
                9.04627506178847e-11,
                5.467854463510804e-10,
                0.3462678708981006,
                0.6537321283552623
            ]
        ],
        [
            [
                0.9106001505730169,
                0.08939982710669245,
                1.6214358903696166e-09,
                6.1076966445356805e-09,
                1.4591158068341588e-08
            ],
            [
                7.885413897709521e-08,
                6.633651135131548e-05,
                4.805415116404773e-07,
                0.8167376262731626,
                0.1831954778198354
            ],
            [
                2.6437194404119546e-09,
                2.680207414501783e-09,
                1.0970181175607423e-08,
                0.9344927273608186,
                0.06550725634507336
            ],
            [
                2.98173877928695e-10,
                1.45787530236226e-10,
                2.2507760470544426e-11,
                0.16351489105598574,
                0.8364851084775452
            ],
            [
                2.2304419079699143e-08,
                2.039552837497404e-09,
                3.5628963066497367e-10,
                0.02975704949414459,
                0.9702429258055939
            ]
        ],
        [
            [
                0.9994634585816181,
                0.0005365366901014117,
                1.0275936878225534e-09,
                1.940817685815784e-10,
                3.506604934335486e-09
            ],
            [
                3.569706479821577e-09,
                1.0862250444661832e-08,
                1.1861840599968764e-09,
                0.6370702106057965,
                0.36292977377606256
            ],
            [
                6.309545373693666e-08,
                1.133191089164061e-07,
                0.000574994043136343,
                0.7251470648699839,
                0.27427776467231707
            ],
            [
                2.0562421040988745e-09,
                9.316686495217191e-09,
                1.2943960864780263e-08,
                0.4097834329783224,
                0.5902165427047881
            ],
            [
                3.3686156852088114e-09,
                1.2212391241846509e-08,
                1.802278455390747e-10,
                0.016619875923554153,
                0.983380108315211
            ]
        ],
        [
            [
                0.42006850436213006,
                0.5799314738671395,
                3.753368412847657e-09,
                1.405483236167345e-08,
                3.962529796166269e-09
            ],
            [
                1.3858617097501772e-07,
                7.757697386269798e-08,
                3.517189236444726e-08,
                0.48975350993989014,
                0.5102462387250727
            ],
            [
                1.3359847752622357e-08,
                1.9232153315595833e-05,
                3.920837170023271e-09,
                0.72382058000124,
                0.2761601705647593
            ],
            [
                1.8569716971826366e-11,
                9.236203304839172e-10,
                9.842065325704352e-11,
                0.5049698564591064,
                0.4950301425002828
            ],
            [
                2.981359110647806e-08,
                7.7831777400614e-10,
                2.4271927252572266e-10,
                0.5670265020416468,
                0.432973467123725
            ]
        ],
        [
            [
                0.8017154012987846,
                0.19828459245466296,
                1.0725920222604422e-10,
                5.105171537488556e-09,
                1.0341216797675194e-09
            ],
            [
                4.662013009709091e-08,
                2.0499392241867713e-08,
                1.060561059374914e-08,
                0.8355182238119487,
                0.1644816984629183
            ],
            [
                1.0037255408863928e-08,
                3.9845326803213895e-09,
                6.796415454672881e-09,
                0.8042759553496377,
                0.19572402383215864
            ],
            [
                1.2932985883541237e-07,
                8.608871422180871e-10,
                2.0918095926326343e-09,
                0.400298521610789,
                0.5997013461066555
            ],
            [
                3.121161627746331e-10,
                1.2252952368867788e-10,
                6.489913703636111e-09,
                3.2916991698823587e-05,
                0.9999670760837418
            ]
        ],
        [
            [
                0.9873445199271549,
                0.012655477114456559,
                1.046737835094696e-09,
                1.6190703163746734e-09,
                2.9258053179234e-10
            ],
            [
                4.130838430686999e-08,
                1.6673656629079531e-06,
                2.600378958679321e-08,
                0.6054138952283439,
                0.39458437009381925
            ],
            [
                6.564791760165274e-09,
                1.646435905297906e-08,
                4.061947028065921e-08,
                0.5632718583233447,
                0.43672807802803415
            ],
            [
                3.3396263180803776e-06,
                1.2889670920065789e-09,
                7.199907459081523e-11,
                0.2001125840136498,
                0.7998840749990659
            ],
            [
                2.3633669263010316e-09,
                2.7829479709672447e-09,
                8.426381037112221e-10,
                0.7920495146316565,
                0.20795047937939048
            ]
        ],
        [
            [
                0.9790249001612963,
                0.020975014894460357,
                1.8035274148991898e-08,
                5.8610869050925165e-08,
                8.298100130246545e-09
            ],
            [
                6.529966837778449e-10,
                2.4290672941010623e-10,
                1.59028737256271e-09,
                0.7995171095040475,
                0.20048288800976163
            ],
            [
                3.219139834580867e-07,
                9.19083373878917e-08,
                3.4486898116515662e-06,
                0.8753151411446853,
                0.12468099634318221
            ],
            [
                1.7592621542920146e-09,
                6.468730879769476e-09,
                1.0781489696333845e-09,
                0.537897525898697,
                0.4621024647951611
            ],
            [
                6.542007584834358e-11,
                2.2451205566313055e-10,
                4.210076877588887e-10,
                0.20000583237852398,
                0.7999941669105362
            ]
        ],
        [
            [
                0.7628803095410033,
                0.23711967844362022,
                1.8616574972875343e-09,
                7.384289751468887e-09,
                2.769429365126661e-09
            ],
            [
                1.740644742228931e-09,
                7.389819787559933e-11,
                3.2839349203010617e-09,
                0.6040797926386249,
                0.39592020226289726
            ],
            [
                2.278235345297136e-09,
                1.0741566982932879e-09,
                8.92267161481503e-09,
                0.9954603624413014,
                0.0045396252836349535
            ],
            [
                1.0503331537452073e-09,
                4.427471068466107e-09,
                9.831615488863766e-09,
                0.3393227917150032,
                0.6606771929755771
            ],
            [
                8.355653750382108e-12,
                4.477598737098504e-10,
                3.809506584064986e-09,
                0.39921508600233513,
                0.6007849097320428
            ]
        ],
        [
            [
                0.9664231948402771,
                0.03357678664978599,
                1.164854166892418e-08,
                3.827125749216833e-09,
                3.03426958589438e-09
            ],
            [
                4.228706739378566e-08,
                1.2649997831349259e-07,
                3.609389750603156e-08,
                0.40339614711260224,
                0.5966036480064545
            ],
            [
                4.1016026827730464e-09,
                2.384151066099678e-09,
                3.5468513398491783e-09,
                0.8045257903735328,
                0.19547419959386203
            ],
            [
                5.7637246252998e-10,
                1.8383231967445244e-10,
                2.691907867033219e-10,
                0.23901110672567868,
                0.7609888922449257
            ],
            [
                5.924448587843789e-09,
                2.479804847675916e-08,
                3.2671753476947726e-09,
                0.3601202846378769,
                0.6398796813724508
            ]
        ],
        [
            [
                0.7627455761304354,
                0.23725440595105007,
                1.3113346390478571e-08,
                1.7530910559682081e-09,
                3.052077055668514e-09
            ],
            [
                5.256445083850838e-10,
                1.482531814290621e-08,
                3.7595252508458064e-08,
                0.7169631433001261,
                0.28303680375365864
            ],
            [
                1.6365115503661003e-09,
                7.556328237819725e-09,
                6.930208819302844e-09,
                0.6103267735717401,
                0.3896732103052113
            ],
            [
                5.991630931042014e-09,
                2.238341884624171e-09,
                3.6517262979389097e-09,
                0.5884734711487164,
                0.41152651696958453
            ],
            [
                0.05376654973869945,
                4.426650283927898e-07,
                1.784460826417087e-07,
                0.46070687959664197,
                0.48552594955354766
            ]
        ],
        [
            [
                0.8265019162748161,
                0.1734978819213475,
                3.2646933201072284e-08,
                9.874209215503167e-08,
                7.041481111494052e-08
            ],
            [
                4.7691054661841115e-08,
                1.800128947552435e-08,
                6.056766905862829e-10,
                0.7761593142220622,
                0.22384061947991699
            ],
            [
                5.294052288514386e-09,
                1.319674917924679e-07,
                5.899461561182042e-09,
                0.7933074476550535,
                0.20669240918394083
            ],
            [
                2.196725605592237e-08,
                4.969529009365271e-10,
                3.286177256160517e-10,
                6.970137700651667e-05,
                0.9999302758301668
            ],
            [
                3.980483314089056e-07,
                1.5155170509002943e-09,
                5.745196834308202e-10,
                0.14903347983094828,
                0.8509661200306835
            ]
        ],
        [
            [
                0.9940697012137759,
                0.005930298087905817,
                2.431259323981193e-10,
                2.771644066554349e-10,
                1.7802786737521638e-10
            ],
            [
                2.945501073229288e-08,
                8.516911532093204e-06,
                1.572991094359006e-07,
                0.7997095543768734,
                0.20028174195747428
            ],
            [
                2.2699233975730314e-08,
                6.57267212678896e-07,
                2.454405519953665e-08,
                0.7883179961081419,
                0.21168129938135619
            ],
            [
                1.5292878243491926e-09,
                2.9423159883032456e-08,
                1.2771398998530429e-09,
                0.44406995424456563,
                0.5559300135258468
            ],
            [
                6.257169003872196e-10,
                9.823441631522308e-11,
                1.6161688986138834e-10,
                0.7999853784387464,
                0.20001462067568532
            ]
        ],
        [
            [
                0.6171888562558164,
                0.3827907099893787,
                5.336757347952457e-07,
                2.808465835540355e-06,
                1.709161323456085e-05
            ],
            [
                1.0546671210109348e-08,
                1.0935088698258148e-08,
                7.8470607442783e-08,
                0.736867051405717,
                0.26313284864191566
            ],
            [
                3.3087079606750475e-09,
                3.004832032952216e-09,
                9.39643565116579e-08,
                0.5995913075497253,
                0.4004085921723781
            ],
            [
                1.2153891432442458e-09,
                3.534679694130279e-09,
                3.838536976054292e-09,
                0.37674237728942966,
                0.6232576141219646
            ],
            [
                8.775719976369392e-08,
                1.8935988782901738e-08,
                3.3324143060478936e-09,
                0.4681047032507745,
                0.5318951867236227
            ]
        ],
        [
            [
                0.9839725166785147,
                0.01602713290055365,
                8.97109314782413e-08,
                1.9820865435493424e-07,
                6.250134581826721e-08
            ],
            [
                5.695264599951385e-09,
                2.391392807671523e-09,
                7.321114706030161e-10,
                0.4455622854914015,
                0.5544377056898296
            ],
            [
                1.714601327763321e-07,
                4.873394648030605e-07,
                0.0649005375883451,
                0.9276228840298432,
                0.007475919582214129
            ],
            [
                1.6310503783782918e-10,
                7.472974821988005e-11,
                1.0460040009647478e-11,
                0.6445065333563146,
                0.3554934663953906
            ],
            [
                3.848782519783525e-08,
