{
    "[['A', 'B', 'C', 'D', 'E'], ['A', 'B', 'C', 'D', 'E']]": [
        [
            [
                0.9999956747650867,
                4.325147940156261e-06,
                4.618693321429103e-11,
                3.2388827193193375e-11,
                8.397388066436936e-12
            ],
            [
                0.9964021487263359,
                0.00359785098307568,
                1.6795895720670178e-10,
                3.2945288558675764e-11,
                8.968411622379075e-11
            ],
            [
                5.090778911334795e-07,
                0.41468420002392553,
                0.3873245261617384,
                0.19798588199387132,
                4.8827425735495245e-06
            ],
            [
                9.093925290862104e-08,
                3.55621870433128e-06,
                1.655996859740525e-05,
                0.5260410073301033,
                0.4739387855433421
            ],
            [
                4.8430053307115626e-09,
                2.8991514486483993e-08,
                7.83614628260759e-08,
                0.7251912281875235,
                0.2748086596164939
            ]
        ],
        [
            [
                0.9999781575565766,
                2.1842221652073708e-05,
                1.0952675255650588e-10,
                4.144800175024153e-11,
                7.079661041335115e-11
            ],
            [
                0.9998839371155638,
                0.00011606285292692012,
                2.5644619884694496e-11,
                1.025984753172968e-12,
                4.838813251883949e-12
            ],
            [
                4.0395238909251315e-07,
                0.10020170767333955,
                0.8996447555137329,
                0.00015280600907944977,
                3.268514589845382e-07
            ],
            [
                3.827810572362169e-09,
                2.699602088630411e-07,
                1.2351178074863577e-05,
                0.685317708697181,
                0.3146696663367246
            ],
            [
                7.134395085404561e-10,
                4.023836252077233e-10,
                1.083856025124599e-09,
                0.019410759820750103,
                0.9805892379795708
            ]
        ],
        [
            [
                0.9999655412615027,
                3.445859412397563e-05,
                5.2188328623091155e-11,
                4.9778962234570886e-11,
                4.2405936299578037e-11
            ],
            [
                0.9999752894034114,
                2.471052304655406e-05,
                1.2084037586220997e-12,
                2.128133779270084e-11,
                5.105241154134264e-11
            ],
            [
                1.5578632538883853e-06,
                0.17320254656811465,
                0.8267730320503996,
                2.28088464829715e-05,
                5.467174892308556e-08
            ],
            [
                1.4450932001614178e-08,
                3.066118850062667e-08,
                1.215938464521557e-06,
                0.8370209804399119,
                0.16297775850950313
            ],
            [
                2.87914851151121e-10,
                1.8354829622475826e-09,
                1.1573152327760187e-09,
                0.001821609351777963,
                0.998178387367509
            ]
        ],
        [
            [
                0.9998177862608996,
                0.000182213329536953,
                2.8606574473254668e-11,
                3.0715952399920375e-12,
                3.778852409474966e-10
            ],
            [
                0.9999893332894044,
                1.0666475809085612e-05,
                5.962010530133197e-12,
                1.1619470500731651e-10,
                1.1262976881368822e-10
            ],
            [
                6.973195741082273e-14,
                1.5887644687307104e-12,
                0.9999999999915439,
                3.9591541069994106e-12,
                2.8385126352334327e-12
            ],
            [
                8.270134182425954e-10,
                1.68819285471045e-09,
                4.647256493239404e-10,
                0.8608425691329434,
                0.13915742788712462
            ],
            [
                8.019843308486908e-09,
                1.8345927920752915e-09,
                1.1792491987713018e-08,
                0.2532454518809985,
                0.7467545264720733
            ]
        ],
        [
            [
                0.99718466932877,
                0.002815330322357667,
                4.3385297575438104e-11,
                2.5898760838535255e-10,
                4.6499342157872405e-11
            ],
            [
                0.9996680734695277,
                0.00033192642898807295,
                3.195948360654403e-11,
                6.823700700311203e-11,
                1.2878816522948293e-12
            ],
            [
                1.0038902078922025e-07,
                3.101938370703622e-06,
                0.989007448312963,
                0.009642579784684304,
                0.0013467695749611029
            ],
            [
                5.365882020131841e-08,
                2.4358049065344874e-06,
                0.00021369184158159278,
                0.6386853014104038,
                0.36109851728428793
            ],
            [
                1.0736641814352518e-09,
                7.294974364628546e-10,
                7.066114050677678e-09,
                0.21201304725753084,
                0.7879869438731935
            ]
        ],
        [
            [
                0.9999753207197303,
                2.4679168507392253e-05,
                5.2461079426697534e-11,
                8.722722605319498e-12,
                5.05786256196504e-11
            ],
            [
                0.9999999720216086,
                2.796182766146996e-08,
                3.510097507422216e-12,
                1.2047129740141596e-11,
                1.0063915064812509e-12
            ],
            [
                7.232493028262267e-13,
                2.8631154019153082e-12,
                0.9999999999505673,
                3.5225074414392856e-11,
                1.0621001602832245e-11
            ],
            [
                1.0536845229221361e-07,
                4.113452962679161e-08,
                1.1518656912296471e-07,
                0.8813843435646261,
                0.11861539474582283
            ],
            [
                2.8747538234490274e-08,
                5.471271414546411e-08,
                2.0182297109571627e-08,
                0.5543495729825793,
                0.44565032337487126
            ]
        ],
        [
            [
                0.9999998484348999,
                1.5121758506994991e-07,
                1.1160989232289928e-12,
                1.410954034047734e-11,
                3.322895506471441e-10
            ],
            [
                0.9999999363494649,
                6.361309795837967e-08,
                2.107241437184904e-11,
                1.1317496136202268e-12,
                1.5233059829945467e-11
            ],
            [
                1.003008503127124e-10,
                1.7503226004798103e-09,
                0.9999997508352123,
                2.426356394223083e-07,
                4.678524769814742e-09
            ],
            [
                7.997242297263211e-08,
                1.6274725987512607e-07,
                9.75267157210852e-07,
                0.5878416450113982,
                0.4121571370017618
            ],
            [
                9.341994533543648e-11,
                3.084383240253043e-10,
                5.0068045123202e-10,
                0.022710299338078773,
                0.9772896997593825
            ]
        ],
        [
            [
                0.9996146325234929,
                0.0003853673863312713,
                4.320920374866662e-11,
                4.6566625608283585e-11,
                3.9987893995514875e-13
            ],
            [
                0.9999850130037065,
                1.4986963171351819e-05,
                1.671673011137447e-11,
                1.1099254436477442e-11,
                5.306153177058211e-12
            ],
            [
                2.9373339042296573e-07,
                0.0009937112164161157,
                0.9756463824082262,
                0.02286592119024549,
                0.0004936914517218178
            ],
            [
                3.8046846771721435e-08,
                4.6716511097444385e-08,
                1.3987822984037067e-06,
                0.7536162995051807,
                0.24638221694916287
            ],
            [
                5.978163247239685e-10,
                1.183658819828996e-08,
                3.221998219364174e-08,
                0.8629371992228898,
                0.13706275612272342
            ]
        ],
        [
            [
                0.8445400252403199,
                0.15545997377001983,
                7.326748626685562e-11,
                4.390278755141277e-11,
                8.724899780278933e-10
            ],
            [
                0.9999952580681499,
                4.7418796881135535e-06,
                1.7521169528357578e-11,
                2.212877399817718e-11,
                1.2512066137462662e-11
            ],
            [
                9.282677152738119e-07,
                0.19312133065709994,
                0.8039099716454567,
                0.0028792354589107613,
                8.853397081736323e-05
            ],
            [
                1.1722685351327808e-07,
                3.8652264369611275e-07,
                1.4465885980187872e-05,
                0.6322811076440968,
                0.36770392272042585
            ],
            [
                2.536361615727383e-07,
                6.215880779013271e-08,
                3.4388352528081423e-08,
                0.5917279456467396,
                0.4082717041699385
            ]
        ],
        [
            [
                0.9999998336097573,
                1.6635447379505824e-07,
                3.3313102524794897e-12,
                2.2322443578152165e-11,
                1.0115067677199987e-11
            ],
            [
                0.9999985576005974,
                1.4423876158656647e-06,
                8.835282812002602e-12,
                2.619674375090172e-12,
                3.317350525576129e-13
            ],
            [
                4.285600567414588e-06,
                0.04405979934263523,
                0.4801754735820068,
                0.47567170179302243,
                8.873968176814647e-05
            ],
            [
                2.223613217461172e-08,
                7.754180981006695e-09,
                7.087186969157927e-08,
                0.6094146532853981,
                0.390585245852419
            ],
            [
                2.9534220046934586e-10,
                2.046470599934276e-09,
                7.601700882878041e-10,
                0.7859511655096054,
                0.21404883138841174
            ]
        ],
        [
            [
                0.9999990376172397,
                9.620051851175096e-07,
                2.084344469212607e-11,
                3.4295621126244847e-10,
                1.3775439151339573e-11
            ],
            [
                0.9986206956249628,
                0.0013793033735454644,
                7.748290774588752e-10,
                1.0755510019171019e-10,
                1.191075344490547e-10
            ],
            [
                2.0756535995038688e-06,
                0.1689768356447963,
                0.5925386991430891,
                0.2384624964461326,
                1.989311238258107e-05
            ],
            [
                1.7988957308748364e-07,
                1.1870973158357711e-07,
                5.935551315776692e-06,
                0.7560533425408138,
                0.24394042330856572
            ],
            [
                8.174374305658395e-09,
                8.23256652901088e-09,
                9.445511870303774e-08,
                0.3473181033799191,
                0.6526817857580214
            ]
        ],
        [
            [
                0.9999999209490354,
                7.89964306785194e-08,
                3.3740589337068915e-12,
                2.1587945333424393e-12,
                4.900094573307214e-11
            ],
            [
                0.9999988955749094,
                1.1043733528250085e-06,
                2.0882226206126273e-11,
                5.4825299814878094e-12,
                2.537317304136449e-11
            ],
            [
                3.9936649074068646e-07,
                0.00024092213880607904,
                0.014919916996055348,
                0.9700274000118357,
                0.014811361486812063
            ],
            [
                2.1005256208858367e-08,
                1.8302807342522922e-08,
                3.0276176972453424e-06,
                0.522432519010183,
                0.4775644140640562
            ],
            [
                9.637393973944016e-09,
                9.342586567509698e-08,
                1.1576496308113428e-06,
                0.4762581898632648,
                0.5237405494238446
            ]
        ],
        [
            [
                0.9996146344755936,
                0.0003853646308305994,
                1.443257835135023e-10,
                6.579204598207897e-11,
                6.834580189979982e-10
            ],
            [
                0.9997659743789123,
                0.00023402545962440062,
                2.336477117938456e-11,
                1.2541995165562756e-10,
                1.267858631326333e-11
            ],
            [
                1.514649941474722e-07,
                1.6957576791818968e-07,
                0.08286620535545047,
                0.8989016722192473,
                0.018231801384540145
            ],
            [
                3.0710383323839795e-08,
                3.59878174931872e-09,
                2.974978154667142e-08,
                0.7458156236286947,
                0.2541843123123587
            ],
            [
                1.548569083760048e-08,
                9.727785515758757e-09,
                4.5857471509278764e-08,
                0.8650775272138397,
                0.13492240171521244
            ]
        ],
        [
            [
                0.9999936849496662,
                6.314993350005943e-06,
                7.722571565399097e-13,
                2.307267441036853e-11,
                3.313883053015996e-11
            ],
            [
                0.8044529589718546,
                0.1955470401277212,
                7.366058048389948e-11,
                5.030741622696736e-11,
                7.764560034343972e-10
            ],
            [
                2.1011236764241044e-07,
                0.2034908988237355,
                0.7218128102058926,
                0.074692694249466,
                3.386608538280266e-06
            ],
            [
                1.5435648568242303e-08,
                1.498105341411234e-08,
                2.016778591120533e-07,
                0.687087440386371,
                0.31291232751906795
            ],
            [
                7.652301364365411e-10,
                2.0549857884764543e-10,
                2.293015752469365e-09,
                0.25352183589594535,
                0.7464781608403102
            ]
        ],
        [
            [
                0.999913874523712,
                8.612512694318775e-05,
                2.5811617425597242e-11,
                2.307959323559081e-10,
                9.27372617415116e-11
            ],
            [
                0.9999997631052353,
                2.3687382982864582e-07,
                9.364193680100055e-12,
                2.3571078356600476e-12,
                9.21361779344133e-12
            ],
            [
                1.057765713594414e-06,
                0.022151886633117828,
                0.8754062761869843,
                0.10243021495674648,
                1.0564457437917273e-05
            ],
            [
                2.9178382311498957e-09,
                3.9471826326592156e-08,
                1.2633377408195425e-08,
                0.5688488933449031,
                0.431151051632055
            ],
            [
                6.086849899126441e-08,
                1.2610183880904883e-07,
                1.0345385848526415e-07,
                0.587946938897563,
                0.4120527706782408
            ]
        ],
        [
            [
                0.9999999991130624,
                8.827155176445819e-10,
                3.4836635330648493e-13,
                3.0037695516778837e-12,
                8.699296864878181e-13
            ],
            [
                0.9999999708865664,
                2.9102696697498096e-08,
                9.524933518171224e-13,
                8.616633162263773e-12,
                1.1677590199374989e-12
            ],
            [
                1.6557393549645272e-12,
                2.000616611082835e-12,
                0.9999999999937028,
                1.7115679186201508e-12,
                9.293528613618812e-13
            ],
            [
                1.1858301847673358e-08,
                7.0231259072803754e-09,
                7.316032529124393e-08,
                0.33583380145948083,
                0.6641661064987661
            ],
            [
                9.568358449456616e-08,
                1.6428196633045382e-08,
                1.1048790523361833e-08,
                0.5388434486601869,
                0.46115642817924146
            ]
        ],
        [
            [
                0.9999923433982845,
                7.655492539763617e-06,
                1.4449420712786958e-11,
                4.0275933435561406e-11,
                1.0544503895202291e-09
            ],
            [
                0.9879824224343345,
                0.012017577372274128,
                3.141689416996165e-11,
                1.4944556908730052e-10,
                1.2528879347648836e-11
            ],
            [
                3.884353298480716e-06,
                0.0003226662139528961,
                0.40298908223856883,
                0.491160372060142,
                0.10552399513403772
            ],
            [
                3.375776709998631e-08,
                8.17475457333576e-08,
                3.5285745777243554e-06,
                0.7856158037037132,
                0.2143805522163963
            ],
            [
                1.4119580651631385e-09,
                7.733849151589605e-10,
                1.7367549347089253e-09,
                0.09705393035525742,
                0.9029460657226447
            ]
        ],
        [
            [
                0.9999329298047697,
                6.707005825851683e-05,
                4.38626926519282e-12,
                6.419275497924952e-11,
                6.839270740714981e-11
            ],
            [
                0.999999952096326,
                4.7871933816337335e-08,
                8.02148583074134e-12,
                2.2991307287079078e-11,
                7.275532037497313e-13
            ],
            [
                5.4451484226759e-07,
                0.00017593042685274814,
                0.27161675974498234,
                0.5442617082478701,
                0.18394505706545256
            ],
            [
                8.242444589588489e-09,
                6.411007249805405e-10,
                6.668556367036829e-09,
                0.6336651283171743,
                0.3663348561307241
            ],
            [
                2.7441970744711326e-09,
                9.382023841765363e-09,
                1.6478689807126646e-08,
                0.21791196294112025,
                0.782088008453969
            ]
        ],
        [
            [
                0.9996997632898185,
                0.00030023655245026924,
                2.3295279698686797e-12,
                1.3671631981562813e-10,
                1.8685367144740842e-11
            ],
            [
                0.9999593112491499,
                4.06884950689985e-05,
                2.8978865856934795e-12,
                1.6277967255607854e-12,
                2.5125540250489935e-10
            ],
            [
                1.4666444032624567e-12,
                1.9700334944472046e-12,
                0.9999999999836964,
                1.131838580585667e-11,
                1.5486625248701607e-12
            ],
            [
                1.5108933774102994e-07,
                2.7326089285802897e-08,
                8.567109852736745e-08,
                0.8969550838859106,
                0.10304465202756384
            ],
            [
                3.0934442224141396e-09,
                1.6958700354573656e-09,
                1.509332940882569e-10,
                0.11571440162333578,
                0.8842855934364167
            ]
        ],
        [
            [
                0.9999883276532566,
                1.167223936408483e-05,
                2.7431904114727285e-11,
                6.754651109310634e-11,
                1.2400906570034754e-11
            ],
            [
                0.9996119713387515,
                0.0003880284489322747,
                7.882907168040787e-11,
                1.2805225060128868e-10,
                5.435034078508053e-12
            ],
            [
                1.1253684582214576e-06,
                0.001888123208377001,
                0.8031105850249182,
                0.1936691344378454,
                0.0013310319604010956
            ],
            [
                1.311106832672676e-07,
                1.1030258972646767e-06,
                0.00023142114056863645,
                0.9233008839930656,
                0.07646646072978515
            ],
            [
                2.075138944700139e-09,
                8.776156737168861e-10,
                2.240002051537356e-08,
                0.41169388662875667,
                0.5883060880184682
            ]
        ],
        [
            [
                0.9999999755069963,
                2.444780272667565e-08,
                2.3256466342879613e-11,
                2.1513082531714425e-11,
                4.3131904716486585e-13
            ],
            [
                0.9911960404726723,
                0.008803959163880644,
                3.921319011511234e-11,
                2.6355918928102514e-10,
                6.067465185922118e-11
            ],
            [
                2.9051515267610887e-07,
                8.794226854657635e-06,
                0.10073745262765026,
                0.8954756002401543,
                0.0037778623901880593
            ],
            [
                3.608695792216304e-09,
                5.705964993342588e-09,
                4.0942852735710534e-09,
                0.6721497660241593,
                0.3278502205668946
            ],
            [
                2.2128200789564597e-09,
                1.2393280658525482e-09,
                5.073769438255616e-09,
                0.062068771076934905,
                0.9379312203971475
            ]
        ],
        [
            [
                0.9997660961781702,
                0.0002339024343235412,
                2.6790661247772776e-12,
                6.554084090961553e-11,
                1.3192863798307217e-09
            ],
            [
                0.9999999991858746,
                8.097259340091697e-10,
                4.153490193155301e-12,
                4.489554104250845e-14,
                2.0120785559712413e-13
            ],
            [
                3.8860762081832894e-07,
                0.14660441279505806,
                0.5432994740526399,
                0.3100944712156389,
                1.253329042346953e-06
            ],
            [
                2.5058487976200357e-07,
                2.0846109576518932e-06,
                2.8345236730328203e-06,
                0.6824623556298199,
                0.31753247465066964
            ],
            [
                4.4580945644914e-09,
                2.8165822216284036e-09,
                3.736270864189084e-09,
                0.40930269356272253,
                0.5906972954263299
            ]
        ],
        [
            [
                0.999614652687096,
                0.0003853472701353268,
                8.784102101727911e-12,
                3.5820547223318194e-12,
                3.040256667792998e-11
            ],
            [
                0.9999872423678127,
                1.2757421605503456e-05,
                2.2067306018269984e-11,
                7.799093107487875e-11,
                1.105236162552772e-10
            ],
            [
                1.1658852763699762e-06,
                0.044660353540373655,
                0.8080263498187072,
                0.147207265110944,
                0.00010486564469873978
            ],
            [
                7.192317575631551e-09,
                2.507485866780201e-07,
                7.367394008084073e-08,
                0.8950854577971218,
                0.10491421058803388
            ],
            [
                2.6562574799699676e-09,
                3.1380000845001934e-10,
                3.739666734671893e-09,
                0.9980564738379425,
                0.0019435194523332046
            ]
        ],
        [
            [
                0.9998989109737377,
                0.00010108894312858552,
                7.106350299564861e-13,
                4.245389027737975e-11,
                3.9968997772255543e-11
            ],
            [
                0.6289327038832665,
                0.37106729386299286,
                1.1591617536684031e-10,
                1.128156348147043e-10,
                2.0250089933404664e-09
            ],
            [
                6.538607468185144e-08,
                9.48117365229837e-07,
                0.9895281443716357,
                0.010404696681802994,
                6.61454431213713e-05
            ],
            [
                1.0020876491586018e-08,
                4.668830576444491e-09,
                2.4899663373857863e-08,
                0.7244731047012747,
                0.27552685570935487
            ],
            [
                2.2297509968279083e-09,
                1.7873468414073556e-09,
                1.0196909448812567e-07,
                0.67735908445515,
                0.32264080955865765
            ]
        ],
        [
            [
                0.9997653451067108,
                0.0002346547864401229,
                1.5386355378051717e-11,
                8.627725269920793e-11,
                5.18553242715699e-12
            ],
            [
                0.9999999874568671,
                1.2530504640812981e-08,
                1.4226377257563617e-12,
                7.398765278144972e-12,
                3.806625231390026e-12
            ],
            [
                4.393248549542361e-12,
                2.3493167571815957e-11,
                0.9999999970991764,
                2.4423683072516294e-09,
                4.305688451610398e-10
            ],
            [
                1.6058029195168028e-09,
                4.930072441924053e-09,
                7.192215006289384e-09,
                0.7142088629233321,
                0.2857911233485775
            ],
            [
                5.1618436333778e-09,
                1.1572359360616058e-08,
                5.034558860687767e-09,
                0.5494381226560738,
                0.45056185557516426
            ]
        ],
        [
            [
                0.9999998205039828,
                1.7945817234795847e-07,
                2.3520791225930358e-12,
                3.4467897473283374e-11,
                1.0248255450769068e-12
            ],
            [
                0.9999999421054583,
                5.781361700255874e-08,
                1.8971726839800304e-11,
                5.6167388646128155e-12,
                5.633630170294255e-11
            ],
            [
                6.203782585323327e-07,
                0.20654834380992756,
                0.5850989313092484,
                0.20834986705055597,
                2.2374520095167647e-06
            ],
            [
                1.0047710482675708e-07,
                3.157567606341365e-07,
                1.2274412472850202e-07,
                0.8436962488449647,
                0.15630321217704507
            ],
            [
                9.358154522416925e-09,
                4.9101124804915515e-08,
                3.9593563935563874e-07,
                0.43679074089059833,
                0.5632088047144831
            ]
        ],
        [
            [
                0.9999983603858544,
                1.6392468312757345e-06,
                1.1597835215749338e-11,
                2.37544003856102e-11,
                3.319620355174591e-10
            ],
            [
                0.9969533588622815,
                0.0030466407275997545,
                3.0893348691822026e-10,
                1.1475037123254687e-11,
                8.971020996265521e-11
            ],
            [
                1.3378707880715678e-06,
                0.10031966584149969,
                0.8989505388359668,
                0.0007209094525462942,
                7.5479991991279085e-06
            ],
            [
                4.217231370011096e-08,
                1.9736330221294125e-08,
                5.878645416915306e-08,
                0.8149992770420863,
                0.1850006022628157
            ],
            [
                3.5660508675549584e-10,
                1.3932692388689174e-09,
                4.916504069751325e-09,
                0.011345230728377143,
                0.9886547626052445
            ]
        ],
        [
            [
                0.9462117109667498,
                0.05378828792464705,
                1.6183135482747542e-10,
                1.5779018040451783e-11,
                9.309925511676277e-10
            ],
            [
                0.9634832108715246,
                0.03651678875978139,
                1.601536156634827e-10,
                2.7132143016725405e-11,
                1.8140817009710686e-10
            ],
            [
                7.470622218130423e-07,
                2.5465068635071372e-05,
                0.5392929162153065,
                0.4603689696104524,
                0.0003119020433840386
            ],
            [
                3.7293330285021727e-07,
                1.0582594601348181e-05,
                7.232548334269815e-06,
                0.8281886003388249,
                0.17179321158493674
            ],
            [
                2.3903559458916093e-09,
                1.1348698513960804e-07,
                4.813788598965614e-09,
                0.09175233781495921,
                0.9082475414939112
            ]
        ],
        [
            [
                0.9999999820467966,
                1.7822072823914737e-08,
                1.1247290962482425e-11,
                1.1764989924334643e-10,
                2.2333342973354725e-12
            ],
            [
                0.9999773783438412,
                2.262095752539847e-05,
                6.213494499304182e-10,
                3.6702337956945584e-11,
                4.05815981788405e-11
            ],
            [
                5.093953053201413e-08,
                3.1257693334475653e-06,
                0.9997931449049813,
                0.0002036162896934135,
                6.209646143909385e-08
            ],
            [
                3.1664010788006746e-09,
                1.0765452322770121e-08,
                8.757397606871935e-08,
                0.8154760558285358,
                0.18452384266563476
            ],
            [
                2.2607696770808587e-08,
                1.3205957655969984e-08,
                4.508563784579545e-09,
                0.2157613839794582,
                0.7842385756983236
            ]
        ],
        [
            [
                0.9124343244766571,
                0.08756567381101855,
                1.7531030616854112e-10,
                1.9503146347381452e-11,
                1.5175108378701804e-09
            ],
            [
                0.9999982393737205,
                1.7605705958896481e-06,
                4.6816716204175066e-12,
                4.447425988322195e-11,
                6.527692467889024e-12
            ],
            [
                3.689190678641256e-06,
                0.214349954727715,
                0.7497363276949711,
                0.03590910627004222,
                9.221165929391892e-07
            ],
            [
                6.487943676367738e-08,
                5.939271226259484e-08,
                1.2665216382816488e-06,
                0.4215527974180923,
                0.5784458117881204
            ],
            [
                6.064573163768731e-09,
                3.597275464117411e-08,
                3.3521338945621412e-09,
                0.5071610873604095,
                0.4928388672501288
            ]
        ],
        [
            [
                0.9999745732121836,
                2.5426630438357162e-05,
                1.998352526558418e-11,
                5.4463912533705877e-11,
                8.293053401706356e-11
            ],
            [
                0.9999998228769063,
                1.771064764828367e-07,
                1.0377388927987725e-11,
                1.3613265752915826e-12,
                4.878534891357655e-12
            ],
            [
                7.944746666026029e-12,
                6.559789602653868e-11,
                0.9999999999010205,
                1.729260036618393e-11,
                8.144139814982568e-12
            ],
            [
                1.4061118478532325e-08,
                1.6519526051238482e-07,
                5.473978244941615e-06,
                0.8283008655609596,
                0.17169348120441638
            ],
            [
                4.338923277131177e-09,
                3.0555430740271653e-08,
                4.446284312164939e-08,
                0.6850471917113681,
                0.3149527289314347
            ]
        ],
        [
            [
                0.999999992763285,
                7.170519051168667e-09,
                3.6163612156039505e-11,
                2.1926106065626246e-12,
                2.783976446160199e-11
            ],
            [
                0.9999883340259477,
                1.1665728276233364e-05,
                9.564730825225515e-12,
                5.729835564566375e-11,
                1.789129808543223e-10
            ],
            [
                1.1926877171587278e-07,
                0.35747429958380406,
                0.6422261570783769,
                0.0002992932173889828,
                1.3085165836854752e-07
            ],
            [
                5.250857264568588e-10,
                4.2219689066996614e-08,
                1.9292290118513433e-08,
                0.2217509097232406,
                0.7782490282396944
            ],
            [
                4.506137420212616e-09,
                1.2860191017964425e-09,
                3.3355180777516327e-09,
                0.006126921357285644,
                0.9938730695150398
            ]
        ],
        [
            [
                0.999999999896146,
                5.2422469075565975e-11,
                1.1463792472449794e-12,
                1.0422844244308719e-12,
                4.924277946233942e-11
            ],
            [
                0.9999998413972631,
                1.5855561906261892e-07,
                2.3392198788367316e-12,
                3.979213470637099e-11,
                4.986614554762628e-12
            ],
            [
                3.4343917652257336e-07,
                5.420066733318784e-05,
                0.9997979966386968,
                0.00014744030005336506,
                1.895474001816625e-08
            ],
            [
                6.0737171281278155e-09,
                2.194028315074347e-08,
                8.410436886793627e-07,
                0.87844200866282,
                0.12155712227949113
            ],
            [
                6.044590558472818e-10,
                1.9459234390845727e-10,
                2.626916790060682e-10,
                0.012338929790366472,
                0.9876610691478904
            ]
        ],
        [
            [
                0.9999959643553503,
                4.03561439143725e-06,
                1.0882795227660443e-12,
                9.48725345245998e-12,
                1.968268557753594e-11
            ],
            [
                0.9999992471973956,
                7.527330648674819e-07,
                3.444598127562176e-11,
                2.5173221966405288e-11,
                9.92027918743228e-12
            ],
            [
                1.5494588326595926e-07,
                0.0048702971151493,
                0.8328811328892953,
                0.16224417710861583,
                4.237941056179804e-06
            ],
            [
                3.4758395988349326e-08,
                7.895938125079925e-08,
                6.496671565706757e-07,
                0.7415847094376478,
                0.2584145271774184
            ],
            [
                4.472226832476304e-10,
                1.4254691811211821e-11,
                3.5913601758781444e-09,
                0.3011965159299836,
                0.698803480017179
            ]
        ],
        [
            [
                0.9999807604672767,
                1.9239482437389493e-05,
                1.4482040356801226e-11,
                3.021710855983164e-11,
                5.586839406047095e-12
            ],
            [
                0.8145370974171383,
                0.18546290092529832,
                8.009661465189853e-11,
                2.3146631054959046e-10,
                1.3460003136429438e-09
            ],
            [
                2.8047276105326997e-08,
                8.735463204563717e-06,
                0.991445535254332,
                0.008545498113855217,
                2.0312133218442279e-07
            ],
            [
                1.7881631299810136e-08,
                1.9819133815154998e-08,
                1.4469374461879805e-07,
                0.4622646666425992,
                0.537735150962891
            ],
            [
                5.5175102916693156e-09,
                6.141952241393435e-09,
                5.666607572043887e-09,
                0.6268915469545353,
                0.37310843571939456
            ]
        ],
        [
            [
                0.999995927246043,
                4.072457564525838e-06,
                3.381116417139703e-11,
                5.614486132256121e-12,
                2.569668169073058e-10
            ],
            [
                0.999999997591787,
                2.4019274810900513e-09,
                4.149888135194687e-12,
                4.742784415938627e-13,
                1.661255774388722e-12
            ],
            [
                3.5532627107725874e-07,
                0.06386113933039661,
                0.8750315962467529,
                0.061073313840377626,
                3.3595256201681404e-05
            ],
            [
                4.633457738537642e-08,
                1.608509302343323e-08,
