{
    "[['A', 'B', 'C', 'D', 'E'], ['A', 'B', 'C', 'D', 'E']]": [
        [
            [
                0.6419075264634255,
                0.3580921984061228,
                1.455964389600767e-07,
                4.9817507363836294e-08,
                7.971650530567868e-08
            ],
            [
                7.349504055280777e-10,
                1.7489087674796719e-09,
                1.0384873819059751e-08,
                0.40156769193764114,
                0.598432295193626
            ],
            [
                8.843941396291936e-10,
                2.3193657940951873e-09,
                0.999999972338636,
                1.2359691297061774e-08,
                1.209791269708436e-08
            ],
            [
                1.7194734553297522e-08,
                3.022107943674445e-08,
                4.331132667455497e-09,
                0.2555037193122285,
                0.7444962289408249
            ],
            [
                3.167660769736179e-05,
                7.863893723060892e-08,
                7.859480547198301e-08,
                0.20006631151161683,
                0.7999018546469431
            ]
        ],
        [
            [
                0.9029885692063242,
                0.09701138474292825,
                3.828413525474219e-09,
                1.5677116486481365e-08,
                2.6545217557258437e-08
            ],
            [
                1.01970371848015e-09,
                9.865051604275373e-09,
                1.0168080857132413e-07,
                0.6577761690142565,
                0.3422237184201795
            ],
            [
                4.155635583093012e-12,
                2.5535858719946233e-12,
                0.99999999998838,
                2.529560144067896e-12,
                2.3812645896002424e-12
            ],
            [
                1.2703737048007006e-09,
                9.42129649866547e-10,
                1.4159974654834598e-08,
                0.9260918519306772,
                0.07390813169684472
            ],
            [
                2.003586065024025e-09,
                2.928166544554876e-09,
                2.6853322627293064e-09,
                0.13583996026104805,
                0.8641600321218671
            ]
        ],
        [
            [
                0.7719862363746809,
                0.22801320727352514,
                5.641859989406914e-09,
                4.972631107745068e-07,
                5.344682305125792e-08
            ],
            [
                8.491414540114224e-09,
                3.718337568732001e-08,
                5.5949966512125835e-09,
                0.802161369332227,
                0.19783857939798602
            ],
            [
                9.09129133812498e-12,
                1.2451403699676017e-11,
                0.9999999993255406,
                2.43614626724282e-11,
                6.285552141820504e-10
            ],
            [
                1.4950280677985962e-06,
                2.7440984765846085e-10,
                7.127832933508044e-09,
                0.3997019017976888,
                0.6002965957720006
            ],
            [
                9.64396682580524e-07,
                9.245825169944182e-10,
                7.547241558208117e-11,
                9.957285596795413e-07,
                0.9999980388747027
            ]
        ],
        [
            [
                0.9988203277461843,
                0.0011796682554760568,
                1.2616632739389613e-09,
                1.6127987851057922e-09,
                1.123877636213789e-09
            ],
            [
                6.712398463940842e-09,
                3.343588756892089e-08,
                2.3606329707770173e-07,
                0.3556671560709721,
                0.6443325677174448
            ],
            [
                7.544877112077185e-11,
                2.478558930773151e-10,
                0.999999892591004,
                7.792160768327734e-08,
                2.9164083768781432e-08
            ],
            [
                2.1843591893663644e-09,
                7.0764290573940685e-09,
                4.904421696269435e-09,
                0.796266381062344,
                0.20373360477244612
            ],
            [
                7.171866673418236e-06,
                2.8431154967958697e-08,
                4.019442872161113e-09,
                0.40045851915117814,
                0.5995342765315506
            ]
        ],
        [
            [
                0.7324397224601644,
                0.2675601939462023,
                1.8466082043287107e-08,
                9.368207356742515e-09,
                5.5759343845570105e-08
            ],
            [
                2.006204892103706e-09,
                3.728512445493046e-09,
                5.561205030186269e-09,
                0.20487265488451115,
                0.7951273338195665
            ],
            [
                3.5653891490519544e-07,
                3.3897625468239176e-07,
                0.8143374797747529,
                0.1856484264392669,
                1.3398270810625421e-05
            ],
            [
                4.009909309922511e-08,
                6.0129332266401424e-09,
                1.4210293739609164e-09,
                0.42299494004788835,
                0.577005012419056
            ],
            [
                1.77256735111149e-08,
                5.278921310796927e-10,
                1.503111582046802e-09,
                0.20029201027972843,
                0.7997079699635944
            ]
        ],
        [
            [
                0.997185537132856,
                0.0028144625471022595,
                1.7168107824293337e-10,
                8.501637019997845e-11,
                6.334436946255974e-11
            ],
            [
                5.0576295630996366e-09,
                5.383874548547827e-08,
                3.362284545442098e-07,
                0.5979865268185495,
                0.4020130780566209
            ],
            [
                3.683492644321618e-12,
                4.4490134058714465e-12,
                0.9999999999819229,
                8.427696493566942e-12,
                1.5168027502756674e-12
            ],
            [
                6.955575165776955e-10,
                2.1245520923241377e-09,
                3.2093749296428343e-10,
                0.3995154689262369,
                0.600484527932716
            ],
            [
                3.034796457064237e-08,
                2.0990213867835136e-07,
                8.783147994312733e-08,
                0.5363851081105115,
                0.4636145638079054
            ]
        ],
        [
            [
                0.6899725584281572,
                0.31002742355738033,
                5.157125169070574e-10,
                1.553540658188615e-08,
                1.963343314848492e-09
            ],
            [
                1.6873832189339067e-08,
                1.3027064136127876e-08,
                8.165598698915894e-08,
                0.5483047969914236,
                0.45169509145169306
            ],
            [
                7.857810364798581e-08,
                2.7441359799670034e-07,
                0.9999826947459478,
                1.8472145457786952e-06,
                1.5105047804772045e-05
            ],
            [
                1.4138132624237459e-08,
                9.261249128395174e-09,
                6.505146072830262e-10,
                0.40015286760857555,
                0.5998471083415281
            ],
            [
                0.00018217364328342224,
                6.677135776812647e-09,
                3.4870273630401145e-09,
                0.17263193320235112,
                0.8271858829902023
            ]
        ],
        [
            [
                0.9804112347999194,
                0.019588682500963548,
                5.0155715307100266e-08,
                9.256914023298138e-09,
                2.3286487787236468e-08
            ],
            [
                1.0809508254542694e-07,
                2.8070760456905798e-08,
                3.99743663313768e-09,
                0.7599141797994533,
                0.24008568003726707
            ],
            [
                6.624472355551809e-11,
                9.344512271348095e-11,
                0.9999999956938599,
                2.601166023534891e-09,
                1.5452842640815408e-09
            ],
            [
                1.1657845342258475e-05,
                3.5885917986844634e-08,
                4.693582835229877e-09,
                0.596385405933201,
                0.40360289564195595
            ],
            [
                6.57307066751113e-10,
                8.243640519104187e-10,
                5.9999964617453605e-09,
                0.5913178446309122,
                0.4086821478874203
            ]
        ],
        [
            [
                0.9997943731323832,
                0.00020562570719178717,
                3.2344583167705955e-11,
                2.639553169646672e-10,
                8.64125102580386e-10
            ],
            [
                1.3429703289177384e-09,
                8.896676455624796e-09,
                5.0499254046718085e-09,
                0.40017359318805085,
                0.599826391522377
            ],
            [
                4.120140425778819e-12,
                5.717576719510854e-13,
                0.9999999999728622,
                8.00048410629764e-12,
                1.4445481301016005e-11
            ],
            [
                0.0017154992168318878,
                6.31366540471806e-09,
                2.4086541444319376e-08,
                0.08758983344800271,
                0.9106946369349586
            ],
            [
                5.990951383780178e-07,
                2.4945996675539913e-08,
                2.8330635950662578e-08,
                0.4344624086822858,
                0.5655369389459431
            ]
        ],
        [
            [
                0.9989382167169196,
                0.001061624339629059,
                3.704154726207802e-10,
                2.894392420081866e-08,
                1.2962911161310188e-07
            ],
            [
                0.00017540003235019352,
                8.73307143595594e-06,
                8.73344684616992e-06,
                0.407488927908263,
                0.5923182055411046
            ],
            [
                4.430874790069052e-12,
                4.367570017804009e-11,
                0.9999999999102747,
                2.5605517008718063e-11,
                1.6013189332424628e-11
            ],
            [
                7.941975366393171e-10,
                2.2902531701593397e-09,
                1.8037659861908893e-09,
                0.4280569151142213,
                0.5719430799975621
            ],
            [
                1.4491028044898655e-08,
                1.3537879724888434e-08,
                2.2438745862529336e-07,
                0.43410246955848675,
                0.5658972780251469
            ]
        ],
        [
            [
                0.9941363135582142,
                0.005863679662429129,
                4.902158641978442e-09,
                1.6588447093104448e-09,
                2.183534537150496e-10
            ],
            [
                2.8115425384930826e-07,
                4.3362559854845864e-08,
                5.473474483352334e-07,
                0.818835403112887,
                0.1811637250228508
            ],
            [
                5.10632362886415e-13,
                2.383519978326777e-12,
                0.9999999999777256,
                1.6689017427901973e-11,
                2.6912726578972747e-12
            ],
            [
                0.22099873025088215,
                1.220754829178355e-07,
                2.0266756789546377e-07,
                0.38316720745279736,
                0.3958337375532697
            ],
            [
                3.071150952475355e-07,
                2.3244990963551138e-08,
                3.76910277155229e-08,
                0.06465868006915543,
                0.9353409518797307
            ]
        ],
        [
            [
                0.4713518947964034,
                0.5286480387772686,
                1.6690456563395461e-09,
                4.475182523269473e-08,
                2.000545708420147e-08
            ],
            [
                4.70759249925105e-09,
                1.8335656215612494e-08,
                6.548005637867249e-08,
                0.9987927738093092,
                0.0012071376673856594
            ],
            [
                1.0747957619121672e-10,
                7.128533909428665e-10,
                0.9999999621023862,
                3.582984095642483e-08,
                1.247439909103749e-09
            ],
            [
                5.3603856781994543e-08,
                1.5525902129493756e-08,
                2.3816055373532365e-08,
                0.4032865919207955,
                0.5967133151333901
            ],
            [
                3.1047762256785726e-08,
                8.910535726868385e-09,
                1.1267346466944116e-08,
                0.5904086294415769,
                0.4095913193327787
            ]
        ],
        [
            [
                0.8750697735347039,
                0.12493019729302703,
                2.7084936841105093e-09,
                5.694726393954307e-09,
                2.076904898792258e-08
            ],
            [
                4.227171841393572e-07,
                4.2793345321555345e-08,
                3.371517260322031e-05,
                0.8999815791564316,
                0.09998424016043561
            ],
            [
                2.6986374904288576e-12,
                5.512261226322417e-12,
                0.9999999999875402,
                2.4933732577250023e-12,
                1.755590202534271e-12
            ],
            [
                2.023625829431713e-06,
                4.2871502560008235e-06,
                9.321132918368053e-08,
                0.8004152745781125,
                0.19957832143447285
            ],
            [
                5.287108493298037e-09,
                7.4062810704820835e-09,
                5.5360999509038565e-09,
                0.039042404328745985,
                0.9609575774417645
            ]
        ],
        [
            [
                0.9121399208242177,
                0.08786006726463158,
                2.474510270124589e-09,
                5.946114201811294e-09,
                3.4905261242875063e-09
            ],
            [
                1.2372570339584315e-07,
                2.0472093128230805e-08,
                6.5436943028093e-09,
                0.6534110939735636,
                0.3465887552849456
            ],
            [
                4.223995182483122e-12,
                6.897515196175746e-12,
                0.9999999999837177,
                2.3843069920241212e-12,
                2.7764257574918112e-12
            ],
            [
                1.1822510255490293e-08,
                2.513828385211848e-08,
                5.360063928579239e-09,
                0.41482454114538375,
                0.5851754165337583
            ],
            [
                6.785729418218812e-09,
                2.9183765566283498e-09,
                9.290577170062707e-09,
                0.5606774709476842,
                0.4393225100576328
            ]
        ],
        [
            [
                0.9518321917490508,
                0.04816779019569383,
                1.5440780922366555e-09,
                5.683466859630737e-09,
                1.0827710480953175e-08
            ],
            [
                4.9309508086881524e-08,
                4.5840940474266445e-09,
                1.099771498628238e-05,
                0.46019475921509256,
                0.539794189176319
            ],
            [
                3.841277639435022e-12,
                1.009869606000012e-11,
                0.9999999999700206,
                8.554956797014032e-12,
                7.484530427694087e-12
            ],
            [
                5.387661728198513e-09,
                1.8375872649457508e-09,
                1.831870077293665e-09,
                0.5870035985099,
                0.412996392432981
            ],
            [
                6.773510415348688e-08,
                7.58648904405326e-09,
                1.2627929001714838e-08,
                0.7362485020634495,
                0.26375140998702823
            ]
        ],
        [
            [
                0.8999729857170893,
                0.10002700490275829,
                1.601024809845788e-10,
                8.858262430001242e-09,
                3.617874634914573e-10
            ],
            [
                1.3480103586588579e-09,
                8.152080803597505e-11,
                2.18998327549945e-09,
                0.600998546083095,
                0.39900145029739054
            ],
            [
                9.847284786123762e-12,
                1.3867155263540147e-11,
                0.9999999990097428,
                9.069300681216954e-10,
                5.961277469572202e-11
            ],
            [
                5.50686984433409e-06,
                7.619972401822068e-09,
                3.9656031186153307e-10,
                0.20002304948484742,
                0.7999714356287755
            ],
            [
                4.6085082074670783e-07,
                1.8786221362228787e-08,
                1.8042069594861596e-08,
                0.5975796974863065,
                0.40241980483458184
            ]
        ],
        [
            [
                0.42708279910611374,
                0.5729171023882521,
                6.341702027384423e-08,
                3.197197287657773e-08,
                3.116641071819616e-09
            ],
            [
                9.414078889948933e-09,
                3.917540381360287e-09,
                1.2217833216493244e-08,
                0.40199545274654785,
                0.5980045217039996
            ],
            [
                5.258335145619465e-08,
                2.0405650885916268e-08,
                0.9958561863933945,
                0.0038537586220937473,
                0.0002899819955095051
            ],
            [
                2.9237836090396062e-08,
                5.452444185790962e-09,
                2.1911831238752623e-09,
                0.21915709065329173,
                0.7808428724652449
            ],
            [
                0.00011054003581181252,
                7.677910828147294e-09,
                8.16507249808205e-11,
                0.17235251033878132,
                0.8275369418658453
            ]
        ],
        [
            [
                0.7663553613580653,
                0.23364412010850288,
                2.6814442222248174e-07,
                5.7953119517257045e-08,
                1.9243589008355142e-07
            ],
            [
                1.147584705696125e-08,
                1.1931903734177602e-08,
                4.888324335695747e-09,
                0.41557703009882324,
                0.5844229416051016
            ],
            [
                3.0434723457879356e-12,
                4.896744999333701e-12,
                0.9999999999809934,
                2.1782017850994992e-12,
                8.88808510989965e-12
            ],
            [
                9.070180864211147e-06,
                3.5521474043921533e-07,
                4.447001275288715e-09,
                0.7005672546387992,
                0.2994233155185948
            ],
            [
                9.523099649653413e-08,
                3.4361546630407515e-08,
                1.2254005942295874e-08,
                0.19978198786093032,
                0.8002178702925206
            ]
        ],
        [
            [
                0.9530659475765738,
                0.04693402417621746,
                1.7937537490370567e-08,
                3.0712521597587782e-09,
                7.238419186587659e-09
            ],
            [
                8.521536488474402e-09,
                2.9615691025706056e-08,
                2.17820873204953e-08,
                0.7076769629837222,
                0.2923229770969629
            ],
            [
                4.449849758770671e-12,
                1.5514009437535205e-11,
                0.9999999999584153,
                1.0081384341904485e-11,
                1.1539420407773475e-11
            ],
            [
                6.127076917994918e-09,
                1.0105017419411614e-08,
                2.4202157950578085e-09,
                0.4135374529544829,
                0.586462528393207
            ],
            [
                0.00713702031445936,
                5.85143374623683e-07,
                9.024090090882098e-08,
                0.653078618162714,
                0.3397836861385511
            ]
        ],
        [
            [
                0.932120822161105,
                0.06787916539426869,
                5.114821385408744e-09,
                4.575766343145461e-09,
                2.7540386776982137e-09
            ],
            [
                1.8969327620637026e-08,
                1.6135309697473138e-09,
                5.578027273057876e-09,
                0.5848753042557732,
                0.415124669583341
            ],
            [
                5.3193842144748334e-12,
                4.812320673555142e-12,
                0.9999999999621307,
                1.676357129426311e-11,
                1.0974019431455983e-11
            ],
            [
                1.1708195384490512e-08,
                9.89020927306472e-09,
                8.243364636721444e-09,
                0.23671826312592087,
                0.7632817070323098
            ],
            [
                2.4433024883214915e-05,
                1.9067599397933368e-07,
                5.663347047772302e-07,
                0.3943339051775319,
                0.6056409047868861
            ]
        ],
        [
            [
                0.4011412229007688,
                0.5988587711339733,
                6.713172820844069e-10,
                1.2976905970243779e-09,
                3.996249942307079e-09
            ],
            [
                1.2781833159420695e-07,
                7.321108805338472e-07,
                5.714176269473814e-07,
                0.7999861006420438,
                0.20001246801111716
            ],
            [
                4.3567043860387745e-12,
                9.025731370571279e-12,
                0.9999999998865874,
                6.27057401075834e-11,
                3.732446169523105e-11
            ],
            [
                4.056624679974201e-10,
                3.3184176121779286e-09,
                1.2995979001919633e-09,
                0.41836847442693587,
                0.5816315205493862
            ],
            [
                3.868870626408381e-10,
                4.148103458163873e-09,
                6.340924893445432e-09,
                0.5097022148759496,
                0.49029777424813514
            ]
        ],
        [
            [
                0.39996253576400626,
                0.6000373717872985,
                3.932098159606454e-09,
                4.794173432653948e-09,
                8.372242344756267e-08
            ],
            [
                8.470085786291127e-10,
                9.880103408866645e-09,
                1.142026578030902e-09,
                0.22158861473075678,
                0.7784113734001047
            ],
            [
                4.723717057175114e-10,
                2.496049828990341e-09,
                0.9999941982799749,
                2.4576745373584487e-06,
                3.3410770662325848e-06
            ],
            [
                0.00011034370769964975,
                2.16122541413331e-07,
                3.914059314541051e-08,
                0.39126099985160095,
                0.6086284011775648
            ],
            [
                3.844768040962747e-09,
                2.4922773147727773e-09,
                5.467300347785335e-09,
                0.5980290343359385,
                0.40197095385971576
            ]
        ],
        [
            [
                0.5447003825753833,
                0.4552995937573048,
                5.398838284869035e-09,
                8.219409900426111e-09,
                1.0049063830242208e-08
            ],
            [
                6.09042297751446e-08,
                2.118336262365023e-09,
                1.655112061829462e-07,
                0.7990971759684634,
                0.20090259549776435
            ],
            [
                1.8858245325040597e-11,
                2.0344251169079797e-10,
                0.9999999603894023,
                3.288997350643518e-08,
                6.498323451000864e-09
            ],
            [
                8.50964852636955e-09,
                1.2763764537138244e-09,
                5.931047787452824e-09,
                0.7970434709757624,
                0.20295651330716483
            ],
            [
                9.739700284061032e-05,
                1.6795465386440518e-07,
                5.696417380348336e-08,
                0.6189739794693028,
                0.3809283986090291
            ]
        ],
        [
            [
                0.8314111340800807,
                0.16858885469157617,
                5.334332917888009e-09,
                1.0783912744945195e-09,
                4.815618909122097e-09
            ],
            [
                9.989680127892835e-08,
                6.684686805221462e-08,
                1.850489797390419e-05,
                0.21852732534928465,
                0.7814540030090721
            ],
            [
                1.0496804101472795e-07,
                1.1844103957235586e-06,
                0.0024770536126508948,
                0.5278015783864609,
                0.4697200786224514
            ],
            [
                6.456294896753685e-09,
                5.833282521405328e-09,
                6.454073947141685e-08,
                0.5728899866530117,
                0.42710993651667134
            ],
            [
                4.903942173872268e-05,
                2.512195900952856e-08,
                4.783940542197047e-08,
                0.14641003936651628,
                0.8535408482503806
            ]
        ],
        [
            [
                0.6503468727323487,
                0.3496522516163745,
                1.611152288454661e-08,
                7.149891844023941e-07,
                1.4455056949502501e-07
            ],
            [
                3.528922434012155e-09,
                4.807015437039601e-09,
                1.1362640260368227e-08,
                0.7903509787521421,
                0.20964900154927973
            ],
            [
                1.5083514970056888e-07,
                2.002958702259186e-08,
                0.7885916652822039,
                0.01883537316687192,
                0.1925727906861875
            ],
            [
                6.125815407827388e-09,
                4.410953028300257e-08,
                4.410425775663007e-09,
                0.5808439651380655,
                0.419155980216163
            ],
            [
                0.0009449481665596242,
                4.8663591654014676e-08,
                1.3947479225665563e-08,
                0.41533028593351984,
                0.5837247032888496
            ]
        ],
        [
            [
                0.7797864360282977,
                0.22021273876626918,
                5.28561299558749e-07,
                1.6324243743004106e-07,
                1.3340169611259694e-07
            ],
            [
                6.345899753080649e-09,
                3.958634139421564e-07,
                3.3495739630342727e-07,
                0.4639088827894842,
                0.5360903800438058
            ],
            [
                1.2985963364970112e-12,
                3.680036344711974e-12,
                0.9999999999857392,
                6.5785925938916525e-12,
                2.7035245479514084e-12
            ],
            [
                2.2730143418186448e-08,
                3.880229108650612e-10,
                5.411433542866877e-10,
                0.4000044466226875,
                0.5999955297180027
            ],
            [
                5.2237678021253835e-05,
                7.343564567224565e-08,
                2.069723164764325e-09,
                0.7980163106044128,
                0.2019313762121972
            ]
        ],
        [
            [
                0.7358967402303243,
                0.26410319681408084,
                8.660307703337864e-09,
                3.9203256497965984e-08,
                1.5092030712573653e-08
            ],
            [
                9.567782447673872e-05,
                0.09749055307465546,
                0.6121635656162858,
                0.2880853861491308,
                0.0021648173354511663
            ],
            [
                1.5661690591546667e-11,
                1.2352711852326301e-11,
                0.9999999999372147,
                1.7132274924621187e-11,
                1.7638524488558368e-11
            ],
            [
                0.0010440242490623447,
                9.166789693498355e-07,
                5.60891146123338e-08,
                0.36595700488726357,
                0.6329979980955901
            ],
            [
                3.71154784407115e-08,
                3.7056149482561085e-08,
                2.0495424767291174e-07,
                0.2972634846574707,
                0.7027362362166537
            ]
        ],
        [
            [
                0.9761081316257728,
                0.02389177587756372,
                7.851190193394768e-08,
                1.080505012041931e-08,
                3.179711456885227e-09
            ],
            [
                1.5296680413775233e-08,
                5.646623220230566e-07,
                1.1018749155657949e-06,
                0.4535357956271677,
                0.5464625225389144
            ],
            [
                2.960226287564218e-11,
                4.969000959345089e-12,
                0.999999996237465,
                3.1552657070267838e-09,
                5.726978529470386e-10
            ],
            [
                6.143454488703075e-08,
                5.877768022744566e-09,
                2.0044950358205997e-08,
                0.6142885095886921,
                0.38571140305404467
            ],
            [
                9.080235434253171e-06,
                1.8459365302008794e-09,
                4.61805360822071e-09,
                0.1996156732515953,
                0.8003752400489803
            ]
        ],
        [
            [
                0.9985443416347415,
                0.0014556502031901474,
                5.606220361405186e-10,
                6.511466700909621e-09,
                1.0899796119387274e-09
            ],
            [
                5.144587938487917e-09,
                1.3285279745200817e-08,
                7.255448510393851e-08,
                0.409117366314026,
                0.5908825427016212
            ],
            [
                6.361494357948858e-12,
                5.628457846428188e-12,
                0.9999999996016906,
                2.37722708847346e-11,
                3.625470246062068e-10
            ],
            [
                4.449354031498958e-08,
                2.7898071334175646e-08,
                1.08571941975617e-07,
                0.47605693541184907,
                0.5239428836245973
            ],
            [
                4.521676674029449e-08,
                1.2997237101350618e-09,
                3.5083485198516224e-10,
                0.8377766908681182,
                0.16222326226455633
            ]
        ],
        [
            [
                0.76636513694924,
                0.23363404368612645,
                1.7611515727254076e-07,
                7.532081752787244e-08,
                5.679286588240162e-07
            ],
            [
                1.6937261761883883e-08,
                8.219958506329101e-09,
                9.934960463052994e-08,
                0.6189816787348063,
                0.38101819675836873
            ],
            [
                3.804245197300039e-12,
                7.546180131107396e-12,
                0.9999999999787526,
                8.096939110703515e-12,
                1.8000065471992678e-12
            ],
            [
                0.04453571006145618,
                2.0501304348259322e-07,
                1.688735737980148e-07,
                0.5214569247084936,
                0.43400699134343296
            ],
            [
                9.747293182628068e-08,
                1.012109599928396e-08,
                7.449426273284064e-09,
                0.5812044840604735,
                0.4187954008960723
            ]
        ],
        [
            [
                0.7627621388784529,
                0.2372376781512951,
                9.421611278800471e-09,
                5.532304901961225e-08,
                1.1822559178210963e-07
            ],
            [
                8.029016022656598e-09,
                3.098053791972975e-06,
                5.649804822965697e-07,
                0.21977848994298863,
                0.7802178389937211
            ],
            [
                1.257124833263588e-11,
                1.826131176042141e-11,
                0.9999999993931565,
                5.716176604822301e-10,
                4.393258317810504e-12
            ],
            [
                1.386426095986234e-09,
                7.573348186715682e-09,
                1.6333214176876818e-08,
                0.3170414347947834,
                0.682958539912228
            ],
            [
                6.1440949565177e-08,
                5.029904377113375e-09,
                7.648113617313443e-10,
                0.40026779936375023,
                0.5997321334005844
            ]
        ],
        [
            [
                0.8707024484567124,
                0.12929726826660265,
                2.536849763550616e-07,
                1.506016592424113e-08,
                1.4531542711585479e-08
            ],
            [
                1.5910797791307255e-09,
                4.478682064362078e-09,
                1.733555784691806e-09,
                0.20323752490140345,
                0.796762467295279
            ],
            [
                7.403237552072407e-12,
                3.1509558607789128e-12,
                0.9999999999139315,
                5.843045515745548e-11,
                1.7083794236700686e-11
            ],
            [
                7.562913893597828e-09,
                7.985238327101084e-09,
                1.3445225605052837e-08,
                0.7322051759223324,
                0.26779479508428977
            ],
            [
                6.177217791472825e-07,
                2.3663058701029448e-08,
                2.589563510958834e-08,
                0.5378840279118494,
                0.46211530480767765
            ]
        ],
        [
            [
                0.7908181222127824,
                0.20918186530961252,
                3.5138546828934827e-09,
                3.01172322012835e-09,
                5.952027214924426e-09
            ],
            [
                2.6277165671292577e-08,
                7.111679409256051e-08,
                8.806659672530608e-07,
                0.9210047561901326,
                0.07899426574994045
            ],
            [
                2.243580177423847e-12,
                8.079703218756679e-13,
                0.9999999999896261,
                3.2109351731905397e-12,
                4.111387650096985e-12
            ],
            [
                9.336594037471465e-07,
                9.739078246109368e-07,
                3.207481820388878e-07,
                0.7801101605448726,
                0.2198876111397171
            ],
            [
                3.09749183816705e-08,
                1.9818431949880718e-07,
                1.4135035573356838e-09,
                0.7411049158362282,
                0.2588948535910303
            ]
        ],
        [
            [
                0.7215235782719879,
                0.2784763856598975,
                1.4931661254458265e-09,
                9.528905598638029e-09,
                2.5046042908316335e-08
            ],
            [
                1.259498453845217e-06,
                9.822096170219548e-05,
                0.23532543281450222,
                0.601130660436056,
                0.16344442628928568
            ],
            [
                1.1686910216217565e-12,
                5.017087990801292e-13,
                0.999999999987955,
                5.453485701587001e-12,
                4.92113534782889e-12
            ],
            [
                0.0010441127258152673,
                7.482117529370464e-09,
                1.7729982406915344e-09,
                3.8485270060880405e-05,
                0.998917392749008
            ],
            [
                1.0236137161695565e-09,
                1.6537309433846756e-10,
                1.590442958238771e-08,
                0.21454149312615473,
                0.7854584897804289
            ]
        ],
        [
            [
                0.7900726392674947,
                0.2099272952133455,
                3.5182763290267165e-09,
                1.0240472189649141e-08,
                5.17604112416819e-08
            ],
            [
                6.355017858097734e-10,
                6.561644335338053e-09,
                3.8679905788208e-08,
                0.8003064101183605,
                0.1996935440045876
            ],
            [
                1.3486629082723033e-10,
                3.467977813073423e-10,
                0.9999999722402252,
                7.553139235939909e-09,
                1.972497151638671e-08
            ],
            [
                9.734709885722307e-10,
                2.1661698218072645e-09,
                6.468231493637357e-10,
                0.7243342829239607,
                0.2756657132895753
            ],
            [
                2.291817074586616e-08,
                1.7997780271228264e-08,
                1.0761605295746913e-08,
                0.2734124913532388,
                0.7265874569692049
            ]
        ],
        [
            [
                0.933485595852592,
                0.06651431084366231,
                1.1708744470191174e-08,
                4.299015113117458e-08,
                3.860485004090691e-08
            ],
            [
                3.3473644815089646e-08,
                1.366460357209989e-06,
                0.001585100338889475,
                0.5651299536191537,
                0.4332835461079548
            ],
            [
                2.4292585318431602e-12,
                7.831177864995638e-12,
                0.99999999997198,
                1.35042378119197e-11,
                4.255268549226138e-12
            ],
            [
                2.7401599924685774e-09,
                2.0004035522839848e-09,
                2.8183726242231206e-10,
                0.20002148198049555,
                0.7999785129971037
            ],
            [
