{
    "[['A', 'B', 'C', 'D', 'E'], ['A', 'B', 'C', 'D', 'E']]": [
        [
            [
                0.0025821549721324454,
                1.4036509308950055e-08,
                6.636684003870673e-10,
                0.20029287936882623,
                0.7971249509588636
            ],
            [
                0.10533452125438098,
                0.8934591038124646,
                0.0007716112476317044,
                0.00042875450769651026,
                6.009177826173678e-06
            ],
            [
                7.783201190315859e-08,
                9.018494160165466e-07,
                0.981577920495296,
                0.018416640855099396,
                4.4589681766703094e-06
            ],
            [
                3.337173073797742e-08,
                1.6126497654926403e-09,
                2.534248596929417e-09,
                0.32002175904271235,
                0.6799782034386587
            ],
            [
                0.0005435941333861765,
                5.2773277054727266e-08,
                4.619059226808152e-09,
                0.008989712116810778,
                0.9904666363574667
            ]
        ],
        [
            [
                0.9897148859542998,
                0.010285093202357773,
                3.6023971915222613e-09,
                4.002593306137181e-09,
                1.3238351903141841e-08
            ],
            [
                0.19842025850395648,
                0.801579712388987,
                2.7762714834757686e-09,
                2.2880261081812025e-08,
                3.4505239946428924e-09
            ],
            [
                2.5104582425161764e-10,
                1.3052458147212932e-08,
                0.9999988180834259,
                1.1651159101135962e-06,
                3.497160029400533e-09
            ],
            [
                0.0007457761431645433,
                2.8712903481018195e-09,
                2.8849373770496057e-11,
                0.04861496019008905,
                0.9506392607666067
            ],
            [
                1.9060934906647422e-09,
                5.65629460403944e-10,
                1.41056023279336e-09,
                0.11463422688821112,
                0.8853657692295057
            ]
        ],
        [
            [
                0.7996146272857486,
                0.2003853684917718,
                9.813237392898663e-10,
                6.691598450601795e-10,
                2.571996041336507e-09
            ],
            [
                0.2590136576705071,
                0.7409862831379874,
                1.4192690884653665e-08,
                3.667733160302037e-08,
                8.32148308751748e-09
            ],
            [
                9.366733578221207e-12,
                3.787555063081929e-12,
                0.9999999999278399,
                4.617548551412033e-11,
                1.2830181529747608e-11
            ],
            [
                3.530700817779521e-07,
                7.423935002585427e-10,
                2.4996089756302437e-09,
                0.171164603050127,
                0.8288350406377888
            ],
            [
                0.0641498061754095,
                2.8515932935013274e-08,
                3.0206249770635962e-09,
                0.3125211372426162,
                0.6233290250454164
            ]
        ],
        [
            [
                0.9999991630328611,
                8.366822103560506e-07,
                6.378335889260563e-12,
                4.4267631149757355e-11,
                2.3428265373220047e-10
            ],
            [
                0.11594743607530064,
                0.8840464987254287,
                2.8966828135503406e-06,
                3.117936729439684e-06,
                5.0579727590650185e-08
            ],
            [
                1.2315255002756336e-08,
                2.939250467565047e-07,
                0.9999995638465724,
                1.261728699412689e-07,
                3.740255811611164e-09
            ],
            [
                3.1702475587096874e-05,
                4.867511027627339e-10,
                1.5345657522346087e-09,
                0.36581429984201413,
                0.6341539956610819
            ],
            [
                1.6130386736300333e-06,
                3.2298562195561456e-09,
                2.2606196489810598e-09,
                0.008734579048198495,
                0.991263802422652
            ]
        ],
        [
            [
                0.9994171949689493,
                0.0005828029601370835,
                1.9179303530843036e-10,
                2.4813181719606094e-10,
                1.630988756390075e-09
            ],
            [
                2.5648142792215498e-08,
                5.594184959294493e-09,
                4.0157028484460735e-08,
                0.391047970805972,
                0.6089519577946718
            ],
            [
                4.3449129014421086e-08,
                3.6652217190032736e-06,
                0.999993022103746,
                2.9696042888448813e-06,
                2.996211171231544e-07
            ],
            [
                3.7184142637381343e-10,
                2.5328394497096206e-10,
                5.148872313028143e-10,
                0.12451857322483872,
                0.8754814256351486
            ],
            [
                6.26667812986876e-09,
                2.2435016767930973e-09,
                8.621530047328095e-09,
                0.4021952125790509,
                0.5978047702892393
            ]
        ],
        [
            [
                0.9999811672371881,
                1.883222313173109e-05,
                5.498692979182325e-11,
                1.1342061531308885e-10,
                3.712726983638084e-10
            ],
            [
                0.056692986806107695,
                0.943301290620769,
                2.1065334334591652e-06,
                3.592037985048652e-06,
                2.4001704691900253e-08
            ],
            [
                2.865604550374264e-09,
                1.0363228131362443e-07,
                0.9999393816241506,
                6.025875544871158e-05,
                2.5312251470723926e-07
            ],
            [
                4.592605923246153e-09,
                1.5592359168583106e-10,
                4.458576764010746e-09,
                0.3985320881586835,
                0.6014679026342101
            ],
            [
                0.1941350999414226,
                6.1751894178979185e-09,
                7.757402581407358e-09,
                0.3986604026006635,
                0.407204483525322
            ]
        ],
        [
            [
                0.9996776848404438,
                0.0003223067673633455,
                8.838810185706784e-10,
                7.588781532088352e-10,
                6.749433742456375e-09
            ],
            [
                0.2014797982346715,
                0.7985201935465549,
                4.009014290633535e-09,
                3.748702923296032e-09,
                4.6105639085948357e-10
            ],
            [
                1.0584006313861091e-07,
                0.00038535108708256986,
                0.9995957763756816,
                1.771622223440826e-05,
                1.050474938265465e-06
            ],
            [
                6.14761666386638e-08,
                4.016962979316248e-10,
                1.0340882676284796e-09,
                0.1998730102435251,
                0.8001269268445237
            ],
            [
                0.0017154971447885428,
                5.437352117536264e-10,
                9.435264234009168e-10,
                0.19985813033955263,
                0.7984263710283971
            ]
        ],
        [
            [
                4.718716084283301e-09,
                7.20382381637916e-10,
                2.625870625411772e-10,
                0.1925499227568275,
                0.807450071541487
            ],
            [
                0.2640816810004402,
                0.7359182302140773,
                7.760174473303996e-08,
                8.871094390047172e-09,
                2.3126434014359196e-09
            ],
            [
                3.0158018683169444e-08,
                2.668025651874968e-05,
                0.9999717325401234,
                1.1677842486435158e-06,
                3.892610905758071e-07
            ],
            [
                0.06776123422894839,
                7.223709622461772e-09,
                2.8450380082515833e-09,
                1.5374992266159686e-05,
                0.9322233807100377
            ],
            [
                1.0621259413705926e-08,
                4.1556047540886665e-10,
                2.5035202925630926e-09,
                0.0018670657276292776,
                0.9981329207320305
            ]
        ],
        [
            [
                0.999998504093882,
                1.4941551934108548e-06,
                1.808801093242366e-10,
                1.2377628942504082e-09,
                3.3228160282035833e-10
            ],
            [
                5.110474885631189e-09,
                8.852683793638658e-10,
                4.941353843685438e-08,
                0.7999860881140014,
                0.20001385647671685
            ],
            [
                2.7468292961795016e-11,
                2.161298540782058e-10,
                0.9999999987477817,
                8.373715259640467e-10,
                1.7124866381940456e-10
            ],
            [
                4.404108243419185e-06,
                2.50476150092451e-09,
                4.258246539765198e-10,
                0.6415156092149775,
                0.35847998374619305
            ],
            [
                2.516661344195961e-05,
                2.933340917540359e-09,
                2.435051842761141e-09,
                0.00020696374335126954,
                0.999767864274814
            ]
        ],
        [
            [
                0.803596835060017,
                0.1964031160425216,
                8.38049397359177e-10,
                2.2942804271392754e-08,
                2.5116607738718463e-08
            ],
            [
                2.819606604834995e-09,
                1.6287673108322073e-09,
                1.7469834617682462e-08,
                0.7923926558983989,
                0.20760732218339253
            ],
            [
                5.971958228135078e-09,
                1.4158662729800682e-08,
                0.9999972546446714,
                2.7047876645702684e-06,
                2.0437043170513463e-08
            ],
            [
                1.9207076414025543e-05,
                8.398158359279418e-09,
                8.071885840561195e-10,
                0.4539415019632013,
                0.5460392817550378
            ],
            [
                1.23200348286829e-09,
                2.459385029308856e-10,
                1.2932768989897558e-10,
                0.17626718309511233,
                0.823732815297618
            ]
        ],
        [
            [
                1.496930276334357e-05,
                1.2823778713482344e-10,
                2.3736707843502577e-09,
                0.19961493017490256,
                0.8003700980204256
            ],
            [
                0.03821120537783117,
                0.9617887629001904,
                1.0886414268837342e-08,
                2.040586543679374e-08,
                4.2969863139910613e-10
            ],
            [
                6.015745112569574e-12,
                1.708001310149312e-11,
                0.9999999998870668,
                6.644117973271666e-11,
                2.339646496649316e-11
            ],
            [
                0.0017155082320440159,
                1.4086179163148212e-08,
                1.9855901744241607e-09,
                0.4145359603344272,
                0.5837485153617595
            ],
            [
                0.11243529862582613,
                5.306303490288582e-09,
                5.568937331341804e-11,
                5.231060177693478e-05,
                0.8875123854104041
            ]
        ],
        [
            [
                1.153081565901817e-08,
                1.450340669562565e-10,
                1.1439250157657257e-09,
                0.09116941652024309,
                0.9088305706599822
            ],
            [
                7.036322600636659e-10,
                3.9264905799299936e-10,
                1.2602843899860217e-08,
                0.784827822264457,
                0.21517216403641784
            ],
            [
                1.99235087335927e-06,
                1.9389531286919735e-05,
                0.04316715453978538,
                0.6337753625436577,
                0.3230361010343966
            ],
            [
                1.1729610168001552e-09,
                9.857430224933938e-11,
                1.195302912212198e-09,
                0.20949109471188068,
                0.7905089028212811
            ],
            [
                3.6293480098861074e-08,
                2.6648215500494972e-09,
                4.427210976152022e-09,
                0.1257180871991444,
                0.874281869415343
            ]
        ],
        [
            [
                0.8004903206071179,
                0.1995089299021022,
                1.2301583860793563e-09,
                6.548180952633262e-10,
                7.476058033933153e-07
            ],
            [
                0.23650151342566986,
                0.7634981327441234,
                8.831391392227942e-08,
                2.068970553650025e-07,
                5.861923749963728e-08
            ],
            [
                1.825200195641573e-10,
                1.2358536513680175e-09,
                0.9999999528116245,
                4.0201015293335535e-08,
                5.568986542527664e-09
            ],
            [
                1.1458703704046652e-08,
                3.95368732752054e-10,
                3.4205551833468717e-10,
                0.5854592052667762,
                0.4145407825370959
            ],
            [
                3.50953502208663e-10,
                9.134119823182931e-11,
                6.812581329096547e-10,
                0.2033059296060697,
                0.7966940692703774
            ]
        ],
        [
            [
                0.9185431207677947,
                0.08145687719645715,
                2.518591176583368e-10,
                3.131803105185767e-10,
                1.470708770238878e-09
            ],
            [
                0.011808959452444862,
                0.9762988680008597,
                0.011804250742479462,
                7.050043337708055e-05,
                1.7421370838864545e-05
            ],
            [
                3.646238224012997e-09,
                6.816455441702915e-08,
                0.9999994194567905,
                4.5880513590689864e-07,
                4.9927280944141586e-08
            ],
            [
                0.029612767728521564,
                6.326263315127404e-09,
                3.162385410289989e-08,
                0.0875647688823926,
                0.8828224254389684
            ],
            [
                9.329422226059532e-06,
                2.0305423202495413e-09,
                7.624218013799162e-09,
                0.4309903186055292,
                0.5690003423174844
            ]
        ],
        [
            [
                0.999985739136114,
                1.4260190295286469e-05,
                4.678674648213819e-10,
                1.2032761067127823e-10,
                8.539569999668853e-11
            ],
            [
                1.3725682067532516e-07,
                0.00037948120813930503,
                7.043890423405817e-05,
                0.41554376574544327,
                0.5840061768853627
            ],
            [
                2.6372235738646967e-08,
                1.0809051676746428e-06,
                0.9986510164718143,
                0.0003041541862637099,
                0.0010437220645185506
            ],
            [
                0.292949502936061,
                4.60474880962143e-09,
                4.711547259657262e-09,
                0.0178072552619087,
                0.6892432324857343
            ],
            [
                0.0017336551399268793,
                8.993212903554373e-08,
                6.65976443291562e-08,
                0.11741534818699893,
                0.8808508401433008
            ]
        ],
        [
            [
                0.9998455939465746,
                0.00015437484871556558,
                2.6227341392126366e-10,
                1.7733314612584035e-09,
                2.916910491480332e-08
            ],
            [
                0.10918085504433535,
                0.8908001786581018,
                1.7142017475638076e-05,
                1.4166205464974433e-06,
                4.0765954070683635e-07
            ],
            [
                1.006188873870967e-09,
                1.9027343896392467e-09,
                0.9998578210373948,
                0.00014216552367590392,
                1.0530005951646338e-08
            ],
            [
                2.5120176596083894e-07,
                4.952793526956562e-09,
                4.3383163910412856e-10,
                0.2133270727358817,
                0.7866726706757272
            ],
            [
                0.017984378937193343,
                2.551587534009607e-09,
                3.234751742281436e-09,
                0.20458638826293057,
                0.7774292270135368
            ]
        ],
        [
            [
                0.9993633732483984,
                0.0006366245240066051,
                1.8669780733994e-10,
                9.024029472242576e-10,
                1.1384941888246263e-09
            ],
            [
                0.09320934244899014,
                0.9067870693163925,
                2.9803662594825754e-06,
                6.007167323033866e-07,
                7.151625443263493e-09
            ],
            [
                5.7537690599758484e-09,
                1.1528853536771068e-08,
                0.9982832655612295,
                0.0017156751987561518,
                1.0419573916653159e-06
            ],
            [
                6.321927217154751e-09,
                9.811730560552469e-09,
                7.069045629580691e-09,
                0.36290420522848504,
                0.6370957715688116
            ],
            [
                0.06544016759348464,
                5.046507041500287e-09,
                2.0948531190335953e-09,
                0.0009179004751928935,
                0.9336419247899623
            ]
        ],
        [
            [
                1.4874216614599942e-09,
                2.1272821106384013e-09,
                4.292100228026785e-09,
                0.0002910584646062762,
                0.9997089336285897
            ],
            [
                0.5181228836899802,
                0.4818760415838639,
                3.0161095328583373e-07,
                6.20442514160056e-07,
                1.5267268848554524e-07
            ],
            [
                2.519050269865253e-11,
                4.32295660600705e-11,
                0.9999999996143989,
                1.9631111805012948e-10,
                1.2086984353510356e-10
            ],
            [
                2.597845661182183e-08,
                3.0869850107322887e-09,
                1.2048789065202206e-08,
                0.3062785223768429,
                0.6937214365089264
            ],
            [
                1.02083616928987e-06,
                1.6607145928072871e-09,
                4.4973067669973215e-09,
                0.40202519489233524,
                0.5979737781134742
            ]
        ],
        [
            [
                0.9993247740148637,
                0.0006752246023151058,
                2.3831179201364104e-11,
                3.7986264241699243e-10,
                9.791273677339265e-10
            ],
            [
                1.2987464576329846e-10,
                6.259084918745353e-10,
                6.082478136631867e-09,
                0.9999994304587089,
                5.627030298582677e-07
            ],
            [
                2.9453357346161268e-09,
                1.0847488601294187e-08,
                0.9999973036936618,
                5.640114324399592e-07,
                2.118502081530991e-06
            ],
            [
                9.866231507143214e-10,
                6.601183596551024e-10,
                8.560050991604934e-09,
                0.3706315320165053,
                0.6293684577767024
            ],
            [
                0.003929073805241399,
                1.0858215140291099e-07,
                1.5649845745409403e-09,
                0.041056840823194475,
                0.9550139752244281
            ]
        ],
        [
            [
                0.9989332451057159,
                0.001066585295428517,
                1.6556061382672121e-09,
                2.390318062915532e-09,
                1.6555293143257625e-07
            ],
            [
                0.016789212626931213,
                0.9815586566045643,
                0.0016515161851587484,
                4.866939983030663e-07,
                1.2788934738765532e-07
            ],
            [
                1.3121596744348788e-11,
                9.26628471278289e-11,
                0.9999999996646138,
                1.2918608437573543e-10,
                1.004157019089638e-10
            ],
            [
                0.12495747919383916,
                9.457280995426828e-08,
                3.4204367914522485e-09,
                0.4823079323507676,
                0.39273449046214653
            ],
            [
                0.17652073800833795,
                7.565750452479263e-08,
                5.851095474203298e-08,
                0.19357270072225488,
                0.6299064271009478
            ]
        ],
        [
            [
                0.9996970555679504,
                0.0003029437263994084,
                2.2747318493145874e-10,
                6.570494160142196e-11,
                4.1247221303251267e-10
            ],
            [
                0.07719485113042224,
                0.9228025990046409,
                1.7683950617318812e-06,
                7.428166776579976e-07,
                3.865319735169535e-08
            ],
            [
                5.814430794988259e-10,
                1.6392951836206876e-10,
                0.9999979708008666,
                2.0278560061498448e-06,
                5.977547597366856e-10
            ],
            [
                0.009726245073909585,
                1.1061571007674702e-07,
                3.7847477897319534e-09,
                0.27202680478926955,
                0.7182468357363629
            ],
            [
                0.015171965321508996,
                2.738979037864027e-09,
                6.33971965607497e-09,
                0.1941619733088191,
                0.7906660522909732
            ]
        ],
        [
            [
                0.9999999927982862,
                7.130593025514102e-09,
                3.261271080031199e-11,
                2.788680535070737e-11,
                1.062117877578178e-11
            ],
            [
                0.001738120684447234,
                0.7590860435787139,
                0.23882342987491728,
                0.0003504656209785273,
                1.9402409430717365e-06
            ],
            [
                1.8225266310468796e-10,
                4.18553575846464e-10,
                0.999999186617217,
                8.116122805148906e-07,
                1.1696963637463952e-09
            ],
            [
                1.2185071632854454e-07,
                2.8856888881439233e-09,
                2.0729356082436013e-09,
                0.48518382161927376,
                0.5148160515713854
            ],
            [
                1.3261338960438101e-05,
                9.256798908026792e-09,
                8.111129260193897e-10,
                0.38563295494044075,
                0.614353773652687
            ]
        ],
        [
            [
                0.7941771925740105,
                0.20582276604800642,
                1.9230372359461914e-09,
                8.403627439025907e-09,
                3.105131840649188e-08
            ],
            [
                0.1318070960448723,
                0.8681928163462924,
                3.291822268920807e-08,
                5.1388026991601756e-08,
                3.3025855054792656e-09
            ],
            [
                2.555653815067007e-09,
                2.0872616220195538e-07,
                0.9999727532085722,
                2.5430559090352328e-05,
                1.6049505214602045e-06
            ],
            [
                3.6473760946483684e-08,
                1.928244331142535e-09,
                3.3979569070480887e-09,
                0.3841958915187895,
                0.6158040666812483
            ],
            [
                5.272866026408102e-08,
                2.3393996877422103e-08,
                4.5756731743397346e-10,
                0.19858470470312875,
                0.8014152187166468
            ]
        ],
        [
            [
                0.7986523525928471,
                0.20134764297033664,
                8.836464093892956e-10,
                1.2677391265883532e-10,
                3.4263959669483786e-09
            ],
            [
                0.0018473213053708598,
                0.6135059180367938,
                0.19879589628210795,
                0.18561548606041112,
                0.0002353783153162532
            ],
            [
                5.414944606291559e-11,
                6.927676772668712e-11,
                0.9999999974991343,
                2.285289440155878e-09,
                9.215012842571877e-11
            ],
            [
                2.784398892963066e-08,
                8.510527772610567e-09,
                2.380974673763101e-09,
                0.002831101424463117,
                0.9971688598400456
            ],
            [
                0.0010441843554780605,
                7.907412897795504e-08,
                2.676543432523616e-08,
                0.4776094593820658,
                0.5213462504228928
            ]
        ],
        [
            [
                0.9998467220105691,
                0.00015326903828228244,
                5.854541413434674e-10,
                1.6577865445095873e-09,
                6.707907934012495e-09
            ],
            [
                0.0017613372694047739,
                0.9388956119809787,
                0.047887887010580006,
                0.011451676278516341,
                3.487460520170938e-06
            ],
            [
                4.9215503822544794e-08,
                4.308492614408795e-09,
                2.5352238837696962e-05,
                0.6755507796700501,
                0.3244238145671158
            ],
            [
                0.09321695458114604,
                1.823193279949959e-07,
                1.0519195888654877e-09,
                0.10548154879764587,
                0.8013013132499606
            ],
            [
                5.831152407711996e-07,
                3.4844178196457587e-09,
                4.885971264158862e-10,
                0.0346650778761275,
                0.9653343350356167
            ]
        ],
        [
            [
                0.9997660492583802,
                0.00023394974509179588,
                7.932460097685306e-11,
                2.5259408324819406e-10,
                6.646093875458116e-10
            ],
            [
                0.0010112844356215216,
                0.9989885674293061,
                1.0765009498124135e-07,
                3.877172103729499e-08,
                1.713256315063123e-09
            ],
            [
                1.8989720352036392e-09,
                3.802837540967404e-08,
                0.9999983489579591,
                1.5873596856755674e-06,
                2.375500769796854e-08
            ],
            [
                1.3399267414337012e-09,
                2.770307315359553e-10,
                1.6412237014774746e-09,
                0.20380842225641074,
                0.796191574485408
            ],
            [
                0.0026715833784866027,
                5.4562636853198785e-08,
                8.96574263071436e-09,
                0.5354510685328865,
                0.46187728456024746
            ]
        ],
        [
            [
                1.666627603341869e-07,
                5.621507939369291e-09,
                1.304315775131845e-09,
                0.260183761448268,
                0.7398160649631479
            ],
            [
                0.2449293853171041,
                0.7550699398009526,
                6.172436146990417e-07,
                5.379443657423768e-08,
                3.8438920385507755e-09
            ],
            [
                1.0620323717241594e-10,
                3.5239707054085677e-10,
                0.9999999923256794,
                6.942662477517399e-09,
                2.730580348899903e-10
            ],
            [
                1.08926243413039e-06,
                2.5466724106031537e-09,
                4.3358374254549094e-10,
                0.18104053039562598,
                0.8189583773616838
            ],
            [
                4.780263925384641e-08,
                5.22292591004392e-09,
                4.120713527929799e-09,
                0.011435156303964614,
                0.9885647865497567
            ]
        ],
        [
            [
                0.9999998966033767,
                1.0329372152172882e-07,
                2.0005934941340228e-11,
                6.115509860324784e-11,
                2.1740827353902743e-11
            ],
            [
                0.3460789596184236,
                0.6539209612682664,
                2.9054292254549093e-09,
                4.542107483435758e-08,
                3.0786805983254245e-08
            ],
            [
                9.787743053520258e-12,
                2.0984266382608436e-11,
                0.9999999999051192,
                4.5127017772483204e-11,
                1.8981700130426454e-11
            ],
            [
                8.53928668577649e-05,
                1.5597679554971605e-08,
                5.774850784746404e-10,
                0.38619783553083636,
                0.6137167554271412
            ],
            [
                7.590396298278238e-08,
                8.370200449795036e-09,
                3.1369711538376856e-09,
                0.0751886442759844,
                0.924811268312881
            ]
        ],
        [
            [
                0.9951103561463686,
                0.004889634887395132,
                3.152618567191411e-10,
                4.048614275617652e-10,
                8.246113155155799e-09
            ],
            [
                0.07754842312677536,
                0.9224509574942275,
                2.603141180907063e-07,
                3.3801233653482586e-07,
                2.105254238822219e-08
            ],
            [
                5.19292794323605e-10,
                5.07285352416638e-09,
                0.9999999442869526,
                4.786334069609414e-08,
                2.257560431972589e-09
            ],
            [
                2.4901121460788623e-10,
                1.7698939949493899e-09,
                3.3276202037834104e-10,
                0.5985193638590769,
                0.40148063378925586
            ],
            [
                2.1381587626619044e-06,
                7.676264299020222e-08,
                2.611699602110238e-09,
                0.3925308541436147,
                0.60746692832328
            ]
        ],
        [
            [
                0.8002070307161432,
                0.19979296665930926,
                1.6169883415502717e-10,
                8.720902779887151e-10,
                1.5907584333767639e-09
            ],
            [
                0.04905410591263014,
                0.9509457653943231,
                2.58579631170535e-08,
                9.146762999085849e-08,
                1.1367453640363541e-08
            ],
            [
                3.362792181290902e-10,
                2.329199807826116e-09,
                0.9999329151094988,
                6.708120749183559e-05,
                1.017530414309647e-09
            ],
            [
                2.754288454043539e-07,
                2.3804839030629783e-09,
                6.097348411031224e-09,
                0.5994753277696411,
                0.4005243883236812
            ],
            [
                0.20017149435329995,
                7.4296455199842e-09,
                9.12366525128132e-11,
                3.2787163319128664e-05,
                0.7997957109624988
            ]
        ],
        [
            [
                0.9337633025986714,
                0.06623669504761753,
                1.1081427246095272e-09,
                8.113239773136665e-10,
                4.3424437111825474e-10
            ],
            [
                2.744826968497695e-09,
                1.528012850649573e-07,
                5.298787552262907e-09,
                0.8000312434258506,
                0.1999685957292499
            ],
            [
                2.34199499979012e-07,
                4.1018888916446456e-07,
                0.9998085235683941,
                0.00018353782887703401,
                7.294214339706533e-06
            ],
            [
                5.175128949745732e-10,
                6.064527344763569e-10,
                3.845694351077874e-09,
                0.20777674036899246,
                0.7922232546613476
            ],
            [
                0.0004944896433765706,
                2.3997999876807043e-09,
                2.5970355733947656e-09,
                1.5103822537267589e-05,
                0.9994904015372506
            ]
        ],
        [
            [
                0.9784974576018218,
                0.02150253761046557,
                1.27559893987918e-09,
                9.561253971522118e-11,
                3.416501079662975e-09
            ],
            [
                0.2608584096377034,
                0.7391410370553979,
                3.639115470863317e-07,
                1.3189638302862311e-07,
                5.749896856244169e-08
            ],
            [
                2.6796704067589603e-08,
                3.0378357789857764e-07,
                0.9987240750014276,
                0.0012726503397131304,
                2.944078577422987e-06
            ],
            [
                5.848237118128876e-07,
                1.2794491901800208e-09,
                2.455090679548772e-10,
                0.19953051393255253,
                0.8004688997187773
            ],
            [
                6.165932364871785e-08,
                5.565098406692043e-09,
                1.1838550840882073e-08,
                0.19803242214515868,
                0.8019674987918685
            ]
        ],
        [
            [
                0.9992504185987993,
                0.000749579012689119,
                5.79187349139858e-10,
                8.814227013702156e-10,
                9.279015679523751e-10
            ],
            [
                0.7553675711574973,
                0.2446324157985712,
                7.411242814691777e-10,
                1.0470878688182842e-08,
                1.8319286578666083e-09
            ],
            [
                2.003157220287255e-08,
                4.0312778961450363e-08,
                0.9805044267365134,
                0.01928388397755925,
                0.0002116289415761963
            ],
            [
                2.8766459442418284e-10,
                1.2449445718320782e-10,
                7.504914064652492e-10,
                0.21540221870447485,
                0.7845977801328747
            ],
            [
                5.82982351346479e-07,
                3.619384663492731e-10,
                1.625837084129773e-10,
                0.20047625678318787,
                0.7995231597099387
            ]
        ],
        [
            [
                0.004320196587453071,
                1.1905983387742414e-07,
                4.89707643188969e-10,
                0.05262652791643574,
                0.9430531559465697
            ],
            [
                0.0009931408540491508,
                0.9990068185156649,
                1.0766230640850852e-08,
                2.467327464273728e-08,
                5.1907806286485555e-09
            ],
            [
                1.5950488248276826e-12,
                8.14468017744077e-12,
                0.9999999998871061,
                9.354662493986087e-11,
                9.607365045561269e-12
            ],
            [
                2.48006919861044e-09,
                6.318552606266409e-10,
                3.7494097123730103e-10,
                0.000297687195638046,
                0.9997023093174966
            ],
            [
                9.623501705967515e-09,
                5.831352741880259e-10,
                7.694932053283081e-10,
                0.053795178728617665,
                0.946204810295252
            ]
        ],
        [
            [
                0.9986606791750184,
                0.0013393188350786793,
                6.816020527720914e-10,
                3.096378312977929e-11,
                1.2773370077586623e-09
            ],
            [
                0.056507898387390884,
                0.9434920845950319,
                7.143866956861196e-09,
                4.413052552837522e-09,
                5.46065771486933e-09
            ],
            [
                3.523579257853148e-10,
                1.950841997562067e-10,
                0.9999994491458732,
                2.647378226631197e-07,
                2.855688620374744e-07
            ],
            [
                1.684860247480267e-08,
                7.313385460080764e-10,
                1.2509366358319512e-09,
                0.19256634788066476,
                0.8074336332884576
            ],
            [
                7.52777219066102e-09,
                1.3028673904679404e-09,
                7.513256017223382e-10,
                0.21480833094277477,
                0.78519165947526
            ]
        ],
        [
            [
                0.6080560325890212,
                0.3919439637809657,
                3.5001073747352277e-10,
                3.6863735974136255e-10,
                2.9113649726176157e-09
            ],
            [
                0.07237847252944746,
                0.9258230233079998,
                0.0017134434853842192,
                8.255738346363188e-05,
                2.5032937049981668e-06
            ],
            [
                4.27690658552778e-12,
                2.7214901750497853e-11,
                0.999999998944842,
                1.0145036540863945e-09,
                9.162572347209914e-12
            ],
            [
                2.078588421136305e-09,
                3.7456295868507937e-10,
                2.6749241515083454e-09,
                0.38466011242827003,
