{
    "[['A', 'B', 'C', 'D', 'E'], ['A', 'B', 'C', 'D', 'E']]": [
        [
            [
                0.9999990426185102,
                9.571597580109151e-07,
                8.166829647203998e-12,
                1.9700432987778013e-10,
                1.6560513868537163e-11
            ],
            [
                0.0002587400435484294,
                0.5724871060969998,
                0.4112772789965573,
                0.01588785645680679,
                8.901840608779171e-05
            ],
            [
                2.623342651276266e-07,
                8.857957606283423e-07,
                0.16248892235756277,
                0.7046702355001756,
                0.1328396940122358
            ],
            [
                4.481306348455164e-07,
                9.582437318312772e-07,
                2.189564961858978e-07,
                0.37196918191266315,
                0.628029192756474
            ],
            [
                5.533188217682056e-08,
                1.0918002702139148e-08,
                2.000702141978318e-09,
                0.7996670377201187,
                0.20033289402929436
            ]
        ],
        [
            [
                0.9462101340908659,
                0.05378986469634034,
                3.211482497849511e-10,
                2.1612524422950199e-10,
                6.755203258521786e-10
            ],
            [
                0.23255637183909394,
                0.7674278300678817,
                3.894146418148933e-07,
                1.5233836535138082e-05,
                1.7484184738768978e-07
            ],
            [
                3.118310604174682e-08,
                7.45017918029495e-06,
                0.00030371388021102993,
                0.9510250848288401,
                0.048663719928662585
            ],
            [
                7.952745291036588e-09,
                2.3713801403831343e-09,
                1.9080357912233925e-08,
                0.4000035550187619,
                0.5999964155767548
            ],
            [
                0.00013998970330558492,
                1.6387503008713631e-06,
                1.1622829408375784e-07,
                0.6530734412734532,
                0.34678481404464623
            ]
        ],
        [
            [
                0.9999927370216216,
                7.262068988473161e-06,
                3.0681671119016614e-11,
                7.664244913576706e-11,
                8.0206563660678e-10
            ],
            [
                0.43618487137057393,
                0.5638141785447661,
                1.785431024314786e-07,
                7.676716828508781e-08,
                6.947743891801823e-07
            ],
            [
                4.612177425049432e-07,
                9.06237237911341e-05,
                0.0005904782944883481,
                0.9837469899294791,
                0.01557144683449897
            ],
            [
                1.3879881577746967e-07,
                1.4458255294640609e-08,
                3.981534528251169e-08,
                0.520150631372133,
                0.4798491755554506
            ],
            [
                0.04351807591821793,
                1.2197372481449595e-06,
                1.2522243607714068e-06,
                0.2519001387729276,
                0.7045793133472456
            ]
        ],
        [
            [
                0.9999592516237314,
                4.0748254814622145e-05,
                3.5346705412784694e-11,
                3.799411335846651e-11,
                4.811299921246697e-11
            ],
            [
                0.8213420041004279,
                0.1786579783527199,
                1.991066560863626e-09,
                1.2087612757152358e-08,
                3.468172772490345e-09
            ],
            [
                2.111575946306926e-07,
                2.7111669865067426e-05,
                0.5421656907869561,
                0.45766471880713666,
                0.00014226757844762556
            ],
            [
                5.360299610936157e-07,
                5.381671126968277e-05,
                9.853839721517157e-05,
                0.882046919694129,
                0.11780018916742513
            ],
            [
                0.16353842348342917,
                1.0833979530269644e-06,
                3.8744264142068593e-07,
                0.3996996361595059,
                0.43676046951647046
            ]
        ],
        [
            [
                0.9999996183461025,
                3.8137065351816147e-07,
                4.4328747027432e-12,
                7.131037754097293e-11,
                2.0750074324828656e-10
            ],
            [
                0.3896075321161756,
                0.610392428833087,
                1.163441165627541e-09,
                2.175232038988892e-08,
                1.6134975938671947e-08
            ],
            [
                3.193457162483506e-07,
                2.6401395969550517e-06,
                0.39814611400338606,
                0.4381398624300681,
                0.1637110640812326
            ],
            [
                4.75692275004886e-09,
                5.510490520869667e-07,
                5.675044618903187e-06,
                0.887545371017729,
                0.11244839813167738
            ],
            [
                1.0972869392756292e-07,
                2.529549320586258e-08,
                4.775611385402833e-08,
                0.9086894386890677,
                0.09131037853063136
            ]
        ],
        [
            [
                0.9999979367399585,
                2.0631054981588306e-06,
                7.77632679200324e-11,
                6.637959760429534e-11,
                1.0400504657946656e-11
            ],
            [
                0.544287100244013,
                0.45569719788923746,
                1.2369440133300458e-05,
                2.981749330910019e-06,
                3.5067728555607963e-07
            ],
            [
                1.1171685460753879e-10,
                2.024184237184862e-06,
                0.999796319463737,
                1.9454121348798354e-05,
                0.00018220211896013248
            ],
            [
                4.2880048222356465e-06,
                6.737586801752057e-05,
                4.4003112402280985e-06,
                0.6007198339138511,
                0.399204101902069
            ],
            [
                5.050626972291912e-10,
                3.09143130701267e-09,
                9.322803708714601e-09,
                0.5806845260351323,
                0.41931546104557
            ]
        ],
        [
            [
                0.9999999098068492,
                9.009244570739989e-08,
                1.2433462761666214e-11,
                5.254633469129845e-11,
                3.572533768973876e-11
            ],
            [
                7.221374143376963e-06,
                0.06502442549090767,
                0.726971033508027,
                0.20792438903200355,
                7.293059491842145e-05
            ],
            [
                1.281673769484728e-06,
                7.260291983563606e-06,
                0.2015723167066294,
                0.6372410944068595,
                0.16117804692075802
            ],
            [
                1.9816768277057617e-06,
                0.0015771101642468935,
                0.0043509205695385356,
                0.4872437341812309,
                0.506826253408156
            ],
            [
                6.737590817452833e-10,
                6.52190280054382e-09,
                6.115579857377742e-08,
                0.20067300567635,
                0.7993269259721895
            ]
        ],
        [
            [
                0.9999999997017344,
                2.8606882953371186e-10,
                5.323049271829936e-12,
                2.7284833119124925e-12,
                4.145324050318309e-12
            ],
            [
                0.20118115583727852,
                0.7988187551462462,
                3.731805450706826e-08,
                3.837087164510926e-08,
                1.3327549011047957e-08
            ],
            [
                8.204369700921004e-08,
                3.4694366991632594e-07,
                0.06494218936340883,
                0.4226920475677849,
                0.5123653340814394
            ],
            [
                1.882897709901323e-08,
                1.3113271750924856e-07,
                1.5834498277103572e-07,
                0.601877174990027,
                0.3981225167032956
            ],
            [
                1.683863910821117e-07,
                6.394172975407357e-09,
                3.552383528930614e-09,
                0.5925293526217184,
                0.4074704690453341
            ]
        ],
        [
            [
                0.9999998374018633,
                1.6219182321970382e-07,
                1.0399337680637849e-10,
                1.4046124388971368e-10,
                1.618589532950324e-10
            ],
            [
                8.445569427428092e-06,
                0.04362424491888761,
                0.26043882551918995,
                0.6951463152002618,
                0.000782168792233274
            ],
            [
                2.912551154580798e-08,
                0.00018543370636691858,
                0.38305438346961906,
                0.6060563319200343,
                0.010703821778468217
            ],
            [
                6.974276850443852e-08,
                2.3445763431149085e-05,
                1.5761965479959985e-05,
                0.7625511881057314,
                0.2374095344225889
            ],
            [
                1.0173867207327722e-05,
                8.169465188022999e-08,
                9.278547055361792e-09,
                0.7233321664310288,
                0.2766575687285648
            ]
        ],
        [
            [
                0.999947761516007,
                5.2238350811960194e-05,
                4.170656127514692e-12,
                6.318013314304428e-11,
                6.58302349392137e-11
            ],
            [
                0.028057690239437338,
                0.9719357093194426,
                5.120684033321735e-06,
                1.4682071128940004e-06,
                1.1549973872831813e-08
            ],
            [
                2.9810057486909025e-10,
                3.150243100584788e-10,
                0.999967075528869,
                3.291673385473545e-05,
                7.124151448735852e-09
            ],
            [
                1.009798904957629e-07,
                4.639954226542114e-09,
                3.3247152446042374e-09,
                0.5189631700455704,
                0.48103672100986977
            ],
            [
                0.0004839807247820635,
                1.514075118085355e-06,
                1.7506808942352176e-07,
                0.3414473377388427,
                0.6580669923931677
            ]
        ],
        [
            [
                0.8035972328111224,
                0.19640276695208497,
                5.95519822048579e-11,
                1.5988143285342247e-10,
                1.7359211916481583e-11
            ],
            [
                0.5806513782133796,
                0.41934846375657586,
                2.622632719196008e-08,
                1.2029192133258246e-07,
                1.1511795827724856e-08
            ],
            [
                1.375873856763012e-07,
                4.3747803731979125e-06,
                0.42806827370010697,
                0.5709719663751304,
                0.000955247557003766
            ],
            [
                3.3165137164315836e-09,
                1.4134457408226316e-08,
                8.67341181403862e-10,
                0.3355682711532978,
                0.6644317105283899
            ],
            [
                1.5947814724524076e-08,
                1.313389372468336e-07,
                6.998342875276129e-08,
                0.20192317246666058,
                0.7980766102631587
            ]
        ],
        [
            [
                0.9977654161102205,
                0.0022345827982910723,
                3.3087915571073117e-10,
                4.251478257138222e-10,
                3.354614712397888e-10
            ],
            [
                5.10039881120967e-06,
                0.04223898670665201,
                0.18305197017578706,
                0.7040923374401677,
                0.07061160527858212
            ],
            [
                1.641935761164198e-07,
                2.393958139639335e-05,
                0.7995694863474189,
                0.2003870727612775,
                1.9337116331242526e-05
            ],
            [
                1.92163939475028e-09,
                1.2485157256977398e-08,
                3.9658332240495434e-08,
                0.6035110268622648,
                0.3964889190726063
            ],
            [
                0.0003850769176389587,
                5.985448896600946e-08,
                2.5243351197501806e-07,
                0.3715883049756142,
                0.6280263058187459
            ]
        ],
        [
            [
                0.9992289463934633,
                0.00077104901050288,
                1.0543571316698419e-10,
                1.8527954887187088e-10,
                4.305318499069781e-09
            ],
            [
                0.21410794956686025,
                0.7858918045616518,
                3.093520058356068e-08,
                1.9518603973152623e-07,
                1.975024767119119e-08
            ],
            [
                2.5212588748234425e-08,
                7.582970779102686e-07,
                0.0010531971178378114,
                0.9034756105235328,
                0.09547040884896275
            ],
            [
                3.795659259307306e-08,
                5.3073502436617336e-08,
                1.1862791125093498e-07,
                0.6003087827334831,
                0.3996910076085107
            ],
            [
                3.889158166980733e-09,
                1.1692560888942324e-08,
                2.4076118406653167e-08,
                0.4359235322200036,
                0.564076428122159
            ]
        ],
        [
            [
                0.9999322302114666,
                6.77695555988843e-05,
                2.134822586943432e-11,
                1.140006770842803e-10,
                9.758564506196023e-11
            ],
            [
                0.9117364188424688,
                0.08826346114944515,
                1.09837514961258e-08,
                2.5631674782016888e-08,
                8.339265984897407e-08
            ],
            [
                1.270725612867955e-07,
                0.0001519148124983214,
                0.6696172874531557,
                0.3269267939736578,
                0.0033038766881268618
            ],
            [
                5.4929122995930264e-09,
                1.714449097098429e-07,
                1.8091577787151716e-08,
                0.4049715555165339,
                0.5950282494540663
            ],
            [
                2.2605664380736512e-07,
                2.0456100147577323e-08,
                7.970601070735542e-09,
                0.20867644126277587,
                0.7913233042538791
            ]
        ],
        [
            [
                0.9999998925713933,
                1.0089741392335333e-07,
                7.1105253594919716e-12,
                7.210166198269654e-11,
                6.451980415126974e-09
            ],
            [
                1.755023341920069e-06,
                4.8377783174991975e-05,
                0.6009055976816169,
                0.3941493421594106,
                0.004894927352455634
            ],
            [
                2.5110726798224695e-07,
                0.00028722255489864457,
                0.7917522749435623,
                0.20711129092440497,
                0.0008489604698661578
            ],
            [
                3.2757299977337054e-08,
                1.0921858802789885e-08,
                1.4460611128611497e-07,
                0.4388638578397406,
                0.5611359538749894
            ],
            [
                2.6640249007625112e-08,
                1.782193104243001e-08,
                3.6548518350421445e-09,
                0.39976668712714947,
                0.6002332647558186
            ]
        ],
        [
            [
                0.9999655407145372,
                3.445892876086767e-05,
                1.0208131694205433e-10,
                2.3944409153769175e-11,
                2.3067613962723868e-10
            ],
            [
                0.6877382988198076,
                0.3122616822005614,
                1.1868898805756057e-09,
                1.539276804833987e-08,
                2.3999731954642702e-09
            ],
            [
                7.193202128446086e-10,
                2.9452163076501872e-08,
                0.9999940395827579,
                5.336904135949955e-06,
                5.933416227988197e-07
            ],
            [
                4.15603056666102e-09,
                2.3346436285708527e-08,
                7.753849958530792e-09,
                0.20058009307042504,
                0.7994198716732582
            ],
            [
                2.5541775303656503e-07,
                1.925033348100588e-08,
                5.7016034628494195e-08,
                0.6422843607366553,
                0.35771530757922365
            ]
        ],
        [
            [
                0.9999993438738352,
                6.560031095249225e-07,
                2.8697062040277652e-11,
                2.3921138103133516e-11,
                7.043723898573937e-11
            ],
            [
                0.00013465880352096663,
                0.4267870713152747,
                0.36895166817146785,
                0.20367628641888144,
                0.0004503152908549092
            ],
            [
                1.1983667527551967e-06,
                0.0003208225316748145,
                0.9144873308865796,
                0.08517111972036184,
                1.952849463085993e-05
            ],
            [
                6.770444184684371e-10,
                1.5360340911135553e-08,
                1.1482820352499013e-08,
                0.6000099913210496,
                0.3999899811587447
            ],
            [
                1.348562980514853e-07,
                1.6364992530759005e-09,
                1.1452903095666817e-08,
                0.5988888531651276,
                0.40111099888917195
            ]
        ],
        [
            [
                0.9999791973581051,
                2.0802277316063747e-05,
                5.292100403861978e-11,
                8.92523980199652e-11,
                2.2240538409548527e-10
            ],
            [
                0.635910870791946,
                0.3640889781491383,
                5.4813007261732e-08,
                8.899261586939438e-08,
                7.253292587224438e-09
            ],
            [
                1.7922166665547583e-07,
                1.4385323080568338e-06,
                0.07310702732937377,
                0.6590639521733132,
                0.2678274027433384
            ],
            [
                1.0055635539278306e-08,
                1.6153649847782602e-08,
                5.288126781887966e-09,
                0.5999673597016245,
                0.4000326088009633
            ],
            [
                1.7907113948792917e-08,
                6.274925981681346e-09,
                4.082720830283953e-08,
                0.3358583577174389,
                0.6641415772733128
            ]
        ],
        [
            [
                0.9124315015768758,
                0.08756849471938935,
                1.9696614572692654e-10,
                2.5517454776433146e-09,
                9.550233160892511e-10
            ],
            [
                0.37858592828493265,
                0.6214140696248569,
                1.5134948622419221e-09,
                1.7694869801402128e-10,
                3.9976687638030987e-10
            ],
            [
                6.357247390414323e-07,
                0.002196523953889811,
                0.2886461044596682,
                0.6937607346070349,
                0.015396001254667923
            ],
            [
                5.8150364599302927e-08,
                4.296815051793565e-09,
                3.670961656156235e-09,
                0.574531703695733,
                0.4254682301861256
            ],
            [
                8.451373801214994e-10,
                5.2630903436508275e-09,
                2.28910944216985e-09,
                0.20008559893176361,
                0.7999143926708993
            ]
        ],
        [
            [
                0.9999997372187427,
                2.569417812251673e-07,
                4.005299957896237e-11,
                8.229837036055408e-11,
                5.7171246362886145e-09
            ],
            [
                2.4237516619460726e-06,
                0.02002701732344483,
                0.0013893932761526893,
                0.7871254226806991,
                0.19145574296804144
            ],
            [
                4.5115955770021e-09,
                1.922228193134652e-05,
                4.347276028824023e-08,
                0.7999394508366146,
                0.20004127889709825
            ],
            [
                5.29947802852697e-09,
                1.6516177344525388e-08,
                7.666560556236418e-08,
                0.4231540486063771,
                0.576845852912362
            ],
            [
                1.758410682845109e-08,
                1.9048005676628478e-08,
                1.856078350255172e-08,
                0.9977275813496823,
                0.0022723634574217354
            ]
        ],
        [
            [
                0.829609088858446,
                0.1703909108573759,
                1.600842825698463e-10,
                7.191929103709373e-11,
                5.2174612822340636e-11
            ],
            [
                0.40491770085590545,
                0.5950822979189948,
                2.7922651011862395e-11,
                4.312326494811484e-10,
                7.659444943974663e-10
            ],
            [
                6.993317588933719e-07,
                1.3044487292805327e-06,
                0.5210944492460654,
                0.4788672262344602,
                3.632073898606771e-05
            ],
            [
                1.0163236972572925e-08,
                6.416046883239712e-08,
                6.843589567093297e-08,
                0.59055823900159,
                0.40944161823880854
            ],
            [
                2.9032264831341193e-09,
                7.446973814607571e-07,
                6.4616781957059344e-09,
                0.5993135340270959,
                0.40068571191061797
            ]
        ],
        [
            [
                0.9999999685648068,
                3.1240442908635664e-08,
                6.874656321110618e-11,
                8.929640125689756e-12,
                1.170741338931827e-10
            ],
            [
                0.6116835162493052,
                0.38831630681132007,
                1.5348722514371777e-08,
                2.0925350632111664e-08,
                1.4066530164512266e-07
            ],
            [
                1.3827512562521332e-06,
                0.001067723131992709,
                0.44169951497325777,
                0.5553725222184865,
                0.0018588569250068238
            ],
            [
                2.4245433725171978e-09,
                3.145235096403457e-10,
                5.471315113699075e-09,
                0.7999818638317313,
                0.20001812795788662
            ],
            [
                1.8657274289480368e-05,
                4.823673466776898e-09,
                9.24246649258652e-10,
                0.5940333201823437,
                0.4059480167954467
            ]
        ],
        [
            [
                0.9999999677343612,
                3.223414700877385e-08,
                1.4842846187137828e-11,
                4.353698346766828e-12,
                1.2295232880305313e-11
            ],
            [
                0.0009535840140674512,
                0.6177788677777895,
                0.3435228257379679,
                0.037724236780218016,
                2.048568995738269e-05
            ],
            [
                6.191064177105337e-06,
                0.0007923105060917413,
                0.018852740872594538,
                0.9768431777385248,
                0.00350557981861176
            ],
            [
                1.648244331282034e-08,
                1.0358440242388525e-08,
                1.27245690040533e-07,
                0.4084042512730244,
                0.591595594640402
            ],
            [
                1.0152914901129961e-08,
                3.4469614468898967e-09,
                2.5025124009443125e-09,
                0.41858744302891226,
                0.5814125408686991
            ]
        ],
        [
            [
                0.9999999715107235,
                2.428878409423573e-08,
                1.5191569473823206e-11,
                2.3307754232958316e-10,
                3.952223404166009e-09
            ],
            [
                4.474527656953223e-06,
                0.212578982763935,
                0.7375799006878916,
                0.0481463851855053,
                0.0016902568350111878
            ],
            [
                1.0192317000247226e-07,
                2.9257006620172903e-06,
                0.011008053659109045,
                0.9854541067940839,
                0.0035348119229751487
            ],
            [
                1.0069055347988402e-07,
                1.9983025510682328e-06,
                0.0001422897695147073,
                0.6451133896493291,
                0.3547422215880515
            ],
            [
                2.5097208848394682e-09,
                1.3540615102157821e-09,
                8.484885219238316e-10,
                0.4676613648590012,
                0.532338630428728
            ]
        ],
        [
            [
                0.9999907896595369,
                9.21011127294864e-06,
                3.3772420028342126e-12,
                5.8169555937481916e-11,
                1.6764342518628873e-10
            ],
            [
                2.1081616858264406e-05,
                0.5883461583352269,
                0.3280244059801863,
                0.08331906802638515,
                0.00028928604134346574
            ],
            [
                2.324570218693758e-08,
                3.4807182364128225e-07,
                0.993976795476388,
                0.006004900278283383,
                1.79329278028312e-05
            ],
            [
                8.034773765388608e-10,
                3.238497098653873e-09,
                4.7810308371103056e-08,
                0.4004237347374098,
                0.5995762134103073
            ],
            [
                7.0815140275176846e-06,
                1.5412883615112514e-09,
                1.9219002362962694e-09,
                0.5796537621666263,
                0.4203391528561576
            ]
        ],
        [
            [
                0.9879676811093426,
                0.0120323112384495,
                9.639856318698269e-11,
                8.644530672693214e-10,
                6.6913561475478234e-09
            ],
            [
                0.2937736641273432,
                0.7062261127804402,
                1.594293363727089e-07,
                2.103959811771558e-08,
                4.262328215079495e-08
            ],
            [
                1.9307980560595799e-07,
                1.999600842015591e-06,
                0.19723761748789387,
                0.802752314617365,
                7.8752140936349e-06
            ],
            [
                8.578418620258797e-09,
                8.677584084301209e-08,
                3.9563403892174013e-07,
                0.2312414320452336,
                0.768758076966468
            ],
            [
                1.005364731621606e-07,
                2.8682727124268368e-08,
                8.579799363447445e-09,
                0.18207467107142603,
                0.8179251911295743
            ]
        ],
        [
            [
                0.9999965972820036,
                3.402354239940986e-06,
                7.515451932607391e-11,
                3.5431181947629565e-11,
                2.531707627608759e-10
            ],
            [
                1.9347885289173074e-07,
                0.0013207211755457884,
                0.19086458172142898,
                0.8050197438848966,
                0.002794759739275692
            ],
            [
                5.4465428559187854e-08,
                9.017795105545385e-09,
                6.429717787523707e-06,
                0.7754624193431731,
                0.22453108745581565
            ],
            [
                6.703008113695824e-10,
                1.4614582942066924e-10,
                2.4730909791721047e-09,
                0.40039438228425833,
                0.5996056144262041
            ],
            [
                1.3827911227348354e-07,
                4.705153790833703e-08,
                1.3474167800899e-07,
                0.42022352100796106,
                0.5797761589197107
            ]
        ],
        [
            [
                0.9999996651421944,
                3.33972233877707e-07,
                7.14552431876696e-11,
                8.074592125513944e-10,
                6.6572663113632505e-12
            ],
            [
                6.131116453963484e-06,
                0.5751431755863515,
                0.24026211856418667,
                0.18458018415326585,
                8.390579741994145e-06
            ],
            [
                6.642215274058846e-07,
                5.553993687352802e-06,
                0.496452477142974,
                0.3880052227820175,
                0.11553608185979378
            ],
            [
                2.4080142450871545e-08,
                1.577916139208566e-08,
                4.378303945604838e-09,
                0.8001362693435955,
                0.1998636864187967
            ],
            [
                9.578264033456806e-07,
                1.1928721929242767e-09,
                2.234534559011453e-09,
                0.7978539548877864,
                0.20214508385840346
            ]
        ],
        [
            [
                0.8119923074355772,
                0.1880076920720425,
                1.01936638016783e-10,
                3.138399356326675e-10,
                7.660358174814107e-11
            ],
            [
                0.0018575742304234113,
                0.5628973906428093,
                0.3279614257896805,
                0.10712642801579954,
                0.0001571813212873152
            ],
            [
                5.275141485747513e-07,
                2.323930334649241e-06,
                0.28294660584053605,
                0.6528646650369351,
                0.06418587767804557
            ],
            [
                6.685929911279056e-06,
                1.5510130916860992e-07,
                1.4588013143696362e-08,
                0.23266502025084432,
                0.7673281241299221
            ],
            [
                2.576555748343829e-09,
                1.4458693520419088e-08,
                4.399637145048753e-08,
                0.9630114053379926,
                0.03698853363038669
            ]
        ],
        [
            [
                0.8118232619844507,
                0.1881767354293751,
                2.481136766957956e-10,
                1.4083678770586382e-09,
                9.296926489093451e-10
            ],
            [
                1.3197132102021726e-05,
                0.015416747396717442,
                0.3902977500368358,
                0.5675196969026762,
                0.026752608531668623
            ],
            [
                5.3386782906946476e-08,
                1.8137323131332292e-07,
                0.7007656094291418,
                0.29923186352670267,
                2.292284141318752e-06
            ],
            [
                1.4363460185149788e-07,
                2.4445805865183136e-08,
                1.0961152765168226e-05,
                0.8993465724466752,
                0.10064229832015202
            ],
            [
                4.344842928658381e-08,
                9.649003436851193e-10,
                2.055679902076483e-09,
                0.5308245663743093,
                0.4691753871566812
            ]
        ],
        [
            [
                0.9999593102304435,
                4.068944993468237e-05,
                7.591315442942465e-11,
                1.4074267797129411e-11,
                2.296344035628612e-10
            ],
            [
                0.006000782181063069,
                0.7746859954553705,
                0.08532080661729179,
                0.13382037772910474,
                0.0001720380171699735
            ],
            [
                7.944018915614851e-07,
                4.063350167801911e-05,
                0.1957256080193021,
                0.8007311748935333,
                0.003501789183595063
            ],
            [
                3.364157962435822e-06,
                3.044777614840666e-08,
                1.1831014444713938e-08,
                0.20001068967324798,
                0.799985903889999
            ],
            [
                4.782068379510899e-08,
                8.062409311446254e-08,
                8.163061349982253e-09,
                0.4001104074324224,
                0.5998894559597394
            ]
        ],
        [
            [
                0.999999996461042,
                3.5051422137375596e-09,
                7.901823479268822e-12,
                2.275850595090698e-11,
                3.1554378761196085e-12
            ],
            [
                2.2202812809134666e-06,
                6.690845897587221e-06,
                0.017831270732671687,
                0.7582982115387852,
                0.22386160660136467
            ],
            [
                7.268945358624327e-07,
                6.89438718198489e-06,
                0.4022481117412834,
                0.43402320663919275,
                0.16372106033780603
            ],
            [
                1.1619262700816473e-07,
                8.124490495591645e-06,
                8.054162753438549e-06,
                0.6205176296046869,
                0.37946607554943695
            ],
            [
                0.022454196747291332,
                3.286785561954995e-07,
                7.692675433158233e-08,
                0.4589759653897763,
                0.5185694322576218
            ]
        ],
        [
            [
                0.9986497297688968,
                0.0013502686225509294,
                2.7640475360202964e-10,
                5.587993348873882e-10,
                7.733481221557842e-10
            ],
            [
                0.06435629692972059,
                0.9351412762987873,
                4.768705101266652e-06,
                0.0004948423218186215,
                2.8157445722367177e-06
            ],
            [
                3.5463486727112705e-10,
                7.934548198394561e-10,
                0.9999994073432801,
                5.867351454860237e-07,
                4.773484681663146e-09
            ],
            [
                2.3090798507699102e-07,
                7.161990901339223e-08,
                1.3549333849532448e-07,
                0.0006874290908828109,
                0.9993121328878847
            ],
            [
                1.0729518414917235e-09,
                5.978643497021455e-10,
                7.794984929632477e-10,
                0.7997944733580424,
                0.20020552419164286
            ]
        ],
        [
            [
                0.9999999028514281,
                9.643737661729794e-08,
                1.81151228102173e-10,
                5.081173518974894e-10,
                2.1926711863691612e-11
            ],
            [
                1.4937507752662628e-07,
                0.019068627251393924,
                0.0005105690994702128,
                0.9683991748518458,
                0.012021479422212634
            ],
            [
                1.1495555836123239e-07,
                4.232610881776176e-05,
                0.2561289868363657,
                0.5522411997090069,
                0.19158737239025123
            ],
            [
                1.7819142028207055e-07,
                3.1405386828385437e-06,
                2.477347135479123e-06,
                0.4551243557052637,
                0.5448698482174977
            ],
            [
                3.524291830874354e-09,
                1.6565557541857196e-09,
                1.6439659989892651e-09,
                0.7996773881051562,
                0.20032260507003027
            ]
        ],
        [
            [
                0.9999994116008102,
                5.880133187789596e-07,
                3.459956637651317e-11,
                2.0710330068326313e-11,
                3.3056096398697527e-10
            ],
            [
                8.533994023312978e-08,
                3.4924162682449603e-05,
                0.32283470846269935,
                0.6765415828973439,
                0.000588699137334099
            ],
            [
                3.461054885379217e-07,
                2.9152387697573e-06,
                0.8744619093826841,
                0.12536556012468342,
                0.00016926914837417194
            ],
            [
                4.6231695702847495e-10,
                4.708954115137551e-10,
                2.376386005896779e-09,
                0.5983459947320653,
                0.40165400195833634
            ],
            [
                0.0006224316714308976,
                4.460923202740457e-07,
                1.7580254256258553e-08,
                0.5752431036254799,
                0.42413400103051463
            ]
        ],
        [
            [
                0.9971872577330831,
                0.0028127420485386475,
                1.0075885472346387e-10,
                1.0110823133666333e-10,
                1.6511010604156936e-11
            ],
            [
                0.0015352651585762455,
                0.9534949810827793,
                0.0004646252862112087,
                0.044467975159727224,
                3.715331270598314e-05
            ],
            [
                1.9822490826644562e-07,
                2.101009909015242e-06,
                0.8125430416030279,
                0.1874525826285009,
                2.0765336539590657e-06
            ],
            [
                1.7052211037610986e-08,
                1.5782206863570208e-08,
                3.999102579781253e-09,
                0.5941277048242085,
                0.40587225834227103
            ],
            [
                1.1053623859057081e-08,
                6.742488851648677e-09,
