{
    "[['A', 'B', 'C', 'D', 'E'], ['A', 'B', 'C', 'D', 'E']]": [
        [
            [
                0.7141494857111084,
                0.2858504830105974,
                6.246822075361899e-09,
                1.8584983061121188e-08,
                6.44648902255895e-09
            ],
            [
                0.3556261714108909,
                0.6443737628957096,
                1.5898795077480183e-09,
                6.317308443172185e-08,
                9.304356232122045e-10
            ],
            [
                2.8215309630589666e-08,
                3.1556667615401894e-07,
                0.995233899776862,
                0.004763280623876675,
                2.4758172754512832e-06
            ],
            [
                1.4385142435108046e-09,
                1.21047582074629e-10,
                8.54029102567961e-11,
                2.791703613134033e-06,
                0.9999972066514221
            ],
            [
                1.2070349603782835e-08,
                4.270319794585693e-10,
                4.411133616392098e-09,
                0.008099960315520086,
                0.9919000227759647
            ]
        ],
        [
            [
                0.9613160553944098,
                0.03868393801023269,
                2.905373098912944e-09,
                2.2849139956567916e-09,
                1.4050704865428893e-09
            ],
            [
                4.997442933710679e-08,
                5.222387674396896e-07,
                0.19828034600780894,
                0.6003528751753248,
                0.20136620660366955
            ],
            [
                5.22519962823177e-12,
                1.1373487149063147e-11,
                0.9999999999440095,
                1.6319364127830423e-11,
                2.307238336933106e-11
            ],
            [
                1.3895247867528715e-09,
                5.526825248446315e-09,
                2.4274040263743065e-10,
                0.029609471938515236,
                0.9703905209023943
            ],
            [
                0.12449167882823617,
                9.062057888598054e-10,
                4.1127346357948956e-08,
                0.029618987350566398,
                0.8458892917876453
            ]
        ],
        [
            [
                2.3704198237221882e-08,
                1.1883448789457177e-09,
                4.351452010304698e-09,
                0.3659423391843765,
                0.6340576315716284
            ],
            [
                0.002475864238039084,
                0.9939137111517231,
                1.5379384919529278e-05,
                0.0035885931590251266,
                6.452066293175999e-06
            ],
            [
                2.867305748785305e-07,
                1.0791417420148768e-06,
                0.8901802054656246,
                0.10525932576215496,
                0.004559102899903459
            ],
            [
                1.5757244429353488e-09,
                2.919789549954741e-10,
                6.276622813172088e-12,
                2.373039889736713e-07,
                0.999999760822031
            ],
            [
                8.952178115499768e-06,
                3.185951969380804e-09,
                1.4356568460257963e-09,
                0.19914706351324055,
                0.8008439796870351
            ]
        ],
        [
            [
                0.9998779949183955,
                0.0001220045644377612,
                4.105774669683931e-10,
                9.359984599287629e-11,
                1.2989495179328199e-11
            ],
            [
                0.03784145872530457,
                0.962018721670729,
                3.9379727047661365e-06,
                6.888394954767897e-05,
                6.699768171395613e-05
            ],
            [
                3.797711766583998e-11,
                3.946231222372652e-11,
                0.9999999984522401,
                4.344244513558746e-10,
                1.0358959656994774e-09
            ],
            [
                3.240861828734256e-09,
                2.4238444851335256e-10,
                8.752753525201361e-10,
                3.2676926795776306e-06,
                0.9999967279487988
            ],
            [
                1.8191524392169294e-09,
                2.7782802995782994e-10,
                9.100140491446782e-10,
                9.563050580431308e-05,
                0.9999043664872012
            ]
        ],
        [
            [
                0.9998893146094426,
                0.00011068523992992089,
                1.1010155577279543e-10,
                1.7386622419223108e-11,
                2.3139214944285627e-11
            ],
            [
                1.0341218611409015e-07,
                7.464951771878542e-07,
                0.15569316372988054,
                0.844293035428875,
                1.2950933881207898e-05
            ],
            [
                1.9613786951358534e-09,
                1.1318513543907565e-08,
                0.9999999027653468,
                5.34918444501188e-09,
                7.860557645446769e-08
            ],
            [
                5.468579748096581e-09,
                5.087631868316145e-10,
                8.393749498379319e-10,
                0.35674059846047046,
                0.6432593947228117
            ],
            [
                0.0004945253263547065,
                1.4927928085681066e-10,
                3.050964572238396e-11,
                5.223832218491654e-05,
                0.9994532361716715
            ]
        ],
        [
            [
                0.8100359378546464,
                0.18996405169023456,
                1.8505750626918357e-09,
                3.6223867116289812e-09,
                4.982157094855965e-09
            ],
            [
                0.002401558895412837,
                0.9966498425859832,
                0.00012686869397305416,
                0.0008216031003972619,
                1.267242336442809e-07
            ],
            [
                7.959206734425252e-13,
                1.5062358532203796e-12,
                0.9999999999950655,
                6.579807321216034e-13,
                1.9745133684532433e-12
            ],
            [
                3.001388881039036e-08,
                2.221372181181727e-11,
                9.131725063360213e-10,
                0.2236216525316733,
                0.7763783165190516
            ],
            [
                4.991904295633311e-09,
                3.4550296160088426e-09,
                8.185137671778281e-10,
                0.006000924395479792,
                0.9939990663390725
            ]
        ],
        [
            [
                0.9994686659696452,
                0.0005313336143478521,
                8.567372562220642e-11,
                1.0830119109183963e-10,
                2.220320922954896e-10
            ],
            [
                0.0010325201614402265,
                0.6309016723110453,
                0.0007802771567487296,
                0.3557891635007884,
                0.011496366869977293
            ],
            [
                1.4856242150047426e-07,
                2.059278182761226e-07,
                0.48737335364738,
                0.441359282960467,
                0.07126700890191316
            ],
            [
                1.6028657476257543e-08,
                2.4819422556617556e-10,
                1.4786319069319593e-09,
                0.009727635968067791,
                0.9902723462764486
            ],
            [
                5.9955310160027004e-09,
                3.4108980763992957e-10,
                2.912464434287471e-09,
                0.1467800753588929,
                0.8532199153920218
            ]
        ],
        [
            [
                0.9995576007830328,
                0.00044239803336851784,
                3.650617723540239e-10,
                6.306923099875832e-10,
                1.878446892051051e-10
            ],
            [
                1.2161908070109436e-09,
                4.570980822396453e-10,
                4.2357390444856003e-10,
                0.6004605983807503,
                0.399539399522387
            ],
            [
                2.569247723074864e-09,
                3.403465552023108e-08,
                0.3997677539059748,
                0.4193039022750433,
                0.18092830721507855
            ],
            [
                0.0005017562853055754,
                4.679678862420698e-09,
                1.3117238548354604e-08,
                0.19828187439101153,
                0.8012163515267655
            ],
            [
                9.778773090505545e-07,
                1.867723235321254e-09,
                5.9515061977972345e-09,
                0.019482761277494643,
                0.9805162530259668
            ]
        ],
        [
            [
                0.9923524862910593,
                0.007647496218778928,
                4.163257538833621e-10,
                1.591069775117258e-08,
                1.1631381923319931e-09
            ],
            [
                1.1623327297301257e-07,
                6.22623485354208e-08,
                3.20160218761566e-05,
                0.39617118463052386,
                0.6037966208519785
            ],
            [
                2.4284305158395395e-08,
                1.5194976033548453e-07,
                0.9991670862951718,
                0.0008188973080732151,
                1.384016268951069e-05
            ],
            [
                1.774074950566418e-07,
                9.274453074985196e-10,
                1.8777097026355542e-09,
                0.1558127969111595,
                0.8441870228761904
            ],
            [
                1.5788843686584475e-06,
                7.172261969024945e-10,
                2.733650124921202e-09,
                0.0008199102517068592,
                0.9991785074130481
            ]
        ],
        [
            [
                0.9631295261406848,
                0.03687047125680668,
                2.182307538068148e-09,
                1.2939438751890274e-10,
                2.908066196546223e-10
            ],
            [
                0.011915945394137548,
                0.9880615201070703,
                8.122886768775487e-06,
                1.436905503961107e-05,
                4.2556983915731786e-08
            ],
            [
                4.985301288030092e-10,
                8.917361535510928e-10,
                0.9999977493118168,
                2.242167026050339e-06,
                7.130890887055092e-09
            ],
            [
                2.697462262830455e-06,
                3.851766867982126e-09,
                6.424789657355292e-10,
                0.10000110845776983,
                0.8999961895857216
            ],
            [
                7.966683922371174e-08,
                1.6587545609525458e-09,
                3.334368920539423e-09,
                0.1929650322049065,
                0.8070348831351308
            ]
        ],
        [
            [
                0.9879140174614136,
                0.012085981347663415,
                5.470336629402213e-10,
                1.4498414270751157e-10,
                4.989052262805265e-10
            ],
            [
                0.001260010152426313,
                0.9985562204145312,
                9.489535769866277e-07,
                0.00018264654817539368,
                1.7393129004721962e-07
            ],
            [
                4.5554256467906965e-06,
                4.829639444540974e-05,
                0.924374769012821,
                0.07245137826026482,
                0.0031210009068221075
            ],
            [
                5.2242349706283285e-05,
                4.384382585314606e-10,
                6.004933748239273e-11,
                1.316550312401174e-05,
                0.9999345916486821
            ],
            [
                0.16355768106285334,
                6.282105686238772e-09,
                3.5659975889865347e-09,
                0.19059039321165472,
                0.6458519158773887
            ]
        ],
        [
            [
                0.9048836201080099,
                0.09511636984363799,
                2.6659746927868518e-09,
                3.6486463810691614e-09,
                3.733731022265655e-09
            ],
            [
                0.05415441075994921,
                0.9457809607491618,
                5.840680008944168e-06,
                5.854950870047252e-05,
                2.383021794661095e-07
            ],
            [
                2.3586218850656564e-11,
                5.561764645080676e-11,
                0.9999999978712086,
                2.539733927858673e-10,
                1.7956143365552713e-09
            ],
            [
                6.957575569133536e-08,
                5.794394398595863e-09,
                8.630184008915203e-09,
                0.003971439140362683,
                0.9960284768593032
            ],
            [
                4.1043516725070727e-10,
                3.600423123067205e-10,
                3.022568747944272e-11,
                0.0006855838725703491,
                0.9993144153267265
            ]
        ],
        [
            [
                0.9993651683860099,
                0.0006348311528367042,
                1.1076234043614065e-10,
                9.132371693669567e-11,
                2.590673862810631e-10
            ],
            [
                0.11733247016912791,
                0.882665562576094,
                1.6080738160298276e-06,
                2.905485538422265e-07,
                6.863240829053834e-08
            ],
            [
                2.0920736124791615e-10,
                1.3278554476205914e-09,
                0.9999999281710616,
                3.0452427545413165e-08,
                3.983944795825186e-08
            ],
            [
                1.1836981399297407e-08,
                1.0090115615258634e-09,
                1.8935868345954313e-09,
                0.0039730784894292165,
                0.9960269067709909
            ],
            [
                2.2414325593785053e-09,
                8.442987927814235e-11,
                1.7034029566468762e-09,
                0.00010416314322541513,
                0.9998958328275093
            ]
        ],
        [
            [
                0.955403432856217,
                0.044596455678627966,
                7.540251875654016e-10,
                9.414510152089078e-08,
                1.656602826259394e-08
            ],
            [
                0.0011342362924063438,
                0.8835389102920456,
                0.006432679589599909,
                0.10850251923972248,
                0.0003916545862256352
            ],
            [
                2.6353897375676456e-07,
                2.1054527002622865e-05,
                0.42311643422303385,
                0.37055612832248597,
                0.20630611938850368
            ],
            [
                3.397595838632114e-11,
                8.520488654985617e-11,
                3.8811335071406025e-11,
                5.631370823606521e-05,
                0.9999436861337718
            ],
            [
                4.824184768536116e-08,
                8.244450508068905e-10,
                1.8646197775936694e-10,
                0.22164322416300405,
                0.7783567265842413
            ]
        ],
        [
            [
                0.6198186079372058,
                0.38018138505422133,
                2.0846505083884324e-09,
                3.816440627664461e-09,
                1.1074817680523898e-09
            ],
            [
                3.811817620319044e-06,
                0.15525152464517158,
                0.23426800005370718,
                0.6086575634682136,
                0.0018191000152873013
            ],
            [
                1.6015456602013892e-08,
                9.837552801474769e-08,
                0.9997245985946693,
                0.00027511786994561843,
                1.6914440045885132e-07
            ],
            [
                9.350360614559687e-10,
                1.1881666095643251e-10,
                3.011809188146861e-09,
                0.0029770971043223075,
                0.9970228988300158
            ],
            [
                5.813821750166686e-07,
                1.0280170328407579e-10,
                6.381618988004735e-11,
                0.1999797406611483,
                0.8000196777900588
            ]
        ],
        [
            [
                0.9999024992328401,
                9.749563787213246e-05,
                7.802942207034736e-10,
                3.5275846961472125e-09,
                8.214088038455759e-10
            ],
            [
                1.0403162905699532e-07,
                1.4744614447179513e-07,
                0.0030277041132815955,
                0.9643626423488787,
                0.03260940206006621
            ],
            [
                7.092038502129832e-08,
                4.498055855985092e-07,
                0.8206047830570021,
                0.173587169302545,
                0.005807526914482303
            ],
            [
                3.061744815278164e-10,
                6.143001672233704e-10,
                3.6959883250865105e-11,
                0.00013236147426814827,
                0.9998676375682973
            ],
            [
                2.087194033338992e-08,
                2.9857371794928517e-10,
                2.408987104067001e-09,
                3.1820266204264934e-05,
                0.9999681561542946
            ]
        ],
        [
            [
                2.584516967180341e-08,
                3.983216638003892e-10,
                1.3969906148795467e-09,
                0.0006346047079660173,
                0.999365367651552
            ],
            [
                0.2629326577144232,
                0.7370671041743692,
                1.5411909271066876e-07,
                7.64567761189364e-08,
                7.535338821474573e-09
            ],
            [
                1.6520168206427298e-09,
                3.6762051584006103e-09,
                5.467677140102231e-08,
                0.6010025534759962,
                0.39899738651901046
            ],
            [
                2.443748989964224e-07,
                7.936698988149981e-10,
                1.260899459934449e-09,
                0.001764682111084744,
                0.9982350714594469
            ],
            [
                0.14621169624283384,
                2.7323895100436536e-09,
                1.1330544833872384e-08,
                0.0001823736822405946,
                0.8536059160119912
            ]
        ],
        [
            [
                0.8226399383534388,
                0.17735967075622244,
                1.9064836471664546e-08,
                1.6366133581873251e-07,
                2.0816416634798745e-07
            ],
            [
                0.024866334048070152,
                0.9751334680992532,
                7.691734751887664e-08,
                1.1260386430136981e-07,
                8.331464843448467e-09
            ],
            [
                2.8429944080952382e-11,
                8.135220214344054e-11,
                0.9999999987421351,
                1.055484410898859e-09,
                9.25983939273233e-11
            ],
            [
                1.4610940521530144e-07,
                7.90052930360499e-09,
                2.35403709801435e-09,
                0.4082259644035584,
                0.59177387923247
            ],
            [
                5.227607978429165e-05,
                5.055378550972532e-10,
                1.9267898330435675e-11,
                7.298179779651606e-06,
                0.9999404252156303
            ]
        ],
        [
            [
                0.9996667677835209,
                0.0003332312330173565,
                5.378662917722534e-10,
                2.8824363320589673e-10,
                1.5735165572179383e-10
            ],
            [
                1.5064351373994054e-06,
                4.848006089911508e-05,
                0.0018050299734119592,
                0.8436385354382636,
                0.15450644809228783
            ],
            [
                8.307305782612201e-09,
                1.0266751533138002e-07,
                0.9999343267584494,
                3.385868076674678e-05,
                3.170358596261417e-05
            ],
            [
                0.00023388112188226886,
                6.355092864217233e-10,
                5.860180482917716e-09,
                0.01203810610398963,
                0.9877280062784384
            ],
            [
                6.625833885227456e-08,
                2.0177833731050726e-09,
                3.3356119855008362e-09,
                0.001672690224336905,
                0.9983272381639289
            ]
        ],
        [
            [
                0.9244246730589707,
                0.07557532158327383,
                2.772215962468337e-09,
                8.383781449163477e-10,
                1.7471614359324862e-09
            ],
            [
                0.011150626502844735,
                0.9855651983067919,
                0.002242970971018413,
                0.0010385893163423398,
                2.61490300248514e-06
            ],
            [
                1.5310170982475928e-08,
                6.706932112124053e-08,
                0.9917042400583956,
                0.00826375004749459,
                3.192751461760357e-05
            ],
            [
                4.281134689687995e-11,
                6.11602590502394e-11,
                3.003057695841817e-11,
                2.372303729445375e-05,
                0.9999762768287033
            ],
            [
                2.260608357769567e-08,
                2.5415311761339543e-10,
                6.419537469280118e-10,
                0.00022211609450000094,
                0.9997778604033095
            ]
        ],
        [
            [
                0.9999477002931356,
                5.229956750615971e-05,
                5.259674836995832e-12,
                7.643952545556131e-11,
                5.765912901917093e-11
            ],
            [
                0.005238100372124365,
                0.7921746906950073,
                0.19285052860479768,
                0.009734561881711365,
                2.1184463591639814e-06
            ],
            [
                5.194587852065127e-08,
                5.33333599677406e-07,
                0.007470031934369685,
                0.9804659225372783,
                0.0120634602488739
            ],
            [
                1.1223976090850389e-06,
                1.4556735478195356e-08,
                6.886325232926804e-10,
                0.03134687862587269,
                0.9686519837311501
            ],
            [
                1.5371897690130287e-09,
                1.5705857086975145e-10,
                7.748539581584477e-10,
                0.1905395132312045,
                0.8094604842996933
            ]
        ],
        [
            [
                0.601857441134328,
                0.39814255765335976,
                5.604003763259308e-10,
                5.873864366714441e-10,
                6.452537622275882e-11
            ],
            [
                1.8678466950025979e-06,
                0.0034418933305999325,
                0.9947497737036548,
                0.0017987112113966358,
                7.753907653652621e-06
            ],
            [
                8.152042788725565e-10,
                3.4080492342859815e-08,
                0.9999985764922644,
                1.9104218337300785e-07,
                1.1975698555606945e-06
            ],
            [
                2.323405766671152e-09,
                8.351626483570839e-09,
                1.2800825896538442e-10,
                0.17813254734432996,
                0.8218674418526296
            ],
            [
                2.6016437841796716e-06,
                3.5325007936299875e-10,
                1.581703242336427e-09,
                0.007468727379397702,
                0.9925286690418648
            ]
        ],
        [
            [
                0.8751999474646603,
                0.1248000365583406,
                1.634220755681352e-09,
                1.2838991682184e-08,
                1.503786692681829e-09
            ],
            [
                0.001426682958739065,
                0.9979362217033927,
                6.919963108908434e-07,
                0.000634633014907698,
                1.7703266496725522e-06
            ],
            [
                2.099286503734068e-07,
                8.686071986017111e-07,
                0.9860673827417935,
                0.013208222552813368,
                0.0007233161695441799
            ],
            [
                5.558222745383502e-09,
                2.5033124334577233e-09,
                5.692603299043637e-10,
                0.16488542555015812,
                0.8351145658190463
            ],
            [
                5.78219630558737e-09,
                1.7785901904830159e-10,
                4.990902224903055e-09,
                0.00239571115244592,
                0.9976042778965964
            ]
        ],
        [
            [
                0.9997370428603632,
                0.0002629475059055902,
                9.70755787199282e-10,
                7.172976279929293e-09,
                1.4899989585753153e-09
            ],
            [
                0.21205128083687294,
                0.7879241203721256,
                2.050385281478951e-05,
                1.3205671911830375e-06,
                2.7743709955354146e-06
            ],
            [
                2.9914735330654187e-07,
                1.8571843484274504e-05,
                0.7779864519134372,
                0.2177707504273354,
                0.0042239266683897865
            ],
            [
                8.290655833561203e-08,
                8.445514513193543e-09,
                1.4119644943231779e-09,
                0.192686038761675,
                0.8073138684742877
            ],
            [
                0.000494524772667956,
                1.0928668425228067e-09,
                9.389705845027756e-09,
                0.00014193873323840856,
                0.9993635260115209
            ]
        ],
        [
            [
                0.9734359603638157,
                0.026564026668590007,
                1.796716236782742e-09,
                8.824853677457715e-09,
                2.346024277487589e-09
            ],
            [
                0.0003579111145496606,
                0.9475958506219627,
                0.024535328642947954,
                0.027230690458970478,
                0.00028021916156922285
            ],
            [
                2.9046509185386485e-06,
                0.0011288120430878585,
                0.255110954417953,
                0.7299798620602436,
                0.013777466827797081
            ],
            [
                4.645561949041168e-09,
                3.446488866078847e-09,
                8.997546050362972e-10,
                0.39246423003159175,
                0.6075357609766028
            ],
            [
                1.978971159030035e-07,
                6.613988245023054e-09,
                1.691298495449121e-08,
                0.016953644186944724,
                0.9830461343889662
            ]
        ],
        [
            [
                0.9983010228884052,
                0.001698975367594953,
                9.47775583189719e-10,
                7.610580196910562e-10,
                3.516627200799237e-11
            ],
            [
                0.4567573854382243,
                0.5432425137899736,
                1.1110484291573674e-08,
                8.798447410443644e-08,
                1.676843732386031e-09
            ],
            [
                1.0729442413719559e-09,
                5.930899957889503e-09,
                0.9999796857305808,
                1.0866788497257215e-06,
                1.9220586725272556e-05
            ],
            [
                4.2165693241510046e-10,
                5.596831469740394e-10,
                3.9578104100968856e-09,
                0.0035979448704509735,
                0.9964020501903985
            ],
            [
                9.670269648450547e-09,
                6.925591430041144e-11,
                9.034415605233553e-10,
                2.4355665995878285e-05,
                0.999975633691037
            ]
        ],
        [
            [
                0.9761368063517072,
                0.023863182328808703,
                6.575732752806493e-10,
                8.647039040524087e-09,
                2.014871967953608e-09
            ],
            [
                9.134574066825893e-05,
                0.32502723495762714,
                0.47552685240883785,
                0.19873969230369182,
                0.000614874589175016
            ],
            [
                4.929136593256255e-07,
                6.773568563292788e-05,
                0.697154663177292,
                0.2887089279249232,
                0.014068180298492532
            ],
            [
                5.862142445686859e-10,
                1.298009288502748e-10,
                3.455403698444334e-09,
                0.002092340356234443,
                0.9979076554723467
            ],
            [
                0.005862449174550987,
                2.596483233546838e-10,
                2.035323977183576e-09,
                1.2233411331914888e-08,
                0.9941375362970655
            ]
        ],
        [
            [
                0.911376018952611,
                0.08862397112074179,
                3.7320000111496746e-10,
                9.286693302984998e-09,
                2.6675385604289473e-10
            ],
            [
                0.00010715091028025813,
                0.011099432478986853,
                0.20700033745502328,
                0.7798682325273647,
                0.0019248466283447788
            ],
            [
                1.1174554099932989e-10,
                5.422046029264186e-10,
                0.9999999931377574,
                5.081890796600056e-09,
                1.1264014849715885e-09
            ],
            [
                1.5863878009955955e-06,
                1.869077462318946e-09,
                2.5760270226227906e-09,
                0.2014163932042605,
                0.7985820159628341
            ],
            [
                3.719225517258569e-08,
                1.0641495107014415e-09,
                8.644893043529043e-10,
                0.007601541290673301,
                0.9923984195884328
            ]
        ],
        [
            [
                0.778749104786897,
                0.22125085931586103,
                1.7899995642685408e-09,
                2.4224318184840586e-08,
                9.882924418270751e-09
            ],
            [
                0.007578564123191116,
                0.9670570332358663,
                0.005963825818737951,
                0.019273909652129616,
                0.00012666717007510267
            ],
            [
                3.4182871613570864e-12,
                6.895252342601018e-12,
                0.9999999999750755,
                5.982622896220112e-12,
                8.628491786013494e-12
            ],
            [
                0.004596217902363928,
                8.196116130072686e-11,
                3.055481351817166e-09,
                0.00023401001892731904,
                0.9951697689412662
            ],
            [
                0.00039171206001498404,
                5.386197812211294e-09,
                1.5696749865585814e-09,
                0.00563253289748579,
                0.9939757480866264
            ]
        ],
        [
            [
                0.996395678443197,
                0.0036043150404481777,
                1.3638620711624415e-10,
                2.797899252113054e-09,
                3.5820693541073277e-09
            ],
            [
                0.6609815522603933,
                0.33901841551976203,
                1.4165819155844566e-08,
                1.6648339928927792e-08,
                1.4056855797823635e-09
            ],
            [
                4.4831497571130234e-10,
                2.2018428347294714e-10,
                0.9999979539017029,
                2.034657619301098e-06,
                1.077217852844942e-08
            ],
            [
                4.0693698819286006e-05,
                9.18587753218912e-10,
                2.8756914595928447e-09,
                0.013355900520149568,
                0.986603401986752
            ],
            [
                0.00014193875349226837,
                3.4857956516463314e-11,
                7.124465510721562e-10,
                7.316597370679203e-06,
                0.9998507439018326
            ]
        ],
        [
            [
                0.9999433460668959,
                5.6652755462074455e-05,
                3.492907962107277e-10,
                1.6592118408473183e-10,
                6.624299501611495e-10
            ],
            [
                3.659257246864052e-06,
                0.14091589687005826,
                0.6110124410860358,
                0.24779301437205523,
                0.0002749884146037755
            ],
            [
                1.4142599350058833e-06,
                2.5041712147020814e-05,
                0.3535856126731902,
                0.6224481367192852,
                0.02393979463544248
            ],
            [
                5.804975596379491e-07,
                2.3503798775636667e-10,
                2.772743290733422e-10,
                0.0029235558672524318,
                0.9970758631228757
            ],
            [
                3.885736348499901e-06,
                2.346259300569159e-10,
                8.593622105822972e-09,
                0.019094236729199767,
                0.9809018687062037
            ]
        ],
        [
            [
                0.9982844897041819,
                0.0017155080411202159,
                2.2505926870869845e-10,
                3.2682761430330214e-10,
                1.7028108658564515e-09
            ],
            [
                0.002531656661100236,
                0.8205229761226913,
                0.02638823561639999,
                0.1505109524877437,
                4.617911206471793e-05
            ],
            [
                1.3908425463426207e-10,
                3.0710494972278586e-10,
                0.999999998281907,
                8.501984561626353e-11,
                1.186883956409097e-09
            ],
            [
                2.935032867400366e-09,
                1.342779928362306e-09,
                1.6632549429578402e-10,
                0.00635700403629001,
                0.9936429915195717
            ],
            [
                1.7903612842311999e-07,
                2.098836334947412e-09,
                6.586979585906333e-11,
                0.17618435936127336,
                0.8238154594378921
            ]
        ],
        [
            [
                0.9954390483434155,
                0.00456094912870218,
                1.5294771059436284e-09,
                6.012932209932378e-10,
                3.9711202523942206e-10
            ],
            [
                0.005876286428252444,
                0.9940619857040118,
                2.3951961072097086e-07,
                6.08137607326008e-05,
                6.74587392317157e-07
            ],
            [
                7.011409217949613e-07,
                0.002258217315745866,
                0.9269726298273434,
                0.07062917832658286,
                0.00013927338940606962
            ],
            [
                0.00020661810511101873,
                1.965336519061378e-08,
                2.3001260122995526e-10,
                0.19778552081981446,
                0.8020078411916967
            ],
            [
                2.130864425315226e-10,
                1.229534945804714e-10,
                1.4922953655666841e-09,
                0.007465412514030351,
                0.9925345856576344
            ]
        ],
        [
            [
                0.8641406982204262,
                0.1358592811297941,
                3.970019213024722e-10,
                3.270347010644848e-09,
                1.6982430835155654e-08
            ],
            [
                0.0001038033994175097,
                0.912104993919848,
                0.0009564157028565868,
                0.08681983549402797,
                1.4951483849979423e-05
            ],
            [
                1.1173907631763246e-09,
                1.5688271984191568e-08,
                0.9999894405679695,
                1.303394188728811e-07,
                1.0412286948842196e-05
            ],
            [
                5.4679559777292356e-08,
                5.695269024378584e-10,
                5.858506645358972e-09,
                0.006248830444157768,
                0.9937511084482489
            ],
            [
                1.691986888537491e-11,
                2.345933910076937e-10,
                7.345765329969605e-10,
                0.0014805044167209057,
                0.9985194945971892
            ]
        ],
        [
            [
                0.8524210204224254,
                0.14757887959044533,
                4.2438095701027105e-08,
                5.113138450228517e-08,
                6.417649051316634e-09
            ],
            [
                0.0036213487824177833,
                0.9949748202441636,
                0.0013395370180997726,
                6.311322505394888e-05,
                1.1807302647492708e-06
            ],
            [
                2.408374494673635e-09,
                1.450788134527129e-08,
                0.9999899320297159,
                7.448627985835e-06,
                2.602426042423254e-06
            ],
            [
                8.46575924528831e-09,
                1.0095323271728571e-09,
                5.075068154402846e-08,
                0.0755105440559531,
                0.9244893957180738
            ],
            [
                0.0026425771169116498,
                3.094760083358277e-08,
                4.654021105252156e-09,
                0.05528668475081316,
                0.9420707025306533
            ]
        ],
        [
            [
                0.9903948726523805,
                0.009605125692508527,
                8.963355585899458e-10,
                2.1892510220753793e-10,
                5.39850288193152e-10
            ],
            [
                0.11833485412307651,
                0.8816649099722658,
                4.644062756104818e-08,
                1.7038968266775296e-07,
                1.9074347575199766e-08
            ],
            [
                1.2610358399868355e-07,
                3.0371076241368722e-05,
                0.39129484098582684,
                0.29715563491480923,
                0.3115190269195386
            ],
            [
                6.1005873625478215e-09,
                6.018972101317713e-10,
                3.642779163713192e-10,
                0.15546258503156235,
