{
    "[['A', 'B', 'C', 'D', 'E'], ['A', 'B', 'C', 'D', 'E']]": [
        [
            [
                0.9998175131967597,
                0.0001824865722465149,
                1.2462574075967268e-10,
                1.391015262424463e-11,
                9.24578061645694e-11
            ],
            [
                0.0047033446545864015,
                0.9950450509420294,
                0.0002513481152343132,
                2.388026885311812e-07,
                1.7485461341829968e-08
            ],
            [
                3.28474380267939e-11,
                3.657599283468724e-11,
                0.9999999879902645,
                1.1740526426116433e-08,
                1.9978579194513222e-10
            ],
            [
                1.8271960368683269e-09,
                1.2879885122867412e-09,
                1.2037270788344793e-08,
                0.36550927622705937,
                0.6344907086204853
            ],
            [
                3.805179293753617e-09,
                3.612940479417553e-09,
                7.109076259702225e-08,
                0.17116250474549558,
                0.8288374167456221
            ]
        ],
        [
            [
                0.9999929271914212,
                7.072760453141212e-06,
                1.2884573152036514e-11,
                2.7717392754747675e-11,
                7.523750301937222e-12
            ],
            [
                0.9956849053524,
                0.004315093359658965,
                9.016520039049114e-10,
                1.1227605702163736e-10,
                2.7401298559561355e-10
            ],
            [
                1.1306053855697737e-09,
                7.566333846447904e-09,
                6.003885846380588e-07,
                0.5967427859352988,
                0.4032566049791773
            ],
            [
                4.3276433525795615e-09,
                1.2592753612436121e-09,
                1.2506616027564235e-09,
                0.5024327376188453,
                0.4975672555435743
            ],
            [
                7.058006997894658e-09,
                2.3244385433834002e-10,
                1.908999529417977e-09,
                0.005043338583013297,
                0.9949566522175363
            ]
        ],
        [
            [
                0.7989559815951408,
                0.20104401711644082,
                1.7278571366196341e-10,
                1.0307497510081424e-09,
                8.48829890889813e-11
            ],
            [
                0.9523188082107569,
                0.04768118850040159,
                4.133804022262172e-10,
                4.846988448354404e-10,
                2.39076223292003e-09
            ],
            [
                2.4443451436929912e-11,
                1.63524524484423e-11,
                0.9999999890516623,
                7.833168963974847e-09,
                3.0743729595362213e-09
            ],
            [
                1.748267929861626e-10,
                5.764423634446499e-10,
                1.3628336752353285e-11,
                0.35080754822071336,
                0.6491924510143892
            ],
            [
                5.21106107931349e-09,
                2.5299734866295183e-09,
                7.568345522853635e-10,
                0.20078929083358008,
                0.7992107006685507
            ]
        ],
        [
            [
                0.9999999819173228,
                1.800425261607781e-08,
                2.0912993687006555e-11,
                1.9034611214833498e-11,
                3.8477079706932656e-11
            ],
            [
                0.8259749470530703,
                0.17402505220494568,
                3.061510433530454e-10,
                1.544415919701975e-10,
                2.8139147424854235e-10
            ],
            [
                1.3652703948947927e-07,
                3.785164044091508e-07,
                0.07297154420564333,
                0.23649040430392634,
                0.6905375364469863
            ],
            [
                7.878405237819616e-10,
                1.3430332026178541e-08,
                3.33867303529276e-09,
                0.24575778330192682,
                0.7542421991412276
            ],
            [
                1.2224358771438963e-09,
                7.330157710158286e-09,
                7.219521384204317e-10,
                0.254911527653806,
                0.7450884630716483
            ]
        ],
        [
            [
                0.9999849520885185,
                1.5047811382995985e-05,
                8.617720850625289e-11,
                1.1552240304625438e-11,
                2.36916249601031e-12
            ],
            [
                0.8000195123431569,
                0.19998048589924508,
                7.218407873891162e-11,
                6.131726948536979e-10,
                1.072241296280058e-09
            ],
            [
                1.028612203996357e-09,
                1.6622246401150729e-09,
                0.9999904156121417,
                4.836847587425858e-07,
                9.09801226264454e-06
            ],
            [
                5.759047520025339e-09,
                1.2209992796883898e-09,
                8.750551555365304e-10,
                0.06561298520660207,
                0.9343870069382959
            ],
            [
                1.292958773685825e-10,
                1.334215391747759e-10,
                2.610528221104041e-12,
                0.01522401210266466,
                0.9847759876320075
            ]
        ],
        [
            [
                0.9356532500657846,
                0.06434674689835587,
                3.010088925990581e-10,
                3.4439777347235166e-10,
                2.3904528919036098e-09
            ],
            [
                0.0003524407569605141,
                0.8381005862737207,
                0.16134706665777127,
                0.00019936260434971499,
                5.437071977232335e-07
            ],
            [
                1.0068451117481544e-07,
                6.711465581324007e-08,
                0.05253267287294775,
                0.7754634808251002,
                0.17200367850278514
            ],
            [
                5.520343245362005e-09,
                2.395483860210824e-08,
                2.443470134582397e-09,
                0.10082941025407263,
                0.8991705578272753
            ],
            [
                1.0131761875819774e-07,
                1.0505765042119193e-09,
                1.0673909095390773e-09,
                0.003607445684514984,
                0.9963924508798988
            ]
        ],
        [
            [
                0.9999999906160629,
                9.079338139821694e-09,
                1.0180194315562802e-12,
                2.2550305660863062e-11,
                2.8103064005572966e-10
            ],
            [
                0.8094488236635228,
                0.19055117452476553,
                2.5025166444365415e-10,
                5.539621302649852e-10,
                1.0074978967677459e-09
            ],
            [
                9.901679319861096e-09,
                7.130544624289168e-09,
                1.4721503479542114e-07,
                0.8294416854915562,
                0.17055815026118518
            ],
            [
                2.5280933571380934e-09,
                4.339378024631826e-10,
                9.300685818690901e-10,
                0.0002615241402780181,
                0.9997384719676222
            ],
            [
                1.2523943857264817e-06,
                3.2026625194049216e-09,
                2.0051600969717296e-09,
                0.0004445524553373329,
                0.9995541899424544
            ]
        ],
        [
            [
                0.9999935254118167,
                6.474304457904453e-06,
                2.001729675319691e-11,
                2.5221827807667673e-10,
                1.1489856377101125e-11
            ],
            [
                0.11159193093065108,
                0.8884076419940673,
                3.422166875115827e-07,
                5.6443006316729203e-08,
                2.8415587837167497e-08
            ],
            [
                8.66359169966674e-12,
                3.717890658373942e-11,
                0.9999999998902822,
                5.617417431570975e-11,
                7.701281780539036e-12
            ],
            [
                9.247204186797326e-10,
                8.70579439446009e-09,
                4.99379385663928e-09,
                0.43635809129640524,
                0.5636418940792861
            ],
            [
                1.214656111451764e-09,
                1.934052517244945e-10,
                6.099656982680977e-09,
                0.015895434160977825,
                0.9841045583313038
            ]
        ],
        [
            [
                0.9803948951178165,
                0.01960510405776328,
                3.7354988118471403e-10,
                1.6365246012928375e-10,
                2.8721791766593863e-10
            ],
            [
                0.4684193775186847,
                0.5315805359135871,
                3.715177301191164e-08,
                3.897887125932727e-08,
                1.043708409418335e-08
            ],
            [
                1.6525078282673773e-10,
                2.6033071547751844e-10,
                0.9999683058533565,
                3.169150274039573e-05,
                2.2183216015925997e-09
            ],
            [
                2.2596208232181365e-10,
                4.716432455208582e-09,
                5.698858149027972e-10,
                0.1994555195520926,
                0.8005444749356271
            ],
            [
                2.3721330054134817e-09,
                8.998185107952431e-10,
                4.766935973734237e-12,
                0.04454002986363779,
                0.9554599668596438
            ]
        ],
        [
            [
                0.9999998680066834,
                1.319665538652511e-07,
                1.423601356253574e-11,
                9.521671585257729e-12,
                3.0049431414987786e-12
            ],
            [
                0.8094817242955156,
                0.1905182743388393,
                6.213581114921575e-11,
                6.643956665755058e-11,
                1.2370696361265886e-09
            ],
            [
                1.6060208690874311e-06,
                5.177495885087687e-07,
                0.3170561877283482,
                0.20733371494994354,
                0.47560797355125056
            ],
            [
                1.6062757134186193e-09,
                1.0308873321951436e-09,
                1.237525592415436e-08,
                0.01988820694676295,
                0.9801117780408181
            ],
            [
                4.850472194314355e-09,
                2.916657501949303e-10,
                1.3857709109201882e-09,
                0.12395141962083032,
                0.8760485738512609
            ]
        ],
        [
            [
                0.9999461763257046,
                5.382324990033943e-05,
                2.0573023755908548e-10,
                1.8692016213129994e-10,
                3.17446867543609e-11
            ],
            [
                0.9063346378004977,
                0.09366535823391459,
                1.6452519322653777e-10,
                1.772006595238899e-09,
                2.0290558942673083e-09
            ],
            [
                5.708020913285969e-10,
                7.843043757143742e-08,
                1.1375172126079759e-08,
                0.7468456882814173,
                0.253154221342171
            ],
            [
                8.40427710202258e-10,
                3.4059676225451675e-09,
                9.848975482045048e-10,
                0.14848306221648627,
                0.8515169325522209
            ],
            [
                4.0438306097697106e-09,
                4.016637320613325e-10,
                4.50552349428157e-09,
                0.19515742076213816,
                0.804842570286844
            ]
        ],
        [
            [
                0.9999964086500078,
                3.5912633254772743e-06,
                3.229116331352355e-11,
                7.640286720915176e-12,
                4.67351969835624e-11
            ],
            [
                0.5913159723323194,
                0.40868402226781325,
                2.122245669852611e-10,
                3.95215443735735e-09,
                1.2354883415680827e-09
            ],
            [
                8.095579257037255e-09,
                1.9437530384695925e-09,
                6.760027132056988e-09,
                0.9861112950154546,
                0.013888688185185929
            ],
            [
                7.128578556156813e-09,
                1.5243253274677056e-09,
                2.5293675613142864e-09,
                0.37296226020453227,
                0.6270377286131963
            ],
            [
                2.2860923771493836e-09,
                1.014373401260252e-09,
                3.397583150782801e-10,
                0.0009962568057217474,
                0.9990037395540541
            ]
        ],
        [
            [
                0.9989504549309707,
                0.0010495444378121424,
                3.360078527301022e-10,
                1.6444743531584443e-10,
                1.3076187904424726e-10
            ],
            [
                0.078179665460561,
                0.9218201595827724,
                1.435136972358449e-07,
                1.33198138882785e-08,
                1.8123155364846448e-08
            ],
            [
                3.130132460769029e-09,
                5.4302810611787015e-09,
                0.9999987608215316,
                1.2296788152559877e-06,
                9.39239567415349e-10
            ],
            [
                3.144918270883375e-09,
                7.532461977702795e-10,
                3.842286413437249e-09,
                0.38772638939682397,
                0.6122736028627251
            ],
            [
                7.065594422828355e-10,
                4.422012692218228e-09,
                5.536824164492967e-10,
                0.19414891466948178,
                0.8058510796482636
            ]
        ],
        [
            [
                0.9999998487508671,
                1.5111585271652604e-07,
                2.0621120238183768e-11,
                8.547054041674436e-11,
                2.718844240657788e-11
            ],
            [
                0.9999317289093599,
                6.826929255685238e-05,
                9.833687631745323e-11,
                2.4699045648533044e-10,
                1.45275590408071e-09
            ],
            [
                1.1012308300541066e-08,
                9.89241074415477e-09,
                6.01177566369167e-07,
                0.9549767811105031,
                0.04502259680721157
            ],
            [
                1.2887266623895045e-09,
                3.090071860310275e-09,
                1.7300816571980196e-09,
                0.1971752275167409,
                0.8028247663743789
            ],
            [
                3.4064286386368583e-10,
                1.801834167861481e-09,
                7.093094521803406e-10,
                0.0007722722027886666,
                0.9992277249454249
            ]
        ],
        [
            [
                0.9998156337599182,
                0.0001843660979309049,
                3.1106913051500735e-11,
                5.560339805910214e-11,
                5.54405263461495e-11
            ],
            [
                0.823763486256331,
                0.17623650358157006,
                1.4099699448496586e-09,
                3.8162212003896285e-10,
                8.370506780851438e-09
            ],
            [
                2.740098501903253e-11,
                1.4009533244091887e-11,
                0.9999999987364647,
                1.6652528878021626e-10,
                1.0555995768314662e-09
            ],
            [
                9.959713877947925e-11,
                1.5772107714133362e-09,
                1.8739493023208964e-10,
                0.0003386013480572487,
                0.9996613967877399
            ],
            [
                1.857781175384211e-11,
                9.227819608327854e-11,
                1.8748741736038455e-09,
                3.597753870356912e-05,
                0.9999640204755662
            ]
        ],
        [
            [
                0.7065214391783908,
                0.29347855943933604,
                8.808883691764366e-10,
                2.6447855941219806e-10,
                2.369060202305705e-10
            ],
            [
                0.6445082555931696,
                0.35549173354562585,
                9.066084569028156e-09,
                8.180216589438288e-10,
                9.770983498325623e-10
            ],
            [
                7.666368219891972e-09,
                9.106421174783966e-08,
                1.0914957226902042e-06,
                0.9657695583280835,
                0.034229251445613826
            ],
            [
                7.757030061821209e-10,
                4.457994454800449e-09,
                2.1066986931998777e-08,
                0.6738805871115061,
                0.3261193865878095
            ],
            [
                2.234979752694849e-09,
                2.286871923134469e-09,
                1.0546937880904574e-08,
                0.579147516113736,
                0.42085246881747435
            ]
        ],
        [
            [
                0.9963972495223955,
                0.0036027504163821332,
                2.047244777460621e-11,
                1.006066884195538e-11,
                3.06893055237814e-11
            ],
            [
                0.3843252948511381,
                0.6156738417241576,
                7.516063113189463e-07,
                8.492707106335435e-08,
                2.6891321979395976e-08
            ],
            [
                2.2475023325712873e-08,
                9.762914202458236e-08,
                6.077636578980385e-07,
                0.9705880779049604,
                0.029411194227216407
            ],
            [
                2.1731740939594347e-10,
                1.0694929900709802e-09,
                1.4539262431630774e-09,
                0.19651671070723692,
                0.8034832865520264
            ],
            [
                8.514616474109507e-11,
                2.1382809054745063e-11,
                2.113058732364138e-10,
                0.0006671850252713187,
                0.9993328146568938
            ]
        ],
        [
            [
                0.9462107105052294,
                0.05378928869945521,
                1.2285446189274486e-10,
                6.232752927184116e-10,
                4.918556185122538e-11
            ],
            [
                0.7622269831292947,
                0.2377730159429879,
                7.52201982208325e-10,
                1.2760554487367985e-10,
                4.790987527003509e-11
            ],
            [
                1.695326364393691e-09,
                1.6042350616113007e-10,
                0.9999998127685391,
                1.840954977486584e-07,
                1.2802133578948205e-09
            ],
            [
                2.210568659204879e-09,
                3.903354402158644e-09,
                2.7659026973750947e-09,
                0.0307337734804295,
                0.9692662176397447
            ],
            [
                1.5253783377819677e-09,
                2.2348293210666703e-08,
                2.2800423199575143e-09,
                0.15704445703894196,
                0.8429555168073442
            ]
        ],
        [
            [
                0.9830377891541244,
                0.016962209877363042,
                2.844866110165802e-11,
                7.461022529359577e-10,
                1.9396161687389985e-10
            ],
            [
                0.9329887943679639,
                0.06701120211323877,
                6.997356171508702e-10,
                1.2342545513780287e-09,
                1.5848072295944895e-09
            ],
            [
                2.1093839271032592e-10,
                4.1847594017832044e-10,
                0.9999328298313358,
                6.70821291775202e-05,
                8.741007242564048e-08
            ],
            [
                2.158062789149221e-09,
                2.314956841394875e-09,
                5.435024538320289e-09,
                0.3674773297398713,
                0.6325226603520846
            ],
            [
                1.4660059927659364e-09,
                3.0319281461121404e-09,
                6.880547886642013e-08,
                0.06476409596835218,
                0.9352358307282348
            ]
        ],
        [
            [
                0.6094636916125601,
                0.3905363079509223,
                1.9467258865541338e-10,
                1.4750382743790572e-10,
                9.43411557262833e-11
            ],
            [
                0.44245064697051245,
                0.557549303367734,
                3.5924240645120554e-09,
                4.3430945024976334e-08,
                2.6383844453458454e-09
            ],
            [
                9.156259501198247e-09,
                1.4032299839882742e-07,
                0.2856412021219458,
                0.6017070947710343,
                0.11265155362776187
            ],
            [
                1.975276018692614e-09,
                5.760018602823531e-10,
                6.828904259631918e-09,
                0.15821290247516467,
                0.8417870881446532
            ],
            [
                3.5922743637071325e-10,
                4.621764370467066e-09,
                5.90350461022364e-09,
                0.4422421864344331,
                0.5577578026810704
            ]
        ],
        [
            [
                0.999473788053395,
                0.0005262118915385514,
                3.003813230714144e-11,
                9.947384483662507e-12,
                1.5080978509419093e-11
            ],
            [
                0.9964000999011182,
                0.0035998986198289063,
                1.1010716466966804e-09,
                5.584319343850927e-11,
                3.2213804123600113e-10
            ],
            [
                7.190886339844316e-07,
                5.940488564718882e-08,
                0.9324817573512122,
                0.03795676797930719,
                0.029560696175960965
            ],
            [
                3.818732723235511e-10,
                3.966082883194363e-10,
                6.278224444246812e-09,
                0.6572387755187211,
                0.34276121742457294
            ],
            [
                5.664349617788622e-09,
                1.8838113117412096e-09,
                7.521732089695572e-10,
                0.10105569468491378,
                0.898944297014752
            ]
        ],
        [
            [
                0.875502598284056,
                0.12449740054520576,
                5.161593070988771e-10,
                5.688124517490398e-10,
                8.57665302226093e-11
            ],
            [
                0.41007684184748494,
                0.5899231554342553,
                1.4791165704627372e-09,
                9.809237318635472e-10,
                2.5821944758604326e-10
            ],
            [
                2.0385457107466725e-07,
                2.710844901484168e-07,
                0.20365409245529376,
                0.4860201337064132,
                0.3103252988992318
            ],
            [
                3.744072914577432e-09,
                1.7169124279816304e-09,
                9.871440630799777e-09,
                0.15595205093573514,
                0.8440479337318388
            ],
            [
                4.0948907085221926e-10,
                5.806579086432646e-10,
                1.6526936705341546e-09,
                0.04606392228042648,
                0.9539360750767328
            ]
        ],
        [
            [
                0.9999997860590975,
                2.139287431527216e-07,
                8.660642610827153e-12,
                2.2423203570709562e-12,
                1.2564809634351356e-12
            ],
            [
                0.7793470957568802,
                0.22065288284801265,
                5.337273990775492e-09,
                6.42057366518577e-09,
                9.637259431859107e-09
            ],
            [
                1.4324678293792672e-11,
                2.0498126110892311e-10,
                0.999999999063464,
                4.082867462346464e-10,
                3.0894335435975515e-10
            ],
            [
                3.1330596961500134e-09,
                1.3930085455303294e-09,
                3.043225960266177e-10,
                0.3420153424717168,
                0.6579846526978924
            ],
            [
                1.183984734616756e-09,
                1.253730944913255e-09,
                1.4548265661399954e-09,
                0.01619168636263827,
                0.9838083097448195
            ]
        ],
        [
            [
                0.9999999701710167,
                2.979014053144328e-08,
                2.6345526011419213e-11,
                1.4997355946519345e-12,
                1.0997614055726633e-11
            ],
            [
                0.2766977324733626,
                0.7233022401546764,
                2.0786892128818025e-09,
                2.3732133167148942e-08,
                1.561138598739222e-09
            ],
            [
                1.956348031739476e-06,
                5.281814128078622e-06,
                0.862105832596312,
                0.1346308646447832,
                0.0032560645967449216
            ],
            [
                2.4911780786036944e-08,
                6.009999282385568e-09,
                6.851605714686674e-08,
                0.05584370795514207,
                0.9441561926070207
            ],
            [
                6.58710123821006e-08,
                5.979321889301909e-09,
                9.586230237403017e-08,
                0.12840680667993612,
                0.8715930256074272
            ]
        ],
        [
            [
                0.9096224306386708,
                0.09037756907966461,
                1.7325096573805803e-10,
                5.969242655096598e-11,
                4.872111857206191e-11
            ],
            [
                0.8021691098466323,
                0.197830889699967,
                1.860066044164993e-10,
                2.2598848557044398e-10,
                4.140576815709539e-11
            ],
            [
                8.632434947147312e-09,
                4.0216637544151686e-07,
                1.1970130660825983e-07,
                0.9314346302223694,
                0.06856483927751351
            ],
            [
                2.0998401516659737e-09,
                4.987837053967827e-10,
                2.560596070262939e-10,
                0.0003965814906428713,
                0.9996034156546737
            ],
            [
                3.777033370228871e-09,
                1.7876382592308887e-09,
                1.2092696181264988e-08,
                0.36827577152445073,
                0.6317242108181815
            ]
        ],
        [
            [
                0.8362512070497358,
                0.16374879178596904,
                2.08191930883774e-10,
                5.945423386054559e-10,
                3.6156088498136497e-10
            ],
            [
                0.0026100128745515,
                0.9772262904130502,
                0.017934683207849446,
                0.0022236543267874468,
                5.3591777614058046e-06
            ],
            [
                8.589884457357559e-10,
                2.4949287587020387e-09,
                8.767579682715227e-10,
                0.4872915660562123,
                0.5127084297131125
            ],
            [
                3.4095441906082636e-10,
                6.76656396195326e-10,
                4.728676194891155e-10,
                0.2510824770274011,
                0.7489175214821204
            ],
            [
                1.0577885878747239e-08,
                2.1459741936652535e-09,
                1.3458095903675238e-09,
                0.0416302418640154,
                0.9583697440663149
            ]
        ],
        [
            [
                0.9999901852958217,
                9.814371273976774e-06,
                7.03245377849905e-11,
                2.455722980562769e-10,
                1.7007438303563506e-11
            ],
            [
                0.9279360271470469,
                0.07206396910970396,
                2.928842065611181e-10,
                3.2665388912339793e-09,
                1.838260472952444e-10
            ],
            [
                3.532542687215967e-08,
                1.231428315171341e-07,
                0.9838860921190344,
                0.015809130025973304,
                0.0003046193867337175
            ],
            [
                4.266786153074139e-09,
                2.3230355372950436e-09,
                3.476947874728571e-10,
                0.5667413065547295,
                0.43325868650775395
            ],
            [
                9.698057797955466e-10,
                2.8615331353674507e-10,
                9.920264700397784e-12,
                0.0028446029251931746,
                0.9971553958089274
            ]
        ],
        [
            [
                0.997802611223543,
                0.0021973884524328527,
                1.1169354460558574e-11,
                1.688969066216955e-11,
                2.9596510442946574e-10
            ],
            [
                0.015226131649086384,
                0.9847737959225816,
                2.529909859480023e-08,
                4.558541917429425e-08,
                1.5438140602085893e-09
            ],
            [
                2.1095151302447454e-08,
                6.92419862301167e-08,
                0.994718859681162,
                0.0029306385329466423,
                0.002350411448753789
            ],
            [
                3.140620324050787e-09,
                8.547482313137267e-10,
                5.229213951355243e-09,
                0.1874394040871905,
                0.8125605866882271
            ],
            [
                3.022404222804023e-10,
                1.9121340223683015e-10,
                1.242189832473297e-09,
                0.13601953573518677,
                0.8639804625291695
            ]
        ],
        [
            [
                0.999910548169182,
                8.945181722495365e-05,
                9.979654907482073e-12,
                2.659995829288486e-12,
                9.533415697678913e-13
            ],
            [
                0.9995949755072482,
                0.0004050233333728906,
                9.972572945282365e-10,
                1.441763140318632e-10,
                1.7945222126787018e-11
            ],
            [
                3.292889368369978e-10,
                4.4063062129754494e-09,
                0.9999973328235262,
                1.6261276953348626e-06,
                1.0363131833898035e-06
            ],
            [
                1.6278120897397251e-09,
                9.687888317321008e-10,
                6.7757593952649055e-09,
                0.20769657844781655,
                0.7923034121798231
            ],
            [
                1.7702023608907374e-09,
                3.2991423715405083e-09,
                5.12744936421562e-10,
                0.00016997081060469955,
                0.9998300236073057
            ]
        ],
        [
            [
                0.9999949562735883,
                5.037576454324787e-06,
                1.0938799535938424e-10,
                3.4485783419595993e-10,
                5.6957116444324525e-09
            ],
            [
                0.7172878017049006,
                0.2827120552882342,
                1.647263519494986e-08,
                1.1461198700879346e-07,
                1.1922242963926912e-08
            ],
            [
                9.649291289966714e-12,
                5.0739127160133246e-11,
                0.9999999997590787,
                1.2533471292455045e-10,
                5.519838994123815e-11
            ],
            [
                7.463240565859597e-10,
                1.995561727524415e-09,
                1.133203119149322e-08,
                0.6266585259243503,
                0.37334146000173263
            ],
            [
                1.4661639852411196e-10,
                1.443046812352195e-10,
                2.0537257085128576e-11,
                4.4706326911757656e-05,
                0.9999552933616299
            ]
        ],
        [
            [
                0.9999129312808068,
                8.706850010068047e-05,
                1.9174256706967783e-11,
                1.655972596454828e-10,
                3.4321103839155675e-11
            ],
            [
                0.6107428627775578,
                0.3892571193364002,
                1.1049402852460737e-09,
                1.3592806128572268e-08,
                3.1882955876110075e-09
            ],
            [
                1.582580475433124e-08,
                1.4757569627057903e-06,
                3.783840824517574e-05,
                0.7117262525845353,
                0.28823441742445205
            ],
            [
                2.2142211765594387e-08,
                8.98170797095792e-09,
                1.1702742336684153e-08,
                0.5331294698155252,
                0.46687048735781267
            ],
            [
                3.00245294811794e-10,
                9.012627241895921e-10,
                1.8450897335778716e-10,
                0.003451071992582908,
                0.9965489266214
            ]
        ],
        [
            [
                0.8238396307040794,
                0.1761603677164256,
                4.795825236840819e-10,
                1.0154004254958592e-09,
                8.451201683567807e-11
            ],
            [
                0.9386967270913011,
                0.06130318126699495,
                6.480910586305545e-08,
                1.8031876563298604e-08,
                8.800721450841312e-09
            ],
            [
                2.0826638110748826e-11,
                4.9398918521617375e-11,
                0.9999999994718782,
                3.6968032163980676e-10,
                8.821577738410201e-11
            ],
            [
                4.632368684135318e-10,
                7.4197090750371e-11,
                1.387688133869939e-09,
                0.2014591871971693,
                0.7985408108777086
            ],
            [
                2.0129663507797327e-09,
                5.556996108959003e-10,
                5.223562488004523e-10,
                0.002104158430559254,
                0.9978958384784186
            ]
        ],
        [
            [
                0.9999983183914026,
                1.6814736890414649e-06,
                3.2591723654078923e-11,
                8.677433135649223e-11,
                1.554227698739144e-11
            ],
            [
                2.4188308780469588e-08,
                7.129467744042951e-07,
                2.82779034596648e-08,
                0.47236345507014715,
                0.5276357795168662
            ],
            [
                9.539071688207091e-09,
                4.6790683819815363e-08,
                1.5409120375850953e-07,
                0.7780403302972555,
                0.2219594592817853
            ],
            [
                9.59124960878278e-07,
                2.2565524213409632e-08,
                5.0809960632121515e-08,
                0.30067792025391105,
                0.6993210472456433
            ],
            [
                2.9277516575534863e-10,
                5.058455805666286e-10,
                4.73176270264477e-10,
                0.0012997597976434048,
                0.9987002389305596
            ]
        ],
        [
            [
                0.9999994189792696,
                5.809926252571727e-07,
                9.386929279090511e-12,
                1.8047316169682076e-11,
                6.709088852532532e-13
            ],
            [
                0.3283275212800192,
                0.6716724680528384,
                4.208465733902231e-09,
                4.41899900498313e-09,
                2.0396776235191778e-09
            ],
            [
                2.7502979836396557e-08,
                4.210330305650417e-09,
                1.2986068594662166e-06,
                0.852299228676189,
                0.14769944100364135
            ],
            [
                4.4760670106229663e-11,
                1.2171206718335638e-09,
                6.129916905460239e-10,
                0.3461804758665832,
                0.6538195222585438
            ],
            [
                7.39884605199483e-10,
                1.5268953259048573e-09,
                2.330568528992751e-10,
                0.005698028051254303,
                0.9943019694489089
            ]
        ],
        [
            [
                0.9977954650378827,
                0.002204534696767247,
                2.4882495529732395e-11,
                6.744255558217566e-11,
                1.7302491554945287e-10
            ],
            [
                0.20306823353122008,
                0.7969317046757619,
                3.881026545868144e-09,
                5.556417927028715e-08,
                2.3478121550396995e-09
            ],
            [
                6.431466719796462e-08,
                2.2884173687573786e-07,
                4.1302583384150224e-05,
                0.9293713822520141,
                0.07058702200819772
            ],
            [
                9.152063086915438e-10,
                2.930730659828324e-10,
                6.71419970314929e-11,
                0.30623798773145955,
                0.6937620109931191
            ],
            [
                4.204368865772557e-10,
                2.7144873015363247e-10,
                4.0385139607718966e-10,
                0.0005632292421255779,
                0.9994367696621373
            ]
        ],
        [
            [
                0.9999908952077523,
                9.098272937309985e-06,
                3.1055828496054187e-11,
                3.672176334983276e-11,
                6.451532805704566e-09
            ],
            [
                0.9356535072532224,
                0.06434649101773537,
                1.1502773931390554e-10,
                1.0799830852601235e-10,
                1.5060162409075744e-09
            ],
            [
                1.3764034087569384e-07,
                8.596435402809722e-08,
                0.201064988247956,
                0.4687655225707011,
                0.33016926557664794
            ],
            [
                6.254618759319353e-10,
                2.1193354819362726e-10,
                9.675113595317533e-10,
                0.0006491341316968736,
