{
    "[['A', 'B', 'C', 'D', 'E'], ['A', 'B', 'C', 'D', 'E']]": [
        [
            [
                0.9991859643117441,
                0.00081403552267501,
                8.979514523108239e-11,
                6.481755505783563e-11,
                1.0968430713583045e-11
            ],
            [
                0.9999984220397528,
                1.5778898452502816e-06,
                2.916127277167427e-11,
                5.104051652162986e-12,
                3.613674543935549e-11
            ],
            [
                1.338540635165858e-09,
                9.387687491441242e-10,
                0.9999863081669651,
                1.3684638990225634e-05,
                4.916735370197502e-09
            ],
            [
                0.9809300928259365,
                0.019069906769199584,
                6.500027286706887e-11,
                2.6977733506098543e-10,
                7.008637005636727e-11
            ],
            [
                5.508318810047603e-09,
                1.5993030697428046e-09,
                1.4759794443636405e-09,
                0.7231730340554232,
                0.2768269573609754
            ]
        ],
        [
            [
                0.9751153875449858,
                0.02488460915894258,
                3.081021089746352e-10,
                5.115323533534308e-10,
                2.4764370279869335e-09
            ],
            [
                0.9999992369582462,
                7.629984893738851e-07,
                1.4309102647125802e-11,
                1.8794401161271864e-11,
                1.0160892317064738e-11
            ],
            [
                5.971606269532834e-07,
                9.646130977844224e-06,
                0.10683079354018861,
                0.8913225598484006,
                0.001836403319806025
            ],
            [
                2.8869867291325118e-08,
                1.798872712962357e-08,
                3.0554346703021928e-06,
                0.9167411012456892,
                0.08325579646104607
            ],
            [
                5.233428513155223e-10,
                1.7609087489867181e-09,
                8.025736116841651e-10,
                0.20030722075953145,
                0.7996927761536433
            ]
        ],
        [
            [
                0.9999944926865932,
                5.507205522736614e-06,
                3.4675754366717295e-12,
                5.0814441906669815e-11,
                5.3602032575898566e-11
            ],
            [
                0.9999941381997343,
                5.861450687255044e-06,
                5.0725790002974065e-11,
                2.7348846086026295e-10,
                2.5364299125127896e-11
            ],
            [
                5.476568541319664e-07,
                1.9087896418333947e-06,
                0.8137470161740458,
                0.18298960823754146,
                0.003260919141916837
            ],
            [
                3.2667207769230265e-08,
                6.710307860156776e-05,
                1.6816970354742523e-06,
                0.9992558857787458,
                0.0006752967784093967
            ],
            [
                4.3007604667102725e-10,
                9.539822156027613e-11,
                9.186778071520093e-10,
                0.32139055846570574,
                0.6786094400901422
            ]
        ],
        [
            [
                0.9999999963656507,
                3.5254074617152595e-09,
                1.4711566378921318e-11,
                5.969830793300675e-12,
                8.82602641482392e-11
            ],
            [
                0.9998580656835049,
                0.00014193408071413525,
                1.9931665255385263e-10,
                2.957353661394954e-11,
                6.8906749823496235e-12
            ],
            [
                3.79320924003821e-12,
                1.9231175277851242e-11,
                0.9999999999277314,
                4.484827301469114e-11,
                4.395842349330468e-12
            ],
            [
                2.8859718270706404e-08,
                1.1181305295666583e-06,
                3.9392924211527516e-08,
                0.6286815852538479,
                0.3713172283629801
            ],
            [
                3.54745805003289e-10,
                4.245074972945011e-10,
                4.745616787798564e-09,
                0.4337072471464044,
                0.5662927473287256
            ]
        ],
        [
            [
                0.95545996991668,
                0.044540029478566195,
                1.0461472289160808e-10,
                4.697940151480595e-10,
                3.034511394060807e-11
            ],
            [
                0.9999848134639476,
                1.5185829769222431e-05,
                1.5783827152454375e-10,
                5.642855176060463e-12,
                5.428020259764694e-10
            ],
            [
                4.5154962990443824e-06,
                0.0007868523083261795,
                0.2826645812005582,
                0.7158756733255578,
                0.0006683776692587783
            ],
            [
                4.398242398520489e-09,
                1.6236168784799545e-08,
                4.0094888900774e-07,
                0.8070078402429354,
                0.19299173817376433
            ],
            [
                1.4743058953807938e-11,
                2.8347518873145465e-10,
                6.636364293476164e-10,
                0.38477674306556514,
                0.6152232559725802
            ]
        ],
        [
            [
                0.9999999999702631,
                2.523615421033264e-11,
                2.4090247759940272e-12,
                5.240811032348604e-13,
                1.5676683578703937e-12
            ],
            [
                0.9986614227638021,
                0.0013385768150792382,
                2.1722651788803493e-10,
                1.9506754766051087e-10,
                8.824660686869799e-12
            ],
            [
                9.287500090465852e-07,
                0.00033687417495161935,
                0.30566371909704526,
                0.656580162814551,
                0.037418315163443
            ],
            [
                1.1337759592148444e-07,
                4.28308594919812e-06,
                5.7310765472597086e-06,
                0.7667518935890364,
                0.2332379788708713
            ],
            [
                1.1235293282978082e-09,
                1.128725059462081e-09,
                1.7053628974377785e-08,
                0.792534434061273,
                0.2074655466328436
            ]
        ],
        [
            [
                0.9999850306605895,
                1.4969281431397472e-05,
                2.0389409469014557e-12,
                2.0541090973754975e-11,
                3.5399069213572574e-11
            ],
            [
                0.9244918222873704,
                0.07550817763405816,
                3.0912144440305464e-11,
                4.154674323147327e-11,
                6.112539432280664e-12
            ],
            [
                1.1029352371266747e-08,
                1.4402953940955868e-06,
                0.8908349319957444,
                0.10909772770458283,
                6.588897492637532e-05
            ],
            [
                6.112334969791627e-05,
                0.05368681310885064,
                0.029691651648610148,
                0.9150469141496567,
                0.0015134977431846025
            ],
            [
                1.1197611596768932e-11,
                1.5426632049841477e-11,
                4.4062824282130733e-10,
                0.18798266357810828,
                0.8120173359546392
            ]
        ],
        [
            [
                0.9999973983153314,
                2.6016236624183837e-06,
                2.7830121302184958e-12,
                1.4335396673155232e-11,
                4.388782566477376e-11
            ],
            [
                0.9996146512967488,
                0.00038534866536725227,
                1.7503532343877577e-11,
                6.996321548970114e-12,
                1.3384104130461284e-11
            ],
            [
                7.06615808443345e-07,
                6.459599104832513e-05,
                0.17517143711450156,
                0.8243341038432658,
                0.00042915643537592377
            ],
            [
                0.980929357629387,
                0.019070642250071664,
                7.232730043246216e-11,
                4.2469930282187846e-11,
                5.744044104181429e-12
            ],
            [
                5.089187934529809e-10,
                2.628184977698138e-09,
                7.935270790534221e-10,
                0.25044280288658377,
                0.7495571931827854
            ]
        ],
        [
            [
                0.9999999996042073,
                3.4056448672642405e-10,
                4.3580375317568515e-11,
                8.34271352115265e-12,
                3.305156531733452e-12
            ],
            [
                0.999365445827001,
                0.0006345530537956745,
                3.1803817856183286e-11,
                3.1242252015766335e-11,
                1.0561569996503541e-09
            ],
            [
                1.10311148077551e-07,
                1.1120062138223632e-07,
                0.947721303189081,
                0.05227669923009376,
                1.7760690557662397e-06
            ],
            [
                5.67464107026263e-09,
                5.896408652535393e-07,
                2.5763664653807946e-07,
                0.9244465044982667,
                0.07555264254958033
            ],
            [
                6.458692004475821e-11,
                1.012752791030225e-09,
                6.598225437877131e-10,
                0.40901459467751283,
                0.5909854035853249
            ]
        ],
        [
            [
                0.9999999820873353,
                1.7704347149503875e-08,
                1.7505224205047078e-10,
                6.899508215292605e-12,
                2.6365891851046342e-11
            ],
            [
                0.9999996248558817,
                3.750962239922635e-07,
                1.4561094196037095e-11,
                3.2472173866253807e-11,
                8.611136465421468e-13
            ],
            [
                3.612082409831212e-07,
                0.0008359561590605766,
                0.8499024147545393,
                0.149099947818951,
                0.0001613200592081626
            ],
            [
                2.1012737761171517e-10,
                2.670350058029323e-09,
                1.6380648469937674e-08,
                0.998262622459577,
                0.0017373582792970918
            ],
            [
                5.572442036757244e-10,
                1.9710180337873254e-10,
                6.368581668945185e-10,
                0.77422927662547,
                0.22577072198332573
            ]
        ],
        [
            [
                0.9999999662524424,
                3.359149628644892e-08,
                1.2174467559604588e-10,
                2.4832251296143765e-11,
                9.484393009327344e-12
            ],
            [
                0.9958718938444007,
                0.004128105247690629,
                3.176734488743563e-10,
                3.791551920117546e-10,
                2.1108013876342936e-10
            ],
            [
                3.203727211399305e-07,
                6.257726118290262e-05,
                0.4158592937278938,
                0.583452012757408,
                0.0006257958807940655
            ],
            [
                4.967765972105932e-09,
                4.628692744733298e-09,
                1.8737990828207986e-08,
                0.6771682358582624,
                0.32283173580728813
            ],
            [
                1.5567582650689344e-10,
                1.1295261385815677e-09,
                2.5507347223401563e-09,
                0.7637757484124058,
                0.2362242477516576
            ]
        ],
        [
            [
                0.9999999105074286,
                8.93164214250751e-08,
                2.0889743152254313e-11,
                1.1578712879125585e-12,
                1.541024249972135e-10
            ],
            [
                0.9903310161449457,
                0.009668982273333121,
                1.5485344179978028e-10,
                5.620820002622084e-10,
                8.647857097722334e-10
            ],
            [
                6.543279284673293e-07,
                8.535550067595617e-07,
                0.8024231806145667,
                0.19750903280982693,
                6.627869267108532e-05
            ],
            [
                2.696001694840604e-09,
                1.5117976651834808e-09,
                1.971607113781423e-09,
                0.7862888967501391,
                0.21371109707045438
            ],
            [
                4.09216932504064e-09,
                1.0417382228614565e-09,
                3.142548661551395e-09,
                0.20563474953082383,
                0.79436524219272
            ]
        ],
        [
            [
                0.9999311148205344,
                6.888503053842197e-05,
                4.100552478549016e-11,
                4.589858919639753e-11,
                6.202297301737591e-11
            ],
            [
                0.9999329291021664,
                6.707083918131005e-05,
                7.629732089626837e-13,
                6.866621912814556e-12,
                5.102286505205362e-11
            ],
            [
                1.4058855915477716e-06,
                1.6098087874543983e-06,
                0.996472264496201,
                0.0033827526814231273,
                0.00014196712799697733
            ],
            [
                8.542225647827244e-09,
                2.77841709487617e-07,
                5.331419241787977e-06,
                0.9996039866168971,
                0.0003903955799259654
            ],
            [
                6.606968952261046e-10,
                4.696311160356711e-10,
                2.6572963795871824e-10,
                0.2000043662461514,
                0.7999956323577909
            ]
        ],
        [
            [
                0.9995054570721453,
                0.0004945426770932345,
                1.958839854729488e-10,
                4.4911709082004057e-11,
                9.965700019195269e-12
            ],
            [
                0.9999998990767498,
                1.0091403817776836e-07,
                1.6496581581639724e-12,
                4.277165543635429e-12,
                3.2851305681091078e-12
            ],
            [
                5.7772705709476635e-08,
                1.1318820433399297e-06,
                0.0198928408445791,
                0.9754515474019593,
                0.0046544220987125295
            ],
            [
                1.8397158861666023e-05,
                0.08414178316259635,
                0.11616241217650347,
                0.7745830449659995,
                0.025094362536039062
            ],
            [
                9.523818035528072e-10,
                1.0758129853441942e-09,
                3.4689084924595143e-09,
                0.8477219179231664,
                0.15227807657973033
            ]
        ],
        [
            [
                0.9999997257799902,
                2.7419161930585575e-07,
                2.537032134734131e-11,
                1.867882958959977e-12,
                1.1523178881328254e-12
            ],
            [
                0.9999998192581709,
                1.806093188983755e-07,
                1.0989052194310478e-11,
                1.3766799745660046e-11,
                1.077543330906627e-10
            ],
            [
                7.009138097869603e-07,
                9.311676599830386e-05,
                0.4252329321305144,
                0.5589253688038018,
                0.015747881385875736
            ],
            [
                3.1987456448759115e-08,
                1.937449166643651e-07,
                1.3183672120084546e-05,
                0.9948241818177663,
                0.005162408777740432
            ],
            [
                2.0449026535368343e-10,
                1.0800631178295812e-09,
                7.470555949502242e-09,
                0.7252641856587049,
                0.2747358055861859
            ]
        ],
        [
            [
                0.9999929278734327,
                7.072045182366709e-06,
                2.071980128536068e-11,
                1.585401707255746e-11,
                4.481117075939509e-11
            ],
            [
                0.8000521750274328,
                0.1999478249316614,
                6.33543259602939e-12,
                2.8192523605611097e-11,
                6.377638211907308e-12
            ],
            [
                1.6639053176902274e-06,
                0.0010430124322240001,
                0.921033968158271,
                0.07758151322192303,
                0.00033984228226433173
            ],
            [
                2.2796954037206348e-07,
                0.011988649285039737,
                1.4536605110636668e-05,
                0.986185325432135,
                0.0018112607081742817
            ],
            [
                1.1157139889011562e-09,
                6.716485684116101e-10,
                1.940099470317985e-09,
                0.4073878144604461,
                0.5926121818120919
            ]
        ],
        [
            [
                0.9999960763849918,
                3.921712445948101e-06,
                2.3868733335649662e-11,
                2.600442911411359e-11,
                1.8526891825817107e-09
            ],
            [
                0.9999137044905015,
                8.629542741596826e-05,
                1.8101859649829165e-11,
                5.4991140364429335e-11,
                8.989513663663595e-12
            ],
            [
                1.3402286613860478e-06,
                1.238116775270257e-06,
                0.0008752996690355604,
                0.6924933478729535,
                0.3066287741125743
            ],
            [
                1.9758786406975902e-08,
                2.1876859940862623e-06,
                1.8864245553140962e-06,
                0.6666757263385408,
                0.3333201797921234
            ],
            [
                2.596211072803595e-10,
                4.262477310206456e-09,
                6.375305408333876e-11,
                0.6001249548308991,
                0.39987504058324946
            ]
        ],
        [
            [
                0.9999083806403546,
                9.161917708532086e-05,
                1.362218843901928e-11,
                6.946939906740174e-11,
                9.946846906926868e-11
            ],
            [
                0.9999999060049642,
                9.396453452052246e-08,
                2.3595088821983553e-11,
                1.9682392802947642e-12,
                4.937963072386917e-12
            ],
            [
                7.863404912236184e-07,
                2.8824137434536513e-05,
                0.029277686438444167,
                0.9328954968883472,
                0.037797206195282894
            ],
            [
                2.461056175645405e-09,
                8.634806789105026e-09,
                1.3864897648069032e-06,
                0.9999384635141607,
                6.013890021147642e-05
            ],
            [
                5.245112786943712e-10,
                3.4625722147986626e-10,
                2.2259707476010548e-10,
                0.4961073255174593,
                0.5038926733891751
            ]
        ],
        [
            [
                0.9999807708630326,
                1.922904971879614e-05,
                1.7472002438032163e-11,
                6.329563820762333e-11,
                6.481023798739418e-12
            ],
            [
                0.9978473968977402,
                0.002152601542287248,
                2.1258807152225554e-10,
                3.638582657795624e-11,
                1.310998602235806e-09
            ],
            [
                2.2345858589860937e-09,
                1.6592647723116055e-08,
                0.9999848804321351,
                1.498998508148374e-05,
                1.1075554992681102e-07
            ],
            [
                3.420176741756104e-08,
                4.0327998106469524e-06,
                6.00796288859631e-08,
                0.6476789860023704,
                0.3523168869164226
            ],
            [
                5.0560335778524276e-09,
                6.219131820748952e-10,
                1.3852567815353435e-10,
                0.4413141155870255,
                0.5586858785965021
            ]
        ],
        [
            [
                0.9999904661612354,
                9.533821274247509e-06,
                7.160327873634845e-12,
                2.8393898285114277e-12,
                7.49068508284163e-12
            ],
            [
                0.9999929234882808,
                7.076366083231172e-06,
                8.707698247453302e-11,
                1.9970209831904413e-11,
                3.8588649095067107e-11
            ],
            [
                2.7677585960419086e-07,
                1.9041926399853272e-06,
                0.6589848782253694,
                0.3410082060083716,
                4.7347977594134715e-06
            ],
            [
                7.458421180089313e-09,
                2.7299770227320945e-09,
                1.2592213143362824e-09,
                0.6233542699298991,
                0.3766457186224815
            ],
            [
                9.468607770009648e-10,
                2.317247030484247e-10,
                2.5566739869366307e-09,
                0.15625718383498027,
                0.8437428124297602
            ]
        ],
        [
            [
                0.9982844944336778,
                0.0017155053652581408,
                2.0007192363032925e-11,
                1.4361660524878573e-10,
                3.7440318058867987e-11
            ],
            [
                0.9995044393992969,
                0.0004955603282050173,
                1.553676439860529e-10,
                6.093732099663649e-11,
                5.619315290349767e-11
            ],
            [
                6.884076355311531e-09,
                6.164892540022035e-08,
                0.9941160000728221,
                0.0058797992204457725,
                4.1321737304965614e-06
            ],
            [
                1.469354248204545e-06,
                2.530951082684892e-05,
                0.0028961708243364147,
                0.9964324950113725,
                0.0006445552992160247
            ],
            [
                1.7306275219933758e-09,
                6.695677249320435e-10,
                1.3045490533030167e-08,
                0.32326397594935763,
                0.6767360086049566
            ]
        ],
        [
            [
                0.9999999909113867,
                8.365279346813771e-09,
                5.320714916609327e-10,
                1.4156491682056665e-10,
                4.969761094674241e-11
            ],
            [
                0.9991855908184202,
                0.0008144088649182349,
                6.379240434414614e-11,
                1.0449461292084264e-11,
                2.424197724159771e-10
            ],
            [
                4.93386765060139e-10,
                5.079744498428986e-09,
                0.9999999572796614,
                3.609877265862654e-08,
                1.0484346889799687e-09
            ],
            [
                4.303836193314029e-07,
                0.007201484921005913,
                0.25961594792521514,
                0.7331624752335644,
                1.9661536595285238e-05
            ],
            [
                5.661981770291095e-09,
                2.1908262752872224e-09,
                5.412475037218624e-10,
                0.37377598431561215,
                0.6262240072903323
            ]
        ],
        [
            [
                0.9999999893244512,
                1.0669102710332537e-08,
                1.8264013131434984e-13,
                2.9876370522800635e-12,
                3.275606479303955e-12
            ],
            [
                0.9999999901002169,
                9.410860594551339e-09,
                8.579606499159454e-12,
                9.413499113511887e-12,
                4.709292198923228e-10
            ],
            [
                1.3430365824907116e-07,
                2.9021403190710777e-07,
                0.0033667193445852672,
                0.990700124695463,
                0.005932731442261469
            ],
            [
                2.1859381459940704e-05,
                4.5741371759380375e-05,
                0.0009759384835667889,
                0.9788870242397965,
                0.020069436523417396
            ],
            [
                9.016351351432879e-11,
                2.0939151803104347e-10,
                9.595267135711026e-10,
                0.5609802438403975,
                0.4390197549005208
            ]
        ],
        [
            [
                0.9999999983849552,
                1.5938160678514485e-09,
                1.0515147115514027e-11,
                1.5551488466229037e-12,
                9.158489773429677e-12
            ],
            [
                0.9999997251765858,
                2.747611964997461e-07,
                2.1522034113341695e-11,
                3.662161523951863e-11,
                4.07421520543995e-12
            ],
            [
                1.1909192453893716e-08,
                2.394882981857444e-07,
                0.8597650090794423,
                0.13995405602784627,
                0.00028068349522076565
            ],
            [
                6.14104574140049e-09,
                1.0099355650116969e-09,
                1.085172330808481e-08,
                0.7953657618269461,
                0.20463422017034927
            ],
            [
                8.178671184223225e-11,
                5.2776966893160536e-11,
                1.1123908295789079e-09,
                0.3986166236558616,
                0.601383375097184
            ]
        ],
        [
            [
                0.999992923579636,
                7.076294605219953e-06,
                6.0037395864461786e-12,
                6.008235419031767e-11,
                5.967263346154327e-11
            ],
            [
                0.9999312881439708,
                6.871142020753716e-05,
                1.733120471634266e-10,
                2.5143356082283512e-11,
                2.3736629010526033e-10
            ],
            [
                2.552802947575978e-07,
                0.0010566661491069802,
                0.9793345001246476,
                0.019608275792391425,
                3.0265355916999546e-07
            ],
            [
                2.237323561384532e-08,
                2.623406830827772e-07,
                1.973211004366436e-07,
                0.9902543367572255,
                0.009745181207755468
            ],
            [
                2.0600707431910327e-09,
                1.3855446578767135e-08,
                4.8200905872709736e-09,
                0.7612084837623453,
                0.2387914955020469
            ]
        ],
        [
            [
                0.9999850140601365,
                1.4985857200259838e-05,
                3.751080859830866e-11,
                1.1344672480571014e-11,
                3.380770981743826e-11
            ],
            [
                0.9996103413008264,
                0.0003896583753003056,
                3.50993341785595e-11,
                1.1645649090008018e-10,
                1.7231739210834228e-10
            ],
            [
                4.121967332322995e-07,
                0.00024009544120588081,
                0.3860844491235868,
                0.6131805678034263,
                0.0004944754350478182
            ],
            [
                5.734831317924526e-10,
                1.7975215452963838e-10,
                4.051539982008747e-09,
                0.7374400138876722,
                0.2625599813075525
            ],
            [
                1.3443841743451775e-09,
                8.249804143584705e-11,
                5.956638861114125e-10,
                0.19857466125776105,
                0.8014253367196928
            ]
        ],
        [
            [
                0.9999987598638174,
                1.239834010281344e-06,
                1.4538389404890048e-11,
                2.6726859631104523e-10,
                2.0365528417794936e-11
            ],
            [
                0.9999998250028208,
                1.7492728362547116e-07,
                3.995290369025884e-12,
                5.381667433623205e-11,
                1.208365483340969e-11
            ],
            [
                3.6733555623889376e-09,
                1.0193730215511712e-07,
                0.9999753290183305,
                2.4523928950615276e-05,
                4.1442061092596885e-08
            ],
            [
                8.465376757247093e-09,
                8.895983029653792e-09,
                5.3967130873127575e-08,
                0.9366432657867467,
                0.06335666288476259
            ],
            [
                3.7542707339502163e-10,
                1.1016473026230023e-09,
                2.875092699273789e-10,
                0.416917306992696,
                0.5830826912427203
            ]
        ],
        [
            [
                0.9999683126701084,
                3.168726510790663e-05,
                4.402529539694418e-11,
                1.7571594836092756e-11,
                3.186636783055876e-12
            ],
            [
                0.9964010781055196,
                0.0035989214260160464,
                8.88693685743484e-11,
                1.6418389443043686e-10,
                2.154110791938568e-10
            ],
            [
                9.275628245735235e-07,
                1.256094831502104e-06,
                0.3561154130940604,
                0.6417968385657701,
                0.0020855646825133902
            ],
            [
                9.171695595560284e-07,
                0.00013571854835804385,
                0.5073316415912896,
                0.4925283399106355,
                3.3827801572595495e-06
            ],
            [
                1.7021390334514965e-10,
                2.515018668930036e-10,
                5.26116257040295e-10,
                0.4176674664296942,
                0.5823325326224738
            ]
        ],
        [
            [
                0.9999999483319332,
                5.160397646696788e-08,
                1.2131180070816366e-11,
                4.809348468379864e-11,
                3.865576303180493e-12
            ],
            [
                0.9999979665322715,
                2.0333945202805614e-06,
                4.7153167267581166e-11,
                3.0778503600567214e-12,
                2.2977313345970027e-11
            ],
            [
                1.1385740662539298e-11,
                4.193602002625568e-11,
                0.9999999995250166,
                2.6927272007803054e-10,
                1.5238878002644214e-10
            ],
            [
                4.7573023065424655e-09,
                2.7063089855386855e-09,
                1.2619941365988496e-09,
                0.40072769935620967,
                0.5992722919181849
            ],
            [
                5.412500979413745e-10,
                6.276267248782754e-10,
                7.673665826155399e-10,
                0.40163144568209086,
                0.5983685523816656
            ]
        ],
        [
            [
                0.9999883416963589,
                1.1658264938425212e-05,
                1.5517897916932953e-11,
                1.9015604996301477e-11,
                4.169252341170036e-12
            ],
            [
                0.9935884920072791,
                0.006411507355627926,
                2.8473229075518394e-11,
                5.005639256157331e-10,
                1.0805588398958527e-10
            ],
            [
                1.008467091681576e-06,
                0.00013418766760065121,
                0.6507113918767489,
                0.3445444462161283,
                0.004608965772430401
            ],
            [
                1.720965847551432e-10,
                1.619341447682796e-09,
                1.1180071201090774e-08,
                0.5039461993675604,
                0.49605378766093045
            ],
            [
                3.026192622201994e-09,
                6.931194847812008e-09,
                2.34216349234426e-08,
                0.7196473695636944,
                0.2803525970572832
            ]
        ],
        [
            [
                0.9999138708379602,
                8.61291055655597e-05,
                2.064966387849302e-11,
                1.1760875331274529e-12,
                3.464844444361745e-11
            ],
            [
                0.9999985989783599,
                1.40099075327997e-06,
                1.0972339114192639e-11,
                1.0316977648187167e-11,
                9.597521190320654e-12
            ],
            [
                2.9853543316325886e-06,
                4.305355011423006e-06,
                0.9690829684084342,
                0.030581004891909118,
                0.000328735990313537
            ],
            [
                2.822923348906522e-07,
                1.5284660579666476e-05,
                0.00040752012949463753,
                0.9713192397157864,
                0.028257673201804487
            ],
            [
                7.824856107235321e-10,
                6.905425598900156e-10,
                9.596645067758937e-09,
                0.3128151806714009,
                0.6871848082589259
            ]
        ],
        [
            [
                0.9999957069625813,
                4.2929626080407305e-06,
                5.627905743647461e-12,
                2.4112542280632773e-11,
                4.5070170901168616e-11
            ],
            [
                0.8966901402468548,
                0.10330985732952082,
                2.5604804102340364e-10,
                3.899822618553958e-11,
                2.1285780585149736e-09
            ],
            [
                8.790069435189347e-08,
                2.7718688644980698e-05,
                0.7130493438895318,
                0.2868894331400222,
                3.34163811067459e-05
            ],
            [
                1.1213254818904549e-08,
                3.390096249306927e-07,
                2.8840078151052837e-09,
                0.6038942612110565,
                0.396105385682056
            ],
            [
                7.964229131365773e-11,
                4.932844179171938e-11,
                8.272355046385555e-10,
                0.39895266790343453,
                0.6010473311403592
            ]
        ],
        [
            [
                0.999970502337799,
                2.949752540176932e-05,
                6.616957247434887e-11,
                4.302247116297484e-11,
                2.760713155967761e-11
            ],
            [
                0.999999610489051,
                3.894469900193337e-07,
                1.3453397045081977e-11,
                3.244350753997941e-11,
                1.8062255950218988e-11
            ],
            [
                6.350085546957068e-10,
                1.4782551804807145e-08,
                0.9999983347837879,
                1.639079290128729e-06,
                1.0719361675094695e-08
            ],
            [
                3.8214085760926614e-10,
                6.309291600217597e-10,
                2.0759268664429234e-09,
                0.5359192675397034,
                0.4640807293712997
            ],
            [
                2.467069438889022e-07,
                5.5207562015652765e-08,
                5.082284924064368e-08,
                0.5440902424514306,
                0.4559094048112143
            ]
        ],
        [
            [
                0.999999865880867,
                1.3396170995590563e-07,
                6.183632356112785e-11,
                1.874360988470727e-11,
                7.684303250793854e-11
            ],
            [
                0.9964017771756764,
                0.003598221908838505,
                4.358934780803079e-10,
                4.192850166875856e-10,
                6.030662395664415e-11
            ],
            [
                1.5856029274017901e-09,
                1.1524419566027975e-07,
                1.1169733525267653e-06,
                0.8235891196057877,
                0.17640964659106112
            ],
            [
                9.996039252803164e-10,
                8.276134209097654e-11,
                7.245729257038995e-10,
                0.39789653238827344,
                0.6021034658047884
            ],
            [
                2.4347453459973317e-10,
                1.0118819067215233e-09,
                9.025030392592567e-10,
                0.5747282629139084,
                0.42527173492823217
            ]
        ],
        [
            [
                0.9941375544371251,
                0.005862445532781944,
                1.0894863482503604e-11,
                8.317652252421945e-12,
                1.088028951231863e-11
            ],
            [
                0.9999999723385162,
                2.730357062051884e-08,
                4.628903660604193e-12,
                2.8667043440023246e-10,
                6.661384935954946e-11
            ],
            [
                6.241891909012132e-08,
                2.4288669107545914e-08,
                0.9986995958872809,
                0.0011285793077543832,
                0.00017173809737659016
            ],
            [
                9.66899510798014e-09,
                1.3493930988663684e-08,
                1.0782420391419082e-07,
                0.8846687775557073,
                0.11533109145716272
            ],
            [
                9.426031842207674e-11,
                4.21136280111642e-10,
                8.182325137299001e-10,
                0.6028427196597782,
                0.39715727900659265
            ]
        ],
        [
            [
                0.9999999753441985,
                2.4606666439466007e-08,
                3.510249331301392e-12,
                2.6448013484588937e-11,
                1.9176623871878478e-11
            ],
            [
                0.9995054720496511,
                0.0004945250518117451,
                3.2346268749445734e-11,
                1.1924399651044274e-10,
                2.7469467828953783e-09
            ],
            [
                6.712019949628103e-08,
                7.345629869158563e-06,
                0.4070813176301051,
                0.5927261307049841,
                0.00018513891484218692
            ],
            [
                1.6524676408644679e-09,
