{
    "[['A', 'B', 'C', 'D', 'E'], ['A', 'B', 'C', 'D', 'E']]": [
        [
            [
                0.9999999883131788,
                1.1381982727389712e-08,
                2.1672413616430807e-11,
                3.4389218986581066e-12,
                2.7972686521608627e-10
            ],
            [
                0.9999999361849042,
                6.361110299608564e-08,
                2.69962540277872e-12,
                3.835946736008392e-12,
                1.9745713570455697e-10
            ],
            [
                4.825102630612363e-08,
                7.089582633677671e-06,
                0.9959165888388917,
                0.00407073994224415,
                5.533385204243141e-06
            ],
            [
                5.39071800586005e-08,
                6.289594941926332e-07,
                1.1083014133835099e-05,
                0.9092175125796533,
                0.0907707215395385
            ],
            [
                9.985701670183524e-09,
                6.561425111491978e-08,
                1.3551702261377207e-08,
                0.6319056624187457,
                0.36809424842959915
            ]
        ],
        [
            [
                0.9999998700979826,
                1.2985157160329185e-07,
                2.9286095353904143e-11,
                1.3319922723008888e-11,
                7.839849820768009e-12
            ],
            [
                0.9999999689106605,
                3.10030634409557e-08,
                8.644868419523976e-12,
                6.994763622863617e-11,
                7.683680780720313e-12
            ],
            [
                1.1819567612793869e-07,
                1.81774115755075e-05,
                0.6306483051360997,
                0.3687540731887925,
                0.0005793260678560043
            ],
            [
                8.601394572176199e-08,
                2.8649844841586384e-06,
                0.00011117040725313598,
                0.9976102556487105,
                0.0022756229456064305
            ],
            [
                7.988849126721359e-10,
                1.313980388305978e-09,
                4.5709755118782026e-08,
                0.36824471318697377,
                0.6317552389904058
            ]
        ],
        [
            [
                0.9999987676604704,
                1.231807750110448e-06,
                1.0786418476973039e-10,
                2.859479464401328e-11,
                3.953205967277879e-10
            ],
            [
                0.9996146156786264,
                0.0003853841539850292,
                1.7288751011517222e-11,
                1.3135498283044108e-11,
                1.369643557904827e-10
            ],
            [
                8.919243855663561e-07,
                0.0008215946062247227,
                0.3608006191716566,
                0.6093369588983967,
                0.029039935399336428
            ],
            [
                2.8017344580447663e-09,
                1.3053778538857937e-09,
                9.963260428816646e-10,
                0.4396383037938363,
                0.5603616911027255
            ],
            [
                8.949804518065907e-09,
                2.0405127661667604e-09,
                1.861310369306082e-08,
                0.7786804542743965,
                0.22131951612218267
            ]
        ],
        [
            [
                0.9998177874904983,
                0.00018221070106191108,
                8.726371335339722e-12,
                3.7956871531470995e-11,
                1.7617564510293715e-09
            ],
            [
                0.7792855815103387,
                0.220714414355284,
                2.7687087982464395e-10,
                8.513130363529181e-11,
                3.772375154210862e-09
            ],
            [
                9.137575754423784e-08,
                1.0096206756094747e-06,
                0.8381054705309291,
                0.161125569134588,
                0.0007678593380497347
            ],
            [
                5.4868983863315114e-11,
                1.3419062216452733e-09,
                5.678983155913141e-10,
                0.6260062246055002,
                0.37399377342982626
            ],
            [
                6.655263282410815e-08,
                3.519289876901512e-08,
                5.0447485205055765e-08,
                0.3510407803059754,
                0.6489590675010078
            ]
        ],
        [
            [
                0.9999999956981975,
                3.964393269999855e-09,
                1.2363765950520938e-12,
                1.2113104825173844e-11,
                3.240596808885017e-10
            ],
            [
                0.9991668237038556,
                0.0008331761321054078,
                4.9894827161427123e-11,
                6.311139973670536e-11,
                5.1032733416616254e-11
            ],
            [
                1.4551644955353466e-07,
                8.319721068686912e-07,
                0.5957114696285709,
                0.39430410502809177,
                0.00998344785478089
            ],
            [
                1.3210817755488344e-08,
                2.472442665152973e-05,
                5.547292419811811e-06,
                0.9999093770383332,
                6.0338031777761375e-05
            ],
            [
                3.389707923906471e-09,
                8.257416913084415e-09,
                2.9576247752194687e-08,
                0.7924818902775232,
                0.20751806849910417
            ]
        ],
        [
            [
                0.9999999466250775,
                5.334293310192761e-08,
                6.094246987925282e-12,
                2.4110026008182988e-11,
                1.7850986344436966e-12
            ],
            [
                0.9996134857163018,
                0.0003865141504231218,
                3.5462439989390516e-11,
                6.981673591440636e-11,
                2.7995885042585248e-11
            ],
            [
                2.6715494672345827e-12,
                2.6845308785145177e-12,
                0.9999999999880866,
                3.279561502330286e-12,
                3.2775529256240068e-12
            ],
            [
                7.391337846467142e-10,
                3.507632444769125e-09,
                4.08939659757265e-08,
                0.7439421642525667,
                0.25605779060670114
            ],
            [
                3.3792597434819207e-10,
                4.894916560197272e-10,
                1.4028852848434918e-08,
                0.9996660686285405,
                0.00033391651518907263
            ]
        ],
        [
            [
                0.9994193613065193,
                0.0005806383483510854,
                8.649274393228127e-11,
                1.2185923079445395e-10,
                1.367777287910193e-10
            ],
            [
                0.9999999980250689,
                1.9622669453072314e-09,
                7.558895133121376e-12,
                9.49321884724188e-13,
                4.156099945668647e-12
            ],
            [
                3.145727580885227e-07,
                5.247421421897972e-07,
                0.999859914015715,
                0.00011998807109556615,
                1.9258598289133287e-05
            ],
            [
                1.0795651847406774e-08,
                3.107569767843026e-08,
                1.2271238220699238e-08,
                0.19563453542317158,
                0.8043654104342407
            ],
            [
                5.208355992761769e-09,
                9.937222404092319e-09,
                1.7236528144262458e-09,
                0.4291564550333269,
                0.5708435280974419
            ]
        ],
        [
            [
                0.9635148985693041,
                0.03648510118510736,
                4.3848921223961594e-11,
                1.6125461814856355e-10,
                4.048517405616772e-11
            ],
            [
                0.9999982474023589,
                1.752442886310232e-06,
                1.7008731964796937e-11,
                1.2820845748567734e-10,
                9.537648408838328e-12
            ],
            [
                2.198515036146331e-11,
                1.3038377375755165e-11,
                0.9999999999019664,
                4.036792367818439e-11,
                2.264210211596726e-11
            ],
            [
                4.0368955737713616e-08,
                7.943558763288709e-08,
                0.004562964319752595,
                0.9831511682790537,
                0.012285747596650472
            ],
            [
                3.986084103080861e-09,
                2.385013757667835e-09,
                8.276134574431223e-09,
                0.3091941908032224,
                0.6908057945495452
            ]
        ],
        [
            [
                0.9999807765311084,
                1.9223244096264793e-05,
                4.281145707108115e-12,
                2.0738825491475736e-10,
                1.3125916569007162e-11
            ],
            [
                0.9999999998987241,
                9.569026559687811e-11,
                5.3620077330578325e-15,
                1.9482792998742377e-12,
                3.632041574549836e-12
            ],
            [
                3.797465646014671e-12,
                2.0999197085601374e-11,
                0.9999999994788349,
                4.4262448530695384e-10,
                5.3744051051756755e-11
            ],
            [
                4.49333979232697e-09,
                1.1591246722186112e-07,
                1.2886926832805412e-07,
                0.9761317777859418,
                0.023867972938982816
            ],
            [
                8.241616682115923e-10,
                1.1276022699372598e-10,
                1.4477898381603852e-10,
                0.3346819849749198,
                0.6653180139433793
            ]
        ],
        [
            [
                0.9999998445894812,
                1.5534548059244826e-07,
                1.8691684642202437e-11,
                1.0493585923387152e-12,
                4.529706875502865e-11
            ],
            [
                0.9999995337863293,
                4.659056470474659e-07,
                3.154756071531115e-11,
                9.308832514254544e-12,
                2.6716722384289324e-10
            ],
            [
                8.94131516668599e-07,
                7.348177160960675e-06,
                0.8699562067219658,
                0.11243505438618172,
                0.01760049658317484
            ],
            [
                1.4069143179236679e-08,
                1.1382911712057857e-08,
                3.849196540884664e-08,
                0.9969852313720975,
                0.0030147046838822594
            ],
            [
                8.07847448893555e-10,
                1.1419164408828281e-09,
                1.8212208632275567e-08,
                0.39896504844082603,
                0.6010349313972015
            ]
        ],
        [
            [
                0.9999781673184682,
                2.18325457774031e-05,
                6.849407574519121e-11,
                6.94156567073639e-12,
                6.031880077457729e-11
            ],
            [
                0.9964027516581231,
                0.003597248106146652,
                1.9145121036284555e-10,
                3.666003610631151e-11,
                7.618730552096959e-12
            ],
            [
                8.310582932349825e-07,
                7.0555773646008e-07,
                0.4402592836122093,
                0.5593248557718272,
                0.0004143239999336873
            ],
            [
                8.635964645864611e-09,
                4.6384897380933366e-08,
                7.6948024792192e-08,
                0.7258397538374848,
                0.2741601141936284
            ],
            [
                2.7147897580186537e-07,
                3.1315024483162655e-08,
                1.2708474366743078e-07,
                0.6578328680274552,
                0.3421667020938008
            ]
        ],
        [
            [
                0.9999994195226745,
                5.804677740158221e-07,
                8.529974188066724e-12,
                1.4575448261332123e-14,
                1.007020966332534e-12
            ],
            [
                0.996213465390163,
                0.0037865333537044263,
                6.898750808483887e-10,
                5.421332724401648e-10,
                2.412421991306488e-11
            ],
            [
                1.3577668436637333e-07,
                3.215352840763952e-05,
                0.269300814987204,
                0.7300224423580159,
                0.000644453349688069
            ],
            [
                1.041251151317478e-08,
                3.880910408500444e-06,
                1.2696078645320725e-06,
                0.9809027919049351,
                0.019092047164280437
            ],
            [
                3.373830095234712e-11,
                3.668776544002092e-10,
                4.48042204448088e-09,
                0.7999904928693504,
                0.20000950224961156
            ]
        ],
        [
            [
                0.9999999893776942,
                1.0584081030314805e-08,
                7.860648708198926e-12,
                2.8088935169023556e-11,
                2.275185618826108e-12
            ],
            [
                0.9999804258186039,
                1.957356352916021e-05,
                6.535971163032384e-12,
                1.2140344311311402e-10,
                4.899274556048572e-10
            ],
            [
                6.245112901642e-08,
                1.7226374042034935e-06,
                0.19363892959680495,
                0.8059459755785439,
                0.0004133097361179854
            ],
            [
                2.1100779364014704e-09,
                4.590989151042113e-08,
                6.56522265702718e-09,
                0.5537013295549897,
                0.44629861585981817
            ],
            [
                1.0374022412734764e-08,
                1.7559545347482005e-07,
                2.9092757685463798e-08,
                0.43661845517725306,
                0.5633813297605134
            ]
        ],
        [
            [
                0.9999329225763215,
                6.707733558524143e-05,
                6.936932234166011e-11,
                7.56810310221865e-12,
                1.1155919882668796e-11
            ],
            [
                0.9848281843071349,
                0.015171815187736193,
                1.566780027116718e-10,
                3.305544081250872e-10,
                1.7896460185977272e-11
            ],
            [
                7.883230957443965e-08,
                9.688310841101973e-07,
                0.0893464592124432,
                0.9070516516959216,
                0.003600841428241544
            ],
            [
                1.8318609550054546e-09,
                2.128887848035061e-09,
                2.3758953860356514e-08,
                0.7507351157184987,
                0.24926485656179861
            ],
            [
                3.0051908138829187e-09,
                2.450806721256901e-09,
                5.015535919491507e-09,
                0.7983459037265599,
                0.20165408580190664
            ]
        ],
        [
            [
                0.9999999359595007,
                6.397123303248237e-08,
                6.688818062928461e-12,
                3.535120710296459e-11,
                2.7226386442577588e-11
            ],
            [
                0.9999966176304846,
                3.3823361040111913e-06,
                2.636392837250998e-11,
                5.159665634237582e-12,
                1.8877858294837196e-12
            ],
            [
                5.425603355740469e-07,
                7.94818961676668e-06,
                0.17677748055538398,
                0.7966251116677247,
                0.02658891702693902
            ],
            [
                2.290361058710056e-09,
                2.0216245995552676e-10,
                3.6347767199374354e-09,
                0.5826505204886498,
                0.4173494733840499
            ],
            [
                2.1306331820888645e-09,
                5.367013587344069e-10,
                1.7071663415905813e-09,
                0.9929565154228303,
                0.007043480202668878
            ]
        ],
        [
            [
                0.9999995252769652,
                4.7463602832821617e-07,
                6.246024185611681e-11,
                6.762484825194695e-12,
                1.7783808043778566e-11
            ],
            [
                0.9999486301438825,
                5.1369703914402836e-05,
                2.0465542769108676e-11,
                5.418897879819702e-11,
                7.754862443607203e-11
            ],
            [
                1.877333186890956e-07,
                2.149750103488649e-05,
                0.2556600716417161,
                0.5911171323454493,
                0.15320111077848114
            ],
            [
                3.727960613602539e-07,
                1.9836143598657713e-07,
                4.774006190782514e-07,
                0.6902303146192814,
                0.30976863682260214
            ],
            [
                3.626608597312661e-10,
                5.951393587525152e-10,
                2.844238783177144e-10,
                0.7927884279718249,
                0.207211570785951
            ]
        ],
        [
            [
                0.999949092189686,
                5.090774675373581e-05,
                6.296832791924939e-13,
                4.8387608831566424e-11,
                1.4542961485180196e-11
            ],
            [
                0.8996680028040741,
                0.10033199637248304,
                6.516599447433843e-10,
                1.2883007552852256e-10,
                4.2952817011400774e-11
            ],
            [
                5.689948253303016e-07,
                2.9471080513725342e-05,
                0.8551644960570194,
                0.14477619652112833,
                2.9267346513160853e-05
            ],
            [
                4.005802649168996e-09,
                5.7632867728061525e-09,
                4.087230171690903e-09,
                0.8023808599597655,
                0.197619126183915
            ],
            [
                1.0475914242542994e-08,
                5.4202199062124485e-08,
                5.082990674426325e-08,
                0.8032210374975509,
                0.19677884699442905
            ]
        ],
        [
            [
                0.9999972857359646,
                2.714208238394071e-06,
                9.865996626383003e-12,
                1.2042213085946331e-11,
                3.388874894082504e-11
            ],
            [
                0.9999948497462251,
                5.150109736306467e-06,
                9.788371122551756e-11,
                3.0308888094160885e-11,
                1.584605392061698e-11
            ],
            [
                9.867978968685153e-09,
                1.7687358752017726e-07,
                0.20006592434200135,
                0.7893967251624066,
                0.010537163754025669
            ],
            [
                3.872857903147672e-08,
                5.919121168687005e-07,
                2.7747893139095373e-07,
                0.8205770142852074,
                0.17942207759516532
            ],
            [
                4.3329277246474557e-10,
                4.6065803771248144e-10,
                1.8480444278530102e-09,
                0.696803048696468,
                0.3031969485615368
            ]
        ],
        [
            [
                0.9995054658323685,
                0.0004945339059102292,
                2.4787508553978038e-11,
                7.957556620327806e-12,
                2.2897623514291473e-10
            ],
            [
                0.9999751025029103,
                2.489737916920942e-05,
                5.0316056954375347e-11,
                4.0595611241059236e-11,
                2.700877857218162e-11
            ],
            [
                3.036815449204124e-07,
                1.5932494057813085e-06,
                0.4067109205782392,
                0.5931868006924437,
                0.00010038179836636142
            ],
            [
                6.502589157908658e-10,
                1.1410663304638303e-08,
                1.090573549568876e-07,
                0.9943448181250502,
                0.005655060756672676
            ],
            [
                9.297083009712223e-10,
                3.8549242463752626e-09,
                2.29651309155849e-09,
                0.20442229304846654,
                0.7955776998703878
            ]
        ],
        [
            [
                0.9991842913091329,
                0.0008157085322422527,
                4.436785131916506e-11,
                4.203532415907845e-11,
                7.222155094132918e-11
            ],
            [
                0.9999979738878529,
                2.026061468822408e-06,
                1.812957626349214e-11,
                3.497010475786705e-12,
                2.9051632345158314e-11
            ],
            [
                7.135180142101781e-07,
                2.2279191847133098e-06,
                0.41252920012345673,
                0.5638495428560686,
                0.02361831558327577
            ],
            [
                1.2156176607816883e-09,
                8.966110504258984e-09,
                3.693614154152942e-08,
                0.7123461355160896,
                0.28765381736604073
            ],
            [
                2.695181118090334e-10,
                1.436146431221914e-09,
                3.4215335579305787e-10,
                0.5982593802353267,
                0.4017406177168555
            ]
        ],
        [
            [
                0.9999828261861248,
                1.717368031166507e-05,
                8.237576476993802e-11,
                3.087433066313085e-11,
                2.0313385367498007e-11
            ],
            [
                0.9999930974935242,
                6.902463949036775e-06,
                4.256423482749495e-12,
                1.255186740045384e-11,
                2.5718697710806114e-11
            ],
            [
                5.955251462321696e-08,
                5.976355763479889e-07,
                0.9864258094512979,
                0.013353349970032648,
                0.0002201833905784097
            ],
            [
                9.821228497631311e-09,
                3.2051322544217117e-09,
                9.652285529973789e-09,
                0.5461456263977872,
                0.4538543509235666
            ],
            [
                4.647133505166607e-09,
                5.9647569006938815e-09,
                3.735591264047158e-09,
                0.5115574773443048,
                0.4884425083082136
            ]
        ],
        [
            [
                0.998955797361145,
                0.001044202462608476,
                6.84291017391591e-11,
                6.79772821718998e-11,
                3.984007494317968e-11
            ],
            [
                0.9945808256467569,
                0.0054191740057391,
                1.608274765591504e-10,
                1.3351333181939457e-10,
                5.316328211684348e-11
            ],
            [
                5.768980182102104e-11,
                8.176450267612096e-12,
                0.9999999999262079,
                5.547895677703562e-12,
                2.3778431710767612e-12
            ],
            [
                2.988472354760062e-08,
                6.656836285223739e-08,
                1.4772249205292083e-07,
                0.7790142287825496,
                0.2209855270418721
            ],
            [
                4.411666291515297e-09,
                1.9881492350889654e-08,
                2.278071673198838e-07,
                0.9613034763581888,
                0.03869627154148528
            ]
        ],
        [
            [
                0.9982845028391373,
                0.0017154970320861673,
                3.370438135766818e-11,
                1.4548998902362914e-11,
                8.052313375072519e-11
            ],
            [
                0.9999999895541544,
                9.876121778861495e-09,
                1.89288393775268e-11,
                7.374643561305581e-12,
                5.434204813035095e-10
            ],
            [
                7.810055309097057e-07,
                0.0011091176770978517,
                0.36486736463466607,
                0.5884636201924999,
                0.04555911649020526
            ],
            [
                3.1614295446364717e-08,
                2.1257027494896245e-07,
                2.909839013582116e-07,
                0.986673122446118,
                0.013326342385410118
            ],
            [
                2.7773485785475176e-09,
                1.6121717958796971e-09,
                9.938410663970246e-09,
                0.5630981188621871,
                0.4369018668098818
            ]
        ],
        [
            [
                0.9999999994367372,
                5.554794272037339e-10,
                3.857053589855193e-12,
                6.95664404780502e-13,
                3.2304578803479415e-12
            ],
            [
                0.9999386815667745,
                6.131831704386136e-05,
                1.3804063499411975e-11,
                9.16041219908428e-11,
                1.0773374802522604e-11
            ],
            [
                1.1567975876311374e-07,
                3.1009855537601416e-05,
                0.33118740229723115,
                0.6533169955294659,
                0.015464476638006704
            ],
            [
                4.1061849083328225e-07,
                1.1931068978372037e-07,
                4.280111269445917e-05,
                0.721208263998665,
                0.27874840495945996
            ],
            [
                1.9305345827016646e-08,
                1.303258603852637e-07,
                5.4836674263912886e-08,
                0.5922762820654848,
                0.4077235134666349
            ]
        ],
        [
            [
                0.999970038865819,
                2.9960997573471915e-05,
                5.398569482660513e-12,
                4.948533984508509e-11,
                8.172367407770622e-11
            ],
            [
                0.9999999880375543,
                1.187116176767454e-08,
                1.6115964565298176e-11,
                2.9461021778361255e-11,
                4.5707030235747406e-11
            ],
            [
                5.153953703657805e-07,
                6.208841676247265e-07,
                0.990315774403198,
                0.009548836508765594,
                0.00013425280849851482
            ],
            [
                5.438160586149056e-09,
                7.20631783754051e-09,
                1.4719831170135454e-07,
                0.9846404857388399,
                0.015359354418369922
            ],
            [
                1.4772388133899812e-10,
                4.898739557810771e-10,
                1.7435716333296785e-09,
                0.5994497456616968,
                0.4005502519571337
            ]
        ],
        [
            [
                0.9964023053092802,
                0.003597694439328359,
                1.8259649788081077e-10,
                4.903288331530027e-11,
                1.976202091681013e-11
            ],
            [
                0.8445398574273686,
                0.1554601418041571,
                1.7771208722626367e-10,
                5.468308695592115e-10,
                4.39313465275203e-11
            ],
            [
                1.7491204151603418e-06,
                2.726445151871387e-06,
                0.6365879334161201,
                0.3487198738515311,
                0.014687717166781716
            ],
            [
                2.166343419515568e-09,
                5.227787891565217e-09,
                7.836296875570879e-10,
                0.5567373860985755,
                0.4432626057236635
            ],
            [
                4.178412604236963e-08,
                9.122055970108372e-07,
                8.31786072697501e-08,
                0.5709020625614685,
                0.42909690027020136
            ]
        ],
        [
            [
                0.9999979259232187,
                2.074051022762704e-06,
                1.0243396512805991e-11,
                1.0609344836726406e-11,
                4.905889574218689e-12
            ],
            [
                0.9999999721045886,
                2.596418914508e-08,
                1.724970652662823e-11,
                6.550894475110822e-11,
                1.848463651363844e-09
            ],
            [
                1.1636125588350486e-09,
                8.430462145107295e-09,
                0.9999999821345792,
                6.534836732397707e-09,
                1.736509406049527e-09
            ],
            [
                7.285043977316447e-10,
                3.01062916021889e-09,
                1.0606945458204017e-08,
                0.801031208138015,
                0.1989687775159061
            ],
            [
                2.058357212661306e-09,
                6.931309044166572e-10,
                1.7077965954831416e-09,
                0.043734237063499944,
                0.9562657584772153
            ]
        ],
        [
            [
                0.9554599693110701,
                0.04454002998647222,
                5.298711047465876e-10,
                1.3540143067599346e-10,
                3.718511979329046e-11
            ],
            [
                0.9999998332656783,
                1.6659537375074925e-07,
                4.93924095538676e-11,
                3.099612885430853e-11,
                5.855954181584834e-11
            ],
            [
                8.248548164861142e-11,
                7.05540444962082e-10,
                0.9999994141267432,
                5.807540790363598e-07,
                4.331151814699636e-09
            ],
            [
                2.0006565976164393e-08,
                3.242348432258271e-08,
                1.0722952149140256e-07,
                0.9844257489398167,
                0.015574091400611511
            ],
            [
                6.644975709251195e-09,
                5.408705117686872e-09,
                1.415000449785164e-09,
                0.6190490635199194,
                0.3809509230113993
            ]
        ],
        [
            [
                0.9999999987658261,
                8.728274707192236e-10,
                2.625853272584049e-12,
                3.4303172449132765e-10,
                1.5688674662742383e-11
            ],
            [
                0.9999752728669247,
                2.4726942923354008e-05,
                1.3557117269143938e-10,
                1.3083126624056102e-11,
                4.14976425951448e-11
            ],
            [
                1.2506344329127552e-07,
                3.1918700407976454e-07,
                0.8153927731096282,
                0.18460203346908602,
                4.749170838414274e-06
            ],
            [
                1.907449708699331e-07,
                1.3189079465638864e-05,
                2.203879173412579e-06,
                0.8238177854447043,
                0.1761666308516858
            ],
            [
                7.803563309405753e-09,
                4.6056880944799543e-07,
                3.8464459639458165e-07,
                0.6982432652266625,
                0.30175588175636836
            ]
        ],
        [
            [
                0.9999477329441191,
                5.226675186241651e-05,
                6.217619311124287e-11,
                1.2671229696060094e-10,
                1.1513003484066816e-10
            ],
            [
                0.9999999699378654,
                2.989047063827059e-08,
                1.1225146615357743e-11,
                1.4280124614459342e-10,
                1.7637508370500257e-11
            ],
            [
                2.454512071016681e-08,
                2.990180292604343e-07,
                0.3970671983998137,
                0.6029250478880942,
                7.430148942112566e-06
            ],
            [
                3.4003092484545375e-09,
                2.119622191955366e-09,
                7.831126157852937e-09,
                0.7716409794400214,
                0.22835900720892102
            ],
            [
                2.590781877936165e-07,
                7.403465134451402e-08,
                5.110406583902081e-08,
                0.614427267788009,
                0.3855723479950859
            ]
        ],
        [
            [
                0.999959300574226,
                4.069935108517322e-05,
                8.019003868445978e-12,
                4.494336810919232e-11,
                2.1726384026447477e-11
            ],
            [
                0.9999978581025952,
                2.141667128624418e-06,
                2.7340203890127797e-11,
                1.776884581815902e-11,
                1.8516704885080775e-10
            ],
            [
                1.718667886409756e-07,
                2.3267031825281894e-06,
                0.6189382252541843,
                0.38103930775400147,
                1.9968421843122336e-05
            ],
            [
                7.708248755356402e-10,
                5.857357254021586e-10,
                3.866823074796158e-10,
                0.7109510514991093,
                0.2890489467576478
            ],
            [
                4.0006317080524065e-10,
                2.0110541198246085e-09,
                4.782400433707109e-08,
                0.9011522339971626,
                0.09884771576771573
            ]
        ],
        [
            [
                0.9999999499751764,
                4.997303998910124e-08,
                4.241862671593449e-11,
                1.9425370665798667e-12,
                7.42238118256691e-12
            ],
            [
                0.9982772642653116,
                0.001722734734362362,
                4.400868017521352e-11,
                5.822014628275042e-10,
                3.7411587214621766e-10
            ],
            [
                2.981846192471475e-07,
                1.236322118903191e-06,
                0.2023210701550561,
                0.7902300590211083,
                0.007447336317097491
            ],
            [
                2.714192075621634e-10,
                2.97987228893859e-09,
                3.030154931476091e-09,
                0.8057103742586719,
                0.19428961945988166
            ],
            [
                1.2955816981291807e-08,
                3.5591496834526236e-09,
                6.827794096026011e-09,
                0.8247975525462602,
                0.17520242411097905
            ]
        ],
        [
            [
                0.9999328928391419,
                6.71071189734227e-05,
                1.8840487933781766e-11,
                1.1655729664513887e-11,
                1.1388587239072275e-11
            ],
            [
                0.9999996238450461,
                3.7559738929072665e-07,
                1.5831357057109797e-11,
                1.1023309506279802e-11,
                5.307098369088261e-10
            ],
            [
                2.42650607835203e-07,
                7.964154906006428e-07,
                0.8703534341932905,
                0.1296428183106114,
                2.708429999643749e-06
            ],
            [
                4.265900021540503e-09,
                1.1718706959625204e-07,
                1.5790100519940765e-07,
                0.9095947564538208,
                0.09040496419220435
            ],
            [
                1.069770288224654e-09,
                7.33230130009887e-08,
                5.7060450708817036e-08,
                0.6374420459425931,
                0.36255782260417285
            ]
        ],
        [
            [
                0.9999999878372438,
                1.2156019161425555e-08,
                3.906435707751232e-12,
                1.9486272092120964e-12,
                8.819701941307561e-13
            ],
            [
                0.9999999706807765,
                2.8489758266391413e-08,
                1.4501773014521976e-11,
                3.6843560205587934e-11,
                7.781198997089402e-10
            ],
            [
                4.1511427699537756e-11,
                3.265627101292046e-12,
                0.9999999996968185,
                9.529901047386483e-11,
                1.6310537819339061e-10
            ],
            [
                6.212199447711985e-09,
                2.1536745445006495e-07,
                1.0840455023978896e-08,
                0.5999534525122548,
                0.40004631506763627
            ],
            [
                5.543062447115362e-09,
                4.722882723149388e-09,
                3.0578348266352813e-09,
                0.771092901986538,
                0.22890708468968185
            ]
        ],
        [
            [
                0.999999832075563,
                1.6781072996635172e-07,
                7.268576812721191e-11,
                1.9540500880026505e-11,
                2.148083916459785e-11
            ],
            [
                0.9999999926450464,
                7.344765928994831e-09,
                2.272680439207365e-12,
                5.03324405663816e-12,
                2.881903654181635e-12
            ],
            [
                6.154117698786475e-11,
                5.150189111139795e-10,
                0.9999999967563857,
                1.976058319494708e-09,
                6.909957815950077e-10
            ],
            [
                1.232149048907692e-10,
                1.1549547507687338e-09,
                2.5490752756337442e-09,
                0.798801851939325,
                0.20119814423343013
            ],
            [
                1.6973859825782107e-08,
                4.801290600186128e-07,
                5.3414612955525355e-08,
                0.7753424607240307,
                0.2246569887584365
            ]
        ],
        [
            [
                0.9999999996386217,
                3.493636537020786e-10,
                8.08560341130624e-12,
                5.311639359481586e-13,
                3.397841463405436e-12
            ],
            [
                0.9999953100188139,
                4.6898443390864384e-06,
                2.860148250927472e-11,
                3.698460520477337e-11,
                7.12608557637598e-11
            ],
            [
                3.193582319184992e-07,
                0.00017592105780375562,
                0.5489379385094133,
                0.4505101918378976,
                0.0003756292366534777
            ],
            [
                3.191890120071406e-07,
                3.8659159309813674e-07,
                8.580818486284978e-07,
