{
    "[['A', 'B', 'C', 'D', 'E'], ['A', 'B', 'C', 'D', 'E']]": [
        [
            [
                0.985784592938806,
                0.014215361793793931,
                6.669714880021427e-09,
                1.2435239810123323e-08,
                2.6162445276379852e-08
            ],
            [
                0.862813875647537,
                0.13718600248496263,
                1.349667679072917e-08,
                8.399188405587307e-09,
                9.997163527739157e-08
            ],
            [
                9.23263448431255e-11,
                1.1988984193140405e-09,
                0.9999999781351572,
                2.0198463641262292e-08,
                3.751543995805539e-10
            ],
            [
                0.1989559871202377,
                5.220395335549221e-09,
                1.063217162870772e-08,
                0.0058624492824201095,
                0.7951815477447752
            ],
            [
                3.532081307188095e-07,
                6.545352241069058e-10,
                1.1319452982801124e-09,
                7.306151529557712e-05,
                0.9999265834900932
            ]
        ],
        [
            [
                0.9998150458260621,
                0.00018495295692222316,
                6.578468697320072e-10,
                2.1643277370001947e-10,
                3.427360186324775e-10
            ],
            [
                0.014036014834749746,
                0.9859639562532592,
                1.8882019673125035e-09,
                2.258773912817513e-09,
                2.4765015259080027e-08
            ],
            [
                3.891168068417195e-09,
                9.088126398856513e-08,
                0.9999986053025014,
                1.2747336468808898e-06,
                2.5191419637942806e-08
            ],
            [
                1.166605304497659e-05,
                3.94991476400449e-10,
                1.902892757821042e-08,
                0.3697237737642076,
                0.6302645407588284
            ],
            [
                1.5695186854151863e-05,
                1.87256251307275e-10,
                2.6201489773910925e-09,
                0.00014244700222616194,
                0.9998418550035145
            ]
        ],
        [
            [
                0.9992270307533456,
                0.0007729659724563469,
                3.909238757658231e-10,
                1.6480861935623387e-09,
                1.2351880478249577e-09
            ],
            [
                0.6286039183176035,
                0.37139607552189396,
                3.820920476745655e-10,
                1.0882884285277389e-09,
                4.690122111756091e-09
            ],
            [
                2.2132229058089307e-06,
                5.976649498702835e-06,
                0.01593150769944702,
                0.6455106263029393,
                0.33854967612520914
            ],
            [
                5.142786803889981e-08,
                7.816155243865337e-09,
                1.0190895378472829e-07,
                0.012872071505260502,
                0.9871277673417624
            ],
            [
                2.3579939379490216e-09,
                5.931019252045625e-10,
                4.2325592872366715e-10,
                0.1998894289743429,
                0.8001105676513053
            ]
        ],
        [
            [
                0.9986609200998686,
                0.0013390796853986703,
                1.0994981676931563e-10,
                3.9144571631268244e-11,
                6.563826771826134e-11
            ],
            [
                0.37107517579625837,
                0.6289242819117282,
                3.2762057568015345e-08,
                4.828739829581567e-07,
                2.665597288475137e-08
            ],
            [
                5.2606915115491856e-08,
                8.114102887100599e-07,
                0.999993540222344,
                5.553411795865537e-06,
                4.2348656271064453e-08
            ],
            [
                7.727518910327654e-08,
                7.583687543105517e-09,
                2.925705445342272e-09,
                0.21625723031571428,
                0.7837426818997036
            ],
            [
                0.10038583564547071,
                3.317640733404704e-08,
                8.010471109879926e-10,
                0.2013324387821099,
                0.6982816915949649
            ]
        ],
        [
            [
                0.8748714328259384,
                0.12512854701466797,
                4.3305055536848886e-10,
                1.6387579362622233e-09,
                1.8087585194860382e-08
            ],
            [
                0.28698951214298013,
                0.7130100034237064,
                4.752748554199792e-07,
                8.876981353087762e-09,
                2.814768978491304e-10
            ],
            [
                1.039460174117603e-12,
                5.232613301557897e-12,
                0.9999999999789557,
                2.2735932682774693e-12,
                1.249864745599757e-11
            ],
            [
                5.783522828562184e-10,
                2.2710804656010656e-10,
                2.4352267177032854e-09,
                0.0003004032103388162,
                0.9996995935489742
            ],
            [
                0.00017140270553343096,
                3.6382643922941655e-08,
                3.730234787089718e-09,
                0.22413311856932805,
                0.7756954386122599
            ]
        ],
        [
            [
                0.7141466181492024,
                0.28585337265190286,
                2.5305674068613183e-09,
                1.3703085517334818e-09,
                5.298018669208301e-09
            ],
            [
                0.4615853271459183,
                0.5384145071869961,
                1.4506842452465484e-07,
                1.552257911879863e-08,
                5.0760819498843055e-09
            ],
            [
                5.930888137321413e-11,
                7.4976434064108e-11,
                0.9999999894355257,
                3.957874783177516e-09,
                6.472314123928074e-09
            ],
            [
                6.656764116627793e-07,
                9.628481609737702e-10,
                4.3330533839493794e-09,
                7.240232290717374e-05,
                0.9999269267047796
            ],
            [
                7.990272126531086e-05,
                1.934231370858593e-08,
                2.261313212262343e-08,
                0.17060334365727103,
                0.8293167116660177
            ]
        ],
        [
            [
                0.6312438808703715,
                0.3687561056008903,
                3.242843577805995e-09,
                7.001443443138948e-09,
                3.2844512116746867e-09
            ],
            [
                0.7988925066496592,
                0.20110746640025762,
                5.402122953145591e-10,
                2.5741377410035994e-08,
                6.684936509070352e-10
            ],
            [
                1.5898474566754975e-07,
                7.173952730400003e-08,
                0.4159906350566333,
                0.1993030464475723,
                0.3847060877715215
            ],
            [
                2.1181822406708495e-09,
                1.4302790568962485e-08,
                4.324560068475751e-10,
                0.5633651554282929,
                0.4366348277182783
            ],
            [
                0.19961480596559852,
                4.790197340240421e-09,
                1.0724956725544333e-08,
                0.002973389161274516,
                0.797411789357973
            ]
        ],
        [
            [
                0.9964024228584705,
                0.0035975752742434903,
                6.391605534164786e-10,
                7.284677510277784e-10,
                4.996576357766033e-10
            ],
            [
                0.7321867802975134,
                0.2678130639921734,
                1.1298293730356206e-07,
                2.5969499292699874e-08,
                1.6757876614081725e-08
            ],
            [
                4.07758117087494e-10,
                3.2159180927102e-08,
                0.9999996688868318,
                2.921922938734814e-07,
                6.353935287529897e-09
            ],
            [
                4.539503626269152e-07,
                9.832741019485016e-09,
                4.895751926081802e-08,
                0.43109191686165504,
                0.568907570397722
            ],
            [
                2.7363241876909522e-08,
                2.3758100163527568e-08,
                7.14940690012838e-09,
                0.07059737995802724,
                0.9294025617712238
            ]
        ],
        [
            [
                0.5953332095217958,
                0.4046667418719745,
                1.8132662722077465e-08,
                8.033071123810314e-09,
                2.2440495776043612e-08
            ],
            [
                0.9896875838845923,
                0.010312270550720041,
                1.3744100619170344e-08,
                1.1627051625744566e-07,
                1.5550070749351337e-08
            ],
            [
                3.7169197215649974e-10,
                1.5382897955285346e-09,
                0.9999999954280236,
                2.288315063364045e-10,
                2.433163305524473e-09
            ],
            [
                4.7136578105744174e-05,
                2.3833424013603192e-08,
                6.795497790145693e-08,
                0.046260122979044305,
                0.953692648654448
            ],
            [
                1.379654283136597e-06,
                1.6927823077246162e-09,
                1.687759703190991e-08,
                0.14892066175426727,
                0.8510779400210702
            ]
        ],
        [
            [
                0.7843579306061348,
                0.21564206402163053,
                1.7751922494551178e-09,
                1.28716128352183e-09,
                2.3098813425844895e-09
            ],
            [
                0.3870932454211958,
                0.6129067339880416,
                2.158969669555048e-09,
                1.4236210246748764e-08,
                4.195582695261024e-09
            ],
            [
                3.2668804717689564e-06,
                0.20182817731398492,
                0.7971030412281781,
                0.0010567810501755192,
                8.733527189607527e-06
            ],
            [
                0.19253455925382348,
                1.5640745635052234e-08,
                4.507024687036518e-09,
                0.24443241012033567,
                0.5630330104780705
            ],
            [
                0.22350747773288157,
                2.5312872600959687e-09,
                3.8248976260784975e-09,
                9.580800457018565e-07,
                0.7764915578308879
            ]
        ],
        [
            [
                0.9932067867250558,
                0.00679319478540186,
                1.5306530750767982e-08,
                7.374176772265195e-10,
                2.4455938991801437e-09
            ],
            [
                0.6308734897219797,
                0.36912647584082564,
                3.242525177262823e-08,
                7.962400207257182e-10,
                1.2157029116659335e-09
            ],
            [
                3.325419936305814e-08,
                8.488991793628347e-09,
                1.3727236888315095e-05,
                0.6000155499211511,
                0.39997068109876943
            ],
            [
                7.2640075346987995e-06,
                7.376093210646672e-09,
                6.589792370689368e-09,
                0.0006349692759162144,
                0.9993577527506635
            ],
            [
                1.1750490633287783e-05,
                2.501091830366738e-08,
                9.946596746265388e-10,
                0.04453751467500327,
                0.9554507088287855
            ]
        ],
        [
            [
                0.9980266096591668,
                0.0019733876033112122,
                7.734777521538244e-10,
                1.0277576980515706e-09,
                9.362865664703857e-10
            ],
            [
                0.2575856171671709,
                0.742414199290522,
                8.512741040425678e-08,
                2.1588069100318992e-08,
                7.682682769524075e-08
            ],
            [
                2.8699599779037626e-08,
                6.569493816758398e-09,
                5.773869031704896e-08,
                0.7797561052217218,
                0.22024380177049424
            ],
            [
                1.0187464036030727e-07,
                4.803486599066474e-09,
                5.119506051671381e-09,
                6.101702528916691e-06,
                0.999993786499838
            ],
            [
                8.10179508068287e-07,
                3.136992679141841e-08,
                8.910294484248914e-09,
                0.21037584234906193,
                0.7896233071912088
            ]
        ],
        [
            [
                0.4001722198216997,
                0.599827777261055,
                6.238520575293702e-10,
                1.995144608273149e-09,
                2.9824868625310864e-10
            ],
            [
                0.5673087616383025,
                0.4326912282701307,
                3.965908842636116e-09,
                3.2635940081460423e-09,
                2.8620641870724537e-09
            ],
            [
                5.308195536863506e-11,
                1.6891098333520462e-10,
                0.9999999924428066,
                2.528057301355027e-09,
                4.807143416645245e-09
            ],
            [
                5.0548777133788215e-08,
                1.3667378648619694e-08,
                1.4160769923713338e-09,
                0.38734079770645397,
                0.6126591366613133
            ],
            [
                0.0002459040552619515,
                2.5877022934858397e-08,
                2.7503801267775168e-08,
                0.10060790477290434,
                0.8991461377910096
            ]
        ],
        [
            [
                0.9998775213269343,
                0.00012247315483079495,
                2.1404438257682225e-10,
                4.539801382246537e-09,
                7.64389191517834e-10
            ],
            [
                0.01841906047055607,
                0.9815809166052288,
                1.360162615117337e-08,
                8.867497869246787e-09,
                4.550909437736536e-10
            ],
            [
                9.939998232834912e-12,
                6.0867114183839066e-12,
                0.9999999999367719,
                2.006128424924196e-11,
                2.714012811139332e-11
            ],
            [
                3.3453086232230683e-06,
                7.30655485637739e-10,
                2.7933400056408066e-09,
                5.644473363932807e-05,
                0.9999402064337419
            ],
            [
                1.0598781185091632e-08,
                2.879347795152673e-10,
                4.844723397024045e-09,
                0.0013495864577272036,
                0.9986503978108334
            ]
        ],
        [
            [
                0.9459744019653592,
                0.05402555631946939,
                9.111032236200503e-10,
                2.4127631014276993e-08,
                1.667643717753539e-08
            ],
            [
                0.7861683047845023,
                0.2138316567454306,
                1.3022935418369337e-08,
                2.3159270166269764e-08,
                2.287861333016241e-09
            ],
            [
                1.7530926860730874e-06,
                0.00027850447086667915,
                0.9860863167985783,
                0.012826054074948724,
                0.0008073715629202656
            ],
            [
                1.417834567615393e-09,
                6.882260043499635e-10,
                1.2167842032695e-09,
                0.18556165263386143,
                0.8144383440432937
            ],
            [
                0.1704092579681984,
                1.6254541512010964e-08,
                1.3811801476916138e-09,
                0.17039295558805476,
                0.6591977688080252
            ]
        ],
        [
            [
                0.9700893438961881,
                0.029910636226737182,
                1.1881142546348734e-09,
                1.6961031034674116e-09,
                1.699285740018945e-08
            ],
            [
                0.3520007418957606,
                0.6479992299134801,
                1.828040206354209e-08,
                3.4537643138724914e-09,
                6.456592930174735e-09
            ],
            [
                3.581089938510554e-07,
                3.3072210642031296e-06,
                0.9994279325835925,
                0.0005677529336286071,
                6.491527207228663e-07
            ],
            [
                1.70024473417882e-08,
                5.528682587720035e-09,
                1.561589326360829e-09,
                0.22741208588122186,
                0.7725878900260589
            ],
            [
                2.60164858444081e-06,
                8.901142560447986e-09,
                3.224257741341015e-10,
                0.00012978786838564518,
                0.9998676012594616
            ]
        ],
        [
            [
                0.9548736674572622,
                0.04512629313143819,
                4.615429158561127e-09,
                3.0566330951894286e-08,
                4.229539410426576e-09
            ],
            [
                0.5833330349761099,
                0.4166667391104745,
                5.0580482629760064e-08,
                1.2685666554236452e-08,
                1.6264726641204288e-07
            ],
            [
                2.185492786731249e-09,
                3.552197551423886e-08,
                0.9999994788659472,
                4.820278428734955e-07,
                1.3987416216737278e-09
            ],
            [
                8.938974898289837e-09,
                3.3427539480382126e-10,
                6.218542677752686e-10,
                0.20006289415999998,
                0.7999370959448955
            ],
            [
                0.00042147230718544895,
                2.206279074599905e-10,
                6.702123246594104e-08,
                0.02956200649927276,
                0.9700164539516815
            ]
        ],
        [
            [
                0.9991752614242457,
                0.0008247222338998623,
                1.3751763858588679e-08,
                5.050985948388098e-10,
                2.084991993950105e-09
            ],
            [
                0.5755044954992354,
                0.4244955020831297,
                1.4276572805606859e-09,
                3.5103234511570135e-10,
                6.389452138731956e-10
            ],
            [
                1.5914717819219043e-11,
                1.2756828568162931e-11,
                0.9999999999572748,
                1.0898438102535529e-11,
                3.155218042522492e-12
            ],
            [
                3.2960967253152907e-09,
                5.6243352281819034e-09,
                1.5078747050576186e-08,
                0.7232514057911806,
                0.27674857020964044
            ],
            [
                5.763404820469445e-08,
                8.42014966132063e-09,
                1.8603228157939506e-09,
                0.4089026907174137,
                0.5910972413680656
            ]
        ],
        [
            [
                0.759665913131617,
                0.24033407856679076,
                2.7186469250895443e-10,
                5.8901112589820516e-09,
                2.139616244731868e-09
            ],
            [
                0.3320915842081928,
                0.6679082332868043,
                1.6306099471787274e-07,
                1.6777061992896754e-08,
                2.6669463725811554e-09
            ],
            [
                2.0482512397352793e-12,
                3.661263099852694e-12,
                0.9999999999872633,
                1.7914620971305645e-12,
                5.235874566145588e-12
            ],
            [
                8.070281891108708e-09,
                1.6990649701314834e-09,
                1.2581910914700727e-09,
                0.29388842348812727,
                0.7061115654843348
            ],
            [
                0.370240848696791,
                2.4947428732449873e-08,
                3.0613842203743864e-08,
                3.204945490310922e-05,
                0.6297270462870349
            ]
        ],
        [
            [
                0.9609869329186859,
                0.039013065016332664,
                1.0710735520114958e-09,
                2.787593089870261e-10,
                7.151486941351743e-10
            ],
            [
                0.5980968636941734,
                0.40190311979281634,
                4.145146987590717e-10,
                1.5320186132784985e-08,
                7.783094054992583e-10
            ],
            [
                3.6981206962044105e-08,
                9.063634508258457e-08,
                0.9999871225578877,
                1.1454857249533904e-05,
                1.2949673106892967e-06
            ],
            [
                1.9459386307885809e-10,
                2.1844572542479435e-10,
                4.3313881331971613e-10,
                0.0008149876915309168,
                0.9991850114622907
            ],
            [
                6.281321498223679e-11,
                4.1610438500842487e-10,
                1.9920300213535043e-09,
                1.3380093104196958e-06,
                0.999998659519742
            ]
        ],
        [
            [
                0.8363016654949804,
                0.16369833088876448,
                1.356097164514364e-09,
                1.0547168377946774e-09,
                1.2054411457664657e-09
            ],
            [
                0.8737589535405788,
                0.1262410421595024,
                1.2850045069851538e-09,
                1.4586588977406133e-09,
                1.5562553858227657e-09
            ],
            [
                3.902301602312557e-13,
                4.3178255072015235e-12,
                0.9999999999911928,
                3.0100468224995112e-12,
                1.0892151659858565e-12
            ],
            [
                0.0017155212821487653,
                1.0157336963707692e-09,
                2.2484605028339717e-09,
                0.0007451928389045505,
                0.9975392826147524
            ],
            [
                1.3291054338356704e-07,
                2.2356231024880914e-09,
                1.0197320823086043e-08,
                0.004353539508086265,
                0.9956463151484265
            ]
        ],
        [
            [
                0.828704988924171,
                0.17129498128569529,
                2.9034645261925674e-09,
                1.3177792840279021e-08,
                1.3708876379586523e-08
            ],
            [
                0.5442612306359198,
                0.4557385305798932,
                8.355726302316e-08,
                4.461174135640077e-08,
                1.1061518259077904e-07
            ],
            [
                2.9889359664469665e-07,
                8.061779176476809e-05,
                0.9999184671108194,
                4.2796864645388144e-07,
                1.882351728422271e-07
            ],
            [
                0.40025219226610437,
                6.668970478422055e-07,
                1.61759377253825e-07,
                0.1703907935559395,
                0.42935618552153104
            ],
            [
                0.0013352821619263132,
                1.2770301195525637e-09,
                4.2613846455938245e-08,
                0.07599952479745382,
                0.9226651491497433
            ]
        ],
        [
            [
                0.9999861476889316,
                1.3851995585852529e-05,
                1.5778694279855997e-10,
                8.008993811006895e-11,
                7.76056680042746e-11
            ],
            [
                0.9237847455850278,
                0.0762152491469448,
                2.4816784533530916e-09,
                1.5033837173960766e-10,
                2.6360105676795302e-09
            ],
            [
                3.1821244210626265e-10,
                1.729762932471799e-09,
                0.9999999891380044,
                8.640804419848306e-09,
                1.7321595409473224e-10
            ],
            [
                0.00010941451937295028,
                1.84543683301056e-08,
                2.1439249174460147e-09,
                0.36120933863214666,
                0.6386812262501872
            ],
            [
                3.3683757970610117e-07,
                2.0633682657236307e-10,
                3.30691620865461e-11,
                1.7914308392628742e-06,
                0.999997871492175
            ]
        ],
        [
            [
                0.8236964541325349,
                0.1763035146549772,
                1.3822128944471403e-09,
                2.5479123885237722e-08,
                4.351151197868063e-09
            ],
            [
                0.9430136920645487,
                0.056986306381688306,
                2.916967798153653e-10,
                1.340675227853879e-10,
                1.127998740348231e-09
            ],
            [
                1.4942181054457265e-09,
                2.105983867821186e-08,
                0.9999996596113153,
                2.9026177898619834e-07,
                2.7572848949539133e-08
            ],
            [
                0.3478689179827937,
                6.832215411854748e-09,
                3.893894731128437e-07,
                0.3167186038318697,
                0.3354120819636481
            ],
            [
                0.1993654664773055,
                1.131672834299097e-09,
                3.6753708689790915e-09,
                9.579000949300145e-07,
                0.8006335708155559
            ]
        ],
        [
            [
                0.7930273136351315,
                0.2069726795735857,
                2.4158392559635954e-09,
                2.6472849207470615e-09,
                1.7281587413443647e-09
            ],
            [
                0.17308558321507322,
                0.8269136661155592,
                5.409093673910829e-08,
                3.7020872165412405e-07,
                3.263697092103532e-07
            ],
            [
                1.4057983811573676e-07,
                6.691758678392937e-07,
                0.9878656768176176,
                0.01211919667628751,
                1.4316750388940085e-05
            ],
            [
                0.3329725765736313,
                2.5255273606131525e-09,
                7.860873610532257e-09,
                0.05410017952129229,
                0.6129272335186755
            ],
            [
                0.004593816821407795,
                1.7828192205332103e-08,
                4.193714572297752e-08,
                0.34633227545813045,
                0.6490738479551238
            ]
        ],
        [
            [
                0.8217193376412955,
                0.1782806277976973,
                5.895939240791865e-09,
                1.7137477731170877e-08,
                1.1527590283509676e-08
            ],
            [
                0.13700672353769006,
                0.8629918448959839,
                1.2630507873430948e-06,
                1.599994444935953e-07,
                8.516094184499962e-09
            ],
            [
                1.7425687705944783e-05,
                0.005905850903817394,
                0.993844814867728,
                0.00019026849863207937,
                4.1640042116547996e-05
            ],
            [
                0.036484962117540966,
                1.107979895562127e-09,
                3.667941087209176e-09,
                0.19918683468306445,
                0.7643281984234737
            ],
            [
                8.733100642193105e-09,
                3.252128529380232e-10,
                9.342878883376445e-10,
                0.3990129855912621,
                0.6009870044161364
            ]
        ],
        [
            [
                0.8957653110557143,
                0.10423465805388356,
                6.127785161142547e-10,
                2.4014473235075745e-08,
                6.263150298114076e-09
            ],
            [
                0.05041549147990281,
                0.9493863039181994,
                0.00018639372341972473,
                8.455231936637578e-06,
                3.3556465412836606e-06
            ],
            [
                6.464730711060472e-10,
                3.15789578363734e-09,
                0.9999999749861299,
                2.1016979826726615e-08,
                1.9252142253411293e-10
            ],
            [
                1.5191908857581018e-05,
                1.2031815587064843e-08,
                3.7349826671711366e-08,
                0.01517214554168758,
                0.9848126131678127
            ],
            [
                0.0013390230372621588,
                2.0790850095665578e-09,
                1.3082977716515258e-09,
                0.1974592044176078,
                0.8012017691577472
            ]
        ],
        [
            [
                0.997171553311398,
                0.0028284387335548097,
                2.1384579874611168e-09,
                9.924755778317473e-10,
                4.82411364763409e-09
            ],
            [
                0.5992913653475755,
                0.4007085846198855,
                4.2851103878817956e-10,
                3.743367936298075e-08,
                1.217034844341678e-08
            ],
            [
                1.861366708452837e-08,
                4.804249164476965e-08,
                2.289020862520424e-06,
                0.5624865329947355,
                0.4375111113282433
            ],
            [
                2.987096516216095e-08,
                4.696562303304976e-09,
                4.5587503833771724e-10,
                0.19831529694405864,
                0.8016846680325389
            ],
            [
                1.0303710312279056e-07,
                9.989693698442388e-09,
                1.971968416969504e-09,
                0.373359009404209,
                0.6266408755970257
            ]
        ],
        [
            [
                0.9999995932610626,
                4.0077697994627473e-07,
                6.807377267450114e-10,
                4.572163730528127e-09,
                7.090560197666821e-10
            ],
            [
                0.026887875517895087,
                0.9731082544658343,
                3.4293403681415606e-06,
                4.366969189201286e-07,
                3.978983747441679e-09
            ],
            [
                1.032890142411631e-10,
                2.8427294503532857e-11,
                0.9999999991524924,
                5.267264575399489e-10,
                1.8906468000359038e-10
            ],
            [
                6.924265782207812e-09,
                8.681753558096394e-09,
                1.1925592419715486e-09,
                0.012590666695509326,
                0.987409316505912
            ],
            [
                3.118012329506817e-08,
                2.0150214965495126e-10,
                1.5765340694870236e-09,
                0.19999997492051022,
                0.7999999921213303
            ]
        ],
        [
            [
                0.9996092815042518,
                0.000390717072280863,
                4.45554437192525e-10,
                1.1246332607816528e-10,
                8.654494765815214e-10
            ],
            [
                0.6949514524588006,
                0.3050483962680854,
                6.81195393895082e-08,
                7.037388794347471e-08,
                1.2779686650540868e-08
            ],
            [
                3.801146816866281e-08,
                1.0688491549021536e-07,
                0.9999993455043841,
                4.2106354887556895e-07,
                8.853568335018602e-08
            ],
            [
                0.1995916567796533,
                2.2201204668176313e-09,
                3.424624389668387e-09,
                0.1358604261184054,
                0.6645479114571966
            ],
            [
                8.861968896069131e-07,
                7.054087808645298e-09,
                6.473090595555303e-10,
                0.003649487942297577,
                0.9963496181594159
            ]
        ],
        [
            [
                0.7966341215193368,
                0.20336584107028666,
                6.557750469708401e-09,
                6.192669698531769e-09,
                2.4659956394690943e-08
            ],
            [
                0.4999448490309234,
                0.5000551268401622,
                1.0427711203926239e-08,
                8.791315112059253e-09,
                4.909888104282032e-09
            ],
            [
                3.3911932205904827e-08,
                1.2590770123382528e-06,
                0.9999985675677735,
                4.1681742321986485e-08,
                9.776153971538564e-08
            ],
            [
                0.06416406695124512,
                2.710878915460605e-09,
                3.951359591208481e-09,
                0.19056771118160074,
                0.7452682152049156
            ],
            [
                3.676176571265431e-07,
                1.3656214105391634e-10,
                2.599285741284899e-10,
                0.00038535000140275065,
                0.9996142819844493
            ]
        ],
        [
            [
                0.9523589683652972,
                0.04764092239490795,
                1.6864968834219627e-08,
                6.496276829299168e-08,
                2.741205775214654e-08
            ],
            [
                0.4217119307049161,
                0.5782878523383884,
                1.9481909149146477e-07,
                3.397703002650953e-09,
                1.8739901002063388e-08
            ],
            [
                4.309758450367297e-06,
                2.5679131756679595e-05,
                0.9997695475545545,
                0.00011426646318983204,
                8.619709204876234e-05
            ],
            [
                0.0010440474062417143,
                9.864995872907472e-09,
                4.638816169384814e-09,
                0.19069601048792995,
                0.8082599276020164
            ],
            [
                1.0798566035363638e-06,
                8.856630131170482e-09,
                3.600169057860372e-10,
                0.09216078792510711,
                0.9078381230016423
            ]
        ],
        [
            [
                0.9999998075013874,
                1.9236803434974015e-07,
                7.20302717777761e-11,
                2.4688642018670754e-11,
                3.3859207894396664e-11
            ],
            [
                0.42737084126944425,
                0.5726290907401943,
                4.9896579819582484e-08,
                7.102617598967685e-09,
                1.0991163979822482e-08
            ],
            [
                6.92603086609299e-06,
                0.010350991927548313,
                0.8990587043625283,
                0.08783465187171405,
                0.002748725807343099
            ],
            [
                3.720671580182697e-07,
                1.4519503359313835e-08,
                5.338823883630297e-10,
                0.0013411052412299147,
                0.9986585076382263
            ],
            [
                1.4392215503588046e-06,
                1.3291995157174746e-07,
                1.3564674864854225e-07,
                0.019071780578649982,
                0.9809265116330994
            ]
        ],
        [
            [
                0.9978473538420913,
                0.002152638854778744,
                5.693350066149527e-09,
                1.317508961989e-09,
                2.9227101395590217e-10
            ],
            [
                0.6503580507740865,
                0.34964194134798804,
                3.1307952235032098e-09,
                2.3370168495092955e-09,
                2.4101132410534753e-09
            ],
            [
                1.7116084305590184e-08,
                1.1666257620938362e-07,
                0.9999995007095743,
                3.5561032309005697e-07,
                9.901441984813532e-09
            ],
            [
                1.2722777815905465e-07,
                1.1799464758073956e-08,
                8.652069669495782e-10,
                0.10045239631039327,
                0.8995474637971568
            ],
            [
                2.7821909645875846e-07,
                1.5952097148507154e-08,
                9.966685656357436e-09,
                0.0190699734050731,
                0.9809297224570477
            ]
        ],
        [
            [
                0.9550705334449876,
                0.0449294629330541,
                2.152642470961161e-09,
                4.516776169754713e-10,
                1.0176382054070084e-09
            ],
            [
                0.763585996883458,
                0.23641398253935972,
                1.3622417132830714e-08,
                2.7411512665590013e-09,
                4.213613859612141e-09
            ],
            [
                4.81804013110752e-08,
                1.812139570577182e-09,
                7.837441892383808e-08,
                0.8006272773127896,
                0.19937259432025062
            ],
            [
                0.19970085950497093,
                1.013642510292638e-08,
                1.2645039375679597e-08,
                0.15906570702120548,
                0.6412334106923591
            ],
            [
                1.1164416510520178e-08,
                3.4425755374124685e-09,
                5.850690025506079e-10,
                0.7945800688691307,
                0.2054199159388082
            ]
        ],
        [
            [
                0.8118732885448771,
                0.18812669729483142,
                3.8949155589561773e-10,
                7.077684619661256e-10,
                1.3063031483232795e-08
            ],
            [
                0.5483437087215115,
                0.45165627848962603,
                5.875792337013671e-10,
                5.400485123831026e-09,
                6.800798151468413e-09
            ],
            [
                1.8573300923806846e-08,
                3.1713996485307775e-05,
                0.9999675707317216,
                3.432526207717668e-07,
                3.5344587139862057e-07
            ],
            [
                5.2271197758879796e-05,
                6.511561134312221e-10,
                4.780892686426068e-10,
