{
    "[['A', 'B', 'C', 'D', 'E'], ['A', 'B', 'C', 'D', 'E']]": [
        [
            [
                0.617968411624068,
                0.3820315870787009,
                4.760220986722573e-10,
                6.379921041856346e-10,
                1.8321676259993548e-10
            ],
            [
                7.818792673209435e-10,
                2.9036767148432476e-09,
                2.6791250462620532e-08,
                0.6287809188777478,
                0.37121905064544575
            ],
            [
                4.911161037051996e-09,
                7.199073535712742e-07,
                6.347229966410766e-07,
                0.787077745577281,
                0.21292089488120775
            ],
            [
                6.700518612488318e-09,
                3.630692616662538e-09,
                5.3143439908940057e-08,
                0.3292060511110913,
                0.6707938854142576
            ],
            [
                6.938922408558778e-10,
                5.450041802329167e-10,
                4.806662590486595e-10,
                0.009666320962705968,
                0.9903336773177314
            ]
        ],
        [
            [
                0.9999999409761015,
                5.810857904848507e-08,
                3.1517995841215177e-11,
                9.41158288969533e-12,
                8.743899965727287e-10
            ],
            [
                0.40145392438357663,
                0.5985460724959594,
                8.579677215997871e-10,
                1.5036418216657464e-09,
                7.588544027252494e-10
            ],
            [
                3.853984223530274e-09,
                3.1189498833572438e-09,
                2.7661224881759313e-08,
                0.7029073817666212,
                0.2970925835992199
            ],
            [
                7.190292286773893e-10,
                1.1700330703848048e-08,
                1.540728739296528e-09,
                0.06222395345432201,
                0.9377760325855893
            ],
            [
                1.1527894317760567e-09,
                7.57208386668421e-09,
                1.1342605833525539e-08,
                0.0035834199900302665,
                0.9964165599424906
            ]
        ],
        [
            [
                0.9989555213288579,
                0.0010444785278523026,
                8.973345750505228e-11,
                7.300570067664517e-12,
                4.625561953035023e-11
            ],
            [
                0.7708813995112874,
                0.22911859687683833,
                3.1879311913183654e-11,
                3.374302451180403e-09,
                2.0569250499043322e-10
            ],
            [
                1.0381767729086924e-06,
                1.4075228695500813e-06,
                0.74199590175146,
                0.2015240195417167,
                0.056477633007180846
            ],
            [
                1.1299274721385741e-08,
                2.129124792880498e-09,
                1.0558487733286146e-10,
                0.09116264422519325,
                0.9088373422408224
            ],
            [
                7.69934557300076e-10,
                1.4584962059568102e-09,
                1.380986494050096e-10,
                0.009691175315383474,
                0.9903088223180871
            ]
        ],
        [
            [
                0.9997719148339673,
                0.00022808338023613505,
                1.6787050976589802e-10,
                3.2114459961915463e-10,
                1.2967814817240538e-09
            ],
            [
                0.015980791721605617,
                0.9840191101300968,
                2.2506971130495353e-08,
                7.247237304383868e-08,
                3.1689534981603948e-09
            ],
            [
                2.385937127409545e-11,
                8.362520228010917e-12,
                0.9999999993242525,
                3.6028053232562e-10,
                2.832453061682434e-10
            ],
            [
                6.960122901690941e-10,
                1.0206433943860722e-09,
                1.536401340731432e-08,
                0.19468689173144046,
                0.8053130911878904
            ],
            [
                6.64818831730893e-10,
                2.466839254351729e-10,
                9.826577660239175e-11,
                0.0011537509124109353,
                0.9988462480778205
            ]
        ],
        [
            [
                0.807465395102692,
                0.1925346042378062,
                5.6499756177459574e-11,
                5.77550402190535e-10,
                2.5451593731733294e-11
            ],
            [
                0.4988719479007281,
                0.5011278881324155,
                1.5768762630910744e-07,
                5.3760569642897804e-09,
                9.031732104627821e-10
            ],
            [
                1.3949410567062624e-08,
                3.5430799383293374e-09,
                6.544765432147274e-10,
                0.6122127173760161,
                0.3877872644770168
            ],
            [
                1.0136387666304667e-08,
                7.860732120539167e-10,
                1.4115616029983925e-09,
                0.18263623002049564,
                0.8173637576454819
            ],
            [
                1.548077159381785e-09,
                1.788562899101971e-09,
                1.118055603897695e-09,
                0.08074580908537546,
                0.9192541864599288
            ]
        ],
        [
            [
                0.9991753140987883,
                0.0008246856251614274,
                1.797350372583289e-10,
                7.688001695535498e-11,
                1.943515348724742e-11
            ],
            [
                0.45866866502634496,
                0.5413270239909075,
                3.828680039036821e-06,
                4.064523208183516e-07,
                7.585038782520219e-08
            ],
            [
                1.148777700275295e-10,
                1.4214966746492728e-09,
                6.218548309019255e-09,
                0.6983024783800271,
                0.30169751386505006
            ],
            [
                1.6271716567644913e-09,
                7.504077341363141e-10,
                6.899635518241168e-10,
                0.04507734529988912,
                0.954922651632568
            ],
            [
                6.70938503320973e-05,
                2.4275355238876455e-09,
                4.230245841403777e-09,
                0.1964606645944962,
                0.8034722348973904
            ]
        ],
        [
            [
                0.9999474012655886,
                5.259841711395525e-05,
                1.288451942300454e-10,
                3.177410570779639e-11,
                1.5667826341314165e-10
            ],
            [
                0.006969052615423698,
                0.9930257305417994,
                4.878438460240443e-06,
                3.2942468579799376e-07,
                8.979630831762485e-09
            ],
            [
                2.3511274660559946e-09,
                1.4959125673262403e-08,
                3.631200206359304e-07,
                0.5951315806996635,
                0.40486803887006273
            ],
            [
                4.343353964226154e-10,
                1.8372195189447983e-10,
                4.970939390895147e-10,
                0.009627840061931214,
                0.9903721588229175
            ],
            [
                9.28373343453116e-10,
                8.538919124015556e-10,
                1.8369530541903165e-10,
                0.0028995025452761836,
                0.9971004954887632
            ]
        ],
        [
            [
                0.8094823355628215,
                0.1905176642678839,
                2.053619124857999e-11,
                1.2969042039511539e-10,
                1.9067959800220166e-11
            ],
            [
                0.008172566896571002,
                0.99181685375536,
                9.004042577445822e-06,
                2.2099757639158558e-07,
                1.3543079151573287e-06
            ],
            [
                1.3472062623767193e-09,
                1.3334145298967894e-08,
                2.7675713785632325e-10,
                0.3245078103712003,
                0.675492174670691
            ],
            [
                1.2749043611680627e-08,
                1.4975037897381491e-09,
                1.8867748540772034e-09,
                0.17616767737823794,
                0.8238323064884397
            ],
            [
                7.993375131447913e-10,
                2.1656290141081657e-09,
                1.5039084249256259e-09,
                0.0014732439201428022,
                0.9985267516109824
            ]
        ],
        [
            [
                0.9982693134937357,
                0.001730684262623851,
                1.9158905436954665e-10,
                2.0946126703582613e-10,
                1.8425900905736786e-09
            ],
            [
                6.111090250586768e-09,
                7.06237496092265e-09,
                3.1089811880402566e-07,
                0.4528560900558085,
                0.5471435858726076
            ],
            [
                1.4762198119104711e-09,
                4.640064668673781e-10,
                1.4771688884428614e-09,
                0.3854006028287539,
                0.614599393753851
            ],
            [
                1.0764233055356742e-10,
                1.5619475521949147e-09,
                2.3781132771806427e-11,
                0.00012039948916596981,
                0.999879598817463
            ],
            [
                2.759574081693045e-09,
                1.0312609393543583e-08,
                2.09435715176042e-09,
                0.18374690417591077,
                0.8162530806575485
            ]
        ],
        [
            [
                0.9999138812283712,
                8.611830940743117e-05,
                4.463829703588171e-11,
                3.8018724916096316e-10,
                3.739576664176196e-11
            ],
            [
                0.08981392430630825,
                0.9101850481449874,
                1.0091981567237938e-06,
                1.7626515283341068e-08,
                7.240324754782657e-10
            ],
            [
                7.704557875902747e-10,
                6.42529340421711e-09,
                1.5589910627084725e-07,
                0.5108214071057687,
                0.48917842979937587
            ],
            [
                1.7395975150905648e-09,
                4.4468829520951335e-09,
                1.9095543755318164e-09,
                0.19254092348944302,
                0.8074590684145221
            ],
            [
                2.753286917145871e-10,
                6.670506006059375e-10,
                4.5987017665725826e-10,
                0.0047832492773260925,
                0.9952167493204245
            ]
        ],
        [
            [
                0.8238393637005292,
                0.17616063554935193,
                8.88689795187961e-11,
                6.028738504482695e-10,
                5.83759070301298e-11
            ],
            [
                2.0653825842728976e-08,
                1.1740023309075528e-07,
                9.950478484461875e-07,
                0.9732283274465994,
                0.02677053945149326
            ],
            [
                6.783660509292106e-10,
                3.6369183355331833e-09,
                5.6518627005804856e-09,
                0.4845329300098024,
                0.5154670600230505
            ],
            [
                1.681097047478214e-08,
                8.428188447589466e-10,
                7.197630576554854e-09,
                0.16012804398681146,
                0.8398719311617687
            ],
            [
                1.49951336371916e-09,
                9.56050329483561e-10,
                2.2839474462778018e-08,
                0.17828505515027157,
                0.8217149195546902
            ]
        ],
        [
            [
                0.9120444230574736,
                0.08795557555293758,
                4.773616511977716e-10,
                7.621459385429025e-10,
                1.5008130987995788e-10
            ],
            [
                0.16615106244806022,
                0.8338488980060896,
                5.772116155169114e-09,
                1.573521808335651e-08,
                1.803851588089097e-08
            ],
            [
                5.710517936417752e-08,
                1.5331337466459792e-08,
                6.570956425268444e-09,
                0.36951740174637737,
                0.6304825192461494
            ],
            [
                3.2052419449994874e-09,
                1.8908639437812225e-09,
                9.85682911716619e-10,
                0.00012922625308164356,
                0.9998707676651295
            ],
            [
                8.935195011248844e-09,
                3.0962639884520146e-09,
                3.5388071475759664e-08,
                0.03649678245313349,
                0.9635031701273361
            ]
        ],
        [
            [
                0.9999996470336666,
                3.5291167135718154e-07,
                7.600133564402876e-13,
                4.4493423406761476e-11,
                9.408492378641056e-12
            ],
            [
                1.771802984372639e-08,
                2.54356968083186e-07,
                8.466461910971393e-08,
                0.9222101572522856,
                0.07778948600809732
            ],
            [
                3.115309157439703e-09,
                5.064818517015208e-09,
                2.7300739658436585e-08,
                0.7556991002346616,
                0.24430086428447112
            ],
            [
                2.006073831382969e-09,
                1.8368294781310238e-09,
                2.041075111496339e-10,
                0.0983867509426077,
                0.9016132450103814
            ],
            [
                5.185544089296119e-09,
                1.1762295198159156e-09,
                1.0471765727527373e-09,
                5.1008556742555734e-05,
                0.9999489840343073
            ]
        ],
        [
            [
                0.999997388692083,
                2.6104830224523434e-06,
                5.218157183710213e-11,
                1.111938193209663e-10,
                6.615192147788327e-10
            ],
            [
                0.6228511440272759,
                0.3771487109754507,
                3.465202268187646e-09,
                1.3721933899830023e-07,
                4.312732192818366e-09
            ],
            [
                3.38561080393375e-10,
                6.574475132235997e-10,
                4.776346473401459e-08,
                0.7303932816400485,
                0.2696066696004782
            ],
            [
                4.145815822572794e-10,
                1.7924305585210602e-09,
                8.917235238772545e-09,
                0.02719232249633255,
                0.9728076663794201
            ],
            [
                4.351930447450937e-09,
                4.743050833345462e-09,
                1.0931066733900085e-08,
                0.11339697148878858,
                0.8866030084851634
            ]
        ],
        [
            [
                0.999690683862524,
                0.00030931600782237634,
                4.029351383908424e-11,
                3.1334453462844855e-11,
                5.80254320803444e-11
            ],
            [
                1.6478872537670532e-08,
                3.1313197674416965e-09,
                5.654608005173028e-09,
                0.7777045372240212,
                0.2222954375111784
            ],
            [
                9.139949143562362e-09,
                1.1876193946801104e-09,
                2.3178499424739342e-09,
                0.41355729465406155,
                0.5864426927005201
            ],
            [
                1.3079960068124518e-08,
                5.551664283923016e-09,
                2.691624180238971e-09,
                0.0012582972385777422,
                0.9987416814381737
            ],
            [
                4.625667659309786e-09,
                1.0022760681322095e-09,
                1.4149392744519517e-09,
                0.004802946229250687,
                0.9951970467278662
            ]
        ],
        [
            [
                0.9999994139019277,
                5.849141175624345e-07,
                1.6550157761352727e-11,
                3.46560359050071e-11,
                1.132748442270307e-09
            ],
            [
                0.6546896598442452,
                0.3453103388693262,
                5.2449706363663186e-11,
                1.0455540301001483e-09,
                1.8842488416962e-10
            ],
            [
                1.8522929043031138e-09,
                9.341120173489489e-10,
                1.1193902099898663e-08,
                0.8962153412080055,
                0.10378464481168746
            ],
            [
                2.3405929942101374e-10,
                9.720006919328338e-10,
                5.670121229909839e-10,
                0.005877812265905,
                0.994122185961023
            ],
            [
                1.395799752392666e-10,
                1.665522511051624e-11,
                6.262815582484632e-11,
                0.005862476023991381,
                0.9941375237571453
            ]
        ],
        [
            [
                0.9999994179883812,
                5.819834411745047e-07,
                3.6898992108371725e-12,
                2.1537378317132535e-11,
                2.9502564085145727e-12
            ],
            [
                1.8674362247366885e-09,
                3.2284368584611385e-08,
                3.5776037192052607e-09,
                0.8875409230357683,
                0.11245903923482319
            ],
            [
                6.413187579563992e-09,
                7.055127281470379e-09,
                8.513007500393856e-09,
                0.44587974533181063,
                0.554120232686867
            ],
            [
                9.406322928067232e-10,
                7.423519924384547e-10,
                1.9924679054813527e-10,
                0.0006376190345350637,
                0.9993623790832339
            ],
            [
                3.4091409336787545e-09,
                8.581535384949883e-10,
                4.413131943008627e-09,
                0.19274901651374704,
                0.8072509748058266
            ]
        ],
        [
            [
                0.9989514416308574,
                0.0010485581027904975,
                1.4437065729896328e-11,
                1.206610789752912e-10,
                1.3125400494434542e-10
            ],
            [
                2.8735887288797606e-09,
                5.5176880331993356e-09,
                1.4975184696693962e-09,
                0.16204411535496402,
                0.8379558747562407
            ],
            [
                6.731660982575329e-09,
                4.902989138284995e-09,
                9.215061530522017e-09,
                0.5920785257393097,
                0.4079214534109786
            ],
            [
                1.1923667432796465e-09,
                2.750777513151395e-09,
                2.5892864413039826e-08,
                0.20621407257672295,
                0.7937858975872684
            ],
            [
                1.7056786374745736e-08,
                1.5278523402463376e-09,
                1.2589498642279252e-10,
                0.2717390008875858,
                0.7282609804018806
            ]
        ],
        [
            [
                0.998550864964949,
                0.0014491343170219498,
                1.849863033205271e-10,
                3.3781217306254496e-10,
                1.952304832323823e-10
            ],
            [
                0.003988561829275871,
                0.9848249920670595,
                0.009158796879294308,
                0.0020230220999071092,
                4.627124463172565e-06
            ],
            [
                1.7296789397264105e-08,
                1.669310184267833e-08,
                1.748826844671647e-07,
                0.48653457364718883,
                0.5134652174802354
            ],
            [
                2.293831840214097e-09,
                1.0498332894230596e-09,
                8.306154937215291e-08,
                0.6261957817821645,
                0.37380413181262095
            ],
            [
                6.092788786581016e-10,
                2.3293982035275463e-10,
                2.0774534672383372e-08,
                0.1827839671355804,
                0.8172160112476663
            ]
        ],
        [
            [
                0.9986606459480974,
                0.0013393527396386414,
                4.964127649592544e-10,
                2.1096734687632525e-10,
                6.048837489002772e-10
            ],
            [
                0.5856460052223526,
                0.4143539884938762,
                4.920967030061113e-09,
                7.530288775461952e-10,
                6.097753982338742e-10
            ],
            [
                8.651544318508342e-09,
                5.207220695114983e-09,
                2.6697680357785366e-09,
                0.7501677501071105,
                0.24983223336435648
            ],
            [
                7.46770025094767e-07,
                1.103515240957949e-08,
                4.222898250488559e-09,
                0.01409987726585519,
                0.9858993607060691
            ],
            [
                1.3355165999476194e-08,
                2.4734684631060713e-08,
                1.0271076611959795e-08,
                0.07290577592519083,
                0.927094175713882
            ]
        ],
        [
            [
                0.9925340160117714,
                0.00746598278301417,
                4.936666775227925e-10,
                3.831141485854601e-10,
                3.284335941918813e-10
            ],
            [
                0.003227390753255018,
                0.9967528022848083,
                1.9420766293196225e-05,
                3.406969138515772e-07,
                4.549872953294449e-08
            ],
            [
                4.203543770653145e-11,
                1.965248267769848e-09,
                3.306407772263147e-10,
                0.40125832510501963,
                0.5987416725570558
            ],
            [
                2.48246652247777e-11,
                1.623364961025212e-09,
                9.068222847996721e-10,
                0.05447544371335469,
                0.9455245537316335
            ],
            [
                9.577804033395773e-07,
                9.251276977261658e-10,
                4.459698326591854e-09,
                0.056613623463051974,
                0.9433854133717187
            ]
        ],
        [
            [
                0.9999221773637987,
                7.782148306862327e-05,
                5.133458669521791e-11,
                7.567070532458167e-10,
                3.450909904298047e-10
            ],
            [
                0.593228023029919,
                0.4067719761106703,
                2.890404189830135e-10,
                1.591794966932616e-10,
                4.111907111554307e-10
            ],
            [
                9.116592373401882e-09,
                6.7703439869462115e-09,
                3.8591515910870596e-10,
                0.5172790716307964,
                0.48272091209635204
            ],
            [
                9.373643343167781e-10,
                3.7178239360258025e-09,
                3.671323349331495e-09,
                0.23161724507018183,
                0.7683827466033065
            ],
            [
                5.551732053718153e-11,
                5.296469094072122e-10,
                1.37833554741337e-10,
                9.178220306940331e-06,
                0.9999908210566953
            ]
        ],
        [
            [
                0.9999984203203859,
                1.5796233716612177e-06,
                5.456278497935843e-12,
                2.147192160718648e-11,
                2.931421576658152e-11
            ],
            [
                0.6443084413633424,
                0.3556915551897414,
                8.475574935457824e-10,
                1.0821783672813196e-09,
                1.5171800505360366e-09
            ],
            [
                6.171405381524052e-10,
                1.1215603262424082e-09,
                1.4683058745803816e-09,
                0.7475380698686814,
                0.25246192692431185
            ],
            [
                1.719871166891969e-09,
                1.5103507073208657e-09,
                1.5921689729751991e-09,
                0.0002938895634893667,
                0.9997061056141198
            ],
            [
                1.575548147647521e-11,
                1.0762744860048611e-09,
                9.953144396009034e-10,
                0.0045958584821357675,
                0.9954041394305198
            ]
        ],
        [
            [
                0.8545401142606832,
                0.14545986907058248,
                6.45219345090195e-10,
                1.40167200456038e-08,
                2.0067949053138572e-09
            ],
            [
                0.8000402465712977,
                0.19995975311735373,
                1.8664906723427733e-10,
                8.875766358412045e-11,
                3.594189105422424e-11
            ],
            [
                5.392824600738421e-07,
                4.513930140716375e-06,
                0.20147745565110056,
                0.791882240755647,
                0.0066352503806516435
            ],
            [
                1.6228022892105598e-09,
                1.1821893350140936e-09,
                1.1187990727299259e-09,
                0.010123028194654977,
                0.9898769678815543
            ],
            [
                4.302924357338722e-09,
                1.8433583210605827e-09,
                1.5121962811649596e-09,
                0.0003273662901515243,
                0.9996726260513695
            ]
        ],
        [
            [
                0.9995838813404957,
                0.0004161174085802508,
                7.037545542421607e-10,
                1.4393550649236173e-10,
                4.032339667049307e-10
            ],
            [
                2.122554086687706e-09,
                2.1981170286304892e-09,
                4.929803423651487e-10,
                0.42486852155663074,
                0.5751314736297178
            ],
            [
                9.989465974040073e-10,
                1.488816809664115e-09,
                9.648028153716737e-09,
                0.7969736153666438,
                0.20302637249756467
            ],
            [
                2.171502831767803e-09,
                7.985937401502705e-10,
                9.465339746331036e-09,
                0.21877925961835745,
                0.7812207279462062
            ],
            [
                2.603486933232142e-06,
                1.2478241172717244e-08,
                2.2792855710195305e-09,
                0.20000709596065716,
                0.7999902857948828
            ]
        ],
        [
            [
                0.800299540707983,
                0.19970045703288683,
                6.754004995825016e-12,
                1.4698102804269722e-10,
                2.105395180646179e-09
            ],
            [
                7.237490469213446e-08,
                3.7983831851499e-05,
                3.646996630155299e-06,
                0.8811843519922001,
                0.11877394480441354
            ],
            [
                1.319676390050074e-09,
                3.197256120681723e-09,
                7.075859600708527e-09,
                0.6406275201949923,
                0.3593724682122157
            ],
            [
                2.465435901146297e-09,
                6.676876920485453e-10,
                4.816017488451647e-10,
                0.07552997288257343,
                0.9244700235027012
            ],
            [
                2.428993690459804e-09,
                9.18379053409639e-10,
                2.8237904045512695e-08,
                0.13362116618418773,
                0.8663788022305354
            ]
        ],
        [
            [
                0.9942348960249455,
                0.005765102407552063,
                1.5808285440360077e-10,
                8.044067541629286e-10,
                6.050127672574175e-10
            ],
            [
                0.07778534810538083,
                0.9221812881993846,
                3.292276024939163e-05,
                2.556033024912321e-07,
                1.8533168262401803e-07
            ],
            [
                1.3061811235970975e-08,
                7.84400927047456e-09,
                5.903594184677646e-09,
                0.803063136751066,
                0.1969368364395193
            ],
            [
                4.2438306624808e-10,
                6.862726153210566e-10,
                1.9454393275050327e-11,
                0.023881351351339276,
                0.9761186475185506
            ],
            [
                5.5705739187611856e-09,
                1.1269309673881416e-09,
                1.0297415969234266e-08,
                0.03547194589950522,
                0.9645280371055739
            ]
        ],
        [
            [
                0.9244901398334977,
                0.07550985941323739,
                1.3852479897138603e-10,
                1.1414160287511338e-10,
                5.005985972899021e-10
            ],
            [
                2.715268176796575e-08,
                1.1886996733358131e-08,
                1.4707059641374245e-07,
                0.7992339721795508,
                0.2007658417101742
            ],
            [
                5.203715199784356e-09,
                3.915036358102595e-09,
                9.128930671800728e-09,
                0.8180902495083576,
                0.1819097322439601
            ],
            [
                1.0723512187021638e-07,
                7.292447478288959e-08,
                1.3782219768167323e-09,
                0.015557049276008794,
                0.9844427691861726
            ],
            [
                1.6371850774392428e-09,
                8.266646830760294e-10,
                9.56972501147986e-10,
                0.07770604153930974,
                0.922293955039868
            ]
        ],
        [
            [
                0.8463219245453625,
                0.15367807384502222,
                9.861303430198487e-10,
                2.3408542661162546e-10,
                3.893993749111259e-10
            ],
            [
                0.5082139945448307,
                0.4917830006300841,
                2.8980923638769233e-07,
                4.5523034771212423e-07,
                2.2597855011171897e-06
            ],
            [
                1.9503906316767712e-09,
                2.5586146551986677e-07,
                1.9134040820167602e-07,
                0.546255323312996,
                0.4537442275347397
            ],
            [
                1.7708498402524862e-09,
                2.1844348980509846e-09,
                8.46458940446196e-09,
                0.0016398654514778886,
                0.998360122128648
            ],
            [
                2.287410372755723e-09,
                2.199051927376477e-10,
                3.9777822197536394e-10,
                7.39323711696506e-06,
                0.9999926038577893
            ]
        ],
        [
            [
                0.9989435706105282,
                0.0010564288291624784,
                4.1066893810718967e-10,
                5.987120552112398e-11,
                8.976908204748435e-11
            ],
            [
                0.20396224924689196,
                0.7960377418519877,
                7.2692262248741645e-09,
                1.5383342407257636e-09,
                9.355985013071752e-11
            ],
            [
                2.8972278077503573e-09,
                5.362621447529104e-09,
                1.5966604338986923e-08,
                0.5387948750135779,
                0.4612051007599685
            ],
            [
                3.9289269027177936e-10,
                2.839464830570892e-10,
                5.083182736762169e-09,
                0.00195916234979797,
                0.9980408318901801
            ],
            [
                1.1622793272774694e-09,
                4.540157485754272e-08,
                5.1399275363219355e-08,
                0.018107155570213803,
                0.9818927464666566
            ]
        ],
        [
            [
                0.8430142479970264,
                0.15698574720129638,
                8.4063346454134e-10,
                1.0945935980495215e-09,
                2.866450182500915e-09
            ],
            [
                0.1751334998955627,
                0.8248664565012876,
                3.032522474202597e-08,
                1.2940701521262556e-08,
                3.3722336858375685e-10
            ],
            [
                4.355299863234199e-08,
                8.526036648404674e-09,
                1.7043613847292894e-09,
                0.2976574862312328,
                0.7023424599853706
            ],
            [
                6.317065369681482e-09,
                1.184284339598979e-09,
                1.4486068800464778e-09,
                0.1129574073905571,
                0.8870425836594863
            ],
            [
                2.6519976305520937e-08,
                6.483440341226115e-09,
                1.3088023652515621e-08,
                0.123841844922484,
                0.8761581089860757
            ]
        ],
        [
            [
                0.8111784208975715,
                0.1888215781141144,
                6.759184963214013e-10,
                9.824078901202696e-11,
                2.1415490091807245e-10
            ],
            [
                0.9462113777769161,
                0.05378861991458449,
                1.7669340348017927e-09,
                4.443970698482805e-10,
                9.7168219188021e-11
            ],
            [
                1.0981015328557193e-07,
                1.2313404523784359e-06,
                7.659704246926282e-06,
                0.3390421731150581,
                0.6609488260300893
            ],
            [
                1.5306111939100565e-08,
                9.577802004237997e-09,
                1.0950568069555053e-09,
                0.007653909686399277,
                0.9923460643346299
            ],
            [
                3.395038392551716e-10,
                1.3937767999606737e-09,
                4.4767033419332805e-10,
                0.0010481091008864654,
                0.9989518887181625
            ]
        ],
        [
            [
                0.9999978729038796,
                2.127043612007498e-06,
                2.0804302945970806e-11,
                3.0590021134193614e-11,
                1.1141147358637793e-12
            ],
            [
                0.7600141183567886,
                0.23998585529110528,
                1.0076342001534569e-10,
                3.3504777539030057e-09,
                2.2900865088405402e-08
            ],
            [
                1.9836465446777367e-09,
                9.076214249702957e-09,
                9.70781245342996e-09,
                0.34979167023564384,
                0.6502083089966829
            ],
            [
                6.701229522871851e-10,
                6.61829069369007e-10,
                2.2081012366922917e-09,
                0.38812719413732044,
                0.6118728023226263
            ],
            [
                1.0767760734068868e-09,
                1.43007877824821e-09,
                3.6274286636216926e-10,
                0.001080728501434775,
                0.9989192686289675
            ]
        ],
        [
            [
                0.999997442200473,
                2.556936093761185e-06,
                5.473598305564056e-11,
                9.69990702153527e-11,
                7.116980869846541e-10
            ],
            [
                0.0001745086010363463,
                0.46168884594025406,
                0.09005871038313958,
                0.4463811987764454,
                0.0016967362991246247
            ],
            [
                4.3720233364580486e-09,
                1.0030024112993028e-08,
                5.754131750400958e-08,
                0.28483786789604343,
                0.7151620601605917
            ],
            [
                5.510293815526109e-09,
                3.5078322680231635e-09,
                8.412659629698627e-09,
                0.2121364941232055,
                0.7878634884460088
            ],
            [
                5.160971318408105e-09,
                2.0338229585781008e-09,
                4.729600680068647e-09,
                0.030664572704631226,
                0.9693354153709738
            ]
        ],
        [
            [
                0.9999716536900737,
                2.834614695802648e-05,
                3.0179722474443703e-11,
                1.0981693532754955e-10,
                2.297164350772513e-11
            ],
            [
                9.612356132257433e-05,
                0.7995438555264913,
                0.19886862510356107,
                0.001484768429858628,
                6.6273787663711585e-06
            ],
            [
                5.629474227910929e-09,
                3.137471211410016e-08,
                1.728884089859723e-09,
                0.5866061573157497,
                0.41339380395117986
            ],
            [
                2.484569216508687e-10,
                5.7178201034847275e-09,
                4.1605137909206466e-10,
                0.020120683889184306,
                0.9798793097284872
            ],
            [
                3.1435286848974747e-09,
                2.2798078197889515e-09,
                1.2519656754917618e-10,
                5.229986654604652e-05,
                0.9999476945849208
            ]
        ],
        [
            [
                0.9999998497612202,
                1.5022116570318645e-07,
                4.055943291742102e-12,
                4.3410237462157725e-12,
                9.217052892264136e-12
            ],
            [
                0.042950367721356214,
                0.9570492764442012,
                2.97616151197876e-07,
                5.5472316502841854e-08,
                2.7459748175325353e-09
            ],
            [
                9.724006941072744e-07,
                5.754149165230397e-07,
                0.68731719857867,
                0.19096882935074802,
                0.12171242425497125
            ],
            [
                4.4166628838014203e-10,
                3.346546690882579e-09,
                4.594757881401304e-10,
                0.014807012290866301,
