{
    "[['A', 'B', 'C', 'D', 'E'], ['A', 'B', 'C', 'D', 'E']]": [
        [
            [
                0.9999999868758966,
                1.2817291380438762e-08,
                4.9285476254829083e-11,
                3.27967958831083e-11,
                2.247298270388784e-10
            ],
            [
                2.558730391372655e-08,
                4.9051524496983885e-08,
                2.4593779970210286e-07,
                0.22398817253242193,
                0.7760115068909499
            ],
            [
                3.2487598346823126e-07,
                0.0003485020675443761,
                0.1432318148809236,
                0.6662116674218473,
                0.19020769075370134
            ],
            [
                5.180399768951683e-08,
                1.2635559027661449e-08,
                1.5779476570429744e-08,
                0.9960748466224484,
                0.003925073158518324
            ],
            [
                1.1752527705383793e-07,
                3.148188549671123e-05,
                7.075798947053504e-08,
                0.40084428921743004,
                0.5991240406138069
            ]
        ],
        [
            [
                0.9999993288478647,
                6.702657410157145e-07,
                6.638227494255274e-11,
                1.572560725575543e-11,
                8.042864169996092e-10
            ],
            [
                1.0837745552124363e-09,
                3.3922732606920443e-07,
                1.2106301983094953e-07,
                0.11863918156509862,
                0.881360357060781
            ],
            [
                3.432853967053873e-08,
                3.9431520861761014e-07,
                0.03650485570663785,
                0.3962243638844813,
                0.5672703517651325
            ],
            [
                2.33145304323253e-09,
                2.9181881286645586e-10,
                7.404891387536021e-09,
                0.6010394620165718,
                0.39896052795526504
            ],
            [
                2.382502199019572e-06,
                2.710771524263392e-07,
                4.134703331256057e-07,
                0.6191089891636423,
                0.3808879437866732
            ]
        ],
        [
            [
                0.9999996471442643,
                3.523970081493304e-07,
                1.0192789946732895e-10,
                7.111921156776303e-11,
                2.856804497333619e-10
            ],
            [
                2.2104984763935277e-09,
                3.779575275990621e-09,
                3.452669030400554e-07,
                0.8244672964675462,
                0.17553235227547684
            ],
            [
                3.021652820826859e-07,
                0.00013775975450903624,
                0.23913982471034473,
                0.7548648449196007,
                0.005857268450263417
            ],
            [
                1.51777887119275e-11,
                1.0236389456918395e-09,
                1.0029816920770031e-10,
                0.8035972397016734,
                0.19640275915921174
            ],
            [
                6.097688256114452e-07,
                1.9621984627531023e-08,
                5.8745154047052414e-09,
                0.5879612774642197,
                0.4120380872704547
            ]
        ],
        [
            [
                0.999364702136552,
                0.0006352958755556483,
                4.0834966703048537e-10,
                1.2398626562774185e-10,
                1.4555563804898182e-09
            ],
            [
                8.434175006900783e-09,
                5.2330023697509804e-05,
                1.5556062591908174e-07,
                0.7548532069372661,
                0.24509429904423546
            ],
            [
                5.058008839142097e-07,
                0.0007103641685802398,
                0.14281869526076288,
                0.8564702275470978,
                2.072226751082185e-07
            ],
            [
                6.003303739273358e-08,
                5.584761296793793e-08,
                3.8333531385857154e-08,
                0.22127226983251805,
                0.7787275759533002
            ],
            [
                1.4998322195057582e-08,
                1.3903324513137898e-08,
                1.5343713199092513e-08,
                0.4342918707607231,
                0.565708084993917
            ]
        ],
        [
            [
                0.9999997254366242,
                2.745273427876388e-07,
                1.4790779370958185e-11,
                2.0430098272870954e-11,
                8.122852246519875e-13
            ],
            [
                1.9937419760654008e-10,
                1.6294875608319807e-08,
                1.8015221122428955e-08,
                0.6970498059842716,
                0.3029501595062575
            ],
            [
                5.32584703262566e-09,
                1.4283687932979493e-07,
                0.8751680090245385,
                0.1245108394729548,
                0.00032100333978044975
            ],
            [
                2.5912275399082158e-09,
                1.96956925492443e-08,
                2.596053245576645e-07,
                0.4795997768985569,
                0.5203999412091985
            ],
            [
                5.508433095268178e-06,
                1.9111211915379046e-09,
                8.217955600135221e-10,
                0.39999864211989117,
                0.5999958467140969
            ]
        ],
        [
            [
                0.9999736204286906,
                2.637343796250758e-05,
                1.5781324063300604e-10,
                6.657239340806939e-10,
                5.3098097198069785e-09
            ],
            [
                1.1230933601153131e-08,
                3.6063799944276003e-07,
                4.420053358142876e-08,
                0.46108575033366056,
                0.5389138335968728
            ],
            [
                7.3071692476333054e-09,
                2.9021993451833938e-08,
                1.2209683737321972e-05,
                0.8583896458373106,
                0.14159810814978943
            ],
            [
                3.753875234566384e-08,
                2.566413843249327e-08,
                4.628035932780668e-08,
                0.3836297957480598,
                0.6163700947686901
            ],
            [
                0.32333819981824513,
                4.019679859619364e-07,
                3.771227543775349e-08,
                0.265274636836793,
                0.4113867236647004
            ]
        ],
        [
            [
                0.99998833785521,
                1.1661953102032324e-05,
                5.6055459661421477e-11,
                6.633320185873873e-11,
                6.929937712728842e-11
            ],
            [
                2.1503119430880206e-07,
                1.8461482973306025e-07,
                3.044861561171835e-07,
                0.24893424848482273,
                0.7510650473829971
            ],
            [
                1.0954915571320339e-07,
                3.586197733922959e-08,
                0.26848562935703946,
                0.7314962262026518,
                1.799902917569671e-05
            ],
            [
                1.88320192498818e-10,
                7.186925105226855e-10,
                1.1298281162530158e-08,
                0.412251341336669,
                0.587748646458037
            ],
            [
                1.816815463583416e-08,
                6.018894600791869e-08,
                3.3502703411485637e-10,
                0.9925193411979647,
                0.0074805801099076625
            ]
        ],
        [
            [
                0.9999926083239201,
                7.3676053877875e-06,
                3.0450911141744127e-10,
                1.9819226547630688e-10,
                2.3567990654019285e-08
            ],
            [
                5.530856429169198e-09,
                6.016397537614942e-09,
                3.997473303315923e-09,
                0.899975204010027,
                0.10002478044524574
            ],
            [
                6.484203736526704e-09,
                3.749823826612441e-08,
                1.5352950842842343e-07,
                0.7423233315021519,
                0.25767647098589763
            ],
            [
                7.13530340329275e-09,
                4.1250709278574125e-10,
                9.647736092120823e-10,
                0.5905151822259366,
                0.40948480926147934
            ],
            [
                6.322950167773434e-07,
                6.731130373358998e-05,
                1.6076727196611922e-07,
                0.7806628969960335,
                0.2192689986379442
            ]
        ],
        [
            [
                0.9999987688917495,
                1.2296133285587642e-06,
                4.3797788638722143e-11,
                1.1274120494759794e-09,
                3.2371207749344125e-10
            ],
            [
                6.490212889388088e-08,
                7.128183751856238e-06,
                3.351298384441459e-06,
                0.46856039498048163,
                0.5314290606352532
            ],
            [
                1.1328547583987494e-08,
                3.067339321418811e-07,
                1.2286675729106717e-06,
                0.6317495584024816,
                0.3682488948674658
            ],
            [
                7.023452311489077e-09,
                3.088427757069992e-08,
                2.0124151897140086e-07,
                0.7337763023748094,
                0.26622345847594175
            ],
            [
                1.6484534883092725e-09,
                1.7106234724941516e-10,
                1.332875835129415e-09,
                0.6001096161303436,
                0.39989038071726474
            ]
        ],
        [
            [
                0.9941254647457659,
                0.005874533550655101,
                1.622364545221865e-10,
                1.113521828372943e-09,
                4.2782064197702265e-10
            ],
            [
                1.5238899095108174e-09,
                3.6747682480670625e-09,
                5.3187248812952025e-09,
                0.6094797397301703,
                0.39052024975244665
            ],
            [
                2.740495835013852e-07,
                0.00025924024243429626,
                0.1701867796440099,
                0.6302577761803312,
                0.19929592988364112
            ],
            [
                8.660315821380937e-09,
                7.59960047413208e-09,
                5.710160705055843e-08,
                0.6354410648734278,
                0.36455886176504887
            ],
            [
                8.359465098066974e-08,
                8.503671868475e-09,
                3.437912488671139e-08,
                0.6410792230422238,
                0.3589206504803284
            ]
        ],
        [
            [
                0.9809150509493284,
                0.019084866729370806,
                2.824509903415035e-10,
                2.4670092031387744e-09,
                7.957184067047008e-08
            ],
            [
                7.792873331676733e-09,
                4.000502698703035e-08,
                8.19845399323455e-08,
                0.6537882883200307,
                0.3462115818975291
            ],
            [
                5.043156440256425e-08,
                3.5608979279007377e-06,
                0.19969970022979722,
                0.735832033024369,
                0.06446465541634162
            ],
            [
                1.1053921384113163e-07,
                2.731548547143096e-08,
                1.1347029609737623e-06,
                0.7746342460730775,
                0.2253644813692623
            ],
            [
                5.076095485048446e-08,
                4.774994895595812e-09,
                2.3171671017871503e-08,
                0.6230305046660505,
                0.37696941662632877
            ]
        ],
        [
            [
                0.9999999961656483,
                3.8040956997533625e-09,
                4.708283142834351e-12,
                1.4856514409977622e-11,
                1.0691265449557002e-11
            ],
            [
                4.225642549123212e-09,
                8.50515003626898e-09,
                3.1853075946285e-09,
                0.6218823038037922,
                0.3781176802801077
            ],
            [
                3.9914625975733185e-07,
                2.1442030096203076e-07,
                0.0006328398961835629,
                0.9986809762424739,
                0.0006855702947818084
            ],
            [
                5.771568953456565e-09,
                2.026350286574128e-06,
                1.8458931256403263e-08,
                0.7999991562486176,
                0.19999879317059555
            ],
            [
                1.3253021856839978e-09,
                1.7793872505516465e-08,
                1.0735603000143506e-08,
                0.6002296376636268,
                0.3997703324815955
            ]
        ],
        [
            [
                0.8998571570248385,
                0.10014284134721506,
                2.9507880793013567e-10,
                1.1415027749130458e-09,
                1.9136469440106137e-10
            ],
            [
                2.4157716749049125e-08,
                2.0243651944627398e-07,
                7.291253331738441e-08,
                0.601351638240011,
                0.3986480622532195
            ],
            [
                1.0664255898730389e-07,
                1.9988131067693084e-07,
                0.06362194899807493,
                0.8836435884743569,
                0.05273415600369858
            ],
            [
                8.250290924263544e-08,
                6.913897343557434e-06,
                9.625098645622723e-09,
                0.40154587503527556,
                0.598447118939373
            ],
            [
                1.26503515166642e-08,
                5.056266841473093e-08,
                3.176818888194477e-08,
                0.4059636306018413,
                0.59403627441695
            ]
        ],
        [
            [
                0.9999997003873775,
                2.9945366401020267e-07,
                1.2932303201646953e-11,
                4.7713323625770626e-11,
                9.831297121755112e-11
            ],
            [
                6.516429289446134e-09,
                1.6770446632941906e-08,
                7.643821711182359e-07,
                0.9315491055926165,
                0.06845010673833643
            ],
            [
                3.000047241520355e-07,
                1.0565414722923381e-05,
                0.07891552209884826,
                0.5966330084965017,
                0.3244406039852029
            ],
            [
                9.22348193359457e-06,
                6.43504036717929e-07,
                1.2287316687694075e-06,
                0.5921259001131421,
                0.4078630041692188
            ],
            [
                6.272774062449911e-09,
                1.4131423225955798e-08,
                1.8511866756143748e-10,
                0.9999592596983126,
                4.0719712371442604e-05
            ]
        ],
        [
            [
                0.9697556576001695,
                0.030244337724013897,
                7.34367962761215e-10,
                2.2828503216448623e-09,
                1.6585983648421647e-09
            ],
            [
                6.73761759170262e-10,
                8.347467217850038e-09,
                4.984681058981675e-08,
                0.3972795854393845,
                0.602720355692576
            ],
            [
                1.361128255307954e-07,
                5.435168526536753e-07,
                0.5156844407176308,
                0.4331643599447922,
                0.05115051970789891
            ],
            [
                2.516489328767795e-09,
                1.8411674554234403e-09,
                5.684596677628779e-08,
                0.6158015912500461,
                0.3841983475463303
            ],
            [
                6.023465594114839e-09,
                3.961635581169703e-08,
                1.2415154876635416e-07,
                0.7124294641705583,
                0.2875703660380715
            ]
        ],
        [
            [
                0.9999929162503083,
                7.083131305405917e-06,
                9.611440484944942e-12,
                2.7186633001012986e-11,
                5.815883038065163e-10
            ],
            [
                2.4248948377272815e-09,
                1.8485934141026912e-08,
                2.7713849294869603e-08,
                0.42281877835392456,
                0.5771811730213972
            ],
            [
                2.5871773132679218e-06,
                0.016836625164794644,
                0.19109686100990872,
                0.7918876177776442,
                0.00017630887033922484
            ],
            [
                1.0432766756070189e-07,
                1.022574794513444e-07,
                3.782562270595097e-07,
                0.647619693235364,
                0.352379721923262
            ],
            [
                3.4489696676262006e-06,
                3.541818092651087e-07,
                3.142544656533873e-07,
                0.20804721412197738,
                0.7919486684720801
            ]
        ],
        [
            [
                0.6660795688766941,
                0.3339204298984618,
                2.4901182127441157e-10,
                2.96672130792729e-10,
                6.791601785059637e-10
            ],
            [
                2.4985231827778113e-09,
                3.168871954315628e-05,
                4.050811013934383e-08,
                0.9102453759205588,
                0.08972289235326479
            ],
            [
                4.468317245739586e-08,
                8.301398769875647e-08,
                1.7408024245496475e-06,
                0.6381379191742035,
                0.3618602123262118
            ],
            [
                1.1750683378924888e-08,
                1.8742353465520032e-06,
                5.302084759703064e-09,
                0.4138705500871534,
                0.586127558624732
            ],
            [
                5.33975624290596e-10,
                1.2788128503190638e-09,
                7.462267597480361e-10,
                0.20085042274360954,
                0.7991495746973752
            ]
        ],
        [
            [
                0.9999999332759049,
                6.667309788160151e-08,
                6.678712307136394e-12,
                1.9215408067903846e-11,
                2.5103229427084468e-11
            ],
            [
                5.067850286538879e-08,
                4.676492299660445e-09,
                1.0465781339480057e-08,
                0.707840005489004,
                0.2921599286902194
            ],
            [
                1.5397349980851124e-08,
                4.7941683566138295e-08,
                3.017907528489749e-05,
                0.9461630126425237,
                0.0538067449431578
            ],
            [
                7.3325267398349966e-09,
                1.163266295960419e-09,
                9.688603993026511e-09,
                0.8144723116836051,
                0.18552767013199786
            ],
            [
                2.1314067509230074e-09,
                4.472585513036318e-10,
                7.353374965277514e-09,
                0.40144097078650504,
                0.5985590192814547
            ]
        ],
        [
            [
                0.9999999538851494,
                2.2796607869924227e-08,
                2.512281417577694e-11,
                9.731037588339897e-11,
                2.3195809546180298e-08
            ],
            [
                3.750147093547208e-09,
                5.746266234159636e-08,
                5.559052793809901e-07,
                0.968317587395225,
                0.03168179548668637
            ],
            [
                1.5233460183200507e-08,
                1.9867256090799646e-07,
                0.39532078401810994,
                0.38575215760274517,
                0.21892684447312388
            ],
            [
                1.069129532030971e-08,
                1.713671090780597e-07,
                7.992728555921868e-10,
                0.7978535757215169,
                0.20214624142080573
            ],
            [
                6.419775420688154e-10,
                1.1744056776370143e-09,
                3.7065874464655475e-09,
                0.39999942249363063,
                0.6000005719833986
            ]
        ],
        [
            [
                0.8489166466043897,
                0.1510833500579135,
                2.110498292345761e-10,
                2.5265884372322985e-09,
                6.000585405623979e-10
            ],
            [
                1.1942202711295193e-09,
                1.5269247707780218e-09,
                7.261279439118051e-08,
                0.8640212916648515,
                0.13597863300120897
            ],
            [
                1.8264913956219995e-07,
                3.075950475845529e-07,
                0.5680267322575959,
                0.4310509108793974,
                0.0009218666188196124
            ],
            [
                5.374635748552745e-09,
                1.4205660024407215e-08,
                4.396544330352639e-09,
                0.7915573007046292,
                0.20844267531853086
            ],
            [
                2.748473977985236e-07,
                7.014641884985566e-08,
                3.613414337217284e-08,
                0.5644927152306951,
                0.43550690364134487
            ]
        ],
        [
            [
                0.9999999998694669,
                5.972960392435307e-11,
                6.441450649551598e-11,
                5.210426145489157e-12,
                1.1785274274933263e-12
            ],
            [
                2.475633217336456e-10,
                3.9356838493127925e-08,
                1.0490058880814114e-08,
                0.8002331651067001,
                0.19976678479883936
            ],
            [
                1.157340730696117e-07,
                6.050613176071392e-08,
                0.14549576272828452,
                0.38199888639961577,
                0.4725051746318948
            ],
            [
                6.000675764430847e-08,
                5.6200535137371494e-09,
                5.5100535814098876e-08,
                0.9415844389483745,
                0.0584154403242785
            ],
            [
                1.4799776464887847e-08,
                1.584090323203352e-08,
                1.1280211122435041e-08,
                0.4999990488630859,
                0.5000009092160232
            ]
        ],
        [
            [
                0.9997660743698105,
                0.0002339250325446654,
                1.0830032955111509e-10,
                9.638190141084558e-12,
                4.797062515321766e-10
            ],
            [
                9.506917281397663e-09,
                2.6105302914482033e-09,
                2.0775249754744654e-09,
                0.4075875236327921,
                0.5924124621722353
            ],
            [
                8.716226900237237e-09,
                3.447307898412767e-08,
                0.26591267037461536,
                0.7312738999569651,
                0.002813386479113727
            ],
            [
                6.174071384359187e-09,
                1.0931109631009685e-08,
                3.3906032221601504e-08,
                0.21534863648905048,
                0.7846513124997363
            ],
            [
                3.179869600035405e-09,
                3.886360428940931e-10,
                1.5554670431973031e-09,
                0.5999999967889075,
                0.39999999808711983
            ]
        ],
        [
            [
                0.9999990429108048,
                9.570238927961673e-07,
                1.6351799708640043e-11,
                1.4531467679643847e-11,
                3.441916343600677e-11
            ],
            [
                2.8119782383374336e-09,
                5.5991036384811635e-09,
                1.7751675032114882e-08,
                0.5434430060771667,
                0.4565569677600765
            ],
            [
                5.752146307774239e-08,
                3.2572326512944804e-07,
                0.17733520865772315,
                0.7930817264354706,
                0.029582681662078048
            ],
            [
                4.828670586824457e-07,
                3.171782617742532e-05,
                2.0221565441646136e-07,
                0.9773305731143389,
                0.022637023976770542
            ],
            [
                7.187571922310196e-07,
                6.128998918636108e-08,
                5.491962498903377e-09,
                0.5925337581437056,
                0.4074654563171506
            ]
        ],
        [
            [
                0.9953638381680595,
                0.004636161114276814,
                1.8159292624493724e-10,
                4.830767156730962e-10,
                5.299404670782754e-11
            ],
            [
                2.771032432002596e-09,
                1.5458858327691544e-08,
                3.0782094178119047e-07,
                0.48786283867583236,
                0.5121368352733351
            ],
            [
                1.930788747108944e-08,
                7.565254214424383e-07,
                4.6601907178936924e-08,
                0.988230502309163,
                0.011768675255620798
            ],
            [
                2.215537369134858e-09,
                2.010428111945795e-09,
                9.749545449936496e-10,
                0.4003410150558854,
                0.5996589797431947
            ],
            [
                4.366916394788814e-08,
                8.040126293906017e-11,
                4.329967161008754e-10,
                0.3999614871457483,
                0.6000384686716898
            ]
        ],
        [
            [
                0.9999997764778297,
                2.2326571872027756e-07,
                4.172036453037567e-11,
                2.7034731248515274e-11,
                1.8769647376940588e-10
            ],
            [
                7.840913950790888e-09,
                1.4389420432453247e-08,
                2.590076901034217e-07,
                0.8481639660511572,
                0.15183575271081842
            ],
            [
                1.123085549048677e-06,
                5.491980722616305e-06,
                0.6607808912865211,
                0.19813794464646106,
                0.14107454900074612
            ],
            [
                1.098337340929177e-08,
                4.8607883784316146e-08,
                1.8759966038717238e-09,
                0.7997249168285482,
                0.200275021704198
            ],
            [
                0.09997811365945254,
                3.3841512066597337e-07,
                4.896389482187976e-07,
                0.49898938987168673,
                0.4010316684147918
            ]
        ],
        [
            [
                0.9999996469715653,
                3.528053413089963e-07,
                2.450277679350322e-12,
                5.614445000596796e-11,
                1.6449878082651405e-10
            ],
            [
                2.5941227383100482e-08,
                5.0679027737692686e-08,
                8.245161984576733e-08,
                0.768503511860613,
                0.23149632906751202
            ],
            [
                6.498123330695909e-08,
                1.4851425222407683e-06,
                0.20164347890544124,
                0.5134868663102176,
                0.2848681046605857
            ],
            [
                1.4202502403478235e-08,
                1.5834951959291307e-07,
                4.5128751277791695e-07,
                0.5842360052739398,
                0.4157633708865253
            ],
            [
                1.883807226371915e-09,
                1.650459522319989e-07,
                5.5426625377705286e-08,
                0.40256351223026343,
                0.5974362654133517
            ]
        ],
        [
            [
                0.999999835957089,
                1.6252146595178106e-07,
                5.706701992137219e-11,
                3.704782665062472e-12,
                1.460673325366149e-09
            ],
            [
                2.071615907339189e-07,
                3.516727564119567e-08,
                4.48300579966313e-06,
                0.9979028563553204,
                0.0020924183100135213
            ],
            [
                5.964364928988804e-08,
                3.7008829723922144e-07,
                0.14109787212990163,
                0.8285985126520862,
                0.03030318548606572
            ],
            [
                7.880443139690092e-08,
                8.301588905205383e-08,
                2.117946596692174e-08,
                0.7998461949850987,
                0.20015362201511486
            ],
            [
                0.19639931114135087,
                3.282209934031425e-06,
                3.174478894778948e-07,
                0.5633729099278354,
                0.24022417927299022
            ]
        ],
        [
            [
                0.9999998980478418,
                1.0189040286540612e-07,
                4.9461375091216085e-12,
                5.2130619629279674e-11,
                4.67849701948377e-12
            ],
            [
                1.7967067045135656e-07,
                5.340042625015071e-07,
                1.609572709073972e-06,
                0.8870679982108037,
                0.11292967854155424
            ],
            [
                6.968115368737344e-08,
                4.3131048955014964e-08,
                0.15679630384275942,
                0.6594846869061363,
                0.1837188964389016
            ],
            [
                2.5752565675685046e-06,
                0.000775888320336107,
                3.312114545217674e-06,
                0.6140183282848999,
                0.38519989602365123
            ],
            [
                2.6926515256617034e-09,
                2.925902198546308e-10,
                1.781297922761617e-11,
                0.7997861514650318,
                0.20021384553191343
            ]
        ],
        [
            [
                0.9989559115773685,
                0.001044088057930976,
                7.331038118921574e-11,
                2.255651601321898e-10,
                6.582517029922995e-11
            ],
            [
                9.5293860021436e-09,
                6.9494968100451945e-06,
                3.7964496587399853e-08,
                0.4094597061312776,
                0.5905332968780298
            ],
            [
                1.8835012549162877e-07,
                3.6233349094302666e-08,
                0.014308111587761466,
                0.6053943843953974,
                0.3802972794333665
            ],
            [
                1.346343143250063e-07,
                1.781502524694221e-06,
                1.4848078503046767e-07,
                0.4038680801635872,
                0.5961298552187887
            ],
            [
                5.941696802368859e-09,
                2.2883204581911667e-08,
                2.584668610629127e-10,
                0.7999999092013791,
                0.20000006171525261
            ]
        ],
        [
            [
                0.811999569911845,
                0.18800041702800888,
                2.584056987714753e-10,
                6.124027459804678e-10,
                1.2189337798385548e-08
            ],
            [
                5.283261262715973e-09,
                1.529905159846758e-09,
                4.860806030241689e-09,
                0.4102937580271631,
                0.5897062302988645
            ],
            [
                6.64466986081288e-08,
                1.375871893885415e-06,
                0.00746139501991312,
                0.9510963902175446,
                0.04144077244394979
            ],
            [
                2.0385514049442634e-09,
                1.1535627541962431e-08,
                1.1990632375905073e-07,
                0.7851284852821983,
                0.21487138123729912
            ],
            [
                3.9936510419381876e-10,
                5.775868411329357e-10,
                1.1619358841606589e-08,
                0.687568647690772,
                0.31243133971291714
            ]
        ],
        [
            [
                0.997620391023242,
                0.002379608229743772,
                1.9068433343950316e-10,
                3.940380437403639e-11,
                5.169260090917664e-10
            ],
            [
                7.852082086357206e-08,
                2.2690515316148558e-08,
                2.7788412289330794e-08,
                0.823840514481469,
                0.17615935651878245
            ],
            [
                2.8762314889825257e-07,
                0.0007430519484063532,
                0.0033347628777181627,
                0.797394618657471,
                0.19852727889325558
            ],
            [
                2.4334327548585156e-08,
                2.276792847838331e-07,
                5.821444257806003e-07,
                0.8534008678292538,
                0.1465982980127079
            ],
            [
                3.5055476984397754e-08,
                3.523773269459681e-08,
                2.1184849438015736e-09,
                0.4538537586771142,
                0.5461461689111912
            ]
        ],
        [
            [
                0.9995624067379137,
                0.00043759321827680755,
                5.471432998480553e-13,
                3.6527531144304416e-11,
                6.734701995512311e-12
            ],
            [
                5.568860763590987e-09,
                2.5732323753838077e-08,
                2.604855801471461e-07,
                0.7498085539181714,
                0.2501911542950639
            ],
            [
                6.612658012182807e-08,
                3.666443622109643e-09,
                0.0001170359492494887,
                0.8636224318134651,
                0.13626046244426182
            ],
            [
                7.672238149981927e-07,
                1.349586891297102e-07,
                1.1973311181165083e-05,
                0.6763173052387225,
                0.32366981926759225
            ],
            [
                4.75476107652365e-09,
                6.734678526070688e-10,
                9.38267970004462e-09,
                0.4013900624393728,
                0.5986099227497185
            ]
        ],
        [
            [
                0.9925340282685428,
                0.007465968870450739,
                6.777492856319451e-10,
                1.8946679283739857e-10,
                1.993790344881886e-09
            ],
            [
                7.726167374107116e-08,
                6.62905307327149e-05,
                1.0968146013359419e-05,
                0.5613277104192848,
                0.43859495364229545
            ],
            [
                3.230454110959879e-09,
                3.945502222144313e-09,
                3.1237572829625534e-08,
                0.6026902877381407,
                0.39730967384833016
            ],
            [
                7.558047881221946e-09,
                3.039819656837013e-09,
                8.038836953800113e-09,
                0.15080058931433132,
                0.8491993920489642
            ],
            [
                1.3426495443779446e-06,
                6.341808617103786e-08,
                1.6085286521656232e-08,
                0.5947179251340262,
                0.40528065271305663
            ]
        ],
        [
            [
                0.9999929256951,
                7.074214268671269e-06,
                1.4249080180923546e-11,
                2.7989213838051504e-11,
                4.8393043392809144e-11
            ],
            [
                6.324694656411192e-09,
                3.2895658489857105e-09,
                6.19738464861626e-08,
                0.7786864531290902,
                0.22131347528280262
            ],
            [
                6.07718296659772e-08,
                8.624662397828095e-08,
                5.2874434652022156e-06,
                0.9925222185994226,
                0.007472346938658613
            ],
            [
                2.533830239277e-08,
                0.0014089811566463048,
                6.360287371299826e-09,
                0.6346381799358687,
                0.3639528072088953
            ],
            [
                3.380877618548806e-09,
                1.1413733544741688e-09,
                4.308992863442857e-09,
                0.8189617426898341,
                0.18103824847892205
            ]
        ],
        [
            [
                0.9999954963412399,
                4.502801863625357e-06,
                6.860305064472674e-11,
                8.476763152363838e-11,
                7.03525934118269e-10
            ],
            [
                1.1211095209971511e-08,
                9.680613673829906e-07,
                7.334603390142562e-08,
                0.8190689200077059,
                0.1809300273737975
            ],
            [
                4.682761214273588e-09,
                2.232959980284447e-05,
                2.4061992945105776e-06,
                0.6186962905027485,
                0.3812789690153929
            ],
            [
                3.855336928799246e-09,
                6.174214675404568e-08,
                1.1325375949150177e-08,
                0.8021972800129077,
                0.19780264306423276
            ],
            [
                1.0075510918461826e-07,
                1.0926632316097488e-08,
                2.4016573767057942e-09,
                0.8421082028272824,
                0.1578916830893187
            ]
        ],
        [
            [
                0.8684876138477029,
                0.13151238336253648,
                4.835292838469979e-10,
                8.206794692597362e-10,
                1.485551782711791e-09
            ],
            [
                3.740913072508327e-10,
                1.8108958836159612e-08,
                4.96528695050549e-08,
                0.8000858190475708,
                0.19991411281650956
            ],
            [
                1.8816968049199784e-07,
                2.258339941903379e-07,
                0.05364445343048131,
                0.4691400314134518,
                0.47721510115239224
            ],
            [
                2.436067555615066e-07,
                3.50935093512379e-07,
                8.635333182370118e-08,
                0.6064194528141584,
                0.39357986629066055
            ],
            [
                1.6451246647571912e-07,
