{
    "[['A', 'B', 'C', 'D', 'E'], ['A', 'B', 'C', 'D', 'E']]": [
        [
            [
                0.9552166759455183,
                0.04478303729837771,
                8.549262131773576e-10,
                2.670910046577658e-07,
                1.8810173116004984e-08
            ],
            [
                2.911267904097761e-08,
                7.632730955239526e-09,
                1.0871256238964355e-08,
                0.2190750563175229,
                0.780924896065811
            ],
            [
                3.4230462172051727e-07,
                6.411526716908574e-07,
                0.2495344161129472,
                0.7504429368747214,
                2.1663555038032153e-05
            ],
            [
                1.5645464322339618e-06,
                2.320981665853652e-09,
                5.707025145326555e-10,
                0.09441071945480055,
                0.9055877131070831
            ],
            [
                1.0984210577020547e-10,
                6.389450649317596e-10,
                9.131286953218483e-10,
                1.7185373884123113e-05,
                0.9999828129642
            ]
        ],
        [
            [
                0.987969151179481,
                0.012030817461319527,
                5.240166335556798e-09,
                8.83867202368542e-09,
                1.7280361058354557e-08
            ],
            [
                2.42441150721832e-06,
                0.005229187546119892,
                0.5620492824487202,
                0.43267120757604477,
                4.789801760796302e-05
            ],
            [
                1.0473180254596721e-08,
                1.1012420678008266e-07,
                1.7543158432904836e-08,
                0.9655699467380994,
                0.03442991512135518
            ],
            [
                0.00010378216895735794,
                8.870119722092771e-09,
                2.289287820747212e-10,
                0.14613678863428192,
                0.8537594200977122
            ],
            [
                3.426377795569998e-10,
                5.474458860186221e-10,
                6.381345526423653e-10,
                0.0036036537384436865,
                0.996396344733338
            ]
        ],
        [
            [
                0.9999873503468728,
                1.2644309153609986e-05,
                1.0185982668867132e-09,
                3.4224147884003607e-10,
                3.98313392557668e-09
            ],
            [
                3.819737506160692e-10,
                1.4677378056544e-10,
                9.602430910458223e-10,
                0.3994379995643171,
                0.6005619989466923
            ],
            [
                5.053865019554126e-07,
                4.354374710481554e-08,
                0.9757944942080473,
                0.024195711117460304,
                9.24574424341382e-06
            ],
            [
                7.438035203334107e-09,
                1.0707261220450316e-09,
                3.1444746789760622e-09,
                0.06437237437303435,
                0.9356276139737297
            ],
            [
                1.0790306899641231e-08,
                1.9235549177580017e-10,
                1.9370364834009316e-10,
                5.250864698922974e-06,
                0.999994737958935
            ]
        ],
        [
            [
                0.8361988160028335,
                0.16380118131701013,
                6.032440483764537e-10,
                1.0507596373453475e-09,
                1.0261525449187505e-09
            ],
            [
                0.00018914346905154586,
                0.9868001894809532,
                0.005187539692487886,
                0.007773208566372501,
                4.99187911348809e-05
            ],
            [
                7.124902344470719e-09,
                3.6525960313752484e-08,
                6.920856626389807e-08,
                0.6068080498328245,
                0.3931918373077466
            ],
            [
                0.1925346043954805,
                6.5758153585513455e-09,
                6.789674311771332e-09,
                0.19785500859258154,
                0.6096103736464483
            ],
            [
                2.511918437763692e-05,
                2.5750575325474735e-09,
                1.7402100730092417e-08,
                0.2522620795234746,
                0.7477127813149895
            ]
        ],
        [
            [
                0.9912926699803849,
                0.008707326207536463,
                2.9460553004080265e-09,
                3.6938853435954563e-10,
                4.966347243689993e-10
            ],
            [
                1.8371968382924302e-06,
                0.004753384168129855,
                0.7307475068206468,
                0.26286537442694097,
                0.0016318973874440592
            ],
            [
                1.1529879833608105e-07,
                2.5034695423617415e-05,
                0.9999412941008522,
                3.288880383171876e-05,
                6.671010942668486e-07
            ],
            [
                1.1284587832616775e-08,
                8.016690368979155e-10,
                4.555482949847882e-09,
                0.07565071724707502,
                0.9243492661111851
            ],
            [
                1.1683067932088562e-05,
                1.0494469299340544e-09,
                6.392503231170232e-10,
                1.2935960257164997e-05,
                0.9999753792831135
            ]
        ],
        [
            [
                0.7964060267137956,
                0.2035939638818596,
                8.131751944981583e-10,
                5.232647194590828e-09,
                3.358522308247444e-09
            ],
            [
                4.332726862233709e-10,
                1.1604880992718665e-10,
                4.894391714346232e-10,
                0.5909051518188457,
                0.40909484714239364
            ],
            [
                2.1327384180488855e-07,
                1.3339663581991022e-07,
                1.611275340282493e-06,
                0.8356477001346138,
                0.16435034191956827
            ],
            [
                4.439883877470789e-09,
                3.93100735208831e-09,
                5.694225557253824e-10,
                0.20225867631344469,
                0.7977413147462415
            ],
            [
                2.8677915853706905e-10,
                3.036912453845488e-10,
                7.785435558084378e-10,
                0.00011056076783763126,
                0.9998894378631483
            ]
        ],
        [
            [
                0.9088379617184685,
                0.09116196635296846,
                1.4188992966441148e-08,
                2.1722106025315242e-08,
                3.601746405676036e-08
            ],
            [
                7.023182658221676e-05,
                0.9991796406946868,
                0.0006946630832515421,
                4.949880375045767e-05,
                5.96559172894162e-06
            ],
            [
                1.8561364790139038e-08,
                4.0162888179668345e-07,
                1.361395405050906e-06,
                0.9993622549117648,
                0.0006359635025836226
            ],
            [
                6.6140240860510225e-09,
                3.868680620876171e-09,
                1.2437164745228388e-09,
                0.1826968482422054,
                0.8173031400313735
            ],
            [
                5.1735174306053375e-09,
                1.4279265730177246e-08,
                1.751339598048597e-09,
                0.01907069603266265,
                0.9809292827632147
            ]
        ],
        [
            [
                1.0031969473728112e-08,
                9.743357138888407e-11,
                3.6891836098595373e-10,
                2.933515782913228e-07,
                0.9999996961501004
            ],
            [
                1.2345480987931706e-09,
                4.203535568950367e-10,
                7.860166360919154e-09,
                0.9188793981660244,
                0.0811205923189076
            ],
            [
                2.012525683998311e-12,
                8.277961867679752e-12,
                0.9999999999269635,
                3.066687024604213e-11,
                3.207922245867833e-11
            ],
            [
                4.9494388899555205e-09,
                2.879146692248119e-09,
                1.464340170919512e-10,
                0.026694208299485656,
                0.9733057837254947
            ],
            [
                4.910708903409668e-05,
                8.5902693172933e-08,
                2.8991802604932104e-09,
                0.14647629858966854,
                0.8534745055194239
            ]
        ],
        [
            [
                0.994587866549479,
                0.005412102293068516,
                1.0694213358926089e-10,
                1.7417914601190574e-08,
                1.3632595805707623e-08
            ],
            [
                7.168091672425504e-05,
                0.7428731201179566,
                0.09530113455023545,
                0.16148673580499348,
                0.0002673286100902965
            ],
            [
                9.362718446732566e-10,
                1.6414650886762034e-08,
                1.4587136106553952e-09,
                0.8748621696516339,
                0.12513781153872974
            ],
            [
                5.475994951799373e-10,
                2.3735456455825005e-09,
                1.957302206905299e-09,
                0.4254817520418272,
                0.5745182430797254
            ],
            [
                5.849995299248674e-06,
                1.3160869276095413e-08,
                1.439804937902608e-09,
                0.0041482684791204335,
                0.9958458669249061
            ]
        ],
        [
            [
                0.6744834455783278,
                0.32551653183017265,
                1.0073613407276435e-08,
                2.162354390435398e-09,
                1.0355531654333405e-08
            ],
            [
                5.759770851503699e-09,
                5.108467887402016e-09,
                2.4094111934957385e-09,
                0.6682386394598473,
                0.33176134726250284
            ],
            [
                6.927796458083623e-11,
                3.2596765028813734e-10,
                0.9999981964403926,
                1.588581714312367e-06,
                2.1458264757877928e-07
            ],
            [
                5.223804132820657e-05,
                7.775965002220501e-11,
                1.4930022655382682e-10,
                2.3220727827053794e-07,
                0.9999475295243336
            ],
            [
                1.854227631451348e-08,
                1.3156310362885859e-08,
                1.0159605471824129e-08,
                0.07551519986421924,
                0.9244847582775887
            ]
        ],
        [
            [
                0.9998893761985373,
                0.00011062356561843814,
                2.3913641147804286e-11,
                2.201771422220709e-11,
                1.899127481837655e-10
            ],
            [
                4.8068516028132747e-08,
                0.00014206676054924497,
                2.5823936035408964e-06,
                0.9222244486252821,
                0.07763085415204907
            ],
            [
                8.476958277888332e-10,
                6.4748447676081195e-09,
                6.864642320764908e-09,
                0.8296030817499166,
                0.17039690406290056
            ],
            [
                7.076315012670611e-06,
                1.9379661926388868e-09,
                5.8375673299476846e-09,
                0.001365028413270714,
                0.998627887496183
            ],
            [
                0.19253151779779012,
                1.69145204649418e-08,
                2.8263722242789754e-08,
                6.469954412261026e-05,
                0.8074037374798446
            ]
        ],
        [
            [
                0.990496250759338,
                0.009503731141751248,
                1.5651298127496694e-08,
                1.6108703387407465e-09,
                8.367422527729087e-10
            ],
            [
                1.9972190740876247e-05,
                0.5966362097052582,
                0.3277108213035071,
                0.07559587175967046,
                3.712504082358346e-05
            ],
            [
                5.2372074429640136e-08,
                2.54216133117647e-08,
                1.9257932696624804e-05,
                0.6767974189138114,
                0.32318324535980425
            ],
            [
                8.935831577668083e-08,
                8.64029516835042e-10,
                4.549767632818137e-09,
                0.0649925275416049,
                0.9350073776862822
            ],
            [
                1.1099341510628406e-09,
                4.049266113774735e-10,
                3.8330003511953894e-11,
                0.00014211127622249062,
                0.9998578871705868
            ]
        ],
        [
            [
                0.7887107424286163,
                0.2112881952688045,
                4.0165298980237985e-07,
                1.2716950976166204e-07,
                5.334800797301886e-07
            ],
            [
                3.231104923331903e-09,
                9.287871702779907e-09,
                5.069604238843604e-08,
                0.9876995794147208,
                0.012300357370260246
            ],
            [
                1.9217986986685044e-07,
                3.775907368375587e-07,
                0.2996220592638713,
                0.6723839775153715,
                0.027993393450150384
            ],
            [
                3.2517411841225005e-10,
                4.6262999912833944e-10,
                1.4223300363464566e-10,
                0.001341926400877596,
                0.9986580726690852
            ],
            [
                2.5777145158787853e-08,
                1.919368751850751e-10,
                8.675166119337414e-10,
                3.303677148338696e-05,
                0.9999669363919179
            ]
        ],
        [
            [
                0.7763382715901516,
                0.22366172381339086,
                2.362761776894551e-09,
                1.689013007664197e-09,
                5.446828341933053e-10
            ],
            [
                9.019707157096418e-07,
                5.3659792731845075e-05,
                0.024079684217351485,
                0.9710820140308465,
                0.004783739988354494
            ],
            [
                1.9473295053883644e-06,
                0.6400486248024334,
                0.35938257613854335,
                0.0005660858085173785,
                7.659210005025745e-07
            ],
            [
                1.9845790116336742e-10,
                1.2883808241631349e-09,
                1.4289909276307041e-09,
                0.0005675728589493165,
                0.9994324242252209
            ],
            [
                4.245459038418884e-10,
                5.133500423948653e-11,
                6.797999285016944e-11,
                0.0001148553462586703,
                0.9998851441098804
            ]
        ],
        [
            [
                0.9461796121574586,
                0.053820386288131294,
                1.1603172006349584e-09,
                9.481474021063932e-11,
                2.992780329135658e-10
            ],
            [
                2.263999995363106e-09,
                3.244094358726963e-08,
                7.58721198845496e-08,
                0.9985451940809698,
                0.0014546953419667685
            ],
            [
                1.4200519388719031e-08,
                1.3631318208203047e-07,
                6.13197792655037e-06,
                0.9779005996204504,
                0.02209311788792155
            ],
            [
                1.784937864517533e-08,
                7.928330430978144e-10,
                2.006784845526774e-10,
                0.02385268846464834,
                0.9761472926924615
            ],
            [
                1.3282096601131788e-09,
                2.493875523264931e-10,
                5.439114659374978e-10,
                2.1146195183996466e-06,
                0.9999978832589729
            ]
        ],
        [
            [
                0.9999974674756718,
                2.5324102545298164e-06,
                3.202649797640215e-11,
                2.8963185114667618e-11,
                5.308412550864125e-11
            ],
            [
                1.9880380379955083e-08,
                2.8637401324773468e-08,
                1.7776455337413016e-07,
                0.954686476627457,
                0.04531329709020799
            ],
            [
                5.99807778121931e-08,
                1.127702974519694e-08,
                0.9955983605755322,
                0.0036020913795214056,
                0.0007994767871389294
            ],
            [
                0.023982518116982217,
                7.717473981227484e-10,
                1.9536346192616403e-09,
                2.0738824807645862e-05,
                0.9759967403328281
            ],
            [
                0.09999998301708304,
                1.3468526069598809e-09,
                1.275539591812035e-08,
                1.0614758023398215e-08,
                0.8999999922659103
            ]
        ],
        [
            [
                0.9999944092248126,
                5.589077267406376e-06,
                7.680398016610274e-10,
                7.879606287604522e-10,
                1.4191958202007791e-10
            ],
            [
                2.19034004274281e-11,
                1.4671663109477482e-10,
                5.985410180759064e-11,
                0.9999098918889769,
                9.010788254890444e-05
            ],
            [
                5.162244072843831e-09,
                5.982307033160486e-10,
                2.3682822580610887e-08,
                0.5336168923904279,
                0.4663830781662747
            ],
            [
                3.789362179399804e-09,
                2.7785771653533234e-09,
                6.078400401585113e-10,
                0.03725985877765148,
                0.9627401340465691
            ],
            [
                0.1974467838645467,
                5.700032485632068e-09,
                6.777515772394669e-09,
                0.1014805039408013,
                0.7010726997171037
            ]
        ],
        [
            [
                0.8014152664588975,
                0.19858473203139926,
                7.72302694293192e-10,
                9.203873783035068e-11,
                6.45361924809515e-10
            ],
            [
                1.653539901449048e-08,
                1.922126605807631e-05,
                1.6062685097658176e-05,
                0.9999104777926182,
                5.422172082713704e-05
            ],
            [
                2.176995539464536e-07,
                1.2975194065646012e-07,
                9.252617059401911e-05,
                0.8063771332086372,
                0.19352999316927416
            ],
            [
                4.3295585165504385e-10,
                1.4866262485508074e-10,
                1.4513115113644492e-09,
                0.02384136551401606,
                0.9761586324530539
            ],
            [
                1.135395853399448e-06,
                6.219037972185528e-10,
                8.96182573665183e-10,
                1.2039016395972917e-05,
                0.9999868240696643
            ]
        ],
        [
            [
                0.7772697509604686,
                0.22273019211955794,
                2.87170071042664e-08,
                1.5989524021223132e-08,
                1.2213442428339989e-08
            ],
            [
                2.1399566052458813e-09,
                1.1121665140567268e-09,
                1.695357491810932e-05,
                0.9760018880240846,
                0.02398115514887422
            ],
            [
                6.482272670675643e-07,
                0.0010818500738466953,
                0.9988727132123031,
                4.397157091497935e-05,
                8.169156682282984e-07
            ],
            [
                4.341892770293596e-09,
                2.6720954218429077e-09,
                9.677181289079847e-10,
                0.43231346451546554,
                0.5676865275028282
            ],
            [
                4.925264855604624e-09,
                3.8031138452971884e-10,
                4.611290391749611e-10,
                0.18805515102549106,
                0.8119448432078037
            ]
        ],
        [
            [
                0.997004127175331,
                0.0029958453784013875,
                8.50203907122504e-11,
                1.7831216078213066e-08,
                9.530031098124499e-09
            ],
            [
                7.803262948182883e-10,
                2.1553171424753468e-07,
                1.2263548227011482e-08,
                0.8002961617169161,
                0.199703609707495
            ],
            [
                2.579160234095634e-08,
                4.2761861547370155e-07,
                2.2182905001102412e-07,
                0.7470710245554292,
                0.252928300205303
            ],
            [
                0.0006345373991661651,
                2.3780152665592906e-10,
                5.441903604687089e-10,
                0.00023819751984899428,
                0.9991272642989929
            ],
            [
                1.0198436260387815e-09,
                8.663550374523677e-10,
                4.85122781624319e-10,
                0.06418551076080538,
                0.9358144868678732
            ]
        ],
        [
            [
                0.8000037472460427,
                0.1999962501761331,
                6.667241398835381e-10,
                1.0028895214170495e-09,
                9.082104914185049e-10
            ],
            [
                9.846397618290527e-08,
                5.778274300391499e-08,
                2.3007502369422826e-06,
                0.6351566340509662,
                0.3648409089520776
            ],
            [
                3.335275054311846e-07,
                8.651764169299439e-06,
                0.6094854236477674,
                0.38922573836989965,
                0.001279852690658315
            ],
            [
                2.711487434999866e-09,
                3.0484138836860357e-09,
                1.3772319716563521e-09,
                7.671707507992638e-07,
                0.9999992256921159
            ],
            [
                7.008544853960728e-09,
                3.8914300466122545e-10,
                2.888373498991296e-10,
                4.363204481169807e-06,
                0.9999956291089936
            ]
        ],
        [
            [
                0.9969756740584902,
                0.0030243032178983633,
                2.0918964916386773e-08,
                1.1311322267386233e-09,
                6.73514176689012e-10
            ],
            [
                3.601669772057977e-08,
                1.4086778205499717e-08,
                1.1104422896933637e-07,
                0.6832338540249024,
                0.3167659848273927
            ],
            [
                2.0210281780328686e-07,
                3.132210474107981e-08,
                0.04119663970611383,
                0.7953741786691404,
                0.16342894819982323
            ],
            [
                7.078560656736206e-06,
                2.5808815332780534e-09,
                4.035777879093089e-10,
                1.3862358832370442e-05,
                0.9999790560960516
            ],
            [
                1.5074954655577845e-10,
                3.4527153561224543e-10,
                2.916118063761527e-11,
                0.00017764895386110477,
                0.9998223505209566
            ]
        ],
        [
            [
                0.8168575352573603,
                0.1831424577616771,
                3.4260663446990002e-09,
                1.4261484722111114e-09,
                2.128747819228272e-09
            ],
            [
                0.010288945280332697,
                0.9575231797051076,
                0.03133077054603578,
                0.0008369529849352037,
                2.015148358874675e-05
            ],
            [
                5.195523779219176e-09,
                1.5552812189361293e-10,
                1.8692933252421585e-09,
                0.9995128989483884,
                0.00048709383126639103
            ],
            [
                0.0008140333861835226,
                1.0042130447166923e-09,
                1.9740777034910868e-09,
                0.20716819305849987,
                0.7920177705770259
            ],
            [
                9.437193676619875e-09,
                4.494238649299759e-11,
                5.903331497252912e-11,
                0.00011061781535833504,
                0.9998893726434722
            ]
        ],
        [
            [
                0.9914518195632746,
                0.008548173625467437,
                1.5182387609911152e-09,
                3.3164890260822443e-09,
                1.9765303997456628e-09
            ],
            [
                2.272430437987725e-09,
                9.608309406975024e-10,
                8.578263851116076e-11,
                0.8309625178587713,
                0.1690374788221846
            ],
            [
                5.234722049263185e-10,
                1.000148283455966e-09,
                0.9999988809234431,
                3.58579309989616e-07,
                7.589736264055531e-07
            ],
            [
                1.3709409661990585e-08,
                1.448668165583744e-09,
                1.5455156248165366e-10,
                0.18506410226237505,
                0.8149358824249956
            ],
            [
                5.805445865049306e-07,
                1.4834994696269758e-10,
                1.747047568934559e-09,
                0.14621513169361955,
                0.8537842858663964
            ]
        ],
        [
            [
                0.9999340633617071,
                6.59349208621196e-05,
                1.139285384668403e-09,
                3.9497506557407607e-10,
                1.83170271652648e-10
            ],
            [
                1.0700069686028485e-08,
                4.4404636672859616e-08,
                6.081568435922156e-07,
                0.8115436849773581,
                0.18845565176109197
            ],
            [
                1.8657159360340095e-08,
                1.8128644641672838e-07,
                0.00022137825599958128,
                0.8355603922609235,
                0.16421802953947107
            ],
            [
                4.0514343403021904e-09,
                4.893409796006872e-10,
                2.6009227331743483e-09,
                0.08765413980780175,
                0.9123458530505002
            ],
            [
                1.4576214974048808e-07,
                1.6071220984224332e-10,
                9.390353918720196e-10,
                0.19942009561430943,
                0.8005797575237933
            ]
        ],
        [
            [
                0.9977949417466847,
                0.0022050578393458635,
                1.990292844134512e-10,
                2.0416797384837235e-10,
                1.0772077292067524e-11
            ],
            [
                2.256296843562888e-05,
                0.1263193554125888,
                0.6498309265160455,
                0.22380561481920092,
                2.1540283729091847e-05
            ],
            [
                6.34451537255083e-11,
                2.1935715351055649e-10,
                1.3337828916557943e-09,
                0.9971672252756377,
                0.002832773107777162
            ],
            [
                2.1269246004306013e-06,
                7.772393508781425e-09,
                1.1236019501291483e-09,
                0.1636238919005666,
                0.8363739722788376
            ],
            [
                1.466710111489841e-07,
                7.372239184698897e-10,
                7.1262073466858565e-09,
                0.00024298881195187428,
                0.9997568566536057
            ]
        ],
        [
            [
                0.9879771337534587,
                0.01202286583156814,
                7.198222221317326e-11,
                3.186606082123246e-10,
                2.433040235262522e-11
            ],
            [
                3.089700517551672e-06,
                0.0006346171514324525,
                0.0014795628465694636,
                0.9506192890327404,
                0.047263441268740165
            ],
            [
                8.342851756800299e-09,
                7.551797386383744e-09,
                5.541288065987116e-07,
                0.7648216585137776,
                0.23517777146276672
            ],
            [
                7.596145817638831e-10,
                1.5164554758710125e-09,
                2.832152005067437e-11,
                0.01586428960035062,
                0.9841357080952577
            ],
            [
                2.3284367181998766e-11,
                2.456155068470055e-11,
                6.668232614413773e-11,
                6.166249451817088e-06,
                0.9999938336360199
            ]
        ],
        [
            [
                0.7074423936849144,
                0.29255749134925374,
                6.670951954879441e-10,
                1.0799101085285766e-07,
                6.307725839835698e-09
            ],
            [
                1.5731221230131275e-07,
                3.987159381775732e-08,
                1.9547864058124244e-07,
                0.9403007311424039,
                0.05969887619514953
            ],
            [
                3.4214997630566387e-08,
                5.664599749459041e-09,
                2.2113744559261418e-08,
                0.6831417536523172,
                0.3168581843543408
            ],
            [
                2.2695370095079815e-09,
                4.0443609844037494e-10,
                9.854701258871924e-12,
                0.015175307531278574,
                0.9848246897848937
            ],
            [
                4.879117929879275e-09,
                2.081430096686776e-09,
                6.010065098983902e-09,
                0.08500372313629133,
                0.9149962638930955
            ]
        ],
        [
            [
                0.9999987673687708,
                1.2311154106475895e-06,
                1.2140633966297883e-09,
                4.556335641305697e-11,
                2.5619181817688e-10
            ],
            [
                1.6112903661676485e-08,
                1.5282877257931164e-05,
                0.0022326308787378167,
                0.9975860813760834,
                0.00016598875501719335
            ],
            [
                2.1142028655900306e-06,
                3.909576937800456e-06,
                0.7466790347803877,
                0.20822254275627197,
                0.04509239868353699
            ],
            [
                1.5215878387178922e-09,
                1.5463118606652687e-10,
                7.780399579225307e-10,
                0.21543394676215905,
                0.784566050783582
            ],
            [
                2.629315033297793e-08,
                9.305383406833717e-11,
                3.428110851315704e-10,
                0.00039258452179247226,
                0.9996073887491923
            ]
        ],
        [
            [
                0.999184695183602,
                0.0008153042161993603,
                6.6408391753032e-11,
                3.302912033804661e-10,
                2.0349900754508713e-10
            ],
            [
                9.75383918375183e-09,
                3.0359349555475027e-09,
                3.5652724262762405e-08,
                0.8024449202500161,
                0.19755503130748547
            ],
            [
                4.902576481442821e-11,
                9.091490285074622e-11,
                0.9999999379333598,
                5.505719305368213e-08,
                6.869506531268769e-09
            ],
            [
                8.2413993245925e-10,
                3.402603228175685e-10,
                1.3286490149924098e-09,
                0.15835895912826048,
                0.8416410383786903
            ],
            [
                0.023840596018843013,
                1.0130104824929994e-09,
                1.3141159606159403e-08,
                0.0017155471889473007,
                0.9744438426380396
            ]
        ],
        [
            [
                0.9999393439980194,
                6.0655281734812076e-05,
                1.293559139621417e-10,
                5.130654505892831e-10,
                7.78243456025377e-11
            ],
            [
                1.514980479953439e-06,
                4.0415633893941884e-06,
                0.29746867271906174,
                0.6425782141642845,
                0.059947556572784375
            ],
            [
                7.522975759949423e-09,
                6.952112263404089e-09,
                2.0091195776508048e-08,
                0.804326743148174,
                0.19567322228554218
            ],
            [
                4.978550266491981e-09,
                2.465741375333481e-09,
                3.952435216587639e-09,
                0.22239716820457886,
                0.7776028203986943
            ],
            [
                0.002812725745072383,
                2.5493573540987567e-10,
                9.788199474552644e-10,
                4.4104263346929e-05,
                0.997143168757825
            ]
        ],
        [
            [
                0.9270311610182234,
                0.07296882262579711,
                1.0913338093052328e-09,
                2.767393876211974e-09,
                1.2497251826957808e-08
            ],
            [
                0.0011651428374386777,
                0.5396055026081356,
                0.35711007595912453,
                0.10200226279962112,
                0.0001170157956799949
            ],
            [
                1.2284827030571925e-09,
                4.4420857012564987e-10,
                5.737644190583021e-09,
                0.9392367024804877,
                0.06076329010917681
            ],
            [
                0.0001822104436287088,
                2.347689901521654e-10,
                2.1964967573709574e-09,
                0.0015208851485743321,
                0.9982969019765312
            ],
            [
                2.3587840045692017e-10,
                4.1274816703292156e-10,
                1.4638503120931938e-09,
                0.1955211754989849,
                0.8044788223885383
            ]
        ],
        [
            [
                1.0772192753104018e-08,
                2.7489742885120855e-10,
                2.1244189976268818e-09,
                0.012066687903805296,
                0.9879332989246855
            ],
            [
                0.00011437085500916781,
                0.425199849519717,
                0.573273973155925,
                0.001410567469309526,
                1.2390000393048884e-06
            ],
            [
                1.5442793124950313e-09,
                1.0724772459397126e-06,
                3.090184863784095e-07,
                0.6879355392605057,
                0.3120630776994827
            ],
            [
                3.73951546811331e-08,
                2.4304367403655746e-09,
                1.0509042615273954e-10,
                0.19052771883384337,
                0.8094722412354748
            ],
            [
                0.00011059176096080264,
                1.3398055132679547e-09,
                1.495453584157639e-09,
                0.155493063898532,
                0.8443963415052481
            ]
        ],
        [
            [
                0.00018221036531826712,
                2.3373560081912464e-11,
                3.321398805987932e-11,
                1.5376654024414973e-06,
                0.9998162519126917
            ],
            [
                4.77928924056189e-08,
                5.996946382597618e-09,
                2.7779917060878256e-07,
                0.7415856716982839,
                0.2584139967127067
            ],
            [
                1.2734340528982502e-07,
                9.906289121659626e-08,
                4.703054754372043e-05,
                0.6748583757222818,
                0.32509436732387803
            ],
            [
                2.729528194768965e-09,
                2.4953956367796166e-10,
                8.19363316232636e-09,
                0.13583594062700757,
                0.8641640482002916
            ],
            [
                2.479457947199362e-09,
                1.1186852811665243e-09,
                1.646751618112881e-09,
                1.7237375682203575e-05,
                0.999982757379423
            ]
        ],
        [
            [
                0.9997718293528313,
                0.0002281689169019888,
                7.889161572781426e-10,
                1.4617270965615014e-10,
                7.95177720914576e-10
            ],
            [
                6.427361114086927e-09,
                4.738514608733108e-09,
                1.7060660593732413e-07,
                0.7453804863721424,
                0.2546193318553759
            ],
            [
                3.3508656512975605e-09,
                4.326620035374826e-09,
                8.514857390298992e-07,
                0.6713673695954343,
                0.32863177124134096
            ],
            [
                2.2792492325937803e-08,
                1.4680818802761314e-09,
                1.6616701022233276e-09,
                0.19285893934681336,
                0.8071410347309423
            ],
            [
                4.8655801565659754e-08,
                3.3888899144761463e-11,
                1.6278308346804025e-10,
                2.6631736079259014e-05,
                0.9999733194114472
            ]
        ],
        [
            [
                7.466026815155082e-07,
                2.2228081452482816e-09,
                4.6828354516322525e-09,
                7.184677882621198e-05,
                0.9999273997128486
            ],
            [
                0.010459190639522262,
                0.9188236565343725,
                0.060180211846904745,
                0.010475815203451908,
                6.112577574879382e-05
            ],
            [
                5.8232818703410065e-08,
                6.483571084086019e-05,
                0.9928853037424028,
                0.0012118312258521378,
                0.005837971088085435
            ],
            [
                1.906418066425036e-09,
                6.441040498888338e-10,
                9.571687696140283e-11,
