{
    "[['A', 'B', 'C', 'D', 'E'], ['A', 'B', 'C', 'D', 'E']]": [
        [
            [
                0.8045954521775863,
                0.19540454765660303,
                2.2776568938428286e-11,
                1.2028959952706854e-10,
                2.2744446034517592e-11
            ],
            [
                0.7345995209405193,
                0.265400476048394,
                8.957659804039977e-10,
                1.9279051249526116e-09,
                1.8741562778129654e-10
            ],
            [
                1.134637625887496e-09,
                4.7783013206357494e-08,
                0.9999989792369257,
                9.690703005338861e-07,
                2.7751227803993605e-09
            ],
            [
                1.50401640012809e-10,
                7.174416621191022e-10,
                5.509782669322783e-09,
                0.4550876757940508,
                0.5449123178283233
            ],
            [
                3.9472053835988906e-08,
                2.456678032806843e-10,
                2.867934409198564e-09,
                0.01519087919724983,
                0.9848090782170941
            ]
        ],
        [
            [
                0.9999138038505242,
                8.619553178993029e-05,
                1.4577414063643175e-10,
                2.370288676472819e-11,
                4.482088359401452e-10
            ],
            [
                4.0023360880395304e-06,
                0.0013547163183421362,
                0.8057789399497041,
                0.1928228156118095,
                3.952578405621895e-05
            ],
            [
                4.2256174567249296e-12,
                1.168952139974577e-11,
                0.9999999999046865,
                5.801918132587707e-11,
                2.1379316485363163e-11
            ],
            [
                9.162347747420985e-09,
                2.8601196481106584e-10,
                2.5484625212221024e-09,
                0.2241788897103563,
                0.7758210982928214
            ],
            [
                4.19933387818289e-11,
                2.389739391757457e-10,
                1.337081326560526e-10,
                0.1000001678973358,
                0.8999998316879888
            ]
        ],
        [
            [
                0.9999959325968112,
                4.0577485384142286e-06,
                6.808783951186764e-11,
                1.940894578969235e-10,
                9.392473077230872e-09
            ],
            [
                0.8004325765494321,
                0.19956742310034392,
                1.398005061632183e-10,
                1.2364850097776269e-10,
                8.677490994192323e-11
            ],
            [
                1.952488432268856e-07,
                5.585072803730495e-06,
                0.003010955034490254,
                0.7463649340088031,
                0.2506183306350598
            ],
            [
                3.8615442424753936e-10,
                5.431190424958105e-11,
                2.802940279478055e-10,
                0.7841169031753312,
                0.21588309610390838
            ],
            [
                6.050998387622097e-09,
                4.055935639819907e-09,
                2.654152544008864e-09,
                0.006009901914384339,
                0.9939900853245291
            ]
        ],
        [
            [
                0.9999998672975006,
                1.3236682323552895e-07,
                4.060522840478096e-12,
                7.47375704128441e-11,
                2.5687811263693594e-10
            ],
            [
                0.9999939800262635,
                6.019018397071007e-06,
                9.559840557982904e-11,
                2.2116011238656079e-10,
                6.385808332855547e-10
            ],
            [
                6.489524379867184e-10,
                3.134699363902064e-08,
                0.9999984085770923,
                1.549387262756861e-06,
                1.0039698717985923e-08
            ],
            [
                1.546876243369644e-08,
                6.5802992625438394e-09,
                3.7464171417758865e-09,
                0.20017952493794464,
                0.7998204492665766
            ],
            [
                7.458897707488835e-07,
                3.621027941720729e-10,
                1.2116210180029108e-10,
                0.00269351339040989,
                0.9973057402365544
            ]
        ],
        [
            [
                0.99999988509152,
                1.1452135933995994e-07,
                6.092621792976649e-11,
                3.0286610318299785e-11,
                2.9590760163974947e-10
            ],
            [
                0.9995135882288384,
                0.00048641074851953374,
                8.407474132644549e-10,
                1.4153193587797882e-10,
                4.036281949214321e-11
            ],
            [
                2.8509227220737643e-12,
                5.437024163663664e-11,
                0.9999999993340838,
                5.726284493979885e-10,
                3.6066603830547944e-11
            ],
            [
                4.936286753225947e-10,
                4.7804782385458327e-11,
                3.945775564181662e-09,
                0.3510162699088696,
                0.6489837256039215
            ],
            [
                1.7831080341991234e-11,
                6.754479403863398e-11,
                2.2755483702082192e-10,
                0.00018671295062740704,
                0.9998132867364419
            ]
        ],
        [
            [
                0.9996140339458692,
                0.00038596570597086043,
                1.117503871120235e-11,
                2.1932153999343897e-10,
                1.1766334984329856e-10
            ],
            [
                0.18648663440046082,
                0.8135105797382896,
                2.6292807211003376e-06,
                1.3892480335593016e-07,
                1.7655725362066726e-08
            ],
            [
                9.03953355554993e-11,
                1.7099130501113618e-11,
                0.9999999912568197,
                8.509699769184976e-09,
                1.2598621173202766e-10
            ],
            [
                7.712506065078442e-09,
                1.479209288486383e-10,
                5.110262403268456e-09,
                0.006481729000993074,
                0.9935182580283175
            ],
            [
                9.698496954950415e-09,
                1.0229603974003414e-09,
                1.123907156941431e-09,
                0.18921290711963826,
                0.8107870810349973
            ]
        ],
        [
            [
                0.9999781741578218,
                2.1825715805312703e-05,
                5.234326099640373e-11,
                4.5738168843387896e-11,
                2.8291520735490946e-11
            ],
            [
                0.9999657103830145,
                3.428952586475522e-05,
                4.665466467466922e-11,
                7.129810019367134e-12,
                3.733621035239362e-11
            ],
            [
                1.1702799875113549e-11,
                2.941647026989342e-12,
                0.999999999956642,
                2.495531339130875e-11,
                3.7581420686882334e-12
            ],
            [
                2.7416445474111336e-10,
                3.229024026137819e-10,
                2.2951286894713425e-09,
                0.3641136844352204,
                0.6358863126725841
            ],
            [
                7.790009490413597e-09,
                1.0243899252184172e-09,
                1.246098364894786e-10,
                0.36895672035412,
                0.6310432707068707
            ]
        ],
        [
            [
                0.9999848287156013,
                1.5171011753508393e-05,
                1.7027383270165473e-10,
                4.929788691795461e-11,
                5.307346157952128e-11
            ],
            [
                0.9761401805254872,
                0.023859818535135403,
                6.721393562427225e-10,
                1.3997480976479306e-10,
                1.2726318626853286e-10
            ],
            [
                3.2958079212564736e-11,
                5.659959664632257e-11,
                0.999997932716619,
                2.0545235139904314e-06,
                1.2670309283393403e-08
            ],
            [
                3.482563823567008e-10,
                2.0744809401413777e-10,
                7.551512593112167e-10,
                0.3997238862760824,
                0.6002761124130619
            ],
            [
                2.430837579116995e-10,
                9.695087366948411e-10,
                4.0244600054891675e-10,
                0.5919582230184524,
                0.40804177536650915
            ]
        ],
        [
            [
                0.8537882403917754,
                0.14621175724045246,
                1.452569550258167e-09,
                6.685840648643238e-10,
                2.46618488779067e-10
            ],
            [
                0.9999988789583253,
                1.1209482174116682e-06,
                2.690456088775653e-11,
                3.01311175235093e-11,
                3.642169010742763e-11
            ],
            [
                1.862609429515791e-12,
                1.3097273416163203e-11,
                0.9999999999650833,
                1.766555987321987e-11,
                2.291319582834788e-12
            ],
            [
                1.9228317305480887e-05,
                3.8579332200940545e-08,
                8.694766253406565e-09,
                0.00015620829710669352,
                0.9998245161114894
            ],
            [
                0.004581227464601259,
                5.985623697250752e-08,
                1.3131932936601607e-09,
                0.0006201575279124102,
                0.994798553838056
            ]
        ],
        [
            [
                0.9996144028710692,
                0.0003855969764931738,
                1.915668415503067e-11,
                1.0068378685031384e-10,
                3.259710307808771e-11
            ],
            [
                0.9983912058620182,
                0.001608793595115141,
                9.369116182703788e-11,
                1.3777891047587008e-11,
                4.3539762176354624e-10
            ],
            [
                2.3022196725990374e-09,
                1.38254126474841e-08,
                0.9999995411923327,
                4.4084615858972294e-07,
                1.8338764550201062e-09
            ],
            [
                2.533172895585176e-09,
                1.2648263851112231e-09,
                1.8100751359062386e-08,
                0.27571638887551314,
                0.7242835892257362
            ],
            [
                1.2046942555402268e-09,
                1.47242690571621e-10,
                6.23216438496372e-10,
                0.001804395800428265,
                0.9981956022244183
            ]
        ],
        [
            [
                0.9999999383904358,
                6.150559797627193e-08,
                3.8589534618079495e-11,
                1.476159487019291e-11,
                5.0614990861572493e-11
            ],
            [
                2.8553879312524743e-05,
                0.9869743916961661,
                0.012823253336628782,
                0.0001736346214960287,
                1.6646639656348902e-07
            ],
            [
                8.101932723473481e-07,
                1.3333773238374105e-06,
                0.22894140207467376,
                0.5093343478251882,
                0.2617221065295419
            ],
            [
                2.4631816520510265e-05,
                5.3909354313832354e-08,
                4.252658515442339e-10,
                0.23868586645285142,
                0.7612894473960079
            ],
            [
                5.8818114424093516e-08,
                2.689695041087024e-09,
                1.325679718311702e-08,
                0.10006947435598701,
                0.8999304508794063
            ]
        ],
        [
            [
                0.9999323727159855,
                6.76255176911042e-05,
                1.434223369636255e-10,
                4.436895031037961e-10,
                1.1792116707124495e-09
            ],
            [
                0.9999998486380703,
                1.5081346537076925e-07,
                1.1501153760995812e-10,
                3.8544837377382954e-10,
                4.800435007943856e-11
            ],
            [
                1.3345425739348505e-09,
                4.600108615836405e-08,
                0.9993596577812273,
                0.0006401445902021058,
                1.502929418029938e-07
            ],
            [
                8.203073336143454e-09,
                6.653230125330724e-10,
                1.4656838010964916e-09,
                0.6800255821990074,
                0.31997440746691236
            ],
            [
                3.058238530241128e-09,
                1.6359505444761864e-09,
                9.960221517895777e-09,
                0.10000248882558949,
                0.8999974965199999
            ]
        ],
        [
            [
                0.8020675929153087,
                0.1979324055209496,
                2.9828627936585024e-10,
                1.99622303245872e-10,
                1.0658330696140676e-09
            ],
            [
                0.9924475545828396,
                0.007552444605587614,
                1.5798894702891548e-10,
                4.884350917835547e-10,
                1.6514878719206942e-10
            ],
            [
                5.073452679028211e-10,
                6.367506474957512e-09,
                0.9999995381537552,
                4.5426940543982595e-07,
                7.01987529247379e-10
            ],
            [
                8.87331679970335e-10,
                4.761595694860988e-09,
                3.283193900977138e-08,
                0.6075131624608663,
                0.39248679905826733
            ],
            [
                5.826128344647449e-10,
                4.4722348652883496e-10,
                2.6810233335748588e-09,
                0.4019526523885495,
                0.5980473439005909
            ]
        ],
        [
            [
                0.9998557420220664,
                0.00014425754289751631,
                2.7819395002071296e-11,
                1.881105010892402e-10,
                2.191060986214731e-10
            ],
            [
                0.9996146498518176,
                0.00038534999890317236,
                1.3493935857792882e-11,
                1.0410565951488944e-10,
                3.1679699018813346e-11
            ],
            [
                8.277034254312544e-08,
                6.599045923261613e-08,
                0.9842301908116007,
                0.015182792006772888,
                0.000586868420824516
            ],
            [
                5.3395136259002116e-11,
                5.541653895883381e-10,
                3.1559887033517686e-11,
                0.3983364498673956,
                0.601663549493484
            ],
            [
                5.516538163015081e-10,
                1.0284516089945256e-09,
                5.49046685595436e-09,
                0.24124179902246679,
                0.7587581939069609
            ]
        ],
        [
            [
                0.999999993117195,
                6.84288586832422e-09,
                8.519460389748248e-13,
                2.0554615331625562e-11,
                1.8512461681728403e-11
            ],
            [
                0.9974701384910604,
                0.002529860670952704,
                6.809396883252579e-10,
                9.250837536050149e-11,
                6.45388840314824e-11
            ],
            [
                7.811271302932455e-06,
                1.9607342741501177e-06,
                0.018074495117841635,
                0.9650720418869764,
                0.01684369098960499
            ],
            [
                2.2968252923348118e-11,
                1.1640058367489044e-09,
                7.986565383242177e-10,
                0.5999366178857776,
                0.40006338012859183
            ],
            [
                4.543205042175234e-07,
                2.438507986060062e-09,
                4.22532678635003e-10,
                0.006558299672577427,
                0.9934412431458777
            ]
        ],
        [
            [
                0.9999999371435088,
                6.234203791015626e-08,
                6.612983433504687e-11,
                2.6393282224659963e-11,
                4.219300426608507e-10
            ],
            [
                0.9999973478558143,
                2.652075754304319e-06,
                2.7374495106260134e-11,
                1.0841541707278378e-11,
                3.021541055771228e-11
            ],
            [
                5.550285435702533e-10,
                4.1614063985166175e-09,
                0.9999995268418104,
                4.583959137733721e-07,
                1.004584087887661e-08
            ],
            [
                2.0260761265644746e-06,
                4.554915025925533e-09,
                5.079345427137254e-10,
                0.37257382420998464,
                0.6274241446510392
            ],
            [
                8.717057939719871e-09,
                3.0160203207428064e-09,
                4.568539257455524e-11,
                0.20100535432436065,
                0.7989946338968757
            ]
        ],
        [
            [
                0.9999999213913163,
                7.858025022338617e-08,
                1.8091752457759966e-11,
                6.033029821773038e-12,
                4.30868674889624e-12
            ],
            [
                0.49518262993606676,
                0.5048173224899956,
                4.5442849520735044e-08,
                1.6689409462851233e-09,
                4.6214708655821093e-10
            ],
            [
                6.71999933532577e-09,
                1.095851874977889e-06,
                0.9999973003796722,
                1.582060154763323e-06,
                1.4988298826168376e-08
            ],
            [
                1.29987700423032e-07,
                2.594838019917968e-10,
                2.6589043791133865e-10,
                0.21003367559736047,
                0.789966193889565
            ],
            [
                1.2121309137642204e-09,
                3.2526746142417013e-09,
                4.781279842473558e-10,
                0.3388325643991798,
                0.6611674306578867
            ]
        ],
        [
            [
                0.9965527363987914,
                0.0034472630982084287,
                2.830996807171757e-10,
                4.599550427531843e-11,
                1.739050396798803e-10
            ],
            [
                0.875507682165176,
                0.12449231701538134,
                1.256568849101844e-10,
                5.452297601788982e-10,
                1.4855597098205228e-10
            ],
            [
                1.8031237651852116e-11,
                7.079407233223127e-11,
                0.9999999950605445,
                4.783420393755771e-09,
                6.720978510024031e-11
            ],
            [
                1.3165312325129495e-08,
                4.350002797727908e-09,
                8.355560805475409e-09,
                0.20347113957542654,
                0.7965288345536976
            ],
            [
                2.0285730655872826e-06,
                1.384468021763717e-09,
                1.5857020018410844e-08,
                0.28706016491210895,
                0.7129377892733374
            ]
        ],
        [
            [
                0.9999138086921479,
                8.619128356655927e-05,
                9.764579758997597e-12,
                1.3635963890507927e-12,
                1.3157416817572888e-11
            ],
            [
                0.9991859068951795,
                0.0008140920428988589,
                1.5394258615647628e-10,
                8.828521029845002e-10,
                2.5126900369434195e-11
            ],
            [
                6.699991155876362e-12,
                3.3083931007271156e-12,
                0.9999999998140807,
                1.4885944314128404e-10,
                2.705146781041332e-11
            ],
            [
                0.0293929582546756,
                1.1095900809614906e-07,
                2.699103669319886e-08,
                0.046780178234209276,
                0.9238267255610705
            ],
            [
                6.843006894098585e-10,
                3.736139788438797e-10,
                9.652873185461773e-11,
                0.19976626371806186,
                0.8002337351274947
            ]
        ],
        [
            [
                0.9999999705459286,
                2.936789775704628e-08,
                4.901361574190673e-11,
                5.057454434146425e-12,
                3.210276918056896e-11
            ],
            [
                0.46855358992143176,
                0.5314464077076916,
                1.8382931210133224e-09,
                1.7794656256588497e-10,
                3.5463700339113084e-10
            ],
            [
                1.375486329780902e-07,
                2.7695101348416365e-05,
                0.999720878442463,
                0.00024299184506892,
                8.297062486749646e-06
            ],
            [
                1.7436670139108905e-09,
                2.557672204233935e-10,
                1.0554101271078816e-09,
                0.3761814095642629,
                0.6238185873808928
            ],
            [
                6.265173640160114e-08,
                8.215362465643346e-10,
                6.693109971179252e-09,
                0.19814965582485264,
                0.8018502740087647
            ]
        ],
        [
            [
                0.9999999984795325,
                1.4894042983701156e-09,
                2.176774895252573e-12,
                1.5239467021981455e-11,
                1.3647158632444978e-11
            ],
            [
                0.9998483683994553,
                0.00015163128694073574,
                2.616845888606331e-11,
                1.9757573109030432e-10,
                8.985968414057432e-11
            ],
            [
                8.395181559413591e-09,
                2.8764779852846424e-08,
                0.9999998835878877,
                3.091149651911238e-08,
                4.834065435591017e-08
            ],
            [
                7.432597681283431e-10,
                1.346780707103732e-09,
                2.0464702660114563e-08,
                0.468781295156217,
                0.5312186822890399
            ],
            [
                8.211130069332365e-10,
                3.4175865883342356e-09,
                1.146880803262886e-09,
                0.19578950943753798,
                0.8042104851768815
            ]
        ],
        [
            [
                0.999932918307144,
                6.708148693542287e-05,
                3.405299575250445e-11,
                9.656245069614168e-11,
                7.53051325539791e-11
            ],
            [
                0.48781088906144576,
                0.5121891083670588,
                6.171496535655686e-10,
                1.7533885712643897e-09,
                2.0095719717853714e-10
            ],
            [
                1.408049918318647e-09,
                1.254808185556647e-08,
                0.9999991527193827,
                6.707988890618e-07,
                1.6252559651133034e-07
            ],
            [
                4.929303349518083e-09,
                1.8959389782631685e-08,
                9.60744462993125e-10,
                0.41819475603522555,
                0.5818052191153369
            ],
            [
                1.3901740072650578e-09,
                2.848415339791061e-10,
                1.0038009363036448e-09,
                0.6639785225934807,
                0.33602147472770294
            ]
        ],
        [
            [
                0.9801148490909372,
                0.019885150233443363,
                4.221299151692355e-10,
                1.7963689629740698e-10,
                7.385282535543902e-11
            ],
            [
                0.82383055559118,
                0.17616944419831332,
                2.5493795460787717e-11,
                1.5132893589613446e-10,
                3.368385731429618e-11
            ],
            [
                2.5730707882510086e-11,
                3.897111936518337e-11,
                0.9999999900580409,
                6.8950432591163025e-09,
                2.9822139341460676e-09
            ],
            [
                1.0923003202680706e-10,
                9.362762903100567e-10,
                4.0908362143289814e-10,
                0.7996273185901198,
                0.20037267995529032
            ],
            [
                4.6489957502364143e-10,
                3.167881086831706e-10,
                5.541353772101044e-09,
                0.35064296943107875,
                0.6493570242458798
            ]
        ],
        [
            [
                0.99999999411001,
                5.865658882736784e-09,
                1.909264629898727e-11,
                1.0172528177516144e-12,
                4.221223065882639e-12
            ],
            [
                0.6616536926676866,
                0.3383462946989272,
                1.322975920665734e-09,
                7.504740705766357e-09,
                3.805669654451383e-09
            ],
            [
                2.4654508865000103e-07,
                1.3712743726282742e-07,
                0.999821457770608,
                0.00014220697838232047,
                3.595157848371336e-05
            ],
            [
                6.707995352819538e-05,
                2.2406654418752e-07,
                1.0418776591702982e-07,
                0.1290871569005606,
                0.870845434891601
            ],
            [
                1.0254382218243711e-10,
                1.125436242863302e-09,
                2.587648994799042e-10,
                0.5988118831002593,
                0.4011881154129957
            ]
        ],
        [
            [
                0.999947759560215,
                5.2240082762632456e-05,
                6.698964263207321e-12,
                8.020869581057556e-11,
                2.7011466210335904e-10
            ],
            [
                0.999997625346355,
                2.3738785362868984e-06,
                6.736627277669902e-11,
                2.8645254178980507e-11,
                6.790972388281418e-10
            ],
            [
                9.99560172457187e-12,
                3.4062275910609874e-12,
                0.9999999999543125,
                1.13471717209138e-11,
                2.093856562110945e-11
            ],
            [
                5.3983515094341e-11,
                1.0669801982750054e-09,
                1.1182159441698661e-08,
                0.31194734388011397,
                0.6880526438167629
            ],
            [
                1.4001848050888598e-10,
                3.831673039142688e-10,
                1.2198357047750594e-09,
                0.3666934521011226,
                0.6333065461558559
            ]
        ],
        [
            [
                0.9993654616177843,
                0.0006345382361810294,
                2.6377941124699565e-11,
                1.1756218203434819e-11,
                1.0790052644374588e-10
            ],
            [
                0.02710071461258747,
                0.9728939086900694,
                4.371766488751274e-06,
                7.427914121266085e-07,
                2.621394422506092e-07
            ],
            [
                2.070316690122203e-11,
                1.0993638111457459e-11,
                0.9999999999385751,
                1.2656254771722885e-11,
                1.707164656841906e-11
            ],
            [
                1.1003237427844193e-09,
                1.4022980011756959e-08,
                5.413338139432618e-09,
                0.6150791336242583,
                0.38492084583909986
            ],
            [
                2.3580269784360866e-09,
                6.35975043453331e-11,
                8.430351159705387e-11,
                0.4872240495615794,
                0.5127759479324927
            ]
        ],
        [
            [
                0.8361848718768597,
                0.16381512638899917,
                3.9276547694397994e-10,
                1.0455748577405306e-09,
                2.95800731405699e-10
            ],
            [
                0.9941168114026216,
                0.0058831870226792714,
                1.0970867771040354e-10,
                7.603300081948547e-10,
                7.046605210145487e-10
            ],
            [
                1.993940278587387e-12,
                5.1098203078270725e-12,
                0.9999999999810021,
                2.8045976353005213e-12,
                9.08970728436137e-12
            ],
            [
                2.8284848184314572e-09,
                2.213900733619604e-09,
                3.199973344933304e-09,
                0.2645773403045656,
                0.7354226514530754
            ],
            [
                4.7829117830514017e-08,
                3.8723972283867525e-10,
                3.950210577285154e-09,
                0.002817427814570149,
                0.9971825200188617
            ]
        ],
        [
            [
                0.9999999859479799,
                3.403570310822503e-09,
                1.4262562505552877e-12,
                1.3694038849282974e-11,
                1.0633329481089831e-08
            ],
            [
                0.9999931278430808,
                6.871956875661836e-06,
                6.50968781727235e-11,
                1.2500936455002631e-10,
                9.937225957176911e-12
            ],
            [
                5.635705214274521e-12,
                6.156221565252083e-12,
                0.9999999999708971,
                1.1261837125269286e-11,
                6.049182736716425e-12
            ],
            [
                8.946514261718733e-10,
                5.708472922809499e-10,
                6.152488874480641e-10,
                0.7975404824605046,
                0.2024595154587478
            ],
            [
                1.2363995541755013e-09,
                1.271009480568143e-10,
                5.319791305624278e-09,
                0.2480594961986883,
                0.7519404971180198
            ]
        ],
        [
            [
                0.9996997344182006,
                0.0003002629308104182,
                6.307295979905275e-11,
                1.966508152678259e-10,
                2.391265124601083e-09
            ],
            [
                0.9891758115370014,
                0.010824188060728851,
                1.1540332254750173e-11,
                7.854700705895024e-11,
                3.121824470076801e-10
            ],
            [
                9.822451078764081e-13,
                3.5522965273395896e-12,
                0.9999999999770546,
                1.6631790128993922e-11,
                1.7790457293089174e-12
            ],
            [
                8.380992705327337e-11,
                1.7722024657069903e-10,
                1.1338242164794341e-11,
                0.39614635277534027,
                0.6038536469522913
            ],
            [
                1.8512655679556685e-09,
                1.7470988466559124e-09,
                5.553183083106262e-10,
                0.26115418309599975,
                0.7388458127503175
            ]
        ],
        [
            [
                0.9999477577403421,
                5.224215368212585e-05,
                2.9506451524706586e-11,
                1.031561433317706e-11,
                6.615369702584882e-11
            ],
            [
                0.9773318407297896,
                0.02266815647324138,
                9.60505928426954e-10,
                5.78737958335442e-10,
                1.2577249503954835e-09
            ],
            [
                1.4226767172305032e-12,
                3.0541141905392694e-12,
                0.9999999999484077,
                3.5274836688768576e-11,
                1.1840638569966776e-11
            ],
            [
                1.530894402238356e-09,
                1.988972414877616e-09,
                1.9538203809296135e-09,
                0.7701852431458637,
                0.2298147513804492
            ],
            [
                1.233160226817816e-10,
                1.4796267908690481e-09,
                1.089864139621328e-09,
                0.27289187296488315,
                0.72710812434231
            ]
        ],
        [
            [
                0.999999629527575,
                3.700163009252121e-07,
                1.088404667831795e-10,
                6.301747265046567e-12,
                3.409817760214262e-10
            ],
            [
                0.9978025403259084,
                0.0021974587439695663,
                2.348445452524246e-10,
                6.760178358309125e-10,
                1.9259566477967015e-11
            ],
            [
                7.223372171238646e-10,
                2.3349800258191253e-09,
                0.9999969664360245,
                2.996696781666971e-06,
                3.380987652228735e-08
            ],
            [
                1.1967588531709554e-10,
                1.1695830815648279e-09,
                1.2096566316036885e-08,
                0.9722959162861645,
                0.027704070328010102
            ],
            [
                2.228531026912793e-09,
                2.393660038660182e-10,
                9.490129553622315e-10,
                0.15467220313504398,
                0.845327793448046
            ]
        ],
        [
            [
                0.9905087164182238,
                0.009491283152737819,
                1.389037766771753e-10,
                4.9554315537378915e-11,
                2.405802388312472e-10
            ],
            [
                0.2809380106173906,
                0.7190618579524937,
                1.2326018624433792e-07,
                6.486149586038858e-09,
                1.6837799350991142e-09
            ],
            [
                3.518702004973568e-12,
                4.5884958407288495e-11,
                0.9999999998963232,
                3.709965510149472e-11,
                1.7173645453265796e-11
            ],
            [
                9.676019468260586e-10,
                1.4553283320123046e-09,
                3.205850316461286e-09,
                0.47487721072456,
                0.5251227836466594
            ],
            [
                2.9235343930209807e-09,
                1.7529465473119024e-09,
                8.61838699528962e-08,
                0.2524693674987932,
                0.7475305416408559
            ]
        ],
        [
            [
                0.9999999938268933,
                5.946404286592291e-09,
                4.500587362686175e-11,
                1.628647492717467e-11,
                1.654100588860625e-10
            ],
            [
                0.9883693110276484,
                0.01163068514772247,
                1.0958969441157777e-09,
                1.578113296870513e-09,
                1.1506189975170247e-09
            ],
            [
                7.0504432861859754e-12,
                4.949716529865146e-11,
                0.9999999963391559,
                3.239422079441217e-09,
                3.648743078497389e-10
            ],
            [
                1.2137090491071887e-10,
                6.132107813301129e-10,
                2.970938836779538e-10,
                0.0642389814801381,
                0.9357610174881863
            ],
            [
                3.3622564095802164e-09,
                6.64628901828637e-08,
                4.270425932286749e-09,
                0.46337269863062347,
                0.536627227273804
            ]
        ],
        [
            [
                0.999999978370764,
                2.150719540341575e-08,
                5.564053406440993e-11,
                2.8625836644507192e-11,
                3.777419491456913e-11
            ],
            [
                0.999959273144488,
                4.0726765936015265e-05,
                2.535186568231712e-12,
                8.264430313515187e-11,
                4.3964986006567036e-12
            ],
            [
                2.832162346735365e-11,
                9.53254074103587e-11,
                0.9999999935277071,
                6.320114965947111e-09,
                2.8530670813637333e-11
            ],
            [
                1.2124404416925568e-09,
                3.082683395728437e-09,
                2.5300388345448083e-09,
                0.5346793746584089,
                0.4653206185164284
            ],
            [
                0.00021987723040441868,
                6.720747847109698e-08,
                2.1591182659015656e-09,
                0.012534983011920894,
                0.987245070391078
            ]
        ],
        [
            [
                0.999999985376716,
                1.4462406672325647e-08,
                5.186965265080843e-12,
                1.7319356757999363e-11,
                1.3837103731075822e-10
            ],
            [
                0.9879793185498853,
                0.012020681088772104,
                3.540589508058998e-11,
                1.1492635177845123e-10,
                2.1101027116833977e-10
            ],
            [
                9.081497874054204e-13,
                4.186186931128883e-13,
                0.9999999999913194,
                5.2125475634264405e-12,
                2.1413211668935842e-12
            ],
            [
                1.020489694431621e-08,
                1.6322756663173915e-09,
                1.0606756540900968e-08,
                0.6351491779076467,
                0.36485079964842415
            ],
            [
                1.7405350886964365e-09,
                2.2586748033747964e-10,
                9.212202836946885e-10,
                0.29484378018975455,
                0.7051562169226226
            ]
        ],
        [
            [
                0.9999999436230711,
                5.634621378233312e-08,
                2.2846415951108575e-11,
                1.498076938027331e-12,
                6.370653907619206e-12
            ],
            [
                0.9999264754629369,
                7.352413546925396e-05,
                3.1497308964104984e-10,
                7.749498312381187e-11,
                9.125790054284744e-12
            ],
            [
                1.1774881918679424e-12,
                4.472719251251136e-12,
                0.9999999999714899,
                1.5748223158127506e-11,
                7.111566714307513e-12
            ],
            [
                1.4319248772618167e-09,
                1.8747841941581424e-10,
