{
    "[['A', 'B', 'C', 'D', 'E'], ['A', 'B', 'C', 'D', 'E']]": [
        [
            [
                0.9999999770378971,
                2.2854529697038153e-08,
                9.220910735073314e-11,
                1.4381101104268302e-11,
                9.830338838164524e-13
            ],
            [
                0.9848272611422131,
                0.01517273870022046,
                9.908199549410388e-11,
                8.181745895328539e-12,
                5.030266919574364e-11
            ],
            [
                1.4607177957009222e-07,
                0.1706947286741409,
                0.8292987521916957,
                6.335626742770272e-06,
                3.7435641126920164e-08
            ],
            [
                1.1917190756452212e-09,
                2.442962695934137e-10,
                1.1283337862706047e-08,
                0.6925020247532183,
                0.3074979625274285
            ],
            [
                9.85195938991193e-09,
                1.8411553954548768e-08,
                6.091139287979966e-09,
                0.21600487990517325,
                0.7839950857401741
            ]
        ],
        [
            [
                0.9999943256621322,
                5.6742940973058315e-06,
                3.698404716199908e-12,
                2.7355229862444e-11,
                1.2716971416301385e-11
            ],
            [
                0.999161231992641,
                0.0008387678009429889,
                1.9318960730718398e-11,
                1.3576094798227198e-10,
                5.133615375333195e-11
            ],
            [
                3.798453505294792e-09,
                1.5568704139677887e-08,
                0.9998892525871285,
                0.00011072614470960455,
                1.9010043823442576e-09
            ],
            [
                3.351195394964383e-09,
                2.5060286847234137e-09,
                2.905310486899528e-10,
                0.42385335826701054,
                0.5761466355852344
            ],
            [
                1.3352746913148984e-09,
                1.287930746050673e-09,
                1.1525168453899677e-09,
                0.9693996948719703,
                0.030600301352307433
            ]
        ],
        [
            [
                0.999812919902842,
                0.00018708005630165773,
                6.866147158679668e-12,
                3.3066614965535784e-11,
                9.234611054616307e-13
            ],
            [
                0.9999999800777097,
                1.9899022489460346e-08,
                7.31008356730034e-12,
                1.5866645080788147e-11,
                9.112851653207302e-14
            ],
            [
                1.656288102705391e-08,
                3.4096742748648956e-05,
                0.999438626581976,
                0.0005270423604997114,
                2.1775189450275362e-07
            ],
            [
                2.579983089144858e-10,
                6.32135617349744e-09,
                2.2342609206599546e-08,
                0.44539785927246633,
                0.5546021118055701
            ],
            [
                1.1796842469901149e-10,
                4.99889542010737e-10,
                1.3509398219164951e-11,
                0.0755081519818815,
                0.9244918473867512
            ]
        ],
        [
            [
                0.999987889451857,
                1.2110417047011228e-05,
                3.035931657385315e-11,
                1.5197905741510785e-11,
                8.553885316931323e-11
            ],
            [
                0.9999997612859989,
                2.3868537468596e-07,
                8.225163809873084e-12,
                1.948317907571649e-11,
                9.180048920677678e-13
            ],
            [
                5.53063930693109e-06,
                0.13216885192621328,
                0.6636367540387942,
                0.2041864934315977,
                2.3699640879545833e-06
            ],
            [
                2.9738769267980097e-09,
                1.6731849847816963e-09,
                1.996639201227041e-08,
                0.9082772825399731,
                0.09172269284657304
            ],
            [
                1.281812136102202e-10,
                5.423024575634677e-10,
                7.203605749125839e-10,
                0.003024675598718779,
                0.996975323010437
            ]
        ],
        [
            [
                0.999999785665853,
                2.1431224903224726e-07,
                2.6450421709322044e-13,
                2.01292200463342e-11,
                1.5043537088209642e-12
            ],
            [
                0.9999138882036585,
                8.611168554434532e-05,
                8.432306591680556e-11,
                8.357736965991244e-12,
                1.8116440953508855e-11
            ],
            [
                4.764380981284586e-07,
                0.19761007864341762,
                0.7064993420778447,
                0.09588427793860356,
                5.824902036000315e-06
            ],
            [
                1.589993937941189e-09,
                2.3705271269179047e-10,
                6.29353112386367e-10,
                0.6025810885670553,
                0.397418908976545
            ],
            [
                5.341938644278969e-10,
                2.59141009892045e-09,
                1.3614678473709836e-10,
                0.009494631018297865,
                0.9905053657199513
            ]
        ],
        [
            [
                0.9999883270126603,
                1.1669894145674522e-05,
                3.135534636435315e-11,
                4.561588942562766e-12,
                3.057277123947372e-09
            ],
            [
                0.9999999997291529,
                2.675419960021356e-10,
                4.776561699299526e-14,
                2.463024236877867e-12,
                7.943847499157532e-13
            ],
            [
                1.4909624621252212e-07,
                0.07550343508904812,
                0.9234097291271346,
                0.0010864803847422356,
                2.0630282879123047e-07
            ],
            [
                1.77325318963211e-10,
                4.899593780097739e-10,
                3.020502785165973e-08,
                0.765542564308032,
                0.23445740481965535
            ],
            [
                1.5267486054150664e-09,
                1.7787836362695442e-08,
                9.110844682391409e-10,
                0.012974635294478933,
                0.9870253444798516
            ]
        ],
        [
            [
                0.9999999905723912,
                9.41585242033035e-09,
                4.198371187574609e-12,
                6.192650045938083e-12,
                1.3654468062336634e-12
            ],
            [
                0.9982528144534737,
                0.0017471853710652608,
                3.2361684278109316e-11,
                4.3963358985173753e-11,
                9.913595240806123e-11
            ],
            [
                7.002328617979603e-11,
                5.271233838715646e-11,
                0.9999998333510215,
                1.6639163514716716e-07,
                1.3460773988494078e-10
            ],
            [
                1.7090680927338509e-09,
                3.1376035315933097e-09,
                7.924007565664288e-09,
                0.3482707665044394,
                0.6517292207248815
            ],
            [
                5.214467425207878e-11,
                4.998956283705882e-10,
                2.0691343494587852e-09,
                0.05921902972433324,
                0.9407809676544922
            ]
        ],
        [
            [
                0.9999875698864216,
                1.2423589854924142e-05,
                1.1034427295953776e-11,
                5.424089143925146e-11,
                6.458448089743443e-09
            ],
            [
                0.999999942064844,
                5.791779649851114e-08,
                8.692904097561894e-12,
                2.4406264093107246e-12,
                6.225965238000401e-12
            ],
            [
                1.9260614921994134e-11,
                9.731878864227107e-11,
                0.9999999976066503,
                1.6629173139831481e-09,
                6.13853066673197e-10
            ],
            [
                6.196100909970906e-10,
                2.2967776841399252e-09,
                5.717573875186438e-09,
                0.6453653443184214,
                0.35463464704761694
            ],
            [
                1.0125116943958344e-09,
                1.0885107811651614e-09,
                8.089730555016211e-09,
                0.4619871052570582,
                0.5380128845521888
            ]
        ],
        [
            [
                0.9999970153290338,
                2.983499254384615e-06,
                1.6445418639206607e-11,
                3.1302330039293676e-11,
                1.123964050922356e-09
            ],
            [
                0.9905126323360444,
                0.009487367627674347,
                2.4619177470062923e-11,
                2.2632833529615517e-12,
                9.398855207141093e-12
            ],
            [
                3.820885349823171e-07,
                0.00031709155752532016,
                0.0033317943070862305,
                0.8487736744500304,
                0.1475770575968231
            ],
            [
                3.025693077022111e-09,
                1.4213383933212127e-08,
                2.695951954473107e-08,
                0.5698987202501411,
                0.4301012355512623
            ],
            [
                2.605118925222794e-09,
                1.1548864400049716e-09,
                1.7200957560211953e-08,
                0.17807979990926953,
                0.8219201791297676
            ]
        ],
        [
            [
                0.9999683055664651,
                3.1694398035090516e-05,
                2.3168454009617928e-11,
                7.314986532637175e-12,
                5.016510059112038e-12
            ],
            [
                0.9999807566892325,
                1.92432368676888e-05,
                2.9667806791997124e-11,
                4.046754896521162e-11,
                3.764550913462027e-12
            ],
            [
                3.000120182136876e-08,
                2.8315114124344458e-05,
                0.9927588623977336,
                0.0072091314725385445,
                3.661014401707758e-06
            ],
            [
                1.0964578283623405e-07,
                5.62333759382542e-06,
                6.85725382114462e-08,
                0.7198384510208654,
                0.28015574742321975
            ],
            [
                1.4737697114792747e-09,
                1.1222641871611946e-09,
                2.579877926113926e-10,
                0.07085570820230755,
                0.9291442889436707
            ]
        ],
        [
            [
                0.9999937455388228,
                6.254335619435069e-06,
                6.600164051869108e-11,
                3.47293377773528e-11,
                2.48267670036209e-11
            ],
            [
                0.8999989388462566,
                0.10000105977261609,
                1.3642967493104526e-10,
                1.8684119613717282e-10,
                1.0578564415570647e-09
            ],
            [
                4.600768253514421e-12,
                9.150479683880081e-12,
                0.9999999999356604,
                2.5370831518060342e-11,
                2.521754819430424e-11
            ],
            [
                1.4485502352924043e-10,
                3.4209682024975625e-09,
                2.2971348888221585e-08,
                0.7693195184885038,
                0.23068045497432424
            ],
            [
                9.963498956055901e-10,
                5.134731931562876e-10,
                4.980660743284784e-09,
                0.16544620257241882,
                0.8345537909370974
            ]
        ],
        [
            [
                0.9999998295178124,
                1.702262978348896e-07,
                3.9867329461368145e-11,
                1.0835628878855708e-10,
                1.0766607758535073e-10
            ],
            [
                0.9113896950112745,
                0.08861030460010517,
                7.447976085487431e-11,
                1.8445350965654938e-10,
                1.296868955207347e-10
            ],
            [
                5.082908918297126e-08,
                6.560878945882367e-07,
                0.23952380803271134,
                0.7240169220692946,
                0.03645856298101031
            ],
            [
                2.5948219437300234e-10,
                6.3538429536778036e-09,
                5.903130668535926e-09,
                0.08085048528239967,
                0.9191495022011444
            ],
            [
                6.796600965012285e-10,
                3.3694083513671246e-09,
                5.740580479692509e-09,
                0.13624776450616582,
                0.8637522257041853
            ]
        ],
        [
            [
                0.9999999915219834,
                8.342855630010529e-09,
                3.238474915583341e-12,
                7.238781228298256e-11,
                5.953460639341224e-11
            ],
            [
                0.999765164912018,
                0.00023483492153223272,
                9.862553078497659e-12,
                1.9719870077200834e-11,
                1.3686736319754675e-10
            ],
            [
                5.111698845217873e-09,
                3.3916625559508503e-06,
                0.9958486579891388,
                0.004146834079893078,
                1.1111567133156342e-06
            ],
            [
                3.446620045156119e-09,
                1.9961334226737425e-08,
                3.38910726061018e-10,
                0.5784480491467405,
                0.4215519271063944
            ],
            [
                1.0606087136473458e-09,
                8.186487947253907e-10,
                3.1313951339233526e-09,
                0.26481242468924826,
                0.7351875703000991
            ]
        ],
        [
            [
                0.9998087100910867,
                0.00019128985837643062,
                2.6625519543363145e-11,
                2.139254714107007e-11,
                2.5187263338717197e-12
            ],
            [
                0.99945278435709,
                0.0005472153518969271,
                6.590461621578538e-11,
                2.1196685128710153e-10,
                1.3141622336407116e-11
            ],
            [
                2.8611049182265163e-07,
                0.0028090461322599273,
                0.9513228346036273,
                0.04563753974637004,
                0.0002302934072509048
            ],
            [
                7.327708873716914e-09,
                6.539236877950995e-09,
                4.8358225049611645e-09,
                0.4490567766846416,
                0.55094320461259
            ],
            [
                1.4682884359263429e-09,
                1.8662738249854747e-08,
                9.911659653850519e-10,
                0.19121152859707272,
                0.8087884502807345
            ]
        ],
        [
            [
                0.9999957108305366,
                4.289114962605296e-06,
                1.1595877813227526e-12,
                3.349315360537448e-11,
                1.9847871678405494e-11
            ],
            [
                0.9999996253031107,
                3.746333016381016e-07,
                4.160289670308721e-12,
                5.201043594937856e-11,
                7.416872416774232e-12
            ],
            [
                1.8046232597546086e-07,
                2.666768716515102e-05,
                0.9994072684250825,
                0.0005658062814847333,
                7.714394162228294e-08
            ],
            [
                2.6948695112119894e-10,
                1.6051970046196308e-08,
                4.3805668960446206e-09,
                0.6178852139756991,
                0.38211476532227695
            ],
            [
                9.379435462553598e-10,
                1.2839780567732098e-09,
                3.9105705898892507e-10,
                0.33141790583600195,
                0.6685820915510193
            ]
        ],
        [
            [
                0.9999999193396089,
                8.065170226926341e-08,
                1.3145735150234166e-12,
                6.868611803353245e-13,
                6.687302265590438e-12
            ],
            [
                0.9941375481372893,
                0.005862451710954842,
                2.4943131554480323e-11,
                7.823716054388827e-11,
                4.857559748558038e-11
            ],
            [
                1.5361313267270852e-06,
                0.00011854096714243741,
                0.5431225451605086,
                0.4566613930510064,
                9.598469001572888e-05
            ],
            [
                2.8176569318197276e-09,
                2.802535891964154e-09,
                3.5803480402996545e-08,
                0.5361803629384428,
                0.46381959563788394
            ],
            [
                1.9612731838498478e-09,
                7.600556746621955e-09,
                2.0921073973164702e-08,
                0.410558745906922,
                0.5894412236101741
            ]
        ],
        [
            [
                0.9999912895953753,
                8.710342119221758e-06,
                4.509126861918788e-11,
                1.4388639852362042e-11,
                3.0256037957341174e-12
            ],
            [
                0.9999997674089132,
                2.3252648671814854e-07,
                2.8870954565682614e-11,
                1.737650202637994e-11,
                1.8352639787391094e-11
            ],
            [
                9.515173495818755e-07,
                7.305353557249832e-05,
                0.6543087443249548,
                0.3456166227566541,
                6.278654691127227e-07
            ],
            [
                1.7160691356667045e-09,
                4.472711390541204e-09,
                1.3522972028907003e-08,
                0.47243273963486304,
                0.5275672406533843
            ],
            [
                1.0089581706014897e-10,
                7.042707443709035e-10,
                2.337060290978069e-09,
                0.6203381836367658,
                0.37966181322100734
            ]
        ],
        [
            [
                0.9999961220016276,
                3.877910713564169e-06,
                4.738591459334139e-11,
                9.917333774334904e-12,
                3.035568387580565e-11
            ],
            [
                0.9761550800334622,
                0.023844919520675387,
                2.6772285591448374e-11,
                1.7781840514243007e-10,
                2.412716330609588e-10
            ],
            [
                3.1524403651873444e-08,
                0.0022022280204481107,
                0.9977302018249941,
                6.708241629539784e-05,
                4.5621385882737575e-07
            ],
            [
                1.8198460720304877e-08,
                1.6257044285464124e-08,
                1.8848011498035e-08,
                0.819589035562163,
                0.1804109111343205
            ],
            [
                8.761489419034831e-10,
                1.5946218903696986e-08,
                1.3548905380755875e-09,
                0.5890091661168559,
                0.4109908157058857
            ]
        ],
        [
            [
                0.999913509254952,
                8.648716788092429e-05,
                5.434340114527457e-11,
                5.900393889404812e-11,
                3.463819739576102e-09
            ],
            [
                0.9999973977416672,
                2.6021965636778125e-06,
                4.938684118933902e-11,
                1.2174634440179502e-11,
                2.0761291979273765e-13
            ],
            [
                4.604478266592601e-06,
                0.0031071320326755067,
                0.15217481434316973,
                0.8410818186650691,
                0.0036316304808190155
            ],
            [
                1.0215490057744928e-09,
                7.835188246739839e-10,
                4.049444612954453e-10,
                0.6748486350514227,
                0.32515136273856504
            ],
            [
                6.734574739154313e-10,
                4.87007891055422e-10,
                1.6192024073320232e-09,
                0.2289531098728521,
                0.7710468873474802
            ]
        ],
        [
            [
                0.9999999710788764,
                2.8911263517706155e-08,
                2.4699287574470964e-12,
                5.858197442238604e-12,
                1.5319631494981807e-12
            ],
            [
                0.9986507330529765,
                0.0013492665279094555,
                1.265335466777582e-11,
                3.296517834358277e-10,
                7.680889026127537e-11
            ],
            [
                2.5565553884634106e-06,
                0.3920823921882533,
                0.6043309345068609,
                0.0035729437374014744,
                1.11730120958277e-05
            ],
            [
                7.593592140811744e-09,
                1.3467984508674245e-09,
                2.3571265509345632e-08,
                0.7759112191884313,
                0.22408874829991252
            ],
            [
                4.719680810956921e-10,
                2.810079498679942e-10,
                1.5677022816981937e-10,
                0.20390082193669615,
                0.7960991771535576
            ]
        ],
        [
            [
                0.9999999907305278,
                9.249173271623916e-09,
                8.183394426875031e-12,
                7.801213703094119e-12,
                4.314123865763876e-12
            ],
            [
                0.999999945928202,
                5.399981818718424e-08,
                3.2090886987784995e-11,
                4.641632359218895e-12,
                3.52473933553017e-11
            ],
            [
                9.143599464288309e-07,
                0.20105281779133619,
                0.7987125349066442,
                0.000230777822199994,
                2.9551198732000284e-06
            ],
            [
                2.3160606918188026e-09,
                9.302085321531171e-10,
                3.4901919588396012e-09,
                0.7547334263964643,
                0.24526656686707443
            ],
            [
                4.4937745145982227e-10,
                2.51796922364324e-09,
                5.019825178719512e-09,
                0.21682448706219015,
                0.783175504950638
            ]
        ],
        [
            [
                0.999999894106156,
                1.058812005191155e-07,
                1.4732474217942807e-12,
                1.8897625189515278e-12,
                9.280418744229288e-12
            ],
            [
                0.9997896294423689,
                0.0002103702197147095,
                2.8022036776597504e-10,
                1.8258851920963778e-11,
                3.94370548963112e-11
            ],
            [
                4.481318572798489e-12,
                1.0071290208841034e-12,
                0.999999999989494,
                2.2378945965882864e-12,
                2.7794442838875288e-12
            ],
            [
                8.390998501209162e-10,
                2.38483787490229e-10,
                1.6439035646267467e-10,
                0.3951870689320112,
                0.6048129298260148
            ],
            [
                7.37501132615294e-10,
                7.283742305645445e-09,
                5.143639823543758e-10,
                0.29052741367284535,
                0.7094725777915474
            ]
        ],
        [
            [
                0.9999944927888071,
                5.5071537647231035e-06,
                3.593039531588922e-11,
                3.0199995415305516e-12,
                1.8477725410435215e-11
            ],
            [
                0.9999998042211816,
                1.9575720126874718e-07,
                7.751477133525618e-12,
                1.0536821717487125e-11,
                3.3289184694206828e-12
            ],
            [
                9.475275447187298e-08,
                0.004818360916073115,
                0.8326027053662458,
                0.1625445287001312,
                3.4310264795462163e-05
            ],
            [
                6.721531055281347e-11,
                7.769489661129015e-09,
                3.1963090792358767e-09,
                0.6932577449402478,
                0.3067422440267381
            ],
            [
                9.520022512824127e-12,
                2.345561569658773e-09,
                3.428285124131887e-10,
                0.2708893797522385,
                0.7291106175498514
            ]
        ],
        [
            [
                0.9999999998326785,
                1.0250615890139868e-10,
                2.7629825361271066e-12,
                2.1904943629730718e-12,
                5.986182124651997e-11
            ],
            [
                0.9999987711096202,
                1.228854811603103e-06,
                2.0196712059516375e-12,
                2.986779935813688e-11,
                3.680768385090764e-12
            ],
            [
                6.978081287775307e-07,
                2.598659669074005e-05,
                0.05505171458912281,
                0.9345861022513984,
                0.01033549875465927
            ],
            [
                1.2122650515688288e-09,
                5.0659155676295234e-09,
                9.187300074024455e-09,
                0.8091113570971717,
                0.1908886274373476
            ],
            [
                4.836789125257567e-10,
                4.614072060429274e-10,
                8.16030853064187e-11,
                0.34162923487598157,
                0.6583707640973292
            ]
        ],
        [
            [
                0.9999944926228037,
                5.507361912497787e-06,
                1.47889853131576e-11,
                1.1009048637234932e-13,
                3.8469312361216404e-13
            ],
            [
                0.9999999987142094,
                1.2794922342539873e-09,
                3.440741098200648e-12,
                2.0994350779354113e-12,
                7.580518284082491e-13
            ],
            [
                4.621411871878618e-08,
                4.5341286282320205e-06,
                1.0820149834315058e-05,
                0.9910890942159428,
                0.008895505291475894
            ],
            [
                4.076287206903257e-09,
                1.3943721984169168e-09,
                6.517840691638522e-09,
                0.7637463729165365,
                0.23625361509496345
            ],
            [
                2.1365050743020477e-11,
                9.783314046951611e-11,
                2.783423109509648e-10,
                0.3271418178398558,
                0.6728581817626037
            ]
        ],
        [
            [
                0.9996995498406374,
                0.0003004499469175616,
                2.2837653106553475e-11,
                4.247979430693682e-11,
                1.4712763307626275e-10
            ],
            [
                0.9999999507464135,
                4.9238234740868904e-08,
                3.792399118536485e-12,
                6.496096579171316e-12,
                5.063312500505181e-12
            ],
            [
                2.8200772941489733e-08,
                0.0005353882312232113,
                0.9994607223249685,
                3.451731764350177e-06,
                4.095112709296441e-07
            ],
            [
                1.4140598980529864e-09,
                2.6698561028566626e-09,
                5.397263668380564e-09,
                0.36115859407944734,
                0.638841396439373
            ],
            [
                2.418634019956865e-10,
                4.6434832807307705e-09,
                2.4220212126319355e-10,
                0.2737938283590269,
                0.7262061665134244
            ]
        ],
        [
            [
                0.9999999866432208,
                1.3343872765412726e-08,
                7.75450692379401e-12,
                2.633511912554862e-12,
                2.518571451199443e-12
            ],
            [
                0.8537211815419518,
                0.14627881833288828,
                7.522320000628768e-11,
                4.0740827767539526e-11,
                9.196031092706515e-12
            ],
            [
                1.964209754595275e-06,
                0.20869614059472735,
                0.7910313326451289,
                0.0002680668978846845,
                2.4956525045199628e-06
            ],
            [
                1.3350756553664963e-09,
                1.5220274613666575e-09,
                1.4187843860116021e-09,
                0.6411952067409634,
                0.35880478898314905
            ],
            [
                1.44475737627948e-09,
                2.6195452950418326e-10,
                5.420189713467735e-09,
                0.2390146271734024,
                0.760985365699696
            ]
        ],
        [
            [
                0.9996146524551458,
                0.00038534742458524985,
                7.113642247195897e-12,
                8.308546238214912e-11,
                3.0069962825496586e-11
            ],
            [
                0.9986614284765964,
                0.0013385711791285824,
                5.695027954736891e-11,
                2.49146060033532e-10,
                3.8178699567858853e-11
            ],
            [
                5.686926810392126e-08,
                8.442116810725352e-05,
                0.9998696992040854,
                4.540347504631702e-05,
                4.1928349290971454e-07
            ],
            [
                1.0890411362994346e-09,
                1.5377671629216884e-08,
                1.4958018392489428e-09,
                0.4794696709854102,
                0.5205303110520753
            ],
            [
                2.0375223667067798e-10,
                4.676770622212476e-10,
                1.8587697392179213e-09,
                0.39797491797402285,
                0.6020250794957781
            ]
        ],
        [
            [
                0.9999999998567553,
                1.4037572298286532e-10,
                4.4492969074123486e-13,
                3.9993661461971805e-13,
                2.024101664797844e-12
            ],
            [
                0.9998874140845931,
                0.00011258584406834024,
                2.4124320952983264e-11,
                3.645967168309066e-11,
                1.0754379519518197e-11
            ],
            [
                6.501317875560784e-07,
                0.004790367359171209,
                0.7651874125882312,
                0.22966813373793657,
                0.00035343618287352925
            ],
            [
                3.1573664971525197e-10,
                1.3779200098450092e-10,
                5.608958052433512e-10,
                0.9908380923719947,
                0.00916190661358072
            ],
            [
                3.5214575925506745e-09,
                6.609505356453823e-07,
                1.236333795701321e-07,
                0.4204991646563464,
                0.5795000472382807
            ]
        ],
        [
            [
                0.9999998988975433,
                1.010906281898897e-07,
                6.8646853045213495e-12,
                2.9978460018483875e-12,
                1.9659954553725673e-12
            ],
            [
                0.9996146423330934,
                0.00038535752113237994,
                2.2322419853578386e-11,
                1.1857770392898666e-10,
                4.874195916156008e-12
            ],
            [
                8.601905022615597e-06,
                0.1920174424322665,
                0.807927995863008,
                4.156112653270287e-05,
                4.398673170246865e-06
            ],
            [
                1.0794050235284825e-08,
                3.517524439185732e-09,
                1.8176886774424748e-08,
                0.6041748292683841,
                0.3958251382431544
            ],
            [
                1.1586776824395322e-10,
                4.026165631043886e-11,
                1.4428043190192047e-09,
                0.010507695873764548,
                0.9894923025273017
            ]
        ],
        [
            [
                0.999419363646457,
                0.0005806360546756224,
                5.5996568895163075e-11,
                6.946375328665291e-11,
                1.7340708722701225e-10
            ],
            [
                0.9996146464111916,
                0.00038535335321870744,
                2.4368694116443292e-11,
                5.89724844125668e-11,
                1.5224852816969726e-10
            ],
            [
                1.956857880105261e-06,
                2.0987290576735322e-05,
                0.001204296423197174,
                0.9971821680678546,
                0.0015905913604914192
            ],
            [
                6.729580819882321e-11,
                1.1842032293424326e-09,
                1.318583944561591e-08,
                0.7833365954808312,
                0.21666339008183017
            ],
            [
                2.4390159479390906e-10,
                1.0434997479098003e-10,
                8.471233639661682e-12,
                0.26805182685836415,
                0.7319481727849131
            ]
        ],
        [
            [
                0.9998174375305493,
                0.00018256242968818842,
                6.246938946130343e-12,
                3.2887930508699084e-11,
                6.276847071336044e-13
            ],
            [
                0.9986613763039978,
                0.0013386236027101395,
                6.48140290828511e-11,
                1.8406435530086496e-11,
                1.0071708644860596e-11
            ],
            [
                6.428004818638497e-07,
                0.0015600227034127145,
                0.998438392986349,
                9.300502203051393e-07,
                1.1459536284093796e-08
            ],
            [
                6.001541020364108e-10,
                6.037305221619829e-09,
                2.9584976379395588e-09,
                0.3201765058828223,
                0.6798234845212207
            ],
            [
                7.046917274813012e-10,
                1.2599080956068376e-09,
                2.535456601918755e-09,
                0.3416997649555584,
                0.6583002305443851
            ]
        ],
        [
            [
                0.9999966590777325,
                3.3408969034011e-06,
                4.703179691934665e-13,
                1.6906827381347342e-11,
                7.987079098547531e-12
            ],
            [
                0.9999994293540949,
                5.691385411789088e-07,
                1.1033076749453951e-11,
                1.3281574419631419e-11,
                1.4830491921761534e-09
            ],
            [
                5.027280315714074e-07,
                0.00034201627270850465,
                0.5569129084927013,
                0.4427000702160042,
                4.4502290554599744e-05
            ],
            [
                1.8394152194547933e-09,
                2.7275705796670516e-09,
                1.4957613943714192e-09,
                0.6323777040807398,
                0.367622289856513
            ],
            [
                3.756204401513075e-10,
                6.222641662661149e-10,
                4.771020860419866e-10,
                0.35368644393100673,
                0.6463135545940066
            ]
        ],
        [
            [
                0.9999943265145766,
                5.673451867008683e-06,
                9.21701284003873e-12,
                2.1276066157869572e-11,
                3.063171713920272e-12
            ],
            [
                0.9999963675421949,
                3.632122837772416e-06,
                4.2679409486442006e-11,
                3.8252027222418675e-12,
                2.8846267947958485e-10
            ],
            [
                1.1164240809304633e-08,
                1.7575829743110112e-07,
                0.9998574856737056,
                0.0001106555639590079,
                3.1671839797154386e-05
            ],
            [
                6.548640406058789e-10,
                2.2749427240315767e-09,
                4.645184566819294e-09,
                0.9728867837166648,
                0.02711320870834386
            ],
            [
                2.534865611275131e-10,
                5.046206676232152e-10,
                5.646287435305542e-11,
                0.1725432631860705,
                0.8274567359993594
            ]
        ],
        [
            [
                0.9989559745463248,
                0.001044025197607223,
                7.770882288746661e-11,
                7.254295304843972e-12,
                1.711048962551449e-10
            ],
            [
                0.9999999988676089,
                1.1277264382742656e-09,
                4.1809893271834666e-13,
                3.4462502342153146e-12,
                8.00317225233945e-13
            ],
            [
                7.960461685098477e-07,
                0.00020128142961072496,
                0.003904811268576492,
                0.9698616551814999,
                0.02603145607414437
            ],
            [
                2.0450581598212248e-07,
                2.0536217645086703e-06,
                1.5308484576305166e-06,
                0.9821095533812825,
                0.01788665764267937
            ],
            [
                7.948253323868531e-10,
                1.3076968842896953e-09,
                3.6340200138474586e-10,
                0.17177242673874688,
                0.8282275707953289
            ]
        ],
        [
            [
                0.9999993236592903,
                6.762823646462429e-07,
                2.8646885066093238e-11,
                6.117871398460591e-12,
                2.3580240924060462e-11
            ],
            [
                0.9998580518707585,
                0.00014194805430451816,
                1.827178706150995e-11,
                5.42470857237575e-12,
                5.1240504482906066e-11
            ],
            [
                3.1134940955885166e-06,
                0.16072374641430429,
                0.630633267572287,
                0.20861483478553394,
                2.5037733779210615e-05
            ],
            [
                7.65302719394835e-10,
                1.2905411125732412e-09,
