{
    "[['A', 'B', 'C', 'D', 'E'], ['A', 'B', 'C', 'D', 'E']]": [
        [
            [
                0.9998579331238736,
                0.0001420648059520052,
                1.561366765621901e-10,
                5.7613737512254e-11,
                1.8564239835725704e-09
            ],
            [
                9.188377201477572e-08,
                3.1089385791551903e-06,
                7.600387330700536e-07,
                0.8858062246507827,
                0.11418981448813303
            ],
            [
                5.504347477518198e-08,
                3.805880752116398e-08,
                0.11244228440286641,
                0.3810005919330605,
                0.5065570305617908
            ],
            [
                0.0004961071539417622,
                8.369897715599974e-08,
                3.05856779214975e-08,
                0.1905503259257699,
                0.8089534526356333
            ],
            [
                2.0342835726214617e-10,
                6.75174210604503e-10,
                3.328006879815121e-10,
                0.6000578655855321,
                0.39994213320306465
            ]
        ],
        [
            [
                4.767931484588257e-10,
                3.4848113461735205e-09,
                3.367102563456582e-11,
                0.6000234394208027,
                0.3999765565839218
            ],
            [
                3.053675561012631e-09,
                5.13761352197322e-09,
                1.9686850461540653e-09,
                0.596403018719677,
                0.40359697112034887
            ],
            [
                5.425666735322261e-08,
                2.2920507171134734e-08,
                4.306160233663909e-08,
                0.6445400040349208,
                0.3554598757263023
            ],
            [
                4.5047564390268285e-09,
                3.901321620595956e-09,
                8.385560220451007e-09,
                0.6008073338131652,
                0.39919264939519655
            ],
            [
                3.1120476848062857e-10,
                1.027241458232117e-09,
                6.546087092322717e-11,
                0.4000860343023529,
                0.5999139642937399
            ]
        ],
        [
            [
                0.9999960893516082,
                3.910041292945577e-06,
                1.3632276357148187e-10,
                3.556590335984999e-10,
                1.1511707467109737e-10
            ],
            [
                2.142832638884456e-09,
                8.709818146054011e-08,
                1.1613627368846887e-09,
                0.6204083916905129,
                0.3795915179071103
            ],
            [
                1.8704328040662596e-09,
                3.7665201687793224e-10,
                4.309750109223006e-08,
                0.5924876912945561,
                0.407512263360858
            ],
            [
                1.1678557837154575e-08,
                2.8796387737721077e-09,
                3.608222880559967e-08,
                0.48753382855706656,
                0.512466120802508
            ],
            [
                9.435562613538305e-09,
                8.270570955346143e-09,
                1.0932737596864664e-09,
                0.40029225013810193,
                0.5997077310624908
            ]
        ],
        [
            [
                0.9999752568946424,
                2.4742700576657736e-05,
                1.520641278861899e-10,
                1.255307295072266e-10,
                1.271861281620646e-10
            ],
            [
                1.0837712582573482e-08,
                1.908621798078556e-05,
                3.372018214980027e-06,
                0.9590853240816402,
                0.040892206844451454
            ],
            [
                6.098464129436411e-08,
                1.920341729543685e-05,
                9.170448815872993e-05,
                0.2323220978893309,
                0.7675669332205737
            ],
            [
                6.699613523643264e-10,
                8.90165610774213e-09,
                1.5438334219003887e-09,
                0.6002433748826804,
                0.3997566140018687
            ],
            [
                2.795281209408695e-10,
                1.0828989955364064e-10,
                3.510214157297103e-10,
                0.7996158233633986,
                0.20038417589776186
            ]
        ],
        [
            [
                0.9843852981559893,
                0.015614699096427324,
                2.68975973497967e-10,
                2.2287329050628194e-09,
                2.498744531224567e-10
            ],
            [
                2.3056377074103115e-07,
                2.8355449798176218e-08,
                3.2605478886246254e-06,
                0.6064971547642066,
                0.3934993257686843
            ],
            [
                1.0988934152931081e-07,
                6.45603073692905e-05,
                3.896978080368482e-05,
                0.9805784431891352,
                0.019317916833350296
            ],
            [
                1.493421085734835e-08,
                4.4368123722252e-08,
                2.9196034905212368e-08,
                0.2016434589852572,
                0.7983564525163733
            ],
            [
                5.292351555521745e-09,
                5.027408434385947e-08,
                6.893704455465581e-08,
                0.2596040514299628,
                0.7403958240665568
            ]
        ],
        [
            [
                0.7934964160157172,
                0.2065035739286921,
                1.426433545069752e-09,
                1.4743049780878699e-09,
                7.154852080449338e-09
            ],
            [
                3.835640103783623e-09,
                5.521979262585639e-09,
                5.87397655744517e-09,
                0.3638267359473649,
                0.6361732488210392
            ],
            [
                1.0665939599980685e-10,
                6.252870665432133e-08,
                1.5356165439385926e-09,
                0.8296093642237057,
                0.17039057160531168
            ],
            [
                5.136083494000965e-10,
                1.719589466974075e-10,
                2.2483299200931656e-08,
                0.7996779971891171,
                0.20032197964201637
            ],
            [
                5.453100862085027e-10,
                4.716347816728383e-11,
                2.297567009212541e-10,
                0.5999995713416257,
                0.4000004278361439
            ]
        ],
        [
            [
                0.9999857267041995,
                1.4273073327384524e-05,
                7.556847731478699e-11,
                1.2621771324437614e-10,
                2.0686954238222974e-11
            ],
            [
                4.0888937389669917e-08,
                2.490844573292848e-08,
                1.1610159681695448e-07,
                0.8639281586173874,
                0.1360716594836326
            ],
            [
                1.7845589591052528e-08,
                4.225519109980954e-06,
                0.002197658430534196,
                0.9941486946319527,
                0.003649403572813617
            ],
            [
                5.8660137008540016e-09,
                4.0708519583600565e-08,
                2.5588078300531964e-08,
                0.4756909380470666,
                0.5243089897903219
            ],
            [
                2.330118063262255e-10,
                2.329884813211686e-10,
                9.949135743500785e-10,
                0.20011040130818997,
                0.7998895972308961
            ]
        ],
        [
            [
                0.9999824041510155,
                1.759323608590137e-05,
                1.4821826795423775e-10,
                1.6459863203329567e-09,
                8.186940615024767e-10
            ],
            [
                5.2306448973311844e-09,
                7.441443177348886e-09,
                1.7809213125208798e-09,
                0.7991859193631965,
                0.20081406618379413
            ],
            [
                7.705773927109797e-08,
                0.00018339921163643046,
                0.20084816876926417,
                0.6895053025214138,
                0.10946305243994624
            ],
            [
                9.47651365900749e-10,
                1.80953912023043e-08,
                1.5640643474397275e-07,
                0.34874442512846315,
                0.6512553994220595
            ],
            [
                1.1498764612672162e-09,
                1.117521625603736e-09,
                4.401400869086365e-10,
                0.20087105728173718,
                0.7991289400107247
            ]
        ],
        [
            [
                0.9999986846301058,
                1.3104879908601114e-06,
                7.797309038098503e-11,
                2.847136706353824e-10,
                4.5192165235029335e-09
            ],
            [
                6.380944019108858e-09,
                3.3015129392797693e-09,
                5.194855561449359e-09,
                0.9903322851474321,
                0.009667699975255396
            ],
            [
                1.9620657041103584e-11,
                3.041394968775424e-09,
                2.325530636036248e-07,
                0.8014150562550652,
                0.19858470813085569
            ],
            [
                9.396289630045962e-10,
                2.9611378382303156e-09,
                6.98410662333184e-10,
                0.6001671988400238,
                0.39983279656079873
            ],
            [
                0.11237196035141066,
                8.991734486367155e-08,
                5.12395485370171e-08,
                0.2681785792364015,
                0.6194493192552946
            ]
        ],
        [
            [
                0.9999999972744638,
                2.7055771532688825e-09,
                2.231753232189932e-13,
                6.891727924626922e-12,
                1.2844076515278855e-11
            ],
            [
                1.468043459443793e-07,
                6.252834750517162e-06,
                6.344244695670998e-07,
                0.529716216854339,
                0.470276749082095
            ],
            [
                8.80539327167734e-12,
                4.6154088562769995e-11,
                0.9999999899280735,
                1.6514290840362888e-09,
                8.365537956879846e-09
            ],
            [
                4.0683131949923296e-08,
                1.0482046798953966e-08,
                7.088489559729651e-09,
                0.7511537645655701,
                0.24884617718076157
            ],
            [
                1.7691509302274563e-08,
                6.31284563066711e-10,
                3.661970148203807e-09,
                0.20038434226830384,
                0.7996156357469322
            ]
        ],
        [
            [
                1.8545292852613407e-10,
                5.780972608223041e-11,
                5.275981820123156e-10,
                0.5999709712901982,
                0.400029027938941
            ],
            [
                2.5766172512171295e-08,
                4.328421188416192e-08,
                2.7357857775963244e-06,
                0.24443941625296906,
                0.755557778910869
            ],
            [
                1.9706984813229094e-07,
                0.0003561423709026022,
                1.381190668885395e-05,
                0.8140952711487925,
                0.18553457750376795
            ],
            [
                1.181643211022388e-09,
                1.6378774615643587e-10,
                5.391934552476512e-10,
                0.20589131219592038,
                0.7941086859194553
            ],
            [
                7.350665885160124e-11,
                4.3260045786955475e-12,
                1.9226843218865725e-10,
                0.600001986216272,
                0.39999801351362696
            ]
        ],
        [
            [
                1.839457837848927e-09,
                6.657341889067008e-10,
                4.581013036308664e-10,
                0.599860486828528,
                0.40013951020817873
            ],
            [
                1.3785649341020629e-08,
                6.066969085001219e-09,
                2.228933383456087e-09,
                0.7244915759040425,
                0.2755084020144058
            ],
            [
                4.104533316009317e-08,
                8.468209837603191e-06,
                0.036573586384583794,
                0.7070205960678834,
                0.25639730829236207
            ],
            [
                3.84423371086902e-08,
                3.9903697129947375e-10,
                3.154580494516789e-09,
                0.41909413434934933,
                0.5809058236546961
            ],
            [
                5.814627563260397e-07,
                5.687910832624849e-10,
                5.739129902659084e-10,
                0.5977986349395898,
                0.4022007824549497
            ]
        ],
        [
            [
                0.9999999991889266,
                7.614196742384171e-10,
                3.519416828108473e-12,
                1.1401574431844004e-11,
                3.473295033242607e-11
            ],
            [
                4.743430946179337e-08,
                0.00010447699330395303,
                1.5862735616918885e-07,
                0.9553536115735204,
                0.04454170537151007
            ],
            [
                7.277899016653831e-09,
                1.0296459828822201e-07,
                0.0008222638851609766,
                0.9350152901394145,
                0.06416233573292714
            ],
            [
                6.0125959783035034e-09,
                8.35026961691356e-09,
                4.538330138095023e-10,
                0.6097190654492503,
                0.3902809197340512
            ],
            [
                2.3949151456829472e-09,
                4.45183653150007e-09,
                4.742665093199512e-10,
                0.7998114735621953,
                0.2001885191167864
            ]
        ],
        [
            [
                0.9987980183126882,
                0.0012019809033860045,
                6.3146093931867e-10,
                1.2346467506236432e-10,
                2.9000217012279402e-11
            ],
            [
                8.438324694689995e-11,
                8.774831723530201e-09,
                3.9385779970601216e-09,
                0.4000317898195637,
                0.5999681973826433
            ],
            [
                2.6204183867252937e-07,
                5.4345027649122104e-08,
                0.12451363753191501,
                0.8744365998035674,
                0.0010494462776513532
            ],
            [
                2.6153583712566844e-10,
                1.7621431122974766e-08,
                3.6082387812403256e-10,
                0.6000132591666814,
                0.3999867225895278
            ],
            [
                5.806767966128095e-07,
                5.408073415590349e-09,
                5.432907145408996e-10,
                0.40000299305542386,
                0.5999964203164153
            ]
        ],
        [
            [
                0.5958471484985046,
                0.40414616646644036,
                1.7057708460948134e-06,
                4.31115266551922e-06,
                6.681115434485525e-07
            ],
            [
                2.2852452665482704e-09,
                1.2737175265713684e-08,
                1.6187185100789328e-08,
                0.9997659876496598,
                0.0002339811407345157
            ],
            [
                9.887123844684905e-10,
                6.221621564145991e-08,
                0.9992849886758158,
                0.0006476047735990463,
                6.734334565718866e-05
            ],
            [
                1.5082968642343433e-09,
                1.1911874538154573e-08,
                3.810267040684641e-09,
                0.2376542959294077,
                0.7623456868401538
            ],
            [
                3.8707336785915316e-08,
                5.762201671541063e-09,
                1.658888181814965e-08,
                0.3961363968056882,
                0.6038635421358914
            ]
        ],
        [
            [
                8.463759583695747e-09,
                5.635109554297214e-10,
                1.9930869732311493e-08,
                0.39499058846577967,
                0.6050093825760801
            ],
            [
                4.573835960332324e-07,
                3.030037878539738e-08,
                4.3407735391468525e-06,
                0.6926885075270501,
                0.3073066640154359
            ],
            [
                2.8112679464259928e-08,
                9.643293074967416e-07,
                2.634813964578372e-05,
                0.8248433851194482,
                0.175129274298919
            ],
            [
                1.854369053388768e-09,
                5.202392068531313e-09,
                3.6404362726820298e-09,
                0.6001963968319589,
                0.3998035924708437
            ],
            [
                0.14670498807317772,
                5.868650029918454e-07,
                2.576594753795921e-07,
                0.6000013457428042,
                0.25329282165953976
            ]
        ],
        [
            [
                0.9999592210046897,
                4.077859272469785e-05,
                2.3812091273272807e-10,
                2.735580439507068e-11,
                1.371089071813232e-10
            ],
            [
                1.0515774657797252e-10,
                6.820647718827255e-10,
                2.083530552159979e-09,
                0.8010403952939025,
                0.1989596018353444
            ],
            [
                4.911713098616403e-07,
                0.0011391363994351308,
                0.0004190802868416582,
                0.4257804975037836,
                0.5726607946386296
            ],
            [
                6.211460367478851e-10,
                9.836487992348673e-10,
                1.6007363530942782e-09,
                0.41621396715383874,
                0.5837860296406301
            ],
            [
                7.453969922582321e-07,
                6.324414632465897e-10,
                6.728682475230075e-10,
                0.5953976016887241,
                0.404601651608974
            ]
        ],
        [
            [
                0.9986608375684898,
                0.0013391531755537092,
                4.047573547306168e-10,
                1.8553156702728955e-10,
                8.665667580797412e-09
            ],
            [
                6.064436957169998e-10,
                1.1673925750849914e-09,
                6.23835465493236e-10,
                0.9971862775287142,
                0.0028137200736140615
            ],
            [
                2.5813513179372302e-08,
                5.012999636025248e-08,
                0.29494407699862457,
                0.5211175195749698,
                0.18393832748289607
            ],
            [
                1.589230821200553e-08,
                7.571925961298882e-09,
                8.586944182198524e-09,
                0.610633018307031,
                0.3893669496417907
            ],
            [
                6.998427493900546e-10,
                1.5003232388081657e-09,
                6.382533565202291e-11,
                0.8006096383342537,
                0.19939035940175498
            ]
        ],
        [
            [
                0.9358282003916466,
                0.06417179771957209,
                1.1685406044482191e-09,
                5.251524783648923e-10,
                1.950881356434713e-10
            ],
            [
                7.801231833914211e-10,
                7.735027245648349e-09,
                3.7655728225048596e-08,
                0.6063066466708215,
                0.3936933071582999
            ],
            [
                4.160857976681754e-10,
                7.67475587775007e-10,
                1.1060317103216475e-08,
                0.4003760884281712,
                0.5996238993279505
            ],
            [
                4.337789470233917e-10,
                2.3057489918142737e-11,
                9.005466207048122e-10,
                0.9999867590127697,
                1.323962984730827e-05
            ],
            [
                1.689150637699499e-11,
                2.6271216317686697e-09,
                6.044018443927877e-08,
                0.9964026784724354,
                0.0035972584433670916
            ]
        ],
        [
            [
                7.410860356857353e-09,
                2.1645212754548018e-10,
                2.713131223325247e-09,
                0.22383902444670475,
                0.7761609652128516
            ],
            [
                8.964686337268893e-08,
                3.1978084997052203e-06,
                4.871038404440128e-07,
                0.7265849288613359,
                0.27341129657946067
            ],
            [
                1.3279784896967416e-07,
                6.225510005800622e-07,
                0.1941428915486262,
                0.7867602465715998,
                0.01909610653092442
            ],
            [
                6.544019882757547e-11,
                2.4437398745291123e-10,
                2.134296813196245e-09,
                0.20039893101801656,
                0.7996010665378726
            ],
            [
                2.60164308611172e-06,
                5.012706609632232e-10,
                1.1643080183143144e-09,
                0.7964542240371733,
                0.20354317265416205
            ]
        ],
        [
            [
                0.8093989115993094,
                0.19060108605914017,
                9.699358669029757e-10,
                1.0401432366011645e-09,
                3.314712918906101e-10
            ],
            [
                8.606297787371929e-08,
                0.019066544481737606,
                6.401973074009865e-06,
                0.6450625625521473,
                0.3358644049300632
            ],
            [
                9.305299327601005e-08,
                1.8297867215220982e-07,
                0.22524741071026233,
                0.7746238576167612,
                0.0001284556413111114
            ],
            [
                2.6014847199971383e-06,
                2.0480256116328203e-09,
                1.87773173744379e-10,
                0.3999939196570444,
                0.6000034766224369
            ],
            [
                2.953953160742485e-08,
                8.438795016070599e-10,
                1.0988896450570519e-08,
                0.20001572662379094,
                0.7999842320039015
            ]
        ],
        [
            [
                4.714809414545478e-11,
                1.1723985931377378e-10,
                8.902374544962868e-11,
                0.7999048376032986,
                0.2000951621432898
            ],
            [
                6.169216605856914e-09,
                1.2683478908504198e-09,
                3.860983745867328e-09,
                0.7462160073907085,
                0.25378398131074337
            ],
            [
                6.844533789235717e-08,
                2.016315483246265e-05,
                0.0002455790860449211,
                0.7564667181786199,
                0.2432674711351648
            ],
            [
                1.7316604945715163e-08,
                1.5797173480393999e-06,
                5.585210257528277e-08,
                0.9998866486171243,
                0.00011169849682022373
            ],
            [
                1.372168744552717e-07,
                2.548874007832374e-07,
                3.9541180504379944e-08,
                0.5033262278779735,
                0.4966733404765706
            ]
        ],
        [
            [
                0.99872199733139,
                0.001278001335871502,
                3.014272684356896e-10,
                5.03316207270449e-10,
                5.279950108041155e-10
            ],
            [
                6.267109331229587e-08,
                2.9209132486026687e-08,
                5.878467285354358e-07,
                0.5963331593318161,
                0.4036661609412297
            ],
            [
                7.428294061864155e-08,
                0.00016070045541203995,
                4.94876239499627e-06,
                0.7312281268947777,
                0.26860614960447476
            ],
            [
                1.8385585639451597e-09,
                1.113634706363855e-09,
                5.513995538143884e-09,
                0.6892801728381917,
                0.3107198186956195
            ],
            [
                3.767450999404021e-10,
                4.478587987140469e-11,
                1.953705097113341e-09,
                0.2000029341313273,
                0.7999970634934367
            ]
        ],
        [
            [
                1.454106219852393e-09,
                1.2064964252035708e-09,
                8.872356525686986e-10,
                0.3999834724750844,
                0.6000165239770773
            ],
            [
                1.3110716000253687e-10,
                2.0750961344536344e-10,
                5.728917146803407e-09,
                0.7925318886153332,
                0.20746810531713294
            ],
            [
                3.6514331389784187e-09,
                6.751329402793747e-07,
                1.1021149319510239e-06,
                0.7396474600776266,
                0.26035075902306803
            ],
            [
                3.851894815739333e-09,
                3.310928957810134e-10,
                1.9945259187255365e-09,
                0.8074582317130771,
                0.19254176210940924
            ],
            [
                6.228408991689788e-06,
                2.0063928538500714e-09,
                2.1655194696551033e-10,
                0.5760438775208957,
                0.42394989184716786
            ]
        ],
        [
            [
                2.173893753842609e-08,
                3.31822810357746e-09,
                9.31420141128872e-09,
                0.45371765234983347,
                0.5462823132787995
            ],
            [
                3.879151546204142e-09,
                1.732033169673903e-07,
                1.0924762787208275e-09,
                0.7725877271284357,
                0.22741209469661963
            ],
            [
                3.011197004709972e-08,
                9.371833340439577e-08,
                0.0035977228461557295,
                0.9390307909305567,
                0.05737136239298404
            ],
            [
                8.127266407642665e-12,
                1.0010967083464008e-10,
                3.531015878976684e-10,
                0.2000107350839844,
                0.7999892644546771
            ],
            [
                1.1069822514496918e-08,
                1.861878334735884e-09,
                3.652614686429419e-09,
                0.36374879042927577,
                0.6362511929864089
            ]
        ],
        [
            [
                0.805652169481677,
                0.1943478294463743,
                6.424737177507402e-10,
                2.085976373449098e-10,
                2.2087734231020642e-10
            ],
            [
                7.1269916128209576e-09,
                2.4900411471295673e-08,
                2.990631609018343e-08,
                0.6592188511366148,
                0.3407810869296659
            ],
            [
                9.63470628317541e-09,
                1.0018730035090281e-07,
                1.2225021152202278e-05,
                0.6515151593131221,
                0.34847250584371897
            ],
            [
                2.1921393856460475e-08,
                4.2009093103576103e-10,
                3.808631896171731e-10,
                0.6230265019420563,
                0.37697347533559566
            ],
            [
                3.774995684392624e-08,
                1.2508928297297119e-10,
                5.233581864299027e-10,
                0.9976124700033705,
                0.0023874915982251992
            ]
        ],
        [
            [
                0.99999926849598,
                7.313347099525055e-07,
                2.2204384420249533e-11,
                5.920245571707617e-11,
                8.790333654679773e-11
            ],
            [
                3.886916326200105e-08,
                7.607383558942263e-09,
                1.2038312797928019e-07,
                0.7848324458429653,
                0.21516738729735987
            ],
            [
                2.0732012876506146e-07,
                0.01201722160700981,
                3.2281208985437493e-06,
                0.9792995136842777,
                0.008679829267685148
            ],
            [
                3.3354384306545593e-06,
                2.1381952124930925e-07,
                5.114922009120453e-07,
                0.5967018633932221,
                0.40329407585662513
            ],
            [
                1.209298331038855e-10,
                1.0479533296830578e-10,
                2.0175243452083512e-10,
                0.20000050149104787,
                0.7999994980814744
            ]
        ],
        [
            [
                0.9999986016723484,
                1.3976131612326539e-06,
                5.1428085597502984e-11,
                2.098053722396928e-10,
                4.5325679181228206e-10
            ],
            [
                3.764384599758717e-09,
                3.697180084290483e-09,
                4.1222188661858407e-08,
                0.8112741330811232,
                0.18872581823512338
            ],
            [
                7.330006678323304e-09,
                3.4818216840265694e-08,
                6.58472233561628e-07,
                0.9936883371055151,
                0.006310962274027784
            ],
            [
                8.010753651907784e-09,
                1.164429939760652e-09,
                6.037418823502615e-11,
                0.6120025119033821,
                0.38799747886106023
            ],
            [
                1.4583683944293206e-09,
                6.553659614988194e-10,
                3.031775574082301e-10,
                0.3996203884298978,
                0.6003796091531903
            ]
        ],
        [
            [
                3.896792559723571e-09,
                4.958286703596174e-10,
                2.1871108435805612e-09,
                0.471945090724192,
                0.5280549026960759
            ],
            [
                4.378077360048514e-09,
                1.4525155283034629e-08,
                1.4088838734461272e-07,
                0.9043753078935788,
                0.09562453231480124
            ],
            [
                1.7349655949897956e-07,
                2.2884531982329482e-08,
                1.9514558344200004e-07,
                0.8726948701889229,
                0.1273047382844022
            ],
            [
                1.6396820382271959e-09,
                3.066229488328435e-08,
                2.688878855145293e-09,
                0.8035661722071855,
                0.19643379280195875
            ],
            [
                4.031932076842702e-10,
                4.872829715432315e-10,
                2.5113364527366057e-09,
                0.792535190533362,
                0.2074648060648253
            ]
        ],
        [
            [
                0.0001837759219321108,
                1.4750432337489045e-08,
                1.4853187059256872e-09,
                0.20048867784020924,
                0.7993275300021077
            ],
            [
                1.628521039164594e-08,
                4.687638489796034e-07,
                2.3025120394132639e-07,
                0.6992000728046203,
                0.30079921189511655
            ],
            [
                1.0357234869990443e-08,
                6.055740941856895e-08,
                4.971939301069964e-07,
                0.6125921323987014,
                0.38740729949272423
            ],
            [
                4.789306937126107e-09,
                3.0758721077042497e-09,
                3.993992079393296e-09,
                0.9216778906073276,
                0.07832209753350126
            ],
            [
                2.887034142605582e-10,
                8.968287356233027e-09,
                9.23341225962088e-10,
                0.39994835674689155,
                0.6000516330727764
            ]
        ],
        [
            [
                1.0838867208042382e-08,
                2.6151406029888524e-09,
                6.636907686875435e-10,
                0.7634284897521356,
                0.23657149613016581
            ],
            [
                1.7309470603451964e-08,
                7.568428536241474e-09,
                3.89604268257156e-08,
                0.7454252322422116,
                0.25457470391946235
            ],
            [
                4.674123809216875e-10,
                7.630308022077059e-10,
                3.457577343089859e-10,
                0.5124895551282687,
                0.4875104432955304
            ],
            [
                1.204043049209787e-09,
                2.8006074521863702e-09,
                1.744169182622384e-10,
                0.6037731225654364,
                0.3962268732554962
            ],
            [
                1.997657636835534e-08,
                1.5443786735004082e-09,
                2.1853655439022153e-09,
                0.5634691239788703,
                0.4365308523148091
            ]
        ],
        [
            [
                1.7561663184788301e-10,
                1.5242726212931627e-09,
                2.922612797605894e-08,
                0.5556938484664622,
                0.4443061206075206
            ],
            [
                7.636780502526585e-08,
                1.4426455618429651e-05,
                1.2063167118686301e-06,
                0.7133527197214197,
                0.28663157113844495
            ],
            [
                5.251352486229411e-10,
                2.499318119361279e-09,
                4.711116090851944e-08,
                0.7744825704470607,
                0.22551737941732514
            ],
            [
                6.531191338233816e-09,
                2.5958100508207534e-09,
                3.512008031927054e-08,
                0.8120076713562622,
                0.18799228439665608
            ],
            [
                7.2970921776718496e-09,
                8.618338789789138e-10,
                4.3007395891349326e-10,
                0.9999994196760914,
                5.717349085897004e-07
            ]
        ],
        [
            [
                6.039814865014794e-08,
                6.47632839092014e-09,
                2.918700621551773e-09,
                0.4028107206938197,
                0.5971892095130027
            ],
            [
                9.433347662006406e-11,
                2.801119071502258e-09,
                4.8417863726027306e-08,
                0.6075323575272339,
                0.39246759115944985
            ],
            [
                1.1332827147556517e-08,
                7.500849056860683e-08,
                0.39497608884759744,
                0.6004307945543069,
                0.004593030256777846
            ],
            [
                2.5873128662431956e-10,
                2.429758090685441e-10,
                3.529117222554081e-09,
                0.5998568239612055,
                0.40014317200797017
            ],
            [
                1.4911688548847565e-07,
                1.5340406215473092e-08,
                6.288466334342943e-08,
                0.6180310167828535,
                0.3819687558751914
            ]
        ],
        [
            [
                1.4808866538185026e-05,
                7.068399832075793e-07,
                1.5286812196164032e-08,
                0.20061343385652564,
                0.7993710351501407
            ],
            [
                8.855258657276891e-09,
                3.9461578524414685e-08,
                5.5071382836777304e-08,
                0.4229073461934299,
                0.5770925504183501
            ],
            [
                1.8269305865419274e-09,
                2.0405286614807984e-08,
                0.9460891448679754,
                0.053910446060598236,
                3.868392093255267e-07
            ],
            [
                4.0741782780470006e-08,
                1.7678417054214455e-08,
                6.640640369375209e-10,
                0.9703904609330255,
                0.029609479982710553
            ],
            [
                1.1008071068039159e-10,
                2.0265471049806316e-10,
                4.2126740679044366e-10,
                0.4001409422009086,
                0.5998590570650885
            ]
        ],
        [
            [
                2.2208630377685735e-10,
                4.61322755374631e-10,
                2.512969596126212e-09,
                0.7999964405846415,
                0.20000355621897992
            ],
            [
                5.477281443943169e-09,
                7.18450950006967e-10,
                4.360618798248219e-09,
                0.6941385080515003,
                0.3058614813921484
            ],
            [
                7.220883139759457e-08,
                7.29453713005024e-06,
                0.009522583056586157,
                0.9731038406307208,
                0.01736620956673165
            ],
            [
                6.736723298189512e-10,
                2.556147437052381e-11,
                1.3107157096743765e-09,
                0.5999967689957386,
                0.4000032289943119
            ],
            [
                4.9058878270079615e-08,
                3.9609627108917054e-08,
                2.6486391039851763e-10,
                0.7993654093097212,
                0.2006345017569095
            ]
        ],
        [
            [
                1.938917926261425e-08,
                1.4069879578922096e-08,
                4.730277744904452e-08,
                0.7290738815905047,
                0.27092603764765916
            ],
            [
                7.026377280968865e-09,
                3.806059460995992e-08,
                2.8365318471073e-07,
                0.7786828157240029,
                0.2213168555358406
            ],
            [
                7.6188578451344e-10,
                2.359058735830272e-08,
                0.18481870767414318,
                0.6151896737912386,
                0.19999159418214507
            ],
            [
                2.060133784582782e-10,
                2.4493565289616854e-10,
                3.920956507054886e-09,
                0.7848279769122782,
                0.2151720187158162
            ],
            [
                0.00023394999329120456,
