{
    "[['A', 'B', 'C', 'D', 'E'], ['A', 'B', 'C', 'D', 'E']]": [
        [
            [
                0.890327103647838,
                0.10967289386029429,
                1.429260004386797e-09,
                7.432541236138859e-10,
                3.193536317125519e-10
            ],
            [
                0.7445226645554351,
                0.2554773300613572,
                7.808660550601342e-10,
                4.507992221413358e-09,
                9.434946458179228e-11
            ],
            [
                2.4271070654651943e-10,
                1.5054594976295826e-09,
                0.9999997960460772,
                1.5187822336574125e-07,
                5.032752913927005e-08
            ],
            [
                1.214782574744538e-08,
                2.4958259706497132e-09,
                5.028175420972792e-10,
                0.22177219886896746,
                0.7782277859845633
            ],
            [
                6.90673414842147e-08,
                2.1550224258745947e-08,
                2.8639217125772704e-09,
                0.006009896645556466,
                0.993990009872956
            ]
        ],
        [
            [
                0.6257211911910705,
                0.3742787939238178,
                1.3074619652116028e-09,
                8.623389979723539e-09,
                4.954259824481283e-09
            ],
            [
                0.999075107188875,
                0.0009248903081375616,
                3.7601969594024115e-11,
                1.7549852589920824e-09,
                7.104002138882371e-10
            ],
            [
                8.088489277993174e-09,
                2.6703422835701658e-08,
                0.999999943902168,
                1.9238492625575688e-08,
                2.067427306001374e-09
            ],
            [
                2.6189838205802698e-08,
                1.152439018354877e-09,
                8.235666996334202e-09,
                0.0017967030650310552,
                0.9982032613570248
            ],
            [
                1.685546369781169e-07,
                7.496488952612878e-09,
                1.5506600090879048e-08,
                0.1761595174126494,
                0.8238402910296245
            ]
        ],
        [
            [
                0.9996974350673297,
                0.0003025632284216612,
                3.7679243340483103e-10,
                1.2314498207231312e-09,
                9.60063997707967e-11
            ],
            [
                0.6528098971616876,
                0.347190094527667,
                1.664000506530634e-09,
                2.281041250632598e-09,
                4.365603563419289e-09
            ],
            [
                1.6137890328755092e-10,
                9.37874114768984e-10,
                0.9999999960872932,
                2.487045803305362e-09,
                3.2640780869794004e-10
            ],
            [
                1.3844794515497184e-08,
                6.603232241063329e-07,
                1.1656097986481274e-07,
                0.9990125474129571,
                0.0009866618580444241
            ],
            [
                3.2295482447739687e-07,
                6.056230052937922e-09,
                1.6546933122658306e-09,
                8.75023939302116e-05,
                0.9999121669403219
            ]
        ],
        [
            [
                0.9459114760433897,
                0.05408852120882134,
                9.962194583049909e-11,
                2.5312821486861624e-09,
                1.168847946440209e-10
            ],
            [
                0.9846847247182273,
                0.015315273260368174,
                8.172182649884137e-10,
                1.2529404040107247e-10,
                1.078892205893962e-09
            ],
            [
                2.8668935965955314e-08,
                2.0717216235818674e-06,
                0.9999897561139547,
                8.046630634551462e-06,
                9.6864851156597e-08
            ],
            [
                5.7494307969515315e-08,
                4.1518767712000304e-09,
                4.116001135832769e-09,
                0.07555645233383858,
                0.9244434819039756
            ],
            [
                7.882421828594917e-08,
                5.411566170291731e-08,
                9.521113821092912e-09,
                0.00023912455089482093,
                0.9997607329881114
            ]
        ],
        [
            [
                0.8020805526737782,
                0.19791944468117192,
                4.2595207762039507e-10,
                1.6169312633986074e-09,
                6.021665828375138e-10
            ],
            [
                0.7879120399505659,
                0.2120879582834469,
                6.085502891641284e-10,
                7.165892321690684e-10,
                4.40847696468775e-10
            ],
            [
                4.157058933737953e-07,
                1.438960063462242e-05,
                0.9999594261050712,
                2.558550572997431e-05,
                1.830826708450974e-07
            ],
            [
                7.901968942155765e-09,
                9.381460063986681e-10,
                4.527845258057197e-10,
                0.1645650543392606,
                0.8354349363678398
            ],
            [
                7.134716330911328e-05,
                1.0420033097700049e-07,
                1.708541803194254e-08,
                0.0006243289729630381,
                0.9993042025779788
            ]
        ],
        [
            [
                0.9198960426450696,
                0.08010395582807997,
                3.0494926087449873e-10,
                7.19508346496849e-10,
                5.02392761264604e-10
            ],
            [
                0.999593403336914,
                0.00040659479544634625,
                1.3027340309552644e-09,
                3.890252419823262e-11,
                5.260030318378858e-10
            ],
            [
                1.2884292929196185e-10,
                9.253781182662983e-10,
                0.9999999978548606,
                8.424622955477608e-10,
                2.484558689723093e-10
            ],
            [
                1.8891621268653206e-07,
                1.618042231672909e-08,
                1.2840145440894242e-08,
                0.016896310762180584,
                0.9831034713010389
            ],
            [
                6.49516796103259e-09,
                1.4032273085214768e-09,
                5.390610219667509e-10,
                0.00020144833290791699,
                0.9997985432296358
            ]
        ],
        [
            [
                0.9999997622489428,
                2.3754021389027726e-07,
                2.5963205741428048e-11,
                4.029883796846973e-11,
                1.445811481063577e-10
            ],
            [
                0.5993721666646205,
                0.40062783267169194,
                5.328367235205784e-10,
                1.1468621845133692e-10,
                1.6164710610894635e-11
            ],
            [
                1.2636889945914603e-08,
                8.929869440826318e-07,
                0.9999972283815117,
                1.834235253409231e-06,
                3.17594008373706e-08
            ],
            [
                1.3923838752400118e-07,
                1.2554907664612877e-08,
                1.6038427189316114e-08,
                0.010530702679037232,
                0.9894691294892404
            ],
            [
                6.47327397976351e-08,
                8.084087922395073e-09,
                2.8872478117346646e-07,
                0.11244285883178377,
                0.8875567796266073
            ]
        ],
        [
            [
                0.8639117661437746,
                0.13608822979706617,
                1.2708024946695416e-09,
                2.312128540202851e-09,
                4.762281202787384e-10
            ],
            [
                0.9269998449447431,
                0.07300015307717594,
                1.0688403724394452e-09,
                3.5743244074806956e-10,
                5.518080131344377e-10
            ],
            [
                3.714006151124364e-08,
                2.0507767282202732e-06,
                0.9999962892276193,
                1.5983302461481476e-06,
                2.452534475133852e-08
            ],
            [
                2.1797936077504796e-08,
                1.1576479636605797e-08,
                2.568810268687299e-08,
                0.0391650324662182,
                0.9608349084712634
            ],
            [
                2.0999461055597732e-07,
                7.832193882380562e-09,
                3.763175709936181e-09,
                0.0007852805185922704,
                0.9992144978914276
            ]
        ],
        [
            [
                0.999939647324366,
                6.035146058438351e-05,
                2.06746760083701e-10,
                7.701967679774131e-10,
                2.381062146740314e-10
            ],
            [
                0.7986367089754043,
                0.2013632855408581,
                1.5932862341765438e-09,
                3.5197062977575718e-09,
                3.7074500824447876e-10
            ],
            [
                1.1525106871652213e-05,
                0.000393806015474179,
                0.308056256142226,
                0.6825968525482903,
                0.008941560187137852
            ],
            [
                3.411481173523074e-09,
                3.1123700383632427e-09,
                7.682226048547133e-10,
                0.027213796414365284,
                0.9727861962935609
            ],
            [
                1.7236346294333138e-07,
                6.045202751111055e-10,
                1.7750992195272674e-10,
                4.5939883861490486e-06,
                0.9999952328661207
            ]
        ],
        [
            [
                0.9996146489971578,
                0.00038535085217363706,
                2.3443056344632274e-11,
                8.115521997282155e-11,
                4.6070320450791125e-11
            ],
            [
                0.8443866748981904,
                0.15561332157934174,
                5.072363695251429e-11,
                2.4859833659746782e-09,
                9.857608830938181e-10
            ],
            [
                3.113876966604532e-11,
                1.6095838838138634e-10,
                0.9999999997294229,
                5.175736220557757e-11,
                2.6722731145493757e-11
            ],
            [
                1.4033795198858561e-08,
                4.134675101672046e-11,
                1.6161052661892285e-09,
                4.6905440508370685e-05,
                0.9999530788682445
            ],
            [
                1.4364730229296572e-07,
                6.374050229547547e-09,
                3.977762100292711e-07,
                0.316836462792234,
                0.6831629894102034
            ]
        ],
        [
            [
                0.9999366245237948,
                6.337481681255948e-05,
                1.5670582984392056e-10,
                4.72813630401578e-10,
                2.987294814969301e-11
            ],
            [
                0.9998023155952636,
                0.0001976792443253921,
                1.7709319630589437e-09,
                3.1076776939035315e-09,
                2.81801525062635e-10
            ],
            [
                9.16551738482947e-10,
                5.967706847880996e-10,
                0.9999999973248608,
                4.3928606249286027e-10,
                7.225307309629787e-10
            ],
            [
                8.827315027740485e-10,
                1.291253704854178e-09,
                2.3993277856844597e-10,
                0.002563011721509013,
                0.997436985864573
            ],
            [
                2.5014658629874594e-09,
                4.6561529215002455e-11,
                6.782389254869658e-10,
                2.012921051394903e-05,
                0.9999798675632197
            ]
        ],
        [
            [
                0.9999999819020663,
                1.7963443968954065e-08,
                2.7714147028825878e-11,
                1.5715734699397597e-12,
                1.0520402317107196e-10
            ],
            [
                0.8608919368677106,
                0.1391077773386513,
                7.419564777633256e-09,
                2.4432440306441764e-07,
                3.404967023535452e-08
            ],
            [
                9.902982853321353e-11,
                8.883117292915462e-10,
                0.9999999977442251,
                2.3753710197392937e-10,
                1.0308963512663729e-09
            ],
            [
                1.6155457492298981e-09,
                1.8763798683962327e-08,
                1.327450052148351e-09,
                0.11868308245356854,
                0.8813168958396369
            ],
            [
                2.9546976355143037e-08,
                1.4620394053564939e-08,
                6.294904989691226e-09,
                0.00018272977480221747,
                0.9998172197629224
            ]
        ],
        [
            [
                0.9999061212403342,
                9.387495012155674e-05,
                3.0735203735941594e-11,
                2.872052378740521e-09,
                9.067566853674004e-10
            ],
            [
                0.9631033760929846,
                0.03689661856349611,
                1.1048801507481601e-09,
                4.0045544990925295e-09,
                2.340847024625611e-10
            ],
            [
                5.277745046630588e-06,
                0.0054515229165632804,
                0.9942789784490724,
                0.0002615305108519576,
                2.6903784657664236e-06
            ],
            [
                7.017884303537512e-09,
                2.1360993284582662e-08,
                3.9836145056737374e-08,
                0.2924238857228527,
                0.7075760460621248
            ],
            [
                1.0600170601704572e-07,
                2.844891762838283e-09,
                6.088255183562834e-10,
                0.01909109713541736,
                0.9809087934091594
            ]
        ],
        [
            [
                0.9353338246023196,
                0.06466617411394839,
                2.1910730081487025e-10,
                5.92024674703198e-10,
                4.725999436473521e-10
            ],
            [
                0.9999328540119263,
                6.714524048600567e-05,
                2.7094242925047207e-10,
                3.2059714038608416e-10,
                1.560481542900482e-10
            ],
            [
                9.27631265352454e-07,
                0.0009479005661092354,
                0.9990504381180152,
                6.538856761367871e-07,
                7.979893416516867e-08
            ],
            [
                6.709744845977983e-08,
                4.623129172208576e-09,
                9.506457993455191e-09,
                0.006608708554577095,
                0.9933912102183873
            ],
            [
                3.4251067983683514e-07,
                5.5668084366743565e-09,
                1.0822110302868219e-07,
                0.005385067125427587,
                0.9946144765759811
            ]
        ],
        [
            [
                0.9982391895911119,
                0.0017608099344982929,
                2.7167483528354623e-10,
                9.762322348601921e-11,
                1.0509166976296545e-10
            ],
            [
                0.9961493511864429,
                0.003850643838327614,
                1.2912808030932743e-09,
                1.6477492344327696e-09,
                2.03619936590584e-09
            ],
            [
                1.903090027252844e-10,
                7.705478648636312e-10,
                0.9999999983829204,
                6.198998763097465e-10,
                3.632280262558341e-11
            ],
            [
                7.07716385176815e-06,
                6.416978398952614e-09,
                2.0529879947702238e-08,
                0.1712387914299888,
                0.8287541044593011
            ],
            [
                2.0266278010080567e-06,
                4.3739953737882953e-10,
                2.067900212179532e-09,
                9.602028550613904e-05,
                0.9999019505813931
            ]
        ],
        [
            [
                0.9994298372784578,
                0.0005701616506479276,
                3.1638108030711303e-10,
                3.8208299542608416e-11,
                7.163048746765881e-10
            ],
            [
                0.9999328436676962,
                6.71555451055964e-05,
                5.4301488046687594e-11,
                6.152978105746298e-10,
                1.175989507853267e-10
            ],
            [
                2.7797327216571076e-11,
                3.679279521921964e-10,
                0.9999999993031541,
                2.869748154684891e-10,
                1.4145872658039408e-11
            ],
            [
                3.985699815257144e-09,
                1.5689681433053041e-09,
                3.9870857995353933e-10,
                0.04488461520893962,
                0.9551153788376838
            ],
            [
                4.961094599578431e-09,
                3.7571516042606465e-09,
                2.392947672140473e-09,
                4.0729052766599435e-05,
                0.9999592598360396
            ]
        ],
        [
            [
                0.9989435696519108,
                0.0010564298831806627,
                1.5543132151032759e-10,
                9.453190922099642e-11,
                2.1494529670595915e-10
            ],
            [
                0.996493286634284,
                0.0035067071558108395,
                4.821064636724237e-09,
                3.8912232372472775e-10,
                9.997181301899342e-10
            ],
            [
                4.819192618762622e-07,
                0.0017203351325968924,
                0.9982620647279735,
                1.5667308440536388e-05,
                1.4509117271338029e-06
            ],
            [
                5.020272570885587e-09,
                3.822276330155958e-09,
                2.942195627846228e-09,
                0.0020518964030510284,
                0.9979480918122045
            ],
            [
                2.195086776722551e-08,
                4.0904687114481735e-08,
                1.5352345139444336e-08,
                0.16143417423653914,
                0.8385657475555608
            ]
        ],
        [
            [
                0.9992293007051241,
                0.0007706984739267658,
                4.118754816919778e-11,
                6.25339409749891e-10,
                1.5442226050035962e-10
            ],
            [
                0.7878240650561207,
                0.2121759279689922,
                1.0636843975918853e-09,
                2.3949499373269564e-09,
                3.5162528376614156e-09
            ],
            [
                1.827454805574545e-09,
                6.36963531611737e-09,
                0.9999999629402679,
                2.2922635897092312e-08,
                5.9400060097872846e-09
            ],
            [
                3.4978396897596574e-09,
                2.822432388408767e-10,
                1.0807332210879828e-10,
                0.1954062388774613,
                0.8045937572343825
            ],
            [
                1.6278986489427957e-08,
                7.4935948150444e-09,
                2.173050839572358e-09,
                0.00019399869050504187,
                0.9998059753638628
            ]
        ],
        [
            [
                0.8001269294408135,
                0.19987307038663935,
                5.0477919663035244e-11,
                7.468230714604346e-11,
                4.738698464192748e-11
            ],
            [
                0.46644166714082275,
                0.5335583309131864,
                8.930746398352574e-10,
                8.812156029802813e-10,
                1.7170062457902603e-10
            ],
            [
                8.749934055631864e-12,
                4.65661829367192e-12,
                0.999999999973759,
                6.357833891764695e-12,
                6.476550302959495e-12
            ],
            [
                2.3905770530740136e-08,
                3.5828517992046605e-09,
                3.389415543083971e-08,
                0.059817341304741124,
                0.9401825973124811
            ],
            [
                1.123383876409977e-09,
                2.8216911508604964e-10,
                1.305979824894454e-10,
                0.005409524044793029,
                0.994590474419056
            ]
        ],
        [
            [
                0.9634889680520169,
                0.03651103112335232,
                5.8129116595144125e-11,
                7.164703638978374e-10,
                5.00312074797155e-11
            ],
            [
                0.9973468715700881,
                0.0026531223348992194,
                1.3581975080208912e-09,
                2.4788042217416358e-09,
                2.258010906963705e-09
            ],
            [
                2.348340674085082e-09,
                5.1581453749157376e-08,
                0.999999840358741,
                1.0338193764342373e-07,
                2.329526976605675e-09
            ],
            [
                1.8775288850650674e-09,
                9.697811082540526e-10,
                4.2992865978604333e-10,
                0.0003420578995754952,
                0.9996579388231858
            ],
            [
                1.7123807277819478e-08,
                4.365508233232847e-09,
                4.049751009990367e-09,
                0.014400300157756708,
                0.9855996743031769
            ]
        ],
        [
            [
                0.999993730118142,
                6.269603482426862e-06,
                1.2277987518985178e-10,
                1.357571471975219e-10,
                1.9838605976838283e-11
            ],
            [
                0.9998898679521862,
                0.00011013123948182973,
                1.9857170213819482e-10,
                5.61073978493547e-10,
                4.8686290220566986e-11
            ],
            [
                1.4750868626212628e-07,
                3.3026201609689176e-08,
                0.9999995337028847,
                1.8639897553471815e-07,
                9.936325179928648e-08
            ],
            [
                5.510245448375836e-06,
                1.216402038775349e-09,
                1.799749440276472e-10,
                0.0017403287786016367,
                0.998254159579573
            ],
            [
                1.25906604593446e-07,
                7.58396462097421e-09,
                6.576231808911826e-09,
                7.399444703655253e-06,
                0.9999924604884953
            ]
        ],
        [
            [
                0.9999944284493549,
                5.56996060617462e-06,
                9.56900937793148e-10,
                3.7522782649317985e-10,
                2.5791014728945506e-10
            ],
            [
                0.8704549326418628,
                0.12954506256933873,
                3.3352277553627095e-09,
                3.7250151987298316e-10,
                1.0810692998616274e-09
            ],
            [
                3.368036250067596e-07,
                7.75527863283239e-06,
                0.9997826402031239,
                0.0002070807840371838,
                2.1869305810807536e-06
            ],
            [
                8.041459273405442e-08,
                5.046287067165119e-08,
                2.549466654588361e-08,
                0.1924015038330434,
                0.8075983397948265
            ],
            [
                8.348348169853665e-09,
                1.9830279812905718e-09,
                1.65569804623433e-08,
                0.009545347873720439,
                0.9904546252379229
            ]
        ],
        [
            [
                0.9999678097560757,
                3.2188810385604146e-05,
                1.0938459253879684e-09,
                1.1650129437246906e-10,
                2.231914425717893e-10
            ],
            [
                0.9509879902066338,
                0.04901200172822788,
                5.728488392862958e-09,
                1.0541382051257714e-09,
                1.2825116167406666e-09
            ],
            [
                2.1021639402007125e-07,
                0.00011757143408919912,
                0.9998560352286058,
                2.5972736013596547e-05,
                2.1038489729054663e-07
            ],
            [
                1.2215989511299497e-09,
                3.0790754574154482e-09,
                2.0457473596597555e-09,
                0.00041248479917159226,
                0.9995875088544066
            ],
            [
                1.4033052278963035e-07,
                1.4665647033274767e-08,
                2.6214970466317542e-08,
                0.007668835232712539,
                0.9923309835561472
            ]
        ],
        [
            [
                0.818830473972545,
                0.18116952085666319,
                1.6791953743931488e-09,
                2.403650169717229e-10,
                3.251231440946966e-09
            ],
            [
                0.600114085507027,
                0.39988591267801304,
                1.3658609356516324e-09,
                4.0860406869150543e-10,
                4.049496305771082e-11
            ],
            [
                4.942415557202289e-06,
                2.3446765114465307e-05,
                0.999963988816324,
                5.242523125310184e-06,
                2.3794798790421295e-06
            ],
            [
                1.0256486777975653e-07,
                9.664179824186578e-09,
                2.198191157711521e-09,
                0.07740068195869387,
                0.9225992036140673
            ],
            [
                1.5843695625413247e-09,
                1.0885685522440923e-10,
                8.830474126450547e-11,
                0.0003396231612752644,
                0.9996603750571936
            ]
        ],
        [
            [
                0.9242522377843881,
                0.07574775994466795,
                1.2483370544750948e-09,
                3.693691201096509e-10,
                6.532377222201936e-10
            ],
            [
                0.9756169080890752,
                0.024383085124384078,
                2.1020207430283146e-09,
                4.163971876897339e-09,
                5.205480805222646e-10
            ],
            [
                1.3701294525696373e-08,
                3.156669575466363e-07,
                0.999999166335873,
                4.2235911870096747e-07,
                8.193675622254707e-08
            ],
            [
                3.170832451912442e-05,
                7.243750784493053e-09,
                6.771812715500357e-10,
                1.537598700593858e-05,
                0.999952907767543
            ],
            [
                4.662931960623066e-09,
                2.504129397908319e-09,
                2.250606509078793e-08,
                4.0786609251116976e-05,
                0.9999591837176224
            ]
        ],
        [
            [
                0.94621144324656,
                0.05378855295306898,
                3.279341974690169e-10,
                1.0089112957181301e-09,
                2.4635254601614815e-09
            ],
            [
                0.8423017779804932,
                0.15769822023405067,
                1.0083163837870842e-09,
                1.3949931923035766e-10,
                6.376404176507193e-10
            ],
            [
                3.447734911430888e-08,
                5.227411994328196e-07,
                0.9999950261708068,
                3.5662544675848938e-06,
                8.503561770004089e-07
            ],
            [
                6.449085790358346e-09,
                6.732651506192285e-09,
                8.597887182188377e-10,
                0.23132538349800877,
                0.7686746024604653
            ],
            [
                1.4018005204697175e-08,
                3.434207143188752e-10,
                3.9546399652314206e-10,
                1.2917241527388545e-05,
                0.9999870680015827
            ]
        ],
        [
            [
                0.9999518106162596,
                4.818852840859872e-05,
                3.8408751364726125e-10,
                3.2719859314219454e-10,
                1.4404571677460167e-10
            ],
            [
                0.9144227013073815,
                0.08557725543765639,
                3.34432391536501e-10,
                3.9346560891756056e-08,
                3.5739688988385035e-09
            ],
            [
                4.856403387908126e-12,
                2.3504417537877453e-12,
                0.9999999999849978,
                3.476154846971031e-12,
                4.319118689186004e-12
            ],
            [
                2.749630771791906e-09,
                9.964653258739344e-10,
                1.6903079945805458e-09,
                0.00013743947733668314,
                0.9998625550862592
            ],
            [
                1.7513399263447147e-07,
                6.1435997044979915e-09,
                2.660715636800048e-09,
                0.036518898291287676,
                0.9634809177704043
            ]
        ],
        [
            [
                0.8147862772124835,
                0.18521372141605552,
                8.672861875996944e-10,
                2.2972863349811038e-10,
                2.744462639494438e-10
            ],
            [
                0.817191608362381,
                0.18280837118109053,
                1.64239652140143e-09,
                2.7895462759592146e-09,
                1.602458558730155e-08
            ],
            [
                6.491036014221444e-11,
                4.984717643171198e-10,
                0.9999999965999047,
                9.352623714152831e-11,
                2.7431867051834703e-09
            ],
            [
                3.4316646806568896e-09,
                9.948289398106261e-09,
                2.131401342296731e-07,
                0.1970505332237171,
                0.8029492402561946
            ],
            [
                2.6847087577062593e-08,
                8.160387463141296e-10,
                1.235347552492994e-09,
                0.0008290102244575894,
                0.9991709608770686
            ]
        ],
        [
            [
                0.9905089311428412,
                0.009491062400295345,
                1.4689593495701457e-09,
                1.8019958133999153e-09,
                3.185908186184423e-09
            ],
            [
                0.7873577993800654,
                0.2126421954958662,
                1.3008252767401575e-09,
                2.5342466925900782e-09,
                1.2889963826293148e-09
            ],
            [
                1.168071193155834e-12,
                1.524384655029473e-11,
                0.9999999999722684,
                9.30333933629551e-12,
                2.016133573338244e-12
            ],
            [
                1.5731422392202916e-08,
                3.0862711561976428e-09,
                1.059974743250302e-08,
                0.3225963216098321,
                0.6774036489727269
            ],
            [
                1.392060340561552e-07,
                2.2489039893504963e-08,
                9.418946260389225e-10,
                0.0027720998954317722,
                0.9972277374675997
            ]
        ],
        [
            [
                0.7622767437456105,
                0.2377232533112233,
                4.28883971144473e-10,
                1.3247613849517433e-09,
                1.1895207961322547e-09
            ],
            [
                0.8993702273038885,
                0.10062976349980231,
                1.679272749843038e-09,
                4.106235479671735e-09,
                3.410800928462098e-09
            ],
            [
                5.0832887592875084e-05,
                0.0023426926457727907,
                0.8948981976094352,
                0.10145810102760668,
                0.0012501758295924235
            ],
            [
                5.285613440033728e-10,
                1.223455332876376e-10,
                7.858318818877652e-10,
                0.005866825519966447,
                0.9941331730432948
            ],
            [
                6.65819349831324e-05,
                3.66938170048882e-08,
                5.595310698041905e-08,
                0.005040176972678148,
                0.9948931484454147
            ]
        ],
        [
            [
                0.9992230355821518,
                0.0007769587697656936,
                1.7389940466320515e-09,
                3.4542392348228426e-09,
                4.5484930835672e-10
            ],
            [
                0.5520364227980147,
                0.44796355187780346,
                2.7169743721777637e-09,
                2.099012111691608e-08,
                1.6170863778302284e-09
            ],
            [
                0.00012404977428351677,
                0.1711568566241578,
                0.8285926752133221,
                0.0001244554787471277,
                1.9629094894365878e-06
            ],
            [
                2.339137921250089e-10,
                5.94677925522149e-10,
                2.7826171178754477e-08,
                0.16213643216794327,
                0.8378635391772938
            ],
            [
                1.1190505404723461e-07,
                1.7194438471796864e-08,
                7.1053664625307795e-09,
                0.019081990028817088,
                0.980917873766324
            ]
        ],
        [
            [
                0.6271701677831613,
                0.3728298198005807,
                1.356719721562532e-09,
                8.003194405854409e-09,
                3.0563439719726503e-09
            ],
            [
                0.31593009294775415,
                0.6840698910952548,
                5.4515261487316154e-09,
                9.996642939666762e-09,
                5.088220114335845e-10
            ],
            [
                2.1044460372073947e-08,
                7.696120151680707e-07,
                0.005729126975363598,
                0.7814628162015989,
                0.21280726616656204
            ],
            [
                3.924539857458773e-09,
                1.9902824720752858e-08,
                4.826991229023923e-09,
                0.094317771430752,
                0.9056821999148922
            ],
            [
                2.28326561727306e-07,
                2.9309046113999415e-09,
                2.7540488189648126e-09,
                0.00047048965678087425,
                0.999529276331704
            ]
        ],
        [
            [
                0.7073814586971471,
                0.2926185397604813,
                1.64461526700801e-10,
                1.2098690794230621e-09,
                1.680410472117334e-10
            ],
            [
                0.9755960037015813,
                0.024403959693383506,
                2.776254999054532e-08,
                3.1617681147418062e-09,
                5.6807171553488176e-09
            ],
            [
                2.4936282795734142e-11,
                9.152687343602728e-12,
                0.9999999999470259,
                1.0283084397532561e-11,
                8.601949621579821e-12
            ],
            [
                8.60730719787709e-10,
                7.243315349631396e-10,
                5.474307222562524e-11,
                2.4403592091717083e-05,
                0.9999755947681029
            ],
            [
                4.068527858175197e-05,
                2.0731982329841897e-09,
                6.596529448296453e-10,
                2.0923041150219807e-05,
                0.9999383889474168
            ]
        ],
        [
            [
                0.9999978928845662,
                2.1068755436692064e-06,
                2.9055445588199505e-11,
                3.3917576911113997e-11,
                1.769171482218814e-10
            ],
            [
                0.9994214606975834,
                0.0005784979814826406,
                6.108544650319656e-09,
                1.9743149302998927e-08,
                1.5469239916921955e-08
            ],
            [
                1.899264519072126e-07,
                2.5591683407516023e-06,
                0.9999959614893694,
                1.1897958382636318e-06,
                9.961999957045624e-08
            ],
            [
                1.13492478471357e-07,
                3.2551820883220426e-08,
                5.284648919472413e-09,
                0.17057345845777896,
                0.8294263902132728
            ],
            [
                5.232149660639544e-05,
                5.101663375617761e-09,
                1.8324934392964643e-08,
                0.019147830765453826,
                0.980799824311342
            ]
        ],
        [
            [
                0.9997660939107855,
                0.000233905355989124,
                2.3408423402234482e-12,
                6.004775238528758e-10,
                1.3040698977419205e-10
            ],
            [
                0.42260375918300075,
                0.5773962331142842,
                5.841248849291358e-09,
                1.2123810512540598e-09,
                6.490850285542264e-10
            ],
            [
                1.411708853482175e-08,
                7.653694005037305e-08,
                0.9999903073269878,
                9.407866984101129e-06,
                1.941519995447185e-07
            ],
            [
                8.579123379384692e-10,
                1.196122871294365e-09,
                5.457030416991636e-10,
                0.18559905684522723,
                0.8144009405550345
            ],
            [
                5.1173594983144475e-09,
                1.2619680010772398e-08,
                7.747277955862297e-08,
                0.012101617607469223,
                0.9878982871827117
            ]
        ],
        [
            [
                0.9534244386057337,
                0.04657553481954218,
                2.066699567610031e-10,
                2.278469910368486e-08,
                3.5833550868094272e-09
            ],
            [
                0.9891651347926594,
                0.01083485313706628,
                4.5005134624916355e-10,
                8.787005699657066e-09,
                2.83321725020034e-09
            ],
            [
                5.3380744361662464e-11,
                1.2407463950615954e-09,
                0.9999999981449976,
                3.9076450840079413e-10,
                1.7011060059219967e-10
            ],
            [
