{
    "[['A', 'B', 'C', 'D', 'E'], ['A', 'B', 'C', 'D', 'E']]": [
        [
            [
                0.9999909052509027,
                9.094665314917985e-06,
                6.4569999486915946e-12,
                7.053396885647832e-11,
                6.791376864965382e-12
            ],
            [
                0.9996139925441402,
                0.000386007320653766,
                5.8002035950052145e-11,
                1.623540843999754e-11,
                6.096858507093888e-11
            ],
            [
                5.277528442266312e-07,
                0.9998612169962259,
                0.0001362125107384573,
                2.034320234518573e-06,
                8.419956945056789e-09
            ],
            [
                1.2101494059132235e-09,
                6.327681798483875e-09,
                3.655427533029214e-08,
                0.5163735406646126,
                0.4836264152432808
            ],
            [
                2.869176123854476e-10,
                2.81326942263668e-10,
                1.1065851297803616e-09,
                0.2158863585661392,
                0.7841136397590311
            ]
        ],
        [
            [
                0.9989559746514642,
                0.0010440253338150172,
                1.0109708109543956e-12,
                7.20197621461005e-12,
                6.50760120692809e-12
            ],
            [
                0.9998894413084499,
                0.00011055849422616247,
                1.6267752082575292e-11,
                1.3632696287464605e-10,
                4.4729256977560336e-11
            ],
            [
                3.935035613190899e-06,
                0.03559091866105026,
                0.20955534909171694,
                0.681470655337162,
                0.07337914187445758
            ],
            [
                8.80583178817294e-10,
                2.1035207840706736e-09,
                5.290093834420354e-10,
                0.3863138725891091,
                0.6136861238977777
            ],
            [
                5.088751283964336e-10,
                2.396468523005102e-10,
                1.8473276334511423e-09,
                0.022939222235833997,
                0.9770607751683165
            ]
        ],
        [
            [
                0.9999846497233743,
                1.5350207089032348e-05,
                1.3542279692860073e-11,
                2.3208079608821416e-11,
                3.2786176429082346e-11
            ],
            [
                0.9996996620571637,
                0.00030033787793454583,
                3.7204341252196056e-11,
                2.3893540672297424e-11,
                3.8039311136092595e-12
            ],
            [
                1.2460916621564347e-08,
                8.195020653710942e-07,
                0.9999945960803459,
                4.563544311887093e-06,
                8.412360276437578e-09
            ],
            [
                4.122202200791597e-10,
                2.38138021451925e-09,
                2.4762693606836046e-09,
                0.11519634757300733,
                0.8848036471571229
            ],
            [
                1.066106556476873e-10,
                9.348677261929601e-09,
                1.6207075590284372e-08,
                0.3826156785017127,
                0.6173842958359238
            ]
        ],
        [
            [
                0.9999999960951009,
                2.5870057282798998e-09,
                2.1134697186392255e-11,
                2.5116803972275814e-11,
                1.2716418847446853e-09
            ],
            [
                0.9979842659946705,
                0.0020157338069517537,
                3.832576789176465e-11,
                1.560026828198421e-10,
                4.049366049316064e-12
            ],
            [
                1.574548487215657e-09,
                1.6018137953722457e-08,
                0.9999958849233165,
                3.3426889970028935e-06,
                7.547950001373071e-07
            ],
            [
                1.927590525243688e-09,
                1.1159193112949944e-08,
                1.3349061381818798e-09,
                0.5298499433087582,
                0.4701500422695519
            ],
            [
                8.988137875494253e-09,
                1.415964213718338e-08,
                7.157781927090856e-08,
                0.21540537466099366,
                0.7845945306134071
            ]
        ],
        [
            [
                0.9999999997899125,
                2.0488443051674503e-10,
                2.220835324532036e-12,
                2.2147139978066517e-12,
                7.676569813434642e-13
            ],
            [
                0.9986205284923457,
                0.0013794711140739087,
                2.9209461189387683e-10,
                3.4489270529693274e-11,
                6.699654458570727e-11
            ],
            [
                3.5509138521304327e-07,
                1.398824778323076e-05,
                0.9599165477688377,
                0.03995391654532886,
                0.00011519234666500947
            ],
            [
                5.103021241324939e-10,
                5.117028127035082e-09,
                3.94252107019576e-10,
                0.5809094858883354,
                0.41909050809008225
            ],
            [
                1.0134589583081692e-09,
                3.2879437127776153e-09,
                9.4263830832568e-10,
                0.38716262099538495,
                0.6128373737605741
            ]
        ],
        [
            [
                0.9997640240809748,
                0.00023597581147042395,
                8.929494791432399e-11,
                1.1722285472355188e-11,
                6.537628606134882e-12
            ],
            [
                0.9999999719606285,
                2.8012522327465638e-08,
                5.276687688163428e-12,
                3.204368005839991e-12,
                1.836824646264891e-11
            ],
            [
                4.5296917467411966e-08,
                5.6489698476534424e-05,
                0.6627561325161511,
                0.33700430757421324,
                0.00018302491424184968
            ],
            [
                5.959353843393439e-10,
                1.2911833296084535e-09,
                3.3114250105374154e-09,
                0.17380501233058243,
                0.8261949824708739
            ],
            [
                4.2141174941846565e-10,
                1.8436861030020383e-09,
                1.4292575813874227e-08,
                0.3361103157276129,
                0.6638896677147134
            ]
        ],
        [
            [
                0.999999953261633,
                4.670450096172566e-08,
                8.360312379283268e-12,
                2.3405928934415045e-11,
                2.0997777170579458e-12
            ],
            [
                0.999753481927867,
                0.00024651790237220243,
                8.002086973984539e-11,
                8.204697185494852e-11,
                7.693085377374414e-12
            ],
            [
                6.130389319012987e-07,
                0.06144829030271182,
                0.9385506721769342,
                2.6157332001288904e-07,
                1.6290810208220022e-07
            ],
            [
                6.595937862233637e-10,
                1.640928084516108e-08,
                1.2014862011722433e-07,
                0.5243080993052348,
                0.4756917634772705
            ],
            [
                1.697716158845141e-09,
                7.253448913481009e-10,
                1.7150542104186514e-08,
                0.39942314920191024,
                0.6005768312244866
            ]
        ],
        [
            [
                0.9999913137040206,
                8.686213417360738e-06,
                2.9714313017962636e-11,
                1.7968588676237815e-11,
                3.487909969055754e-11
            ],
            [
                0.9997660895366883,
                0.00023391034892787264,
                1.6817339562395867e-11,
                9.636075685866653e-11,
                1.2055991929943024e-12
            ],
            [
                2.4397752574335472e-08,
                7.063576960199545e-06,
                0.9536002009776062,
                0.045350720232100884,
                0.0010419908155802622
            ],
            [
                7.291543803589027e-10,
                8.247836450131357e-10,
                2.2769358213285896e-08,
                0.7571555367400941,
                0.24284443893660967
            ],
            [
                4.1935572157373805e-10,
                9.497234555257848e-10,
                7.963047200669906e-10,
                0.2151716370614793,
                0.7848283607731368
            ]
        ],
        [
            [
                0.999765508741799,
                0.00023449109089727994,
                4.3914719247345567e-11,
                9.960777233212302e-11,
                2.3781230495794685e-11
            ],
            [
                0.9999990421833563,
                9.57767129174423e-07,
                1.2178767836591646e-12,
                6.893810215433168e-12,
                4.140276015751083e-11
            ],
            [
                2.3509243123618504e-09,
                3.6448913174458754e-09,
                0.9999999547380239,
                3.800379786541363e-08,
                1.2623625481635686e-09
            ],
            [
                5.952091434659731e-09,
                7.414708010650397e-10,
                9.74224078341551e-10,
                0.32092837178613914,
                0.6790716205460746
            ],
            [
                9.931849689195733e-09,
                2.658274724701807e-09,
                9.97446312771363e-10,
                0.39052892912853987,
                0.6094710572838894
            ]
        ],
        [
            [
                0.9999911415462592,
                8.858262169095309e-06,
                1.9059986259543594e-12,
                1.6308966262426788e-10,
                2.6575939006107764e-11
            ],
            [
                0.8364843395892829,
                0.16351566036464746,
                1.4481186356263775e-11,
                1.857127671717863e-11,
                1.3017141284747886e-11
            ],
            [
                6.134530788879526e-08,
                4.267351260818203e-06,
                0.8582867747738526,
                0.14154846535399807,
                0.00016043117558061916
            ],
            [
                2.441429369833105e-09,
                8.715120479061418e-09,
                1.925149218723576e-08,
                0.459614633540796,
                0.5403853360511619
            ],
            [
                1.5511585232373813e-10,
                3.6895953960715434e-09,
                1.910753870804436e-08,
                0.24364923741898786,
                0.7563507396287622
            ]
        ],
        [
            [
                0.9999995470258362,
                4.5290225094981917e-07,
                2.7600591131042737e-11,
                4.845706290891056e-12,
                3.946660259691924e-11
            ],
            [
                0.9999999295721161,
                6.843947030729178e-08,
                7.758187152934517e-11,
                2.6111650447338556e-10,
                1.6497152625696404e-09
            ],
            [
                3.618765919900321e-07,
                2.296433439314715e-06,
                0.8215640241499768,
                0.17604562705317217,
                0.002387690486819891
            ],
            [
                4.5726133932683086e-10,
                3.721257849972975e-09,
                2.127757089841658e-08,
                0.5700168586967407,
                0.42998311584716925
            ],
            [
                7.06241391734903e-10,
                6.286412033506268e-10,
                9.911566235374813e-10,
                0.5884388246851424,
                0.4115611729888183
            ]
        ],
        [
            [
                0.9999999900464233,
                9.831691900954523e-09,
                5.910869078702258e-11,
                1.0161402432646937e-11,
                5.2614787409404595e-11
            ],
            [
                0.9999973926462744,
                2.607333631733436e-06,
                1.6084957197396507e-11,
                3.2570595329081815e-12,
                7.518041525710672e-13
            ],
            [
                1.9156111954895185e-07,
                0.013742283407457243,
                0.9862439055671895,
                1.1452248191343916e-05,
                2.1672160422850056e-06
            ],
            [
                3.8135366597698067e-10,
                6.88865623694699e-10,
                2.964721401366811e-09,
                0.7813470444636383,
                0.21865295150142103
            ],
            [
                6.716370257133216e-10,
                2.973512328266686e-09,
                1.5565724759288046e-08,
                0.437466466381908,
                0.5625335144072179
            ]
        ],
        [
            [
                0.9998572391739146,
                0.00014276057452905,
                1.677668236764271e-10,
                5.2274093064652484e-11,
                3.151554577929482e-11
            ],
            [
                0.9999457100435705,
                5.428986803519984e-05,
                5.577112678730384e-12,
                5.8059701106479897e-11,
                2.4757498358361202e-11
            ],
            [
                2.0556145673386936e-06,
                4.579203170179553e-07,
                0.13948783516685415,
                0.8283897876142077,
                0.032119863684053826
            ],
            [
                3.710647522625256e-09,
                1.0539154763502759e-08,
                2.3140689052686093e-08,
                0.7054026801703491,
                0.29459728243915956
            ],
            [
                1.1402424997549084e-09,
                2.691900886300657e-09,
                3.00341790955559e-08,
                0.586383734694958,
                0.41361623143871956
            ]
        ],
        [
            [
                0.9999329254987859,
                6.707444677204894e-05,
                2.1639830156343896e-11,
                9.132195164026774e-12,
                2.36700197483647e-11
            ],
            [
                0.9999559710797067,
                4.402883055235085e-05,
                2.9009019683541618e-11,
                4.749514042602441e-11,
                1.3236809980910947e-11
            ],
            [
                3.899178941790817e-08,
                2.1249326675943107e-06,
                0.8766162801473586,
                0.12205999098889683,
                0.0013215649392875086
            ],
            [
                1.9011754563088785e-09,
                7.001824551186976e-10,
                1.3596031631416558e-08,
                0.7160259506305634,
                0.2839740331720471
            ],
            [
                1.8259129411029966e-09,
                3.3007261766489656e-09,
                4.24458841519753e-09,
                0.33816564450862086,
                0.6618343461201517
            ]
        ],
        [
            [
                0.9999566513452636,
                4.334857369151905e-05,
                1.122286089277527e-11,
                4.835104904596159e-11,
                2.147088684620167e-11
            ],
            [
                0.9999999385529773,
                6.142342767489623e-08,
                1.1581813895688045e-11,
                9.198603445138467e-12,
                2.8144442166163475e-12
            ],
            [
                1.2475268134608232e-11,
                1.1158384332588778e-11,
                0.9999999999736189,
                1.1361289424539408e-12,
                1.611214802603537e-12
            ],
            [
                1.1672855637850762e-09,
                9.506348188090379e-09,
                6.569540355987561e-10,
                0.4138854123601277,
                0.5861145763092847
            ],
            [
                4.635979182886726e-10,
                4.430960143118023e-10,
                1.8654463726029692e-09,
                0.31189894570247234,
                0.6881010515253875
            ]
        ],
        [
            [
                0.999999041593608,
                9.58309238842975e-07,
                3.3909084185551192e-12,
                8.411560594250318e-11,
                9.646601867677582e-12
            ],
            [
                0.9999999923102124,
                7.68303961127799e-09,
                6.446562249810956e-13,
                1.960096040620288e-12,
                4.1433445059680465e-12
            ],
            [
                4.720865777010931e-06,
                0.0018870724907338494,
                0.9677178362151574,
                0.030345122177506224,
                4.5248250825511515e-05
            ],
            [
                1.4548357601328219e-09,
                4.51019108480307e-09,
                1.8936693537593543e-09,
                0.1550558729804544,
                0.8449441191608493
            ],
            [
                5.9786467261329e-11,
                1.896125710256751e-09,
                1.8030139801099306e-10,
                0.48339999598296673,
                0.5166000018808197
            ]
        ],
        [
            [
                0.9999994184832695,
                5.81502272025752e-07,
                1.1607424967106954e-11,
                2.341342671820579e-12,
                5.098326299167859e-13
            ],
            [
                0.999967726429915,
                3.2273268379537006e-05,
                4.3546030919201396e-11,
                1.8878070194732017e-11,
                2.392812483573693e-10
            ],
            [
                1.4913754139567722e-07,
                0.01372815216411079,
                0.9862133239337874,
                5.140780560680386e-05,
                6.966958953681087e-06
            ],
            [
                8.831889102591884e-10,
                3.263142711231997e-08,
                8.482893530504412e-09,
                0.6118754105729309,
                0.3881245474295595
            ],
            [
                2.2098223005064567e-09,
                8.241346126282699e-10,
                1.2633128949814546e-09,
                0.1511184261251447,
                0.8488815695775855
            ]
        ],
        [
            [
                0.9996103162251478,
                0.0003896836122171438,
                3.964625353028217e-11,
                1.0113135749967465e-10,
                2.185738539738978e-11
            ],
            [
                0.9989237996075463,
                0.0010762002011621315,
                5.226067304404855e-11,
                6.608505514221367e-11,
                7.294595254555088e-11
            ],
            [
                7.026277896182995e-08,
                9.023312182626762e-07,
                0.5827778991468436,
                0.3962933836163557,
                0.020927744642803534
            ],
            [
                7.994891067361431e-11,
                6.25163158881767e-10,
                9.326311524113597e-08,
                0.7952725282548307,
                0.20472737777694197
            ],
            [
                5.941092979283064e-11,
                7.052359691479562e-10,
                3.321585466478812e-10,
                0.16439648226392561,
                0.8356035166392689
            ]
        ],
        [
            [
                0.9999999815904532,
                1.8320737262604504e-08,
                2.239519505100508e-11,
                6.357904974811198e-11,
                2.835248799173221e-12
            ],
            [
                0.9999750465386836,
                2.495340344716506e-05,
                1.0275960213266408e-11,
                4.198864966845592e-11,
                5.6045365108161025e-12
            ],
            [
                2.633261937816298e-09,
                9.099817070629131e-06,
                0.9999895349542761,
                1.1191588234793555e-06,
                2.4343656784162486e-07
            ],
            [
                1.8178382700224422e-09,
                1.1881895983473027e-10,
                1.4337819484697006e-09,
                0.2672516214417452,
                0.7327483751878157
            ],
            [
                2.1236843687423836e-09,
                7.098624874877022e-10,
                4.0876345223858706e-10,
                0.1772821885086169,
                0.8227178082490728
            ]
        ],
        [
            [
                0.9999476984515631,
                5.22998423623166e-05,
                4.4855681291139066e-11,
                2.834036578177889e-11,
                1.6328785561161958e-09
            ],
            [
                0.9999996439347119,
                3.5602066263838814e-07,
                1.1812945911973968e-11,
                4.927476824563877e-12,
                2.7885058756653478e-11
            ],
            [
                1.3537275080023825e-10,
                1.8088364487287923e-08,
                0.999999235925339,
                7.453843504559258e-07,
                4.665733588508995e-10
            ],
            [
                2.3674668577738477e-09,
                2.0334322447688316e-09,
                2.922485854962537e-08,
                0.6987548866982841,
                0.30124507967595837
            ],
            [
                1.6384740142070277e-09,
                5.9043486435405025e-09,
                2.5449002139308666e-09,
                0.2940489163948592,
                0.7059510735174179
            ]
        ],
        [
            [
                0.9999966397283576,
                3.360150597869534e-06,
                3.489639590438907e-11,
                1.2838214956401211e-11,
                7.330994858417957e-11
            ],
            [
                0.5163019820023603,
                0.4836979940156628,
                2.31959924134737e-08,
                6.369896931353694e-10,
                1.489947538983776e-10
            ],
            [
                8.082668636023789e-11,
                1.423645045472217e-09,
                0.9999999777118135,
                1.983424435254755e-08,
                9.494707406931852e-10
            ],
            [
                2.4963318409222534e-10,
                2.0862966298313725e-10,
                9.805933647295975e-08,
                0.5925094105369652,
                0.4074904909454354
            ],
            [
                2.7927815249705536e-09,
                2.2107601201577442e-09,
                2.896189741748757e-10,
                0.16061934841602,
                0.8393806462908194
            ]
        ],
        [
            [
                0.9999753178939164,
                2.4681432619837628e-05,
                9.401183593624765e-11,
                3.091282845537731e-11,
                5.485391731687435e-10
            ],
            [
                0.9999994954745168,
                5.044004976842935e-07,
                3.1935388206912595e-11,
                1.875428237238726e-11,
                7.429578110738228e-11
            ],
            [
                6.52360108143257e-07,
                0.032476086597026374,
                0.9664750885252588,
                0.0010471970193690458,
                9.754982376115852e-07
            ],
            [
                7.017231052428159e-11,
                1.551600762866161e-10,
                1.9621963921954295e-09,
                0.2053469948078682,
                0.794653003004603
            ],
            [
                6.90725258424388e-10,
                2.106421655118306e-09,
                2.9529961676233083e-10,
                0.006344650149705314,
                0.9936553467578482
            ]
        ],
        [
            [
                0.9995026599698168,
                0.0004973398915914893,
                2.142057722689622e-11,
                5.845685631566106e-11,
                5.87143117261004e-11
            ],
            [
                0.9999998483620279,
                1.5158737552954012e-07,
                3.3635155945165805e-11,
                6.362828161947636e-12,
                1.0598549337966852e-11
            ],
            [
                6.602378636764783e-13,
                6.454389521112069e-12,
                0.9999999999734408,
                1.5173925568208814e-11,
                4.270838532123864e-12
            ],
            [
                9.396034044902115e-11,
                2.794977571241079e-09,
                1.1109313640394895e-08,
                0.9001648305823179,
                0.09983515541943068
            ],
            [
                3.888104377926238e-10,
                1.2770164235655056e-09,
                5.631338856082917e-10,
                0.00772043282397591,
                0.9922795649470633
            ]
        ],
        [
            [
                0.9999998311936951,
                1.6878878327252192e-07,
                4.176442548067337e-12,
                4.563647740934576e-12,
                8.781477779756806e-12
            ],
            [
                0.9996997592646948,
                0.00030024059590382125,
                2.635508447235338e-11,
                7.79807925184869e-11,
                3.506552096224151e-11
            ],
            [
                1.7624984108220714e-10,
                6.2032098036183015e-09,
                0.99999950151838,
                4.913629770611133e-07,
                7.391833433398383e-10
            ],
            [
                2.3628614224112908e-11,
                1.92419072875576e-09,
                1.438680525986952e-10,
                0.7446905207915488,
                0.2553094771167637
            ],
            [
                2.522230201597772e-10,
                8.432153821625047e-09,
                2.104751249262278e-08,
                0.4026129524319668,
                0.5973870178361438
            ]
        ],
        [
            [
                0.9999981896433392,
                1.8094763138549234e-06,
                6.377857808185844e-12,
                1.8109299465114697e-11,
                8.558597076030975e-10
            ],
            [
                0.9996988041430109,
                0.00030119550907341497,
                1.0746901817682274e-10,
                1.6750915210953954e-11,
                2.2369576225003e-10
            ],
            [
                6.126919264420503e-12,
                3.124689202044511e-12,
                0.9999999999836291,
                2.8833690575021565e-12,
                4.235791950972062e-12
            ],
            [
                6.487124988418373e-10,
                6.431744110859611e-10,
                7.151450788756293e-09,
                0.6809931214267706,
                0.3190068701298917
            ],
            [
                4.819111049755745e-10,
                3.526361670075491e-09,
                9.629479529673915e-09,
                0.6356647862511451,
                0.36433520011110265
            ]
        ],
        [
            [
                0.9999996322391659,
                3.6772805438636657e-07,
                2.2426419163585973e-11,
                2.3052353090063967e-12,
                8.048005878090942e-12
            ],
            [
                0.999999614574285,
                3.8528011855424963e-07,
                8.439590838592487e-11,
                2.417111842281038e-11,
                3.702935674306557e-11
            ],
            [
                2.1381273634158204e-08,
                1.9316136668302473e-07,
                0.9087254406942216,
                0.08967987514196088,
                0.0015944696211772401
            ],
            [
                1.4804149776427937e-09,
                3.752376600162315e-09,
                4.204402484380365e-10,
                0.4175149079255754,
                0.5824850864211928
            ],
            [
                2.4177219980042527e-09,
                6.698792910534501e-10,
                4.81974655455215e-09,
                0.6459747913673389,
                0.3540252007253131
            ]
        ],
        [
            [
                0.9999593137482651,
                4.068620017147972e-05,
                3.62770978094269e-12,
                2.084571458851249e-11,
                2.708984339346291e-11
            ],
            [
                0.999970061320621,
                2.99385148638487e-05,
                1.4516827197384428e-10,
                1.5102285510612268e-11,
                4.244470731846165e-12
            ],
            [
                1.7753093972585282e-05,
                0.3522825167523208,
                0.6476979426203502,
                1.437174438739932e-06,
                3.5035891781624553e-07
            ],
            [
                1.3358622582618511e-10,
                2.6906299898450505e-09,
                1.6707671622182252e-08,
                0.5804083149582544,
                0.41959166550985777
            ],
            [
                7.175420754320314e-11,
                6.100067691470693e-10,
                1.3144186756390918e-09,
                0.19878214871179603,
                0.8012178492920243
            ]
        ],
        [
            [
                0.999999415028338,
                5.849126745313346e-07,
                3.718310898772659e-11,
                1.6763527201760582e-11,
                5.040714457599239e-12
            ],
            [
                0.9974702009017442,
                0.002529798914744551,
                2.7012927884871128e-11,
                8.888636246385702e-11,
                6.761193554926333e-11
            ],
            [
                6.930766349404697e-12,
                1.0108086466186865e-11,
                0.9999999995113309,
                4.1401930622626986e-10,
                5.761098330281821e-11
            ],
            [
                2.478172564923837e-09,
                7.3764607638133105e-09,
                1.5137021183650744e-09,
                0.8605484121525597,
                0.13945157647910475
            ],
            [
                3.190043476187598e-11,
                2.790043474968718e-10,
                1.316624264185959e-09,
                0.03328733579587177,
                0.9667126625765992
            ]
        ],
        [
            [
                0.9999999799996523,
                1.991184977034715e-08,
                1.6216654905017245e-12,
                2.989822490686434e-11,
                5.697809038419325e-11
            ],
            [
                0.9993638853144986,
                0.0006361145896521348,
                3.725491401122985e-11,
                5.6776312058418326e-11,
                1.8180537536787505e-12
            ],
            [
                2.020615542307335e-07,
                8.077473002222451e-07,
                0.9920827191496514,
                0.007490164391675845,
                0.00042610664981832853
            ],
            [
                1.536569798986671e-10,
                1.3131176693012573e-10,
                3.4295530561728466e-09,
                0.7845687768826235,
                0.21543121940285465
            ],
            [
                6.477201103348685e-10,
                1.3053453672616217e-08,
                7.773610541925532e-10,
                0.35149184106340836,
                0.6485081444580567
            ]
        ],
        [
            [
                0.9999999603614926,
                3.9528854032313773e-08,
                9.052184383246977e-11,
                9.117172854509822e-12,
                1.0014318722292545e-11
            ],
            [
                0.9978026102410428,
                0.002197389557025555,
                4.582713879436804e-11,
                2.62377092037929e-11,
                1.2986691432949228e-10
            ],
            [
                5.3170950972478344e-12,
                3.160800802929812e-11,
                0.9999999999207716,
                2.925596669680734e-11,
                1.304741359791244e-11
            ],
            [
                3.0273527989772073e-09,
                3.0386956962352405e-08,
                4.87500366301707e-09,
                0.6017080257355294,
                0.39829193597515716
            ],
            [
                1.0471122672687283e-09,
                1.2281297678462506e-09,
                2.6910734483332544e-09,
                0.7510418682000667,
                0.24895812683361782
            ]
        ],
        [
            [
                0.9999999986791661,
                1.292658352293873e-09,
                5.6073634372560496e-12,
                2.5167739661543057e-12,
                2.005122323349059e-11
            ],
            [
                0.8755080967089137,
                0.12449190313930099,
                9.505041046252101e-11,
                3.5739131719522145e-11,
                2.0995719831438857e-11
            ],
            [
                2.0949801760714048e-08,
                0.0001452733265929078,
                0.9998413328200482,
                1.3358449855566e-05,
                1.4453701699048078e-08
            ],
            [
                8.466161563940414e-09,
                9.342590676187706e-10,
                6.914127919408411e-09,
                0.4403786219937156,
                0.5596213616917359
            ],
            [
                2.5694398089687004e-08,
                8.618648994016154e-08,
                2.6695005680116416e-08,
                0.15495027907905098,
                0.8450495823450553
            ]
        ],
        [
            [
                0.9999979562146027,
                2.043610801747254e-06,
                1.453383927396716e-10,
                2.6475068165822233e-11,
                2.78216084417932e-12
            ],
            [
                0.9761581872450928,
                0.023841812721850274,
                3.578098190942418e-12,
                2.469625960600791e-11,
                4.78248604276937e-12
            ],
            [
                1.4669100331981734e-07,
                9.081221279406024e-08,
                7.584282812276047e-06,
                0.851140144687668,
                0.14885203352630363
            ],
            [
                1.8161843545484566e-08,
                1.0486979624403497e-08,
                1.0483616492389977e-07,
                0.4953840251499606,
                0.5046158413650513
            ],
            [
                9.745700849709676e-10,
                8.234697219986498e-10,
                2.3441387044432394e-10,
                0.19826155988192007,
                0.8017384380856263
            ]
        ],
        [
            [
                0.9999134067839456,
                8.659305718973609e-05,
                2.2156367990945627e-11,
                1.3404522763482902e-10,
                2.6631348632949094e-12
            ],
            [
                0.9977354627381,
                0.0022645370055433722,
                7.199415087761306e-11,
                1.669484542038746e-11,
                1.6766771338220353e-10
            ],
            [
                4.773927276429511e-12,
                6.978150482758772e-12,
                0.999999999964776,
                2.12196512456787e-11,
                2.2521632562069955e-12
            ],
            [
                2.6215732481543913e-10,
                5.744881645095268e-10,
                1.0681552912146257e-09,
                0.45027715155714726,
                0.549722846538052
            ],
            [
                2.0650702095665372e-10,
                6.255737652366442e-10,
                5.961043254841441e-10,
                0.04986378520404715,
                0.9501362133677677
            ]
        ],
        [
            [
                0.999999999946201,
                5.1690941743329054e-11,
                3.342661449776071e-13,
                1.4967536824347147e-12,
                2.7707124665211816e-13
            ],
            [
                0.9999807585037871,
                1.924147384441779e-05,
                1.6213331770180432e-11,
                2.9229250753164583e-12,
                3.23220247412615e-12
            ],
            [
                1.228822075516636e-08,
                5.651274711483716e-06,
                0.9999890527096691,
                5.055912132104336e-06,
                2.278152665216233e-07
            ],
            [
                1.309374521746308e-09,
                2.268468701533332e-08,
                1.1989775053220149e-09,
                0.3431557130747766,
                0.6568442617321845
            ],
            [
                3.559279580548384e-09,
                8.673681807873982e-10,
                1.8108872990255216e-08,
                0.43896867979417986,
                0.5610312976702994
            ]
        ],
        [
            [
                0.9999999982096879,
                1.7233219626226099e-09,
                2.2321146993899803e-12,
                6.461351613784644e-11,
                1.445629784777734e-13
            ],
            [
                0.8875598273038938,
                0.11244017253841332,
                4.574128781948249e-11,
                5.602070683144954e-11,
                5.593084336323814e-11
            ],
            [
                1.94062788355076e-12,
                3.841960497910101e-12,
                0.9999999999699833,
                1.7131747017334882e-11,
                7.10233391240105e-12
            ],
            [
                6.963471561908498e-10,
                1.1484465739409607e-08,
                2.740251327274537e-09,
                0.2952005599978103,
                0.7047994250811255
            ],
            [
                5.226372418690801e-10,
                3.818175144709436e-11,
                2.2021424381138546e-09,
                0.28125118324412735,
                0.7187488139929111
            ]
        ],
        [
            [
                0.9999999894272892,
                1.0445868712432966e-08,
                3.236028253731731e-12,
                1.2143131519799217e-10,
                2.174789997093598e-12
            ],
            [
                0.9999681423457351,
                3.185759960047013e-05,
                1.3216993418938375e-11,
                3.9724844240511065e-11,
                1.7226057629014092e-12
            ],
            [
                8.078741593072817e-07,
                0.12590670603538254,
                0.7390632998760869,
                0.1350222499679787,
                6.9362463924687806e-06
            ],
            [
                4.856265147842463e-10,
                4.696357772647196e-09,
