{
    "[['A', 'B', 'C', 'D', 'E'], ['A', 'B', 'C', 'D', 'E']]": [
        [
            [
                0.9999968392067661,
                3.1604210253239573e-06,
                3.025844901228081e-11,
                1.7314387803972024e-10,
                1.6880631925943603e-10
            ],
            [
                0.2382502070115157,
                0.7617483220147099,
                7.092759800674431e-08,
                1.1172493565738735e-06,
                2.8279681971049216e-07
            ],
            [
                9.125425874437874e-11,
                6.795898302644691e-11,
                0.9999999694946529,
                2.9435892077506415e-08,
                9.102418348967495e-10
            ],
            [
                1.1135701320624247e-08,
                6.344118437934435e-09,
                1.4487323583864227e-09,
                0.5738459350682462,
                0.4261540460032017
            ],
            [
                5.223638762966465e-10,
                9.028806966013161e-10,
                9.690392843461911e-09,
                0.019585157482101313,
                0.9804148314022613
            ]
        ],
        [
            [
                0.9999489900257488,
                5.100901089504607e-05,
                3.4543829303481165e-10,
                2.457538318336838e-10,
                3.7216409032706593e-10
            ],
            [
                0.0017842315724348565,
                0.9981009085889995,
                2.4731447259455963e-06,
                0.00011203473002535822,
                3.5196381430180673e-07
            ],
            [
                1.0242439336730504e-07,
                2.2701239729225554e-05,
                0.9997492324846432,
                0.00020124442565280288,
                2.6719425581435025e-05
            ],
            [
                2.140083957039913e-09,
                1.0817076843194989e-09,
                1.6940811227912859e-09,
                0.7689439800195468,
                0.23105601506458057
            ],
            [
                7.02601240952748e-09,
                1.1508427875206113e-08,
                3.6473319395643947e-09,
                0.10345983830088387,
                0.8965401395173439
            ]
        ],
        [
            [
                0.9997525069967419,
                0.00024749062080000396,
                5.70349644157147e-10,
                1.5935255979865864e-09,
                2.1858279897228072e-10
            ],
            [
                0.00024164198169951005,
                0.15608687300627902,
                0.7982023280818423,
                0.045451820794944905,
                1.7336135234222978e-05
            ],
            [
                2.989108456942094e-08,
                4.277928377558541e-08,
                0.9999784240806671,
                1.815594845667159e-05,
                3.3473005078941512e-06
            ],
            [
                1.6950110970073026e-09,
                8.954892994269328e-09,
                2.06949199409623e-09,
                0.43413096167430093,
                0.5658690256063029
            ],
            [
                1.3424856480815288e-08,
                1.3384498296761143e-09,
                5.528795251848335e-09,
                0.006096567573684986,
                0.9939034121342135
            ]
        ],
        [
            [
                0.9993405090636068,
                0.0006594906189869676,
                2.6972807765873766e-12,
                1.2278145720410405e-10,
                1.9192749060026643e-10
            ],
            [
                6.360864007829848e-06,
                0.0027983399631425847,
                0.9934904787869412,
                0.0026825492761746936,
                0.0010222711097337223
            ],
            [
                3.1224185426786105e-08,
                1.3988619859076546e-06,
                0.9999943687943108,
                4.165805121284209e-06,
                3.5314396558131014e-08
            ],
            [
                1.193924903569911e-10,
                1.517165544860124e-09,
                3.5264954663275005e-10,
                0.19961746053433727,
                0.8003825374764552
            ],
            [
                3.10607033348491e-08,
                3.8726913432574765e-09,
                2.7878291863175733e-09,
                0.015906824376703883,
                0.9840931379020723
            ]
        ],
        [
            [
                0.9999944504147923,
                5.548565809220942e-06,
                2.989668332710065e-10,
                6.929485660801382e-10,
                2.748296631931375e-11
            ],
            [
                0.6959635146876518,
                0.30403054470578716,
                1.0140852943738779e-07,
                4.736640823561167e-06,
                1.1025572079873399e-06
            ],
            [
                8.021307814968338e-08,
                1.5556892851061756e-06,
                0.999656744302573,
                0.0003411006883891687,
                5.191066746062972e-07
            ],
            [
                6.915460382257148e-10,
                1.2703048125802821e-09,
                3.767721605284502e-09,
                0.7650455369964764,
                0.23495445727395117
            ],
            [
                2.470437946674162e-09,
                1.3998028494886682e-10,
                5.733066684264459e-10,
                0.2753049966574511,
                0.7246950001588239
            ]
        ],
        [
            [
                0.9996120057454756,
                0.0003879917684201622,
                4.5966346709738243e-10,
                1.1095648080406595e-09,
                9.168759551073451e-10
            ],
            [
                0.0003909497369179521,
                0.45191121450646066,
                0.20704456339510915,
                0.3405872030823651,
                6.606927914703343e-05
            ],
            [
                1.7695234358254477e-10,
                2.892398309313022e-08,
                0.9999999330790658,
                2.9212855564287028e-08,
                8.6071433387773e-09
            ],
            [
                1.4596555952774392e-08,
                1.1088566156800506e-08,
                3.038068649346411e-09,
                0.7460314581317559,
                0.25396851314505337
            ],
            [
                9.802200192851778e-06,
                2.5265996022286887e-08,
                4.1273450359210804e-08,
                0.3530891807273807,
                0.6469009505329799
            ]
        ],
        [
            [
                0.9999999833981668,
                1.4964168641413077e-08,
                6.550793314193569e-12,
                3.3544264318851734e-10,
                1.2956711694227313e-09
            ],
            [
                0.9554546678602794,
                0.044544902593700385,
                7.579012728833447e-08,
                3.3203762643590715e-07,
                2.1718266368251738e-08
            ],
            [
                1.7094924449396914e-11,
                3.036459570044872e-11,
                0.9999999996079303,
                2.994302748192574e-10,
                4.5179970457590087e-11
            ],
            [
                5.692655157189779e-09,
                2.0390232337146724e-10,
                1.5779955497437698e-09,
                0.2606020835608973,
                0.7393979089645496
            ],
            [
                1.0599806950059773e-08,
                2.1879228912457678e-09,
                6.680228813870438e-08,
                0.42952335316403023,
                0.5704765672459519
            ]
        ],
        [
            [
                0.9848282960724449,
                0.015171701491198187,
                8.042173883868426e-10,
                6.751660934354858e-10,
                9.569734793969695e-10
            ],
            [
                0.10096597879152208,
                0.8990199764563342,
                9.50955951419051e-07,
                1.2864180020935617e-05,
                2.296161713227144e-07
            ],
            [
                2.0520373384868133e-09,
                9.876002976259973e-08,
                0.9999990476170575,
                8.40030205758101e-07,
                1.154066956428669e-08
            ],
            [
                2.6220610480199564e-10,
                1.9529023301944917e-10,
                9.88661923364783e-11,
                0.3938963925935066,
                0.6061036068501309
            ],
            [
                7.990358766832059e-08,
                6.147023558956912e-09,
                3.513958955888203e-10,
                0.19548144467982612,
                0.8045184689181667
            ]
        ],
        [
            [
                0.9997645176378296,
                0.00023548049752839442,
                3.3037105111780855e-10,
                2.286681528248986e-10,
                1.3056027000347823e-09
            ],
            [
                0.10480512714082149,
                0.8951927453087748,
                8.749507669459828e-08,
                1.4975876103527958e-06,
                5.424677166626807e-07
            ],
            [
                6.832044450442587e-10,
                6.896471500034602e-09,
                0.9999995929110366,
                3.931870985248545e-07,
                6.322188968271411e-09
            ],
            [
                3.162641294307623e-08,
                2.5862404069544533e-09,
                1.6467537158275862e-09,
                0.38093184923661066,
                0.6190681149039823
            ],
            [
                1.3015480114379878e-08,
                5.356355012515907e-09,
                1.7236249571994837e-08,
                0.348222748449346,
                0.6517772159425693
            ]
        ],
        [
            [
                0.8445329350854435,
                0.15546706181016737,
                7.999964287323984e-10,
                1.6099107560937404e-09,
                6.944819831023376e-10
            ],
            [
                0.29831238983784086,
                0.701654502967059,
                3.972142346740042e-06,
                2.787483485734086e-05,
                1.2602178961995143e-06
            ],
            [
                1.675941543529512e-10,
                5.812373127489654e-10,
                0.9999999963016586,
                2.056954295484978e-09,
                8.925555215883222e-10
            ],
            [
                8.85614092590183e-09,
                1.61706214365875e-09,
                5.1156107766543585e-09,
                0.433208759988191,
                0.5667912244229952
            ],
            [
                2.0118619274829965e-08,
                1.837301252925224e-08,
                1.4794406090716986e-08,
                0.30209901455909527,
                0.6979009321548668
            ]
        ],
        [
            [
                0.9999985082424147,
                1.4913967600068867e-06,
                3.6633959493703794e-11,
                3.2786681079541566e-11,
                2.9140478272324866e-10
            ],
            [
                0.14123884651784638,
                0.8587580677235388,
                1.899548412418245e-06,
                1.0691789783349865e-06,
                1.1703122394547136e-07
            ],
            [
                1.1638539822276955e-11,
                7.140713577217663e-12,
                0.9999999999551201,
                8.350867116608065e-12,
                1.7749878607712475e-11
            ],
            [
                1.8635126969933052e-08,
                1.623099771482265e-08,
                6.706929622548052e-08,
                0.28736908295603086,
                0.7126308151085482
            ],
            [
                1.6529775501984485e-08,
                1.3493833855017264e-09,
                3.805760507953917e-09,
                0.16957926212449265,
                0.8304207161905881
            ]
        ],
        [
            [
                0.8638623383192086,
                0.13613765502265246,
                1.4010842168597602e-09,
                4.070473302826871e-09,
                1.1865814451358098e-09
            ],
            [
                0.8318363375305953,
                0.1681635394972646,
                3.487651820209863e-10,
                9.338548141979518e-08,
                2.9237893653997288e-08
            ],
            [
                9.77040166765003e-07,
                9.124741257156954e-06,
                0.9988593437886774,
                0.0011297802326472961,
                7.741972514925982e-07
            ],
            [
                1.5123626368948855e-09,
                8.347521587953925e-10,
                1.4377273113564935e-09,
                0.40779888000319225,
                0.5922011162119656
            ],
            [
                1.900694567588996e-09,
                4.814603129493213e-09,
                5.378672446228115e-10,
                0.3807213750612097,
                0.6192786176856253
            ]
        ],
        [
            [
                0.9982821527853121,
                0.001717846794072184,
                2.7436706518280055e-11,
                3.4063709583687213e-10,
                5.254185884793368e-11
            ],
            [
                0.0005050695351343518,
                0.42362021491316765,
                0.565871598318452,
                0.00992299368268403,
                8.012355056192932e-05
            ],
            [
                5.7284611208738027e-11,
                5.903876879411547e-11,
                0.999999988318316,
                4.144431716898522e-09,
                7.420928949342447e-09
            ],
            [
                3.809697636336618e-08,
                2.3230188401744027e-09,
                3.8721495739601186e-08,
                0.4587882221992177,
                0.5412116986592914
            ],
            [
                3.356810567753695e-08,
                1.1160204441096293e-08,
                6.417965217387255e-08,
                0.5522095600453509,
                0.4477903310466868
            ]
        ],
        [
            [
                0.9999675277681223,
                3.246788476155863e-05,
                2.4060415053626094e-10,
                3.2904338004898276e-09,
                8.160783114737706e-10
            ],
            [
                0.31058148173016115,
                0.6894183553744039,
                1.0576675947823045e-08,
                8.804867584118787e-08,
                6.427008309954165e-08
            ],
            [
                4.029713148348045e-09,
                1.3816367171066014e-08,
                0.9999987994343579,
                9.796739989769966e-07,
                2.0304556288024408e-07
            ],
            [
                9.276224606625615e-10,
                1.2752657829304613e-09,
                1.1215592550770755e-08,
                0.6306704516545342,
                0.36932953492698506
            ],
            [
                0.00022977012240535125,
                0.0007663598608302068,
                0.00015022592390081382,
                0.3175723962189699,
                0.6812812478738937
            ]
        ],
        [
            [
                0.9452914218753781,
                0.0547085697296846,
                2.8965561174293822e-09,
                2.9268174210036676e-09,
                2.5715638161839026e-09
            ],
            [
                0.23264495615935735,
                0.767354731151026,
                2.5536146730754105e-07,
                3.9709862448596377e-08,
                1.7618286796760673e-08
            ],
            [
                1.550703673932336e-12,
                1.2683530708232102e-11,
                0.9999999999652092,
                5.899344089400697e-12,
                1.4657378614543716e-11
            ],
            [
                4.3834309346607275e-10,
                6.994944029488565e-10,
                1.8424107964617993e-09,
                0.3925103177605862,
                0.6074896792591654
            ],
            [
                2.017978264570017e-05,
                3.467718058375583e-09,
                2.1748606575645066e-09,
                0.0032311656169043248,
                0.9967486489578712
            ]
        ],
        [
            [
                0.9998262740959013,
                0.00017372527079479266,
                8.292797795009467e-11,
                4.706882944117883e-10,
                7.968766401151016e-11
            ],
            [
                0.810573158633168,
                0.1894268195007668,
                5.011903404659427e-09,
                1.667570606958605e-08,
                1.7845563485240913e-10
            ],
            [
                1.4686455007502645e-08,
                7.509710498246071e-08,
                0.9999997332117878,
                1.1277987867685017e-07,
                6.422477342127994e-08
            ],
            [
                7.306933770147894e-09,
                1.0883546810286995e-08,
                8.183104821253087e-10,
                0.35270699399192573,
                0.6472929869992832
            ],
            [
                1.4243015930718564e-08,
                7.428515711005749e-09,
                4.098048145151835e-09,
                0.17113565933287248,
                0.8288643148975477
            ]
        ],
        [
            [
                0.999898683111479,
                0.00010131496246731455,
                3.2758179796272516e-10,
                1.3145720898975683e-09,
                2.8389980719200503e-10
            ],
            [
                0.9211743727361907,
                0.07881968972258442,
                4.151272529040489e-08,
                5.671138560635218e-06,
                2.2488993888408011e-07
            ],
            [
                1.4303108602740662e-11,
                3.7671842462077446e-12,
                0.999999999946432,
                3.033682219485543e-11,
                5.160889711025361e-12
            ],
            [
                7.269153160388844e-10,
                4.1966111753789205e-10,
                1.8099292286953407e-08,
                0.4831409631829379,
                0.5168590175711932
            ],
            [
                1.3809015633390862e-08,
                3.1319419307914852e-09,
                4.190356198819389e-10,
                0.19549971714888034,
                0.8045002654911265
            ]
        ],
        [
            [
                0.9808613985194792,
                0.019138597844503523,
                7.82224397982777e-10,
                3.060244139914209e-10,
                2.5477684445813823e-09
            ],
            [
                0.004684429646634475,
                0.5157637100176787,
                0.4770631240117524,
                0.0023337008379272148,
                0.00015503548600704752
            ],
            [
                1.0197634028169583e-09,
                1.034225557694977e-09,
                0.9999997963520577,
                1.4015197626679316e-07,
                6.144197713283872e-08
            ],
            [
                3.503998910258887e-09,
                1.0819633859283137e-09,
                4.91031519328299e-09,
                0.20633116134590457,
                0.7936688291578179
            ],
            [
                2.2710196680723675e-08,
                6.511669010464148e-10,
                3.4047152912093725e-09,
                0.6007367382519334,
                0.39926323498198774
            ]
        ],
        [
            [
                0.8015178804034436,
                0.1984821175881123,
                3.0191284054830756e-10,
                8.06050185603071e-10,
                9.004811093179458e-10
            ],
            [
                0.02488005385578179,
                0.9751133932291347,
                7.093805044365448e-07,
                5.573106922206516e-06,
                2.704276568492872e-07
            ],
            [
                3.197804182319583e-08,
                8.140040269191174e-08,
                0.9999977577917946,
                2.076125603710853e-06,
                5.270415730327217e-08
            ],
            [
                5.931297309822355e-09,
                4.283401944831264e-10,
                4.1871156985756793e-10,
                0.7094919771877387,
                0.29050801603391224
            ],
            [
                3.001457043543855e-08,
                1.135585646022031e-09,
                4.744146602319748e-09,
                0.007460543827519565,
                0.9925394202781778
            ]
        ],
        [
            [
                0.899816996951471,
                0.10018299781018276,
                1.5088076158430378e-09,
                3.1929168576895483e-09,
                5.366217892330887e-10
            ],
            [
                0.08969176752303616,
                0.9097809778918992,
                0.00042522395957277065,
                0.00010149745761510661,
                5.331678768226025e-07
            ],
            [
                2.5171067622799878e-06,
                1.1554657621861266e-05,
                0.6601330170627292,
                0.3398012957994105,
                5.161537347620986e-05
            ],
            [
                6.303068424096654e-09,
                1.8498647480088205e-08,
                1.7087216807935675e-08,
                0.37122728154356344,
                0.6287726765675039
            ],
            [
                1.783816442458009e-09,
                7.918357958059691e-09,
                1.5635369541167336e-09,
                0.4029203881835876,
                0.5970796005507011
            ]
        ],
        [
            [
                0.9997908022933986,
                0.00020919680623162514,
                1.192147117697619e-10,
                4.008720775537523e-10,
                3.80282926585315e-10
            ],
            [
                0.9986310582211451,
                0.0013689405739070412,
                1.8292950576069176e-10,
                6.895272502715955e-10,
                3.324912859048513e-10
            ],
            [
                6.50602981858759e-08,
                5.090432587421448e-08,
                0.9997588717694345,
                0.00023392888851007503,
                7.0833774314625535e-06
            ],
            [
                1.5498070248640838e-09,
                2.8262235400819447e-10,
                1.269234451278096e-10,
                0.3946766402625351,
                0.6053233577781121
            ],
            [
                1.9605069116577163e-07,
                4.22384661166751e-09,
                1.072404559543384e-09,
                0.35390339301268087,
                0.6460964056403768
            ]
        ],
        [
            [
                0.9937508073644937,
                0.006249188213886327,
                5.217903040396908e-11,
                4.714866721303482e-10,
                3.897954183595799e-09
            ],
            [
                0.00118975265625448,
                0.9332450741025631,
                0.06017145873550043,
                0.0053128457123587,
                8.08687933233518e-05
            ],
            [
                7.52031938796356e-12,
                5.5464526219456616e-11,
                0.9999999994401088,
                2.3136310604884208e-10,
                2.655431524463112e-10
            ],
            [
                8.169678973682187e-08,
                2.3269845057158223e-08,
                1.237919477977498e-07,
                0.7718909792204773,
                0.22810879202094017
            ],
            [
                0.9922795256265766,
                0.0052848680770697315,
                5.934655208984239e-06,
                0.00011037989012058409,
                0.0023192917510240843
            ]
        ],
        [
            [
                0.9999994929775531,
                5.064949781468982e-07,
                1.5653286317812916e-10,
                2.8766394608996805e-10,
                8.327190680407893e-11
            ],
            [
                0.23540287203263086,
                0.7645681887738665,
                1.3335858212094464e-06,
                2.698937927549701e-05,
                6.162284059798845e-07
            ],
            [
                6.728627803001857e-08,
                7.828212690890094e-07,
                0.9999831408268763,
                1.5967260902696415e-05,
                4.180467389861941e-08
            ],
            [
                8.921949863259755e-09,
                8.74789697133043e-09,
                2.7248638651120525e-10,
                0.6015573390672085,
                0.39844264299045823
            ],
            [
                1.487339451956623e-09,
                1.2770503437373992e-09,
                1.8469705168868023e-08,
                0.6907281383070397,
                0.3092718404588652
            ]
        ],
        [
            [
                0.9358357400462395,
                0.06416425673072491,
                1.2549444621174912e-09,
                1.2788795719276965e-10,
                1.8402032593707833e-09
            ],
            [
                0.15677840168942367,
                0.842582244828193,
                4.898502229769012e-05,
                0.0005611187106962671,
                2.9249749389358613e-05
            ],
            [
                1.3561658022700768e-09,
                1.0800387239062841e-09,
                0.9999999885507617,
                8.827176622259917e-09,
                1.8585705471479397e-10
            ],
            [
                2.537422380241484e-08,
                1.088599419987602e-08,
                2.324428902672953e-08,
                0.13422795423069192,
                0.865771986264801
            ],
            [
                6.76607228002018e-08,
                2.6850202582603803e-09,
                3.5270062309757887e-09,
                0.4132205958486703,
                0.5867793302785804
            ]
        ],
        [
            [
                0.8289725300169001,
                0.17102746738845315,
                8.771187554469435e-10,
                8.931013114987369e-10,
                8.244267293645256e-10
            ],
            [
                8.212789845554236e-06,
                1.0434931891015686e-05,
                0.8004376451219084,
                0.1988434989092075,
                0.0007002082471475158
            ],
            [
                9.671253800976305e-13,
                1.5889837734432549e-12,
                0.9999999999946949,
                1.0114420328503804e-12,
                1.7374864527193499e-12
            ],
            [
                8.632078884526754e-09,
                1.8591639886406809e-09,
                6.453698040006132e-09,
                0.2904302370492288,
                0.7095697460058302
            ],
            [
                1.6889845200151595e-09,
                8.641418895352136e-09,
                1.1366403864054068e-09,
                0.5216990312839535,
                0.47830095724900273
            ]
        ],
        [
            [
                0.9997837914205702,
                0.00021620572551129679,
                5.550499616068485e-10,
                1.6549217593480968e-09,
                6.439469623998248e-10
            ],
            [
                0.8547611565237893,
                0.1452386924896261,
                1.1039362708006829e-07,
                1.993548868563676e-08,
                2.0657469039818915e-08
            ],
            [
                1.2927717803613697e-08,
                8.003956179732419e-08,
                0.9999994622251644,
                3.3097220044245803e-07,
                1.1383535546842099e-07
            ],
            [
                1.2422826052248692e-08,
                1.3420259396531078e-09,
                1.1877108364432566e-09,
                0.5954947671155486,
                0.4045052179318886
            ],
            [
                3.444659151665714e-09,
                3.0171905577912317e-09,
                1.5747010655347156e-08,
                0.24114977832638335,
                0.7588501994647563
            ]
        ],
        [
            [
                0.9971337301547473,
                0.002866261795791132,
                6.587527543225334e-10,
                4.408225609576061e-09,
                2.9824833528867475e-09
            ],
            [
                0.05359709229819869,
                0.946401353102663,
                8.782519259327981e-07,
                6.426887106172532e-07,
                3.365850167343765e-08
            ],
            [
                3.4848735184499e-07,
                6.254734982098398e-06,
                0.6646767308444722,
                0.3317134903053618,
                0.0036031756278319367
            ],
            [
                1.5090446561353554e-07,
                1.5361625212390353e-08,
                7.612562628316564e-10,
                0.049550144724619924,
                0.9504496882480329
            ],
            [
                3.3758936679597626e-08,
                1.1803129225517681e-08,
                1.5780463086959012e-09,
                0.18145450016098977,
                0.8185454526988981
            ]
        ],
        [
            [
                0.9943654661768407,
                0.005634530994989796,
                6.04478936122667e-11,
                1.2033263496955782e-09,
                1.5643952623835028e-09
            ],
            [
                9.417697242689078e-06,
                0.012615961022740775,
                0.46610586760950395,
                0.5206261514427009,
                0.0006426022278117711
            ],
            [
                6.837048946284811e-09,
                2.0280417372885397e-06,
                0.9999951101498286,
                2.324103736119715e-06,
                5.308676491183772e-07
            ],
            [
                2.858616884816242e-09,
                3.868876318250188e-09,
                1.362193535962989e-09,
                0.24508974306838863,
                0.7549102488419246
            ],
            [
                9.96853934575796e-10,
                9.443928275552585e-10,
                2.811512999649056e-10,
                0.009485176893722793,
                0.9905148208838791
            ]
        ],
        [
            [
                0.9589181875887874,
                0.04108180940983724,
                3.8702430023003526e-10,
                1.2200902741441914e-09,
                1.3942607165475487e-09
            ],
            [
                0.0011283527841867275,
                0.15531013276285605,
                0.32712440048622526,
                0.49814262446831137,
                0.018294489498420486
            ],
            [
                4.89443322368393e-07,
                0.00048570363185295584,
                0.9954087496192421,
                0.00362049826499027,
                0.0004845590405923907
            ],
            [
                5.047600198511803e-08,
                1.779877300186813e-09,
                1.0346749744310983e-07,
                0.4523066116614665,
                0.5476932326151568
            ],
            [
                3.863364645715815e-09,
                2.910705061758698e-10,
                5.063695795996157e-10,
                0.01803526212209722,
                0.981964733217098
            ]
        ],
        [
            [
                0.9999962447265777,
                3.7549457674744307e-06,
                6.582691826610082e-11,
                1.4023376159267047e-10,
                1.2159428166577862e-10
            ],
            [
                0.012355402197089969,
                0.9876371733101905,
                1.0151349309401368e-06,
                6.373594119230306e-06,
                3.576366930992144e-08
            ],
            [
                9.642051582869687e-07,
                0.0002132949265725494,
                0.7775436480417822,
                0.22208450722960923,
                0.00015758559687766165
            ],
            [
                1.506225576724923e-09,
                1.4940683561720864e-10,
                2.015093761109278e-08,
                0.38477622408393536,
                0.6152237541094946
            ],
            [
                3.6792900404753136e-10,
                9.314361953355394e-09,
                1.0707034725615436e-09,
                0.06425718133874242,
                0.9357428079082631
            ]
        ],
        [
            [
                0.9991521576401713,
                0.0008478338236602336,
                4.707852537411164e-10,
                3.3526757407173787e-09,
                4.7127074138350606e-09
            ],
            [
                0.05849284867156874,
                0.9410002853995901,
                0.0001380558525545486,
                0.0003517764415240399,
                1.7033634762492414e-05
            ],
            [
                3.748561114934435e-11,
                9.954214291124293e-11,
                0.9999999984792143,
                1.3193734100343698e-09,
                6.438445890250216e-11
            ],
            [
                1.4742066416360675e-08,
                1.7678665593562928e-09,
                1.079850697669386e-08,
                0.2987287909485869,
                0.7012711817429732
            ],
            [
                1.5185891652313936e-08,
                5.7242541318669565e-09,
                7.605379160203045e-09,
                0.45089696346037017,
                0.5491030080241049
            ]
        ],
        [
            [
                0.99820056448941,
                0.0017994330941030047,
                7.947511384858987e-10,
                2.1217151490458059e-10,
                1.4095644445317501e-09
            ],
            [
                0.0038709766056932386,
                0.5156605553794847,
                0.41061121325346783,
                0.06932992513677473,
                0.0005273296245795577
            ],
            [
                2.9546580059827737e-07,
                3.0037116020562964e-07,
                0.9991706135189529,
                0.0008282979017841314,
                4.927423021446963e-07
            ],
            [
                2.6868868886518335e-11,
                3.752631121289625e-10,
                5.359940667104825e-09,
                0.383041357565993,
                0.6169586366719344
            ],
            [
                9.643589919246908e-09,
                2.8042346079631415e-08,
                4.753913777186675e-09,
                0.42819526894115484,
                0.5718046886189954
            ]
        ],
        [
            [
                0.9991850081712815,
                0.000814991071596376,
                1.6081254701620355e-10,
                5.843013242903806e-10,
                1.2008421722708264e-11
            ],
            [
                0.014711011925451196,
                0.9846423366101739,
                0.0002412158987233749,
                0.00039696600073644824,
                8.469564915121619e-06
            ],
            [
                9.943880275834279e-10,
                9.79640570318713e-10,
                0.9999996198279612,
                3.5657716267762303e-07,
                2.162084766384328e-08
            ],
            [
                2.1713987054336022e-05,
                0.28008162631562217,
                0.27061470299752355,
                0.448167966136911,
                0.0011139905628887743
            ],
            [
                2.5660471718969003e-07,
                7.979414010684152e-09,
                4.340772262599263e-09,
                0.10239474708292225,
                0.8976049839921743
            ]
        ],
        [
            [
                0.9982752818805337,
                0.0017247168251131604,
                7.930493310883549e-10,
                3.950766606660645e-10,
                1.0622718668753895e-10
            ],
            [
                0.03636142779594706,
                0.8729538070017164,
                0.04333348197830301,
                0.04720189578059895,
                0.0001493874434346366
            ],
            [
                3.1348360629593676e-11,
                4.0149916847267086e-11,
                0.9999999997177074,
                5.956184533529934e-11,
                1.5123234145537578e-10
            ],
            [
                4.437612245123191e-07,
                5.5547721133061614e-09,
                7.793682327796149e-09,
                0.14419172947067244,
                0.8558078134196486
            ],
            [
                1.1043567374596639e-08,
                1.326018351909608e-09,
                5.610839764279237e-09,
                0.5139168382271984,
                0.48608314379237616
            ]
        ],
        [
            [
                0.9905127665696151,
                0.009487230143118024,
                4.007753802927777e-11,
                1.7674164073062138e-09,
                1.479773144881712e-09
            ],
            [
                0.23607895558091357,
                0.7639194614513349,
                8.332780336492007e-07,
                4.430987633288016e-07,
                3.0659095456221273e-07
            ],
            [
                9.66480894106817e-09,
                8.714180832116852e-09,
                0.9999945637548565,
                4.401192368812901e-06,
                1.01667378488126e-06
            ],
            [
                5.817802869848547e-09,
                6.816279890459727e-10,
                1.174839405890036e-09,
                0.3974531239126248,
                0.6025468684131049
            ],
            [
                4.422309380728235e-09,
                6.98181302474847e-10,
                2.5939943609139598e-09,
                0.2137080171919774,
                0.7862919750935375
            ]
        ],
        [
            [
                0.9544030080206842,
                0.045596987180900724,
                3.14272155659037e-09,
                9.239039364825489e-10,
                7.317895300206844e-10
            ],
            [
                0.0015714351693312063,
                0.8391092603377049,
                0.048406011582664527,
                0.1107517363432873,
                0.00016155656701183894
            ],
            [
                5.093760734163914e-09,
                5.176820150808516e-09,
                0.9999996750570481,
                1.3005798848027196e-07,
                1.8461438256889798e-07
            ],
            [
                1.0155602676333053e-09,
                4.84163763106705e-10,
                7.674031929772147e-10,
