{
    "[['A', 'B', 'C', 'D', 'E'], ['A', 'B', 'C', 'D', 'E']]": [
        [
            [
                0.9998893908539068,
                0.00011060838130388297,
                1.3881656238296116e-10,
                1.2910423824820237e-11,
                6.130623470679404e-10
            ],
            [
                0.9922327651775876,
                0.007767233369871113,
                3.428361617771252e-10,
                4.5911417603346877e-10,
                6.505909784232701e-10
            ],
            [
                5.970978885544372e-11,
                2.301307642108185e-10,
                0.9999999986755566,
                9.397028354059454e-10,
                9.490004945153866e-11
            ],
            [
                6.8520273348648064e-12,
                9.024588349745234e-11,
                1.0145024524158955e-09,
                0.5949807892565692,
                0.4050192096318304
            ],
            [
                1.3720127061840932e-10,
                9.110556590023014e-12,
                1.2865963279352898e-11,
                7.698646907652072e-06,
                0.9999923011939146
            ]
        ],
        [
            [
                0.9999879498120753,
                1.2049933784098997e-05,
                2.0939684416161332e-11,
                5.533389785107882e-11,
                1.77867117093113e-10
            ],
            [
                0.5994424227440347,
                0.40055757617942644,
                6.137834189676491e-10,
                1.0187600747002158e-10,
                3.6087958714636795e-10
            ],
            [
                2.8469456986441824e-12,
                3.139926196726262e-12,
                0.9999999999458493,
                1.7111537311199494e-11,
                3.105237484840661e-11
            ],
            [
                2.0370309256320986e-09,
                3.588563159826795e-10,
                2.857789731600685e-09,
                0.29994810340433875,
                0.7000518913419843
            ],
            [
                1.8915277351036298e-08,
                7.264432571727994e-09,
                1.3603985653949568e-08,
                0.4086780016068936,
                0.5913219586094108
            ]
        ],
        [
            [
                0.9999848639941792,
                1.513581212615433e-05,
                8.900102351395007e-11,
                1.0267121425553953e-11,
                9.442650022217486e-11
            ],
            [
                0.26326197927401634,
                0.7367380183165142,
                2.209912068752245e-09,
                1.5387294845604037e-10,
                4.5684558446975806e-11
            ],
            [
                8.957144449492314e-08,
                4.6911774244126546e-08,
                0.9999583494013212,
                4.144084324801549e-05,
                7.32722119894168e-08
            ],
            [
                1.552326223573657e-09,
                4.372809488038049e-10,
                2.9883324206829254e-10,
                0.7535967252191852,
                0.24640327249237445
            ],
            [
                2.7511789803997354e-07,
                3.3563523190110835e-09,
                4.5030551951101933e-10,
                0.00951022880957175,
                0.9904894922658724
            ]
        ],
        [
            [
                0.9999365237229204,
                6.347562762673018e-05,
                2.463948349943937e-10,
                2.2110340944483133e-10,
                1.8195470945106598e-10
            ],
            [
                0.9991335916004997,
                0.0008664003188193682,
                7.307115077277019e-09,
                2.971703164456231e-10,
                4.763955372333896e-10
            ],
            [
                5.434274461412461e-10,
                1.0149688153212441e-08,
                0.9999999875618798,
                9.659584909438697e-10,
                7.79046208223555e-10
            ],
            [
                2.7049762259131214e-06,
                1.5949901303240346e-09,
                4.40744147208392e-09,
                0.20477096098302197,
                0.7952263280383205
            ],
            [
                5.442632420820441e-11,
                3.204694274871052e-10,
                9.281627756199308e-10,
                0.018770455536410963,
                0.9812295431605306
            ]
        ],
        [
            [
                0.9999999375932271,
                6.218701258468738e-08,
                1.9051737972681507e-11,
                1.1221749232754936e-11,
                1.8948692486116666e-10
            ],
            [
                0.6062828684751422,
                0.3937171157758888,
                2.9159993841637724e-09,
                5.345867399582473e-09,
                7.487102065185186e-09
            ],
            [
                8.666134120564736e-13,
                1.1284302292903738e-12,
                0.9999999999957996,
                3.4181165893401603e-13,
                1.8637249823211948e-12
            ],
            [
                5.3045529876405566e-11,
                5.1204110935065556e-11,
                1.8295619434708775e-10,
                0.19253677912781134,
                0.8074632205849828
            ],
            [
                4.594562211396756e-10,
                4.788746534296686e-09,
                4.45153532261609e-09,
                0.6964943776362167,
                0.3035056126640452
            ]
        ],
        [
            [
                0.7989948135921392,
                0.20100518034608592,
                8.423137905173312e-11,
                6.480718607831132e-10,
                5.3294715965750015e-09
            ],
            [
                0.9999067175316974,
                9.328156777231881e-05,
                1.949696567222577e-10,
                1.9399830450454365e-10,
                5.115624864468857e-10
            ],
            [
                4.540038166077866e-12,
                1.965471521965411e-12,
                0.9999999999784102,
                2.739073922797546e-12,
                1.2345271642873029e-11
            ],
            [
                6.941572723155666e-09,
                5.791849839414047e-10,
                1.661040544804224e-09,
                0.48943814811161745,
                0.5105618427065843
            ],
            [
                1.143817704245914e-07,
                1.85991708532102e-08,
                1.904311991705052e-09,
                0.11250986753406858,
                0.8874899975806783
            ]
        ],
        [
            [
                0.9999700249791398,
                2.9974717744656655e-05,
                3.740018442545472e-11,
                1.2730454683606114e-10,
                1.3841085568166026e-10
            ],
            [
                4.233510830002954e-09,
                3.4236752449051477e-09,
                1.500490846254988e-07,
                0.8437926355259371,
                0.15620720676779215
            ],
            [
                1.3469986018929356e-09,
                6.571447327071467e-08,
                0.9999969870101804,
                2.1945075005090698e-06,
                7.514208472229457e-07
            ],
            [
                2.890022651364221e-10,
                6.127537176627025e-11,
                5.319202854996539e-10,
                0.0017154976205739616,
                0.9982845014972281
            ],
            [
                2.3014783316444843e-10,
                1.8711941834734173e-10,
                1.9483946895158775e-10,
                0.10000173108738096,
                0.8999982683005123
            ]
        ],
        [
            [
                0.9998177895063126,
                0.00018221037377597703,
                5.033522614486987e-12,
                5.0814202059773634e-11,
                6.406371810593421e-11
            ],
            [
                0.6998814789115566,
                0.3001185178457116,
                1.7357784919767717e-09,
                2.599274176075484e-10,
                1.247025976052721e-09
            ],
            [
                1.0824924344971485e-09,
                3.0636887024608323e-09,
                0.9999999705504086,
                1.2854180760032789e-08,
                1.2449229638412292e-08
            ],
            [
                3.940182484439372e-09,
                5.537471251448339e-10,
                6.020426773563385e-10,
                0.0012364732592301815,
                0.9987635216447975
            ],
            [
                1.057873274764039e-09,
                1.637230914467126e-09,
                2.14678185309744e-09,
                0.5964246023048282,
                0.4035753928532857
            ]
        ],
        [
            [
                0.9999999998846882,
                9.980282310501753e-11,
                1.4105759691450539e-11,
                8.185362886714195e-13,
                5.847238616397502e-13
            ],
            [
                0.8048746199461291,
                0.1951253791359648,
                7.901273357672697e-10,
                6.008932782901334e-11,
                6.768936320166666e-11
            ],
            [
                8.387966245945164e-12,
                1.7853538098496013e-10,
                0.9999999993423605,
                2.073558889289943e-10,
                2.633602069825048e-10
            ],
            [
                1.542232341877689e-10,
                1.166685555531366e-09,
                5.141697461231236e-10,
                0.79026233854532,
                0.2097376596196015
            ],
            [
                5.230284946386326e-05,
                3.9845642495059935e-09,
                1.1262448008931806e-08,
                0.5440322511851435,
                0.45591543071838025
            ]
        ],
        [
            [
                0.9999929170195453,
                7.082225353941299e-06,
                2.1048760763472072e-11,
                5.37533871387919e-11,
                6.802987220182589e-10
            ],
            [
                0.536540849847974,
                0.4634590937695342,
                1.779368320484236e-09,
                4.992120467452819e-08,
                4.681918883716676e-09
            ],
            [
                4.5463094468819294e-11,
                1.3073646415114165e-09,
                0.9999999956041359,
                2.803590446005311e-09,
                2.3944571704900173e-10
            ],
            [
                1.053689151252778e-09,
                1.7624678614516617e-10,
                1.2812826033834394e-10,
                0.3999092667291617,
                0.6000907319127742
            ],
            [
                8.937833295242254e-09,
                5.40581511402006e-10,
                1.3945249311769363e-09,
                0.027492093156649206,
                0.9725078959704111
            ]
        ],
        [
            [
                0.997735541146588,
                0.002264458475766019,
                7.372955701870059e-11,
                3.8849351463339863e-11,
                2.6506698822217646e-10
            ],
            [
                0.8056455793442358,
                0.19435441797303749,
                3.617539675283481e-10,
                2.2231289601270664e-09,
                9.784380476305989e-11
            ],
            [
                4.2576104816997593e-13,
                7.865957208967553e-13,
                0.9999999999981664,
                3.6036693834728933e-13,
                2.609850291097156e-13
            ],
            [
                8.561047274375432e-11,
                3.902567661536024e-10,
                4.723156063187828e-11,
                0.7315330874600666,
                0.26846691201683454
            ],
            [
                5.636277737499489e-09,
                1.9655185394721134e-09,
                9.56531827157848e-09,
                0.34829083165662783,
                0.6517091511762576
            ]
        ],
        [
            [
                0.9999996564815793,
                3.43309639403287e-07,
                7.578808298260508e-11,
                3.491746607472378e-12,
                1.2950152349197578e-10
            ],
            [
                0.9989520548294739,
                0.0010479444971737966,
                2.3084030779998649e-10,
                1.9599875866818374e-10,
                2.465132053488601e-10
            ],
            [
                3.0052231161172036e-12,
                1.5602379210301474e-12,
                0.9999999999847657,
                7.912140809859088e-12,
                2.7566290527437363e-12
            ],
            [
                0.00018221052633031037,
                2.74170351815651e-09,
                2.405876638038967e-09,
                0.497709385957003,
                0.5021083983690866
            ],
            [
                1.1184521069534044e-09,
                1.667170465554915e-09,
                1.560679871950701e-10,
                0.19926125820332097,
                0.8007387388549885
            ]
        ],
        [
            [
                0.9999966541893761,
                3.345556585503424e-06,
                1.2438250954221976e-11,
                6.369654222086696e-11,
                1.779035418919449e-10
            ],
            [
                0.998863028020682,
                0.001136971431995981,
                2.3894016124132626e-10,
                1.177827794290602e-10,
                1.905990271422803e-10
            ],
            [
                4.319067222200031e-11,
                8.87641133753216e-10,
                0.9999999986203021,
                3.0059256068218994e-10,
                1.4827344328703857e-10
            ],
            [
                3.212119667017525e-10,
                1.76975135212271e-10,
                4.668140722576254e-09,
                0.3883491540362015,
                0.6116508407974707
            ],
            [
                0.0004650422031331688,
                1.3818955746949962e-07,
                2.943193070495883e-08,
                0.1533494336367604,
                0.8461853565386183
            ]
        ],
        [
            [
                0.9995040968316554,
                0.0004959028318883515,
                1.6337502967777944e-10,
                4.737189220370463e-11,
                1.257092808756978e-10
            ],
            [
                0.7811320373663976,
                0.2188679579084168,
                8.410968256819345e-10,
                1.1065507682574402e-09,
                2.7775380573513664e-09
            ],
            [
                2.7148070659991458e-12,
                3.4132718365686987e-12,
                0.9999999999145939,
                6.899090276376082e-11,
                1.02872632101947e-11
            ],
            [
                4.357747174155153e-11,
                3.7619312666673376e-10,
                1.7775656335907744e-11,
                0.20007709822109582,
                0.7999229013413579
            ],
            [
                6.3590588554982635e-09,
                3.0518127739301177e-10,
                1.1363352611649141e-09,
                0.22381172025709242,
                0.7761882719423321
            ]
        ],
        [
            [
                0.8755081361111666,
                0.12449186330803257,
                5.8830741485455086e-12,
                2.1141692364809522e-11,
                5.53776131759692e-10
            ],
            [
                0.9950556656035923,
                0.004944326481496412,
                2.0131139517553963e-09,
                1.2094812849781826e-09,
                4.692316139633067e-09
            ],
            [
                1.2439990910024367e-11,
                1.4574054464271816e-11,
                0.9999999999462199,
                1.2122644718305117e-11,
                1.464333812336178e-11
            ],
            [
                1.0836965751204682e-10,
                3.0513141238556954e-10,
                2.0501814214712584e-10,
                0.27359500788472413,
                0.7264049914967566
            ],
            [
                3.938614754200809e-08,
                2.4433241009330507e-08,
                1.5989031438740708e-08,
                0.04558941098475526,
                0.9544105092068247
            ]
        ],
        [
            [
                0.9999966071212444,
                3.3928597214070045e-06,
                4.008481768213793e-12,
                6.129362853350837e-12,
                8.896431343772845e-12
            ],
            [
                0.9994996351120651,
                0.0005003629832601082,
                2.9225742102413776e-10,
                3.6779098172597527e-10,
                1.2446263312323184e-09
            ],
            [
                3.174902627541219e-10,
                9.22125762891075e-10,
                0.9999999975862721,
                5.242123367680902e-10,
                6.498995851831051e-10
            ],
            [
                1.5126321798805842e-09,
                2.5970369148305247e-09,
                8.110790619400041e-10,
                0.21283136458791144,
                0.7871686304913406
            ],
            [
                2.5158766784986505e-09,
                5.90216397632322e-10,
                3.2751131152944012e-09,
                0.06416503442753044,
                0.9358349591912634
            ]
        ],
        [
            [
                0.9999999439414269,
                5.532365738954254e-08,
                3.943170656990051e-11,
                9.146728271178208e-11,
                6.040167293877431e-10
            ],
            [
                0.9570704051316777,
                0.04292959442966754,
                4.290852999122133e-11,
                2.9938748484951217e-10,
                9.635868378444169e-11
            ],
            [
                1.4451261291148145e-12,
                3.6284583008624567e-13,
                0.9999999999858669,
                4.523674036305461e-12,
                7.801474968686075e-12
            ],
            [
                2.536295397334013e-10,
                2.8647484887604005e-10,
                5.556917415036923e-11,
                0.33420032711829434,
                0.6657996722860321
            ],
            [
                3.173451752326333e-05,
                1.0672021374188818e-09,
                6.586150600866534e-10,
                0.18075525528894576,
                0.8192130084677137
            ]
        ],
        [
            [
                0.9996994889904905,
                0.0003005105326863869,
                2.203195770598911e-11,
                1.9749705670410293e-10,
                2.572940309275926e-10
            ],
            [
                0.9999360304543792,
                6.396813129365395e-05,
                1.0699363958111677e-09,
                4.938708379748517e-11,
                2.9500373042854194e-10
            ],
            [
                1.0128243755601964e-10,
                1.3854056874757553e-10,
                0.999999998796258,
                3.3579263500274447e-10,
                6.281261455626103e-10
            ],
            [
                8.146197684054364e-11,
                9.754300750254494e-11,
                4.688543787306149e-11,
                0.3995759841611074,
                0.6004240156130022
            ],
            [
                9.82459081043808e-06,
                4.579642598205362e-09,
                4.780368291909197e-10,
                0.00011801188790566192,
                0.9998721584636044
            ]
        ],
        [
            [
                0.9999992515301445,
                7.483773628807108e-07,
                4.0475141152955426e-11,
                2.0322753702189738e-11,
                3.169472785333558e-11
            ],
            [
                0.6383325043945476,
                0.36166746321891624,
                8.121545349654855e-09,
                7.195591768609585e-09,
                1.7069398960511248e-08
            ],
            [
                7.112573713736075e-07,
                0.0008651777275893972,
                0.9500878018075333,
                0.0490407137688923,
                5.595438613765934e-06
            ],
            [
                1.5726215579396803e-09,
                1.871171840004654e-09,
                7.154420381599429e-10,
                0.20000450703929648,
                0.7999954888014681
            ],
            [
                2.5269009869555103e-10,
                2.7077465884643927e-09,
                1.6160201837545537e-09,
                0.002898837058292584,
                0.9971011583652506
            ]
        ],
        [
            [
                0.9999999990667088,
                8.962390050562024e-10,
                2.0569268670938122e-11,
                5.576248004270627e-13,
                1.592535395148608e-11
            ],
            [
                0.7640654616443504,
                0.2359345137690499,
                5.28592688869124e-09,
                1.29958920852923e-08,
                6.304780820520567e-09
            ],
            [
                2.354878177261319e-12,
                3.973457835822282e-11,
                0.9999999999463216,
                5.516142435442766e-12,
                6.0728304413248774e-12
            ],
            [
                1.4371812745306554e-09,
                6.101477337178271e-10,
                5.666887958645885e-10,
                0.3986513258796627,
                0.6013486715063195
            ],
            [
                2.4614084391782295e-10,
                3.5850217316873196e-09,
                2.0022881879358147e-09,
                0.06419848535019035,
                0.9358015088163588
            ]
        ],
        [
            [
                0.9999990387112847,
                9.60935776394612e-07,
                4.6562691973861385e-11,
                1.344663343413075e-11,
                2.9292956863194143e-10
            ],
            [
                0.9999797486405941,
                2.0251002905514306e-05,
                8.436245314319346e-11,
                4.9734087588679226e-11,
                2.2240379182066003e-10
            ],
            [
                3.027706633886511e-12,
                3.0417791958598546e-11,
                0.9999999999274534,
                3.5255322849624256e-11,
                3.845772731619189e-12
            ],
            [
                5.667721443946464e-10,
                7.98449038376218e-10,
                2.74027678432387e-09,
                0.19965193548030113,
                0.8003480604142009
            ],
            [
                8.228247433719841e-10,
                7.105659357814188e-11,
                4.866026162497582e-10,
                0.019069915885783512,
                0.9809300827337325
            ]
        ],
        [
            [
                0.9999588133312426,
                4.1186216116530645e-05,
                5.553518674052601e-11,
                4.730727465402294e-11,
                3.4979851554032e-10
            ],
            [
                0.9549769413592737,
                0.045023053249809084,
                5.397015127071272e-10,
                1.0910967379816436e-09,
                3.76011896369127e-09
            ],
            [
                8.524152621920825e-13,
                6.356781893975631e-13,
                0.9999999999944766,
                2.3563242829281253e-12,
                1.678819191637087e-12
            ],
            [
                1.7888298556526139e-10,
                5.319530364491323e-11,
                2.953907658734766e-11,
                0.3980581318721268,
                0.6019418678662559
            ],
            [
                0.00015023301443948593,
                1.3433160035829777e-09,
                2.1094193006381234e-08,
                0.11509671890672236,
                0.8847530256413292
            ]
        ],
        [
            [
                0.9999896911910873,
                1.0308445426996103e-05,
                1.7807699217486377e-10,
                3.9819799597431506e-11,
                1.4558900700334875e-10
            ],
            [
                0.9667569868605329,
                0.03324301072869705,
                6.072010311726759e-10,
                3.8325687325923037e-10,
                1.4203121307097915e-09
            ],
            [
                2.658761074509946e-12,
                2.6932131457094786e-12,
                0.9999999999755491,
                9.4441936200021e-12,
                9.654719150373477e-12
            ],
            [
                2.015643419175251e-09,
                1.1608068033936576e-09,
                6.339659053794136e-10,
                0.6687589044977179,
                0.33124109169186605
            ],
            [
                4.793740543010008e-08,
                9.133502942236726e-11,
                2.2092637804733383e-10,
                3.4235137165878478e-06,
                0.9999965282366166
            ]
        ],
        [
            [
                0.9999818271382724,
                1.8172813842045497e-05,
                2.3515817794840897e-11,
                2.3481338671613956e-12,
                2.2021587524128478e-11
            ],
            [
                0.8155196930463037,
                0.18448029373707261,
                9.648560301562768e-10,
                7.57434164465742e-09,
                4.677426066557024e-09
            ],
            [
                3.310524056867018e-11,
                6.237503449069611e-11,
                0.9999999981987078,
                1.2645933760795734e-09,
                4.412185260838424e-10
            ],
            [
                7.572467396545144e-08,
                1.8031132576163062e-09,
                2.224306422823094e-09,
                0.19937696087118842,
                0.8006229593767179
            ],
            [
                2.2458212242290596e-07,
                1.4480025275031945e-07,
                1.769505783103513e-08,
                0.17510542874824914,
                0.8248941841743179
            ]
        ],
        [
            [
                0.9998580614281122,
                0.00014193815370658995,
                2.5656163815615135e-10,
                4.48401176872514e-11,
                1.1677956315552833e-10
            ],
            [
                0.8866398835184413,
                0.11336011468770218,
                3.872487864126213e-10,
                1.1763875142119933e-09,
                2.30220265083015e-10
            ],
            [
                6.615005778916937e-12,
                2.6103947057010548e-11,
                0.9999999999569635,
                5.2871653394061805e-12,
                5.030332433174389e-12
            ],
            [
                1.7719856855811257e-09,
                9.734046875147386e-11,
                8.769238391601716e-10,
                0.4404182350693348,
                0.5595817621844152
            ],
            [
                3.810811012045281e-09,
                3.9869704058616595e-10,
                1.949423794164512e-10,
                0.009490697899700553,
                0.990509297695849
            ]
        ],
        [
            [
                0.9999592767750943,
                4.072298333073938e-05,
                2.1669812341100158e-11,
                1.350703612765643e-10,
                8.483481547695637e-11
            ],
            [
                0.8868777063162794,
                0.11312229261692276,
                6.943600145559585e-11,
                5.124027090460775e-10,
                4.849590543251736e-10
            ],
            [
                7.992907825051102e-09,
                1.5918955631066843e-06,
                0.9999973620438054,
                6.672827132913718e-07,
                3.7078501021083376e-07
            ],
            [
                4.630615911109224e-08,
                3.433916872734261e-10,
                1.4224165428371716e-09,
                0.5599881866147756,
                0.44001176531325714
            ],
            [
                1.5888812064796562e-09,
                1.7975211987988882e-09,
                5.473339925594959e-09,
                0.10117640515063578,
                0.898823585989622
            ]
        ],
        [
            [
                0.976159393490017,
                0.023840605260556185,
                4.3086078211161623e-10,
                4.2465067553237363e-10,
                3.939153964710549e-10
            ],
            [
                0.77482049866466,
                0.22517943006077304,
                2.064275722186682e-08,
                4.291276268269187e-08,
                7.719047077201112e-09
            ],
            [
                1.231150284721215e-09,
                2.083004760873529e-09,
                0.9999999895594235,
                6.775122863433178e-09,
                3.512986104929373e-10
            ],
            [
                1.1319575307846736e-05,
                7.538998212832974e-09,
                1.5020645752173792e-10,
                0.2582925235851922,
                0.7416961491502952
            ],
            [
                2.3809652327078638e-09,
                8.991260446521093e-10,
                2.0044042434971564e-09,
                0.11348007096769563,
                0.8865199237478087
            ]
        ],
        [
            [
                0.9999956617999515,
                4.338160407091496e-06,
                1.2059133934532546e-11,
                1.5227313225057985e-11,
                1.2355132850580765e-11
            ],
            [
                0.9761178392433287,
                0.0238821594254599,
                5.476996447956743e-10,
                1.3425968959424405e-10,
                6.492520269889349e-10
            ],
            [
                9.3004152631852e-13,
                3.3410530457536363e-12,
                0.9999999999917244,
                3.0146559899507347e-12,
                9.897709645515538e-13
            ],
            [
                2.732002722254878e-07,
                2.770455215318984e-09,
                4.269163218717323e-10,
                0.40624387293517167,
                0.5937558506671845
            ],
            [
                1.2622017319538228e-09,
                3.1985448303904084e-09,
                2.0380005746091567e-09,
                0.010624280832313763,
                0.9893757126689391
            ]
        ],
        [
            [
                0.8537728480203945,
                0.14622715143144718,
                1.7790726888168314e-10,
                1.7725760660538598e-10,
                1.9299337450839776e-10
            ],
            [
                0.2817312568608719,
                0.7182680169624445,
                4.4444173176841056e-07,
                1.9466342176519825e-07,
                8.707153021041073e-08
            ],
            [
                1.248799593578269e-12,
                3.687434649336863e-12,
                0.9999999999798992,
                7.735224168259005e-12,
                7.429364473522823e-12
            ],
            [
                8.838482104874837e-10,
                3.3492072475985385e-10,
                1.0620567852399246e-10,
                0.5991800240658299,
                0.4008199746091955
            ],
            [
                2.895925022222694e-08,
                2.178447278549992e-09,
                6.60535607483457e-09,
                0.25491657500328635,
                0.7450833872536601
            ]
        ],
        [
            [
                0.9999997747807323,
                2.2457716406957748e-07,
                3.889593598404361e-10,
                1.807236271112964e-11,
                2.3507198248260743e-10
            ],
            [
                0.9999943084260732,
                5.691463431803949e-06,
                6.110861088806088e-11,
                2.4720910641665383e-11,
                2.4665463067892004e-11
            ],
            [
                2.77240114881019e-09,
                4.810256632602743e-09,
                0.9999998233225972,
                3.902190715193369e-08,
                1.300728378813304e-07
            ],
            [
                2.76137068274895e-11,
                1.265472852530713e-10,
                4.3190649431685936e-10,
                0.5184001235569179,
                0.48159987585701464
            ],
            [
                7.441064326095148e-07,
                2.0828757630196125e-08,
                1.997583949435198e-09,
                0.04454076163856428,
                0.9554584714286615
            ]
        ],
        [
            [
                0.8269998910810374,
                0.17300010769381394,
                1.5403597946671216e-10,
                6.849880416521265e-10,
                3.8612469322372123e-10
            ],
            [
                0.5927494942648502,
                0.40725048986576284,
                9.915997052478363e-10,
                5.3720658175457e-09,
                9.50572134512336e-09
            ],
            [
                3.1496511916668035e-12,
                1.3730604673762904e-11,
                0.9999999999685896,
                1.0548997145424631e-11,
                3.981254891412344e-12
            ],
            [
                1.6573191968330004e-08,
                9.843861410434519e-09,
                2.813625957439307e-09,
                0.11246771028467613,
                0.8875322604846446
            ],
            [
                9.747751627121006e-10,
                1.5163960923403754e-09,
                4.182591719712318e-09,
                0.000501411566718867,
                0.9994985817595182
            ]
        ],
        [
            [
                0.9999807437505297,
                1.925596149791883e-05,
                3.138762166878541e-11,
                1.077802565538595e-10,
                1.4880438906800535e-10
            ],
            [
                0.8028421853526336,
                0.19715781252807896,
                5.766280398474641e-10,
                1.4002979388603736e-09,
                1.4236156198958018e-10
            ],
            [
                2.845196736474629e-12,
                1.856599347765628e-12,
                0.9999999999923381,
                6.435379944877628e-13,
                2.316691103953561e-12
            ],
            [
                3.575262245474523e-10,
                1.7039759839627798e-10,
                1.890901059467436e-10,
                0.39429627513338555,
                0.6057037241496005
            ],
            [
                1.0166925253374697e-07,
                1.0133318351676125e-09,
                1.9355137210568197e-09,
                0.07551273112324004,
                0.9244871642586618
            ]
        ],
        [
            [
                0.9998854327744838,
                0.00011456706319061976,
                4.333434660148566e-11,
                5.3654245601407505e-11,
                6.533706250462498e-11
            ],
            [
                0.9124262057530301,
                0.08757378985593689,
                2.631015981078091e-10,
                3.2085786213010275e-09,
                9.19352706492864e-10
            ],
            [
                3.947101915500519e-12,
                1.1670586196795857e-11,
                0.9999999999632971,
                1.7008854265538143e-11,
                4.076341300423016e-12
            ],
            [
                2.655654556375939e-09,
                1.841966084211899e-09,
                7.674360185256954e-10,
                0.1985260531080115,
                0.8014739416269319
            ],
            [
                1.4192522945933438e-07,
                5.116928583983557e-09,
                1.8361282729412804e-10,
                0.17271142531149256,
                0.8272884274627366
            ]
        ],
        [
            [
                0.9936890284740822,
                0.006310970642539627,
                1.3178598447843703e-10,
                3.531126399241307e-10,
                3.984793299805291e-10
            ],
            [
                0.5459314021947302,
                0.45406858358255203,
                6.174247765424884e-09,
                5.790493918456857e-09,
                2.2579759705722714e-09
            ],
            [
                2.1605313857982534e-10,
                2.785211540911702e-10,
                0.9999999973391136,
                2.132310702867845e-09,
                3.4001172779007427e-11
            ],
            [
                5.819025030143484e-10,
                1.3177605407955777e-11,
                1.1340754317824098e-10,
                0.20568769318643235,
                0.79431230610508
            ],
            [
                6.035639386565957e-10,
                2.560127167876929e-11,
                1.0429965644947683e-09,
                0.009497108961425263,
                0.990502889366413
            ]
        ],
        [
            [
                0.9999997711046824,
                2.27414377813491e-07,
                2.0043103568088232e-11,
                1.743298099570981e-11,
                1.4434637779592846e-09
            ],
            [
                0.9923042227940694,
                0.007695770259283273,
                1.2816173081632432e-09,
                1.2500742494278296e-09,
                4.414955828050127e-09
            ],
            [
                6.285051498882121e-12,
                5.395813491880494e-12,
                0.9999999999712874,
                7.020906220449541e-12,
                1.001085344734873e-11
            ],
            [
                9.905984163391037e-09,
                3.1390937444526225e-09,
                7.629579628960436e-09,
                0.044722284757497247,
                0.9552776945678452
            ],
            [
                0.0004078635043667281,
                1.9990052608548706e-09,
                8.306847978368056e-08,
                0.1443623308740901,
                0.8552297205540582
            ]
        ],
        [
            [
                0.9999992168280679,
                7.827140844611339e-07,
                2.8272942178023885e-10,
                6.27044731361584e-11,
                1.124136639109752e-10
            ],
            [
                0.9336381791553904,
                0.06636181920497895,
                3.1124696093731903e-10,
                4.764401738377426e-10,
                8.519436382160638e-10
            ],
            [
                1.2261094271206353e-11,
                1.7383955126698538e-11,
                0.9999999998860187,
                5.912457540213112e-11,
                2.521185518052842e-11
            ],
            [
                1.2858941578846158e-10,
