{
    "[['A', 'B', 'C', 'D', 'E'], ['A', 'B', 'C', 'D', 'E']]": [
        [
            [
                0.9999999842687798,
                1.569775438625795e-08,
                1.0243519960208938e-11,
                1.9065274047472962e-11,
                4.157110470384984e-12
            ],
            [
                0.9989036607792606,
                0.0010963390254943458,
                1.0536886790584953e-10,
                5.6374710117962127e-11,
                3.3501565523168795e-11
            ],
            [
                7.44151533398997e-07,
                2.878321311452331e-06,
                0.5006291846876588,
                0.49809251513021874,
                0.00127467770927758
            ],
            [
                8.350606037043405e-07,
                8.353055423286198e-07,
                2.4489341213995606e-08,
                0.4556547006458498,
                0.544343604498663
            ],
            [
                0.999817780651029,
                0.0001822186430449241,
                7.679850255120931e-11,
                4.835276515190033e-10,
                1.4559985490722422e-10
            ]
        ],
        [
            [
                0.8045953423352872,
                0.19540465736368773,
                6.409767097897349e-11,
                2.2928246939770516e-10,
                7.644986114327353e-12
            ],
            [
                0.9879825940621512,
                0.012017405538497764,
                3.306711863012966e-10,
                5.963478502875958e-11,
                9.045200405421226e-12
            ],
            [
                1.273076322045217e-09,
                1.8580626340973585e-08,
                0.9999999727179223,
                5.5284338347532664e-09,
                1.8999411275749375e-09
            ],
            [
                0.9999113491858602,
                8.86473157524304e-05,
                3.3776522224046756e-10,
                1.298352080422934e-09,
                1.8622700424080545e-09
            ],
            [
                0.998566332144382,
                0.0014336669744999361,
                8.222678427536094e-11,
                4.1014458719853186e-10,
                3.887466538342773e-10
            ]
        ],
        [
            [
                0.9999999998715441,
                1.2243904803058543e-10,
                1.1233711709509652e-12,
                9.22845420923325e-13,
                3.970867399153971e-12
            ],
            [
                0.882806506040754,
                0.11719349302074115,
                5.933824416031587e-10,
                1.2130809836652907e-10,
                2.2381434747864417e-10
            ],
            [
                1.0957831359917279e-06,
                0.0008159752147056838,
                0.9991816698415926,
                1.0751663599675513e-06,
                1.8399420566387467e-07
            ],
            [
                0.9978010186904771,
                0.0021989809199889506,
                5.912554250032502e-11,
                6.09720381986528e-11,
                2.6943639366520627e-10
            ],
            [
                0.935828218176039,
                0.06417178113097749,
                4.749265433140893e-10,
                1.7415243977589803e-10,
                4.390450563793219e-11
            ]
        ],
        [
            [
                0.9999883153735106,
                1.1684257875931162e-05,
                3.2650000390500114e-11,
                4.037550178238445e-11,
                2.955878509960326e-10
            ],
            [
                0.9703897628141294,
                0.029610237097393872,
                7.828816052198565e-11,
                6.366436418850418e-12,
                3.822200781916063e-12
            ],
            [
                8.788215856026209e-07,
                1.1374772483628755e-05,
                0.9999876621289241,
                5.660642873335461e-08,
                2.7670577889114045e-08
            ],
            [
                0.4861569372539449,
                0.5138429980771244,
                3.345932861867915e-08,
                2.809067566975045e-08,
                3.1189262433209456e-09
            ],
            [
                0.9961655150250823,
                0.003834484859043322,
                3.9140714731661406e-11,
                6.403844326556112e-11,
                1.2695319159500576e-11
            ]
        ],
        [
            [
                0.9999997818678296,
                2.1806326110954863e-07,
                2.7076675448695814e-11,
                2.75538471730088e-11,
                1.4278751594247988e-11
            ],
            [
                0.9991843909795389,
                0.0008156085563108795,
                1.3701405053616973e-10,
                1.2874588133473806e-10,
                1.9839033584701965e-10
            ],
            [
                0.00177662851995282,
                0.9982208932462381,
                2.353820618809585e-06,
                6.006711715403325e-09,
                1.1840647843372962e-07
            ],
            [
                1.2101914073571129e-05,
                0.19240549545044972,
                0.7732506500719485,
                0.0343231635374714,
                8.589026056859156e-06
            ],
            [
                0.9999979562492285,
                2.043531517274333e-06,
                1.317389081624254e-11,
                7.28016153591696e-12,
                1.988000722423198e-10
            ]
        ],
        [
            [
                0.9941051164968936,
                0.0058948829196741916,
                1.0836462525285929e-10,
                2.6338192145501767e-10,
                2.1168570354988675e-10
            ],
            [
                0.9970046549246206,
                0.0029953449184088217,
                9.017897481422923e-11,
                1.3870740085227041e-11,
                5.292069782683908e-11
            ],
            [
                9.984790933214421e-09,
                8.4976036001056e-07,
                0.9999991134281179,
                2.071487164543377e-08,
                6.111859520746085e-09
            ],
            [
                0.9999966490076818,
                3.350609836764471e-06,
                6.721467323210925e-11,
                2.1399654636306944e-10,
                1.0127006770897366e-10
            ],
            [
                0.9999842677417964,
                1.573216677796134e-05,
                8.651504469747602e-12,
                1.2042553972692558e-11,
                7.0731547335572e-11
            ]
        ],
        [
            [
                0.9999990464074219,
                9.534120841555724e-07,
                5.481955015099374e-12,
                1.6368784467644737e-10,
                1.132420554281654e-11
            ],
            [
                0.9953892037842528,
                0.004610795871377538,
                8.600335302757713e-12,
                2.1712510186345038e-10,
                1.186442378129174e-10
            ],
            [
                1.4431764881748857e-07,
                2.0817238103035534e-06,
                0.9999820507025152,
                1.549834828640591e-05,
                2.2490773922248143e-07
            ],
            [
                6.83575412232107e-05,
                0.4253650334746779,
                0.2979206145170296,
                0.2765833360107957,
                6.265845627355631e-05
            ],
            [
                1.877374133751081e-09,
                6.268929882799892e-10,
                1.3130193524760311e-10,
                0.002541182978748586,
                0.9974588143856823
            ]
        ],
        [
            [
                0.999982586378584,
                1.7413310032964315e-05,
                2.418042187743257e-11,
                2.2701030649576187e-10,
                6.019233844037785e-11
            ],
            [
                0.7730613583958804,
                0.22693864122780505,
                3.8059966397148245e-11,
                9.982115118095018e-11,
                2.384334302156636e-10
            ],
            [
                7.619981914031854e-13,
                1.88174598240254e-12,
                0.999999999954144,
                1.82641020449051e-11,
                2.4948157228830977e-11
            ],
            [
                1.5660528590333054e-08,
                1.1134920495086616e-06,
                4.896732960733909e-08,
                0.9711368911785219,
                0.028861930701570473
            ],
            [
                0.999699409657693,
                0.00030058987731169706,
                4.1513863237655667e-11,
                4.116769446056284e-10,
                1.1804490884429365e-11
            ]
        ],
        [
            [
                0.912434004217402,
                0.087565995018242,
                2.2659347741768071e-10,
                1.2463455854345546e-10,
                4.131279534852148e-10
            ],
            [
                0.9124297895658308,
                0.08757021013478851,
                6.035210153699778e-11,
                1.6943165041269844e-10,
                6.959694118919061e-11
            ],
            [
                0.10229309753187062,
                0.8977066400163465,
                1.8421316844309216e-07,
                5.8436764328096386e-08,
                1.9801850042598365e-08
            ],
            [
                0.9999883175598785,
                1.168087943247535e-05,
                9.021987662607378e-11,
                1.0757859443746953e-10,
                1.3628906417290077e-09
            ],
            [
                0.9999999870723135,
                1.2911087824613734e-08,
                4.782396303787799e-12,
                8.336639296633319e-12,
                3.4797363742698736e-12
            ]
        ],
        [
            [
                0.997168048239082,
                0.00283195111741562,
                2.2664843557474997e-11,
                5.008907003990012e-10,
                1.1994688563713526e-10
            ],
            [
                0.9873481139720321,
                0.01265188560349971,
                1.2190781435252364e-11,
                1.5990034675760463e-10,
                2.5237697784580693e-10
            ],
            [
                1.2894451304373732e-07,
                0.0013386281206491273,
                0.9986610012013739,
                1.3997701017620884e-07,
                1.0175645369997792e-07
            ],
            [
                1.8960891314782476e-07,
                9.634795731309353e-07,
                9.742650750190793e-05,
                0.9815572778813587,
                0.018344142522653116
            ],
            [
                0.9999979661504428,
                2.0337958766602717e-06,
                2.5201849582089283e-11,
                6.75149061797832e-12,
                2.172731389091486e-11
            ]
        ],
        [
            [
                0.9999999487497733,
                5.123491190777179e-08,
                3.7590578173393625e-13,
                1.4163394128412013e-11,
                7.754282952017068e-13
            ],
            [
                0.9999935126768662,
                6.487231436296665e-06,
                1.777332419219915e-11,
                4.1815249827690286e-11,
                3.210901577194906e-11
            ],
            [
                1.8581381918110756e-07,
                0.0004259353287707132,
                0.9995719494792041,
                1.8933917889526796e-06,
                3.598641705007319e-08
            ],
            [
                0.9935906830816091,
                0.006409313976012697,
                1.8434256078541506e-10,
                1.607811462544717e-09,
                1.1502240242464474e-09
            ],
            [
                0.9998552135353946,
                0.0001447862402153468,
                6.759771156122855e-11,
                1.297132233243828e-10,
                2.707896290842709e-11
            ]
        ],
        [
            [
                0.9999987699321654,
                1.2300306587306073e-06,
                1.8774582587416815e-11,
                1.6842558637335066e-11,
                1.5587523827214014e-12
            ],
            [
                0.9999769796379395,
                2.3020276009977318e-05,
                5.7339062887052095e-11,
                1.706265779388913e-11,
                1.1648845420657382e-11
            ],
            [
                3.03937425679379e-12,
                7.792017366350011e-12,
                0.9999999999702274,
                8.567529756887301e-12,
                1.0373624514795759e-11
            ],
            [
                8.946661468530801e-06,
                0.0058574511971538875,
                0.0242951459960549,
                0.9687090243354894,
                0.0011294318098332905
            ],
            [
                0.9999994153985957,
                5.843821787105853e-07,
                1.2830670188624704e-11,
                9.453532944552406e-12,
                1.969414010634831e-10
            ]
        ],
        [
            [
                0.8509755560929396,
                0.14902444346789626,
                9.106527032977633e-11,
                3.158386554517654e-11,
                3.1651502754598725e-10
            ],
            [
                0.9999909044099461,
                9.094723325036614e-06,
                1.2765314699487489e-11,
                3.3118962476675e-11,
                8.208445566946352e-10
            ],
            [
                0.005314285997424203,
                0.9939134676659775,
                0.0007722286044964507,
                1.491135109374756e-08,
                2.820750720825712e-09
            ],
            [
                0.8995045128345908,
                0.100495486171411,
                6.057777047567459e-10,
                7.611001868523278e-11,
                3.1211049809190425e-10
            ],
            [
                0.998280212130887,
                0.0017197874181070563,
                3.587350691244903e-10,
                7.847099189628015e-11,
                1.3799816258310873e-11
            ]
        ],
        [
            [
                0.9999928500894046,
                7.1498350639918565e-06,
                1.2946553717937706e-12,
                2.3822822582142194e-11,
                5.041387219981348e-11
            ],
            [
                0.9999481309365229,
                5.186856367428062e-05,
                1.7227399682029764e-10,
                1.4447627154234947e-10,
                1.8305259312338238e-10
            ],
            [
                6.656766918961116e-12,
                1.6289881902489906e-11,
                0.999999999947595,
                2.2287729890084456e-11,
                7.170434863474663e-12
            ],
            [
                4.225737251778698e-06,
                0.00010986807515915298,
                0.004636342292528231,
                0.9536974583568324,
                0.04155210553822843
            ],
            [
                0.9999593140842626,
                4.068578808912952e-05,
                8.825484779205248e-11,
                2.072228520633543e-11,
                1.867111601176919e-11
            ]
        ],
        [
            [
                0.9448484154195789,
                0.05515158346502641,
                5.117301264542182e-10,
                4.1834846108455623e-10,
                1.8531624836935793e-10
            ],
            [
                0.969049960756995,
                0.030950038552850865,
                4.2415241152066564e-11,
                4.0303813505870873e-10,
                2.4470067676575355e-10
            ],
            [
                2.431286882666158e-05,
                0.8882689505240684,
                0.11170316350417113,
                3.5428208192749757e-06,
                3.0282114474583636e-08
            ],
            [
                2.6731654478993498e-08,
                3.0975075482745702e-06,
                8.404666161773378e-09,
                0.9754138543064722,
                0.024583013049658892
            ],
            [
                0.848683488981764,
                0.15131650918980874,
                4.282355116934874e-10,
                3.9828188889174526e-10,
                1.0019097664240861e-09
            ]
        ],
        [
            [
                0.9999989801564263,
                1.0186702100230285e-06,
                2.520517718198195e-12,
                4.403726246819978e-11,
                1.1268058729851227e-09
            ],
            [
                0.9999881184264285,
                1.1881534777399493e-05,
                2.690643943818845e-12,
                1.9023976760530005e-11,
                1.707942357275538e-11
            ],
            [
                1.1454088319593818e-09,
                8.007374045057393e-09,
                0.9999999903566895,
                3.6249276225796624e-10,
                1.2803482106342633e-10
            ],
            [
                0.999883565588252,
                0.00011643229593794732,
                3.771725415165467e-10,
                1.613854326353811e-09,
                1.247833518522823e-10
            ],
            [
                0.9997660614845989,
                0.00023393841973766075,
                5.595580742112327e-12,
                3.3121919289066596e-11,
                5.694587834680123e-11
            ]
        ],
        [
            [
                0.9085224091993239,
                0.09147758826704018,
                2.907643398687696e-10,
                1.303786817436085e-09,
                9.390848013612451e-10
            ],
            [
                0.9999999838763058,
                1.56212164475037e-08,
                3.124795327613562e-11,
                4.3807314976203414e-10,
                3.3156574332631805e-11
            ],
            [
                0.004776636617706249,
                0.6581150953734186,
                0.3371071962003751,
                1.0158270694550576e-06,
                5.598143054059132e-08
            ],
            [
                0.0007743866143945671,
                0.9991085024057546,
                4.6225712615827125e-05,
                7.02695442271449e-05,
                6.157230078645206e-07
            ],
            [
                1.4140914454383823e-09,
                4.429352755340244e-10,
                3.719319518153922e-08,
                0.09224627058747013,
                0.907753690362308
            ]
        ],
        [
            [
                0.9999999889957122,
                8.547416614607817e-09,
                3.3101953326746495e-12,
                4.5945639723381934e-11,
                2.4076152784972367e-09
            ],
            [
                0.8999682707639605,
                0.10003172881813473,
                1.7288887410501807e-11,
                3.6975058894202295e-10,
                3.086532176940695e-11
            ],
            [
                4.609370906240442e-07,
                0.00026221921256377073,
                0.9997323175864689,
                4.6678218259610346e-06,
                3.344420507227432e-07
            ],
            [
                2.2298011767974713e-05,
                0.0005842440466161864,
                0.21275563344380038,
                0.7865976551482174,
                4.016934959802547e-05
            ],
            [
                3.5051546269759194e-10,
                6.620060735503981e-09,
                1.3268644251522092e-09,
                0.7432037822582208,
                0.2567962094443386
            ]
        ],
        [
            [
                0.9971872733343398,
                0.0028127263488519367,
                7.811589696349825e-11,
                1.318758274819647e-11,
                2.25504971419136e-10
            ],
            [
                0.6122670007112578,
                0.38773299209819606,
                1.3384909256223278e-09,
                4.78602078511571e-09,
                1.0660342982560535e-09
            ],
            [
                0.0022953855484002593,
                0.9974392405897122,
                0.00026177870851518587,
                3.4062852150978206e-06,
                1.8886815718860097e-07
            ],
            [
                3.632357843358873e-05,
                0.07676069170565847,
                0.10566020651889649,
                0.8133664903347663,
                0.004176287862245269
            ],
            [
                0.9999987696696523,
                1.2294102806518228e-06,
                2.081639801981245e-11,
                1.203260766335537e-10,
                7.789247410487286e-10
            ]
        ],
        [
            [
                0.9923524117667432,
                0.0076475877652536425,
                3.1653761620686277e-10,
                2.470529806041412e-11,
                1.2676023172364916e-10
            ],
            [
                0.9996735738553082,
                0.0003264258570983424,
                4.515959727530522e-11,
                8.534842392195815e-11,
                1.5708546406258354e-10
            ],
            [
                1.1151707245938758e-06,
                0.003246850928478302,
                0.9899560743705618,
                0.006795181995696207,
                7.775345391298419e-07
            ],
            [
                0.050784705973446545,
                0.9492152461566895,
                1.9590686550896288e-08,
                2.074618372184288e-08,
                7.532993571659725e-09
            ],
            [
                2.8495001759450387e-09,
                3.881307007113305e-09,
                4.816749337094467e-09,
                0.3703770290556419,
                0.6296229593968015
            ]
        ],
        [
            [
                0.999993165940183,
                6.833816642920392e-06,
                9.472635496364796e-11,
                1.2254418276914784e-10,
                2.590366781221474e-11
            ],
            [
                0.9848282606083247,
                0.01517173911468532,
                9.735374862040446e-11,
                4.7762734556533107e-11,
                1.3187354806644063e-10
            ],
            [
                1.5097392475334916e-05,
                0.975261073551662,
                0.024715643993689574,
                8.162707535753274e-06,
                2.2354637444930735e-08
            ],
            [
                0.9440114807168646,
                0.05598851867690858,
                3.221232630405328e-11,
                2.263535458449217e-10,
                3.4766097953905297e-10
            ],
            [
                0.9999997120837191,
                2.878817430732318e-07,
                1.2295826640314137e-11,
                1.792379173022593e-11,
                4.318178197783569e-12
            ]
        ],
        [
            [
                0.9999999197339106,
                7.997882920909863e-08,
                6.897456417430179e-11,
                2.1871903487563858e-11,
                1.9641369278853092e-10
            ],
            [
                0.9999979637190269,
                2.0360523342155516e-06,
                7.441813769485426e-11,
                1.3744824705908045e-10,
                1.6772444518175526e-11
            ],
            [
                0.003534292273058123,
                0.9964637279107162,
                1.9718111883039635e-06,
                3.5452208690530228e-09,
                4.459816414751487e-09
            ],
            [
                8.809010745073427e-06,
                0.1340042534724946,
                0.13213842351398683,
                0.6873390353625899,
                0.046509478640183614
            ],
            [
                0.999997871761699,
                2.1280790649333713e-06,
                2.0907137248959092e-11,
                6.097825342122883e-11,
                7.735062791240218e-11
            ]
        ],
        [
            [
                0.9982841227830554,
                0.001715876970933932,
                1.5743932409329863e-10,
                4.810564489393335e-11,
                4.046571703164757e-11
            ],
            [
                0.9999990260194457,
                9.71967525275092e-07,
                1.4534077025837045e-11,
                4.089595619095438e-11,
                1.957599178759901e-09
            ],
            [
                1.5212680881796055e-08,
                1.2306254572637732e-07,
                0.9999989300926534,
                4.719294353045527e-07,
                4.5970268461500433e-07
            ],
            [
                0.9999976745249965,
                2.325403599308251e-06,
                4.424614627708276e-11,
                1.64391562363678e-11,
                1.071874786402317e-11
            ],
            [
                0.9879676910724893,
                0.012032306637508906,
                1.7569549974511914e-10,
                1.0992706465253018e-09,
                1.0150358463500984e-09
            ]
        ],
        [
            [
                0.9995044393545235,
                0.0004955602831720219,
                2.989297540456099e-10,
                5.603210141518056e-11,
                7.34266493997248e-12
            ],
            [
                0.8443576789808922,
                0.15564232060546823,
                2.2448955013935326e-10,
                5.856155390659635e-11,
                1.3058844040591626e-10
            ],
            [
                0.00022409759072675704,
                0.005693276267413079,
                0.9940771782629227,
                4.549214720910818e-06,
                8.986642166056913e-07
            ],
            [
                2.0520619957423085e-08,
                2.5828690089381864e-08,
                5.5636127302453966e-08,
                0.6264339761465377,
                0.37356592186802495
            ],
            [
                0.9999973910722308,
                2.6088142236914033e-06,
                4.1586689709864375e-11,
                4.9746324852888864e-12,
                6.698396957066414e-11
            ]
        ],
        [
            [
                0.8363711916650367,
                0.1636288077009179,
                2.1463269451105403e-10,
                1.2047519612376222e-10,
                2.9893759887340954e-10
            ],
            [
                0.9996991679785597,
                0.00030083159132268287,
                6.027704038045935e-11,
                3.41512142777593e-10,
                2.8328399361562504e-11
            ],
            [
                1.1935617040936463e-07,
                2.3275500148213823e-05,
                0.9985997634208077,
                0.0013766440429485425,
                1.9767992517077598e-07
            ],
            [
                0.040602275599860425,
                0.959393820119702,
                8.406086721158101e-07,
                2.842791419556768e-06,
                2.2088034598076334e-07
            ],
            [
                0.9999682577409547,
                3.174214857211065e-05,
                1.3646429437645379e-11,
                5.718811710027694e-11,
                3.963867966847072e-11
            ]
        ],
        [
            [
                0.9999683107693803,
                3.168901634475669e-05,
                2.9422269402324247e-12,
                5.563482654041506e-11,
                1.556979390115346e-10
            ],
            [
                0.9998176229942165,
                0.0001823767111828408,
                6.08222964488841e-11,
                1.0160370316971862e-11,
                2.2361802622736704e-10
            ],
            [
                2.612074593237293e-08,
                9.723860757392657e-06,
                0.9999902204576807,
                1.6289654255479812e-08,
                1.3271161732620981e-08
            ],
            [
                4.223500025386462e-09,
                5.184934910289034e-09,
                9.027767243597077e-09,
                0.8371738512233173,
                0.16282613034048046
            ],
            [
                0.9617992973363336,
                0.03820070019850654,
                5.824317141088717e-11,
                1.1767213330793074e-09,
                1.2301953163982807e-09
            ]
        ],
        [
            [
                0.999995690630661,
                4.309193816552255e-06,
                1.0509457525612515e-10,
                2.5015720318834786e-11,
                4.5412139798497274e-11
            ],
            [
                0.8113437490514783,
                0.18865624956326982,
                2.459421367279632e-10,
                2.0041383294543138e-10,
                9.388957935732786e-10
            ],
            [
                0.00013662115407491525,
                0.5238035409907474,
                0.47605666228756355,
                2.2298898676237858e-06,
                9.456777465182224e-07
            ],
            [
                0.999887417728914,
                0.00011258205249218612,
                3.90202959927421e-11,
                1.5156634148016304e-10,
                2.8007188322642946e-11
            ],
            [
                0.9999681323900833,
                3.186751974192688e-05,
                2.2328691605916577e-11,
                2.454198206358288e-11,
                4.330402444362546e-11
            ]
        ],
        [
            [
                0.9999312550174688,
                6.87431585349997e-05,
                1.4024760299986087e-11,
                1.1700460372486004e-10,
                1.6929667814182038e-09
            ],
            [
                0.8120173189962352,
                0.18798268083604755,
                6.36037528575124e-11,
                4.30063481473336e-11,
                6.110702590180876e-11
            ],
            [
                2.9757359814784146e-07,
                4.980443860998227e-05,
                0.9999461457446546,
                3.6494781553126907e-06,
                1.0276498187644576e-07
            ],
            [
                0.9107159947272137,
                0.08928400316094103,
                6.564837137185136e-10,
                9.613560011808397e-10,
                4.940056479220796e-10
            ],
            [
                0.9998537759126527,
                0.00014622394379138555,
                7.932811676343938e-12,
                7.652922541280596e-11,
                5.90939279394209e-11
            ]
        ],
        [
            [
                0.9999973962974775,
                2.6035789349115086e-06,
                8.569574651377678e-12,
                6.07085345185265e-11,
                5.4309376840849946e-11
            ],
            [
                0.9848278700991411,
                0.015172129599260452,
                1.85169428293425e-11,
                1.303740486039176e-10,
                1.527074089440197e-10
            ],
            [
                3.03487571483739e-08,
                9.666974098309904e-07,
                0.9999986493648682,
                3.5158017186311653e-07,
                2.008793051800975e-09
            ],
            [
                0.9462068433566027,
                0.05379315584032358,
                5.08748509764299e-10,
                1.1976273677127456e-10,
                1.745624336845318e-10
            ],
            [
                0.8077174997610258,
                0.19228249204965106,
                2.1092267752971096e-09,
                5.750620373542131e-09,
                3.294759433869681e-10
            ]
        ],
        [
            [
                0.9978026065807263,
                0.0021973934001956914,
                7.781934398268708e-12,
                7.404610270295539e-12,
                3.891447344481767e-12
            ],
            [
                0.9989410051167505,
                0.0010589946915545454,
                4.921723259133562e-12,
                5.5280945706205776e-11,
                1.3149239345832926e-10
            ],
            [
                2.063682560504743e-09,
                1.6870711496248028e-07,
                0.9999996615611066,
                1.578917900955188e-07,
                9.776305759689753e-09
            ],
            [
                1.1147481553179067e-06,
                7.963946916872827e-05,
                0.002525255631751238,
                0.9717694145705558,
                0.025624575580369045
            ],
            [
                0.99999797216238,
                2.027721165006329e-06,
                7.178802860481351e-13,
                5.599228078014665e-11,
                5.974485107195725e-11
            ]
        ],
        [
            [
                0.9999999968937201,
                3.0909489112849766e-09,
                8.853693412220162e-12,
                5.959634402011035e-12,
                5.177047496274687e-13
            ],
            [
                0.8094851752372247,
                0.19051482459582397,
                3.687358144222996e-11,
                5.0350684510444865e-11,
                7.972699945039625e-11
            ],
            [
                0.0095003043197311,
                0.9448479544149079,
                0.045645550355155974,
                6.162188441646167e-06,
                2.8721763422115092e-08
            ],
            [
                0.00024971898078460735,
                0.8666363006419846,
                0.13304956818550878,
                6.414407179008565e-05,
                2.6811993195426135e-07
            ],
            [
                5.662419066939728e-07,
                1.3181690940170935e-07,
                7.17425969325533e-08,
                0.2564297740793591,
                0.7435694561192279
            ]
        ],
        [
            [
                0.9999999491115534,
                5.0780288470476603e-08,
                3.130843074199328e-11,
                6.761085718210734e-11,
                9.23893882931029e-12
            ],
            [
                0.9999561846387404,
                4.381513253284121e-05,
                7.413431589561218e-11,
                5.63260590864391e-12,
                1.4895979437594957e-10
            ],
            [
                9.560699810197721e-06,
                0.0006515079852605753,
                0.9993315044205948,
                5.699926423127816e-06,
                1.726967911289397e-06
            ],
            [
                3.778438965638666e-09,
                6.664234365425142e-08,
                4.208933628096666e-08,
                0.6532273271918603,
                0.34677256029802084
            ],
            [
                0.9991859105318988,
                0.0008140890472968353,
                2.3846571653695766e-10,
                6.238521350289002e-11,
                1.1995352355488003e-10
            ]
        ],
        [
            [
                0.9999593126838833,
                4.068725996306517e-05,
                1.5848841293049916e-12,
                4.902511131022728e-12,
                4.966628610767317e-11
            ],
            [
                0.8190409359563183,
                0.18095906370406362,
                2.1440180187502965e-10,
                4.40836153671241e-11,
                8.11326639442894e-11
            ],
            [
                1.1683950231687536e-10,
                1.3678163807048457e-10,
                0.9999999988730359,
                3.085588513613556e-10,
                5.647839319061042e-10
            ],
            [
                0.04963432061372376,
                0.9503656403262358,
                1.1222006513515714e-08,
                1.3928444002080458e-08,
                1.3909589824605252e-08
            ],
            [
                0.8755049229176544,
                0.12449507547196906,
                4.065798725840835e-10,
                9.068720696602148e-10,
                2.9692464167958267e-10
            ]
        ],
        [
            [
                0.999947732218675,
                5.225702157684414e-05,
                1.7594896958652046e-11,
                6.339766089497781e-11,
                1.0678755654837226e-08
            ],
            [
                0.9624584687634455,
                0.037541530401751684,
                5.060986385755876e-11,
                7.176519897804857e-10,
                6.654097224725756e-11
            ],
            [
                4.4904013161943075e-08,
                3.924524276053182e-07,
                0.9999844923132847,
                1.5061368944657833e-05,
                8.961329947906087e-09
            ],
            [
                7.4468851983239805e-06,
                0.014893852258779613,
                0.0017200890384825463,
                0.9707717853405048,
                0.012606826477034696
            ],
            [
                7.521460051106296e-08,
                2.031909423143343e-07,
                2.10245624569341e-08,
                0.476351127859934,
                0.5236485727099608
            ]
        ],
        [
            [
                0.9999999923887616,
                7.437171374606677e-09,
                2.4990797486324857e-11,
                1.289754976374457e-10,
                2.0100771712883212e-11
            ],
            [
                0.99999992116896,
                7.880356453696889e-08,
                1.6433376438530263e-11,
                4.346952876786793e-12,
                6.695047486312604e-12
            ],
            [
                1.866171529970362e-09,
                1.2074636593589522e-07,
                0.999999267858119,
                6.073273916909701e-07,
                2.2019518551292556e-09
            ],
            [
                6.181798988472889e-07,
                5.215328536873008e-05,
                0.005090517025347999,
                0.7875499550529658,
                0.2073067564564187
            ],
            [
                0.9996997288345645,
                0.0003002711190270977,
                2.624770292870749e-11,
                1.5705842478602567e-11,
                4.454832150104414e-12
            ]
        ],
        [
            [
                0.9993654538155261,
                0.0006345460271871717,
                9.010657702711144e-12,
                6.820710308092906e-12,
                1.414553391010113e-10
            ],
            [
                0.9999876650704668,
                1.2334873029822653e-05,
                1.6902030370055096e-11,
                2.063282410632805e-11,
                1.8968585432525854e-11
            ],
            [
                5.321368294274371e-10,
                1.5166726912174764e-09,
                0.9999999970523912,
                7.310921867688103e-10,
                1.677069761744124e-10
            ],
            [
