{
    "[['A', 'B', 'C', 'D', 'E'], ['A', 'B', 'C', 'D', 'E']]": [
        [
            [
                0.9999999794126503,
                2.0535231438521205e-08,
                1.7884431357836694e-11,
                1.954359354707589e-11,
                1.469028911492648e-11
            ],
            [
                3.4840746953122833e-06,
                0.0010450340959370454,
                0.00015106516276426672,
                0.995115539540436,
                0.003684877126167357
            ],
            [
                3.950996913390538e-07,
                2.6837261145392343e-05,
                0.8545584188448342,
                0.13886964346463754,
                0.006544705329691617
            ],
            [
                3.4212092311582635e-09,
                9.731032795837355e-11,
                1.0543095818290473e-09,
                0.04465810383964385,
                0.955341891587527
            ],
            [
                1.16541474459708e-05,
                1.2793474534434735e-08,
                1.4495978950772422e-09,
                0.5407521882396986,
                0.459236143369783
            ]
        ],
        [
            [
                0.9999998955168536,
                1.0425717977386753e-07,
                3.308580459852938e-11,
                8.592686900191741e-11,
                1.069539810382532e-10
            ],
            [
                0.6147404664022884,
                0.3852595221209486,
                3.78041696633899e-09,
                4.1505993562705956e-09,
                3.545746695249793e-09
            ],
            [
                3.731159715648795e-07,
                0.005958933275284935,
                0.994025625408428,
                1.428064627234674e-05,
                7.875540430979326e-07
            ],
            [
                2.5321477448542365e-08,
                1.6469791950138028e-09,
                5.9557445716030726e-09,
                0.8347977730879917,
                0.16520219398780697
            ],
            [
                1.5898185704731207e-09,
                7.857945331876763e-10,
                1.2709672068192407e-09,
                0.44808883324606924,
                0.5519111631073504
            ]
        ],
        [
            [
                0.9897206635882378,
                0.010279335473521271,
                3.971957341813406e-10,
                1.8208680114147738e-10,
                3.5895827761444007e-10
            ],
            [
                4.700053689765985e-07,
                1.4017467396593895e-05,
                0.05745835952736704,
                0.940319963610906,
                0.0022071893889613
            ],
            [
                1.4826296899009117e-06,
                0.12076195678260986,
                0.2890889962534766,
                0.5896053670215677,
                0.0005421973126558642
            ],
            [
                2.7606335191309445e-08,
                4.780873763311603e-09,
                8.475063390661108e-09,
                0.7019655239410708,
                0.29803443519665673
            ],
            [
                3.3418418961052234e-06,
                7.340973691744444e-09,
                8.17727031044011e-10,
                0.0010800010067195203,
                0.9989166489926837
            ]
        ],
        [
            [
                0.8875565528019796,
                0.11244344154698126,
                1.7294418109560412e-10,
                3.942140485990346e-10,
                5.083880908929127e-09
            ],
            [
                7.1481289737610356e-06,
                0.01199880779946404,
                0.007622542226792993,
                0.9449816288238544,
                0.03538987302091487
            ],
            [
                2.0315030290267893e-09,
                5.29269240377268e-08,
                1.1964194073387263e-07,
                0.9879491573430127,
                0.012050668056619581
            ],
            [
                4.214528344065441e-08,
                2.934886155600933e-08,
                1.8314978466261491e-09,
                0.3969071396053599,
                0.6030927870689973
            ],
            [
                1.8406883793213926e-05,
                3.221696314500485e-08,
                2.192879495884881e-08,
                0.2554255265520191,
                0.7445560124184296
            ]
        ],
        [
            [
                0.9999999338830202,
                6.595911665929008e-08,
                8.579742669902403e-11,
                7.654429739973762e-12,
                6.441128424489432e-11
            ],
            [
                1.9439230667644364e-06,
                0.0037260646110134485,
                0.03414661345647947,
                0.9616070240427248,
                0.0005183539667155047
            ],
            [
                1.5018956389561407e-07,
                0.007688864792131523,
                0.9857972726326234,
                0.006513359256212284,
                3.5312946896009556e-07
            ],
            [
                1.6855159456962336e-08,
                5.5921113401198616e-09,
                8.971293311278028e-09,
                0.9243488495624298,
                0.07565111901900615
            ],
            [
                4.06881695699508e-05,
                3.010058100717613e-09,
                9.692175123262396e-09,
                0.1968470161226811,
                0.8031122830055158
            ]
        ],
        [
            [
                0.9999538039092771,
                4.61958361247858e-05,
                1.7425997818102478e-10,
                5.748969440086533e-11,
                2.2848399208667748e-11
            ],
            [
                5.353547727041407e-06,
                0.04174284644086372,
                0.001825320361106699,
                0.9483766914130402,
                0.008049788237262375
            ],
            [
                9.483810279274555e-07,
                0.04352306908378129,
                0.5279693811947084,
                0.4283151752357232,
                0.00019142610475922456
            ],
            [
                3.338425568855314e-08,
                3.102998689971729e-07,
                3.625076993491622e-08,
                0.8150968196883602,
                0.1849028003767451
            ],
            [
                1.9026297771489917e-09,
                3.4948702109066164e-10,
                9.973065053682593e-10,
                0.00030966169323068214,
                0.9996903350573461
            ]
        ],
        [
            [
                0.8443663533170269,
                0.15563364582794031,
                6.223348938343255e-11,
                5.666703087390318e-10,
                2.261290793453195e-10
            ],
            [
                0.18836679057302677,
                0.8116314368656716,
                7.16008780119579e-07,
                6.440669745532335e-07,
                4.124855468873205e-07
            ],
            [
                3.148597502464411e-06,
                0.2946924957732106,
                0.011333644956984234,
                0.693959665172162,
                1.1045500140725879e-05
            ],
            [
                2.80179838200485e-07,
                2.513949927723333e-09,
                1.241876090570091e-09,
                0.03649200216244382,
                0.9635077139018919
            ],
            [
                8.813541412216637e-08,
                1.0245410932288277e-09,
                3.729239595997135e-10,
                0.0003932412856546395,
                0.9996066691814661
            ]
        ],
        [
            [
                0.9990412667397605,
                0.0009587316764735659,
                2.0035056546968817e-10,
                1.246511735384955e-09,
                1.3690362915322255e-10
            ],
            [
                7.025545296204897e-07,
                0.22545531131017393,
                0.0049647602175243825,
                0.7686127500110994,
                0.0009664759066726238
            ],
            [
                1.8294447615981375e-06,
                0.030320551517253172,
                0.013949899687430361,
                0.9555191381669852,
                0.00020858118356967774
            ],
            [
                6.989203189067186e-09,
                2.664626073291004e-10,
                2.6041772395133805e-09,
                0.010316773418227423,
                0.9896832167219296
            ],
            [
                3.4917216917198713e-09,
                1.2212025810031537e-10,
                1.2080389970097735e-09,
                0.4387178489646522,
                0.5612821462134668
            ]
        ],
        [
            [
                0.7972391676030024,
                0.20276083139624707,
                7.66527861072586e-10,
                2.091867095388494e-10,
                2.5035982771050888e-11
            ],
            [
                0.9878719532494524,
                0.012128045218918694,
                9.512050088342973e-10,
                2.4023895805674704e-10,
                3.401849333306493e-10
            ],
            [
                1.977656994972009e-08,
                1.82086797683333e-06,
                0.9999671260726968,
                2.946619527879825e-05,
                1.5670874775862493e-06
            ],
            [
                4.2967283697530155e-10,
                2.6873412799252965e-10,
                2.1653001152943768e-09,
                0.23535998556555857,
                0.7646400115707342
            ],
            [
                0.0001105518353251556,
                2.5517961200902416e-08,
                2.12648872471933e-09,
                0.0013590051210209623,
                0.998530415399204
            ]
        ],
        [
            [
                0.999972128672773,
                2.786988702502688e-05,
                2.1725436448259688e-10,
                1.9941577681443403e-10,
                1.0235317261592078e-09
            ],
            [
                3.8664057294922226e-06,
                0.17953858131963893,
                0.0018206289756604135,
                0.8181801028483254,
                0.0004568204506457405
            ],
            [
                2.5249017154670157e-08,
                2.4447524754467955e-07,
                8.774579967492821e-05,
                0.8401681296928171,
                0.15974385478324332
            ],
            [
                4.900719016910776e-10,
                2.7310625169096354e-09,
                2.844079077629587e-10,
                0.6004903727206905,
                0.39950962377376714
            ],
            [
                1.1451655199102087e-08,
                1.6114824304597603e-08,
                5.3847277602422115e-09,
                0.5969217405947231,
                0.40307822645406954
            ]
        ],
        [
            [
                0.829608960167438,
                0.1703910381148554,
                8.041691898686434e-10,
                3.995275957272452e-10,
                5.140097964192065e-10
            ],
            [
                6.082389112468558e-06,
                0.0022187970134644255,
                0.11678656244227517,
                0.8668378380533689,
                0.014150720101779
            ],
            [
                7.014468788897363e-07,
                7.415573351938412e-06,
                0.9402469221588434,
                0.059731300767863794,
                1.366005306184502e-05
            ],
            [
                3.833186620354423e-09,
                1.365261896781244e-07,
                1.330974867776283e-06,
                0.9999805755832158,
                1.795308254004856e-05
            ],
            [
                2.5514231275712494e-08,
                1.5304418607283298e-09,
                2.8852377020782146e-08,
                0.17615972763351406,
                0.8238402164694358
            ]
        ],
        [
            [
                0.9999990269736295,
                9.709586148064132e-07,
                4.058283014847145e-11,
                1.7730500506883485e-10,
                1.8498678390296707e-09
            ],
            [
                9.342631635902671e-07,
                0.05382018783619442,
                0.00020549188573663004,
                0.9452910726503181,
                0.0006823133645872867
            ],
            [
                1.2063711879536528e-06,
                2.1890211772959895e-05,
                0.44087256660291757,
                0.5558627953162386,
                0.0032415414978828752
            ],
            [
                2.3160740375735995e-08,
                6.978960891722514e-10,
                2.5079341816663004e-09,
                0.010366277025268713,
                0.9896336966081607
            ],
            [
                1.1510578714884752e-07,
                1.5371855608509926e-08,
                1.6118567769310565e-09,
                0.33624194001010344,
                0.663757927900397
            ]
        ],
        [
            [
                0.8236982726964541,
                0.17630172577058265,
                3.1473936697162713e-10,
                1.1533335824615036e-09,
                6.489015550834365e-11
            ],
            [
                0.763129553288839,
                0.23687044546561786,
                1.8954156881249136e-10,
                5.029813013986129e-10,
                5.530200913134341e-10
            ],
            [
                5.8876005752818474e-08,
                3.021392555341492e-05,
                0.9997314444836186,
                0.00023795645231294157,
                3.2626250936356037e-07
            ],
            [
                5.784187325417124e-10,
                2.097728690112692e-09,
                1.975492033077766e-09,
                0.38869055847616535,
                0.6113094368721952
            ],
            [
                0.03425025345809813,
                2.1991818601475248e-08,
                1.6719364649381316e-09,
                0.0010708376661067087,
                0.9646788852120401
            ]
        ],
        [
            [
                0.8045951157973551,
                0.19540488389444996,
                1.8375029904323938e-10,
                8.121182171792322e-11,
                4.323280455084941e-11
            ],
            [
                0.31519606700138364,
                0.6848038753776083,
                8.885451778006679e-09,
                4.2218170917711344e-08,
                6.517385347915851e-09
            ],
            [
                2.8041936071413347e-09,
                3.7319339912766784e-08,
                0.9999970827239071,
                1.2989563398080613e-06,
                1.5781962195051388e-06
            ],
            [
                9.361731743469064e-09,
                1.3049221018786444e-08,
                4.79416657409629e-09,
                0.8809257614059353,
                0.1190742113889454
            ],
            [
                0.04464131196175315,
                2.8121425010827706e-08,
                6.111894610318558e-08,
                0.4634041640206567,
                0.49195443477721895
            ]
        ],
        [
            [
                0.9999998230358473,
                1.7690089283615464e-07,
                1.0035224898110789e-11,
                2.604080798739329e-11,
                2.7183842112555004e-11
            ],
            [
                3.357531216147516e-06,
                1.1103526294179522e-05,
                0.529499508677577,
                0.46931837816574995,
                0.0011676520991627437
            ],
            [
                6.119498694654234e-09,
                3.229485566902286e-08,
                0.999999905596567,
                4.9500347478065264e-08,
                6.488731211806602e-09
            ],
            [
                5.579587827939514e-10,
                4.453342054681987e-09,
                6.902739042832277e-10,
                0.7989173164277867,
                0.2010826778706386
            ],
            [
                4.911578287019175e-10,
                1.9962393909873254e-11,
                4.919374454844725e-10,
                0.40051726443303437,
                0.599482734563908
            ]
        ],
        [
            [
                0.9986544928590207,
                0.0013455043136471416,
                3.66318545096892e-10,
                9.61003925738544e-10,
                1.5000097506401948e-09
            ],
            [
                2.8426850790048676e-08,
                5.798713183317943e-08,
                2.2937481977108732e-07,
                0.9996465507855447,
                0.00035313342565289764
            ],
            [
                4.7332805329514566e-07,
                0.00013768408674797188,
                0.0010712284435495086,
                0.9983077963331466,
                0.00048281780850262826
            ],
            [
                4.786171780955617e-09,
                4.765358178439754e-09,
                1.2103122346825087e-08,
                0.6262643618641155,
                0.3737356164812322
            ],
            [
                1.9149392422856906e-06,
                5.895749513943388e-09,
                4.9889542412289196e-09,
                0.05483785329924035,
                0.9451602208768136
            ]
        ],
        [
            [
                0.8875646911220476,
                0.11243530808485047,
                1.996183114223744e-10,
                4.920033484010476e-10,
                1.0148043083382131e-10
            ],
            [
                5.785215942909282e-06,
                0.20105976512426313,
                0.12137086503594836,
                0.6732284208257525,
                0.004335163798093136
            ],
            [
                3.755962690266786e-06,
                0.22212886274036286,
                0.36194885084171385,
                0.415469276274941,
                0.0004492541802921352
            ],
            [
                6.830938162055378e-09,
                1.90461598627941e-09,
                1.6651824272962583e-09,
                0.5547104157061282,
                0.4452895738931352
            ],
            [
                6.382601423621687e-08,
                1.2999258049832797e-09,
                6.218012526911721e-10,
                0.10000815226419238,
                0.8999917819880663
            ]
        ],
        [
            [
                0.9999556205430762,
                4.437912128423354e-05,
                1.1240917347794578e-11,
                1.9642684876067015e-10,
                1.2797174289189934e-10
            ],
            [
                4.558230950992763e-08,
                0.1761682908327495,
                1.626141124385907e-05,
                0.8237942950339392,
                2.1107139757972776e-05
            ],
            [
                6.533433538943324e-08,
                5.7690111596738745e-06,
                0.00039188151700803237,
                0.9971895716239962,
                0.002412712513500679
            ],
            [
                7.472330392423792e-09,
                5.388887965347289e-09,
                4.501571166133047e-09,
                0.07749348014643316,
                0.9225065024907774
            ],
            [
                4.376442846832425e-07,
                3.355845488569987e-08,
                9.205855972597634e-10,
                0.013510232286685653,
                0.9864892955899892
            ]
        ],
        [
            [
                0.9991853864843092,
                0.0008146121802288411,
                4.038874131995444e-11,
                6.77498185287567e-10,
                6.175748608234003e-10
            ],
            [
                0.00015091415772060823,
                0.7362552547785779,
                0.262852710027328,
                0.0007148911316755181,
                2.6229904698114945e-05
            ],
            [
                1.0473989498680008e-06,
                1.1354745481186986e-05,
                0.8423273775616401,
                0.15764411222636243,
                1.610806756653755e-05
            ],
            [
                7.865312734980076e-10,
                1.0008834172804285e-10,
                2.0384330743409324e-10,
                0.20048056732149624,
                0.7995194315880407
            ],
            [
                2.2849774787871667e-09,
                3.590084630969285e-10,
                2.024772998023884e-09,
                0.005297082015550291,
                0.9947029133156907
            ]
        ],
        [
            [
                0.9994978121482458,
                0.0005021872756361885,
                6.249665534561011e-11,
                3.747661580330332e-10,
                1.3885511414866947e-10
            ],
            [
                1.4237064922931768e-06,
                0.00011996575470061942,
                0.00011195256467422368,
                0.9996708296708375,
                9.582830329528714e-05
            ],
            [
                1.5176717997672463e-08,
                5.206140830853682e-07,
                0.9999596777512113,
                3.8679380321345326e-05,
                1.1070776662477438e-06
            ],
            [
                4.8665444976870355e-08,
                1.587508343396367e-09,
                7.495593802636628e-10,
                0.1906370243718051,
                0.8093629246256823
            ],
            [
                4.865607126055324e-10,
                1.327089899518023e-09,
                1.0708907120524136e-08,
                0.20390871430041654,
                0.7960912731770257
            ]
        ],
        [
            [
                0.9462081531488808,
                0.05379184653937763,
                1.6513486631186367e-10,
                4.057876203038938e-11,
                1.060278060568584e-10
            ],
            [
                0.8098015642031533,
                0.19019842758737704,
                3.6221987377261706e-09,
                6.888127829088374e-10,
                3.898458210848221e-09
            ],
            [
                1.085636167672663e-06,
                6.842766813213946e-07,
                0.7630903862822174,
                0.23388049712982842,
                0.003027346675105174
            ],
            [
                6.965788783370448e-10,
                2.949382454230656e-10,
                9.54667199778254e-09,
                0.3989630487553399,
                0.601036940706471
            ],
            [
                2.3949033124825466e-09,
                1.6500384221300246e-09,
                2.0917246818618152e-10,
                0.00018414171977604562,
                0.9998158540261097
            ]
        ],
        [
            [
                0.9999996594613545,
                3.3987342987875336e-07,
                1.2929521581734297e-10,
                4.459309620369311e-10,
                8.998937932286037e-11
            ],
            [
                0.795381060165515,
                0.20461893185465932,
                1.4887161786188666e-09,
                1.8684672004354273e-09,
                4.6226423187247274e-09
            ],
            [
                1.148272497483072e-06,
                6.772912603596754e-05,
                0.2282277148592359,
                0.7659830011300792,
                0.005720406612151482
            ],
            [
                6.718840475179612e-10,
                1.1919992797333316e-09,
                2.890689091129287e-10,
                0.6296621653368437,
                0.370337832510204
            ],
            [
                4.5460508577623865e-07,
                1.8070655773904588e-09,
                2.3607369549071767e-09,
                0.43112113874457153,
                0.5688784024825402
            ]
        ],
        [
            [
                0.9999591176902363,
                4.088203048728547e-05,
                1.926402441175479e-10,
                5.4496339059793893e-11,
                3.2139797491388586e-11
            ],
            [
                1.738463471779569e-05,
                0.3263953299362402,
                0.10071850601566713,
                0.5712446517366575,
                0.0016241276767173624
            ],
            [
                8.731207854329536e-10,
                1.677518339102088e-09,
                0.999997830298968,
                1.9531149973400406e-06,
                2.1403539550225348e-07
            ],
            [
                4.272267395979789e-07,
                1.2246659987468996e-07,
                1.8681597362367804e-08,
                0.2972190329395645,
                0.7027803986854986
            ],
            [
                8.35730134602712e-09,
                8.258832600501457e-10,
                1.0833751207847781e-10,
                0.3756648689409094,
                0.6243351217675684
            ]
        ],
        [
            [
                0.9925344600769475,
                0.007465538783561046,
                7.809653857108133e-11,
                4.0203657854560044e-10,
                6.593583554145842e-10
            ],
            [
                5.053804925464272e-06,
                0.08306238841819816,
                0.000165828202518007,
                0.9146034588126238,
                0.002163270761734548
            ],
            [
                2.5924419229907727e-07,
                0.00016760325228494145,
                0.4256779582831115,
                0.5666092960422298,
                0.007544883178181489
            ],
            [
                9.077841254850814e-08,
                1.2710480871211822e-08,
                3.082515971476717e-08,
                0.8270769991525593,
                0.1729228665333876
            ],
            [
                1.645794851476068e-08,
                2.7741680483302317e-09,
                2.946856003352967e-09,
                0.000504894227387226,
                0.9994950835936403
            ]
        ],
        [
            [
                0.9234328041922737,
                0.07656719500188243,
                6.687309133509834e-10,
                8.398995495300992e-11,
                5.312304892972028e-11
            ],
            [
                2.1066259034242287e-06,
                0.0014171013044244009,
                0.14765955910966966,
                0.8494805304481999,
                0.001440702511802561
            ],
            [
                7.413460756860027e-05,
                0.36745408487169495,
                0.6324660306562533,
                3.4831182546154326e-06,
                2.2667462284580884e-06
            ],
            [
                5.358611031072516e-10,
                6.209697990913561e-10,
                5.642096041106295e-10,
                0.599281942534317,
                0.40071805574464253
            ],
            [
                7.1132618070960165e-09,
                5.971737100546726e-09,
                4.36379630289936e-09,
                0.24682596326786152,
                0.7531740192833433
            ]
        ],
        [
            [
                0.9963312524055401,
                0.00366874518621603,
                1.097783837543289e-09,
                2.508103642581015e-10,
                1.059649659994971e-09
            ],
            [
                0.00010596296351026564,
                0.810100201094816,
                0.18977403035247942,
                1.9440465944253582e-05,
                3.651232501783122e-07
            ],
            [
                2.3256900313852204e-06,
                0.029606874485029685,
                0.9702066257506673,
                0.00018388551690487153,
                2.8855736678608645e-07
            ],
            [
                2.7040701103695392e-09,
                4.092936568333155e-09,
                1.8409627281019324e-08,
                0.09467932098882059,
                0.9053206538045454
            ],
            [
                4.727105284464516e-10,
                8.860649685418101e-10,
                2.763729739863291e-09,
                0.46860176758218425,
                0.5313982282953105
            ]
        ],
        [
            [
                0.9999477386979264,
                5.226070990182912e-05,
                1.6475410006300104e-10,
                4.1083370582983605e-10,
                1.6583952307656403e-11
            ],
            [
                3.253795677693903e-06,
                0.025662597219252826,
                0.0009800783736352973,
                0.8082566359777252,
                0.16509743463370902
            ],
            [
                7.382991738001966e-05,
                0.11545557834755622,
                0.8824004882363614,
                0.002038903086312524,
                3.120041238981936e-05
            ],
            [
                1.8580042404405534e-09,
                7.089521561041734e-10,
                3.228093439670092e-09,
                0.7253169692340248,
                0.2746830249709253
            ],
            [
                2.7865542325413905e-09,
                7.730444274167493e-09,
                4.926643486695124e-10,
                0.2972883331944803,
                0.7027116557958568
            ]
        ],
        [
            [
                0.9996091421444488,
                0.0003908569860450786,
                5.609574290845656e-10,
                2.2530188186919716e-10,
                8.324679436169684e-11
            ],
            [
                7.729969691084206e-06,
                0.37873114465656443,
                0.09915225330796405,
                0.5220075830406249,
                0.0001012890251555441
            ],
            [
                9.712361224423336e-06,
                0.17038497007059847,
                0.14813405806755578,
                0.6811480485386819,
                0.0003232109619394334
            ],
            [
                5.027442102211623e-08,
                1.5809135577334053e-08,
                1.0205709767065154e-08,
                0.6637553304088494,
                0.3362445933018842
            ],
            [
                7.295452937896104e-09,
                2.4973902810815265e-09,
                1.980071278139203e-09,
                0.49470117865703317,
                0.5052988095700522
            ]
        ],
        [
            [
                0.9999944918707113,
                5.5078356674870625e-06,
                8.189983271534518e-11,
                2.1032759581591368e-11,
                1.90688534737763e-10
            ],
            [
                0.802577956161979,
                0.19742204095135474,
                9.935286318198822e-10,
                1.7459680992903096e-09,
                1.4716951476349635e-10
            ],
            [
                2.8315987821100196e-06,
                0.00206701379525731,
                0.9404511594531937,
                0.057462560131201865,
                1.643502156502597e-05
            ],
            [
                9.518119447328987e-07,
                8.598458260371808e-09,
                9.782433929113214e-10,
                0.3830944151360463,
                0.6169046234753073
            ],
            [
                1.087806365900518e-09,
                9.418793651584682e-11,
                3.191716076125388e-10,
                0.07550820013409451,
                0.9244917983647396
            ]
        ],
        [
            [
                0.8010368917040739,
                0.19896310794752403,
                7.542293149949653e-11,
                2.6408374118027263e-10,
                8.89539677597955e-12
            ],
            [
                1.3796981864574777e-06,
                0.0047206469790827136,
                0.21360544401453813,
                0.781607465460593,
                6.50638475997505e-05
            ],
            [
                5.963618317161751e-07,
                0.005698364890877348,
                0.22900600831144943,
                0.7643408963778124,
                0.0009541340580290762
            ],
            [
                9.434166963646195e-09,
                7.872906344142313e-10,
                1.0266223795096817e-08,
                0.5442960041598344,
                0.45570397535248425
            ],
            [
                0.0001423914586077466,
                5.326964888444801e-10,
                9.430378712985457e-09,
                0.17749920125228866,
                0.8223583973260283
            ]
        ],
        [
            [
                0.9999999838759747,
                1.607893858325932e-08,
                7.426555248792611e-12,
                2.002129784757897e-11,
                1.7638958970485117e-11
            ],
            [
                3.9127969779181503e-08,
                6.447319900442144e-08,
                8.58731340767606e-08,
                0.9635027834337369,
                0.036497027091960225
            ],
            [
                2.758810832485502e-07,
                0.00017130056959096553,
                0.205382623287704,
                0.7924408746145936,
                0.0020049256470281965
            ],
            [
                1.2334609647151264e-08,
                1.8965866985116883e-07,
                2.4437518835368643e-05,
                0.9979823720409541,
                0.0019929884469311403
            ],
            [
                0.00038538977489739845,
                6.017587141577575e-09,
                3.470968919848228e-09,
                0.3421128443826606,
                0.657501756353886
            ]
        ],
        [
            [
                0.9996000291997489,
                0.00039997069361033354,
                7.57527032775514e-11,
                1.8422700818714588e-11,
                1.2465306265640437e-11
            ],
            [
                0.5646042316087692,
                0.4353957635587407,
                3.9263512204550005e-09,
                4.05128540264928e-10,
                5.010104557528885e-10
            ],
            [
                3.631180629007285e-07,
                0.32446142491146146,
                0.6011101535388783,
                0.07442388647418655,
                4.171957410765904e-06
            ],
            [
                1.2547365660491618e-08,
                1.693918730095341e-08,
                7.111959861528366e-09,
                0.8690467869870145,
                0.13095317641447268
            ],
            [
                1.4031405407697546e-08,
                9.621037649153492e-09,
                1.6988090066943962e-09,
                0.2639174893415982,
                0.7360824853071498
            ]
        ],
        [
            [
                0.9991857487631686,
                0.000814250635763288,
                3.1229929601735176e-11,
                1.8252129609772656e-10,
                3.8731692599530855e-10
            ],
            [
                0.5191258552125173,
                0.48087404687538027,
                9.269256209374588e-08,
                2.679933570403483e-09,
                2.5396067265686234e-09
            ],
            [
                1.631194105611778e-07,
                0.0023320270555718383,
                0.9975429162392899,
                0.00012480521376030356,
                8.837196732837307e-08
            ],
            [
                3.0375735691767137e-10,
                9.273930499374296e-09,
                4.872737188522042e-10,
                0.40098914332944346,
                0.599010846605595
            ],
            [
                1.1471917804435176e-08,
                6.566714388295453e-10,
                1.7394418701092957e-11,
                0.19052154882587724,
                0.8094784390281391
            ]
        ],
        [
            [
                0.999992921963155,
                7.077472474448874e-06,
                3.121296046015998e-11,
                9.447842835855603e-11,
                4.3867918899182393e-10
            ],
            [
                0.07328166988224968,
                0.9265796923603049,
                6.36734100391846e-05,
                7.095060308078612e-05,
                4.013744325439945e-06
            ],
            [
                4.997745272387268e-06,
                0.05352462031297838,
                0.7500450808901366,
                0.19634027296163,
                8.502808998275798e-05
            ],
            [
                1.6363329146094712e-10,
                4.2369190987092854e-10,
                4.31437310027384e-11,
                0.3998579147125096,
                0.6001420846570215
            ],
            [
                4.613870806726217e-09,
                3.6837760420166316e-09,
                3.3571727785063114e-09,
                0.5186473857539947,
                0.48135260259118573
            ]
        ],
        [
            [
                0.9894553095934796,
                0.010544689481700505,
                2.979826403178102e-10,
                1.881769642706151e-10,
                4.386603139927511e-10
            ],
            [
                0.615344283415972,
                0.38465571408651467,
                4.3922063056515924e-10,
                1.3394942311342056e-09,
                7.187983622214996e-10
            ],
            [
                1.7150231015236639e-07,
                0.0006187295539008466,
                0.7555786922100225,
                0.243800889573207,
                1.5171605594282842e-06
            ],
            [
                6.278834181404938e-09,
                2.0562676311929685e-09,
                2.90132094650776e-09,
                0.770584700928114,
                0.22941528783546328
            ],
            [
                1.577935504175739e-06,
                8.228057798024081e-11,
                2.6767309111698053e-10,
                2.897250668445076e-06,
                0.9999955244638737
            ]
        ],
        [
            [
                0.9982835697014284,
                0.0017164299598797998,
                2.2721641172885046e-11,
                1.9553201180038216e-10,
                1.2043817245003485e-10
            ],
            [
                9.721454220413382e-08,
                4.1491832429772607e-07,
                1.84762048749647e-06,
                0.997568819785649,
                0.0024288204609968682
            ],
            [
                9.483949586976126e-06,
                0.0005193194339940206,
                0.9951289934216954,
                0.00432980825028723,
                1.2394944436366644e-05
            ],
            [
                3.762035543117947e-10,
                6.589266841687599e-10,
                2.4562845430538124e-09,
                0.5990084146472636,
                0.40099158186132167
            ],
            [
