{
    "[['A', 'B', 'C', 'D', 'E'], ['A', 'B', 'C', 'D', 'E']]": [
        [
            [
                0.9999999886989227,
                4.788346703101191e-09,
                3.862924476789501e-11,
                6.621352683998479e-12,
                6.467479905333801e-09
            ],
            [
                0.955392432729935,
                0.044607563177246054,
                1.642245506660428e-09,
                1.4040656881744886e-09,
                1.046507655380766e-09
            ],
            [
                1.132986980416867e-07,
                1.813196874045952e-07,
                0.4936005498802286,
                0.5055568115537146,
                0.0008423439476712734
            ],
            [
                7.15586268766652e-08,
                1.1148378539511597e-09,
                4.839410503184005e-09,
                0.4795040600942218,
                0.5204958623929029
            ],
            [
                3.7011510555629957e-09,
                2.5647532579305164e-09,
                5.597899685361577e-09,
                0.5612991240926519,
                0.43870086404354425
            ]
        ],
        [
            [
                0.9985417683597061,
                0.0014582311736936059,
                1.984031078607642e-10,
                2.1469247992117664e-10,
                5.3504631537792885e-11
            ],
            [
                0.7961682446092951,
                0.20383171389987212,
                5.0546594074832005e-09,
                2.2674788915065424e-08,
                1.3761384405121608e-08
            ],
            [
                4.566423459439198e-07,
                2.2104598968430685e-06,
                0.9997666266970302,
                0.00018970112015676577,
                4.1005080570228994e-05
            ],
            [
                2.468025575040974e-05,
                1.1634484358882934e-09,
                2.8895457273191632e-08,
                0.5348481589252791,
                0.4651271307600648
            ],
            [
                0.14620992907142577,
                1.507247540549492e-09,
                4.38458717058443e-08,
                0.01907985779153748,
                0.8347101677839175
            ]
        ],
        [
            [
                0.9999999985099359,
                1.4600540723658305e-09,
                9.769480976534484e-12,
                4.589127732554617e-12,
                1.565123632769273e-11
            ],
            [
                0.8035234577629834,
                0.19647653519929748,
                1.459661049505023e-09,
                4.6166829232827295e-09,
                9.613751157649726e-10
            ],
            [
                3.759656122333123e-10,
                5.964403473121815e-10,
                0.9999987512764887,
                1.2470446864892244e-06,
                7.064186964118875e-10
            ],
            [
                1.7948673996095943e-06,
                3.232600160725283e-08,
                1.728749454451959e-07,
                0.22558194642382345,
                0.7744160535078299
            ],
            [
                5.813068203654391e-07,
                2.2126113584407803e-10,
                2.186907022863525e-09,
                0.3760931542248729,
                0.6239062620601387
            ]
        ],
        [
            [
                0.9999625896700257,
                3.7410029689807696e-05,
                2.1260485911088778e-11,
                1.0456445164197575e-10,
                1.744595657720959e-10
            ],
            [
                0.9994518140088883,
                0.0005481719135636619,
                7.431937345540351e-10,
                1.0831409779706505e-08,
                2.502944511381211e-09
            ],
            [
                7.385432851980646e-08,
                3.9483398637012734e-08,
                8.846392897146587e-05,
                0.7646651246071958,
                0.2352462981261056
            ],
            [
                3.1195740681616787e-09,
                2.434404890053043e-09,
                5.4519139971906445e-09,
                0.19936554483131316,
                0.8006344441627938
            ],
            [
                3.252191303711237e-08,
                2.428449158556776e-10,
                1.0645195711172366e-09,
                0.19992253784898942,
                0.8000774283217331
            ]
        ],
        [
            [
                0.9999959757773801,
                4.021848048924305e-06,
                1.1038371283669167e-10,
                7.345073296122763e-11,
                2.1907367038978483e-09
            ],
            [
                0.9457171899484696,
                0.05428280850402905,
                1.206764379192899e-10,
                1.293375405066045e-09,
                1.3344961291324756e-10
            ],
            [
                1.1294116419756566e-07,
                5.619211336392663e-07,
                0.9839813235450079,
                0.015883905805377112,
                0.00013409578731708767
            ],
            [
                4.09194342048117e-08,
                5.927045917504541e-10,
                5.063189394290696e-09,
                0.6491707449952684,
                0.35082920842940346
            ],
            [
                2.6040703682513984e-06,
                1.4574712967004572e-10,
                6.698640876463428e-10,
                0.0008457325374176114,
                0.9991516625766029
            ]
        ],
        [
            [
                0.8350025994605271,
                0.1649973974100034,
                4.474630871155063e-10,
                2.5357438511277823e-09,
                1.4626253357930966e-10
            ],
            [
                0.7500086777009166,
                0.24999130058935218,
                1.5345772041539797e-09,
                1.415521040865277e-08,
                6.01994366134055e-09
            ],
            [
                3.1115335838022843e-06,
                1.8033922108586774e-06,
                0.3576792179823436,
                0.5105484481564387,
                0.13176741893542293
            ],
            [
                3.8274606484138844e-08,
                5.552995815926506e-09,
                1.291302623333492e-08,
                0.342394669013799,
                0.6576052742455725
            ],
            [
                5.433363131625958e-07,
                3.4464055987884896e-08,
                8.734334260636421e-10,
                0.31238703279656577,
                0.6876123885296317
            ]
        ],
        [
            [
                0.9999809765452867,
                1.9013297685222852e-05,
                1.207973533161816e-10,
                5.539027745490774e-10,
                9.482327876937479e-09
            ],
            [
                0.7166404553384853,
                0.28335953268041303,
                2.1999135865211296e-09,
                8.925125621215268e-09,
                8.560623478821015e-10
            ],
            [
                4.6726538523073354e-07,
                5.387024860936405e-06,
                0.47310193671320977,
                0.5182270519723972,
                0.00866515702414695
            ],
            [
                1.959029839453613e-09,
                1.3410362701427286e-10,
                1.2353849662809744e-09,
                0.7999314668325225,
                0.20006852983895915
            ],
            [
                6.707364281080793e-05,
                1.242576100283572e-09,
                1.152492689414526e-09,
                0.0028314555393654244,
                0.9971014684227549
            ]
        ],
        [
            [
                0.9999313514273059,
                6.864804622721375e-05,
                1.683378786326661e-10,
                3.510595511751632e-10,
                7.06930930871936e-12
            ],
            [
                0.014174543503037082,
                0.9817191667345996,
                0.000331879131544559,
                0.0037422889671163643,
                3.212166370217672e-05
            ],
            [
                5.233139810596355e-12,
                8.167326993263296e-11,
                0.9999999998477882,
                4.7365576320001495e-11,
                1.793960694668776e-11
            ],
            [
                3.6161000545278977e-09,
                1.4449348406708389e-09,
                6.218692801223786e-09,
                0.1949856672726102,
                0.8050143214476622
            ],
            [
                9.956331748878433e-07,
                8.660190584606039e-09,
                4.914961138614551e-09,
                0.00025480291294440886,
                0.999744187878729
            ]
        ],
        [
            [
                0.9999973976803529,
                2.6021398501369237e-06,
                8.012170243393563e-12,
                1.5460121738577384e-10,
                1.7183549059112617e-11
            ],
            [
                0.9847966599514538,
                0.01520333675151743,
                6.845627055502654e-11,
                2.50009300131439e-09,
                7.284794736725779e-10
            ],
            [
                8.627402758537501e-08,
                1.6080503111586182e-08,
                5.629152703764593e-07,
                0.6306478917541883,
                0.36935144297601064
            ],
            [
                1.1717489537294112e-05,
                3.743140155292057e-09,
                5.2292357687581087e-08,
                0.2708454403413679,
                0.7291427861335968
            ],
            [
                1.1285899430274271e-10,
                9.390010928995003e-11,
                3.6695350149483385e-10,
                2.5636135708253256e-05,
                0.9999743632905792
            ]
        ],
        [
            [
                0.9999585082705321,
                4.149123303707363e-05,
                2.4443617428152266e-10,
                1.5065339243621808e-10,
                1.013412992661968e-10
            ],
            [
                0.7920732269781634,
                0.20792677014520278,
                1.0764164366270937e-09,
                1.207053235796681e-09,
                5.931640292726007e-10
            ],
            [
                7.99241209869445e-09,
                1.11221144397659e-07,
                0.9999936835612683,
                6.15987718884412e-06,
                3.734798641624819e-08
            ],
            [
                2.8979092938068346e-08,
                3.313462282342324e-09,
                1.997703987933716e-08,
                0.4871280029040064,
                0.5128719448263986
            ],
            [
                0.17615939080442417,
                1.0768065544384126e-08,
                2.6262778509967194e-08,
                0.00746970170928882,
                0.8163708704554429
            ]
        ],
        [
            [
                0.99998069898565,
                1.9300628207103136e-05,
                1.7326683167225625e-10,
                2.0084178743204058e-10,
                1.2034189227596252e-11
            ],
            [
                0.9455577197456009,
                0.05444225503364222,
                1.375077142040567e-09,
                4.126665732392541e-09,
                1.9719013934624254e-08
            ],
            [
                4.5234112386619304e-08,
                3.969232017273543e-08,
                6.485865872803311e-07,
                0.39447737994492876,
                0.6055218865420514
            ],
            [
                3.838688777536695e-09,
                2.7198375926956354e-09,
                4.37014556587395e-08,
                0.3997818338359391,
                0.6002181159040789
            ],
            [
                2.72020178786397e-06,
                3.816614105894586e-09,
                5.483823373037878e-08,
                0.5486760481109386,
                0.45132117303242564
            ]
        ],
        [
            [
                0.9996978328995915,
                0.00030216692520993236,
                8.857631856173764e-11,
                3.162793323275121e-11,
                5.499426548927874e-11
            ],
            [
                0.6769822026935817,
                0.32301779457523366,
                3.913737075058299e-10,
                1.0486645005879227e-09,
                1.2911464031899146e-09
            ],
            [
                5.218861570910031e-09,
                1.2339146614323575e-07,
                0.9999988653734883,
                9.11956131730151e-07,
                9.40600523294508e-08
            ],
            [
                2.475458846385065e-09,
                1.6336243760636575e-08,
                3.920717829339657e-09,
                0.5051832198465294,
                0.49481675742105014
            ],
            [
                1.347150333135666e-07,
                8.276373567616131e-09,
                1.784676373865428e-08,
                0.17841163461232157,
                0.8215882045495078
            ]
        ],
        [
            [
                0.9996326931442893,
                0.0003673065206332606,
                3.7084399026908666e-11,
                2.5230577855048835e-10,
                4.568728353821565e-11
            ],
            [
                0.9999103821147615,
                8.961659647882779e-05,
                2.929140887545055e-10,
                9.074268793956421e-10,
                8.841886517052314e-11
            ],
            [
                1.0660579880485916e-06,
                1.343929503043855e-06,
                0.08839600539917913,
                0.526743311494239,
                0.3848582731190907
            ],
            [
                0.0017154980944642235,
                3.35422941146821e-09,
                1.7796232444163296e-09,
                0.023451039766636945,
                0.9748334570050462
            ],
            [
                5.552926119441131e-07,
                6.836325522741019e-09,
                5.51552212968826e-09,
                0.1947449527307214,
                0.805254479624819
            ]
        ],
        [
            [
                0.9999956763225784,
                4.323245938614219e-06,
                2.3636961773388836e-11,
                3.52151132804263e-11,
                3.726309029440785e-10
            ],
            [
                0.407781936706743,
                0.5922159846238876,
                5.178241287901346e-08,
                1.9873602888395568e-06,
                3.952666777557516e-08
            ],
            [
                1.0815924714543369e-06,
                0.00021259373606813262,
                0.18260903195292225,
                0.7576095612097471,
                0.05956773150879114
            ],
            [
                2.0605573200710117e-10,
                2.499096320543797e-10,
                1.8875818504861494e-10,
                0.5981418722300199,
                0.4018581271252565
            ],
            [
                0.0001821973909048526,
                3.277949796478689e-08,
                1.0802265349458865e-09,
                0.035889586562600835,
                0.9639281821867699
            ]
        ],
        [
            [
                0.9999993196440763,
                6.794325666913115e-07,
                6.905336120199036e-10,
                1.9971190843700814e-10,
                3.311156800631416e-11
            ],
            [
                4.994502341422758e-06,
                0.0376760016682474,
                0.9050345667458423,
                0.056658297317676715,
                0.0006261397658922475
            ],
            [
                5.678527235572062e-08,
                9.62323111305759e-07,
                0.00023612418873891,
                0.6249556616055056,
                0.37480719509737165
            ],
            [
                8.662276278767168e-08,
                2.5244626928541934e-08,
                2.7064444998452325e-08,
                0.3998182979664606,
                0.6001815631017047
            ],
            [
                3.0192862728030014e-07,
                2.152535013289018e-09,
                5.4474745764766285e-09,
                0.4868416213112746,
                0.5131580691600885
            ]
        ],
        [
            [
                0.9999998041904181,
                1.922153167036039e-07,
                4.14188753545039e-11,
                9.252142933229851e-11,
                3.460324865828752e-09
            ],
            [
                0.9994556562770738,
                0.0005443407063489306,
                9.118425481971806e-11,
                2.5620832181592462e-09,
                3.6330983021311143e-10
            ],
            [
                5.8512756063219536e-09,
                1.20203414294518e-07,
                0.9999993886399213,
                4.3979494857635277e-07,
                4.5510440194465956e-08
            ],
            [
                5.343796741179813e-05,
                4.337106884190126e-08,
                1.4879023892172734e-08,
                0.5996667371634096,
                0.40027976661908593
            ],
            [
                4.199481893754165e-09,
                1.3793580018498692e-09,
                6.686036717033412e-10,
                0.0021538374717762054,
                0.9978461562807802
            ]
        ],
        [
            [
                0.9993653247510313,
                0.0006346742010642002,
                1.5848971800639255e-11,
                4.840423940206271e-10,
                5.480132511894272e-10
            ],
            [
                0.9993150375144311,
                0.0006849616783347648,
                3.002669772825304e-10,
                1.614378750428684e-10,
                3.455294048834923e-10
            ],
            [
                8.04411985180265e-08,
                1.0073383898198336e-06,
                0.9999786653395534,
                2.012468910407206e-05,
                1.2219175409457247e-07
            ],
            [
                3.638834762586665e-08,
                4.7368927971841194e-09,
                2.6117775366477355e-08,
                0.4150413553587821,
                0.5849585773982021
            ],
            [
                0.18797463279306612,
                6.116502048909665e-08,
                2.0205529789326318e-08,
                0.5665051175858762,
                0.24552016825050735
            ]
        ],
        [
            [
                0.999959026313577,
                4.097343216366149e-05,
                8.736520774609981e-11,
                7.021352974446902e-11,
                9.668058054180756e-11
            ],
            [
                0.002414997437798597,
                0.9975771697293497,
                5.796031977077676e-06,
                1.772484219493893e-06,
                2.6431665508983554e-07
            ],
            [
                1.1649622388110078e-08,
                2.9171901184002495e-06,
                0.999690196707357,
                0.0003061936340095397,
                6.808188926674509e-07
            ],
            [
                1.5791460033175098e-06,
                6.932932701189858e-10,
                1.3314234115452435e-09,
                0.06875973359298429,
                0.9312386852362957
            ],
            [
                8.392530726894422e-05,
                5.720107063705218e-09,
                1.0525573308983111e-08,
                0.005871883170263643,
                0.994044175276787
            ]
        ],
        [
            [
                0.9999984205248599,
                1.5782641287444917e-06,
                3.6804877291178343e-10,
                1.3317820171708059e-10,
                7.097843672691959e-10
            ],
            [
                0.7470735197522046,
                0.2529264694571351,
                7.73005143918222e-09,
                6.297239612244343e-10,
                2.430885106734366e-09
            ],
            [
                1.2679005932178937e-05,
                0.004091397460941085,
                0.0651435460824296,
                0.5098488575827717,
                0.4209035198679255
            ],
            [
                3.3879007633095568e-06,
                3.585044676066798e-09,
                2.852254473158125e-09,
                0.20948521081892468,
                0.7905113948430129
            ],
            [
                0.0035972780837413877,
                5.763419592373836e-08,
                7.364679382231687e-08,
                0.188164720279871,
                0.8082378703553978
            ]
        ],
        [
            [
                0.8948824168271329,
                0.10511758071322162,
                6.412869629777559e-10,
                7.944636529091517e-10,
                1.0238948714429806e-09
            ],
            [
                0.00024586909716371204,
                0.12660321903256794,
                0.8635521098293112,
                0.009518273804631472,
                8.052823632567958e-05
            ],
            [
                7.552796257332397e-07,
                9.955759132347944e-07,
                0.003665252112190232,
                0.7372202355755039,
                0.259112761456767
            ],
            [
                5.163286742629015e-06,
                6.394317824068744e-09,
                6.263300192367211e-10,
                0.39560924445920653,
                0.604385585233403
            ],
            [
                0.02383904955325037,
                9.189147272804868e-09,
                1.584891711297447e-08,
                0.15411457012927393,
                0.8220463552794113
            ]
        ],
        [
            [
                0.9462085324919246,
                0.05379146733713404,
                3.948357491075482e-12,
                1.2706879460913828e-10,
                3.992413681016585e-11
            ],
            [
                0.6007105137455769,
                0.399289484928105,
                1.3736847630760367e-10,
                5.683666354862213e-10,
                6.205829849661253e-10
            ],
            [
                5.2372584453511685e-08,
                2.764104805049709e-07,
                5.348249998086906e-05,
                0.9798008189513034,
                0.020145369765650734
            ],
            [
                5.142558701283627e-08,
                7.307109276428001e-09,
                4.64681423296659e-09,
                0.5642168878369215,
                0.4357830487835681
            ],
            [
                3.351904197726863e-06,
                7.143618184246731e-10,
                1.615399177216346e-09,
                0.20104011124829352,
                0.7989565345177477
            ]
        ],
        [
            [
                0.9999997829559913,
                2.1486309329357498e-07,
                1.7493441682330945e-09,
                3.724982086614113e-10,
                5.907301094257209e-11
            ],
            [
                0.5929456112136089,
                0.4070539324770573,
                4.027814056001496e-09,
                4.3534103091252824e-07,
                1.694048871679745e-08
            ],
            [
                2.3629089968104923e-08,
                1.5505930028602058e-06,
                0.9988845903713771,
                0.0011001498304320646,
                1.3685576098083924e-05
            ],
            [
                4.533826639340125e-07,
                7.906504880984162e-11,
                9.105874519450547e-09,
                0.001350758000181707,
                0.9986487794322148
            ],
            [
                4.0702725082066536e-05,
                3.84649530617775e-09,
                1.1352041391021225e-08,
                0.20235552535000131,
                0.7976037567263798
            ]
        ],
        [
            [
                0.9994737087007141,
                0.0005262908284992825,
                1.0463165003839651e-11,
                3.179948881577161e-10,
                1.4232861477806984e-10
            ],
            [
                0.6531132319167605,
                0.346886764395258,
                2.37739391953675e-09,
                6.591757096020116e-10,
                6.514118309878961e-10
            ],
            [
                1.7649903168099753e-06,
                1.2229348599113608e-06,
                0.7800059193714597,
                0.21985396268396679,
                0.00013713001939680215
            ],
            [
                6.263880687968633e-08,
                1.3419726980253205e-08,
                5.546581857141267e-09,
                0.2039912248473158,
                0.7960086935475685
            ],
            [
                1.1663195943335056e-05,
                3.028384128568608e-10,
                2.103609375520549e-09,
                0.0013386823393095972,
                0.9986496520582993
            ]
        ],
        [
            [
                0.9977708998638551,
                0.002229098164379911,
                3.359788081074887e-10,
                1.1907338759649571e-10,
                1.516712750932316e-09
            ],
            [
                0.5838270089178851,
                0.4161729048375708,
                2.535059924066711e-08,
                5.4337823701937527e-08,
                6.556121192987659e-09
            ],
            [
                1.616875557001876e-07,
                3.3006657872596377e-06,
                0.00044633496892294497,
                0.32231758049310566,
                0.6772326221846284
            ],
            [
                7.91527555329107e-09,
                2.629322673431703e-09,
                4.6635906023661645e-08,
                0.4324394946551859,
                0.56756044816431
            ],
            [
                1.2470046421805745e-06,
                4.794503967485482e-10,
                8.486905982878293e-09,
                0.015653372919378506,
                0.984345371109623
            ]
        ],
        [
            [
                0.9995054744061602,
                0.0004945249050786431,
                8.010186578045925e-11,
                7.061732976753449e-11,
                5.380418046956447e-10
            ],
            [
                6.336990318433442e-05,
                0.0807499680088932,
                0.597405051984481,
                0.32141801906808787,
                0.0003635910353534348
            ],
            [
                7.242738964104602e-08,
                5.4310081213863693e-08,
                0.9999744642264585,
                1.6308925896176675e-05,
                9.10011017444314e-06
            ],
            [
                3.8390715955100734e-08,
                2.8391621293910405e-09,
                9.680199509098227e-10,
                0.3244694523552245,
                0.6755305054468775
            ],
            [
                4.293212958383545e-08,
                3.6042374886715286e-09,
                3.782959324544644e-08,
                0.00041918210998955044,
                0.9995807335240502
            ]
        ],
        [
            [
                0.7469938874425963,
                0.2530061120815803,
                1.8611988323131652e-10,
                1.2495203402036213e-10,
                1.6475146928124122e-10
            ],
            [
                0.0027650221037512136,
                0.62086389657622,
                0.3696006094715294,
                0.006684165466428989,
                8.630638207036051e-05
            ],
            [
                8.049637191913091e-08,
                6.398021233280046e-07,
                0.9900052062847258,
                0.009515421746741325,
                0.00047865167003776683
            ],
            [
                7.975019508636697e-09,
                1.6896676537637548e-09,
                1.0949581909417466e-08,
                0.4041236189241038,
                0.5958763604616271
            ],
            [
                4.531985915269603e-07,
                1.4080430691891391e-08,
                1.5370228870233303e-08,
                0.1953968868694776,
                0.8046026304812713
            ]
        ],
        [
            [
                0.9635148703985232,
                0.03648512871504428,
                3.655144239034855e-11,
                1.5471943168740114e-11,
                8.344090837133422e-10
            ],
            [
                0.8006590532582256,
                0.19934093342945808,
                5.745021640565742e-10,
                7.253601631760271e-09,
                5.484212578293637e-09
            ],
            [
                2.8507984272855286e-07,
                2.799446975803983e-06,
                0.018284955983367195,
                0.7609920727754661,
                0.2207198867143481
            ],
            [
                9.653691120311455e-11,
                4.310999020765932e-10,
                3.705399171202592e-10,
                0.004595925997143402,
                0.9954040731046799
            ],
            [
                3.951961469428134e-08,
                2.7984371619264258e-09,
                7.085173586918233e-08,
                0.5767684576877131,
                0.4232314291424991
            ]
        ],
        [
            [
                0.9999967340507485,
                3.261582308686908e-06,
                7.416278554676093e-11,
                3.3497293240527853e-10,
                3.957807071637265e-09
            ],
            [
                0.02874854819910438,
                0.9704224842772475,
                0.00047772463436739255,
                0.0003480014194113167,
                3.2414698694085944e-06
            ],
            [
                2.2947828527209204e-08,
                6.943128429808114e-08,
                3.8957708721761335e-07,
                0.4146360936452675,
                0.5853634243985325
            ],
            [
                6.450716478722208e-09,
                2.1113779515890057e-09,
                4.0079840420155726e-08,
                0.1635151377331283,
                0.8364848136249368
            ],
            [
                1.5018452104209261e-07,
                1.8726251528794231e-10,
                5.709056272357782e-09,
                0.6947216950290923,
                0.3052781488900678
            ]
        ],
        [
            [
                0.9999999370124274,
                6.21898999042686e-08,
                1.2540949851592805e-10,
                3.2325981711723747e-10,
                3.490034432097474e-10
            ],
            [
                0.008975717346009224,
                0.9704285886511436,
                0.020532254205979043,
                4.087088002666503e-05,
                2.2568916841527464e-05
            ],
            [
                8.045776302315501e-07,
                1.5432023071510255e-06,
                0.28700617420954644,
                0.6683747216815714,
                0.044616756328944775
            ],
            [
                1.0791867228950164e-08,
                1.3634689669017208e-09,
                5.949548820730101e-09,
                0.599214254784676,
                0.4007857271104389
            ],
            [
                1.2389537817673846e-06,
                1.0123365637285555e-09,
                1.924714731981654e-09,
                0.055126856599098085,
                0.9448719015100688
            ]
        ],
        [
            [
                0.996383486569558,
                0.003616512370347317,
                3.4277136241937524e-10,
                3.315477291131736e-10,
                3.8577568590325424e-10
            ],
            [
                0.0008845377370369023,
                0.856491570927192,
                0.11457519655072532,
                0.027992456922353956,
                5.623786269178756e-05
            ],
            [
                1.4544411399517543e-08,
                3.122194805748034e-06,
                0.9840304059389904,
                0.01592863953612542,
                3.781778566700969e-05
            ],
            [
                1.8165537613057862e-09,
                1.2374131611941285e-08,
                9.718645932085233e-08,
                0.007465778865150101,
                0.9925341097577052
            ],
            [
                9.676540007705843e-08,
                1.1748516239315648e-07,
                8.805704908899317e-09,
                0.12718367375207412,
                0.8728161031916584
            ]
        ],
        [
            [
                0.9999753011257524,
                2.469129742073507e-05,
                1.318624855182291e-10,
                7.07280050923982e-10,
                6.737684368822367e-09
            ],
            [
                0.8058196708719013,
                0.1941803276916086,
                2.610818645414498e-11,
                7.056025352542007e-11,
                1.3398216341044953e-09
            ],
            [
                3.4080386232654535e-07,
                2.992115314335554e-07,
                0.3900038059344958,
                0.5949800185739378,
                0.01501553547617266
            ],
            [
                1.850163990538148e-08,
                2.2834497263905182e-08,
                4.309964407566047e-09,
                0.13761188301088606,
                0.8623880713430123
            ],
            [
                2.0142279060393618e-07,
                2.248070489168656e-09,
                2.8167049220891777e-10,
                0.3990120013960282,
                0.6009877946514403
            ]
        ],
        [
            [
                0.9999990820736246,
                9.14415016036661e-07,
                4.89625234895447e-10,
                4.886351372810177e-10,
                2.5330989590597514e-09
            ],
            [
                0.997442950453923,
                0.002557047589058692,
                2.4086685847795607e-10,
                1.5189012748493818e-09,
                1.972502707555831e-10
            ],
            [
                3.3974161202997814e-06,
                7.974550088203865e-06,
                0.2241927287442123,
                0.6151257346288664,
                0.16067016466071274
            ],
            [
                2.3332043047102517e-09,
                3.3391787662233255e-09,
                5.961672598883436e-09,
                0.2749982544141926,
                0.7250017339517517
            ],
            [
                2.083771914761741e-08,
                1.509817630129806e-08,
                2.248394061783856e-08,
                0.558054987859234,
                0.44194495372092985
            ]
        ],
        [
            [
                0.9703879542818852,
                0.029612045120926418,
                2.638185015148386e-10,
                1.7414914129088479e-10,
                1.5922076803266091e-10
            ],
            [
                0.6379931064149803,
                0.36200688695489597,
                9.751221894436367e-10,
                4.833469719089315e-09,
                8.215317561926128e-10
            ],
            [
                3.4782214376213293e-06,
                0.0018006057926280676,
                0.37762963174127,
                0.5530311733196739,
                0.06753511092499048
            ],
            [
                5.246094690595068e-08,
                8.099862855718077e-10,
                2.3261370867157315e-09,
                0.8239196712869176,
                0.17608027311601218
            ],
            [
                1.429193962352023e-09,
                1.1355883737367719e-09,
                1.7373729692122827e-09,
                0.12454410350715917,
                0.8754558921906855
            ]
        ],
        [
            [
                0.999992371979421,
                7.627760758739529e-06,
                1.1557340737713943e-10,
                2.9432042640072447e-11,
                1.148146709167975e-10
            ],
            [
                0.11729946186476167,
                0.8825635069210231,
                2.068177109790794e-05,
                0.00011628985517889444,
                5.958793842745393e-08
            ],
            [
                7.489036577519615e-09,
                3.714329146126716e-08,
                0.99640199119121,
                0.003597375944833317,
                5.882316286791959e-07
            ],
            [
                3.542032306818827e-08,
                3.839421446888819e-09,
                4.899703176122546e-08,
                0.3511134267032368,
                0.6488864850399869
            ],
            [
                0.06416393713811737,
                1.4682436726720242e-07,
                2.994979652221636e-08,
                0.01803721874086499,
                0.9177986673468538
            ]
        ],
        [
            [
                0.9761439445684763,
                0.023856053755604567,
                1.0656921107143318e-09,
                4.949876553516413e-10,
                1.1523942306006734e-10
            ],
            [
                0.4057753450425562,
                0.5942240741842242,
                8.991758328756618e-10,
                5.760378296519699e-07,
                3.836214088779349e-09
            ],
            [
                2.055911222865261e-06,
                0.00025615755952926214,
                0.8002252829764493,
                0.19922621434197182,
                0.000290289210826788
            ],
            [
                3.619857753490525e-08,
                4.366823970071724e-09,
                4.5826381646576e-08,
                0.43508017121037507,
                0.5649197423978417
            ],
            [
                2.3040333117984596e-08,
                5.6206795912611685e-09,
                3.354580447088908e-09,
                0.28516691289778984,
                0.7148330550866171
            ]
        ],
        [
            [
                0.7907853164892632,
                0.20921468244977226,
                3.5504108317715617e-10,
                3.904348043242463e-10,
                3.154886107532566e-10
            ],
            [
                0.6793356135551882,
                0.32066438252753765,
                8.016662433312104e-10,
                7.422340779237788e-10,
                2.3733738849107123e-09
            ],
            [
                1.0452441286270691e-07,
                1.2039256536779605e-06,
                0.0044842717499501755,
                0.6329798389922324,
                0.3625345808077508
            ],
            [
                8.199249107717968e-06,
                2.6673924600470456e-07,
                1.7916799253607047e-08,
                0.4650621283253983,
                0.5349293877694488
            ],
            [
