{
    "[['A', 'B', 'C', 'D', 'E'], ['A', 'B', 'C', 'D', 'E']]": [
        [
            [
                0.9996997270753919,
                0.00030027210811197676,
                2.571444374235509e-10,
                1.3300636247921897e-10,
                4.26345290013423e-10
            ],
            [
                4.038798020399016e-06,
                0.08767246821801103,
                0.00021904524253320038,
                0.911412928777841,
                0.0006915189635944678
            ],
            [
                1.8677555581242062e-06,
                2.8978232877609607e-05,
                0.4412849721821611,
                0.558636396125123,
                4.7785704280298886e-05
            ],
            [
                3.18514607326928e-07,
                2.3527599418779054e-05,
                8.637816325172132e-08,
                0.7943333104426765,
                0.20564275706513416
            ],
            [
                0.9999477130618789,
                5.228643042468538e-05,
                5.7467207379844116e-11,
                2.244590855460323e-10,
                2.2577013079392288e-10
            ]
        ],
        [
            [
                0.9996145398216013,
                0.00038544845745894284,
                1.535957229467148e-10,
                7.272755899990677e-10,
                1.084006847559542e-08
            ],
            [
                3.5770909642802818e-06,
                0.19966668289871298,
                0.45461127689592945,
                0.3456608422078251,
                5.762090656820643e-05
            ],
            [
                2.0947056639136916e-07,
                7.016024480951898e-05,
                0.41415313614705535,
                0.5854758758428672,
                0.00030061829470157234
            ],
            [
                7.808037142856111e-07,
                7.377716780053806e-08,
                2.6007823836302165e-08,
                0.40049321565537993,
                0.5995059037559142
            ],
            [
                0.9244863676482632,
                0.07551312692155095,
                1.2164893563940182e-08,
                3.6699990853846454e-07,
                1.262653836605272e-07
            ]
        ],
        [
            [
                0.9996146411126549,
                0.0003853570538306813,
                8.082429172682675e-10,
                2.728428226921351e-10,
                7.52428481209359e-10
            ],
            [
                1.5070630961458003e-06,
                0.3751106347529587,
                0.0018054500698105327,
                0.62113756077383,
                0.001944847340304495
            ],
            [
                4.9398207544679994e-11,
                2.5776514357670555e-11,
                0.9999999822844705,
                1.7540166906797385e-08,
                1.0018780585484518e-10
            ],
            [
                1.480697172757529e-05,
                7.941075632038196e-07,
                7.813771155000629e-08,
                0.8173785054508704,
                0.18260581533212727
            ],
            [
                0.9999883269327706,
                1.4190756421079076e-08,
                3.825369461502329e-10,
                1.8254909657641538e-10,
                1.1658311386967158e-05
            ]
        ],
        [
            [
                0.9999999985456143,
                1.31387880500064e-09,
                8.93595561891905e-12,
                2.4393604896919593e-12,
                1.2913156668878348e-10
            ],
            [
                2.1248759256265243e-07,
                4.6159664342843585e-05,
                0.00014778830275334696,
                0.9935481554975307,
                0.0062576840477805715
            ],
            [
                2.362369712252016e-07,
                0.004393584655010609,
                0.7883897758516266,
                0.20712812206259867,
                8.82811937927296e-05
            ],
            [
                5.069463712512695e-07,
                8.36035591778713e-07,
                4.400256362686742e-08,
                0.45461248325011755,
                0.5453861297653557
            ],
            [
                0.9978015816875069,
                0.0021984087939886945,
                4.1671967044380883e-10,
                2.663181959985194e-09,
                6.438602760804149e-09
            ]
        ],
        [
            [
                0.9998575953209844,
                0.00014240347172056223,
                4.3103439561040474e-10,
                5.617080061614271e-10,
                2.1455262172055823e-10
            ],
            [
                6.689200555203435e-07,
                0.03795847272760588,
                0.005022940865464902,
                0.9569889841867112,
                2.893330016256303e-05
            ],
            [
                1.9547891949322448e-11,
                6.015725110931276e-10,
                0.9999999817070645,
                1.7660957834987733e-08,
                1.0857313528140244e-11
            ],
            [
                9.070144869166296e-09,
                2.027520740796321e-08,
                2.4089757365609058e-09,
                0.2004079415506199,
                0.7995920266950521
            ],
            [
                0.9993654591711464,
                0.0006345398537099628,
                4.1254535046501975e-11,
                4.38014820780536e-11,
                8.900876446502985e-10
            ]
        ],
        [
            [
                0.9999977976473733,
                2.1989788779998953e-06,
                3.930290966790541e-10,
                8.577121599040361e-10,
                2.1230074991262373e-09
            ],
            [
                3.399928372593006e-06,
                0.15919290204130107,
                0.03908192707409047,
                0.8015882972459388,
                0.0001334737102969551
            ],
            [
                3.856144817907395e-07,
                1.6394731441135205e-05,
                0.8021472731971518,
                0.004545751684780269,
                0.19329019477214482
            ],
            [
                0.19999804678780256,
                1.6009696309681192e-06,
                7.90546285978313e-08,
                0.2537883929360489,
                0.5462118802518889
            ],
            [
                0.9999929027793905,
                7.096532375654003e-06,
                3.3403860658559714e-10,
                1.0961329866473662e-10,
                2.445820039659345e-10
            ]
        ],
        [
            [
                0.9942053641162625,
                0.005794634164525817,
                6.525301731864015e-10,
                7.461870393607606e-11,
                9.920629293017338e-10
            ],
            [
                5.626063038973425e-07,
                4.022151819806155e-06,
                0.001351677686901934,
                0.998030719285377,
                0.0006130182695973919
            ],
            [
                1.6433531266158354e-07,
                7.699036527598503e-08,
                0.9986351760123572,
                0.0011869956323263702,
                0.00017758702963852077
            ],
            [
                1.3246763810261638e-07,
                3.5988313354991896e-06,
                1.096235458968239e-06,
                0.9299583647158198,
                0.07003680774974758
            ],
            [
                0.9999973864118081,
                2.611839420134584e-06,
                5.6728900811331314e-11,
                4.105918606128996e-11,
                1.6509834858718289e-09
            ]
        ],
        [
            [
                0.9998058160635677,
                0.0001941822588506901,
                4.3467059968269894e-10,
                1.2359504803909695e-10,
                1.119316037674081e-09
            ],
            [
                4.944154207538e-07,
                0.0008367200138600969,
                0.18118562799715784,
                0.8179075168892311,
                6.964068433010077e-05
            ],
            [
                4.2552164516354316e-07,
                5.982215651719846e-07,
                6.866200731595572e-05,
                0.9963489587353275,
                0.0035813555141462595
            ],
            [
                0.0016523334045812227,
                7.3239614749219084e-06,
                1.783059942119837e-07,
                0.4251423603843297,
                0.57319780394362
            ],
            [
                0.9999981834246798,
                1.3311878968561748e-06,
                7.443780020419074e-10,
                1.1562031547684582e-09,
                4.834868420264519e-07
            ]
        ],
        [
            [
                0.9761252125400365,
                0.023874784537687314,
                3.6917486172841076e-10,
                1.4828388771450794e-09,
                1.0702624130774847e-09
            ],
            [
                1.740402341968108e-05,
                0.04450462814270325,
                0.033456599296227046,
                0.9216027771378367,
                0.0004185913998133608
            ],
            [
                2.792276728992639e-08,
                8.433933226290666e-08,
                9.794261603455318e-07,
                0.730690532713662,
                0.26930837559807813
            ],
            [
                9.860741661633008e-07,
                1.8506955112871677e-08,
                2.7529288027784885e-09,
                0.6002047944723021,
                0.3997941981936479
            ],
            [
                0.8913793951811093,
                0.10862059790088743,
                1.652169838003328e-09,
                1.4596637941058709e-09,
                3.8061698143603714e-09
            ]
        ],
        [
            [
                0.9999560920133069,
                4.390753682415834e-05,
                2.473320353527338e-10,
                4.692875932452647e-11,
                1.5560808621163376e-10
            ],
            [
                2.5578506209429917e-06,
                9.518816479413913e-05,
                0.2379060493638772,
                0.7618100018987473,
                0.00018620272196059876
            ],
            [
                4.569746600647654e-07,
                0.004661988708210736,
                0.39556457174578485,
                0.5997437364170239,
                2.924615432041872e-05
            ],
            [
                0.007398876797663589,
                8.664709065894853e-06,
                6.739675438032199e-07,
                0.6245162530586698,
                0.36807553146705696
            ],
            [
                0.992564956450525,
                0.007434965437745218,
                3.737552844336183e-09,
                6.858618045045965e-09,
                6.751555891632698e-08
            ]
        ],
        [
            [
                0.9999908992244609,
                9.095269629203156e-06,
                2.8530139290470356e-09,
                2.387602479053504e-09,
                2.652934407952524e-10
            ],
            [
                1.8161966655590935e-05,
                0.3902212062615296,
                0.012353566120976755,
                0.5938333175475087,
                0.0035737481033294204
            ],
            [
                7.376657351797837e-11,
                1.824046719288969e-10,
                0.9999996464295662,
                3.5285442627784994e-07,
                4.5983631519655275e-10
            ],
            [
                3.967279384186769e-09,
                7.056107561167937e-09,
                3.623837902981974e-08,
                0.6058509582115728,
                0.39414899452666124
            ],
            [
                0.9999998933171292,
                1.0280970500690262e-07,
                5.69010137427189e-12,
                1.2351542825882644e-10,
                3.743960243013186e-09
            ]
        ],
        [
            [
                0.9999999107236368,
                5.825361735426268e-08,
                8.287316975430509e-11,
                3.781432150179501e-10,
                3.056172947472332e-08
            ],
            [
                4.949522328811538e-06,
                0.0759705576625769,
                0.08197053083675342,
                0.8415367479428357,
                0.0005172140355051568
            ],
            [
                3.824271610009074e-06,
                1.5360575312748333e-05,
                0.44240649604594856,
                0.5152193359774081,
                0.042354983129720504
            ],
            [
                1.4732232493246352e-08,
                2.0077659446098365e-08,
                9.73660992114467e-10,
                0.20454452269945017,
                0.7954554415169969
            ],
            [
                0.9999477544496719,
                5.2242010415716255e-05,
                2.4298448427693626e-09,
                4.80029440930448e-10,
                6.300381861776402e-10
            ]
        ],
        [
            [
                0.9999968418126144,
                3.157431443470254e-06,
                2.240892670442218e-10,
                5.263671896531705e-11,
                4.792160771263782e-10
            ],
            [
                1.2954698406470228e-05,
                0.250515556650468,
                0.14825498833988102,
                0.6006869678945783,
                0.0005295324166662273
            ],
            [
                8.762263253355604e-07,
                0.00018917281500088848,
                0.7178237175581859,
                0.2789757870219059,
                0.003010446378582075
            ],
            [
                0.18073803588984796,
                1.5204035062919217e-06,
                1.2611083161574138e-08,
                0.5988692511903142,
                0.2203911799052483
            ],
            [
                0.9998529233035943,
                0.00014702846230924858,
                1.7681603500630909e-09,
                7.643679327576e-09,
                3.882225675984976e-08
            ]
        ],
        [
            [
                0.9998889776204049,
                0.00011102158289854206,
                4.5647930997154394e-10,
                1.533295983972216e-10,
                1.8688767671160517e-10
            ],
            [
                5.318716286206794e-07,
                0.013945342909162994,
                0.0003605170338150149,
                0.9849840657107004,
                0.0007095424746929591
            ],
            [
                2.5826747919963136e-06,
                0.20714355940130996,
                0.10213447679829263,
                0.6906809764111658,
                3.8404714439683554e-05
            ],
            [
                1.3310041089205506e-08,
                3.6731512728179934e-09,
                1.474026141587052e-09,
                0.7851995307445395,
                0.21480045079824198
            ],
            [
                0.9999999162910502,
                7.781556557813095e-08,
                2.3865458628592363e-11,
                1.6696253198471457e-09,
                4.199893399463645e-09
            ]
        ],
        [
            [
                0.9999973590020861,
                2.635405459886874e-06,
                4.616644177943684e-11,
                2.5031510220754323e-10,
                5.295972483573892e-09
            ],
            [
                0.9111718023895725,
                0.08882813026674416,
                3.3675676869447803e-09,
                5.6564337284341087e-08,
                7.411778528521878e-09
            ],
            [
                6.3979390432373174e-12,
                3.8039566881774313e-11,
                0.9999999995789766,
                3.4881868364454496e-10,
                2.7767147928921953e-11
            ],
            [
                0.12441988060187247,
                3.1437979012675677e-06,
                4.629453048916922e-06,
                0.5901286490521984,
                0.28544369709497897
            ],
            [
                0.9999999835000829,
                1.5776862511838507e-08,
                1.2605471892349575e-11,
                4.9884721780445675e-11,
                6.605644519186971e-10
            ]
        ],
        [
            [
                0.9999867141742935,
                1.3283764080407845e-05,
                7.703323623714442e-10,
                1.6200628191941214e-10,
                1.1292873501188091e-09
            ],
            [
                1.6429978227017978e-06,
                0.001559750250525749,
                0.6452089307407948,
                0.35321855318901285,
                1.1122821843942069e-05
            ],
            [
                3.7448741645158424e-07,
                1.082402064543923e-06,
                0.0021169129322344783,
                0.9904507028007892,
                0.007430927377495283
            ],
            [
                2.6070690379745807e-06,
                7.560617467651525e-07,
                1.1983735058259632e-08,
                0.19994947580969966,
                0.8000471490757806
            ],
            [
                0.9924797799422106,
                0.007520217205398051,
                3.805637918764791e-10,
                1.2543905045031235e-09,
                1.2174368470963462e-09
            ]
        ],
        [
            [
                0.9999995939769876,
                4.0377962965417007e-07,
                5.431047314708446e-10,
                6.368901920320529e-11,
                1.636588976212287e-09
            ],
            [
                4.1793683161996965e-06,
                0.015364477201952678,
                0.0013995781321701425,
                0.9720234054949123,
                0.011208359802648714
            ],
            [
                1.219564125086409e-07,
                2.163557159256783e-07,
                1.8874754974099865e-06,
                0.9319941796199183,
                0.06800359459245593
            ],
            [
                0.009485217461428004,
                1.559445925849416e-08,
                1.0168871050040615e-07,
                0.6025726516375967,
                0.38794201361780556
            ],
            [
                0.8364849320916748,
                0.1635150554318859,
                2.199788463684957e-09,
                3.602208349590498e-10,
                9.916429781859271e-09
            ]
        ],
        [
            [
                0.9999992358479662,
                7.632045188226067e-07,
                4.332731147252025e-11,
                1.7223180009019905e-10,
                7.319558080937452e-10
            ],
            [
                2.7034885219421764e-05,
                0.22965321384160908,
                0.396497965197134,
                0.37364890223884833,
                0.0001728838371892495
            ],
            [
                1.301045265382294e-06,
                3.686590162187678e-05,
                0.49439816763583827,
                0.4969342565277379,
                0.008629408889536474
            ],
            [
                0.0008072931768551181,
                3.401342775232885e-08,
                1.787241612488974e-08,
                0.6995414838285714,
                0.2996511711087296
            ],
            [
                0.999999981609233,
                1.4595774776911025e-08,
                1.6942674460175704e-11,
                3.6165207525620733e-10,
                3.4163974730702546e-09
            ]
        ],
        [
            [
                0.9999999794472396,
                2.0494461640110795e-08,
                6.267413789289126e-12,
                3.6517698681966855e-11,
                1.5513744072313395e-11
            ],
            [
                2.4313228960545506e-06,
                2.8726216957570286e-05,
                0.044883083118525964,
                0.9549504177204362,
                0.00013534162118413923
            ],
            [
                5.2811426329154755e-06,
                0.12957261858741584,
                0.19884460845976312,
                0.6711446837987742,
                0.0004328080114138529
            ],
            [
                9.164020918667007e-07,
                5.518284391194273e-07,
                2.165640430265072e-08,
                0.4390431863955559,
                0.5609553237175089
            ],
            [
                0.9999990216179737,
                9.739640157029485e-07,
                9.730275578047949e-11,
                3.4982076063687705e-09,
                8.2250021816717e-10
            ]
        ],
        [
            [
                0.9871631279414014,
                0.012836868682981166,
                5.392774554915936e-10,
                6.62292797860768e-10,
                2.174047349964198e-09
            ],
            [
                2.0456303651947277e-06,
                9.578064198000223e-06,
                0.3876066044516768,
                0.5968369324647063,
                0.015544839389053712
            ],
            [
                7.415297536428986e-06,
                0.06921779320413116,
                0.04234544455104912,
                0.8837755620555826,
                0.004653784891700579
            ],
            [
                5.071625152064952e-05,
                3.4608951622147475e-07,
                1.1993198699978947e-08,
                0.20590202726377754,
                0.7940468984019868
            ],
            [
                0.9925264598914929,
                0.007466376030800876,
                7.350607633879389e-09,
                3.948426808630662e-09,
                7.1527786718377e-06
            ]
        ],
        [
            [
                0.9987889905883669,
                0.0012110008698233122,
                2.6329221957309596e-10,
                2.719397089344871e-09,
                5.5591205623802186e-09
            ],
            [
                4.526560912658425e-06,
                3.7384826182558096e-07,
                3.8940284109001865e-08,
                0.3012972983788623,
                0.698697762271679
            ],
            [
                1.0464633015284918e-06,
                8.854677089932185e-05,
                0.8975886014747084,
                0.09176051416248143,
                0.010561291128609372
            ],
            [
                3.899575970384035e-06,
                2.0947302401511546e-08,
                5.2523351564200086e-08,
                0.41808036646803726,
                0.5819156604853385
            ],
            [
                0.9999129182935527,
                8.708017998166481e-05,
                1.3303414298131115e-10,
                7.647194924860561e-10,
                6.287119272967843e-10
            ]
        ],
        [
            [
                0.9999999573445872,
                4.2432940805725044e-08,
                1.9077024234726094e-11,
                9.606558374895899e-11,
                1.0732923100364958e-10
            ],
            [
                1.5222268763435253e-07,
                0.0008413213922123894,
                0.09083356919457632,
                0.9082869406074087,
                3.801658311498749e-05
            ],
            [
                1.4155209185265747e-08,
                1.0113617830420403e-07,
                0.9999879195164301,
                2.80671014364423e-06,
                9.158482038674113e-06
            ],
            [
                0.00023342100333882494,
                3.604387122238324e-07,
                2.1784633370479716e-07,
                0.6004938556663306,
                0.39927214504528463
            ],
            [
                0.9999981459379578,
                1.8490705637605137e-06,
                4.873602298019082e-10,
                4.860528531348913e-11,
                4.455513035521152e-09
            ]
        ],
        [
            [
                0.9999964862899051,
                3.5132475544829867e-06,
                1.9478418765120313e-10,
                2.5719705978859678e-11,
                2.4203652554173765e-10
            ],
            [
                8.70615102955663e-06,
                0.35511152298476645,
                0.4359032546836996,
                0.20894923458688913,
                2.7281593615221345e-05
            ],
            [
                1.1439192416139123e-07,
                2.471684540299501e-05,
                1.1822748039467925e-06,
                0.9271159485689977,
                0.07285803791887122
            ],
            [
                4.4202545668007074e-06,
                6.334022184406967e-08,
                2.3000983628765873e-09,
                0.21850246503597173,
                0.7814930490691413
            ],
            [
                0.9635147008950857,
                0.03648529239233625,
                2.516437509205258e-10,
                4.49159096207676e-09,
                1.9693433418028564e-09
            ]
        ],
        [
            [
                0.9999993451237124,
                6.544673215941671e-07,
                1.741464812478239e-10,
                1.5463021430374134e-10,
                8.018939208615278e-11
            ],
            [
                5.82535158868478e-07,
                0.027190902860413372,
                0.00013316114664020998,
                0.86093006029539,
                0.11174529316239755
            ],
            [
                1.2864989876196024e-07,
                5.390111902073194e-07,
                0.0008182970814822611,
                0.9824941734051275,
                0.016686861852301286
            ],
            [
                0.0027490849205681032,
                2.7919268989629687e-06,
                3.013708323307388e-08,
                0.7959088449588824,
                0.2013392480565673
            ],
            [
                0.9999980024391747,
                1.9959930199611095e-06,
                1.9580797660805834e-10,
                2.710762003179476e-10,
                1.100921164618016e-09
            ]
        ],
        [
            [
                0.9999998491785379,
                1.4864339013756678e-07,
                9.028838864358849e-11,
                2.253648023197733e-10,
                1.8624188532444982e-09
            ],
            [
                4.101360145472094e-06,
                0.003159692773122221,
                0.5901790824766718,
                0.4066313825906899,
                2.5740799370566818e-05
            ],
            [
                3.5737846618433424e-10,
                2.133865547984767e-11,
                0.9999999768125999,
                2.2679318426034196e-08,
                1.2936447144302613e-10
            ],
            [
                1.8418511444405614e-08,
                4.9242914059186406e-08,
                8.077538686725794e-10,
                0.4000204623554187,
                0.5999794691754019
            ],
            [
                0.9999966168273435,
                3.3682126781771136e-06,
                3.799330136152624e-10,
                1.1409333185129582e-09,
                1.343911191347033e-08
            ]
        ],
        [
            [
                0.9999936818394953,
                6.311951718005571e-06,
                7.197065781453045e-10,
                2.362451824370068e-10,
                5.252835032297198e-09
            ],
            [
                3.0628656958762294e-06,
                0.180881120236532,
                0.0002777067628640723,
                0.8096706583034577,
                0.009167451831450207
            ],
            [
                2.168641484001792e-06,
                0.00106791910534391,
                0.2588800097792639,
                0.7174169532431527,
                0.022632949230755418
            ],
            [
                2.605284983321528e-06,
                8.916459867096017e-06,
                5.702936625707322e-07,
                0.8035398001338159,
                0.19644810782767114
            ],
            [
                0.9999474013398421,
                5.259506901530267e-05,
                2.1991461514390707e-10,
                2.5947206849379254e-09,
                7.76507349152438e-10
            ]
        ],
        [
            [
                0.9996083783869123,
                0.00039160028464459027,
                2.1796506120161533e-10,
                1.0457380728532138e-09,
                2.0064740018885534e-08
            ],
            [
                1.1349013206612813e-05,
                0.19072524961033613,
                0.5436327428797512,
                0.2654416763744424,
                0.00018898212226378525
            ],
            [
                3.950713258133288e-07,
                1.1307886606785617e-06,
                0.2391836467854122,
                0.7532946776056146,
                0.007520149748986735
            ],
            [
                0.19280900538143536,
                0.0010308132595183552,
                3.0161601955472477e-07,
                0.68145480883437,
                0.12470507090865673
            ],
            [
                0.9999998673383239,
                1.3172049964225143e-07,
                3.9641101686994205e-11,
                5.951434316013066e-10,
                3.0639192490787323e-10
            ]
        ],
        [
            [
                0.9999989995841846,
                9.993943390139718e-07,
                1.1858261906932514e-10,
                1.0618411813362687e-10,
                7.9670984183996e-10
            ],
            [
                8.12350932933799e-07,
                0.007442697822336653,
                1.0256526275655142e-05,
                0.9878957423458519,
                0.004650490954602879
            ],
            [
                8.200294423832318e-07,
                0.04391676395212824,
                0.6353095515974168,
                0.2554690152541326,
                0.06530384916687994
            ],
            [
                1.5873676302579757e-06,
                2.0344543832779382e-08,
                2.0959416693663298e-08,
                0.40143518051939353,
                0.5985631908090157
            ],
            [
                0.9996997445514476,
                0.0003002545326132952,
                2.6624114271252353e-11,
                3.063451278872928e-10,
                5.82969818360913e-10
            ]
        ],
        [
            [
                0.7996997647908194,
                0.2003002335674658,
                3.6934088382481546e-10,
                6.996684727299457e-10,
                5.727054566595127e-10
            ],
            [
                5.540153852573491e-07,
                0.0653905696673098,
                0.0005448147766694805,
                0.9336144189332368,
                0.0004496426073987282
            ],
            [
                1.8068965449896944e-08,
                4.138263554821567e-07,
                6.305703479299645e-05,
                0.8874472262510719,
                0.11248928481881416
            ],
            [
                1.211261266039299e-05,
                6.3185575261808485e-09,
                8.809146807895739e-10,
                0.40924872349301444,
                0.590739156694853
            ],
            [
                0.9998580142477679,
                0.0001419852867300802,
                2.2357544321953503e-10,
                1.087399065404447e-10,
                1.3318672379506347e-10
            ]
        ],
        [
            [
                0.9999862718520327,
                1.3715550820517886e-05,
                8.565692806250492e-11,
                2.6615131397593414e-10,
                1.2245338502828713e-08
            ],
            [
                7.426124236672968e-07,
                0.05365514556696831,
                0.0014280321082946392,
                0.9448692885725036,
                4.679113980970516e-05
            ],
            [
                2.5447519262090444e-06,
                5.151329593736817e-05,
                0.8652807723980365,
                0.13464969903083668,
                1.5470523263188292e-05
            ],
            [
                1.1291763516433194e-06,
                9.804712869506148e-08,
                8.760702362408619e-09,
                0.20746958807922514,
                0.7925291759365922
            ],
            [
                0.9999970008770006,
                2.8668452400889813e-06,
                1.1648098676199585e-09,
                1.3301446162095175e-09,
                1.2978280467204975e-07
            ]
        ],
        [
            [
                0.9925153924178373,
                0.007484603527308166,
                5.81497832033341e-10,
                2.1598671177888282e-09,
                1.313489581356714e-09
            ],
            [
                1.7103116537866744e-06,
                0.35201811348535805,
                0.0009643387266847946,
                0.6469857282959272,
                3.0109180376074217e-05
            ],
            [
                2.1156551365648082e-10,
                5.501762726363178e-11,
                0.9999999949352865,
                4.6799701698548336e-09,
                1.1816003729545395e-10
            ],
            [
                6.075246871963664e-07,
                9.134818442490977e-07,
                1.738327523504046e-06,
                0.402864719845422,
                0.5971320208205231
            ],
            [
                0.9999979406336545,
                2.047352300331271e-06,
                3.031461249848438e-10,
                9.660499543179666e-09,
                2.0503994248088622e-09
            ]
        ],
        [
            [
                0.9999999686422619,
                3.130773346874363e-08,
                1.698092091025996e-11,
                2.1962244188561867e-11,
                1.106136275345987e-11
            ],
            [
                4.45099450859257e-05,
                0.5473906147874354,
                0.037730079988922076,
                0.4146326789606647,
                0.00020211631789182293
            ],
            [
                1.0019180285104933e-06,
                3.903248051492216e-05,
                0.7841779838692366,
                0.21328579915152898,
                0.0024961825806908903
            ],
            [
                0.19715492990120345,
                1.5609432061441574e-06,
                4.1015753434428685e-09,
                0.20026688386748073,
                0.6025766211865344
            ],
            [
                0.9999999752999547,
                2.0310247118179172e-08,
                3.1048587153518005e-11,
                3.7667813501053714e-10,
                3.982071572187001e-09
            ]
        ],
        [
            [
                0.9999999763390666,
                2.0762125430354846e-08,
                5.703798130288276e-11,
                6.539533376027193e-11,
                2.7763747566398547e-09
            ],
            [
                0.0011251930622158237,
                0.5382531004579922,
                0.15474220125256993,
                0.30542540141137653,
                0.00045410381584555797
            ],
            [
                4.257474758101876e-09,
                7.558021368933198e-08,
                0.9990748803702099,
                0.0009246137523244757,
                4.260397771341871e-07
            ],
            [
                7.572045491230808e-07,
                3.604096277492827e-08,
                2.572578628823075e-09,
                0.4876061033756328,
                0.5123931008062766
            ],
            [
                0.9999416032560676,
                5.834508175926058e-05,
                3.89977286227434e-10,
                1.9154934371233938e-08,
                3.2117261429749514e-08
            ]
        ],
        [
            [
                0.9999996945133196,
                2.9873587614837477e-07,
                1.9644406906355946e-10,
                7.209654232434101e-10,
                5.833394739475615e-09
            ],
            [
                3.798331574303779e-05,
                0.013395207358901219,
                0.16230347554705332,
                0.8208046950008544,
                0.0034586387774480708
            ],
            [
                6.63504141197042e-08,
                4.4113309056366815e-08,
                0.9745164246625055,
                0.025479629150258778,
                3.835723512423367e-06
            ],
            [
                1.570599340246132e-08,
                6.57099803669988e-08,
                6.62003634747165e-07,
                0.735148286736612,
                0.26485096984377937
            ],
            [
                0.9996138118427718,
                0.00038610673347422433,
                1.0538156447436277e-09,
                1.0074905704419304e-09,
                7.936244779360154e-08
            ]
        ],
        [
            [
                0.9999999976554388,
                2.0244368739651788e-09,
                4.667135687016181e-12,
                2.871102501415282e-11,
                2.867461131672002e-10
            ],
            [
                4.802191736722547e-06,
                0.23875280451092984,
                0.04691576215697724,
                0.71431713550351,
                9.495636846324844e-06
            ],
            [
                3.06452831640651e-08,
                2.2633933249146018e-08,
                0.9989724186439936,
                0.0007941922711483208,
                0.00023333580564183267
            ],
            [
                7.570897680117608e-07,
                2.059352250869786e-07,
                1.3130120427508382e-08,
                0.49745926392748274,
                0.5025397599174037
            ],
            [
                0.9999682875845423,
                3.1710502574339885e-05,
                7.464818085526932e-11,
                4.407137173117008e-10,
                1.3975215916123535e-09
            ]
        ],
        [
            [
                0.999999334201709,
                5.347389045762395e-07,
                1.2666736305531036e-10,
                1.2760773325562312e-09,
                1.2965664182551826e-07
            ],
            [
                3.659605424904371e-07,
                2.2613288844420746e-06,
                0.13838816258321734,
                0.8460529332700552,
                0.015556276857300525
            ],
            [
                1.462256832165808e-11,
                3.770642835803337e-11,
                0.999999998895396,
                3.569576050890684e-10,
                6.953174573269389e-10
            ],
            [
                0.0932569310806872,
                1.8994757940122528e-05,
                1.6512657969355828e-07,
                0.28580660437251665,
