{
    "[['A', 'B', 'C', 'D', 'E'], ['A', 'B', 'C', 'D', 'E']]": [
        [
            [
                7.371913514940747e-10,
                1.1128713499942314e-09,
                3.4404933399472254e-10,
                0.5999155454484514,
                0.4000844523574365
            ],
            [
                0.41517163389997047,
                0.5848283518710429,
                6.7958876306789145e-09,
                1.9455218174962487e-09,
                5.487577453748157e-09
            ],
            [
                4.5879731128373475e-07,
                0.0004990706652926848,
                0.9257344458348453,
                0.06595003104659125,
                0.007815993655959433
            ],
            [
                3.710576091001877e-08,
                4.804260153308939e-09,
                4.273119284250724e-10,
                0.2002671379751135,
                0.7997328196875535
            ],
            [
                1.2955582750224028e-10,
                5.081775850940253e-10,
                2.065344494204274e-09,
                0.5856433328402234,
                0.4143566644566986
            ]
        ],
        [
            [
                0.9977948388974008,
                0.0022051389832625106,
                6.026041856949561e-10,
                6.275209080986818e-09,
                1.524152332328585e-08
            ],
            [
                0.30113423425332125,
                0.698865724701426,
                1.2599948324884879e-08,
                1.2923851316554656e-08,
                1.5521453040121475e-08
            ],
            [
                2.501967206118373e-07,
                6.14948215376184e-07,
                0.710277286533759,
                0.2838821711459439,
                0.005839677175361267
            ],
            [
                7.505439871165862e-09,
                5.854139101468124e-09,
                4.637415167612997e-09,
                0.2755092293787209,
                0.724490752624285
            ],
            [
                2.2896441791990603e-08,
                2.1855976502796806e-09,
                2.9978870047522905e-09,
                0.00957146352977851,
                0.9904285083902951
            ]
        ],
        [
            [
                0.8442873373572244,
                0.15571261104388434,
                1.4572523041890473e-10,
                1.661780714905137e-09,
                4.979138540599017e-08
            ],
            [
                1.969450714784734e-08,
                2.2579648986651297e-09,
                9.444355260407396e-09,
                0.9227531307862146,
                0.07724683781695814
            ],
            [
                2.601771561382995e-07,
                6.150823267852506e-06,
                0.9980228416467142,
                0.0019661497710165717,
                4.597581845200583e-06
            ],
            [
                2.971967817690623e-09,
                9.153142304487856e-10,
                2.2529116516521675e-09,
                0.7998701579866447,
                0.20012983587316163
            ],
            [
                4.019682126290892e-12,
                6.103718657454643e-12,
                4.3893818968971776e-12,
                1.388515882219479e-09,
                0.9999999985969714
            ]
        ],
        [
            [
                7.535922390359356e-07,
                5.0620376379058565e-09,
                1.4229286737878625e-08,
                0.3998425726294078,
                0.6001566544870288
            ],
            [
                1.6013677255349684e-06,
                0.03426284087309164,
                0.16112431237143685,
                0.8040389930277682,
                0.000572252359977784
            ],
            [
                3.976530447746199e-09,
                5.929790045288972e-08,
                0.9999984950840894,
                1.4229837418389264e-06,
                1.8657737814256554e-08
            ],
            [
                1.0058735538970872e-07,
                4.594464175938253e-08,
                1.4640889613020944e-07,
                0.42911505156266266,
                0.5708846554964441
            ],
            [
                7.464106681963165e-10,
                1.2423158768783804e-10,
                7.543739245459065e-09,
                0.599530096278271,
                0.40046989530734745
            ]
        ],
        [
            [
                8.134060180411965e-07,
                5.0210845024054365e-08,
                1.656003576420017e-08,
                0.6029490546254982,
                0.39705006519760294
            ],
            [
                0.32210200968372693,
                0.6778976744474774,
                1.5503330589867814e-07,
                6.348350497056359e-08,
                9.735198489368495e-08
            ],
            [
                1.4757732810071774e-08,
                8.217974455186687e-08,
                1.9669502301447013e-07,
                0.7806321000815709,
                0.21936760628592875
            ],
            [
                4.231763467262436e-08,
                1.2882544913649997e-09,
                1.045658557238216e-09,
                0.20007542098539202,
                0.7999245343630603
            ],
            [
                1.2299696991822057e-10,
                6.572670478811887e-11,
                2.9998487035307715e-10,
                0.7946862549010633,
                0.2053137446102281
            ]
        ],
        [
            [
                3.567741940498397e-09,
                1.8291017708490287e-08,
                1.4705339684094992e-07,
                0.8219829469994903,
                0.1780168840883532
            ],
            [
                0.20534212087018422,
                0.7946383091045639,
                1.5824179079203158e-07,
                1.9303857755649702e-05,
                1.0792570545209082e-07
            ],
            [
                6.373114620424731e-10,
                6.804979449460232e-09,
                1.706522735146877e-07,
                0.999992525797416,
                7.296108019417338e-06
            ],
            [
                7.28776404908086e-10,
                3.138095446983151e-10,
                3.535687269474855e-10,
                0.5244411979225362,
                0.4755588006813092
            ],
            [
                4.714429844302514e-09,
                1.3400876642470935e-09,
                1.847901286586812e-09,
                0.2754584832126177,
                0.7245415088849636
            ]
        ],
        [
            [
                0.9982824692386648,
                0.0017175304864426736,
                2.0928200708921603e-11,
                2.2488910077182807e-10,
                2.9075260331732185e-11
            ],
            [
                0.9740305706935696,
                0.025969400380280287,
                2.0881746297907724e-08,
                4.195803935607875e-09,
                3.848599935262139e-09
            ],
            [
                1.0114285865103965e-06,
                5.9514768897694736e-06,
                0.15456846403294966,
                0.682737612035891,
                0.1626869610256831
            ],
            [
                4.2594571277838923e-10,
                6.125947184225226e-10,
                6.07615128676367e-09,
                0.2000094769759581,
                0.7999905159093501
            ],
            [
                2.601516849899144e-06,
                9.840360262389123e-09,
                4.2732337578906924e-08,
                0.3999813108815078,
                0.6000160350289445
            ]
        ],
        [
            [
                0.9356922280594268,
                0.06430776800295566,
                5.441613507814416e-10,
                2.3861096790265143e-09,
                1.0073465940933737e-09
            ],
            [
                6.47873875275452e-08,
                0.0006361763343758608,
                9.13372857020577e-07,
                0.8019917248940606,
                0.19737112061131906
            ],
            [
                7.905950931794933e-07,
                1.3622528538697248e-06,
                0.5491320224835369,
                0.41056514332092314,
                0.04030068134759292
            ],
            [
                3.2862081197791563e-09,
                6.146732375363242e-09,
                2.691585917633249e-09,
                2.7060401126712038e-05,
                0.9999729274743469
            ],
            [
                1.405169262926844e-05,
                4.5263692491658556e-08,
                6.033622874725489e-10,
                0.4538367417093728,
                0.5461491607309431
            ]
        ],
        [
            [
                0.9996146417020526,
                0.0003853553003449573,
                3.200398904519907e-10,
                4.1744891262719696e-10,
                2.26011351225856e-09
            ],
            [
                1.4546176957934356e-06,
                0.0004194553805679944,
                0.6907834101035827,
                0.2820334234440235,
                0.026762256454130072
            ],
            [
                6.820951112726574e-07,
                1.9632489620713833e-05,
                0.26593395459717545,
                0.5899805902446825,
                0.14406514057341013
            ],
            [
                1.796532068375885e-10,
                4.362981663842105e-10,
                8.382650367624216e-10,
                0.39997217460108425,
                0.6000278239446993
            ],
            [
                2.1662698565651527e-08,
                2.5608754790494203e-09,
                1.2523068852856826e-10,
                0.592535093228393,
                0.40746488242280227
            ]
        ],
        [
            [
                0.9935183013643957,
                0.006481695149115514,
                2.872978287291163e-10,
                2.3348201784642184e-09,
                8.643708265045207e-10
            ],
            [
                1.4321900329374868e-08,
                7.965491325830788e-07,
                9.12851215535851e-07,
                0.8489228833780812,
                0.15107539289967045
            ],
            [
                1.7891142180396895e-06,
                0.0013317948395538855,
                0.3654429070737607,
                0.6212685717286374,
                0.011954937243829955
            ],
            [
                9.873069784639948e-09,
                3.208014393791228e-07,
                1.5081264754231184e-07,
                0.4642382900496416,
                0.5357612284632017
            ],
            [
                1.1025593874529169e-08,
                1.3045473270698048e-09,
                7.739787263297624e-09,
                0.595624321289778,
                0.4043756586402935
            ]
        ],
        [
            [
                0.7998451687815261,
                0.20015483103163417,
                1.3526935783717356e-11,
                5.2703033862732114e-11,
                1.2060959388533694e-10
            ],
            [
                1.0702661864309531e-09,
                1.273841289930983e-08,
                1.9957252254040225e-07,
                0.36800949581204473,
                0.6319902908067536
            ],
            [
                6.652418232045711e-06,
                3.6545582038315205e-05,
                0.36551395269066567,
                0.6216633461808908,
                0.012779503128173123
            ],
            [
                6.719146824203027e-09,
                4.970394655961122e-09,
                3.5237707866965204e-10,
                0.4001714014607879,
                0.5998285864972936
            ],
            [
                6.900377799246328e-11,
                5.02764597850117e-11,
                4.686985199404501e-10,
                0.4000845231708829,
                0.5999154762411385
            ]
        ],
        [
            [
                0.9554566171477887,
                0.044543381336215,
                2.6488544998222673e-10,
                5.106524568029704e-10,
                7.404584535380929e-10
            ],
            [
                1.846389324072028e-08,
                8.736619725958544e-07,
                1.8361685899114335e-06,
                0.5932458657574962,
                0.40675140594804815
            ],
            [
                2.4286301666668875e-06,
                0.0001368369278948397,
                0.22615305536910255,
                0.5595829852028787,
                0.21412469386995722
            ],
            [
                0.0003886821494190493,
                5.679682105682266e-09,
                2.7610568009969274e-09,
                0.4002686934939689,
                0.5993426159158732
            ],
            [
                1.7444439427887453e-08,
                6.6388265910272006e-09,
                1.375612473536715e-09,
                0.3979000741784228,
                0.6020999003626986
            ]
        ],
        [
            [
                0.955389555621273,
                0.044610440709326585,
                1.969578523442615e-10,
                2.427773500035502e-09,
                1.044668984492328e-09
            ],
            [
                7.93432171225256e-07,
                6.071418059687451e-08,
                2.6801073872767403e-06,
                0.7288168206077774,
                0.2711796451384835
            ],
            [
                1.5835315448881808e-06,
                9.338347620057032e-06,
                0.41571185725561965,
                0.4650290861996575,
                0.11924813466555789
            ],
            [
                4.812883988342933e-11,
                1.0302689039257957e-09,
                1.591632101734184e-07,
                0.8119851383602688,
                0.18801470139812335
            ],
            [
                2.3306610936782898e-07,
                2.9242906460279302e-09,
                4.943335066497007e-09,
                0.5978024054085774,
                0.40219735365768755
            ]
        ],
        [
            [
                0.9993593914412401,
                0.0006406081489936568,
                3.1243696550104975e-10,
                3.711130737051097e-11,
                6.021796869364102e-11
            ],
            [
                0.0006367874498152081,
                0.9958614980219177,
                0.00336044834864355,
                0.00013987463817060643,
                1.3915414529782512e-06
            ],
            [
                9.525535037782678e-08,
                0.00023299693094537406,
                1.5963235213458373e-05,
                0.6036179633030867,
                0.39613298127540414
            ],
            [
                1.394006086026978e-08,
                1.4121288185594834e-09,
                2.5438452952423463e-10,
                0.40000115042938994,
                0.5999988339640359
            ],
            [
                1.077315589749338e-06,
                6.20401380007204e-10,
                6.020461046267501e-09,
                0.4134461699308571,
                0.5865527461126908
            ]
        ],
        [
            [
                0.9999994417533732,
                5.57932770197422e-07,
                2.535713805452074e-11,
                9.205343466972733e-11,
                1.964459641290684e-10
            ],
            [
                9.89135015978874e-10,
                4.135669668226583e-10,
                1.0748142152469197e-08,
                0.6000341628565965,
                0.3999658249925593
            ],
            [
                1.0984127509825278e-08,
                4.265923628245563e-08,
                1.1252683839589265e-07,
                0.8151695270362957,
                0.18483030679350199
            ],
            [
                8.463212753497258e-11,
                1.17741345427375e-10,
                1.1955644147223253e-10,
                0.5999775179511492,
                0.40002248172692084
            ],
            [
                0.03646406031541553,
                3.176702553493131e-08,
                1.3892484660702044e-08,
                0.39919342391359725,
                0.5643424701114771
            ]
        ],
        [
            [
                0.8074653939192411,
                0.1925346034218451,
                1.738008279304629e-10,
                2.285389480611833e-09,
                1.997234282717884e-10
            ],
            [
                1.7448122551541188e-06,
                0.18093955077246873,
                0.5767550806269122,
                0.24208012134995954,
                0.0002235024384044327
            ],
            [
                2.902697381869105e-11,
                7.600215152077978e-10,
                0.9999998260754903,
                1.6804621267558786e-07,
                5.0892485453102945e-09
            ],
            [
                3.350281843038272e-10,
                1.4694738159594532e-10,
                4.823110317613511e-10,
                0.39988956283117555,
                0.6001104362045379
            ],
            [
                1.80304272796636e-08,
                1.232329727666888e-08,
                9.563944571364888e-09,
                0.6031182708801515,
                0.39688168920217953
            ]
        ],
        [
            [
                0.9879810748618455,
                0.012018923194755513,
                2.7771982780191116e-10,
                1.5494662645415629e-09,
                1.1621287727834239e-10
            ],
            [
                2.618905172772614e-08,
                3.490502685058788e-09,
                4.220659358390843e-07,
                0.2820235503713528,
                0.7179759978831569
            ],
            [
                2.0357162631890582e-08,
                1.1557044871643864e-09,
                2.33293053444895e-09,
                0.20172812135863716,
                0.7982718547955652
            ],
            [
                0.00011055492357477033,
                2.9979375628879774e-08,
                7.221237904817456e-08,
                0.3999787493174064,
                0.5999105935672642
            ],
            [
                1.755115866881625e-09,
                1.691929812133885e-09,
                1.0065465903890742e-09,
                0.3809424626395249,
                0.6190575329068829
            ]
        ],
        [
            [
                0.9999779177688076,
                2.208155832463754e-05,
                1.9963248959350524e-10,
                1.3626280141893804e-10,
                3.36972379220077e-10
            ],
            [
                1.209927122636969e-06,
                0.06295547201008779,
                0.2029143315116163,
                0.7339689262068823,
                0.0001600603442910028
            ],
            [
                2.0018053123287347e-08,
                1.8430382847438932e-07,
                0.22368880036912114,
                0.7531842815525114,
                0.023126713756485888
            ],
            [
                4.262898239374191e-10,
                2.4514211051165286e-10,
                1.8631927856651198e-10,
                0.19721132423774676,
                0.802788674904502
            ],
            [
                2.1494274625738653e-08,
                4.203099790879102e-10,
                3.556157886234115e-09,
                0.39993300363895806,
                0.6000669708902995
            ]
        ],
        [
            [
                0.6045980733459667,
                0.39540192597101,
                4.555227419543922e-11,
                5.211632037926038e-10,
                1.1630794074385488e-10
            ],
            [
                6.70884289826316e-09,
                3.085144393493187e-08,
                1.780858867226628e-07,
                0.8482684043380123,
                0.1517313800158141
            ],
            [
                1.1211747416568513e-11,
                1.0297491146019531e-11,
                0.9999999999310862,
                3.541272358661914e-11,
                1.1991692444298897e-11
            ],
            [
                3.4702869662395695e-09,
                1.1004934567754348e-08,
                7.288354124436854e-09,
                0.21131839147201828,
                0.7886815867644061
            ],
            [
                8.967587049817269e-09,
                4.2763457771842725e-10,
                1.4892977086290465e-09,
                0.600050209124369,
                0.39994977999111164
            ]
        ],
        [
            [
                0.9999745173513243,
                2.5482310826663962e-05,
                4.0357696806276186e-11,
                2.3367992939540186e-10,
                6.381145434733052e-11
            ],
            [
                0.9993504926503661,
                0.0006495060200059321,
                2.537217031291669e-11,
                8.756947136799271e-10,
                4.2856103205809227e-10
            ],
            [
                2.9966685772020947e-06,
                0.03578205780661809,
                0.5950464166971281,
                0.17477738917552058,
                0.194391139652156
            ],
            [
                1.1331009853412499e-08,
                2.099344059836964e-10,
                3.651472414889958e-10,
                0.593837154961538,
                0.40616283313237056
            ],
            [
                2.392343993321533e-08,
                3.6323248465038467e-09,
                1.4971789101848384e-09,
                0.5792572841708642,
                0.42074268677619214
            ]
        ],
        [
            [
                0.976156588827524,
                0.02384341039710595,
                7.003920250582645e-10,
                4.529109370533106e-11,
                2.9686914400065204e-11
            ],
            [
                1.1817165035835456e-07,
                1.9693662134743912e-08,
                1.7550034802958498e-07,
                0.33014603946839394,
                0.6698536471659456
            ],
            [
                2.4508199746656106e-07,
                3.9740362203396956e-08,
                1.0911256868879548e-06,
                0.47944603527806157,
                0.5205525887738919
            ],
            [
                1.9395818650097677e-09,
                1.1070783754808024e-09,
                4.5363497412668447e-10,
                0.5791183519686292,
                0.4208816445310757
            ],
            [
                2.2516294744994094e-10,
                4.921083983174818e-10,
                2.256314641402711e-09,
                0.9940437165686739,
                0.005956280457740214
            ]
        ],
        [
            [
                5.527280327680049e-07,
                1.6713604971917542e-08,
                1.3749418703541368e-09,
                0.3939641004848269,
                0.6060353286985936
            ],
            [
                0.26638138237966225,
                0.7336115652171827,
                5.864250168579952e-07,
                4.7024023040010337e-07,
                5.9957379077794385e-06
            ],
            [
                1.6621313423714037e-05,
                0.00011397206797754719,
                0.6702116013783516,
                0.2560526818581261,
                0.07360512338212108
            ],
            [
                1.9861427295229078e-09,
                5.4997717655391e-10,
                2.845716659355779e-09,
                0.4000206252743337,
                0.5999793693438297
            ],
            [
                1.2723030134516204e-08,
                1.620307613114058e-09,
                1.0451693763670477e-09,
                0.7123487521075202,
                0.2876512325039726
            ]
        ],
        [
            [
                0.06059652570887026,
                0.9393994970063106,
                1.8272941240972317e-06,
                1.460121072782348e-06,
                6.898696222020108e-07
            ],
            [
                6.336841709727646e-08,
                4.5225671456023615e-08,
                8.936680445061593e-08,
                0.814401690483729,
                0.185598111555378
            ],
            [
                7.37416871358161e-11,
                4.863402286347902e-11,
                0.999999553407924,
                4.462954199863998e-07,
                1.7428039301075938e-10
            ],
            [
                1.0632083790530282e-10,
                2.199217972688568e-11,
                2.265247565541149e-10,
                0.7998893360582161,
                0.2001106635869462
            ],
            [
                2.437024745735649e-10,
                4.4969273872649484e-10,
                6.294532762801359e-11,
                0.6000038230412251,
                0.39999617620243433
            ]
        ],
        [
            [
                7.30345127175223e-10,
                6.112578652462097e-10,
                2.8245230061936663e-10,
                0.7999948476445847,
                0.20000515073135988
            ],
            [
                2.7387550652082014e-08,
                1.474040421943012e-09,
                2.955572192745698e-07,
                0.8999914462230082,
                0.1000082293581814
            ],
            [
                1.8009615555301179e-06,
                5.225265113450935e-06,
                0.1625917444533823,
                0.7853792702447129,
                0.052021959075235845
            ],
            [
                1.1234521309489838e-08,
                3.4575201132202747e-09,
                6.540413218659825e-08,
                0.6096625157185859,
                0.39033740418524054
            ],
            [
                6.832637601181625e-10,
                5.526027754573225e-10,
                3.542617574486886e-10,
                0.34607158265985105,
                0.6539284157500206
            ]
        ],
        [
            [
                0.9999272818142311,
                7.26980071149905e-05,
                4.239187062772242e-10,
                1.285799566641025e-09,
                1.8468935619687343e-08
            ],
            [
                1.5539207223977293e-08,
                6.142483792393499e-08,
                2.9577284472926088e-08,
                0.9999998219311323,
                7.152753814711558e-08
            ],
            [
                1.5117403903869883e-07,
                1.8424012469983888e-06,
                0.700131336939499,
                0.2993702500204848,
                0.0004964194647301269
            ],
            [
                0.00459530720176713,
                1.116805449915242e-07,
                2.0885229455972234e-07,
                0.5997108006900784,
                0.39569357157531493
            ],
            [
                0.03648487798700316,
                6.172670564761545e-09,
                1.0647318236999596e-07,
                0.20459565938858237,
                0.7589193499785616
            ]
        ],
        [
            [
                7.156690242043388e-06,
                1.2636184531503207e-08,
                7.720080712662749e-09,
                0.3392886492194046,
                0.6607041737340881
            ],
            [
                3.174642574295467e-08,
                5.034956381880346e-07,
                0.0020702458082979126,
                0.8371161730772845,
                0.1608130458723537
            ],
            [
                4.679497140217916e-12,
                1.3386790120971189e-11,
                0.9999999999209452,
                4.333397363065507e-11,
                1.765449089252264e-11
            ],
            [
                9.085167337505418e-06,
                1.5637531622431677e-07,
                9.527625655957974e-08,
                0.2537213724485949,
                0.7462692907324948
            ],
            [
                3.2407518314756014e-09,
                5.276150994575044e-09,
                4.872805486821733e-09,
                0.40037004027359335,
                0.5996299463366984
            ]
        ],
        [
            [
                2.9817858360549576e-10,
                8.843807688060301e-11,
                1.1839097705644213e-08,
                0.39640237470370226,
                0.6035976130705835
            ],
            [
                4.7619001994002027e-07,
                5.823476712708386e-08,
                1.6840055308641469e-06,
                0.7655331302240235,
                0.2344646513456586
            ],
            [
                6.9530368644198396e-06,
                4.653544771267121e-05,
                0.7841524841532822,
                0.20944134151722804,
                0.006352685844912546
            ],
            [
                2.1289645692488977e-08,
                2.2032888346126065e-09,
                1.516525056009789e-08,
                0.4000038562745397,
                0.5999961050672752
            ],
            [
                9.88449596857617e-09,
                1.5360489730998534e-09,
                1.9896175113887993e-09,
                0.5953637715671554,
                0.40463621502268216
            ]
        ],
        [
            [
                0.9750648443351252,
                0.02493515372142207,
                1.194263420978754e-09,
                1.4915551997869245e-10,
                6.000338862115855e-10
            ],
            [
                1.2728087596464565e-09,
                3.43446748026702e-09,
                7.937794013950512e-09,
                0.8004865181703468,
                0.19951346918458301
            ],
            [
                6.106569739471778e-08,
                1.5952776253934522e-07,
                0.8062310061842091,
                0.19327224408042187,
                0.0004965291419091897
            ],
            [
                1.4730657309975454e-08,
                1.726922344915466e-09,
                1.0439286664399857e-09,
                0.5848447408797152,
                0.4151552416187765
            ],
            [
                0.19918524565007864,
                1.8186616710187726e-09,
                1.9830121051961393e-09,
                0.7999936353716434,
                0.0008211151766042187
            ]
        ],
        [
            [
                0.9999848129777313,
                1.518680208798181e-05,
                5.434819756198051e-12,
                5.790822892961998e-12,
                2.0895495462150039e-10
            ],
            [
                8.448719315370113e-10,
                4.155000371627914e-09,
                1.7343928498989137e-08,
                0.6003852562682569,
                0.39961472138794224
            ],
            [
                1.1945788415660148e-07,
                4.02435052612776e-07,
                0.9699847684972562,
                0.029992002769027488,
                2.2706840779429124e-05
            ],
            [
                2.0239752258958217e-09,
                1.962513742000886e-09,
                4.3349121455485835e-09,
                0.20219317566339515,
                0.7978068160152038
            ],
            [
                2.472254497165194e-08,
                1.6086434314587571e-09,
                2.248567846610562e-10,
                0.0023315283916738464,
                0.997668445052281
            ]
        ],
        [
            [
                0.7999864196275377,
                0.200013570638328,
                1.0374152035199433e-09,
                1.2898440870540113e-09,
                7.406874958268789e-09
            ],
            [
                1.0321484948914248e-07,
                1.4760842870898312e-07,
                3.390625017336245e-07,
                0.39260886808733897,
                0.6073905420268811
            ],
            [
                3.6975883644268137e-06,
                8.222619239316163e-07,
                0.9694780537923586,
                0.0271105385223287,
                0.003406887835024223
            ],
            [
                2.6211552871558586e-10,
                6.526207282036891e-10,
                4.987742279003235e-10,
                0.769459916239937,
                0.2305400823465525
            ],
            [
                5.906643675347207e-07,
                1.6067888219725888e-08,
                5.462277938522881e-09,
                0.30774048633900963,
                0.6922589014664567
            ]
        ],
        [
            [
                3.778114689612296e-10,
                1.0353343512395036e-09,
                5.678188342039972e-09,
                0.5991858991337893,
                0.4008140937748766
            ],
            [
                1.8451012037763467e-08,
                8.098402727526038e-06,
                1.2421442772974747e-08,
                0.9554516757610205,
                0.04454019496379716
            ],
            [
                4.0841013295270475e-07,
                8.576411001759113e-06,
                0.4229829926799896,
                0.5753969689351075,
                0.0016110535637682596
            ],
            [
                3.4674540102120995e-08,
                2.2382613177695072e-09,
                4.3153167237961095e-09,
                0.3850105266447093,
                0.6149894321271725
            ],
            [
                1.6777897773763947e-07,
                8.131778029821446e-09,
                1.9480921986054578e-09,
                0.5999852499694746,
                0.4000145721716776
            ]
        ],
        [
            [
                4.315874807168182e-09,
                1.5152092842555976e-08,
                1.0384036072659092e-08,
                0.200031093614829,
                0.7999688765331673
            ],
            [
                4.528080566694637e-05,
                0.18394002435667994,
                0.5649508184113675,
                0.25104215769855637,
                2.1718727729280338e-05
            ],
            [
                1.6581442070123385e-07,
                3.533519898588025e-06,
                0.2898664693357287,
                0.6325305934715268,
                0.07759923785842524
            ],
            [
                9.966015341724382e-10,
                2.2314826496705743e-09,
                2.6830661112320203e-09,
                0.9848255414704992,
                0.015174452618350544
            ],
            [
                7.317242360244296e-09,
                7.779714204135147e-10,
                2.3115740745933535e-10,
                0.5925100942550509,
                0.407489897418578
            ]
        ],
        [
            [
                9.360582437651867e-06,
                9.462301787239312e-09,
                1.0995772148717406e-08,
                0.47946141151755206,
                0.5205292074419363
            ],
            [
                0.07874962586462222,
                0.9212503605329414,
                4.022307926796436e-09,
                9.440837460956633e-09,
                1.392909896639249e-10
            ],
            [
                4.276582540691716e-08,
                7.535605090069443e-08,
                3.430110162762696e-07,
                0.818043446905878,
                0.1819560919612294
            ],
            [
                0.00020604893621221137,
                5.5134829996250975e-08,
                3.1367740380220513e-08,
                0.376083202333688,
                0.6237106622275295
            ],
            [
                4.051563363965851e-08,
                4.828194393701199e-09,
                2.336028224401988e-09,
                0.5560924108539422,
                0.44390754146620154
            ]
        ],
        [
            [
                3.32699459562014e-05,
                1.3582065561233052e-07,
                1.6048191383336335e-08,
                0.7556440079821553,
                0.2443225702030415
            ],
            [
                0.3129164313695984,
                0.6870804109004636,
                6.743343542433004e-07,
                2.4633058127897787e-06,
                2.008977089773342e-08
            ],
            [
                1.263602237517226e-06,
                0.0015361241393975023,
                0.3571839666044899,
                0.5717853239988898,
                0.0694933216549852
            ],
            [
                9.044586680800796e-11,
                1.4871795964799593e-09,
                1.0743754934782617e-08,
                0.6000044627028559,
                0.3999955249757636
            ],
            [
                0.1836729534362696,
                7.037454838132982e-09,
                2.2265727204737927e-09,
                0.22967178614454986,
                0.5866552511551529
            ]
        ],
        [
            [
                0.9925169347893907,
                0.007483062941279741,
                2.328280619523783e-10,
                1.4578748752475133e-09,
                5.786265765693337e-10
            ],
            [
                6.005779066161815e-06,
                0.249766867870518,
                0.03954980722602131,
                0.6976755820344703,
                0.013001737089924182
            ],
            [
                2.1194817794476174e-08,
                1.4264671917741095e-07,
                0.5986888736610784,
                0.20217167177025794,
                0.1991392907271268
            ],
            [
                1.1594799833704182e-08,
                2.3282716912569445e-09,
                1.4807799250822625e-08,
                0.3938453921649855,
                0.6061545791041437
            ],
            [
                6.438109707743462e-10,
                1.072204974075223e-09,
                7.311640622150105e-09,
                0.7998694334616552,
                0.20013055751068826
            ]
        ],
        [
            [
                0.9461633866552018,
                0.05383659925920557,
                4.463837003075519e-09,
                2.3352069687082113e-09,
                7.286548633135269e-09
            ],
            [
                0.21706382489413908,
                0.7829361688413656,
                3.2053986628597734e-09,
                2.2752678140248397e-09,
                7.838288180524218e-10
            ],
            [
                2.0915509587960414e-07,
                1.6248207671419946e-07,
                0.4077751924343142,
                0.5847597412638148,
                0.007464694664698288
            ],
            [
                2.4622117158031926e-09,
                1.4000153684117278e-09,
                3.0770454170245475e-09,
                0.0598951850537718,
                0.9401048080069556
            ],
            [
                5.185787038965051e-09,
                2.401045661575682e-09,
