{
    "[['A', 'B', 'C', 'D', 'E'], ['A', 'B', 'C', 'D', 'E']]": [
        [
            [
                0.015171645721749179,
                7.4350107650550935e-09,
                2.4991482779341512e-08,
                0.1809451683779226,
                0.8038831534738347
            ],
            [
                2.3617288928755926e-09,
                7.856793366987635e-08,
                1.395724632634155e-08,
                0.5974673099329805,
                0.40253259518011053
            ],
            [
                2.746590223796508e-07,
                3.70957526864841e-08,
                0.9984613375519588,
                0.0014249393866024528,
                0.00011341130666379264
            ],
            [
                6.522337276455182e-11,
                6.4350605702162346e-12,
                4.551871621357588e-10,
                0.19919327127150555,
                0.8008067282016488
            ],
            [
                1.6562405989900737e-08,
                1.4254982282874724e-10,
                2.9779459682342284e-09,
                0.25380000718531986,
                0.7461999731317784
            ]
        ],
        [
            [
                3.654303647099345e-10,
                4.4739636332518666e-09,
                3.59970022476993e-09,
                0.39408457922015033,
                0.6059154123407555
            ],
            [
                9.576424606167535e-09,
                5.066613267918173e-10,
                2.259276479818189e-08,
                0.9976723181301407,
                0.0023276491940085885
            ],
            [
                6.47641277576283e-09,
                5.353426367264453e-09,
                0.20049249306882483,
                0.5999951051617027,
                0.19951238993963347
            ],
            [
                2.0870750928181572e-09,
                7.772371730416846e-11,
                1.7987905634151564e-09,
                0.7804106643420354,
                0.21958933169437517
            ],
            [
                2.5202981828244847e-07,
                1.599684666546559e-09,
                8.006882718283585e-10,
                0.0017393558655145408,
                0.9982603897042943
            ]
        ],
        [
            [
                3.8161819332326777e-10,
                1.7624648873316175e-09,
                4.649539144275873e-09,
                0.3514068724955848,
                0.648593120710793
            ],
            [
                3.4174133717167337e-10,
                1.2263208644462622e-10,
                8.332189385936997e-09,
                0.5978018629939685,
                0.40219812820946876
            ],
            [
                1.1489251196951769e-10,
                5.02166861862781e-10,
                0.99999779082174,
                6.271406469056058e-07,
                1.5814205538179009e-06
            ],
            [
                2.4479784700922946e-08,
                2.2162449104928937e-09,
                2.6998878060856348e-09,
                0.808592281853061,
                0.1914076887510217
            ],
            [
                1.5157051331810775e-08,
                1.3308562329750075e-08,
                1.714384446689967e-09,
                0.2417220999961731,
                0.7582778698238288
            ]
        ],
        [
            [
                1.8092163551169947e-08,
                5.118745369721257e-10,
                1.9038896065614907e-09,
                0.4544130460539606,
                0.5455869334381117
            ],
            [
                5.671209195377788e-09,
                1.2586627138763805e-09,
                1.4479321966024376e-09,
                0.3978816538011808,
                0.602118337821015
            ],
            [
                2.0194082728880872e-08,
                1.0002458128007126e-08,
                0.0001355060652832585,
                0.7994672610744112,
                0.20039720266376462
            ],
            [
                9.57267072222331e-07,
                5.295647409750504e-10,
                6.303585349419807e-09,
                0.5961436646800881,
                0.4038553712196897
            ],
            [
                7.229795246033782e-08,
                5.380015944114051e-09,
                7.806004375221224e-09,
                0.2622669169695341,
                0.7377329975464931
            ]
        ],
        [
            [
                1.8959366513985351e-06,
                4.910034058178781e-09,
                7.033103738640604e-10,
                0.030344085399980604,
                0.9696540130500235
            ],
            [
                1.2040218220484285e-10,
                3.3444180220056615e-10,
                4.436107803239512e-09,
                0.5993654143939349,
                0.40063458071511343
            ],
            [
                2.493972035806849e-09,
                6.694187154601101e-09,
                0.9964025454381928,
                0.0035972569493567474,
                1.8842429125413028e-07
            ],
            [
                0.00038545704009465396,
                9.996892294311139e-09,
                2.6093754345263376e-10,
                0.1440713510495081,
                0.8555431816525674
            ],
            [
                5.229839432467614e-05,
                4.1178564874189245e-10,
                4.418419598631111e-09,
                0.1982935762235181,
                0.801654120551952
            ]
        ],
        [
            [
                3.0048814913768776e-09,
                4.1517733173533875e-10,
                9.728059031618644e-10,
                0.1925347721549808,
                0.8074652234521544
            ],
            [
                6.477259193427295e-08,
                3.6829865752134408e-09,
                3.33161533733428e-07,
                0.38126100169106103,
                0.6187385966918267
            ],
            [
                4.127367929050667e-07,
                2.819074846723039e-07,
                0.7821626945718854,
                0.15608151497755293,
                0.061755095806284174
            ],
            [
                4.02299025105618e-09,
                1.2021220282677228e-10,
                6.201968236524643e-11,
                0.37020866795805907,
                0.6297913278367188
            ],
            [
                7.64204215801488e-08,
                1.2442922245711323e-08,
                7.333268808169905e-08,
                0.19384721329606322,
                0.8061526245079048
            ]
        ],
        [
            [
                2.170274961621956e-10,
                1.6869632114925414e-11,
                1.7115444968982634e-09,
                0.5879241617219904,
                0.41207583633256795
            ],
            [
                4.5002287048078375e-09,
                1.637523558493792e-09,
                1.141271802335639e-08,
                0.5991089420753314,
                0.4008910403741983
            ],
            [
                2.8337544004436047e-11,
                2.489972682264944e-10,
                0.9999999444693761,
                4.8755972877256454e-08,
                6.4973162256332015e-09
            ],
            [
                9.228276106065965e-11,
                5.1403032922326425e-12,
                8.929854171429018e-12,
                1.7483453090466541e-09,
                0.9999999981453018
            ],
            [
                5.7412435823302804e-09,
                9.102942984974719e-11,
                2.101176042329939e-09,
                0.15650399569510495,
                0.8434959963714461
            ]
        ],
        [
            [
                1.4995310667563232e-09,
                5.081195736085991e-10,
                4.9861079714894505e-09,
                0.16423168579436773,
                0.8357683072118737
            ],
            [
                1.2022829717599983e-09,
                3.0932034969696663e-09,
                2.2880543394284174e-08,
                0.6000067903214418,
                0.39999318250252824
            ],
            [
                3.023043666243408e-07,
                9.523033386704562e-07,
                0.3891456932078894,
                0.5305868568463605,
                0.08026619533804488
            ],
            [
                5.468505772294486e-08,
                2.9343662645652863e-09,
                2.1285633200931404e-09,
                0.0018652159782911071,
                0.9981347242737215
            ],
            [
                0.12418278886541177,
                4.133109497423981e-07,
                5.716477590607346e-09,
                0.18280103771113312,
                0.6930157543960277
            ]
        ],
        [
            [
                1.5071262156789584e-07,
                1.3923823349493868e-08,
                1.3542116670123564e-08,
                0.005936067572328506,
                0.9940637542491099
            ],
            [
                4.237271727635888e-09,
                1.2836545415426314e-09,
                5.249852289464154e-08,
                0.5922549037338476,
                0.4077450382467033
            ],
            [
                4.666005015405084e-08,
                2.634562539211318e-07,
                0.6287233313134275,
                0.19130244852631326,
                0.17997391004395508
            ],
            [
                1.6698544852687322e-08,
                2.049201424191088e-09,
                4.422243307011662e-08,
                0.2538857237465389,
                0.7461142132832818
            ],
            [
                1.5622941807163136e-09,
                3.073926558501906e-10,
                6.526648304569408e-09,
                0.4634162362566582,
                0.5365837553470066
            ]
        ],
        [
            [
                0.015164071838583348,
                3.04267279217465e-08,
                5.393033434132267e-09,
                0.00043449625533600053,
                0.9844013960863193
            ],
            [
                4.372714056486028e-09,
                3.0598942914705875e-10,
                2.821036397466477e-10,
                0.800172335445605,
                0.19982765959358786
            ],
            [
                2.8634056467030444e-07,
                1.1591438999766259e-07,
                0.2538951299798662,
                0.5912709308675355,
                0.1548335368976436
            ],
            [
                4.068619996646349e-05,
                2.0265241864201927e-09,
                8.515546870120665e-11,
                0.2784656037946604,
                0.7214937078936935
            ],
            [
                4.295001187073362e-08,
                2.3095140837178514e-10,
                5.327728658146441e-10,
                0.0004945868602564767,
                0.9995053694260074
            ]
        ],
        [
            [
                3.1051255857667084e-09,
                1.5009419697469196e-09,
                1.5206093418818143e-09,
                0.6998434344962526,
                0.3001565593770705
            ],
            [
                1.7171850182575975e-08,
                5.380660507989252e-06,
                4.4236504017518284e-07,
                0.8045741561270007,
                0.19542000367560097
            ],
            [
                4.539322456171542e-09,
                5.638924233983476e-10,
                1.6341513182007187e-09,
                0.99999277282563,
                7.220437003714471e-06
            ],
            [
                7.771405546072977e-08,
                1.0238950873182285e-09,
                1.0293412547787836e-09,
                0.19243675756539538,
                0.8075631626673128
            ],
            [
                2.4859209379149174e-06,
                5.1100300442880494e-09,
                1.2528697309851397e-09,
                0.18123035929269546,
                0.8187671484234669
            ]
        ],
        [
            [
                3.9241602083704265e-07,
                7.3473849122432705e-09,
                3.927802463603225e-10,
                0.6313680953394757,
                0.36863150450433835
            ],
            [
                7.102603883852007e-10,
                8.346095302768646e-09,
                2.0117117557301283e-08,
                0.8000028649446931,
                0.19999710588183375
            ],
            [
                1.4787737471724445e-07,
                1.0087855343231602e-05,
                0.04535818544173779,
                0.45394354263680525,
                0.500688036188739
            ],
            [
                3.483198108893732e-10,
                4.1519578841326093e-10,
                2.144948902682858e-11,
                0.19988943785884614,
                0.8001105613561887
            ],
            [
                0.00013868027505817057,
                8.31994834089176e-10,
                4.3106794524061995e-08,
                0.595431680170767,
                0.4044295956153855
            ]
        ],
        [
            [
                0.1554803858536918,
                7.541251216127446e-09,
                2.2904796664773986e-08,
                0.0009006566252366244,
                0.8436189270750237
            ],
            [
                1.607647062735567e-09,
                2.1013789157773784e-09,
                4.792117968092506e-08,
                0.800174046863976,
                0.19982590150581844
            ],
            [
                3.3442895695662367e-10,
                1.3443397796493672e-08,
                6.097110302642034e-07,
                0.7635046831230452,
                0.2364946933880978
            ],
            [
                8.888126435734314e-07,
                8.85957174669374e-09,
                5.591310703587108e-08,
                0.21906271214626796,
                0.7809363342684097
            ],
            [
                0.0010435294727028294,
                2.599995745217551e-09,
                2.2353850993174244e-11,
                0.3999908198225522,
                0.5989656480823954
            ]
        ],
        [
            [
                3.922936635122517e-08,
                3.0648548280404542e-09,
                2.461673303446954e-10,
                0.015257876529856725,
                0.9847420809297548
            ],
            [
                4.537089719598711e-08,
                8.371627926444088e-08,
                1.2181230128194557e-07,
                0.18804999314914497,
                0.8119497559513773
            ],
            [
                4.2820590243973825e-09,
                4.8961902185687576e-08,
                3.402663715516287e-09,
                0.7873479880639068,
                0.2126519552894682
            ],
            [
                1.4892557160133824e-09,
                6.098956201073204e-10,
                1.1919941779736232e-08,
                0.7990930065214616,
                0.2009069794594453
            ],
            [
                5.96433395518148e-07,
                2.861760370574074e-09,
                4.69894800772351e-09,
                0.5967515983266799,
                0.40324779767921615
            ]
        ],
        [
            [
                5.3141873354022624e-08,
                1.2478468659081549e-08,
                6.601500621292672e-10,
                0.020985484575389186,
                0.9790144491441188
            ],
            [
                6.67648048510343e-09,
                3.6268439194164356e-09,
                9.326019931785765e-08,
                0.9846827759696782,
                0.015317120466797972
            ],
            [
                5.656435156349467e-09,
                1.7725770742630166e-08,
                0.9986406622182453,
                1.1681100642640205e-05,
                0.001347633298906101
            ],
            [
                7.285091497689226e-10,
                2.122123552006805e-09,
                4.842432829751377e-09,
                0.39679418380347825,
                0.6032058085034562
            ],
            [
                1.5612735076908567e-08,
                2.3417171878244064e-10,
                2.793952234742364e-10,
                0.34859927601876134,
                0.6514007078549366
            ]
        ],
        [
            [
                9.474434152995109e-11,
                4.482813348716769e-10,
                5.794681831865734e-11,
                0.3124327221646967,
                0.6875672772343308
            ],
            [
                1.5665540349599128e-09,
                7.615863103745003e-10,
                2.0198692141125488e-08,
                0.41805428706048625,
                0.5819456904126812
            ],
            [
                6.185711295434637e-09,
                5.677251045255241e-09,
                0.9989549000831593,
                0.001044774609873762,
                3.134440044671397e-07
            ],
            [
                4.195176966201518e-10,
                3.8751931241215943e-10,
                2.0991260982197667e-09,
                0.6640018645893796,
                0.33599813250445726
            ],
            [
                2.049897767211579e-10,
                4.83731598315687e-10,
                1.1965428356610817e-09,
                0.029611424221504506,
                0.9703885738932313
            ]
        ],
        [
            [
                1.3347946297583157e-07,
                1.1033141735681898e-10,
                1.2453507312729753e-09,
                2.5478987756786105e-07,
                0.9999996103749773
            ],
            [
                2.683703697940583e-08,
                5.386054909510817e-09,
                4.932101960121106e-08,
                0.9960417074352088,
                0.003958211020679688
            ],
            [
                5.053211981497044e-10,
                1.0976824821571256e-08,
                8.153335772685621e-08,
                0.4048676575180847,
                0.5951322494664116
            ],
            [
                0.0010440351818784225,
                2.4077783497384684e-08,
                9.419531374766284e-10,
                0.3241916279710653,
                0.6747643118273196
            ],
            [
                0.015305398574613382,
                1.4505608623580306e-09,
                1.2339393002614294e-09,
                0.4115869426341483,
                0.5731076561067382
            ]
        ],
        [
            [
                0.0015866049785356567,
                4.54672465343291e-09,
                1.4589618637047892e-08,
                0.20928170188442052,
                0.7891316740007005
            ],
            [
                8.959614143194031e-09,
                2.742851000178826e-07,
                2.12279172437075e-08,
                0.7999002210768258,
                0.2000994744505427
            ],
            [
                2.924259972382625e-09,
                7.346333538519523e-10,
                4.536285385182884e-07,
                0.2401309562858414,
                0.7598685864267267
            ],
            [
                1.0551919019264555e-08,
                1.2993492225176968e-09,
                1.7821955428525116e-10,
                0.1358357249805471,
                0.8641642629899651
            ],
            [
                0.10002254301780904,
                6.239354702706857e-08,
                3.090705898282257e-07,
                0.027744957804640934,
                0.8722321277134132
            ]
        ],
        [
            [
                0.12459377794734175,
                3.805340433942466e-07,
                4.1480069110491964e-09,
                0.1124898112708378,
                0.7629160260997702
            ],
            [
                1.2928235974475836e-08,
                1.483114123301121e-06,
                2.582745157308685e-07,
                0.6120102475957006,
                0.38798799808742446
            ],
            [
                3.040433089426063e-08,
                2.3840173704040931e-07,
                1.1949364952392292e-05,
                0.8364710329860852,
                0.16351674884289458
            ],
            [
                1.3897740069773958e-08,
                1.0753512793398707e-09,
                4.479681144420012e-08,
                0.5334933167897817,
                0.4665066234403154
            ],
            [
                3.1111782980726273e-09,
                1.779702009723479e-09,
                1.778830266386869e-10,
                0.19927556487036946,
                0.8007244300608672
            ]
        ],
        [
            [
                0.00018639340491700423,
                1.7748042738481177e-07,
                7.359073895742894e-10,
                0.43234477462904236,
                0.5674686537497059
            ],
            [
                1.547610465256073e-09,
                4.839775400480579e-09,
                1.1009603333858178e-08,
                0.40000676913101796,
                0.599993213471993
            ],
            [
                1.955305242289061e-11,
                1.610907355942668e-11,
                0.9999999996152644,
                9.571441082994201e-11,
                2.533590093024306e-10
            ],
            [
                1.3550039397825817e-09,
                3.4351443299236285e-11,
                4.3489591221780843e-10,
                0.7998350336213187,
                0.20016496455442995
            ],
            [
                5.494723190007517e-10,
                2.1577710523048453e-09,
                8.74238400009704e-10,
                0.48969108089996194,
                0.5103089155185563
            ]
        ],
        [
            [
                5.039506768901203e-08,
                2.850781853426363e-10,
                1.9514660019188477e-09,
                0.19542210387940495,
                0.8045778434889832
            ],
            [
                1.0028372363427935e-08,
                2.742155045264938e-07,
                8.666397997223462e-09,
                0.4000073655262275,
                0.5999923415634976
            ],
            [
                6.58742010943341e-08,
                8.305812090428918e-07,
                0.3610982287129768,
                0.4475701718937275,
                0.19133070293788546
            ],
            [
                2.7361609531022056e-08,
                1.7295568549605222e-08,
                1.6780891618635599e-09,
                0.04211606052647287,
                0.95788389313826
            ],
            [
                2.707669600763097e-07,
                9.968670913755392e-09,
                1.1834947444103991e-08,
                0.39220762058291125,
                0.6077920868465102
            ]
        ],
        [
            [
                4.2751331628552017e-05,
                8.227728947682073e-10,
                3.3401534623000493e-09,
                9.938015783573146e-05,
                0.9998578643476094
            ],
            [
                2.3037047196543483e-10,
                8.858612202893207e-10,
                4.5423387109789146e-10,
                0.8000011000394845,
                0.1999988983900499
            ],
            [
                1.5995441447751332e-09,
                2.5589937130291995e-10,
                1.4144023420840445e-08,
                0.6189475372672538,
                0.3810524467332793
            ],
            [
                1.063239555205532e-08,
                1.59199403722378e-09,
                8.210819923121874e-10,
                0.23606248813519243,
                0.7639374988193359
            ],
            [
                0.08744288960234006,
                2.029017634457988e-08,
                5.205200077323263e-09,
                0.024143588235188855,
                0.8884134966670947
            ]
        ],
        [
            [
                1.5872466848151235e-05,
                1.7466411722530395e-09,
                1.3674326982874265e-09,
                0.10000668421721047,
                0.8999774402018675
            ],
            [
                7.836255437129362e-11,
                7.559172906736795e-10,
                8.251545256713732e-09,
                0.600011679501533,
                0.3999883114126419
            ],
            [
                2.8695741445504e-07,
                9.792134709154095e-08,
                0.001241332641528714,
                0.5144587634020403,
                0.4842995190776694
            ],
            [
                9.283818262028378e-10,
                1.1228383027511627e-09,
                9.289956375280857e-09,
                0.4719493324959876,
                0.528050656162836
            ],
            [
                0.20597900809524836,
                6.459915981334749e-09,
                2.6308193454746368e-08,
                0.01797816537257774,
                0.7760427937640645
            ]
        ],
        [
            [
                1.2882112758605442e-08,
                4.616712702488378e-09,
                1.1994535792982684e-09,
                0.548441148106511,
                0.45155883319521
            ],
            [
                1.4643544798877728e-09,
                1.4377005057433268e-09,
                4.4016622864771255e-08,
                0.2877567586314843,
                0.7122431944498379
            ],
            [
                8.325678030588615e-11,
                5.669728668723283e-10,
                0.9999987520283935,
                9.718653632709027e-09,
                1.2376027232316985e-06
            ],
            [
                0.009482134410170675,
                3.419420236600572e-07,
                2.8542211017510425e-09,
                0.7952612975792963,
                0.19525622321428823
            ],
            [
                1.5603981866524228e-06,
                9.097359690834037e-09,
                1.2155416046280336e-09,
                0.24901719121711305,
                0.7509812380717991
            ]
        ],
        [
            [
                4.034390233198933e-09,
                4.0188520062226343e-10,
                4.4926373944780734e-09,
                0.693237838568416,
                0.3067621525026711
            ],
            [
                2.1437566796017086e-10,
                2.716716198564467e-09,
                2.295039750175542e-09,
                0.40105942353229657,
                0.5989405712415717
            ],
            [
                4.836794143609434e-09,
                2.3456690932038005e-07,
                0.3919891696120337,
                0.20359900202299938,
                0.40441158896126345
            ],
            [
                4.306599808888637e-09,
                2.0229750111098612e-10,
                3.537808614562905e-09,
                0.4537994320003276,
                0.5462005599529665
            ],
            [
                3.7239686309953805e-07,
                1.046341193015741e-08,
                2.0663920927817434e-09,
                0.38544240345348435,
                0.6145572116198484
            ]
        ],
        [
            [
                1.4862524198770021e-09,
                5.958149786048037e-11,
                1.3016527746224371e-09,
                0.42102689438137164,
                0.5789731027711417
            ],
            [
                5.070121404713012e-09,
                7.052313717557935e-10,
                3.054630426854003e-09,
                0.35967372021060234,
                0.6403262709594145
            ],
            [
                3.760400509765453e-09,
                7.266874740666876e-10,
                1.8060266843865984e-07,
                0.8000518689978957,
                0.19994794591234777
            ],
            [
                6.121931646249268e-10,
                4.408583458306712e-10,
                7.527855276902902e-10,
                0.5985804056300316,
                0.40141959256413134
            ],
            [
                2.9333586888180975e-10,
                4.748190801291121e-10,
                1.4101761701333041e-08,
                0.2190460786906301,
                0.7809539064394532
            ]
        ],
        [
            [
                0.01800626888383433,
                9.313889311109951e-09,
                8.665387158639045e-08,
                0.15493080851741056,
                0.8270628266309942
            ],
            [
                1.0829050912785702e-09,
                5.063470619283051e-10,
                1.9636686954191165e-09,
                0.7751287674919086,
                0.22487122895517056
            ],
            [
                9.838846551089104e-09,
                1.2727447776684512e-08,
                0.00022530839841115795,
                0.4990990833981695,
                0.500675585637125
            ],
            [
                2.3488761493087686e-07,
                7.668348271401686e-10,
                3.2487137598769497e-10,
                0.3127238030793667,
                0.687275960941312
            ],
            [
                1.9742069564562938e-09,
                1.8799676326796777e-10,
                6.07686356913778e-11,
                1.9285515101069345e-05,
                0.9999807122619265
            ]
        ],
        [
            [
                1.5786514519373425e-06,
                6.633931694917106e-10,
                2.2889681170678495e-10,
                0.2875627797530184,
                0.7124356407032397
            ],
            [
                4.08576458605095e-08,
                8.543352155870069e-09,
                2.4931221151231573e-07,
                0.9809815428094565,
                0.01901815847733399
            ],
            [
                2.6450847311495345e-09,
                7.457824650428501e-08,
                5.92216625044251e-07,
                0.6120117686469062,
                0.3879875619131375
            ],
            [
                3.259615963578178e-10,
                4.5506959251827196e-10,
                8.128753735615225e-10,
                0.400976049346146,
                0.5990239490599475
            ],
            [
                1.238037721338616e-09,
                1.320199022915742e-10,
                3.060396452346682e-09,
                0.2878986829368977,
                0.7121013126326483
            ]
        ],
        [
            [
                0.00032776748056542916,
                2.509049308319881e-08,
                1.2047341605924671e-08,
                0.22436849528013073,
                0.7753037001014692
            ],
            [
                3.5195622792602804e-10,
                8.870829577310061e-10,
                4.269746382943954e-08,
                0.9938288875073155,
                0.006171068556181505
            ],
            [
                8.066169559144681e-08,
                3.1764924452136503e-07,
                3.10193165896976e-08,
                0.8179063525294635,
                0.18209321814027976
            ],
            [
                0.192536191358993,
                1.9792860511326744e-08,
                1.3683062672591224e-08,
                0.10757651949751923,
                0.6998872556675645
            ],
            [
                3.434751020335892e-09,
                3.4409076096710255e-09,
                6.813639102452038e-10,
                0.7927877726101477,
                0.20721221983282978
            ]
        ],
        [
            [
                0.004595453171822263,
                1.1399878137716188e-09,
                1.2516238691902238e-09,
                0.2434434381467469,
                0.7519611062898192
            ],
            [
                3.9165642226162175e-10,
                2.559558845655655e-09,
                2.3894537875158797e-08,
                0.04461250978978819,
                0.9553874633644587
            ],
            [
                2.340489606901326e-06,
                2.0641403147621495e-05,
                0.32854604890860745,
                0.6216235987016006,
                0.04980737049703749
            ],
            [
                1.1268437636981732e-09,
                2.5256281005861005e-10,
                7.227363410704621e-10,
                0.5953521659995133,
                0.4046478318983438
            ],
            [
                3.096696290714768e-06,
                8.607630765421221e-09,
                2.0099273218487747e-10,
                0.4874495289172036,
                0.5125473655778822
            ]
        ],
        [
            [
                1.1610349050347176e-07,
                2.3761501846729214e-09,
                1.0001920369982299e-08,
                0.08769479148761672,
                0.9123050800308222
            ],
            [
                7.352830055945355e-08,
                1.8590670581186612e-08,
                1.4458220731225917e-07,
                0.7472836982334676,
                0.2527160650653538
            ],
            [
                9.189448048640934e-07,
                1.634708097474969e-05,
                0.20494119713521713,
                0.5002145520341019,
                0.2948269848049014
            ],
            [
                1.7877395892162233e-08,
                3.702914416690287e-09,
                1.154601284850191e-09,
                0.5998340792394744,
                0.40016589802561403
            ],
            [
                0.0002600780888295358,
                9.406135937135245e-09,
                1.524232778699158e-08,
                0.21007032789504668,
                0.78966956936766
            ]
        ],
        [
            [
                4.037811395598757e-09,
                2.0318622238092375e-09,
                1.4449955520466825e-08,
                0.5243407331511777,
                0.47565924632919315
            ],
            [
                7.292643063018745e-07,
                1.1384942614733844e-07,
                6.9667287037231e-08,
                0.9927707700345624,
                0.007228317184418111
            ],
            [
                2.859274198188799e-11,
                4.191366105363915e-10,
                0.9999999978596001,
                4.4977275591303975e-10,
                1.2428978838725461e-09
            ],
            [
                1.0081796086177893e-08,
                1.399014864548938e-08,
                8.790200405492461e-11,
                0.19721196823636186,
                0.8027880076037913
            ],
            [
                0.18483169673407035,
                1.0204315375612913e-08,
                8.32429605948787e-11,
                2.193190234751486e-09,
                0.8151682907851812
            ]
        ],
        [
            [
                9.758789850904793e-09,
                3.147089880787116e-10,
                1.1213050809042256e-09,
                0.5848835604199575,
                0.4151164283852386
            ],
            [
                2.1040785205047334e-08,
                7.480141769844842e-09,
                2.7914800517370573e-09,
                0.32960244173494174,
                0.6703975269526513
            ],
            [
                1.3927988451476866e-09,
                3.4545121224477356e-09,
                0.9994316160207009,
                0.0005012902424989954,
                6.708888948918559e-05
            ],
            [
                1.2096689863179696e-08,
                1.2825325479400946e-10,
                1.2590540755179223e-08,
                0.4276268950885664,
                0.5723730800959498
            ],
            [
                0.0008140918720928979,
                1.3155782881122958e-08,
                1.4303345797741808e-09,
                0.14652687771892084,
                0.8526590158228687
            ]
        ],
        [
            [
                4.343540219560801e-06,
                2.175099494115993e-07,
                7.841121495215307e-09,
                0.587790864523984,
                0.4122045665847255
            ],
            [
                2.43139863819476e-09,
                6.677447469659582e-10,
                4.180149760481289e-09,
                0.4001057548834168,
                0.5998942378372901
            ],
            [
                5.9001155371358e-07,
                3.7073352260256856e-06,
                0.20309994242217722,
                0.781614115631638,
                0.015281644599405158
            ],
            [
                6.278003519786405e-09,
                5.347678197884287e-10,
                3.481740907545664e-09,
                0.19918202848222974,
                0.800817961223258
            ],
            [
                1.6410632485475307e-05,
                3.727873210682162e-09,
                1.6606277119066467e-08,
                0.1999929928661107,
                0.7999905761672534
            ]
        ],
        [
            [
                3.2581048126279174e-08,
                3.6279458821888054e-09,
                1.2492722840143124e-08,
                0.18992458696051265,
                0.8100753643377705
            ],
            [
                5.209057684816496e-10,
                9.213197875294081e-10,
                6.004906914415514e-09,
                0.5562059182467041,
                0.4437940743061634
            ],
            [
                3.205771658273207e-07,
                2.3710066539857922e-07,
                0.7003930480196934,
                0.037490795406131046,
                0.2621155988963442
            ],
            [
                1.0676895510893694e-08,
                6.077999268502081e-10,
                1.4902152312227133e-08,
                0.22380890874708703,
                0.7761910650660653
            ],
            [
                4.808965861305489e-08,
                1.6017540003017797e-09,
                1.391704266997127e-10,
                0.004492083100975732,
                0.9955078670684412
            ]
        ],
        [
            [
                2.3882067032057245e-06,
                1.8869225808222513e-09,
                3.454987231739653e-10,
                0.20454321171079426,
                0.7954543978500812
            ],
            [
                1.1904691529987443e-10,
                1.6742933203605295e-09,
                2.846632746998589e-09,
                0.602223149334134,
                0.39777684602589297
            ],
            [
                2.1037612859986617e-08,
                5.303931829519615e-09,
                0.9972362305744102,
                0.0027617020521818465,
                2.0410318632235393e-06
            ],
            [
                2.869225842969562e-10,
                4.184664093714838e-10,
                5.903843347967544e-09,
                0.3985749274988382,
                0.6014250658919295
            ],
            [
                2.403581604111687e-09,
