{
    "[['A', 'B', 'C', 'D', 'E'], ['A', 'B', 'C', 'D', 'E']]": [
        [
            [
                5.994847711631615e-10,
                1.667383565691008e-10,
                5.897166029898897e-09,
                0.20023142853780782,
                0.7997685647988031
            ],
            [
                5.346121611358552e-09,
                7.615718300916894e-10,
                6.227592194579995e-11,
                0.6000014652816352,
                0.39999852854839546
            ],
            [
                8.355323100183464e-10,
                1.9572991991492143e-10,
                3.4248149525851853e-09,
                0.7703712497111199,
                0.229628745832803
            ],
            [
                2.624952548646063e-06,
                1.773038435243705e-08,
                1.5690469811954763e-08,
                0.6067491863831972,
                0.39324815524340007
            ],
            [
                0.1153462817649857,
                2.6017272763896905e-06,
                2.697886165330531e-06,
                0.24785868267803277,
                0.6367897359435398
            ]
        ],
        [
            [
                0.14621172789574247,
                6.377808832435099e-11,
                1.5356069483561643e-09,
                0.21906866753395002,
                0.6347196029709224
            ],
            [
                1.4023746902489799e-10,
                3.4793385964735012e-09,
                2.8155475443464057e-09,
                0.9999889488189397,
                1.1044745936651218e-05
            ],
            [
                2.2564044255938362e-09,
                2.374424531708027e-08,
                0.7811192562495313,
                0.2160712259640121,
                0.002809491785806924
            ],
            [
                0.21225153853912593,
                6.229413495001055e-08,
                6.098989785901707e-09,
                0.4022307567844061,
                0.3855176362833432
            ],
            [
                0.2749826801132201,
                1.6318187786738354e-06,
                8.632799460564882e-07,
                0.12398559685426157,
                0.6010292279337937
            ]
        ],
        [
            [
                0.0003873919658287488,
                9.95520634596608e-09,
                1.0448472548635913e-08,
                0.19069078730739045,
                0.8089218003231019
            ],
            [
                1.7035049710023367e-09,
                3.00564609989942e-08,
                3.0069039518198586e-10,
                0.5989547460742982,
                0.4010452218650453
            ],
            [
                3.446736995109469e-10,
                1.2633792377910288e-10,
                4.2659634734047633e-10,
                0.6004506410354804,
                0.39954935806691155
            ],
            [
                2.335715663184736e-08,
                4.842887848278298e-09,
                1.9090613128214617e-08,
                0.6445599639334154,
                0.355439988775927
            ],
            [
                0.4375516451865219,
                3.485944133662219e-08,
                5.878380628141774e-09,
                0.04503849727303736,
                0.5174098168026188
            ]
        ],
        [
            [
                9.099316118116047e-08,
                1.3079613974914926e-09,
                4.2312691408472856e-10,
                0.6000911918980203,
                0.39990871537773026
            ],
            [
                1.3127646241631593e-09,
                4.489539814789921e-09,
                6.068515591365168e-10,
                0.3124365326606199,
                0.6875634609302242
            ],
            [
                2.5518385129870174e-09,
                7.624672572525072e-11,
                4.596636275715564e-09,
                0.2537703059379857,
                0.7462296868372928
            ],
            [
                7.651431593248054e-09,
                4.8031863949009865e-09,
                5.398707801237925e-10,
                0.2002493159487691,
                0.7997506710567421
            ],
            [
                0.1978549082952026,
                2.706588524692675e-09,
                2.1128907169340133e-10,
                0.22063274810631944,
                0.5815123406806003
            ]
        ],
        [
            [
                0.0057406794955350594,
                9.00550276031086e-09,
                1.0077845289462628e-07,
                0.389731718858779,
                0.6045274918617303
            ],
            [
                4.1544920842335135e-10,
                1.285073897268713e-10,
                1.4592427098904491e-09,
                0.4000012332998059,
                0.5999987646969949
            ],
            [
                1.0846596106032064e-08,
                9.668203649588057e-08,
                0.003076417789066393,
                0.6004187694512353,
                0.3965047052310657
            ],
            [
                8.611197852068779e-05,
                4.32528911004692e-10,
                5.568512052464562e-10,
                0.40029995095499693,
                0.5996139360771023
            ],
            [
                0.1786320524683463,
                3.364230820415778e-08,
                1.25442685023282e-08,
                0.0055593709010629475,
                0.815808530444014
            ]
        ],
        [
            [
                0.005853924466247762,
                5.195279059368331e-09,
                3.0867909660708916e-08,
                0.20916818861971198,
                0.7849778508508515
            ],
            [
                8.096395372394853e-11,
                1.0114976054233019e-11,
                1.47908634886103e-09,
                0.7879852450878637,
                0.21201475334197112
            ],
            [
                6.961912838479622e-07,
                1.549488143611729e-05,
                0.128097162602422,
                0.683919552635532,
                0.18796709368932613
            ],
            [
                0.4134039954188561,
                7.770871499742719e-07,
                2.8189456856484524e-07,
                0.019347473234075287,
                0.5672474723653501
            ],
            [
                2.1660381159547703e-07,
                3.405786607302249e-09,
                7.812173527581472e-10,
                0.3093609162439666,
                0.6906388629652178
            ]
        ],
        [
            [
                0.6224980205100876,
                9.206621146876728e-09,
                6.27343190921379e-10,
                5.831754509748648e-07,
                0.37750138648049714
            ],
            [
                3.70799362165401e-10,
                1.1244184874742222e-09,
                5.695350718167058e-10,
                0.6008899172378985,
                0.3991100806973486
            ],
            [
                1.5124713001390303e-09,
                3.410698663573533e-09,
                2.7463622901127382e-08,
                0.43063922394717813,
                0.5693607436660291
            ],
            [
                8.922266576283597e-10,
                3.210741114515441e-10,
                2.5350002432310137e-10,
                0.39991368643258357,
                0.6000863121006157
            ],
            [
                0.00011057209148187695,
                8.622728966070319e-09,
                1.245997033806191e-10,
                0.3123772823774153,
                0.6875121367837742
            ]
        ],
        [
            [
                0.3773319397994406,
                4.785325980305337e-09,
                1.4757862888471821e-09,
                9.529405865540099e-07,
                0.6226671009988607
            ],
            [
                7.247821213121422e-11,
                3.386484051799534e-10,
                5.874361805684741e-10,
                0.4004385282562611,
                0.5995614707451762
            ],
            [
                3.7418037223655294e-11,
                1.0504335642792805e-10,
                5.801110660960813e-09,
                0.4010702317143366,
                0.5989297623420914
            ],
            [
                0.0641640499033776,
                9.411378536635418e-09,
                6.493830261184791e-10,
                0.19860383069213294,
                0.7372321093437278
            ],
            [
                0.012017490301590703,
                4.192183152366207e-09,
                2.211886477725509e-10,
                0.34344248857721643,
                0.644540016707821
            ]
        ],
        [
            [
                3.7833748041308664e-08,
                1.0629632841833588e-09,
                1.249944008340352e-10,
                0.5994443243047389,
                0.40055563667355537
            ],
            [
                1.5805487940400762e-11,
                1.5814827137582662e-10,
                3.052257825778214e-10,
                0.40026718284558765,
                0.5997328166752328
            ],
            [
                1.0534821456514902e-09,
                8.699187049853114e-09,
                0.2000001987416919,
                0.402152603057542,
                0.39784718844809686
            ],
            [
                2.7154161762622145e-09,
                2.630751388267573e-10,
                4.93092135944708e-10,
                0.19999998827052665,
                0.8000000082578899
            ],
            [
                1.8059514447314007e-09,
                4.645285396345652e-11,
                6.668924797006963e-10,
                0.1761603280252784,
                0.8238396694554249
            ]
        ],
        [
            [
                1.1126395911597503e-08,
                2.787240207821058e-10,
                6.676335925472888e-11,
                0.799999004873632,
                0.20000098365448482
            ],
            [
                9.895471055785438e-09,
                4.01278197787069e-09,
                3.766207439659842e-09,
                0.7952291020342172,
                0.2047708802913224
            ],
            [
                2.058513113030155e-09,
                3.6678655540033762e-09,
                4.801648880382039e-08,
                0.40068501931092504,
                0.5993149269462075
            ],
            [
                2.5707670686457267e-06,
                1.1771536015978016e-08,
                2.439016486954563e-09,
                0.6028117857042896,
                0.39718562931808926
            ],
            [
                6.710190424183647e-05,
                1.200552600126387e-09,
                1.788610299315529e-08,
                0.2739672723122272,
                0.7259656066968753
            ]
        ],
        [
            [
                2.769454386593964e-09,
                1.6295889705874344e-08,
                8.574691315089455e-09,
                0.36611300617826975,
                0.6338869661816948
            ],
            [
                1.3933488301423962e-09,
                1.179454101508676e-09,
                3.922316442247326e-10,
                0.5925384203428071,
                0.4074615766921583
            ],
            [
                8.278118194895018e-10,
                2.4851034449937775e-09,
                1.151149324616941e-09,
                0.7245257901537056,
                0.27547420538222994
            ],
            [
                1.8348098322329886e-09,
                1.1080894575178855e-09,
                6.511590542339872e-10,
                0.755459512437138,
                0.2445404839688037
            ],
            [
                0.5736670345082224,
                6.260562439901715e-09,
                9.385106345906268e-09,
                0.20273072531818973,
                0.22360222452791903
            ]
        ],
        [
            [
                0.03648709943614016,
                2.7140181486593085e-09,
                1.3433848397032403e-08,
                0.19534732311158426,
                0.768165561304409
            ],
            [
                2.288800843496124e-08,
                1.2220336057411034e-10,
                1.154797418781149e-10,
                0.6000025263216185,
                0.3999974505526898
            ],
            [
                1.9211209266846385e-09,
                4.031518344575311e-09,
                3.065581147725706e-08,
                0.2036584401918818,
                0.7963415231996676
            ],
            [
                2.0412360469992905e-07,
                1.3601056331790674e-09,
                4.908545122719934e-10,
                0.4224596232668055,
                0.5775401707586296
            ],
            [
                1.95614632933517e-05,
                1.3761879150649798e-07,
                8.180277034258406e-09,
                0.3796092887909041,
                0.6203710039467341
            ]
        ],
        [
            [
                6.707435220363505e-05,
                1.2652084877873687e-08,
                1.5478947650467048e-09,
                0.39413760142948046,
                0.6057953100183363
            ],
            [
                2.033043918030761e-09,
                6.410759477388373e-11,
                2.073936639213513e-10,
                0.7795899487613452,
                0.22041004893410956
            ],
            [
                3.112364978335485e-09,
                3.365451115236104e-08,
                0.20000137034757842,
                0.43242079166995756,
                0.36757780121558775
            ],
            [
                1.3174514491469226e-07,
                3.996093341956474e-09,
                2.8180464153351563e-09,
                0.4444286700142298,
                0.5555711914264856
            ],
            [
                0.2230382852829293,
                1.3216454648390218e-08,
                2.046307050223337e-09,
                0.006613952836989868,
                0.7703477466173191
            ]
        ],
        [
            [
                0.012058082223518988,
                2.5801168882582298e-09,
                3.0091374958455435e-09,
                0.00473771031214979,
                0.9832042018750768
            ],
            [
                6.407892286181069e-08,
                3.7750578132655275e-08,
                9.52814201074089e-10,
                0.7925927026687154,
                0.2074071945489694
            ],
            [
                1.3737503768771203e-07,
                2.4480972475996326e-08,
                5.912438492814976e-07,
                0.49585689074367084,
                0.5041423561564696
            ],
            [
                1.2880367620387157e-09,
                2.3694821383784193e-11,
                2.9223867281443336e-09,
                0.21201443825525781,
                0.7879855575106239
            ],
            [
                0.009055698392522604,
                3.828915747644205e-08,
                2.7577712658802213e-10,
                0.2031935991533389,
                0.7877506638892039
            ]
        ],
        [
            [
                6.746355951335734e-09,
                2.840949422908555e-11,
                3.3322494949475585e-10,
                0.3704213051016235,
                0.6295786877903861
            ],
            [
                1.222096028680713e-09,
                7.955223098695691e-11,
                1.0294421266566914e-09,
                0.6000410774033098,
                0.39995892026559987
            ],
            [
                7.724665076220803e-11,
                8.637556640721396e-10,
                2.89616847297487e-09,
                0.400067809816903,
                0.5999321863459263
            ],
            [
                2.4623950728566066e-08,
                1.2262046725976105e-09,
                3.4705038961063504e-09,
                0.40739830615207306,
                0.5926016645272676
            ],
            [
                2.0488146721958637e-06,
                6.365442146783842e-09,
                1.1145608332740959e-08,
                0.15054246042717487,
                0.8494554732471025
            ]
        ],
        [
            [
                0.5440184333338556,
                1.3614275713210937e-07,
                1.8366114191872037e-09,
                0.20034919298936762,
                0.2556322356974082
            ],
            [
                1.2055899532630496e-09,
                1.1144763067184313e-10,
                7.542194946737036e-10,
                0.7999679208090869,
                0.20003207711965612
            ],
            [
                1.1462772841596754e-09,
                4.363408853564636e-10,
                1.510770132058188e-08,
                0.6013359078474982,
                0.3986640754621822
            ],
            [
                5.804677526613808e-07,
                1.5272736454585098e-10,
                9.907019233323537e-10,
                4.967302968666848e-09,
                0.9999994134215151
            ],
            [
                9.573438417360926e-07,
                1.8879150003387963e-10,
                2.94204423492301e-10,
                0.19980678885369496,
                0.8001922533194673
            ]
        ],
        [
            [
                6.322913085368782e-08,
                1.460066861386734e-10,
                8.133234708531439e-10,
                0.28756263782031694,
                0.7124372979912221
            ],
            [
                1.4566595347344358e-09,
                2.989782837224547e-10,
                3.5867009959859364e-10,
                0.7998964905569432,
                0.2001035073287489
            ],
            [
                5.4123643651039e-10,
                6.400912691512716e-10,
                2.4557003605671277e-08,
                0.6018427812347904,
                0.3981571930268783
            ],
            [
                3.577370121049882e-10,
                1.9528108847568214e-09,
                4.436769738993007e-09,
                0.5966161938022089,
                0.40338379945047353
            ],
            [
                1.2840581994407792e-09,
                8.005786361055104e-10,
                1.894263241468974e-09,
                0.4113322067323384,
                0.5886677892887615
            ]
        ],
        [
            [
                4.3911880680420367e-08,
                4.736559330541726e-09,
                1.6984927740131767e-09,
                0.3362527783639904,
                0.6637471712890769
            ],
            [
                1.7575129539796824e-08,
                2.2804843674672795e-09,
                3.958953376388762e-09,
                0.576157939321199,
                0.42384203686423383
            ],
            [
                3.8768075128706255e-09,
                1.44629165587682e-08,
                0.11244819165066984,
                0.2877776456735531,
                0.5997741443360531
            ],
            [
                6.26787138505327e-11,
                2.0261367210912106e-10,
                3.5771709195328815e-09,
                0.6015823759906405,
                0.39841762016689625
            ],
            [
                0.2537363392884976,
                3.284395607586871e-08,
                3.6284413016495626e-10,
                0.19981745928816852,
                0.5464461682165337
            ]
        ],
        [
            [
                1.1469810883483323e-07,
                7.589755174695138e-10,
                3.952786318014726e-09,
                0.38835631899805767,
                0.6116435615920717
            ],
            [
                2.354608512205157e-09,
                1.4034183247644353e-09,
                2.832224287867292e-08,
                0.41925114057103513,
                0.5807488273486952
            ],
            [
                2.763252470246162e-09,
                6.125138345340741e-10,
                3.182102044049913e-10,
                0.8000217115614349,
                0.19997828474458873
            ],
            [
                0.0010441463904461816,
                2.717032662743399e-06,
                2.2300775892324024e-08,
                0.3462104013028447,
                0.6527427129732705
            ],
            [
                1.1222968534275617e-08,
                1.334835135009771e-08,
                1.8721874268535007e-09,
                0.19781584081349446,
                0.8021841327429983
            ]
        ],
        [
            [
                2.665534557584008e-09,
                9.546624885916394e-10,
                1.518742377196471e-09,
                0.8035861943473981,
                0.19641380051366236
            ],
            [
                6.640637104791563e-10,
                1.3275442475959169e-10,
                5.2530281817713685e-11,
                0.6000011687813375,
                0.39999883036931416
            ],
            [
                4.848621394911445e-09,
                1.4595638615145142e-09,
                3.6770896178386196e-08,
                0.5971574728547407,
                0.4028424840661778
            ],
            [
                1.2117108453994781e-06,
                2.7572646345974663e-09,
                2.987102587173195e-10,
                0.202636043242128,
                0.7973627419910518
            ],
            [
                2.1693424988772995e-05,
                3.533593794182687e-08,
                6.945832761496631e-09,
                0.589153715721915,
                0.4108245485713255
            ]
        ],
        [
            [
                0.004595474462839309,
                2.699385890395831e-09,
                1.3884308235555058e-08,
                0.5878963732667907,
                0.40750813568667593
            ],
            [
                4.819761358565611e-09,
                7.438561146139795e-10,
                4.037666107652867e-10,
                0.5848161002065043,
                0.4151838938261115
            ],
            [
                3.3068483643069393e-10,
                6.97248052587904e-10,
                2.845577042361403e-09,
                0.6000406238463728,
                0.39995937228011735
            ],
            [
                7.917059443686227e-09,
                1.58219136205582e-09,
                5.747639121040635e-08,
                0.6506230543571151,
                0.3493768786672428
            ],
            [
                0.4629781153059515,
                2.418609567912403e-07,
                4.76134420669787e-08,
                0.1010597201529173,
                0.43596187506673223
            ]
        ],
        [
            [
                0.3124256650528454,
                7.833125749915468e-09,
                2.453817756450877e-09,
                0.002209047339178258,
                0.6853652773210328
            ],
            [
                1.0831714283863181e-08,
                2.188604645049871e-10,
                6.317280040682704e-10,
                0.40000159785923445,
                0.5999983904584628
            ],
            [
                4.773871977103331e-11,
                2.538105689822596e-10,
                1.737825548632525e-09,
                0.6011031999682092,
                0.3988967979924161
            ],
            [
                2.3082117242618832e-08,
                2.2575871197486998e-10,
                5.728096075516158e-09,
                0.5686621162212738,
                0.43133785474275416
            ],
            [
                0.20019402614809878,
                1.028724854047848e-08,
                3.4133856981173967e-09,
                0.11254891540934783,
                0.6872570447419191
            ]
        ],
        [
            [
                0.00018515156241920552,
                1.0146280271557307e-09,
                1.3002654850582157e-08,
                0.6993078798567728,
                0.30050695456352516
            ],
            [
                1.230588995742083e-06,
                5.17501141616541e-09,
                1.880943609561053e-08,
                0.3920668296167578,
                0.6079319158097989
            ],
            [
                1.6527676509330694e-09,
                1.0552451720647828e-10,
                1.0973265576260661e-08,
                0.8000858769258812,
                0.19991411034256115
            ],
            [
                7.130296470000053e-09,
                1.5035738820449888e-10,
                2.0208759883358188e-09,
                0.4833880253436496,
                0.5166119653548205
            ],
            [
                1.5797058460238983e-06,
                1.004232611033177e-08,
                5.082534546809821e-10,
                0.3356018342719762,
                0.6643965754715981
            ]
        ],
        [
            [
                0.19922592047533658,
                4.130891360970381e-09,
                1.4135736669676048e-09,
                0.19993966497488552,
                0.6008344090053128
            ],
            [
                3.522940591644022e-07,
                4.63006650481948e-09,
                3.3521568295451414e-08,
                0.4000157378659386,
                0.5999838716883674
            ],
            [
                3.9243989140295955e-10,
                4.697781241009408e-10,
                1.8282054848666528e-08,
                0.8001177243915487,
                0.19988225646417843
            ],
            [
                0.009277360204480641,
                1.9072224153904853e-08,
                4.216527744703435e-09,
                0.13366380064736946,
                0.857058815859398
            ],
            [
                7.544569206732397e-07,
                8.198641783310427e-10,
                7.506200071967258e-09,
                0.005750038104147303,
                0.9942491991128678
            ]
        ],
        [
            [
                0.0008141940693449648,
                4.420589618072089e-09,
                1.0949503360449063e-09,
                0.06416425732473087,
                0.9350215430903841
            ],
            [
                8.165506399808718e-09,
                4.996564337254817e-09,
                4.950621307254023e-09,
                0.22960885186906135,
                0.7703911300182467
            ],
            [
                1.9740596773227223e-10,
                3.0126904228440433e-10,
                0.9999992308665653,
                2.3208881397935868e-08,
                7.45425878426322e-07
            ],
            [
                7.222487444414383e-10,
                4.203750602356279e-11,
                5.193680931641629e-11,
                0.19999290958016075,
                0.8000070896036162
            ],
            [
                3.2182219483687515e-06,
                1.9143895325703262e-08,
                4.519578181780063e-09,
                0.19253151360978535,
                0.8074652445047927
            ]
        ],
        [
            [
                7.476831139716702e-07,
                5.483236331792061e-10,
                2.544009567643001e-09,
                1.414255817100858e-05,
                0.9999851066663817
            ],
            [
                1.978827815840972e-09,
                6.442657269726092e-10,
                1.9828820539950275e-09,
                0.40017203516987954,
                0.5998279602241449
            ],
            [
                3.5468053300630855e-09,
                2.6247462578030707e-08,
                0.19996979664778117,
                0.40092705575630305,
                0.39910311780164787
            ],
            [
                4.5882755250550986e-10,
                4.721472893693308e-10,
                1.2071130002693082e-10,
                0.39999991544300956,
                0.6000000835053043
            ],
            [
                5.009204954008602e-10,
                4.893256531693366e-10,
                4.896707218941281e-08,
                0.20743458497097372,
                0.7925653650717079
            ]
        ],
        [
            [
                3.5102257417367276e-06,
                7.243411761353309e-09,
                2.098151331776987e-09,
                0.3995053869390596,
                0.6004910934936356
            ],
            [
                8.557115853322252e-11,
                1.7358048030809068e-09,
                1.4760790310446612e-09,
                0.3996981984192021,
                0.600301798283343
            ],
            [
                1.3014869971263613e-08,
                1.4387105099768504e-07,
                0.7160118184306421,
                0.1963948043743751,
                0.08759322030906182
            ],
            [
                7.079333205484842e-10,
                2.198886696948991e-10,
                5.4244989862156855e-11,
                0.26412384083864576,
                0.7358761581792873
            ],
            [
                0.19024241719122525,
                8.020667139218089e-10,
                2.962613730058443e-08,
                0.00035688099575115125,
                0.8094006713848195
            ]
        ],
        [
            [
                1.3376117334535685e-07,
                2.037695980934546e-10,
                4.378201624438648e-10,
                0.009180917063574592,
                0.9908189485336624
            ],
            [
                3.516070029237313e-07,
                1.2489603059154621e-08,
                2.5594562251428887e-08,
                0.4448376943536195,
                0.5551619159552122
            ],
            [
                8.715914391708969e-10,
                6.244624182477205e-10,
                4.8208476913489366e-09,
                0.8002266812129262,
                0.19977331247017224
            ],
            [
                7.201547037797778e-09,
                1.6979260871807051e-09,
                7.730353242474889e-10,
                0.36040301366525707,
                0.6395969766622344
            ],
            [
                0.19981852026590308,
                2.2260134569758607e-09,
                2.808581619463703e-09,
                0.19877830038617014,
                0.6014031743133318
            ]
        ],
        [
            [
                5.958637912225263e-10,
                5.29894170584331e-10,
                1.0949898788060167e-09,
                0.5998299486722024,
                0.40017004910704973
            ],
            [
                5.395195767270969e-10,
                7.993043208618085e-11,
                7.873917844046143e-10,
                0.4003758947235537,
                0.5996241038696045
            ],
            [
                9.726427499543236e-12,
                4.4770499158204846e-11,
                2.3795214906811973e-10,
                0.5997865602320488,
                0.40021343947550203
            ],
            [
                8.200455617391732e-08,
                1.1068340362892835e-09,
                9.79594304286091e-09,
                0.5142470471240848,
                0.485752859968582
            ],
            [
                0.00011067149179828593,
                8.126047042867854e-09,
                1.0685553849011034e-08,
                0.09372771328243304,
                0.9061615964141677
            ]
        ],
        [
            [
                5.223551788271401e-05,
                2.8814340034445663e-09,
                2.0276413491536874e-08,
                0.39586463366708124,
                0.6040831076571885
            ],
            [
                1.1594752080717273e-08,
                5.087594877625233e-09,
                1.1264886432791184e-08,
                0.39996071846067166,
                0.6000392535920949
            ],
            [
                3.452355207512816e-10,
                2.7562545052813203e-10,
                1.3954734039492026e-08,
                0.7999411431453797,
                0.20005884227902535
            ],
            [
                3.457404614922803e-09,
                2.2806444751793847e-10,
                2.534817314508171e-10,
                0.009485422036838215,
                0.990514574024211
            ],
            [
                1.5352698682339542e-08,
                3.586710738791966e-09,
                2.0538871776032786e-09,
                0.18558424971081888,
                0.8144157292958846
            ]
        ],
        [
            [
                0.19969976956328359,
                2.1832641511688735e-09,
                5.159886642199445e-10,
                0.21135298911203904,
                0.5889472386254246
            ],
            [
                4.6101148266384735e-10,
                1.0736807848812134e-10,
                8.440430851288265e-09,
                0.4000181398566155,
                0.5999818511345741
            ],
            [
                1.05712854058336e-09,
                2.00420968928694e-06,
                4.582062455221295e-08,
                0.20601952444488467,
                0.793978424467673
            ],
            [
                2.1464395825881008e-07,
                7.048887197327066e-10,
                4.050888241059858e-09,
                0.19765507521808773,
                0.8023447053821771
            ],
            [
                0.0036376794543499643,
                4.610601530554098e-08,
                6.646909655825859e-10,
                0.23659394847817317,
                0.7597683252967706
            ]
        ],
        [
            [
                2.468016428064738e-05,
                1.8534501570814393e-10,
                1.441071999777965e-09,
                0.4001153335454423,
                0.59985998466386
            ],
            [
                8.262552743389661e-11,
                2.0468366699085996e-09,
                4.864647718542945e-10,
                0.3998578214039145,
                0.6001421759801585
            ],
            [
                1.687781408988982e-11,
                1.0285818756349543e-09,
                4.2698210499626474e-10,
                0.40002564048235123,
                0.5999743580452069
            ],
            [
                3.6447654132294753e-09,
                7.473360464217589e-11,
                7.760332821211821e-10,
                0.6257040693727083,
                0.37429592613175944
            ],
            [
                1.2972031902373926e-08,
                7.2516423605176035e-09,
                3.4320101259261073e-09,
                0.20616811466076596,
                0.7938318616835497
            ]
        ],
        [
            [
                0.029609186363832068,
                8.312151400042433e-09,
                3.2260092532807635e-08,
                0.00018394136443943576,
                0.9702068316994845
            ],
            [
                7.640565752627833e-10,
                9.780306511191346e-09,
                3.705067223376112e-11,
                0.6000722121233002,
                0.3999277772952861
            ],
            [
                5.143667587175016e-11,
                3.031966458005537e-09,
                1.3487422837360705e-09,
                0.5999865348225808,
                0.4000134607452738
            ],
            [
                2.8330272797211715e-10,
                2.792937304961974e-10,
                4.787957199149641e-11,
                0.8000498654052071,
                0.1999501339843169
            ],
            [
                0.09990630151762457,
                2.058855674786203e-08,
                5.4713342745316115e-09,
                0.2001929710973861,
                0.6999007013250983
            ]
        ],
        [
            [
                4.379340362563497e-08,
                3.7017585506596347e-10,
                2.6331207271033225e-10,
                0.39203376418581454,
                0.6079661913872939
            ],
            [
                7.785754325027546e-09,
                1.1024280072135147e-08,
                3.1311592750879313e-09,
                0.5941498908408782,
                0.4058500872179281
            ],
            [
                2.522714644324187e-09,
                1.1864081026116272e-09,
                4.1494872770599815e-09,
                0.7997920702158572,
                0.20020792192553274
            ],
            [
                6.202807378903547e-08,
                4.721974679290824e-09,
                1.172093872988888e-10,
                0.4073950701243518,
                0.5926048630083904
            ],
            [
                0.0003002389981138003,
                4.6774076556210905e-09,
                6.046787305267245e-09,
                0.31705861054525136,
                0.6826411397324399
            ]
        ],
        [
            [
                8.195839004191098e-10,
                3.2957028881752653e-10,
                2.918398765621073e-10,
                0.3989243697762467,
                0.6010756287827592
            ],
            [
                4.5454104260505737e-10,
                4.701440047598307e-09,
                6.567312887066268e-09,
                0.6000236886686633,
                0.39997629960804276
            ],
            [
                4.91607924209993e-08,
                3.6912816138825684e-08,
                1.6459216356087658e-07,
                0.5950787051089002,
                0.4049210442253277
            ],
            [
                1.5721150681189958e-08,
                7.205179487136428e-09,
                8.255616319811052e-10,
                0.7999824409893628,
                0.20001753525874538
            ],
            [
                1.0578274879764815e-08,
                4.2819152220645015e-10,
                2.7493570071305544e-10,
                0.4028117612157671,
                0.5971882275028307
            ]
        ],
        [
            [
                0.002199442975988221,
                1.886382893438337e-09,
                2.264601914949811e-09,
                0.20219519251578238,
                0.7956053603572446
            ],
            [
                3.852653800576221e-11,
                7.1825155183519884e-12,
                1.9153828916374483e-10,
                0.40018147779577284,
                0.5998185219669798
            ],
            [
                6.204727885428248e-09,
                2.2413721083699883e-09,
                5.404213907744339e-09,
                0.5954062108517882,
                0.4045937752978979
            ],
            [
                3.801814356696328e-10,
                4.064999741591459e-11,
                4.669252748483861e-10,
                0.7999972266467271,
                0.20000277246551623
            ],
            [
                0.0009982872623054775,
                8.195634435978223e-09,
                6.526224835403778e-09,
                0.22484714563930908,
