{
    "[['A', 'B', 'C', 'D', 'E'], ['A', 'B', 'C', 'D', 'E']]": [
        [
            [
                0.736485101727105,
                0.26351489401640715,
                4.923519144837136e-10,
                9.024589720485736e-11,
                3.6738899049358314e-09
            ],
            [
                0.005526636875945465,
                0.9944733483883806,
                3.8665973153096075e-09,
                9.583286735566994e-09,
                1.2857897737038281e-09
            ],
            [
                8.867526455976624e-09,
                3.043944441183283e-07,
                0.9905086053442074,
                0.009488962348550378,
                2.11904527164996e-06
            ],
            [
                1.4971131078726411e-05,
                8.414118716155751e-10,
                6.8660740767609775e-09,
                0.0006721586484990847,
                0.9993128625129363
            ],
            [
                0.19998430275532017,
                3.0355189105078262e-09,
                1.4353772239745105e-09,
                6.065249785997971e-05,
                0.7999550402759237
            ]
        ],
        [
            [
                0.8366892927097058,
                0.16331069988906935,
                1.4662039423825202e-09,
                3.517781247252221e-10,
                5.583242786966406e-09
            ],
            [
                1.1607870486110487e-09,
                1.3722840821953952e-09,
                7.063911501182835e-06,
                0.9984538004330485,
                0.0015391331223790954
            ],
            [
                1.0069807850819679e-07,
                1.1825807201414864e-07,
                0.7355504155719178,
                0.08794715255806303,
                0.17650221291386853
            ],
            [
                0.00018221195870472178,
                3.0776285351171946e-09,
                4.987626789937925e-10,
                0.22966862295882673,
                0.7701491615060774
            ],
            [
                4.085994294259581e-06,
                4.2502090062503674e-09,
                6.693909550921537e-10,
                0.18512892518523613,
                0.8148669839008696
            ]
        ],
        [
            [
                0.798779017568926,
                0.20122098078930514,
                1.4281909726313587e-09,
                7.475470470057192e-11,
                1.3882319961916982e-10
            ],
            [
                9.924661273337187e-05,
                0.009117218840532236,
                0.6992357958406394,
                0.2909671008226837,
                0.0005806378834112353
            ],
            [
                8.209289433484629e-10,
                4.041049582248287e-09,
                0.9999126396870746,
                8.699138148332322e-05,
                3.64069463543961e-07
            ],
            [
                9.11480730554054e-05,
                9.249460492460994e-10,
                2.0239562546219806e-07,
                0.33489449409635075,
                0.6650141545100223
            ],
            [
                9.060904984624187e-06,
                5.577772962500353e-10,
                6.512219173193384e-09,
                0.04455501142091026,
                0.9554359206041086
            ]
        ],
        [
            [
                0.9971856746678156,
                0.002814322222044137,
                3.1968799994072345e-10,
                2.679569429010357e-09,
                1.1088290799688946e-10
            ],
            [
                0.00013960724812698636,
                0.021126597672694487,
                0.9118584718221945,
                0.06647056530147905,
                0.0004047579555049145
            ],
            [
                1.875271205609133e-10,
                1.0995685168996266e-10,
                0.999999780190139,
                2.1799837433194128e-07,
                1.5140027017534924e-09
            ],
            [
                0.000814217556502975,
                4.2727495985786e-10,
                1.4691489619363295e-09,
                0.00587222183230063,
                0.9933135587147724
            ],
            [
                0.04454003048167257,
                4.4517305657971964e-10,
                1.1812939314560654e-08,
                0.015618861585349772,
                0.9398410956748653
            ]
        ],
        [
            [
                0.7170200851795047,
                0.28297989792599143,
                2.7179459886242955e-09,
                1.7120984947531568e-09,
                1.2464459356780811e-08
            ],
            [
                0.00828305185770691,
                0.9908991662183325,
                0.00011153536993219605,
                0.0007021981482255729,
                4.048405802767339e-06
            ],
            [
                1.0817672337598153e-07,
                7.826565979075282e-08,
                0.8347946049129028,
                0.11141664707164596,
                0.053788561573068085
            ],
            [
                8.093318466431107e-09,
                3.478165931213571e-11,
                2.6835581978945884e-09,
                0.004647718907326409,
                0.9953522702810153
            ],
            [
                9.8079875548923e-10,
                4.2027062851798114e-09,
                1.0013676793097817e-08,
                0.20807308098064123,
                0.7919269038221769
            ]
        ],
        [
            [
                0.9999735370356703,
                2.629384047951159e-05,
                4.856049029196483e-10,
                1.8159689512351907e-09,
                1.6682227640454405e-07
            ],
            [
                0.000688660031559764,
                0.9992344682071749,
                2.3795252102007088e-05,
                5.3032023976782666e-05,
                4.448518662116411e-08
            ],
            [
                1.7286803054268342e-12,
                2.0214646754112496e-11,
                0.9999999996568019,
                2.5179539019094e-10,
                6.945940447419123e-11
            ],
            [
                8.40534907509579e-09,
                2.273136364243011e-10,
                1.0703928497500442e-09,
                0.00048053954048546193,
                0.999519450756459
            ],
            [
                1.9513893731633046e-09,
                5.932298016362732e-11,
                4.775439112712135e-10,
                0.002351262890599432,
                0.9976487346211442
            ]
        ],
        [
            [
                0.9993638833088149,
                0.000636115159441512,
                5.330141440146307e-10,
                7.734718293110904e-10,
                2.2525761221654815e-10
            ],
            [
                3.077749097613001e-08,
                4.037469953114921e-09,
                2.9422077336429623e-06,
                0.5766797627749339,
                0.4233172602023716
            ],
            [
                6.888234135668517e-11,
                8.242476022641634e-11,
                0.9999999955402219,
                1.9204382053544107e-09,
                2.388032555059286e-09
            ],
            [
                3.306696476275835e-08,
                8.853347736786045e-09,
                1.906161125499546e-09,
                0.037235700821032496,
                0.9627642553524939
            ],
            [
                0.00012195160404472132,
                1.8259760381370446e-08,
                2.579653627781787e-09,
                0.06417597366430716,
                0.935702053892234
            ]
        ],
        [
            [
                0.8991857927346231,
                0.1008141954327103,
                7.289690407726402e-10,
                9.988370580661942e-09,
                1.1153271746580016e-09
            ],
            [
                0.0005165893257706041,
                0.9994833369304016,
                1.0969097807109282e-08,
                6.220956449288198e-08,
                5.65165548393394e-10
            ],
            [
                6.440942914645037e-10,
                4.808422227260582e-10,
                0.9998844033615448,
                5.463634156516131e-09,
                0.00011559004988451499
            ],
            [
                2.602201816956171e-06,
                8.136076545292433e-11,
                2.766208181227248e-11,
                0.19780277216625794,
                0.8021946255229022
            ],
            [
                0.14606217493113466,
                1.2290018380222142e-09,
                5.1432684587333665e-08,
                0.00023094630929123557,
                0.8537068260978877
            ]
        ],
        [
            [
                0.9995041463567003,
                0.0004958491881422773,
                1.2679010681254825e-09,
                1.3767985339919671e-09,
                1.8104578727550274e-09
            ],
            [
                0.1715689233852954,
                0.8283264107741545,
                9.550962449612756e-05,
                7.963683044315425e-06,
                1.1925330096167702e-06
            ],
            [
                3.96347373725302e-09,
                1.8737713177505482e-08,
                0.9124071232339125,
                0.08759282941844238,
                2.4646458163334056e-08
            ],
            [
                3.871733179441681e-08,
                4.421241327860036e-11,
                2.446654465950892e-10,
                0.0006362392942717905,
                0.9993637216995186
            ],
            [
                0.0017154991499229138,
                1.770368809519258e-08,
                8.291041391694497e-09,
                0.0013385732784933137,
                0.9969459015768543
            ]
        ],
        [
            [
                0.8004944920648812,
                0.19950550763567035,
                1.1101538115779589e-10,
                1.5428776597314104e-10,
                3.414524975458664e-11
            ],
            [
                0.00036703409082978756,
                0.9996326800793579,
                1.6826402379212754e-07,
                1.1187201278672657e-07,
                5.693775615050918e-09
            ],
            [
                3.6929376374306663e-09,
                4.632888222001431e-09,
                0.34725221368118364,
                0.39914329785855324,
                0.2536044801344372
            ],
            [
                0.20646509647322722,
                5.648804020268094e-09,
                1.1387721823552081e-07,
                0.08292933257493246,
                0.7106054514258181
            ],
            [
                3.553296743554671e-10,
                8.231403635602724e-10,
                8.826853608166079e-09,
                0.012017329933694539,
                0.9879826600609818
            ]
        ],
        [
            [
                0.9830493955617684,
                0.016950599094738793,
                1.8795567576921496e-10,
                3.8781262241078495e-09,
                1.2774109776505106e-09
            ],
            [
                0.014615053429472839,
                0.9853849196486884,
                2.2228749861579484e-08,
                2.9368080822842618e-09,
                1.7562808267051893e-09
            ],
            [
                1.6636307970252815e-08,
                5.984622321350743e-10,
                0.2009688569691612,
                0.6150798805344648,
                0.18395124526160384
            ],
            [
                2.894274721116738e-10,
                1.6182520686063553e-10,
                4.233130249047874e-09,
                0.0011801113226877237,
                0.9988198839929294
            ],
            [
                2.626587820155357e-10,
                5.677519841666917e-10,
                2.421103043333217e-09,
                0.1905247542087885,
                0.8094752425396977
            ]
        ],
        [
            [
                0.9999562692180833,
                4.372076098508182e-05,
                4.088175841307451e-11,
                3.4965923617153604e-09,
                6.483457506497379e-09
            ],
            [
                0.08411278659055589,
                0.9158517099885146,
                6.167649490625377e-06,
                2.9198969563760554e-05,
                1.368018750543274e-07
            ],
            [
                5.612789964884176e-08,
                7.846550029306282e-09,
                0.4028082303796244,
                0.03690306842128818,
                0.5602886372246378
            ],
            [
                3.494529753425035e-09,
                3.5717599674214183e-10,
                2.0193109171530086e-09,
                0.40375679312890805,
                0.5962432010000753
            ],
            [
                0.19643440066688606,
                7.0635413118420225e-09,
                3.71941753457203e-10,
                0.02401420155231782,
                0.7795513903453131
            ]
        ],
        [
            [
                0.996171938773735,
                0.0038279992721390256,
                6.83308061812264e-10,
                5.429449130345026e-08,
                6.976326559952731e-09
            ],
            [
                6.140553672857506e-05,
                0.8695380084296621,
                0.09125357021395271,
                0.03913937947762006,
                7.636342036641182e-06
            ],
            [
                1.1576642556327537e-11,
                7.302660595043145e-12,
                0.9999999996216362,
                3.512555640395734e-10,
                8.228938396589048e-12
            ],
            [
                5.934053416436867e-10,
                7.706637875941001e-10,
                2.0038596296532178e-11,
                0.19970309831023547,
                0.8002969003056568
            ],
            [
                2.5709086356354233e-06,
                1.458704866138369e-09,
                8.422631237403199e-10,
                0.2537943944943527,
                0.7462030322960438
            ]
        ],
        [
            [
                0.8151689951271384,
                0.1848309989168857,
                1.0293151230965495e-09,
                6.553734643726683e-10,
                4.271287547984875e-09
            ],
            [
                3.0489887042317514e-05,
                0.7598253682362689,
                0.076632083820099,
                0.16349457001681814,
                1.748803977139086e-05
            ],
            [
                1.1566633451583219e-09,
                3.39859249192785e-08,
                0.9241051904012779,
                0.07589465381782311,
                1.2063831066341787e-07
            ],
            [
                9.851475579391198e-09,
                1.150839480743379e-10,
                1.1133634307357634e-08,
                0.24443391570621786,
                0.7555660631935883
            ],
            [
                9.508771246825014e-09,
                1.3527081197551966e-09,
                5.10814422093613e-10,
                0.07762886624887715,
                0.922371122378829
            ]
        ],
        [
            [
                0.999997860160654,
                2.1394255961811082e-06,
                3.4959453600183456e-11,
                3.8399296402886795e-11,
                3.4039113807850577e-10
            ],
            [
                0.0015445162917054626,
                0.998439432412136,
                5.875445909331812e-07,
                1.5446365340854866e-05,
                1.7386226738636795e-08
            ],
            [
                2.0799684746129405e-11,
                2.4842960024582316e-11,
                0.9999999983330969,
                3.250893026779012e-10,
                1.2961712007694387e-09
            ],
            [
                7.746062661193917e-06,
                5.530182686978005e-11,
                1.6922247573622088e-08,
                0.1703839526996092,
                0.8296082842601801
            ],
            [
                3.168582258495764e-05,
                5.189512084381202e-10,
                5.632057674568187e-10,
                0.0008325768057965259,
                0.9991357362894615
            ]
        ],
        [
            [
                0.8445399675135884,
                0.1554600308213165,
                1.0537212786505502e-09,
                5.803594783844332e-10,
                3.101429654144937e-11
            ],
            [
                8.376695172367048e-06,
                0.7105017943614965,
                0.2527814181884947,
                0.03670557225937044,
                2.838495465933795e-06
            ],
            [
                3.871652273701187e-09,
                1.428241351824032e-08,
                0.9999880834731447,
                1.1669288166223417e-05,
                2.290846233066497e-07
            ],
            [
                5.908065207378712e-05,
                8.263035440551228e-09,
                2.0312574117617098e-10,
                0.17610813765675423,
                0.8238327732250107
            ],
            [
                0.012018443257062625,
                3.6982827668172583e-09,
                9.886965333803378e-09,
                0.26378947148985965,
                0.7241920716678296
            ]
        ],
        [
            [
                0.9999999290627097,
                7.081415211073467e-08,
                2.4948110687698112e-11,
                5.4309525279068574e-11,
                4.388040900710791e-11
            ],
            [
                0.00020868523838160405,
                0.9979847778800743,
                0.0018017477253650647,
                2.119369096475119e-06,
                2.669787082535942e-06
            ],
            [
                3.822198998422898e-09,
                2.722805243084136e-08,
                0.9808581026880182,
                0.01913850381091959,
                3.362450810724609e-06
            ],
            [
                1.7268884492048607e-06,
                2.497293587594564e-08,
                5.125578776699704e-09,
                0.06749992350235241,
                0.9324983195106837
            ],
            [
                0.2482599359827449,
                3.565738163052523e-09,
                3.456079728057614e-09,
                0.2274290728070674,
                0.5243109841883699
            ]
        ],
        [
            [
                0.9954040484693535,
                0.00459594933726785,
                1.4530652479922703e-09,
                3.9305101746965936e-10,
                3.4726230723749696e-10
            ],
            [
                0.006102473866127221,
                0.9931851111731412,
                0.0002512910211472641,
                0.00045870247326045303,
                2.4214663237403326e-06
            ],
            [
                1.279417400788387e-09,
                1.0011455985002684e-10,
                3.639695978761775e-09,
                0.5999180117327251,
                0.40008198324804695
            ],
            [
                0.005929644970275554,
                3.981130263501172e-11,
                4.889487528258833e-10,
                2.298643311654572e-08,
                0.9940703315145313
            ],
            [
                5.108585955352648e-05,
                4.284914391599113e-09,
                1.8765105744218152e-10,
                0.006310755753242391,
                0.9936381539146387
            ]
        ],
        [
            [
                0.7544488635753623,
                0.24555112663612488,
                2.401319829501161e-09,
                3.6636899593921166e-09,
                3.7235031504945353e-09
            ],
            [
                3.5048216056567196e-05,
                0.10586048979532416,
                0.8083008386353958,
                0.07764178661390862,
                0.008161836739314815
            ],
            [
                3.3447465068488505e-09,
                2.4575777678279857e-08,
                0.9904951361826514,
                2.018761203777016e-05,
                0.00948464828478662
            ],
            [
                1.1223146799764352e-05,
                6.271088566270084e-09,
                8.706828082420367e-10,
                0.0370744175225716,
                0.9629143521888572
            ],
            [
                0.0013239692285412317,
                2.685567285852396e-10,
                1.4605608672981253e-08,
                0.196500254123631,
                0.8021757617736625
            ]
        ],
        [
            [
                0.8058624549869448,
                0.19413754426669128,
                1.4088927032111597e-11,
                6.629261900890914e-10,
                6.934877862617487e-11
            ],
            [
                0.015454252746730802,
                0.9832148452386228,
                0.0007768424023681186,
                0.0005504929909936322,
                3.566621284676894e-06
            ],
            [
                2.874466660019425e-09,
                2.7433609805942905e-09,
                0.9994166461123519,
                0.0005807437390165794,
                2.6045308038058682e-06
            ],
            [
                1.480889297886716e-07,
                6.31118660738621e-10,
                6.634786082836215e-11,
                0.10081673024330046,
                0.8991831209703033
            ],
            [
                0.001093126420296555,
                1.139334811532374e-08,
                5.452971986803397e-10,
                0.012508933323858195,
                0.9863979283172
            ]
        ],
        [
            [
                0.9999451585871384,
                5.4840388610358164e-05,
                1.6138729602864422e-10,
                5.922837524433277e-10,
                2.7058023308263486e-10
            ],
            [
                0.0003419797966300017,
                0.9996565642323896,
                1.1838431242010402e-06,
                2.421438888148283e-07,
                2.9983967290081876e-08
            ],
            [
                1.2195151732963203e-09,
                2.579959613882648e-07,
                0.9787999468221938,
                0.021199764459833726,
                2.9502495903816478e-08
            ],
            [
                3.8760497192430626e-08,
                3.732355726529053e-11,
                3.7920629353416737e-10,
                0.13583580828651848,
                0.8641641525364545
            ],
            [
                7.715808009818635e-10,
                9.404430565031499e-10,
                3.6814150387459696e-10,
                0.005914897203873955,
                0.9940851007159607
            ]
        ],
        [
            [
                0.924491855491438,
                0.07550813864590088,
                1.3847731263244e-09,
                4.864565174136303e-10,
                3.99143170218199e-09
            ],
            [
                1.6791651844858768e-07,
                1.2763168409438858e-05,
                0.6030935615416724,
                0.308822567515723,
                0.08807093985767685
            ],
            [
                4.948673825899349e-08,
                7.643955326607726e-07,
                0.13333861696516427,
                0.8666579405999529,
                2.6285526117930895e-06
            ],
            [
                0.0003361803449670165,
                5.346237892237722e-08,
                5.814257245754663e-10,
                0.06487043002966013,
                0.9347933355815683
            ],
            [
                0.009485175514029852,
                3.148569562041328e-10,
                7.309450833474377e-10,
                1.3169640714814164e-08,
                0.9905148102705273
            ]
        ],
        [
            [
                0.9996143278769213,
                0.0003856647719733322,
                1.4555521901768825e-09,
                8.236765147583651e-10,
                5.0718768131489386e-09
            ],
            [
                0.007841536140766435,
                0.9908195505026556,
                0.0006946249751825074,
                0.0006434355597211428,
                8.528216742499346e-07
            ],
            [
                3.3215225347885165e-09,
                6.426172747605779e-10,
                0.9979115614563852,
                0.002088263995539362,
                1.705839356128856e-07
            ],
            [
                0.0006346783192837952,
                1.7504344698369836e-09,
                2.9293683671536593e-09,
                0.22658232996429362,
                0.7727829870366197
            ],
            [
                0.00014191678576754455,
                9.741210289924384e-10,
                5.304157118602545e-10,
                0.393617136347551,
                0.6062409453621447
            ]
        ],
        [
            [
                0.9999995003038703,
                4.893635233853207e-07,
                1.5297579087171433e-11,
                9.114834452801201e-10,
                9.405825390627282e-09
            ],
            [
                9.9644346605177e-05,
                0.9564417801324374,
                0.027513487673964828,
                0.015906837951558315,
                3.824989543419379e-05
            ],
            [
                1.2876677465289852e-09,
                1.8560150390986072e-09,
                0.9994726124283263,
                0.0004956951529544944,
                3.1689275036505826e-05
            ],
            [
                0.0028987785153985245,
                1.4209374721259738e-10,
                1.4975837852693383e-08,
                0.007521850847655347,
                0.9895793555190145
            ],
            [
                0.0045953511003388806,
                2.692420534713149e-09,
                1.5556616182229447e-09,
                0.204118955690487,
                0.791285688961092
            ]
        ],
        [
            [
                0.6002779346236146,
                0.3997220586277849,
                1.2591946468869013e-09,
                5.332550070213992e-09,
                1.5685570557934095e-10
            ],
            [
                3.72875977040329e-05,
                0.03851017433165721,
                0.8421223852642,
                0.11915771921134512,
                0.00017243359509348083
            ],
            [
                2.5876816375444665e-08,
                7.128630666599622e-07,
                0.06193968589423479,
                0.5699371812122952,
                0.36812239415358694
            ],
            [
                0.0018979810870765456,
                1.9723079056028324e-08,
                2.8113366896639437e-09,
                0.007786751848849661,
                0.990315244529658
            ],
            [
                2.2923533928573638e-09,
                4.045055548820283e-10,
                1.3138994439454136e-08,
                0.19712684078248666,
                0.8028731433816599
            ]
        ],
        [
            [
                0.8001309086770957,
                0.19986907340380516,
                8.664337790063857e-10,
                5.741491134335957e-09,
                1.1311174121589811e-08
            ],
            [
                1.5598539838133767e-06,
                3.89272203052254e-05,
                0.7318254693836834,
                0.26777306465709916,
                0.0003609788849284268
            ],
            [
                4.8347006058939194e-11,
                1.3980248102529978e-11,
                0.999999868884254,
                1.3097138815058718e-07,
                8.203059552179634e-11
            ],
            [
                0.053801270357292305,
                2.5054974549684744e-08,
                1.1137496714719213e-08,
                0.3852220792152136,
                0.5609766142350228
            ],
            [
                5.3005654101245015e-08,
                1.1884950825929613e-10,
                6.088481143480527e-10,
                0.0010207951864489191,
                0.9989791510801994
            ]
        ],
        [
            [
                0.8008140118269254,
                0.1991859875636388,
                1.301245944088089e-10,
                6.772434274526521e-11,
                4.115868828123836e-10
            ],
            [
                0.05453373572333791,
                0.9454662443896776,
                1.3964940192926615e-08,
                5.45454536905943e-09,
                4.674989960274867e-10
            ],
            [
                1.579662019280956e-11,
                4.799207653108935e-11,
                0.9999999964145947,
                2.870481904751085e-09,
                6.511347387873058e-10
            ],
            [
                0.004532309687957939,
                4.324129744252466e-09,
                4.639702737888304e-08,
                0.1444471687394587,
                0.8510204708514263
            ],
            [
                0.004586821950399362,
                1.2108180317436866e-08,
                8.5447911734509e-10,
                0.39283924517924,
                0.6025739199077013
            ]
        ],
        [
            [
                0.801704138383336,
                0.19829585747134665,
                7.967905538302536e-11,
                3.0632008294550593e-09,
                1.0024375170286554e-09
            ],
            [
                0.0477889693291307,
                0.9521158543133267,
                3.5306557754109564e-05,
                5.9815175053415376e-05,
                5.462473516004208e-08
            ],
            [
                7.665046654963255e-11,
                3.354637255875581e-10,
                0.9999973354926823,
                2.602444134247487e-06,
                6.165106923665046e-08
            ],
            [
                1.0077926182163781e-08,
                7.460788978723711e-11,
                9.361975052857982e-10,
                0.5102513298731927,
                0.48974865903807574
            ],
            [
                1.308200701187059e-07,
                3.829977579921735e-09,
                2.227837263158074e-10,
                0.3909559147395649,
                0.6090439503876037
            ]
        ],
        [
            [
                0.9998176906667782,
                0.00018229611453745616,
                6.065936156531507e-11,
                1.0668540524927454e-08,
                2.4894844350025485e-09
            ],
            [
                0.0021223454984580135,
                0.9970153014222808,
                0.0008564423523239082,
                5.586992344635226e-06,
                3.2373459260362806e-07
            ],
            [
                1.058622391751699e-06,
                1.0643444540999433e-05,
                0.6894552437323141,
                0.09585178517143644,
                0.21468126902931667
            ],
            [
                8.487070715840801e-05,
                5.082096530312998e-08,
                2.411589747033189e-09,
                0.014841026683016012,
                0.9850740493772706
            ],
            [
                6.850641316288676e-06,
                3.7631382655519183e-10,
                1.3102599052761777e-09,
                0.001961017590772839,
                0.9980321300813371
            ]
        ],
        [
            [
                0.9999999929646455,
                6.970023493138231e-09,
                1.8256650474807635e-11,
                4.127109658388549e-11,
                5.803368573051599e-12
            ],
            [
                1.3553673801737913e-05,
                0.6327394574562306,
                0.33317953218100566,
                0.03402361142951319,
                4.3845259448695524e-05
            ],
            [
                5.248860133312636e-09,
                1.3971081835303317e-07,
                0.986524527529156,
                0.013357521315368864,
                0.00011780619579667242
            ],
            [
                8.656399996235476e-05,
                1.1449466155812137e-09,
                4.70634882191112e-10,
                0.029609660722026095,
                0.97030377366243
            ],
            [
                3.2558974679739525e-08,
                8.04653980283634e-09,
                1.766584001221573e-09,
                0.5531396969870299,
                0.4468602606408715
            ]
        ],
        [
            [
                0.8746940667755786,
                0.1253059243975654,
                6.499011494695984e-10,
                3.3936489908503507e-10,
                7.837590055211757e-09
            ],
            [
                0.0005225789694683338,
                0.9802262461299734,
                0.007672010116828026,
                0.011573411631107873,
                5.753152622365911e-06
            ],
            [
                5.4405646521994e-08,
                7.503154307072866e-09,
                0.9961678094651373,
                0.003831152764735017,
                9.758613268715526e-07
            ],
            [
                5.146002655717673e-08,
                4.4345684799257887e-10,
                5.18639680522668e-10,
                0.008187602090648357,
                0.9918123454872286
            ],
            [
                0.1925348649238296,
                4.253952989543138e-10,
                1.792991640382295e-10,
                0.000513746029715065,
                0.806951388441761
            ]
        ],
        [
            [
                0.9999089820924855,
                9.101769680430699e-05,
                1.222794420969613e-10,
                2.466722404962405e-11,
                6.376357036769672e-11
            ],
            [
                0.002973737807905101,
                0.9956494212323567,
                3.413335915033268e-05,
                0.0013419775196842735,
                7.300809036008778e-07
            ],
            [
                3.1252164731130288e-09,
                5.958989737063938e-07,
                0.6150217723715043,
                0.3095603194407898,
                0.07541730916351577
            ],
            [
                5.9490435207123036e-08,
                3.320955845330161e-09,
                4.279045170491178e-09,
                0.24400769235355585,
                0.7559922405560079
            ],
            [
                1.5732982870128492e-07,
                3.643961078902241e-10,
                3.089104189048043e-08,
                0.16572721951652186,
                0.8342725918982115
            ]
        ],
        [
            [
                0.7995360102964635,
                0.20046398914798633,
                2.0145212158124826e-11,
                2.052331214110573e-10,
                3.301718383106413e-10
            ],
            [
                0.0046035726281919015,
                0.9953937704659839,
                1.8932685007253901e-06,
                7.335392991943179e-07,
                3.009802427459515e-08
            ],
            [
                7.031717589946524e-10,
                1.552231509467397e-09,
                0.9999998652921719,
                1.314193474458021e-07,
                1.033077219525529e-09
            ],
            [
                1.1722701627586924e-05,
                4.348320007479773e-09,
                2.5962759906248102e-09,
                0.1315072241587122,
                0.8684810461950642
            ],
            [
                4.8218600340098724e-05,
                2.9087008997836314e-09,
                3.562633550177329e-08,
                0.2595683658520258,
                0.7403833770125976
            ]
        ],
        [
            [
                0.805677632520358,
                0.1943223634192585,
                5.128845869263437e-10,
                4.661627966779018e-10,
                3.0813360856124254e-09
            ],
            [
                0.16185504600097747,
                0.8381349642669826,
                6.2756992438455225e-06,
                3.574061302560868e-06,
                1.3997149367474286e-07
            ],
            [
                8.175273477781256e-11,
                2.03323369420942e-09,
                0.0074659546382445,
                0.3943280925305151,
                0.598205950716254
            ],
            [
                1.2309152104279715e-06,
                5.282086536900108e-10,
                1.568692214261226e-08,
                0.48201443590750537,
                0.5179843169621534
            ],
            [
                1.780306495470965e-07,
                1.69894165139006e-10,
                2.4148407415385848e-09,
                0.00014396007202956468,
                0.999855859312586
            ]
        ],
        [
            [
                0.8028119386796497,
                0.1971880542224941,
                1.4573317074980004e-10,
                5.551994107458279e-09,
                1.4001288006719887e-09
            ],
            [
                0.12160976042796823,
                0.8779740661751162,
                1.050252247971394e-05,
                0.00040545108710831414,
                2.1978732759151466e-07
            ],
            [
                2.4472317419496644e-11,
                1.6445147662228325e-11,
                0.9999999991168407,
                8.683157143334945e-11,
                7.554102750951872e-10
            ],
            [
                2.015663904887788e-08,
                1.5894331604167237e-10,
                4.324780331728418e-09,
                0.00010563915151709253,
                0.9998943362081202
            ],
            [
                2.7309592978397775e-06,
                1.923205271948959e-09,
                9.820653491258348e-09,
                0.163815879471527,
                0.8361813778253163
            ]
        ],
        [
            [
                0.8021973879853436,
                0.1978026115986706,
                1.203574599579021e-10,
                1.3463165797263655e-10,
                1.6099682081502756e-10
            ],
            [
                0.0034320741023963325,
                0.9965677549387804,
                1.4754584920946488e-08,
                1.4368848384105069e-07,
                1.2515754591354851e-08
            ],
            [
                5.075447613769982e-07,
                5.356555232117819e-07,
                0.7768737433420678,
                0.013099900292830095,
                0.21002531316481748
            ],
            [
                0.07550791024928905,
                2.0617929287267136e-09,
                2.2247119923512385e-10,
                0.19541062959477087,
                0.729081457871676
            ],
            [
