{
    "[['A', 'B', 'C', 'D', 'E'], ['A', 'B', 'C', 'D', 'E']]": [
        [
            [
                0.9635148146463585,
                0.03648518157418319,
                8.760493549326649e-11,
                2.6407284466850838e-09,
                1.0511250150595327e-09
            ],
            [
                1.2658266848630061e-06,
                0.014934544091157423,
                0.0073103499773113,
                0.9436899111169572,
                0.03406392898788928
            ],
            [
                1.1570243334273554e-08,
                3.593943055247663e-09,
                2.2593616236206464e-05,
                0.9999683082133112,
                9.083006266148829e-06
            ],
            [
                2.1527109005489988e-08,
                8.428324838466663e-10,
                2.169321943290766e-09,
                0.7879469038228859,
                0.2120530716378506
            ],
            [
                4.3476853562762065e-05,
                3.4465654403905425e-06,
                6.292616210829815e-08,
                0.5240240304565408,
                0.475928983198294
            ]
        ],
        [
            [
                0.7999836493261449,
                0.20001635017878594,
                1.2282771558002275e-10,
                1.3683676999528055e-10,
                2.3540468512916494e-10
            ],
            [
                3.003145912427427e-08,
                3.967206827380313e-08,
                0.044729756660364446,
                0.9524554255697332,
                0.002814748066375008
            ],
            [
                7.982448196736438e-10,
                1.688521011877793e-09,
                0.9999268848152982,
                4.068647999072856e-05,
                3.2426217945315384e-05
            ],
            [
                5.2285249037405625e-05,
                2.9564277231613326e-09,
                5.6932594673575205e-08,
                0.5354503363227805,
                0.46449731853915976
            ],
            [
                1.2096169406318185e-07,
                1.3065043614532098e-08,
                1.7165325018637173e-08,
                0.2541885586014638,
                0.7458112902064735
            ]
        ],
        [
            [
                0.9964027414075655,
                0.0035972573184566655,
                1.8316835441311897e-11,
                5.206035360439245e-10,
                7.350573280749173e-10
            ],
            [
                2.818734697406469e-08,
                3.8359920194258947e-07,
                0.009833242407099095,
                0.944584656654292,
                0.04558168915205992
            ],
            [
                1.8386417548620587e-08,
                9.873443036135309e-07,
                0.17617915125394776,
                0.8238190725569522,
                7.704583788698895e-07
            ],
            [
                0.02960893080735355,
                3.194955574165883e-08,
                1.9044928345519657e-07,
                0.0755120760994009,
                0.8948787706944064
            ],
            [
                8.920186297302033e-08,
                5.7606444562956165e-08,
                2.7746836039471693e-08,
                0.4755062595690555,
                0.5244935658758009
            ]
        ],
        [
            [
                0.899999407562932,
                0.10000058307673867,
                1.3547484849872152e-09,
                2.0716268214420317e-10,
                7.798418109415017e-09
            ],
            [
                1.1391398145555983e-07,
                3.442289685202542e-07,
                0.00021427476716726873,
                0.6199599327751248,
                0.37982533431475785
            ],
            [
                1.0997195059908322e-07,
                6.780518654230668e-06,
                0.8247224159114561,
                0.17512733464761937,
                0.00014335895031955716
            ],
            [
                1.1857101784466156e-08,
                2.902303485459853e-08,
                1.586399786847306e-09,
                0.5636179533173452,
                0.4363820042161183
            ],
            [
                1.0185883225443867e-06,
                4.64265613822057e-09,
                5.23618701564917e-10,
                0.7893877425939244,
                0.21061123365147824
            ]
        ],
        [
            [
                0.9999582182107787,
                4.1780408390023e-05,
                3.07630669079297e-11,
                6.510672410178197e-11,
                1.284961566713115e-09
            ],
            [
                6.547207695574309e-07,
                9.953347393648287e-05,
                0.465585190482307,
                0.5098935772293683,
                0.02442104409361855
            ],
            [
                5.3711751618631236e-08,
                1.4477114090450234e-08,
                0.0004972758170373722,
                0.8006137395717828,
                0.19888891642231407
            ],
            [
                2.766511083927654e-08,
                1.7684798317538028e-09,
                2.6808618782092887e-09,
                0.5989834267907941,
                0.40101654109475343
            ],
            [
                0.30492184558202207,
                8.351763521567737e-07,
                3.2549075842284036e-09,
                0.2019362573662662,
                0.49314105862045193
            ]
        ],
        [
            [
                0.924490435710329,
                0.0755095499768116,
                1.8104868148577175e-09,
                1.0946212707249164e-08,
                1.556159935918379e-09
            ],
            [
                4.733361916823294e-07,
                1.528314163624716e-07,
                0.0010957197989760374,
                0.5994877630475903,
                0.39941589098582564
            ],
            [
                1.422787110666399e-07,
                2.1797117230684613e-07,
                0.20097276599079736,
                0.5225141577887948,
                0.2765127159705244
            ],
            [
                5.786151817724744e-07,
                3.127462883081281e-08,
                3.182469338947686e-09,
                0.39895109883355695,
                0.6010482880941631
            ],
            [
                0.009408387268594,
                1.625808242759641e-08,
                1.5235276339444664e-08,
                0.314070448834934,
                0.6765211324031132
            ]
        ],
        [
            [
                0.9999847788854896,
                1.5220721310327363e-05,
                2.2728502352582563e-11,
                3.2670941077104463e-10,
                4.376207200228424e-11
            ],
            [
                1.7629817520362635e-08,
                1.6111873340424525e-08,
                2.823274864702094e-06,
                0.981828451478554,
                0.018168691504890457
            ],
            [
                1.0708999619471506e-10,
                1.35999798295799e-09,
                0.9999998577022512,
                1.0281808739958221e-07,
                3.8012573415315915e-08
            ],
            [
                2.1728513339924513e-09,
                5.733992441106177e-09,
                3.2217212734135093e-09,
                0.20000136634726864,
                0.7999986225241662
            ],
            [
                0.20007703873094768,
                1.1912080248487794e-08,
                9.787122652685141e-09,
                0.3337801468588765,
                0.4661427927109729
            ]
        ],
        [
            [
                0.887540576965317,
                0.11245938951021263,
                3.856358236071606e-09,
                2.2013474516135697e-09,
                2.746676468880503e-08
            ],
            [
                5.39665022082139e-07,
                0.004590919739658544,
                0.0005586722806354496,
                0.6931137677281888,
                0.3017361005864952
            ],
            [
                1.1354435146862803e-08,
                1.494238705540015e-07,
                0.6238346846473485,
                0.3758648918184243,
                0.00030026275592156447
            ],
            [
                1.3939466087353971e-08,
                5.401654826834083e-09,
                1.3067602294979871e-09,
                0.5998104338193642,
                0.4001895455327547
            ],
            [
                1.9145077475758996e-07,
                5.469125482869793e-09,
                1.5190218769428092e-08,
                0.783592815682167,
                0.21640697220771407
            ]
        ],
        [
            [
                0.9999950592626298,
                4.934267039234622e-06,
                3.040524956901529e-10,
                4.121956367989656e-10,
                5.754083000678617e-09
            ],
            [
                1.4096004197475975e-07,
                2.5742692065298568e-05,
                0.6955148629184965,
                0.2950501394944197,
                0.00940911393497646
            ],
            [
                5.776543506835288e-09,
                2.388899428419715e-08,
                0.20025914671362563,
                0.40601858124356166,
                0.39372224237727493
            ],
            [
                2.0052232869601287e-10,
                4.614289087056356e-10,
                3.1201836079603157e-09,
                0.5826386321125435,
                0.41736136410532176
            ],
            [
                0.005926176087563223,
                3.330304839399583e-05,
                2.5546737638652823e-08,
                0.2328739899624939,
                0.7611665053548112
            ]
        ],
        [
            [
                0.7946317141381088,
                0.20536828344141486,
                1.0051186808528319e-10,
                1.1567925232788279e-09,
                1.163171959249035e-09
            ],
            [
                9.498645404622602e-08,
                3.749648393724729e-07,
                1.5994703679512316e-06,
                0.7797491098769871,
                0.22024882070135152
            ],
            [
                4.748116458006149e-08,
                7.38447228062398e-08,
                0.12519525399983295,
                0.45584147747261355,
                0.4189631472016661
            ],
            [
                0.21867969642999868,
                4.9962500167024485e-06,
                1.919619574156568e-08,
                0.606548283267813,
                0.17476700485597585
            ],
            [
                0.005948645360696719,
                1.7837027529980523e-08,
                1.4541507053827383e-08,
                0.40011998826649614,
                0.5939313339942727
            ]
        ],
        [
            [
                0.9999999705511363,
                2.940076876764881e-08,
                2.496540429513325e-12,
                1.833292209723716e-11,
                2.7265490553113433e-11
            ],
            [
                4.5701152619666233e-07,
                4.270505545048207e-07,
                0.038988115496424336,
                0.7913935099615387,
                0.16961749047995633
            ],
            [
                3.188550270868795e-07,
                7.194289519405557e-08,
                0.7812721344217946,
                0.21867471595355925,
                5.275882672400634e-05
            ],
            [
                7.512790946241749e-09,
                1.6460592482410506e-09,
                3.8963050745540956e-08,
                0.8005128675740033,
                0.19948708430409579
            ],
            [
                6.107997141808925e-10,
                1.007534277515493e-09,
                1.0964032954208354e-08,
                0.1906125938467764,
                0.8093873935708567
            ]
        ],
        [
            [
                0.9999743489984387,
                2.5647007876026624e-05,
                2.120481875326433e-10,
                2.4453927908317646e-09,
                1.33624429636117e-09
            ],
            [
                5.210295587664425e-08,
                6.422799856195525e-07,
                6.100654129933773e-05,
                0.8206178401724225,
                0.1793204589033367
            ],
            [
                8.258912912225187e-08,
                7.092992916683286e-08,
                0.620718641473255,
                0.1669091042112593,
                0.21237210079642746
            ],
            [
                0.19718726588823457,
                1.0942717430014348e-07,
                3.060180706579139e-08,
                0.5634743036053319,
                0.23933829047745214
            ],
            [
                0.16980174446366528,
                9.727052962510548e-08,
                2.654768359813656e-09,
                0.44207886423767856,
                0.38811929137335827
            ]
        ],
        [
            [
                0.9999627712369663,
                3.722350901928209e-05,
                5.938259383155233e-10,
                2.0390416776920016e-10,
                4.456284294516923e-09
            ],
            [
                7.436430744231684e-07,
                4.845995855642339e-06,
                0.0030757233508467794,
                0.9921214694648988,
                0.004797217545324381
            ],
            [
                4.400628229356411e-07,
                2.7036709164640504e-05,
                0.7974814827095803,
                0.13980534161180866,
                0.06268569890662358
            ],
            [
                3.3326421023908262e-09,
                8.167331284680719e-11,
                2.917438239723878e-09,
                0.39977620140730563,
                0.6002237922609407
            ],
            [
                0.1809297882931617,
                1.5073689017845116e-07,
                9.63397051400672e-08,
                6.284419053889213e-05,
                0.819007120439704
            ]
        ],
        [
            [
                0.8971872546645671,
                0.10281274306282227,
                3.462810118423664e-10,
                1.0111258823439904e-09,
                9.152039506686527e-10
            ],
            [
                1.8979806616074464e-07,
                2.0765988549066162e-06,
                0.0004845927301838834,
                0.9469060632665001,
                0.052607077606394916
            ],
            [
                2.0336436408645e-07,
                2.1321345208596671e-07,
                0.37538807150453946,
                0.39431948392831445,
                0.23029202798932985
            ],
            [
                0.011689657997817607,
                1.5160808666109765e-08,
                6.439709198930968e-08,
                0.46399327638646565,
                0.5243169860578161
            ],
            [
                0.006938389238171873,
                1.666278953085019e-07,
                2.334647485925185e-09,
                0.46069205974207145,
                0.5323693820572138
            ]
        ],
        [
            [
                0.9991832557931614,
                0.0008167418819877982,
                1.8732030808066446e-10,
                3.706769013151288e-10,
                1.7668534796474432e-09
            ],
            [
                1.4779717353804936e-08,
                1.8637947958366393e-07,
                0.01913814058622255,
                0.9699193565218839,
                0.010942301732696575
            ],
            [
                2.4504575764974636e-08,
                3.9684012854499544e-07,
                0.9716796921795093,
                0.018309364145108597,
                0.010010522330677772
            ],
            [
                5.91741081991019e-09,
                4.2358623518373665e-09,
                4.784067257103156e-09,
                0.5982668481616681,
                0.40173313690099144
            ],
            [
                3.904899087912181e-08,
                1.85345592864226e-08,
                2.7120522155514162e-08,
                0.9063228640458906,
                0.09367705125003727
            ]
        ],
        [
            [
                0.9999998553417406,
                1.4457007602669018e-07,
                5.332319967850735e-11,
                2.0146156800434057e-11,
                1.4713905690797405e-11
            ],
            [
                5.024396696908874e-08,
                0.0001444205736054593,
                0.0032904509789665006,
                0.9484460805545961,
                0.04811899764886501
            ],
            [
                1.2797642449833504e-07,
                1.945362409209628e-08,
                9.89501386294858e-10,
                0.6696710700829651,
                0.33032878149748496
            ],
            [
                2.9946506698286333e-10,
                5.078383926348655e-10,
                7.691115322954953e-10,
                0.7999866445277495,
                0.20001335389583552
            ],
            [
                4.867513966814534e-10,
                3.852961180038892e-10,
                2.5903230180676073e-09,
                0.3999533559515937,
                0.6000466405860357
            ]
        ],
        [
            [
                0.9964027227913828,
                0.003597275920166369,
                6.770556884790145e-11,
                1.104093368163252e-09,
                1.1665176840130178e-10
            ],
            [
                7.94820907426268e-07,
                0.012313583759418512,
                0.09471211448011502,
                0.8484164772813204,
                0.04455702965823865
            ],
            [
                6.056621092459053e-11,
                1.3614000004338007e-10,
                0.9999999909748526,
                1.3300509800098782e-10,
                8.69543596498397e-09
            ],
            [
                1.2794407289520817e-09,
                1.8923717848726987e-10,
                1.3779490756536316e-09,
                0.5985719125251387,
                0.4014280846282343
            ],
            [
                0.012017329501072085,
                6.367010024312177e-09,
                4.525973674987529e-08,
                0.2080973801916584,
                0.7798852386805227
            ]
        ],
        [
            [
                0.9985508641404547,
                0.0014491298204216958,
                1.2948234554902072e-09,
                3.140733503754698e-09,
                1.6035666569396665e-09
            ],
            [
                3.3827919240150835e-08,
                9.548134548915528e-06,
                1.4055728894571902e-05,
                0.8695951835747624,
                0.1303811787338749
            ],
            [
                1.1127025867247635e-11,
                1.8241665908573066e-11,
                0.9999999987701655,
                9.49567323815104e-10,
                2.508983407873033e-10
            ],
            [
                3.962107168105331e-05,
                1.4616285165717109e-08,
                8.006139700548747e-09,
                0.5892851959388291,
                0.41067516036706503
            ],
            [
                3.504697505126903e-05,
                1.6563563697052832e-08,
                2.62583938983639e-08,
                0.39141115501831103,
                0.6085537551846801
            ]
        ],
        [
            [
                0.9999993506558031,
                6.471324431769619e-07,
                3.0323502161042195e-11,
                3.7151786078202405e-10,
                1.8099123343307474e-09
            ],
            [
                7.083123596706409e-07,
                2.3457546988179105e-07,
                0.2141555562463535,
                0.6397169550078536,
                0.1461265458579633
            ],
            [
                6.641946043631243e-09,
                1.7295202221777007e-08,
                0.7429075547959814,
                0.25702530552642894,
                6.711574044150153e-05
            ],
            [
                3.1339983177978e-10,
                5.957524547764975e-10,
                9.828386814758912e-11,
                0.3998065878765536,
                0.6001934111160101
            ],
            [
                1.0628973437968067e-07,
                4.042250447423132e-09,
                2.2044766706750733e-08,
                0.023138606458466455,
                0.976861261164782
            ]
        ],
        [
            [
                0.9986594677123893,
                0.0013405320010333468,
                1.1379395091658141e-10,
                6.696803371969865e-11,
                1.058153817544253e-10
            ],
            [
                1.1768592330334825e-06,
                9.621506586883526e-05,
                0.06401462097771013,
                0.768579686481531,
                0.16730830061565705
            ],
            [
                3.0371420567469035e-11,
                1.5450380428617736e-10,
                0.9999999786692223,
                1.5360821008881283e-08,
                5.7850815568520595e-09
            ],
            [
                0.08757509386489924,
                1.8779831910160913e-06,
                3.2939628323378177e-07,
                1.0113686192451976e-06,
                0.9124216873870072
            ],
            [
                0.0018695039713197887,
                1.0334523586684925e-05,
                5.05439252792692e-07,
                0.22501353855790548,
                0.7731061175079353
            ]
        ],
        [
            [
                0.7111683210278755,
                0.2888316757264963,
                8.827237120358919e-10,
                5.501847448796879e-10,
                1.8127196078780477e-09
            ],
            [
                1.0596619127942482e-05,
                5.697161710192586e-05,
                0.39959576316851675,
                0.5755251317813113,
                0.024811536813942128
            ],
            [
                1.1217443227656215e-07,
                4.057097612005094e-07,
                0.020969996135647734,
                0.4827200868408854,
                0.49630939913927347
            ],
            [
                0.1982847394220958,
                1.1204394339101942e-07,
                3.0805193929873586e-08,
                0.5634509832377507,
                0.23826413449101633
            ],
            [
                4.438434535622533e-05,
                0.0003753957686856277,
                1.6795183518432385e-07,
                0.26003762873783554,
                0.7395424231962875
            ]
        ],
        [
            [
                0.9999938887915026,
                6.111085766393214e-06,
                1.0056871759700731e-12,
                5.3093752733734816e-11,
                6.863159923435381e-11
            ],
            [
                1.727673490754663e-08,
                9.86133058991112e-07,
                0.10003087806543429,
                0.7445051123133899,
                0.15546300621138187
            ],
            [
                1.3811312235428077e-10,
                9.47150761703907e-10,
                0.9999965246102209,
                3.341493241426931e-06,
                1.3281127369487544e-07
            ],
            [
                2.555038236471178e-09,
                3.706377671832632e-08,
                3.781696644546106e-08,
                0.644485141213404,
                0.3555147813508146
            ],
            [
                0.05741632119795561,
                9.724636522667662e-06,
                1.9053286367142982e-07,
                0.31895339323420335,
                0.6236203703984546
            ]
        ],
        [
            [
                0.9999849196797591,
                1.5080164890846485e-05,
                4.0572431408514464e-11,
                3.0453894952272873e-12,
                1.1173223966650816e-10
            ],
            [
                3.0756732625950786e-08,
                1.374722240364724e-07,
                2.3685069714555127e-08,
                0.8296074946798554,
                0.17039231340611816
            ],
            [
                3.229175228966267e-12,
                9.464708702250105e-12,
                0.999999999930296,
                5.04883196318812e-11,
                6.521853071599733e-12
            ],
            [
                1.3581698100623174e-09,
                8.887563260816713e-10,
                9.055332666970746e-10,
                0.40063424268881437,
                0.5993657541587263
            ],
            [
                0.000811206381882373,
                2.711109588967273e-07,
                1.1896906371598398e-09,
                0.4787495005314921,
                0.520439020785976
            ]
        ],
        [
            [
                0.9999990296073505,
                9.69529487490256e-07,
                9.104274328800754e-11,
                3.790996334641012e-10,
                3.9301966097880886e-10
            ],
            [
                9.18363081413822e-08,
                2.7191216003218796e-08,
                1.939662689758435e-05,
                0.9976477243061915,
                0.002332760039386709
            ],
            [
                1.2071828958246522e-08,
                2.144560665806471e-08,
                0.995979272556289,
                0.003603991324893343,
                0.0004167026013818645
            ],
            [
                1.2820808619796993e-08,
                1.713394226929095e-08,
                1.5982752939872179e-07,
                0.6538883863189878,
                0.34611142389873184
            ],
            [
                6.509401803633252e-08,
                1.676472410620289e-09,
                5.67354429921976e-10,
                0.5990617461329475,
                0.4009381865292077
            ]
        ],
        [
            [
                0.8028126428893977,
                0.19718732904097813,
                6.011894123739827e-09,
                1.886364591275468e-08,
                3.194084207518165e-09
            ],
            [
                7.925672785308549e-07,
                1.1107907310123453e-06,
                0.0017238267685884027,
                0.998072592165919,
                0.00020167770748309054
            ],
            [
                1.8791799623519085e-09,
                1.7280358406271905e-09,
                3.2064614388085786e-08,
                0.8045091146152377,
                0.19549084971293215
            ],
            [
                2.392458400261351e-10,
                1.098260823368091e-09,
                1.2060520807273098e-10,
                0.19986067883747788,
                0.8001393197044102
            ],
            [
                4.5999387745108386e-07,
                1.1087503725861227e-08,
                1.8849809055125737e-09,
                0.28256794569234006,
                0.7174315813412979
            ]
        ],
        [
            [
                0.8299455268617237,
                0.1700544677043243,
                7.100459689019773e-10,
                4.0783297165607715e-09,
                6.45576237507737e-10
            ],
            [
                1.3155017806638098e-06,
                0.0003534389483096219,
                0.6314483575245032,
                0.3676285685323405,
                0.0005683194930660212
            ],
            [
                7.984231626032723e-08,
                4.622435066415919e-08,
                0.17039377018331567,
                0.4390494090226686,
                0.3905566947273488
            ],
            [
                2.6490310328078096e-08,
                6.219349678604274e-08,
                1.3958812711133435e-08,
                0.3999921651271723,
                0.6000077322302079
            ],
            [
                0.3245993372585826,
                4.037358439860634e-05,
                3.138219657217175e-07,
                0.6103979275177728,
                0.06496204781728035
            ]
        ],
        [
            [
                0.6021167996797169,
                0.39788319991844906,
                9.303403052168197e-11,
                2.7319541062513957e-11,
                2.8148045866066847e-10
            ],
            [
                3.4705521666504786e-07,
                9.265320483233647e-07,
                0.04460450366005768,
                0.9539415926418486,
                0.0014526301108286706
            ],
            [
                4.461703272177557e-07,
                4.923891263889812e-07,
                0.31113776517847486,
                0.5115125533867955,
                0.17734874287527613
            ],
            [
                2.1846648066299936e-08,
                1.1131546046948582e-09,
                2.777060800641415e-09,
                0.7965781575829569,
                0.2034218166801796
            ],
            [
                1.6172687177803559e-06,
                3.004044271386496e-08,
                9.955028361030737e-09,
                0.6446790978523663,
                0.3553192448834448
            ]
        ],
        [
            [
                0.9997658521218388,
                0.00023414098069070803,
                9.174145436166276e-11,
                7.622903989498117e-10,
                6.043438771889975e-09
            ],
            [
                0.564592501839495,
                0.4353994010855217,
                1.283461069958472e-06,
                3.3516199666120237e-06,
                3.46199394674669e-06
            ],
            [
                1.1251559508526664e-07,
                1.7841850400322826e-08,
                2.7195410579151937e-07,
                0.9964023258339779,
                0.0035972718544708027
            ],
            [
                0.00010247508918165936,
                4.2458538577390955e-07,
                3.923390845364087e-08,
                0.7123773680597557,
                0.28751969303176844
            ],
            [
                0.0022496255183069957,
                9.136581861981735e-08,
                1.265677603637532e-08,
                0.5997001506274989,
                0.3980501198315995
            ]
        ],
        [
            [
                0.999999866166396,
                1.337297450056392e-07,
                3.316002442869106e-11,
                3.6234848027966784e-11,
                3.4464064294833934e-11
            ],
            [
                1.1780138764162555e-08,
                5.519576212522168e-09,
                4.6392594266667624e-08,
                0.7114052128009503,
                0.2885947235067404
            ],
            [
                1.028320141450055e-09,
                2.278112840335371e-09,
                0.9995983922218646,
                0.0003865854210675398,
                1.5019050634883096e-05
            ],
            [
                2.1693295525149485e-07,
                2.3957692720861306e-09,
                1.6191935189485577e-09,
                0.39173932057134947,
                0.6082604584807324
            ],
            [
                2.0355797369688933e-06,
                4.748687411782352e-08,
                3.491754144868848e-09,
                0.20453369046525557,
                0.7954642229763792
            ]
        ],
        [
            [
                0.9999315150747519,
                6.848255118682543e-05,
                4.3767316431957946e-10,
                1.779622657363541e-09,
                1.5676556624980395e-10
            ],
            [
                1.6471198251454687e-08,
                1.214796675523333e-06,
                0.0010628888660721186,
                0.603056370564456,
                0.39587950930159815
            ],
            [
                1.1058918397398601e-07,
                2.6571909329950834e-08,
                0.021284417455188144,
                0.7450921916659025,
                0.23362325371781623
            ],
            [
                3.388590389671192e-06,
                2.065664314343599e-08,
                1.0087082522705241e-07,
                0.40013091574535403,
                0.5998655741367879
            ],
            [
                5.6331491581164443e-08,
                2.5923415424191794e-08,
                1.4979874218224563e-09,
                0.9666109490248971,
                0.03338896722220843
            ]
        ],
        [
            [
                0.9999995438943693,
                4.559708342552478e-07,
                2.3893173894780857e-11,
                7.460876064341671e-11,
                3.6294467729841286e-11
            ],
            [
                1.7645583355950512e-06,
                4.3037537294643747e-07,
                0.0004195544246598003,
                0.797451077010349,
                0.20212717363128258
            ],
            [
                3.056902203647737e-07,
                1.857970055040499e-07,
                0.04998960879191558,
                0.42662482197871043,
                0.5233850777421482
            ],
            [
                0.3980080029100501,
                0.0006305254949068532,
                1.53092647640877e-07,
                0.2550816145492007,
                0.34627970395319474
            ],
            [
                0.00011609390345438837,
                1.3687426981855685e-07,
                9.456587886105782e-09,
                0.4342830847209418,
                0.5656006750447461
            ]
        ],
        [
            [
                0.9482326906362244,
                0.051767293978343634,
                1.248506484359192e-09,
                3.130766589747432e-09,
                1.1006158937817267e-08
            ],
            [
                1.1910702688835569e-06,
                0.0007998507005865376,
                0.16424659739768313,
                0.6324633508246498,
                0.20248901000681171
            ],
            [
                1.1526596112091156e-10,
                8.219522841616875e-10,
                0.9999923633777873,
                6.040009201389028e-06,
                1.5956757929355721e-06
            ],
            [
                0.001611308684958368,
                3.810904260646766e-07,
                2.8264561284593e-08,
                0.7624431605664486,
                0.23594512139360566
            ],
            [
                0.1746042488587449,
                3.7718670860291034e-08,
                5.016500310899688e-09,
                0.22629039803880063,
                0.5991053103672832
            ]
        ],
        [
            [
                0.9999676898065971,
                3.2308288420843384e-05,
                1.2232419368842885e-10,
                2.639126069768313e-10,
                1.518745281142928e-09
            ],
            [
                9.303918484252202e-08,
                8.533021394111722e-07,
                0.13071590079494075,
                0.804734219934034,
                0.0645489329297011
            ],
            [
                1.2757494952612644e-08,
                6.666209494004513e-07,
                0.9551365816274786,
                0.00033685468937926633,
                0.044525884304697734
            ],
            [
                8.690391335157435e-09,
                1.3892867976739579e-09,
                4.656091272624895e-09,
                0.6151578576331154,
                0.38484212763111514
            ],
            [
                1.2558579266881408e-06,
                1.1460976041286705e-08,
                6.681422280887354e-10,
                0.299913954568138,
                0.700084777444817
            ]
        ],
        [
            [
                0.9612069400004758,
                0.038793050983375606,
                1.888092653953618e-09,
                3.2627884099886807e-09,
                3.865267537341179e-09
            ],
            [
                3.407884259733146e-07,
                6.271322840583849e-07,
                0.008095104097996606,
                0.872013013559355,
                0.11989091442193847
            ],
            [
                1.7118464408093814e-07,
                1.3602249879357797e-07,
                0.43126005576887616,
                0.33822099607990075,
                0.2305186409440802
            ],
            [
                2.427250150014557e-05,
                1.7552482474034318e-08,
                3.397885241217312e-08,
                0.39152139950146797,
                0.608454276465697
            ],
            [
                5.37132554504693e-07,
                7.626728302011225e-08,
                9.487921995183116e-09,
                0.16883097005776684,
                0.8311684070544737
            ]
        ],
        [
            [
                0.9999944682086049,
                5.529735681000878e-06,
                7.723536617560539e-11,
                1.193077451146353e-09,
                7.854012965517703e-10
            ],
            [
                1.0769122415099017e-08,
                6.532213468670865e-08,
                5.09525253160137e-05,
                0.8537332295510238,
                0.14621574183240302
            ],
            [
                6.666664361531025e-08,
                1.1440441950608492e-07,
                0.20206257279455953,
                0.6853600328451852,
                0.11257721328919228
            ],
            [
                0.00013818376065210137,
                2.489426464346955e-08,
                8.50143351947107e-09,
                0.6443999807096201,
                0.3554618021340297
            ],
            [
                6.519818439961814e-07,
                4.273894861749447e-09,
                4.636037816086997e-09,
                0.3873488328490661,
                0.6126505062591572
            ]
        ],
        [
            [
                0.9983719251900335,
                0.0016280722822777293,
                9.373910816527704e-10,
                4.0849072666019476e-11,
                1.5494486978353641e-09
            ],
            [
                2.0535428438273374e-07,
                4.728164504786392e-05,
                0.0004219526318964815,
                0.7558166896501686,
                0.2437138707186027
            ],
            [
                4.999409876370438e-07,
                9.252342236048859e-08,
                0.8570597472808953,
                0.14204919179965259,
                0.0008904684550420236
            ],
            [
                0.03648508692379535,
                3.9631773841352226e-08,
                6.779122946381983e-10,
                7.881540523924573e-05,
                0.9634360573612792
            ],
            [
                3.341321172237314e-06,
