{
    "[['A', 'B', 'C', 'D', 'E'], ['A', 'B', 'C', 'D', 'E']]": [
        [
            [
                0.9244917636593354,
                0.07550823571916433,
                1.0056404279118248e-10,
                3.7849710937067343e-10,
                1.4243920891983842e-10
            ],
            [
                2.46039422068672e-06,
                0.27467597300124486,
                0.06655006873148489,
                0.6586249535757154,
                0.00014654429733422812
            ],
            [
                1.0070070129640557e-06,
                0.012048381325812733,
                0.5320188510287694,
                0.45592654414782385,
                5.216490580927837e-06
            ],
            [
                2.3209867310917487e-08,
                4.5873562934614055e-09,
                2.823311864726888e-07,
                0.8751111939107488,
                0.12488849596084116
            ],
            [
                1.0986665423545828e-09,
                9.031429117322615e-10,
                1.3426489533029746e-10,
                0.6189163371669203,
                0.38108366069700544
            ]
        ],
        [
            [
                0.9999944926171985,
                5.5073213287392015e-06,
                9.087843036230787e-12,
                2.594196732071099e-11,
                2.6443086090186865e-11
            ],
            [
                1.0808847573499114e-05,
                0.6171667284142209,
                0.1572477603789736,
                0.22556954919039962,
                5.153168832287718e-06
            ],
            [
                9.898654979828657e-09,
                1.3920808311619292e-06,
                1.5167821144040923e-06,
                0.823838185000826,
                0.1761588962375735
            ],
            [
                2.2288550824417208e-08,
                7.223545752168063e-08,
                9.479057660206675e-08,
                0.979602038521505,
                0.02039777216391002
            ],
            [
                1.773642781503326e-09,
                1.0263722581754025e-08,
                4.394299852040204e-09,
                0.9949749038472796,
                0.0050250797210551965
            ]
        ],
        [
            [
                0.9905077386537406,
                0.00949226060654554,
                5.863723517062709e-10,
                1.1417705011658993e-10,
                3.916441295791063e-11
            ],
            [
                0.0008345652407598247,
                0.7820834073641606,
                0.00470584972072626,
                0.21234716172697213,
                2.901594738117605e-05
            ],
            [
                4.128839195324887e-08,
                9.80679260878639e-06,
                0.00046173595464020517,
                0.962830087172766,
                0.03669832879159313
            ],
            [
                7.843542822531178e-09,
                8.751922726616455e-08,
                4.681422695563942e-08,
                0.5614610726673028,
                0.43853878515570016
            ],
            [
                2.678025331225578e-09,
                1.3028163469826471e-08,
                6.614994363562063e-09,
                0.2096824278788063,
                0.7903175498000106
            ]
        ],
        [
            [
                0.9964027451857317,
                0.003597254341387251,
                1.0340427759163132e-10,
                1.9434537035396115e-11,
                3.5004247751980057e-10
            ],
            [
                3.24501762309296e-05,
                0.2027921452156693,
                0.21843374453757328,
                0.5734242738552314,
                0.005317386215295095
            ],
            [
                4.524320027719666e-08,
                1.1809218567275945e-05,
                0.9999666414201326,
                2.1378672319556663e-05,
                1.254457802675926e-07
            ],
            [
                1.5655291759095377e-10,
                1.2397587484780395e-09,
                1.8034133715656203e-09,
                0.6999012320344971,
                0.30009876476577785
            ],
            [
                1.5656207245140177e-10,
                2.784267001362623e-09,
                2.4786739738815034e-09,
                0.7359054644870756,
                0.26409453009342143
            ]
        ],
        [
            [
                0.8190699087705421,
                0.18093009039981253,
                1.426691117608174e-10,
                6.153846616539833e-10,
                7.159162447982217e-11
            ],
            [
                4.327150467077468e-07,
                0.022992083777211257,
                0.21515344059390829,
                0.7617379661830835,
                0.00011607673075023663
            ],
            [
                1.2213278047484542e-07,
                0.00010395447026488976,
                3.904889864512468e-05,
                0.9338211376079829,
                0.06603573689032664
            ],
            [
                3.175661198048912e-09,
                4.6156315421566357e-08,
                5.68383028428566e-09,
                0.8288030184740133,
                0.17119692651017973
            ],
            [
                6.430923219525283e-08,
                3.778285832027436e-08,
                1.0277429745883932e-07,
                0.7958669980594758,
                0.2041327970741362
            ]
        ],
        [
            [
                0.999985029213348,
                1.4970384121027106e-05,
                3.287144318334877e-11,
                2.846649697590357e-10,
                8.499462353470441e-11
            ],
            [
                6.916477380551946e-07,
                0.4660950670519255,
                0.3590505431845502,
                0.17484557528665087,
                8.122829135305833e-06
            ],
            [
                2.3614259378879306e-07,
                2.7607211782480047e-05,
                0.7384455085506493,
                0.25647770307541573,
                0.005048945019558836
            ],
            [
                8.157375034678563e-08,
                2.541982823739085e-08,
                2.6684824148580443e-07,
                0.9797022189807553,
                0.020297407177424672
            ],
            [
                1.597065941761752e-09,
                9.278843563962744e-10,
                2.1329915855892392e-09,
                0.9377120763582389,
                0.06228791898381919
            ]
        ],
        [
            [
                0.9999999519033699,
                4.801590625335268e-08,
                2.5370909988899133e-11,
                4.5455507046697565e-11,
                9.897432617256316e-12
            ],
            [
                3.891309512953495e-07,
                7.240942905711346e-05,
                0.001122784497719183,
                0.9960018484101745,
                0.0028025685320979127
            ],
            [
                3.327220802511586e-09,
                7.311520678338377e-09,
                5.7675908779354906e-08,
                0.9846814080928928,
                0.015318523592456904
            ],
            [
                1.2437219178477666e-09,
                1.0736024270191804e-08,
                1.3103597328925714e-08,
                0.5949574359084117,
                0.40504253900824466
            ],
            [
                2.0349532393575944e-09,
                4.68878206280763e-09,
                2.670194512128e-09,
                0.25953977339769785,
                0.7404602172083723
            ]
        ],
        [
            [
                0.9999691211938698,
                3.087874049160968e-05,
                9.129990340509698e-12,
                2.6416058620132743e-11,
                3.009247849014025e-11
            ],
            [
                4.7334786439272266e-07,
                1.2363101529699178e-05,
                0.0017211902966404707,
                0.9938734270916396,
                0.0043925461623258045
            ],
            [
                1.1912241411755206e-07,
                1.0091277254526121e-07,
                8.73149332882465e-06,
                0.9660157702608908,
                0.0339752782105937
            ],
            [
                8.181341829828027e-09,
                3.060865815496333e-08,
                1.1392025149188411e-08,
                0.8960189278187809,
                0.10398102199919386
            ],
            [
                6.628855232221416e-09,
                3.013563106840564e-09,
                1.4432491780978267e-08,
                0.795576018148341,
                0.20442395777674888
            ]
        ],
        [
            [
                0.9999999076955292,
                9.221535629774786e-08,
                3.804844381932624e-11,
                4.2377067849804287e-11,
                8.688966123418429e-12
            ],
            [
                0.024445115074806453,
                0.9418367576024493,
                0.021874020207862027,
                0.011830605716211742,
                1.3501398670595951e-05
            ],
            [
                5.155639403328152e-09,
                7.077491019456111e-06,
                0.9999837615599125,
                9.141601404793e-06,
                1.4192023780687669e-08
            ],
            [
                9.508488343618233e-12,
                6.033254710190828e-10,
                4.7334134817339045e-09,
                0.8236941351923052,
                0.17630585946144742
            ],
            [
                3.7194072189578067e-10,
                2.2942481280297078e-08,
                1.7710351185849145e-07,
                0.7119908689746656,
                0.2880089306074005
            ]
        ],
        [
            [
                0.9999999345613907,
                6.529617138433718e-08,
                8.279634873093762e-11,
                1.8023671643956154e-11,
                4.161794882336164e-11
            ],
            [
                1.9460421475011742e-05,
                0.8985205132529294,
                0.018655658743233924,
                0.08280305814915417,
                1.309433207570098e-06
            ],
            [
                7.461025474279471e-07,
                0.0010419984625226809,
                0.19911622395230513,
                0.7823701515622449,
                0.01747087992037992
            ],
            [
                1.307631483251476e-08,
                4.905694136001007e-09,
                1.381894738040312e-08,
                0.7256363839270374,
                0.2743635842720062
            ],
            [
                1.596482009305458e-08,
                1.6407121051671933e-08,
                1.954630818366846e-09,
                0.5633618240625841,
                0.43663814161084397
            ]
        ],
        [
            [
                0.996398465716785,
                0.003601533728038687,
                3.635440432633867e-10,
                1.0378585147719579e-10,
                8.78462870546297e-11
            ],
            [
                1.664805243408541e-06,
                1.6869231819636824e-05,
                0.015493176742157071,
                0.9831370236245336,
                0.0013512655962463133
            ],
            [
                7.370124171425829e-09,
                4.4919924077229404e-05,
                0.9960303239131922,
                0.003912490723235215,
                1.2258069371072428e-05
            ],
            [
                2.18290479804677e-08,
                1.3592484399739844e-08,
                1.5740382993717216e-08,
                0.8071779270805788,
                0.19282202175750596
            ],
            [
                9.49218168140316e-10,
                4.6468043380461216e-10,
                2.5767537579813805e-10,
                0.5346397072344917,
                0.46536029109393423
            ]
        ],
        [
            [
                0.9635148945018416,
                0.03648510427046183,
                1.630956969052154e-10,
                5.693955916822986e-10,
                4.952053117318489e-10
            ],
            [
                2.9937254190186294e-07,
                0.0003003523331334045,
                2.5234526371227237e-05,
                0.9949124123620012,
                0.004761701405952248
            ],
            [
                1.1569367584219001e-08,
                1.0301083781552565e-07,
                6.908404494892026e-07,
                0.8530601634495725,
                0.14693903112977275
            ],
            [
                3.472721514558867e-09,
                5.070916013866161e-05,
                7.21862313990464e-08,
                0.4485487719117989,
                0.5514004432691095
            ],
            [
                3.574555464567411e-08,
                4.3052766372292844e-08,
                8.993110103305679e-09,
                0.8300485492256141,
                0.16995136298295493
            ]
        ],
        [
            [
                0.9999850306875674,
                1.4969281463741274e-05,
                1.934019989755451e-11,
                1.5508914991374137e-12,
                1.0077880105575428e-11
            ],
            [
                6.837999250658789e-06,
                0.4293468655625833,
                0.14245744630685825,
                0.4281638505956256,
                2.4999535682238285e-05
            ],
            [
                3.929619746924896e-10,
                2.181681740588713e-08,
                1.1728605263311773e-07,
                0.9998535138423326,
                0.00014634666183541514
            ],
            [
                4.564609576907476e-10,
                1.707505114242755e-09,
                3.5024028884634274e-08,
                0.6506330906290337,
                0.3493668721829713
            ],
            [
                1.0824858269671921e-08,
                2.7785242440732478e-09,
                1.1324513950263274e-08,
                0.7987704996270946,
                0.20122947544500894
            ]
        ],
        [
            [
                0.9999994866095179,
                5.132672044034675e-07,
                9.574345211129581e-11,
                6.933549187720501e-12,
                2.0600790317339146e-11
            ],
            [
                0.08401051723555061,
                0.9159875337416584,
                1.6886525607358917e-06,
                1.7352661739403317e-07,
                8.684361286270678e-08
            ],
            [
                1.0535497214349057e-07,
                5.466727736168455e-07,
                0.20933885235088964,
                0.7901782910820725,
                0.0004822045392921542
            ],
            [
                1.5268954650515772e-08,
                1.9150045417996046e-08,
                1.682979390005354e-08,
                0.8191785069404387,
                0.1808214418107673
            ],
            [
                2.5013851717414086e-08,
                7.007565056029952e-09,
                5.2467526007876816e-08,
                0.6231076332531895,
                0.37689228225786764
            ]
        ],
        [
            [
                0.875507857591073,
                0.12449214162291417,
                4.043497938481368e-10,
                3.080287180933202e-10,
                7.363426887968096e-11
            ],
            [
                0.11837978839637539,
                0.8815789016073114,
                3.954091642354836e-05,
                1.64638864447432e-06,
                1.2269124505049893e-07
            ],
            [
                1.3027405883782548e-07,
                0.029337849970538066,
                0.7192291443503143,
                0.25142468324082795,
                8.192164260890402e-06
            ],
            [
                1.364926109416239e-07,
                3.004616487381611e-07,
                3.467778756226865e-07,
                0.8792628336697981,
                0.12073638259806675
            ],
            [
                7.382796002620285e-08,
                4.843180288281376e-08,
                1.4258459382933897e-07,
                0.3123002765531875,
                0.6876994586024557
            ]
        ],
        [
            [
                0.999999991690404,
                8.289824666995042e-09,
                1.4888046443425896e-11,
                7.768806230307182e-13,
                4.106293947237458e-12
            ],
            [
                1.1875206115926874e-06,
                0.24176528268175132,
                0.5953645639256814,
                0.16083018565206922,
                0.002038780219886386
            ],
            [
                1.2635505937844695e-06,
                1.3719679576478992e-05,
                0.2065306439668679,
                0.7723746607760074,
                0.021079712026954505
            ],
            [
                4.040205855844772e-10,
                1.229705582416158e-10,
                1.2160405581284783e-09,
                0.4005778167165165,
                0.5994221815404518
            ],
            [
                1.163855617404677e-09,
                9.521158476176139e-10,
                2.486760968295973e-10,
                0.5748523125374002,
                0.42514768509795225
            ]
        ],
        [
            [
                0.9999909140739931,
                9.08520393767894e-06,
                2.5411614755704165e-10,
                2.735827170576078e-10,
                1.9437045055378466e-10
            ],
            [
                1.1363880609520406e-07,
                1.0089607187948373e-06,
                0.02993846444915049,
                0.9694177829825307,
                0.0006426299687938756
            ],
            [
                1.095814828735649e-06,
                0.0007903013739162061,
                0.0003608091993314945,
                0.9685104046833029,
                0.030337388928620725
            ],
            [
                1.9202109574748317e-08,
                1.3324403187995884e-07,
                1.9442892745331365e-08,
                0.8366770613135062,
                0.16332276679745963
            ],
            [
                1.7061977225021353e-08,
                1.9352674748347448e-08,
                1.8635395330466557e-08,
                0.6911424789523216,
                0.30885746599763103
            ]
        ],
        [
            [
                0.9999999999743445,
                1.8385289003666166e-11,
                6.12204015681668e-12,
                1.457544817609096e-14,
                1.1335184452950445e-12
            ],
            [
                0.0001546823403833008,
                0.6314495098772407,
                0.11509655208283384,
                0.25328242129730716,
                1.6834402234941283e-05
            ],
            [
                2.5681607472623975e-06,
                0.00027031469469136326,
                0.36244525063722266,
                0.6272619649316485,
                0.01001990157569024
            ],
            [
                3.20283586373922e-10,
                1.0691079756982284e-08,
                1.7973937901508643e-08,
                0.8238358699896019,
                0.17616410102509694
            ],
            [
                5.090771337383796e-10,
                1.4616557815454018e-09,
                1.8317359812078005e-08,
                0.39845919202534863,
                0.6015407876865586
            ]
        ],
        [
            [
                0.9999997256304389,
                2.7430555840196595e-07,
                3.0614217296739286e-11,
                2.033521841521952e-12,
                3.1354987340951405e-11
            ],
            [
                1.898097574254625e-08,
                1.1692843000199161e-05,
                0.0007933229315478516,
                0.993350776746796,
                0.0058441884976802765
            ],
            [
                8.433784967425948e-13,
                1.9058809320985844e-11,
                0.9999999999057307,
                6.821417791744139e-11,
                6.153021578848876e-12
            ],
            [
                3.0720701677359445e-08,
                1.3514190504967166e-08,
                4.899780602970822e-08,
                0.22518402574896154,
                0.7748158810183402
            ],
            [
                3.4455022552785604e-10,
                1.351864473269903e-09,
                1.1856112103706092e-09,
                0.7662507930323216,
                0.23374920408565245
            ]
        ],
        [
            [
                0.9999999994400284,
                5.365844690203706e-10,
                1.48306685140645e-11,
                1.833221308944948e-12,
                6.7233345280327474e-12
            ],
            [
                6.434728780931315e-06,
                0.40973991371748625,
                0.20017314854862447,
                0.3900781174627612,
                2.385542347214358e-06
            ],
            [
                1.4908655685138195e-07,
                4.5617287627684976e-06,
                0.6020848767881112,
                0.39785856851279977,
                5.184388376934353e-05
            ],
            [
                3.265691705543362e-09,
                1.065461051164711e-08,
                4.288723706207505e-09,
                0.9529449160448871,
                0.0470550657460869
            ],
            [
                1.2907284491977813e-08,
                8.120790660928471e-09,
                1.9750232157114688e-08,
                0.9174940196021627,
                0.0825059396195299
            ]
        ],
        [
            [
                0.9999999784191941,
                2.153433003293149e-08,
                2.9290596881325126e-11,
                2.0156798076261788e-12,
                1.516960204455074e-11
            ],
            [
                0.10508190322115636,
                0.8949180620330486,
                2.8396489555881633e-08,
                5.179385534177941e-09,
                1.1699199838641328e-09
            ],
            [
                1.041754303610378e-06,
                0.04288496089382899,
                0.3599099782596221,
                0.5971475567139649,
                5.646237828025459e-05
            ],
            [
                1.0849293367064706e-09,
                1.1727583479605553e-09,
                1.7147169861350076e-08,
                0.6349191244993884,
                0.3650808560957541
            ],
            [
                6.987923241690539e-10,
                1.9389822649769886e-09,
                2.3430597154440004e-09,
                0.8113182825116707,
                0.18868171250749496
            ]
        ],
        [
            [
                0.9999966588703595,
                3.3410291848936713e-06,
                8.862286696905626e-12,
                3.185575032141849e-11,
                5.973770582656605e-11
            ],
            [
                0.0003556841969571106,
                0.7750178318970683,
                0.2245841440448389,
                4.1454821413733594e-05,
                8.850397218643726e-07
            ],
            [
                4.8265785666085985e-09,
                2.4416452815626127e-08,
                3.1926359263457676e-08,
                0.9995597777163632,
                0.0004401611142460866
            ],
            [
                1.9309042747468042e-07,
                1.0481586707865124e-07,
                2.0197489180471e-05,
                0.7993460942121469,
                0.20063341039237814
            ],
            [
                9.827243874632195e-11,
                4.188249456346389e-11,
                1.856580582656182e-09,
                0.7940799818936977,
                0.20592001610956678
            ]
        ],
        [
            [
                0.9996146391213381,
                0.00038536066046354015,
                6.670912820530102e-11,
                5.281923614544892e-11,
                9.867024074508231e-11
            ],
            [
                0.222546194306146,
                0.7774519392513003,
                8.916034946001689e-07,
                1.5529453395246614e-07,
                8.195445251738022e-07
            ],
            [
                2.041069067952998e-07,
                0.19498742761737484,
                0.4027762114384144,
                0.40217386803389826,
                6.228880340563812e-05
            ],
            [
                9.694450558963385e-09,
                5.2738236017846924e-09,
                8.15758848967154e-09,
                0.6211669785735416,
                0.3788329983005958
            ],
            [
                8.049773675524482e-10,
                4.627708349989663e-09,
                6.067917366967082e-09,
                0.6215893835936208,
                0.3784106049057761
            ]
        ],
        [
            [
                0.9999996407442081,
                3.586244536083522e-07,
                1.2180165739910349e-11,
                2.416675687643812e-11,
                5.949914271495143e-10
            ],
            [
                0.00012336264842393658,
                0.6151226079956257,
                0.14402374364603143,
                0.24072956339892207,
                7.223109969288016e-07
            ],
            [
                6.115000459639617e-06,
                0.00029591506078561336,
                0.5746065862128762,
                0.4248928495845231,
                0.00019853414135536081
            ],
            [
                1.63434362177439e-08,
                1.7783464497784528e-07,
                4.6762451676402824e-07,
                0.9152104089167954,
                0.08478892928060658
            ],
            [
                1.0313611855648254e-09,
                6.333850130208299e-10,
                1.2799214385835194e-09,
                0.7990627307899518,
                0.20093726626538064
            ]
        ],
        [
            [
                0.9998580655214045,
                0.00014193436130476478,
                7.979236708374407e-12,
                4.766288865513974e-12,
                1.045450802749056e-10
            ],
            [
                0.001221992704853836,
                0.2975019968038396,
                0.07731428390692013,
                0.6238195438902308,
                0.00014218269415562797
            ],
            [
                3.139704629366696e-06,
                0.058753055983225465,
                0.06817285906492122,
                0.8330404100117336,
                0.040030535235490404
            ],
            [
                2.116294773205018e-09,
                1.9582041482403195e-09,
                2.3525658110115385e-09,
                0.6560173754724355,
                0.3439826181004997
            ],
            [
                1.1259339274146982e-08,
                1.9717083001377852e-08,
                3.3961035279213784e-09,
                0.3781751424505695,
                0.6218248231769047
            ]
        ],
        [
            [
                0.9999994292404454,
                5.707131161253695e-07,
                1.1209246871038739e-11,
                1.1804570789586765e-11,
                2.3424571615274178e-11
            ],
            [
                2.3208403042983546e-06,
                0.03645707411704984,
                0.29604036290670604,
                0.6663926941706274,
                0.001107547965312366
            ],
            [
                1.5542705777975196e-07,
                2.9946549848964858e-06,
                0.2102900204875644,
                0.7790136414545916,
                0.010693187975801328
            ],
            [
                1.714487777637895e-08,
                9.58785484854175e-07,
                5.8464728765588976e-08,
                0.948324322769322,
                0.051674642835586634
            ],
            [
                8.974157380810241e-10,
                2.2340363300082224e-10,
                4.73750637057681e-09,
                0.2887531810866822,
                0.711246813054992
            ]
        ],
        [
            [
                0.9999999992059285,
                7.712045003956669e-10,
                1.6992971656250706e-12,
                5.566330476642493e-12,
                1.5601227304518766e-11
            ],
            [
                3.9116271431197806e-05,
                0.1144398004044541,
                0.226523517383797,
                0.6589952756096978,
                2.290330619767984e-06
            ],
            [
                5.9207957270267375e-08,
                1.1658607858263428e-05,
                0.25585008397823317,
                0.7429038457584313,
                0.0012343524475200154
            ],
            [
                8.502851258681275e-10,
                9.684250234387921e-08,
                1.3394157946648022e-08,
                0.5335067731341991,
                0.46649311577885544
            ],
            [
                1.1211222334258259e-08,
                1.8353792739607732e-08,
                5.73361163999302e-09,
                0.7396659001748572,
                0.2603340645265161
            ]
        ],
        [
            [
                0.998284441472693,
                0.0017155583197604595,
                1.748308793883002e-10,
                2.6488743787060212e-11,
                6.226771193594998e-12
            ],
            [
                4.4039750817587054e-05,
                0.9266816610353096,
                0.01120733399776448,
                0.06206351255110925,
                3.4526649990059226e-06
            ],
            [
                1.2403912864623528e-08,
                2.5969225819813573e-07,
                4.184917485188875e-07,
                0.9903838465568274,
                0.00961546285525294
            ],
            [
                3.729533385310073e-09,
                2.5666351469314876e-08,
                8.129426629935962e-09,
                0.4638969938023281,
                0.5361029686723604
            ],
            [
                1.797957522594369e-09,
                2.3334590958077147e-09,
                3.289073786496016e-09,
                0.5722994720368857,
                0.4277005205426239
            ]
        ],
        [
            [
                0.9462116967208999,
                0.05378829309704741,
                8.752605643878632e-11,
                6.923479202326894e-10,
                9.402178918812368e-09
            ],
            [
                2.427139409743935e-06,
                0.007669895633651271,
                0.7318860054915937,
                0.26042956275991164,
                1.2108975433727273e-05
            ],
            [
                1.253857072598097e-06,
                0.0010468641054107591,
                0.010595662457112107,
                0.9881944423115211,
                0.00016177726888348746
            ],
            [
                1.0776052973940218e-09,
                4.063710681981813e-10,
                3.5018792041566492e-09,
                0.43770808976816006,
                0.5622919052459844
            ],
            [
                4.463530227849703e-09,
                1.4817864430294656e-09,
                2.0462532539540356e-10,
                0.7963324173974625,
                0.2036675764525955
            ]
        ],
        [
            [
                0.9999883246094473,
                1.1675165693875623e-05,
                1.366716057142121e-10,
                3.358389798015817e-11,
                5.460332989138894e-11
            ],
            [
                0.000902611668460115,
                0.7896597708986055,
                0.000890383042421753,
                0.2085453684613467,
                1.8659291660142335e-06
            ],
            [
                3.4394069340174065e-07,
                0.0002915687864560088,
                0.00011364159394678289,
                0.9933747033084908,
                0.00621974237041304
            ],
            [
                3.991666071778537e-09,
                7.802708986550576e-08,
                2.064303119089339e-08,
                0.5531328272508619,
                0.44686707008735094
            ],
            [
                2.6491626964127527e-10,
                6.173385174218471e-09,
                7.98446529180342e-09,
                0.793866930512205,
                0.20613305506502838
            ]
        ],
        [
            [
                0.9999999924816084,
                7.374712656593263e-09,
                2.090039070774184e-11,
                1.2507933474788033e-11,
                1.1027072318428968e-10
            ],
            [
                1.0680477577480628e-05,
                0.21771250281055862,
                0.006860551997325917,
                0.7753983021043757,
                1.7962610162223466e-05
            ],
            [
                2.0810024403422222e-11,
                1.1714768778187536e-10,
                0.9999999984190777,
                1.2865630044570626e-09,
                1.5640153761727128e-10
            ],
            [
                1.1123367445464622e-09,
                7.61857188512489e-09,
                5.353086659396162e-10,
                0.40537341121853376,
                0.594626579515249
            ],
            [
                5.018137246362566e-09,
                6.061679703590912e-09,
                1.695575184616175e-08,
                0.5415029612301142,
                0.458497010734317
            ]
        ],
        [
            [
                0.9985700455789502,
                0.0014299541332041894,
                3.090847114553868e-11,
                1.1857377625410414e-10,
                1.3836323659305795e-10
            ],
            [
                7.063941693616556e-07,
                0.5570485601504149,
                0.17168186290270704,
                0.27126756468107294,
                1.3058716358468097e-06
            ],
            [
                1.1573524499526887e-07,
                3.867199805091709e-07,
                1.4788813703533084e-06,
                0.998140211078678,
                0.0018578075847260622
            ],
            [
                1.6247835613642942e-09,
                1.6195262779161568e-08,
                1.1853775997203265e-09,
                0.7071710356275825,
                0.29282894536699355
            ],
            [
                2.8194474728694746e-09,
                1.697447601947841e-08,
                7.12635960261076e-09,
                0.7412972291014739,
                0.2587027439782431
            ]
        ],
        [
            [
                0.9999998990757164,
                1.0090123214227808e-07,
                1.046115010637153e-12,
                1.7328882567798852e-11,
                4.676370303453828e-12
            ],
            [
                0.0023960979929879577,
                0.868308700967778,
                0.029308602950898023,
                0.09998334187349388,
                3.2562148420752272e-06
            ],
            [
                3.798383828772352e-08,
                9.603906746372563e-07,
                0.5807333394289204,
                0.4192268722911587,
                3.878990540803424e-05
            ],
            [
                2.32278001133288e-09,
                6.761644306640358e-08,
                1.205790647718971e-08,
                0.3987036215575205,
                0.60129629644535
            ],
            [
                6.090336868512242e-10,
                3.289388452175531e-09,
                1.326350809728171e-08,
                0.7939838529811751,
                0.20601612985689471
            ]
        ],
        [
            [
                0.9999956614293013,
                4.338492924830156e-06,
                5.4957599828950954e-11,
                4.900587342878903e-12,
                1.791569664944756e-11
            ],
            [
                3.2743055639627856e-06,
                0.3866795667704445,
                0.41384880482202036,
                0.19946484272601014,
                3.511375961096192e-06
            ],
            [
                2.60718364482867e-06,
                1.222094058957322e-05,
                0.8614871395918906,
                0.13656876886658217,
                0.0019292634172929984
            ],
            [
                8.731314250791136e-10,
                1.7090271959336784e-08,
                3.4766836026833974e-07,
                0.8091823729286499,
                0.19081726143958633
            ],
            [
                1.8463873915778981e-09,
                2.727256820510427e-10,
                4.107143401540648e-10,
                0.9958383606938623,
                0.004161636776310207
            ]
        ],
        [
            [
                0.9975023734014348,
                0.002497626299605855,
                8.118421003626654e-11,
                2.7667371385086823e-11,
                1.901078031981196e-10
            ],
            [
                5.065392424510466e-06,
                0.03756428907060697,
                0.32165999328456174,
                0.6367373513423488,
                0.004033300910057967
            ],
            [
                2.368826051987901e-07,
                7.529992640380087e-05,
                0.22372367025181744,
                0.7523510664067232,
                0.02384972653245033
            ],
            [
                9.96953890782281e-10,
                1.895001553552516e-08,
                5.262288652192662e-09,
                0.9583817736086295,
                0.041618201182112416
            ],
            [
                5.514322845928891e-09,
                1.7815239118588619e-09,
                1.0502153041179353e-09,
                0.804162803288871,
                0.19583718836506692
            ]
        ],
        [
            [
                0.9999999758362325,
                2.274464667463964e-08,
                2.848731351239683e-11,
                2.260862389422641e-12,
                1.388372674194864e-09
            ],
            [
                3.643427714584723e-05,
                0.4125737576094468,
                0.39072629410434107,
                0.19663814284627706,
                2.537116278916096e-05
            ],
            [
                1.9692856229503685e-06,
                0.2709254886209494,
                0.3175130951556021,
                0.41128702832957387,
                0.0002724186082516718
            ],
            [
                3.7188160529525076e-09,
                2.8623344948323444e-09,
                7.596624553408381e-07,
                0.9628961120142737,
                0.037103121742120285
            ],
            [
