{
    "[['A', 'B', 'C', 'D', 'E'], ['A', 'B', 'C', 'D', 'E']]": [
        [
            [
                0.6364382595706448,
                0.36356172489332556,
                1.429360053082968e-09,
                3.887680410293444e-09,
                1.021898915655554e-08
            ],
            [
                1.056722838598797e-08,
                7.591129551609877e-10,
                1.1652264310599523e-09,
                0.7358493920652998,
                0.26415059544313246
            ],
            [
                3.7162976993889544e-10,
                3.6123812053851385e-10,
                0.9998371448670575,
                0.0001611614684301913,
                1.692931644484728e-06
            ],
            [
                1.2670776207708607e-08,
                4.019773005513426e-10,
                1.0598444568229013e-08,
                0.4416563646658305,
                0.5583436116629714
            ],
            [
                8.555204530321482e-07,
                6.815528438634956e-10,
                8.913014637403403e-10,
                0.12180632454582456,
                0.878192818360868
            ]
        ],
        [
            [
                0.5985441791396083,
                0.4014558179757913,
                1.784466790513003e-09,
                6.136414946450371e-10,
                4.86492061061627e-10
            ],
            [
                4.530705085217375e-09,
                6.848350797405185e-10,
                1.044263457332339e-09,
                0.5962742657620743,
                0.40372572797812206
            ],
            [
                9.732512094506988e-09,
                5.778264056975057e-09,
                0.007464977106463434,
                0.6289861028357279,
                0.36354890454703254
            ],
            [
                4.616306432085147e-06,
                7.163867276183973e-10,
                2.667913263203495e-10,
                0.20073043417563888,
                0.7992649485347509
            ],
            [
                7.919924711684525e-07,
                1.8519131288114084e-09,
                3.580410086063454e-09,
                0.005862543389697063,
                0.9941366591855085
            ]
        ],
        [
            [
                0.8000570640591268,
                0.1999429059351437,
                8.519338687463835e-11,
                2.6641826422211095e-10,
                2.965411792977297e-08
            ],
            [
                3.1999567120762637e-09,
                4.185138031164335e-09,
                3.354034802810047e-08,
                0.20000224421257337,
                0.7999977148619839
            ],
            [
                4.178747608570317e-11,
                1.0906607677694705e-10,
                0.9999999979880037,
                6.43542934164406e-10,
                1.2175997946431601e-09
            ],
            [
                0.0021977652185677134,
                8.25282822751403e-09,
                4.6091268006522134e-10,
                0.43559175396585864,
                0.5622104721018327
            ],
            [
                5.140548685752798e-08,
                2.032209399247438e-08,
                2.4032683320437324e-08,
                0.19209031007190333,
                0.8079095941678326
            ]
        ],
        [
            [
                0.7867097782546436,
                0.21329019109374805,
                3.981440823483823e-09,
                5.2839915713917825e-09,
                2.138617585467024e-08
            ],
            [
                1.869060819582256e-09,
                1.069936439535848e-09,
                6.592059906941222e-10,
                0.5887853163376625,
                0.4112146800641343
            ],
            [
                1.4556526737707338e-08,
                7.851543898846631e-10,
                2.4399237630637676e-06,
                0.38756279128070986,
                0.6124347534538459
            ],
            [
                1.1425852228717576e-10,
                4.1818396173379606e-10,
                2.701502027384429e-10,
                0.21895957468233923,
                0.781040424515068
            ],
            [
                6.600929914963274e-10,
                1.8519932183086082e-09,
                7.102175028727531e-10,
                0.39870648209027715,
                0.6012935146874192
            ]
        ],
        [
            [
                0.8463173410756089,
                0.1536826414572304,
                1.428003236819776e-09,
                3.863068487501447e-09,
                1.2176088915363252e-08
            ],
            [
                4.758500828377111e-11,
                3.2866258456956433e-10,
                3.0900813891284626e-09,
                0.6001432920269808,
                0.39985670450669014
            ],
            [
                1.8266907884346683e-11,
                6.855481787854985e-10,
                0.0004945251632720052,
                0.5995245454127764,
                0.39998092872013635
            ],
            [
                2.740969808773977e-07,
                7.842520335616939e-10,
                1.2381440019621628e-10,
                0.1999209362575173,
                0.8000787887374354
            ],
            [
                2.1558999844947883e-07,
                1.618156462919605e-11,
                2.2422941273394965e-09,
                0.11311203818926133,
                0.8868877439622646
            ]
        ],
        [
            [
                0.9847865723775935,
                0.015213416011599219,
                3.4545876721752253e-10,
                1.1375657396154207e-09,
                1.0127782756085133e-08
            ],
            [
                1.5679281775871578e-10,
                3.037263754788871e-10,
                4.687080419839295e-10,
                0.5554263076038712,
                0.44457369146690146
            ],
            [
                1.6259134422585355e-10,
                1.226594433424033e-08,
                0.19540846802608894,
                0.7999909667351849,
                0.004600552810190565
            ],
            [
                3.63996751253273e-11,
                1.931586564472553e-10,
                1.7361907578202147e-09,
                0.3729935391341001,
                0.6270064589001508
            ],
            [
                3.0979455748156536e-10,
                2.5524593477710074e-10,
                1.486932098076982e-09,
                0.0001464975038613267,
                0.9998535004441661
            ]
        ],
        [
            [
                0.5995956689334788,
                0.4004043198096642,
                1.9098813876348725e-09,
                6.0344272862299436e-09,
                3.31254835694199e-09
            ],
            [
                3.4826510199943204e-10,
                3.488758337232527e-09,
                9.436001287293528e-09,
                0.399999323823184,
                0.6000006629037912
            ],
            [
                1.1255149302667326e-11,
                5.64063391065174e-12,
                0.9999999997748719,
                1.747544644412021e-10,
                3.347794951564433e-11
            ],
            [
                2.8134278735552096e-09,
                7.53641021977065e-10,
                4.2327006148934783e-10,
                0.3009015044571958,
                0.6990984915524653
            ],
            [
                0.0013385532977615807,
                4.047776650240246e-09,
                1.0600211156944214e-08,
                0.39990462256870907,
                0.5987568094855416
            ]
        ],
        [
            [
                2.3181713604890672e-08,
                1.5984846249978832e-10,
                4.067679277573923e-10,
                0.20025672223743068,
                0.7997432540142393
            ],
            [
                2.337672218423503e-10,
                6.031768640525131e-10,
                3.700896189176831e-11,
                0.39261320503079294,
                0.607386794095254
            ],
            [
                1.0349803201928204e-08,
                1.6074368869991183e-08,
                0.00017392441352833817,
                0.4059921739671424,
                0.5938338751951572
            ],
            [
                1.7151347454030866e-08,
                1.4000352088287549e-09,
                2.2600969759675314e-08,
                0.4665349393735913,
                0.5334650194740563
            ],
            [
                4.0473605906325424e-08,
                5.122401556486846e-11,
                8.719945631329512e-11,
                1.6052463371823323e-08,
                0.9999999433355072
            ]
        ],
        [
            [
                0.9997964449052023,
                0.00020354221874816145,
                1.1475495206069973e-08,
                1.194942241194241e-09,
                2.0561212972565832e-10
            ],
            [
                1.0994903887190553e-11,
                1.657958790267907e-10,
                1.7539207455735486e-09,
                0.399974386376195,
                0.6000256116930934
            ],
            [
                3.3227110706379655e-09,
                1.2972795761073283e-08,
                0.9985253375746304,
                0.0014302865233577666,
                4.4359606505061966e-05
            ],
            [
                6.018459341246302e-07,
                5.25531415271163e-09,
                1.1417672059949666e-08,
                0.20690847834305515,
                0.7930909031380245
            ],
            [
                1.3884654111354294e-09,
                3.0039741061833975e-10,
                1.1279875877466119e-10,
                0.20001961821190203,
                0.7999803799864365
            ]
        ],
        [
            [
                0.7999986119646425,
                0.20000138792480088,
                1.3194471171579104e-11,
                8.398017067166366e-11,
                1.3381916904830853e-11
            ],
            [
                7.486535869066053e-09,
                1.3047981017969867e-09,
                1.1461557689630032e-07,
                0.762949964338785,
                0.23704991225430408
            ],
            [
                1.5745488772852156e-10,
                9.509518744729529e-10,
                1.3039073140952848e-10,
                0.951837870695558,
                0.04816212806564442
            ],
            [
                4.25330967629053e-07,
                3.929991640975494e-09,
                8.084690678053066e-11,
                0.5836674296318467,
                0.416332141026347
            ],
            [
                0.04502757808972381,
                3.253039231023477e-08,
                1.121039590289435e-07,
                0.31178836894703454,
                0.6431839083288903
            ]
        ],
        [
            [
                0.9124327115311268,
                0.08756726463106125,
                3.813889097502778e-09,
                9.182423134358444e-10,
                1.9105680503228282e-08
            ],
            [
                1.1658142809552314e-09,
                7.546063434522131e-10,
                8.12339096454785e-09,
                0.7875765563924292,
                0.21242343356375912
            ],
            [
                8.263849778788985e-10,
                1.9611078963419996e-10,
                7.243494452614631e-09,
                0.6023390567523736,
                0.3976609349816362
            ],
            [
                2.316194071844512e-09,
                1.176685419536767e-09,
                4.5377807524935475e-10,
                0.222502972841137,
                0.7774970232122055
            ],
            [
                2.0426498936251662e-08,
                2.819924594805548e-09,
                2.651393408113248e-10,
                0.29885611154215946,
                0.7011438649462777
            ]
        ],
        [
            [
                0.7991776057091821,
                0.2008223902491071,
                2.7166873015330687e-11,
                3.654232453438626e-09,
                3.6031157457237596e-10
            ],
            [
                1.8948489551517004e-10,
                1.4901361339222035e-09,
                1.2228156239884205e-08,
                0.40129716726862547,
                0.5987028188235972
            ],
            [
                4.67430459409495e-10,
                2.5676150859397084e-09,
                0.9999834907901198,
                1.617443609347256e-05,
                3.3173874113934017e-07
            ],
            [
                9.569949382052278e-09,
                1.3174272063368998e-10,
                7.249527044108645e-10,
                0.20147451284578338,
                0.7985254767275719
            ],
            [
                1.052958318220291e-08,
                2.799007772121219e-09,
                3.824625218611552e-09,
                0.0025285035839174605,
                0.9974714792628664
            ]
        ],
        [
            [
                0.6094095438891655,
                0.39059045244961854,
                2.4422499558352823e-09,
                8.998460485710114e-10,
                3.191199329629223e-10
            ],
            [
                8.259190063551829e-09,
                2.3682251825153336e-09,
                6.933071506292269e-10,
                0.6010269490417884,
                0.39897303963748915
            ],
            [
                4.895889811558726e-10,
                4.800302047786212e-10,
                0.3998155213018898,
                0.5999905614310457,
                0.0001939162974453117
            ],
            [
                6.20971486046582e-08,
                9.206685499474833e-09,
                6.842430059783509e-09,
                0.3526678972451364,
                0.6473320246085994
            ],
            [
                3.340412644643943e-06,
                6.78577493563728e-10,
                1.705097811936422e-10,
                0.16352984613357394,
                0.8364668126046942
            ]
        ],
        [
            [
                0.77636934763865,
                0.2236288532443374,
                7.355080266572398e-09,
                7.028100204118856e-09,
                1.7847338322265254e-06
            ],
            [
                2.6276232932858013e-09,
                1.2909187603123295e-09,
                5.944205984360875e-10,
                0.406456543467019,
                0.5935434520200185
            ],
            [
                8.074424585196127e-09,
                1.8815289102679364e-07,
                0.9968963017954491,
                4.525905370233987e-05,
                0.0030582429235329507
            ],
            [
                2.4681127548682705e-05,
                2.7693868531054986e-09,
                1.04438204290937e-09,
                0.03214775348239105,
                0.9678275615762914
            ],
            [
                8.240300912296208e-09,
                4.3112784507865685e-09,
                1.8150137094198764e-10,
                0.5756261221587553,
                0.424373865108164
            ]
        ],
        [
            [
                0.7916399964756723,
                0.20836000041305516,
                1.084063114319856e-09,
                7.927042774680059e-10,
                1.23450512012529e-09
            ],
            [
                4.1434408000036555e-09,
                1.3193958398023576e-10,
                1.4735329578055915e-09,
                0.2006973149961596,
                0.799302679254927
            ],
            [
                2.427837635177017e-07,
                1.462564238072982e-07,
                0.0013352909393770846,
                0.9945670033017061,
                0.004097316718729455
            ],
            [
                0.007410785446340215,
                1.7792905179351906e-08,
                9.513216882914833e-09,
                0.22427027521991452,
                0.7683189120276233
            ],
            [
                8.610315166869134e-05,
                3.095886616973148e-09,
                1.9129944556306188e-10,
                0.19782181131014626,
                0.8020920822509989
            ]
        ],
        [
            [
                0.9758520889791491,
                0.02414790586430567,
                4.011824508354903e-10,
                1.5897628061064462e-09,
                3.1656000232161857e-09
            ],
            [
                6.184548550298564e-09,
                9.311830501877155e-10,
                7.243217423796132e-11,
                0.45380432166086415,
                0.5461956711509721
            ],
            [
                1.2147106785095756e-09,
                9.54289366155407e-10,
                6.036187118362806e-06,
                0.6001033272968649,
                0.39989063434701677
            ],
            [
                2.1261423690080647e-08,
                4.6118374399857373e-10,
                7.632326623906587e-12,
                0.4462104625645301,
                0.55378951570523
            ],
            [
                1.1479629253495694e-07,
                3.0159683468978677e-09,
                1.3161372244526884e-09,
                0.12544421190819924,
                0.8745556689634026
            ]
        ],
        [
            [
                0.9907227629604434,
                0.009277153633996718,
                2.5802287307758827e-08,
                4.2817915767028514e-09,
                5.332148106347397e-08
            ],
            [
                1.1445488722245239e-08,
                9.922456773891402e-10,
                4.297725188207078e-10,
                0.47250161273151925,
                0.5274983744009739
            ],
            [
                3.0403803590246024e-09,
                1.5058265870460297e-08,
                0.9999032218586048,
                8.674678273052234e-05,
                1.0013260018492749e-05
            ],
            [
                2.4826970051155116e-11,
                2.8298363554806914e-11,
                4.11481597941614e-11,
                4.068681489432152e-05,
                0.9999593130908322
            ],
            [
                0.1879823859880445,
                7.84628729074667e-09,
                5.352315858101385e-09,
                2.448536977223014e-06,
                0.8120151522763751
            ]
        ],
        [
            [
                0.7950600095016105,
                0.20493998899698523,
                8.870026074516665e-10,
                1.6309430224369236e-10,
                4.513074053192424e-10
            ],
            [
                1.196272185729359e-10,
                2.0041183231749593e-09,
                2.079202197118963e-09,
                0.002702721754488774,
                0.9972972740425635
            ],
            [
                6.100326775492847e-10,
                2.8815741788247284e-08,
                0.9993641516151717,
                0.0006345940194471258,
                1.2249396067488421e-06
            ],
            [
                0.00018222786545141675,
                7.588557948034546e-11,
                2.2882213920959244e-10,
                0.26417907819038533,
                0.7356386936394556
            ],
            [
                2.8969759622844097e-09,
                1.8166301949683935e-09,
                8.375092290859257e-09,
                0.3165848646289652,
                0.6834151222823364
            ]
        ],
        [
            [
                0.9714448213181867,
                0.028555061980447157,
                2.301364984784012e-09,
                5.374622632312939e-09,
                1.0902537847670708e-07
            ],
            [
                1.9577607813545234e-08,
                2.1790606231902565e-09,
                1.5794428859666728e-08,
                0.6716140890272514,
                0.3283858734216513
            ],
            [
                8.500024582417556e-09,
                5.052340902331627e-08,
                0.7530444096818646,
                0.10390187042030372,
                0.1430536608743981
            ],
            [
                9.455225468456513e-09,
                1.6421056729457664e-10,
                3.98291636240793e-09,
                0.3998114181297436,
                0.600188568267904
            ],
            [
                0.0003462068259553493,
                4.044129564755895e-09,
                6.489411109776437e-10,
                0.11715964686368742,
                0.8824941416172866
            ]
        ],
        [
            [
                0.9551277144461366,
                0.044872208934050244,
                4.396565229978957e-09,
                4.212824813687584e-08,
                3.0094999804913277e-08
            ],
            [
                9.709397299318013e-11,
                1.9020204126642356e-10,
                1.71146058372647e-09,
                0.5941917597625859,
                0.4058082382386575
            ],
            [
                7.843892253242782e-08,
                3.474522664865093e-09,
                2.602478244584657e-06,
                0.7993744858549153,
                0.20062282975339488
            ],
            [
                0.002840745037845781,
                7.197687545150575e-11,
                1.2646573196852767e-09,
                0.17039058814074867,
                0.8267686654847713
            ],
            [
                0.01906988026955982,
                3.4817335162667475e-10,
                5.092965814547269e-09,
                0.0002862806537179654,
                0.980643833635583
            ]
        ],
        [
            [
                0.946209095946583,
                0.05379087740193989,
                1.6666242032504672e-10,
                1.8660473879375684e-08,
                7.824340725913868e-09
            ],
            [
                2.708831112139164e-09,
                5.737389976606416e-09,
                3.9777443417598076e-09,
                0.20654404187003683,
                0.7934559457059978
            ],
            [
                7.205697905882729e-07,
                1.9322708322091357e-07,
                0.7078123881875091,
                0.20325133187834316,
                0.08893536613727382
            ],
            [
                2.2677635494149386e-08,
                1.0827749009922675e-09,
                1.999686496786517e-10,
                0.19937579341614722,
                0.8006241826234738
            ],
            [
                2.2830064198246162e-10,
                7.513944050735222e-11,
                7.294839213394525e-09,
                0.04454004026766892,
                0.9554599521340518
            ]
        ],
        [
            [
                0.5929564538848523,
                0.40704353784868347,
                8.50731801863648e-10,
                1.2105659903692084e-09,
                6.20516655624171e-09
            ],
            [
                2.1931225772703096e-07,
                3.004713340313577e-09,
                1.320865743736649e-09,
                0.5232243370823113,
                0.476775439279852
            ],
            [
                6.93699057578901e-10,
                1.866657015387919e-10,
                8.238907070675483e-09,
                0.7984295746208585,
                0.20157041625986966
            ],
            [
                1.7834685314280312e-11,
                4.42790484281462e-10,
                2.179949364889994e-09,
                0.01909044333815064,
                0.9809095540212749
            ],
            [
                2.026285818670645e-06,
                7.424869352168051e-11,
                2.3891239554114163e-10,
                0.20512361499293613,
                0.7948743584080841
            ]
        ],
        [
            [
                0.9999496501909552,
                4.9994879422253196e-05,
                1.0645797150326969e-10,
                2.0058949098265482e-09,
                3.5281726960061735e-07
            ],
            [
                1.911221309808553e-09,
                1.1033848991827349e-09,
                3.1268141124055175e-09,
                0.8010747799187258,
                0.19892521393985388
            ],
            [
                6.93975403123257e-08,
                7.810993646301958e-07,
                0.015169354672071126,
                0.6605992263039973,
                0.3242305685270267
            ],
            [
                6.29053602886924e-09,
                9.587831855334888e-09,
                2.240090155171357e-09,
                0.24177102407287648,
                0.7582289578086655
            ],
            [
                8.786647515011202e-09,
                8.673488769223455e-10,
                1.1107075956335926e-08,
                0.212063695076316,
                0.7879362841626117
            ]
        ],
        [
            [
                0.9981665496217367,
                0.0018334252603338565,
                1.534709384065549e-08,
                6.48334460216777e-09,
                3.287491075463393e-09
            ],
            [
                2.6968426878412246e-09,
                1.3061163660601164e-09,
                1.8840802811098055e-09,
                0.6007991354568533,
                0.3992008586561074
            ],
            [
                2.884297201804549e-12,
                1.5321928304206539e-12,
                0.9999999999033411,
                1.9203246746886548e-11,
                7.303917566163464e-11
            ],
            [
                3.317686142872094e-10,
                7.474701658693492e-11,
                2.5629298679322925e-10,
                0.20121143636335392,
                0.7987885629738375
            ],
            [
                6.112161428997627e-11,
                2.6551538406668875e-10,
                9.20937350378918e-11,
                0.20109594231064915,
                0.7989040572706202
            ]
        ],
        [
            [
                0.787477974907674,
                0.21252199581307438,
                6.520375031073934e-09,
                2.020369116622887e-09,
                2.073850763047668e-08
            ],
            [
                3.0781301492994322e-09,
                1.4017060174462819e-09,
                9.038061165750323e-09,
                0.48306991307426383,
                0.5169300734078389
            ],
            [
                3.43517808804042e-10,
                1.9050449294663684e-08,
                1.9482206435080904e-05,
                0.9999127098389278,
                6.77885606701556e-05
            ],
            [
                6.309887838379175e-11,
                4.079180420197129e-10,
                2.7699540024308156e-10,
                0.5232139872953155,
                0.4767860119566721
            ],
            [
                9.437870620214139e-09,
                6.938230324345574e-10,
                2.8745607747310876e-09,
                0.6881285148749845,
                0.311871472118761
            ]
        ],
        [
            [
                0.49022598113487764,
                0.5097740125891743,
                2.3129845090710853e-09,
                6.787339641257513e-10,
                3.2842294698930537e-09
            ],
            [
                2.0558510227700935e-09,
                4.5830299188955865e-10,
                1.2785223336668318e-09,
                0.37517034422809,
                0.6248296519792337
            ],
            [
                3.2788161901876226e-11,
                3.4293394181045025e-12,
                7.045093683887598e-10,
                0.40011757314434615,
                0.599882426114927
            ],
            [
                1.9549660388407775e-10,
                8.484419816136886e-10,
                3.500500915046439e-08,
                0.10215313116309659,
                0.8978468327879556
            ],
            [
                2.2697350205805293e-06,
                6.859148198001018e-08,
                8.770649069665893e-10,
                0.2641693936794149,
                0.7358282671170177
            ]
        ],
        [
            [
                0.8004080459324228,
                0.1995919482840748,
                1.6541301750018782e-10,
                3.763303738953421e-10,
                5.241759010584219e-09
            ],
            [
                3.282956615022769e-10,
                2.911408397778859e-11,
                8.582340394358206e-10,
                0.2003252073669762,
                0.7996747914173801
            ],
            [
                1.751516405375087e-10,
                9.01192808810269e-10,
                2.5309854660307147e-08,
                0.5253012430349869,
                0.47469873057881395
            ],
            [
                3.5339001354352205e-07,
                4.091234350556689e-09,
                6.927273718647358e-10,
                0.45402451657022863,
                0.5459751252557961
            ],
            [
                0.0008139915958296685,
                7.540374394887352e-10,
                6.2927845162014346e-09,
                0.10068432855041787,
                0.8985016728069305
            ]
        ],
        [
            [
                0.8406962168039818,
                0.15930056189896705,
                1.829830177390958e-08,
                3.1569841125622397e-06,
                4.6014636818787385e-08
            ],
            [
                2.3060193821308884e-09,
                2.9125972200790575e-09,
                4.4251446606238197e-10,
                0.19342777351271512,
                0.8065722208261538
            ],
            [
                1.6517362515498578e-10,
                3.7210748156180965e-10,
                1.1217182569650905e-11,
                0.6000174302478734,
                0.39998256920362846
            ],
            [
                1.1658284581632418e-05,
                4.4725191223571473e-10,
                1.4141075366854564e-10,
                0.40027635276862056,
                0.5997119883581351
            ],
            [
                1.2543330543709962e-06,
                8.168371896715968e-10,
                1.8617339177892896e-08,
                0.19072214130805162,
                0.8092765849247175
            ]
        ],
        [
            [
                0.9998177662495323,
                0.0001822336419959667,
                4.078461655269507e-11,
                5.6795710687592565e-11,
                1.0891533987571879e-11
            ],
            [
                6.232194300339963e-10,
                5.051135576802288e-09,
                4.55773619839951e-09,
                0.41833148486120464,
                0.5816685049067042
            ],
            [
                4.2208894309277446e-10,
                2.639779503893935e-09,
                1.0147024744390389e-07,
                0.805861885976673,
                0.1941380094912111
            ],
            [
                1.1733678646899864e-07,
                2.6140902336748793e-09,
                2.0114370141582275e-08,
                0.699478573314264,
                0.30052128662048916
            ],
            [
                5.3809829177953305e-06,
                1.4057167758297966e-08,
                7.024542762116243e-08,
                0.172073601739979,
                0.8279209329745079
            ]
        ],
        [
            [
                0.40588145972923323,
                0.5941185399485804,
                1.5203683582277959e-10,
                9.363566498705527e-11,
                7.651383823717223e-11
            ],
            [
                1.2288711714084526e-08,
                9.989496095949732e-10,
                6.527057234804051e-10,
                0.5634961239146323,
                0.43650386214500064
            ],
            [
                1.8665961739206155e-07,
                1.276475113811392e-07,
                0.4191267478371029,
                0.3773551603078913,
                0.203517777547877
            ],
            [
                1.539668035152182e-09,
                3.6819652917561518e-09,
                2.7494519946532556e-09,
                0.3555006618353302,
                0.6444993301935844
            ],
            [
                3.588012236292359e-08,
                9.517280735133725e-11,
                4.9025287792186774e-09,
                0.26791590190294534,
                0.7320840572192309
            ]
        ],
        [
            [
                0.9366670376100865,
                0.0633328642528947,
                1.751056619991853e-08,
                2.2557960387790225e-08,
                5.806849237984359e-08
            ],
            [
                3.5561576289567566e-12,
                3.725822760131431e-11,
                7.535050576099306e-11,
                0.3999628426913811,
                0.600037157192454
            ],
            [
                4.030700229101599e-09,
                3.082343989615216e-10,
                0.9996142261562039,
                4.174495216740602e-07,
                0.00038535205533969376
            ],
            [
                8.258019230273154e-09,
                3.9325475332676525e-09,
                1.4685164391998636e-08,
                0.25223065201117234,
                0.7477693211130966
            ],
            [
                4.930158616273758e-08,
                8.913577240319222e-10,
                1.4842044926069686e-08,
                0.2550070935729072,
                0.7449928413921041
            ]
        ],
        [
            [
                0.8603664418048305,
                0.13963332761025068,
                2.7996908183410572e-09,
                7.300664903363652e-08,
                1.5477857901595412e-07
            ],
            [
                2.4004731133649874e-11,
                1.0190824688526544e-09,
                1.2244063422142735e-09,
                0.0020146428300042572,
                0.9979853549025023
            ],
            [
                2.756470310523295e-11,
                2.5608648922332207e-11,
                0.9999999954753271,
                3.117015218674738e-11,
                4.440329459962814e-09
            ],
            [
                1.3169946679591734e-06,
                1.542679770199916e-09,
                1.5948038670386384e-11,
                0.1557273463444544,
                0.8442713351022498
            ],
            [
                2.157485912267007e-07,
                5.724948590832253e-10,
                1.0449549392068085e-08,
                0.19411206771423062,
                0.8058877055151339
            ]
        ],
        [
            [
                0.8021945074858348,
                0.19780549031729883,
                1.9198024077323805e-10,
                1.2633163188834812e-09,
                7.415698009042083e-10
            ],
            [
                1.8870826432588956e-10,
                7.765075535704912e-10,
                4.344131521399985e-10,
                0.1999953794900796,
                0.8000046191102914
            ],
            [
                3.232041292097746e-11,
                5.2725242588059734e-11,
                7.570410459294299e-10,
                0.4002116433232702,
                0.5997883558346431
            ],
            [
                4.15096176452922e-08,
                1.5315390010943343e-09,
                2.446300425449949e-10,
                0.0010847109865225614,
                0.9989152457276907
            ],
            [
                0.10565046572928889,
                1.4094646161620253e-08,
                6.979952819126208e-08,
                0.29680951251312804,
                0.5975399378634088
            ]
        ],
        [
            [
                0.8031527151583662,
                0.19684726855056456,
                1.283433800543969e-08,
                4.973879996589468e-10,
                2.95934327891834e-09
            ],
            [
                4.130335901845098e-12,
                2.0007987594268652e-10,
                3.7811064352458677e-11,
                0.19897520297032684,
                0.8010247967876518
            ],
            [
                1.4815166254007515e-09,
                5.470768202490791e-08,
                0.20210124214973665,
                0.25380310236157494,
                0.5440955992994898
            ],
            [
                0.08756101930046041,
                1.4874194958617917e-09,
                2.8837233380551545e-09,
                0.20019006299615644,
                0.7122489133322404
            ],
            [
                2.016583139977217e-09,
                3.2227228423734476e-10,
                4.040593270609787e-10,
                0.00038556650622037573,
                0.9996144307508649
            ]
        ],
        [
            [
                0.6193866596313551,
                0.38061330919440217,
                1.890426991277348e-09,
                1.773621474482145e-08,
                1.1547601150348807e-08
            ],
            [
                8.036150390116108e-09,
                4.0545889852640084e-09,
                3.469513659022663e-08,
                0.5595132228842378,
                0.44048673032988617
            ],
            [
                5.41627223920191e-08,
                2.6116690966353023e-09,
                0.6641001104066344,
                0.19996689634152837,
                0.13593293647744575
            ],
            [
                5.7686666103837686e-11,
                2.0700903120821572e-11,
                7.124990309581562e-12,
                7.249363908922515e-08,
                0.9999999274208484
            ],
            [
                0.00018255370623969803,
                4.593599084130158e-09,
                2.3988939823988913e-09,
                0.0022304323300612982,
                0.997587006971206
            ]
        ],
        [
            [
                0.7848283488510468,
                0.2151716474133483,
                1.236963301809491e-09,
                1.8187583815610512e-09,
                6.798833526531242e-10
            ],
            [
                5.6001385138076185e-11,
                2.2854977754594246e-10,
                2.431974077352919e-09,
                0.4639187408794109,
                0.5360812564040639
            ],
            [
                1.640406842305729e-06,
                4.0705660176153323e-07,
                0.16110171072347243,
                0.4487382559371623,
                0.3901579858759212
            ],
            [
                1.165847533871917e-05,
                3.021995009294632e-10,
                3.6767842078943155e-09,
                0.01201791185391856,
                0.987970425691759
            ],
            [
