{
    "[['A', 'B', 'C', 'D', 'E'], ['A', 'B', 'C', 'D', 'E']]": [
        [
            [
                0.9999999815996926,
                1.813701506045714e-08,
                4.611963238191961e-12,
                3.509963544628762e-11,
                2.23580809565181e-10
            ],
            [
                6.1428900388288e-06,
                0.17877485704839352,
                0.29728614437842305,
                0.5224813936459443,
                0.0014514620372002981
            ],
            [
                3.1386047574009843e-07,
                3.466815249937286e-05,
                0.6224122554750864,
                0.3775417021309951,
                1.1060380943377621e-05
            ],
            [
                2.2940203917453045e-10,
                2.9134824128078015e-10,
                2.8789394420041813e-09,
                0.5999850813675751,
                0.40001491523273514
            ],
            [
                0.00014193390639411155,
                4.0160772301929445e-08,
                6.300309623209349e-10,
                0.7999993533800007,
                0.19985867192280188
            ]
        ],
        [
            [
                0.9999839139876419,
                1.6085590617448445e-05,
                1.1154235292570524e-10,
                1.1960637968741645e-10,
                1.9059197463451171e-10
            ],
            [
                2.598215671767044e-07,
                0.13370214923272744,
                0.2099893589931957,
                0.6561799184770024,
                0.00012831347550725222
            ],
            [
                1.1250417390300202e-07,
                8.60496205561642e-08,
                0.9940867244822824,
                0.004605063238478969,
                0.0013080137254442238
            ],
            [
                4.678431089650994e-09,
                1.7346835410044739e-09,
                2.760316083865254e-09,
                0.19993043792107776,
                0.8000695529054915
            ],
            [
                5.592561537470238e-09,
                2.2421269427931093e-09,
                9.955605167645528e-09,
                0.20021811351707094,
                0.7997818686926353
            ]
        ],
        [
            [
                0.9554508893608679,
                0.044549110556724905,
                2.7522222988603564e-11,
                1.4460674265171721e-11,
                4.0424469686365846e-11
            ],
            [
                6.032395057678441e-07,
                0.00558676492247839,
                0.010243031073173899,
                0.46701324179468884,
                0.5171563589701531
            ],
            [
                2.0875603378213532e-08,
                7.86975995336304e-07,
                0.8150747237640897,
                0.1848715049993312,
                5.296338498029233e-05
            ],
            [
                1.1230026982119581e-07,
                6.0612001351748966e-09,
                9.759077561793627e-10,
                0.5005463030571792,
                0.49945357760544323
            ],
            [
                0.259486504842578,
                7.471667959148375e-08,
                4.271323680663323e-08,
                0.20810472415931147,
                0.5324086535681941
            ]
        ],
        [
            [
                0.9999999993019575,
                6.931737025656963e-10,
                2.0371867999378596e-12,
                1.498076927700772e-12,
                1.3332873454787398e-12
            ],
            [
                3.805067350880095e-08,
                0.04453419294725233,
                2.486288350974996e-05,
                0.7705857555177537,
                0.18485515060081073
            ],
            [
                5.392006449848531e-10,
                7.272368727909362e-10,
                0.9999988057902633,
                1.0620111543299614e-06,
                1.3093214485226366e-07
            ],
            [
                2.0650367521659382e-10,
                7.382070772393557e-11,
                1.988109781342678e-11,
                0.20000065188545918,
                0.7999993478143353
            ],
            [
                3.969135731809809e-09,
                9.949588678789881e-10,
                1.195197501661873e-10,
                0.7995994049553502,
                0.2004005899610354
            ]
        ],
        [
            [
                0.999993936713864,
                6.060078121314413e-06,
                3.599576418472555e-11,
                1.215464976809687e-10,
                3.050472403541556e-09
            ],
            [
                2.5297652415538393e-09,
                2.97566501848885e-08,
                0.015172271988560818,
                0.7606342908204825,
                0.22419340490454132
            ],
            [
                4.883086201807552e-12,
                1.656377985766156e-11,
                0.9999999999486122,
                7.168503076857472e-12,
                2.2772541103096976e-11
            ],
            [
                2.1021518837970594e-08,
                2.0871331902739154e-09,
                7.707051044400968e-09,
                0.20224891615954743,
                0.7977510530247495
            ],
            [
                1.7634971239440378e-08,
                2.719575067597403e-10,
                1.2796057008617146e-10,
                0.3621763539551359,
                0.6378236280099747
            ]
        ],
        [
            [
                0.9993634303374993,
                0.0006365676752077666,
                1.0455599516649616e-10,
                4.1933205336200086e-10,
                1.4634048831942696e-09
            ],
            [
                1.7848925301939746e-06,
                0.0009667267018837558,
                0.02551628069398811,
                0.9624909850907238,
                0.011024222620874196
            ],
            [
                2.69729092551296e-07,
                1.0126333809286876e-05,
                0.8997797602917801,
                0.08915831865462769,
                0.011051524990690348
            ],
            [
                2.1602652726913375e-10,
                8.601710357650633e-10,
                4.589631063646651e-08,
                0.4079285444586363,
                0.5920714085688555
            ],
            [
                9.471767793020364e-07,
                2.1861083915247256e-09,
                1.257399795495093e-10,
                0.3999930164307138,
                0.6000060340806586
            ]
        ],
        [
            [
                0.999999998625305,
                1.2345327469603279e-09,
                2.960690304241098e-11,
                5.434240362318975e-11,
                5.62129411558218e-11
            ],
            [
                1.2006579977107661e-07,
                2.4985204202449365e-05,
                0.1993335599223559,
                0.6882338609634787,
                0.11240747384416319
            ],
            [
                1.640542347276089e-07,
                5.357794375660396e-07,
                0.19639895030777088,
                0.7999920336674627,
                0.0036083161910940883
            ],
            [
                6.27591452643902e-08,
                4.323134008482842e-08,
                2.039178654470034e-08,
                0.6190200374285748,
                0.3809798361891533
            ],
            [
                6.137053024763198e-08,
                1.2318371620432698e-10,
                8.271893288193054e-10,
                0.7998177295858939,
                0.20018220809320272
            ]
        ],
        [
            [
                0.9999889816621302,
                1.1018235849883575e-05,
                5.1486293536880304e-11,
                2.982742394616238e-11,
                2.0706199901930988e-11
            ],
            [
                2.018172038221883e-06,
                0.019102081806003937,
                0.15048434931318264,
                0.829192157106745,
                0.001219393602030199
            ],
            [
                1.8125047880485834e-11,
                2.4544175396564083e-12,
                0.9999999822797758,
                1.7683366748597986e-08,
                1.627802397457899e-11
            ],
            [
                8.232816619449521e-12,
                7.215008921296797e-10,
                3.943196918594311e-09,
                0.20000910238719843,
                0.7999908929398709
            ],
            [
                1.4070246997919285e-09,
                8.328577652207513e-09,
                1.883471059633188e-08,
                0.4072142252567656,
                0.5927857461729215
            ]
        ],
        [
            [
                0.9999999918123922,
                8.151199599389642e-09,
                8.099081711978748e-12,
                2.753659616313384e-11,
                7.72549758770569e-13
            ],
            [
                3.469847623065081e-07,
                1.0830002320069931e-06,
                0.00026187812072206494,
                0.9894747732922893,
                0.010261918601994335
            ],
            [
                1.8063606982308642e-07,
                3.7584100185933334e-07,
                0.5351046523652749,
                0.42073234706192836,
                0.04416244409572499
            ],
            [
                1.535547744114445e-10,
                2.1431128597134137e-09,
                4.922112122832435e-08,
                0.20172961812627918,
                0.798270330355932
            ],
            [
                2.2876252601802884e-05,
                3.1638672225964876e-08,
                5.033887491064401e-09,
                0.7043224995730956,
                0.29565458750174295
            ]
        ],
        [
            [
                0.9999986696807408,
                1.3301254815220742e-06,
                1.2632783984522798e-10,
                3.823967338815325e-11,
                2.921022920837706e-11
            ],
            [
                1.9194376685105918e-05,
                0.043964190666330866,
                0.1870413749161905,
                0.7592204940769394,
                0.009754745963854158
            ],
            [
                3.9006317191385135e-06,
                0.08517462696001629,
                0.43780326478073256,
                0.4731201359282172,
                0.0038980716993147714
            ],
            [
                2.1109563614264893e-08,
                3.771314035416593e-09,
                4.5078837119680747e-08,
                0.5984823984050085,
                0.4015175316352768
            ],
            [
                2.7885957855469245e-08,
                4.3740436562644747e-10,
                3.373733611164123e-10,
                0.7937622664943079,
                0.2062377048449565
            ]
        ],
        [
            [
                0.9999360979298462,
                6.390061096928253e-05,
                2.469337310436258e-10,
                4.585530069660902e-11,
                1.166395533043219e-09
            ],
            [
                5.76747017768954e-10,
                1.5382237918528823e-09,
                8.142663977362566e-09,
                0.735822705158914,
                0.2641772845834512
            ],
            [
                1.558831157656259e-07,
                1.9975557647013622e-07,
                0.8252075411030327,
                0.17473212723930334,
                5.9976018971552075e-05
            ],
            [
                6.032687822105052e-08,
                1.9504334394244207e-08,
                8.305273574793428e-09,
                0.7643935427654629,
                0.2356063690980509
            ],
            [
                1.871149694404654e-07,
                9.623997676666808e-09,
                8.235948548541306e-09,
                0.4912955019496465,
                0.5087042930754379
            ]
        ],
        [
            [
                0.9999999911828595,
                8.764535997649772e-09,
                4.622862222779341e-11,
                3.191239057734656e-12,
                3.1847520397140403e-12
            ],
            [
                8.053478781068787e-08,
                0.0004944421606416121,
                0.00011180599075252435,
                0.9985646029359779,
                0.0008290683778400795
            ],
            [
                2.0098965050886382e-10,
                2.6246817509858536e-10,
                0.999997659074397,
                2.12687887436591e-06,
                2.1358327089917049e-07
            ],
            [
                6.559799597111029e-10,
                2.091450933354698e-09,
                6.552454833607857e-11,
                0.8000081067642197,
                0.19999189042282484
            ],
            [
                5.588404452422762e-09,
                4.403088728219944e-09,
                3.1955202933504355e-09,
                0.4241814067634873,
                0.5758185800494993
            ]
        ],
        [
            [
                0.9999784078261401,
                2.1581298256030864e-05,
                1.1836154346101625e-10,
                3.6396115780786695e-10,
                1.0393281259363726e-08
            ],
            [
                1.8891429093119328e-07,
                1.4451982056474865e-05,
                0.21400895998175581,
                0.7855812211357815,
                0.0003951779861151443
            ],
            [
                1.294401886876099e-07,
                1.0720236158414562e-06,
                0.9529438314609768,
                0.04701660489398923,
                3.836218122942672e-05
            ],
            [
                3.8996801703554735e-10,
                3.7997883412634186e-11,
                7.949530278997014e-11,
                0.7997073926085723,
                0.2002926068839665
            ],
            [
                3.7706535654438337e-08,
                2.712331080758141e-09,
                7.600980194247464e-11,
                0.599511875764429,
                0.40048808374069444
            ]
        ],
        [
            [
                0.9630203096574927,
                0.036979687865461186,
                3.3324151423806306e-10,
                9.41091799283041e-10,
                1.2027126771076406e-09
            ],
            [
                1.2099558888146555e-06,
                3.1028102523891064e-05,
                0.003014797455219899,
                0.9892528166115078,
                0.007700147874859646
            ],
            [
                7.058878387754619e-07,
                0.0003958285208861596,
                0.6788928721388643,
                0.31927562915806196,
                0.0014349642943489369
            ],
            [
                3.4423042821786697e-09,
                2.151506924856522e-09,
                2.1698785049878e-09,
                0.9982363311047509,
                0.0017636611315594252
            ],
            [
                5.698380057727781e-10,
                4.87624471285468e-10,
                1.6041637986592907e-11,
                0.4000026956281534,
                0.5999973032983424
            ]
        ],
        [
            [
                0.9999924715538113,
                7.526203920956078e-06,
                1.6542988706689894e-10,
                2.388259957448244e-10,
                1.8380118311361953e-09
            ],
            [
                7.676022607241775e-08,
                2.469811016777439e-06,
                0.0014508867635172396,
                0.8869782012185349,
                0.11156836544670504
            ],
            [
                7.769852016881775e-07,
                7.435913791422023e-05,
                0.69340221874236,
                0.2922999690532884,
                0.014222676081235721
            ],
            [
                1.6646671974121563e-10,
                3.865671228942794e-10,
                1.1751863977021665e-09,
                0.4000772079902407,
                0.599922790281539
            ],
            [
                2.787985453300944e-09,
                6.9015564584064476e-09,
                6.612852243263646e-10,
                0.6120187599181803,
                0.38798122973099264
            ]
        ],
        [
            [
                0.9999957060351344,
                4.2939140936183365e-06,
                5.955668287811792e-12,
                1.1261134958577607e-11,
                3.355515234497488e-11
            ],
            [
                4.530615943985728e-11,
                3.660926629318773e-10,
                9.96033620492708e-10,
                0.8021918301957776,
                0.19780816839678994
            ],
            [
                5.859501179587109e-10,
                2.4651446027386352e-11,
                0.9999999876656313,
                1.0865964607180422e-08,
                8.578024874733514e-10
            ],
            [
                1.0245016734958963e-08,
                4.612730199434308e-09,
                1.8853395960545213e-08,
                0.401712410920823,
                0.5982875553680341
            ],
            [
                0.0001254957830788468,
                6.0643917717521706e-09,
                1.1497571693954723e-08,
                0.5553563471237201,
                0.44451813953123764
            ]
        ],
        [
            [
                0.9999996465297262,
                3.534098077703775e-07,
                1.776491781689979e-11,
                1.6768238871734936e-12,
                4.102438204056168e-11
            ],
            [
                8.363789548912361e-07,
                1.247406843202148e-08,
                2.103103669180005e-06,
                0.5998882556913306,
                0.4001087923519769
            ],
            [
                5.377849473903414e-12,
                2.3309359263100222e-11,
                0.9999999959887405,
                3.92042533376007e-09,
                6.214704646418723e-11
            ],
            [
                3.5812812838684e-11,
                2.644441021472026e-10,
                5.855452217598448e-11,
                0.6000021317610971,
                0.39999786788009145
            ],
            [
                4.855514586645052e-09,
                5.458648294984623e-10,
                5.595563126093221e-10,
                0.7198682360109993,
                0.280131758028065
            ]
        ],
        [
            [
                0.8004523240779772,
                0.1995476755855427,
                4.626987786650943e-11,
                2.1583315373869146e-10,
                7.437727304901189e-11
            ],
            [
                1.9877232196289377e-07,
                0.014917443622330731,
                2.242921725039208e-05,
                0.5975375352925361,
                0.38752239309556086
            ],
            [
                1.821210360554272e-08,
                1.7293037158963443e-07,
                0.9862076648783087,
                0.010982589051687218,
                0.0028095549275287696
            ],
            [
                5.398577715599047e-09,
                5.205824013050443e-10,
                1.2749497690069106e-09,
                0.4120702184145329,
                0.5879297743913572
            ],
            [
                3.737918071589807e-09,
                6.895353185652749e-09,
                3.035979719114889e-08,
                0.4152195762439395,
                0.584780382762992
            ]
        ],
        [
            [
                0.9999136640250776,
                8.633496222470038e-05,
                1.5337523345237864e-10,
                7.293986499874846e-10,
                1.2992381622865206e-10
            ],
            [
                2.329124962067218e-06,
                0.01168670020385417,
                0.04168999934024533,
                0.944534889246006,
                0.0020860820849324326
            ],
            [
                2.5935952674112678e-11,
                2.7555569629551164e-11,
                0.9999999975617526,
                1.1017221597582847e-09,
                1.2830337666817827e-09
            ],
            [
                3.4298957705875095e-10,
                1.7785157054046882e-09,
                8.738104681068749e-10,
                0.5995156611826268,
                0.4004843358220575
            ],
            [
                2.9168948283065233e-06,
                1.8682002388345643e-08,
                1.6460550793772038e-08,
                0.38482732879817594,
                0.6151697191644425
            ]
        ],
        [
            [
                0.9999999998829956,
                4.884330456516979e-11,
                1.1242805805827695e-11,
                5.06609403547578e-13,
                5.64115994095371e-11
            ],
            [
                4.012512521493265e-08,
                5.250545836224243e-05,
                0.00012752711608230677,
                0.7987805771718782,
                0.201039350128552
            ],
            [
                1.5094872502501923e-12,
                3.3338553868346116e-10,
                0.999999972013373,
                1.38944909209477e-08,
                1.3757241131085867e-08
            ],
            [
                0.0003572180143206164,
                6.456313603958645e-08,
                7.059555802240259e-09,
                0.7122341006854653,
                0.28740860967752213
            ],
            [
                1.0044077252954248e-09,
                4.6512734050090885e-10,
                5.257289641367655e-11,
                0.3999865845631999,
                0.6000134139146921
            ]
        ],
        [
            [
                0.9990335383948321,
                0.0009664607472683727,
                2.1954284258568404e-10,
                4.828755040443253e-10,
                1.5548116362729619e-10
            ],
            [
                5.121727490176534e-06,
                0.0437476733012472,
                0.007260018509668686,
                0.943872064805972,
                0.005115121655621994
            ],
            [
                2.1253892228897568e-09,
                1.4554524477130795e-08,
                0.9999778609075208,
                2.2071381079808472e-05,
                5.103148563163315e-08
            ],
            [
                6.520098690634377e-09,
                1.49268391448409e-09,
                2.279186738668098e-09,
                0.9996758433314996,
                0.00032414637653102244
            ],
            [
                4.069140652720606e-05,
                3.026073275563946e-09,
                3.7035255340322086e-10,
                0.2986614306621243,
                0.7012978745349226
            ]
        ],
        [
            [
                0.9999999984430064,
                1.4449519810323352e-09,
                1.1476338170710586e-11,
                4.121612784463682e-13,
                1.0015316702514655e-10
            ],
            [
                6.273431857895185e-09,
                4.826246370990375e-07,
                0.08759653072172226,
                0.9123911724772215,
                1.1807902987336369e-05
            ],
            [
                2.815891599192695e-11,
                2.3868072537309345e-11,
                0.9999999963756245,
                3.5470804279128734e-09,
                2.5267979702372645e-11
            ],
            [
                3.0953148185454813e-08,
                2.3947384502031193e-08,
                5.390245610848388e-08,
                0.6191800527771695,
                0.3808198384198418
            ],
            [
                1.0989557683995449e-10,
                2.750321609169619e-10,
                7.962857832531008e-10,
                0.7972259662267966,
                0.2027740325919899
            ]
        ],
        [
            [
                0.9999999841742585,
                1.5609812116041553e-08,
                6.07147124925409e-12,
                1.1315518389233595e-10,
                9.670274460965656e-11
            ],
            [
                1.3984733027852392e-07,
                2.4098876111030603e-06,
                0.20947745004954343,
                0.7893275062860831,
                0.001192493929432126
            ],
            [
                4.795325139248962e-07,
                1.7671988691165846e-07,
                0.8595976069863301,
                0.12984048760759673,
                0.010561249153672415
            ],
            [
                1.3341708072975994e-10,
                9.609840434990808e-11,
                2.300539474489427e-09,
                0.600080042733894,
                0.3999199547360511
            ],
            [
                3.824403840115227e-09,
                1.6646988921120645e-07,
                3.340256710388776e-09,
                0.7357812969615901,
                0.26421852940386015
            ]
        ],
        [
            [
                0.8537873234808706,
                0.1462126755704472,
                2.3779969596434224e-11,
                5.556091147700024e-11,
                8.693412439044897e-10
            ],
            [
                9.91517833934582e-07,
                0.01477787242090498,
                0.04423601656807373,
                0.9399689727140819,
                0.001016146779105422
            ],
            [
                1.3985554351566027e-06,
                3.5474551399072205e-06,
                0.34941693096801274,
                0.31439223758338947,
                0.33618588543802275
            ],
            [
                3.4520490844131044e-10,
                3.8733576436626336e-10,
                1.8201403601648027e-09,
                0.9996990648110072,
                0.0003009326363116902
            ],
            [
                2.8729821298795497e-08,
                2.3072528522921542e-09,
                2.5743324754631344e-09,
                0.3984667547249339,
                0.6015332116636595
            ]
        ],
        [
            [
                0.9999999977298639,
                2.2184986831265893e-09,
                1.648623955636481e-11,
                3.1780872571443318e-12,
                3.1973181246151445e-11
            ],
            [
                1.0590690418546442e-06,
                0.06813063963963284,
                0.4878039808813333,
                0.4438350033551878,
                0.00022931705480425539
            ],
            [
                2.0671512264548576e-11,
                1.7361451596618336e-10,
                0.9999992525012504,
                7.467816367007614e-07,
                5.228268072993739e-10
            ],
            [
                4.9757965708724306e-08,
                1.2520470777051417e-07,
                9.731855085103881e-08,
                0.2546420612219002,
                0.7453576664968755
            ],
            [
                2.405813676362885e-06,
                2.0840121166290576e-08,
                9.511616730294813e-09,
                0.4151454784298839,
                0.5848520854047018
            ]
        ],
        [
            [
                0.9905044300384541,
                0.009495564143525783,
                2.2787114768504018e-10,
                4.784207735333271e-10,
                5.111728161808812e-09
            ],
            [
                8.803199997670517e-07,
                0.023926907816585675,
                0.17113568782210606,
                0.8036029563541541,
                0.001333567687154412
            ],
            [
                2.7867736998108e-09,
                9.672662271611148e-09,
                0.9999460151604551,
                5.322405116911962e-05,
                7.483289397634791e-07
            ],
            [
                2.607132718885576e-09,
                8.58787922838408e-09,
                8.192079206786622e-08,
                0.5244948554626641,
                0.4755050514215318
            ],
            [
                6.281797289625026e-08,
                4.327912741732682e-09,
                1.5788710163018727e-09,
                0.5246330640483,
                0.47536686722694327
            ]
        ],
        [
            [
                0.9998882980091781,
                0.00011170180704385412,
                8.948612084720248e-11,
                4.6547158803015744e-11,
                4.7744846852231875e-11
            ],
            [
                4.497694412536281e-06,
                0.0008481971209896241,
                0.4011349812159757,
                0.59786350117645,
                0.00014882279217224014
            ],
            [
                1.8496331322631653e-06,
                0.0026107438800023175,
                0.5415336435801966,
                0.45398109899219885,
                0.0018726639144698418
            ],
            [
                1.7495253875982677e-08,
                1.5685582094605274e-09,
                1.6422682159029958e-08,
                0.8003971788003559,
                0.19960278571314982
            ],
            [
                2.2024332383182202e-10,
                8.393076811919203e-10,
                8.996649803160936e-10,
                0.6000003736353967,
                0.3999996244053873
            ]
        ],
        [
            [
                0.9999807662267496,
                1.9233540163520955e-05,
                5.651478198747512e-11,
                5.175434940440502e-11,
                1.2481774618569509e-10
            ],
            [
                1.6649348090319407e-06,
                0.0042766884911484785,
                0.4688871303849443,
                0.5152642549057465,
                0.011570261283351771
            ],
            [
                5.203450608400067e-11,
                1.744531633766917e-10,
                0.999999946727171,
                5.21150791360234e-08,
                9.312622310854578e-10
            ],
            [
                1.0765155726823447e-09,
                5.985414752946478e-10,
                2.2862178729897184e-09,
                0.7978153830934301,
                0.2021846129452949
            ],
            [
                2.9951049719374905e-08,
                6.514458546134487e-09,
                1.3353922426605499e-08,
                0.4035295593397088,
                0.5964703908408606
            ]
        ],
        [
            [
                0.9999992237205432,
                7.757692006397056e-07,
                1.2885995932112771e-11,
                2.8234672807279446e-11,
                4.691354724741557e-10
            ],
            [
                1.929677541580234e-06,
                0.008122946792994632,
                0.1633101615020557,
                0.7212636931181643,
                0.10730126890924378
            ],
            [
                1.2110732921770767e-07,
                5.524600064692856e-07,
                0.46405782320933336,
                0.3857435615775962,
                0.15019794164573472
            ],
            [
                4.259653149781995e-09,
                6.3292016871954804e-09,
                6.801483295722212e-09,
                0.9877532977874485,
                0.012246684822213331
            ],
            [
                4.879440915561312e-10,
                5.125140282751213e-10,
                3.0684345271603003e-10,
                0.7993618101166209,
                0.20063818857607751
            ]
        ],
        [
            [
                0.999997963855328,
                2.0358364938972673e-06,
                1.8775706079034266e-11,
                1.5497987000930122e-11,
                2.7390448010723425e-10
            ],
            [
                6.451969357123355e-09,
                1.2573271093419902e-09,
                2.131687252633079e-06,
                0.7810698067365031,
                0.21892805386694789
            ],
            [
                2.4209920885352216e-08,
                6.047342140510588e-08,
                0.9773630909529636,
                0.021990494839642827,
                0.0006463295240512365
            ],
            [
                0.0008114556365976985,
                1.6750620577810281e-09,
                4.181872890196271e-08,
                0.6005762868605657,
                0.3986122140090457
            ],
            [
                2.263410555714607e-08,
                3.5092333559854716e-09,
                5.114573397595995e-09,
                0.45752481773134274,
                0.542475151010745
            ]
        ],
        [
            [
                0.9999998938068837,
                1.0486772118093369e-07,
                7.778905683791357e-11,
                6.612191698698007e-12,
                1.2409938597038773e-09
            ],
            [
                8.514014531491244e-07,
                0.0008623302091152707,
                0.21083977185152977,
                0.6698223140451449,
                0.11847473249275689
            ],
            [
                7.761452192915958e-12,
                1.9463129297166797e-11,
                0.99999999852015,
                1.5310346105165223e-10,
                1.2995218874081454e-09
            ],
            [
                5.119967764970575e-10,
                2.402546780818917e-10,
                6.254884869120383e-09,
                0.5999703547233165,
                0.40002963826954724
            ],
            [
                8.730834789081771e-09,
                7.200965640415067e-10,
                4.1665563133393646e-09,
                0.7102297959874194,
                0.28977019039509294
            ]
        ],
        [
            [
                0.9358314536934921,
                0.06416854580327135,
                6.499362518954946e-11,
                1.626678785874406e-11,
                4.219761675618433e-10
            ],
            [
                7.203897425515797e-09,
                3.523191162658957e-09,
                6.576092737231906e-07,
                0.821718595407823,
                0.1782807362558147
            ],
            [
                4.2051796237620636e-11,
                6.553001994969836e-11,
                0.9999979631699774,
                2.026022310007296e-06,
                1.0700130710106025e-08
            ],
            [
                1.5590697385620947e-09,
                3.536089676433773e-09,
                4.905064307159629e-10,
                0.6000075575310938,
                0.39999243688324043
            ],
            [
                3.353394870237142e-10,
                4.814024371937048e-10,
                3.91958070613003e-10,
                0.7999968802307539,
                0.20000311856054614
            ]
        ],
        [
            [
                0.9994647572768505,
                0.0005352410687150861,
                2.2124946775910822e-10,
                7.952149657549097e-11,
                1.3536635590926275e-09
            ],
            [
                1.7872673978625324e-07,
                3.0626167979746892e-06,
                0.2279511212199217,
                0.7679854672154317,
                0.004060170221108852
            ],
            [
                1.4348857763100524e-09,
                6.568321155746514e-09,
                0.9994840694815643,
                0.0004954579920329101,
                2.046452319582622e-05
            ],
            [
                1.2650555051887832e-07,
                7.175794213714825e-09,
                4.50836567836496e-09,
                0.4004812187877448,
                0.5995186430225448
            ],
            [
                9.082484913495609e-06,
                1.5265712169077256e-08,
                4.130978276683889e-09,
                0.7512120307542867,
                0.24877886736410929
            ]
        ],
        [
            [
                0.9999992746195857,
                7.245888687283725e-07,
                9.787705788620162e-11,
                3.318671866888137e-10,
                3.6180139936680044e-10
            ],
            [
                4.7604373092507185e-08,
                2.462745963965053e-05,
                2.1588206833243735e-06,
                0.4168742882665081,
                0.5830988778487959
            ],
            [
                6.629526516889004e-08,
                5.570443314474433e-08,
                0.5061339634037407,
                0.4910994446056153,
                0.0027664699909456616
            ],
            [
                3.79563447280268e-10,
                2.468440350872191e-10,
                1.4329248504065323e-09,
                0.4000610610981755,
                0.5999389368424921
            ],
            [
                2.1007472688012305e-07,
                1.0035311927139573e-09,
                1.4688546090168639e-10,
                0.796102501385638,
                0.2038972873892184
            ]
        ],
        [
            [
                0.9999998985455097,
                1.014190439393481e-07,
                1.3924589981854215e-11,
                1.913315546880381e-11,
                2.3884872015979163e-12
            ],
            [
                3.754798369785317e-08,
                1.026583186370684e-08,
                1.3278036990553196e-05,
                0.6295995520974489,
                0.370387122051745
            ],
            [
                2.9061378740202037e-07,
                4.0542608575520665e-05,
                0.5940804320197052,
                0.24442605151924757,
                0.1614526832386844
            ],
            [
                1.613463296109143e-09,
                1.5332898310155158e-10,
                5.080689041113591e-11,
                0.999928480949936,
                7.151723246484669e-05
            ],
            [
                3.3414240359574796e-06,
                2.1086795631900286e-09,
                2.825086816728211e-10,
                0.20007146323824165,
                0.7999251929465342
            ]
        ],
        [
            [
                0.9999995313107432,
                4.6760031085404764e-07,
                1.3523910529099525e-10,
                2.5696018976214145e-10,
                6.967465374044069e-10
            ],
            [
                3.4207980715818946e-08,
                1.3297981565931162e-06,
                7.34994915324509e-06,
                0.8004855036471944,
                0.19950578239751507
            ],
            [
                8.015469077113773e-11,
                5.153284532182848e-10,
                0.9999980601485912,
                1.9363984479755297e-06,
                2.8574777539122434e-09
            ],
            [
                1.4705617478505433e-09,
                5.964797777062386e-09,
                1.969474220946132e-09,
                0.40104792055344163,
                0.5989520700417246
            ],
            [
