{
    "[['A', 'B', 'C', 'D', 'E'], ['A', 'B', 'C', 'D', 'E']]": [
        [
            [
                1.1525824718703679e-09,
                1.9749447157155144e-10,
                4.1815471013336896e-10,
                0.025579490426588414,
                0.97442050780518
            ],
            [
                5.283892770150782e-05,
                0.4428981862366847,
                0.25067833385702687,
                0.306352730316115,
                1.7910662471776136e-05
            ],
            [
                2.0063154348798647e-10,
                1.6280746327627772e-08,
                3.169886118986991e-05,
                0.6002637883185571,
                0.3997044963388752
            ],
            [
                4.0662977921625166e-05,
                4.5868492438914986e-09,
                6.414461340748727e-09,
                0.5969069340235587,
                0.4030523919972092
            ],
            [
                0.2982837668111033,
                3.752410297828043e-09,
                1.8307025964137995e-09,
                0.029792406556507268,
                0.6719238210492765
            ]
        ],
        [
            [
                1.4156765327588279e-08,
                4.4422804598990625e-09,
                2.3676627465908555e-09,
                0.003597259996583739,
                0.9964027190367076
            ],
            [
                8.819702942768121e-08,
                2.51569463085491e-05,
                0.5915513942439216,
                0.24075313358903724,
                0.16767022702370324
            ],
            [
                1.760038777806722e-08,
                1.571671619038714e-10,
                3.4013429610703985e-10,
                0.3999808551176674,
                0.6000191267846433
            ],
            [
                0.0001105592243899303,
                3.4827897150998686e-09,
                7.463440076351782e-09,
                0.5682898952866223,
                0.4315995345427579
            ],
            [
                0.00036176908888421017,
                5.645758735747081e-10,
                1.7130844391485224e-08,
                0.5400815083030586,
                0.45955670491263695
            ]
        ],
        [
            [
                0.20006394179502002,
                3.810833056026417e-08,
                8.963389145930824e-09,
                0.00018223266836517492,
                0.799753778464895
            ],
            [
                9.479427945801541e-07,
                0.012398195112042276,
                0.3858904083379157,
                0.5847098782902184,
                0.01700057031702907
            ],
            [
                1.9879186130221815e-08,
                1.2247494460723598e-06,
                0.00011026587056238297,
                0.6006746581299948,
                0.39921383137081057
            ],
            [
                1.7312291643560784e-08,
                1.878442443206684e-09,
                1.6677381721276576e-09,
                0.369417757857091,
                0.6305822212844368
            ],
            [
                8.525767341245924e-10,
                1.432041793347103e-10,
                1.7232265392432331e-10,
                0.18735547458720567,
                0.8126445242446907
            ]
        ],
        [
            [
                2.2739703806464763e-08,
                8.870710768741576e-11,
                3.4937452655133185e-10,
                0.07550909318018435,
                0.9244908836420302
            ],
            [
                4.668207121904636e-05,
                0.14009714429852943,
                0.44206302626015254,
                0.41725575241407203,
                0.0005373949560269749
            ],
            [
                2.1325713794895303e-08,
                1.6391758317737948e-08,
                0.06371562363175375,
                0.6379510457208628,
                0.2983332929299114
            ],
            [
                4.070141310253878e-05,
                3.623583232284254e-09,
                1.5823790879198917e-08,
                0.531238667114884,
                0.4687206120246394
            ],
            [
                0.19981756783070342,
                5.327014678201176e-09,
                2.71681499846531e-09,
                0.40011534729094583,
                0.40006707683452103
            ]
        ],
        [
            [
                4.3236204387916066e-10,
                7.60552412566314e-10,
                1.1046331355497442e-09,
                0.39779832702743534,
                0.6022016706750171
            ],
            [
                0.0012213963543553817,
                0.6862912897843022,
                0.20950107526417236,
                0.10276024447551513,
                0.00022599412165495884
            ],
            [
                6.027193666690708e-09,
                1.38679730601644e-09,
                6.450134747813011e-09,
                0.24454018557141088,
                0.7554598005644634
            ],
            [
                6.879678024409254e-09,
                1.9253700209285793e-09,
                2.679570504264819e-08,
                0.38478376975106643,
                0.6152161946481804
            ],
            [
                5.843948463463787e-08,
                1.0471212069985669e-09,
                1.0792218068215168e-08,
                0.5571582654939258,
                0.4428416642272503
            ]
        ],
        [
            [
                3.715760311484447e-08,
                5.177148893130683e-10,
                8.062267107639754e-10,
                0.3995529055892057,
                0.6004470559292496
            ],
            [
                1.6926640877519238e-06,
                0.03560106322746014,
                0.0061683762469504485,
                0.9285552046140826,
                0.029673663247419133
            ],
            [
                6.207898820507774e-10,
                1.8428167460035762e-09,
                3.597270047970259e-07,
                0.5942707146089896,
                0.40572892320039905
            ],
            [
                0.00011056223756480064,
                5.992402456134991e-09,
                1.5224793601167224e-08,
                0.294465051556336,
                0.7054243649889032
            ],
            [
                2.4464695706336395e-09,
                2.578144171151678e-10,
                7.797100098943357e-10,
                0.19780401442579137,
                0.8021959820902146
            ]
        ],
        [
            [
                0.37681465918599844,
                2.643284497008186e-08,
                5.453529907940931e-08,
                0.20232748470886724,
                0.42085777513699024
            ],
            [
                0.013192260916155866,
                0.43763174561446844,
                0.22605804223608222,
                0.3140914565375103,
                0.009026494695783005
            ],
            [
                4.9930041106357e-08,
                2.7780810519296754e-09,
                3.165153583610001e-05,
                0.4006437069056039,
                0.5993245888504378
            ],
            [
                1.1530554649852368e-05,
                1.2912989059660246e-07,
                9.989130533428313e-08,
                0.41002243246301456,
                0.5899658079611396
            ],
            [
                9.364601156808688e-06,
                6.533169522413812e-09,
                7.04187791014326e-09,
                0.205777121665417,
                0.7942135001583788
            ]
        ],
        [
            [
                1.9997137554634034e-06,
                1.7627037133460213e-08,
                3.6953102593352136e-09,
                0.7028017218067563,
                0.2971962571571408
            ],
            [
                3.0300142187054322e-06,
                0.005935711158249378,
                0.2501140690072796,
                0.6849431855103917,
                0.05900400430986059
            ],
            [
                3.549701980354151e-08,
                8.085879959379043e-07,
                0.1939492346188113,
                0.7937596285987972,
                0.012290292697375705
            ],
            [
                5.12083107081617e-07,
                4.692777127270395e-09,
                4.558753684305679e-08,
                0.28963417450351137,
                0.7103652631330676
            ],
            [
                5.252074852468225e-05,
                1.5337519190951323e-08,
                1.612555265870691e-08,
                0.40459419475862896,
                0.5953532530297745
            ]
        ],
        [
            [
                0.7635555947849507,
                0.2364444038248237,
                7.283626052221811e-11,
                9.34472346389479e-10,
                3.829170719870314e-10
            ],
            [
                1.3729447261376376e-07,
                8.237210912421035e-06,
                0.25982596053037826,
                0.7368111552718988,
                0.0033545096923378844
            ],
            [
                8.224163767706929e-09,
                1.3863209783028451e-08,
                0.3952451297583995,
                0.20012822020155244,
                0.40462662795267457
            ],
            [
                0.0006345361426025034,
                1.0438626612492765e-08,
                8.194446419999014e-09,
                0.09123463538723715,
                0.9081308098370873
            ],
            [
                0.09990391571943259,
                1.8295298743149554e-07,
                4.642778353575735e-09,
                0.1858064635961672,
                0.7142894330886344
            ]
        ],
        [
            [
                0.02402289036919685,
                2.3707400072537917e-09,
                4.492749828076169e-09,
                0.1358373200320176,
                0.8401397827352958
            ],
            [
                1.1700796598941932e-06,
                3.702289546691053e-06,
                0.31167656728995186,
                0.5950769578367376,
                0.09324160250410385
            ],
            [
                2.187377122899295e-09,
                5.4335265172123635e-09,
                1.5032034540039155e-06,
                0.20948174151080634,
                0.790516747664836
            ],
            [
                3.557822385801372e-09,
                3.211978688058928e-09,
                2.5959761690445167e-09,
                0.43010100640339166,
                0.5698989842308311
            ],
            [
                0.3903129518723472,
                1.300158150820633e-06,
                2.1220836895291984e-08,
                0.5988830882133601,
                0.01080263853530494
            ]
        ],
        [
            [
                0.18478371753445852,
                2.1026490101895072e-08,
                6.421697569288533e-10,
                0.2151563066037893,
                0.6000599541930923
            ],
            [
                4.485279484911736e-09,
                3.121955578310151e-08,
                2.4752500277542e-05,
                0.8500938811100257,
                0.14988133068486142
            ],
            [
                6.460990377249593e-10,
                5.622348411745814e-10,
                1.563791727462553e-10,
                0.7905230299467427,
                0.20947696868854424
            ],
            [
                1.0230451938326167e-07,
                1.0571899402770003e-09,
                4.409213062386919e-10,
                0.11243588650042197,
                0.8875640096969474
            ],
            [
                0.000458444389338906,
                3.051966776666751e-08,
                1.977743554943149e-09,
                0.11270376253192739,
                0.8868377605813225
            ]
        ],
        [
            [
                0.09111175569618928,
                3.736413770309311e-08,
                9.843990877715613e-08,
                0.3022748734937577,
                0.6066132350060066
            ],
            [
                3.1426346687511354e-05,
                0.34609953521579767,
                0.5557448380612872,
                0.09354143217301324,
                0.004582768203214505
            ],
            [
                1.5002183945739401e-05,
                1.8158670922313812e-10,
                5.438862926386924e-10,
                0.384652607042328,
                0.6153323900482532
            ],
            [
                5.562903081382942e-08,
                2.091398532241435e-09,
                2.4725660054973603e-09,
                0.1882703424520145,
                0.8117295973549902
            ],
            [
                2.0420365163664116e-06,
                1.6328777042292111e-10,
                4.211734120733666e-10,
                7.82445418770945e-06,
                0.9999901329248347
            ]
        ],
        [
            [
                0.3999357156321233,
                0.6000642842272238,
                2.321128566461709e-11,
                3.68657850015426e-11,
                8.057577735124902e-11
            ],
            [
                1.389236096761849e-05,
                0.15704690424404963,
                0.6501875960057281,
                0.18051501946403437,
                0.012236587925220319
            ],
            [
                5.053075328956848e-07,
                1.4499788963302494e-06,
                0.7739402416874862,
                0.09295770059206163,
                0.1331001024340229
            ],
            [
                6.509874068352122e-08,
                1.1286753092139314e-09,
                7.812335426011151e-09,
                0.4505916543687813,
                0.5494082715914673
            ],
            [
                6.404636642995306e-08,
                1.4867104342913443e-09,
                5.681428207872614e-08,
                0.3634625927047031,
                0.6365372849479379
            ]
        ],
        [
            [
                0.0003622348544600255,
                9.036520998039714e-09,
                5.200544219513603e-10,
                0.368573195968219,
                0.6310645596207456
            ],
            [
                8.038917311076975e-07,
                0.0007308196603411372,
                0.37731082414726036,
                0.5627174094418068,
                0.05924014285886055
            ],
            [
                8.988998551979785e-07,
                1.7482843379693477e-09,
                4.2658357456086113e-10,
                0.5347612101801831,
                0.4652378887450937
            ],
            [
                0.029609425619576774,
                5.892516577016918e-10,
                1.2895395539040902e-09,
                0.199614812252665,
                0.770775760248967
            ],
            [
                0.0094565128511263,
                1.0264501256095069e-08,
                9.390236691423647e-09,
                0.019681950458634162,
                0.9708615170355015
            ]
        ],
        [
            [
                8.1173508200227e-11,
                8.347883402384521e-10,
                7.482541188439441e-10,
                0.39837420557258135,
                0.6016257927632027
            ],
            [
                5.516547049427678e-05,
                0.4765020452143287,
                0.05993907787190436,
                0.4630742793099105,
                0.00042943213336220045
            ],
            [
                8.396539997247692e-11,
                2.901261451508711e-12,
                1.0345214288382544e-08,
                0.595405515549663,
                0.40459447401825593
            ],
            [
                0.053771344778485164,
                7.3550979154193614e-09,
                2.2624819973603854e-08,
                0.18854016985946792,
                0.757688455382129
            ],
            [
                0.1971872537453876,
                1.2072517051161814e-08,
                4.625192344138324e-09,
                0.20003810825912735,
                0.6027746212977757
            ]
        ],
        [
            [
                4.264412985511787e-11,
                1.584978128302877e-09,
                7.932752447543594e-10,
                0.015171946559009422,
                0.9848280510200931
            ],
            [
                1.476595032577898e-07,
                2.9300514573290974e-06,
                0.3536911921433659,
                0.5918302488084334,
                0.05447548133724017
            ],
            [
                5.626511279622341e-09,
                1.8826967143594356e-07,
                0.0010386180407467509,
                0.364716258745627,
                0.6342449293174436
            ],
            [
                1.4198142937389227e-08,
                4.3866708917222667e-10,
                1.3003227275224421e-11,
                0.20001923072474548,
                0.7999807546254413
            ],
            [
                0.14620974319657432,
                7.559024964530091e-09,
                2.35987867980427e-09,
                0.7702414004766713,
                0.08354884640785071
            ]
        ],
        [
            [
                2.848814972362475e-07,
                1.8714336400947987e-09,
                1.0732226481300883e-08,
                0.1704057258222423,
                0.8295939766926004
            ],
            [
                8.044684884642325e-08,
                1.245943463373042e-06,
                0.029812700778694787,
                0.9679177105458459,
                0.0022682622851471685
            ],
            [
                4.06872363971252e-10,
                1.223040520460381e-09,
                8.62357414044245e-08,
                0.7124169289285456,
                0.28758298320580006
            ],
            [
                1.2302337345577598e-06,
                5.668658477727175e-10,
                7.775205193305406e-10,
                0.20004673242536955,
                0.7999520359965095
            ],
            [
                1.496987578407268e-05,
                3.1432462562834764e-09,
                1.1693385879662831e-09,
                0.2426765828150616,
                0.7573084429965694
            ]
        ],
        [
            [
                5.835341713540638e-07,
                9.69286039196645e-10,
                1.4567664236225175e-09,
                0.22149701358496038,
                0.7785024004548158
            ],
            [
                5.904958495482696e-06,
                0.010923238458078193,
                0.8231806585247784,
                0.1618588638143963,
                0.004031334244251595
            ],
            [
                3.8465017636132e-10,
                3.700837265795426e-12,
                1.503606413320197e-09,
                0.7994721115826506,
                0.2005278865253919
            ],
            [
                9.660058229823113e-06,
                3.035367797146806e-08,
                2.163678393479481e-09,
                0.39502017212028057,
                0.6049701353041332
            ],
            [
                9.0947218219112e-06,
                1.178296642858601e-10,
                2.30987345056946e-09,
                0.06941139487491199,
                0.930579507975563
            ]
        ],
        [
            [
                0.16345766739369716,
                2.189983331675311e-08,
                2.783516165150444e-09,
                0.023309757396003168,
                0.8132325505269502
            ],
            [
                1.4488904056870134e-07,
                0.00044201786772957825,
                0.4994766250315841,
                0.48822650430461306,
                0.011854707907032776
            ],
            [
                1.7396619938521414e-08,
                6.5886016343261225e-09,
                1.090448356115998e-08,
                0.5704050313247157,
                0.42959493378557917
            ],
            [
                1.059793594673714e-08,
                2.6566136440674767e-09,
                7.049246187044121e-09,
                0.5368873646287231,
                0.4631126150674811
            ],
            [
                0.0020147987012568234,
                4.6094948029315015e-09,
                8.075033584403096e-10,
                0.39634022260584234,
                0.6016449732759026
            ]
        ],
        [
            [
                5.699296201949791e-10,
                9.88908108908988e-10,
                1.2138843481258617e-09,
                0.2445368488860695,
                0.7554631483412084
            ],
            [
                4.411386927856258e-07,
                1.1242435554079811e-06,
                0.13576650596362427,
                0.8144740969004632,
                0.04975783175366428
            ],
            [
                6.5824324762361395e-09,
                5.731931477483486e-10,
                3.9662864991352045e-05,
                0.6058300129893509,
                0.39413031699003215
            ],
            [
                0.0017401335882604903,
                1.903932076093746e-09,
                1.6983578393010008e-09,
                0.11245241839217675,
                0.8858074444172729
            ],
            [
                0.20046387871047439,
                2.9181504887002116e-09,
                5.1104670099874284e-08,
                0.03105932315009894,
                0.768476744116606
            ]
        ],
        [
            [
                0.3997845680626292,
                8.221580821414236e-09,
                3.2436885468842463e-09,
                0.12449811094178725,
                0.4757173095303142
            ],
            [
                1.939596746148699e-07,
                3.0118504716583648e-06,
                0.2248834793794321,
                0.770900183405899,
                0.004213131404522515
            ],
            [
                1.6752644904902384e-08,
                4.23736993998095e-08,
                0.6152784698352683,
                0.3847202269203979,
                1.2441179893686893e-06
            ],
            [
                9.89471331756803e-09,
                1.0831398932388486e-09,
                8.275638787927616e-09,
                0.2925653544665795,
                0.7074346262799285
            ],
            [
                1.0983274554891186e-08,
                4.74342196327955e-10,
                1.9556439815012323e-09,
                0.5935027857600284,
                0.4064972008267109
            ]
        ],
        [
            [
                3.7003815897975156e-06,
                3.37904974432898e-10,
                3.5475775038506936e-09,
                0.07684540750214143,
                0.9231508882307863
            ],
            [
                4.284862977430037e-05,
                0.7164870494614876,
                0.10950946280032513,
                0.1738610908699937,
                9.954823841942067e-05
            ],
            [
                8.865551429119353e-11,
                9.677649498750823e-11,
                2.413161124224087e-09,
                0.2001505184581664,
                0.7998494789432404
            ],
            [
                1.172456749876475e-07,
                1.113451637765105e-09,
                6.3095458476156435e-09,
                0.016510307947109108,
                0.9834895673842184
            ],
            [
                5.058815489817735e-09,
                9.016640498221944e-10,
                1.6454390497856282e-09,
                0.35655719183572104,
                0.6434428005583603
            ]
        ],
        [
            [
                0.004595298162557185,
                1.5242479742075163e-09,
                2.185242120880676e-09,
                0.39356670005665234,
                0.6018379980713005
            ],
            [
                7.459991338860648e-06,
                0.1736975822563359,
                0.5563747020953034,
                0.26893534132311064,
                0.0009849143339111328
            ],
            [
                2.047579119892265e-10,
                1.0745040309851704e-10,
                2.2795764661813158e-08,
                0.59887090602738,
                0.40112907086464705
            ],
            [
                9.724230330696379e-08,
                8.402633219781529e-10,
                2.134686373687463e-09,
                0.3985711580452334,
                0.6014287417375135
            ],
            [
                4.055992899910849e-09,
                1.3741548949906752e-09,
                1.3133134812920783e-09,
                0.17567308133593854,
                0.8243269119206001
            ]
        ],
        [
            [
                1.1061788025797959e-08,
                1.6456175176632543e-10,
                1.0249845608600376e-09,
                0.146848854738209,
                0.8531511330104565
            ],
            [
                2.1689212339118906e-06,
                4.640215460234483e-05,
                0.6731028982310124,
                0.32323426022675544,
                0.0036142704663957997
            ],
            [
                1.6909202571899697e-11,
                6.21685013409846e-10,
                1.5909019246259772e-09,
                0.6000245961233036,
                0.3999754016472002
            ],
            [
                2.685963981314821e-08,
                6.575947084590342e-10,
                1.2619281469378754e-09,
                0.4638523255661594,
                0.536147645654678
            ],
            [
                3.042138087569394e-07,
                4.047997822388189e-09,
                1.2059679058253252e-08,
                0.5686443016098391,
                0.4313553780686752
            ]
        ],
        [
            [
                2.7173463424942318e-09,
                2.005673284164423e-09,
                3.400065555408735e-10,
                0.007720090109184133,
                0.9922799048277896
            ],
            [
                2.9547192867638435e-08,
                3.85689508482808e-08,
                0.2058049501128792,
                0.6122511654323763,
                0.1819438163386008
            ],
            [
                1.407791681306542e-09,
                2.319828337940342e-09,
                2.616954577131248e-05,
                0.7999875262748884,
                0.19998630045172022
            ],
            [
                1.6687292741965992e-07,
                1.0426386445718098e-09,
                1.5221861402607013e-08,
                0.4377332523757126,
                0.56226656448686
            ],
            [
                3.7529415192888685e-09,
                1.4223658099004048e-09,
                6.469730208340029e-10,
                0.20226427424575807,
                0.7977357199319616
            ]
        ],
        [
            [
                1.1927003070268601e-09,
                2.211787370959759e-10,
                2.494181380715901e-09,
                0.05382971378132445,
                0.9461702823106151
            ],
            [
                1.107727709715049e-05,
                0.18347826808201914,
                0.42026289317535165,
                0.39120883209297114,
                0.005038929372560977
            ],
            [
                8.732436832130713e-07,
                3.534106827537986e-08,
                0.01578825533731504,
                0.5810268732575048,
                0.40318396282042873
            ],
            [
                9.835999458301965e-11,
                3.4126830000503205e-11,
                1.1369074840437534e-09,
                0.39999388484912973,
                0.600006113881476
            ],
            [
                2.1643407421644884e-07,
                3.279378899194852e-09,
                5.3248034885768775e-08,
                0.37056741459600195,
                0.6294323124425101
            ]
        ],
        [
            [
                1.2657003294303587e-09,
                1.5978375398635406e-09,
                7.036017875557421e-10,
                0.19260263566973898,
                0.8073973607631214
            ],
            [
                6.627343312607335e-07,
                3.992736952506306e-07,
                0.46798717930618405,
                0.5301070352918267,
                0.0019047233939628108
            ],
            [
                1.6226510408739938e-10,
                8.45856756234367e-12,
                5.779857261608602e-11,
                0.3925379858856345,
                0.6074620138858432
            ],
            [
                0.0035972577578735052,
                2.235336270437802e-09,
                4.043373957384774e-09,
                0.019089468602354637,
                0.9773132673610617
            ],
            [
                8.401310000891652e-07,
                2.265809304832917e-09,
                1.1583736214066276e-08,
                0.306759866816354,
                0.6932392792031004
            ]
        ],
        [
            [
                8.994235889536281e-08,
                9.99825802575312e-10,
                8.616913359269699e-09,
                0.29769507406034246,
                0.7023048263805595
            ],
            [
                3.9897933476412895e-06,
                0.017076392176398673,
                0.12558179645580772,
                0.8557839338928019,
                0.0015538876816440744
            ],
            [
                2.788931989013739e-09,
                2.232581319819672e-09,
                0.7806317845457189,
                3.1903589734760384e-05,
                0.2193363068430332
            ],
            [
                3.5759906864682917e-09,
                4.659616277476262e-10,
                1.9884210675684878e-09,
                0.40130471670782386,
                0.5986952772618027
            ],
            [
                0.31690175586135977,
                4.4387090241335894e-08,
                9.078144675741471e-09,
                0.07542010907882653,
                0.6076780815945787
            ]
        ],
        [
            [
                2.1448357193113425e-06,
                2.505303069792007e-09,
                1.1104956861429827e-08,
                0.2897238179970185,
                0.7102740235570022
            ],
            [
                9.706907882082332e-07,
                4.189611498028116e-05,
                0.6109962374218469,
                0.3621313223229431,
                0.026829573449441604
            ],
            [
                2.439588341915965e-09,
                1.6064248554809461e-09,
                0.26402237444109916,
                0.33622563114111664,
                0.399751990371771
            ],
            [
                1.0522348518347076e-08,
                7.693371595795694e-10,
                4.3999282048096266e-10,
                0.5969964284007552,
                0.40300355986756636
            ],
            [
                0.00010914896908650725,
                9.732575453248376e-09,
                7.086494347120557e-10,
                0.1998934045136448,
                0.7999974360760438
            ]
        ],
        [
            [
                3.7269857137989535e-08,
                9.245340276919712e-10,
                2.5282716724511324e-09,
                0.4102765089926339,
                0.5897234502847033
            ],
            [
                5.860724850279269e-07,
                4.720287209650889e-06,
                0.19335182821720898,
                0.8034138235882357,
                0.003229041834860776
            ],
            [
                2.963377451470747e-08,
                4.122726107950337e-08,
                0.0031725262614021267,
                0.5455845099904554,
                0.45124289288710695
            ],
            [
                2.152877359710361e-09,
                3.570826748128921e-11,
                8.396360308832206e-09,
                0.019327889838438635,
                0.9806720995766155
            ],
            [
                0.1878850113375638,
                1.0502226803756775e-08,
                4.64953395864791e-10,
                0.34593025059715277,
                0.46618472709810327
            ]
        ],
        [
            [
                1.1664315826139362e-05,
                3.4261089229376047e-10,
                1.8277395100206622e-09,
                0.5504535370499625,
                0.44953479646386096
            ],
            [
                2.1568159711114236e-06,
                3.9606625317301295e-06,
                0.21739067871276474,
                0.705807161686989,
                0.07679604212174343
            ],
            [
                8.878279512372407e-10,
                2.1740750757910145e-08,
                0.006120554698080308,
                0.23065702062417895,
                0.763222402049162
            ],
            [
                8.611143554190775e-05,
                1.8581417273691647e-10,
                3.5860553469580886e-10,
                3.8488822799714885e-05,
                0.9998753991972387
            ],
            [
                1.5815507469644e-06,
                1.2671140574120034e-09,
                6.542350503681215e-10,
                0.20104365315701936,
                0.7989547633708846
            ]
        ],
        [
            [
                5.019545538583919e-08,
                2.3984501107057344e-09,
                8.29098153723832e-10,
                0.37156393647341923,
                0.6284360101035772
            ],
            [
                3.2613533278092858e-06,
                0.0017449170188350907,
                0.4179041851521895,
                0.5754022705229769,
                0.004945365952670616
            ],
            [
                2.4655195205742986e-11,
                1.462601721409733e-11,
                1.3872349330735013e-09,
                0.19997963531696,
                0.8000203632565238
            ],
            [
                1.7664333852465574e-07,
                2.086810454596627e-09,
                1.0443937433498972e-08,
                0.013946953756922136,
                0.9860528570689914
            ],
            [
                5.859802131710006e-07,
                1.1942363123681208e-09,
                2.2284525519122816e-09,
                0.2892797892814279,
                0.71071962131567
            ]
        ],
        [
            [
                5.240498124419184e-05,
                4.662252033008041e-09,
                1.3033979425560538e-09,
                0.3992620253870026,
                0.6006855636661032
            ],
            [
                4.560236498070667e-06,
                0.012195070513296257,
                0.28158398213262587,
                0.7059889752724298,
                0.0002274118451501661
            ],
            [
                2.189503793562246e-08,
                9.685901236008477e-08,
                0.19971523964816068,
                0.4104987019434033,
                0.38978593965438574
            ],
            [
                2.652910910286836e-07,
                1.868215891198065e-09,
                5.661861314924082e-10,
                0.1888636144377919,
                0.811136117836715
            ],
            [
                2.7495565898732796e-10,
                6.023584520978796e-11,
                5.517730583309821e-10,
                0.5755677848651053,
                0.42443221424793026
            ]
        ],
        [
            [
                0.00014196821944831257,
                2.5488686725840905e-09,
                2.140057648979657e-10,
                0.10220167518690691,
                0.8976563538307704
            ],
            [
                3.5880563909385294e-05,
                0.09075702312876568,
                0.36212717265711014,
                0.5431752315361332,
                0.0039046921140815545
            ],
            [
                4.194020440833621e-10,
                7.525331011089038e-10,
                1.785279409732218e-08,
                0.18156951036521662,
                0.8184304706100541
            ],
            [
                1.0602421396885957e-07,
                3.735933893036149e-09,
                6.842208435223086e-09,
                0.18250259026145665,
                0.8174972931361871
            ],
            [
                0.000245560313431157,
                4.5936168868395294e-10,
                1.1627932093931154e-10,
                7.060377693204661e-06,
                0.9997473787332346
            ]
        ],
        [
            [
                0.00874017757830204,
                1.3388905373322553e-08,
                4.4019097325453843e-10,
                0.4030862186293436,
                0.588173589963258
            ],
            [
                4.6178608268414304e-07,
                0.008139718219171505,
                2.1023285281859414e-06,
                0.5990911261395343,
                0.39276659152668325
            ],
            [
                1.2138282850263084e-08,
                2.119225710538008e-09,
                4.06812308308937e-05,
                0.19721302540238209,
                0.8027462791092784
            ],
            [
                8.556343999163018e-10,
                7.37727441124317e-10,
                1.9298703222868353e-10,
                0.0022240169264919644,
                0.9977759812871592
            ],
            [
                1.5903660705420276e-06,
                2.4830871080967634e-09,
                3.6584872382737278e-09,
                0.3911960507490616,
                0.6088023527432935
            ]
        ],
        [
            [
                6.468858781121225e-06,
                5.391014008412577e-09,
                2.939416698777868e-09,
                0.4008886281899424,
                0.5991048946208457
            ],
            [
                1.540549068509289e-06,
                0.008480924844184574,
                0.2919669214962164,
                0.6913507136724804,
                0.008199899438050154
            ],
            [
                4.923046955398714e-08,
                4.1122476848683334e-10,
                1.7657241224676175e-08,
                0.39021470482182713,
                0.6097852278792373
            ],
            [
                2.5623169438561417e-06,
                1.8247199331434263e-09,
                1.9002930065430277e-08,
                0.271908358506944,
                0.7280890583484622
            ],
            [
                0.00023726598326484277,
                3.0219749435145868e-09,
                1.6338872214588745e-09,
                0.0017155294911324968,
                0.9980471998697406
            ]
        ],
        [
