{
    "[['A', 'B', 'C', 'D', 'E'], ['A', 'B', 'C', 'D', 'E']]": [
        [
            [
                0.8006193855676326,
                0.19938061417473607,
                4.2906140585833846e-11,
                7.047288816273084e-11,
                1.4425240727067908e-10
            ],
            [
                2.835832599015969e-07,
                9.08191923834172e-07,
                0.3301947743536335,
                0.6639299145451429,
                0.005874119326039809
            ],
            [
                2.663437681758677e-09,
                1.2637435010432885e-07,
                0.6010284402071594,
                0.39888765639098944,
                8.377436406346328e-05
            ],
            [
                1.9027444118347174e-08,
                5.534508254764589e-06,
                5.698537509226126e-07,
                0.6972749613631709,
                0.3027189152473793
            ],
            [
                1.8313673536693995e-08,
                1.4275016652765082e-09,
                4.1953263641480047e-10,
                0.5351862119261694,
                0.4648137679131227
            ]
        ],
        [
            [
                0.7125007936073924,
                0.2874992024180729,
                6.859629193296071e-10,
                8.079552740451564e-11,
                3.2077762771262073e-09
            ],
            [
                4.982005108312821e-08,
                7.865308596836007e-07,
                0.0002516475633776973,
                0.8991091398432156,
                0.10063837624249586
            ],
            [
                4.845997559209249e-08,
                2.349854740497424e-07,
                0.9735056129014399,
                0.019054958783866843,
                0.007439144869243546
            ],
            [
                5.42341877512155e-07,
                8.993771306181509e-08,
                1.2276516405051009e-08,
                0.28861208812647954,
                0.7113872673174135
            ],
            [
                0.19257900132533393,
                9.814715606687885e-08,
                1.7403543372819078e-08,
                0.42942046098982406,
                0.37800042213414253
            ]
        ],
        [
            [
                0.9999999906582407,
                7.860725152041857e-09,
                2.4479714355501013e-11,
                2.7252257746905186e-12,
                1.4538292843897466e-09
            ],
            [
                2.2545311099841203e-07,
                3.2393919899678756e-05,
                0.003987696905145165,
                0.9942496380754251,
                0.0017300456464189903
            ],
            [
                3.403558874351938e-07,
                8.680074534541842e-07,
                0.9315254043272903,
                0.06702260111966983,
                0.0014507861896990249
            ],
            [
                1.8448316213225052e-05,
                7.892535886807715e-08,
                5.963896364633005e-08,
                0.3046482491197896,
                0.6953331639996747
            ],
            [
                6.178868103513772e-10,
                1.3654450405593541e-09,
                1.7842603218570704e-10,
                0.39961631570903294,
                0.6003836821292092
            ]
        ],
        [
            [
                0.8001799329219479,
                0.19981985340030617,
                4.570363280736633e-11,
                3.3863018105396204e-11,
                2.1359817928804662e-07
            ],
            [
                2.9009041960644972e-08,
                1.2881731995625657e-06,
                0.0006309062629631401,
                0.7760038896324893,
                0.223363886922306
            ],
            [
                3.9541434040879386e-09,
                6.831393751719054e-08,
                0.9999553683934502,
                4.860379939312087e-07,
                4.40733004749036e-05
            ],
            [
                3.379221699149175e-08,
                2.4335279227785418e-05,
                7.420989817486336e-07,
                0.6024226238934245,
                0.39755226493614904
            ],
            [
                0.9999973684171143,
                2.6305634302442686e-06,
                5.213961937901084e-11,
                8.236564268704735e-10,
                1.4365951994835995e-10
            ]
        ],
        [
            [
                0.7709768947264553,
                0.22902309842665589,
                2.0028427742179348e-09,
                2.4385460862532136e-10,
                4.600191357995957e-09
            ],
            [
                0.3007483206787656,
                0.699251669241467,
                1.92080596759298e-09,
                7.2428266447711424e-09,
                9.161349057157211e-10
            ],
            [
                6.17280960898387e-11,
                2.145960883733201e-11,
                0.9999999993652686,
                2.2166238969531527e-10,
                3.298812129833783e-10
            ],
            [
                3.0323043639993254e-10,
                1.681498234185515e-09,
                9.206246502006925e-08,
                0.4190686382835584,
                0.580931267669248
            ],
            [
                0.9995053252723789,
                0.0004946733053410276,
                6.649571868266934e-11,
                5.917475265081395e-10,
                7.640368269994543e-10
            ]
        ],
        [
            [
                0.8749808531432212,
                0.12501914479411844,
                4.334241458056811e-10,
                2.6916564559242184e-10,
                1.3600705331164045e-09
            ],
            [
                2.808740200194189e-06,
                0.03403295651271378,
                0.006272377520235413,
                0.9475607885684936,
                0.012131068658356973
            ],
            [
                1.3680895917400705e-08,
                8.497382263484179e-08,
                0.9991442567249386,
                0.0008406063148265761,
                1.5038305516243854e-05
            ],
            [
                6.131790276753575e-08,
                9.515193609535802e-07,
                4.033148327411572e-05,
                0.6129856463964815,
                0.3869730092829806
            ],
            [
                0.9999807773933921,
                1.9222281781555754e-05,
                2.410260072396037e-10,
                5.942066997536083e-11,
                2.4379669065501974e-11
            ]
        ],
        [
            [
                0.9998011094005798,
                0.00019889010604483393,
                4.8119866135467554e-11,
                3.367749433727233e-11,
                4.1157817476045695e-10
            ],
            [
                1.1881559862507014e-05,
                0.15491411520741297,
                0.2257144028364746,
                0.6187725954335869,
                0.0005870049626631975
            ],
            [
                6.423186192473479e-07,
                1.9564962370548175e-06,
                0.49731112199834976,
                0.5021129034619252,
                0.000573375724868646
            ],
            [
                2.2564023351320693e-08,
                7.275318675441666e-09,
                1.0142210923668816e-08,
                0.2002450727767319,
                0.7997548872417151
            ],
            [
                0.9999986468031217,
                1.3382951054384449e-06,
                1.7664334357684936e-10,
                4.1530432816532434e-11,
                1.468359896982748e-08
            ]
        ],
        [
            [
                0.9940782441178881,
                0.005921754877793773,
                2.6807299007115585e-10,
                6.775718746748169e-10,
                5.867316469396154e-11
            ],
            [
                6.583336359741281e-07,
                0.00010360318925190996,
                0.01097304386340645,
                0.9514363793614259,
                0.037486315252279835
            ],
            [
                2.5304122263639185e-08,
                2.0304073317720498e-08,
                0.9963621914122792,
                0.0036254400150662665,
                1.2322964458905993e-05
            ],
            [
                4.183886575220715e-08,
                3.2736338134035663e-05,
                2.831729627036993e-07,
                0.6776915736985135,
                0.32227536495152403
            ],
            [
                1.3178602007317397e-08,
                1.7704827658878974e-09,
                2.2236660143351447e-09,
                0.598133814817123,
                0.40186616801012615
            ]
        ],
        [
            [
                0.9999928503834945,
                7.148713168779018e-06,
                7.633007440870901e-11,
                5.2981100170342405e-11,
                7.74025610992309e-10
            ],
            [
                0.001159605603521952,
                0.9985970183745791,
                0.00023134503645098604,
                1.041328144663704e-05,
                1.6177040012691064e-06
            ],
            [
                5.17324690256152e-07,
                8.113965545136163e-05,
                0.43006409360752407,
                0.5620225533615324,
                0.007831696050801825
            ],
            [
                6.344630868872089e-09,
                1.7332278510801498e-10,
                3.366359882610955e-09,
                0.8531527018804803,
                0.146847288235206
            ],
            [
                0.05164730717010741,
                1.420727334458398e-07,
                7.0601593579916594e-09,
                0.5608604358958984,
                0.3874921078011015
            ]
        ],
        [
            [
                0.9999592491754419,
                4.07503257874452e-05,
                7.735476640937144e-12,
                2.6047642742684427e-10,
                2.3055883223063494e-10
            ],
            [
                1.8599461711814862e-06,
                0.00010363374636293657,
                0.42455341498207144,
                0.5563776958046193,
                0.01896339552077522
            ],
            [
                1.8776362033470058e-09,
                4.469016239956161e-08,
                0.995376198494472,
                0.004607874849459008,
                1.588008827023468e-05
            ],
            [
                3.805464234402438e-08,
                4.399854177826147e-09,
                6.05986612071457e-09,
                0.7933246605608614,
                0.206675290924776
            ],
            [
                1.0231198228766074e-07,
                2.3231633045393448e-10,
                6.24444763425373e-09,
                0.19999943436783862,
                0.8000004568434151
            ]
        ],
        [
            [
                0.9953755558372052,
                0.0046244416648863335,
                4.3836258541012603e-10,
                5.08201809878634e-10,
                1.551344141668439e-09
            ],
            [
                9.268210239077548e-07,
                0.04980415353090891,
                4.2818750677632064e-05,
                0.259937008440392,
                0.6902150924569975
            ],
            [
                8.1772938098259e-12,
                8.920493403914353e-12,
                0.9999999995907822,
                1.067254383219827e-10,
                2.8539435227885945e-10
            ],
            [
                6.560592409767074e-10,
                5.568510447195231e-10,
                3.974836740741729e-09,
                0.5913288385452244,
                0.4086711562670286
            ],
            [
                0.9995011388302886,
                0.0004988589908811285,
                4.1681798788293385e-10,
                9.500813027929554e-10,
                8.119308424494009e-10
            ]
        ],
        [
            [
                0.9925325696622341,
                0.0074674286439640305,
                2.2826060373995998e-11,
                2.2121926212381491e-10,
                1.4497564908726468e-09
            ],
            [
                6.378310815273729e-07,
                1.0530123362379307e-06,
                0.0022314891153503357,
                0.9432797815621258,
                0.05448703847910618
            ],
            [
                5.429077517236708e-10,
                1.8922332793871104e-09,
                0.9999999712457448,
                1.8415333734642637e-08,
                7.903780283071317e-09
            ],
            [
                9.056812035118225e-11,
                2.960327929586688e-10,
                8.301510396986398e-11,
                0.6000003159607861,
                0.3999996835695979
            ],
            [
                0.9999944919302147,
                5.507165683575579e-06,
                2.057527487703466e-11,
                4.1413415268583935e-10,
                4.693922534820071e-10
            ]
        ],
        [
            [
                0.9940588596904623,
                0.0059411389039337875,
                3.1537922376889295e-11,
                7.947067214997064e-10,
                5.793593962158028e-10
            ],
            [
                8.84059804568921e-08,
                1.1772550267397224e-06,
                7.994963524662984e-06,
                0.9879328402862642,
                0.012057899089203997
            ],
            [
                6.58390598290627e-12,
                2.5675607225363968e-11,
                0.9999999998955804,
                2.8488196554044187e-11,
                4.367190781694789e-11
            ],
            [
                3.8978011174660814e-08,
                8.944787040600403e-09,
                7.373319462983843e-08,
                0.6152195736028315,
                0.38478030474117564
            ],
            [
                0.8040324861286977,
                0.19596750242380925,
                6.098209219308984e-10,
                6.048065349407739e-10,
                1.0232865614160682e-08
            ]
        ],
        [
            [
                0.9999987269836118,
                1.2465118636058524e-06,
                7.961668821987079e-11,
                1.0075736306711557e-10,
                2.6324150507880098e-08
            ],
            [
                2.637766510551984e-08,
                7.642213648894504e-08,
                0.0005238457261215503,
                0.999458739914331,
                1.7311559745830243e-05
            ],
            [
                3.0856770619523904e-07,
                0.0007908496013606882,
                0.060431894204528276,
                0.9324738386530833,
                0.0063031089733215475
            ],
            [
                3.0022925888671246e-09,
                2.0811692614195186e-09,
                3.663006664721264e-08,
                0.7416883971270561,
                0.2583115611594154
            ],
            [
                0.9700786612922605,
                0.029921336256275036,
                3.2865415142385916e-10,
                1.969703266998718e-09,
                1.5310713427715443e-10
            ]
        ],
        [
            [
                0.9925342794275089,
                0.007465720033277289,
                2.738406288165565e-10,
                3.424668794085032e-11,
                2.3112631432907032e-10
            ],
            [
                5.464072265138393e-06,
                4.796215401282274e-06,
                0.13665776558570747,
                0.708168109558488,
                0.15516386456813824
            ],
            [
                5.4808034090439694e-08,
                2.2416404537341416e-08,
                0.9997196627481952,
                0.00026565820636742526,
                1.4601820998683886e-05
            ],
            [
                6.752746107661252e-09,
                9.938240274626514e-09,
                6.179538605888949e-07,
                0.8000355228778374,
                0.19996384247731566
            ],
            [
                0.9999999979540015,
                1.6480546554501817e-09,
                3.230534795387095e-10,
                4.287163863483714e-11,
                3.201866408575304e-11
            ]
        ],
        [
            [
                0.9994324354178689,
                0.0005675586022697018,
                3.677743237782068e-10,
                3.933295688586113e-10,
                5.218757451241242e-09
            ],
            [
                1.2980446531593574e-05,
                0.1474168053339165,
                0.10798341825723332,
                0.7284124676433764,
                0.01617432831894217
            ],
            [
                4.5511896579265795e-07,
                5.695673550222396e-07,
                0.17642311706272276,
                0.7615886760354899,
                0.06198718221546661
            ],
            [
                1.937934141379411e-08,
                6.807712474948162e-10,
                1.3604518291878763e-08,
                0.5461548050833382,
                0.4538451612520307
            ],
            [
                0.9999966115860043,
                3.3883279515332264e-06,
                3.657186743923913e-11,
                3.5761793205546916e-12,
                4.5896227413554477e-11
            ]
        ],
        [
            [
                0.998869843877464,
                0.0011301533303417737,
                3.222138000529039e-10,
                9.123153651760928e-11,
                2.3787487795723197e-09
            ],
            [
                3.5512140545718824e-07,
                6.086158198803296e-05,
                0.0002745207473985635,
                0.8508016718598539,
                0.148862590689354
            ],
            [
                9.924771577363057e-08,
                3.4105729968011927e-06,
                0.14916428543237356,
                0.5676590519675281,
                0.2831731527793858
            ],
            [
                5.256480395494123e-10,
                3.2253515762301445e-09,
                1.1127491050077295e-09,
                0.5998907297143155,
                0.4001092654219358
            ],
            [
                3.3459263080491768e-06,
                1.650221531164537e-09,
                9.547076872895805e-10,
                0.08779859983572753,
                0.9121980516330351
            ]
        ],
        [
            [
                0.8017152495015996,
                0.1982847503386712,
                1.0400136127212013e-10,
                4.280554117780135e-11,
                1.2922383110743585e-11
            ],
            [
                2.2131243101421418e-07,
                0.004583523431789908,
                4.024250105710679e-05,
                0.8410637427926371,
                0.1543122699620849
            ],
            [
                6.734208950482535e-08,
                1.0632806118850994e-06,
                0.9873413695076448,
                0.012657090789320797,
                4.09080332956295e-07
            ],
            [
                9.254214791309631e-09,
                3.6695944259882186e-10,
                6.01673949574114e-09,
                0.1999724260903887,
                0.8000275582716976
            ],
            [
                0.9999983066313087,
                1.6147473129249105e-06,
                2.48341237471089e-11,
                3.533080844225097e-11,
                7.856121339049634e-08
            ]
        ],
        [
            [
                0.7870174445958303,
                0.21298255424622717,
                5.350943259402378e-10,
                5.671326414650874e-11,
                5.661347076563432e-10
            ],
            [
                2.399874072105852e-06,
                0.0029951078261774384,
                0.11967535823240151,
                0.7506689052527634,
                0.1266582288145855
            ],
            [
                3.427675469345872e-10,
                1.2047448080095064e-08,
                0.999947701751169,
                5.2285788692148826e-05,
                6.992313785988533e-11
            ],
            [
                3.266106202776389e-11,
                1.5610392294387459e-10,
                1.7092551619206665e-09,
                0.20032719310544025,
                0.7996728049965396
            ],
            [
                0.13831966882407248,
                4.14052303045243e-08,
                2.4972357013387496e-07,
                0.013519717959832114,
                0.848160322087295
            ]
        ],
        [
            [
                0.9980505946844843,
                0.0019494034667001873,
                2.2736865767640485e-10,
                9.308747462021611e-10,
                6.905720287156062e-10
            ],
            [
                6.985220369842063e-07,
                0.0006047630305737019,
                0.12704387062806893,
                0.8495414672762056,
                0.022809200543114878
            ],
            [
                6.587141728149841e-11,
                5.574054716976863e-11,
                0.9999995425371061,
                4.5516391659597495e-07,
                2.177365396715511e-09
            ],
            [
                3.2714496700544466e-08,
                1.7780286300027568e-07,
                9.291923146307834e-06,
                0.887547688429261,
                0.11244280913023305
            ],
            [
                0.9999752401181828,
                2.475834842778772e-05,
                6.477833015740019e-10,
                7.831321249247244e-10,
                1.0247393050361523e-10
            ]
        ],
        [
            [
                0.9998891717646492,
                0.0001108279245429834,
                1.2343990098814693e-11,
                9.270423630957267e-11,
                2.0575968779718206e-10
            ],
            [
                2.251386429465434e-06,
                0.004490058289932032,
                0.2937125569996408,
                0.6249509313523991,
                0.07684420197159865
            ],
            [
                4.98502771521554e-06,
                2.4162154722056974e-06,
                0.9117307324535243,
                0.07644668332652606,
                0.011815182976762168
            ],
            [
                2.992524637627665e-09,
                2.3660994537741342e-08,
                1.6165815381084375e-09,
                0.8011512661001202,
                0.1988487056297791
            ],
            [
                0.9999966544239005,
                3.34034185039458e-06,
                6.562991736268904e-10,
                4.193167688712073e-11,
                4.536018205461906e-09
            ]
        ],
        [
            [
                0.999984034230577,
                1.594185003273678e-05,
                2.7825716356954056e-10,
                6.56757959156998e-11,
                2.3575457283576186e-08
            ],
            [
                6.476346736691301e-10,
                1.5667891869234948e-08,
                0.0002988373635652704,
                0.9996975440694473,
                3.602251460919391e-06
            ],
            [
                1.3263606476106305e-06,
                1.1925321324443938e-07,
                0.7999118149829364,
                0.19796143600584262,
                0.0021253033973601056
            ],
            [
                6.113335523422003e-07,
                0.0021932798321086977,
                9.178363144895096e-05,
                0.9919255364672722,
                0.00578878873561782
            ],
            [
                1.4814215077641496e-09,
                3.930885760065746e-09,
                1.9666059876847118e-09,
                0.34532087720557575,
                0.654679115415511
            ]
        ],
        [
            [
                0.9999999974150615,
                2.509224045979834e-09,
                1.5419227212826863e-11,
                2.014788924652492e-12,
                5.828027297731939e-11
            ],
            [
                9.750122902653556e-07,
                0.005929006257939915,
                0.00027125985018756145,
                0.9922735249679964,
                0.0015252339115859105
            ],
            [
                1.0886908359731136e-08,
                1.0124626479249999e-08,
                0.9999993742736668,
                2.61403007638374e-07,
                3.4331179063487015e-07
            ],
            [
                9.889413526379987e-08,
                6.718626244505129e-09,
                1.7306021225256214e-09,
                0.7922959681637354,
                0.20770392449290104
            ],
            [
                2.5184339623873498e-09,
                1.5599602314293133e-09,
                7.017942423795677e-09,
                0.6000099962164498,
                0.39998999268721364
            ]
        ],
        [
            [
                0.9999587687115893,
                4.1231059420868344e-05,
                8.883929988501265e-11,
                5.3852249798187e-11,
                8.629826148142846e-11
            ],
            [
                5.670696709289043e-09,
                2.5863545221740303e-07,
                1.1242585368777022e-05,
                0.940284907227543,
                0.0597035858809392
            ],
            [
                8.654745807830247e-07,
                7.925676385211352e-06,
                0.6302712906482245,
                0.3055901967026503,
                0.06412972149815925
            ],
            [
                2.2365821303423903e-08,
                8.895878089013286e-09,
                4.156811754141499e-08,
                0.403556149308177,
                0.5964437778620061
            ],
            [
                0.9999807765781691,
                1.922251172563312e-05,
                4.332038690168886e-11,
                5.439475410284328e-10,
                3.228374301407901e-10
            ]
        ],
        [
            [
                0.955452834070132,
                0.04454716397198942,
                2.308256605804738e-10,
                1.156557788442273e-09,
                5.704950985601614e-10
            ],
            [
                0.2030704735066723,
                0.7969295248817952,
                5.448860980753317e-10,
                7.204533320504117e-10,
                3.46192904954447e-10
            ],
            [
                4.104002024928258e-10,
                5.444069717967825e-09,
                0.9999956889300115,
                4.303041364007128e-06,
                2.1741547290211366e-09
            ],
            [
                3.2264136609984283e-10,
                5.8080121461101356e-09,
                3.285052756401707e-08,
                0.9999995631611106,
                3.978577082634719e-07
            ],
            [
                1.0235749020256739e-05,
                5.613645624261563e-09,
                3.4266970211111498e-09,
                0.4118710452275105,
                0.5881187099831265
            ]
        ],
        [
            [
                0.9999995245721136,
                4.6766667561916707e-07,
                2.507300499099877e-10,
                1.1561092195965503e-10,
                7.394869860185209e-09
            ],
            [
                3.6210994681428895e-07,
                2.4932736526713504e-05,
                0.0034744459458759553,
                0.9520219730402677,
                0.04447828616738284
            ],
            [
                2.8840495991193936e-08,
                8.039789628003136e-06,
                5.664767842202103e-05,
                0.9545867724638608,
                0.045348511227593154
            ],
            [
                1.810713651535007e-06,
                0.02625682653787266,
                0.0004834509900498168,
                0.6535952523058483,
                0.3196626594525778
            ],
            [
                2.368283110736969e-11,
                3.990479517935918e-11,
                5.095147762608301e-10,
                0.39999974492633156,
                0.600000254500566
            ]
        ],
        [
            [
                0.9999996245042091,
                3.7490732522016265e-07,
                2.8001863290567588e-11,
                2.6880106131268527e-11,
                5.335838292788924e-10
            ],
            [
                1.460502593802598e-06,
                0.0012548227242812886,
                0.0953138804213314,
                0.8036563229127734,
                0.09977351343902005
            ],
            [
                3.6835068858307663e-09,
                6.657048103017423e-09,
                0.9999519998767984,
                4.068814665235528e-05,
                7.3016359942410576e-06
            ],
            [
                4.5741115239520314e-07,
                7.512784696437903e-08,
                7.242105197078839e-07,
                0.5612536797222197,
                0.4387450635282612
            ],
            [
                0.9999999493977668,
                4.930053739302072e-08,
                9.664850934512249e-13,
                2.8114256262033044e-12,
                1.2979179424416226e-09
            ]
        ],
        [
            [
                0.9999996858103862,
                3.137669426938028e-07,
                2.2661516637556846e-10,
                9.002531135148467e-11,
                1.0603052266112315e-10
            ],
            [
                1.3111453011173612e-06,
                0.09908374469022238,
                0.0073307305527771155,
                0.8047760546894331,
                0.08880815892226623
            ],
            [
                1.9919905032653542e-07,
                5.307842393863533e-07,
                0.9355804149834707,
                0.06433113215145544,
                8.772288178418047e-05
            ],
            [
                2.083570813464403e-09,
                2.93286025541505e-09,
                9.850306584179491e-08,
                0.7359183553046703,
                0.2640815411758329
            ],
            [
                3.303875905790631e-08,
                9.221321658951543e-11,
                1.7510715877999246e-09,
                0.3634043258405045,
                0.6365956392774516
            ]
        ],
        [
            [
                0.9998879554257336,
                0.00011159191592850221,
                9.105525937743627e-11,
                3.296978857466055e-11,
                4.5253431281322703e-07
            ],
            [
                4.859191115876281e-07,
                7.988143738734484e-05,
                0.1724068513557009,
                0.827232016849452,
                0.00028076443834810724
            ],
            [
                2.3221862561226816e-09,
                6.600562759117709e-10,
                0.9999998244181312,
                1.7055092581633692e-07,
                2.0487005510989458e-09
            ],
            [
                1.2476808086012916e-09,
                1.1399790850235688e-08,
                4.066760173100816e-07,
                0.8073788913754207,
                0.19262068930109033
            ],
            [
                2.1131285004006012e-10,
                2.7327324086882356e-10,
                4.0499307292783043e-10,
                0.3845281215421197,
                0.6154718775683011
            ]
        ],
        [
            [
                0.9999995885682296,
                4.0926275890292616e-07,
                8.903409342852757e-11,
                2.533038023556398e-10,
                1.8266735968854125e-09
            ],
            [
                3.1670349888698857e-06,
                6.771680473725031e-05,
                0.586808060695958,
                0.4073240163920523,
                0.005797039072263593
            ],
            [
                5.4606167320350375e-06,
                0.00766490012304495,
                0.25342670658119437,
                0.7086559384678919,
                0.0302469942111369
            ],
            [
                4.479400002180138e-08,
                3.082997139225307e-08,
                2.9913856697747354e-08,
                0.47989503515844845,
                0.5201048593037234
            ],
            [
                0.9999938989993142,
                6.099675625337437e-06,
                1.1221407425887123e-10,
                1.6136151702860028e-10,
                1.051484752102983e-09
            ]
        ],
        [
            [
                0.9999999966978788,
                3.2537722317471513e-09,
                1.632410823110123e-11,
                4.653543459380868e-12,
                2.737137010975458e-11
            ],
            [
                5.510432832269143e-07,
                0.009502272152450246,
                0.19536589869533474,
                0.7929199683935549,
                0.002211309715376775
            ],
            [
                9.96429109923132e-12,
                2.5302601297158342e-11,
                0.9999999960394967,
                7.458648784179757e-10,
                3.179371506269238e-09
            ],
            [
                2.8856111830493454e-08,
                7.363836005530493e-09,
                2.2297728480874793e-09,
                0.6428358616914787,
                0.3571640998588006
            ],
            [
                0.9982652033355143,
                0.0017347965456749473,
                4.910434356938427e-11,
                5.1596005184018686e-11,
                1.8110482169876037e-11
            ]
        ],
        [
            [
                0.601335231686941,
                0.39866476809240337,
                5.4468992414944336e-11,
                1.285123050606094e-10,
                3.767430422165785e-11
            ],
            [
                2.508438856085245e-06,
                0.0009801352744369968,
                0.19497326804171128,
                0.8003960175734094,
                0.003648070671586323
            ],
            [
                6.54164110325839e-09,
                1.706835758149109e-07,
                0.9999175469658466,
                8.226100617550744e-05,
                1.4802761045740072e-08
            ],
            [
                5.5819854067945634e-08,
                3.4480543251502687e-07,
                1.0208125343110964e-07,
                0.4726733646363538,
                0.5273261326571062
            ],
            [
                1.0346591616008015e-06,
                8.869039095929902e-09,
                1.673317229238915e-09,
                0.5997035841166498,
                0.40029537068183235
            ]
        ],
        [
            [
                0.998284474511208,
                0.0017155232381878994,
                1.6434428046744317e-09,
                1.3714067505212899e-10,
                4.700205521561861e-10
            ],
            [
                1.2581404676204413e-06,
                0.0012573353511243714,
                0.004710686348388209,
                0.9871175959492915,
                0.0069131242107282505
            ],
            [
                4.684663885327507e-07,
                2.0948351434973952e-07,
                0.42287335693086153,
                0.4067830460059203,
                0.17034291911331523
            ],
            [
                1.5997774295263234e-08,
                1.9543863960015855e-09,
                8.60488337233088e-08,
                0.6873224993047762,
                0.3126773966942293
            ],
            [
                9.937740607233739e-09,
                6.524830047688703e-10,
                3.24025946876239e-08,
                0.9206201193176551,
                0.0793798376895266
            ]
        ],
        [
            [
                0.9999999201472389,
                3.2174933849510555e-08,
                1.6167677201088477e-11,
                1.1266025142209802e-11,
                4.765039359976198e-08
            ],
            [
                2.710525649762549e-07,
                0.00036080219874424623,
                0.0006160875762508562,
                0.9834774641364693,
                0.015545375035970688
            ],
            [
                4.3557957625550107e-10,
                2.740015499281536e-09,
                0.999996854740303,
                5.23097575511023e-07,
                2.6189865263857327e-06
            ],
            [
                1.070546693565681e-08,
                2.0361335262775382e-09,
                3.8129001137750597e-10,
                0.8020432429183575,
                0.19795674395875212
            ],
            [
                0.9963877856830249,
                0.0036122125365845793,
                2.069912448840057e-10,
                8.932289497149885e-10,
                6.801703631793557e-10
            ]
        ],
        [
            [
                0.9999906056935214,
                9.39399701647155e-06,
                1.738460284632936e-10,
                9.849152345519873e-11,
                3.7124683547515435e-11
            ],
            [
                4.805819929663607e-07,
                0.03201322935686512,
                0.14322587899447872,
                0.8230397476779097,
                0.0017206633887534262
            ],
            [
                3.6202284999747135e-10,
                7.989286984076566e-10,
                0.9998563766177497,
                0.00014362175113471842,
                4.701640417993775e-10
            ],
            [
                6.829939987546326e-10,
                1.8199788469833736e-09,
                8.419632982783525e-07,
                0.9954016225412908,
                0.004597532992437995
            ],
            [
                0.8641638648434288,
                0.13583613497003597,
                8.41395079706734e-11,
                3.436457401105534e-11,
                6.803116925606178e-11
            ]
        ],
        [
            [
                0.9998134346036703,
                0.00018650298834748964,
                8.351121999947934e-10,
                3.123242201836095e-10,
                6.126054570350304e-08
            ],
            [
                0.031577080403506756,
                0.28264471842734357,
                0.2974694037576083,
                0.3875341486015212,
                0.0007746488100200978
            ],
            [
                2.4979341232060433e-09,
                2.6413491240009384e-08,
                0.9999984459882046,
                1.5182418256482188e-06,
                6.858544293286149e-09
            ],
            [
                3.5527029556898e-10,
                3.564460257821737e-11,
                2.5287753594824664e-08,
                0.9999999491804972,
                2.5140834378224302e-08
