{
    "[['A', 'B', 'C', 'D', 'E'], ['A', 'B', 'C', 'D', 'E']]": [
        [
            [
                0.8021937896591228,
                0.19780620975802402,
                2.443566638876543e-10,
                1.2561793924229318e-10,
                2.1287860139915653e-10
            ],
            [
                8.163885671351063e-10,
                6.4575825731872845e-09,
                9.51156699020524e-10,
                0.4042819674643909,
                0.5957180243104813
            ],
            [
                2.0803720090194315e-09,
                2.4368064796796714e-09,
                0.998678040069602,
                0.0006363540018122769,
                0.0006856014114071266
            ],
            [
                6.267752461923562e-08,
                7.085235523506696e-09,
                1.1747810268717091e-07,
                0.21447515612023232,
                0.7855246566389049
            ],
            [
                7.055436565815585e-06,
                1.196965279837089e-08,
                4.761502615876569e-09,
                0.3792729010968531,
                0.6207200267354257
            ]
        ],
        [
            [
                0.9996995293380924,
                0.0003004701477457915,
                1.9607310238691298e-10,
                8.821156998063644e-11,
                2.298772977939607e-10
            ],
            [
                3.2027559967660804e-08,
                1.2310929108447917e-08,
                8.193363928753949e-09,
                0.5953948726780036,
                0.40460507479014335
            ],
            [
                2.194418434777801e-10,
                3.8495176577072063e-10,
                0.9999997219675146,
                2.933673174933665e-10,
                2.77134724304537e-07
            ],
            [
                0.18870156106274966,
                5.341524936868558e-09,
                8.458282370378512e-08,
                0.20142123958597485,
                0.6098771094269269
            ],
            [
                0.007465376905115554,
                1.004936923335425e-07,
                9.191164347686835e-10,
                0.004595650742088001,
                0.9879388709399877
            ]
        ],
        [
            [
                0.7765641588724458,
                0.22343583837523523,
                7.456788619208625e-10,
                1.7081110755158717e-09,
                2.985290287556431e-10
            ],
            [
                2.577942233583477e-06,
                1.826711846339584e-08,
                2.0397526720251863e-06,
                0.6025914386883595,
                0.39740392534961644
            ],
            [
                1.161594003933999e-09,
                1.6986737360147154e-09,
                0.9999469475067001,
                5.287106480162866e-05,
                1.7856823064783587e-07
            ],
            [
                1.871770327668537e-05,
                2.86736847912533e-08,
                5.673190993980436e-09,
                0.2963177530342512,
                0.7036634949155963
            ],
            [
                3.168844569142676e-05,
                2.6481750695086522e-09,
                6.893033125333113e-09,
                0.036485459839487776,
                0.9634828421736126
            ]
        ],
        [
            [
                0.8173435226444906,
                0.18265638411210913,
                5.01882858404593e-08,
                3.811955535832027e-08,
                4.9355590265884986e-09
            ],
            [
                3.2455592674553666e-09,
                5.154618998643183e-10,
                8.171875255984008e-09,
                0.6041186316831542,
                0.39588135638394945
            ],
            [
                6.330802392602868e-12,
                1.5995298161296274e-11,
                0.9999999932251913,
                2.925144603648076e-10,
                6.459968087679488e-09
            ],
            [
                0.18086209140275294,
                3.5273482502918795e-09,
                6.333700238335826e-08,
                0.05647887896050055,
                0.7626589627723959
            ],
            [
                3.0498122740989997e-07,
                4.594947457732436e-09,
                1.9682947444145674e-09,
                0.08578618603714232,
                0.9142135024183881
            ]
        ],
        [
            [
                0.999967667752893,
                3.233141628438977e-05,
                2.4842561553215376e-11,
                2.1032075734108924e-10,
                5.956591889763128e-10
            ],
            [
                4.468646716532892e-09,
                3.3399063645009997e-10,
                4.666994964688356e-09,
                0.4000711288567453,
                0.5999288616736224
            ],
            [
                3.414258210842128e-08,
                7.134247481342657e-08,
                0.9244917110539249,
                0.0755080735579909,
                1.0990302721036908e-07
            ],
            [
                1.4625900842726456e-05,
                1.4906175099226976e-08,
                5.88839340413083e-09,
                0.019767262081351156,
                0.9802180912232376
            ],
            [
                7.1660230795693984e-09,
                1.8589738983904154e-10,
                2.8086508432020722e-09,
                5.5678034131546145e-05,
                0.9999443118052972
            ]
        ],
        [
            [
                0.7673947589293714,
                0.23256462074368314,
                3.7192566899171135e-06,
                6.247261963237705e-06,
                3.0653808292302725e-05
            ],
            [
                0.0016572811710617828,
                0.9967005734693178,
                0.0001214706525107889,
                0.0015175219037775617,
                3.152803331906188e-06
            ],
            [
                1.8615711507751258e-07,
                1.165444109373522e-08,
                0.34662091713692944,
                0.23973196414638592,
                0.4136469209051284
            ],
            [
                1.5106325760483105e-08,
                1.3893346688108531e-09,
                4.152737262817948e-08,
                0.29166063377659057,
                0.7083393082003764
            ],
            [
                6.878290443190964e-09,
                2.148562329970991e-09,
                1.63178961532951e-10,
                0.3999529416917622,
                0.600047049118206
            ]
        ],
        [
            [
                0.6001407462804008,
                0.3998592535000877,
                8.105054395553073e-11,
                6.565352888943546e-11,
                7.280740930450705e-11
            ],
            [
                8.714633849948386e-07,
                1.3785705460811032e-08,
                1.067779500014764e-07,
                0.44704120150834425,
                0.5529578064646152
            ],
            [
                5.8940937081670667e-08,
                2.978272683696967e-08,
                0.3088576368012018,
                0.3061539797798078,
                0.3849882946953264
            ],
            [
                1.2037299032987431e-07,
                4.170156963913982e-09,
                1.3827185547795595e-09,
                0.21499202074043405,
                0.7850078533337
            ],
            [
                3.3271146034799518e-06,
                1.7389084752619942e-09,
                2.534628379560065e-09,
                0.006316888836137632,
                0.9936797797757221
            ]
        ],
        [
            [
                0.728395965396524,
                0.27151458232272013,
                3.310181903989737e-07,
                8.523306678098001e-05,
                3.888195784507748e-06
            ],
            [
                1.613389986143473e-07,
                1.4240004555656093e-08,
                5.057907176335042e-09,
                0.5904157927017101,
                0.40958402666137966
            ],
            [
                1.1699388613476141e-08,
                1.1818765326673721e-07,
                0.0001114042555811252,
                0.36144027881162233,
                0.6384481870457547
            ],
            [
                1.1110525558778479e-08,
                1.2230738526949437e-09,
                7.126076131240131e-10,
                0.029996464847820408,
                0.9700035221059725
            ],
            [
                1.4988098690554433e-05,
                5.887586589782866e-09,
                9.177109010387945e-08,
                0.281358065431699,
                0.7186268488109337
            ]
        ],
        [
            [
                0.9924203846799452,
                0.007579584677364799,
                1.2291258132435504e-09,
                7.4482704883959656e-09,
                2.1965293653817872e-08
            ],
            [
                1.4081421818326273e-07,
                7.3585332872904295e-09,
                9.748524744769386e-09,
                0.4073613595209052,
                0.5926384825578186
            ],
            [
                1.4877698397909236e-10,
                6.476405625956531e-09,
                0.9999993115084211,
                1.0113246663982173e-07,
                5.807339295966906e-07
            ],
            [
                1.0359788920141284e-08,
                1.2776844829404115e-08,
                3.048900158432227e-08,
                0.018881587731202236,
                0.9811183586431624
            ],
            [
                0.005814330940024423,
                5.8697020257732855e-08,
                3.866889358148058e-09,
                0.2563466439555744,
                0.7378389625404915
            ]
        ],
        [
            [
                0.7999161237373991,
                0.20008387603955746,
                3.7954974043482375e-11,
                1.576963617314502e-10,
                2.7392117525110276e-11
            ],
            [
                5.6899987814835444e-08,
                1.4376151550924762e-07,
                2.462625800644482e-06,
                0.6547620561912594,
                0.3452352805214367
            ],
            [
                5.224776768122748e-09,
                1.5337773444981574e-08,
                0.9963950261548298,
                0.003600162918728186,
                4.790363891849253e-06
            ],
            [
                3.6874034297908797e-09,
                2.079267438142001e-09,
                1.9982451682935365e-10,
                0.20031434246610863,
                0.799685651567396
            ],
            [
                0.0022104899797993484,
                9.463048031649334e-09,
                1.3648966110132014e-08,
                0.25809151643651634,
                0.7396979704716701
            ]
        ],
        [
            [
                0.5578601313265265,
                0.44213580873692976,
                1.3350659203832055e-07,
                3.618306627342534e-06,
                3.0812332446078383e-07
            ],
            [
                6.400575003886904e-09,
                1.1167349781045395e-08,
                4.5840937657484865e-07,
                0.79531501452955,
                0.20468450949314868
            ],
            [
                2.279478945745547e-08,
                3.9535454449934335e-08,
                0.997956246462994,
                0.0003247997947588579,
                0.0017188914120032258
            ],
            [
                6.867671346474234e-06,
                3.8971177526931036e-08,
                8.450927863351277e-08,
                0.3127648390550236,
                0.6872281697931738
            ],
            [
                7.331315492273173e-08,
                8.129318699620469e-08,
                4.0580056305364346e-08,
                0.3245234601168186,
                0.6754763446967832
            ]
        ],
        [
            [
                0.9462116689025092,
                0.05378832980742362,
                9.940552825692204e-11,
                8.274767989660287e-10,
                3.6318490369665335e-10
            ],
            [
                2.4484087579621553e-08,
                1.017196251205593e-08,
                8.843854776086673e-09,
                0.3556129034647208,
                0.6443870530353742
            ],
            [
                8.215629719698842e-11,
                1.8421190966242173e-10,
                0.9999998956637093,
                7.895883568765165e-08,
                2.5111086906431804e-08
            ],
            [
                0.032850271590565645,
                3.3277914763053135e-07,
                2.954377940146058e-09,
                0.14722486087839848,
                0.8199245317975103
            ],
            [
                1.0268406511982818e-07,
                2.7566721891589527e-11,
                2.8682402000509263e-09,
                0.19640276134409038,
                0.8035971330760376
            ]
        ],
        [
            [
                0.864164235786822,
                0.1358357611959674,
                6.108308675111404e-10,
                2.3518200227567816e-09,
                5.4559657004932535e-11
            ],
            [
                2.6874999696094766e-09,
                1.2024033575069053e-09,
                3.17997739249582e-08,
                0.5632188893673689,
                0.4367810749429539
            ],
            [
                1.4742751150678787e-07,
                1.0502518989402897e-07,
                0.9993657981325875,
                0.0006193498571380365,
                1.4599557573006488e-05
            ],
            [
                7.890540654801731e-08,
                1.6323347608355014e-09,
                1.2114357229261242e-09,
                0.18767272969547524,
                0.8123271885553477
            ],
            [
                0.11244614081184746,
                1.134218562128727e-08,
                3.7212364762278135e-09,
                4.220940341945822e-05,
                0.887511634721311
            ]
        ],
        [
            [
                0.7994541731395604,
                0.20054582626871792,
                2.1625384539030232e-10,
                1.7737664958567676e-10,
                1.980913566536986e-10
            ],
            [
                1.4998954054013376e-05,
                7.707803877819963e-09,
                3.345573943107775e-08,
                0.45969360185452973,
                0.5402913580278729
            ],
            [
                1.3406560934872523e-10,
                7.31605119180067e-11,
                0.9999999290886589,
                7.058032418920351e-08,
                1.2379088847427247e-10
            ],
            [
                2.5067324186149875e-09,
                1.1746177381116148e-08,
                1.3667406679925243e-08,
                0.12448571334909209,
                0.8755142587305914
            ],
            [
                1.5345651216836138e-08,
                1.7301205126120978e-09,
                7.466049620387672e-10,
                0.33583599874264136,
                0.664163983434982
            ]
        ],
        [
            [
                0.745898071200072,
                0.25410191513753266,
                4.30127070718419e-09,
                9.172575219406991e-10,
                8.44386698990416e-09
            ],
            [
                1.1825635955250523e-07,
                3.702419491458241e-09,
                1.794664993213399e-07,
                0.8205809252739464,
                0.17941877330077516
            ],
            [
                2.0576451453830588e-08,
                3.809964406742284e-07,
                9.082878761407341e-07,
                0.4671883466024852,
                0.5328103435367465
            ],
            [
                6.196937515407514e-08,
                1.840435741116223e-10,
                9.499764328733136e-09,
                0.00041614986837647624,
                0.9995837784784405
            ],
            [
                2.0231180395507426e-06,
                2.3904896988222255e-09,
                1.7642852366498355e-08,
                0.20029691480113018,
                0.7997010420474882
            ]
        ],
        [
            [
                0.9944875633288528,
                0.005512267276473109,
                1.2290854367754674e-08,
                1.0220291719107204e-08,
                1.4688352807188135e-07
            ],
            [
                0.8127055624786871,
                0.18729436194736435,
                2.8521744840333184e-09,
                2.5497554102573742e-08,
                4.722421985617046e-08
            ],
            [
                1.2836206347280902e-09,
                3.4397752597190786e-09,
                0.9999963650973672,
                2.6139574423819186e-06,
                1.01622179444575e-06
            ],
            [
                3.347446758180077e-06,
                3.073914703941171e-09,
                3.9133043316627206e-10,
                8.874961060047953e-05,
                0.9999078994773962
            ],
            [
                0.0001822169501765632,
                2.174788463537736e-09,
                1.9248176605797138e-08,
                9.117503674939631e-05,
                0.999726586590109
            ]
        ],
        [
            [
                0.8791115124188308,
                0.12088848520728006,
                1.6139773176883237e-10,
                8.6704441110449e-10,
                1.3454469556658623e-09
            ],
            [
                1.411410723821701e-08,
                3.803904149562246e-08,
                3.6566757365258872e-09,
                0.40002046297989974,
                0.5999794812102758
            ],
            [
                9.017051947820606e-11,
                1.2548576280172164e-10,
                0.9999999629136839,
                3.552356900515166e-08,
                1.34709083093637e-09
            ],
            [
                0.005206770040073048,
                2.7757958191888554e-09,
                9.983667487230345e-09,
                0.15469716353179125,
                0.8400960536686725
            ],
            [
                1.244601909569885e-06,
                4.8928405015193594e-08,
                4.869909470136788e-08,
                0.5703383967402804,
                0.4296602610303104
            ]
        ],
        [
            [
                0.9985124166340615,
                0.0014875831753735412,
                7.17829351716864e-11,
                9.175516578228826e-11,
                2.7026788509972735e-11
            ],
            [
                9.559871507452395e-10,
                3.44687310861407e-08,
                8.074648976163924e-09,
                0.8444631812292872,
                0.15553677527134555
            ],
            [
                2.615004143920991e-08,
                1.8080468662990998e-07,
                0.9373269241607853,
                0.0013385999582102694,
                0.06133426892627634
            ],
            [
                4.034065853473943e-05,
                1.7143585547991748e-08,
                1.1280530004983944e-08,
                0.20762776365912824,
                0.7923318672582215
            ],
            [
                0.12449186105040484,
                1.1436150742618829e-08,
                5.716702451141423e-11,
                0.14847616902439936,
                0.7270319584318781
            ]
        ],
        [
            [
                0.7998697347169573,
                0.20013026492719588,
                1.1148884646990232e-10,
                1.3313298508917663e-10,
                1.1122507100312427e-10
            ],
            [
                2.255209414066252e-08,
                2.7040973355165925e-09,
                3.9152187203856e-09,
                0.7837530629353106,
                0.2162469078932793
            ],
            [
                2.878050970344166e-08,
                1.1827905283817538e-08,
                0.999418566720531,
                0.0005811976502470412,
                1.9502080701388655e-07
            ],
            [
                3.158689131906966e-05,
                1.7572585648000237e-08,
                5.242023269245807e-10,
                0.2052680256956393,
                0.7947003693162537
            ],
            [
                0.0008140290287989578,
                6.881321653936483e-10,
                8.554004789422269e-09,
                0.23375896117335584,
                0.7654270005557082
            ]
        ],
        [
            [
                0.7984637909841621,
                0.20153619543345083,
                4.722210737819645e-09,
                6.605316613608379e-09,
                2.2548597273188996e-09
            ],
            [
                1.6087823156268642e-06,
                8.413416284481881e-09,
                1.7400868235427096e-08,
                0.40875010165337555,
                0.5912482637500243
            ],
            [
                8.403076359659793e-07,
                3.121057469924347e-07,
                6.0564056096157855e-05,
                0.6612695923211138,
                0.33866869120940707
            ],
            [
                6.902970969978547e-07,
                1.4487828820697648e-08,
                5.035223453032995e-08,
                0.5374758637342993,
                0.46252338112854047
            ],
            [
                0.05378860749342228,
                8.421569426659157e-09,
                1.3051246578280838e-08,
                0.36224403922494425,
                0.5839673318088175
            ]
        ],
        [
            [
                0.9971619762822473,
                0.0028380234189644194,
                1.609568904379174e-10,
                1.0894894958060882e-10,
                2.8882311908706982e-11
            ],
            [
                3.9446204308406215e-09,
                3.733970262650393e-09,
                1.6555107945567055e-07,
                0.6006653968014471,
                0.39933442996888274
            ],
            [
                6.034970169760849e-11,
                4.459949279008366e-11,
                0.9999998946309466,
                1.0154451677187215e-07,
                3.7195874972199973e-09
            ],
            [
                0.0017155752962983016,
                1.3819876070550222e-08,
                6.951585954169394e-08,
                0.31290509824625545,
                0.6853792431217107
            ],
            [
                4.300918530544206e-06,
                4.577998299980266e-09,
                2.437604084811988e-09,
                0.0010708317501027453,
                0.9989248603157643
            ]
        ],
        [
            [
                0.41410119410583807,
                0.5858988052429082,
                2.853611700912826e-10,
                2.3455347059111483e-10,
                1.3133904826957772e-10
            ],
            [
                3.986036718287857e-09,
                3.180249961478138e-08,
                4.190783901529232e-09,
                0.21561603025440784,
                0.7843839297662719
            ],
            [
                1.295593945661886e-06,
                1.3509426518406307e-06,
                0.2193717087442463,
                0.3742041544915376,
                0.40642149022761853
            ],
            [
                1.0094469059851968e-08,
                1.1226146833105951e-08,
                1.8077927361103397e-09,
                0.2021973871693466,
                0.7978025897022448
            ],
            [
                2.1616834517652487e-09,
                2.9034139346582527e-09,
                1.7624435761668665e-08,
                0.19574488392949763,
                0.8042550933809692
            ]
        ],
        [
            [
                0.9999229753768446,
                7.702402927467971e-05,
                9.218179733436435e-11,
                4.2333979477544365e-10,
                7.835894593841635e-11
            ],
            [
                2.589286404210944e-08,
                2.8804888634157155e-09,
                3.824277540941297e-07,
                0.8640448471372796,
                0.13595474166161337
            ],
            [
                5.687476981245587e-07,
                2.484026875714165e-07,
                0.2239035999495379,
                0.42787804528362033,
                0.34821753761645596
            ],
            [
                3.4846168714055327e-06,
                6.5723208786145975e-09,
                1.7084102432204966e-08,
                0.008261841114460515,
                0.9917346506122448
            ],
            [
                0.002216384898188653,
                5.460588243107415e-09,
                3.3006547306465607e-09,
                0.0011660841622223854,
                0.996617522178346
            ]
        ],
        [
            [
                0.9999867279122495,
                1.326806041348297e-05,
                5.637555683087177e-10,
                3.1283029275239473e-10,
                3.150751032048657e-09
            ],
            [
                1.4361615955014347e-09,
                3.666382556561378e-10,
                1.2714477748854775e-08,
                0.7988630001111962,
                0.20113698537152627
            ],
            [
                1.0976566689890103e-08,
                7.700168070958272e-07,
                3.438467540040811e-06,
                0.8754348802220836,
                0.12456090031700254
            ],
            [
                7.553477638813572e-09,
                2.949694096928595e-09,
                2.5601192147468953e-08,
                0.19669367464810922,
                0.8033062892475269
            ],
            [
                1.3812067326362241e-08,
                4.8552338492541325e-09,
                4.80180802550633e-10,
                7.182990095222445e-06,
                0.9999927978624228
            ]
        ],
        [
            [
                0.9802952125681484,
                0.019704785216558707,
                4.794123261148294e-10,
                9.390893505354316e-10,
                7.967910639891486e-10
            ],
            [
                4.3526842025414773e-07,
                5.530645189575302e-09,
                2.823331701203331e-09,
                0.7708485473431319,
                0.22915100903447094
            ],
            [
                2.7215586597753524e-08,
                2.2210239408326422e-08,
                4.557767326426931e-08,
                0.6882545852508606,
                0.3117453197456401
            ],
            [
                1.889152859276652e-08,
                5.62012200291807e-10,
                6.610180105034049e-09,
                0.4495932523359339,
                0.5504067216003451
            ],
            [
                0.0028086065934270865,
                6.085732714285527e-09,
                5.84984645528871e-08,
                0.3599096691375892,
                0.6372816596847865
            ]
        ],
        [
            [
                0.9999883380551703,
                1.166184236335572e-05,
                2.9335613849589116e-11,
                6.839488625419839e-11,
                4.735899810595449e-12
            ],
            [
                5.3540822408920434e-08,
                3.092892887075368e-07,
                4.6972593951245017e-07,
                0.5762208103982228,
                0.4237783570457266
            ],
            [
                7.330702471153012e-09,
                4.638780400407261e-09,
                1.3588303964831736e-07,
                0.6238398124725292,
                0.3761600396749483
            ],
            [
                0.0009947411551401346,
                2.3453432053338955e-05,
                3.8407766197685914e-07,
                0.7745323634692145,
                0.22444905786592992
            ],
            [
                0.00014208837817493937,
                1.430055777153215e-09,
                9.28319559750268e-09,
                0.13587641067385503,
                0.8639814902347187
            ]
        ],
        [
            [
                0.9834896464372389,
                0.01651033464825863,
                9.480935907205215e-10,
                8.71935759122896e-09,
                9.247051387470182e-09
            ],
            [
                1.3115560574854378e-07,
                1.9250089203933445e-09,
                4.536743227558081e-10,
                0.8045105329456717,
                0.19548933352003936
            ],
            [
                3.70149787856979e-09,
                2.519642174621309e-08,
                0.995783703491479,
                0.0006302336022061053,
                0.003586034008395224
            ],
            [
                4.0201464418561456e-08,
                2.4980446162544175e-09,
                6.386023304675936e-09,
                0.21315729814585577,
                0.786842652768612
            ],
            [
                2.1948077180828793e-07,
                7.764410187130015e-09,
                5.235046875625309e-08,
                0.20009162045536588,
                0.7999080999489834
            ]
        ],
        [
            [
                0.7994651153462866,
                0.20053477574606438,
                1.0588767737056703e-09,
                9.001315735994287e-08,
                1.783561497607471e-08
            ],
            [
                4.231295918768068e-09,
                4.087420847292402e-09,
                9.296905315144175e-10,
                0.7954030533702071,
                0.20459693738138565
            ],
            [
                2.1298693686463528e-08,
                1.669760858592725e-07,
                0.9996817800661275,
                0.00011083004003141293,
                0.00020720161906154192
            ],
            [
                2.767151711877275e-05,
                5.124710868930215e-09,
                2.264413063446696e-09,
                0.19722885350098462,
                0.8027434675927727
            ],
            [
                0.0021974005829148713,
                1.7177122883553684e-08,
                6.6788067030518144e-09,
                0.33026817449826246,
                0.6675344010628931
            ]
        ],
        [
            [
                0.4681680668149804,
                0.5318317652089899,
                9.074044748050876e-09,
                9.986584406359634e-08,
                5.9036140879463124e-08
            ],
            [
                5.694660040888317e-10,
                4.5681391130657955e-09,
                2.9224999948464243e-07,
                0.5985937301955371,
                0.4014059724168583
            ],
            [
                2.793389003768239e-09,
                2.335583950021439e-09,
                0.9999770546613868,
                7.901533134495748e-06,
                1.5038676505710216e-05
            ],
            [
                1.604176331294818e-10,
                6.032043853072945e-10,
                9.266951940524875e-10,
                0.19405593425962203,
                0.8059440640500608
            ],
            [
                0.0015447424233500805,
                6.85687260393855e-09,
                3.010618662484116e-08,
                0.43439425314201835,
                0.5640609674715723
            ]
        ],
        [
            [
                0.9982818412010419,
                0.0017181494176804221,
                6.829653140888598e-10,
                2.1708670012734692e-09,
                6.527445336910033e-09
            ],
            [
                0.03315915019374455,
                0.964279683650711,
                0.0006571400633082839,
                0.0018471909297416965,
                5.683516249430268e-05
            ],
            [
                5.081970984523389e-09,
                2.0707919695790013e-08,
                0.9944460284305311,
                0.00473992859597382,
                0.0008140171836044302
            ],
            [
                1.427022232316886e-09,
                1.0436126348604109e-10,
                5.796098446939695e-09,
                0.01630107694674759,
                0.9836989157257705
            ],
            [
                5.576230871118371e-06,
                2.6325510143391537e-08,
                8.551595978426802e-09,
                0.3776403161816892,
                0.6223540727103337
            ]
        ],
        [
            [
                0.9953712916370724,
                0.004628701412794145,
                4.516053453631959e-10,
                2.0998255333127768e-09,
                4.398702710365526e-09
            ],
            [
                2.797319732594464e-08,
                9.476325271521245e-08,
                4.54017270826026e-08,
                0.3270560602292209,
                0.672943771632602
            ],
            [
                1.790996495876979e-06,
                1.2269472860507602e-05,
                0.1687438598547545,
                0.6330626515835334,
                0.19817942809235564
            ],
            [
                1.831175637172736e-09,
                1.1761384236701251e-08,
                3.6028253716901576e-08,
                0.1941759249152956,
                0.8058240254638908
            ],
            [
                0.0006397801302348888,
                1.0249877679751806e-08,
                2.4068862228722758e-09,
                0.004693242106753346,
                0.9946669651062479
            ]
        ],
        [
            [
                0.996879945404618,
                0.0031200515424332958,
                3.9619224641718117e-10,
                1.654806826014486e-09,
                1.0019496412787876e-09
            ],
            [
                1.7665670199077392e-09,
                4.709231131587688e-08,
                4.8329335656100114e-08,
                0.6035991277554129,
                0.3964007750563731
            ],
            [
                2.993775354091143e-09,
                8.095695661591148e-09,
                2.97673208196931e-06,
                0.9994220729193961,
                0.0005749392590509107
            ],
            [
                6.469757571864492e-09,
                1.9702603245945946e-08,
                1.0004027139878264e-09,
                0.2928337224054957,
                0.7071662504217407
            ],
            [
                7.209560161631031e-09,
                6.299102839707597e-09,
                2.435986470939827e-10,
                0.2123255912228505,
                0.7876743950248879
            ]
        ],
        [
            [
                0.9612999559937793,
                0.03870004186903623,
                7.683327867411941e-10,
                3.160513853904128e-10,
                1.052800238991813e-09
            ],
            [
                5.57310205236666e-09,
                7.353986504289967e-08,
                4.136057986836649e-08,
                0.39675525975270287,
                0.6032446197737502
            ],
            [
                2.0808049359192775e-06,
                5.160194689598617e-07,
                0.4604559134834397,
                0.43645591734827327,
                0.10308557234388205
            ],
            [
                5.794177076710032e-07,
                2.9400807805833594e-09,
                5.463771440505259e-10,
                0.19904185834307267,
                0.8009575587527618
            ],
            [
                0.00010805153319373089,
                6.3369024127569e-10,
                9.762380546197477e-09,
                0.140541886101504,
                0.8593500519692314
            ]
        ],
        [
            [
                0.9969474103681296,
                0.0030525871786104223,
                5.180751772575114e-10,
                8.276424924284015e-10,
                1.107542382042909e-09
            ],
            [
                6.214906653104264e-08,
                1.3760467731924032e-08,
                4.643909488165923e-07,
                0.21073242562415995,
                0.7892670340753569
            ],
            [
                4.495662538300722e-09,
                1.8309693349529103e-08,
                0.9998309106280994,
                0.00010200487489262315,
                6.70616916521432e-05
            ],
            [
                1.1418249902022097e-09,
                1.5063047203904847e-09,
                2.7691773065445493e-09,
                0.00012223319326842288,
                0.9998777613894245
            ],
            [
                1.3770278078888585e-06,
                1.14832898041736e-08,
                2.2673180278515668e-08,
                0.06455176489372373,
                0.9354468239219983
            ]
        ],
        [
            [
                0.9995844098096566,
                0.0004155805739732121,
                1.7003180677000668e-09,
                7.364401342296881e-09,
                5.516507284960938e-10
            ],
            [
                8.474992867835331e-09,
                8.638390827168417e-10,
                2.27416505559872e-09,
                0.789356959304095,
                0.21064302908290808
            ],
            [
                8.547767035912637e-08,
                7.32563366102768e-08,
                0.9964156721787972,
                0.0035411645080235246,
                4.300457917235077e-05
            ],
            [
                2.883856633067509e-07,
                6.856842396023136e-09,
                2.1607218128133893e-10,
                0.39749210553262676,
                0.6025075990087954
            ],
            [
                9.103068624314537e-09,
                2.1189189046883144e-10,
                2.6840274530466442e-09,
                0.0028992302041190962,
                0.9971007577968929
            ]
        ],
        [
            [
                0.7988498782960874,
                0.20115010378018428,
                3.3276524202087004e-09,
                2.890766593835447e-09,
                1.170530928470974e-08
            ],
            [
                0.00011346114838418057,
                3.01642026250988e-08,
                7.258213127267265e-09,
                0.7081319302654401,
                0.2917545711637599
            ],
            [
                1.4017148302658783e-07,
                4.178600436579922e-07,
                0.9744284572588,
                0.001732022325290338,
                0.023838962384382847
            ],
            [
                0.08660644507097996,
                2.562731908205963e-09,
                2.584786608041316e-07,
                0.06361090852400833,
                0.8497823853636189
            ],
