{
    "[['A', 'B', 'C', 'D', 'E'], ['A', 'B', 'C', 'D', 'E']]": [
        [
            [
                0.9358330778645882,
                0.0641669205519663,
                2.367099949544458e-11,
                3.9461556958545494e-11,
                1.5203129778608478e-09
            ],
            [
                0.8754931018794051,
                0.12450689277609095,
                2.447355486155107e-10,
                1.963869257534358e-09,
                3.135899142294453e-09
            ],
            [
                2.4593115509264866e-08,
                1.0903649630127419e-05,
                0.5999387217739767,
                0.3998689873522254,
                0.00018136263105222406
            ],
            [
                1.318543257679373e-08,
                7.724623868835074e-09,
                5.4227800260808006e-09,
                0.21491737812372347,
                0.7850825955434401
            ],
            [
                1.990876663509315e-08,
                4.140290880070631e-09,
                5.3957245298444315e-09,
                0.20141361254366436,
                0.7985863580115535
            ]
        ],
        [
            [
                0.9999967401241161,
                3.2591140021932116e-06,
                3.7452493679486734e-11,
                7.240023663616347e-11,
                6.520290444254293e-10
            ],
            [
                0.8006057994601766,
                0.19939419981820022,
                1.0434555883504505e-10,
                1.577774597147572e-10,
                4.595001055291722e-10
            ],
            [
                2.948224901870522e-07,
                1.7189719625494608e-05,
                0.8613031588220617,
                0.1386421766669631,
                3.7179968859701354e-05
            ],
            [
                1.2280023220589986e-09,
                1.4140992149793733e-08,
                3.2432326291627473e-09,
                0.22088761384094813,
                0.7791123675468248
            ],
            [
                1.8213719251463114e-09,
                1.4168809934847155e-09,
                3.5765917557242137e-10,
                0.3705560886795637,
                0.6294439077245242
            ]
        ],
        [
            [
                0.9999998696028879,
                1.3014123777120774e-07,
                3.6436393585699105e-11,
                1.7203458504685337e-10,
                4.74032644318895e-11
            ],
            [
                0.9999973505858137,
                2.6493177276659274e-06,
                7.357927700529882e-11,
                1.7060086640498228e-11,
                5.8191432194625755e-12
            ],
            [
                9.094419125619852e-08,
                2.105212815167518e-06,
                0.37605570390412885,
                0.6074702624346254,
                0.01647183750423932
            ],
            [
                1.506479342084195e-08,
                5.7008259296742584e-08,
                1.4022971757100852e-08,
                0.5561620768317971,
                0.44383783707217833
            ],
            [
                1.009525748671757e-09,
                1.9564857682464128e-08,
                6.3364503216204085e-09,
                0.5970700208801086,
                0.4029299522090577
            ]
        ],
        [
            [
                0.8641639284412557,
                0.13583607018503308,
                6.505273670102997e-10,
                6.520735380852211e-10,
                7.111039412966598e-11
            ],
            [
                0.9917150091457614,
                0.008284989588496,
                3.3796724017361475e-10,
                4.842043995830673e-10,
                4.4357104666927023e-10
            ],
            [
                7.929936130989395e-11,
                3.804950642830756e-10,
                0.9999999724897891,
                2.3646650813139103e-08,
                3.4037656859927696e-09
            ],
            [
                9.57042962281021e-08,
                2.753175450799324e-08,
                3.079561233161501e-08,
                0.7496609154439795,
                0.25033893052435746
            ],
            [
                4.153570891425841e-10,
                3.6374566088310677e-10,
                9.05015727869951e-09,
                0.5941085383067949,
                0.405891451863945
            ]
        ],
        [
            [
                0.9998577907223027,
                0.0001422087800418905,
                1.0431014141011225e-10,
                2.586304980448502e-11,
                3.6748220658351895e-10
            ],
            [
                0.8434744226969482,
                0.15652557198658446,
                1.3980171756125244e-09,
                3.0634975725916914e-09,
                8.549526608562033e-10
            ],
            [
                4.938240484077966e-06,
                0.004745315236734157,
                0.5046840065459264,
                0.48576350679388774,
                0.004802233182967778
            ],
            [
                2.2415866392979411e-10,
                7.510107064662632e-10,
                9.320995218361712e-10,
                0.4037516518495691,
                0.596248346243162
            ],
            [
                3.701040357498604e-08,
                4.14294899185555e-09,
                3.085291256208353e-08,
                0.6009748921958437,
                0.39902503579789117
            ]
        ],
        [
            [
                0.9999974507069199,
                2.549170586488524e-06,
                6.248597232526979e-11,
                1.9290046616417664e-11,
                4.071751735619451e-11
            ],
            [
                0.9999909237231419,
                9.075708886136693e-06,
                6.185886124428217e-11,
                8.16863220336163e-11,
                4.244267313784803e-10
            ],
            [
                9.3481211284637e-08,
                2.531335132681824e-05,
                0.998892748023029,
                0.0010683155614147233,
                1.3529583018318165e-05
            ],
            [
                1.5766549312885524e-09,
                2.5625249881316373e-09,
                1.3471136892526219e-08,
                0.4033787137517139,
                0.5966212686379693
            ],
            [
                5.137581555551311e-10,
                2.669616027241794e-10,
                2.6300487381542036e-10,
                0.9986578442287248,
                0.001342154727550504
            ]
        ],
        [
            [
                0.9999986044434188,
                1.3952618889076594e-06,
                2.7771805740375002e-11,
                3.538933545771416e-11,
                2.3153099934138213e-10
            ],
            [
                0.7718916076263707,
                0.2281083777294369,
                2.3053462793475498e-09,
                7.98256654164467e-09,
                4.356279692004328e-09
            ],
            [
                2.6907560921658727e-10,
                9.639790108440658e-09,
                2.150840347825124e-06,
                0.9999949035995495,
                2.935651237074525e-06
            ],
            [
                5.09092229300202e-09,
                3.227227352162371e-08,
                1.2642376867232591e-08,
                0.41121119326517297,
                0.5887887567292543
            ],
            [
                7.437597855597065e-11,
                4.684364321844769e-09,
                3.1667038429128206e-10,
                0.4013507057313132,
                0.5986492891932761
            ]
        ],
        [
            [
                0.9995038496769899,
                0.0004961501312388097,
                1.3782694519967265e-10,
                1.4542998304645066e-11,
                3.9401356549235934e-11
            ],
            [
                0.4255795127430897,
                0.5744204603289242,
                2.940520945370771e-09,
                2.211734240586323e-08,
                1.8701226533929524e-09
            ],
            [
                2.642119552692877e-07,
                7.207946958257159e-06,
                0.6021839728975236,
                0.39562886200816866,
                0.0021796929353943176
            ],
            [
                7.137998885863802e-09,
                3.824983172485974e-09,
                3.228370462577577e-08,
                0.6267971617369413,
                0.37320279501637205
            ],
            [
                8.608330580453962e-10,
                9.192164600532883e-10,
                1.3111368606624928e-10,
                0.19703779775809288,
                0.802962200330744
            ]
        ],
        [
            [
                0.8364850691201328,
                0.16351493016264046,
                1.7350113936186659e-10,
                4.90425248709838e-10,
                5.330037054481321e-11
            ],
            [
                1.1118642528584908e-07,
                4.484585205944599e-06,
                0.03042631484740561,
                0.9659669276148203,
                0.003602161766142863
            ],
            [
                1.4989469601223352e-09,
                4.3367414661777485e-08,
                0.9999982641578465,
                9.68702122022e-08,
                1.5941055796138242e-06
            ],
            [
                2.6757958916187994e-09,
                4.41259784317442e-09,
                1.6729503789974279e-09,
                0.9352314300011711,
                0.0647685612374846
            ],
            [
                4.63785291944519e-09,
                3.2769702249026472e-09,
                3.5849893971463574e-09,
                0.17858037506874105,
                0.8214196134314464
            ]
        ],
        [
            [
                0.9999999973747191,
                2.601993367632008e-09,
                9.551245296096801e-12,
                5.679456667307193e-12,
                8.056972466641106e-12
            ],
            [
                0.9570738030861882,
                0.042926194071399665,
                1.6042217296857526e-10,
                1.1763931249143147e-09,
                1.505596841793782e-09
            ],
            [
                6.800042750922231e-08,
                5.226606902151957e-07,
                0.3992506728209078,
                0.5856209774646269,
                0.015127759053347414
            ],
            [
                5.9241367753828415e-09,
                7.033942674532798e-08,
                2.070943161532929e-08,
                0.4198387858495854,
                0.5801611171774194
            ],
            [
                1.35702968755624e-08,
                4.97437557280936e-08,
                7.750695790316379e-08,
                0.7789251845010069,
                0.22107467467798253
            ]
        ],
        [
            [
                0.9999593046940521,
                4.069480926567016e-05,
                2.7504029442079568e-11,
                5.2279386051435913e-11,
                4.1689879276429736e-10
            ],
            [
                0.9925185658834367,
                0.007481432027371817,
                3.3584934244595026e-10,
                1.1728864545897383e-10,
                1.6360535053146553e-09
            ],
            [
                6.15585469354586e-07,
                5.576129302521755e-07,
                0.9998893501799714,
                8.11297779119058e-05,
                2.8346843717134558e-05
            ],
            [
                9.019364417082474e-10,
                1.567686985288528e-08,
                3.3851155917226834e-09,
                0.6122536123294491,
                0.387746367706629
            ],
            [
                2.82235064502478e-08,
                1.2456119694153805e-07,
                7.466399559872132e-09,
                0.6717195078398123,
                0.3282803319090848
            ]
        ],
        [
            [
                0.999170648550624,
                0.0008293505114827356,
                3.6358081461062016e-11,
                3.4469739146931566e-10,
                5.568377975426114e-10
            ],
            [
                0.9998857018866802,
                0.00011429658424056227,
                7.076898033617323e-10,
                5.617194958927717e-10,
                2.59669868180099e-10
            ],
            [
                4.983211791698512e-12,
                1.9399814903638524e-11,
                0.9999999999585878,
                1.2990322498833257e-11,
                4.039017834182462e-12
            ],
            [
                8.244585262624337e-10,
                7.40134657037693e-09,
                5.344935846985984e-10,
                0.6015689960295939,
                0.39843099521010744
            ],
            [
                2.2461999204589753e-10,
                4.466375422740805e-11,
                2.557001076849325e-11,
                8.61116783799357e-05,
                0.9999138880267663
            ]
        ],
        [
            [
                0.9999997063803279,
                2.933933439522587e-07,
                3.689237328611248e-11,
                9.196519482385883e-11,
                9.747057836919993e-11
            ],
            [
                0.26260825978521046,
                0.7373916514506489,
                1.0623396604792613e-08,
                7.11333244524513e-08,
                7.007419489429611e-09
            ],
            [
                2.037951467712789e-06,
                0.00021712096058940496,
                0.016626354664583853,
                0.9628613904477586,
                0.02029309597560042
            ],
            [
                3.3997710521439635e-08,
                3.046639879300911e-06,
                3.208033942701606e-06,
                0.9702572039471141,
                0.02973650738135332
            ],
            [
                3.085249497152715e-10,
                2.50354070115539e-09,
                3.2380141046745554e-09,
                0.3989580047989456,
                0.6010419891509747
            ]
        ],
        [
            [
                0.9996459295005814,
                0.0003540699104368216,
                2.565148848832832e-10,
                2.2177546140389176e-10,
                1.1069135394735599e-10
            ],
            [
                0.9999966740534468,
                3.3252258813906754e-06,
                1.4821899693282432e-11,
                1.0183540607347017e-10,
                6.040143768534575e-10
            ],
            [
                1.9890891613488524e-08,
                2.0133009294592289e-07,
                1.7275369401736004e-06,
                0.9963724220348196,
                0.0036256292072556562
            ],
            [
                1.0684312994581778e-06,
                4.096802297979916e-06,
                1.1791214773391195e-05,
                0.7917591862145971,
                0.20822385733703222
            ],
            [
                6.095935420271441e-09,
                1.1827179448466577e-09,
                3.775116479297095e-10,
                0.74829264558131,
                0.2517073467625249
            ]
        ],
        [
            [
                0.9999991354613065,
                8.644485282055514e-07,
                3.486568871123449e-11,
                2.0685315280348624e-11,
                3.46142643845999e-11
            ],
            [
                0.0004553598480661979,
                0.8291439953021089,
                6.382685631965682e-05,
                0.17032876348711717,
                8.054506387951341e-06
            ],
            [
                8.913333786993478e-06,
                0.002479342624761971,
                0.5268244033520683,
                0.4704464720330134,
                0.00024086865636931723
            ],
            [
                6.543310611616551e-09,
                5.689140345484955e-09,
                2.4609599361405716e-08,
                0.6271583196948719,
                0.37284164346307785
            ],
            [
                6.792077823165433e-10,
                6.699813839518942e-09,
                8.045397545850707e-10,
                0.1778898942578983,
                0.8221100975585404
            ]
        ],
        [
            [
                0.9999999778840132,
                2.2073827931649505e-08,
                2.3629763153149048e-11,
                3.19294855269776e-12,
                1.5336174067714847e-11
            ],
            [
                0.9987725246283865,
                0.0012274749527439045,
                2.547163117245172e-10,
                7.486168000460675e-11,
                8.929146468735875e-11
            ],
            [
                9.820672994683678e-10,
                2.2721579181427788e-08,
                0.9999954726567369,
                4.478728895674808e-06,
                2.4910720863685063e-08
            ],
            [
                3.122212765353143e-09,
                4.1055099618246775e-10,
                2.313747798662792e-09,
                0.7990534589231683,
                0.2009465352303201
            ],
            [
                5.79690717249387e-10,
                1.0458612562812739e-09,
                2.748605629770028e-11,
                0.7064596832103999,
                0.2935403151365621
            ]
        ],
        [
            [
                0.8566945886952483,
                0.14330540714718212,
                8.177782398717686e-10,
                1.8230824373902042e-10,
                3.1574830955665517e-09
            ],
            [
                0.6150889707507481,
                0.38491102439711183,
                7.316309513629253e-10,
                3.7297977094240854e-09,
                3.907115230170832e-10
            ],
            [
                3.036560659309551e-06,
                0.0442262236032951,
                0.7145871442244288,
                0.24113744162105805,
                4.615399055859976e-05
            ],
            [
                1.3050930084614398e-07,
                3.5463334990837594e-08,
                2.878678497249771e-07,
                0.785477685905618,
                0.21452186025389652
            ],
            [
                1.0387348429795919e-09,
                7.47988143066098e-09,
                2.3226340412744486e-08,
                0.6444394302274336,
                0.35556053802760984
            ]
        ],
        [
            [
                0.9995011681627071,
                0.0004988311713553268,
                7.00368773383017e-11,
                3.8153050975513383e-10,
                2.1437031757006504e-10
            ],
            [
                0.9862572479740209,
                0.013742751024108248,
                4.170136841055927e-10,
                2.564089494813399e-10,
                3.2844817161498293e-10
            ],
            [
                3.592102449912791e-07,
                3.76577300984921e-05,
                0.984786788201444,
                0.015171674216801854,
                3.52064141047947e-06
            ],
            [
                8.713629464088627e-10,
                7.797816958757443e-10,
                5.025405257481957e-10,
                0.992374378601256,
                0.007625619245058731
            ],
            [
                2.026191162164827e-06,
                6.998826007763123e-10,
                2.558430095416666e-09,
                0.5957726649487363,
                0.4042253056017889
            ]
        ],
        [
            [
                0.9999918867307136,
                8.11299602302815e-06,
                1.0611258558731645e-10,
                3.558713498528323e-11,
                1.3156374100239545e-10
            ],
            [
                0.862436998610569,
                0.13756299986898338,
                8.964208445414738e-10,
                3.70384976747653e-10,
                2.536418369716519e-10
            ],
            [
                1.4378852840987194e-07,
                7.92430614390053e-06,
                0.9755073577572663,
                0.02447945918068381,
                5.114967377605321e-06
            ],
            [
                3.9412400583293777e-10,
                4.3835720886279706e-10,
                4.149596967758966e-10,
                0.8000298541425105,
                0.19997014461004867
            ],
            [
                4.532051479799309e-10,
                8.109123180359921e-10,
                8.248864776547216e-10,
                0.40073534242098824,
                0.5992646554900078
            ]
        ],
        [
            [
                0.9844429956252886,
                0.015557003545587521,
                2.100029020443273e-10,
                3.76749352660347e-10,
                2.423716416117301e-10
            ],
            [
                0.8641615040943074,
                0.13583849500526618,
                7.858683654879601e-10,
                6.609565713170569e-11,
                4.846250032340826e-11
            ],
            [
                1.8134740976419637e-07,
                1.6648722075520616e-07,
                0.00013284154314555967,
                0.8119433917098036,
                0.18792341891242037
            ],
            [
                4.845569813900127e-10,
                9.9175699216752e-10,
                6.023926756979329e-10,
                0.6342349990974164,
                0.36576499882387686
            ],
            [
                1.4678425509912523e-10,
                1.3156222573208342e-09,
                6.116297891996487e-10,
                0.4677981673300328,
                0.5322018305959308
            ]
        ],
        [
            [
                0.8118232591418377,
                0.1881767392174031,
                7.912200925290421e-10,
                2.659224104624924e-10,
                5.836166849176644e-10
            ],
            [
                0.5460738236557611,
                0.45392617427896575,
                1.0530861849107625e-09,
                3.656980690813263e-10,
                6.464890082217953e-10
            ],
            [
                4.503989316736394e-12,
                1.6313548046433373e-11,
                0.9999999998661404,
                1.0731675068916586e-10,
                5.725216096282079e-12
            ],
            [
                6.698991884936128e-09,
                3.3525070466675046e-08,
                7.533001436048319e-08,
                0.26562805180004956,
                0.7343718326458737
            ],
            [
                3.169962732517175e-07,
                1.7316090850798968e-08,
                2.1194397305974172e-09,
                0.061215717089571305,
                0.9387839464786248
            ]
        ],
        [
            [
                0.9999999823443824,
                1.761906940506367e-08,
                1.2845232767126331e-11,
                1.5200268594190607e-12,
                2.2182943851253e-11
            ],
            [
                0.9999930467645075,
                6.9499686569758575e-06,
                2.918260577926065e-10,
                9.000608365507603e-11,
                2.885003447528951e-09
            ],
            [
                2.010048372481401e-08,
                4.06910968582839e-05,
                9.082476071590625e-08,
                0.9976469168985579,
                0.0023122810793393205
            ],
            [
                5.653006548895323e-09,
                1.1816853741006004e-09,
                7.5928191866794e-09,
                0.7930828749255281,
                0.20691711064696078
            ],
            [
                5.787511831220001e-07,
                2.8570560997873518e-08,
                2.9911755279311408e-09,
                0.39391746913685083,
                0.6060819205502295
            ]
        ],
        [
            [
                0.9996997379338469,
                0.00030026194420224847,
                8.515881213818767e-11,
                6.258581561730681e-12,
                3.053354825117439e-11
            ],
            [
                0.02659727893362492,
                0.9727197437254185,
                0.0006734411396436009,
                8.73494564038624e-06,
                8.012556726172772e-07
            ],
            [
                7.912987420702266e-07,
                0.001996033745896608,
                0.9531284016249583,
                0.041486714098626934,
                0.003388059231776175
            ],
            [
                1.1877607831168248e-09,
                2.741656014703371e-10,
                5.05072982763585e-10,
                0.39832349787237936,
                0.6016765001606212
            ],
            [
                1.2084928268146518e-09,
                1.1971708982572556e-09,
                3.271043694496086e-08,
                0.8194015252181379,
                0.18059843966576128
            ]
        ],
        [
            [
                0.999987869510243,
                1.2130433535444048e-05,
                2.1319513604788407e-11,
                3.40003738963253e-11,
                9.017493699640309e-13
            ],
            [
                0.7893649480184239,
                0.2106350509775068,
                2.944128022366336e-10,
                4.18612524238996e-10,
                2.910439575530153e-10
            ],
            [
                2.3219894688796017e-06,
                0.0002944440036715331,
                0.055843891318150984,
                0.9437231143311878,
                0.00013622835752077732
            ],
            [
                3.349501229467949e-09,
                1.1460085284281241e-08,
                2.69751562157502e-09,
                0.8356069302320962,
                0.16439305226080164
            ],
            [
                1.0088813318071892e-07,
                5.383781608330778e-09,
                6.318878310968879e-09,
                0.0013908106782861466,
                0.9986090767309207
            ]
        ],
        [
            [
                0.9954045218240647,
                0.004595476304080461,
                1.871781280578733e-11,
                3.903303375861381e-11,
                1.8141040797149322e-09
            ],
            [
                0.8094821366167445,
                0.19051786081344554,
                1.418875788607261e-10,
                1.56071213194341e-09,
                8.672101518868842e-10
            ],
            [
                4.653163617707592e-07,
                1.7703716197557464e-07,
                0.9553710715411609,
                0.044517930555603505,
                0.00011035554971185592
            ],
            [
                4.5949929475268373e-07,
                4.36059984275926e-06,
                6.617910378980534e-07,
                0.6201307754442298,
                0.3798637426655948
            ],
            [
                1.0569988197885092e-09,
                4.487391818632037e-09,
                1.6891954997732875e-10,
                0.00749085301242662,
                0.9925091412742632
            ]
        ],
        [
            [
                0.9999927327895567,
                7.267165707388725e-06,
                1.4841347770153886e-11,
                1.6251896431378177e-11,
                1.3642617027573551e-11
            ],
            [
                0.7985999565480847,
                0.20140003112023588,
                1.574061802897907e-09,
                3.3435781327853606e-09,
                7.4140395185639955e-09
            ],
            [
                2.8345317218060442e-08,
                2.6169995814788365e-08,
                7.153112605252236e-07,
                0.9634062805374324,
                0.03659294963599408
            ],
            [
                2.954348897504449e-09,
                3.044334605621317e-09,
                2.2386120093354605e-09,
                0.7967151781503202,
                0.20328481361238415
            ],
            [
                4.738739519707347e-09,
                1.1694066596030096e-08,
                5.5630469781511246e-08,
                0.264879126204466,
                0.735120801732258
            ]
        ],
        [
            [
                0.9999753202520741,
                2.4679631425362627e-05,
                5.682300050951514e-11,
                6.044917695361139e-12,
                5.36326874292841e-11
            ],
            [
                0.8189181161143412,
                0.18108188186964666,
                1.3026550928914816e-09,
                3.923923474184099e-10,
                3.2096470048551686e-10
            ],
            [
                2.699212915351993e-07,
                4.068658369087974e-05,
                0.0007752638500410696,
                0.9865426830984482,
                0.01264109654652838
            ],
            [
                8.480840830383001e-09,
                1.0140826275154254e-08,
                6.747023428331836e-08,
                0.5848455897120848,
                0.41515432419601384
            ],
            [
                3.974361337209796e-09,
                6.959515353577747e-09,
                1.1693183467446947e-09,
                0.7899606421375202,
                0.21003934575928493
            ]
        ],
        [
            [
                0.998551387363158,
                0.00144861190035307,
                9.576429510900611e-12,
                2.3140425719025104e-10,
                4.955083495172978e-10
            ],
            [
                0.8006037272026887,
                0.1993962698577071,
                4.938496259983832e-10,
                1.044360683029746e-09,
                1.4013939617008925e-09
            ],
            [
                7.635195973527169e-07,
                6.327523894662542e-05,
                0.27417670921620685,
                0.6986723878998287,
                0.027086864125420565
            ],
            [
                1.1178904239416418e-08,
                8.104299659597765e-09,
                6.029314788841244e-08,
                0.19600694534525565,
                0.8039929750783925
            ],
            [
                1.9967313421039316e-09,
                5.893662967840711e-10,
                1.3539895124369635e-09,
                0.7460026961148903,
                0.2539972999450224
            ]
        ],
        [
            [
                0.9999999761023691,
                2.3828479719524075e-08,
                3.057837585228485e-11,
                1.5448340013735406e-11,
                2.312441771673091e-11
            ],
            [
                0.7904039501539406,
                0.20959604924816208,
                8.428058386188999e-11,
                2.887031066517941e-10,
                2.2491369762226805e-10
            ],
            [
                8.985219269916752e-08,
                7.783457379150234e-07,
                5.718938473057301e-07,
                0.8412846615711631,
                0.15871389833705896
            ],
            [
                2.5742291855985273e-09,
                1.1432044501069012e-09,
                1.3922191193132564e-09,
                0.39746614317962026,
                0.602533851710727
            ],
            [
                1.2504661352107133e-09,
                2.238186981959161e-09,
                4.3360899029562754e-10,
                0.3958864613759845,
                0.6041135347017533
            ]
        ],
        [
            [
                0.9999998436950632,
                1.555117140058109e-07,
                3.8958299505274954e-11,
                1.3835639440698096e-11,
                7.404289003154323e-10
            ],
            [
                0.8119883768421362,
                0.18801162186961398,
                1.6632034076027968e-10,
                4.2402389104176937e-10,
                6.979056855243726e-10
            ],
            [
                1.442581136108511e-07,
                5.496425691989762e-08,
                8.810710370514613e-05,
                0.965753820184938,
                0.03415787348898626
            ],
            [
                1.9146602713092456e-09,
                1.0049898110525623e-08,
                1.12084193434771e-08,
                0.3457398460424109,
                0.6542601307846113
            ],
            [
                2.8722320768071967e-08,
                6.372524163775807e-09,
                6.955059837385132e-09,
                0.5670169957886105,
                0.43298296216148474
            ]
        ],
        [
            [
                0.9998537494593278,
                0.00014625010334847177,
                3.183790651155005e-10,
                1.0396666105619927e-10,
                1.4978022505046767e-11
            ],
            [
                0.9809295255126563,
                0.01907047384007221,
                3.1264577028695896e-10,
                7.78299729473437e-11,
                2.567956683992275e-10
            ],
            [
                3.0100810244105738e-06,
                0.005556548917669403,
                0.9940702119017186,
                0.00036836557718680606,
                1.8635224006543859e-06
            ],
            [
                2.364593590859586e-09,
                8.867337671216328e-09,
                4.4228373905771076e-08,
                0.7236833646129023,
                0.27631657992679254
            ],
            [
                2.1905801590126742e-10,
                2.1733480777737396e-09,
                4.508522041824536e-09,
                0.6025747412010759,
                0.39742525189799593
            ]
        ],
        [
            [
                0.8008120809975747,
                0.19918791872516547,
                7.478649880402627e-11,
                1.6321375435062949e-10,
                3.925947066458631e-11
            ],
            [
                0.9999964268898929,
                3.5730149035580116e-06,
                4.449416924878553e-11,
                3.267101762833609e-11,
                1.803835317297189e-11
            ],
            [
                9.347832384538117e-08,
                7.62957246475491e-06,
                0.9971657748777253,
                0.0028175408608425313,
                8.961210643541251e-06
            ],
            [
                1.2717127607128343e-08,
                1.6834506972826932e-07,
                1.661582806333042e-08,
                0.4244152723679137,
                0.5755845299540608
            ],
            [
                5.1920660480365e-10,
                5.936335259805623e-10,
                6.395456146055573e-09,
                0.802806844052187,
                0.1971931484395168
            ]
        ],
        [
            [
                0.999913434857938,
                8.656354501593442e-05,
                1.3084296747421797e-09,
                1.027345457055312e-10,
                1.858816911536521e-10
            ],
            [
                0.651875114649267,
                0.34812487920069934,
                3.967538603836909e-09,
                1.7489451379821714e-09,
                4.335498306916532e-10
            ],
            [
                7.027140893255771e-08,
                4.2947788373153397e-07,
                0.007492361970358105,
                0.9922672819013779,
                0.0002398563789713239
            ],
            [
                6.491224761050877e-10,
                2.1564169783477945e-09,
                5.1145192306583483e-08,
                0.2264086988873661,
                0.7735912471619021
            ],
            [
                3.53639509731276e-08,
                2.258514288495503e-09,
                2.068716798943487e-08,
                0.48137564735844984,
                0.5186242943319169
            ]
        ],
        [
            [
                0.9999998990339264,
                1.0094221168940151e-07,
                3.4425863821052554e-12,
                7.829035500267607e-12,
                1.2590252010566837e-11
            ],
            [
                0.7031829967102281,
                0.2968169995638631,
                2.1692469504776314e-09,
                7.721413669513473e-10,
                7.845203493020197e-10
            ],
            [
                6.372839079498121e-07,
                9.973468233862345e-06,
                0.9982118607216963,
                0.0016248905709104488,
                0.00015263795525129057
            ],
            [
                7.967245578521506e-09,
                9.084324679325899e-08,
                6.632635479521024e-08,
                0.7405123901958196,
                0.2594874446673331
            ],
            [
                3.668521570011283e-10,
                1.702554317315437e-10,
                7.890620068836181e-11,
                0.7999844297382354,
                0.20001556964575093
            ]
        ],
        [
            [
                0.998795997546924,
                0.0012040019133610189,
                1.001067115045944e-10,
                1.3677295826255413e-10,
                3.0283533846699794e-10
            ],
            [
                1.7996749568294065e-06,
                0.004681508759794768,
                0.00042590501768804745,
                0.9929551688463926,
                0.001935617701167912
            ],
            [
                1.1101123167256714e-07,
                0.003072706854382998,
                1.1969222653311212e-05,
                0.7090846187344203,
                0.2878305941773117
            ],
            [
                7.767722111713034e-09,
                1.5474344063837062e-08,
                1.1662834704276747e-09,
                0.4254912641416448,
                0.5745087114500056
            ],
            [
                6.498357473878026e-10,
                5.880613085173527e-10,
                4.5165415048352946e-11,
                0.4295918870382952,
                0.5704081116786424
            ]
        ],
        [
            [
                0.9999982736620554,
                1.726101888500379e-06,
                1.239181376522321e-10,
                9.668769295937594e-12,
                1.0246919080288984e-10
            ],
            [
                0.7958350945657581,
                0.20416488381246803,
                2.7766207984857463e-09,
                8.652449493707829e-09,
                1.0192703529637984e-08
            ],
            [
                2.5087213426981282e-11,
                5.6570037417249346e-11,
                0.9999999996607227,
                2.10155069112922e-10,
                4.746496422052219e-11
            ],
            [
                2.566300076149148e-10,
                1.83365868571941e-10,
                1.710277992975455e-10,
                0.5993669525077912,
                0.4006330468811852
            ],
