{
    "[['A', 'B', 'C', 'D', 'E'], ['A', 'B', 'C', 'D', 'E']]": [
        [
            [
                0.9994937979127249,
                0.000506198972218738,
                9.953410183413629e-10,
                4.518430040453371e-10,
                1.6678723725811728e-09
            ],
            [
                3.561821222840705e-08,
                0.0004938254835933901,
                0.000301712925487815,
                0.9200938914101547,
                0.0791105345625518
            ],
            [
                2.051680630133734e-07,
                9.04305774678984e-06,
                0.19916989982409117,
                0.8007941817749877,
                2.667017511118865e-05
            ],
            [
                8.425296300249685e-10,
                1.1663112664940048e-09,
                2.5005860095299817e-09,
                0.39599956851281554,
                0.6040004269777576
            ],
            [
                0.0003854083724272745,
                1.7935122042747073e-09,
                4.77479118152168e-09,
                0.5237715346692962,
                0.47584305038997315
            ]
        ],
        [
            [
                0.9982844969076813,
                0.0017155029197572433,
                4.505969921702045e-11,
                9.449255615324618e-12,
                1.1805254693671934e-10
            ],
            [
                1.3892539322694045e-06,
                8.60632544513811e-05,
                0.7930670220895998,
                0.2068188637412925,
                2.666166072400395e-05
            ],
            [
                3.465224959706533e-07,
                0.00010006829936050124,
                0.0013013021843030774,
                0.9715918248643783,
                0.02700645812946202
            ],
            [
                7.373644487411163e-10,
                3.2317116874024577e-09,
                6.236771154534362e-09,
                0.7397652903758712,
                0.2602346994182815
            ],
            [
                6.24770263614781e-11,
                3.560909374552671e-10,
                1.2661173400658538e-09,
                0.6633475259146393,
                0.33665247240067536
            ]
        ],
        [
            [
                0.9999909064119398,
                9.093454405399497e-06,
                8.349390516873816e-11,
                8.049697448819977e-12,
                4.211118533391147e-11
            ],
            [
                1.9767296038443118e-07,
                1.8121036795480605e-06,
                0.0013287521488158456,
                0.8418811688190373,
                0.1567880692555069
            ],
            [
                1.1770186946703019e-07,
                2.035961265054866e-06,
                0.0005662117973711924,
                0.9993406410039446,
                9.099353554960832e-05
            ],
            [
                9.062702997631803e-06,
                3.938301183826798e-09,
                1.789646733906215e-09,
                0.3464552496777194,
                0.653535681891335
            ],
            [
                1.3210429481423314e-10,
                3.296767678130605e-10,
                1.1851905508376367e-09,
                0.9890820735721285,
                0.010917924780899896
            ]
        ],
        [
            [
                0.8150987818568328,
                0.18490121747448401,
                6.005370655038236e-11,
                3.1135296722865534e-10,
                2.972764324092126e-10
            ],
            [
                6.500305010509232e-07,
                0.04866273057864295,
                0.28611027573350434,
                0.665214084991797,
                1.2258665554593056e-05
            ],
            [
                1.69121215546555e-10,
                9.39330421732899e-09,
                0.9999680818783386,
                3.185384432706763e-05,
                5.4714908832853034e-08
            ],
            [
                6.020912835018654e-07,
                2.6717605318095516e-07,
                2.9510133199034055e-07,
                0.727303943706467,
                0.27269489192486435
            ],
            [
                1.5656028104883878e-08,
                7.99428719313825e-10,
                1.4642831390464477e-09,
                0.7453000577656332,
                0.2546999243146268
            ]
        ],
        [
            [
                0.9999216507165736,
                7.834902780594071e-05,
                5.453674377342661e-11,
                1.5973463734568158e-10,
                4.13491943782559e-11
            ],
            [
                4.918122876971948e-07,
                0.02959880243004936,
                0.184133105012171,
                0.7739780637532491,
                0.012289536992242887
            ],
            [
                2.0231992629764012e-07,
                0.004200206819407971,
                0.004312463977412086,
                0.8108590062126998,
                0.18062812067055387
            ],
            [
                2.693005995993513e-09,
                9.827642116949467e-09,
                4.993556031778217e-08,
                0.47185861803589035,
                0.5281413195079012
            ],
            [
                1.0091701366901767e-07,
                1.5126545954764373e-09,
                1.8543181787308529e-09,
                0.5950827338341731,
                0.4049171618818404
            ]
        ],
        [
            [
                0.999659072142339,
                0.00034092723896296024,
                1.797273881071142e-10,
                1.1166491356161785e-11,
                4.2780426291706237e-10
            ],
            [
                5.050339440928667e-07,
                1.162922540392903e-06,
                0.0036927301112580475,
                0.9946111203527688,
                0.001694481579488686
            ],
            [
                1.5486188502739021e-06,
                8.297817917917715e-06,
                0.09024602327956288,
                0.7603671118530885,
                0.14937701843058046
            ],
            [
                2.7857073777227833e-07,
                1.596180591392943e-09,
                3.134645756563864e-08,
                0.37223473333752144,
                0.6277649551491027
            ],
            [
                5.304471508397749e-09,
                2.6349507006521385e-09,
                4.214521635547239e-09,
                0.14628208581684854,
                0.8537179020292076
            ]
        ],
        [
            [
                0.9999895703338584,
                1.0429141730776036e-05,
                9.384042140205054e-11,
                8.258777294641037e-12,
                4.2231171674487407e-10
            ],
            [
                1.9967047127269356e-06,
                0.02106681737347928,
                0.1925423836666414,
                0.7851626405946182,
                0.001226161660548427
            ],
            [
                1.4934012710994636e-08,
                4.920951980873441e-07,
                0.59595441098372,
                0.40395377968369706,
                9.130230337204866e-05
            ],
            [
                3.5242243420534055e-07,
                2.4445668282490093e-09,
                5.6457687424148485e-09,
                0.20009991178014502,
                0.7998997277070852
            ],
            [
                2.8570226974831832e-08,
                3.676234084069555e-09,
                2.0372043716014413e-08,
                0.6386769570404539,
                0.3613229903410413
            ]
        ],
        [
            [
                0.7609452393513556,
                0.23905475483913405,
                3.461983101709035e-10,
                2.827386559351529e-09,
                2.635925510107114e-09
            ],
            [
                2.0904285707937975e-09,
                4.2940063334275884e-09,
                7.462594066407978e-07,
                0.8058551088685992,
                0.1941441384875591
            ],
            [
                3.9504905285897583e-07,
                1.548928202029026e-06,
                0.032288282908386846,
                0.9556394882933844,
                0.012070284820973765
            ],
            [
                4.753523137044084e-11,
                5.988492145090784e-11,
                2.212431617576937e-09,
                0.7963932399424032,
                0.20360675773774511
            ],
            [
                1.807202588982009e-08,
                1.4024688564296282e-10,
                5.040987160661589e-09,
                0.4000237195375557,
                0.5999762572091843
            ]
        ],
        [
            [
                0.6040943578786668,
                0.39590563954474833,
                1.2862973564845058e-09,
                1.7069768493658773e-10,
                1.1195898223284724e-09
            ],
            [
                6.827755355919407e-06,
                0.014021186288867261,
                0.039486322914200955,
                0.9326234819176131,
                0.013862181123962782
            ],
            [
                8.082552775584915e-10,
                7.467674031560714e-09,
                0.9999971655537282,
                2.873064911405278e-07,
                2.538863851461044e-06
            ],
            [
                2.354065766750538e-06,
                2.6611172712075672e-08,
                2.274357607603945e-09,
                0.18092852601019674,
                0.8190690910385062
            ],
            [
                0.00024895366280630084,
                1.023337707440154e-08,
                1.1919231272170915e-08,
                0.391792045034119,
                0.6079589791504664
            ]
        ],
        [
            [
                0.9986521440876798,
                0.001347853730689702,
                1.6372280690444433e-09,
                2.2039818308212404e-10,
                3.2400433786783864e-10
            ],
            [
                4.961799578146658e-07,
                0.00036438752000742284,
                0.26438750080209933,
                0.7351998745131836,
                4.774098475194914e-05
            ],
            [
                1.1689334336108903e-07,
                8.99275306185817e-07,
                0.07644855395227715,
                0.8235774509146536,
                0.09997297896441958
            ],
            [
                4.2626807305190626e-08,
                9.075332248915372e-09,
                2.4494355184022475e-08,
                0.5805959084865254,
                0.4194040153169798
            ],
            [
                9.105670849030112e-06,
                1.1898216229459997e-09,
                2.864430811435541e-10,
                0.19780335991110126,
                0.802187532941785
            ]
        ],
        [
            [
                0.9997460668915983,
                0.0002539325809948659,
                7.30711943875645e-11,
                3.7805657355587627e-10,
                7.627895341563651e-11
            ],
            [
                4.240834282704363e-07,
                0.0028954459347191796,
                0.3747931055365337,
                0.6216088182518024,
                0.0007022061935165044
            ],
            [
                9.890413625065971e-11,
                9.563152744471636e-10,
                0.9999998448801849,
                1.5251426489987443e-07,
                1.5503307624364678e-09
            ],
            [
                1.9248026579672387e-08,
                6.152813632816724e-09,
                1.9939541220081713e-08,
                0.504589652021514,
                0.49541030263810454
            ],
            [
                5.1051562224619425e-09,
                5.22919246610986e-09,
                6.975067066076257e-10,
                0.23652148974978937,
                0.7634784992183552
            ]
        ],
        [
            [
                0.9999883063836118,
                1.1693426081515054e-05,
                1.8659445411992332e-11,
                8.528376274669637e-11,
                8.63634305541376e-11
            ],
            [
                2.0442871228742533e-06,
                0.0006307477315126542,
                0.08189930059147082,
                0.5493909266632375,
                0.3680769807266562
            ],
            [
                1.1844080869969059e-07,
                2.6378226898386033e-06,
                0.9850717542326404,
                0.008321504815541437,
                0.006603984688319662
            ],
            [
                8.162203150097477e-09,
                1.320461805772151e-07,
                2.112482687401912e-08,
                0.9898251837789273,
                0.010174654887862072
            ],
            [
                1.2980849850593993e-07,
                4.1441607567944263e-10,
                2.2155946707600898e-09,
                0.39823897973107225,
                0.6017608878304185
            ]
        ],
        [
            [
                0.8027755284457008,
                0.19722446825476225,
                2.1639346653087023e-10,
                5.352378522976734e-10,
                2.547905559539318e-09
            ],
            [
                3.0274384246046684e-07,
                2.1643251134557297e-06,
                0.004566604741690404,
                0.9932299142757365,
                0.0022010139136172725
            ],
            [
                2.132132403629582e-09,
                1.662091287887419e-07,
                0.9998174061626184,
                0.00018221190659630863,
                2.1358952408368695e-07
            ],
            [
                3.0612489462853813e-09,
                2.141033840272273e-09,
                1.2223109677923448e-08,
                0.5754198639778487,
                0.42458011859675876
            ],
            [
                9.313117417708562e-07,
                1.7394233298943194e-08,
                8.07224216836397e-09,
                0.35468193197052,
                0.6453171112512628
            ]
        ],
        [
            [
                0.8008139154965969,
                0.19918608427189533,
                9.697043556276813e-11,
                1.5474115363337526e-11,
                1.1906312861328832e-10
            ],
            [
                1.3382804939426001e-06,
                0.00012038378361092137,
                0.30338756388780197,
                0.6877844931606067,
                0.008706220887486295
            ],
            [
                1.9573726752703196e-07,
                2.1348699060869577e-06,
                0.20950711695163382,
                0.7903594918429117,
                0.00013106059828082008
            ],
            [
                6.02758558662983e-08,
                7.987344233723974e-09,
                2.1112047084756194e-08,
                0.39851185146572476,
                0.6014880591590281
            ],
            [
                7.404537731363275e-09,
                6.078648781017725e-10,
                1.6760840384600014e-08,
                0.7167252610660714,
                0.28327471416068567
            ]
        ],
        [
            [
                0.9999546815228898,
                4.5316768868818274e-05,
                4.620063901407698e-10,
                9.753666442898489e-10,
                2.7086839305936056e-10
            ],
            [
                9.008724329752498e-08,
                0.0003373285034277973,
                0.00038565993144281974,
                0.6125547879056583,
                0.3867221335722278
            ],
            [
                1.0550843529863917e-07,
                1.637323174552358e-07,
                0.4459199827157821,
                0.5394258861696847,
                0.014653861873780535
            ],
            [
                1.6639419383094342e-09,
                1.7875187676653322e-08,
                1.7962874494511208e-08,
                0.5839394786098282,
                0.41606048388816785
            ],
            [
                4.803391309352712e-08,
                2.3669995318838037e-09,
                3.0938620388455937e-09,
                0.2161989996526781,
                0.7838009468525473
            ]
        ],
        [
            [
                0.9998172117664749,
                0.00018278588545069769,
                5.870286403035903e-10,
                2.2473651397804526e-10,
                1.5363093090787165e-09
            ],
            [
                5.19439465257804e-06,
                0.006184539133022796,
                0.49936154218694945,
                0.49442098065733747,
                2.7743628037757496e-05
            ],
            [
                2.0514435097709335e-07,
                9.852248632951468e-05,
                0.2037161312501318,
                0.6089110249774313,
                0.1872741161417563
            ],
            [
                1.0422819243479811e-09,
                1.3363620715885913e-09,
                6.3753654807751975e-09,
                0.7998220147117624,
                0.20017797653422809
            ],
            [
                3.5037925581270205e-09,
                1.6377033835077353e-09,
                1.4436468704329327e-09,
                0.19780281676191158,
                0.8021971766529457
            ]
        ],
        [
            [
                0.9950987009615343,
                0.004901295748191141,
                8.564445260607056e-10,
                2.3188385214064116e-09,
                1.1499156256849341e-10
            ],
            [
                2.5191339499519075e-08,
                4.3466367590470895e-07,
                0.27105209895522,
                0.7133353593338658,
                0.01561208185589884
            ],
            [
                2.835050711177589e-07,
                8.969836917994852e-06,
                0.479310939696045,
                0.5109455961264974,
                0.009734210835468556
            ],
            [
                2.9604894208228643e-09,
                4.628975214492593e-09,
                5.682529081044234e-09,
                0.4074622546319377,
                0.5925377320960685
            ],
            [
                6.129953381244523e-08,
                1.0487060448703515e-09,
                9.860978096482805e-11,
                0.5999901219747361,
                0.4000098155784142
            ]
        ],
        [
            [
                0.970342608720176,
                0.029657389020429234,
                3.98824443862748e-10,
                1.6763807369673583e-10,
                1.6929322558300928e-09
            ],
            [
                6.846036483835548e-06,
                0.11192203852700694,
                0.01906508782339472,
                0.8138036964562814,
                0.05520233115683316
            ],
            [
                5.5986734961843374e-11,
                3.567030770268764e-10,
                0.9999990417743869,
                9.572529197721994e-07,
                5.600034889493632e-10
            ],
            [
                3.953100683999608e-08,
                1.2326615476765195e-08,
                3.605155746997007e-08,
                0.1869450937261611,
                0.8130548183646591
            ],
            [
                7.042498444963732e-06,
                4.199123190977221e-09,
                3.779247062693975e-09,
                0.37692554856009486,
                0.6230674009630899
            ]
        ],
        [
            [
                0.9999346280842332,
                6.536496174404079e-05,
                1.0519931567078278e-09,
                5.642776634627977e-10,
                5.337752027458004e-09
            ],
            [
                5.294841868750971e-08,
                4.5847232243078405e-06,
                0.3568378665396429,
                0.6431500423489086,
                7.453439805398605e-06
            ],
            [
                4.019338329956429e-09,
                1.2338336839381097e-07,
                0.9991105921656639,
                0.0006367900435518932,
                0.0002524903880774869
            ],
            [
                4.4170689547639844e-08,
                6.261368389381947e-09,
                4.18217087242879e-08,
                0.790562647062991,
                0.2094372606832423
            ],
            [
                1.0194213657762212e-07,
                4.440953939001085e-09,
                9.261391436396631e-10,
                0.5702253663038562,
                0.4297745263869141
            ]
        ],
        [
            [
                0.7932787813602769,
                0.20672121520500553,
                1.558263154354282e-09,
                1.5985985271801608e-09,
                2.7785599089827046e-10
            ],
            [
                1.1518355663332177e-06,
                0.015010610825557564,
                0.6607975898524115,
                0.32215650436042376,
                0.002034143126040819
            ],
            [
                4.16852124124863e-08,
                1.2251253460401855e-05,
                0.5000671295158898,
                0.4999067938489868,
                1.3783696450653292e-05
            ],
            [
                1.372782441356597e-06,
                7.542098015027495e-09,
                5.194880077939321e-08,
                0.18445113579454286,
                0.815547431932117
            ],
            [
                2.0454710206151675e-10,
                3.200059665849321e-10,
                1.718019479226882e-09,
                0.4191798455439994,
                0.580820152213428
            ]
        ],
        [
            [
                0.9999998680759127,
                1.316775118165589e-07,
                1.0901770600419308e-10,
                1.3409057852254065e-10,
                3.467115580475091e-12
            ],
            [
                6.222733717956544e-08,
                1.0625932346151069e-06,
                0.00023920263932508104,
                0.9876231681355675,
                0.01213650440453565
            ],
            [
                5.397532517633072e-07,
                3.710553703210836e-06,
                0.13376677969585962,
                0.7066285472753628,
                0.15960042272182265
            ],
            [
                1.363094496864544e-09,
                2.8084368617907975e-10,
                1.037914959418908e-09,
                0.5999960489119508,
                0.4000039484061961
            ],
            [
                8.821919856371377e-10,
                4.805298764807868e-10,
                5.273211496659207e-09,
                0.45834536477307636,
                0.5416546285909903
            ]
        ],
        [
            [
                0.8637753451173807,
                0.13622465267197292,
                8.879476508002529e-10,
                2.0604199764065976e-10,
                1.116656739773412e-09
            ],
            [
                1.3900477880399924e-08,
                2.338367523069409e-05,
                0.03917036855537439,
                0.9248797508837288,
                0.03592648298518821
            ],
            [
                3.5401766403167796e-07,
                0.0008206306023593938,
                0.9918433748617084,
                0.003704087915708947,
                0.0036315526025593255
            ],
            [
                2.7533101205235867e-09,
                6.933923367516048e-10,
                1.875683695646508e-09,
                0.79950768059115,
                0.20049231408646384
            ],
            [
                9.141125834953466e-09,
                2.725231697226596e-09,
                2.5026463009680593e-09,
                0.21763905040208475,
                0.7823609352289114
            ]
        ],
        [
            [
                0.9999678811800349,
                3.2117881892499597e-05,
                9.100915452752709e-11,
                5.879924038843956e-11,
                7.882642651868117e-10
            ],
            [
                3.640581650225355e-07,
                0.035482544172829485,
                0.0038343010383673154,
                0.7897236829815995,
                0.1709591077490387
            ],
            [
                2.9016999232255013e-07,
                7.836586235770122e-05,
                0.03861463265504287,
                0.8733245794175356,
                0.08798213189507156
            ],
            [
                6.625097041625546e-09,
                3.0009434757287433e-10,
                2.3783356780231265e-09,
                0.18532781883932956,
                0.8146721718571434
            ],
            [
                9.033352959297665e-09,
                8.659599303929724e-10,
                2.3744500953620668e-09,
                0.5971869051390409,
                0.4028130825871961
            ]
        ],
        [
            [
                0.9977963569871221,
                0.0022036422378275953,
                1.5546706143893363e-10,
                4.372642178326431e-10,
                1.8231910260458068e-10
            ],
            [
                7.421816846836811e-07,
                0.00015441608002144896,
                9.257335387661158e-05,
                0.9945838806317587,
                0.005168387752658556
            ],
            [
                2.1400381485409193e-08,
                8.553412251725952e-06,
                0.7980566557309061,
                0.20192812392250803,
                6.64553395262693e-06
            ],
            [
                7.917123599556056e-10,
                5.637214465935794e-10,
                1.7708508334321292e-09,
                0.5460734135147273,
                0.453926583358988
            ],
            [
                3.8743523551882955e-09,
                3.721248146091237e-10,
                1.102034857551326e-09,
                0.5998157796694578,
                0.4001842149820302
            ]
        ],
        [
            [
                0.9986612989206052,
                0.0013387010210842464,
                2.4583205161463425e-11,
                2.8371419255367347e-11,
                5.355943270032215e-12
            ],
            [
                8.594453275789132e-08,
                0.0014139746166253497,
                0.0003138151454671118,
                0.974393762544798,
                0.023878361748576753
            ],
            [
                5.373897802462451e-07,
                0.0016719241293170336,
                0.2067601933038634,
                0.7913843341616835,
                0.0001830110153558693
            ],
            [
                4.578348355628795e-09,
                4.436678778404908e-10,
                6.64749728469559e-09,
                0.2000025992131148,
                0.7999973891173717
            ],
            [
                5.693916071880329e-09,
                4.801618429183134e-10,
                2.4673747186831846e-09,
                0.272724914172539,
                0.7272750771860083
            ]
        ],
        [
            [
                0.9941368729243691,
                0.005863126873668624,
                3.146495878948387e-11,
                1.2924397293795398e-10,
                4.12533559915291e-11
            ],
            [
                4.126299694143898e-06,
                0.004070270131779423,
                0.012145927622131219,
                0.9544742571376131,
                0.029305418808782117
            ],
            [
                2.214719737014202e-08,
                5.679481744881821e-07,
                0.07740778332726163,
                0.9163776772186841,
                0.0062139493586823025
            ],
            [
                3.0510545357592895e-09,
                5.656549327846241e-11,
                4.1515015758350935e-10,
                0.9809263880792736,
                0.01907360839795624
            ],
            [
                0.08723425031660985,
                2.2730559074205356e-08,
                1.8133259127370585e-08,
                0.7469644560936269,
                0.16580125272594504
            ]
        ],
        [
            [
                0.9982816927890514,
                0.0017183055674313327,
                1.2134742504313222e-11,
                1.8288650415469425e-10,
                1.4484960437022413e-09
            ],
            [
                5.578380116870462e-06,
                0.019359057614395103,
                0.0015535226632146636,
                0.9638892646394482,
                0.015192576702825067
            ],
            [
                3.852230564286424e-09,
                2.2477715627500738e-08,
                0.9951140594659376,
                0.0045925652729351014,
                0.0002933489311810032
            ],
            [
                3.5254968611150775e-07,
                4.096507251183043e-10,
                6.993955063269389e-11,
                0.5956470390036888,
                0.4043526079670348
            ],
            [
                9.543311979089055e-10,
                6.713917043865796e-10,
                1.7210841564138647e-09,
                0.5126440118451528,
                0.4873559848080401
            ]
        ],
        [
            [
                0.997611886961323,
                0.0023881106363893424,
                5.847081504564322e-10,
                1.6728596909229185e-09,
                1.4471978413198067e-10
            ],
            [
                4.1121288855111064e-07,
                0.009450754577702157,
                0.19676632498538033,
                0.7937243878828777,
                5.812134115120857e-05
            ],
            [
                1.8195432549338556e-08,
                2.537723049617167e-07,
                0.19732815702429846,
                0.7874817779723249,
                0.015189793035639177
            ],
            [
                2.655379588169725e-10,
                3.7433934153312636e-10,
                3.1802366825764135e-09,
                0.7998475416476187,
                0.2001524545322672
            ],
            [
                1.3627323026937258e-10,
                2.1445333349711015e-09,
                1.2527904175635974e-09,
                0.24235818434263345,
                0.7576418121237696
            ]
        ],
        [
            [
                0.8017038035317322,
                0.19829619270455273,
                2.0637725274844985e-10,
                7.615307298922013e-10,
                2.7958070766399894e-09
            ],
            [
                5.403254060381804e-08,
                1.80210947597881e-07,
                0.00015999018987521445,
                0.9896822868969314,
                0.010157488669705303
            ],
            [
                5.8518439331828816e-08,
                2.3169176690846258e-05,
                0.4875078682141092,
                0.512144987511789,
                0.00032391657897159007
            ],
            [
                3.0146881657808777e-10,
                2.583606088423258e-09,
                1.3652746219467116e-09,
                0.6130220178865206,
                0.38697797786312993
            ],
            [
                4.2747512569466096e-10,
                1.721117472991754e-09,
                3.582860031497423e-08,
                0.7743118832745405,
                0.22568807874826666
            ]
        ],
        [
            [
                0.7878024939356308,
                0.2121975056685883,
                7.133162080883336e-11,
                5.1319233407562454e-11,
                2.731299796690932e-10
            ],
            [
                8.10069557032097e-08,
                1.3019714900519162e-07,
                0.00010828357378340198,
                0.9936314288606123,
                0.006260076361499616
            ],
            [
                1.7417631411274597e-07,
                4.069923237011862e-06,
                0.7801668606787528,
                0.0510268936003568,
                0.16880200162133918
            ],
            [
                5.056865824426163e-10,
                2.480062258138609e-08,
                6.663721107613973e-09,
                0.012059051347712046,
                0.9879409166822577
            ],
            [
                1.4983007454352626e-05,
                1.2430680726095091e-08,
                1.9134854432139054e-09,
                0.20105919507364503,
                0.7989258075747345
            ]
        ],
        [
            [
                0.9905147798179279,
                0.009485218134599911,
                2.442068039059746e-10,
                1.7821096645512446e-09,
                2.1155754439627925e-11
            ],
            [
                3.071016501832337e-08,
                6.88973308212452e-07,
                4.2070967874056545e-06,
                0.9356167269762564,
                0.064378346243483
            ],
            [
                1.9288736106608062e-07,
                6.7858797842192384e-06,
                0.5941212735204032,
                0.40583819998985554,
                3.354772259600888e-05
            ],
            [
                3.378574817094541e-09,
                6.291142130504912e-10,
                1.6761420956442954e-09,
                0.41516471109288544,
                0.5848352832232834
            ],
            [
                1.2985561037600688e-08,
                2.4813200060689293e-09,
                2.3375313584317563e-09,
                0.3869266735023479,
                0.6130733086932397
            ]
        ],
        [
            [
                0.853787527559913,
                0.14621247127982606,
                3.6641975694835616e-10,
                6.455590018001468e-10,
                1.4828207361758913e-10
            ],
            [
                0.006651931762425182,
                0.9633772524525976,
                0.027560398211798343,
                0.002380675383751055,
                2.9742189427690958e-05
            ],
            [
                1.2085262577046754e-07,
                5.921713504898428e-06,
                0.9852883086583998,
                0.0103214515589382,
                0.004384197216531344
            ],
            [
                2.2111048384634864e-09,
                5.7314697459465604e-09,
                5.792699250429294e-09,
                0.7914393819733235,
                0.20856060429140255
            ],
            [
                1.998501012561793e-09,
                4.0851289455183245e-10,
                2.524366954170486e-09,
                0.40004561226507124,
                0.5999543828035478
            ]
        ],
        [
            [
                0.999999763390696,
                2.3639180399751795e-07,
                4.1825851917096336e-11,
                3.465148685065654e-11,
                1.4102265644410854e-10
            ],
            [
                5.995494817663405e-07,
                0.0010596790379961791,
                0.4934583377098099,
                0.5053280899468896,
                0.0001532937558225417
            ],
            [
                4.322100183446268e-08,
                3.203228568243572e-07,
                0.6263972527900712,
                0.37360159453232517,
                7.891337449342085e-07
            ],
            [
                2.46669909855277e-05,
                1.1721883030015689e-07,
                1.836797932249222e-08,
                0.4719303413031916,
                0.5280448561190133
            ],
            [
                2.326813851310465e-07,
                3.977329660027156e-09,
                3.5754221813338464e-08,
                0.5880116222153831,
                0.4119881053716803
            ]
        ],
        [
            [
                0.9999777130573545,
                2.2286795608147828e-05,
                4.2595825977740325e-11,
                3.054538601319199e-11,
                7.389616936462091e-11
            ],
            [
                1.121001498728952e-08,
                2.2708128450621213e-07,
                3.626905191406599e-07,
                0.9954033368144424,
                0.004596062203739003
            ],
            [
                8.542967449212068e-08,
                6.558317323784997e-05,
                0.20505585557974257,
                0.7948655629392813,
                1.2912878063742883e-05
            ],
            [
                3.552523375347786e-08,
                1.7790998127426364e-09,
                1.0621415564834453e-10,
                0.9871593946211212,
                0.012840567968331117
            ],
            [
                0.0012117134719565228,
                2.0930107815188284e-08,
                4.5602758572574404e-08,
                0.6646258441165795,
                0.3341623758785975
            ]
        ],
        [
            [
                0.9124465113789979,
                0.08755348610240331,
                4.359552959657555e-10,
                1.4535140535743876e-09,
                6.291294790763328e-10
            ],
            [
                4.351645008388227e-07,
                5.618967888523973e-06,
                0.028285537684448758,
                0.9070663000329938,
                0.06464210815016808
            ],
            [
                8.250937092359388e-10,
                9.308218805564138e-10,
                0.9999999245708995,
                7.189710075046172e-08,
                1.7760843082324092e-09
            ],
            [
                7.451085206186189e-07,
                9.079006524024804e-09,
                5.908138652846745e-10,
                0.39730688404021747,
                0.6026923611814415
            ],
            [
                3.6597796823998708e-09,
                6.244149837291208e-10,
                8.017420890965786e-10,
                0.14621179670673093,
                0.8537881982073323
            ]
        ],
        [
            [
                0.9925327602774081,
                0.007467238917846208,
                9.71596661822142e-11,
                3.8211728967441597e-10,
                3.2546885845544313e-10
            ],
            [
                1.6044190265032109e-06,
                0.15487584078969635,
                0.47053567464337853,
                0.3738640578416691,
                0.0007228223062294994
            ],
            [
                8.574390373246533e-12,
                1.2286409742725708e-11,
                0.9999999999308076,
                7.341493986144152e-12,
                4.0990124242242226e-11
            ],
            [
                2.3854104756150775e-09,
                3.900456295434197e-10,
                4.55449309275346e-10,
                0.20091309081590766,
                0.7990869059531869
            ],
            [
                0.00011034292626555094,
