{
    "[['A', 'B', 'C', 'D', 'E'], ['A', 'B', 'C', 'D', 'E']]": [
        [
            [
                0.9999673268504802,
                3.2672444417942166e-05,
                2.1282798186960693e-10,
                1.5257075798686053e-10,
                3.3970318296886917e-10
            ],
            [
                3.5369730729507607e-07,
                0.00519857449688447,
                0.3393364302701499,
                0.6323003017878992,
                0.023164339747759034
            ],
            [
                2.393508630239263e-06,
                5.0912944574639085e-06,
                0.2082528521839178,
                0.6281005417048814,
                0.16363912130811298
            ],
            [
                0.829606034777787,
                0.1703939584790871,
                7.376111173504444e-10,
                9.659176151001843e-10,
                5.039597224332064e-09
            ],
            [
                0.9999963770626431,
                3.6195513293189663e-06,
                4.158329052120307e-11,
                4.859956257382154e-10,
                2.858448646527901e-09
            ]
        ],
        [
            [
                0.9118579274361607,
                0.08814206259410787,
                3.0299921094275805e-10,
                4.084469158847133e-09,
                5.582263123630043e-09
            ],
            [
                2.1228431350170314e-06,
                0.00047335749924647705,
                0.9427458398348428,
                0.056597121019675345,
                0.00018155880310030556
            ],
            [
                2.648060898069634e-07,
                2.489219466407444e-07,
                0.2438364120870929,
                0.7115848394445564,
                0.0445782347403143
            ],
            [
                0.5681942240681886,
                0.4318054995872152,
                1.730855875414024e-08,
                2.3411480270050818e-07,
                2.492123462023785e-08
            ],
            [
                0.8074626588929128,
                0.1925373393224971,
                9.223255764793595e-11,
                2.329208764224233e-11,
                1.6690655341034954e-09
            ]
        ],
        [
            [
                0.9999909138474491,
                9.085077074850444e-06,
                1.9797802286059196e-11,
                1.5837079874735417e-10,
                8.97307414383691e-10
            ],
            [
                1.3863813597275366e-05,
                0.47193093948226933,
                0.5153279711694256,
                0.01268566351603622,
                4.156201867156965e-05
            ],
            [
                2.093617426543321e-10,
                2.637733553397304e-09,
                0.9999997832417127,
                1.3482648397243496e-07,
                7.90847080511665e-08
            ],
            [
                0.6365067298377627,
                0.36349326909839696,
                7.016226392093624e-11,
                1.8192515456379004e-10,
                8.11752895148464e-10
            ],
            [
                0.9524411583298003,
                0.0475588147531253,
                3.0659752376324814e-09,
                3.3756533802788564e-09,
                2.0475445790553964e-08
            ]
        ],
        [
            [
                0.8094443574995916,
                0.19055561795937648,
                2.2723399098109263e-10,
                1.683579492255625e-09,
                2.263021824064364e-08
            ],
            [
                0.0001543565070029089,
                0.9995339166442655,
                8.513572889849213e-05,
                0.00022480960093122646,
                1.7815189018730179e-06
            ],
            [
                2.3457771945327982e-07,
                8.694115766107839e-07,
                0.19343876461084067,
                0.7868522235748104,
                0.019707907825052714
            ],
            [
                3.3374069623988852e-06,
                2.115168334813794e-08,
                8.567148364016179e-08,
                0.6046603066924653,
                0.3953362490774054
            ],
            [
                0.9999126515497457,
                8.734355756744048e-05,
                5.117487070145924e-11,
                6.833733248049745e-10,
                4.1581386399795864e-09
            ]
        ],
        [
            [
                0.8188876788793745,
                0.18111231964558688,
                9.586823048753154e-11,
                1.1407584453809518e-10,
                1.2650944248990263e-09
            ],
            [
                4.717820015454129e-05,
                0.9977259966848818,
                0.0011055495752244858,
                0.000482792473919549,
                0.000638483065819597
            ],
            [
                6.68195416665487e-07,
                0.009190303813754071,
                0.002442370777316196,
                0.987327019872544,
                0.0010396373409690756
            ],
            [
                0.8001949530443052,
                0.19980504572025423,
                2.6781182763736797e-10,
                5.398405761704261e-11,
                9.136446473938332e-10
            ],
            [
                0.9997316655325866,
                0.0002683308799618428,
                2.3345235107162683e-10,
                1.3785869632696475e-09,
                1.975412367779268e-09
            ]
        ],
        [
            [
                0.9844394422443439,
                0.01556054365215447,
                2.9988300813433944e-10,
                1.0694479177025712e-08,
                3.1091393433472552e-09
            ],
            [
                2.7636553053828134e-05,
                0.9674285163474573,
                0.01964842283527711,
                0.01267413847556315,
                0.00022128578864857607
            ],
            [
                1.3852702202791783e-09,
                8.576927244243931e-10,
                0.999999852787439,
                1.0102935127478432e-07,
                4.3940246767665326e-08
            ],
            [
                0.668969325055571,
                0.3310268235839068,
                3.4817217648382075e-08,
                1.6600194189252326e-06,
                2.156523885566194e-06
            ],
            [
                0.976048839475248,
                0.02395115371033685,
                2.403524444332644e-10,
                4.13509917015264e-09,
                2.438963466887789e-09
            ]
        ],
        [
            [
                0.9355428809245131,
                0.06445709818886294,
                7.422955523297072e-10,
                1.1032491629661147e-08,
                9.111836839139258e-09
            ],
            [
                8.235743113218706e-05,
                0.9987673007297995,
                0.0008176317130553877,
                0.00033206150275653863,
                6.486232563815223e-07
            ],
            [
                8.488372908181887e-10,
                1.20655842198604e-09,
                0.9999590271282978,
                4.068819040072878e-05,
                2.8262590588791177e-07
            ],
            [
                0.9999592683263239,
                4.073100890977852e-05,
                1.3247503583019982e-11,
                4.958112864162471e-10,
                1.5570751795874726e-10
            ],
            [
                0.8045950957167205,
                0.19540490118622378,
                1.0740463975959768e-10,
                1.2345499815616938e-09,
                1.7551011648496754e-09
            ]
        ],
        [
            [
                0.9058394630590767,
                0.0941588056125551,
                2.6570351298293917e-09,
                2.051042314720167e-09,
                1.726620290834717e-06
            ],
            [
                2.8297519338825214e-05,
                0.005441097811216277,
                0.8702247281657077,
                0.11610003399623567,
                0.00820584250750149
            ],
            [
                1.6666021553636656e-07,
                1.8359013055291572e-07,
                0.9758181993689821,
                0.023881174188063903,
                0.00030027619260798624
            ],
            [
                0.6049298395100874,
                0.3950699699444279,
                1.077568138584299e-09,
                1.0456526686809544e-07,
                8.490264975298779e-08
            ],
            [
                0.9985943512103503,
                0.0014056472628860349,
                5.524157072628166e-10,
                5.736891753145387e-10,
                4.006587534581573e-10
            ]
        ],
        [
            [
                0.8001102855749133,
                0.19988971417753926,
                2.2653237679022156e-11,
                6.416735117876188e-11,
                1.6072702539201511e-10
            ],
            [
                6.457356397146577e-05,
                0.5314058413228105,
                0.4581513341481478,
                0.010336984739327199,
                4.126622574296197e-05
            ],
            [
                1.3284826076077379e-06,
                2.1276766261952528e-05,
                0.5434524707984009,
                0.4424253172523966,
                0.01409960670033301
            ],
            [
                0.00030543510072792525,
                0.06384615597924134,
                0.019034902159373916,
                0.824676564195617,
                0.09213694256503983
            ],
            [
                0.6000455925825525,
                0.39995440617873884,
                1.0187048913739502e-10,
                2.1169813840781253e-10,
                9.251399913026406e-10
            ]
        ],
        [
            [
                0.9976637546128772,
                0.002195864751478549,
                3.4185243709215993e-09,
                1.2618722529580328e-09,
                0.00014037595524768522
            ],
            [
                6.076923424238985e-05,
                0.5458871196757967,
                0.4414183786648082,
                0.011802534227266062,
                0.0008311981978866303
            ],
            [
                1.417074478877722e-07,
                8.906834157931301e-06,
                0.7359917873947044,
                0.2633617761665857,
                0.0006373878971039899
            ],
            [
                0.00010032655426476083,
                0.19092159216178867,
                0.04956490843356532,
                0.7200602621521561,
                0.03935291069822522
            ],
            [
                0.7923213556434548,
                0.2076786408793437,
                2.161999529747895e-09,
                3.3684695901789997e-10,
                9.78354864972614e-10
            ]
        ],
        [
            [
                0.9999999498708821,
                4.9889311011168084e-08,
                5.671854769688324e-11,
                7.14890802113499e-11,
                1.1159933422655965e-10
            ],
            [
                0.3010439764859724,
                0.6989559041756671,
                5.292130269330913e-08,
                6.46431021146873e-08,
                1.7739556095015941e-09
            ],
            [
                7.2495564458821775e-06,
                0.0008298740462533311,
                0.5482127153352074,
                0.1947162918419073,
                0.25623386922018615
            ],
            [
                6.3490801393945445e-06,
                0.0001227030143472557,
                0.019692264111698728,
                0.9744701133918883,
                0.005708570401926312
            ],
            [
                0.8754929518455825,
                0.1245070435322784,
                3.5666273033953453e-10,
                9.333863308507025e-10,
                3.332090100743985e-09
            ]
        ],
        [
            [
                0.8001766805231888,
                0.19982331931037048,
                5.3820650724171056e-11,
                5.345975403056904e-11,
                5.916018531271437e-11
            ],
            [
                0.0010606038828397234,
                0.9539860508442973,
                0.0003814412370808133,
                0.044571269062090385,
                6.349736916827862e-07
            ],
            [
                5.641369907391515e-09,
                1.2674923102337275e-07,
                0.9999977589427035,
                1.989102925301686e-06,
                1.1956377026170135e-07
            ],
            [
                0.20011799917119905,
                2.2544364096293214e-08,
                6.1635508742976345e-09,
                0.19936545697466646,
                0.6005165151462195
            ],
            [
                0.999907133509728,
                9.285131020880781e-05,
                8.780254654451873e-10,
                3.2078854855630393e-10,
                1.3981249203214687e-08
            ]
        ],
        [
            [
                0.9214803089034199,
                0.07851968162481886,
                4.101678412142454e-10,
                2.7866785348233307e-09,
                6.274914928343613e-09
            ],
            [
                3.1744654771759993e-06,
                0.2339858441324411,
                0.643868376595565,
                0.12212705960232716,
                1.5545204189611577e-05
            ],
            [
                7.86565947683538e-08,
                7.579834533715795e-05,
                0.9758798346425077,
                0.023879515628130163,
                0.00016477272743015652
            ],
            [
                5.222084617260222e-05,
                0.1810087392361344,
                0.199589554508771,
                0.61271201785309,
                0.0066374675558320655
            ],
            [
                1.0195729793898648e-06,
                4.539893185619638e-09,
                2.2349271634836654e-09,
                0.044561277104534176,
                0.9554376965476661
            ]
        ],
        [
            [
                0.8755040387895641,
                0.12449595098498928,
                4.856957659761716e-10,
                4.002066192921419e-09,
                5.737684695664779e-09
            ],
            [
                0.12472924984807374,
                0.8752572728038417,
                4.856562914891454e-07,
                1.2971552174828061e-05,
                2.0139618240322912e-08
            ],
            [
                5.3912893758869315e-08,
                5.838481208183747e-08,
                0.9986445474191892,
                0.0013504715020805052,
                4.868781024495975e-06
            ],
            [
                3.6835912466819496e-07,
                5.5700473998751385e-09,
                1.902470703128832e-09,
                0.497176332927619,
                0.5028232912407382
            ],
            [
                0.9999787244465693,
                2.1272742325074588e-05,
                6.62210388908816e-11,
                2.5202733272963145e-10,
                2.4928572928026845e-09
            ]
        ],
        [
            [
                0.9222967101060577,
                0.077703215442227,
                2.344118597240831e-09,
                1.4867868190013818e-08,
                5.723972840426216e-08
            ],
            [
                3.642136516410288e-06,
                0.0009335577813224202,
                0.025737882752289207,
                0.9731874324570436,
                0.00013748487282839363
            ],
            [
                5.842526390071828e-07,
                0.0006251795965279416,
                0.40559610522614337,
                0.5931471328180961,
                0.0006309981065935333
            ],
            [
                8.945795632598394e-07,
                8.637411778744835e-09,
                2.5681865043338578e-08,
                0.6804014994722727,
                0.3195975716288873
            ],
            [
                0.9999919530730166,
                8.042173270577653e-06,
                7.328965258814984e-11,
                1.9227810834389693e-10,
                4.488145243806939e-09
            ]
        ],
        [
            [
                0.8013380825873958,
                0.19866191238043426,
                2.0790637873857121e-10,
                1.1891825500415516e-10,
                4.705345301999606e-09
            ],
            [
                2.5959535298605247e-05,
                0.4290901860475211,
                0.19444083173288518,
                0.3763179988810889,
                0.00012502380320611345
            ],
            [
                1.933301677988667e-11,
                2.9788853009702194e-11,
                0.9999999519846241,
                4.7762816156666264e-08,
                2.0343788258244085e-10
            ],
            [
                0.8001489406765339,
                0.19985105918196178,
                1.064731214510808e-11,
                8.062675982341602e-11,
                5.023023054415856e-11
            ],
            [
                0.9999975935867074,
                2.3994281316189256e-06,
                1.397077362793373e-10,
                3.15932893213825e-11,
                6.813860050837346e-09
            ]
        ],
        [
            [
                0.9999999905544784,
                9.230556838303565e-09,
                6.668047974739787e-11,
                1.5063279767358782e-11,
                1.3322090434377253e-10
            ],
            [
                1.5835925043064066e-06,
                0.0024131456966442347,
                0.32788097247841275,
                0.5810307511523984,
                0.08867354708004034
            ],
            [
                2.026219251292602e-08,
                2.411566261566019e-07,
                1.4247014831469546e-06,
                0.24455375407858587,
                0.7554445598011122
            ],
            [
                1.55169491838072e-05,
                3.90330015404662e-05,
                0.4545477374136836,
                0.5385722460649083,
                0.006825466570683871
            ],
            [
                0.0020993730745289215,
                4.745406927316561e-08,
                5.3059845328470913e-08,
                0.49957250480213333,
                0.49832802160942313
            ]
        ],
        [
            [
                0.9941375302841358,
                0.005862468949504588,
                4.9831953693964166e-12,
                3.828811546154266e-10,
                3.7849511120418846e-10
            ],
            [
                2.91682121129279e-07,
                0.012587653702668112,
                0.7661564806324941,
                0.22124807621616277,
                7.49776655396283e-06
            ],
            [
                4.997549968058178e-07,
                1.2826889803953093e-05,
                0.43707515516486994,
                0.43713921658506605,
                0.1257723016052632
            ],
            [
                0.8058060683787535,
                0.19419392481488382,
                5.005799066019266e-09,
                7.454899951572081e-10,
                1.0550737917457447e-09
            ],
            [
                0.8263504403431571,
                0.17364954661015372,
                8.579708454163509e-10,
                8.367726031418372e-09,
                3.820992261154478e-09
            ]
        ],
        [
            [
                0.5925752850691888,
                0.40742471202378316,
                1.8706744537904502e-10,
                2.5999381322882986e-09,
                1.20022398381124e-10
            ],
            [
                0.0004681766182658327,
                0.9991976512003977,
                3.32326643675528e-05,
                0.0002953980293661913,
                5.54148760258396e-06
            ],
            [
                1.244429043287488e-07,
                6.482404885873039e-07,
                0.537560092285298,
                0.3632118988957519,
                0.0992272361355573
            ],
            [
                0.5811538490999133,
                0.4188461046199078,
                2.0858928040772078e-09,
                3.840880569386658e-08,
                5.785480486429695e-09
            ],
            [
                0.9903727960163654,
                0.009627194171167074,
                5.602468329820017e-10,
                1.1506579082151347e-10,
                9.137154932290875e-09
            ]
        ],
        [
            [
                0.6083245105203113,
                0.39167548380846057,
                1.915610936689279e-09,
                3.0570857779828862e-09,
                6.985312673927299e-10
            ],
            [
                4.719479714954891e-05,
                0.1772730808473225,
                0.5787549336673244,
                0.24388564821821113,
                3.9142469992287004e-05
            ],
            [
                1.5181028059471336e-07,
                1.7384800368087803e-06,
                0.20569270914418014,
                0.3949434465754222,
                0.3993619539900803
            ],
            [
                3.5762163609325065e-07,
                3.211314233050637e-10,
                9.202998464055045e-11,
                2.1734529350432267e-07,
                0.999999424619909
            ],
            [
                0.9941278850256723,
                0.005872105417618555,
                1.9983472904550676e-09,
                4.5472253364023024e-10,
                7.103639321404888e-09
            ]
        ],
        [
            [
                0.9310354298756373,
                0.06896147742193703,
                3.252541116767684e-09,
                1.8507531595535794e-09,
                3.0875991314607463e-06
            ],
            [
                3.914166430963817e-05,
                0.9312504790010606,
                0.06587688786700274,
                0.002833092408365758,
                3.990592613629777e-07
            ],
            [
                8.749463837492639e-08,
                7.185664372337648e-08,
                0.1985857961250836,
                0.543584079674254,
                0.2578299648493803
            ],
            [
                0.01789498227628044,
                0.9790163683926819,
                4.589946477710119e-06,
                0.0030341908227971906,
                4.986856176270401e-05
            ],
            [
                0.9628555567635002,
                0.03714443316557976,
                5.523381703202363e-09,
                2.0892784394359866e-09,
                2.458259829024899e-09
            ]
        ],
        [
            [
                0.799736877781155,
                0.2002631110142059,
                5.181693090672966e-09,
                5.7096215052037e-10,
                5.451983837389632e-09
            ],
            [
                2.0369519141472592e-05,
                0.5980424642791105,
                0.14451174684628582,
                0.2573082574970666,
                0.00011716185839555242
            ],
            [
                1.8168597854777489e-10,
                5.425221185145434e-10,
                0.9999999909000415,
                6.884701171481431e-09,
                1.491049299405939e-09
            ],
            [
                1.9919880250014262e-08,
                8.149836974665808e-08,
                8.969433023617285e-09,
                0.8002244481632671,
                0.19977544144904977
            ],
            [
                0.9999989503765476,
                1.0476593797949322e-06,
                5.87501087700141e-11,
                4.9797055435229246e-11,
                1.855525410525889e-09
            ]
        ],
        [
            [
                0.9901168474726622,
                0.009883148440809624,
                8.168366927672267e-10,
                1.501098369291557e-09,
                1.7685933114464166e-09
            ],
            [
                2.767371085715495e-06,
                0.04173597423609618,
                0.6171788586058641,
                0.33149290170112544,
                0.009589498085828508
            ],
            [
                2.3933712898878737e-08,
                8.706669815459142e-07,
                0.0002366862158747158,
                0.44371951117037695,
                0.5560429080130538
            ],
            [
                0.0011471817669679622,
                2.935802111746692e-09,
                3.5135860402437555e-08,
                0.002445446826659019,
                0.9964073333347105
            ],
            [
                0.9977759794949286,
                0.002224016969123893,
                3.417565844341616e-10,
                1.771525839854437e-10,
                3.017038277018989e-09
            ]
        ],
        [
            [
                0.8008093410233537,
                0.1991906584845577,
                2.389949682540632e-10,
                7.491339803282923e-11,
                1.7818034609534596e-10
            ],
            [
                1.880488987045603e-07,
                3.8144691069080244e-06,
                0.27919626288893695,
                0.7207882028603191,
                1.153173273840368e-05
            ],
            [
                4.0450157844553256e-07,
                1.9298552561307833e-05,
                0.19903928407597318,
                0.210607416989565,
                0.5903335958803221
            ],
            [
                0.1299673090975377,
                0.8697630415959522,
                3.848138846620039e-07,
                0.00026810152465941354,
                1.1629679661672451e-06
            ],
            [
                0.9999989415288536,
                9.5738394162986e-07,
                6.349483251413033e-11,
                2.5215219704680955e-11,
                1.0099849467146945e-07
            ]
        ],
        [
            [
                0.6417743085427463,
                0.3582255433264048,
                2.7316134497086696e-09,
                2.1717393149041053e-08,
                1.2368184232968912e-07
            ],
            [
                0.0008965033678057928,
                0.7753000945495737,
                0.003381659963270106,
                0.22040524809438622,
                1.6494024964144357e-05
            ],
            [
                2.6682189510806504e-07,
                1.0862826133728427e-05,
                0.9847014543540158,
                0.015209095832155326,
                7.832016580016708e-05
            ],
            [
                4.7562362270418634e-06,
                0.0022815702394227244,
                0.6124983272440648,
                0.38092888715959605,
                0.004286459120689429
            ],
            [
                0.9999682486293262,
                3.1750309399645694e-05,
                5.1474468773173666e-11,
                4.907534162984921e-10,
                5.190462557940671e-10
            ]
        ],
        [
            [
                0.9999502248347039,
                4.977355915773705e-05,
                9.415902558781894e-12,
                6.907368871133934e-10,
                9.05985670171117e-10
            ],
            [
                4.187139929385489e-05,
                0.5647518660143385,
                0.30600513472155505,
                0.12911239262633792,
                8.873523847462641e-05
            ],
            [
                6.516382368839037e-08,
                2.2062045843251765e-05,
                0.6134618083569205,
                0.34459872884722054,
                0.041917335586191956
            ],
            [
                3.1697583547364774e-10,
                8.375115646791596e-10,
                1.0891636365069239e-09,
                0.01580617915089548,
                0.9841938186054534
            ],
            [
                0.9999850200435279,
                1.4979026737772835e-05,
                7.205409566084382e-11,
                3.5779710810066535e-10,
                4.998831751638434e-10
            ]
        ],
        [
            [
                0.99976573492029,
                0.0002342638667964692,
                4.337385365209936e-10,
                7.26620290954499e-10,
                5.2554671117006136e-11
            ],
            [
                5.1322439321323536e-05,
                0.999946641566937,
                1.0409963370451456e-06,
                8.238605170904375e-07,
                1.7113688748743818e-07
            ],
            [
                1.8723357058832439e-07,
                1.2094406216568297e-06,
                0.40337897382189153,
                0.47201080094807646,
                0.1246088285558397
            ],
            [
                0.0005353279938498635,
                1.234107899331533e-06,
                4.655092062482311e-08,
                0.24344136344392014,
                0.7560220279034101
            ],
            [
                0.9977603400337881,
                0.0022396537808474725,
                3.240062519253529e-10,
                3.206268282295426e-10,
                5.540731280421204e-09
            ]
        ],
        [
            [
                0.7153827298780583,
                0.2846172526469438,
                1.5795692623659983e-09,
                2.7593720482082904e-09,
                1.3136056601773048e-08
            ],
            [
                2.5354551905642887e-06,
                0.11638102744396495,
                0.7444458625028367,
                0.1382429823576745,
                0.000927592240333257
            ],
            [
                3.3019258478029613e-06,
                0.0016604253882709435,
                0.24450831930754066,
                0.7368010161425717,
                0.017026937235768952
            ],
            [
                9.328359064758897e-05,
                0.19335852175595328,
                0.04025990204204396,
                0.7535851598801511,
                0.012703132731204084
            ],
            [
                0.8641642409328253,
                0.13583575770998613,
                4.3115557163937235e-10,
                3.3063097616307713e-10,
                5.954020625923608e-10
            ]
        ],
        [
            [
                0.9996053868226875,
                0.00021241156891587513,
                2.4837563338022446e-09,
                1.0425992070798952e-09,
                0.00018219808204122232
            ],
            [
                6.896171961632643e-07,
                0.00011357970812381796,
                0.38731383660720003,
                0.29747070743767723,
                0.31510118662980263
            ],
            [
                1.0530361634917981e-10,
                3.923265965568512e-09,
                0.9999997141031003,
                2.7426836844109367e-07,
                7.59996172103759e-09
            ],
            [
                2.3855032681541782e-08,
                2.4676940381098663e-05,
                8.638121010648265e-05,
                0.4005047183363849,
                0.5993841996580949
            ],
            [
                0.7998983111376822,
                0.20010168612837012,
                5.806021671198286e-10,
                3.965845295584242e-11,
                2.1136869882190446e-09
            ]
        ],
        [
            [
                0.5718726165123819,
                0.428127380806882,
                5.106710922192509e-10,
                1.7669991547873781e-10,
                1.9933651575775e-09
            ],
            [
                4.464478334728619e-05,
                0.45157552937818224,
                0.378325442224039,
                0.16951281960227846,
                0.0005415640121530321
            ],
            [
                7.38220853701974e-07,
                8.064501345984846e-08,
                0.20729432374073936,
                0.5275524395379384,
                0.2651524178554551
            ],
            [
                0.0008160671385184938,
                4.640406351538511e-09,
                1.178891461644735e-08,
                0.5790977181024951,
                0.42008619832966543
            ],
            [
                0.0028160032030719894,
                9.090624404144596e-09,
                1.4640214949407124e-08,
                0.11243355969791835,
                0.8847504133681703
            ]
        ],
        [
            [
                0.9999836514554649,
                1.626913763511619e-05,
                5.574466887745937e-10,
                3.0502207062391336e-08,
                4.8347246257304404e-08
            ],
            [
                7.320713647879553e-05,
                0.45199204513516594,
                0.3095152338736343,
                0.23815748638391157,
                0.0002620274708094649
            ],
            [
                1.7745935463704243e-07,
                1.1545941177042867e-07,
                0.02936574712855979,
                0.8284499225360148,
                0.142184037416659
            ],
            [
                0.0007946424708678903,
                0.5878384318835032,
                0.001015401976774801,
                0.3430307616217924,
                0.0673207620470617
            ],
            [
                0.9999675484014706,
                3.170165603920361e-05,
                7.740994010429152e-10,
                4.650886713299688e-11,
                7.491218819962486e-07
            ]
        ],
        [
            [
                0.7248704255327761,
                0.2751295688408809,
                4.816503921536621e-09,
                2.791732280355818e-10,
                5.306658096626593e-10
            ],
            [
                9.737962407759074e-07,
                0.039720501580758134,
                0.6384241894166423,
                0.32175508694958066,
                9.924825677821892e-05
            ],
            [
                3.833904701630285e-07,
                0.0004943813972528101,
                0.9988461931075572,
                0.0006503309036383973,
                8.711201081477905e-06
            ],
            [
                4.093177572981023e-05,
                8.432562737389405e-09,
                1.8007932031884755e-08,
                0.21023719131481328,
                0.7897218504689621
            ],
            [
                0.8641299447550915,
                0.1358700501876704,
                1.8882501000957245e-10,
                3.9506981651339043e-10,
                4.473343276520801e-09
            ]
        ],
        [
            [
                0.9461571519109568,
                0.05384281975084048,
                3.112058796674799e-09,
                2.1434670258415083e-09,
                2.3082676875802367e-08
            ],
            [
                1.501965460212046e-05,
                0.5903555129613142,
                0.38818037385766624,
                0.021311796798407136,
                0.000137296728010346
            ],
            [
                1.919600689589278e-08,
                3.029538293340789e-08,
                0.5990621518508469,
                0.20385791371831216,
                0.19707988493945114
            ],
            [
                0.9623595394489647,
                0.03764039885020419,
                2.7186640448983166e-08,
                2.1724665905740404e-08,
                1.278952479372808e-08
            ],
            [
                0.9999103010662629,
                8.969738835784251e-05,
                1.5400665553933384e-10,
                7.905155909031527e-10,
                6.008569104108233e-10
            ]
        ],
        [
            [
                0.9999997258551044,
                2.619493927111945e-07,
                1.0069602130101856e-10,
                2.697840511328423e-11,
                1.2067828339861004e-08
            ],
            [
                0.007650498930666231,
                0.9898079179394026,
                0.00013776992937804082,
                0.0023829530157147517,
                2.0860184838452714e-05
            ],
            [
                7.351682404453497e-08,
                2.6250937639332375e-05,
                0.9949673686565282,
                0.0036276593470704723,
                0.0013786475419378897
            ],
            [
                6.884539717670564e-06,
                6.264391071714128e-05,
                0.0667835963925888,
                0.8452780367053295,
                0.08786883845164685
            ],
            [
                0.89637083146874,
                0.10362916296244548,
                7.793238160198306e-10,
                9.653177041249152e-11,
                4.6929588878655445e-09
            ]
        ],
        [
            [
                0.5151160593839915,
                0.48488393660357804,
                1.0489084944139654e-09,
                2.237495601617193e-09,
                7.260263508533777e-10
            ],
            [
                0.0014560102872482501,
                0.9919904516648098,
                0.002587706727452961,
                0.003962540280566322,
                3.291039922644345e-06
            ],
            [
                5.7352055033799815e-09,
                3.8996951062979146e-07,
                0.995379026569835,
                0.004620206579288373,
                3.7114616048962706e-07
            ],
            [
                5.086753281780032e-05,
                0.16081069216171026,
                0.16457374075825665,
                0.6744286075751228,
                0.0001360919720925103
            ],
            [
                0.9954002135773513,
                0.004599784997036951,
                3.844600966325567e-10,
                3.531908517076841e-11,
                1.0058325042544591e-09
            ]
        ],
        [
            [
                0.9941373141634109,
                0.005862683325222607,
                1.3720052923064343e-10,
                1.649899503274086e-09,
                7.242666245355453e-10
            ],
            [
                2.1164939294618037e-05,
                0.22078564140311197,
                0.4939592191489624,
                0.26189117957634217,
                0.023342794932288708
            ],
            [
                2.117565796911539e-07,
                0.00014380103112866064,
                0.3049531464862178,
                0.42155355403304007,
                0.2733492866930339
            ],
            [
                0.0005542676139948022,
                0.7222318871734168,
                0.0030530506409836293,
                0.26828068058348276,
                0.005880113988121949
            ],
            [
                0.9998989105555015,
                0.00010108406201254867,
