{
    "[['A', 'B', 'C', 'D', 'E'], ['A', 'B', 'C', 'D', 'E']]": [
        [
            [
                0.0020668133075739687,
                2.5919563133949945e-08,
                1.9518242309332345e-07,
                0.4037713986556968,
                0.5941615669347431
            ],
            [
                0.052874340404565755,
                0.9386328734013412,
                2.920347817965676e-06,
                0.005409497070386997,
                0.0030803687758880773
            ],
            [
                1.3022653961163092e-08,
                4.257085855811027e-08,
                0.987099127312487,
                0.012280505485096191,
                0.0006203116089043494
            ],
            [
                4.719763609212477e-09,
                9.18987551102615e-10,
                1.5719439963336304e-09,
                0.21452446456806581,
                0.785475528221239
            ],
            [
                0.00011141274325958837,
                3.8507438141958944e-09,
                2.390382965535507e-09,
                0.19719164213561308,
                0.8026969388800006
            ]
        ],
        [
            [
                0.3124103403356607,
                3.97885720042175e-09,
                9.767758840631839e-09,
                0.0017474616499278184,
                0.6858421842677955
            ],
            [
                0.030457923826948854,
                0.1724854503407575,
                0.15020343766199984,
                0.6360849687060782,
                0.010768219464215665
            ],
            [
                5.31029595679387e-08,
                7.439794693225242e-09,
                0.40267713300157426,
                0.3994638089291323,
                0.1978589975265392
            ],
            [
                0.004532309773792212,
                1.3646185544070075e-09,
                2.4860706468726446e-08,
                0.3926994574603746,
                0.6027682065405081
            ],
            [
                0.2873725869208457,
                1.017854003482409e-07,
                1.3758768157503202e-08,
                0.10766348952919179,
                0.604963808005794
            ]
        ],
        [
            [
                3.2235938906442226e-10,
                2.1005279772292238e-09,
                4.86134196564355e-10,
                0.1761594019877704,
                0.8238405951032081
            ],
            [
                0.34106916212675115,
                0.6533869585549971,
                2.639089130081438e-06,
                0.005426738770670582,
                0.00011450145845113787
            ],
            [
                1.0471042058172146e-11,
                2.0206132462537656e-11,
                0.9999999998238271,
                1.320287340663332e-10,
                1.3466773382704151e-11
            ],
            [
                9.304727051071461e-08,
                7.098897680908295e-09,
                6.448173007462073e-08,
                0.087564669876542,
                0.9124351654955596
            ],
            [
                2.8536239491580764e-08,
                1.2421829475665234e-09,
                1.3439373062367413e-08,
                0.19272590549882143,
                0.807274051283383
            ]
        ],
        [
            [
                2.310122448157783e-09,
                1.5975860306697513e-10,
                3.104002550753277e-09,
                0.2058102218829854,
                0.7941897725431311
            ],
            [
                0.25225985884862695,
                0.682220252698141,
                2.3224769989809322e-05,
                0.0644141693415825,
                0.0010824943416596659
            ],
            [
                2.7246220637771557e-11,
                3.8641217686045686e-11,
                0.9999999984827617,
                4.5182697038391626e-10,
                9.995237787911748e-10
            ],
            [
                0.0641647962645902,
                3.723265449060564e-09,
                4.883893160063769e-10,
                0.00014641014679773432,
                0.9356887893769573
            ],
            [
                0.06416425840828524,
                8.623189535374011e-09,
                6.399086394591455e-11,
                0.24226143855497803,
                0.6935742943495563
            ]
        ],
        [
            [
                4.068056103455101e-05,
                2.880253077191023e-10,
                4.1364123190465623e-10,
                0.000259143472107567,
                0.9997001752651913
            ],
            [
                0.026353199399141172,
                0.6204873498701214,
                0.00032014630774369657,
                0.3241080925973551,
                0.028731211825638633
            ],
            [
                2.2445344291562396e-06,
                1.009948134298269e-05,
                0.9670626677101337,
                0.031266356972822575,
                0.0016586313012716134
            ],
            [
                2.046114595232543e-06,
                2.725263546217422e-10,
                3.383360369014827e-10,
                9.826060404846766e-06,
                0.9999881272141374
            ],
            [
                4.297533670204674e-06,
                1.3550071789247033e-10,
                1.5972554308305268e-09,
                0.20000050439921116,
                0.7999951963343624
            ]
        ],
        [
            [
                0.038268008331691354,
                5.71988922563447e-09,
                2.2501986405771005e-08,
                0.06497820911859555,
                0.8967537543278375
            ],
            [
                0.24380535265571143,
                0.6920342430104169,
                2.319915466548369e-05,
                0.0010886965677469151,
                0.0630485086114594
            ],
            [
                1.1048484769458865e-08,
                3.849089473066174e-07,
                0.9759788798538441,
                0.00019412658549950639,
                0.023826597603224274
            ],
            [
                3.125046033172444e-10,
                1.5634840429914161e-10,
                2.7307887222400124e-11,
                0.19996053377555292,
                0.8000394657282862
            ],
            [
                2.6026686253354874e-06,
                1.2384112637803454e-10,
                8.04704666419915e-11,
                0.1954046062087789,
                0.8045927909182842
            ]
        ],
        [
            [
                0.0004800657730806223,
                1.641916889443558e-08,
                4.2844139521166105e-09,
                0.6326275254095453,
                0.36689238811379127
            ],
            [
                0.1996558753965237,
                0.8002767141120108,
                3.7228626792130214e-07,
                4.352121081280336e-05,
                2.3516994384743956e-05
            ],
            [
                3.4905951573561256e-07,
                4.2538546532957394e-07,
                0.6592163144906781,
                0.34078051795110387,
                2.393113236904787e-06
            ],
            [
                0.10000000279653569,
                3.969136460119854e-09,
                8.575160173416555e-09,
                0.22449344413707284,
                0.6755065405220949
            ],
            [
                2.1825871933637574e-08,
                1.4045122376575068e-09,
                1.2240274406496566e-09,
                0.22937553819551246,
                0.7706244373500758
            ]
        ],
        [
            [
                9.93879251110077e-07,
                1.067376524654719e-10,
                8.792719430456015e-10,
                0.00011487512618178156,
                0.9998841300085576
            ],
            [
                0.3426877465119367,
                0.31073889458978454,
                3.5105726409845344e-05,
                0.30575517016428827,
                0.040783083007580684
            ],
            [
                2.069241686335825e-11,
                6.157275735138941e-11,
                0.9999999996383302,
                1.5683091958160988e-10,
                1.2257382091399532e-10
            ],
            [
                1.1735935440707436e-07,
                1.2056256775350194e-09,
                9.089361658825896e-10,
                0.40252860341615343,
                0.5974712771099303
            ],
            [
                2.7009862120395805e-10,
                1.6018884617566798e-11,
                1.2925370107614275e-10,
                0.19253461378191145,
                0.8074653858027173
            ]
        ],
        [
            [
                0.0029949403074027033,
                1.2117016599236091e-08,
                9.473001300019768e-11,
                0.2446878162168088,
                0.7523172312640419
            ],
            [
                0.7199897057690742,
                0.27992010907188924,
                1.1851156492107119e-08,
                5.575928054476972e-06,
                8.45973798256801e-05
            ],
            [
                1.1008000927506641e-11,
                1.5636598338023022e-11,
                0.9999999985727113,
                1.3792503104862642e-09,
                2.1393816850086306e-11
            ],
            [
                4.771945072606883e-08,
                1.2315787928683933e-09,
                8.092228910421151e-09,
                0.22920883441923096,
                0.7707911085375106
            ],
            [
                2.6079366478502005e-06,
                1.890632709560129e-10,
                1.586874714339754e-09,
                0.0017561882467685725,
                0.9982412020406456
            ]
        ],
        [
            [
                6.235806846898593e-09,
                8.31184041934451e-11,
                1.7152672141677516e-09,
                0.012017366612738691,
                0.9879826253530689
            ],
            [
                0.17003943322339926,
                0.2669202579951594,
                6.324562277358405e-05,
                0.3962188572401294,
                0.16675820591853843
            ],
            [
                2.3089359571363967e-07,
                8.655183897776385e-08,
                0.21511596662704982,
                0.41158681717797907,
                0.3732968987495364
            ],
            [
                1.4543237079593725e-08,
                3.1976611416272463e-09,
                4.2569908444011785e-09,
                0.5394188294944694,
                0.4605811485076415
            ],
            [
                0.0017154392619581076,
                1.1991270130671905e-08,
                1.4407892234568408e-08,
                0.08755170732888043,
                0.9107328270099991
            ]
        ],
        [
            [
                1.937698724295642e-08,
                1.029490571801142e-09,
                1.8473698436363194e-09,
                0.6014305528062137,
                0.3985694249399386
            ],
            [
                0.4384162381026231,
                0.45320235689275634,
                3.3926937065460745e-06,
                0.010596525413712159,
                0.09778148689720191
            ],
            [
                3.491889344750051e-08,
                2.8460165567685552e-08,
                0.7999717159828741,
                0.10001901311164871,
                0.10000920752641816
            ],
            [
                9.576496009570474e-07,
                1.3277386456574695e-09,
                1.1611773146060586e-09,
                0.3024130489495336,
                0.6975859909119494
            ],
            [
                2.915749694209907e-07,
                1.668460155658967e-09,
                4.119221005606662e-09,
                0.10235992562070696,
                0.8976397770166425
            ]
        ],
        [
            [
                0.0035972454984735756,
                1.6401244098544248e-09,
                4.149675030770825e-09,
                0.00038535422031952296,
                0.9960173944914075
            ],
            [
                0.34221875295651305,
                0.5809511509262404,
                3.557104130099865e-07,
                0.07647767128121649,
                0.00035206912561709604
            ],
            [
                2.303529272334988e-11,
                1.2741187055956596e-09,
                0.9999995369227835,
                4.570371019247653e-07,
                4.742960600664419e-09
            ],
            [
                5.978507559400868e-05,
                1.292132180293337e-07,
                2.71587533702814e-07,
                0.003985824593412382,
                0.995953989530242
            ],
            [
                2.283988875187342e-09,
                1.8548004903784833e-10,
                3.233789271225369e-10,
                0.045224260300680934,
                0.9547757369064712
            ]
        ],
        [
            [
                1.358066143900513e-07,
                2.0004181046759296e-08,
                1.1590837589297467e-09,
                0.23692717484335132,
                0.7630726681867694
            ],
            [
                0.6230275075515951,
                0.3769227976523496,
                4.783607421809764e-07,
                2.8735031475812613e-05,
                2.0481403837204524e-05
            ],
            [
                2.8733414819415825e-07,
                4.2014662207165426e-05,
                0.9997812863645079,
                0.0001342318859222012,
                4.217975321459529e-05
            ],
            [
                9.104702970873855e-09,
                3.722953250663871e-09,
                1.6432413596562118e-09,
                0.12452689580883389,
                0.8754730897202685
            ],
            [
                2.2681113756693422e-08,
                1.112856010045807e-09,
                3.1572754177589314e-10,
                0.14621267518668846,
                0.8537873007036142
            ]
        ],
        [
            [
                5.900528420670224e-07,
                5.010576627535965e-09,
                8.898947302593946e-10,
                0.00949009307121799,
                0.9905093109754686
            ],
            [
                0.4568491686806676,
                0.5428882206992498,
                4.3374755613265473e-07,
                0.0002306861778315899,
                3.149069469508117e-05
            ],
            [
                1.0591381855937306e-11,
                2.1531085706755786e-11,
                0.9999999996842914,
                1.246343000014536e-10,
                1.5895172199168635e-10
            ],
            [
                4.5526170350820796e-07,
                9.158540173135232e-09,
                1.125507405915828e-09,
                0.20281276881825794,
                0.797186765635991
            ],
            [
                0.15442145310992125,
                3.678894760024907e-08,
                1.0585194975391715e-08,
                0.0013362210529086998,
                0.8442422784630276
            ]
        ],
        [
            [
                0.0010572296028310303,
                1.984520092194278e-08,
                2.6321589973834447e-09,
                0.17696192669984448,
                0.8219808212199646
            ],
            [
                0.20015318350870392,
                0.7998468108786431,
                1.6485347637512264e-09,
                2.911449237245867e-09,
                1.0526690510511403e-09
            ],
            [
                4.390022659552496e-08,
                1.0986979602005041e-07,
                0.952442656625203,
                0.029529272272465393,
                0.018027917332308945
            ],
            [
                0.01907024766332151,
                2.821420610195757e-08,
                5.0298142927960285e-08,
                0.18521353674101917,
                0.7957161370833103
            ],
            [
                1.0855404021339052e-06,
                4.221966939280413e-08,
                1.204365656318521e-09,
                0.5416046207756751,
                0.4583942502598878
            ]
        ],
        [
            [
                0.00048247596449108114,
                1.0241045136986629e-09,
                1.2192011738990793e-09,
                0.19334896814385352,
                0.8061685536483497
            ],
            [
                0.002154737445474721,
                0.19343438045109132,
                0.00011694366411738037,
                0.7917494616588284,
                0.012544476780488065
            ],
            [
                8.946884409941655e-07,
                1.645237474254148e-06,
                0.8524447281041441,
                0.14754475380758547,
                7.978162355170922e-06
            ],
            [
                0.01261658560963149,
                6.182250449419196e-09,
                3.379038311132498e-09,
                0.006459082347679459,
                0.9809243224814004
            ],
            [
                0.19658752185942863,
                7.644466499325115e-09,
                3.745784076657103e-09,
                0.00047950583699745835,
                0.8029329609133233
            ]
        ],
        [
            [
                0.38089555325417,
                1.35393578534064e-07,
                2.2589771134569037e-09,
                0.004266009685001787,
                0.6148382994082726
            ],
            [
                0.43408007661669945,
                0.42798165632949403,
                8.106903331820194e-07,
                4.8257952011906835e-06,
                0.13793263056827215
            ],
            [
                4.344982406144761e-10,
                4.076681803632919e-09,
                0.9999978514279038,
                2.0423510066847953e-06,
                1.0170990946571329e-07
            ],
            [
                1.1536024879063984e-06,
                9.967583880127294e-10,
                1.0516342750161281e-08,
                0.548875221973966,
                0.451123612910445
            ],
            [
                2.999059483846348e-08,
                2.308462283502964e-09,
                1.7660144813627636e-09,
                0.35177993997829315,
                0.6482200259566352
            ]
        ],
        [
            [
                8.555032662091527e-09,
                1.2217536913026463e-10,
                1.2231223646003772e-09,
                0.19613394008999968,
                0.8038660500096699
            ],
            [
                0.5964032762124126,
                0.40357552565194643,
                6.768152344750761e-08,
                1.7428056923966364e-05,
                3.702397193444199e-06
            ],
            [
                1.9084907995143353e-07,
                3.42484525491278e-08,
                0.08425936975881443,
                0.8504411524118998,
                0.06529925273175324
            ],
            [
                1.4561203193267952e-09,
                1.1904461450094446e-09,
                7.787341189812664e-09,
                0.18966470619286174,
                0.8103352833732306
            ],
            [
                0.20024925681713865,
                9.811110506679616e-09,
                5.81988010301963e-10,
                0.00033192284479354074,
                0.7994188099449693
            ]
        ],
        [
            [
                1.236548847221593e-08,
                8.403852639822085e-10,
                4.1907670329839675e-10,
                0.3350512126890405,
                0.6649487736860091
            ],
            [
                0.00039330288640159166,
                0.15401951897759655,
                0.0007960616770262924,
                0.7591921883974031,
                0.08559892806157243
            ],
            [
                1.882654172321834e-06,
                0.0002088455168825013,
                0.999275253502018,
                0.0005045764401022457,
                9.441886825024241e-06
            ],
            [
                2.4442762435261018e-09,
                3.5601517922096685e-09,
                4.4948066476268e-10,
                0.5356729586920428,
                0.4643270348540485
            ],
            [
                7.27859557433321e-08,
                2.7814599140976102e-09,
                3.513306074138972e-10,
                0.007474252744594948,
                0.9925256713366588
            ]
        ],
        [
            [
                2.1284483066890375e-06,
                1.2360265712090257e-09,
                5.7479430626341166e-08,
                0.25378283618597974,
                0.7462149766502564
            ],
            [
                2.9180855473092053e-08,
                2.1037350780352487e-06,
                8.048680363603263e-06,
                0.7754986415926204,
                0.22449117681108247
            ],
            [
                6.007623383991489e-06,
                0.0025865171696680947,
                0.596534428902929,
                0.3873400486939398,
                0.01353299761007917
            ],
            [
                9.659839168720251e-07,
                9.779394800696207e-11,
                4.362426434521516e-10,
                0.00021167315762308424,
                0.9997873603244234
            ],
            [
                0.003241385796745995,
                2.6799166394210876e-09,
                3.410489647496345e-10,
                0.00014463589567292523,
                0.9966139752866155
            ]
        ],
        [
            [
                6.714883505572924e-05,
                1.5711623004736378e-11,
                3.4259613643053327e-10,
                2.432857371190745e-09,
                0.9999328483737792
            ],
            [
                0.018294117918831516,
                0.41865593994394207,
                0.060910623989139615,
                0.500239178788572,
                0.0019001393595148212
            ],
            [
                1.6606946813352634e-10,
                4.452368945499423e-09,
                0.9999997163179557,
                2.786920859194115e-07,
                3.7151999574293025e-10
            ],
            [
                8.361880056895003e-10,
                6.939365429551521e-10,
                1.5663994806358798e-08,
                0.21177669517269743,
                0.7882232876331832
            ],
            [
                8.669432583085299e-05,
                1.5075803941379292e-09,
                1.592940681071004e-10,
                0.19950603162353742,
                0.8004072723837572
            ]
        ],
        [
            [
                2.432295042720342e-06,
                3.213413032752455e-08,
                1.2337449156893829e-08,
                0.055595452529961585,
                0.9444020707034162
            ],
            [
                0.0025123221264290473,
                0.7200756938561848,
                1.6663676315380855e-05,
                0.1619336661397091,
                0.11546165420136159
            ],
            [
                1.4325326554073867e-11,
                9.865695534401301e-11,
                0.9999999988151727,
                5.587959865958483e-10,
                5.130492423705039e-10
            ],
            [
                2.73366793543841e-08,
                3.232010169006683e-10,
                2.4541875779503744e-09,
                0.3993252746287681,
                0.600674695257164
            ],
            [
                3.0987997968404956e-09,
                1.6295686094546715e-09,
                1.4844006553795318e-08,
                0.19051537828102716,
                0.8094846021465979
            ]
        ],
        [
            [
                0.00013117603545726296,
                2.842547246956804e-09,
                4.444657600965308e-08,
                0.4722662806572446,
                0.5276024960181749
            ],
            [
                0.36518986940300036,
                0.5684606995258509,
                1.667402361832518e-05,
                0.003372753907609806,
                0.06296000313992058
            ],
            [
                1.0428742044153741e-09,
                1.427754503332635e-09,
                0.999999933444897,
                1.2944949302704277e-08,
                5.113952507683416e-08
            ],
            [
                1.672718128275695e-07,
                1.1664618857483854e-10,
                4.474021500591183e-10,
                0.001897711264907612,
                0.9981021208992312
            ],
            [
                8.611988450304937e-05,
                4.4162421447593107e-10,
                5.8222041265805445e-09,
                2.471656736786393e-05,
                0.9998891572843007
            ]
        ],
        [
            [
                0.00023957554164213537,
                1.6043921871834894e-10,
                6.316019243504506e-10,
                4.160784724264252e-08,
                0.9997603820584695
            ],
            [
                0.10472138518911726,
                0.7872384072090516,
                3.9687068068854265e-05,
                0.1050209443154498,
                0.0029795762183125094
            ],
            [
                1.4407204734553464e-09,
                4.2020789943870666e-10,
                0.9999986548597884,
                1.3266776130392658e-06,
                1.660167010127979e-08
            ],
            [
                0.00014194712366371513,
                9.066505648579457e-10,
                4.1489987262570057e-10,
                0.7934982867285183,
                0.20635976482626756
            ],
            [
                0.17617862471804013,
                8.91461056287878e-09,
                4.116691915140513e-10,
                0.00020144256954317572,
                0.8236199233861369
            ]
        ],
        [
            [
                1.7304786649154327e-07,
                1.132145836797478e-10,
                4.2392497745894e-10,
                0.008063283205017887,
                0.991936543209976
            ],
            [
                0.16186768200635596,
                0.2821687072245799,
                5.1624467125887185e-05,
                0.367938924833361,
                0.18797306146857723
            ],
            [
                1.423807718102327e-10,
                1.4923270937974204e-10,
                0.999999996566419,
                8.818980208229345e-10,
                2.2600694895825745e-09
            ],
            [
                4.087784882716547e-10,
                9.427108781813673e-12,
                5.143657196414878e-10,
                0.004595477073777389,
                0.9954045219936513
            ],
            [
                7.930893890818551e-08,
                1.6150144263980947e-10,
                1.2403943465340742e-09,
                0.42376643092751604,
                0.5762334883616492
            ]
        ],
        [
            [
                0.16351383722839297,
                4.7889836975269836e-09,
                9.646816065478297e-09,
                0.5801146414771281,
                0.25637150685867915
            ],
            [
                1.95885140300705e-06,
                9.158071081738364e-07,
                0.08938331630661052,
                0.6708594366520367,
                0.2397543723828417
            ],
            [
                1.1931168889547127e-08,
                1.0164876112425159e-07,
                0.9999786982201412,
                9.34078276593003e-06,
                1.1847417162912011e-05
            ],
            [
                7.434196740342787e-07,
                1.2667274367715438e-08,
                3.1220545700143256e-08,
                0.10066417250173997,
                0.8993350401907659
            ],
            [
                0.01948664582033081,
                5.420828062955685e-08,
                7.389850582234162e-09,
                0.17716517730363704,
                0.803348115277901
            ]
        ],
        [
            [
                4.52136468414742e-07,
                3.1899114443439146e-10,
                1.8575774838664723e-10,
                0.20018027790957948,
                0.7998192694492032
            ],
            [
                0.0005458426015527815,
                0.9575566575281497,
                0.000554960727387831,
                0.032606036354868854,
                0.008736502788040825
            ],
            [
                6.372996741785078e-06,
                6.133008850979404e-06,
                0.9949970854779668,
                0.004844659264286432,
                0.00014574925215394234
            ],
            [
                1.5619888363606346e-07,
                4.667173536577024e-10,
                1.3631550899110781e-08,
                0.39176594541588133,
                0.6082338842869668
            ],
            [
                5.015946320787874e-09,
                6.009861185971943e-10,
                1.5527632842774379e-10,
                0.05598769933410381,
                0.9440122948936874
            ]
        ],
        [
            [
                1.1576796688403515e-05,
                2.8820887864119998e-08,
                6.121096994030586e-08,
                0.21792987912334666,
                0.7820584540481071
            ],
            [
                0.23386521935003868,
                0.7652446574715852,
                2.6711785018888983e-05,
                0.0006491162848347781,
                0.00021429510852242307
            ],
            [
                1.0724510200529451e-08,
                1.3370425649218515e-08,
                2.8769739491301823e-07,
                0.6151564969776945,
                0.38484319122997473
            ],
            [
                3.3386511659548112e-06,
                1.1164611121961307e-09,
                6.996352109928628e-10,
                0.27181341577500623,
                0.7281832437577315
            ],
            [
                0.00029261397379038145,
                1.3809838173970847e-09,
                7.632524522466469e-09,
                0.5884005190585299,
                0.4113068579541714
            ]
        ],
        [
            [
                1.6765151640552148e-09,
                3.0090025047077055e-09,
                1.2935618357944712e-09,
                0.19985841986614136,
                0.8001415741547792
            ],
            [
                0.10748811714784405,
                0.05052946446570294,
                0.010597904484753503,
                0.7984978045059447,
                0.03288670939575492
            ],
            [
                6.817278810660614e-12,
                9.709317812240845e-11,
                0.9999999986987214,
                9.797406721886379e-10,
                2.1762757762710405e-10
            ],
            [
                1.1053549042045434e-07,
                5.465771565127111e-10,
                3.3689247181691456e-09,
                0.22955781099173617,
                0.7704420745572715
            ],
            [
                0.00038534785111658516,
                2.3400568192195404e-10,
                5.829032816559888e-11,
                2.8290955443471664e-07,
                0.999614368947033
            ]
        ],
        [
            [
                6.738219629748687e-10,
                2.2866674455507899e-10,
                1.151679376109695e-10,
                0.20016164334399245,
                0.7998383556383508
            ],
            [
                3.8347151295054204e-08,
                1.5698229631378374e-06,
                3.902960135090354e-05,
                0.7999314376548291,
                0.2000279245737056
            ],
            [
                5.721280027641655e-09,
                4.644677229292891e-09,
                0.9999983742578692,
                1.5825557051772754e-06,
                3.282046838917555e-08
            ],
            [
                9.592675094695998e-10,
                2.0549551537385562e-10,
                1.0583254941575245e-09,
                0.18798270610321097,
                0.8120172916737005
            ],
            [
                6.695728339977025e-09,
                3.585455524061451e-10,
                8.993813208618681e-11,
                3.3405475443106986e-06,
                0.9999966523082436
            ]
        ],
        [
            [
                0.0003032584795036476,
                1.6121821863935487e-09,
                3.4512735914335444e-09,
                0.0035392682390044325,
                0.9961574682180362
            ],
            [
                8.439633814739459e-06,
                0.00010004151661431449,
                0.11770820882389428,
                0.8557645104618192,
                0.02641879956385735
            ],
            [
                9.282664543997039e-08,
                8.177068654475633e-07,
                0.6969442240492398,
                0.30303668891921876,
                1.817649803061806e-05
            ],
            [
                3.5099405215303265e-06,
                1.5564929856272596e-09,
                1.7002569440246192e-10,
                0.002854153517421224,
                0.9971423348155386
            ],
            [
                3.169411021601083e-05,
                6.2074153651508765e-09,
                1.1961062061376843e-08,
                0.16771120583019436,
                0.8322570818911122
            ]
        ],
        [
            [
                0.004963501295097282,
                3.950625507691839e-07,
                4.192264707295532e-09,
                0.40266371534644696,
                0.5923723841036402
            ],
            [
                0.00018526627943964076,
                0.9692029423480041,
                4.2065292555600884e-05,
                0.030491454098475767,
                7.82719815248424e-05
            ],
            [
                6.328945543231274e-08,
                1.093361681259044e-06,
                0.19992124641917913,
                0.44823778910445056,
                0.3518398078252336
            ],
            [
                7.542556055136157e-07,
                2.9938941118186275e-09,
                2.1747106648295964e-09,
                0.07655216314733429,
                0.9234470774284554
            ],
            [
                2.606048874771784e-06,
                4.330903825373197e-09,
                1.263995350150103e-08,
                0.020255856401776365,
                0.9797415205784916
            ]
        ],
        [
            [
                5.793936631110575e-07,
                1.031461189036062e-08,
                1.5274053894183172e-09,
                0.03095060626752365,
                0.9690488024967959
            ],
            [
                3.682393681130093e-06,
                3.071043747197209e-05,
                0.026217260524169353,
                0.9727512049031509,
                0.0009971417415266897
            ],
            [
                4.9362244758086017e-11,
                4.791206326181613e-11,
                0.9999999949025686,
                3.964303473835974e-09,
                1.0358534007037842e-09
            ],
            [
                4.585587163065269e-07,
                1.3183707833662818e-08,
                2.176197468630393e-08,
                0.3984990650490582,
                0.601500441446543
            ],
            [
                2.1460857727740614e-07,
                1.9673049238890893e-09,
                3.683914844061717e-08,
                0.2678950756280785,
                0.7321046709568908
            ]
        ],
        [
            [
                6.163087588652555e-08,
                1.4931867705048248e-09,
                5.6773028407165726e-09,
                0.04089638109769303,
                0.9591035501009415
            ],
            [
                9.049286456024183e-05,
                0.9496528804128054,
                0.0011964858316389892,
                0.0443502013194029,
                0.004709939571592525
            ],
            [
                4.075619020941589e-12,
                1.1259745898698768e-11,
                0.9999999998559399,
                5.667931282778525e-11,
                7.204555495995445e-11
            ],
            [
                5.889615724706539e-08,
                5.178624744675441e-09,
                7.778086782358783e-09,
                0.20225965247041974,
                0.7977402756767115
            ],
            [
                5.814663127170572e-07,
                5.805422543009198e-10,
                2.8958562585464634e-08,
                0.0642748063448118,
                0.9357245826497707
            ]
        ],
        [
            [
                0.21843538134048202,
                3.3037139245404217e-10,
                2.147685337759981e-09,
                4.5493914696249936e-07,
                0.7815641612423143
            ],
            [
                0.00026098210874813527,
                0.14584884403291787,
                0.015036209390885862,
                0.7657834254726317,
                0.0730705389948165
            ],
            [
                0.10547680955320272,
                0.09333055624037544,
                0.3878657746764158,
                0.37423152435782603,
                0.03909533517218005
            ],
            [
                1.4041861678920142e-09,
                4.747763357324365e-10,
                3.388546671741819e-09,
                0.2995055057480561,
                0.7004944889844347
            ],
            [
                7.021554512038006e-08,
                1.4246582510998575e-10,
                7.036655553305963e-10,
                0.00023513094654787711,
                0.9997647979917756
            ]
        ],
        [
            [
                0.012017343001293644,
                1.0115898435176248e-09,
                3.3604223280591684e-08,
                0.21843535809622114,
                0.7695472642866722
            ],
            [
                0.006898428820641827,
                0.1812722253934093,
                0.0187875020475958,
                0.7851423156248826,
                0.007899528113470564
            ],
            [
                9.683275559408994e-11,
                3.218263691531977e-10,
                0.9999999957700503,
                8.103106673993777e-10,
                3.0009799778946144e-09
            ],
            [
                0.1531368869791414,
                5.8230086970236444e-08,
                4.840077390438972e-08,
                0.1487284075615147,
                0.6981345988284832
            ],
            [
                1.0151325347778373e-09,
