{
    "[['A', 'B', 'C', 'D', 'E'], ['A', 'B', 'C', 'D', 'E']]": [
        [
            [
                0.9993583945135056,
                6.116533474079837e-06,
                8.801934862371707e-09,
                3.790514214945711e-09,
                0.0006354763605713339
            ],
            [
                7.081138685245938e-07,
                0.0001373435222253033,
                0.01113583722313291,
                0.6489117533669316,
                0.3398143577738416
            ],
            [
                2.6877802781335676e-12,
                3.2010176027357127e-12,
                0.9999999999861531,
                6.6898273519360724e-12,
                1.268233958952044e-12
            ],
            [
                0.0028127788884239283,
                1.8748565208389933e-09,
                4.019263512277699e-09,
                0.35958345633992894,
                0.6376037588775272
            ],
            [
                0.0036367437809346633,
                3.333856203781972e-09,
                8.249928489136114e-09,
                0.07624745102904333,
                0.9201157936062373
            ]
        ],
        [
            [
                0.9999992135377181,
                5.809517457930329e-07,
                2.581465435334955e-09,
                1.5354420266148038e-09,
                2.013936287096053e-07
            ],
            [
                9.094967304703693e-07,
                4.0692598711438744e-06,
                0.3911205485813296,
                0.20755326666834864,
                0.4013212059937201
            ],
            [
                5.965523649264471e-12,
                1.122209864686262e-12,
                0.9999999999769693,
                1.1079161008799778e-11,
                4.86389271849509e-12
            ],
            [
                4.7953984926111144e-08,
                5.883084112439514e-11,
                1.6062125183157402e-10,
                0.0008140327946721104,
                0.9991859190318909
            ],
            [
                3.2066936203287704e-07,
                3.440399628796753e-10,
                4.167112593937779e-09,
                0.25397037880055384,
                0.7460292960189315
            ]
        ],
        [
            [
                0.8641560784535712,
                0.1358326612431897,
                1.6566127737918022e-08,
                2.0049725429280898e-06,
                9.238764568554759e-06
            ],
            [
                0.9905139309261565,
                0.009486049163489859,
                1.0213829179714603e-10,
                4.92227533578702e-09,
                1.4885940057724853e-08
            ],
            [
                9.132595204395877e-12,
                7.978137445935976e-12,
                0.9999999999140314,
                3.989910005360596e-11,
                2.895860840703565e-11
            ],
            [
                0.12199006360257206,
                2.5861147885177828e-08,
                1.4775708226923565e-09,
                5.570449174976191e-05,
                0.8779542045669594
            ],
            [
                0.00850976223576159,
                1.207104212554197e-09,
                3.415809390966414e-09,
                0.19979686107431607,
                0.7916933720670087
            ]
        ],
        [
            [
                0.9553067630120194,
                6.704929907885626e-05,
                1.6601920382930354e-08,
                1.2770087249065212e-08,
                0.044626158316894
            ],
            [
                1.842284965645925e-07,
                4.106528334999227e-10,
                2.7368878443054994e-09,
                0.5999985710748865,
                0.4000012415490763
            ],
            [
                6.416055204440463e-12,
                1.2655726149742375e-11,
                0.9999999997837679,
                1.759037708892927e-10,
                2.125653423564422e-11
            ],
            [
                1.2907600105597882e-06,
                1.4951464125200035e-09,
                2.2623403735808926e-09,
                0.599988757612243,
                0.4000099478702597
            ],
            [
                1.338843516066748e-05,
                3.7828049934305e-09,
                2.1966967096430986e-09,
                0.5959483177391279,
                0.4040382878462096
            ]
        ],
        [
            [
                0.9999841165474381,
                1.5324290700999864e-05,
                8.347706902761693e-10,
                5.924039605809259e-08,
                4.990866941446933e-07
            ],
            [
                3.366895008826605e-08,
                9.583541643899735e-10,
                2.1941800005523058e-07,
                0.9232653084673733,
                0.07673443748732238
            ],
            [
                2.755240601575726e-09,
                2.1424493894977157e-07,
                0.9999947794978914,
                2.6093632248824547e-07,
                4.742565606529429e-06
            ],
            [
                2.63302443020959e-07,
                5.485570486407495e-10,
                1.8087136107612587e-09,
                0.4675948326772714,
                0.5324049016630148
            ],
            [
                0.9999779870127933,
                2.3012031231741166e-06,
                7.61531249755485e-09,
                1.3829979526377629e-08,
                1.9690338791550542e-05
            ]
        ],
        [
            [
                0.9999998360146801,
                2.257933818105928e-08,
                2.467067324750175e-10,
                1.0325352700053114e-09,
                1.401267398024699e-07
            ],
            [
                1.5365368432725015e-05,
                1.9565772984323762e-07,
                1.6663362949410337e-08,
                0.7244822753679846,
                0.2755021469424899
            ],
            [
                1.0594926235949666e-10,
                2.696903425199473e-10,
                0.9999966480234472,
                1.1197650727847361e-08,
                3.340403262435063e-06
            ],
            [
                8.117039300911167e-08,
                1.1981287023664674e-10,
                8.110340324463316e-11,
                0.3991832802090667,
                0.6008166384196241
            ],
            [
                0.043248567104686456,
                5.273897531914654e-09,
                8.78982014096025e-09,
                0.7518662992187928,
                0.20488511961280306
            ]
        ],
        [
            [
                0.9981972942385638,
                0.001802683942395108,
                4.2609471464520286e-09,
                9.292453358495546e-09,
                8.265640604750224e-09
            ],
            [
                1.5344156160426937e-08,
                6.711275883049036e-05,
                2.536504704551847e-07,
                0.8035300740064855,
                0.19640254424005738
            ],
            [
                7.40495874514233e-13,
                1.701474839219153e-11,
                0.9999999999701419,
                7.158518253067121e-12,
                4.944330542016742e-12
            ],
            [
                0.00015368665276557534,
                4.9275014596017465e-09,
                3.779213109220104e-09,
                0.10000064103667036,
                0.8998456636038495
            ],
            [
                0.8535237950154416,
                0.1462845908287693,
                8.149062660798548e-08,
                4.159872507541184e-07,
                0.00019111667791176897
            ]
        ],
        [
            [
                0.8612653934927036,
                0.13873458045434633,
                5.517965792854158e-09,
                1.464602279632578e-08,
                5.888961378520989e-09
            ],
            [
                4.62359124703033e-07,
                1.2599299258386173e-05,
                0.16350644268497483,
                0.2983914248498896,
                0.5380890708067525
            ],
            [
                8.381938693094059e-07,
                4.951062574179908e-07,
                0.43931468218699044,
                0.2753390396340541,
                0.28534494487882867
            ],
            [
                6.8495933049075306e-09,
                1.4714558338327036e-09,
                2.515914996011339e-09,
                0.20038226919476795,
                0.7996177199682679
            ],
            [
                3.911845796016568e-06,
                2.9851010993868943e-10,
                8.19230560176273e-09,
                0.30497042614246334,
                0.6950256535209249
            ]
        ],
        [
            [
                0.992010805841459,
                1.7955267977511702e-05,
                1.5729165019914227e-07,
                9.606827733596782e-07,
                0.007970120916139918
            ],
            [
                1.511914875600704e-10,
                1.3178977213451796e-10,
                1.736054961177426e-09,
                0.7999330439168533,
                0.20006695406411043
            ],
            [
                4.231084355835152e-12,
                3.3331127381835e-12,
                0.9999999979648204,
                8.950375105404864e-10,
                1.1325777995104108e-09
            ],
            [
                2.557346405015141e-09,
                1.8578976466077994e-09,
                1.675540086037393e-09,
                0.19976676647807293,
                0.800233227431143
            ],
            [
                0.9999901430132822,
                1.752144341275491e-07,
                2.399006876052025e-09,
                1.1534624611476769e-08,
                9.667838652228344e-06
            ]
        ],
        [
            [
                0.9999991782910882,
                8.039257057126512e-08,
                9.24760922518645e-10,
                1.1815360835892268e-09,
                7.392100442196345e-07
            ],
            [
                6.528642332893903e-07,
                2.8595322880410436e-07,
                8.156682125690914e-05,
                0.045270759596103036,
                0.954646734765178
            ],
            [
                6.405567653375236e-12,
                3.743445746839156e-12,
                0.9999999996800313,
                2.9174737632040566e-10,
                1.8072445112818034e-11
            ],
            [
                5.226556683940293e-05,
                8.730968793742105e-10,
                8.395963908155648e-09,
                0.004116459423382193,
                0.9958312657407176
            ],
            [
                0.9925342219699717,
                0.00746568984447955,
                3.67126145159549e-10,
                6.653128461367295e-09,
                8.116529417603836e-08
            ]
        ],
        [
            [
                0.7999473004552368,
                0.20005269232987874,
                6.476649721429068e-11,
                2.296815989964606e-09,
                4.853301937498213e-09
            ],
            [
                6.352618529901582e-08,
                0.00046518226490173967,
                0.2002155176832547,
                0.41203743441991514,
                0.3872818021057431
            ],
            [
                4.749033018958512e-12,
                1.8133125150719856e-11,
                0.999999999775157,
                1.3825332936051138e-10,
                6.370742403863128e-11
            ],
            [
                1.746312636498324e-06,
                3.869842986137394e-10,
                1.98304935674582e-09,
                0.4195978173878405,
                0.5804004339294893
            ],
            [
                0.9999994262693203,
                4.3075737006523945e-07,
                1.170327927352337e-09,
                3.2049139376933924e-09,
                1.3859806787140763e-07
            ]
        ],
        [
            [
                0.9998636368043081,
                0.00011156208574235283,
                1.0652295571619165e-08,
                2.9871152546351576e-08,
                2.476058650135629e-05
            ],
            [
                1.2171069403770153e-08,
                6.660280492290412e-08,
                4.816043326479883e-06,
                0.34556282041619646,
                0.6544322847666028
            ],
            [
                9.407257290503822e-12,
                3.774255911355178e-11,
                0.9999999923598585,
                7.391489027781685e-09,
                2.0150271054451142e-10
            ],
            [
                0.1848119789180007,
                1.388222291320828e-07,
                6.0306935501136e-08,
                0.29607795507603824,
                0.5191098668767964
            ],
            [
                0.9999999307608215,
                6.830313144683056e-08,
                1.1261112397404316e-10,
                1.6305729497290795e-10,
                6.603785410612256e-10
            ]
        ],
        [
            [
                0.6516523492061493,
                0.34834762468161995,
                5.358090741458661e-10,
                9.315688912114435e-09,
                1.626073268599326e-08
            ],
            [
                2.9763203318723124e-08,
                3.5684018102173246e-07,
                9.284638209446351e-07,
                0.20709583819600327,
                0.7929028467367915
            ],
            [
                4.4325405267147013e-13,
                2.012747594742841e-11,
                0.9999999999577274,
                1.7051494938932353e-11,
                4.650508886524997e-12
            ],
            [
                0.19828262885304426,
                4.635073935655928e-08,
                2.502241066528232e-08,
                0.19540698452908742,
                0.6063103152447182
            ],
            [
                0.15545993498297797,
                7.020504374691437e-10,
                6.543618472832634e-09,
                0.530605773515946,
                0.3139342842554071
            ]
        ],
        [
            [
                0.799523917631378,
                0.1999981247315013,
                3.6755841955380963e-09,
                1.072899025086494e-08,
                0.00047794323254636453
            ],
            [
                5.092563119077904e-08,
                1.6530438120955988e-07,
                0.00011154817959333955,
                0.9553430183461566,
                0.044545217244237746
            ],
            [
                1.038212323495152e-11,
                3.5614835552148248e-12,
                0.9999999997511726,
                2.2179506282449848e-10,
                1.308885556493235e-11
            ],
            [
                1.2178159131894207e-09,
                3.5613833591417766e-09,
                5.634047343297027e-10,
                0.19993303048475572,
                0.8000669641726403
            ],
            [
                9.314005451373347e-09,
                1.91520969017651e-09,
                9.34864307368651e-10,
                0.39972168917552797,
                0.6002782986603925
            ]
        ],
        [
            [
                0.7988644359769381,
                0.20113542236984724,
                8.12612967195294e-10,
                6.41082596907424e-08,
                7.673234190807485e-08
            ],
            [
                4.7449295531058805e-05,
                1.7800130791474892e-06,
                0.3395820689087956,
                0.6411029468975883,
                0.019265754885005978
            ],
            [
                1.8880206570618677e-11,
                5.515800964928037e-12,
                0.9999999998237898,
                5.5190729357486497e-11,
                9.662336266953025e-11
            ],
            [
                7.080229977291691e-06,
                2.4425926830273096e-06,
                2.1651919617069747e-08,
                0.7431632523774676,
                0.25682720314795254
            ],
            [
                0.2014993976862416,
                1.0729380677733875e-08,
                4.823499897044176e-09,
                0.17131111910202046,
                0.6271894676588574
            ]
        ],
        [
            [
                0.8119498692912052,
                0.1879826227447912,
                2.5813925324153033e-10,
                1.0680281916075483e-09,
                6.750663783603967e-05
            ],
            [
                0.5964634604078372,
                0.4020553255759181,
                1.0584046252349611e-08,
                2.663227844034519e-07,
                0.0014809371094139602
            ],
            [
                1.108648898754502e-10,
                6.769850132732828e-11,
                0.9999997141578644,
                2.749090923437437e-07,
                1.075447990148903e-08
            ],
            [
                9.701006266316175e-09,
                5.858052388464419e-10,
                1.6284359714324792e-08,
                0.45170675630459245,
                0.5482932171242364
            ],
            [
                0.00037208356947748697,
                0.00018228403507482768,
                5.089927572701508e-07,
                0.4442192899540898,
                0.5552258334486007
            ]
        ],
        [
            [
                0.9989535240325434,
                0.0010464684765416786,
                2.5757164754649517e-10,
                4.366837042230405e-10,
                6.796659518748967e-09
            ],
            [
                4.262345565664235e-09,
                2.1747307685272128e-10,
                4.484058801713944e-09,
                0.5937431089655344,
                0.40625688207058824
            ],
            [
                2.3865489535723974e-11,
                3.198025189794773e-11,
                0.9999999765022594,
                2.3384517257129728e-08,
                5.737770816029748e-11
            ],
            [
                0.1855246157393227,
                2.112378205732505e-09,
                5.088609912963002e-08,
                0.39538636967049307,
                0.41908896159170694
            ],
            [
                0.46737297346984624,
                1.770723554071231e-08,
                2.890945900605458e-09,
                0.007514376781542441,
                0.52511262915043
            ]
        ],
        [
            [
                0.9999934879491459,
                6.466547974710347e-06,
                3.900879151725485e-10,
                2.955026792312457e-08,
                1.5562523695489735e-08
            ],
            [
                1.5292765508908525e-09,
                2.193292896071245e-06,
                3.2826646262826822e-09,
                0.6000027189770075,
                0.3999950829181553
            ],
            [
                9.788403272492858e-12,
                1.6238111761262084e-11,
                0.9999999994143969,
                5.582905066823875e-10,
                1.2861256792683265e-12
            ],
            [
                2.737387045117066e-08,
                1.8876596384523084e-09,
                1.1795374888436311e-09,
                0.29462080003726576,
                0.7053791695216667
            ],
            [
                0.800110021398842,
                0.19986735923012935,
                4.3760231084008854e-08,
                2.8247824010165066e-06,
                1.9750828396626434e-05
            ]
        ],
        [
            [
                0.999863011655428,
                0.00011293445658550168,
                3.107224265957324e-07,
                1.2862045385537785e-06,
                2.24569610213849e-05
            ],
            [
                0.0003002370905914773,
                3.896639266033721e-09,
                2.4157980231041455e-09,
                0.2074249868850238,
                0.7922747697119474
            ],
            [
                2.781433885921264e-12,
                1.4446831884290204e-11,
                0.9999999998161193,
                1.3952241325115963e-10,
                2.7130179355912764e-11
            ],
            [
                2.5404925071512946e-06,
                9.259172653293042e-10,
                4.309094202214866e-08,
                0.2802389733592636,
                0.71975844213137
            ],
            [
                0.9995857853950035,
                1.3372763505208203e-05,
                4.9190759842687e-08,
                4.1240382680166896e-07,
                0.0004003802469045838
            ]
        ],
        [
            [
                0.9999767860223334,
                5.381953525502871e-07,
                8.155540506303306e-09,
                1.8268231240171016e-06,
                2.0840803649346642e-05
            ],
            [
                2.3513055798444955e-08,
                3.531875036597364e-07,
                1.6255318934622098e-08,
                0.592528165183081,
                0.4074714418610406
            ],
            [
                5.007188422362628e-13,
                5.2165886024606475e-12,
                0.9999999999825315,
                6.863165769921326e-12,
                4.888171601408903e-12
            ],
            [
                1.758059583162381e-07,
                4.2592024482320645e-10,
                2.556348633847336e-09,
                0.24459084824179184,
                0.755408972969981
            ],
            [
                0.000666227292787902,
                2.1398352253519232e-10,
                1.4039327750319699e-09,
                0.19718726668055617,
                0.8021465044087397
            ]
        ],
        [
            [
                0.9998886008180211,
                0.00011080299960914282,
                3.565708095223157e-09,
                7.242082087596113e-09,
                5.853745796870627e-07
            ],
            [
                2.1233105609265276e-08,
                4.8616312217076734e-08,
                1.872682995028955e-07,
                0.2032511508655846,
                0.7967485920166981
            ],
            [
                2.423926601473978e-12,
                2.497918877987052e-11,
                0.9999999998879721,
                5.6824359208674365e-11,
                2.7800438691137055e-11
            ],
            [
                6.4643977767462e-06,
                2.6818317138365394e-09,
                1.145173874698012e-08,
                0.32449015398416775,
                0.675503367484485
            ],
            [
                0.053780330041439645,
                3.4972002449115823e-09,
                4.546868350404109e-09,
                0.3952003180664149,
                0.5510193438480768
            ]
        ],
        [
            [
                0.8024023388338904,
                0.005010160693551485,
                1.2368650059872491e-08,
                2.7516568211272424e-06,
                0.19258473644708682
            ],
            [
                2.9129821439907317e-06,
                2.7107829034357235e-07,
                2.9140172196727647e-06,
                0.7358405255097518,
                0.2641533764125942
            ],
            [
                1.7051690621997436e-11,
                6.780669297089434e-11,
                0.9999999974968699,
                2.0272297345877985e-09,
                3.9104217454906295e-10
            ],
            [
                1.995188469235912e-08,
                1.0740201416321053e-10,
                1.8736059848602283e-09,
                0.2538247223928595,
                0.7461752556742478
            ],
            [
                0.2643791297888877,
                1.688561232280016e-07,
                1.620028318075688e-08,
                0.005851745805946621,
                0.7297689393487592
            ]
        ],
        [
            [
                0.9991185128818533,
                0.0008798719568483175,
                3.3210652901417497e-09,
                6.561200409190027e-09,
                1.6052790327026137e-06
            ],
            [
                3.5157072732971036e-09,
                3.21001972033681e-05,
                5.7396500303065e-08,
                0.9451343472852756,
                0.054833491605313575
            ],
            [
                8.209481728653305e-12,
                6.4505210740560654e-12,
                0.999999999956652,
                2.4864661251362547e-11,
                3.823437270697019e-12
            ],
            [
                1.9525886697204144e-07,
                1.49790277504564e-09,
                5.667087017126491e-10,
                0.7933461137616282,
                0.20665368891489327
            ],
            [
                0.9635142409997892,
                2.480621668166543e-07,
                9.995510357320167e-09,
                4.74922318043843e-07,
                0.03648502602021555
            ]
        ],
        [
            [
                0.9999927587775896,
                7.160513789038025e-06,
                1.3606534145834358e-09,
                7.41429517147695e-10,
                7.860653831680832e-08
            ],
            [
                1.3774351402726214e-09,
                1.264329457829231e-09,
                4.529912180176906e-10,
                0.3999112226615108,
                0.6000887742437334
            ],
            [
                1.3752986140737577e-11,
                4.93381611231541e-11,
                0.9999999974402107,
                8.639919687406772e-10,
                1.6327062145412734e-09
            ],
            [
                0.0003917034832721124,
                7.09428731074322e-09,
                1.9879970945599202e-07,
                0.2876702646340206,
                0.7119378259887105
            ],
            [
                0.005869687251908752,
                2.2737689555650798e-07,
                3.168055128120511e-07,
                0.20000209677174338,
                0.7941276717939395
            ]
        ],
        [
            [
                0.6342398075588347,
                0.3657590765852017,
                5.570343510507055e-09,
                8.86500122293418e-09,
                1.1014206188199031e-06
            ],
            [
                6.8352429539470885e-09,
                5.569659918164718e-06,
                1.4309034312492872e-07,
                0.8000114014212809,
                0.19998287899321487
            ],
            [
                8.466548848114836e-13,
                5.28299544121183e-12,
                0.9999999980668459,
                1.9030840304192527e-09,
                2.3940462339363304e-11
            ],
            [
                8.392534977105788e-05,
                4.6186843083939607e-10,
                7.51219450703871e-10,
                0.19995939106703553,
                0.7999566823701055
            ],
            [
                0.023840715547845285,
                8.090249074339783e-10,
                3.6221391847532433e-10,
                0.1999548264955392,
                0.7762044567853768
            ]
        ],
        [
            [
                0.9992178193277292,
                0.0006349028272279042,
                2.963459106245319e-09,
                4.296197678818515e-06,
                0.00014297868390493758
            ],
            [
                2.2759407374544982e-08,
                5.745747124091664e-09,
                3.157249598486088e-09,
                0.9999915480553084,
                8.420282287451505e-06
            ],
            [
                2.014469741835563e-11,
                8.122917481400448e-11,
                0.9999999888639791,
                1.0712045929795838e-08,
                3.226009738589896e-10
            ],
            [
                6.767967207206444e-07,
                1.058133775594182e-09,
                5.294279602772222e-09,
                0.5444707612775854,
                0.4555285555732804
            ],
            [
                0.999996578233843,
                3.3758624080568666e-06,
                5.212116609609747e-09,
                8.812153285259143e-09,
                3.187947900910491e-08
            ]
        ],
        [
            [
                0.7700298278038747,
                0.22997008556725848,
                1.3225512357468123e-09,
                5.7275762030742994e-08,
                2.8030553487219404e-08
            ],
            [
                2.9068731881751634e-08,
                2.4909515409265914e-09,
                6.500337014676781e-09,
                0.7138315869051552,
                0.28616837503482423
            ],
            [
                1.0338680290255285e-11,
                6.537307008926167e-11,
                0.9999999992817972,
                3.6912206408656157e-10,
                2.733690517853514e-10
            ],
            [
                4.1226036365484784e-10,
                1.3954201770600083e-09,
                3.5664222845130353e-10,
                0.5808441602390588,
                0.4191558375966184
            ],
            [
                0.2006395124914329,
                9.522409910150167e-09,
                9.917477298510984e-10,
                0.19983045090662258,
                0.5995300260877869
            ]
        ],
        [
            [
                0.9953984555290124,
                6.070396253067814e-06,
                2.5557657027786462e-08,
                4.0669219056027304e-08,
                0.004595407847858509
            ],
            [
                9.531771224568478e-06,
                4.1095031300534435e-08,
                3.819100003988656e-09,
                0.9633651191731882,
                0.0366253041414558
            ],
            [
                2.1598022299131404e-12,
                3.1266113417372453e-12,
                0.9999999998776168,
                4.751393854545725e-11,
                6.958271543149852e-11
            ],
            [
                1.026961620630194e-07,
                5.655554316397524e-09,
                1.0293880238841665e-09,
                0.3976829717724412,
                0.6023169188464544
            ],
            [
                0.17039048587098152,
                4.072855214793785e-08,
                9.917290909103498e-10,
                0.4003811105058221,
                0.42922836190291525
            ]
        ],
        [
            [
                0.9999999044139843,
                6.193958596033594e-08,
                9.937117762716969e-11,
                8.38326352067025e-09,
                2.516379495341254e-08
            ],
            [
                0.9635093805471708,
                0.0364899342497411,
                4.363584208776488e-09,
                3.297771730270164e-08,
                6.478617867440563e-07
            ],
            [
                2.5519783658438983e-11,
                1.2500010888199166e-10,
                0.9999999922936634,
                6.649018641177633e-09,
                9.067982567615099e-10
            ],
            [
                0.3244577340417152,
                7.123768375819508e-08,
                6.226313311102584e-10,
                0.2755018854626466,
                0.4000403086353232
            ],
            [
                0.9999876784045623,
                1.2123146947756015e-05,
                1.2464998134211702e-09,
                5.279936106951295e-08,
                1.4440262909565858e-07
            ]
        ],
        [
            [
                0.9999965763572427,
                3.349207894742485e-06,
                1.8554480132514413e-10,
                7.900173152665771e-09,
                6.634914451321377e-08
            ],
            [
                2.2396488386309987e-09,
                1.8266017224127267e-09,
                4.836198987135448e-10,
                0.7999990873557442,
                0.20000090809438537
            ],
            [
                1.5437159538566313e-11,
                3.664774437075081e-11,
                0.9999999998813791,
                5.286656219087673e-11,
                1.3669228110923599e-11
            ],
            [
                1.0953438469043996e-08,
                7.437021518199067e-10,
                2.0816298025918564e-10,
                0.5094926992700103,
                0.49050728882468614
            ],
            [
                0.00038535386640206056,
                2.2077607465076758e-10,
                2.157045587864807e-09,
                0.5140339364023547,
                0.4855807073534215
            ]
        ],
        [
            [
                0.9999999290039566,
                6.975270350951399e-08,
                7.418046281504615e-11,
                2.571966400919531e-10,
                9.119627750767646e-10
            ],
            [
                5.2280884590727474e-08,
                1.5402854837184237e-07,
                9.555890475732698e-06,
                0.6976482329938182,
                0.30234200480627305
            ],
            [
                4.187046772598936e-12,
                1.971866576117922e-11,
                0.9999999999519857,
                2.7026789275702692e-12,
                2.140568680852459e-11
            ],
            [
                4.918387023924782e-09,
                1.2073818976475786e-09,
                5.691123224450165e-10,
                0.40280475055559267,
                0.5971952427495261
            ],
            [
                0.24213112964689182,
                6.640302777141318e-08,
                2.343176341698733e-09,
                0.010102460551649966,
                0.7477663410552541
            ]
        ],
        [
            [
                0.9961681424646198,
                5.605827798396533e-08,
                2.280651861604445e-08,
                1.1024404892011217e-08,
                0.0038317676461786625
            ],
            [
                2.0079802205979584e-07,
                0.0015880887569381865,
                0.19985734126360669,
                0.42264527709019495,
                0.37590909209123813
            ],
            [
                9.675340283431641e-12,
                3.953215313029199e-11,
                0.9999999995037772,
                6.572916650327236e-11,
                3.812861267020362e-10
            ],
            [
                0.0003854077990522743,
                5.692043143243038e-09,
                1.1049850036402744e-09,
                0.2188362108249675,
                0.780778374578952
            ],
            [
                0.12437598138425862,
                7.081080631845146e-09,
                2.5092648322199086e-07,
                0.5349755268221282,
                0.34064823378604936
            ]
        ],
        [
            [
                0.7941374131339335,
                0.20586248622035772,
                1.838467673384603e-09,
                1.762674322622295e-08,
                8.118049779859225e-08
            ],
            [
                3.016481000614092e-09,
                5.532984401159487e-10,
                2.0470941270190853e-09,
                0.39640616805976564,
                0.6035938263233608
            ],
            [
                1.6494345702344344e-12,
                3.3387913889038113e-12,
                0.9999999999576537,
                1.3530371878438294e-11,
                2.3827751198042562e-11
            ],
            [
                3.006035290759117e-07,
                1.071052959286099e-09,
                4.3773241777492513e-08,
                0.2761625725358688,
                0.7238370820163074
            ],
            [
                0.0001189518487665579,
                3.506494767353214e-07,
                1.3769802598526405e-06,
                0.2736438770292377,
                0.7262354434922592
            ]
        ],
        [
            [
                0.9999083187981151,
                9.162282738936335e-05,
                6.624915943068467e-10,
                2.3283649764775323e-10,
                5.7479167344253564e-08
            ],
            [
                2.790460467725164e-09,
                1.1899930817398562e-10,
                6.010017196399271e-07,
                0.8010430010493412,
                0.19895639503947943
            ],
            [
                1.1862322648192114e-11,
                1.501648870747684e-11,
                0.9999999178932167,
                3.5062185064116567e-09,
                7.857368580117048e-08
            ],
            [
                0.001714768159945857,
                5.76250804898431e-09,
                1.0718260850899805e-09,
                0.7167458994938873,
                0.28153932551183264
            ],
            [
                0.17619103235904243,
                1.172223640825547e-08,
                6.531319322096093e-10,
                0.4636403040619721,
                0.36016865120361713
            ]
        ],
        [
            [
                0.999961883302241,
                3.8006669071663024e-05,
                1.3290880550574923e-09,
                5.187708647132596e-09,
                1.03511890524889e-07
            ],
            [
                1.8666981394164925e-07,
                7.764018401541561e-08,
                3.4980866696616216e-09,
                0.6637787949166288,
                0.33622093727528646
            ],
            [
                1.9601609823984175e-12,
                5.482451142498015e-12,
                0.9999999999505873,
                2.433735821719458e-11,
                1.7632601834709924e-11
            ],
            [
                3.107947661901384e-08,
                2.4925065029566204e-09,
                1.7250843067060123e-09,
                0.31204992811913135,
                0.6879500365838012
            ],
            [
                0.9358188922041638,
                0.06418096362777549,
                8.612743697960809e-10,
                1.3937665054015344e-08,
                1.293691213323793e-07
            ]
        ],
        [
            [
                0.9999752351273608,
                2.4749545804506954e-05,
                3.77668711103138e-10,
                2.586406683060588e-09,
                1.2362759434687295e-08
            ],
            [
                4.440382170640105e-09,
                0.0005959034180600285,
                5.866991889345542e-06,
                0.06333572846693457,
                0.9360624966827339
            ],
            [
                5.2219270220872436e-11,
                9.117674636674649e-10,
                0.9999999878284814,
                1.0867464930209953e-08,
                3.400667982632753e-10
            ],
            [
                7.634473673523296e-08,
                2.921300133977816e-10,
                4.728580467907084e-09,
                0.5767283676736551,
                0.4232715509608977
