{
    "[['A', 'B', 'C', 'D', 'E'], ['A', 'B', 'C', 'D', 'E']]": [
        [
            [
                0.8624454165710969,
                0.1375545821329192,
                6.170635397702342e-10,
                6.406398596319192e-10,
                3.828048342619414e-11
            ],
            [
                0.20922508814307392,
                0.7907744831410117,
                4.048616207658104e-07,
                3.6936182326440267e-09,
                2.016067549434864e-08
            ],
            [
                4.0611237814201786e-07,
                2.543571987207388e-05,
                0.20285245524337633,
                0.5985872037245563,
                0.19853449919981725
            ],
            [
                2.6869987535078934e-09,
                2.238663029642443e-09,
                3.873949286416316e-08,
                0.5705541066743528,
                0.4294458496604927
            ],
            [
                2.0987817813292984e-10,
                3.326501979661811e-09,
                3.8655067926000965e-09,
                0.1735491667874886,
                0.8264508258106243
            ]
        ],
        [
            [
                0.9999895454260583,
                1.0453778754641973e-05,
                9.384322675020418e-11,
                1.3905072907838783e-11,
                6.874386438006311e-10
            ],
            [
                4.602321401928586e-06,
                0.14475511077353195,
                0.30877045085962035,
                0.5464530492387653,
                1.678680668061937e-05
            ],
            [
                3.3336701265556185e-10,
                6.35736971581598e-10,
                0.9999999923189574,
                2.469619984345711e-10,
                6.464976720019973e-09
            ],
            [
                1.9214172011316407e-05,
                4.299936445932469e-06,
                1.729926832127262e-08,
                0.14632545381666665,
                0.8536510147756078
            ],
            [
                4.3012263572920165e-10,
                1.2331443075744357e-08,
                1.9551892289245807e-08,
                0.49559598229685686,
                0.5044039853896851
            ]
        ],
        [
            [
                0.9088286987304125,
                0.0911713011069803,
                4.6253796992311734e-11,
                8.530027779188107e-11,
                3.105308985092822e-11
            ],
            [
                0.7502142607900398,
                0.24978573412858884,
                7.466655413606881e-10,
                1.6659957682863887e-09,
                2.6687099701693243e-09
            ],
            [
                2.501167616980864e-12,
                1.6500218498817592e-11,
                0.999999999969891,
                6.002551191062654e-12,
                5.105028206546516e-12
            ],
            [
                1.996390507083332e-08,
                1.644600988575872e-08,
                3.846457147267723e-09,
                0.31160525438287995,
                0.688394705360748
            ],
            [
                2.571672084371259e-09,
                5.594279980564453e-09,
                7.613512324045437e-10,
                0.12395230493398267,
                0.876047686138714
            ]
        ],
        [
            [
                0.9358349495813684,
                0.06416504986580704,
                1.7201674872800065e-10,
                2.1598507474950872e-10,
                1.6482273284906927e-10
            ],
            [
                0.5613287765958729,
                0.4386712207036025,
                7.907652748452676e-10,
                1.2411771669800172e-09,
                6.685821796785482e-10
            ],
            [
                2.3258060445864108e-07,
                2.394658647921944e-07,
                0.20695716374020914,
                0.7927811697100966,
                0.00026119450322493294
            ],
            [
                2.844504450383937e-08,
                3.0181876013153646e-08,
                2.123112461828533e-09,
                0.055888215000528395,
                0.9441117242494387
            ],
            [
                2.508614521829962e-10,
                4.1080887850145404e-10,
                8.898804496515499e-11,
                0.11417882084560439,
                0.8858211784037372
            ]
        ],
        [
            [
                0.8875646531255386,
                0.11243534623054714,
                2.741458931921781e-10,
                2.0568261813824546e-10,
                1.6408588088866567e-10
            ],
            [
                0.9995452611327427,
                0.00045473870530924313,
                1.9039037621210798e-11,
                3.557439710829835e-11,
                1.0733467357738695e-10
            ],
            [
                1.4362919128392494e-10,
                1.3705560802692921e-10,
                0.9999999955773784,
                4.03287374575895e-09,
                1.0906297396904364e-10
            ],
            [
                9.788309274591297e-10,
                8.192185597720784e-09,
                2.771557975153657e-09,
                0.8531742413063648,
                0.14682574675106067
            ],
            [
                1.0012570005895487e-08,
                2.320271826652984e-08,
                2.8346388234134113e-08,
                0.5611262306199634,
                0.4388737078183601
            ]
        ],
        [
            [
                0.9999997619861369,
                2.3726601463904832e-07,
                4.251557417449565e-11,
                3.2864219683329544e-11,
                6.724686271788814e-10
            ],
            [
                0.5242047646690146,
                0.4757952346110413,
                2.0502604224821851e-10,
                2.418581056731348e-10,
                2.73060141187901e-10
            ],
            [
                1.535622815213082e-07,
                2.532463162441561e-06,
                0.006579504915046337,
                0.9494728702083349,
                0.0439449388511748
            ],
            [
                4.2221637953521597e-10,
                8.571130129791856e-09,
                3.4765438657831016e-09,
                0.2567803056987535,
                0.7432196818313562
            ],
            [
                4.7469455935609767e-07,
                2.669837937039177e-09,
                1.3868586720822841e-08,
                0.005014393309059519,
                0.9949851154579564
            ]
        ],
        [
            [
                0.9999957043123298,
                4.295542082939694e-06,
                5.017772516651277e-11,
                7.851096552505621e-13,
                9.462439231341626e-11
            ],
            [
                0.06515755213798652,
                0.9348424218568504,
                5.516792277138292e-09,
                2.9332201604868957e-09,
                1.7555150704868716e-08
            ],
            [
                1.2237932119561353e-06,
                0.08983595302166215,
                0.7981375437555783,
                0.11173879887417988,
                0.0002864805553677203
            ],
            [
                1.6934424597235643e-08,
                6.551640193452761e-10,
                1.1723290440180578e-08,
                0.37830855329780283,
                0.621691417389318
            ],
            [
                2.4921378339685552e-06,
                2.643754141073508e-07,
                1.8983211476817343e-07,
                0.1056931321249426,
                0.8943039215296945
            ]
        ],
        [
            [
                0.9999943629076632,
                5.636969832584555e-06,
                3.8698604442075804e-11,
                3.9617522373985343e-11,
                4.418814834910275e-11
            ],
            [
                0.8368728899208135,
                0.16312710217011445,
                2.9292428308232475e-09,
                1.5115525458170541e-09,
                3.4682766944287547e-09
            ],
            [
                2.451749076983865e-08,
                1.1850232582269753e-05,
                0.9995949430580346,
                0.00037319290765435673,
                1.9989284237929635e-05
            ],
            [
                3.8854097217618296e-10,
                1.0735213988978038e-09,
                1.517519207465651e-09,
                0.01564435757893714,
                0.9843556394414813
            ],
            [
                2.8341935565894114e-11,
                6.343762892920714e-11,
                1.83165288757013e-11,
                9.637448199405785e-07,
                0.999999036145084
            ]
        ],
        [
            [
                0.9999999187266281,
                8.124573860143e-08,
                1.5958667626992243e-11,
                3.855780812656918e-12,
                7.81887394971793e-12
            ],
            [
                3.2878780734340005e-06,
                0.6219175733621,
                0.21542109234386833,
                0.16259214365254088,
                6.590276341734322e-05
            ],
            [
                6.650372251769546e-11,
                2.986752872252082e-10,
                0.9999999767965081,
                2.2686612036432282e-08,
                1.5170092738631266e-10
            ],
            [
                8.82388273252478e-10,
                1.5751914559842122e-08,
                5.06686717411935e-09,
                0.4445565633240619,
                0.555443414974768
            ],
            [
                7.989488802937505e-09,
                2.098448968414035e-09,
                3.1794278056353503e-11,
                0.267109733387342,
                0.7328902564929259
            ]
        ],
        [
            [
                0.8537882804438564,
                0.1462117188713427,
                2.0800361202495857e-10,
                8.914413905775212e-11,
                3.8765296418796054e-10
            ],
            [
                0.006528745945659999,
                0.9934706105440849,
                4.3664251216610204e-08,
                5.928544065629526e-07,
                6.991597334173904e-09
            ],
            [
                1.0919533501160736e-06,
                1.8303712328996525e-06,
                0.11646240484609373,
                0.8825630392569004,
                0.0009716335724227966
            ],
            [
                3.704695001970738e-09,
                8.172043027063142e-09,
                5.005964889242553e-09,
                0.8816394513321036,
                0.11836053178519332
            ],
            [
                3.065459234784265e-10,
                1.5180044626762598e-10,
                1.635031697793765e-09,
                0.22028913383381404,
                0.7797108640728079
            ]
        ],
        [
            [
                0.9997617924117939,
                0.00023820682125493692,
                3.1884506844000835e-10,
                4.2437852723089234e-10,
                2.3727583538807055e-11
            ],
            [
                0.963500781699486,
                0.03649921693510955,
                7.174857760055114e-10,
                6.028867209188158e-10,
                4.503170381460849e-11
            ],
            [
                7.301294231605069e-08,
                0.00011271514984293433,
                0.9998197154089514,
                6.730315124612991e-05,
                1.9327701728370596e-07
            ],
            [
                4.1538098669316376e-10,
                2.20029628868165e-09,
                2.0172750049831142e-09,
                0.5147546452565385,
                0.4852453501105093
            ],
            [
                1.568010568144718e-08,
                3.1319577100544106e-09,
                4.479884669534292e-09,
                0.026993927481572,
                0.9730060492264799
            ]
        ],
        [
            [
                0.9989492870814076,
                0.001050712486230887,
                8.579817449595676e-11,
                2.5229207644171207e-10,
                9.427127563886238e-11
            ],
            [
                0.005087012572004713,
                0.9949125252982982,
                4.579866476669952e-07,
                3.747656675218754e-09,
                3.9539258683367873e-10
            ],
            [
                1.3370402489647823e-11,
                1.9686144112701752e-10,
                0.9999999987140167,
                5.38822547319525e-10,
                5.369289562159021e-10
            ],
            [
                1.0713022124688621e-09,
                2.417692455951135e-10,
                2.260652693919455e-09,
                0.392206166776262,
                0.6077938296500138
            ],
            [
                1.4935283392586988e-10,
                2.07128749418819e-09,
                1.4200726075095921e-09,
                0.3121374464726462,
                0.6878625498866409
            ]
        ],
        [
            [
                0.9761441880475276,
                0.02385580837769698,
                4.902789015580296e-11,
                8.283672450778327e-10,
                2.697380212415651e-09
            ],
            [
                0.852958538723053,
                0.14704146077375388,
                3.9879292072111073e-10,
                2.809781748931651e-11,
                7.63023366594691e-11
            ],
            [
                4.369812700125638e-07,
                1.7549066119769633e-05,
                0.9998801570815298,
                0.00010060130934774254,
                1.2555617326546544e-06
            ],
            [
                4.6049370193652265e-09,
                1.0425630111941876e-09,
                4.232218110233281e-09,
                0.7902220424944214,
                0.20977794762586052
            ],
            [
                7.926500542099354e-08,
                1.9247766912068383e-09,
                1.3656536747452913e-09,
                0.19896061989649388,
                0.8010392975480704
            ]
        ],
        [
            [
                0.9999475180382396,
                5.248159227324367e-05,
                9.173513083924617e-11,
                4.989663231056337e-12,
                2.7276229691721217e-10
            ],
            [
                0.16957222922095003,
                0.8304272716594987,
                3.6611666378266317e-07,
                3.205915131988176e-08,
                1.0094373619056697e-07
            ],
            [
                1.0589821812337718e-10,
                1.9547182529499216e-09,
                0.999999926519776,
                4.246415887293492e-08,
                2.8955448665281578e-08
            ],
            [
                5.224983334992879e-05,
                3.473392232244369e-08,
                4.835056443331753e-09,
                0.0001682554688302609,
                0.9997794551288411
            ],
            [
                7.083029132564325e-09,
                6.478095017472009e-08,
                5.404153989033416e-09,
                0.013493906919932389,
                0.9865060158119343
            ]
        ],
        [
            [
                0.999998360068323,
                1.639429553112771e-06,
                1.783649599408701e-10,
                6.373359763854277e-11,
                2.600253742694029e-10
            ],
            [
                0.0931900283027715,
                0.9068099365726079,
                2.9017045823105804e-08,
                5.88224433023619e-09,
                2.2533046520598177e-10
            ],
            [
                1.7116822304787006e-11,
                1.397665906308293e-10,
                0.9999999819891326,
                1.7634082241823718e-08,
                2.199018020454529e-10
            ],
            [
                6.26648935197377e-11,
                1.9700988626353855e-10,
                1.0866229135517999e-09,
                0.9489034365802078,
                0.051096562073494514
            ],
            [
                8.037604585169704e-09,
                1.0193076067680178e-09,
                4.592985489935345e-09,
                0.24902883625028263,
                0.7509711500998196
            ]
        ],
        [
            [
                0.9999946804505039,
                5.319409056443347e-06,
                5.084018003458526e-11,
                6.550207071675424e-11,
                2.4097387501290047e-11
            ],
            [
                9.027678240927142e-07,
                8.368111440272927e-06,
                0.0006498613970473912,
                0.996792112804021,
                0.0025487549196673343
            ],
            [
                8.059037627022933e-09,
                2.4495951493418434e-08,
                0.999995282625813,
                4.390788947979581e-06,
                2.9403024985027406e-07
            ],
            [
                9.60683366744706e-09,
                8.27550665195384e-09,
                4.889823904398634e-09,
                0.36859024147069713,
                0.6314097357571387
            ],
            [
                8.902471352038587e-08,
                6.9132812634417155e-09,
                3.3462546880256875e-09,
                0.19710365053050516,
                0.8028962501852454
            ]
        ],
        [
            [
                0.9998777709274114,
                0.00012222895196550707,
                5.3804740563511927e-11,
                7.933899350589414e-12,
                5.888452707482022e-11
            ],
            [
                0.9994821444854062,
                0.0005178548116470159,
                4.960458609814541e-11,
                3.9005540585302173e-10,
                2.632868687948189e-10
            ],
            [
                4.5120264689363774e-08,
                1.2453401980128894e-05,
                0.9999601701678592,
                2.7203802826785293e-05,
                1.2750706914923073e-07
            ],
            [
                6.0002206448875416e-09,
                4.7965422310714585e-09,
                6.6829497189350186e-09,
                0.16311819474379138,
                0.836881787776496
            ],
            [
                3.718739983168702e-09,
                1.1262378846565443e-09,
                4.9005764772998323e-08,
                0.21221769170636434,
                0.7877822544428931
            ]
        ],
        [
            [
                0.8057311470947589,
                0.1942688514212343,
                1.583113503628308e-10,
                3.2646404608924136e-10,
                9.992314606495491e-10
            ],
            [
                0.4760595497435049,
                0.5239404449529145,
                2.2830570769295874e-09,
                1.8088948744929073e-09,
                1.2116290417295951e-09
            ],
            [
                1.7217738450638917e-11,
                6.669831196389495e-12,
                0.999999999891408,
                7.174417085998791e-11,
                1.2960356847413541e-11
            ],
            [
                5.156333098649276e-09,
                6.99637987652311e-09,
                1.9167045545355413e-09,
                0.6635506121562913,
                0.3364493737742912
            ],
            [
                0.19981191895812567,
                3.425438206522595e-05,
                6.80816733153271e-08,
                0.19414366477385298,
                0.6060100938042827
            ]
        ],
        [
            [
                0.9999999849552104,
                1.4553663871391248e-08,
                2.970165633795341e-11,
                1.499749070755582e-11,
                4.4642677061272485e-10
            ],
            [
                0.6420271164369652,
                0.357972583771814,
                1.893026631630449e-07,
                9.135412272068371e-08,
                1.913443487472722e-08
            ],
            [
                4.02548524638823e-08,
                3.481990385395235e-07,
                0.9999291142031387,
                7.042550613940223e-05,
                7.183683104629021e-08
            ],
            [
                1.092924317318663e-09,
                1.0801169499713525e-09,
                7.738164051878894e-09,
                0.49425560213692277,
                0.5057443879518719
            ],
            [
                1.9863720985495904e-09,
                8.714081098556549e-09,
                7.304122563321556e-10,
                0.23886966939025536,
                0.7611303191788793
            ]
        ],
        [
            [
                0.9999998696842197,
                1.3026751432973894e-07,
                2.018154636301962e-11,
                1.5041559204933954e-11,
                1.3042882747440594e-11
            ],
            [
                0.5771548515964658,
                0.4228451274434871,
                1.7672759623071373e-08,
                1.4395371378929481e-09,
                1.8477503906350469e-09
            ],
            [
                4.044991635154789e-06,
                0.0007920495517996058,
                0.9979470950745761,
                0.001254068396670567,
                2.7419853186502363e-06
            ],
            [
                4.558356516873439e-09,
                4.810715000740516e-09,
                2.2310597102681795e-08,
                0.4022230662750969,
                0.5977769020452344
            ],
            [
                0.001338603580743061,
                2.572663783700071e-06,
                6.598345534637632e-08,
                0.1500411206842854,
                0.8486176370877325
            ]
        ],
        [
            [
                0.9999608111982922,
                3.9187832134048065e-05,
                7.447113535812711e-11,
                9.08305993833921e-11,
                8.042720938899064e-10
            ],
            [
                0.45358431641678476,
                0.5464147299268738,
                8.923944521642795e-07,
                3.8757426067764685e-08,
                2.2504463184882185e-08
            ],
            [
                1.829999558042825e-10,
                2.2244507209589098e-08,
                0.9999999609783354,
                1.552370485229427e-08,
                1.0704524969795567e-09
            ],
            [
                0.0015531999415405806,
                6.322338202337089e-08,
                1.3931129316300762e-09,
                0.029984434769623515,
                0.968462300672341
            ],
            [
                6.967364428987036e-08,
                8.216119546313244e-09,
                7.845271690129843e-09,
                0.20106604228342587,
                0.7989338719815386
            ]
        ],
        [
            [
                0.9554598547524565,
                0.044540144751834966,
                6.81811812197417e-12,
                1.8597734906570942e-11,
                4.702926506611595e-10
            ],
            [
                0.652461081687166,
                0.3475388821318205,
                1.6411793022542184e-09,
                3.135424195101445e-08,
                3.1855922374412926e-09
            ],
            [
                1.9706295425104517e-08,
                2.485507521505199e-05,
                0.9999537827187691,
                2.1327583996163173e-05,
                1.4915724232677132e-08
            ],
            [
                4.5671259997472707e-10,
                2.9370635175382436e-10,
                1.343451269982034e-09,
                0.7963083160624697,
                0.20369168184366
            ],
            [
                1.882655548688399e-08,
                4.434767973957586e-09,
                2.7513992610282866e-08,
                0.533567172403381,
                0.46643277682130296
            ]
        ],
        [
            [
                0.9999998037519273,
                1.9618411294053865e-07,
                2.5281343523978595e-11,
                9.802908100044604e-12,
                2.8875439195933634e-11
            ],
            [
                0.40347453000469924,
                0.5965254631607741,
                2.3504137024196984e-09,
                3.9387313153745506e-09,
                5.453816628799494e-10
            ],
            [
                4.457686834741701e-07,
                9.000449290469438e-07,
                0.6223839397184054,
                0.37718449616516314,
                0.0004302183028189619
            ],
            [
                2.017957969509052e-09,
                4.188587485929153e-08,
                7.266068020333978e-09,
                0.39827749021772946,
                0.6017224586123696
            ],
            [
                3.465579041474567e-09,
                3.780893261899537e-09,
                3.7783347919739995e-08,
                0.3271939768093245,
                0.6728059781608553
            ]
        ],
        [
            [
                0.9998580644170849,
                0.00014193530918932824,
                7.610393633207782e-11,
                1.949839888693598e-10,
                2.6375932450623244e-12
            ],
            [
                0.794063976853943,
                0.2059360205705349,
                1.321388174248448e-09,
                9.967355451668942e-10,
                2.5739844425891003e-10
            ],
            [
                2.057821546750027e-12,
                5.866493776031872e-12,
                0.9999999999797449,
                3.959496014425497e-12,
                8.371303499205426e-12
            ],
            [
                2.3591124856249477e-10,
                3.268824930763896e-10,
                2.1885605535884496e-09,
                0.6280479809615706,
                0.3719520162870752
            ],
            [
                5.406049703861037e-09,
                2.279773622738397e-08,
                1.471211083922761e-08,
                0.33586067320290897,
                0.6641392838811943
            ]
        ],
        [
            [
                0.9964015064962488,
                0.0035984915377905674,
                7.599438572535605e-10,
                3.3457092306011546e-11,
                1.1725597169008977e-09
            ],
            [
                0.12074439308353635,
                0.8792540166797918,
                1.4661615340544401e-06,
                1.112757402211755e-07,
                1.2799397579068536e-08
            ],
            [
                3.6339758697550014e-06,
                0.00011595069346379557,
                0.0470822412328634,
                0.9527038975119962,
                9.427658580675342e-05
            ],
            [
                1.4261083161129057e-09,
                1.1258741159652474e-09,
                1.0215080723481728e-09,
                0.2145494943131823,
                0.7854505021133271
            ],
            [
                1.4209977925404252e-07,
                3.085297056080976e-08,
                1.979354015675778e-09,
                0.6038590366425737,
                0.39614078842532247
            ]
        ],
        [
            [
                0.7917394728767028,
                0.20826052607544557,
                4.6381000184269533e-11,
                6.603063892717976e-10,
                3.411643451999882e-10
            ],
            [
                0.06250765103411168,
                0.937492334075059,
                1.1808528392994427e-08,
                3.895782613920063e-10,
                2.6927225375698657e-09
            ],
            [
                1.9069670859152393e-08,
                3.8262875475431615e-07,
                0.9999761648015277,
                2.3228988223524844e-05,
                2.0451182314966248e-07
            ],
            [
                3.709487612526521e-10,
                5.579724504764993e-10,
                6.423776178160906e-10,
                0.17234071436760798,
                0.8276592840610932
            ],
            [
                9.475687670239765e-07,
                2.1037893751350824e-09,
                1.4823621069198826e-08,
                0.002215809653908403,
                0.9977832258499142
            ]
        ],
        [
            [
                0.9923524124340309,
                0.00764758749860814,
                6.019915786161175e-13,
                5.845333293302897e-11,
                8.305600529387695e-12
            ],
            [
                0.0046484185843805315,
                0.9953488309464018,
                2.6492235099536236e-06,
                7.532570250351013e-08,
                2.5920005147249966e-08
            ],
            [
                6.792566666346624e-06,
                0.0005778739961495297,
                0.5909751083438796,
                0.4079068196867875,
                0.0005334054065171448
            ],
            [
                6.994611155643959e-10,
                6.086888149961964e-10,
                7.325190131084026e-10,
                0.9798655556764154,
                0.020134442282915648
            ],
            [
                2.12046680645692e-08,
                4.744567042260848e-09,
                4.5619795454814957e-10,
                0.19286713430719105,
                0.8071328392873759
            ]
        ],
        [
            [
                0.9993605439192036,
                0.0006394554735130465,
                1.8126164250136082e-10,
                2.1770943706697192e-10,
                2.083122976292526e-10
            ],
            [
                0.0016196680655520678,
                0.9968434487992486,
                0.001534109213093948,
                2.445911238172188e-06,
                3.2801086720000116e-07
            ],
            [
                1.098153695464487e-06,
                2.7540262831531103e-05,
                0.5480116208582907,
                0.45182106225115226,
                0.00013867847403009495
            ],
            [
                7.961257794563057e-10,
                5.197615774429884e-09,
                1.3171645650129031e-08,
                0.5249638571696461,
                0.4750361236649666
            ],
            [
                4.014313718673248e-09,
                1.9703673431219763e-09,
                4.006662860608621e-08,
                0.4000987277827543,
                0.5999012261659361
            ]
        ],
        [
            [
                0.9999753085314328,
                2.4691389784231152e-05,
                5.543233119765293e-11,
                1.5939476630686265e-11,
                7.411134920806078e-12
            ],
            [
                0.14846614163600413,
                0.8515320049953294,
                9.438374229942383e-07,
                9.012639493455408e-07,
                8.267294128531135e-09
            ],
            [
                2.735795663050164e-12,
                1.0993044752143177e-11,
                0.9999999999759759,
                2.9243524166646257e-12,
                7.370971735091194e-12
            ],
            [
                9.704332890372047e-10,
                5.942698831348323e-10,
                9.103173437925992e-09,
                0.5703897772373339,
                0.42961021209478956
            ],
            [
                1.7807813541155651e-09,
                1.5645531811873607e-09,
                6.928894054407977e-09,
                0.2566010305300984,
                0.743398959195673
            ]
        ],
        [
            [
                0.8999959421011207,
                0.1000040558253669,
                5.221552703712966e-10,
                3.934790142234642e-11,
                1.5120093002216598e-09
            ],
            [
                0.0022015936927797628,
                0.9963356989731845,
                0.00042662394614657206,
                0.0010317491803265898,
                4.334207562636536e-06
            ],
            [
                1.499211855055345e-12,
                2.7419550310237195e-13,
                0.9999999999936975,
                1.800731653109613e-13,
                4.348989433048755e-12
            ],
            [
                1.1926267704213651e-09,
                5.934970328850895e-11,
                3.0628008624045147e-09,
                0.02999360447691144,
                0.9700063912083112
            ],
            [
                3.861672931429452e-10,
                2.223154342656235e-08,
                2.980576538121371e-09,
                0.07916217536954161,
                0.9208377990321711
            ]
        ],
        [
            [
                0.9982154001548879,
                0.001784599512186546,
                3.925619649107311e-11,
                2.463418827892111e-10,
                4.73275602003804e-11
            ],
            [
                4.8589265749986644e-05,
                0.12398814338718121,
                0.4207485810992945,
                0.45507751507330224,
                0.00013717117447205736
            ],
            [
                1.4045777894598229e-08,
                2.0288429024160844e-08,
                8.387717441240911e-05,
                0.8233338908458094,
                0.1765821976455713
            ],
            [
                4.721309272170483e-08,
                2.0321822617150853e-06,
                3.021656154230841e-09,
                0.7694223103004041,
                0.2305756072825853
            ],
            [
                2.680799564055959e-10,
                1.640939401441119e-09,
                7.361961991483843e-10,
                0.08498279732075767,
                0.9150172000340268
            ]
        ],
        [
            [
                0.9635147417622808,
                0.036485253976938,
                6.329096821599375e-10,
                8.020366781492275e-11,
                3.5476679468660126e-09
            ],
            [
                0.0017698039865284767,
                0.9979192572098261,
                0.0003100305517722492,
                8.233695807761627e-07,
                8.488229229791728e-08
            ],
            [
                1.3109598369616249e-08,
                5.9707929870219e-07,
                0.999960543452691,
                3.87878445590118e-05,
                5.8513852931071125e-08
            ],
            [
                5.50899237028209e-06,
                5.234134279936798e-09,
                2.86044492672964e-09,
                0.10002002807520446,
                0.899974454837846
            ],
            [
                8.182256398901354e-09,
                8.023532303388115e-09,
                6.9512016252049214e-09,
                0.4095881821902341,
                0.5904117946527756
            ]
        ],
        [
            [
                0.9999882387149804,
                1.1761228385624465e-05,
                2.6555106319218258e-11,
                1.3387589580834007e-11,
                1.66911586205287e-11
            ],
            [
                1.2631761456708727e-05,
                0.18851205633253246,
                0.012784508316587097,
                0.7984179026004687,
                0.00027290098895499154
            ],
            [
                1.2852734568722875e-07,
                1.3707616834102006e-06,
                0.9755135121034464,
                0.024479420996119654,
                5.5676114047483715e-06
            ],
            [
                3.90508629890423e-09,
                1.055353601977733e-09,
                2.1234895545224164e-09,
                0.9305198778882824,
                0.06948011502778813
            ],
            [
                2.0403208926894634e-07,
                2.4840035643404824e-09,
                3.4889542243209845e-09,
                0.16578416222174122,
                0.8342156277732117
            ]
        ],
        [
            [
                0.9999984208480822,
                1.5790962674191917e-06,
                1.8600173850384663e-11,
                2.583416893452199e-11,
                1.1216039857594114e-11
            ],
            [
                0.6301229027594712,
                0.3698770872373742,
                5.14602956094854e-09,
                2.721232986818866e-09,
                2.1358920983775154e-09
            ],
            [
                2.0732979626501765e-11,
                1.0744408524831276e-11,
                0.9999999999095401,
                4.2083650476105843e-11,
                1.689875238096221e-11
            ],
            [
                2.6014176062682235e-06,
                2.9021878718195687e-08,
                2.9416971187807674e-08,
                0.39443308719231707,
                0.6055642529512268
            ],
            [
                2.7723415329679827e-09,
                1.5152693929479957e-09,
                4.66404522372879e-09,
                0.260340931581483,
                0.7396590594668608
            ]
        ],
        [
            [
                0.9998177889983172,
                0.00018221041578813236,
                1.4139712489336553e-11,
                2.884987722828976e-10,
                2.8325598885577614e-10
            ],
            [
                0.24630045470621065,
                0.7536995326840364,
                1.0291211378464777e-08,
                1.1467103798872858e-09,
                1.1718311093546064e-09
            ],
            [
                1.1257034544316878e-09,
                7.345269508045932e-09,
                0.9999994083307948,
                2.7154278209550476e-09,
                5.80482804231069e-07
            ],
            [
                6.182192375325722e-10,
                3.987324394988928e-10,
                4.8769206891252905e-09,
                0.775340741017741,
                0.22465925308838677
            ],
            [
                1.2119655770200668e-06,
                2.0699650762429937e-09,
                1.403061696148132e-08,
                0.004864182938319005,
                0.9951345889955219
            ]
        ],
        [
            [
                0.9999952558263026,
                4.7441432006831186e-06,
                2.5686083984032498e-11,
                1.4896069781967195e-12,
                3.32105966787148e-12
            ],
            [
                0.1890430521204694,
                0.8109475349297126,
                3.0272845214166897e-06,
                6.205390810410157e-06,
                1.8027448614279144e-07
            ],
            [
                1.5431503940453355e-06,
                5.9885304181525197e-05,
                0.9205616490323875,
                0.07742855537459938,
                0.0019483671384375636
            ],
            [
                1.8248447010166146e-09,
                3.4146213766268843e-09,
                3.3314406027978243e-09,
