{
    "[['A', 'B', 'C', 'D', 'E'], ['A', 'B', 'C', 'D', 'E']]": [
        [
            [
                0.6104794143998111,
                0.38952055708037214,
                3.475445908418608e-09,
                8.959921646278832e-09,
                1.608444921653799e-08
            ],
            [
                0.9746242150105833,
                0.025375733677389305,
                7.139559636679971e-09,
                1.4488112144060472e-08,
                2.9684355589151838e-08
            ],
            [
                1.0582490584352328e-06,
                6.387320753691889e-05,
                0.996295885247294,
                0.0036226635982452016,
                1.6519697865498373e-05
            ],
            [
                2.9999772433863103e-09,
                1.949948459026749e-09,
                3.1727767709735315e-10,
                3.944635670338411e-05,
                0.9999605483760933
            ],
            [
                1.0362599437555121e-10,
                1.636489360146478e-10,
                3.8965717394602105e-10,
                0.00176987566928775,
                0.9982301236737802
            ]
        ],
        [
            [
                0.9977807229519589,
                0.002219224674793924,
                4.569814293045159e-10,
                4.841748940158588e-08,
                3.4987763999815227e-09
            ],
            [
                0.7228769823708793,
                0.27712293260437665,
                5.984059595314802e-08,
                5.97625446322521e-09,
                1.9207893667183025e-08
            ],
            [
                2.0601485950775164e-06,
                4.550334480129651e-05,
                0.862493711787034,
                0.1374567984498155,
                1.926269754020632e-06
            ],
            [
                5.141030442162814e-09,
                3.442359697562326e-10,
                1.174457455321761e-09,
                0.195586751977985,
                0.8044132413622911
            ],
            [
                1.1974775265159375e-08,
                4.2020377624102333e-10,
                2.0033336776831785e-10,
                7.60318926807035e-06,
                0.9999923842154196
            ]
        ],
        [
            [
                0.9988095833387091,
                0.0011904103283747612,
                1.531959527554989e-09,
                4.371857774075694e-09,
                4.2909892208114785e-10
            ],
            [
                0.5113543287743512,
                0.4886456673986114,
                5.199000629956647e-10,
                1.7592696873232557e-09,
                1.547867671853461e-09
            ],
            [
                1.4527025507393609e-06,
                0.004840893757107842,
                0.8828848135662337,
                0.11142150373413894,
                0.0008513362399688279
            ],
            [
                2.5540913320520636e-09,
                1.4320191109702868e-08,
                7.486351402859864e-09,
                0.17580013022584007,
                0.8241998454135261
            ],
            [
                1.7635643917134945e-09,
                2.0210139568870155e-09,
                2.721373014303877e-09,
                0.00022549724597699402,
                0.9997744962480717
            ]
        ],
        [
            [
                0.9878380824915499,
                0.012161915288280607,
                6.484679235121009e-10,
                8.047525550584109e-10,
                7.669489739416862e-10
            ],
            [
                0.9096221994523489,
                0.09037736983151379,
                1.5824350585960304e-09,
                4.190355423845364e-07,
                1.009815991124324e-08
            ],
            [
                3.3190130590591837e-12,
                1.3028562291537224e-12,
                0.9999999999730487,
                1.2466492632778082e-11,
                9.862980062087253e-12
            ],
            [
                6.825826945607614e-10,
                3.7636342823725393e-10,
                8.540005242001789e-09,
                0.01424725959262605,
                0.9857527308084226
            ],
            [
                9.851258078991021e-10,
                5.0371980776290667e-11,
                2.402440226924994e-10,
                0.0006887581174293007,
                0.9993112406068289
            ]
        ],
        [
            [
                0.9809299925020156,
                0.019070001991049686,
                1.4300637376748798e-10,
                2.7839493869197714e-09,
                2.579978898887978e-09
            ],
            [
                0.652581027161177,
                0.34741892456039636,
                3.213915750729797e-08,
                1.3499910155529451e-08,
                2.6393589828517766e-09
            ],
            [
                1.7016781502903577e-05,
                0.0010323251090513716,
                0.9450207119143009,
                0.05388550521059688,
                4.444098454805072e-05
            ],
            [
                1.0811861770969375e-07,
                6.962013615585212e-09,
                4.145562081416905e-09,
                0.03933156933771392,
                0.9606683114360927
            ],
            [
                6.746640868347517e-10,
                1.0013723549780645e-09,
                1.348551344575749e-09,
                1.4000755571146434e-05,
                0.9999859962198411
            ]
        ],
        [
            [
                0.9998182481927239,
                0.0001817491424708321,
                2.2631113775965308e-09,
                2.9354851341740573e-10,
                1.0814538750856291e-10
            ],
            [
                0.8269080003618742,
                0.17309198933552364,
                6.879691921471624e-09,
                2.329737004590223e-09,
                1.093173286163644e-09
            ],
            [
                4.0957821737272426e-05,
                0.7183120734919204,
                0.2781862497023326,
                0.00341880558004397,
                4.191340396572993e-05
            ],
            [
                1.321596176041385e-10,
                2.705719914029708e-11,
                6.593911103641709e-10,
                0.015197236396394437,
                0.9848027627849977
            ],
            [
                2.0615201493272265e-08,
                1.566531638181837e-10,
                2.7623136790872054e-09,
                0.0005344969914090819,
                0.9994654794744227
            ]
        ],
        [
            [
                0.9866440097316863,
                0.013355979164125875,
                2.001574275268374e-09,
                8.650071572139355e-10,
                8.237606378725741e-09
            ],
            [
                0.8888489944846885,
                0.11115095427503505,
                1.2471444621101446e-08,
                1.3536570463633965e-08,
                2.5232261468889886e-08
            ],
            [
                3.392836532924047e-11,
                1.9646324521117016e-11,
                0.9999999991157955,
                7.793085889975868e-10,
                5.132110501712747e-11
            ],
            [
                6.497510913525648e-09,
                1.932079414044482e-09,
                7.275626802106063e-09,
                0.2000407806746321,
                0.7999592036201508
            ],
            [
                5.763407299511999e-09,
                3.545757102289536e-10,
                4.816559457762958e-11,
                1.182471351964343e-05,
                0.9999881691203318
            ]
        ],
        [
            [
                0.9758437345263872,
                0.02414781899509469,
                6.3013303030284125e-06,
                1.208888919983536e-06,
                9.362592951731475e-07
            ],
            [
                0.3510429021509889,
                0.6489564749613489,
                6.017395442926542e-07,
                2.0563013370642048e-08,
                5.851044881283375e-10
            ],
            [
                1.538252405481402e-05,
                0.04226413912024834,
                0.9168677781000663,
                0.04084684789279461,
                5.852362835862615e-06
            ],
            [
                1.579399490134871e-08,
                1.154616604392246e-09,
                1.395034496468031e-08,
                0.015848474481553777,
                0.9841514946194897
            ],
            [
                1.4040636105479755e-08,
                1.1098424838961518e-09,
                9.44972994564057e-10,
                0.07597600115891823,
                0.9240239827456301
            ]
        ],
        [
            [
                0.4606890167746738,
                0.39873482893852846,
                0.0002743442119178592,
                0.10307132961004285,
                0.03723048046483716
            ],
            [
                0.7772023740687161,
                0.22279757735628594,
                2.8066241389460805e-08,
                1.3177557676364476e-08,
                7.331198894053741e-09
            ],
            [
                1.2297186113066596e-12,
                1.5005640748976951e-12,
                0.999999999993467,
                2.997176502591623e-12,
                8.056340763421286e-13
            ],
            [
                8.011082144522857e-09,
                1.0223413945234686e-09,
                1.5994674116288773e-08,
                0.42452494684194914,
                0.5754750281299533
            ],
            [
                5.7594193470138955e-09,
                3.0018661306394753e-10,
                6.940747961265377e-10,
                0.1558633003739524,
                0.8441366928723668
            ]
        ],
        [
            [
                0.9553127190277464,
                0.044685996586595035,
                3.0055279273574986e-07,
                9.808989565146937e-07,
                2.933909360250633e-09
            ],
            [
                0.9919629893816159,
                0.008037007511922791,
                1.9723071525914747e-09,
                8.953278313965552e-10,
                2.3882638980382656e-10
            ],
            [
                2.0682428354409616e-06,
                5.1325602132413444e-06,
                0.24715199209493335,
                0.7002578868489876,
                0.05258292025303042
            ],
            [
                5.344656338925453e-10,
                5.7960882876703836e-09,
                4.22697514920877e-10,
                0.1762788458281529,
                0.8237211474185957
            ],
            [
                6.3325211041247914e-09,
                3.6299486751688775e-10,
                1.5236179371684232e-10,
                0.005864923733216389,
                0.9941350694189058
            ]
        ],
        [
            [
                0.4848653667850323,
                0.5151346215714314,
                1.643856993145281e-09,
                8.417938157318177e-09,
                1.581741110230743e-09
            ],
            [
                5.094588567756769e-07,
                1.9965973778810038e-05,
                0.04882042908786297,
                0.8404010749062388,
                0.1107580205732626
            ],
            [
                3.1537371191075565e-12,
                2.8343675473725246e-11,
                0.9999999999336038,
                1.4733920137702994e-11,
                2.0164777422800535e-11
            ],
            [
                8.280148914740853e-09,
                8.341152518957635e-10,
                1.7045690999301146e-09,
                0.0004520032688878927,
                0.9995479859122788
            ],
            [
                5.050047184964036e-09,
                1.2981246083088802e-09,
                4.1262522442903684e-11,
                0.023852563191898775,
                0.9761474304186669
            ]
        ],
        [
            [
                0.916914782919853,
                0.08308506141671507,
                2.9516614619826863e-08,
                9.311028878619503e-08,
                3.3036528576587975e-08
            ],
            [
                0.40992406201551485,
                0.5900756620057009,
                4.907852218277483e-08,
                1.8136067124567249e-07,
                4.5539590740977134e-08
            ],
            [
                2.6495418427445875e-12,
                1.1620279334712104e-11,
                0.9999999999605198,
                2.0568958888981967e-11,
                4.641373349529096e-12
            ],
            [
                1.2139152358496879e-08,
                4.266091305349041e-10,
                6.831599121416408e-10,
                7.035052946983554e-05,
                0.9999296362216087
            ],
            [
                2.5117274645529632e-09,
                1.1837890641058552e-09,
                8.029197913719891e-10,
                0.1635441997185497,
                0.836455795783014
            ]
        ],
        [
            [
                0.598876611452612,
                0.40112337868577563,
                6.5752312237630645e-09,
                2.9134948208687543e-09,
                3.728862748922896e-10
            ],
            [
                0.8842127804020101,
                0.11578719512817869,
                7.700658077981594e-09,
                6.037985469812013e-09,
                1.0731167618756452e-08
            ],
            [
                5.330632071069988e-05,
                0.004621290690476767,
                0.907801551096812,
                0.08747476880706447,
                4.908308493613808e-05
            ],
            [
                6.585858210159481e-09,
                1.086685986777282e-09,
                5.990157208131336e-10,
                0.0014491276440709983,
                0.9985508640843691
            ],
            [
                1.6701626454043987e-09,
                1.9265339371659154e-10,
                1.9181979327077877e-09,
                0.00031312559109304244,
                0.9996868706278931
            ]
        ],
        [
            [
                0.7991856626583071,
                0.20081433672142843,
                4.0196197983879507e-10,
                9.439398139980758e-11,
                1.2390850627955946e-10
            ],
            [
                0.5625668630795834,
                0.4374328726890848,
                1.7297636021816046e-07,
                8.153549117721752e-08,
                9.719480500399497e-09
            ],
            [
                4.59160729856382e-12,
                7.234129309073448e-11,
                0.9999999998846851,
                3.26204226622384e-11,
                5.761608660156198e-12
            ],
            [
                4.657872283339785e-10,
                8.218605961034471e-11,
                2.833836748800739e-10,
                0.00012487441214660184,
                0.9998751247564964
            ],
            [
                2.6707538234358247e-09,
                2.1993710544766655e-10,
                3.4505805330233575e-09,
                0.0013385729010422843,
                0.9986614207576862
            ]
        ],
        [
            [
                0.9996138892849539,
                0.00038594308241746936,
                1.2939018103509924e-07,
                3.3337880402201775e-08,
                4.904567240915456e-09
            ],
            [
                0.8621824522688417,
                0.13781747732646413,
                1.3117351292126867e-08,
                4.56722857829176e-08,
                1.1615057098848626e-08
            ],
            [
                1.251324689879222e-08,
                8.249366927809129e-07,
                0.9999977359681936,
                1.1412982370366302e-06,
                2.852836295659859e-07
            ],
            [
                2.9451468657214266e-10,
                1.2654070579398606e-09,
                6.4099587844378e-09,
                0.004419484711093261,
                0.9955805073190263
            ],
            [
                8.35383977955158e-10,
                7.109384175299163e-10,
                1.4196963473302268e-09,
                0.0030217295181117466,
                0.9969782675158695
            ]
        ],
        [
            [
                0.7911481296233852,
                0.20885186164262376,
                5.47352194869807e-09,
                1.500938185677362e-09,
                1.7595308730489344e-09
            ],
            [
                0.7228149209892241,
                0.2771850156169966,
                1.0758890122654841e-08,
                3.4413017503580106e-08,
                1.8221871831678703e-08
            ],
            [
                4.134740826088965e-10,
                4.945417394552742e-10,
                0.9999999652680226,
                1.565212945586449e-08,
                1.817183206605846e-08
            ],
            [
                7.156690653222417e-09,
                2.734849833166706e-09,
                1.2359589149929915e-10,
                0.15653828770600617,
                0.8434617022788574
            ],
            [
                3.0161374400624867e-10,
                1.2915521514341573e-10,
                1.3910584278886133e-10,
                0.0001842979083046465,
                0.9998157015218205
            ]
        ],
        [
            [
                0.7924917865601905,
                0.20750803622328867,
                2.416697899477428e-08,
                4.04922147331286e-08,
                1.1255732715163187e-07
            ],
            [
                0.6272936043719947,
                0.372706343438765,
                2.53279400575633e-08,
                7.329025681509816e-09,
                1.9532274603572597e-08
            ],
            [
                5.250259688081356e-07,
                0.0031135213887412737,
                0.9967942536270472,
                5.5427919494818024e-05,
                3.6272038747873875e-05
            ],
            [
                1.3555890115073965e-09,
                1.5488028925278163e-10,
                2.38322759676036e-09,
                0.0013096370524739796,
                0.9986903590538291
            ],
            [
                6.546207879667908e-09,
                1.1261038355397114e-08,
                4.1830853816951707e-10,
                0.10000025412967618,
                0.8999997276447691
            ]
        ],
        [
            [
                0.9999335700423619,
                6.642009614928685e-05,
                2.2656817406444708e-09,
                2.37500794299339e-09,
                5.220798970785478e-09
            ],
            [
                0.3686487514851461,
                0.6313511132804518,
                1.0318118980056326e-07,
                2.1401868411023303e-08,
                1.0651343864799773e-08
            ],
            [
                1.550900018030829e-07,
                1.825077747463237e-06,
                0.9999975093217789,
                4.4755280471624133e-07,
                6.295766707598522e-08
            ],
            [
                6.34356098500739e-10,
                2.5837687242545626e-10,
                2.1537333816367576e-10,
                2.445036540965021e-07,
                0.9999997543882396
            ],
            [
                7.941132630904956e-09,
                6.808683862876781e-10,
                2.901394713037369e-09,
                0.006409985297270887,
                0.9935900031793333
            ]
        ],
        [
            [
                0.7952192824165425,
                0.20478069473945681,
                2.927813502663454e-09,
                1.753498090017185e-08,
                2.3812063991963196e-09
            ],
            [
                0.741159616486398,
                0.25884027112941466,
                1.0438629005738743e-07,
                5.269678722757392e-09,
                2.7282185501543067e-09
            ],
            [
                4.423437418808946e-12,
                1.8286042587354647e-11,
                0.9999999999658478,
                7.978134816563795e-12,
                3.4647563918089613e-12
            ],
            [
                9.430480521842181e-10,
                6.184169666646659e-10,
                3.303666069971137e-09,
                0.08996972528840906,
                0.9100302698464598
            ],
            [
                1.7976427137956604e-09,
                3.557565020108555e-09,
                8.24844930243318e-10,
                0.12216933012423312,
                0.8778306636957142
            ]
        ],
        [
            [
                0.7998710484450603,
                0.2001289290343055,
                1.0301762136601527e-08,
                8.167875890647794e-09,
                4.050996145433994e-09
            ],
            [
                0.7856372123649759,
                0.21436263699607844,
                2.5694977413938796e-08,
                1.207119955607079e-07,
                4.2319728408184274e-09
            ],
            [
                1.499226382667791e-11,
                9.059038722842402e-13,
                0.9999999999532205,
                1.4947875749716808e-11,
                1.5933473655671144e-11
            ],
            [
                2.7706285286671654e-09,
                8.471592083048376e-10,
                1.530106064877675e-08,
                0.06416521717774401,
                0.9358347639034076
            ],
            [
                2.2111406743908412e-08,
                7.453474757979149e-10,
                8.543479499150116e-09,
                0.009489690751181565,
                0.9905102778485847
            ]
        ],
        [
            [
                0.9971475880878825,
                0.00285228576665798,
                1.1226692659489811e-07,
                1.208309213409089e-08,
                1.7954407210277389e-09
            ],
            [
                0.551085662647282,
                0.4489136372292224,
                1.1300431993558326e-07,
                5.847574875554172e-07,
                2.3616881331824766e-09
            ],
            [
                9.527398713187868e-06,
                0.058786806561804926,
                0.9410757879780833,
                0.00012702373595618231,
                8.543254423559193e-07
            ],
            [
                3.233958555327074e-09,
                1.117128291543822e-08,
                9.549299865447418e-10,
                0.07560539715441406,
                0.9243945874854145
            ],
            [
                1.1944529506417844e-08,
                5.517134217342116e-09,
                1.5536842707867007e-08,
                0.012116233341426898,
                0.9878837336600668
            ]
        ],
        [
            [
                0.9998864551168811,
                0.00011353956827308011,
                5.428394547229043e-10,
                2.5856329737068375e-09,
                2.1863733862056148e-09
            ],
            [
                0.08119428148581342,
                0.918805203411768,
                3.9072737603640655e-07,
                7.716795667970566e-08,
                4.7207085789948126e-08
            ],
            [
                1.4194209347364782e-06,
                1.4891475141934398e-05,
                0.19135169770744773,
                0.7085732627115009,
                0.10005872868497463
            ],
            [
                1.0194351816241228e-09,
                7.732169903451227e-11,
                7.232851094366986e-10,
                0.05350782041328548,
                0.9464921777666726
            ],
            [
                3.304558095305086e-10,
                1.1833903056185067e-10,
                7.2543831233566e-11,
                1.1093199493156727e-05,
                0.9999889062791683
            ]
        ],
        [
            [
                0.6278068823867831,
                0.37219310137915385,
                4.717983897458903e-09,
                2.8165005088785726e-09,
                8.699578682775754e-09
            ],
            [
                0.7000105546011146,
                0.29998925216952155,
                7.1103839856511325e-09,
                1.7635513113569756e-07,
                9.763848822055491e-09
            ],
            [
                1.9769371622013395e-11,
                9.235604885952392e-12,
                0.9999999996669151,
                2.516716325489595e-10,
                5.240832200411607e-11
            ],
            [
                2.2770583459216318e-09,
                6.475446742810534e-11,
                2.583214483416796e-10,
                0.00020703399460558045,
                0.9997929634052602
            ],
            [
                6.17540900434758e-08,
                1.298368909678375e-09,
                8.898847984064894e-11,
                1.6118927132752793e-05,
                0.9999838179314198
            ]
        ],
        [
            [
                0.8751592140561457,
                0.12484078285851488,
                4.775443639737184e-10,
                2.144408488822465e-09,
                4.6338671069227414e-10
            ],
            [
                0.4724596687395159,
                0.5275403063807708,
                1.4697426981572398e-08,
                1.0007427227790046e-08,
                1.7485910551468382e-10
            ],
            [
                8.856571614678923e-06,
                0.1832253794356506,
                0.5832405944568549,
                0.23342160118592253,
                0.00010356834995738449
            ],
            [
                9.866324869715318e-10,
                7.079381806943458e-09,
                6.403889100605889e-10,
                0.04766006813076771,
                0.9523399231628291
            ],
            [
                1.8908739833223023e-09,
                5.983357379204536e-10,
                2.3721785068079317e-08,
                0.015733443009415076,
                0.9842665307795901
            ]
        ],
        [
            [
                0.7966789443546657,
                0.20332105402882564,
                7.678174694354159e-10,
                4.1571638980829643e-10,
                4.329747709355765e-10
            ],
            [
                0.9953494008191739,
                0.0046505979155246025,
                1.826300911641097e-10,
                6.74828626467177e-10,
                4.0784263864702667e-10
            ],
            [
                3.819560583211771e-06,
                0.0005090666539260028,
                0.957102740361961,
                0.04178101958059571,
                0.000603353842934149
            ],
            [
                1.3664897775694629e-08,
                1.3451244956314666e-09,
                8.714040185625665e-09,
                0.012832591527021946,
                0.9871673847489156
            ],
            [
                3.826280693754516e-09,
                5.185636255200519e-10,
                2.0677622957417093e-10,
                0.009670766987725244,
                0.9903292284606543
            ]
        ],
        [
            [
                0.8150538184624739,
                0.18494617788797296,
                3.8801647347135537e-10,
                6.196777284239897e-10,
                2.641858700188116e-09
            ],
            [
                0.8339026309645161,
                0.16609735329516082,
                1.4436924322706839e-08,
                1.133330472484558e-09,
                1.7006832041095858e-10
            ],
            [
                2.3757541201799104e-06,
                8.040505618772416e-05,
                0.7631416863432685,
                0.23676626479251656,
                9.268053907091744e-06
            ],
            [
                7.909453964696614e-09,
                5.28929715396712e-10,
                4.902333234837559e-09,
                0.3868673397442497,
                0.6131326469150334
            ],
            [
                2.776094933971902e-10,
                9.05343435946627e-11,
                1.7290794453152047e-10,
                3.468436359616334e-06,
                0.9999965310225886
            ]
        ],
        [
            [
                0.9165888940539544,
                0.0834110961186453,
                4.507490746148699e-10,
                8.823314448189054e-09,
                5.533367906162862e-10
            ],
            [
                0.2508748665824253,
                0.7491123568544731,
                2.659153172197672e-06,
                5.678581948882115e-06,
                4.438827980617763e-06
            ],
            [
                6.729082184150211e-07,
                0.00011246136903575463,
                0.8722283165534128,
                0.1274400165062985,
                0.00021853266303449204
            ],
            [
                1.595645231289739e-09,
                2.650411226322011e-09,
                7.375686407858461e-10,
                0.19945028823439293,
                0.800549706781982
            ],
            [
                7.123457293908942e-09,
                9.10977947700796e-10,
                1.1956830952318252e-10,
                3.637678534018269e-07,
                0.999999628078143
            ]
        ],
        [
            [
                0.9975582767016903,
                0.0024416527021989933,
                1.6705915547400538e-08,
                5.140777704070252e-08,
                2.4824181188875733e-09
            ],
            [
                0.43158755509303837,
                0.5683511369758923,
                5.805474300330593e-05,
                3.048038458515781e-06,
                2.0514960759718886e-07
            ],
            [
                4.0261913684471246e-08,
                4.896942567482113e-06,
                0.9981461204766157,
                0.0018456496310886757,
                3.2926878144010433e-06
            ],
            [
                1.8756182658396183e-08,
                4.080556129147575e-09,
                1.0256325764633573e-09,
                0.06418596311746447,
                0.9358140130201642
            ],
            [
                2.7790249129107464e-09,
                7.900727158392555e-11,
                3.845036691980304e-10,
                0.01970993686575474,
                0.9802900598917094
            ]
        ],
        [
            [
                0.8395201159093622,
                0.16047960481842652,
                2.0799990603433112e-08,
                1.370150112881022e-07,
                1.2145720931793378e-07
            ],
            [
                0.2292722630686135,
                0.7707276028298415,
                6.16445695736787e-08,
                1.8223521810757955e-08,
                5.42334534102135e-08
            ],
            [
                1.3515292104671446e-06,
                0.0013585191056821003,
                0.9980253476487889,
                0.0006142384603825638,
                5.432559360171348e-07
            ],
            [
                3.7745187318360356e-10,
                2.910958872298517e-10,
                6.212578876241691e-10,
                0.1933309196584745,
                0.8066690790517198
            ],
            [
                5.523288455881428e-10,
                1.0233878802035546e-10,
                2.0962480975083288e-10,
                0.00011102144133913507,
                0.9998889776943685
            ]
        ],
        [
            [
                0.8754207694354338,
                0.12457921248493321,
                1.9360867787308665e-09,
                6.4657317757820355e-09,
                9.677814406423249e-09
            ],
            [
                0.5774078801512895,
                0.4225885142731789,
                1.5839995664743354e-07,
                3.0247777218909675e-06,
                4.223978530579943e-07
            ],
            [
                1.9206812279966124e-07,
                0.01202331342548732,
                0.98568006065295,
                0.0022920277415868565,
                4.406111853016113e-06
            ],
            [
                5.234957266185786e-09,
                8.447963365300324e-10,
                3.080844415834111e-09,
                0.013715776427238095,
                0.9862842144121639
            ],
            [
                1.2347340531054579e-09,
                4.998977422715552e-09,
                4.2175391626077415e-10,
                0.19681363285126313,
                0.8031863604932715
            ]
        ],
        [
            [
                0.4638101092904702,
                0.5361898750091459,
                4.683824379809003e-09,
                5.8351086568685005e-09,
                5.181450749800921e-09
            ],
            [
                0.6692469492259507,
                0.33075304210456286,
                1.1511851345652218e-09,
                5.656948129524545e-09,
                1.8613529883286122e-09
            ],
            [
                6.307101390067625e-07,
                1.3304893936490255e-05,
                0.8234590836723406,
                0.17458848386549494,
                0.001938496858088974
            ],
            [
                5.693572545664688e-10,
                7.117212733734566e-11,
                2.392940791596516e-10,
                0.0018665894906585206,
                0.998133409629518
            ],
            [
                5.9021529997644525e-09,
                1.3849209750688474e-10,
                1.8322394517969463e-10,
                0.00018226442639937503,
                0.9998177293497316
            ]
        ],
        [
            [
                0.8443622922022244,
                0.15563770680896757,
                5.533942071260698e-10,
                3.135783296746636e-10,
                1.2183556866046556e-10
            ],
            [
                0.5263198848937882,
                0.47367770292212946,
                4.009211146935207e-08,
                2.354709875435367e-06,
                1.7382095295844075e-08
            ],
            [
                2.0441576999982188e-10,
                4.05941582533681e-11,
                0.9999999972669606,
                2.3342557523215006e-09,
                1.5377361436172945e-10
            ],
            [
                1.666847568803752e-09,
                3.432457728181167e-10,
                4.971609041948716e-08,
                0.1555984572730704,
                0.8444014910007458
            ],
            [
                1.834085139652876e-08,
                2.6777199289228053e-09,
                3.1578742475342176e-10,
                0.0003201041018550295,
                0.9996798745637862
            ]
        ],
        [
            [
                0.5952851511300159,
                0.4047079318500006,
                3.0547839788153773e-06,
                2.9204188591819337e-06,
                9.418171454693663e-07
            ],
            [
                0.25817855213832513,
                0.7418213365518057,
                4.5336722114347975e-09,
                9.372724439352934e-08,
                1.3048952662379685e-08
            ],
            [
                9.498552687362132e-09,
                2.012067515958683e-07,
                0.9999997590476912,
                2.5116078476490103e-08,
                5.130926116588636e-09
            ],
            [
                5.130584737067903e-08,
                3.910320940763398e-10,
                1.0135759761044529e-09,
                0.10000239443697133,
                0.8999975528525732
            ],
            [
                2.6458708415374007e-08,
                1.264939406552716e-09,
                6.704656272325805e-10,
                0.012588306325801926,
                0.9874116652800846
            ]
        ],
        [
            [
                0.986853533989444,
                0.013146457511105925,
                1.8521136076670596e-09,
                5.786208579485026e-09,
                8.611278386027225e-10
            ],
            [
                0.8764929378831461,
                0.12350700045391169,
                1.6974093476272578e-08,
                1.1970682301570452e-08,
                3.2718166353683725e-08
            ],
            [
                2.3542955745643426e-11,
                2.6263602845064696e-10,
                0.999999999598634,
                1.4795337269942263e-11,
                1.0039175347159005e-10
            ],
            [
                2.1058858466352317e-08,
                3.5880154512034e-11,
                4.392166784308354e-09,
                0.0038653720163713567,
                0.9961346024967233
            ],
            [
                2.8536656226143564e-10,
                1.0593115737365906e-09,
                5.958332812083681e-13,
                0.002813078149793048,
                0.997186920504933
            ]
        ],
        [
            [
                0.9998888249673075,
                0.00011117396165292812,
                1.5253257102601528e-10,
                5.331831827329027e-10,
                3.853239528251761e-10
            ],
            [
                0.7677938105567332,
                0.232206070117402,
                6.516875370180015e-08,
                1.4054491512604261e-08,
                4.0102619533955805e-08
            ],
            [
                0.0037747434797476974,
                0.15426433315500637,
                0.8418293594036822,
                0.00012732864508480695,
                4.235316478945114e-06
            ],
            [
                1.1052405845919398e-09,
                9.250671858620279e-10,
                1.6260831969367137e-10,
                0.1635174440445886,
                0.8364825537624954
            ],
            [
                5.501148731315304e-11,
                2.650664258580386e-10,
                1.8531351910413382e-10,
                2.5240816516894312e-05,
                0.9999747586780917
            ]
        ],
        [
            [
                0.9921366201725406,
                0.007863210394558343,
                2.5265580763717994e-08,
                1.3251896973470173e-07,
                1.1648350769516085e-08
            ],
            [
                0.8364752436248463,
                0.1635247545984829,
                2.1458480290249703e-10,
                1.5020898430251733e-09,
                5.999625432130674e-11
            ],
            [
                5.166231939017161e-09,
                4.631961053014212e-08,
                0.9996986358819003,
                0.0003012552427474114,
                5.738950973019508e-08
            ],
            [
                1.381505690521565e-09,
                1.5955558599360587e-09,
