{
    "[['A', 'B', 'C', 'D', 'E'], ['A', 'B', 'C', 'D', 'E']]": [
        [
            [
                0.9996465686839584,
                0.00035341822626247673,
                1.56287845439532e-09,
                4.748892498072543e-09,
                6.778008092603625e-09
            ],
            [
                0.476155099562512,
                0.5238448203124612,
                2.9625999117860983e-09,
                8.046956965491612e-09,
                6.91154700213546e-08
            ],
            [
                3.054955238612598e-08,
                2.474220980827411e-05,
                0.999973189776058,
                2.0277432265906115e-06,
                9.721354746656201e-09
            ],
            [
                0.00012395737678486614,
                3.6489067161043375e-07,
                1.8045747801533564e-06,
                0.7232501915524119,
                0.2766236816053515
            ],
            [
                0.1000032087822916,
                2.617997014878622e-07,
                7.505436821839607e-07,
                0.013356089512065359,
                0.8866396893622593
            ]
        ],
        [
            [
                0.9991858387213309,
                0.0008141599428490284,
                8.283991924515989e-11,
                1.080056926777508e-09,
                1.729232348266415e-10
            ],
            [
                0.9970664088941251,
                0.002933235604246191,
                9.660743198131814e-10,
                3.223654337253489e-10,
                3.5421318891426303e-07
            ],
            [
                9.024248481630325e-07,
                2.357905973930929e-05,
                0.9949928984190103,
                0.004838636388557894,
                0.00014398370784432017
            ],
            [
                0.0005201473104975315,
                6.410306047950755e-06,
                7.74286165855042e-08,
                0.5757404900410898,
                0.42373287491374817
            ],
            [
                5.643494562480194e-05,
                9.776612994224199e-07,
                6.412440648962156e-08,
                0.3851077047677921,
                0.6148348185008773
            ]
        ],
        [
            [
                0.9760732809226074,
                0.02392669976327549,
                5.2114779326834e-09,
                2.1529735776617756e-09,
                1.1949665658301078e-08
            ],
            [
                0.9811854784887332,
                0.018814481282492662,
                1.1373268115267212e-09,
                6.943701046562221e-09,
                3.2147746318234166e-08
            ],
            [
                7.135006121582668e-08,
                2.2185857138264763e-06,
                0.9999325870862937,
                6.33782231172434e-05,
                1.7447548138868366e-06
            ],
            [
                0.051389294182710196,
                3.003341915785799e-06,
                2.32990800062695e-07,
                0.40781498118410997,
                0.540792488300464
            ],
            [
                0.32089514692988697,
                1.7968178853354143e-06,
                4.618169987089577e-07,
                0.10003145970701971,
                0.5790711347282093
            ]
        ],
        [
            [
                0.9998143795020691,
                0.00018561780402518257,
                1.2586445374042161e-11,
                7.607754197794049e-10,
                1.92054373511629e-09
            ],
            [
                0.613322683856906,
                0.38667702760946926,
                1.9585223410865853e-08,
                2.288221700500233e-07,
                4.012623124675146e-08
            ],
            [
                2.2913342747702343e-05,
                0.0008250110806751566,
                0.998947402375026,
                0.00018526655990677569,
                1.940664164428368e-05
            ],
            [
                5.925660147255295e-05,
                3.005588192667792e-07,
                1.413714772344763e-06,
                0.2608564943490571,
                0.7390825347758787
            ],
            [
                1.4136229068092201e-06,
                1.3006924936898632e-07,
                9.54460636538029e-09,
                0.19936843364000909,
                0.8006300131232285
            ]
        ],
        [
            [
                0.9999582007361867,
                4.179501221461032e-05,
                2.1157588712694239e-10,
                2.5788946612262262e-09,
                1.4611281693126847e-09
            ],
            [
                0.8964025364169402,
                0.10359746037899618,
                5.768770885152958e-10,
                3.0437467703569314e-10,
                2.3228117699342e-09
            ],
            [
                0.013633441133113884,
                0.25760196510110567,
                0.7286888755441334,
                3.615856119490537e-05,
                3.955966045221466e-05
            ],
            [
                0.1703116314660236,
                1.5257995263293864e-06,
                6.770098671200067e-08,
                0.19888537731516712,
                0.6308013977182961
            ],
            [
                0.00948615973905751,
                7.69818303478258e-07,
                1.2366697841194401e-06,
                0.20490015467511433,
                0.7856116790977405
            ]
        ],
        [
            [
                0.999960570950843,
                3.940298911925351e-05,
                8.612978351865272e-10,
                1.6983903796247243e-09,
                2.3500349529628232e-08
            ],
            [
                0.9967764738252933,
                0.003223524392852388,
                8.60277870195048e-10,
                4.283714222113029e-10,
                4.93204936690754e-10
            ],
            [
                9.576563527938761e-07,
                1.324447409463752e-05,
                0.9995952719019342,
                0.0003894006982827772,
                1.1252693355457496e-06
            ],
            [
                0.20406514274487347,
                1.4135232787028405e-05,
                1.5501040075445228e-06,
                0.4329146536551369,
                0.36300451826319513
            ],
            [
                0.012630283672552907,
                4.138251558701521e-05,
                4.942436939517641e-07,
                0.6159524786323264,
                0.3713753609358398
            ]
        ],
        [
            [
                0.801700662868748,
                0.19829933604387673,
                7.179912509297579e-11,
                1.584130256955071e-10,
                8.571631374052375e-10
            ],
            [
                0.7815498614333664,
                0.21844998374780636,
                6.460368685807493e-09,
                9.246658266389858e-08,
                5.589187600948937e-08
            ],
            [
                4.59615549850787e-11,
                2.95944553763213e-10,
                0.9999999986321988,
                4.5607255023845104e-10,
                5.698226464267536e-10
            ],
            [
                3.1557951152760364e-05,
                4.6663544552728187e-07,
                1.0652709743190372e-06,
                0.3902283723774492,
                0.6097385377649782
            ],
            [
                3.7066615771374106e-06,
                2.528571461607154e-07,
                3.794543865240344e-07,
                0.2515302204816861,
                0.748465440545204
            ]
        ],
        [
            [
                0.9809297533792749,
                0.01907024090164673,
                7.19156568221946e-10,
                2.773878010640029e-09,
                2.2260438158586755e-09
            ],
            [
                0.6438421225649955,
                0.3561577353567945,
                4.9810007331433695e-08,
                7.282790615847065e-08,
                1.944029664483514e-08
            ],
            [
                5.3607585965609474e-11,
                5.059216899761153e-09,
                0.9999999853731585,
                9.456966554703842e-09,
                5.705033533892887e-11
            ],
            [
                4.4823456657066434e-07,
                2.749198665605353e-07,
                1.472499126613102e-08,
                0.7870768930729889,
                0.21292236904758668
            ],
            [
                0.19813260087944515,
                7.185734724455107e-06,
                1.0818331479573529e-06,
                0.05609493728520237,
                0.7457641942674801
            ]
        ],
        [
            [
                0.992482282252377,
                0.00751771748291564,
                1.912319698681908e-10,
                3.109583350171958e-11,
                4.2379610965451246e-11
            ],
            [
                0.7966574961398971,
                0.2033346738124608,
                4.499397340590339e-09,
                7.076739463653193e-06,
                7.488087812396187e-07
            ],
            [
                2.5127313977684536e-11,
                1.317320659433055e-10,
                0.9999999966035353,
                1.0742128412564588e-09,
                2.1653922058743555e-09
            ],
            [
                0.1946775819815049,
                1.6580730159825282e-05,
                9.259811809891272e-06,
                0.4995427544878065,
                0.3057538229887189
            ],
            [
                0.009278250580915876,
                1.7272461403603774e-07,
                1.0899284345446794e-06,
                0.45072509677358147,
                0.539995389992454
            ]
        ],
        [
            [
                0.8002131001875423,
                0.199784771220487,
                2.8342360177415124e-09,
                8.342233928691261e-08,
                2.042335395346103e-06
            ],
            [
                0.18483668813853915,
                0.8151630060806956,
                9.049336573063262e-08,
                1.591623963237589e-07,
                5.612500323981859e-08
            ],
            [
                1.7529480414722045e-09,
                3.2299985703443874e-09,
                0.9999999215381683,
                6.257442824521173e-08,
                1.0904456808029156e-08
            ],
            [
                0.053450579338097715,
                2.788197019440428e-07,
                2.872619551954251e-08,
                0.39651910897714315,
                0.5500300041388616
            ],
            [
                0.06413347331346832,
                1.583036593100291e-07,
                1.3970234201939527e-09,
                0.19995440263920905,
                0.7359119643466399
            ]
        ],
        [
            [
                0.9999996433686548,
                3.5636241618457893e-07,
                1.180694447055824e-10,
                1.1113744120948425e-10,
                3.9722173460288064e-11
            ],
            [
                0.8281175137231155,
                0.1718816450343098,
                1.9223690872889757e-08,
                6.338275481201671e-08,
                7.586361290568426e-07
            ],
            [
                5.015368704040696e-11,
                6.342079450248532e-10,
                0.9999999720187688,
                1.7221819151519606e-09,
                2.5574687537931645e-08
            ],
            [
                9.943905373060056e-06,
                3.65508906740818e-08,
                4.945630601852415e-07,
                0.029608028710558593,
                0.9703814962701175
            ],
            [
                0.009729787615831887,
                6.167810010030162e-06,
                8.531888467733229e-07,
                0.07661778131485032,
                0.913645410070461
            ]
        ],
        [
            [
                0.9905126162166086,
                0.009487378413997652,
                5.126263940144454e-10,
                4.299171140414911e-09,
                5.575961597243421e-10
            ],
            [
                0.7861647131093688,
                0.21383519376152268,
                2.0038790474914445e-09,
                8.077510944553395e-08,
                1.0350120100156031e-08
            ],
            [
                6.883335820446232e-11,
                7.098277729346006e-10,
                0.9999999935901576,
                3.1114609143859296e-09,
                2.5197204664541045e-09
            ],
            [
                0.00010084117512664938,
                1.0556582599562132e-05,
                4.94433928015416e-06,
                0.0024731176633521015,
                0.9974105402396415
            ],
            [
                4.521719508700299e-06,
                5.7127817863365845e-08,
                7.55848928621309e-08,
                0.1395841996050723,
                0.8604111459627083
            ]
        ],
        [
            [
                0.800233335254131,
                0.19976666055370693,
                5.005226504332136e-10,
                6.544312864474263e-10,
                3.037208141160539e-09
            ],
            [
                0.8639937704092989,
                0.1360062186453154,
                1.7410463888470127e-09,
                6.733909334394968e-09,
                2.470430100506124e-09
            ],
            [
                9.685860062850033e-11,
                5.702536576893704e-11,
                0.9999999981660643,
                1.6599051129980978e-09,
                2.0146545536082984e-11
            ],
            [
                0.18781888299009636,
                7.200908574283232e-07,
                2.4547175704712434e-06,
                0.1979757289971291,
                0.6142022132043466
            ],
            [
                6.427250883150429e-05,
                9.659695847689854e-07,
                1.682266762242434e-06,
                0.4186935491357932,
                0.5812395301190283
            ]
        ],
        [
            [
                0.8190278936315766,
                0.180972058631594,
                2.204925505481235e-08,
                7.498391831301227e-09,
                1.8189182470159392e-08
            ],
            [
                0.767102933204888,
                0.23289703630779746,
                7.821799888414602e-09,
                1.318888393884375e-08,
                9.476630805382791e-09
            ],
            [
                1.061403807271699e-10,
                7.888235655330115e-10,
                0.9999999707652979,
                4.8327710690059345e-09,
                2.350696701395666e-08
            ],
            [
                8.792871658435781e-08,
                1.1647048448627745e-07,
                3.5162515160924054e-07,
                0.9971701864846529,
                0.0028292574909944295
            ],
            [
                0.009277909520785273,
                9.752033094419698e-08,
                5.893641268913477e-07,
                0.20438915637254404,
                0.786332247222213
            ]
        ],
        [
            [
                0.853756461851098,
                0.14624350594350916,
                2.252991165452716e-09,
                1.2236597186577275e-08,
                1.7715804458211418e-08
            ],
            [
                0.6390089704140344,
                0.36098609739141757,
                1.4852182270065448e-07,
                3.079533575627546e-06,
                1.7041391497892794e-06
            ],
            [
                7.877734601702244e-11,
                1.4478247891369997e-10,
                0.9999999932460113,
                5.629970968978724e-09,
                9.004580129642323e-10
            ],
            [
                0.0968930783478338,
                0.00021848049593506077,
                3.289111381797172e-06,
                0.39075994917948853,
                0.5121252028653608
            ],
            [
                7.082004780416372e-06,
                5.308962960820424e-08,
                2.5807494591262024e-08,
                0.43103039963777057,
                0.5689624394603249
            ]
        ],
        [
            [
                0.9999484277282845,
                5.156545727566276e-05,
                2.9283297201141612e-09,
                2.2024327081120207e-09,
                1.6836774580241757e-09
            ],
            [
                0.7866290006450488,
                0.21337096506088898,
                6.628471205578538e-09,
                1.922754767719555e-08,
                8.438043419610976e-09
            ],
            [
                3.999412249036896e-09,
                2.205016013837553e-08,
                0.9999973625127206,
                2.6083378190314513e-06,
                3.0998877864507665e-09
            ],
            [
                0.18933209376093818,
                4.346113652799781e-06,
                5.825182126143826e-07,
                0.4019393021389858,
                0.40872367546821065
            ],
            [
                1.4416019540244016e-05,
                4.911832855271882e-06,
                4.969097582147377e-07,
                0.5539268596214688,
                0.44605331561637734
            ]
        ],
        [
            [
                0.9999328812657173,
                6.711788104381748e-05,
                8.944845671797756e-11,
                3.2792459382716546e-10,
                4.358658385713495e-10
            ],
            [
                0.8804741767614208,
                0.11952581548956004,
                1.330185303821653e-09,
                3.479373040619789e-09,
                2.9394608165234683e-09
            ],
            [
                2.005087626661592e-11,
                5.687961918081475e-11,
                0.9999999995941118,
                2.820598817594635e-10,
                4.6897850425007344e-11
            ],
            [
                2.633909239370328e-06,
                4.633236615603459e-06,
                6.631650511001439e-07,
                0.9365463211180085,
                0.06344574857108538
            ],
            [
                0.0012889324587953257,
                1.4722106751189565e-07,
                3.1390370910939344e-08,
                0.39728104665750463,
                0.6014298422722615
            ]
        ],
        [
            [
                0.9982744308466113,
                0.0017255668024605615,
                1.2583347222162955e-09,
                2.6445861062582515e-10,
                8.281348311059824e-10
            ],
            [
                0.9915036775837364,
                0.008496289503357188,
                9.797420399858643e-11,
                5.068271292599656e-09,
                2.7746661045026923e-08
            ],
            [
                1.2284912926863963e-06,
                3.0642985350610566e-06,
                0.9993543267572707,
                0.000640994619288847,
                3.8583361276480027e-07
            ],
            [
                3.005800575782915e-07,
                3.4141016370758933e-06,
                6.945244856806599e-07,
                0.27534401154507343,
                0.7246515792487462
            ],
            [
                5.742740598385442e-08,
                1.9298963975585276e-08,
                1.267672729790848e-09,
                0.7992919889732731,
                0.2007079330326842
            ]
        ],
        [
            [
                0.8001850056738135,
                0.19980908897170668,
                4.4841798365444375e-09,
                3.2166738897710263e-07,
                5.57920291102021e-06
            ],
            [
                0.9926003247561453,
                0.007395733845288034,
                4.828238238749655e-08,
                5.834633180759017e-07,
                3.309652866161987e-06
            ],
            [
                0.004606663796247888,
                0.0042436948868393365,
                0.9885256031458556,
                0.0026191149319170206,
                4.9232391401333745e-06
            ],
            [
                0.0004815090004658349,
                3.5438323401417025e-06,
                7.56619560264148e-07,
                0.29536503761483607,
                0.7041491529327977
            ],
            [
                0.0001149548739723204,
                0.0008074688515691534,
                2.136960799949086e-06,
                0.20159620003722598,
                0.7974792392764325
            ]
        ],
        [
            [
                0.9982652070530108,
                0.00173476901669966,
                4.434587671551818e-10,
                1.5122596278586807e-10,
                2.3335604849010373e-08
            ],
            [
                0.7187156618435891,
                0.2812842597086112,
                1.951497350943022e-08,
                2.2114654556073714e-08,
                3.681817153393047e-08
            ],
            [
                1.9447779795670413e-08,
                5.681687766219024e-08,
                0.9999953023723386,
                3.294849702188737e-07,
                4.29187803377115e-06
            ],
            [
                1.337116939105636e-05,
                5.862524384219757e-07,
                4.663778904541949e-09,
                0.538002600954051,
                0.46198343696034067
            ],
            [
                1.4888396833059772e-05,
                3.01533025558673e-07,
                4.933028523662997e-07,
                0.980702629345131,
                0.019281687422157974
            ]
        ],
        [
            [
                0.9999686586346967,
                3.130991645149347e-05,
                2.471354159015757e-09,
                7.83923826721209e-09,
                2.113825936959139e-08
            ],
            [
                0.8002419560822243,
                0.1997580397367665,
                5.057544907135755e-10,
                2.124193292717328e-09,
                1.5510614753774064e-09
            ],
            [
                1.0490814962402786e-10,
                5.8479650898052795e-09,
                0.9999999793405663,
                3.2915344447761686e-09,
                1.1415026044589087e-08
            ],
            [
                0.17034303104256926,
                7.024381379914537e-08,
                1.2796112746264445e-07,
                0.19987510548387943,
                0.6297816652686101
            ],
            [
                3.7162688529342697e-06,
                5.97715336914684e-07,
                6.249098156616786e-08,
                0.20459129674446397,
                0.7954043267803645
            ]
        ],
        [
            [
                0.9977424158677327,
                0.002257568582007342,
                5.979858151676189e-10,
                5.540120875150104e-10,
                1.4398262150748757e-08
            ],
            [
                0.10913413429919037,
                0.8908658327234407,
                1.5951640193149506e-08,
                6.872816904247915e-09,
                1.0152911932239455e-08
            ],
            [
                1.40075497003094e-06,
                3.205235617700914e-05,
                0.9996622275799729,
                0.00030335391448398156,
                9.653943960552707e-07
            ],
            [
                2.258528482307509e-05,
                4.337766502107753e-05,
                4.398330958252342e-06,
                0.46769485563033336,
                0.5322347830888643
            ],
            [
                0.00023350542324161093,
                1.2388987059318144e-06,
                2.9742888143202514e-09,
                0.5947560271812167,
                0.40500922552254703
            ]
        ],
        [
            [
                0.9964017913389006,
                0.0035982026084299215,
                2.3595253096364726e-10,
                1.8959793854908866e-09,
                3.920737648022018e-09
            ],
            [
                0.9358109312805563,
                0.06418906585378856,
                1.1897546929354058e-10,
                6.879434695907305e-10,
                2.058736115404613e-09
            ],
            [
                3.6278660520363297e-07,
                7.152600119522912e-05,
                0.9999170649599002,
                1.0893564781443166e-05,
                1.526875178666327e-07
            ],
            [
                4.51383823259667e-06,
                9.075454190725527e-07,
                1.728503789498498e-07,
                0.21467721196076198,
                0.7853171938052074
            ],
            [
                4.83113746074744e-06,
                7.655806294185782e-07,
                2.609861856908987e-08,
                0.45659033454331904,
                0.5434040426399723
            ]
        ],
        [
            [
                0.9991831515727697,
                0.0008168480689801528,
                2.996822802237574e-10,
                3.1616930232771405e-11,
                2.6950927302459118e-11
            ],
            [
                0.7981219963858786,
                0.20182579322870475,
                3.814677770306434e-08,
                3.4520220889554656e-07,
                5.182703643002784e-05
            ],
            [
                1.1127706673763353e-08,
                1.4546335402304011e-07,
                0.9999441254639911,
                5.5661320258236964e-05,
                5.662468988452187e-08
            ],
            [
                8.1349733349363e-07,
                6.329452405844249e-08,
                8.492862394069495e-08,
                0.1996257849448069,
                0.8003732533347117
            ],
            [
                0.04970318800457973,
                1.5717272698642004e-05,
                1.0746560357346457e-07,
                0.29571423541210057,
                0.6545667518450176
            ]
        ],
        [
            [
                0.8237729357941395,
                0.17622705523963691,
                8.934445817784103e-10,
                1.5366697956420796e-09,
                6.536109190385399e-09
            ],
            [
                0.2871080305866532,
                0.7128919624499311,
                9.360002410557326e-10,
                4.581095837636388e-09,
                1.4463196050088382e-09
            ],
            [
                1.7385431384387378e-06,
                6.235289232100278e-05,
                0.9997770283932009,
                0.00015407083876530617,
                4.8093325743282385e-06
            ],
            [
                6.805781834129715e-05,
                1.5052993021693494e-06,
                1.509721035466437e-07,
                0.7915951034837249,
                0.20833518242652807
            ],
            [
                0.000190530403827315,
                1.5112730381376172e-07,
                1.1223327772470156e-07,
                0.429735204836203,
                0.5700740013993881
            ]
        ],
        [
            [
                0.9941342812647123,
                0.0058623847509846295,
                8.943801337019807e-09,
                6.002298841198701e-08,
                3.265017513348249e-06
            ],
            [
                0.3222452619369842,
                0.6777536920036649,
                6.080317408259928e-08,
                9.64692802758982e-07,
                2.0563373920211472e-08
            ],
            [
                2.4134962260837693e-11,
                1.842865808100879e-10,
                0.9999999954252903,
                4.1448074241458734e-09,
                2.2148085254844607e-10
            ],
            [
                1.0597359298395025e-07,
                0.00018236693766297677,
                1.4287285045731144e-06,
                0.9973275859263698,
                0.002488512433869653
            ],
            [
                0.024633475325297895,
                8.394990237210443e-07,
                2.39942402454478e-07,
                0.40236811903904995,
                0.5729973261942259
            ]
        ],
        [
            [
                0.999913790537604,
                8.617491407164485e-05,
                9.360831890365667e-10,
                7.950252625098162e-10,
                3.2817215908902696e-08
            ],
            [
                0.7996221277230037,
                0.20037786222243062,
                6.22458950997519e-09,
                1.3624500921086465e-09,
                2.4675261668659704e-09
            ],
            [
                0.25208834220287124,
                0.7479115420254582,
                7.299929373937942e-08,
                3.110407343931005e-08,
                1.166830348833563e-08
            ],
            [
                4.777071729158282e-07,
                1.2985028750129027e-07,
                1.7208614943604698e-07,
                0.01991695170568276,
                0.9800822686507074
            ],
            [
                2.2307920354320033e-05,
                1.3118832254294835e-06,
                3.366456972026418e-06,
                0.012048268218017242,
                0.987924745521431
            ]
        ],
        [
            [
                0.9999964662309333,
                3.4708690698635505e-06,
                2.392093576933637e-10,
                1.9060515632498646e-10,
                6.247018233421669e-08
            ],
            [
                0.5631796872164533,
                0.4368198447755063,
                4.476378812047555e-09,
                4.606675162389785e-07,
                2.86414537420378e-09
            ],
            [
                3.244137248809454e-10,
                1.7163345527993717e-09,
                0.9999999622203712,
                7.506334517175218e-09,
                2.823254603558292e-08
            ],
            [
                3.7927414628155675e-07,
                7.843513121514696e-08,
                3.2055185101914456e-08,
                0.7988372347030751,
                0.2011622755324623
            ],
            [
                0.024882738816141517,
                4.1735005328717683e-07,
                2.256603159506457e-07,
                0.20479107038701763,
                0.7703255477864716
            ]
        ],
        [
            [
                0.9994853012068687,
                0.0005146972397889173,
                4.813524353872712e-10,
                6.287869327799179e-10,
                4.43203070172677e-10
            ],
            [
                0.9998534077166997,
                0.00014657819545252972,
                2.482109109703373e-10,
                6.079776469508578e-11,
                1.3778839139639523e-08
            ],
            [
                7.085185366834391e-08,
                7.027906732574934e-07,
                0.9999443546261706,
                5.2740617668933205e-05,
                2.1311136333811513e-06
            ],
            [
                0.10878976954729076,
                9.25923109196569e-06,
                1.5840628891755983e-07,
                0.14947314190191605,
                0.7417276709134124
            ],
            [
                0.04401438234303268,
                2.1630609651624093e-05,
                2.2731183251451935e-06,
                0.35293864424232496,
                0.6030230696866656
            ]
        ],
        [
            [
                0.8680412726557936,
                0.1319586768900424,
                3.9462096902788923e-10,
                3.5377305249076074e-08,
                1.4682237964584062e-08
            ],
            [
                0.22706100493733272,
                0.7320680673379446,
                0.0032329760689232996,
                0.03470012360462354,
                0.0029378280511757546
            ],
            [
                9.576252547058713e-08,
                2.351233145605164e-06,
                0.9983423437731889,
                0.001653793240584935,
                1.4159905550696795e-06
            ],
            [
                0.19546941616659919,
                0.0035963679632296237,
                8.305490782039392e-07,
                0.3935335192778069,
                0.40739986604328604
            ],
            [
                0.0008002750531893022,
                0.004303402286616783,
                1.7760560148893635e-05,
                0.24041335101266442,
                0.7544652110873805
            ]
        ],
        [
            [
                0.6537200131699095,
                0.3462796392971645,
                7.377679909984667e-09,
                2.499992268823608e-07,
                9.015601919698019e-08
            ],
            [
                0.9890949275397587,
                0.010905058788371681,
                9.220326469991822e-10,
                4.974911639171867e-10,
                1.2252345784683132e-08
            ],
            [
                1.761777811689523e-11,
                4.1293566196179573e-11,
                0.9999999995746711,
                3.2513010425587194e-10,
                4.128733282266605e-11
            ],
            [
                1.1428604535021116e-07,
                1.698486803004558e-08,
                3.983687657593858e-09,
                0.5969443736633367,
                0.40305549108206223
            ],
            [
                0.00030831778684859096,
                2.996230655840472e-07,
                1.1488821947308007e-06,
                0.7891739462692803,
                0.21051628743861087
            ]
        ],
        [
            [
                0.9748024309687129,
                0.025197564592603496,
                1.4918788256785646e-09,
                1.0014630563944193e-09,
                1.9453417959070814e-09
            ],
            [
                0.7475600846943581,
                0.2524398461914661,
                3.655009245624426e-09,
                6.051770899341543e-08,
                4.941457656959902e-09
            ],
            [
                1.3472693422400198e-07,
                7.270205654841162e-06,
                0.9989482023684526,
                0.0010440718605977668,
                3.208383606482028e-07
            ],
            [
                0.0008656304363256754,
                2.1416938836985055e-07,
                1.4121710321780676e-07,
                0.29949512651684307,
                0.6996388876603397
            ],
            [
                0.00031548673261844835,
                2.567405199792515e-07,
                1.9354961895281297e-06,
                0.43568166087465443,
                0.5640006601560176
            ]
        ],
        [
            [
                0.9999979487371707,
                2.050574609382349e-06,
                6.744072740176372e-11,
                1.7455804110255474e-11,
                6.033234091333293e-10
            ],
            [
                0.528665953472991,
                0.4713335747701901,
                6.312659601271788e-08,
                1.384905187014457e-07,
                2.701397041858439e-07
            ],
            [
                1.2608466268078359e-05,
                3.6668851991399796e-06,
                0.9997334991587149,
                0.0002500452563241236,
                1.8023349374428056e-07
            ],
            [
                5.23052393574167e-05,
                3.8448176520408715e-07,
                5.090662942843254e-09,
                0.6444392192151623,
                0.355508085973052
            ],
            [
                0.08759367208318075,
                2.0525348223581135e-07,
                8.679625417291857e-07,
                0.39497040978841025,
                0.517434844912385
            ]
        ],
        [
            [
                0.8877214562084295,
                0.1122784981071668,
                3.457672276318309e-09,
                3.421192249992473e-08,
                8.014808958156984e-09
            ],
            [
                0.9703435788417127,
                0.02965636394134826,
                4.362728695193857e-09,
                2.4771260859484557e-08,
                2.80829494126266e-08
            ],
            [
                7.936617867857333e-12,
                2.8656369419550742e-11,
                0.999999999656545,
                1.9111516791113517e-10,
                1.1574688504546781e-10
            ],
            [
                5.6870553715487835e-06,
                1.4901126220077543e-07,
                1.3979914953252024e-06,
                0.4160172212178115,
                0.5839755447240594
            ],
            [
                0.20939510113552762,
                7.320880239974855e-06,
                1.033548564281701e-05,
                0.30989250862723366,
                0.48069473387135586
            ]
        ],
        [
            [
                0.7652815951102903,
                0.23471838919621085,
                3.2445437036973766e-09,
                4.327461469778972e-09,
                8.121493690342659e-09
            ],
            [
                0.4998442793499175,
                0.5001557163908423,
                8.179145723600809e-11,
                3.122383963061339e-09,
                1.0550647134162232e-09
            ],
            [
                0.466493962692771,
                0.5319816263037128,
                0.000765399712530554,
                0.0007579323276028859,
                1.0789633827559368e-06
            ],
            [
                3.026943226800166e-07,
                1.5039745606031023e-07,
                6.841356572306334e-08,
                0.2024314719985705,
                0.797568006496085
            ],
            [
                0.019692357691082973,
                4.0874130100860887e-07,
                3.2882252768816886e-07,
                0.2008963753797899,
                0.7794105293652983
            ]
        ],
        [
            [
                0.9358019446194034,
                0.06419804888051171,
                8.187371158264146e-10,
                1.7101861121822107e-09,
                3.9711616968469735e-09
            ],
            [
                0.7635434845936422,
                0.23645646811376989,
                1.649063592739963e-10,
                4.4219701702824816e-08,
                2.907979864760085e-09
            ],
            [
                1.7351870505417512e-08,
                6.020064015497197e-08,
                0.9999679135774119,
                3.180009844868571e-05,
                2.0877162869586987e-07
            ],
            [
                8.505616710412839e-05,
                7.023605853380001e-08,
                3.2638383273559297e-07,
                0.4267725574085307,
                0.5731419898044738
            ],
            [
