{
    "[['A', 'B', 'C', 'D', 'E'], ['A', 'B', 'C', 'D', 'E']]": [
        [
            [
                0.80142273983918,
                0.19857725901083706,
                5.5969533325436354e-11,
                7.94840160700391e-10,
                2.9917337968088894e-10
            ],
            [
                0.9988015017492867,
                0.0011984833456729694,
                2.2005791135596914e-09,
                5.411604868846381e-09,
                7.292856439621283e-09
            ],
            [
                4.125434039720419e-10,
                4.1243792593741454e-09,
                0.9999960605106856,
                5.944525731658213e-07,
                3.340499818659454e-06
            ],
            [
                0.0007342457642068071,
                8.598295131890216e-09,
                6.791597339890586e-08,
                0.3293626348511173,
                0.6699030428704074
            ],
            [
                0.3779020231103452,
                3.348347219520646e-08,
                1.2867805500206846e-09,
                0.20730061308325473,
                0.4147973290361473
            ]
        ],
        [
            [
                0.8013384895750608,
                0.19866150977275338,
                1.9752950383043303e-10,
                2.039196781181057e-10,
                2.507366723830589e-10
            ],
            [
                0.06506110375667627,
                0.8710313776788093,
                1.9797870962839833e-06,
                0.06376811697094499,
                0.0001374218064730616
            ],
            [
                2.058633738037685e-12,
                7.894662292812069e-13,
                0.9999999999811167,
                1.3495287469301687e-11,
                2.540053751395943e-12
            ],
            [
                0.39760951461926985,
                3.9130704633123094e-08,
                2.0736548070917255e-08,
                0.12304026896748037,
                0.47935015654599705
            ],
            [
                0.00040635543865535104,
                4.637265815676181e-09,
                4.005283628074404e-10,
                0.3758689408343715,
                0.623724698689179
            ]
        ],
        [
            [
                0.9999997368962197,
                2.6204306255421405e-07,
                6.611967072896695e-11,
                8.96024100783307e-11,
                9.049956238858624e-10
            ],
            [
                0.5461223124486304,
                0.4538776846144663,
                1.1227382282673278e-10,
                1.606901992953162e-09,
                1.217727434828463e-09
            ],
            [
                7.908668744539222e-12,
                2.275791512583436e-11,
                0.9999999981744934,
                1.7749531837991819e-09,
                1.9886701786156226e-11
            ],
            [
                0.1879825607132854,
                9.516768453673069e-08,
                7.729618345372571e-10,
                0.19990870132729582,
                0.6121086420187725
            ],
            [
                0.2020158182507542,
                1.8643678347397663e-07,
                8.172146707982317e-10,
                0.39675917949685313,
                0.40122481499839446
            ]
        ],
        [
            [
                0.9969880744438153,
                0.003011897154225852,
                3.920803397214694e-10,
                6.807402155275709e-09,
                2.120247632009168e-08
            ],
            [
                0.7565945479000021,
                0.24340476178070602,
                3.725792183761209e-09,
                6.737303325238543e-07,
                1.2863167181316989e-08
            ],
            [
                3.2780017869282625e-10,
                1.3090295824800997e-10,
                0.999999959093922,
                1.7226398850889613e-08,
                2.322097595291331e-08
            ],
            [
                2.0222229164542172e-10,
                5.466239700870594e-10,
                1.07894840059089e-09,
                0.3612880031270029,
                0.6387119950452025
            ],
            [
                0.19780260320180887,
                9.940095016502913e-10,
                3.0108097009773203e-09,
                2.161358080294941e-07,
                0.8021971766575638
            ]
        ],
        [
            [
                0.9986207263306662,
                0.0013792580577044807,
                4.2459625190237154e-10,
                9.662157261859836e-09,
                5.524875831206115e-09
            ],
            [
                2.6527058427979718e-05,
                0.6346343541414726,
                9.140428608514752e-06,
                0.27499734399612996,
                0.09033263437536093
            ],
            [
                1.9819499539917202e-10,
                1.286576751808555e-09,
                0.9999999928171519,
                4.520792568074436e-09,
                1.177283501619058e-09
            ],
            [
                3.268539853101624e-07,
                1.3015289472897828e-08,
                3.6848746413492704e-09,
                0.3986614993531226,
                0.601338157092728
            ],
            [
                0.17869393750537088,
                7.742040547763463e-08,
                1.6713966250798575e-09,
                0.00014196052907566517,
                0.8211640228737513
            ]
        ],
        [
            [
                0.9999990769826342,
                9.206157887420192e-07,
                3.583632259225201e-10,
                5.57638488897638e-10,
                1.4855752855645526e-09
            ],
            [
                0.2501472942557045,
                0.7379955697265114,
                7.294853405675917e-08,
                0.01081867093102351,
                0.0010383921382265992
            ],
            [
                1.1263531710400814e-11,
                1.5766843374881162e-11,
                0.9999999999307616,
                1.463294503641199e-11,
                2.7575071257221064e-11
            ],
            [
                0.1976313518698935,
                1.7671397743144728e-08,
                8.274363530211574e-09,
                0.18931438751670018,
                0.613054234667645
            ],
            [
                0.00023394175724051215,
                5.616973905490913e-09,
                3.711744975053353e-10,
                0.0022017031638543313,
                0.9975643490907568
            ]
        ],
        [
            [
                0.987981270687386,
                0.012018725659911734,
                6.002143934224265e-10,
                2.71289452428077e-09,
                3.395933659988843e-10
            ],
            [
                0.16789939860362998,
                0.6022036777309363,
                0.0015821907923891604,
                0.2267964457298781,
                0.0015182871431666147
            ],
            [
                2.7811897697084106e-09,
                2.1907473299994173e-09,
                1.403863243195064e-07,
                0.40194873431241834,
                0.5980511203293202
            ],
            [
                2.5755294126035775e-08,
                4.928094600986726e-09,
                1.4881609005002144e-09,
                0.4062793892809391,
                0.5937205785475113
            ],
            [
                0.38043438660148393,
                1.9986531403936882e-08,
                5.949990700254589e-09,
                0.20000875800853216,
                0.41955682945346184
            ]
        ],
        [
            [
                0.7999927065741584,
                0.20000727920489986,
                9.970027054398424e-11,
                1.058794919946086e-08,
                3.533292280150236e-09
            ],
            [
                0.1016337988276707,
                0.7978643879552896,
                9.628247853459777e-06,
                0.09990592035237175,
                0.0005862646168145805
            ],
            [
                8.637445080634815e-12,
                7.02836654660011e-11,
                0.999999981440139,
                2.3080557033657738e-10,
                1.8250134285545213e-08
            ],
            [
                2.4665091747064083e-07,
                2.3630336115375542e-09,
                5.330109787560391e-09,
                0.4999129985360797,
                0.5000867471198595
            ],
            [
                0.1642865814996716,
                9.34176339923418e-09,
                1.2609185340610022e-07,
                0.12135570902688829,
                0.7143575740398233
            ]
        ],
        [
            [
                0.800032662240889,
                0.19996733677162326,
                9.50162896650175e-12,
                4.818012532707102e-10,
                4.961848712173849e-10
            ],
            [
                0.132478688209542,
                0.4741657336586842,
                1.0946196205508124e-05,
                0.39295185136012795,
                0.00039278057544040384
            ],
            [
                1.0770376080724603e-08,
                2.1457756016694834e-07,
                0.9986611872800079,
                0.001338569787529514,
                1.7584526213933096e-08
            ],
            [
                0.004502233302865419,
                1.5219579054268456e-08,
                6.838189447996268e-09,
                0.052667188841219494,
                0.9428305557981466
            ],
            [
                0.0001420227429936186,
                1.2559489669676073e-07,
                1.1703609393533874e-07,
                0.8109689610953372,
                0.18888877353067848
            ]
        ],
        [
            [
                0.7239289289637431,
                0.27607101623705205,
                2.0698503506696775e-09,
                1.2236218769925152e-08,
                4.049313577628784e-08
            ],
            [
                1.2708131074115631e-05,
                0.15570137355757155,
                0.04824415464456406,
                0.7107088411190491,
                0.08533292254774118
            ],
            [
                2.2341347225471873e-09,
                3.192118547623527e-09,
                0.9970048794606474,
                0.002995104689104744,
                1.0423994534717124e-08
            ],
            [
                0.005862463425428345,
                1.063712189755029e-08,
                6.271035416671517e-10,
                0.47581250006325787,
                0.5183250252470883
            ],
            [
                0.17047813889483,
                1.1387682736575186e-08,
                2.5809961538132262e-08,
                0.43377171979727047,
                0.39575010411025524
            ]
        ],
        [
            [
                0.999996627239588,
                3.3717471917634833e-06,
                4.574367037486336e-11,
                1.5622241171208627e-10,
                8.112542325624149e-10
            ],
            [
                0.6735082152228555,
                0.32648669753786824,
                1.7008833980059836e-08,
                6.312698561122401e-07,
                4.4389605861022845e-06
            ],
            [
                2.3292038658033113e-08,
                5.611598598158916e-08,
                0.9985026649794746,
                0.0014918414084066872,
                5.414204094140224e-06
            ],
            [
                1.738973706082244e-10,
                1.300771091911941e-08,
                1.8047284854426425e-09,
                0.11324931465161764,
                0.8867506703620456
            ],
            [
                0.005862441081534506,
                1.0965621194142659e-09,
                8.200982050024994e-09,
                0.19895614265178058,
                0.7951814069691407
            ]
        ],
        [
            [
                0.9999840039238059,
                1.5995663501441145e-05,
                1.325758255427977e-11,
                2.6203704082114153e-10,
                1.3739801493010234e-10
            ],
            [
                0.5474824762872692,
                0.4525135058196565,
                2.268330053876501e-08,
                2.244944475691467e-06,
                1.750265298175421e-06
            ],
            [
                3.213447924082558e-08,
                4.544621615484807e-07,
                0.9982555082984444,
                1.3061259984277509e-05,
                0.001730943844930599
            ],
            [
                3.265723427393125e-08,
                2.3825375269333485e-09,
                1.3622611669350405e-08,
                0.5626981105713703,
                0.4373018407662463
            ],
            [
                1.719398026999431e-05,
                4.422243638427937e-09,
                1.8851497010905683e-09,
                0.21603305931140016,
                0.7839497404009366
            ]
        ],
        [
            [
                0.4160367763609531,
                0.583963207148828,
                5.99930432042309e-10,
                2.1594633552445337e-09,
                1.3730825141493751e-08
            ],
            [
                0.14618401689333757,
                0.7950559242897244,
                1.760667671280949e-07,
                0.05875924702821271,
                6.357219583235432e-07
            ],
            [
                6.133820983697082e-09,
                6.978210177581232e-08,
                0.9995926557707927,
                2.4289046650071925e-05,
                0.0003829792666345164
            ],
            [
                0.003598164103913235,
                5.35740951497798e-09,
                5.21324038137827e-09,
                0.19839620971071462,
                0.7980056156147223
            ],
            [
                0.0001105576002226749,
                5.209211787714895e-10,
                2.4559569557714597e-09,
                1.2359161300238098e-06,
                0.9998882035067692
            ]
        ],
        [
            [
                0.8119979040292724,
                0.18800209375227342,
                1.3546922706845883e-11,
                6.380937749389643e-10,
                1.5668133624182335e-09
            ],
            [
                0.6298838117212433,
                0.3701150923739122,
                3.5579750793506564e-08,
                9.809397713337362e-07,
                7.938532238110065e-08
            ],
            [
                1.521528956448869e-09,
                4.475362255716144e-08,
                0.9999889134877653,
                9.730322857057547e-06,
                1.309914226099072e-06
            ],
            [
                0.3456278921077023,
                2.4428051228141325e-08,
                8.376542744066858e-08,
                0.2238085538389089,
                0.43056344585991013
            ],
            [
                5.370477487651638e-10,
                1.3553098932394383e-09,
                8.151051473013326e-09,
                0.0010531048784000428,
                0.9989468850781908
            ]
        ],
        [
            [
                0.8027719328417982,
                0.19722806212287364,
                2.5855679531723403e-10,
                7.873885460474337e-11,
                4.698032456637588e-09
            ],
            [
                0.20080281827145743,
                0.7438207171422374,
                2.807933563980269e-07,
                0.05439573150096796,
                0.0009804522919808218
            ],
            [
                6.385728422473664e-11,
                1.3245297966418714e-10,
                0.9999999865870142,
                1.0765502399579948e-08,
                2.4511731889869133e-09
            ],
            [
                0.39043610686701047,
                5.796028824620096e-09,
                4.3605576474695035e-10,
                0.2013511895369809,
                0.408212697363924
            ],
            [
                0.006884031113697088,
                4.432848558469387e-08,
                8.158843651878675e-09,
                0.3229288127224478,
                0.670187103676526
            ]
        ],
        [
            [
                0.7997007621211571,
                0.20029923654614742,
                4.910837578729196e-10,
                6.54770433918089e-10,
                1.8684121055996892e-10
            ],
            [
                0.4004576340620491,
                0.5995423517777757,
                1.8307600379371093e-09,
                1.18164318418103e-08,
                5.129831826118315e-10
            ],
            [
                5.5496473080375054e-08,
                2.692042419332449e-08,
                0.6238088686412179,
                0.3761910268729871,
                2.2068897659936413e-08
            ],
            [
                0.13396734526983115,
                5.089773715670965e-08,
                1.034912162651102e-08,
                0.0022887358064258485,
                0.8637438576768842
            ],
            [
                0.1927685119119164,
                4.0505087517070765e-09,
                3.4210752242938597e-10,
                0.20148153490974488,
                0.6057499487857225
            ]
        ],
        [
            [
                0.9904286925016136,
                0.009571304156257326,
                1.5657206154695134e-10,
                8.730929470361562e-11,
                3.098247743239205e-09
            ],
            [
                0.399446768661723,
                0.17837304794980194,
                2.4651698233659e-08,
                0.0365195369174981,
                0.3856606218192785
            ],
            [
                2.4007575096678135e-10,
                3.6531552619610986e-09,
                0.9999974566932991,
                2.5376860721666353e-06,
                1.7273977739206602e-09
            ],
            [
                0.20390512374978634,
                1.5939506900285785e-07,
                3.0960060202324857e-09,
                0.25116287326657744,
                0.5449318404925612
            ],
            [
                1.0207774909785105e-09,
                1.601211843998198e-09,
                5.283477680603044e-10,
                0.399573951392035,
                0.6004260454576279
            ]
        ],
        [
            [
                0.999986608016537,
                1.3383710020622023e-05,
                1.341568952024115e-10,
                7.890791712555876e-10,
                7.350206238973557e-09
            ],
            [
                0.99980227624063,
                0.00019757245816089502,
                5.0031525328744435e-11,
                1.879161707700734e-08,
                1.3245956050793977e-07
            ],
            [
                4.239944612280335e-10,
                4.2314250549391853e-10,
                0.999999208733326,
                7.895642848463185e-07,
                8.552520676911082e-10
            ],
            [
                2.927671806499682e-07,
                1.6777076170894775e-09,
                7.841734339087699e-08,
                0.023840572318450465,
                0.9761590548193179
            ],
            [
                0.001717662921346129,
                1.6635266151889391e-07,
                1.0152996439013388e-07,
                0.00038536386450652935,
                0.9978967053315214
            ]
        ],
        [
            [
                0.9999999229784373,
                7.695331628342838e-08,
                1.2094683185171244e-11,
                3.4482809877546056e-11,
                2.1668902415047583e-11
            ],
            [
                0.5450704064544072,
                0.4549275510882459,
                1.0349645356547267e-08,
                3.132497128581144e-07,
                1.7188579888422136e-06
            ],
            [
                2.508999519443516e-07,
                1.1552662669124225e-05,
                0.5366345893386725,
                0.2652077739050693,
                0.1981458331936372
            ],
            [
                2.1658038022567086e-07,
                1.7622019259283062e-10,
                2.1174772835076338e-10,
                0.6044841582381818,
                0.3955156247934701
            ],
            [
                7.369858063375033e-08,
                4.464335911779229e-10,
                4.257441782697653e-10,
                0.40182941223813406,
                0.5981705131911076
            ]
        ],
        [
            [
                0.4176691703482795,
                0.5823308162123344,
                3.434494970541818e-10,
                1.1862807014538865e-08,
                1.2331295854984826e-09
            ],
            [
                0.24442987382332568,
                0.7550595147293284,
                3.73303128038022e-08,
                0.0005104802107585513,
                9.390627456751582e-08
            ],
            [
                2.8405556031739857e-09,
                3.713151330910846e-09,
                0.9999345718663873,
                2.4734050386612685e-05,
                4.06875295189706e-05
            ],
            [
                0.20101557115178045,
                1.3965001859231846e-09,
                3.1190295840389345e-08,
                0.21386563248675097,
                0.5851187637746726
            ],
            [
                0.1985542632270282,
                1.7833723787324182e-08,
                4.066052646639381e-09,
                0.19640754802325683,
                0.6050381668499385
            ]
        ],
        [
            [
                0.9998176466152349,
                0.0001823375058022202,
                7.560742559417298e-11,
                3.456402930841345e-11,
                1.5768791541948915e-08
            ],
            [
                0.42990958728522843,
                0.5700831764263449,
                2.5427523252401686e-09,
                7.108532874325751e-06,
                1.2521280002975003e-07
            ],
            [
                2.0047147302622728e-12,
                2.0994055015219443e-11,
                0.9999999998407998,
                7.25693070647063e-11,
                6.363210819223741e-11
            ],
            [
                1.0480020545923822e-07,
                3.5588530300374633e-10,
                1.4768416031751476e-09,
                0.2085093403586643,
                0.7914905530084033
            ],
            [
                8.097718729852543e-08,
                1.363951005886788e-09,
                1.4532520878801929e-09,
                0.10014198182369412,
                0.8998579343819155
            ]
        ],
        [
            [
                0.9124351774893354,
                0.0875648105870796,
                4.909309823733219e-10,
                9.88571491834695e-09,
                1.5469391828509058e-09
            ],
            [
                0.00010516827305795817,
                0.054415493560592255,
                0.0056192273850239165,
                0.9294367433463152,
                0.01042336743501064
            ],
            [
                9.409567689270851e-09,
                5.0842516957358015e-09,
                0.9999925884966221,
                7.292559745552097e-06,
                1.0444981297639622e-07
            ],
            [
                0.024243119656746897,
                2.8412836525407864e-09,
                1.3032598599794317e-07,
                0.3865438957249786,
                0.5892128514510049
            ],
            [
                2.717937378741344e-09,
                3.663968915671964e-10,
                1.7876071304169434e-11,
                0.00047145846928247617,
                0.9995285384285072
            ]
        ],
        [
            [
                0.9988617737957456,
                0.0011382183820764324,
                2.07831728270971e-10,
                5.982881189635241e-09,
                1.6314650959712196e-09
            ],
            [
                0.44463358152083343,
                0.554940686892972,
                3.414956057252538e-07,
                0.0004238817256735913,
                1.5083649153807203e-06
            ],
            [
                3.4727921815024686e-13,
                2.6300487517319742e-12,
                0.9999999999891933,
                1.7397324601765835e-12,
                6.089630742226962e-12
            ],
            [
                1.9235808247231372e-05,
                7.002867072910841e-10,
                1.8206524764852477e-08,
                0.20127258578327537,
                0.798708159501666
            ],
            [
                0.0004942528678227417,
                8.267785549974487e-09,
                1.2425768373853454e-09,
                0.2642498561453652,
                0.7352558814764496
            ]
        ],
        [
            [
                0.9999956855962373,
                4.313759049427315e-06,
                8.528992692170728e-12,
                4.823743199339069e-10,
                1.5381004372180552e-10
            ],
            [
                0.636135361681705,
                0.3638632063946288,
                1.87120998042249e-08,
                1.3907519191815379e-06,
                2.245964704494309e-08
            ],
            [
                3.4852103618061283e-09,
                3.338270981613386e-08,
                0.9999978188911113,
                1.951087609760349e-06,
                1.9315335877290455e-07
            ],
            [
                0.14242046290057392,
                1.539238568918249e-08,
                1.349380575512457e-07,
                0.053352916481755615,
                0.8042264702872273
            ],
            [
                0.01681397410997391,
                1.1344295166118017e-10,
                3.7078094277118315e-09,
                0.20095805496752275,
                0.7822279671012509
            ]
        ],
        [
            [
                0.9999995170075863,
                4.826945706378339e-07,
                2.1695079122757842e-11,
                7.290060305027414e-11,
                2.0324741193120714e-10
            ],
            [
                0.46416351939812833,
                0.5356943044383617,
                3.458368540646056e-09,
                0.00014200598659216032,
                1.6671854924010494e-07
            ],
            [
                5.308325523633457e-09,
                9.204234509638542e-08,
                0.998410924231216,
                0.0005003710628766201,
                0.0010886073552368186
            ],
            [
                0.21456459717388432,
                4.069120246603089e-07,
                3.267619657622201e-08,
                0.21033556100673015,
                0.5750994022311643
            ],
            [
                0.19719381356330654,
                3.104800377661547e-08,
                2.9791587801796276e-08,
                0.019155402916884157,
                0.7836507226802177
            ]
        ],
        [
            [
                0.9989559302435173,
                0.0010440680045551566,
                4.942046945135272e-10,
                8.968190040989426e-10,
                3.609040060460794e-10
            ],
            [
                0.0009305156659507503,
                0.7987379576458402,
                2.4545096064781062e-05,
                0.20018760410987696,
                0.00011937748226725608
            ],
            [
                2.638640375413168e-08,
                1.6358092691807176e-07,
                0.9967046372605269,
                0.0029983994343645163,
                0.000296773337778026
            ],
            [
                0.00012496650090328053,
                7.294128451439879e-09,
                3.0122591154592167e-09,
                0.19252408127267742,
                0.8073509419200318
            ],
            [
                5.381499470915771e-06,
                4.654105470197989e-10,
                8.157741231995026e-09,
                0.19569950281107024,
                0.8042951070663071
            ]
        ],
        [
            [
                0.6007171896574847,
                0.3992828023633595,
                9.389278051376857e-10,
                1.3734317460874306e-09,
                5.666796151173861e-09
            ],
            [
                0.2688772061568032,
                0.7211643736469089,
                1.4055437068834678e-08,
                0.009958078450316895,
                3.2769053397176323e-07
            ],
            [
                9.995737921139355e-08,
                1.021807490942859e-06,
                0.9514898490266744,
                0.04850762665947372,
                1.402548981730259e-06
            ],
            [
                0.04960053089826776,
                1.9795946571842458e-08,
                5.204498660755628e-07,
                0.14249771939103678,
                0.8079012094648828
            ],
            [
                4.603785160253359e-05,
                2.016509621595663e-08,
                7.927174813797336e-10,
                0.06745688983946473,
                0.932497051351119
            ]
        ],
        [
            [
                0.9999308951757664,
                6.910430904815932e-05,
                6.077576469578265e-12,
                2.2417989582663717e-10,
                2.849279873153074e-10
            ],
            [
                0.16345942456748147,
                0.4370967436198852,
                6.228545549711802e-06,
                0.39737285923328486,
                0.0020647440337987874
            ],
            [
                2.6279274352586818e-11,
                7.060670559135513e-12,
                0.9999999984844141,
                3.416569158374598e-10,
                1.1405889541034544e-09
            ],
            [
                0.004596946173308562,
                1.4297815087154772e-08,
                4.402422176426479e-09,
                0.9916800197029033,
                0.0037230154235508737
            ],
            [
                0.20011662303071406,
                1.3261046789199897e-09,
                1.9959922700705104e-09,
                0.1314930787866278,
                0.6683902948605612
            ]
        ],
        [
            [
                0.6000065300051155,
                0.3999934690748516,
                7.625590408414614e-11,
                1.3148699451957589e-10,
                7.122899544493301e-10
            ],
            [
                0.48815449984051235,
                0.511776497312603,
                5.1229833187230306e-08,
                6.848057414541882e-05,
                4.710429061946014e-07
            ],
            [
                3.727397799138451e-09,
                1.0379048431314545e-07,
                0.9999298480869363,
                1.7637646168735544e-05,
                5.2406749012941296e-05
            ],
            [
                4.899747505828064e-06,
                5.688775919070663e-09,
                2.3882036225594024e-09,
                0.23375625937871136,
                0.7662388327968033
            ],
            [
                0.10063540634366952,
                7.182136100800784e-09,
                4.342448465580428e-09,
                0.19999686030765337,
                0.6993677218240926
            ]
        ],
        [
            [
                0.8000348005231936,
                0.19996519545037644,
                6.4389860805594716e-12,
                2.733716593043097e-09,
                1.2862743751313357e-09
            ],
            [
                0.19807207511955566,
                0.27283608928464503,
                0.00015157931930003706,
                0.5022065660907656,
                0.02673369018573361
            ],
            [
                5.10279308123991e-12,
                7.763062630888473e-12,
                0.9999999999644005,
                7.355023040212916e-12,
                1.537854594839736e-11
            ],
            [
                0.16228216919074476,
                4.598339130498424e-07,
                2.8569386710590127e-08,
                0.08663886057555216,
                0.7510784818304034
            ],
            [
                0.18798040689729603,
                2.5092433973558245e-08,
                4.1893703454720035e-09,
                0.012023496417477814,
                0.7999960674034219
            ]
        ],
        [
            [
                0.9809258027688124,
                0.01907419289284815,
                2.689204254456099e-10,
                3.728392083807031e-09,
                3.4102685100709197e-10
            ],
            [
                0.19989271814540777,
                0.8000138252729542,
                1.6252781627366576e-09,
                7.288285922525167e-06,
                8.616667043730001e-05
            ],
            [
                1.0943116730182392e-11,
                2.8642107556350037e-11,
                0.9999999992065969,
                5.738698905606205e-10,
                1.7994803327316694e-10
            ],
            [
                2.463518030148352e-05,
                2.814980395336502e-08,
                2.1838973988955325e-08,
                0.2641450951144836,
                0.735830219716437
            ],
            [
                1.6078749382842686e-05,
                3.876955077653116e-09,
                2.1818723959470065e-08,
                0.3911820144459549,
                0.6088018811089831
            ]
        ],
        [
            [
                0.9999996958193307,
                3.041311631363833e-07,
                5.392314155404161e-12,
                1.6972412140128057e-11,
                2.7141542004644536e-11
            ],
            [
                0.5928268133183041,
                0.4071731475320747,
                4.0382595418437796e-10,
                3.466975078301482e-08,
                4.076044424897119e-09
            ],
            [
                2.0532307800169443e-11,
                3.013467869384411e-11,
                0.9999999997297024,
                8.803510432381605e-11,
                1.3159540004610193e-10
            ],
            [
                0.0003853471702674717,
                2.5443451201265833e-10,
                3.922879463291617e-09,
                0.597467868104313,
                0.4021467805481056
            ],
            [
                1.4970583183790568e-05,
                1.524741606888115e-11,
                9.19849855966711e-10,
                0.1999957013803008,
                0.7999893271014181
            ]
        ],
        [
            [
                0.6755169388664392,
                0.32448306000223653,
                3.091147883402642e-10,
                2.6041871337840242e-11,
                7.961677481801764e-10
            ],
            [
                0.5435597917496207,
                0.3259033029646191,
                1.539792000170465e-07,
                0.12842886062044537,
                0.0021078906861148037
            ],
            [
                1.3768703284078134e-11,
                9.504460971464545e-12,
                0.9999999831903315,
                2.06371667554452e-09,
                1.4722678686107974e-08
            ],
            [
                0.002813469232652198,
                8.623765820383983e-11,
                1.181467166496353e-09,
                0.04453986113944709,
                0.9526466683601958
            ],
            [
                2.5993266891636484e-06,
                9.318579662582687e-09,
                7.820157463315622e-10,
                0.3954692278213567,
                0.6045281627513588
            ]
        ],
        [
            [
                0.7989367582417071,
                0.2010632410184201,
                2.927049032452012e-10,
                5.7136019905092915e-11,
                3.900318999383778e-10
            ],
            [
                0.39778804349134844,
                0.3892250588637933,
                8.640966061480626e-06,
                0.2023499924902765,
                0.010628264188520248
            ],
            [
                1.4353677569833655e-07,
                1.5566415837223768e-07,
                0.8941366481642847,
                0.10586154725521887,
                1.5053795622421864e-06
            ],
            [
                5.508403313051473e-06,
                3.574798923465593e-09,
                5.859009485089185e-09,
                0.3553873869563452,
                0.6446070952065334
            ],
            [
                0.19914441337905106,
                8.088367561807265e-07,
                5.322825766510436e-08,
                0.4182963787933889,
                0.38255834576254616
            ]
        ],
        [
            [
                0.8799265917313667,
                0.12000883200571424,
                2.1754498483965546e-09,
                1.977023615661701e-09,
                6.457211044561862e-05
            ],
            [
                0.1999293245374781,
                0.5830453277033251,
                5.460292806760509e-07,
                0.20628427922474285,
                0.010740522505173378
            ],
            [
                3.171439629248168e-10,
                1.0330415983559418e-09,
                0.9999996502942613,
                1.819999916166263e-07,
                1.6635556148526195e-07
            ],
            [
                4.1047351485516027e-07,
                1.3058309057428262e-09,
                3.2269764578898574e-08,
                0.22449159096577614,
                0.7755079649851134
            ],
            [
                0.0005742092580270186,
                4.604697297312269e-11,
                5.252860886121092e-09,
                0.019015143203606574,
                0.9804106422394586
            ]
        ],
        [
            [
                0.8093431088673988,
                0.19065689009291437,
                1.4574176834923028e-11,
                8.355334357746746e-10,
                1.895791678193863e-10
            ],
            [
                0.00013739629212079657,
                0.8177821732665502,
                5.14622876076396e-07,
                0.1808288283110922,
                0.0012510875073606634
            ],
            [
                6.406547042979778e-12,
                4.903204375204019e-12,
                0.9999999999834794,
                3.642742024504077e-12,
                1.5681292604611818e-12
            ],
            [
                0.18320450253710513,
                1.047672129266592e-07,
                1.6968908858539044e-09,
                0.07541818909103112,
                0.74137720190776
            ],
            [
                0.1123614894334607,
