{
    "[['A', 'B', 'C', 'D', 'E'], ['A', 'B', 'C', 'D', 'E']]": [
        [
            [
                0.60173702528129,
                0.39826296042354253,
                1.0875301473479506e-08,
                1.34415741846506e-09,
                2.0757083492633365e-09
            ],
            [
                2.5155944895718197e-05,
                0.8706248448707644,
                0.11977753454215019,
                0.00957020285568938,
                2.2617865001676933e-06
            ],
            [
                1.4440726304400763e-09,
                2.6037559388120613e-07,
                0.9999995659548192,
                1.701942916397375e-07,
                2.0312226369335266e-09
            ],
            [
                5.039140162075805e-09,
                8.741730863754868e-10,
                2.7132602994796673e-11,
                0.00018231183949755475,
                0.9998176822200566
            ],
            [
                5.514573754848937e-10,
                8.274241818090899e-12,
                2.1089266109384524e-11,
                8.392705070246893e-05,
                0.9999160723684767
            ]
        ],
        [
            [
                0.9941340395598501,
                0.005865956495189608,
                9.526480220599065e-10,
                7.492323065293735e-10,
                2.2430800458823053e-09
            ],
            [
                0.00055661996940448,
                0.4964806116228867,
                0.3333994597777011,
                0.16945281939080745,
                0.00011048923920033606
            ],
            [
                1.6762209189091634e-08,
                1.1776275572027595e-08,
                3.0825447881589235e-09,
                0.6403203135473726,
                0.3596796548315978
            ],
            [
                6.725058314187582e-11,
                5.696808101363402e-09,
                9.052430735490784e-10,
                0.0018340520327527017,
                0.9981659412979454
            ],
            [
                1.286885301782057e-08,
                7.83559484868219e-09,
                6.618193701317039e-10,
                0.09220242969657384,
                0.9077975489371589
            ]
        ],
        [
            [
                0.7264546572709442,
                0.27354531966166007,
                2.114976691660415e-08,
                6.513785415411629e-10,
                1.2662503325413671e-09
            ],
            [
                0.30909462189415127,
                0.6908980208676249,
                6.579187186117473e-06,
                3.008031799685494e-07,
                4.772478578152323e-07
            ],
            [
                9.63171438453332e-09,
                2.511285066618334e-07,
                0.9999467406085062,
                5.286520837710945e-05,
                1.3342289559306863e-07
            ],
            [
                2.7310673242839617e-10,
                3.75595982665257e-09,
                2.0224420963180824e-10,
                0.1793074845515371,
                0.8206925112171521
            ],
            [
                2.9102960588843104e-10,
                9.355269093718616e-10,
                2.3912290530458886e-09,
                0.0021974196030255314,
                0.9978025767791889
            ]
        ],
        [
            [
                0.9999983620454821,
                1.6361422250913873e-06,
                6.21454976467654e-10,
                1.0042024956563173e-09,
                1.866352585280432e-10
            ],
            [
                0.0003184685329102766,
                0.6165661896165178,
                0.36084995179701235,
                0.022230996958134595,
                3.4393095425138055e-05
            ],
            [
                2.406932625487299e-07,
                5.16265182233885e-05,
                0.3529639330747538,
                0.42807328270274136,
                0.21891091701101895
            ],
            [
                1.5011844400478392e-05,
                2.276905607767959e-09,
                3.9207819697981355e-10,
                1.3838726545063443e-07,
                0.9999848470993502
            ],
            [
                5.876586020893182e-10,
                1.07530465357922e-10,
                1.91033118043761e-09,
                0.0013704246762840505,
                0.9986295727181956
            ]
        ],
        [
            [
                0.8001580622459085,
                0.19984193667733435,
                4.743264469123225e-10,
                3.8418321218395864e-10,
                2.1824750396023803e-10
            ],
            [
                0.01579257700995136,
                0.9802400860388122,
                0.003615313855059524,
                0.0003443636565589298,
                7.65943961801234e-06
            ],
            [
                4.5695465836378554e-07,
                2.0962329740920673e-06,
                0.905376981311048,
                0.08283380354268081,
                0.01178666195863885
            ],
            [
                1.23800157019074e-10,
                1.706243817672759e-10,
                3.1569676219058307e-10,
                0.0004567145511363327,
                0.9995432848387423
            ],
            [
                5.230185412405985e-07,
                2.398954486712902e-08,
                1.4873782893062334e-09,
                0.1244921981326369,
                0.8755072533718987
            ]
        ],
        [
            [
                0.9999769587829372,
                2.3041061227413085e-05,
                7.709988758495571e-11,
                2.5967272852326888e-11,
                5.2768244270266935e-11
            ],
            [
                5.8581389116695944e-05,
                0.2041638096881942,
                0.25551736673819236,
                0.5400605154952421,
                0.00019972668925464363
            ],
            [
                4.2121168358686685e-11,
                7.597220252154637e-11,
                0.99999999973391,
                1.347202482278769e-10,
                1.3276583645346161e-11
            ],
            [
                9.041042320462899e-10,
                4.327921814295855e-10,
                2.017938770370401e-10,
                0.2008175955702865,
                0.7991824028910232
            ],
            [
                0.01906990712836227,
                1.6003865188563114e-09,
                7.823500166916277e-09,
                0.0025612324187560117,
                0.978368851028995
            ]
        ],
        [
            [
                0.9999394320361376,
                6.056115472542727e-05,
                2.045036295723987e-09,
                3.9426845274897335e-09,
                8.214161653823773e-10
            ],
            [
                2.4815111292072097e-05,
                0.27880099815877823,
                0.021628930204403016,
                0.699356745189419,
                0.00018851133610759793
            ],
            [
                1.4093960570628411e-11,
                4.826957643347005e-11,
                0.9999999998270757,
                4.556256861645937e-11,
                6.499822141174668e-11
            ],
            [
                8.083134242185333e-10,
                4.742944921345788e-10,
                1.828061313023604e-09,
                0.0005347192259500236,
                0.9994652776633808
            ],
            [
                4.3365558209807413e-10,
                2.3980831372112414e-10,
                7.597358040624615e-09,
                0.000672033302472661,
                0.9993279584267054
            ]
        ],
        [
            [
                0.899988327040928,
                0.10001166213284424,
                1.3720040667056793e-09,
                8.885520635504984e-09,
                5.687031668267784e-10
            ],
            [
                0.0001054150394923452,
                0.3962006751415731,
                0.5764864387917675,
                0.02696634149076059,
                0.00024112953640644964
            ],
            [
                1.321475163511486e-06,
                0.0021211720272902098,
                0.9668691793093587,
                0.030999527422213263,
                8.799765974410378e-06
            ],
            [
                5.920632026958814e-07,
                7.058209648101121e-10,
                8.764985519932741e-09,
                0.019891736782659153,
                0.9801076616833316
            ],
            [
                0.00023398268384489503,
                2.1593352205088264e-09,
                1.6506389074903807e-09,
                0.07551080751935829,
                0.9242552059868228
            ]
        ],
        [
            [
                0.9999927957745709,
                7.203865076881355e-06,
                1.3951753405578843e-10,
                1.1862191218030388e-10,
                1.022128267628104e-10
            ],
            [
                0.0027890710487686707,
                0.9957836097956673,
                0.0013994466844284542,
                2.7317733157615563e-05,
                5.547379779922738e-07
            ],
            [
                1.3540429073122612e-09,
                1.310052679817582e-08,
                0.9999908811008578,
                9.081743979855609e-06,
                2.2700592657005167e-08
            ],
            [
                8.836533081383774e-10,
                7.405622098817374e-11,
                1.75457056795359e-10,
                0.0006350192882895931,
                0.9993649795785439
            ],
            [
                6.736598706962537e-05,
                2.619206603559212e-09,
                9.723416475190238e-10,
                2.996622685688292e-05,
                0.9999026641945252
            ]
        ],
        [
            [
                0.7261234400605444,
                0.2738765581130461,
                1.1294848804608671e-09,
                2.987221077909635e-10,
                3.982025208692805e-10
            ],
            [
                0.00016812002994632887,
                0.5927134309439245,
                0.40589673721556174,
                0.001165173880986651,
                5.6537929580824735e-05
            ],
            [
                2.52393845475998e-12,
                7.073616724713665e-12,
                0.9999999999753166,
                1.1684471991686022e-11,
                3.4013528666141983e-12
            ],
            [
                5.683508538488399e-08,
                1.403431801688034e-09,
                5.003931958207671e-10,
                2.2908972569552134e-05,
                0.9999770322885201
            ],
            [
                1.163966506195784e-09,
                9.975791227103172e-10,
                1.1334610050359796e-09,
                0.2004003741035767,
                0.7995996226014167
            ]
        ],
        [
            [
                0.812010064449629,
                0.18798993025012115,
                1.2438285703564645e-10,
                2.8895001314939006e-09,
                2.286366786957615e-09
            ],
            [
                0.0037650145330570695,
                0.9958290914557727,
                0.0003917043073495264,
                1.3912548448426356e-05,
                2.77155372181491e-07
            ],
            [
                4.835333900502735e-09,
                1.224991749779459e-07,
                0.9999995254058313,
                3.3847152001603285e-07,
                8.788139831487605e-09
            ],
            [
                3.220413133337887e-09,
                7.658202272117169e-10,
                1.1292573634507964e-09,
                0.033207174192422285,
                0.9667928206920869
            ],
            [
                1.0156140487017595e-07,
                5.421637484923883e-09,
                3.110192386772087e-09,
                0.0997586242620618,
                0.9002412656447034
            ]
        ],
        [
            [
                0.9917282768651764,
                0.008271718647319603,
                3.965708399040659e-09,
                7.136024141757922e-11,
                4.5043533013866057e-10
            ],
            [
                0.00015340231801231046,
                0.5490564053897481,
                0.028242106930882045,
                0.4225367150681524,
                1.1370293205231473e-05
            ],
            [
                3.610580759224869e-07,
                7.146168608539165e-07,
                0.00018145834851307128,
                0.8527872370989127,
                0.1470302288776375
            ],
            [
                1.0422777540234166e-10,
                1.5691197985062675e-09,
                1.1699569413067931e-09,
                0.3264611234673792,
                0.6735388736893163
            ],
            [
                4.1482663201975474e-05,
                3.6555274325604156e-09,
                4.713461107262561e-10,
                4.169149076813042e-05,
                0.9999168217191563
            ]
        ],
        [
            [
                0.9635137983334775,
                0.036486184887671,
                1.2431303199428563e-09,
                1.1036923609166868e-09,
                1.4432028868515904e-08
            ],
            [
                0.5875302429621265,
                0.4124696000935553,
                1.5741022405444012e-08,
                6.788309432962792e-08,
                7.332020140314307e-08
            ],
            [
                5.65820885998708e-07,
                0.0003322285200604628,
                0.9993504333516929,
                0.00031612915980246744,
                6.43147558042367e-07
            ],
            [
                3.2176087495889967e-10,
                5.876547247107457e-10,
                2.7059623052959134e-09,
                0.162837122611654,
                0.8371628737729682
            ],
            [
                2.21990527189778e-09,
                2.0916391474939324e-09,
                1.984749358820144e-09,
                0.005901540565191865,
                0.9940984531385144
            ]
        ],
        [
            [
                0.9801653364478489,
                0.019834657977644516,
                2.4656107872613172e-09,
                2.6251045525058706e-09,
                4.837913366328218e-10
            ],
            [
                1.3394143671831755e-05,
                0.38975055675166104,
                0.507255657341824,
                0.10295296851174253,
                2.7423251100698622e-05
            ],
            [
                7.652757489373902e-10,
                3.697579465481907e-09,
                0.9999999489845022,
                4.251304833205437e-08,
                4.039594244534765e-09
            ],
            [
                7.667396792128133e-11,
                1.5420734574240325e-10,
                9.595827950486486e-11,
                3.1900805415316874e-05,
                0.9999680988677451
            ],
            [
                1.4436965113269456e-07,
                5.19077222890266e-10,
                5.192766093969226e-10,
                4.178633938550325e-05,
                0.9999580682526096
            ]
        ],
        [
            [
                0.8999523998727146,
                0.10004759327146533,
                4.729887981984384e-10,
                2.4498423569266386e-09,
                3.932989039251203e-09
            ],
            [
                0.0008096154251754189,
                0.9991878932668855,
                9.367004105831186e-07,
                1.451415329529792e-06,
                1.0319219892689886e-07
            ],
            [
                1.4743510395387036e-11,
                1.3504940972905658e-11,
                0.9999999999335729,
                2.8480920500885593e-11,
                9.697531643242937e-12
            ],
            [
                4.0140227209218095e-10,
                6.172977772825963e-11,
                2.2994721455591423e-09,
                0.21251145874688282,
                0.787488538490513
            ],
            [
                2.475090094578138e-08,
                1.5202719339441668e-09,
                3.659525236983579e-11,
                0.011701813538648739,
                0.9882981601535831
            ]
        ],
        [
            [
                0.9999328963681184,
                6.710309803463935e-05,
                3.6673309407369804e-10,
                4.008617686528238e-11,
                1.2702758065134768e-10
            ],
            [
                0.02864197221622522,
                0.9710547389423354,
                0.00024549206414726827,
                5.775565152304136e-05,
                4.1125769056705874e-08
            ],
            [
                2.671484385026753e-07,
                1.3838857569881347e-06,
                0.9999579040942083,
                3.8532777296784836e-05,
                1.912094299443317e-06
            ],
            [
                1.7359358416294984e-09,
                8.233068130151733e-09,
                2.7508111489180865e-10,
                0.19684587074513246,
                0.8031541190107825
            ],
            [
                9.632668002217805e-09,
                2.8200388192867683e-10,
                3.4750304181128143e-09,
                0.01923613308486939,
                0.9807638535254283
            ]
        ],
        [
            [
                0.9809299937822279,
                0.01907000354397316,
                2.916774196935375e-10,
                2.246811755925172e-09,
                1.3530980858541173e-10
            ],
            [
                0.2091536613567669,
                0.790845665292475,
                5.333107829233495e-07,
                8.771135676467176e-08,
                5.2328618301537e-08
            ],
            [
                1.652807442237908e-10,
                1.8305537278480268e-10,
                0.9999999986035784,
                9.95019054028226e-10,
                5.3066675106558864e-11
            ],
            [
                4.080048120886344e-10,
                5.3654193358959267e-11,
                1.6408445114415658e-09,
                0.26393361543336524,
                0.7360663824641314
            ],
            [
                9.066316381870897e-09,
                4.586254584520212e-09,
                2.670235705614231e-09,
                0.2291254391135921,
                0.7708745445636013
            ]
        ],
        [
            [
                0.6662591117847207,
                0.3337408643752435,
                7.74974547693227e-10,
                1.8797912830339184e-08,
                4.267148283282961e-09
            ],
            [
                2.047221812628125e-05,
                0.03292332118478647,
                0.6207952954401668,
                0.34609956891104815,
                0.00016134224587232302
            ],
            [
                2.9944951788630316e-11,
                8.109808669020826e-11,
                0.9999999966534803,
                8.068918949873011e-10,
                2.428584818836835e-09
            ],
            [
                0.005862314665902981,
                1.1277312141309125e-09,
                5.999154883331248e-11,
                7.679373012971096e-05,
                0.9940608904162446
            ],
            [
                5.098393690694782e-10,
                3.259221742166592e-11,
                1.1205425715904853e-10,
                0.14621724577462036,
                0.8537827535708937
            ]
        ],
        [
            [
                0.9703714522401367,
                0.02962854502022225,
                5.90657182182944e-11,
                8.518753885411297e-10,
                1.828700048887427e-09
            ],
            [
                0.11246294307016287,
                0.8704100497740902,
                0.01503454365201945,
                0.00206750220959451,
                2.4961294133108393e-05
            ],
            [
                2.750282459887605e-12,
                5.999939109979653e-12,
                0.9999999999586524,
                2.4639292041391488e-11,
                7.958085340222403e-12
            ],
            [
                7.625513093163929e-10,
                5.7584444200514e-10,
                3.269614617932584e-09,
                0.0022775437685499797,
                0.9977224516234396
            ],
            [
                2.55184237424773e-10,
                3.2622956788834617e-09,
                8.291752697281042e-10,
                0.12004859672953094,
                0.8799513989238139
            ]
        ],
        [
            [
                0.7081235710374835,
                0.2918764152752464,
                2.1380274454099954e-09,
                5.134398623856821e-10,
                1.1035802817307901e-08
            ],
            [
                1.2263085740784863e-06,
                0.0003527950614110303,
                0.23347280375942533,
                0.7661550991855555,
                1.8075685034034335e-05
            ],
            [
                4.4027077903939975e-12,
                1.560294313684756e-11,
                0.9999999999605025,
                1.3136515338451273e-11,
                6.3553534744289004e-12
            ],
            [
                5.1431182393777e-10,
                2.134285627020456e-11,
                2.4289404969730026e-10,
                0.004738395221677254,
                0.995261603999774
            ],
            [
                5.672817819093751e-09,
                4.460865724573442e-10,
                2.2715294218964306e-10,
                0.015225556617660212,
                0.9847744370362825
            ]
        ],
        [
            [
                0.9989550559646659,
                0.0010449434120772879,
                4.911959637640943e-10,
                1.0294131997696831e-10,
                2.9119462221664925e-11
            ],
            [
                0.015559014850260813,
                0.9844379603018941,
                1.7745037474744859e-06,
                1.211986791477772e-06,
                3.835730612515834e-08
            ],
            [
                7.631754789804823e-08,
                2.7124337407330923e-06,
                0.9993535360055136,
                0.00033640861307880865,
                0.00030726663011884154
            ],
            [
                1.919176478573362e-09,
                3.9538709777796103e-10,
                6.515793216593772e-11,
                0.06416930087406718,
                0.9358306967462113
            ],
            [
                3.2826782636568305e-08,
                1.1118715431967158e-09,
                2.5913486275350445e-10,
                0.1776162290772111,
                0.8223837367249998
            ]
        ],
        [
            [
                0.9997902104958047,
                0.00020978721947585436,
                3.7114778350529783e-10,
                1.40245431175462e-09,
                5.111173412410986e-10
            ],
            [
                4.612674893686345e-06,
                0.3980964478971401,
                0.6002200947106311,
                0.0016705865101846172,
                8.258207150718308e-06
            ],
            [
                5.6101639988938696e-12,
                8.787719662213423e-12,
                0.9999999999309483,
                4.5604431454738304e-11,
                9.049507422718834e-12
            ],
            [
                7.182943165936722e-10,
                1.1487256869679566e-10,
                6.163341175059666e-10,
                0.19681902657168976,
                0.8031809719788092
            ],
            [
                5.9399138620876635e-12,
                8.700640633121725e-12,
                1.822236735696924e-11,
                2.1354321022782403e-07,
                0.9999997864239268
            ]
        ],
        [
            [
                0.9999875236087913,
                1.2475909453818854e-05,
                2.6631497433065927e-10,
                2.0473055354462594e-11,
                1.9496683274720277e-10
            ],
            [
                1.5647470945071707e-06,
                0.003184112193414821,
                0.00012752091511742403,
                0.9959734379362478,
                0.0007133642081254786
            ],
            [
                2.3340014881900877e-11,
                3.040325303673486e-11,
                0.9999999997300335,
                2.038406675029795e-10,
                1.238251571314487e-11
            ],
            [
                2.690893924525475e-10,
                3.1071262954750618e-09,
                1.4047751447976635e-09,
                0.20351689482768812,
                0.796483100391321
            ],
            [
                1.1765274060294583e-09,
                7.561426773924763e-10,
                3.5603276140739536e-11,
                0.019177697091528976,
                0.9808223009401976
            ]
        ],
        [
            [
                0.8537809584074335,
                0.14621903923260018,
                5.794263241849344e-10,
                1.7715740385044996e-09,
                8.965804950301461e-12
            ],
            [
                2.209031250495871e-05,
                0.0005326635895302138,
                0.0649535129154306,
                0.9343720596697358,
                0.00011967351279843913
            ],
            [
                1.109206165543788e-06,
                0.00014317661852218303,
                0.03503349360703044,
                0.6506160276381058,
                0.314206192930176
            ],
            [
                1.7145172579332357e-07,
                3.747791445854373e-09,
                4.4847596395013585e-10,
                0.3256760134715917,
                0.6743238108804152
            ],
            [
                1.3537906786161887e-09,
                3.1222106291797187e-09,
                4.2895960257278546e-10,
                0.14217149215626168,
                0.8578285029387774
            ]
        ],
        [
            [
                0.6186610246475438,
                0.3813389714940857,
                2.908574446091674e-09,
                6.432982068266026e-10,
                3.064979823196739e-10
            ],
            [
                2.1376456536341693e-05,
                0.20100022546572255,
                0.14419377150448145,
                0.6547646810359351,
                1.9945537324558535e-05
            ],
            [
                0.030787799604398577,
                0.9069822481120048,
                0.06221815436960772,
                1.1146811655599467e-05,
                6.511023333883372e-07
            ],
            [
                4.021700412408346e-10,
                8.818987027030033e-11,
                1.3307789549200555e-11,
                5.09278420946473e-05,
                0.9999490716542377
            ],
            [
                3.3741707103297177e-09,
                1.7077922446548522e-09,
                8.308947481259896e-10,
                0.0006718172639668155,
                0.9993281768231754
            ]
        ],
        [
            [
                0.7996522008642997,
                0.20034779446379075,
                7.114506243018076e-10,
                1.1269350903368227e-09,
                2.8335238702242094e-09
            ],
            [
                3.700663946724954e-05,
                0.5423147880694174,
                0.3610647820549488,
                0.09657504110988578,
                8.382126280835585e-06
            ],
            [
                1.2028748119477892e-11,
                1.0400006224157832e-11,
                0.9999999999528386,
                1.2706712902530927e-11,
                1.2025999322180506e-11
            ],
            [
                9.90116092928393e-09,
                6.936403401913813e-09,
                1.4130204023597414e-09,
                0.3439469283907537,
                0.6560530533586616
            ],
            [
                6.458575048676277e-05,
                3.736339246223187e-09,
                5.57347395101737e-10,
                0.05282000830264139,
                0.9471154016531852
            ]
        ],
        [
            [
                0.9984092092342876,
                0.0015907897109464796,
                8.239159053425499e-10,
                7.440449723126647e-11,
                1.5644567708622597e-10
            ],
            [
                3.6999404074666965e-05,
                0.8967992659058608,
                0.10165286060846984,
                0.00150814560975012,
                2.7284718446623664e-06
            ],
            [
                1.0619445373728525e-06,
                3.555331804965827e-05,
                0.8741252372955188,
                0.1211889141372638,
                0.0046492333046304095
            ],
            [
                1.3582163199180752e-09,
                1.542971904276537e-09,
                9.85066442877692e-11,
                0.32585893302004526,
                0.6741410639802599
            ],
            [
                6.338241806741359e-10,
                7.24683943871832e-10,
                1.177787202453167e-09,
                0.19610211301649272,
                0.803897884447212
            ]
        ],
        [
            [
                0.8536777213887843,
                0.14632227533439454,
                1.6089838772952169e-09,
                5.086639498013896e-11,
                1.6169708619534263e-09
            ],
            [
                7.531531220698e-05,
                0.23475812585749395,
                0.3120337458935305,
                0.4522453719059863,
                0.0008874410307821818
            ],
            [
                9.22515196219081e-07,
                0.0002487078519861332,
                0.49112980985132787,
                0.5081874406933946,
                0.00043311908809527417
            ],
            [
                5.695170034467878e-10,
                1.070227846241116e-10,
                3.0448640548956226e-10,
                0.0030443875194147707,
                0.996955611499559
            ],
            [
                2.896789168293297e-05,
                1.0745285850234744e-10,
                4.420757548401361e-11,
                1.5939662903273556e-06,
                0.9999694379903663
            ]
        ],
        [
            [
                0.9999844813440745,
                1.5518043682561826e-05,
                1.0698075932905777e-10,
                3.914591464388095e-10,
                1.1380309792285201e-10
            ],
            [
                0.00014607874925250743,
                0.13611479204495644,
                0.06649856354663641,
                0.7969338691620961,
                0.0003066964970586379
            ],
            [
                2.3156208862626998e-08,
                8.191009166267559e-08,
                0.9997589202619713,
                0.00011866850494578089,
                0.00012230616678238625
            ],
            [
                5.322558552046196e-10,
                1.1895294373792475e-09,
                7.249928857949551e-09,
                0.2624337514436814,
                0.7375662395846044
            ],
            [
                3.7617573119762745e-07,
                1.3024330000503575e-08,
                3.759740239635223e-09,
                0.08779859519611793,
                0.9122010118440806
            ]
        ],
        [
            [
                0.9552913242382866,
                0.04470867109071297,
                4.002759466439831e-09,
                2.90362823983717e-10,
                3.7787818683787246e-10
            ],
            [
                0.1158456199059282,
                0.8841534260996762,
                6.697970291054967e-07,
                2.7446257966241007e-07,
                9.734786892494702e-09
            ],
            [
                2.2808197704762566e-07,
                3.3963554215348625e-07,
                0.9416143602500845,
                0.05838425871746204,
                8.133149341904767e-07
            ],
            [
                1.0843129681432576e-08,
                9.693942147657234e-10,
                3.1780397840936087e-10,
                0.00034179514954656436,
                0.9996581927201255
            ],
            [
                1.8022379305350008e-09,
                9.123097477084423e-11,
                4.3521719310101545e-12,
                6.137115141621879e-06,
                0.9999938609870374
            ]
        ],
        [
            [
                0.9999907220162236,
                9.277656123340403e-06,
                7.700026642139839e-11,
                2.487554755762739e-10,
                1.897300505116309e-12
            ],
            [
                3.072689270803937e-06,
                0.00022207293634324927,
                0.11475433759409831,
                0.8838634234658547,
                0.0011570933144328705
            ],
            [
                6.152814085986489e-07,
                6.168261713835812e-07,
                0.9647586393554634,
                0.028844677186910528,
                0.0063954513500461595
            ],
            [
                3.791517705848141e-09,
                1.3018880573559444e-09,
                9.850217663398114e-09,
                0.004521430279307907,
                0.9954785547770687
            ],
            [
                5.2373587302429964e-08,
                1.1641144013277777e-08,
                7.595017811541502e-10,
                0.19362235010032974,
                0.8063775851254372
            ]
        ],
        [
            [
                0.997178563989284,
                0.0028214358497990416,
                3.016443558725854e-11,
                9.704493316179404e-11,
                3.370768692981408e-11
            ],
            [
                0.029398940862334664,
                0.970536294012565,
                5.4792413442262176e-05,
                9.155910877802626e-06,
                8.168007803218853e-07
            ],
            [
                5.126477808710439e-11,
                2.919024117973417e-11,
                0.9999999998051212,
                4.7785892474097105e-11,
                6.663776586745963e-11
            ],
            [
                3.7262512674768374e-08,
                2.7287659291422742e-09,
                6.803113983802662e-10,
                0.0008141091978083,
                0.9991858501306017
            ],
            [
                1.5186079058097477e-08,
                1.6440152317390694e-09,
                1.0726812195463466e-09,
                0.0008106604370635702,
                0.999189321660161
            ]
        ],
        [
            [
                0.9995042770174029,
                0.0004957227112457759,
                9.399226006934548e-12,
                1.1725221066350166e-10,
                1.4469983675702886e-10
            ],
            [
                2.7803152383284808e-05,
                0.1984068108036394,
                0.0030868936141531097,
                0.79798059318696,
                0.0004978992428641439
            ],
            [
                1.2751881834825038e-08,
                5.350760372176072e-08,
                0.9999992155277667,
                3.106690402628216e-07,
                4.0754370749505826e-07
            ],
            [
                6.289939548026121e-08,
                2.053230907922748e-10,
                6.5441429836598965e-12,
                4.297881521050453e-06,
                0.9999956390072162
            ],
            [
                2.4640257380777233e-07,
                7.042879876337976e-10,
                1.671231938049399e-09,
                3.921927772500683e-06,
                0.9999958292941338
            ]
        ],
        [
            [
                0.9999427590575963,
                5.724081531831579e-05,
                3.9658043206253476e-11,
                6.0631062053182e-11,
                2.6796205259046308e-11
            ],
            [
                5.570361994314457e-06,
                0.5990574692154774,
                0.06503984807880633,
                0.3358855805675708,
                1.1531776151202115e-05
            ],
            [
                6.0089948269194574e-12,
                6.595144082904987e-12,
                0.9999999999580231,
                2.368145343496989e-11,
                5.691227544092662e-12
            ],
            [
                9.635565241351798e-10,
                5.4119757409481126e-09,
                3.7452900749065324e-10,
                0.5454025743624872,
                0.4545974188874514
            ],
            [
                2.82785702365604e-08,
                1.6789158372098473e-09,
                5.8660336439400055e-09,
                0.1957293115168722,
                0.8042706526596081
            ]
        ],
        [
            [
                0.8954040678494002,
                0.10459592729313388,
                2.4531093431623413e-10,
                2.3311839847939717e-09,
                2.280971076390782e-09
            ],
            [
                5.23548032995502e-06,
                0.0028132799605673493,
                0.14048431200540104,
                0.8564992296209762,
                0.000197942932725422
            ],
            [
                1.5630134234759875e-10,
                6.90121418985753e-10,
                0.9999999945219151,
                1.070749873865887e-09,
                3.5609122175634885e-09
            ],
            [
                2.7132702518600843e-10,
                1.2141439407515725e-09,
                2.842328001249985e-09,
                0.03782546395216112,
                0.9621745317200399
            ],
            [
                1.577965473726002e-06,
                6.966765458572893e-10,
                5.92575397990234e-11,
                1.1238065147399736e-05,
                0.9999871832134447
            ]
        ],
        [
            [
                0.8420104163792363,
                0.15798957819432782,
                2.79902604666083e-09,
                1.5079002106697825e-10,
                2.4766197452075442e-09
            ],
            [
                1.0500670150057362e-05,
                0.0007957566860427361,
                0.006065234867703737,
                0.9924662192270947,
                0.0006622885490088477
            ],
            [
                4.441249725043722e-11,
                2.758341754643995e-10,
                0.9999999671718013,
                1.4844022123770093e-08,
                1.7663929951293054e-08
            ],
            [
                1.7098597601652547e-09,
                5.6817072588564485e-09,
                1.97660323580893e-10,
