{
    "[['A', 'B', 'C', 'D', 'E'], ['A', 'B', 'C', 'D', 'E']]": [
        [
            [
                0.8074448065580975,
                0.19255518793715842,
                2.0469597118190284e-10,
                1.0735928531599491e-09,
                4.226455360543947e-09
            ],
            [
                0.027661359574897022,
                0.9723375060706282,
                5.434671675746671e-08,
                1.024381198432237e-06,
                5.5626559728124484e-08
            ],
            [
                0.03445552439074471,
                0.8929589626650906,
                0.07257485196565694,
                9.715716947781236e-06,
                9.452615598964902e-07
            ],
            [
                2.8037612127914566e-08,
                4.592937083511081e-08,
                6.826219008649578e-08,
                0.3356211615425651,
                0.6643786962282617
            ],
            [
                1.0282734765433243e-05,
                1.886052220528384e-07,
                3.531295713160297e-09,
                0.17719422528530002,
                0.8227952998434167
            ]
        ],
        [
            [
                0.9358330708721557,
                0.06416692293064387,
                4.335189532861689e-10,
                4.899704530253283e-09,
                8.639770046522051e-10
            ],
            [
                0.03437042052679103,
                0.9656295377632904,
                7.232308150161989e-09,
                3.425359330710385e-08,
                2.2401722075520064e-10
            ],
            [
                5.25112383871492e-06,
                0.00031480757370127497,
                0.6945546698737296,
                0.29264285583746674,
                0.01248241559126373
            ],
            [
                8.548720432681633e-09,
                1.9144280847012546e-09,
                3.5977212415962282e-09,
                0.002765296577669397,
                0.9972346893614609
            ],
            [
                0.16323219355974108,
                2.3574488055919252e-06,
                8.864664646749423e-09,
                0.00377236131995868,
                0.83299307880683
            ]
        ],
        [
            [
                0.7993759341620462,
                0.2006240236940827,
                7.560809851714994e-09,
                2.3323126001662974e-08,
                1.1259935303146385e-08
            ],
            [
                0.0013102004119092403,
                0.9986759466670058,
                1.452184329882608e-06,
                1.2215368667514722e-05,
                1.853680876454021e-07
            ],
            [
                5.604168584983946e-07,
                0.052635425960557626,
                0.9429599531427074,
                0.004403112605490425,
                9.478743861206123e-07
            ],
            [
                4.2260603030792413e-10,
                5.847538118154412e-10,
                2.936517041531204e-10,
                0.44424283961344374,
                0.5557571590855448
            ],
            [
                4.780351969897788e-08,
                5.0726774583391794e-08,
                3.832897957168988e-09,
                0.224180879312943,
                0.7758190183238648
            ]
        ],
        [
            [
                0.9999859165582758,
                1.4082185168573442e-05,
                1.459271040452268e-10,
                8.062215700878886e-11,
                1.0300062514764592e-09
            ],
            [
                0.0022841789760274633,
                0.9977153803653477,
                3.674393214242268e-07,
                7.232366055840184e-08,
                8.956428656002563e-10
            ],
            [
                6.21161088477266e-11,
                9.859466048709503e-10,
                0.999999987797808,
                8.858368736808979e-09,
                2.2957603491599617e-09
            ],
            [
                1.4460762060326093e-07,
                1.2412498799503722e-09,
                5.407170462435496e-10,
                9.971713034236633e-05,
                0.9999001364800701
            ],
            [
                0.005862599298935402,
                8.74177357309916e-09,
                3.914803602154181e-09,
                0.0008410962869727411,
                0.9932962917575147
            ]
        ],
        [
            [
                0.955457341022508,
                0.04454265780389606,
                6.90526695785748e-11,
                2.821587139783192e-10,
                8.22384640613864e-10
            ],
            [
                0.000710849780469934,
                0.9992880594286101,
                8.147323361238932e-07,
                2.544044331886396e-07,
                2.1654150600597236e-08
            ],
            [
                6.333013207254162e-08,
                2.758117225912837e-07,
                0.0028138686594383795,
                0.6906036911390189,
                0.3065821010596881
            ],
            [
                4.9181153692464107e-08,
                3.058884894506544e-09,
                9.767280286396164e-08,
                0.35569476161623176,
                0.6443050884709267
            ],
            [
                2.8472852789563907e-07,
                4.2728836966978974e-11,
                1.4775986698002868e-10,
                2.7900859469992296e-07,
                0.9999994360723886
            ]
        ],
        [
            [
                0.8631188256672323,
                0.13688116142130477,
                2.9064078223713886e-09,
                4.0812842770435114e-10,
                9.596926615773212e-09
            ],
            [
                0.012110264811674385,
                0.9876021765043494,
                4.0331655990491135e-06,
                0.00028262053249126633,
                9.049858860040503e-07
            ],
            [
                1.6891000312671698e-09,
                1.3313787304302108e-08,
                0.999999976123454,
                6.318930114876691e-09,
                2.5547284744441626e-09
            ],
            [
                4.4271520646800036e-08,
                3.387939391314952e-09,
                3.596022289794746e-09,
                0.35404479752563983,
                0.6459551512188779
            ],
            [
                4.5002996314473423e-10,
                1.3759734812472367e-08,
                7.0910825629547e-10,
                0.04454002735904538,
                0.9554599577220816
            ]
        ],
        [
            [
                0.8359973373383464,
                0.16400264598491618,
                5.470575078917914e-10,
                4.706423160918525e-09,
                1.1423256818809435e-08
            ],
            [
                0.01750741710946887,
                0.9824923592659002,
                3.628110234684242e-08,
                1.8609834174139062e-07,
                1.2451869208546364e-09
            ],
            [
                2.383685499469966e-07,
                4.921089356778097e-06,
                0.00031827060818669545,
                0.556477418874945,
                0.4431991510589617
            ],
            [
                2.3886931374650896e-09,
                1.9081106493217313e-10,
                2.3075085561589825e-09,
                0.005862464667244945,
                0.9941375304457423
            ],
            [
                0.005865824640918771,
                1.2230516920427166e-09,
                2.3237049340693444e-09,
                4.533387879629728e-06,
                0.994129638424445
            ]
        ],
        [
            [
                0.9997548152018609,
                0.0002451677226760086,
                3.554468554870128e-10,
                1.4376551288775165e-08,
                2.3434648593878154e-09
            ],
            [
                0.0002146960524627693,
                0.9997816166449307,
                1.6218721694266952e-06,
                2.0426679098497544e-06,
                2.2762527231631633e-08
            ],
            [
                7.788282397148777e-09,
                9.327114509949015e-07,
                0.9999989951195632,
                5.8375991884798844e-08,
                6.004711460384145e-09
            ],
            [
                8.598718299076041e-08,
                2.8288732074445103e-09,
                1.4187446266321682e-08,
                0.219527278234613,
                0.7804726187618846
            ],
            [
                1.5904747220545501e-07,
                3.6041701550340496e-09,
                1.4707400606156349e-08,
                0.12460327737740386,
                0.8753965452635531
            ]
        ],
        [
            [
                0.7870563439393946,
                0.21294365301852233,
                2.400339081815909e-09,
                3.842762838392503e-10,
                2.5746769371743957e-10
            ],
            [
                0.0009925209852084643,
                0.9990073399688763,
                6.15018986302639e-08,
                7.615013994304406e-08,
                1.3938768111895283e-09
            ],
            [
                5.671981971778113e-07,
                1.8643231139099384e-05,
                0.06373243951093356,
                0.4400842290406819,
                0.49616412101904817
            ],
            [
                0.1716803816462901,
                9.981237048229831e-08,
                3.0731219503773193e-09,
                0.02313568066288573,
                0.8051838348053317
            ],
            [
                1.2601392141939978e-06,
                1.2826463732959242e-09,
                1.1403448994745143e-10,
                4.64410223030846e-06,
                0.9999940943618746
            ]
        ],
        [
            [
                0.9535292691387138,
                0.046470379708513664,
                4.110947831328802e-09,
                3.093302753974848e-07,
                3.771154921800958e-08
            ],
            [
                0.0004552882083615744,
                0.9995445528607813,
                1.5040474877615065e-08,
                1.424118241050998e-07,
                1.478558187524355e-09
            ],
            [
                6.566337487607856e-05,
                0.0002702390122949379,
                0.7005821322065282,
                0.2830675486357548,
                0.016014416770545985
            ],
            [
                0.0021976247850728128,
                2.6661891654050356e-08,
                3.002874918708837e-08,
                0.18816482832446582,
                0.8096374901998206
            ],
            [
                6.066373035652311e-08,
                3.0411799399406193e-10,
                1.106302304480996e-08,
                0.22637276436236548,
                0.7736271636067631
            ]
        ],
        [
            [
                0.9387258947200778,
                0.06127410193128499,
                4.5546223005364866e-10,
                1.5924516518704e-09,
                1.300723186686644e-09
            ],
            [
                0.0015751297021725297,
                0.9984248365566228,
                6.442349264018705e-09,
                2.6802329393740218e-08,
                4.965260039257188e-10
            ],
            [
                4.2037476388141753e-11,
                3.9241607035469535e-10,
                0.9999999307621948,
                6.772107144997117e-08,
                1.0822801475324592e-09
            ],
            [
                0.023840566611612657,
                2.1674600124668412e-08,
                1.4707434756443748e-07,
                0.180997319062343,
                0.7951619455770966
            ],
            [
                0.09995335727048636,
                9.681292688311637e-09,
                1.3671021392349103e-07,
                0.19434272436533057,
                0.7057037719726764
            ]
        ],
        [
            [
                0.6801452552550518,
                0.3198547372679046,
                7.472969834928477e-10,
                5.159325700234444e-09,
                1.5704209044804142e-09
            ],
            [
                0.001654776590434855,
                0.9983448591085711,
                2.4546174420744695e-07,
                9.394126796579673e-08,
                2.489798182348078e-08
            ],
            [
                1.0362935288572974e-05,
                0.9999760921472928,
                1.5755717707805977e-06,
                1.1961884342882016e-05,
                7.461305045789856e-09
            ],
            [
                0.0017300464194634137,
                2.691569871184071e-08,
                1.189843111650955e-08,
                0.3848802370461541,
                0.6133896777202525
            ],
            [
                2.356575635063558e-10,
                8.078139387131516e-11,
                5.3776777800608425e-11,
                4.901532677771109e-10,
                0.9999999991396309
            ]
        ],
        [
            [
                0.7672395490311559,
                0.23276041262224298,
                4.2390660313691144e-09,
                2.5720751032914942e-08,
                8.386784059732103e-09
            ],
            [
                1.2354381153352323e-05,
                0.9999740158585156,
                1.8169615009908463e-06,
                1.1796483652844511e-05,
                1.6315177250390153e-08
            ],
            [
                8.561313068951288e-10,
                1.0438728586422595e-09,
                0.9999999642063924,
                2.66992918526686e-08,
                7.194311627544057e-09
            ],
            [
                5.911122742497185e-06,
                3.3475891654717873e-09,
                5.857735823549416e-09,
                0.00030428880244400116,
                0.9996897908694885
            ],
            [
                0.19976638603640007,
                3.070798349548003e-09,
                9.808605706257293e-09,
                0.00014203673290261892,
                0.8000915643512934
            ]
        ],
        [
            [
                0.7825505076541388,
                0.21744948592400937,
                2.5372110939288807e-09,
                3.2212285131839127e-09,
                6.634120927491496e-10
            ],
            [
                0.0011210608283202803,
                0.9988788072050281,
                6.853652628825641e-09,
                1.2294614060046465e-07,
                2.1668584284436977e-09
            ],
            [
                1.2947163404157512e-11,
                4.087918620839055e-11,
                0.9999999962316521,
                5.1018971462684945e-11,
                3.663502614319483e-09
            ],
            [
                1.0200194690446917e-08,
                1.0852422957401522e-09,
                5.358761978795076e-09,
                0.1972752942824623,
                0.8027246890733387
            ],
            [
                6.70749148554878e-05,
                8.415630461180442e-09,
                6.376675385979509e-10,
                0.06416500417579386,
                0.9357679118560526
            ]
        ],
        [
            [
                0.811960019999362,
                0.1880399791200855,
                1.303476573052652e-10,
                3.6649387706053073e-10,
                3.8371105521155047e-10
            ],
            [
                0.0005623196804173358,
                0.9993509172889833,
                5.688365089363329e-08,
                8.669780297015532e-05,
                8.34397828534373e-09
            ],
            [
                1.3473567805400565e-11,
                1.804698785018007e-11,
                0.999999999480135,
                3.697244947779451e-10,
                1.1862008654339912e-10
            ],
            [
                1.760954346248464e-08,
                2.757745805700366e-10,
                1.5145271364594718e-09,
                0.1997002168087931,
                0.8002997637913617
            ],
            [
                0.0015397786383192767,
                2.8114796327076844e-09,
                3.493815160362689e-10,
                2.7981629175263294e-07,
                0.9984599383845278
            ]
        ],
        [
            [
                0.9918052077729411,
                0.008194788549933876,
                2.831315227908524e-10,
                6.917916737761431e-10,
                2.7022018510304638e-09
            ],
            [
                0.08725930926949213,
                0.9127403860698827,
                4.184030448043185e-09,
                2.988645892752249e-07,
                1.6120055721989042e-09
            ],
            [
                1.2567697460063268e-06,
                7.5183848471481576e-06,
                0.7238184779341879,
                0.18248644790479265,
                0.09368629900642642
            ],
            [
                6.62272072438927e-10,
                2.330699428771843e-09,
                1.3974649497247242e-09,
                0.20068314135973056,
                0.799316854249833
            ],
            [
                5.926146132897295e-07,
                4.579194670898664e-10,
                1.1676667385557788e-09,
                4.334581040008483e-05,
                0.9999560599494004
            ]
        ],
        [
            [
                0.9243436114933303,
                0.0756563865080379,
                1.0189277835919867e-09,
                5.229260509999443e-11,
                9.274114263041554e-10
            ],
            [
                0.002739836464849142,
                0.9972598400445642,
                2.6884467908312778e-08,
                2.556205069917271e-07,
                4.098561187009715e-08
            ],
            [
                4.41207708481249e-11,
                3.6862929110675534e-10,
                0.999999963879035,
                4.51192322581306e-09,
                3.119629174493155e-08
            ],
            [
                4.02274107440462e-05,
                2.3215744196823487e-09,
                2.3120428791752066e-10,
                9.2461823235219e-06,
                0.9999505238541537
            ],
            [
                5.224745508670005e-05,
                1.730164334598966e-09,
                1.8573960220905285e-09,
                0.01736945052327842,
                0.9825782984340745
            ]
        ],
        [
            [
                0.5635793951822606,
                0.43642058194418454,
                3.993096000743703e-09,
                1.5235039693379946e-08,
                3.6454191208401473e-09
            ],
            [
                0.0008479316415437103,
                0.9991519867376459,
                4.446907568577717e-08,
                3.6346531153331334e-08,
                8.052034744008606e-10
            ],
            [
                3.176021117885199e-08,
                7.168680218856165e-07,
                0.17616538668105486,
                0.5462096286043666,
                0.27762423608634557
            ],
            [
                3.8247236260625684e-09,
                3.0688095807146474e-08,
                1.956507909680009e-09,
                0.3247434059019348,
                0.6752565576287378
            ],
            [
                2.0379167314011593e-06,
                2.23561511241155e-09,
                1.9762041480517274e-09,
                0.21134399458445458,
                0.7886539632869948
            ]
        ],
        [
            [
                0.7027363185348693,
                0.29726367842118956,
                6.981024533601568e-10,
                2.1283432633024075e-09,
                2.1749550969187225e-10
            ],
            [
                0.013363073982596535,
                0.9866368118731373,
                1.1084356174829352e-08,
                5.8660584676541307e-08,
                4.439932539175311e-08
            ],
            [
                0.00020940903671154334,
                0.9997899157026126,
                3.710704337984553e-07,
                3.004479478905323e-07,
                3.742294236552491e-09
            ],
            [
                5.173689568388391e-09,
                4.248723651784287e-09,
                4.33606304866584e-09,
                0.00238007260732941,
                0.9976199136341943
            ],
            [
                0.0004166872252127032,
                6.273434873001181e-08,
                2.0804925899319514e-09,
                0.00017213474568071664,
                0.9994111132142653
            ]
        ],
        [
            [
                0.7609973026479517,
                0.23900269392058915,
                2.837576530744456e-10,
                2.3700731592703906e-09,
                7.776282270971507e-10
            ],
            [
                0.05848247688503489,
                0.9415174934260059,
                2.671751080285862e-09,
                2.250882951144167e-08,
                4.508378729736017e-09
            ],
            [
                1.3468965638216471e-08,
                1.6934003454480592e-08,
                0.9997957305586045,
                0.00020217461796632016,
                2.064420460133238e-06
            ],
            [
                3.177932133660028e-10,
                8.201410623837212e-11,
                1.3849811375755296e-11,
                0.0004945291767385078,
                0.9995054704096044
            ],
            [
                1.6824501772486307e-07,
                2.847604549197478e-09,
                6.650804606417138e-09,
                0.25378165651619694,
                0.7462181657403761
            ]
        ],
        [
            [
                0.800805403252515,
                0.19919459630031933,
                1.5748180166987685e-10,
                8.150720777239819e-11,
                2.081765241798507e-10
            ],
            [
                0.006512108139522796,
                0.9934204986228025,
                2.3114760633294558e-08,
                6.735754014404917e-05,
                1.2582770001986443e-08
            ],
            [
                3.320361468114884e-06,
                1.0780832573715821e-05,
                0.9411069283608423,
                0.02353538671287943,
                0.03534358373223635
            ],
            [
                4.313582491342757e-05,
                5.7036805997346247e-08,
                5.1392217151544426e-08,
                0.5008224261086391,
                0.49913432963742427
            ],
            [
                4.990693395759735e-09,
                4.4175252510628527e-11,
                6.9475843184976935e-09,
                0.053788499882311235,
                0.9462114881352357
            ]
        ],
        [
            [
                0.8699132889419926,
                0.13008647208161878,
                3.483868069601801e-09,
                2.0445093193850295e-07,
                3.1041588549883806e-08
            ],
            [
                0.0009628281336368041,
                0.9990338152228757,
                6.1192818163363544e-09,
                3.3446760421502637e-06,
                5.8481635140227385e-09
            ],
            [
                2.2692585449082772e-06,
                1.707384372491942e-05,
                0.37133995909257445,
                0.2811747575168996,
                0.34746594028825606
            ],
            [
                1.4983769844278639e-05,
                1.6511412978362216e-09,
                1.6345368345852617e-09,
                0.015171731102335592,
                0.984813281842142
            ],
            [
                0.20728749884628242,
                3.43797989240277e-08,
                2.2801009232327174e-08,
                0.1954117885064802,
                0.5973006554664292
            ]
        ],
        [
            [
                0.7310791305043283,
                0.26892084870797,
                1.8057580871899094e-09,
                1.653269854423457e-08,
                2.4492450269766122e-09
            ],
            [
                0.0566748326830028,
                0.9432843037390196,
                4.27041379419431e-07,
                4.012988526933125e-05,
                3.0665132892545317e-07
            ],
            [
                5.97004117668717e-06,
                0.005108810715449304,
                0.20447373793767917,
                0.5290632979166919,
                0.26134818338900295
            ],
            [
                3.7989783799908113e-07,
                1.8399263980240162e-09,
                3.0097525297082623e-09,
                8.542830419180362e-05,
                0.9999141869482913
            ],
            [
                5.244647365556174e-06,
                4.3979530378578446e-09,
                3.686161208992734e-08,
                0.013356137456643656,
                0.9866385766364256
            ]
        ],
        [
            [
                0.9918435107561983,
                0.008156469953413957,
                9.162322577407523e-09,
                3.6990697744698997e-09,
                6.428995496868607e-09
            ],
            [
                0.07625659710839179,
                0.9237429918384598,
                3.952048896620663e-07,
                1.4386522177792267e-08,
                1.4617365294466302e-09
            ],
            [
                6.254308290513262e-07,
                0.004390269962009934,
                0.9395766541522631,
                0.056021624348462445,
                1.0826106435453539e-05
            ],
            [
                2.755216450560382e-07,
                4.379867408185643e-09,
                2.927563282463093e-08,
                0.13583572949972525,
                0.8641639613231294
            ],
            [
                0.0008142357275105235,
                2.2998812171067518e-08,
                2.534816276413615e-08,
                0.03168182921035133,
                0.9675038867151632
            ]
        ],
        [
            [
                0.9940353025392662,
                0.005964688377417459,
                4.121373546559739e-09,
                2.922727434125725e-09,
                2.039215257814084e-09
            ],
            [
                0.05463340247496801,
                0.945366587853182,
                3.416286986206499e-09,
                4.5279324200634585e-09,
                1.7276306271652002e-09
            ],
            [
                1.196276376374195e-06,
                7.354950184424262e-05,
                0.6527734819213891,
                0.2760704201432642,
                0.07108135215712603
            ],
            [
                0.019069937116624257,
                3.336527576969276e-08,
                1.2960696575269997e-08,
                0.16031343546306884,
                0.8206165810943346
            ],
            [
                0.0005011167377888741,
                9.543248345467534e-09,
                1.0139418399000253e-08,
                0.0003865977254218171,
                0.9991122658541226
            ]
        ],
        [
            [
                0.8675741230594706,
                0.13242560642293433,
                2.121553133124664e-09,
                2.5874135382408845e-07,
                9.654688111209036e-09
            ],
            [
                0.004278324378494078,
                0.9957215506967466,
                4.61846051462357e-08,
                7.531046047681495e-08,
                3.4296936933329937e-09
            ],
            [
                1.5685502821778404e-08,
                2.5355221193561304e-05,
                0.00015864213879488475,
                0.8872026223275563,
                0.11261336462695241
            ],
            [
                4.5347373507110075e-08,
                1.8444187337722385e-09,
                4.304258604112523e-09,
                0.271952377535183,
                0.7280475709687663
            ],
            [
                1.6150045086431778e-06,
                7.405082705982064e-10,
                1.1748060801376171e-09,
                5.2303464295555816e-05,
                0.9999460796158814
            ]
        ],
        [
            [
                0.7978252647041041,
                0.20217473372481173,
                8.339795220414948e-10,
                6.397534631081771e-10,
                9.735117049366225e-11
            ],
            [
                0.0029680590948771273,
                0.996990862004539,
                3.2417069528231396e-05,
                8.584966438788464e-06,
                7.686461679526438e-08
            ],
            [
                3.438562105597225e-10,
                2.986430333243175e-10,
                0.9999999943108364,
                4.801021232409777e-09,
                2.456429959116819e-10
            ],
            [
                1.020257650822881e-06,
                4.852995111633565e-10,
                1.1613737031074297e-09,
                1.3429742014403427e-05,
                0.9999855483536615
            ],
            [
                0.19999957795236759,
                3.859547547621549e-09,
                4.963821817533939e-09,
                1.3161538035196731e-05,
                0.7999872516862279
            ]
        ],
        [
            [
                0.9879810425360632,
                0.012018954723946583,
                5.4900019682359314e-11,
                1.0641729147150447e-09,
                1.6209172595029536e-09
            ],
            [
                0.020838672698767838,
                0.9791416134870679,
                5.691128227633225e-08,
                1.9635536652227404e-05,
                2.1366229755056906e-08
            ],
            [
                4.9419392702450074e-11,
                9.390459977252515e-11,
                0.9999999850571152,
                1.3696715678667494e-08,
                1.1028452152108724e-09
            ],
            [
                0.00014593024340467457,
                1.689458099569577e-08,
                1.0672399486164515e-07,
                0.14892257820056884,
                0.8509313679374506
            ],
            [
                5.34375072082423e-09,
                1.4693525608980805e-10,
                1.9593113424670715e-10,
                0.1941446185627345,
                0.8058553757506484
            ]
        ],
        [
            [
                0.955457778573824,
                0.04454221950119661,
                5.347954269723482e-10,
                8.048748447920802e-10,
                5.853090463044099e-10
            ],
            [
                0.0062090615564653175,
                0.9937909279264212,
                7.001573939428915e-10,
                6.672467944908563e-09,
                3.1444880586643455e-09
            ],
            [
                4.276510657891865e-06,
                0.8950328768234637,
                0.07192682474134261,
                0.03303380457928929,
                2.217345246432514e-06
            ],
            [
                1.52416476433708e-08,
                2.3445625553751613e-10,
                7.850967371751808e-10,
                3.0187134203776317e-05,
                0.9999697966045956
            ],
            [
                0.07693007118929183,
                1.1363048447179094e-08,
                9.995998836482495e-10,
                1.2056129398179732e-05,
                0.9230578603186617
            ]
        ],
        [
            [
                0.6658051630997267,
                0.3341948325559387,
                1.7556065684077612e-09,
                9.633662188061218e-10,
                1.6253618053645558e-09
            ],
            [
                0.016358483066215224,
                0.9836396180890297,
                7.674658831394608e-07,
                1.129727933601913e-06,
                1.6509383632956987e-09
            ],
            [
                1.7020326704918452e-09,
                2.050325000705018e-07,
                0.999999093634962,
                6.923068250346124e-07,
                7.323680265657665e-09
            ],
            [
                0.05379538493241396,
                1.0248665955018816e-08,
                7.147537542106222e-09,
                0.195424548437107,
                0.7507800492342754
            ],
            [
                0.02384967001545369,
                3.3122203906935486e-09,
                1.4376059649182697e-09,
                5.5196585092739284e-05,
                0.9760951286496272
            ]
        ],
        [
            [
                0.6280572127059211,
                0.37194278383068485,
                1.9037244039211263e-09,
                4.486316757171484e-10,
                1.1110380054563357e-09
            ],
            [
                0.02401676342694352,
                0.975983164143926,
                5.267471045938266e-08,
                1.8548474635918314e-08,
                1.2059453650481468e-09
            ],
            [
                3.447090716199317e-10,
                6.06645328310717e-10,
                0.9999999887191952,
                1.025625247817025e-08,
                7.319821870807916e-11
            ],
            [
                2.6216717003517098e-06,
                1.0305933953594162e-08,
                3.771999199143329e-09,
                0.23696784121322387,
                0.7630295230371426
            ],
            [
                4.82862905676799e-08,
                8.08144778316014e-09,
                4.197344875322138e-08,
                0.27474183003933283,
                0.7252580716194801
            ]
        ],
        [
            [
                0.8582495604149238,
                0.14175042304884328,
                1.2520974211162796e-08,
                1.1207833552489934e-09,
                2.8944752781772415e-09
            ],
            [
                0.007607230545715984,
                0.9923921599473351,
                4.55471422456382e-09,
                6.008723211235527e-07,
                4.079913670679521e-09
            ],
            [
                2.0328853697996534e-05,
                0.03792533919883179,
                0.7816906452312097,
                0.18018562244618253,
                0.00017806427007800032
            ],
            [
                1.3723631954470508e-08,
                2.8157572756279663e-09,
                4.257553445168888e-09,
                0.19540719491545513,
                0.8045927842876022
            ],
            [
                1.5156188422647873e-06,
                5.1681050091406145e-09,
                4.801887749568705e-08,
                0.022993105493762826,
                0.9770053257004124
            ]
        ],
        [
            [
                0.6853659957558319,
                0.31463400252084495,
                2.3531334445529133e-10,
                1.144836981642649e-10,
                1.3735260912785822e-09
            ],
            [
                0.0075519260821861915,
                0.9923627147234911,
                3.171323058416642e-05,
                5.350892055639518e-05,
                1.3704318214716e-07
            ],
            [
                2.2832704508211055e-08,
                3.9299942748870225e-07,
                0.1999314388357346,
                0.4240945653051677,
                0.3759735800269656
            ],
            [
                2.711773734859731e-09,
                1.0081259115490627e-08,
                3.2816181783640057e-09,
                0.07939615924281873,
                0.9206038246825302
            ],
            [
                2.8937998758067724e-06,
                3.7983646972570474e-08,
                2.572696534349688e-09,
                0.08757975178269665,
                0.912417313861084
            ]
        ],
        [
            [
                0.9109165925867718,
                0.08908340347517679,
                1.0259848481170045e-09,
                5.256918840529985e-10,
                2.386374643807892e-09
            ],
            [
                5.101831069315138e-05,
                0.9997030782780936,
                3.0849468261102333e-07,
                0.00024557934962748056,
                1.556690309785945e-08
            ],
            [
                1.0383882190356415e-06,
                0.3241532089686326,
                0.6758445149889206,
                1.0829109337275613e-06,
                1.5474329393897274e-07
            ],
            [
                0.00011056454760578057,
                3.032827082749538e-10,
                5.736546636279664e-10,
                0.16351630530860647,
                0.8363731292668504
            ],
            [
                0.0013389620116414627,
                2.64716082961037e-08,
                2.9197728951030344e-09,
                0.147927021313985,
                0.8507339872829923
            ]
        ],
        [
            [
                0.7348288913785815,
                0.26517107704809817,
                2.212485649588221e-09,
                2.5491318257000154e-08,
                3.8695163766268676e-09
            ],
            [
                0.08698416363320349,
                0.9130157831960273,
                2.0095599708877696e-08,
                3.2562949608635384e-08,
                5.122199444027422e-10
            ],
            [
                4.2325401557054275e-06,
                0.0011221641392745306,
                0.7500688508740156,
                0.248740331873127,
                6.442057342706187e-05
            ],
            [
                0.0021973890252753345,
                1.6184017026071387e-09,
                7.778128046275826e-11,
                1.947968856619626e-09,
                0.9978026073305728
            ],
            [
                3.5488043231628257e-07,
                5.646857660023515e-11,
                6.218702939862065e-10,
                0.1641642630967125,
                0.8358353813445163
            ]
        ],
        [
            [
                0.9999543861701684,
                4.5604439017694484e-05,
                4.847096006641606e-10,
                5.987811445075688e-10,
                8.307323140671503e-09
            ],
            [
                2.0109401477157542e-05,
                0.9999777919365749,
                9.699048679130162e-09,
                2.0851815261781595e-06,
                3.781373118098386e-09
            ],
            [
                8.70973245653676e-07,
                1.4161614781015642e-05,
                0.9419290212857337,
                0.058049916164179136,
                6.029962060523798e-06
            ],
            [
                5.2225490902144124e-08,
                1.5310987599907621e-09,
                5.0357433201434925e-08,
                0.31243526727671245,
