{
    "[['A', 'B', 'C', 'D', 'E'], ['A', 'B', 'C', 'D', 'E']]": [
        [
            [
                2.7268293211992664e-09,
                1.2840605556575818e-09,
                9.760663200561538e-10,
                0.3510232438693873,
                0.6489767511436565
            ],
            [
                2.5490718905157502e-08,
                1.112556560560274e-06,
                0.0005858742443645095,
                0.38805762402121097,
                0.6113553636871452
            ],
            [
                3.621393153931234e-08,
                2.0530948223573475e-07,
                0.6246750997116666,
                0.19778979496840607,
                0.1775348637965137
            ],
            [
                1.3178336633123672e-07,
                1.361450235976162e-09,
                1.4089978563960109e-09,
                0.18094850729289907,
                0.8190513581532864
            ],
            [
                6.70597929138041e-05,
                7.584335794540484e-09,
                2.1212266204496538e-08,
                0.004165658777706474,
                0.9957672526327778
            ]
        ],
        [
            [
                0.6010973417378865,
                0.3989026362178963,
                7.34233289428121e-09,
                6.379454226882161e-09,
                8.32243012941467e-09
            ],
            [
                8.525838098318209e-10,
                8.068858237533934e-10,
                1.295639863792142e-07,
                0.7998857251171343,
                0.20011414365940966
            ],
            [
                1.2772431691611008e-08,
                1.0450092865937919e-09,
                0.9953965304873106,
                0.004596545052482641,
                6.9106427658420655e-06
            ],
            [
                6.708688343955238e-05,
                3.855646048167267e-09,
                2.7006822225336325e-08,
                0.20483018990859664,
                0.7951026923454955
            ],
            [
                1.1351838488562583e-10,
                6.962476800969522e-10,
                2.279025380118556e-10,
                0.1997042085633864,
                0.8002957903989449
            ]
        ],
        [
            [
                4.0636287470076195e-09,
                1.2833892935390945e-09,
                3.806454491340349e-09,
                0.18048654033626468,
                0.8195134505102628
            ],
            [
                1.1209882566854037e-08,
                2.120424902131027e-08,
                1.4592525902076027e-07,
                0.9095344775322476,
                0.0904653441283618
            ],
            [
                3.610104845308588e-08,
                1.5675793458779562e-06,
                0.3976051970176744,
                0.4569387015578538,
                0.14545449774407732
            ],
            [
                5.251516639471244e-08,
                1.6321781070199316e-09,
                1.0447607214157313e-08,
                0.19692882295885286,
                0.8030711124461954
            ],
            [
                1.4468052175579987e-08,
                3.258502685620898e-09,
                3.808292348158974e-09,
                0.16735179206288553,
                0.8326481864022672
            ]
        ],
        [
            [
                3.880891962373296e-06,
                2.9517121546038493e-09,
                8.839649486920595e-10,
                0.22393092273097884,
                0.7760651925413816
            ],
            [
                1.0794152619559289e-08,
                1.0142257533815967e-08,
                2.7498886338356e-07,
                0.6058542910978159,
                0.3941454129769107
            ],
            [
                2.6696945626961595e-08,
                1.4576903206760094e-06,
                0.0007547452058781536,
                0.5122846683123548,
                0.4869591020945007
            ],
            [
                1.78260488460404e-08,
                2.5704947888968545e-09,
                2.4274683390717434e-09,
                0.7841504371278775,
                0.2158495400481105
            ],
            [
                4.142618840281675e-05,
                1.0469513067408917e-09,
                1.4077415738395256e-09,
                0.0018331175003632244,
                0.9981254538565411
            ]
        ],
        [
            [
                0.9960003816234986,
                0.003999427352607464,
                2.5921316447195808e-08,
                8.496263442397963e-08,
                8.013994302527478e-08
            ],
            [
                1.6804765886925956e-09,
                4.1879133979183367e-10,
                5.525086542032244e-09,
                0.7558120361693523,
                0.24418795620629324
            ],
            [
                1.3923010146999304e-07,
                2.4414296850492148e-06,
                0.25472635313019526,
                0.6307499625572053,
                0.11452110365281296
            ],
            [
                4.9356826568094814e-08,
                7.309462004698933e-08,
                2.1140905134230687e-09,
                0.07285912126427416,
                0.9271407541701887
            ],
            [
                4.229753407591201e-09,
                9.490582924158906e-10,
                3.1662601180911636e-09,
                0.39877389714982286,
                0.6012260945051054
            ]
        ],
        [
            [
                3.783059143731157e-05,
                2.031513773830545e-08,
                9.340282928724615e-08,
                0.26057193909035414,
                0.7393901166002415
            ],
            [
                2.9640153154605813e-10,
                1.4555527852207378e-09,
                6.493734149554593e-09,
                0.5996821349094906,
                0.40031785684482096
            ],
            [
                4.715541336697944e-07,
                5.789571579242143e-07,
                0.9942849362824318,
                0.005540859087497004,
                0.0001731541187796586
            ],
            [
                3.404009290211088e-08,
                4.629430836717444e-09,
                1.3245334793349023e-08,
                0.7572085652734463,
                0.24279138281169513
            ],
            [
                4.734162823876454e-11,
                5.402236013694944e-11,
                1.8949017883331046e-10,
                4.08496138729763e-07,
                0.9999995912130072
            ]
        ],
        [
            [
                0.9999985622544662,
                1.4353375584235302e-06,
                5.703089575869585e-11,
                8.779895684565604e-10,
                1.4729548925256351e-09
            ],
            [
                4.868129629896014e-08,
                1.2952073698489474e-07,
                0.00018273399686928734,
                0.9728341464505567,
                0.026982941350540798
            ],
            [
                1.8305622418061393e-09,
                1.4420390834200113e-08,
                1.5242991298078445e-08,
                0.2986806186545234,
                0.7013193498515322
            ],
            [
                1.8913510350473703e-10,
                3.1450033399059366e-10,
                6.066714928229664e-10,
                0.40351076615286835,
                0.5964892327368247
            ],
            [
                5.022404086128273e-09,
                8.194651625025154e-11,
                1.3741369536307655e-10,
                0.1358357362602881,
                0.8641642584979476
            ]
        ],
        [
            [
                0.6296995072876792,
                0.3703003117680241,
                6.765602380086554e-09,
                4.7137517512201395e-08,
                1.270411767163114e-07
            ],
            [
                1.2498325540462656e-08,
                6.599247058670234e-10,
                1.8873953812839702e-08,
                0.5686096327842004,
                0.4313903351835956
            ],
            [
                4.105624056428696e-11,
                5.304464978866251e-11,
                0.9999999799089614,
                1.9848185892883664e-08,
                1.4875193641114085e-10
            ],
            [
                3.5394563052849143e-07,
                2.697303304610103e-09,
                3.0141724706003468e-09,
                0.22958478466211624,
                0.7704148556807775
            ],
            [
                1.4480517320094731e-07,
                7.897437384753782e-09,
                3.445786523733203e-08,
                0.255923540111035,
                0.7440762727284892
            ]
        ],
        [
            [
                0.8189984260391179,
                0.1810015635972285,
                2.4824547631864366e-09,
                1.7348368000438956e-09,
                6.1463621941612205e-09
            ],
            [
                4.9505265248021e-09,
                2.1311340363022054e-10,
                4.8426659465765825e-09,
                0.6120662545932031,
                0.38793373540049103
            ],
            [
                2.8511833091634606e-08,
                1.7895886994557354e-08,
                0.9975273494080971,
                0.0010278256819105723,
                0.001444778502272239
            ],
            [
                4.7005786690739555e-08,
                2.5817116368120675e-09,
                2.3445593139471082e-09,
                0.403918617176988,
                0.5960813308909544
            ],
            [
                3.9487824412138134e-10,
                1.7488616038369058e-09,
                2.321458023388422e-10,
                0.5623289352583191,
                0.4376710623657954
            ]
        ],
        [
            [
                0.00030049147889865566,
                1.3687888249304834e-08,
                1.261385790666851e-08,
                0.5523713962736837,
                0.4473280859456714
            ],
            [
                1.3769219743452465e-09,
                1.7781137732168008e-09,
                1.4971185706866922e-05,
                0.7999087379219987,
                0.20007628773725877
            ],
            [
                1.569762930585943e-07,
                1.0641574342257652e-07,
                0.9836859096498691,
                0.01515523971889946,
                0.0011585872391948484
            ],
            [
                1.3600103651239834e-07,
                4.332341122707485e-09,
                1.2490556108797018e-08,
                0.1462271846757249,
                0.8537726625003413
            ],
            [
                1.551971981364455e-09,
                2.6329255919556955e-11,
                2.695122342736429e-10,
                1.2034667019137493e-06,
                0.9999987946854847
            ]
        ],
        [
            [
                0.43630429378261976,
                0.563695433330822,
                1.46832913806077e-07,
                8.744606676024558e-08,
                3.860757784168472e-08
            ],
            [
                7.4241529565130935e-09,
                1.9683910947962146e-09,
                1.273613523166845e-07,
                0.40849058016354745,
                0.5915092830825561
            ],
            [
                3.42359067787577e-09,
                1.00114277874437e-06,
                2.1161226677569744e-06,
                0.8755048811249869,
                0.12449199818597581
            ],
            [
                0.00011055861951715113,
                4.033658030795331e-09,
                3.7639045739314406e-08,
                0.2149902549893454,
                0.7848991447184337
            ],
            [
                5.073239085392938e-09,
                2.8383170067834973e-09,
                1.626941927000127e-08,
                0.11243550969510407,
                0.8875644661239206
            ]
        ],
        [
            [
                0.00014566232069465837,
                9.118631745938166e-09,
                6.49082707063544e-09,
                0.2651533251730217,
                0.7347009968968249
            ],
            [
                1.3694489539753694e-09,
                2.672508975196674e-09,
                2.9921555296339045e-08,
                0.9996553770461001,
                0.0003445889903867523
            ],
            [
                3.124945961234398e-12,
                9.730884118189012e-12,
                0.9999999999427449,
                7.940194529889646e-12,
                3.645910309737002e-11
            ],
            [
                2.3848447642808345e-09,
                3.306195736007935e-09,
                3.634449527699893e-10,
                0.4992113035236859,
                0.5007886904218285
            ],
            [
                1.8978487677647306e-09,
                1.2377186315661859e-09,
                2.571612626460115e-10,
                0.18037589206626617,
                0.8196241045410051
            ]
        ],
        [
            [
                5.7601973374843734e-08,
                1.1153435734921359e-09,
                5.741331222029421e-09,
                0.16106564403512072,
                0.8389342915062311
            ],
            [
                2.7848414736682064e-10,
                4.1271234426576944e-08,
                2.1593507007935682e-07,
                0.6555538863533025,
                0.3444458561619088
            ],
            [
                1.0104128431076549e-07,
                1.5596391373241547e-07,
                0.9900774463615382,
                0.002518529365743985,
                0.00740376726751979
            ],
            [
                1.809467270836227e-08,
                1.8483547200848212e-09,
                5.175718547986124e-10,
                0.7749253471427743,
                0.2250746323966266
            ],
            [
                2.1173498229959623e-10,
                7.035350163993688e-09,
                5.841690066470805e-10,
                0.38847717501941365,
                0.6115228171493322
            ]
        ],
        [
            [
                0.9961332761194541,
                0.0038664737970549663,
                2.9098722735742716e-08,
                1.9083797538724138e-07,
                3.014679289736376e-08
            ],
            [
                3.0404043455487477e-09,
                1.890577282430755e-09,
                1.2179228996066667e-09,
                0.6004678487317304,
                0.399532145119365
            ],
            [
                7.113198910084693e-09,
                4.891623325381538e-08,
                8.21085497316094e-05,
                0.411781952846204,
                0.5881358825746322
            ],
            [
                8.079321668506884e-09,
                1.000161927163836e-09,
                4.430224383391692e-09,
                0.5384372043502137,
                0.4615627821400784
            ],
            [
                0.01517152527557829,
                1.463012727695689e-07,
                1.2005962227457598e-07,
                0.4261885941923493,
                0.5586396141711775
            ]
        ],
        [
            [
                0.3776913201623889,
                0.622308676721933,
                1.0523955516080218e-09,
                3.404098495566054e-10,
                1.7228726684867177e-09
            ],
            [
                6.603786820482017e-09,
                1.7262485451939275e-08,
                1.3150896400141102e-07,
                0.38020149695360433,
                0.6197983476711595
            ],
            [
                2.1710715152501523e-11,
                2.8150302789426678e-11,
                0.9999999834241245,
                1.6241870691403073e-08,
                2.841438447518542e-10
            ],
            [
                8.285451236556998e-09,
                2.2252992125661134e-09,
                5.378882072627162e-09,
                0.18497029099970264,
                0.8150296931106649
            ],
            [
                2.8913384189734562e-08,
                1.0875939699573559e-10,
                6.92577314990324e-10,
                0.39953859131061115,
                0.600461378974668
            ]
        ],
        [
            [
                0.8393769697192662,
                0.16062281894299332,
                1.0870888904335538e-08,
                8.043230991800475e-09,
                1.9242362056313072e-07
            ],
            [
                1.4910749997610457e-08,
                6.688031377801173e-09,
                2.08542500376925e-08,
                0.6026811733620502,
                0.39731878418491834
            ],
            [
                1.1320256130700482e-11,
                1.3861657446748096e-11,
                0.9999999201976847,
                7.97301356021344e-08,
                4.699778570173123e-11
            ],
            [
                7.122031399780715e-12,
                2.3329280921529747e-10,
                2.2871946029582803e-10,
                3.708267537147742e-06,
                0.9999962912633286
            ],
            [
                7.134960805160424e-09,
                8.746725123911875e-09,
                1.3601767902251057e-08,
                0.19871070703445878,
                0.8012892634820875
            ]
        ],
        [
            [
                0.6234206320676023,
                0.3765792003176565,
                2.627249987663513e-09,
                1.4771826768320043e-07,
                1.7269223542553897e-08
            ],
            [
                2.5979966904818243e-09,
                1.6643211473691767e-08,
                2.6225965326183793e-07,
                0.5462281041812828,
                0.4537716143178558
            ],
            [
                3.8268897641691746e-08,
                7.631585015235802e-09,
                0.3993164965294022,
                0.5993590961305075,
                0.0013243614396075535
            ],
            [
                8.283791664873176e-09,
                9.000983411048618e-10,
                2.5760468059511404e-09,
                0.596404167589358,
                0.40359582065070526
            ],
            [
                4.837772274848865e-09,
                3.5441499306246573e-10,
                7.677705837403575e-09,
                0.3918067267881955,
                0.6081932603419115
            ]
        ],
        [
            [
                1.234769239235557e-06,
                9.966131128251565e-10,
                3.2815787581158062e-09,
                0.037222608325503365,
                0.9627761526270655
            ],
            [
                1.3292664389584311e-08,
                6.9163418838806755e-09,
                3.0131251031081924e-09,
                0.7125769816389642,
                0.28742299513890435
            ],
            [
                2.699902780710001e-09,
                1.0296528801481194e-08,
                0.9995007266513389,
                0.0004946818350043102,
                4.578517225222421e-06
            ],
            [
                6.268657820650543e-09,
                3.9312046716076015e-10,
                2.841645256167445e-09,
                0.5927785891920082,
                0.4072214013045682
            ],
            [
                1.8629935747167373e-09,
                6.657346092141191e-10,
                6.086554964704234e-10,
                0.5799193018221765,
                0.4200806950404397
            ]
        ],
        [
            [
                0.8233581130563455,
                0.17664164501738552,
                3.7722142044738074e-09,
                4.9545163769034455e-08,
                1.8860889098372018e-07
            ],
            [
                7.494943126000833e-10,
                2.038708644460672e-09,
                1.2883838962184823e-09,
                0.7884900845247385,
                0.21150991139867473
            ],
            [
                1.2429471966352352e-11,
                8.502132916460754e-11,
                0.999999999167644,
                6.225921007555636e-10,
                1.1231297045646268e-10
            ],
            [
                1.448048692902548e-06,
                2.2121011277141407e-09,
                1.0656139954029713e-09,
                0.0013386896086203125,
                0.9986598590649716
            ],
            [
                4.465286385741561e-08,
                8.387053891142192e-10,
                8.440163301221852e-09,
                0.019771494737487114,
                0.9802284513307804
            ]
        ],
        [
            [
                0.9911094796919948,
                0.00889050998872842,
                1.2409690996163863e-09,
                1.7822887690161958e-09,
                7.2960188652248265e-09
            ],
            [
                3.258455419037564e-09,
                2.4754967613420438e-08,
                5.138141826573211e-07,
                0.8190599144636933,
                0.18093954370870105
            ],
            [
                1.4138833974813447e-07,
                3.153039918687426e-07,
                0.8958703509000296,
                0.012354770077111188,
                0.0917744223305276
            ],
            [
                8.826862654726826e-11,
                1.0710938129574272e-09,
                2.8457775110193694e-09,
                0.23648306951118078,
                0.7635169264836792
            ],
            [
                1.7224898424622935e-08,
                8.861953921201233e-09,
                2.418539412639287e-09,
                0.08496781920512556,
                0.9150321522894826
            ]
        ],
        [
            [
                0.9841928626469928,
                0.01580712885754676,
                3.6869462923553606e-10,
                5.8794279074826584e-09,
                2.2473379580424186e-09
            ],
            [
                3.172836741708388e-11,
                6.458377154657705e-10,
                1.3229654869406815e-08,
                0.8053596334714367,
                0.19464035262134238
            ],
            [
                2.5893457180823777e-09,
                1.658199344711043e-09,
                1.2947243036216606e-08,
                0.4017413245679755,
                0.5982586582372363
            ],
            [
                7.882752452334598e-08,
                3.6505531779005996e-09,
                1.4227708435767332e-09,
                0.3919414555152384,
                0.608058460583913
            ],
            [
                1.671076237450804e-08,
                4.23800206757611e-09,
                2.8688440016481e-09,
                0.12809625660526094,
                0.8719037195771305
            ]
        ],
        [
            [
                0.8237733063395825,
                0.1762266799658256,
                6.544319805856569e-10,
                9.617792455038556e-10,
                1.2078380620552387e-08
            ],
            [
                3.4725713799360324e-10,
                4.344975804633765e-10,
                1.1246138944622051e-08,
                0.7999477733925671,
                0.20005221457953917
            ],
            [
                2.6697973927664857e-11,
                1.6538666899466137e-11,
                0.9999999984002885,
                9.944729170450017e-10,
                5.620017943628804e-10
            ],
            [
                1.7312822355762973e-09,
                2.7620463422676828e-09,
                8.556957093462462e-09,
                0.4158916797304558,
                0.5841083072192584
            ],
            [
                3.3370274797884047e-09,
                5.320220952025913e-09,
                5.936561377791964e-10,
                0.4970540263371317,
                0.5029459644119637
            ]
        ],
        [
            [
                0.19895591213800448,
                1.7519458876063125e-08,
                1.750408500860443e-08,
                0.19895600513735742,
                0.6020880477010943
            ],
            [
                1.5771621604322048e-08,
                5.740620178767039e-09,
                5.615599897030018e-08,
                0.2266073227705274,
                0.7733925995612319
            ],
            [
                4.302946565892504e-09,
                6.948838112430229e-09,
                0.9999823658958812,
                1.7561355825272008e-05,
                6.149650884186347e-08
            ],
            [
                3.4148603742457564e-08,
                2.267747882098493e-09,
                1.8193090464104074e-08,
                0.2125312179496735,
                0.7874687274408845
            ],
            [
                1.1650995185092989e-08,
                2.6890795943820633e-09,
                2.9962237596897626e-09,
                0.33967631218803773,
                0.6603236704756638
            ]
        ],
        [
            [
                0.5012208793657035,
                0.4987791127842459,
                1.113156341858012e-10,
                6.047468515559411e-09,
                1.6912664944617533e-09
            ],
            [
                3.4872963213562886e-09,
                9.918340764787012e-09,
                6.924185423736794e-09,
                0.6516413403708476,
                0.3483586392993299
            ],
            [
                5.92134804849588e-08,
                2.060782313104686e-09,
                0.17034193991211244,
                0.22960335720056496,
                0.6000546416130598
            ],
            [
                1.2999522002647294e-09,
                3.2719481492178696e-11,
                1.3944955015862295e-10,
                0.0005467627569620957,
                0.9994532357709167
            ],
            [
                1.834405604592148e-08,
                4.072816483774449e-09,
                1.3020962259641187e-08,
                0.5948501694049025,
                0.4051497951572627
            ]
        ],
        [
            [
                2.9005139572045024e-07,
                3.47131773004317e-09,
                2.7667112459285376e-08,
                0.5447750204385831,
                0.45522465837159104
            ],
            [
                1.3385846650399015e-09,
                2.0285697586141887e-09,
                1.2833371137385663e-08,
                0.42398274768618466,
                0.5760172361132898
            ],
            [
                2.6952962522331597e-07,
                6.208309080195726e-07,
                0.19487087029057207,
                0.28012083166128104,
                0.5250074076876136
            ],
            [
                1.6115367118715543e-09,
                4.938801859083892e-10,
                6.480122175285694e-10,
                0.02873728439340163,
                0.9712627128531692
            ],
            [
                4.707381601264579e-10,
                2.7929691971636215e-09,
                4.445713973930167e-09,
                0.2081546935523574,
                0.7918452987382213
            ]
        ],
        [
            [
                0.7957681486086192,
                0.20423175753769787,
                3.335920203660887e-08,
                3.338145188249427e-08,
                2.711302885685388e-08
            ],
            [
                1.5241330115164503e-09,
                2.715107377030315e-07,
                4.232108456178086e-07,
                0.9351766387942807,
                0.0648226649600029
            ],
            [
                2.51001041373929e-07,
                4.5535590679113006e-08,
                0.2000652666790062,
                0.42491034418725854,
                0.3750240925971033
            ],
            [
                9.47623551035215e-09,
                1.6760052213550295e-09,
                4.0709086352918446e-08,
                0.36556786044948364,
                0.6344320876891892
            ],
            [
                8.614086415029277e-10,
                1.865894927388465e-10,
                1.7670413877678609e-09,
                0.00162807782564663,
                0.9983719193593139
            ]
        ],
        [
            [
                1.6997730518328797e-08,
                1.626536847783387e-08,
                4.809030456485382e-10,
                0.11243544023340876,
                0.8875645260225893
            ],
            [
                4.4503073469761676e-10,
                1.4461353923894422e-08,
                8.094638360836944e-08,
                0.8190430524944257,
                0.18095685165280612
            ],
            [
                5.6707955264055525e-09,
                2.7759686073290675e-08,
                9.674600591924399e-07,
                0.6761789736298065,
                0.3238200254796527
            ],
            [
                3.860611517657798e-08,
                1.2620674054619875e-08,
                7.280900386071379e-09,
                0.4035449566886867,
                0.5964549848036238
            ],
            [
                7.029409080185624e-09,
                2.9564089116663223e-09,
                1.4212694410272725e-09,
                0.3811744669803365,
                0.6188255216125761
            ]
        ],
        [
            [
                7.2632970124652005e-09,
                6.122131981513948e-10,
                8.247155695093874e-09,
                0.37743089512893513,
                0.622569088748399
            ],
            [
                2.9099799755387674e-07,
                4.628541413154435e-07,
                0.00020452549032207293,
                0.5085908796076674,
                0.4912038410498717
            ],
            [
                5.3468413812162765e-09,
                1.9736745543948582e-08,
                9.924458729907978e-05,
                0.6728952208638472,
                0.32700550946526674
            ],
            [
                1.7180772388927882e-07,
                9.51233362981955e-09,
                3.7488301200508975e-08,
                0.5580688254743784,
                0.44193095571726293
            ],
            [
                1.3517802657706163e-08,
                5.641681821018064e-10,
                6.5514609604561775e-09,
                0.37195566636476673,
                0.6280443130018015
            ]
        ],
        [
            [
                0.9888193960173524,
                0.011172486418144374,
                6.625537377242259e-08,
                6.542870930202334e-07,
                7.397022036526871e-06
            ],
            [
                2.1031234363503154e-08,
                7.665224281226149e-10,
                1.2909473963291414e-08,
                0.9956335323154945,
                0.004366432977274753
            ],
            [
                3.423728024826247e-09,
                8.631411658720272e-08,
                0.28168617568864657,
                0.7183124167785213,
                1.3177949874879291e-06
            ],
            [
                1.7249572297388089e-10,
                6.494812003932094e-10,
                1.227017585068638e-09,
                0.2532940790099797,
                0.7467059189410257
            ],
            [
                8.308867710294641e-10,
                2.781901778405511e-10,
                2.334748130601131e-09,
                0.3939720746906761,
                0.6060279218654989
            ]
        ],
        [
            [
                0.8130135638593361,
                0.18698638335709017,
                2.1114390860937597e-09,
                1.2228833026193607e-08,
                3.8443301570444346e-08
            ],
            [
                2.3849583565534045e-07,
                5.726931028592418e-07,
                0.025468524817415322,
                0.6077547940216349,
                0.36677586997201117
            ],
            [
                1.4582486802327503e-11,
                1.1171582315118025e-09,
                5.7558043586722916e-08,
                0.7999209755626029,
                0.20007896574761275
            ],
            [
                7.65752859681076e-09,
                2.8734479434146824e-09,
                2.9123222408049495e-09,
                0.7176685469397841,
                0.28233143961691703
            ],
            [
                3.300515289125971e-08,
                9.203603500093244e-10,
                8.381420466945787e-10,
                0.1967881081051819,
                0.8032118571311627
            ]
        ],
        [
            [
                3.760006971743058e-08,
                8.805418917580018e-09,
                1.0547619599813108e-08,
                0.129704630628722,
                0.8702953124181697
            ],
            [
                2.3273925867634465e-09,
                5.489301697555541e-09,
                4.853377317433558e-08,
                0.6001925774765009,
                0.3998073661730317
            ],
            [
                4.725249262895368e-12,
                2.429950200998534e-12,
                0.999999999961847,
                1.856821839725381e-11,
                1.242958450871948e-11
            ],
            [
                1.1658547101941334e-05,
                2.953215860606152e-10,
                2.7021125182658915e-10,
                0.17322249308828433,
                0.8267658477990808
            ],
            [
                7.515771648207025e-09,
                2.7627585101564363e-09,
                4.61196123411785e-10,
                0.393425879687156,
                0.6065741095731177
            ]
        ],
        [
            [
                0.9999835826588274,
                1.6415226282283423e-05,
                8.82263058149346e-10,
                7.513374716424317e-10,
                4.812898049992166e-10
            ],
            [
                2.145166784532569e-09,
                1.2930187211194284e-08,
                1.808742791317206e-08,
                0.8132022094657496,
                0.18679775737146842
            ],
            [
                9.547940139653952e-08,
                7.538375365987773e-08,
                5.17019451654555e-07,
                0.5467420742240864,
                0.45325723789330696
            ],
            [
                1.201586629648785e-09,
                8.346281243673054e-10,
                9.936212412570495e-10,
                0.1925927113971372,
                0.8074072855730268
            ],
            [
                1.0557080329760248e-08,
                1.3877132822293939e-08,
                3.91534643896009e-08,
                0.5963803103003656,
                0.40361962611195673
            ]
        ],
        [
            [
                4.484196279811683e-09,
                1.5344762711597238e-09,
                3.6630435653350973e-09,
                0.49725199099956485,
                0.5027479993187189
            ],
            [
                6.686317411509122e-09,
                1.3614253979085418e-08,
                5.837943422262684e-07,
                0.6592160952676925,
                0.34078330063739387
            ],
            [
                1.6463864095104357e-09,
                7.5364396271725e-09,
                1.1391931344900063e-08,
                0.4169694682432727,
                0.5830305111819699
            ],
            [
                2.5999692748811927e-09,
                1.1197604845306593e-10,
                2.2735693615548882e-08,
                0.2696413553485327,
                0.7303586192038284
            ],
            [
                1.3228531644298996e-09,
                5.342244690282039e-10,
                1.9909996923331245e-09,
                0.43066882621953123,
                0.5693311699323914
            ]
        ],
        [
            [
                0.9093201508030115,
                0.0906798440269572,
                9.207316634546587e-10,
                2.0828214279684593e-09,
                2.1664781553275204e-09
            ],
            [
                3.1327002453832653e-07,
                5.541093438574402e-08,
                0.00031665805945601546,
                0.6655101642545628,
                0.3341728090050222
            ],
            [
                6.423307499819296e-11,
                9.334567452563313e-11,
                0.9999999956373902,
                3.895315006954707e-09,
                3.0971604776564467e-10
            ],
            [
                4.21532946260381e-09,
                1.7005048370254884e-10,
                1.0280165419929115e-10,
                0.5456847935473569,
                0.4543152019644614
            ],
            [
                6.486277979738939e-09,
                7.903733321677368e-10,
                2.6973814827938116e-09,
                0.1995172784290419,
                0.8004827115969253
            ]
        ],
        [
            [
                9.64649582425282e-07,
                9.30104886427258e-10,
                6.2139500089465994e-09,
                0.0036645916103494203,
                0.9963344365960133
            ],
            [
                8.859336543954564e-09,
                2.9778735148243106e-10,
                3.448059154043558e-08,
                0.43062428874243563,
                0.5693756676198489
            ],
            [
                1.3874953080048445e-09,
                1.2364130934933738e-07,
                3.116730103681226e-07,
                0.8093842078271322,
                0.19061535547105285
            ],
            [
                2.336851207543323e-09,
                1.877116790117228e-09,
                1.6319617438703556e-08,
                0.18799690254227003,
                0.8120030769241445
            ],
            [
                0.04453998085395058,
                2.35953234988169e-08,
                1.0197802533536369e-07,
                0.5988523413432472,
                0.35660755222945345
            ]
        ],
        [
            [
                0.995445166217926,
                0.004554792411202706,
                1.7612950398292684e-08,
                1.334110625905432e-08,
                1.0416814676645947e-08
            ],
            [
                5.31478170600674e-09,
                1.0912802624671029e-10,
                2.8688699719444393e-09,
                0.7892333505376962,
                0.21076664116952418
            ],
            [
                2.6607881013216475e-10,
                9.781998016924464e-10,
                2.3713352091398794e-08,
                0.39807305670025905,
                0.6019269183421102
            ],
            [
                1.5778884701386498e-06,
                2.4748624072561427e-09,
                1.3948503636434555e-09,
                0.0022133145699792384,
                0.9977851036718379
            ],
            [
