{
    "[['A', 'B', 'C', 'D', 'E'], ['A', 'B', 'C', 'D', 'E']]": [
        [
            [
                0.9999988138359963,
                1.185833306546978e-06,
                2.575541661940053e-10,
                1.2181699368258985e-11,
                6.096127895847006e-11
            ],
            [
                0.009283545986599894,
                0.9905859974773396,
                0.00010850989661550253,
                1.7718477016718018e-05,
                4.2281624282174165e-06
            ],
            [
                1.0901630214703905e-08,
                1.5816726955014054e-06,
                8.405378802211921e-08,
                0.9990296853269931,
                0.0009686380448932058
            ],
            [
                1.5203199452665673e-09,
                1.0917830195042299e-07,
                6.356965435005279e-07,
                0.8808279729150489,
                0.11917128068978568
            ],
            [
                9.9931695698346e-09,
                7.451925889744308e-09,
                4.0420682597734944e-08,
                0.8577544068204879,
                0.14224553531373402
            ]
        ],
        [
            [
                0.999365455218536,
                0.0006345437479218858,
                1.550425871372424e-11,
                1.1246463186198993e-10,
                9.055732432678126e-10
            ],
            [
                0.11107761458537035,
                0.8889221453857483,
                1.2321892990857314e-07,
                1.00077683612156e-07,
                1.6732267769629875e-08
            ],
            [
                1.657661067884638e-08,
                1.706524127141032e-07,
                0.000195536362042265,
                0.9986432281241964,
                0.0011610482847379852
            ],
            [
                1.4476948920837293e-08,
                1.4261693991733798e-05,
                7.101492338302381e-06,
                0.9649375472571117,
                0.03504107507960943
            ],
            [
                2.6583466594668974e-08,
                6.363061734443656e-08,
                2.2782993730480867e-08,
                0.49575144782479214,
                0.5042484391781301
            ]
        ],
        [
            [
                0.9999999985336601,
                1.443224789079964e-09,
                5.510108673896787e-12,
                3.847700503086755e-13,
                1.7220276539943005e-11
            ],
            [
                0.9901173441289319,
                0.009882655141753674,
                3.552987770436089e-10,
                3.1183849258588196e-10,
                6.217710476717018e-11
            ],
            [
                3.4835572532258025e-08,
                0.000494326072071966,
                0.5022220079445351,
                0.49723150214163403,
                5.2129006186475894e-05
            ],
            [
                5.11661301567994e-09,
                1.1952170499262586e-07,
                4.96017428863987e-08,
                0.6910043094918571,
                0.30899551626808197
            ],
            [
                9.78676785529825e-10,
                2.895450601892086e-08,
                4.294537386854193e-09,
                0.9431970390493555,
                0.05680292672292432
            ]
        ],
        [
            [
                0.9999999740420491,
                2.5877549847104254e-08,
                2.209437157741036e-11,
                5.577261893292573e-11,
                2.5340478799419967e-12
            ],
            [
                0.0009520406081576417,
                0.9688035858219102,
                0.005103505022255327,
                0.025059177677791283,
                8.169086988556207e-05
            ],
            [
                4.1104553125467294e-08,
                4.1070751129552373e-07,
                0.4221502315375515,
                0.5778470348617067,
                2.2817886772825658e-06
            ],
            [
                7.42252559628523e-08,
                1.018585649618177e-06,
                1.6178311570759499e-06,
                0.9999249128114409,
                7.237654649645296e-05
            ],
            [
                3.525010312327741e-11,
                5.676006814197492e-10,
                9.741604823503193e-10,
                0.7927019539910248,
                0.2072980444319639
            ]
        ],
        [
            [
                0.8013384708899821,
                0.19866152903541803,
                2.744834956291338e-11,
                2.896599508333604e-11,
                1.818542385230137e-11
            ],
            [
                2.048586543660684e-07,
                0.0001926330366906681,
                0.010183500095895219,
                0.9895418702624521,
                8.179174630768299e-05
            ],
            [
                4.273557122515581e-06,
                0.10136201014419574,
                0.6668838068137476,
                0.2317399913008744,
                9.918184059879404e-06
            ],
            [
                5.673640835780621e-08,
                4.228731030348929e-07,
                1.8110089909460162e-07,
                0.9938223825253675,
                0.006176956764221996
            ],
            [
                2.18006776491282e-09,
                3.274582655066385e-09,
                8.41484462396676e-08,
                0.9977977217369365,
                0.002202188659966914
            ]
        ],
        [
            [
                0.9999988348026508,
                1.165115722213727e-06,
                1.359322222863178e-11,
                5.271308552148769e-11,
                1.532059747414452e-11
            ],
            [
                4.0491198433471505e-06,
                0.1436699228053241,
                0.04224703794590175,
                0.8094289228237981,
                0.004650067305132863
            ],
            [
                1.3158053663234887e-08,
                4.897617234247399e-07,
                3.0261411392125176e-06,
                0.9975700685295588,
                0.0024264024095248457
            ],
            [
                2.0160366714538006e-08,
                7.144533658652356e-09,
                3.6328138651356515e-08,
                0.5731421671638216,
                0.42685776920313934
            ],
            [
                2.7811773681467438e-09,
                5.101151998402255e-10,
                4.55150327171791e-09,
                0.3313666343948021,
                0.668633357762402
            ]
        ],
        [
            [
                0.9999116918816957,
                8.830401485307511e-05,
                1.7705833975624655e-10,
                1.1597897490782942e-11,
                3.914794967587656e-09
            ],
            [
                0.8010357724461267,
                0.19896422601109148,
                4.846192709905366e-10,
                4.861758680751027e-10,
                5.719867194168966e-10
            ],
            [
                5.431326495245327e-07,
                4.691119692228081e-05,
                0.8544863288926651,
                0.1454073203672424,
                5.8896410520726035e-05
            ],
            [
                1.3839799705406764e-09,
                2.109750810315086e-09,
                2.99033275004397e-08,
                0.8999987330031367,
                0.10000123359980498
            ],
            [
                7.462986236699277e-10,
                1.4075376874498867e-09,
                7.651801744215177e-09,
                0.03834991233840341,
                0.9616500778559585
            ]
        ],
        [
            [
                0.9999987798887544,
                1.219932205249696e-06,
                1.427800104325951e-10,
                1.6890223482284666e-11,
                1.9370100116341916e-11
            ],
            [
                0.0003895085006233043,
                0.4113397962495067,
                0.5862688143967635,
                0.0019714958704624553,
                3.0384982644243914e-05
            ],
            [
                7.426062964327704e-07,
                4.3503904233598645e-07,
                0.6467335539559204,
                0.3531842333198202,
                8.103507892073486e-05
            ],
            [
                1.708232707722756e-08,
                4.305162089771734e-06,
                0.0018343468600551466,
                0.9976604543265039,
                0.0005008765690241784
            ],
            [
                3.918062911627416e-08,
                5.627218591336664e-09,
                3.9436290432854995e-08,
                0.5386545537477568,
                0.46134536200810505
            ]
        ],
        [
            [
                0.9999593087877358,
                4.069112574546398e-05,
                1.031802939432733e-11,
                4.1355870214717225e-12,
                7.206510294889672e-11
            ],
            [
                1.337363961975416e-06,
                0.19869646750960093,
                0.0604574832981366,
                0.7408355209033773,
                9.190924923241123e-06
            ],
            [
                1.5878257513782745e-07,
                2.3448656014127213e-05,
                0.7718810885190024,
                0.22675278902644738,
                0.001342515015961003
            ],
            [
                4.3774654835282836e-08,
                1.909718866272079e-08,
                5.880273057791557e-07,
                0.8708515227931414,
                0.1291478263077093
            ],
            [
                4.033734500254426e-09,
                1.0598044948264104e-08,
                3.864669066964878e-09,
                0.4134646042272896,
                0.5865353772762619
            ]
        ],
        [
            [
                0.9999662395897345,
                3.376040033402629e-05,
                3.255904461128407e-12,
                5.589186597289655e-12,
                1.0863588153499724e-12
            ],
            [
                6.415937998541764e-06,
                0.20371880202180234,
                0.2134934683249581,
                0.5827313431322326,
                4.997058300843931e-05
            ],
            [
                2.7078729788070043e-06,
                0.02903970464201973,
                0.5947351835013049,
                0.376199057701839,
                2.334628185753019e-05
            ],
            [
                6.933817070213115e-09,
                8.449995214690109e-09,
                2.540103246082202e-07,
                0.9939307384961651,
                0.006068992109698112
            ],
            [
                3.2658257855467794e-08,
                9.3526324318389e-09,
                9.110272490517887e-09,
                0.4634252523826316,
                0.5365746964962057
            ]
        ],
        [
            [
                0.9954044555515915,
                0.004595544178147183,
                8.797019926732769e-11,
                3.1953352716516273e-11,
                1.5033780401952042e-10
            ],
            [
                0.9095443793491206,
                0.09045562007905343,
                2.1903519416736821e-10,
                1.2931220193012506e-10,
                2.234786125669708e-10
            ],
            [
                8.699350663169783e-09,
                6.4939420661522e-06,
                0.589920764012274,
                0.3095470567647481,
                0.10052567658156106
            ],
            [
                2.1465289799413252e-09,
                3.27113897507326e-09,
                2.1539696275836165e-08,
                0.9632126034295702,
                0.03678736961306549
            ],
            [
                5.807471643863492e-10,
                4.6556156890488453e-10,
                6.202503995236961e-10,
                0.6091875123532703,
                0.3908124859801706
            ]
        ],
        [
            [
                0.990372758852324,
                0.009627240470986242,
                3.7603946419595834e-10,
                2.1045886329237243e-10,
                9.019137637451228e-11
            ],
            [
                6.1902470899847195e-06,
                0.39831880728571356,
                0.4654925016286311,
                0.1361567396432889,
                2.5761195276498218e-05
            ],
            [
                3.140541313073911e-08,
                3.149711933789782e-08,
                0.005674902346528653,
                0.9922443812669253,
                0.002080653484013605
            ],
            [
                9.44939732349129e-09,
                6.4671391906420336e-06,
                6.617219476911386e-09,
                0.5810766809352478,
                0.4189168358589447
            ],
            [
                9.346750412308259e-10,
                2.1028389098283368e-10,
                1.7985151240501384e-08,
                0.9541039572996854,
                0.0458960235702044
            ]
        ],
        [
            [
                0.9999999964089146,
                2.967386724161738e-09,
                3.8980906136633645e-11,
                3.305702805956206e-10,
                2.5414766296050936e-10
            ],
            [
                2.2828142284826762e-05,
                0.45059107470704085,
                0.31970076106936873,
                0.22967033084146868,
                1.5005239836885994e-05
            ],
            [
                5.828693770420494e-12,
                8.575775402450248e-12,
                0.9999999999223885,
                5.59637561953285e-11,
                7.243401731333378e-12
            ],
            [
                2.708295923894916e-09,
                1.4041582500078761e-07,
                1.9761574378510894e-07,
                0.9998570713919533,
                0.000142587868181915
            ],
            [
                4.2966535726486737e-10,
                4.5204493149660787e-10,
                4.476083029477242e-09,
                0.5092972748503507,
                0.4907027197918559
            ]
        ],
        [
            [
                0.9999997863086417,
                2.134725365702367e-07,
                8.169997064817526e-13,
                2.0043139682357232e-11,
                1.979613915533546e-10
            ],
            [
                0.2778228280832912,
                0.7221418294037916,
                3.416916443696408e-05,
                5.525460630527556e-07,
                6.208024172668679e-07
            ],
            [
                1.0864537609572053e-07,
                9.287734916377753e-06,
                0.19830745044325943,
                0.8006956870895126,
                0.0009874660869355826
            ],
            [
                1.133500169591539e-08,
                1.6482540786204302e-07,
                2.8834714256596917e-07,
                0.9314981699649568,
                0.0685013655274911
            ],
            [
                1.0804418364032534e-09,
                6.709145840785795e-09,
                1.1665015846917888e-08,
                0.5595202057898682,
                0.4404797747555283
            ]
        ],
        [
            [
                0.9999626147704512,
                3.738513672552639e-05,
                1.5314092291294054e-11,
                1.6396517513962443e-11,
                6.11126452385771e-11
            ],
            [
                4.128256158409097e-06,
                0.3180773685443892,
                0.1506837514770136,
                0.5307331098730517,
                0.0005016418493869797
            ],
            [
                4.671359335631503e-08,
                2.0566247726054397e-06,
                0.5562798331349328,
                0.44362948668243685,
                8.8576844264454e-05
            ],
            [
                3.989162272633356e-09,
                2.280872151594722e-06,
                8.095353967786711e-08,
                0.9991262151527093,
                0.0008714190324372245
            ],
            [
                3.845188283468775e-09,
                1.5408449599698925e-08,
                5.2559224945577104e-08,
                0.6650476570739812,
                0.33495227111315606
            ]
        ],
        [
            [
                0.999999881485385,
                1.18412125353766e-07,
                7.908545041496125e-11,
                2.2702456000207854e-11,
                7.017438276246663e-13
            ],
            [
                0.0387518595654854,
                0.9612419067742479,
                1.947740708491767e-06,
                1.081955250798028e-06,
                3.2039643074257924e-06
            ],
            [
                3.959875331158593e-08,
                3.99536974822796e-07,
                0.027674644936902346,
                0.9497359637525584,
                0.022588952174811123
            ],
            [
                4.114967948149855e-08,
                3.624178573562961e-07,
                5.2528414086544495e-05,
                0.9950304189907979,
                0.0049166490275786776
            ],
            [
                6.138690231653203e-10,
                2.031654403560198e-10,
                2.978398355394711e-09,
                0.22689636003490996,
                0.7731036361696573
            ]
        ],
        [
            [
                0.9999960572715397,
                3.942685008538887e-06,
                1.6040328458229366e-12,
                1.7713393163252944e-11,
                2.4134300616467104e-11
            ],
            [
                2.0011789696776347e-05,
                0.19965566861456008,
                0.2306783543480838,
                0.5610195892932842,
                0.008626375954375144
            ],
            [
                3.520082025635233e-07,
                8.100239681263853e-05,
                0.5057839328564594,
                0.4941340332477501,
                6.794907752797241e-07
            ],
            [
                2.0483947304246168e-08,
                0.0035966965877119975,
                4.825919321619275e-05,
                0.996289397374271,
                6.56263608535321e-05
            ],
            [
                1.8200695197607333e-09,
                1.3214414963710724e-09,
                1.9660724941120736e-08,
                0.6094835481188072,
                0.39051642907895673
            ]
        ],
        [
            [
                0.9998775840215344,
                0.00012241566714815395,
                9.401516957267393e-11,
                6.266092201186807e-11,
                1.5464151239785517e-10
            ],
            [
                0.000155673995275826,
                0.2144425105509114,
                0.7735976276240206,
                0.011799465935879458,
                4.721893912710341e-06
            ],
            [
                1.0088971425995935e-08,
                3.3918462140483203e-06,
                0.4006338139061776,
                0.5934993811922014,
                0.005863402966435726
            ],
            [
                7.122690220885717e-09,
                9.255805520326404e-07,
                3.015727625232076e-07,
                0.9914430280095128,
                0.0085557377144824
            ],
            [
                2.9769478396695207e-09,
                1.4077789831965728e-09,
                3.4895728432970114e-09,
                0.5503406452276441,
                0.4496593468980562
            ]
        ],
        [
            [
                0.9999994943372738,
                5.05354553773307e-07,
                5.491520702240558e-11,
                3.0307493251264074e-12,
                2.502264900526577e-10
            ],
            [
                2.69854582128803e-06,
                2.6212558904753393e-05,
                0.6155063440478584,
                0.3842927223817217,
                0.00017202246569369067
            ],
            [
                2.1076304258361737e-06,
                0.11179930662707226,
                0.38275549100562695,
                0.5050275138051474,
                0.00041558093172745965
            ],
            [
                1.114775481922288e-08,
                4.1327332894678385e-06,
                3.8419198135221946e-08,
                0.6189991550708979,
                0.38099666262885956
            ],
            [
                1.0003065245075758e-08,
                5.0988317315626074e-08,
                3.9138705420924724e-08,
                0.5851013287696512,
                0.41489857110026096
            ]
        ],
        [
            [
                0.9998806713514766,
                0.0001193281514690573,
                1.9287203724863628e-11,
                1.372003158430472e-10,
                3.405666483259382e-10
            ],
            [
                4.8984145209150873e-05,
                0.14081109903659353,
                0.5119425733612137,
                0.346108549196625,
                0.001088794260358596
            ],
            [
                1.6549322633333204e-07,
                2.0082042322226327e-06,
                0.6005501012383362,
                0.397733093532448,
                0.001714631531757259
            ],
            [
                5.806971275235769e-08,
                3.1353995901211214e-07,
                1.780906865120234e-06,
                0.9991075230262039,
                0.0008903244572592402
            ],
            [
                1.169282247809187e-09,
                3.1365591973374482e-09,
                6.166090683960772e-10,
                0.39639915089775407,
                0.6036008441797954
            ]
        ],
        [
            [
                0.999999898181527,
                1.0174720386467123e-07,
                2.0820900228440248e-11,
                3.130228349657731e-11,
                1.91458817679142e-11
            ],
            [
                2.1854640074192128e-06,
                0.004593963160783855,
                0.018869556719928845,
                0.975586463655961,
                0.0009478309993189263
            ],
            [
                1.977814906534233e-08,
                3.6394023738664716e-08,
                0.3776012310861391,
                0.6206166074455645,
                0.0017821052961237045
            ],
            [
                4.907860146850011e-10,
                1.2097227815501187e-10,
                9.599206673659734e-09,
                0.48113547158714215,
                0.5188645182018929
            ],
            [
                1.2749928971382101e-09,
                5.143214305192278e-09,
                1.9909252168842175e-08,
                0.922689113228268,
                0.07731086044427254
            ]
        ],
        [
            [
                0.8871793509938688,
                0.11282064848365182,
                1.343707820071109e-10,
                3.0233349565349356e-10,
                8.577515642365456e-11
            ],
            [
                3.492983418844181e-06,
                0.18233169317974304,
                0.18393461058786334,
                0.6334043439948159,
                0.0003258592541589601
            ],
            [
                2.7256084358063266e-08,
                4.4958084344796996e-07,
                0.00016232457629762094,
                0.9990266590425954,
                0.0008105395441793071
            ],
            [
                4.430152530858934e-08,
                3.668329094265668e-06,
                5.169257865423489e-06,
                0.9970935018392092,
                0.0028976162723058784
            ],
            [
                3.189608547095899e-10,
                4.017764323222503e-09,
                2.1925730162817187e-09,
                0.7339374022886573,
                0.2660625911820444
            ]
        ],
        [
            [
                0.9996146425190557,
                0.0003853571789342017,
                1.9510066589169448e-11,
                1.9739622708121116e-10,
                8.510357374236817e-11
            ],
            [
                0.0010739769654147374,
                0.6501985180917165,
                0.1113553349390926,
                0.23731361901352765,
                5.855099024857533e-05
            ],
            [
                7.530955250891676e-07,
                0.0038459693710093173,
                0.39030283567557406,
                0.6052025214802127,
                0.0006479203776788364
            ],
            [
                9.827813069175136e-09,
                2.751130408140635e-07,
                2.3824173118844126e-06,
                0.9893228725054359,
                0.010674460136398245
            ],
            [
                2.0171410953418725e-10,
                1.9370845302180713e-08,
                8.449955691772863e-10,
                0.29387308515016763,
                0.7061268944322774
            ]
        ],
        [
            [
                0.9999999549088285,
                4.465265074131707e-08,
                1.3829693371952115e-10,
                4.0742377817944665e-11,
                2.594813438325535e-10
            ],
            [
                1.4533393615183777e-06,
                0.20080594165903257,
                0.0002865338540859191,
                0.7989022846539774,
                3.7864935427291642e-06
            ],
            [
                3.2931923879520726e-11,
                8.539673067428136e-12,
                0.9999999980344414,
                2.468404634192039e-11,
                1.8994030789154652e-09
            ],
            [
                2.503976496991036e-08,
                5.873923499995299e-07,
                5.258413741035616e-05,
                0.998885870295285,
                0.0010609331351897424
            ],
            [
                9.477275209236531e-10,
                2.8917221101451013e-08,
                1.8723176888962663e-09,
                0.6007497760366585,
                0.39925019222607516
            ]
        ],
        [
            [
                0.9999981905157783,
                1.809407049265049e-06,
                3.2901964379289964e-11,
                3.123585879534939e-11,
                1.3034591707033918e-11
            ],
            [
                0.00022212927197796787,
                0.9307477602100769,
                0.06885838525409167,
                0.00017126155728981109,
                4.637065638011598e-07
            ],
            [
                1.2060653069519135e-08,
                7.167197591997913e-05,
                0.3001949670041219,
                0.6983101158830732,
                0.001423233076231686
            ],
            [
                1.6126465858675267e-08,
                1.3991093132071425e-05,
                4.383784040460386e-06,
                0.814672921612727,
                0.18530868738363465
            ],
            [
                7.265404658616345e-10,
                2.72635884907081e-09,
                2.6184271812006658e-08,
                0.9743164670572726,
                0.025683503305556313
            ]
        ],
        [
            [
                0.9996988065177209,
                0.0003011934233595767,
                6.685552611893449e-12,
                1.534043422470794e-12,
                5.07000358415771e-11
            ],
            [
                0.9667637962205199,
                0.03323619626633159,
                2.663432024267821e-09,
                9.01492942963905e-10,
                3.948223577138545e-09
            ],
            [
                3.258891462042766e-07,
                3.949616367877252e-07,
                0.6573504675806994,
                0.33244347813608355,
                0.010205333432434028
            ],
            [
                2.475487400986284e-09,
                3.5270227646747235e-09,
                2.5874702459515304e-08,
                0.9341860815241114,
                0.06581388659867586
            ],
            [
                8.713385745198818e-10,
                1.147671560302404e-09,
                1.18812059670497e-09,
                0.4261361414928484,
                0.5738638553000208
            ]
        ],
        [
            [
                0.9999477594079589,
                5.2240506848675465e-05,
                7.32203028591449e-12,
                5.979333736347159e-11,
                1.807705951232085e-11
            ],
            [
                0.14918563015555458,
                0.850801549774716,
                1.0760815403273346e-05,
                7.443271717739584e-07,
                1.3149271543690416e-06
            ],
            [
                5.3298882149740035e-08,
                0.00215840478107082,
                0.9493536074504532,
                0.04848702645394363,
                9.080156501915477e-07
            ],
            [
                5.786283584017179e-07,
                0.00045852893766635964,
                0.0002754272761977123,
                0.9802093526626083,
                0.019056112495169166
            ],
            [
                8.196391515322173e-09,
                2.063341328438462e-07,
                3.515422205960409e-08,
                0.6147358015423814,
                0.3852639487728722
            ]
        ],
        [
            [
                0.9999850278331183,
                1.4972110460598442e-05,
                3.4677345186426815e-11,
                9.980521370146882e-12,
                1.1763171179764847e-11
            ],
            [
                1.29924330533737e-06,
                0.06419209445004975,
                0.0009169236165533467,
                0.9347535594107134,
                0.00013612327937809364
            ],
            [
                5.2271757734797615e-12,
                7.834239113648591e-12,
                0.9999999994876911,
                4.821824311166628e-10,
                1.7064968446595167e-11
            ],
            [
                2.6669109706774208e-08,
                9.162156662218413e-06,
                4.850010834369252e-07,
                0.9993856317549845,
                0.0006046944181600886
            ],
            [
                2.906238282338677e-09,
                1.0158638644982367e-08,
                3.41160067046744e-08,
                0.90378062989304,
                0.09621932292607638
            ]
        ],
        [
            [
                0.9999329297926515,
                6.707006526956423e-05,
                1.1276341930143356e-10,
                2.566792944292579e-11,
                3.6475227037199166e-12
            ],
            [
                1.4328960697288934e-06,
                0.0010141758716857815,
                0.006246712150643819,
                0.9866024647181338,
                0.006135214363466786
            ],
            [
                1.526106306839231e-07,
                1.5986269280321585e-06,
                0.0013912727878907132,
                0.9835282998670919,
                0.01507867610745877
            ],
            [
                3.8941307186791e-10,
                9.607281062329822e-07,
                2.2494576318939107e-08,
                0.9996216596770016,
                0.0003773567109028538
            ],
            [
                2.7897100128177652e-09,
                6.872458468615416e-09,
                4.8127848453236614e-08,
                0.5605146956859907,
                0.43948524652399235
            ]
        ],
        [
            [
                0.9999848548512692,
                1.5145067780716161e-05,
                2.7521909582276744e-11,
                3.41083543656872e-11,
                1.93198363930806e-11
            ],
            [
                1.0073291855347826e-07,
                0.000401309421193796,
                0.10105663547943351,
                0.8446205085443856,
                0.053921445822068495
            ],
            [
                1.331530830223279e-10,
                2.821087843819695e-08,
                0.8035026752042299,
                0.19649421455359498,
                3.0818981434941986e-06
            ],
            [
                9.007407312201825e-08,
                0.0036987692815305577,
                0.19598541279864226,
                0.7464371564878405,
                0.053878571357913664
            ],
            [
                2.4236705365705333e-09,
                2.043326265822046e-09,
                2.1265121367672592e-08,
                0.8432988010035672,
                0.1567011732643146
            ]
        ],
        [
            [
                0.9999997262835493,
                2.700036349635733e-07,
                2.0888386586226014e-10,
                1.162632319235517e-11,
                3.4923055210107095e-09
            ],
            [
                2.2305970194505967e-06,
                0.00865881767665941,
                0.00015985035921795254,
                0.9888469200787534,
                0.0023321812883498076
            ],
            [
                3.9620672235803187e-10,
                7.053492262373148e-09,
                5.6433424463082073e-08,
                0.9999909776988632,
                8.958418013297355e-06
            ],
            [
                5.184203296957872e-09,
                2.3398497628030605e-05,
                3.507818199986554e-06,
                0.955974260790732,
                0.043998827709236646
            ],
            [
                1.5319543868033562e-09,
                4.287936778295002e-08,
                7.609243347241192e-09,
                0.4504469650885361,
                0.5495529828908984
            ]
        ],
        [
            [
                0.9999943088510759,
                5.690975580257201e-06,
                1.6516414013281496e-11,
                6.356981283075897e-11,
                9.325753364491832e-11
            ],
            [
                0.7766204648904783,
                0.2233795179065297,
                3.2689905774922634e-09,
                9.091496991286254e-09,
                4.842504534122355e-09
            ],
            [
                1.7089393707046454e-06,
                0.0999030548881777,
                0.09232691415772805,
                0.775002554180194,
                0.03276576783452941
            ],
            [
                2.461928874064652e-09,
                6.474659710307259e-08,
                3.5270171367003047e-08,
                0.6244027768979294,
                0.37559712062337314
            ],
            [
                1.743014471333277e-09,
                1.4107073429870544e-09,
                2.930781618617042e-08,
                0.6121545952775264,
                0.3878453722609358
            ]
        ],
        [
            [
                0.9999955980309913,
                4.401929265939009e-06,
                2.217329518872221e-11,
                7.2167743786901976e-12,
                1.0352725492391927e-11
            ],
            [
                2.3105889802257677e-07,
                0.0006341631350546365,
                3.412164042885871e-05,
                0.9991821025796979,
                0.00014938158592063373
            ],
            [
                3.6939034576383496e-10,
                3.716516294308461e-10,
                0.9999999812868715,
                4.2844821551992366e-10,
                1.754363835308919e-08
            ],
            [
                2.521743356472371e-10,
                1.7657266399088837e-08,
                1.920076710474729e-09,
                0.7244869091251739,
                0.2755130710453087
            ],
            [
                2.114331341307497e-09,
                8.509338865024675e-09,
                4.030567731761072e-09,
                0.9126691886351306,
                0.0873307967106314
            ]
        ],
        [
            [
                0.9999999512630848,
                4.8719091513465913e-08,
                1.6631595691279574e-12,
                1.2172072513801443e-11,
                3.988438170423984e-12
            ],
            [
                5.989548327294239e-07,
                0.00023740322438304073,
                0.0006330171183822604,
                0.9988978013511471,
                0.0002311793512547946
            ],
            [
                7.194709534798834e-08,
                3.7235526330344707e-07,
                0.20288491823516683,
                0.7876040883633565,
                0.009510549099118039
            ],
            [
                6.543614257275006e-08,
                4.09085866593692e-05,
                1.191195863735995e-06,
                0.9927395385594774,
                0.007218296221856887
            ],
            [
                2.760397919395938e-09,
                2.9761472544180704e-09,
                9.781820730488313e-09,
                0.9892415569721149,
                0.010758427509519176
            ]
        ],
        [
            [
                0.9999998378679035,
                1.6210776067997318e-07,
                1.199943694532201e-11,
                2.1311392140635536e-12,
                1.0205263872053303e-11
            ],
            [
                2.6686467055853295e-06,
                2.667577659363536e-05,
                0.008586840548598028,
                0.9886577931581562,
                0.002726021869946594
            ],
            [
                3.346952876328287e-07,
                8.526563657327028e-05,
                0.008051446472699928,
                0.990750836659274,
                0.0011121165361651535
            ],
            [
                1.614726338151934e-08,
                7.666142920863172e-06,
                7.4477016200002865e-06,
                0.9975515937087064,
                0.0024332762994892874
            ],
            [
                6.773095551237812e-10,
                2.899048187138295e-10,
                8.533330221712947e-10,
                0.7989988359064919,
                0.20100116227296075
            ]
        ],
        [
            [
                0.9999987135924948,
                1.2863935417005583e-06,
                9.593150240931477e-12,
                3.8460374378634414e-12,
                5.24408410669077e-13
            ],
            [
                0.20545005169052055,
                0.7945470430725626,
                1.5821102530519213e-06,
                9.199720405363246e-07,
                4.0315462327218276e-07
            ],
            [
                1.293642154791943e-09,
                1.580816547282349e-06,
                1.571579125502773e-05,
                0.9991271835047011,
                0.0008555185938544211
            ],
            [
                5.4759665521524305e-08,
                0.00011114061939400741,
                8.795121030754712e-07,
                0.9997765054051017,
                0.0001114197037357837
            ],
            [
