{
    "[['A', 'B', 'C', 'D', 'E'], ['A', 'B', 'C', 'D', 'E']]": [
        [
            [
                0.9999994688427092,
                5.310424147676354e-07,
                3.351782720582703e-11,
                2.4576349147595245e-12,
                7.890054898772529e-11
            ],
            [
                0.9999682916364395,
                3.170828173178082e-05,
                5.376977999245085e-11,
                2.0677416060515775e-11,
                7.38156974365099e-12
            ],
            [
                1.9480193408995647e-08,
                2.4476182629482306e-06,
                9.01069847154956e-06,
                0.960447363306264,
                0.03954115889680816
            ],
            [
                1.5437413158212007e-08,
                8.107122503684614e-08,
                1.4985144990802707e-07,
                0.5628807346274545,
                0.4371190190124575
            ],
            [
                8.177848571946152e-10,
                4.713368896878975e-09,
                2.7127040276702544e-09,
                0.41761571918429935,
                0.5823842725718429
            ]
        ],
        [
            [
                0.999999237859423,
                7.620981884974814e-07,
                3.276748403692121e-11,
                3.171720121961562e-12,
                6.449380593306954e-12
            ],
            [
                0.9998894384903344,
                0.00011056140981928803,
                4.632985411018205e-12,
                7.622029354486838e-11,
                1.8993158403974824e-11
            ],
            [
                1.7668756533434604e-07,
                2.3798042351001637e-07,
                8.278605475139145e-06,
                0.9323990497994444,
                0.06759225692709155
            ],
            [
                2.1940345679810358e-09,
                9.574435847263985e-10,
                1.0655415785192417e-09,
                0.6380222499391094,
                0.3619777458438708
            ],
            [
                6.769984282843949e-09,
                1.2395078395705895e-09,
                2.1269769447147307e-08,
                0.23406940784550256,
                0.7659305628752359
            ]
        ],
        [
            [
                0.999505455111035,
                0.0004945448284453846,
                2.533081662088591e-11,
                5.395559693706588e-12,
                2.97932272469642e-11
            ],
            [
                0.9999329200385518,
                6.707988741405095e-05,
                4.4181779106562475e-11,
                1.1324277852202033e-11,
                1.852805185299141e-11
            ],
            [
                8.473769957269775e-09,
                1.5589710656083312e-08,
                4.408448451942645e-07,
                0.9957106749266899,
                0.004288860164984235
            ],
            [
                3.3453191558417165e-09,
                1.5757311001902145e-08,
                6.164256839484736e-08,
                0.7283726385847763,
                0.2716272806700251
            ],
            [
                4.4561365353607925e-09,
                1.1511686005537362e-09,
                4.670313320133917e-09,
                0.03908327434785691,
                0.9609167153745247
            ]
        ],
        [
            [
                0.9999999877043371,
                1.2286353145548638e-08,
                4.574913622047241e-12,
                3.2863511366329575e-12,
                1.4486906867291805e-12
            ],
            [
                0.9123875194181533,
                0.08761247993383188,
                2.2749431364249564e-11,
                1.2575290680566258e-10,
                4.995125107165806e-10
            ],
            [
                6.494464623660569e-07,
                1.0772214360773655e-07,
                0.015093412667576004,
                0.9726764185261485,
                0.01222941163766946
            ],
            [
                1.8080433127383516e-09,
                2.4950473822767756e-08,
                7.281273071409189e-10,
                0.4073348695595382,
                0.5926651029538174
            ],
            [
                4.958493494036513e-09,
                6.396742046782357e-10,
                2.4293121977322434e-09,
                0.0036658472899932814,
                0.9963341446825268
            ]
        ],
        [
            [
                0.9998560035427319,
                0.00014399626274249388,
                6.043133094697357e-11,
                1.9851759360121457e-11,
                1.1424250175116327e-10
            ],
            [
                0.9244826832566757,
                0.07551731647746743,
                5.1945093907527687e-11,
                1.0453130548086501e-11,
                2.034586605102521e-10
            ],
            [
                1.049034216710033e-08,
                2.4943251960067447e-08,
                1.1294854607022971e-08,
                0.8977766164790286,
                0.10222333679252263
            ],
            [
                1.0695391302353987e-08,
                6.351900903000495e-10,
                1.285097225678072e-09,
                0.19098609977849565,
                0.8090138876058258
            ],
            [
                6.790324502493254e-09,
                1.7477838649830416e-09,
                4.429431580474507e-08,
                0.16362544028192694,
                0.836374506885649
            ]
        ],
        [
            [
                0.9999956099574479,
                4.389877778684368e-06,
                1.3486785614273182e-10,
                9.274546905867811e-12,
                2.0630958487995494e-11
            ],
            [
                0.999999450291819,
                5.492021377345673e-07,
                4.401893530814033e-11,
                2.2919388489987883e-11,
                4.3910504713863897e-10
            ],
            [
                6.266954202970982e-07,
                6.373320146608568e-07,
                0.39616000331699314,
                0.5782969322217367,
                0.025541800433835228
            ],
            [
                2.5505555557999406e-08,
                3.94032552319869e-07,
                1.5714051561805737e-08,
                0.5590797179590342,
                0.44091984678880636
            ],
            [
                3.568189071778253e-10,
                2.1047173954935318e-09,
                2.589017864551635e-10,
                0.13647144948176057,
                0.8635285477978013
            ]
        ],
        [
            [
                0.9999944926636558,
                5.507293913970219e-06,
                3.747896596733094e-12,
                3.1745437306571355e-11,
                6.937047760774533e-12
            ],
            [
                0.9166022769014335,
                0.08339772273588707,
                1.6804275946165663e-10,
                4.901707120975632e-11,
                1.4561965102432572e-10
            ],
            [
                4.375852336757069e-07,
                1.5546641628501735e-06,
                0.028688590189388546,
                0.9527492172987857,
                0.018560200262429216
            ],
            [
                1.494288953893577e-09,
                2.18790882549066e-09,
                5.707356674911449e-09,
                0.20514923749159936,
                0.7948507531188462
            ],
            [
                2.7359987445768514e-09,
                7.943728039380045e-10,
                5.250973408013888e-10,
                0.006020029205184384,
                0.9939799667393467
            ]
        ],
        [
            [
                0.9999999364929575,
                6.281714089154388e-08,
                1.4409454413974596e-11,
                3.0109505747204187e-12,
                6.724812865825948e-10
            ],
            [
                0.9999999257855721,
                7.322894517163005e-08,
                3.812079981503239e-12,
                3.7195124855207974e-11,
                9.444754970542629e-10
            ],
            [
                4.390815807815186e-09,
                2.868097680148436e-08,
                1.3370074112305607e-07,
                0.8303215330173391,
                0.16967830021012711
            ],
            [
                1.7478648541698847e-10,
                1.205470638174526e-08,
                4.857023445567932e-09,
                0.7866580575116412,
                0.21334192540184238
            ],
            [
                1.6005286734096266e-09,
                2.0461615673227906e-08,
                8.816007061476846e-08,
                0.3148970019931902,
                0.6851028877845948
            ]
        ],
        [
            [
                0.9998177757992881,
                0.00018222406400889582,
                3.5880570791821384e-11,
                1.547983267566843e-11,
                8.534267351659292e-11
            ],
            [
                0.9999998523968996,
                1.4252411029934527e-07,
                2.0683721723649672e-11,
                3.294829283287003e-11,
                5.025358085411925e-09
            ],
            [
                1.2666433131754696e-09,
                5.648274206677452e-09,
                4.3225492556874826e-08,
                0.9798292180853219,
                0.02017073177426805
            ],
            [
                5.2239487115757544e-09,
                7.742931355347009e-09,
                5.330432186365353e-09,
                0.4264905926464394,
                0.5735093890562484
            ],
            [
                2.3729285249314167e-08,
                5.67763068440001e-09,
                7.908566985775563e-10,
                0.03055921030542454,
                0.9694407594968029
            ]
        ],
        [
            [
                0.9999999694001652,
                3.0575337618566257e-08,
                8.797037955663661e-12,
                1.0916497738199468e-11,
                4.783638685191563e-12
            ],
            [
                0.9992706159722968,
                0.0007293837358921006,
                1.1723289245213003e-10,
                5.276659491639747e-11,
                1.2181156211477658e-10
            ],
            [
                6.118646803674804e-09,
                3.021167894452278e-07,
                2.2347179321682248e-06,
                0.9822796399868632,
                0.01771781705976841
            ],
            [
                1.8719211111865832e-09,
                1.1330646838952285e-08,
                4.878365535553423e-09,
                0.7799980312804973,
                0.22000195063856925
            ],
            [
                3.7950904847940507e-10,
                2.947454516661875e-09,
                1.912607348127069e-08,
                0.007482197765000831,
                0.9925177797819622
            ]
        ],
        [
            [
                0.9997660948214565,
                0.00023390503710279763,
                6.705572765221739e-11,
                9.997376088872253e-12,
                6.438762059499708e-11
            ],
            [
                0.9999993047570307,
                6.950643117772654e-07,
                2.0429876254239264e-11,
                1.2561973671151525e-10,
                3.260791114511054e-11
            ],
            [
                1.9505100087283463e-08,
                1.3204989990534596e-06,
                4.827344777588651e-08,
                0.9075990617530855,
                0.09239954996936768
            ],
            [
                1.3772954894937782e-09,
                2.470356969077726e-09,
                3.0638513679168376e-08,
                0.6753479646028274,
                0.3246520009110064
            ],
            [
                3.0081849029099694e-09,
                2.1292162596645287e-09,
                4.640491988241991e-09,
                0.04623030076604349,
                0.9537696894560633
            ]
        ],
        [
            [
                0.9999138882641737,
                8.611166892001372e-05,
                1.5824765547768273e-11,
                2.2484511348100487e-11,
                2.8596989420117014e-11
            ],
            [
                0.9999138578939087,
                8.614188160652136e-05,
                3.086148076457281e-11,
                8.899257576035437e-11,
                1.0463064302841033e-10
            ],
            [
                1.0000312510602368e-09,
                1.279484576389464e-09,
                7.680837672915727e-09,
                0.9784106879966844,
                0.021589302042962173
            ],
            [
                2.3907038866432315e-10,
                2.9994125668428894e-10,
                1.0623004099556547e-08,
                0.20002124332131496,
                0.7999787455166694
            ],
            [
                5.5728556533519004e-09,
                1.025322901331981e-09,
                1.1742050855912885e-09,
                0.12487721762210822,
                0.875122774605508
            ]
        ],
        [
            [
                0.9999999549621331,
                4.501461826266173e-08,
                1.1942441821846105e-11,
                7.356873380224364e-12,
                3.949301119679825e-12
            ],
            [
                0.9999936061859128,
                6.393776472105917e-06,
                1.6074806020020706e-11,
                5.768573871031541e-12,
                1.5771596177264134e-11
            ],
            [
                3.8383874399844676e-08,
                5.225359949922043e-09,
                1.9383135385328955e-08,
                0.9850790061638905,
                0.014920930843739588
            ],
            [
                7.476066967614779e-09,
                1.3046627747926558e-09,
                7.2849193439569314e-09,
                0.18248729201388278,
                0.817512691920468
            ],
            [
                1.3600912591224979e-09,
                7.900110821966483e-10,
                2.2338919204772514e-08,
                0.19799988402395582,
                0.8020000914870226
            ]
        ],
        [
            [
                0.999985028325613,
                1.4971615509766517e-05,
                7.714210090557642e-12,
                4.9465163776792354e-11,
                1.6979079373136255e-12
            ],
            [
                0.9999329201610961,
                6.707957908734071e-05,
                8.641350488521092e-11,
                2.0086980067608593e-11,
                1.5331602213067077e-10
            ],
            [
                1.977944924585252e-09,
                1.1398135565948322e-08,
                9.95823354707478e-09,
                0.8136089357445393,
                0.18639104092114656
            ],
            [
                3.3362163624015053e-09,
                3.559381101798024e-08,
                9.661155033389247e-10,
                0.5422658339029743,
                0.45773412620088266
            ],
            [
                1.2266849496727518e-08,
                7.437235592914556e-09,
                1.1700521033715132e-08,
                0.3075807197799552,
                0.6924192488154386
            ]
        ],
        [
            [
                0.9999999728530031,
                2.703418488337144e-08,
                9.746296777599298e-12,
                3.717604459606014e-12,
                9.934809144544648e-11
            ],
            [
                0.9999506113916597,
                4.9388383390865254e-05,
                1.2272349235228936e-10,
                8.767944861396044e-11,
                1.4546389951029104e-11
            ],
            [
                7.151456224794972e-11,
                2.6538444381335968e-08,
                0.999999970828289,
                2.1792249484894546e-09,
                3.825272270922146e-10
            ],
            [
                3.763584272959724e-09,
                1.707261666162805e-09,
                2.0878310740675563e-09,
                0.20063466269849317,
                0.7993653297428298
            ],
            [
                3.1502053894859742e-09,
                6.865560929773091e-09,
                2.54131610266332e-07,
                0.16548613531964973,
                0.8345136005329737
            ]
        ],
        [
            [
                0.999806684019956,
                0.00019331586630337545,
                6.068921809526626e-11,
                5.559077565015467e-12,
                4.749233632174505e-11
            ],
            [
                0.9999179599250761,
                8.203984924069605e-05,
                7.657693354501033e-11,
                5.0390277276178635e-11,
                9.871595833101522e-11
            ],
            [
                2.266751096520211e-06,
                0.00025109598275144924,
                0.061725145842366616,
                0.9277589915973289,
                0.010262499826456554
            ],
            [
                1.757431371804743e-09,
                1.1440992007051716e-09,
                1.1490957486413866e-09,
                0.29176749401957225,
                0.7082325019298014
            ],
            [
                3.87994615653907e-10,
                3.849765227700868e-09,
                9.655663451029598e-09,
                0.1567801179699122,
                0.8432198681366645
            ]
        ],
        [
            [
                0.9999995224714473,
                4.769511392979573e-07,
                5.331729836322717e-10,
                1.951398196710262e-11,
                2.47265205450182e-11
            ],
            [
                0.9941371590085443,
                0.0058628402286593695,
                5.99828562863786e-10,
                1.5151656896843307e-10,
                1.1451171656773885e-11
            ],
            [
                3.4193288404619115e-08,
                4.218018001635272e-06,
                1.471277645042056e-05,
                0.9960309733895973,
                0.003950061622662152
            ],
            [
                4.998507106818094e-10,
                9.89886289896382e-10,
                1.0391990858634107e-08,
                0.6692778917440427,
                0.33072209637422945
            ],
            [
                2.1905979586557884e-09,
                9.372288189845196e-10,
                5.745414415251388e-09,
                0.2583227296326379,
                0.7416772614941208
            ]
        ],
        [
            [
                0.9999923477556697,
                7.651755686804944e-06,
                4.2755436742301854e-10,
                1.1756823249387107e-11,
                4.9332262066735975e-11
            ],
            [
                0.9999998734388976,
                1.262912014231539e-07,
                1.6779712652098024e-11,
                2.989685884618898e-11,
                2.232244634672463e-10
            ],
            [
                5.035767242559171e-10,
                8.312592679241554e-08,
                9.282616507632786e-08,
                0.9567642773077278,
                0.0432355462366036
            ],
            [
                5.114916257730887e-09,
                1.9971418277440407e-09,
                3.2816591689593544e-08,
                0.715614158862512,
                0.2843858012088383
            ],
            [
                7.174692424734615e-10,
                9.692523868329822e-11,
                1.7657403314326335e-10,
                0.1666368639794335,
                0.833363135029598
            ]
        ],
        [
            [
                0.9999999800870805,
                1.97070856589537e-08,
                3.714093529010584e-12,
                1.9803525447476898e-10,
                4.084520803508911e-12
            ],
            [
                0.999999938708512,
                6.118615078718785e-08,
                2.0860314734934074e-11,
                2.6467929450198807e-12,
                8.183005646610025e-11
            ],
            [
                5.144258175962828e-07,
                4.907899668502728e-07,
                0.0020591773013814638,
                0.9967716623475326,
                0.0011681551353014906
            ],
            [
                2.9214765453186826e-10,
                1.4593117160170852e-09,
                2.8702770972380365e-09,
                0.7002160649884308,
                0.2997839303898327
            ],
            [
                1.1531981876969434e-09,
                1.0996013490726457e-08,
                1.1600255925136354e-09,
                0.16355884234740958,
                0.8364411443433531
            ]
        ],
        [
            [
                0.9973080867051185,
                0.0026919129570508907,
                1.2945875269565252e-10,
                7.245522521279585e-11,
                1.3591653577207302e-10
            ],
            [
                0.999984989378684,
                1.5010281329248485e-05,
                3.643811228482684e-12,
                3.097393792758758e-10,
                2.660360121529862e-11
            ],
            [
                2.5356751827546756e-08,
                3.899878081553768e-08,
                0.0017129803968502688,
                0.9922255268206354,
                0.00606142842698166
            ],
            [
                4.108342055940776e-09,
                8.56607896099362e-10,
                2.921769229295572e-08,
                0.842275884617147,
                0.15772408120021067
            ],
            [
                2.698194673685141e-09,
                4.147638049875641e-10,
                9.637060198439878e-11,
                0.0006517580561854119,
                0.9993482387344855
            ]
        ],
        [
            [
                0.9999979670524041,
                2.0329138475362506e-06,
                1.7158216153360688e-11,
                1.4389063871262694e-12,
                1.515134616438961e-11
            ],
            [
                0.9999999407953976,
                5.919334065540679e-08,
                8.69218732798232e-13,
                6.446402803357033e-12,
                3.9461284787117284e-12
            ],
            [
                4.253242371088932e-06,
                4.635446976649722e-05,
                0.20980112379029286,
                0.7770867460339062,
                0.013061522463663414
            ],
            [
                1.9932119189194293e-08,
                1.9238704367787393e-08,
                3.3249180824021677e-07,
                0.6050716282061388,
                0.39492800013122936
            ],
            [
                6.834080053489584e-09,
                2.5561728184674234e-09,
                3.9051179384103763e-08,
                0.23377939290507455,
                0.7662205586534931
            ]
        ],
        [
            [
                0.9999592876993709,
                4.071179313416199e-05,
                6.492915020009294e-11,
                1.1995349146259156e-11,
                4.305704562245978e-10
            ],
            [
                0.9999999867707687,
                1.3197096287335223e-08,
                2.4705760153222852e-11,
                4.4724215056027565e-12,
                2.9567343863988596e-12
            ],
            [
                8.807121365071386e-08,
                8.226061149139968e-07,
                5.3930067537326426e-05,
                0.8038315785792156,
                0.19611358067591855
            ],
            [
                7.052432793531579e-09,
                2.717355033343201e-07,
                5.827027995494466e-09,
                0.9310900212821005,
                0.06890969410293535
            ],
            [
                6.121597597431614e-10,
                4.072060926456209e-10,
                1.1548592251541865e-09,
                0.19657266079621483,
                0.80342733702956
            ]
        ],
        [
            [
                0.9999966206823351,
                3.3782711296798415e-06,
                9.89707271905647e-10,
                1.1984173779740753e-11,
                4.4843769058196345e-11
            ],
            [
                0.9999931095119439,
                6.890432664044872e-06,
                2.2361354613293656e-11,
                3.0883205786715276e-11,
                2.147488276759676e-12
            ],
            [
                3.4834538478342713e-07,
                3.4370599300890433e-06,
                1.439652656106554e-06,
                0.9563303107086839,
                0.04366446423334506
            ],
            [
                1.4735203854789955e-08,
                6.971047020780244e-09,
                6.296527114016332e-08,
                0.8447362961337608,
                0.15526361919471707
            ],
            [
                2.787645643123514e-07,
                4.689695693296518e-07,
                4.821794877016012e-08,
                0.021239465841224252,
                0.9787597382066934
            ]
        ],
        [
            [
                0.9999999811060973,
                1.8745206437907037e-08,
                3.64627416777333e-12,
                1.374570754789401e-10,
                7.592925973008944e-12
            ],
            [
                0.999988272530077,
                1.1727370820633588e-05,
                1.9353179271311347e-11,
                4.4812183472419926e-11,
                3.493690306031345e-11
            ],
            [
                1.1561742080159087e-11,
                8.573567834468951e-11,
                0.9999999981582179,
                1.5392361548776198e-09,
                2.0524858903267976e-10
            ],
            [
                4.1833982111827975e-09,
                6.256968823440841e-09,
                1.5019661793815322e-08,
                0.39248459455942536,
                0.6075153799805458
            ],
            [
                5.0962932721735e-10,
                1.9403996356210383e-09,
                4.2763811308586184e-10,
                0.09088781352419449,
                0.9091121835981385
            ]
        ],
        [
            [
                0.9997634531715061,
                0.00023654667493730892,
                1.9294652468467703e-11,
                8.516763019253238e-11,
                4.909432134118946e-11
            ],
            [
                0.9999999698929427,
                3.007511768426342e-08,
                1.8373762351851675e-11,
                6.919459175193778e-12,
                6.646500050297872e-12
            ],
            [
                1.6949496335063484e-08,
                1.1479082499469382e-06,
                5.897777489819499e-08,
                0.9095892998853824,
                0.09040947627909651
            ],
            [
                3.1611898617500315e-10,
                6.696473352733269e-09,
                1.699639469872074e-10,
                0.23477814376400308,
                0.7652218490534406
            ],
            [
                8.254479213311042e-10,
                1.568149905932133e-10,
                7.391420719897763e-10,
                0.09195873124271033,
                0.9080412670358847
            ]
        ],
        [
            [
                0.9978026009523426,
                0.002197398970862577,
                2.6152107215654564e-11,
                4.0067968865851894e-11,
                1.057477658607279e-11
            ],
            [
                0.9999999702795354,
                2.965599592063849e-08,
                4.500977197401613e-11,
                1.2181170105319686e-11,
                7.277879110943255e-12
            ],
            [
                1.700954997230662e-09,
                4.5241306887716654e-08,
                1.1334852771261869e-07,
                0.7931753290513709,
                0.20682451065783958
            ],
            [
                3.30770883501125e-10,
                1.4476452831344402e-09,
                5.0114738768296005e-09,
                0.5623293383149179,
                0.4376706548951921
            ],
            [
                8.511386844557472e-11,
                1.912063703219848e-10,
                8.634038417471944e-11,
                0.00013528930995719261,
                0.9998647103273821
            ]
        ],
        [
            [
                0.9941320246570454,
                0.005867975268218922,
                3.5247616295778805e-11,
                1.889498477222616e-11,
                2.059304103409042e-11
            ],
            [
                0.9999999634563713,
                3.653113941089832e-08,
                4.277165508214796e-12,
                6.015697431732729e-12,
                2.196383479032729e-12
            ],
            [
                2.483466636412091e-07,
                1.6036880272313663e-05,
                0.8754411914986976,
                0.12453708413866173,
                5.439135704606414e-06
            ],
            [
                6.60208274135699e-10,
                1.1607789365593417e-09,
                1.0516182571112151e-10,
                0.33236720793640945,
                0.6676327901374415
            ],
            [
                9.888919537735873e-10,
                1.351728692794566e-09,
                1.5722937873770604e-10,
                0.2750151573205561,
                0.7249848401815939
            ]
        ],
        [
            [
                0.9999992545848974,
                7.453721787403997e-07,
                1.7876502930196316e-12,
                3.459011237426102e-12,
                3.767723678460385e-11
            ],
            [
                0.8924233565016011,
                0.10757664252569182,
                2.7268020676868536e-10,
                5.579822230180626e-10,
                1.4204472356899175e-10
            ],
            [
                1.9381273210164714e-08,
                4.620332186529448e-09,
                2.2292022604717e-07,
                0.9816301858532863,
                0.01836956722488223
            ],
            [
                3.3273851995535604e-09,
                9.430236342497812e-10,
                1.2826784005827033e-10,
                0.1781929066729118,
                0.8218070889284115
            ],
            [
                1.763796738825517e-08,
                2.2400732134661483e-09,
                9.430810715450299e-09,
                0.3401940235147853,
                0.6598059471763634
            ]
        ],
        [
            [
                0.9999999975385963,
                1.9607801131943083e-09,
                8.851576999742081e-12,
                4.812754696346e-10,
                1.0496600180375555e-11
            ],
            [
                0.9999984219605855,
                1.5780237042182806e-06,
                6.720685325961842e-12,
                7.26475151320161e-12,
                1.724774093417796e-12
            ],
            [
                1.568723205753174e-07,
                6.5280792495317154e-06,
                8.25610959850348e-06,
                0.979568498808667,
                0.02041656013016443
            ],
            [
                1.065012540869943e-08,
                2.2428943369248587e-09,
                2.661713805086327e-09,
                0.508636649686767,
                0.49136333475849947
            ],
            [
                3.1459720053657797e-10,
                1.0366347617330384e-09,
                1.4650249493133064e-11,
                0.10548755518696659,
                0.8945124434471511
            ]
        ],
        [
            [
                0.9999909202922195,
                9.079671433890916e-06,
                2.0681392259842723e-11,
                1.4190500312519465e-11,
                1.474763437702303e-12
            ],
            [
                0.997501615467142,
                0.002498383839397168,
                1.581268312169393e-10,
                2.70422095137863e-10,
                2.6491174545187133e-10
            ],
            [
                2.2181615162371826e-09,
                1.2201815375044374e-08,
                2.0085994560160384e-09,
                0.928747963326326,
                0.07125202024509755
            ],
            [
                4.076704791406449e-09,
                2.627870788971194e-08,
                1.3828725367089186e-09,
                0.9159894533701275,
                0.08401051489158731
            ],
            [
                6.138163037457893e-09,
                4.044320379865312e-10,
                1.1816845628163803e-09,
                0.023925480350750657,
                0.9760745119249696
            ]
        ],
        [
            [
                0.99999998612359,
                1.3833975919459949e-08,
                2.9995835775108126e-11,
                9.802631029101298e-12,
                2.6356149185721874e-12
            ],
            [
                0.999913124497157,
                8.687534005183742e-05,
                7.553170407149398e-12,
                2.0258736732908913e-11,
                1.3497932182945624e-10
            ],
            [
                1.7155132862119085e-07,
                4.3901893919905654e-08,
                3.230493772762866e-07,
                0.8383800405723176,
                0.16161942092508258
            ],
            [
                3.1062222592430253e-09,
                9.918393301577086e-09,
                1.5365363503662568e-08,
                0.3799086855081356,
                0.6200912861018852
            ],
            [
                6.447698308211242e-10,
                2.5190323217875027e-09,
                5.125672125650653e-10,
                0.018151437734220264,
                0.9818485585894103
            ]
        ],
        [
            [
                0.9999999910022633,
                8.97000582639021e-09,
                2.2836216608077153e-11,
                2.777588745930221e-12,
                2.117170825536672e-12
            ],
            [
                0.9999795188610453,
                2.048105759039056e-05,
                1.3062633528136632e-11,
                5.858560445289988e-11,
                9.71611414455727e-12
            ],
            [
                6.675479406673071e-08,
                2.0892735255796337e-07,
                0.0010531853323198265,
                0.9936790515791086,
                0.005267487406424955
            ],
            [
                1.902205758880037e-08,
                3.8303770261667503e-07,
                4.885766469813347e-08,
                0.5756387910635951,
                0.4243607580189801
            ],
            [
                2.2831858534206115e-10,
                1.4046737164139584e-10,
                8.983717593950077e-10,
                0.011235706242281608,
                0.9887642924905607
            ]
        ],
        [
            [
                0.9999944098644724,
                5.589756009776969e-06,
                8.800088506083888e-12,
                4.2057396733726836e-11,
                3.286604162327819e-10
            ],
            [
                0.9964017205733429,
                0.003598278194398617,
                4.2256887189913e-11,
                7.272135401291714e-10,
                4.627881844216255e-10
            ],
            [
                5.558254786074193e-08,
                9.313550592949062e-06,
                1.5229543369743901e-05,
                0.9775991047788083,
                0.022376296544681106
            ],
            [
                5.089041970274655e-10,
                7.373989846685868e-09,
                4.205471436851074e-09,
                0.9849785099698759,
                0.015021477941758567
            ],
            [
                4.765968508591815e-10,
                1.175419613129903e-08,
                1.858571668051787e-09,
                0.10780970141170768,
                0.8921902844989276
            ]
        ],
        [
            [
                0.999997380129382,
                2.6193381240696095e-06,
                2.2222759243776797e-11,
                2.5638883089787316e-10,
                2.538823882526484e-10
            ],
            [
                0.9993802962932045,
                0.0006197034008420997,
                3.6674931807560086e-11,
                3.3196943520640834e-11,
                2.3608165958648293e-10
            ],
            [
                4.21267879260954e-11,
                2.255494040762542e-09,
                1.312448851194816e-07,
                0.9976744196087268,
                0.0023254468487672476
            ],
            [
                2.9983915101353165e-08,
                3.6297709769117524e-09,
                3.570233176095227e-09,
                0.22491148497897423,
                0.7750884778371064
            ],
            [
                1.0095344557879326e-09,
                3.145356487001974e-10,
                8.253035689033765e-10,
                0.6067164731064525,
                0.3932835247441739
            ]
        ],
        [
            [
                0.9962205007182271,
                0.003779499098431868,
                1.1506189413680252e-10,
                6.044075044030747e-11,
                7.838359838468435e-12
            ],
            [
                0.9996142007099836,
                0.0003857989603965463,
                2.991723682569127e-11,
                1.0534951690182055e-10,
                1.943530562163327e-10
            ],
            [
                5.294925055553756e-08,
                0.0011068700898242431,
                0.9980768535538955,
                0.0008133694484104946,
                2.8539586192446736e-06
            ],
            [
                1.6306028209926152e-10,
                7.045887458413063e-10,
                1.1423393673653373e-08,
                0.6941263314871624,
                0.3058736562217949
            ],
            [
                2.812781434089203e-09,
                1.0831052121414078e-09,
                7.473248268218498e-11,
                0.0009366764996805573,
                0.9990633195297003
            ]
        ],
        [
            [
                0.9999329133929141,
                6.708633461949723e-05,
                2.6757938268122238e-11,
                9.969106795517051e-12,
                2.3573939435204616e-10
            ],
            [
                0.9999997917369466,
                2.0822632161333452e-07,
                9.395188464180668e-12,
                8.691150546254095e-13,
                2.646750895384479e-11
            ],
            [
                4.839108962523473e-09,
                5.4602329725388194e-08,
                0.0001147449501935577,
                0.9996526281312105,
                0.00023256747715730207
            ],
            [
                4.962955152428085e-09,
