{
    "[['A', 'B', 'C', 'D', 'E'], ['A', 'B', 'C', 'D', 'E']]": [
        [
            [
                0.9999948068397182,
                5.193118584306741e-06,
                2.3220820660899425e-11,
                1.310384803500637e-12,
                1.716617796931883e-11
            ],
            [
                0.9999999105404394,
                8.945189929069497e-08,
                1.5286344974199938e-13,
                5.088009438246442e-12,
                2.4207937149796616e-12
            ],
            [
                1.9288202992789867e-07,
                0.052293464427884837,
                0.9466637658120537,
                0.0010408019896810089,
                1.7748883506398045e-06
            ],
            [
                3.2016475261958196e-08,
                2.0231596360585528e-08,
                1.589522541213732e-08,
                0.576764713076747,
                0.4232352187799559
            ],
            [
                1.722752451880841e-10,
                4.343000536321386e-10,
                8.155323636131883e-09,
                0.3999010924243965,
                0.6000988988137046
            ]
        ],
        [
            [
                0.9999999965645936,
                3.2640103459959163e-09,
                5.122656189975591e-11,
                1.1841948112452462e-10,
                1.750015369979761e-12
            ],
            [
                0.9998894357406934,
                0.00011056410304658797,
                3.2823483772766772e-12,
                1.0485965607780482e-10,
                4.811789417469026e-11
            ],
            [
                2.897951816662802e-07,
                0.19926706868800528,
                0.8007316192215393,
                8.748708938468805e-07,
                1.4742437975912375e-07
            ],
            [
                7.10892148631125e-08,
                3.212351076238018e-08,
                1.7325869537066054e-06,
                0.6679311233315192,
                0.33206704086880146
            ],
            [
                9.038768560987118e-10,
                1.0618345522796269e-10,
                5.430419953952026e-09,
                0.3834767679369608,
                0.6165232256225589
            ]
        ],
        [
            [
                0.9999999997346645,
                1.7538233316201223e-10,
                2.3801338853280214e-11,
                6.428282210879313e-11,
                1.8689879074796754e-12
            ],
            [
                0.9999987685861151,
                1.2312591491712573e-06,
                1.7042763305747095e-11,
                1.2799989591032151e-12,
                1.3641293295405426e-10
            ],
            [
                1.1595478683473302e-06,
                0.5932343711355675,
                0.4065884659074539,
                0.00017511879954465568,
                8.846095655767341e-07
            ],
            [
                3.3160381278506206e-08,
                7.100843829789263e-07,
                5.6202554220912254e-05,
                0.9751083268207497,
                0.02483472738026528
            ],
            [
                1.087910169616582e-09,
                7.237706030627731e-08,
                1.5881729932225947e-07,
                0.7033724879453367,
                0.2966272797723935
            ]
        ],
        [
            [
                0.9999957026226289,
                4.297184396957071e-06,
                1.3437799854141868e-11,
                1.7543653400935634e-10,
                4.0996948545383545e-12
            ],
            [
                0.9999998224617661,
                1.7746183870432518e-07,
                2.2627656201001193e-11,
                1.1385895301295338e-11,
                4.238168722821844e-11
            ],
            [
                1.681291578585032e-08,
                2.046562464211255e-05,
                0.9999756993576016,
                3.8135544454955228e-06,
                4.650395043795613e-09
            ],
            [
                6.999340879408827e-08,
                6.222750269932841e-08,
                6.202132564388412e-07,
                0.47476707488255054,
                0.5252321726832815
            ],
            [
                1.0002318885125724e-09,
                1.0612240679209968e-09,
                2.4324598935498162e-08,
                0.7639840994431192,
                0.23601587417082592
            ]
        ],
        [
            [
                0.9999999823928882,
                1.759333538395157e-08,
                9.913585039127324e-12,
                2.8026969578878296e-12,
                1.0601931351085091e-12
            ],
            [
                0.9999999304154398,
                6.957180493068335e-08,
                6.353499253110053e-12,
                1.6087677637212e-13,
                6.240945952392809e-12
            ],
            [
                5.7619025707019536e-12,
                1.1318675965323318e-11,
                0.9999999999502738,
                2.1186071573333804e-11,
                1.145951178060665e-11
            ],
            [
                3.131924370981286e-07,
                4.290462500931793e-07,
                0.0007835464373598924,
                0.9040292051680997,
                0.09518650615585325
            ],
            [
                4.304531449562735e-09,
                4.621642987199681e-08,
                2.0231816783003744e-07,
                0.6479532093336506,
                0.3520465378272201
            ]
        ],
        [
            [
                0.9999966596822882,
                3.340286931526312e-06,
                3.5308216985032723e-12,
                9.114188300921097e-12,
                1.8135259182180838e-11
            ],
            [
                0.9999612847439164,
                3.87151719199936e-05,
                6.915620224909902e-11,
                1.2828662317064168e-11,
                2.1786464488729783e-12
            ],
            [
                4.816173979238858e-09,
                1.5017235702342052e-05,
                0.9999849673885918,
                8.94112346508504e-09,
                1.6184084343079693e-09
            ],
            [
                1.2224185244764186e-09,
                8.67017692381141e-09,
                1.0571805473664068e-07,
                0.31440568322165047,
                0.6855942011676993
            ],
            [
                4.2184154128209045e-10,
                6.566956485740189e-10,
                9.434491909416827e-10,
                0.23263533263105407,
                0.7673646653469596
            ]
        ],
        [
            [
                0.9999966564542632,
                3.343329215772575e-06,
                3.566494609488168e-12,
                2.128487137769804e-10,
                1.0586962571738172e-13
            ],
            [
                0.9999944918134896,
                5.508128854617038e-06,
                3.6853163869213575e-12,
                4.4174322157311905e-11,
                9.79603887574046e-12
            ],
            [
                6.471606130934967e-06,
                0.7324432556621613,
                0.26445758724674756,
                0.0030918603657198464,
                8.251192403029372e-07
            ],
            [
                6.986944504021873e-10,
                2.3486572653713977e-10,
                1.7682688383101601e-09,
                0.666766456255988,
                0.333233541042183
            ],
            [
                4.672833993272142e-09,
                3.7668553503515226e-10,
                1.2453428672053322e-09,
                0.17180810641756228,
                0.8281918872875753
            ]
        ],
        [
            [
                0.9999956815103911,
                4.318412471329573e-06,
                4.7999440274333315e-11,
                1.243543719613846e-11,
                1.6702755346378006e-11
            ],
            [
                0.9999999996460858,
                1.3586419336871663e-10,
                6.820187539005771e-12,
                3.019836113170082e-11,
                1.8103153462168707e-10
            ],
            [
                4.280851980544833e-06,
                0.5323617751987835,
                0.46763345816493346,
                3.393417310779294e-07,
                1.4644257138976278e-07
            ],
            [
                1.0898266688795726e-07,
                1.5887589862900353e-06,
                1.129093805442735e-05,
                0.8922744484733193,
                0.10771256284697311
            ],
            [
                4.102203249458627e-08,
                4.8392742847880204e-08,
                8.276547290596318e-08,
                0.5117477441135461,
                0.4882520837062056
            ]
        ],
        [
            [
                0.9995054695487461,
                0.000494530417974486,
                1.3807646836240598e-11,
                1.5870857261549973e-11,
                3.6009006313762754e-12
            ],
            [
                0.9999874214778728,
                1.257839502210534e-05,
                2.286656423440754e-11,
                5.443789202100842e-11,
                4.980063382778756e-11
            ],
            [
                8.73829469562964e-06,
                0.4182173173559138,
                0.5766371725775008,
                0.00513389232793519,
                2.8794439546434747e-06
            ],
            [
                4.0714650471618474e-07,
                0.00030392940026209743,
                0.00010811322472723263,
                0.852850114444724,
                0.14673743578378184
            ],
            [
                2.053908396505565e-10,
                5.951723028841045e-11,
                3.596884294043601e-09,
                0.35611864202204613,
                0.6438813541161615
            ]
        ],
        [
            [
                0.9999999999041438,
                8.011100787921168e-11,
                1.2326375274236089e-11,
                1.4300542701882912e-12,
                1.988891479197008e-12
            ],
            [
                0.999999465398832,
                5.345511049005305e-07,
                8.80732030095433e-12,
                2.460943315615173e-11,
                1.6646350503022155e-11
            ],
            [
                0.027905541310497675,
                0.9720944291730178,
                2.45051916474177e-08,
                4.153516157614428e-09,
                8.577768107155611e-10
            ],
            [
                5.605392459414042e-10,
                1.551993159015996e-08,
                3.443623916631259e-08,
                0.712731502684038,
                0.2872684467992521
            ],
            [
                7.208703561908505e-10,
                7.317455945201791e-09,
                3.926029221916655e-10,
                0.6408193886996654,
                0.35918060286940534
            ]
        ],
        [
            [
                0.9992792977874212,
                0.0007207020579575617,
                4.2210078446761375e-11,
                3.0793688095320385e-11,
                8.161749535284668e-11
            ],
            [
                0.9999997694819597,
                2.3022795327885453e-07,
                2.3471332899171686e-11,
                3.482247452490171e-11,
                2.3179323462446338e-10
            ],
            [
                3.375357165401607e-06,
                0.25393924363543424,
                0.7458774648486824,
                0.00017952709982311512,
                3.8905889465857286e-07
            ],
            [
                1.0815324516661321e-07,
                8.265587735137124e-08,
                2.9354538037491884e-08,
                0.6335433535251404,
                0.36645642631119907
            ],
            [
                1.6051146104018976e-07,
                1.6322719348415762e-07,
                8.865397180573282e-06,
                0.8730793835899934,
                0.12691142727417154
            ]
        ],
        [
            [
                0.9999999916960173,
                8.30057689391797e-09,
                2.531018025875518e-12,
                8.086801255152677e-13,
                6.610269252369062e-14
            ],
            [
                0.984827912052707,
                0.01517208770640224,
                4.365789868923702e-11,
                1.8187592014000571e-10,
                1.5356936884394855e-11
            ],
            [
                1.6807350417809737e-06,
                0.36008825955278567,
                0.6382304677067977,
                0.0016782390530283812,
                1.352952346403755e-06
            ],
            [
                9.841423862234809e-09,
                5.394302421188355e-07,
                1.5714060113513402e-07,
                0.5517080675628749,
                0.4482912260248579
            ],
            [
                3.1507159897284165e-09,
                1.1114142323393873e-09,
                1.7921511935976657e-09,
                0.5279628169822943,
                0.4720371769634243
            ]
        ],
        [
            [
                0.9999999996798841,
                3.0371584731320413e-10,
                1.5618130298543029e-12,
                4.846807750372442e-13,
                1.4353451840821166e-11
            ],
            [
                0.9999502316004335,
                4.976827736747204e-05,
                1.5657828806322563e-11,
                6.828607276449834e-11,
                3.8255171667146377e-11
            ],
            [
                1.240431236898253e-06,
                0.6036399118191009,
                0.39635722911161664,
                1.597712356713796e-06,
                2.0925688694505274e-08
            ],
            [
                1.6778063083787432e-07,
                4.9478966428105677e-08,
                0.0001298139742801461,
                0.9748140373595957,
                0.02505593140652681
            ],
            [
                2.4332432863905842e-11,
                5.214622017631814e-10,
                2.794434115130552e-09,
                0.18569159205239605,
                0.8143084046073753
            ]
        ],
        [
            [
                0.9999451602622897,
                5.4839639208173284e-05,
                1.3391212718755481e-11,
                5.716609855138459e-11,
                2.7944855211963717e-11
            ],
            [
                0.9999999997625497,
                9.082683950561772e-11,
                4.800615709687887e-12,
                1.3435122577490268e-10,
                7.471636961984738e-12
            ],
            [
                0.00010557178241235899,
                0.6113679707187648,
                0.38852184610247226,
                3.93347620670509e-06,
                6.779201438860037e-07
            ],
            [
                1.201531436701242e-07,
                2.579723709195018e-06,
                4.183450060259e-05,
                0.899441333669371,
                0.10051413195317362
            ],
            [
                2.6750179189599843e-10,
                1.7716367015588994e-10,
                1.212389580754844e-09,
                0.20219834356078506,
                0.7978016547821599
            ]
        ],
        [
            [
                0.9993599367397865,
                0.0006400623664959646,
                4.2930616539434476e-11,
                9.653189335764594e-11,
                7.542549634131529e-10
            ],
            [
                0.99999447489541,
                5.524829907629738e-06,
                1.3779166419984711e-11,
                2.4155033192693526e-10,
                1.9352737322435894e-11
            ],
            [
                1.738811475964103e-07,
                6.892307335590531e-05,
                0.9330307996408804,
                0.06586345528825732,
                0.0010366481163588137
            ],
            [
                1.5149966759422371e-09,
                3.3561697767864888e-09,
                5.2913354976067735e-08,
                0.7685387004087199,
                0.23146124180675873
            ],
            [
                1.3595807106446585e-09,
                9.348697605863052e-09,
                2.459110825530669e-09,
                0.198375357595243,
                0.8016246292373679
            ]
        ],
        [
            [
                0.9999999957450092,
                4.238348501043249e-09,
                4.8164537968342545e-12,
                3.6467459697728346e-12,
                8.179200226367694e-12
            ],
            [
                0.9999924624149822,
                7.537549643459145e-06,
                9.12265858535446e-12,
                2.4362540182058866e-11,
                1.8891518913088995e-12
            ],
            [
                7.066720393024379e-10,
                2.0650747235385294e-06,
                0.9999971695818547,
                7.578865365185431e-07,
                6.750213180998809e-09
            ],
            [
                1.293535612109502e-10,
                5.6516893477345775e-09,
                3.0398982522760918e-09,
                0.5966327310670337,
                0.403367260112025
            ],
            [
                2.052652585460193e-08,
                2.5992467884407044e-07,
                5.856993781412697e-09,
                0.7103066901155561,
                0.2896930235762454
            ]
        ],
        [
            [
                0.9999999998186777,
                1.7536777267855858e-10,
                4.31524702300757e-12,
                1.4271189925563175e-12,
                2.1230823557955874e-13
            ],
            [
                0.990514818448357,
                0.00948518022263597,
                4.568853535699828e-11,
                4.1442077100665634e-10,
                8.688976016352606e-10
            ],
            [
                5.318101919593822e-09,
                0.20001086360496245,
                0.7999882941992493,
                8.300779355105851e-07,
                6.799750746240778e-09
            ],
            [
                1.3793789301133784e-07,
                0.005864042601340332,
                3.424660993946758e-05,
                0.9936482187321806,
                0.00045335411864666367
            ],
            [
                3.995463567999583e-10,
                2.1191560904463182e-09,
                2.668054243331623e-09,
                0.46613931041685075,
                0.5338606843963926
            ]
        ],
        [
            [
                0.9999999999336291,
                4.9863520102377416e-11,
                4.17593582142083e-15,
                1.416813866696341e-11,
                2.334964017713097e-12
            ],
            [
                0.9999999943191782,
                5.556869112854902e-09,
                7.321237642113204e-12,
                1.1506078787955302e-10,
                1.5706120383184515e-12
            ],
            [
                8.245235378812093e-05,
                0.5406129836207747,
                0.45928153355081547,
                2.1690508482426792e-05,
                1.339966139328186e-06
            ],
            [
                2.8029051978315562e-08,
                1.7347946746256124e-08,
                1.3019104150186647e-08,
                0.47713849459962154,
                0.5228614470042756
            ],
            [
                1.1429529570166274e-09,
                5.1220835937893305e-11,
                3.3559086672636446e-10,
                0.15784031994853226,
                0.842159678521703
            ]
        ],
        [
            [
                0.999999999387144,
                4.817481905568618e-10,
                3.0972688179221515e-12,
                1.2777036108748204e-10,
                2.4003462781368836e-13
            ],
            [
                0.9998177837929084,
                0.00018221605724305298,
                9.207498806465617e-12,
                4.315055941297434e-12,
                1.3632609546757688e-10
            ],
            [
                5.245332094781327e-05,
                0.08932912347422753,
                0.9105749171424856,
                1.1999449707381124e-05,
                3.1506612631791034e-05
            ],
            [
                3.2472307595560997e-07,
                2.1554574233603817e-07,
                0.0010228043894624835,
                0.8428827503466411,
                0.156093904995078
            ],
            [
                7.831107658924635e-09,
                1.1109542384811585e-09,
                1.131525495667893e-08,
                0.13702366743815797,
                0.8629763123045252
            ]
        ],
        [
            [
                0.9999996613367389,
                3.384536198685036e-07,
                1.7519986818451683e-10,
                2.1040471746923814e-11,
                1.3400855083989382e-11
            ],
            [
                0.9999999954231624,
                4.5607225203840815e-09,
                3.2648064086387302e-12,
                3.42475793625804e-12,
                9.425523303389905e-12
            ],
            [
                5.626689440926938e-07,
                0.14795337842768236,
                0.8520433997774467,
                2.5485037809792895e-06,
                1.1062214577021748e-07
            ],
            [
                1.3463891266699885e-06,
                0.00037326428882108846,
                0.00045688373822381123,
                0.9845549525598049,
                0.014613553024023557
            ],
            [
                1.3001630518895425e-09,
                4.431381444530864e-08,
                2.7832838176769572e-08,
                0.3875923699452002,
                0.6124075566079841
            ]
        ],
        [
            [
                0.9999999949064797,
                5.086488957362174e-09,
                4.813206809476187e-12,
                1.1616601006714095e-12,
                1.0562406339796044e-12
            ],
            [
                0.9999999991853488,
                7.543049462011558e-10,
                2.8140451629032193e-13,
                3.978206130825981e-12,
                5.6086849440499875e-11
            ],
            [
                2.453691050090351e-05,
                0.4787314369445219,
                0.5212415738676661,
                1.7582637229467415e-06,
                6.940135880296943e-07
            ],
            [
                2.981982737711951e-11,
                1.331442316234664e-09,
                4.6571077102095325e-09,
                0.2574349270778698,
                0.7425650669037603
            ],
            [
                3.937341291473351e-10,
                4.0269635551839074e-10,
                1.229510209351429e-08,
                0.2312427414202541,
                0.7687572454882133
            ]
        ],
        [
            [
                0.99995904012998,
                4.095982344477412e-05,
                1.8300543847328872e-11,
                1.1783810986445306e-11,
                1.649075914539823e-11
            ],
            [
                0.999505432943847,
                0.0004945669914082243,
                1.9779292036840185e-11,
                1.4970904719197925e-11,
                2.9994580673116064e-11
            ],
            [
                1.2453908251862655e-08,
                9.434214740522295e-06,
                0.999987691490884,
                2.7976276162951786e-06,
                6.421285092743688e-08
            ],
            [
                6.219696981073118e-09,
                1.848135948776207e-08,
                5.7177483704004325e-05,
                0.9829789272328215,
                0.01696387058241801
            ],
            [
                1.6411179089004902e-09,
                4.511374713555257e-10,
                1.118363127018059e-09,
                0.19125784499075418,
                0.8087421517986273
            ]
        ],
        [
            [
                0.9999909197400246,
                9.080215370879653e-06,
                3.2785302222893876e-12,
                1.1287976559796053e-11,
                3.003809240445945e-11
            ],
            [
                0.9997657938450399,
                0.0002342060629265828,
                4.959864209007271e-12,
                3.801586418054774e-11,
                4.9057926876292194e-11
            ],
            [
                0.00023894084200677305,
                0.4681228036508427,
                0.5314695337606961,
                0.0001244585273859494,
                4.4263219068522755e-05
            ],
            [
                1.236249733389007e-07,
                1.2617070319590835e-07,
                0.0014406763912620157,
                0.9079781470799868,
                0.09058092673307462
            ],
            [
                2.870695175837738e-10,
                5.470105056947976e-10,
                4.672971929611955e-09,
                0.19926071596682798,
                0.80073927852612
            ]
        ],
        [
            [
                0.999932924214982,
                6.707574678828821e-05,
                7.629986204022704e-12,
                2.5146113430948873e-11,
                5.453575325409272e-12
            ],
            [
                0.9999587283249577,
                4.127158677448486e-05,
                5.3244822011341826e-12,
                2.5615871317321775e-11,
                5.732743420118957e-11
            ],
            [
                0.001412487589631201,
                0.8789147026023033,
                0.11965667697578754,
                6.5472655270974325e-06,
                9.58556675099317e-06
            ],
            [
                1.0193397475298478e-07,
                3.1366640588765582e-06,
                9.117069850140479e-07,
                0.9350368197466286,
                0.06495902994835284
            ],
            [
                8.633797463480221e-11,
                5.791262329636826e-10,
                6.34230197725778e-09,
                0.13510463343778828,
                0.8648953595544455
            ]
        ],
        [
            [
                0.9999882520931697,
                1.1747637779408061e-05,
                2.645343741087637e-11,
                2.114597301771824e-11,
                2.214516913089781e-10
            ],
            [
                0.9971872113727819,
                0.0028127884779297375,
                4.244336723859294e-12,
                1.392085901682368e-10,
                5.835504069457237e-12
            ],
            [
                3.910106567177494e-06,
                2.3443096218561228e-05,
                0.37068215176567415,
                0.6095624440650578,
                0.01972805096648234
            ],
            [
                8.65688293601696e-08,
                7.898218116003531e-08,
                3.7210619065982152e-06,
                0.7087919418256826,
                0.29120417156140027
            ],
            [
                8.016590087298578e-11,
                2.0933612589704064e-09,
                1.9128129235795246e-10,
                0.3922180739751626,
                0.6077819236600289
            ]
        ],
        [
            [
                0.9996134856814092,
                0.0003865141439615447,
                3.8655973222270404e-11,
                5.955149170014274e-11,
                7.642174443158817e-11
            ],
            [
                0.9999999953399406,
                4.607442817408955e-09,
                1.2201964874092289e-11,
                3.6855477580882476e-11,
                3.5590581982398798e-12
            ],
            [
                2.2572951967005306e-07,
                0.3740526047953054,
                0.4196160174800662,
                0.20597386427404776,
                0.0003572877210609802
            ],
            [
                1.5259955269297798e-08,
                7.008090523676097e-08,
                4.832388356725822e-06,
                0.7875899111183223,
                0.2124051711524604
            ],
            [
                1.898137645964285e-08,
                1.639808057820247e-08,
                2.7623844499573594e-07,
                0.45588582473979355,
                0.5441138636423044
            ]
        ],
        [
            [
                0.9994648999077858,
                0.0005350999230617391,
                2.6349763772671617e-11,
                1.1121656422250954e-10,
                3.1586090388905126e-11
            ],
            [
                0.9999999506710453,
                4.9289518420035015e-08,
                2.644607433610369e-12,
                2.4386215787437688e-11,
                1.2405280738628968e-11
            ],
            [
                9.476870652099518e-07,
                4.400945833142871e-05,
                0.1931438715863149,
                0.6814604400969188,
                0.1253507311713696
            ],
            [
                3.978273073397225e-07,
                2.0617572131581663e-05,
                1.0577252205478251e-05,
                0.8968512957890237,
                0.1031171115593319
            ],
            [
                6.269503350650025e-09,
                1.3975961718095138e-08,
                2.5685469074362126e-08,
                0.35342899775064457,
                0.6465709563184213
            ]
        ],
        [
            [
                0.9999999994483619,
                4.286174678666823e-10,
                4.549243427258082e-11,
                8.730832606265156e-12,
                6.879738508475447e-11
            ],
            [
                0.9978026093031628,
                0.0021973901366903145,
                4.589983077864738e-11,
                8.681287973080355e-12,
                5.055657677592306e-10
            ],
            [
                1.2486603781573676e-06,
                0.47669750449530973,
                0.48132959654850016,
                0.04196705488431205,
                4.595411499927791e-06
            ],
            [
                5.283928060742793e-09,
                6.070396524106784e-08,
                2.948621351708517e-07,
                0.7463546233670236,
                0.2536450157829478
            ],
            [
                2.4891160555417284e-08,
                6.573198020550551e-08,
                3.413564621122365e-08,
                0.647537882197576,
                0.35246199304363696
            ]
        ],
        [
            [
                0.9999999819814757,
                1.7817395960213106e-08,
                2.8703243109735374e-12,
                1.9532233728169103e-10,
                2.935768986427549e-12
            ],
            [
                0.9999999824011093,
                1.758980999964336e-08,
                3.0419884767842782e-12,
                1.923704718811204e-12,
                4.115077605733594e-12
            ],
            [
                6.055501326658832e-12,
                7.785331779309133e-11,
                0.999999999881666,
                1.9137280792433545e-11,
                1.5287767198900654e-11
            ],
            [
                7.256931486597403e-08,
                5.249245335486714e-07,
                8.930073720061709e-08,
                0.9065822926052215,
                0.09341702060019291
            ],
            [
                6.773333430641481e-11,
                2.269928019604399e-09,
                5.330506088971697e-10,
                0.437945975906178,
                0.5620540212231101
            ]
        ],
        [
            [
                0.9999999997248756,
                7.285862652665248e-11,
                6.7295765526523136e-12,
                1.9493133501324843e-10,
                6.04876808276508e-13
            ],
            [
                0.9999999655922067,
                3.4380871782164005e-08,
                4.0485222230942864e-12,
                1.5018487919558288e-11,
                7.854376188605117e-12
            ],
            [
                6.100599508626404e-12,
                1.2200292449150186e-11,
                0.9999999997956119,
                4.900030222255216e-11,
                1.3708679920339917e-10
            ],
            [
                8.31642782739823e-08,
                7.550304813498104e-08,
                1.2104976943931107e-07,
                0.5807669316730641,
                0.41923278860984003
            ],
            [
                6.582060109951824e-10,
                9.746959493852294e-09,
                7.192877030298647e-10,
                0.5195250537861267,
                0.48047493508942013
            ]
        ],
        [
            [
                0.99998383665985,
                1.6162892833275766e-05,
                8.777289400300228e-12,
                2.3457049346736356e-11,
                4.150823934623864e-10
            ],
            [
                0.5026140632100935,
                0.49738591521896475,
                1.2628504924036399e-08,
                5.5994095156489205e-09,
                3.3430272536893593e-09
            ],
            [
                1.0244062129823372e-11,
                2.71436689468483e-11,
                0.9999999999437641,
                1.47748697741811e-11,
                4.073358545447188e-12
            ],
            [
                1.0293143472301082e-06,
                9.94616853988949e-07,
                6.136363174879372e-06,
                0.9672178919425553,
                0.032773947763068675
            ],
            [
                2.6207065446081112e-08,
                8.85387858872552e-10,
                1.4055977230522676e-08,
                0.25772441673678237,
                0.7422755421147871
            ]
        ],
        [
            [
                0.9997660940983788,
                0.00023390581787349188,
                2.6201318681782305e-12,
                5.1597466407738365e-11,
                2.953013219865993e-11
            ],
            [
                0.9999850273009562,
                1.4972679595704337e-05,
                1.2039047629444007e-11,
                3.939608509719161e-12,
                3.4694013244100697e-12
            ],
            [
                1.8295278751871198e-06,
                0.4139366886305921,
                0.5860443984404874,
                1.4842642800061156e-05,
                2.240758245249304e-06
            ],
            [
                4.215409827113771e-06,
                0.09798953543977447,
                0.0012865306113015698,
                0.8902925380331074,
                0.0104271805059894
            ],
            [
                7.338699639033071e-09,
                1.9638082274680956e-08,
                4.890478268803305e-09,
                0.5943862305243757,
                0.4056137376083642
            ]
        ],
        [
            [
                0.9999999887738403,
                1.117803872727441e-08,
                1.3845179391598561e-11,
                3.0499840188400216e-11,
                3.775779185729136e-12
            ],
            [
                0.999999664559072,
                3.3539015504782795e-07,
                2.5131110267016302e-11,
                3.908454719134256e-12,
                2.1733425847138596e-11
            ],
            [
                0.00016117982840517414,
                0.23737005878683032,
                0.7624173126589312,
                8.733462414865152e-06,
                4.271526341846845e-05
            ],
            [
                1.099152564999381e-09,
                2.8839338769103955e-09,
                2.3731304946726432e-08,
                0.841130208838561,
                0.15886976344704762
            ],
            [
                1.2749425761360755e-07,
                2.1275640707223828e-07,
                5.632936860871954e-08,
                0.4896237456592683,
                0.5103758577606984
            ]
        ],
        [
            [
                0.9999999996491253,
                3.353818683406644e-10,
                1.5772809871521678e-12,
                2.445347932339169e-12,
                1.1470208712249559e-11
            ],
            [
                0.9999996752102508,
                3.2473523630344866e-07,
                1.0261452878285238e-11,
                1.2548027716997482e-11,
                3.170328802828191e-11
            ],
            [
                0.0013810808052221678,
                0.9985863741801341,
                3.222046639532871e-05,
                2.8313113235268197e-07,
                4.141711619569143e-08
            ],
            [
                9.702038016500994e-07,
                0.00033102110088856397,
                0.00012201070956856118,
                0.8903579982804388,
                0.10918799970530246
            ],
            [
                9.744361640343784e-09,
                7.123584646566696e-09,
                8.950078874046704e-10,
                0.37027678617929666,
                0.6297231960577492
            ]
        ],
        [
            [
                0.9978026113425918,
                0.0021973885505497917,
                2.3000957662638215e-11,
                8.236780291258448e-11,
                1.4896069559332854e-12
            ],
            [
                0.9999995125338771,
                4.873459443033981e-07,
                3.352499367547739e-12,
                9.668058847961192e-11,
                2.014555727064308e-11
            ],
            [
                0.0011038258512714302,
                0.9987837776483198,
                0.0001119122055467118,
                3.851631603071378e-07,
                9.913170173279591e-08
            ],
            [
                1.2312793021343685e-06,
                1.5756738373134644e-05,
                1.1750865514982875e-05,
                0.9191944462315571,
                0.08077681488525273
            ],
            [
                2.142830067794633e-09,
                4.774089746591375e-10,
                1.655094209900917e-09,
                0.23009188216197732,
                0.7699081135626894
            ]
        ],
        [
            [
                0.9999999931099177,
                6.8774549196174315e-09,
                4.859457824624902e-12,
                2.1575362350560722e-12,
                5.6101252395272e-12
            ],
            [
                0.9999997573938268,
                2.42546802002734e-07,
                2.8212277921980562e-11,
                3.895519002604307e-12,
                2.7263278200150014e-11
            ],
            [
                9.424868448378184e-06,
                0.2459692842145696,
                0.7538799255322518,
                0.00014094709789540613,
                4.1828683461579266e-07
            ],
            [
                2.72951201139194e-08,
