{
    "[['A', 'B', 'C', 'D', 'E'], ['A', 'B', 'C', 'D', 'E']]": [
        [
            [
                0.9999992069580176,
                7.930072820652011e-07,
                3.890018218135575e-12,
                1.8388401566051854e-11,
                1.2421899387358558e-11
            ],
            [
                0.9965817418960424,
                0.0034182578403579734,
                4.5612775656816404e-11,
                8.966643236257815e-11,
                1.2832045988684064e-10
            ],
            [
                7.603682862791636e-07,
                0.007297487567067413,
                0.9808582517530048,
                0.011838459101540421,
                5.0412101010638835e-06
            ],
            [
                1.620474411805305e-09,
                8.80169928479189e-09,
                4.662970596118179e-06,
                0.6364816303061318,
                0.36351369630109837
            ],
            [
                4.945033870938501e-09,
                1.9104245315505912e-09,
                2.6556317023505086e-08,
                0.02578011983988004,
                0.9742198467483445
            ]
        ],
        [
            [
                0.999999998241861,
                1.6839176903841964e-09,
                4.9484686927227834e-11,
                7.853245969418833e-12,
                1.6883364177439952e-11
            ],
            [
                0.9905057434347221,
                0.009494256167076583,
                1.0526074671352169e-10,
                2.7423186210290106e-10,
                1.8708613766405226e-11
            ],
            [
                2.131326060880102e-06,
                0.03065767724190775,
                0.7858925545558793,
                0.1806415328555907,
                0.0028061040205613636
            ],
            [
                5.951145066412275e-08,
                1.2349377417977627e-07,
                1.7957937606158384e-05,
                0.8586086686629556,
                0.14137319039421334
            ],
            [
                1.0755154287290088e-09,
                1.6163978427934024e-10,
                3.118406387291051e-09,
                0.2353280214852069,
                0.7646719741592315
            ]
        ],
        [
            [
                0.9999992531196853,
                7.456945274233752e-07,
                4.692964174618198e-12,
                4.1889294795883286e-12,
                1.1769053498719359e-09
            ],
            [
                0.9999973890411651,
                2.6109349496760114e-06,
                2.003335684830797e-11,
                2.186495861606763e-12,
                1.6654790053090117e-12
            ],
            [
                3.165223049277261e-08,
                5.2927727718037914e-08,
                0.0040725663253834985,
                0.9584033677795148,
                0.03752398131514341
            ],
            [
                4.8754506582480494e-08,
                1.0690399774099951e-07,
                9.990569475804608e-08,
                0.8631740952647403,
                0.13682564917106066
            ],
            [
                1.1627181124018185e-09,
                1.3333981104780775e-09,
                2.9314116707272875e-09,
                0.24416526376677816,
                0.755834730805694
            ]
        ],
        [
            [
                0.9999753169940258,
                2.4682947919327584e-05,
                3.679775698661946e-11,
                1.2737723033937393e-12,
                1.998332455136187e-11
            ],
            [
                0.9999990425655878,
                9.57392201595794e-07,
                1.1756005160976516e-11,
                1.7628240010342686e-12,
                2.8691745505212627e-11
            ],
            [
                1.8394913493942381e-06,
                0.027500836240603656,
                0.5213356198879061,
                0.4493963661810324,
                0.0017653381991083318
            ],
            [
                7.811194944261762e-10,
                3.011343683411341e-09,
                9.906536912490848e-09,
                0.45317204377131226,
                0.5468279425296877
            ],
            [
                6.162808861906253e-09,
                1.246507657176142e-09,
                7.200190989940336e-09,
                0.4450119077469247,
                0.5549880776435678
            ]
        ],
        [
            [
                0.9999999515838032,
                4.8378673030946995e-08,
                3.8896748991505416e-12,
                2.565463066397946e-11,
                7.979533700158152e-12
            ],
            [
                0.9124352491649967,
                0.08756475060960768,
                7.592256278874234e-11,
                2.4690801732689065e-11,
                1.2478220362570397e-10
            ],
            [
                1.6218512646610226e-12,
                5.7630084938068184e-12,
                0.9999999999816764,
                8.209397263236699e-12,
                2.729357057039113e-12
            ],
            [
                5.481443110337666e-08,
                3.592106280104978e-07,
                1.1688075284003927e-05,
                0.9774880741286369,
                0.022499823771019972
            ],
            [
                4.618926125001362e-10,
                4.7740062408670424e-08,
                6.963357248898464e-08,
                0.024152470991907236,
                0.9758474111725652
            ]
        ],
        [
            [
                0.9978025502717334,
                0.0021974496199913545,
                5.675968941028347e-11,
                4.821272987648195e-11,
                3.302780459481015e-12
            ],
            [
                0.955456622897084,
                0.04454337690185295,
                3.345856295590501e-11,
                1.621697945942621e-10,
                5.434690943685086e-12
            ],
            [
                9.003831682588991e-09,
                0.19625403447703715,
                0.7963523538912107,
                0.007392290399168916,
                1.3122287514546177e-06
            ],
            [
                1.6211090938269626e-08,
                1.0241054660099432e-08,
                2.5568669870786215e-08,
                0.579403190341595,
                0.42059675763758947
            ],
            [
                3.1109047242217745e-10,
                3.1312261472244146e-09,
                7.690148723244592e-10,
                0.07780287998572954,
                0.922197115802939
            ]
        ],
        [
            [
                0.9999996477990163,
                3.521309336855633e-07,
                1.5805107995649355e-11,
                1.3127974599852572e-12,
                5.293215752837807e-11
            ],
            [
                0.9999840733911055,
                1.5926517167543897e-05,
                7.682277764054534e-11,
                4.6105127541518355e-12,
                1.0293676937326445e-11
            ],
            [
                9.415152962094117e-07,
                0.14993068561392792,
                0.43386495860908175,
                0.4162020263401561,
                1.3879215381911204e-06
            ],
            [
                9.220740071648992e-09,
                4.808238239091595e-08,
                1.186167234123394e-07,
                0.9902118129648292,
                0.009788011115324879
            ],
            [
                9.17929870525773e-10,
                1.469301088669161e-09,
                2.351099405735059e-10,
                0.29489672065046735,
                0.7051032767271918
            ]
        ],
        [
            [
                0.999999989774731,
                1.0208776199433213e-08,
                9.231924673130067e-12,
                2.5769495181158596e-12,
                4.68376455429921e-12
            ],
            [
                0.9634742039659401,
                0.03652579534887184,
                9.132390665204662e-11,
                5.621668376065868e-10,
                3.1697162411767544e-11
            ],
            [
                4.1910526799079654e-12,
                2.9558600764183796e-11,
                0.9999999998842588,
                4.58329159068895e-11,
                3.615873408631299e-11
            ],
            [
                4.618961132482183e-08,
                1.1202370649799414e-06,
                1.0272946884301411e-05,
                0.8198309152785361,
                0.18015764534790332
            ],
            [
                2.0727794675951976e-09,
                7.118338433549571e-08,
                4.1212859204914866e-07,
                0.35808774243352287,
                0.6419117721817212
            ]
        ],
        [
            [
                0.8249655649497274,
                0.17503443402177019,
                1.8496968235257456e-10,
                2.2014910325778196e-11,
                8.21517976167355e-10
            ],
            [
                0.7997594227839251,
                0.20024057653313843,
                5.393045443547762e-11,
                5.517503903656204e-10,
                7.725570750403917e-11
            ],
            [
                4.6204440130871127e-07,
                0.003623473646240539,
                0.9943497654661242,
                0.0020241904539175515,
                2.1083893163883106e-06
            ],
            [
                1.0357949491193071e-09,
                8.550646537780943e-09,
                1.3231727968744827e-07,
                0.7139265977169211,
                0.2860732603793576
            ],
            [
                1.0882248098471944e-09,
                7.579621885609814e-09,
                5.04272630910386e-08,
                0.5047854355316023,
                0.495214505373288
            ]
        ],
        [
            [
                0.9999999905890028,
                9.405999478535192e-09,
                1.442919208572478e-12,
                1.5306087348466794e-12,
                2.0243486892485487e-12
            ],
            [
                0.9999681402664823,
                3.185969673513009e-05,
                2.190657101628977e-11,
                4.787887910755784e-12,
                1.0088168133513555e-11
            ],
            [
                9.825367996800161e-13,
                9.71192606382832e-12,
                0.999999999986148,
                8.28156620081128e-13,
                2.329312091423695e-12
            ],
            [
                1.7228076469676922e-07,
                3.152473745146956e-07,
                8.513330818542939e-06,
                0.9155401936897902,
                0.08445080545125198
            ],
            [
                2.8446053580708905e-09,
                7.01800862049533e-10,
                3.4088018160226115e-09,
                0.7127546108236515,
                0.2872453822211404
            ]
        ],
        [
            [
                0.9999885075444317,
                1.149216821218123e-05,
                1.92806340863061e-11,
                2.5157304492319624e-10,
                1.6502424979733996e-11
            ],
            [
                0.9999911609298003,
                8.838999448915189e-06,
                4.7730144642697686e-11,
                1.7742246053148286e-11,
                5.278281527133757e-12
            ],
            [
                1.0525006472071595e-06,
                0.286271782321964,
                0.7136734492740057,
                5.331081657391293e-05,
                4.0508680920917516e-07
            ],
            [
                1.1096345820671169e-07,
                3.5180994400538383e-07,
                0.0002382144417317282,
                0.9951719459075657,
                0.004589376877300245
            ],
            [
                1.2053670107851982e-09,
                1.3134102943372641e-08,
                8.106537818147927e-09,
                0.48701599691496283,
                0.5129839806390293
            ]
        ],
        [
            [
                0.955459970022866,
                0.04454002944822827,
                1.041841574009996e-10,
                4.1169335996726596e-10,
                1.3028212050239055e-11
            ],
            [
                0.9950640120620446,
                0.0049359872160718975,
                9.745410647525505e-11,
                3.857691795654982e-10,
                2.3866010049063785e-10
            ],
            [
                2.6661584758453113e-09,
                7.212839628435329e-09,
                0.9999966336813874,
                3.3489177411454967e-06,
                7.521873387933364e-09
            ],
            [
                5.7811085260307404e-08,
                1.4322499797689302e-08,
                2.0311172212728747e-06,
                0.9598468404167362,
                0.040151056332457497
            ],
            [
                3.8198107080465195e-10,
                5.313756935666908e-10,
                4.253345095871092e-10,
                0.07681972260851017,
                0.9231802760527985
            ]
        ],
        [
            [
                0.9991743139882673,
                0.0008256858924306858,
                4.9181880661162334e-11,
                1.7263568263077086e-11,
                5.2856558490031704e-11
            ],
            [
                0.9978026044635879,
                0.002197395323773932,
                1.6888686976521814e-12,
                1.043180309874745e-10,
                1.0663124146612778e-10
            ],
            [
                2.1892780238123959e-07,
                0.015235379702791273,
                0.382978368850601,
                0.5977198617977837,
                0.004066170721021696
            ],
            [
                2.0235329298527966e-08,
                2.864176979554625e-08,
                1.4689825740426062e-08,
                0.9139024549477476,
                0.08609748148532753
            ],
            [
                5.496318339723532e-10,
                3.098217909661138e-09,
                1.0002880257653622e-09,
                0.34072211888904935,
                0.659277876462813
            ]
        ],
        [
            [
                0.9999999994156674,
                5.757480228440027e-10,
                6.532473225014136e-12,
                1.892393781045281e-12,
                1.5949451874522667e-13
            ],
            [
                0.7695907960302255,
                0.23040920288950437,
                7.567098542646154e-11,
                8.231799061957941e-10,
                1.814191713222466e-10
            ],
            [
                8.214816989675327e-06,
                0.037552537312436886,
                0.5435730192222996,
                0.41886224714113607,
                3.9815071376916954e-06
            ],
            [
                5.653641080394244e-08,
                1.1110025394510414e-07,
                1.3309306297573362e-05,
                0.93847395750815,
                0.06151256554888776
            ],
            [
                3.883838206444529e-08,
                3.6980851649470944e-08,
                1.0780434317533473e-07,
                0.39714753983059203,
                0.6028522765458311
            ]
        ],
        [
            [
                0.9999999979768825,
                1.88486844272116e-09,
                2.33340194808553e-12,
                1.8659574732056094e-12,
                1.3404944545487704e-10
            ],
            [
                0.9999979721785935,
                2.0277731513012587e-06,
                7.742220865253844e-12,
                3.7908944092646806e-11,
                2.6040749616462376e-12
            ],
            [
                8.198069215771607e-12,
                1.886566886947921e-11,
                0.9999999999184177,
                2.81018399793962e-11,
                2.6416879874215087e-11
            ],
            [
                9.727898038269864e-08,
                4.631914595947238e-07,
                0.0007278751874902471,
                0.9080797556463622,
                0.09119180869570759
            ],
            [
                2.3078083169856795e-09,
                1.6289328022380473e-08,
                1.0644390950432476e-09,
                0.28717617854056576,
                0.7128238017978589
            ]
        ],
        [
            [
                0.9997660956295411,
                0.0002339033577177945,
                2.5745069975603855e-11,
                1.0924256615981151e-10,
                8.7775344418087e-10
            ],
            [
                0.9986611176311271,
                0.001338882252610501,
                9.311763289137748e-12,
                6.314274897904453e-11,
                4.3807815116229016e-11
            ],
            [
                3.0996738421202145e-07,
                0.07364737168094737,
                0.9263452316306171,
                7.005818849265497e-06,
                8.090220208173555e-08
            ],
            [
                8.996364936777031e-09,
                7.4369354790368535e-09,
                9.711736296112176e-07,
                0.8869670226139383,
                0.11303198977913165
            ],
            [
                1.2868467107158535e-09,
                1.9740503000694107e-09,
                2.3614534161838034e-09,
                0.5073120331554336,
                0.49268796122221603
            ]
        ],
        [
            [
                0.9999850305998574,
                1.4969327820513943e-05,
                2.93538620458448e-12,
                5.2890120364153226e-11,
                1.6496493750341663e-11
            ],
            [
                0.9995925847658871,
                0.0004074147658551361,
                3.139260860952284e-10,
                3.21718647936285e-11,
                1.2215983358752997e-10
            ],
            [
                2.303068364373025e-06,
                0.000802583332385997,
                0.9635335103563695,
                0.03565954980205479,
                2.0534408253230116e-06
            ],
            [
                4.210437711262543e-07,
                6.99289173607299e-07,
                0.0005619080549583446,
                0.9579283865834294,
                0.04150858502866758
            ],
            [
                1.1095130199461568e-09,
                1.609613630488672e-10,
                3.627651991079932e-09,
                0.3917562716655216,
                0.608243723436352
            ]
        ],
        [
            [
                0.9999987534870759,
                1.2464558592757066e-06,
                4.702193354171173e-11,
                1.603676778431351e-12,
                8.439219387704113e-12
            ],
            [
                0.787881969855527,
                0.2121180290145607,
                6.081080347621725e-11,
                5.004418943041358e-10,
                5.686594495261694e-10
            ],
            [
                8.464780295146384e-08,
                0.000252719821113448,
                0.9891963158881867,
                0.01054942287812876,
                1.4567647680058232e-06
            ],
            [
                1.219963808001797e-07,
                4.363373501468661e-08,
                1.5951181926372025e-06,
                0.970275193702634,
                0.0297230455490575
            ],
            [
                6.993744009218526e-10,
                9.75249731927705e-10,
                2.564666896029325e-09,
                0.2167474626077871,
                0.7832525331529219
            ]
        ],
        [
            [
                0.9925330455717667,
                0.007466954284328497,
                6.969068145788891e-11,
                6.573817631793454e-11,
                8.47584102600129e-12
            ],
            [
                0.9124351653261339,
                0.08756483463464994,
                2.6222838643591803e-12,
                2.9369018329741786e-11,
                7.224882875604466e-12
            ],
            [
                2.5993427155440203e-06,
                0.49686598932211645,
                0.23749534010642334,
                0.2656354288243104,
                6.424044343299189e-07
            ],
            [
                5.050569269714621e-08,
                3.3123076974013365e-07,
                1.9283213687855174e-06,
                0.7089414313088819,
                0.2910562586332869
            ],
            [
                9.98805284729635e-10,
                1.0083886371356555e-10,
                4.3732522003914677e-10,
                0.00810594614342381,
                0.9918940523196068
            ]
        ],
        [
            [
                0.9999999973396865,
                2.631910164322789e-09,
                2.0219986461096026e-11,
                4.914413775266561e-12,
                3.2686587867787555e-12
            ],
            [
                0.9977992635687385,
                0.002200735950251593,
                2.0736779437941077e-10,
                4.80888421572722e-11,
                2.2555327401945397e-10
            ],
            [
                6.391058676528493e-07,
                0.2536894263453737,
                0.37035931823822665,
                0.37523170128104855,
                0.0007189150294835765
            ],
            [
                2.3860802438771357e-09,
                2.0127872698137364e-09,
                1.4152833619726427e-08,
                0.7884088799182133,
                0.2115911015300855
            ],
            [
                4.787240476450077e-10,
                1.0723273524606602e-09,
                1.7863340920694682e-10,
                0.30655061169214853,
                0.6934493865781667
            ]
        ],
        [
            [
                0.9999940267597762,
                5.973104764099883e-06,
                2.2214979904993178e-11,
                1.562611767594765e-12,
                1.1168204209034856e-10
            ],
            [
                0.999999839335543,
                1.6064139973511118e-07,
                1.3563061094220813e-11,
                8.354094566185993e-12,
                1.1400762143459436e-12
            ],
            [
                4.406124888085204e-07,
                0.02382860212918461,
                0.6701264108550842,
                0.30540839325728636,
                0.0006361531459560467
            ],
            [
                5.308245783992386e-09,
                6.751337729985872e-08,
                1.02698233657036e-06,
                0.7717299973003028,
                0.22826890289573748
            ],
            [
                1.2638040888566732e-09,
                6.490399823699554e-10,
                1.640533877729822e-08,
                0.16562437391340637,
                0.8343756077684108
            ]
        ],
        [
            [
                0.9999999609281536,
                3.9041528335170674e-08,
                1.5991003796314958e-11,
                1.2649878437790294e-11,
                1.677178054868859e-12
            ],
            [
                0.6348310589006707,
                0.3651689332132398,
                5.451780374302189e-09,
                1.987349966620205e-09,
                4.469593198408248e-10
            ],
            [
                4.6190472916151243e-07,
                0.3618760395360466,
                0.6381202728591902,
                3.194107579976157e-06,
                3.1592454135051133e-08
            ],
            [
                4.926051192083968e-09,
                1.0131263916934718e-07,
                3.186893170364972e-07,
                0.8501792531791579,
                0.1498203218928346
            ],
            [
                2.648533595235642e-09,
                2.4697793175219877e-09,
                1.678028293673654e-08,
                0.06644788053915698,
                0.9335520975622471
            ]
        ],
        [
            [
                0.9999998229108731,
                1.7346471041840487e-07,
                1.2256659004024831e-10,
                4.8785795695108855e-11,
                3.4530641009436296e-09
            ],
            [
                0.9998177896248344,
                0.00018221031482181213,
                9.061045098894494e-13,
                3.548830012880281e-11,
                2.394919563139127e-11
            ],
            [
                1.904585523368888e-06,
                0.19209261826183427,
                0.8079001418221711,
                4.582722073651963e-06,
                7.526083976649251e-07
            ],
            [
                1.2529381551169714e-09,
                1.1651641741416252e-07,
                9.820855439786806e-06,
                0.9501241571754582,
                0.049865904199746375
            ],
            [
                6.901214088490777e-10,
                1.8484148790333663e-09,
                1.6451989027015296e-09,
                0.4496755856605677,
                0.550324410155697
            ]
        ],
        [
            [
                0.9999995393032837,
                4.606846024501786e-07,
                6.62507537537093e-12,
                4.171445723174434e-12,
                1.3175244774743906e-12
            ],
            [
                0.9971350335572122,
                0.002864966295461949,
                1.6253216787440648e-12,
                2.887951330278275e-11,
                1.1682092934190562e-10
            ],
            [
                2.5862096857515014e-06,
                0.00015336540072705184,
                0.9997535506459101,
                5.4575736276027985e-05,
                3.5922007401117336e-05
            ],
            [
                1.6465667913011903e-08,
                1.417700660799727e-08,
                3.293625275919216e-07,
                0.6269982582521528,
                0.3730013817426451
            ],
            [
                6.649755284111942e-10,
                4.1647477398113996e-10,
                2.2717048660141285e-08,
                0.26900277332993044,
                0.7309972028715707
            ]
        ],
        [
            [
                0.9999999209225219,
                7.884966568715552e-08,
                2.4370123274934952e-12,
                2.2344624232092023e-10,
                1.9291540881817984e-12
            ],
            [
                0.6937565986463354,
                0.30624339983716486,
                1.4411790010685053e-10,
                1.0840601303602053e-09,
                2.8832156661254826e-10
            ],
            [
                2.7589088350399524e-07,
                1.934222862480838e-05,
                0.9999562284676693,
                1.2438046598412632e-05,
                1.1715366223899156e-05
            ],
            [
                4.186023652357287e-07,
                7.66919961137135e-05,
                0.0003010744921428249,
                0.6980685961113493,
                0.30155321879802893
            ],
            [
                4.981420384164657e-09,
                1.0361591428538194e-08,
                3.96784453651077e-09,
                0.21779834479619134,
                0.7822016358929523
            ]
        ],
        [
            [
                0.9996145396694914,
                0.00038546020592795005,
                2.333413183885961e-11,
                8.121260029707921e-11,
                2.003400999076348e-11
            ],
            [
                0.9999976340293371,
                2.365883690043214e-06,
                5.216606074528967e-11,
                3.008297463519338e-11,
                4.723883172704045e-12
            ],
            [
                5.372379912387265e-06,
                0.18290465237860115,
                0.7756252437914111,
                0.04146396814287026,
                7.633072051488881e-07
            ],
            [
                1.2234538314740488e-08,
                1.877797225658105e-07,
                2.803088336345093e-07,
                0.9996247684652484,
                0.00037475121165714487
            ],
            [
                1.3616597722098896e-09,
                2.6041162923751314e-10,
                1.6677968392144588e-10,
                0.0006493850654285195,
                0.9993506131457204
            ]
        ],
        [
            [
                0.9999807744678375,
                1.922550666594274e-05,
                5.7857073325741436e-12,
                7.983321184570122e-12,
                1.1727528418072513e-11
            ],
            [
                0.99999405717444,
                5.942769308718624e-06,
                1.9739185584317263e-11,
                2.013507572770152e-11,
                1.6376980777873624e-11
            ],
            [
                1.4286216453203252e-06,
                0.2989523263326687,
                0.7006997941566944,
                0.0003463010271125839,
                1.4986187899771424e-07
            ],
            [
                8.445411190965159e-09,
                5.656896501273353e-07,
                1.4329849120155054e-06,
                0.7920478729715138,
                0.20795011990851286
            ],
            [
                6.390375786891617e-10,
                2.1206391315790827e-09,
                7.276873128014877e-10,
                0.34912155561765806,
                0.6508784408949779
            ]
        ],
        [
            [
                0.9993647174328837,
                0.0006352823225355569,
                3.084982674367684e-11,
                1.7542093383471477e-10,
                3.831005654512334e-11
            ],
            [
                0.9971555811190973,
                0.0028444187483554276,
                6.277065728193803e-12,
                6.359776909644272e-11,
                6.267239644503579e-11
            ],
            [
                6.88437754459164e-08,
                0.0010718193977482821,
                0.9888878735718334,
                0.010039560528428632,
                6.776582141492149e-07
            ],
            [
                5.66638464017267e-09,
                4.75342635431427e-08,
                9.155115859525019e-07,
                0.9543798226110297,
                0.04561920867673618
            ],
            [
                1.3114529727752938e-09,
                9.126466629167255e-11,
                3.038336070679159e-09,
                0.17833335437178807,
                0.8216666411871583
            ]
        ],
        [
            [
                0.9999999999172069,
                6.683487009597302e-11,
                7.402023355383332e-14,
                1.5124047138043777e-11,
                7.60315131567789e-13
            ],
            [
                0.9941320455178607,
                0.005867953861341993,
                7.983935401804073e-11,
                2.4504699257781498e-11,
                5.164532300906643e-10
            ],
            [
                5.78522302915406e-06,
                0.22066847331757705,
                0.5747756869626881,
                0.2045459640200609,
                4.090476644670023e-06
            ],
            [
                2.388895678571457e-09,
                1.3208055510127385e-08,
                7.135938205783225e-06,
                0.9989936989180651,
                0.0009991495467778647
            ],
            [
                9.779316523100878e-09,
                1.1308380386649391e-09,
                1.5129836625067616e-07,
                0.7158937753143481,
                0.284106062477131
            ]
        ],
        [
            [
                0.9999999143989751,
                8.55554227879842e-08,
                1.8797381643631602e-11,
                1.0180133100821429e-11,
                1.6624751777038846e-11
            ],
            [
                0.9848277682185416,
                0.015172231397475588,
                6.308488777528529e-11,
                3.1171860266070203e-10,
                9.179278156310725e-12
            ],
            [
                1.8845932369530859e-06,
                0.20345833644115913,
                0.7965303625172054,
                9.226638959956478e-06,
                1.89809438592722e-07
            ],
            [
                2.8182874490695145e-07,
                7.001671798477963e-06,
                5.5694837131424645e-05,
                0.7346812648963288,
                0.2652557567659964
            ],
            [
                2.7127655172104312e-09,
                2.5244647409165333e-10,
                3.403194346983248e-09,
                0.2680926830923269,
                0.7319073105392666
            ]
        ],
        [
            [
                0.9999892287962515,
                1.0771151588522326e-05,
                3.0723960535552934e-11,
                1.1010330893667189e-11,
                1.0425674540634074e-11
            ],
            [
                0.9925345241589835,
                0.0074654754771402735,
                7.63025345769174e-11,
                2.043459818878788e-10,
                8.322776699721218e-11
            ],
            [
                4.818940253408306e-12,
                4.696670029358004e-11,
                0.9999999999093208,
                8.981202284363317e-12,
                2.9912222228122486e-11
            ],
            [
                3.441089413086995e-08,
                9.996172605858977e-06,
                5.49814907550177e-05,
                0.8899324406187795,
                0.11000254730696549
            ],
            [
                1.3593393791395083e-10,
                1.1805198362471321e-09,
                4.6322622451568465e-09,
                0.06468465723010738,
                0.9353153368211766
            ]
        ],
        [
            [
                0.9999979729872751,
                2.0269915057187683e-06,
                1.6870275136319049e-12,
                3.2395596108839044e-13,
                1.9208238648391402e-11
            ],
            [
                0.9954011792980504,
                0.004598820432562588,
                6.00606620046992e-11,
                2.0510559063941057e-10,
                4.220682746236113e-12
            ],
            [
                1.7545354859645346e-06,
                0.11215801227148114,
                0.39721058661012715,
                0.49047998467404075,
                0.00014966190886502896
            ],
            [
                1.2670215027734702e-08,
                1.0515867280964753e-07,
                3.493445313792715e-07,
                0.9040196880895263,
                0.09597984473705448
            ],
            [
                2.550211176747187e-10,
                9.901776183328379e-10,
                3.6669261843510445e-10,
                0.037186604481729855,
                0.9628133939063788
            ]
        ],
        [
            [
                0.9999999606721343,
                3.8922702453370264e-08,
                3.65872042795325e-10,
                7.444788899940336e-12,
                3.1846390741017365e-11
            ],
            [
                0.9999999913144718,
                8.678930712719585e-09,
                2.55697385336072e-12,
                2.0230069201641003e-12,
                2.01755173529549e-12
            ],
            [
                2.7199632611481785e-06,
                0.07254151909342856,
                0.03537244786192799,
                0.8916506361977539,
                0.0004326768836283625
            ],
            [
                1.483393702592834e-08,
                7.1711597455528345e-09,
                1.9919295251476706e-07,
                0.907854655704755,
                0.09214512309719575
            ],
            [
                4.362819382712084e-09,
                1.3547625036991758e-08,
                2.526568742861408e-09,
                0.19102583724097133,
                0.8089741423220155
            ]
        ],
        [
            [
                0.9999998696780238,
                1.303133693781536e-07,
                5.843052782024906e-12,
                1.6339232922985842e-12,
                1.1297494225213725e-12
            ],
            [
                0.9243477541656804,
                0.07565224555856842,
                1.0648448299556786e-10,
                8.181795477604812e-11,
                8.744872626461388e-11
            ],
            [
                1.7843362643338254e-07,
                2.2416175042824406e-05,
                0.9977700611736682,
                0.002198311454944645,
                9.032762717957822e-06
            ],
            [
                4.866034333463094e-07,
                4.329964040101843e-05,
                1.1722188939572894e-05,
                0.8462765540094208,
                0.1536679375578052
            ],
            [
                1.0656724877289247e-08,
                1.5511141284526923e-09,
                2.0085839200706804e-07,
                0.805665078468146,
                0.1943347084656231
            ]
        ],
        [
            [
                0.9996997629167093,
                0.00030023700302276484,
                3.637916321497867e-11,
                9.18383447533917e-12,
                3.4704970050126234e-11
            ],
            [
                0.9999459519616688,
                5.404777174152414e-05,
                1.9606444002935374e-10,
                1.7339668352178315e-11,
                5.31855183501824e-11
            ],
            [
                6.29090895277874e-06,
                0.011491783317339901,
                0.8612072597975146,
                0.12729146726642135,
                3.19870977131311e-06
            ],
            [
                1.3072791655666511e-08,
                3.379068156814423e-08,
                8.335305206571673e-08,
                0.8777912727249509,
                0.12220859705852377
            ],
            [
                1.403495401943355e-10,
                2.693432188890412e-10,
                1.6720013136330646e-09,
                0.03174534350858286,
                0.968254654409723
            ]
        ],
        [
            [
                0.99999989890593,
                1.0106828966000417e-07,
                1.6176529565307486e-12,
                2.2185303568062608e-11,
                1.9774484712107516e-12
            ],
            [
                0.9999999107140897,
                8.926083702794277e-08,
                2.2685890412537212e-11,
                2.3661885890717737e-12,
                2.1207152407124408e-14
            ],
            [
                4.32796214040096e-07,
                0.007914529905358108,
                0.9848604922084009,
                0.007223862334071073,
                6.827559559387645e-07
            ],
            [
                1.3552507862063155e-09,
                1.5443017826140453e-08,
