{
    "[['A', 'B', 'C', 'D', 'E'], ['A', 'B', 'C', 'D', 'E']]": [
        [
            [
                0.7743316841322079,
                0.22566831246274285,
                2.1478030079389798e-09,
                6.021911088401914e-10,
                6.550551899233314e-10
            ],
            [
                0.9309176310215487,
                0.06908235875404567,
                6.489134789258992e-10,
                7.742983024837861e-09,
                1.8325091249757577e-09
            ],
            [
                2.9129815397753866e-11,
                1.0010053608986563e-10,
                0.9999999989873867,
                3.3993415800491637e-10,
                5.434487920783628e-10
            ],
            [
                1.2422767194867748e-08,
                3.759948866212777e-10,
                9.218973843301879e-10,
                0.3963594379055702,
                0.6036405483737702
            ],
            [
                2.0167235518389964e-06,
                7.300607163704929e-09,
                7.376891450063334e-10,
                0.0013386550241248746,
                0.998659320214027
            ]
        ],
        [
            [
                0.8093223970266361,
                0.19067760092181604,
                1.1097016848947462e-09,
                3.85027407616306e-10,
                5.568187671772621e-10
            ],
            [
                0.9802439337501232,
                0.019756062842180705,
                1.4231171814601405e-09,
                1.0464097622748586e-09,
                9.381691564644562e-10
            ],
            [
                2.088609213105326e-08,
                2.9454381537545448e-08,
                0.999956612108422,
                4.07364790997248e-05,
                2.6010720045521724e-06
            ],
            [
                6.315196761517768e-10,
                5.784186406773753e-09,
                2.2384464642063183e-09,
                0.6011859758934547,
                0.3988140154523927
            ],
            [
                7.453884094646034e-07,
                2.3117337627758523e-08,
                1.5148828715336239e-09,
                0.21427584845760295,
                0.785723381521767
            ]
        ],
        [
            [
                0.9897944839258422,
                0.010205502744519594,
                3.094898906469437e-09,
                8.167586830591827e-09,
                2.067152562447551e-09
            ],
            [
                8.088299630511019e-09,
                1.3611800864958814e-07,
                5.739450635162148e-08,
                0.6858491464939328,
                0.31415065190525254
            ],
            [
                1.0189814749274466e-07,
                0.0011112372613888957,
                0.9988311034797581,
                5.732217053986454e-05,
                2.3519016565313185e-07
            ],
            [
                0.15543517105660615,
                2.7380328684616525e-07,
                2.445107257736366e-07,
                0.10003216327232552,
                0.7445321473570556
            ],
            [
                0.0003236970561654449,
                1.708857201365065e-07,
                3.39864371090654e-08,
                0.26562981382295575,
                0.7340462842487215
            ]
        ],
        [
            [
                0.9675744778399347,
                0.03242551472763954,
                7.385401953900281e-10,
                4.312244628727921e-09,
                2.3816408702616745e-09
            ],
            [
                0.6652442649473468,
                0.3347557046938562,
                4.286365617353795e-09,
                6.2639282355954935e-09,
                1.9808503099709674e-08
            ],
            [
                6.997932081515172e-08,
                6.194953860792337e-07,
                0.9993248529681361,
                0.000624492113311194,
                4.996544384581995e-05
            ],
            [
                3.966339895333394e-07,
                9.052291914459867e-10,
                2.4916652061025507e-09,
                0.15905852511600505,
                0.840941074853111
            ],
            [
                4.521010947866987e-07,
                3.158882038785489e-11,
                4.4116631437551866e-11,
                4.880381425130017e-08,
                0.9999994990193856
            ]
        ],
        [
            [
                0.984775667270432,
                0.015224331005903239,
                6.978281768656727e-10,
                6.988533921743585e-10,
                3.269832153209323e-10
            ],
            [
                0.9530949128805689,
                0.04690505343854811,
                2.0425603437950292e-08,
                5.851853925203363e-09,
                7.4034255968929245e-09
            ],
            [
                1.7654201874522867e-05,
                0.0002956741565963842,
                0.4015675766236013,
                0.5976568682897132,
                0.00046222672821454985
            ],
            [
                6.914287707794035e-09,
                9.899723256940477e-09,
                2.5418404602372863e-08,
                0.745997644136574,
                0.2540023136310104
            ],
            [
                9.712920944449467e-09,
                1.9918050305429125e-09,
                5.908158684459292e-09,
                0.2061665530472271,
                0.7938334293398881
            ]
        ],
        [
            [
                0.8364842296086025,
                0.16351576901139991,
                5.632836941342627e-10,
                5.52546011723781e-10,
                2.641678974602571e-10
            ],
            [
                0.5007847627609645,
                0.4992150066256061,
                1.9265860209810412e-08,
                1.6430223547698793e-07,
                4.704533375172119e-08
            ],
            [
                4.182851349798965e-09,
                2.3681032294195232e-07,
                0.9999987169834903,
                7.596402551050284e-07,
                2.823830802928373e-07
            ],
            [
                2.7690164022228697e-06,
                1.0859410370697183e-08,
                4.50912803423294e-09,
                0.1556152999051316,
                0.8443819157099278
            ],
            [
                0.00025419937681978093,
                1.545771861278086e-08,
                1.2434938307314054e-08,
                0.11651776525901561,
                0.8832280074715076
            ]
        ],
        [
            [
                0.999800048315304,
                0.00019995085950453805,
                1.9936529112987698e-10,
                2.6263646548161594e-10,
                3.6318970954584746e-10
            ],
            [
                1.1997298053949944e-08,
                1.1934588861779503e-08,
                4.9680954272227555e-09,
                0.7976913207239137,
                0.20230865037610402
            ],
            [
                1.3729563928158757e-06,
                0.0044414335434701385,
                0.5921090547480347,
                0.40306635720082035,
                0.0003817815512820203
            ],
            [
                4.073805138734488e-05,
                1.834188183408921e-08,
                1.1245652476799136e-09,
                0.5731805728526707,
                0.42677866962949496
            ],
            [
                0.5804644561713158,
                0.0002765332235836895,
                3.7495030014566e-09,
                0.2030366843223485,
                0.21622232253324886
            ]
        ],
        [
            [
                0.9985673293414035,
                0.0014326669500435295,
                1.3457459851325766e-09,
                1.938898868103863e-09,
                4.2390801854324484e-10
            ],
            [
                0.3213504898087531,
                0.6786494929446232,
                2.9180987667006654e-09,
                1.162256736966384e-08,
                2.7059574821577986e-09
            ],
            [
                3.284622681279186e-11,
                2.7592312355927612e-11,
                0.9999999992391444,
                6.758389134813061e-10,
                2.457818982191864e-11
            ],
            [
                2.034084045331877e-06,
                3.2468044946373233e-08,
                4.177937010153884e-08,
                0.002282248694442665,
                0.997715642974097
            ],
            [
                0.12446576578853816,
                2.2199088908739955e-07,
                1.929091983952951e-09,
                0.32439182432041885,
                0.5511421859710619
            ]
        ],
        [
            [
                0.801138318621462,
                0.19886168078328045,
                1.026265129936604e-10,
                4.5331879222195114e-10,
                3.931222303178191e-11
            ],
            [
                3.776612675879091e-09,
                2.785850246714409e-07,
                8.352657004505972e-09,
                0.9998384878678115,
                0.00016122141789422413
            ],
            [
                1.5752740880967972e-06,
                1.786567810810169e-06,
                0.5126502064926758,
                0.4872244807068777,
                0.00012195095854756662
            ],
            [
                1.609620811537479e-06,
                1.212031309091072e-08,
                1.5335016296438087e-09,
                0.19718937795054003,
                0.8028089987748337
            ],
            [
                7.146582827616511e-06,
                4.995709563435124e-08,
                2.2686173649056027e-09,
                0.058391433333149514,
                0.9416013678583098
            ]
        ],
        [
            [
                0.9975050376110361,
                0.002494960560546197,
                1.3481053107210707e-09,
                2.829714368752992e-10,
                1.9734097117750948e-10
            ],
            [
                0.797804640482139,
                0.2021953552899763,
                1.0150235023879796e-09,
                1.3711749825685106e-09,
                1.8416861863949842e-09
            ],
            [
                2.058707259893601e-06,
                0.00016205761595476032,
                0.3238219528611024,
                0.6573317606411598,
                0.01868217017452319
            ],
            [
                7.446916477832747e-07,
                3.466128731365843e-08,
                1.91665141361069e-09,
                0.3859381915121953,
                0.6140610272182182
            ],
            [
                1.1205752965337469e-06,
                5.057893615329156e-09,
                8.283805715164083e-09,
                0.20058210927607356,
                0.7994167568069305
            ]
        ],
        [
            [
                0.9999541450035184,
                4.5854444760961464e-05,
                3.788157007281016e-10,
                1.3321018972940887e-10,
                3.969479904146962e-11
            ],
            [
                8.889421251710684e-09,
                4.537658532270576e-07,
                1.2309266336147469e-08,
                0.7074649383879937,
                0.2925345866474655
            ],
            [
                3.3081681299295814e-12,
                2.882456422365613e-12,
                0.9999999999524161,
                3.1030848588488315e-11,
                1.0362472098145785e-11
            ],
            [
                1.6039825563155423e-06,
                4.824229948961608e-08,
                3.751968051774055e-08,
                0.6731825146688049,
                0.3268157955866589
            ],
            [
                5.4246365466611e-08,
                1.9842660971790837e-08,
                1.6983081967188445e-08,
                0.4832492109432369,
                0.5167506979846547
            ]
        ],
        [
            [
                0.7515609856313122,
                0.248438979135699,
                2.050293523412728e-09,
                1.2895595590226018e-08,
                2.028709966669216e-08
            ],
            [
                6.625251658148368e-07,
                0.006264546421810469,
                0.9936519626395182,
                8.213480199239147e-05,
                6.936115131550382e-07
            ],
            [
                8.765888932897017e-09,
                3.8821167654871656e-08,
                5.852874763443049e-06,
                0.9971794918349384,
                0.002814607703241529
            ],
            [
                0.08755865229201493,
                3.510317298696943e-08,
                4.486479953431016e-09,
                0.19987206351528006,
                0.712569244603052
            ],
            [
                1.6000545992996542e-10,
                6.727997366979777e-10,
                7.863872812832206e-10,
                0.39537358120226224,
                0.6046264171785454
            ]
        ],
        [
            [
                0.999973282861232,
                2.6716178247507743e-05,
                8.966695195877253e-11,
                5.195518184645215e-10,
                3.513016265964244e-10
            ],
            [
                0.16217264520374763,
                0.8378252600312095,
                2.4723238517149436e-07,
                1.8293640086318505e-06,
                1.816864892874366e-08
            ],
            [
                3.8219829134873517e-10,
                1.1200679034891488e-08,
                0.9999998200136643,
                1.6747449873387833e-07,
                9.289596465983128e-10
            ],
            [
                2.9485624009031286e-09,
                1.1096910311133399e-08,
                3.495335150906261e-08,
                0.25378777026251087,
                0.7462121807386649
            ],
            [
                6.346292139337503e-08,
                4.282504506904451e-09,
                3.291548012209671e-09,
                0.1643536003962886,
                0.8356463285667376
            ]
        ],
        [
            [
                0.7999880561353196,
                0.20001194307804482,
                5.347947672816608e-10,
                2.0094646348291566e-10,
                5.0894326856393234e-11
            ],
            [
                0.7684578737953871,
                0.23154212438715482,
                5.157143091071122e-10,
                1.1591199681422108e-09,
                1.4262375390699626e-10
            ],
            [
                1.2636391925345205e-10,
                5.735755666433063e-09,
                0.9999999438204036,
                2.090627356063237e-08,
                2.9411203162384163e-08
            ],
            [
                5.301710323294296e-10,
                3.023135879069572e-10,
                3.163632940039292e-10,
                0.5991527054834214,
                0.4008472933677308
            ],
            [
                8.37122832765753e-07,
                3.04241095514221e-08,
                5.00677350016707e-09,
                0.586947028242961,
                0.41305209920332325
            ]
        ],
        [
            [
                0.9963711764115626,
                0.0036288216294156762,
                1.4796346636578482e-09,
                3.190948945864896e-10,
                1.602921823997673e-10
            ],
            [
                0.9871652847459708,
                0.012834654476007188,
                1.699333913282505e-08,
                1.2886650010482981e-08,
                3.089803288574807e-08
            ],
            [
                7.274481426574469e-10,
                4.1047635300965076e-09,
                0.9999995402084552,
                4.4786993106823995e-07,
                7.08940212656795e-09
            ],
            [
                0.002813272882736301,
                1.452431127967496e-07,
                3.917882044767368e-08,
                0.17058724515094814,
                0.8265992975443822
            ],
            [
                5.281898346429053e-05,
                3.7146196029488304e-08,
                2.8946583305635607e-08,
                0.014930831519386645,
                0.9850162834043698
            ]
        ],
        [
            [
                0.9994807664113323,
                0.0005192332321650345,
                2.0893219196877496e-10,
                9.582925347975086e-11,
                5.174120208399796e-11
            ],
            [
                0.9985480569337623,
                0.0014519396131279078,
                1.457966840711857e-10,
                8.528003957458833e-10,
                2.4545128302000537e-09
            ],
            [
                1.5855917792950527e-11,
                2.3544973833652963e-11,
                0.9999999997904452,
                8.998264174074748e-11,
                8.017128779388808e-11
            ],
            [
                0.0013271649180137467,
                3.0485218895191033e-09,
                6.848298127993214e-08,
                0.5969666915277363,
                0.4017060720227468
            ],
            [
                5.818877229548788e-06,
                1.1631758856977035e-08,
                1.4665362664402635e-08,
                0.049141791986755716,
                0.9508523628388932
            ]
        ],
        [
            [
                0.9865603818571547,
                0.013439606740363794,
                1.1577963323506397e-09,
                4.2111310962022054e-09,
                6.0335539794421205e-09
            ],
            [
                0.31519818452046405,
                0.68480020755528,
                1.2065258896883786e-06,
                1.815784339142697e-08,
                3.832405228789794e-07
            ],
            [
                1.1383499586540733e-12,
                1.316091338021964e-11,
                0.9999999999753078,
                1.620122554809663e-12,
                8.772933594348996e-12
            ],
            [
                0.1593343343897688,
                2.336262234360666e-06,
                1.872962767295923e-08,
                0.24271333280698854,
                0.5979499778113807
            ],
            [
                0.16352275705720468,
                1.8940611229620793e-07,
                3.17492222943717e-07,
                0.18241294206465888,
                0.6540637939798012
            ]
        ],
        [
            [
                0.7756722742891975,
                0.22432771712521066,
                1.4214678337408705e-09,
                4.1487425007764855e-09,
                3.015381662795736e-09
            ],
            [
                0.7921662159554231,
                0.20783377960724003,
                3.0467888105837975e-09,
                4.735639673296171e-10,
                9.169840544668428e-10
            ],
            [
                5.386700697064306e-10,
                6.642295826601228e-10,
                0.999999992625448,
                3.776659561517872e-09,
                2.3949928127675752e-09
            ],
            [
                2.9691395190975054e-08,
                6.669642560835368e-09,
                7.42036043476328e-08,
                0.34037151259625903,
                0.6596283768390989
            ],
            [
                2.7821180401726027e-06,
                1.6588710588460825e-08,
                1.9747765970813632e-10,
                0.2068307956769365,
                0.7931664054188351
            ]
        ],
        [
            [
                0.8006300239645762,
                0.19936997528153533,
                4.1742543490671797e-10,
                2.6964106368342863e-10,
                6.682189804063131e-11
            ],
            [
                3.3400485224504294e-09,
                9.629172775307407e-08,
                4.601883489744198e-07,
                0.6307377792622633,
                0.3692616609176114
            ],
            [
                1.6353237522072362e-06,
                0.0011687060436297028,
                0.771083635230367,
                0.22765969076917753,
                8.633263307338561e-05
            ],
            [
                8.606844060461629e-07,
                2.0738094335217657e-08,
                2.8874012579288355e-10,
                0.3339545612178813,
                0.6660445570708782
            ],
            [
                0.08756409370373652,
                3.9266467662299286e-08,
                5.822956087462951e-09,
                0.00047310460031534975,
                0.9119627566065244
            ]
        ],
        [
            [
                0.9997242829256001,
                0.00027571549411015893,
                3.8979897321035124e-10,
                7.214284012006099e-10,
                4.690623101659727e-10
            ],
            [
                0.6872969843969743,
                0.3127029973792638,
                1.1817228228986606e-08,
                5.058434507002078e-09,
                1.3480991922428422e-09
            ],
            [
                5.815510695420766e-07,
                5.535060516834127e-06,
                0.8459110517955625,
                0.1493004400197662,
                0.0047823915730849965
            ],
            [
                1.620325335829386e-08,
                2.6018341003604836e-09,
                1.049182179153545e-08,
                0.25360230891502133,
                0.7463976617880694
            ],
            [
                1.5773455786953738e-07,
                1.434525238013782e-09,
                2.7597440232962167e-09,
                0.43185048484356725,
                0.5681493532276056
            ]
        ],
        [
            [
                0.740814977690131,
                0.2591850152384422,
                5.478572362468334e-09,
                9.669972450397867e-10,
                6.258571006397866e-10
            ],
            [
                2.061687635017792e-06,
                0.002730153445889886,
                0.00017467931262752474,
                0.9230048567934662,
                0.07408824876038132
            ],
            [
                2.6990845562613423e-06,
                3.20275946481662e-05,
                0.9242043243362088,
                0.07543089710286387,
                0.0003300518817228766
            ],
            [
                6.380584887757573e-07,
                8.242086630542317e-09,
                4.0964998810800455e-10,
                0.03425009494986891,
                0.9657492583399058
            ],
            [
                0.044540039592297215,
                1.0321145720786705e-08,
                1.388318248400567e-08,
                0.0013536522417140608,
                0.9541062839616605
            ]
        ],
        [
            [
                0.999887862924497,
                0.00011213688358330404,
                1.258134647015326e-10,
                4.374211604441413e-11,
                2.236399536546498e-11
            ],
            [
                1.3555772080772281e-06,
                0.029969570112080117,
                0.8739977630494105,
                0.09602334051033154,
                7.970750969765694e-06
            ],
            [
                1.049483574234838e-07,
                5.708272262995882e-07,
                0.3853825380461103,
                0.5492194330807946,
                0.06539735309751159
            ],
            [
                1.971594814219202e-08,
                2.0964734924949843e-09,
                4.191263048237966e-09,
                0.3913065759007602,
                0.6086933980955551
            ],
            [
                1.78173774040232e-07,
                8.106022024262375e-08,
                3.843593977180126e-09,
                0.019704411733554382,
                0.9802953251888574
            ]
        ],
        [
            [
                0.5367484910605793,
                0.4632515067720165,
                5.166141243569302e-10,
                9.568996359904967e-10,
                6.938905285440654e-10
            ],
            [
                0.6939207784535585,
                0.3060791523542703,
                9.903028425694397e-09,
                3.711948989751388e-08,
                2.2169652975684792e-08
            ],
            [
                2.2770215832824337e-08,
                2.2590029419619727e-07,
                0.9999996319451827,
                8.725364648627617e-08,
                3.2130660861186824e-08
            ],
            [
                2.3756745295628918e-07,
                1.4895329290482489e-08,
                1.1120038108254025e-09,
                0.0755156147458637,
                0.9244841316793503
            ],
            [
                0.009485186717305413,
                1.0037141097537425e-09,
                9.905535044509184e-09,
                0.5837828861861373,
                0.4067319161873081
            ]
        ],
        [
            [
                0.9761496081107996,
                0.023850391207285365,
                9.945020792101016e-11,
                1.383641635824867e-10,
                4.4410071076200695e-10
            ],
            [
                0.11008571858783062,
                0.8899136333114908,
                4.90550050318521e-07,
                9.964400887819828e-09,
                1.4758622744527705e-07
            ],
            [
                1.816459236366165e-08,
                3.363535785837427e-08,
                0.9999995872700753,
                2.6577850930976993e-07,
                9.515146521146137e-08
            ],
            [
                0.17057234339513203,
                2.1351184340761375e-07,
                8.935567302845712e-09,
                0.0013639954446170235,
                0.8280634387128403
            ],
            [
                0.024073677651359086,
                8.600096256338481e-07,
                8.628217183981071e-08,
                0.5689472869648412,
                0.40697808909200234
            ]
        ],
        [
            [
                0.6643464388293858,
                0.3356535557048086,
                1.5717429030319956e-10,
                3.1057886165489946e-09,
                2.202842761359596e-09
            ],
            [
                0.7321338825858514,
                0.2678658544215974,
                9.729861981366527e-08,
                1.5384536145250768e-07,
                1.1848569935872978e-08
            ],
            [
                2.969304385264195e-06,
                4.834212532069666e-06,
                0.003598155046091471,
                0.9956050036438867,
                0.0007890377931044964
            ],
            [
                2.4207034346185794e-08,
                1.860077685706278e-10,
                3.7072474957669702e-09,
                0.6215561040536641,
                0.3784438678460463
            ],
            [
                0.009358021813600816,
                1.6946148628510224e-07,
                8.811047958145754e-08,
                0.18822134298220228,
                0.802420377632231
            ]
        ],
        [
            [
                0.9993397962316258,
                0.0006602004363524378,
                1.6014231608667468e-09,
                1.2157593891992837e-09,
                5.148392539988506e-10
            ],
            [
                0.07574598757001193,
                0.9241580998645745,
                8.159457568756585e-05,
                4.696030610836948e-06,
                9.62195911512989e-06
            ],
            [
                1.9835531724149164e-10,
                1.0570601960618875e-09,
                0.9999999569555489,
                4.047765025514271e-08,
                1.311385428877744e-09
            ],
            [
                4.801031846270443e-08,
                1.7386421120078748e-09,
                8.26337047522416e-09,
                0.4068006151545411,
                0.5931993268331279
            ],
            [
                0.003012870374895978,
                3.14075543654041e-08,
                2.6263522482708346e-08,
                3.515909061983779e-05,
                0.9969519128634073
            ]
        ],
        [
            [
                0.9897219813492422,
                0.010278014753038705,
                2.3085609331200226e-09,
                1.2903968264294738e-09,
                2.987613018805605e-10
            ],
            [
                0.7568519778909063,
                0.24314800255363153,
                1.2493190477967281e-08,
                4.507995621371415e-09,
                2.5542759572925508e-09
            ],
            [
                2.663766279293628e-08,
                2.0381136851232423e-08,
                0.9999438435937222,
                5.570645348352624e-05,
                4.0293399464863137e-07
            ],
            [
                1.4285696540447805e-05,
                2.701607541237757e-09,
                2.1065325759858465e-08,
                0.02465621085072389,
                0.9753294796858023
            ],
            [
                2.810132884169299e-06,
                7.881657930060957e-09,
                1.0106023427119494e-09,
                0.004602876045203407,
                0.9953943049296522
            ]
        ],
        [
            [
                0.9889126911114193,
                0.011087307934683644,
                6.88823585173219e-10,
                9.447817325024852e-11,
                1.7059516763216675e-10
            ],
            [
                2.5494989026970814e-08,
                1.1714557578823517e-05,
                2.4303450078059485e-07,
                0.9541117235217172,
                0.045876293391214004
            ],
            [
                3.635972265740836e-05,
                0.4577096405851149,
                0.5406831674130789,
                0.001563384085474087,
                7.448193674735129e-06
            ],
            [
                0.2025614122902018,
                2.4223652670187894e-08,
                1.3716026296756867e-08,
                0.014979117622820221,
                0.782459432147299
            ],
            [
                0.19541040894369813,
                9.69440049105792e-08,
                9.876725279708436e-08,
                0.006356987735167403,
                0.7982324076098767
            ]
        ],
        [
            [
                0.7999701738392179,
                0.2000298235063775,
                1.730085015506351e-09,
                2.759045443063005e-10,
                6.484149884387645e-10
            ],
            [
                2.428489312800239e-05,
                0.1735972092221536,
                0.6411090709780675,
                0.18526050094916782,
                8.933957483056813e-06
            ],
            [
                1.922326323203422e-09,
                1.1613563982029181e-08,
                0.9999982749687217,
                1.6041857888727806e-06,
                1.0730959901596148e-07
            ],
            [
                0.000142030722138569,
                2.5197992830014944e-09,
                2.1914596681086786e-09,
                0.19719304802775772,
                0.8026649165388448
            ],
            [
                0.029683852717670788,
                2.5626646999193725e-06,
                2.394224009734964e-07,
                0.28875570189423444,
                0.6815576433009939
            ]
        ],
        [
            [
                0.9999938495539648,
                6.14969685948421e-06,
                1.1174446611860515e-10,
                4.827103031970534e-10,
                1.5472088676992802e-10
            ],
            [
                4.2787339592252395e-09,
                6.621886910394288e-09,
                1.1011483804287214e-09,
                0.41659765346310823,
                0.5834023345351225
            ],
            [
                8.389883731558996e-12,
                1.0412234377770316e-11,
                0.9999999996449551,
                1.002998353115326e-10,
                2.3594305385718554e-10
            ],
            [
                0.0008700162388404158,
                3.643267478100417e-09,
                4.365546101236009e-09,
                0.19414669554522634,
                0.8049832802071197
            ],
            [
                0.0006336049411315977,
                5.049655444170008e-09,
                9.261073926482787e-10,
                0.5964808928666229,
                0.4028854962164826
            ]
        ],
        [
            [
                0.990324549592708,
                0.009675448362451114,
                1.595342062173555e-09,
                1.643522195423455e-10,
                2.8514661940734715e-10
            ],
            [
                2.200634814292337e-10,
                2.3870293000762098e-09,
                2.4810095275888256e-07,
                0.7806571468976579,
                0.21934260239429662
            ],
            [
                6.647642136525374e-09,
                2.4795890804433106e-09,
                0.9999325953530908,
                6.730397156308744e-05,
                9.154811489641805e-08
            ],
            [
                6.540378125224262e-05,
                1.3265720343629686e-06,
                3.3341825567625685e-08,
                0.3847149294479889,
                0.6152183068568989
            ],
            [
                2.498530892844892e-08,
                2.9541829792182828e-09,
                2.5381728748519887e-09,
                0.1810217363170579,
                0.8189782332052773
            ]
        ],
        [
            [
                0.7982832645448613,
                0.20171673240026222,
                2.452276046251189e-09,
                2.0521271582918806e-10,
                3.9738755978765627e-10
            ],
            [
                0.5959854910361609,
                0.4040145056947307,
                9.454312994128624e-10,
                5.621286745751275e-10,
                1.7615482898446832e-09
            ],
            [
                6.340225246818572e-12,
                5.5114506346765715e-12,
                0.9999999999842324,
                2.849941818539403e-12,
                1.0660563601739567e-12
            ],
            [
                1.125104179206069e-06,
                1.0398338359398917e-08,
                4.157009696297257e-09,
                0.00324143395359681,
                0.9967574263868759
            ],
            [
                5.78235680589676e-09,
                7.674745500041901e-09,
                1.9527231156168263e-10,
                0.0876823256035829,
                0.9123176607440424
            ]
        ],
        [
            [
                0.9624391758235504,
                0.037560820406512846,
                1.295235643994459e-09,
                2.1103531511188007e-09,
                3.6434793857975996e-10
            ],
            [
                0.4011232213858537,
                0.5988767397822037,
                2.7877096033754865e-08,
                5.5500970697257955e-09,
                5.404749618789555e-09
            ],
            [
                1.0732514283042383e-05,
                0.0018959144770208515,
                0.771488209793634,
                0.22633447577721505,
                0.0002706674378471583
            ],
            [
                1.493222096548495e-06,
                2.0211786714973328e-08,
                3.2508294125423074e-09,
                0.4528877261653458,
                0.5471107571499415
            ],
            [
                8.605638171263317e-05,
                4.872482267079282e-08,
                3.21921960538765e-08,
                0.300164059002457,
                0.6997498036988117
            ]
        ],
        [
            [
                0.8113420792697308,
                0.188657914793754,
                2.4707058745811347e-09,
                1.6207211051871242e-09,
                1.8450882160020115e-09
            ],
            [
                3.1848466348796436e-07,
                0.000811439263998569,
                2.2187264970242534e-05,
                0.9686904766905283,
                0.030475578295839453
            ],
            [
                2.3883156583442317e-12,
                1.8390298381727837e-11,
                0.9999999999209683,
                5.177403015221319e-11,
                6.478724470220383e-12
            ],
            [
                1.5155537854188959e-09,
                7.466106370684924e-09,
                1.2442596402898776e-09,
                0.3921265389045348,
                0.6078734508695454
            ],
            [
                0.00015530625600221348,
                3.3628838160896996e-08,
                1.1437093649416286e-08,
                0.4452349100072758,
                0.5546097386707901
            ]
        ],
        [
            [
                0.9943603986335866,
                0.005639597297668078,
                3.0650452089702104e-09,
                3.0230477395158404e-10,
                7.013952877065869e-10
            ],
            [
                0.30804258642908433,
                0.6919573021818062,
                5.5958174026161956e-08,
                5.3264859232352234e-08,
                2.166076341653309e-09
            ],
            [
                1.5760480242802604e-08,
                7.707057332832289e-08,
                0.9997462351946561,
                0.0002536366742791313,
                3.5300011254687e-08
            ],
            [
                0.0009112097405320266,
                1.1538187452794735e-07,
                9.267249237891813e-08,
                0.7389036662367039,
                0.26018491596839716
            ],
            [
                2.6079354851076044e-06,
                2.604261160452981e-09,
                4.825836669436182e-10,
                0.02961312095375312,
                0.970384268023917
            ]
        ],
        [
            [
                0.8190519162763499,
                0.18094806980935485,
                5.516008637780339e-10,
                7.6149828093328e-10,
                1.2601196070177276e-08
            ],
            [
                0.2755918258463203,
                0.7244080137907359,
                3.5512728662456495e-08,
                8.546677353856131e-08,
                3.9383441496741235e-08
            ],
            [
                1.4151803504936711e-05,
                6.411316916473678e-05,
                0.696856844047356,
                0.30302653728702633,
                3.8353692947987135e-05
            ],
            [
                1.8156268280690244e-07,
                3.678974330891198e-09,
                2.10353285064884e-09,
                0.0003352511838102848,
                0.9996645614709997
            ],
