{
    "[['A', 'B', 'C', 'D', 'E'], ['A', 'B', 'C', 'D', 'E']]": [
        [
            [
                0.007388985230192289,
                6.315492736780823e-10,
                7.259303716884755e-09,
                0.002133816166846256,
                0.9904771907121085
            ],
            [
                3.085381897448822e-05,
                0.21148048226822191,
                0.5039791403678616,
                0.28448040752919157,
                2.9116015750448323e-05
            ],
            [
                1.6481938981151313e-06,
                1.2538825973626038e-06,
                0.6952268950515059,
                0.2516915849848467,
                0.053078617887151784
            ],
            [
                2.1622482561830114e-07,
                1.9213233877277722e-09,
                2.9309027844180244e-09,
                0.30921670108856364,
                0.6907830778343845
            ],
            [
                0.0010199210583029192,
                3.6893428031954695e-09,
                3.3820472846323497e-10,
                0.2020301336848547,
                0.7969499412292949
            ]
        ],
        [
            [
                0.00010522992689164573,
                1.0673489763335528e-08,
                1.970399441253567e-09,
                0.39964174730943985,
                0.6002530101197794
            ],
            [
                2.879645775821064e-05,
                0.33596761864420244,
                0.39548634365822055,
                0.26849544909623096,
                2.1792143588010105e-05
            ],
            [
                8.540822686655999e-08,
                1.1589712936543819e-07,
                0.6000919421627567,
                0.013080490573052522,
                0.38682736595883455
            ],
            [
                7.350385441710695e-06,
                6.8276310422183446e-09,
                2.1296381878324128e-08,
                0.3129105872264926,
                0.6870820342640527
            ],
            [
                0.06252695053327463,
                2.792054727994286e-08,
                1.4830123377684135e-10,
                0.005131788787877207,
                0.9323412326099996
            ]
        ],
        [
            [
                3.675389890600844e-07,
                1.1021973072651469e-08,
                1.5088753891174916e-07,
                0.010706785191759634,
                0.9892926853597394
            ],
            [
                1.2392788276988385e-05,
                0.15020022013387202,
                0.5129852125328644,
                0.33674729082298116,
                5.488372200538011e-05
            ],
            [
                3.2210609831075164e-10,
                1.634104964504568e-09,
                0.4000082203555886,
                0.20000241707084604,
                0.3999893606173543
            ],
            [
                0.20080284402859183,
                3.296535163287033e-08,
                2.402622883356255e-07,
                0.2579741234503234,
                0.5412227592934448
            ],
            [
                0.10000000982282443,
                2.3810066106350264e-09,
                3.463829719356464e-09,
                0.20708060729898672,
                0.6929193770333525
            ]
        ],
        [
            [
                0.0022066874554488754,
                4.8965222032685254e-08,
                2.8646653575681773e-09,
                0.19818409375570026,
                0.7996091669589634
            ],
            [
                2.736288654267136e-05,
                0.0009106154124886458,
                0.5435244173432037,
                0.4554703757040676,
                6.722865369741188e-05
            ],
            [
                1.5703268557751917e-08,
                1.512250884311661e-08,
                0.9999929936971471,
                4.305356478006286e-06,
                2.6701205974885226e-06
            ],
            [
                1.0343484564856268e-09,
                1.4057506773150965e-10,
                4.361213229103132e-09,
                0.3974704681845022,
                0.602529526279361
            ],
            [
                4.978339601391294e-05,
                1.1057323979688812e-09,
                9.309578527245608e-08,
                0.6173172985528883,
                0.3826328238495801
            ]
        ],
        [
            [
                0.000649505913776077,
                5.6830186300814605e-11,
                3.0371370516924724e-10,
                2.5459877506321318e-09,
                0.9993504911796923
            ],
            [
                3.158156609280413e-10,
                6.979836037569566e-09,
                2.6786956338757976e-07,
                0.879951349118074,
                0.12004837571671091
            ],
            [
                6.462528747380881e-08,
                1.012671506555131e-07,
                0.9053902240540315,
                4.119294315521715e-05,
                0.09456841711037522
            ],
            [
                4.529746305881724e-08,
                8.977316400311857e-09,
                3.2699795838211605e-09,
                0.10000332765678814,
                0.8999966147984528
            ],
            [
                0.06776150920123515,
                2.2969807057553187e-09,
                7.143630302332275e-10,
                0.23646749781020102,
                0.6957709899772201
            ]
        ],
        [
            [
                2.670490911999792e-05,
                1.3027674589077972e-09,
                4.4446359340909136e-10,
                2.103577865070774e-06,
                0.9999711897657839
            ],
            [
                0.015353097725473453,
                0.9745562565428839,
                0.009922289828813319,
                0.00015742429816909545,
                1.0931604660351383e-05
            ],
            [
                8.428596634990479e-07,
                6.837782218719971e-05,
                0.8259156372545375,
                0.16355174673382028,
                0.01046339532979157
            ],
            [
                0.2590434224340425,
                1.04323191075239e-07,
                3.198478766477852e-08,
                0.19334716196642696,
                0.5476092792915518
            ],
            [
                0.2126614759075465,
                3.919390492001293e-09,
                1.9485544336696829e-10,
                3.582189124088689e-06,
                0.7873349377890835
            ]
        ],
        [
            [
                0.01703132277503505,
                2.3555443042672082e-07,
                2.799021405546799e-09,
                0.1661620422100399,
                0.8168063966614733
            ],
            [
                4.5377436610550805e-06,
                0.05422719878023805,
                0.9094663563940419,
                0.036300430053717914,
                1.4770283411127452e-06
            ],
            [
                4.0302259817966346e-09,
                9.982716245712653e-07,
                0.7558094816326809,
                0.24418739362917846,
                2.122436290145564e-06
            ],
            [
                1.8388527788016542e-07,
                1.990771173592781e-09,
                3.349187362963962e-08,
                0.40163668024563365,
                0.5983631003864436
            ],
            [
                1.5809300199182097e-06,
                8.994079335031826e-10,
                4.2962065901251406e-10,
                7.623935263655309e-07,
                0.999997655347425
            ]
        ],
        [
            [
                1.0981644270751177e-05,
                9.717800067190638e-09,
                1.4342702357232176e-08,
                0.13585724091163773,
                0.864131753383589
            ],
            [
                8.044623139101352e-06,
                0.5041784133264856,
                0.46861681243434994,
                0.02714013843546225,
                5.6591180563171735e-05
            ],
            [
                1.606494866795015e-05,
                1.9176359620780874e-06,
                0.9263794140476774,
                0.06539370648518344,
                0.008208896882508997
            ],
            [
                2.7129750231958932e-08,
                1.057838601218451e-09,
                1.7535026726923016e-11,
                0.029609443034247132,
                0.970390528760629
            ],
            [
                1.4816960564697457e-10,
                1.1964922450097533e-09,
                3.842981396558545e-10,
                0.00038685026307380975,
                0.9996131480079662
            ]
        ],
        [
            [
                1.049708276926348e-05,
                0.0009448934960943796,
                1.1063729742217379e-06,
                0.018978692143074682,
                0.9800648109050875
            ],
            [
                3.220005524993683e-05,
                0.18777675455923543,
                0.6193526580058764,
                0.1928186316094519,
                1.975577018650113e-05
            ],
            [
                1.771080612031517e-08,
                3.221021045652913e-07,
                0.999051993678303,
                9.36906201416246e-06,
                0.0009382974467720931
            ],
            [
                7.486590688847125e-07,
                9.90989680673382e-10,
                1.1289971087655548e-09,
                0.24452084845805028,
                0.755478400762894
            ],
            [
                0.39712149995078183,
                5.247069096354701e-09,
                2.704388201455737e-09,
                7.350239320513833e-07,
                0.6028777570738288
            ]
        ],
        [
            [
                0.3077900390335842,
                2.1658174352642103e-09,
                1.367833902352217e-08,
                0.18803370413224393,
                0.5041762409900153
            ],
            [
                2.158189909017229e-06,
                0.08393584553924123,
                0.43825462174974195,
                0.4662616465839927,
                0.011545727937115087
            ],
            [
                4.276952317059526e-07,
                9.388373961017081e-08,
                0.209691704298945,
                0.5912191036940921,
                0.19908867042799147
            ],
            [
                3.959108083619978e-07,
                2.1310248992567147e-08,
                3.2049305534086188e-09,
                0.20030021812979096,
                0.7996993614442212
            ],
            [
                4.606638437985967e-09,
                8.735911942835495e-09,
                1.2671344291965772e-08,
                0.1247782190007077,
                0.8752217549853976
            ]
        ],
        [
            [
                0.0022120160401777372,
                1.0299931821735321e-08,
                1.1660497794518776e-09,
                0.5974547631420537,
                0.400333209351787
            ],
            [
                0.0001550723714384086,
                0.9997696869224801,
                3.616067698132822e-05,
                3.852885951698068e-05,
                5.511695830780892e-07
            ],
            [
                2.4679792805131703e-05,
                8.015832837013478e-10,
                3.014737352657033e-07,
                0.5997567013912611,
                0.40021831654061524
            ],
            [
                3.628215674362364e-08,
                1.1159213963326884e-10,
                1.1358753201921423e-09,
                0.20427755063366587,
                0.7957224118367099
            ],
            [
                0.00014305683136483886,
                5.911284773842014e-09,
                4.271783810277816e-10,
                0.20312190795976076,
                0.7967350288704113
            ]
        ],
        [
            [
                1.0370463006299108e-05,
                3.734628013760921e-09,
                2.0974225040125537e-10,
                0.315114152420109,
                0.6848754731725145
            ],
            [
                7.106293210636511e-08,
                1.744391943048643e-06,
                0.9969445626194612,
                0.003049307284032199,
                4.3146416314807785e-06
            ],
            [
                7.168960594934774e-08,
                8.079557212546743e-07,
                0.6222736657934556,
                0.0026429635222187673,
                0.3750824910389985
            ],
            [
                5.233893817043822e-05,
                1.3643940797672468e-10,
                2.3068477945231597e-09,
                2.7681057697031945e-08,
                0.9999476309374847
            ],
            [
                9.047148281577148e-06,
                1.6756315052932908e-08,
                2.714860497049854e-10,
                0.0059341967177578715,
                0.9940567391061594
            ]
        ],
        [
            [
                2.6194438226399258e-08,
                4.0965304150240765e-10,
                5.842763876043927e-10,
                0.18764108946145241,
                0.8123588833501799
            ],
            [
                9.035147600236141e-07,
                2.2444714086354162e-05,
                0.7875086868758582,
                0.2103029427725871,
                0.002165022122708288
            ],
            [
                2.2508161830169982e-07,
                6.354039265877167e-07,
                0.9286258654352136,
                0.06777600330945327,
                0.0035972707697880394
            ],
            [
                1.5878525850112894e-06,
                1.2652472851557155e-08,
                1.5915072353437488e-09,
                0.6113964128197602,
                0.3886019850836748
            ],
            [
                0.00011346310640792104,
                2.2081313987997596e-09,
                1.0353217293377159e-07,
                0.07546983312478565,
                0.9244165980285021
            ]
        ],
        [
            [
                0.18942277704373595,
                6.517989667551273e-09,
                6.82375674634636e-09,
                2.1950314403404798e-05,
                0.8105552593001142
            ],
            [
                2.125558395961481e-07,
                4.972136619484345e-07,
                0.9802389348880223,
                0.018010646112444087,
                0.0017497092300320918
            ],
            [
                7.794274838557535e-11,
                1.2786716290625197e-09,
                0.9999999310815817,
                6.283458721916889e-09,
                6.127834508958284e-08
            ],
            [
                3.831579325695255e-05,
                1.6058358430742884e-08,
                2.3117098577701753e-09,
                0.1675159134409538,
                0.832445752395721
            ],
            [
                7.326443894873568e-10,
                7.19932491463027e-10,
                5.977636192911681e-10,
                0.19442141178852115,
                0.8055785861611384
            ]
        ],
        [
            [
                0.07780226777730681,
                1.1693606850611093e-07,
                5.668074882306877e-09,
                0.0015556926178049405,
                0.9206419170007448
            ],
            [
                0.00040068897532031947,
                0.038023346978573215,
                0.7714637904903882,
                0.19008573345267699,
                2.6440103041360608e-05
            ],
            [
                2.2402702478463615e-09,
                2.187826683364916e-08,
                0.1630740568377946,
                0.8369256890886944,
                2.2995497398548965e-07
            ],
            [
                2.1102138593179565e-07,
                3.923636691086872e-09,
                2.4922520942232207e-10,
                0.008675176430641092,
                0.9913246083751112
            ],
            [
                0.1908696957609109,
                1.9725669837113342e-08,
                1.060972393724235e-07,
                0.05385908722291677,
                0.7552710911932631
            ]
        ],
        [
            [
                0.02309197070698969,
                3.4718390006447005e-08,
                1.549964878208293e-07,
                0.22087842407785876,
                0.7560294155002737
            ],
            [
                2.9456647397727092e-05,
                0.3344146008242697,
                0.6415293862872206,
                0.023923843819277812,
                0.00010271242183412747
            ],
            [
                5.343738667259607e-07,
                1.1582352613498198e-06,
                0.4070336298815628,
                0.5925788520742911,
                0.0003858254350180751
            ],
            [
                1.7366681627906748e-08,
                1.2003104460672547e-09,
                3.84108128254645e-08,
                0.007608886195896837,
                0.9923910568262982
            ],
            [
                2.5909807467092745e-08,
                3.09255072505721e-09,
                6.193781732673027e-10,
                0.00023444827666352467,
                0.9997655221016002
            ]
        ],
        [
            [
                0.39979372099840393,
                5.935645008551147e-09,
                1.3719012316744566e-09,
                0.015190832923553983,
                0.5850154387704959
            ],
            [
                1.3600192720635628e-06,
                0.10907174774452427,
                0.8124700729063089,
                0.07845454105018144,
                2.2782797132190582e-06
            ],
            [
                3.827279985610893e-09,
                2.3092919673632064e-07,
                0.8076059448573453,
                0.19239363426061354,
                1.8612556452224943e-07
            ],
            [
                0.000291463931319536,
                3.752391188878942e-08,
                3.0497043797520017e-09,
                0.04153659297490136,
                0.9581719025201629
            ],
            [
                2.685900608109717e-08,
                3.00526155896738e-09,
                2.391684380922258e-09,
                0.0004946299830315341,
                0.9995053377610165
            ]
        ],
        [
            [
                3.973257364660391e-05,
                8.014482198731512e-09,
                1.0269207242832646e-09,
                0.11243631793451765,
                0.8875239404504328
            ],
            [
                2.2077853706205565e-07,
                2.560802149082916e-06,
                0.6803271270040526,
                0.31966550594578563,
                4.585469475555614e-06
            ],
            [
                5.943201061912016e-08,
                8.355741002043923e-09,
                0.20135720252994846,
                0.23023399745383166,
                0.5684087322284683
            ],
            [
                0.08939380652043565,
                1.964975310777003e-07,
                7.987483480486266e-09,
                0.3693355946962271,
                0.5412703942983227
            ],
            [
                0.1999329995156756,
                3.0627070201579814e-10,
                1.6743953410950493e-09,
                0.2709130659167901,
                0.5291539325868683
            ]
        ],
        [
            [
                3.545783106856037e-07,
                5.46719977072452e-12,
                3.9441921526282296e-09,
                8.61114980995012e-05,
                0.9999135299739305
            ],
            [
                3.181879243030395e-06,
                0.004361959850772769,
                0.9401763222418666,
                0.055426722193196214,
                3.1813834921225535e-05
            ],
            [
                6.545327343212939e-07,
                3.877025476954086e-06,
                0.9992129664924286,
                0.000779891092435081,
                2.61085692497537e-06
            ],
            [
                2.4312771754101294e-08,
                1.8410823408335531e-09,
                1.1091112543679354e-09,
                0.3380967765919277,
                0.6619031961451068
            ],
            [
                0.004595270471161307,
                1.5902037454881195e-09,
                1.3885694851374892e-08,
                0.00949406824402358,
                0.9859106458089165
            ]
        ],
        [
            [
                1.1696041826610996e-05,
                2.015974542997128e-10,
                5.623969136548884e-10,
                2.8768883684969895e-06,
                0.9999854263058106
            ],
            [
                4.257253756925851e-07,
                7.091598651657941e-06,
                0.006213559509880183,
                0.9913146609710503,
                0.0024642621950422116
            ],
            [
                1.7165056640694123e-08,
                4.847512237512767e-08,
                0.4875099525421702,
                0.00031450975399724884,
                0.5121754720636535
            ],
            [
                0.15557014781396689,
                7.705479534071509e-09,
                2.1057333067341704e-10,
                4.18233763769238e-06,
                0.8444256619323425
            ],
            [
                9.530515962859856e-05,
                1.4060998943319524e-08,
                1.582677912204552e-08,
                0.11198984965251772,
                0.8879148153000755
            ]
        ],
        [
            [
                0.09667289043127503,
                6.006260530204594e-08,
                1.4206733839582186e-08,
                0.09317509935693978,
                0.810151935942446
            ],
            [
                1.671763561710998e-05,
                0.0056761927228218875,
                0.6349324126888536,
                0.3591190581336067,
                0.0002556188191006606
            ],
            [
                3.706508902058424e-08,
                4.83407469174511e-08,
                0.999023369577621,
                0.0008350586635868845,
                0.00014148635295614087
            ],
            [
                6.600718717800983e-08,
                2.9182995795089514e-08,
                5.705728440561641e-09,
                0.22605798523463938,
                0.7739419138694492
            ],
            [
                0.1879826572480509,
                9.521108982445265e-10,
                2.985770383796433e-09,
                0.19991388814252872,
                0.612103450671539
            ]
        ],
        [
            [
                0.29957792673060496,
                1.6593382935175892e-08,
                1.5652823255618332e-08,
                0.19942982320172786,
                0.500992217821461
            ],
            [
                0.0002379581112334175,
                0.705430569242794,
                0.27590758739108945,
                0.018336817986731486,
                8.706726815170856e-05
            ],
            [
                6.423167571412703e-09,
                3.740561896895595e-08,
                0.7121969067193541,
                0.08781549314191106,
                0.1999875563099484
            ],
            [
                3.565347652859244e-07,
                1.8093890462292233e-10,
                1.521442100378151e-11,
                1.2393430414186919e-08,
                0.999999630875651
            ],
            [
                2.829837264859009e-06,
                2.995392388951149e-10,
                1.263635150989704e-09,
                0.28204740778938436,
                0.7179497608101764
            ]
        ],
        [
            [
                2.4909273904272038e-08,
                1.77389891450167e-09,
                1.7508461419391525e-09,
                0.012042009361213914,
                0.9879579622047672
            ],
            [
                1.4195555378954848e-06,
                0.00018647641041997246,
                0.14701389168697837,
                0.7448326215820806,
                0.10796559076498317
            ],
            [
                4.1707888904472597e-08,
                3.0853521163961943e-07,
                0.41689848003519214,
                0.3563622299368865,
                0.22673893978482076
            ],
            [
                0.00023399026454597643,
                5.482040554910333e-10,
                7.329418891650662e-09,
                0.17040229846456842,
                0.8293637033932627
            ],
            [
                0.19999448463640657,
                2.456078200814106e-09,
                1.8772462571206056e-09,
                0.00018928154734056425,
                0.7998162294829285
            ]
        ],
        [
            [
                0.16710112061456323,
                2.7839314397860054e-08,
                5.590805344471859e-10,
                0.001257788378366096,
                0.8316410626086758
            ],
            [
                7.255844782609089e-07,
                8.534244633717442e-07,
                0.42182075829201937,
                0.5155056636510368,
                0.06267199904800215
            ],
            [
                1.3955283875923383e-09,
                4.7804457312538956e-09,
                0.9997070908542699,
                0.0002928529725506022,
                4.99972053551295e-08
            ],
            [
                5.498946802199932e-06,
                1.4226465571338691e-10,
                3.986163695259596e-12,
                0.0003045174550557499,
                0.9996899834518913
            ],
            [
                0.07977161404000552,
                9.782467818129815e-09,
                1.59572764785676e-07,
                0.2929436232865271,
                0.6272845933182347
            ]
        ],
        [
            [
                0.19936544721274438,
                1.2895534106294799e-08,
                1.1912635984060984e-08,
                0.004243567322406317,
                0.7963909606566792
            ],
            [
                7.015260973812017e-06,
                0.0036534358077907583,
                0.799060154064858,
                0.1972739764774397,
                5.418388937607803e-06
            ],
            [
                2.483005173569684e-09,
                1.7605388895765706e-08,
                0.8382296628965731,
                0.1617702749431999,
                4.2071833028596286e-08
            ],
            [
                0.20029471297954168,
                7.83429168507516e-09,
                3.0723169105854678e-09,
                0.16293241790327467,
                0.636772858210575
            ],
            [
                0.03729913398483646,
                1.5452799456642903e-09,
                7.711213994531364e-09,
                4.759691886948759e-07,
                0.9627003807894808
            ]
        ],
        [
            [
                0.10357881740936055,
                8.219690649203703e-09,
                4.858113446016218e-08,
                0.14723703560820442,
                0.7491840901816099
            ],
            [
                6.615365728088792e-07,
                0.20940618231914165,
                0.4102921068229901,
                0.3780118735650999,
                0.0022891757561954227
            ],
            [
                2.656168185804429e-06,
                5.438666486982574e-07,
                0.22087358736161206,
                0.22000530224376658,
                0.5591179103597869
            ],
            [
                0.0008155445001144623,
                4.06646229197098e-09,
                1.173772922412057e-09,
                0.06807697625120057,
                0.9311074740084497
            ],
            [
                1.581733399808778e-06,
                5.48243239364783e-09,
                2.7127175886618785e-08,
                0.29988944247375504,
                0.7001089431832369
            ]
        ],
        [
            [
                0.34198830430525984,
                2.546424554444387e-07,
                1.810841855525221e-08,
                0.0010138563490497633,
                0.6569975665948163
            ],
            [
                8.516103324009652e-07,
                3.054955222785614e-05,
                0.36568850598630265,
                0.5630637697978125,
                0.07121632305332466
            ],
            [
                5.556945643221223e-09,
                1.9769403949166113e-09,
                0.00024313424159078513,
                0.200094002259681,
                0.7996628559648422
            ],
            [
                2.896503957241014e-06,
                1.4676422292962926e-09,
                4.0330574849183614e-10,
                0.20573226997040184,
                0.794264831654693
            ],
            [
                5.843163948696787e-07,
                4.198797291029835e-10,
                8.817751760819394e-10,
                0.20743443577695117,
                0.792564978604999
            ]
        ],
        [
            [
                0.0009559405091895862,
                1.3590794484505109e-09,
                2.654010270489445e-09,
                3.212547945382692e-05,
                0.9990119299982668
            ],
            [
                2.3573553804670307e-07,
                0.0001343787258970643,
                0.014892931017478886,
                0.8100823366079624,
                0.1748901179131237
            ],
            [
                6.028616300424387e-09,
                2.626053711674469e-09,
                0.9999982593680231,
                3.396575184723448e-09,
                1.7285807316692057e-06
            ],
            [
                3.8812795947816347e-07,
                2.6710294796520054e-11,
                3.155306475736166e-09,
                3.341743427768381e-06,
                0.9999962669465959
            ],
            [
                0.002812735131225597,
                2.5101706287937183e-10,
                1.1021692716254333e-09,
                0.036504384032275995,
                0.9606828794833121
            ]
        ],
        [
            [
                0.5296972696568774,
                2.3877914780424916e-07,
                6.511806318865906e-09,
                0.07453714147739265,
                0.39576534357477583
            ],
            [
                3.419858684641765e-05,
                0.5568896473062448,
                0.43752163247577447,
                0.00550457225354134,
                4.9949377593025666e-05
            ],
            [
                7.492082562677006e-11,
                1.9836430953628275e-10,
                0.9999951177048455,
                4.300945590054679e-06,
                5.810762792256647e-07
            ],
            [
                0.1644601524884745,
                1.8899909758702201e-07,
                1.39454771107143e-07,
                0.18197221197904612,
                0.6535673070786108
            ],
            [
                1.9235377862758418e-05,
                9.231249447162922e-10,
                5.214037056589102e-08,
                0.02961046386665128,
                0.9703702476919905
            ]
        ],
        [
            [
                3.5794769146276477e-09,
                1.3304265773025191e-09,
                6.75103870859107e-10,
                0.17903603143877736,
                0.8209639629762152
            ],
            [
                0.004607101746580245,
                0.15354759019258124,
                0.8375518260021544,
                0.0042638753967643795,
                2.96066619198079e-05
            ],
            [
                3.8336241973609416e-10,
                1.3020943822024493e-09,
                0.9998888528253707,
                0.00011056408107446728,
                5.814080980601318e-07
            ],
            [
                5.332135757320872e-10,
                1.6350439819405257e-09,
                6.902795634360434e-10,
                0.0017154978741936756,
                0.9982844992672693
            ],
            [
                1.8904947502553465e-09,
                1.4670271607461721e-09,
                1.12770024073161e-08,
                0.005870075898040349,
                0.9941299094674354
            ]
        ],
        [
            [
                0.12721397029243728,
                1.1804414743843237e-08,
                5.705730609262262e-08,
                0.016856261754253473,
                0.8559296990915883
            ],
            [
                1.0340875569878427e-05,
                0.08131798706631296,
                0.6390109203065196,
                0.279575191055331,
                8.556069626642162e-05
            ],
            [
                4.794044971910253e-08,
                4.586330546638111e-07,
                0.9878076532389412,
                0.012157190819679671,
                3.464936787469503e-05
            ],
            [
                4.071925061999217e-05,
                2.256863974868705e-08,
                9.127015056771873e-10,
                0.15548508205959222,
                0.8444741752084465
            ],
            [
                0.009552324613906512,
                1.1522328651538134e-07,
                1.1895634747187576e-09,
                0.008558299854507376,
                0.981889259118736
            ]
        ],
        [
            [
                0.2176264389727359,
                3.1372938598185938e-09,
                3.853524517403608e-08,
                0.0019705660258933187,
                0.7804029533288317
            ],
            [
                1.8446608197545934e-06,
                8.975693670763705e-05,
                0.5515665846667184,
                0.4481466857113878,
                0.00019512802436642596
            ],
            [
                8.837107800743885e-08,
                8.146545512062895e-09,
                0.11441173537916544,
                0.5980264592720557,
                0.28756170883115545
            ],
            [
                0.09998479675242308,
                7.738428619218233e-09,
                9.778078639380334e-09,
                0.19648208120554334,
                0.7035331045255264
            ],
            [
                0.004411159268888099,
                7.915533078365283e-09,
                5.657597443101505e-10,
                7.2189167393804985e-06,
                0.9955816133330797
            ]
        ],
        [
            [
                4.180916936921048e-08,
                5.491196254121004e-11,
                2.7601715966880326e-09,
                0.023665361280342054,
                0.976334594095405
            ],
            [
                7.429389179425788e-07,
                0.0003978952721986854,
                0.26581960740517724,
                0.7337009875662795,
                8.076681742663107e-05
            ],
            [
                8.756472044324785e-09,
                1.3845248591108435e-07,
                0.9998545181069951,
                0.0001447105784277139,
                6.24105619222218e-07
            ],
            [
                1.8332944969795058e-06,
                2.9702894677723646e-09,
                3.1602127410743538e-09,
                0.02012870958796064,
                0.9798694509870403
            ],
            [
                0.023842425994659622,
                3.607412232043908e-10,
                3.325488426616385e-09,
                0.19083569883588405,
                0.7853218714832267
            ]
        ],
        [
            [
                0.011154117883358126,
                8.2033292470091e-10,
                2.4856854096524836e-08,
                0.0644571361717092,
                0.9243887202677457
            ],
            [
                9.937044317995103e-06,
                0.0011164274643020587,
                0.5840697325379033,
                0.4146728228461332,
                0.00013108010734338082
            ],
            [
                9.199991438547563e-10,
                1.4766382743072396e-08,
                0.4123367645346225,
                0.5876631655321021,
                5.424689353853435e-08
            ],
            [
                1.9954519860616813e-08,
                9.006457493140955e-10,
                3.341640407408231e-08,
                0.17697343214290187,
                0.8230265135855285
            ],
            [
                0.20077770386509247,
                2.354599725653852e-09,
                1.0913285119870963e-09,
                0.00037843217908514406,
                0.7988438605098942
            ]
        ],
        [
            [
                3.095387374161158e-09,
                2.6867363141217324e-11,
                3.2410187256479095e-10,
                0.19995975450512854,
                0.8000402420485149
            ],
            [
                2.3754187547462535e-05,
                0.08592860485735243,
                0.6652272469961544,
                0.2485431569516777,
                0.0002772370072680428
            ],
            [
                9.091019089777725e-07,
                1.826762787416805e-06,
                0.6816380062735393,
                0.19918096654298245,
                0.11917829131878192
            ],
            [
                0.005760040003471279,
                2.7636187448886684e-10,
                4.012551856754022e-08,
                0.0034953424529610647,
                0.9907445771416873
            ],
            [
                0.003623461904069162,
                1.539170225958629e-08,
                1.350822819394e-09,
                0.11324603258913946,
                0.8831304887642663
            ]
        ],
        [
            [
                0.026652961203400962,
                7.15125300129649e-09,
                1.7552150212865729e-07,
                0.019887799865516205,
                0.9534590562583277
            ],
            [
                4.202096830630108e-06,
                2.998559442075211e-06,
                0.6825669425260446,
                0.3169497030857612,
                0.00047615373192154046
            ],
            [
                3.0960301582224727e-08,
                1.2463830517166432e-08,
                0.9969780205362615,
                0.0028127622173336224,
                0.00020917382227285663
            ],
            [
                8.30015025708246e-06,
                6.184430521910766e-11,
                4.03590211252712e-10,
                0.00018243325984598804,
                0.9998092661244624
            ],
            [
                0.1995054404720868,
                6.256668785800824e-10,
                1.2695597528753198e-09,
