{
    "[['A', 'B', 'C', 'D', 'E'], ['A', 'B', 'C', 'D', 'E']]": [
        [
            [
                0.9981399432508373,
                0.00186005028534279,
                6.355229693551449e-10,
                5.627022360560787e-09,
                2.0127472306304992e-10
            ],
            [
                9.361957787900074e-08,
                2.954348175739065e-06,
                0.003049493075680045,
                0.9861351377630537,
                0.010812321193512536
            ],
            [
                3.814550555291213e-09,
                2.602217270601431e-07,
                6.082290306030785e-08,
                0.8875508979626978,
                0.11244877717812143
            ],
            [
                6.216659359304483e-08,
                9.709406827327499e-10,
                6.455946459568664e-09,
                0.6001929351963267,
                0.3998069952101926
            ],
            [
                0.0007525118677541082,
                4.950035286956712e-09,
                7.002533439695785e-09,
                0.21511600744184567,
                0.7841314687378315
            ]
        ],
        [
            [
                0.9970241026571977,
                0.0029758943946594373,
                1.791700897901666e-10,
                9.847304703325109e-10,
                1.784242312431604e-09
            ],
            [
                4.1925866434913696e-07,
                0.29885694357547954,
                0.21619884192844874,
                0.48467278078555665,
                0.0002710144518507956
            ],
            [
                2.7357154113030255e-10,
                1.0533897075031013e-09,
                1.3138163689870514e-07,
                0.9999923119228014,
                7.555368600525641e-06
            ],
            [
                1.2711071167354734e-09,
                1.6600736963744107e-09,
                8.84549821734018e-10,
                0.3999995904555716,
                0.6000004057286978
            ],
            [
                8.612696044854912e-05,
                1.7174232002914952e-09,
                1.5006341341854866e-08,
                0.2074795825385068,
                0.7924342737772802
            ]
        ],
        [
            [
                0.9997660909558805,
                0.00023390753362852035,
                2.6192403849593517e-11,
                1.2767682822206273e-09,
                2.0753023184839094e-10
            ],
            [
                6.522360705555681e-06,
                0.20092200893589202,
                0.7647083396738064,
                0.03435795449553706,
                5.174534059021061e-06
            ],
            [
                5.459336212810478e-08,
                5.655137901805312e-05,
                2.4686113774530454e-05,
                0.9531346493445569,
                0.04678405856928838
            ],
            [
                2.99976304786887e-08,
                3.2081858716470624e-08,
                7.299565563604689e-09,
                0.40007239634536285,
                0.5999275342755824
            ],
            [
                1.4113651226651586e-11,
                4.523686127115726e-11,
                1.124837327514098e-10,
                5.820388427274728e-07,
                0.999999417789323
            ]
        ],
        [
            [
                0.9244849713872434,
                0.0755150280555312,
                1.8008565719411454e-10,
                3.496330991272595e-11,
                3.421765235134765e-10
            ],
            [
                0.009636992232129021,
                0.7524864231717048,
                0.0008086078688890647,
                0.23699199586882885,
                7.5980858448231e-05
            ],
            [
                6.916385691383391e-07,
                0.001236214591182756,
                0.00035403039530594555,
                0.9832718847152786,
                0.015137178659663476
            ],
            [
                0.00038535970090414673,
                7.246082751468342e-10,
                2.995604548413824e-10,
                0.5978749031001002,
                0.40173973617482706
            ],
            [
                0.00014565909108459738,
                2.2109203291849925e-08,
                9.013233641964107e-10,
                0.5243646162192498,
                0.47548970167913884
            ]
        ],
        [
            [
                0.9997660939574746,
                0.00023390544231724407,
                2.471394275300412e-10,
                1.6801112472476366e-10,
                1.8505754046771504e-10
            ],
            [
                5.970802602682252e-05,
                0.5026750438499429,
                0.47009324379824413,
                0.027157535682350166,
                1.4468643436101818e-05
            ],
            [
                6.808739638283711e-08,
                1.8065630963683939e-06,
                0.04482528154873787,
                0.6662404360410711,
                0.2889324077596982
            ],
            [
                5.508659727917944e-10,
                2.1899489548552408e-09,
                1.3926136038298575e-09,
                0.3999519466751912,
                0.6000480491913802
            ],
            [
                1.9549882009097483e-08,
                2.39389734921624e-09,
                5.9855341334552315e-09,
                0.378895555058413,
                0.6211044170122735
            ]
        ],
        [
            [
                0.9999994606823788,
                5.16878529194482e-07,
                2.7659765562299956e-10,
                1.8760211266197125e-10,
                2.1974892265473263e-08
            ],
            [
                0.007343385803605346,
                0.9271128304688487,
                0.001016690448417765,
                0.06451542849967619,
                1.1664779451959755e-05
            ],
            [
                1.3657039117066363e-08,
                8.266221655788571e-08,
                1.1652924774346444e-06,
                0.9336361760392825,
                0.06636256234898441
            ],
            [
                2.6261639455211722e-09,
                5.497643897894968e-10,
                4.0724939526514433e-10,
                0.20011844313113714,
                0.7998815532856851
            ],
            [
                0.0046428651064305245,
                8.630701185924521e-08,
                4.970599280011754e-09,
                0.015401809699448156,
                0.9799552339165102
            ]
        ],
        [
            [
                0.9996144952659968,
                0.00038550397692395475,
                2.1993405619912962e-10,
                2.8758339872762245e-11,
                5.083868533279404e-10
            ],
            [
                5.6807805041008896e-06,
                0.1624567434288728,
                0.30871745124233846,
                0.5285594367078081,
                0.00026068784047644545
            ],
            [
                7.31275759833054e-09,
                6.866015200301249e-09,
                8.961517235556024e-06,
                0.9976038017046653,
                0.0023872225993262297
            ],
            [
                2.0086927180150264e-09,
                5.819351984319533e-10,
                1.7483402928084294e-09,
                0.7872974417210985,
                0.21270255393993318
            ],
            [
                1.1754662031026915e-07,
                3.857056627932954e-09,
                1.556811774469203e-08,
                0.38069665317409584,
                0.6193032098541095
            ]
        ],
        [
            [
                0.9999931332540979,
                6.865595465279455e-06,
                1.2620309242871858e-10,
                7.010287020780342e-10,
                3.2320512139356094e-10
            ],
            [
                7.684327942385853e-05,
                0.9999102473129667,
                2.676531128200226e-06,
                1.022797298061236e-05,
                4.903500587762008e-09
            ],
            [
                7.833530818465988e-11,
                9.317352851960734e-10,
                0.999857976831364,
                0.00014195959293776327,
                6.256562767548484e-08
            ],
            [
                5.817712665339075e-09,
                2.8165738956922377e-09,
                8.351994084189371e-09,
                0.20275538083423453,
                0.7972446021794849
            ],
            [
                6.614157774071274e-05,
                6.426892785084283e-09,
                4.805426643406542e-08,
                0.5776710569121295,
                0.42226274702897065
            ]
        ],
        [
            [
                0.9998060851104769,
                0.00019391394333090591,
                6.543839771932126e-11,
                5.640586332795859e-10,
                3.1669517674896294e-10
            ],
            [
                1.049216063173069e-06,
                0.5611544464473386,
                0.4388095060294301,
                3.4787341430832884e-05,
                2.1096573742474825e-07
            ],
            [
                1.152751842827181e-06,
                0.00010749771298004285,
                0.2855520575347355,
                0.7030549958511871,
                0.011284296149254396
            ],
            [
                3.271901828471222e-08,
                1.8433419098623416e-09,
                4.673296011039656e-09,
                0.7982642884505464,
                0.2017356723137973
            ],
            [
                3.0109264066855572e-06,
                3.4149658485759513e-09,
                4.968347746834263e-08,
                0.028460570476027097,
                0.9715363654991229
            ]
        ],
        [
            [
                0.9998173232797535,
                0.00018267520187651527,
                2.9124293036167184e-10,
                1.0137139662889105e-09,
                2.1341322782757978e-10
            ],
            [
                6.223976197950326e-07,
                0.0013526735115236047,
                0.9823065786790453,
                0.01633114208527204,
                8.983326539225931e-06
            ],
            [
                8.848657178147728e-08,
                4.5935573293771315e-07,
                0.6773151704830779,
                0.22359162820698505,
                0.09909265346763237
            ],
            [
                6.741899653321688e-11,
                1.7829194655260011e-09,
                4.1205312984347334e-11,
                0.3905105232333523,
                0.6094894748751039
            ],
            [
                1.3201844743015035e-07,
                3.1419814490707598e-09,
                3.981329680336119e-09,
                0.5996017439164085,
                0.40039811694183286
            ]
        ],
        [
            [
                0.9999922977936185,
                7.700312129287664e-06,
                2.3909032491284923e-10,
                1.3343794502770843e-09,
                3.207824225510562e-10
            ],
            [
                2.1896892753192956e-06,
                0.47851198147340934,
                0.2527258181779902,
                0.268680675256847,
                7.933540247811675e-05
            ],
            [
                2.2371336995551164e-07,
                1.9455168895247612e-07,
                0.00021664206781027865,
                0.9845959272495504,
                0.015187012417580434
            ],
            [
                1.0518651062934007e-09,
                9.665990575994783e-10,
                1.3932889523213692e-09,
                0.7999661564225792,
                0.20003384016566775
            ],
            [
                3.7212363804522305e-08,
                1.1503112282716926e-09,
                1.4929421424759752e-09,
                0.5761444328803551,
                0.4238555272640278
            ]
        ],
        [
            [
                0.9978466248564495,
                0.0021533687533501107,
                1.0228664881861052e-10,
                3.809281194286834e-09,
                2.4786326757710934e-09
            ],
            [
                2.7301611742744405e-06,
                0.38019544635327773,
                0.5608411319889541,
                0.058954542029062494,
                6.149467531298212e-06
            ],
            [
                6.9088266374646455e-09,
                1.5784358313162205e-06,
                1.1711257520766767e-07,
                0.4889931310073553,
                0.5110051665354115
            ],
            [
                3.687816024966058e-10,
                9.984907256710434e-10,
                2.2304324993081253e-10,
                0.795945029263876,
                0.2040549691458084
            ],
            [
                3.3360138648293533e-07,
                3.806526198412828e-09,
                2.409286017149326e-10,
                0.647635926657021,
                0.3523637356941378
            ]
        ],
        [
            [
                0.9999941210382984,
                5.878746511905416e-06,
                6.593203385163722e-11,
                2.775287339155285e-11,
                1.215046740748475e-10
            ],
            [
                1.0629345057397823e-07,
                0.3113179381549836,
                0.20193102997141935,
                0.48669684334398283,
                5.408223616364408e-05
            ],
            [
                9.617950582711072e-08,
                3.3751508433237173e-06,
                0.015002673571096112,
                0.9791308612772515,
                0.005862993821303147
            ],
            [
                6.850305659851402e-08,
                2.010676920207125e-07,
                1.0614416448757608e-07,
                0.24849515235858102,
                0.7515044719265058
            ],
            [
                0.015867012727739712,
                5.640719446589333e-07,
                6.210268058856893e-09,
                0.3505567184736083,
                0.6335756985164394
            ]
        ],
        [
            [
                0.9999966322480344,
                3.367103202016692e-06,
                1.0670420780782845e-10,
                3.437914056485396e-10,
                1.9826800282930525e-10
            ],
            [
                7.867011821427888e-07,
                0.11137662779981812,
                0.6830170419021157,
                0.2055974656447809,
                8.077952103304016e-06
            ],
            [
                8.142154020713791e-07,
                0.0018888279043124696,
                0.005132853599367726,
                0.7701567214872546,
                0.22282078279366316
            ],
            [
                1.496929114537393e-05,
                5.784033178923295e-10,
                1.4378019970703099e-09,
                0.7999688189705249,
                0.20001620972212444
            ],
            [
                1.921314959373551e-05,
                5.79499552249888e-08,
                1.8953475567133398e-07,
                0.4251932551474627,
                0.5747872842182327
            ]
        ],
        [
            [
                0.9124322794691285,
                0.08756771470961373,
                1.9973483793502138e-10,
                1.6423358104932193e-09,
                3.9791872145327334e-09
            ],
            [
                1.7035566417462477e-06,
                0.0001401772030665717,
                0.17488890324049391,
                0.8249456807516728,
                2.3535248124875847e-05
            ],
            [
                2.2585670582149874e-07,
                0.003910915449856856,
                0.5807237946974374,
                0.41534240376007564,
                2.2660235924334078e-05
            ],
            [
                1.0079993712022482e-07,
                9.42006061906906e-09,
                3.718241994333849e-08,
                0.40056021250211354,
                0.5994396400954688
            ],
            [
                1.0054157076420132e-08,
                3.755294735440486e-09,
                1.045057079190553e-09,
                0.5265354975762657,
                0.4734644875692253
            ]
        ],
        [
            [
                0.9998177891787611,
                0.0001822106117684482,
                3.66068473383539e-12,
                2.0164395518704376e-10,
                4.165706974649382e-12
            ],
            [
                1.6680657773540618e-05,
                0.44861759116970706,
                0.3209506547520422,
                0.23031293520350668,
                0.00010213821697043812
            ],
            [
                7.845987502331436e-09,
                3.1904137291737875e-07,
                0.9645163485622644,
                0.03548236882258919,
                9.557277859558668e-07
            ],
            [
                1.5856992773414945e-07,
                1.7732179114314392e-08,
                1.3707831814652989e-08,
                0.3778124852160828,
                0.6221873247739785
            ],
            [
                8.696537540424192e-08,
                2.008882529635916e-09,
                8.786158918124751e-10,
                0.19718763115119545,
                0.8028122789959308
            ]
        ],
        [
            [
                0.8875642377210635,
                0.11243575699470615,
                6.62420639545427e-10,
                4.0414574199775336e-10,
                4.217663909768686e-09
            ],
            [
                6.133180019214701e-07,
                0.3665530157839679,
                0.21901569152933867,
                0.4137395800918298,
                0.0006910992768618019
            ],
            [
                5.1998151608265753e-08,
                3.133043148834773e-06,
                0.0010322699949781948,
                0.6904502253968976,
                0.30851431956682385
            ],
            [
                2.0111410432241244e-09,
                9.592506808360948e-09,
                1.6664055486491178e-09,
                0.22380481484595477,
                0.7761951718839919
            ],
            [
                7.04261478096215e-06,
                6.004426378693655e-10,
                1.321490994399652e-10,
                0.18174670018113306,
                0.8182462564714942
            ]
        ],
        [
            [
                0.995379843190269,
                0.0046201558346052945,
                9.408937286531127e-11,
                2.0481731945516625e-10,
                6.762190650247958e-10
            ],
            [
                1.2920947118628974e-05,
                0.054045513631676624,
                0.7979138692259459,
                0.14799737653145817,
                3.031966380066358e-05
            ],
            [
                8.371154157585122e-09,
                2.4540390793709967e-06,
                0.1644614213185654,
                0.6375831214959188,
                0.19795299477528228
            ],
            [
                4.7582326513237294e-08,
                3.970377655911912e-10,
                8.447910951179383e-11,
                0.5991877218066551,
                0.4008122301295014
            ],
            [
                2.6454055856299993e-09,
                4.378161248490791e-12,
                3.4429334214201697e-10,
                0.3979842548255533,
                0.6020157421803697
            ]
        ],
        [
            [
                0.9999999489643168,
                5.0937295971150954e-08,
                3.883021479424432e-11,
                1.4801710790948766e-11,
                4.475542913136686e-11
            ],
            [
                0.0006867858449829255,
                0.9788135940502459,
                7.288093331876996e-05,
                0.02042208550411199,
                4.653667340341967e-06
            ],
            [
                2.987072137525712e-10,
                6.902444563022002e-10,
                9.514150580751677e-08,
                0.7549055041646722,
                0.24509439970487037
            ],
            [
                6.849564996147195e-09,
                2.4014231389160953e-08,
                6.974154403099803e-08,
                0.3459780933459325,
                0.6540218060487271
            ],
            [
                0.0013495174467531303,
                4.496472850442919e-08,
                6.524442626464326e-08,
                0.22445456065824698,
                0.7741958116858452
            ]
        ],
        [
            [
                0.8292335978262141,
                0.17076640086637918,
                2.646288244059696e-10,
                9.104249244206553e-10,
                1.323530699023253e-10
            ],
            [
                0.0017423222076695338,
                0.6345584135833094,
                0.3451070678032716,
                0.018542955924661597,
                4.924048108780736e-05
            ],
            [
                5.903824171643158e-10,
                1.4509509002379459e-08,
                1.4777302288924615e-06,
                0.5586954200513862,
                0.4413030871184934
            ],
            [
                2.1579802797971254e-06,
                1.846725663382072e-08,
                2.7262207459255473e-09,
                0.5054523327508645,
                0.4945454880753784
            ],
            [
                3.099823247127793e-11,
                3.70179680530947e-10,
                8.649601705314364e-10,
                0.39996817979940075,
                0.6000318189344612
            ]
        ],
        [
            [
                0.805799077972997,
                0.1942009208701617,
                4.3866012052435354e-10,
                8.27146804648696e-11,
                6.354665041426702e-10
            ],
            [
                1.143659690388264e-06,
                0.01251347501404795,
                0.25228139801882987,
                0.733339220125948,
                0.0018647631814837826
            ],
            [
                9.485295323005843e-09,
                2.8039226230305276e-07,
                3.715539315716044e-08,
                0.6285542447208867,
                0.37144542824616245
            ],
            [
                2.3734988666733665e-09,
                1.9166549444551783e-09,
                4.706615384005259e-10,
                0.8023965905624629,
                0.19760340467672183
            ],
            [
                0.0024858410718860808,
                7.914231926163543e-08,
                6.827000056351441e-10,
                0.5711856258628356,
                0.42632845324025914
            ]
        ],
        [
            [
                0.6303240361072036,
                0.3696759626275311,
                2.150799271213619e-10,
                7.067964966140131e-10,
                3.4338882668318545e-10
            ],
            [
                0.00014998159184717214,
                0.3519687236143829,
                0.24601804539329608,
                0.4016468524271218,
                0.0002163969733521168
            ],
            [
                8.28022459011668e-09,
                4.764103292465617e-08,
                2.4470489552014046e-08,
                0.7762264129387109,
                0.22377350666954202
            ],
            [
                1.2583548369623736e-10,
                2.0187883028079544e-09,
                9.091667214237173e-10,
                0.599999844352167,
                0.4000001525940425
            ],
            [
                9.366398714633672e-07,
                2.203962586974853e-09,
                5.003339370214665e-09,
                0.5961607751643716,
                0.403838280988455
            ]
        ],
        [
            [
                0.997171643325434,
                0.0028283538324674505,
                6.196150186460638e-11,
                5.153249787353988e-10,
                2.264811936188817e-09
            ],
            [
                3.807367048241796e-07,
                1.6292051212121253e-06,
                0.002070992301035337,
                0.9608115962741033,
                0.037115401483035444
            ],
            [
                1.1394460296029273e-10,
                1.2948385861505742e-09,
                0.9999999932742722,
                4.6673003047434675e-09,
                6.496442288338037e-10
            ],
            [
                7.034988413070164e-10,
                1.055126774055336e-09,
                4.4944328796067225e-09,
                0.5941373366619336,
                0.40586265708500785
            ],
            [
                0.2041734548197766,
                7.40506808614117e-07,
                2.8183231369708207e-07,
                0.005619485929584949,
                0.7902060369115161
            ]
        ],
        [
            [
                0.9997926499860301,
                0.00020732459931440485,
                9.341707174995087e-10,
                1.4810318854425005e-09,
                2.2999452808698696e-08
            ],
            [
                8.485631889904314e-06,
                0.32277274690169727,
                0.45266979883094055,
                0.2244412080756804,
                0.00010776055979170259
            ],
            [
                8.685503722920991e-09,
                1.175994809744668e-08,
                1.423088950831558e-07,
                0.9939947114182215,
                0.0060051258274314775
            ],
            [
                1.12040745317273e-09,
                2.1198684870257535e-09,
                3.127428228340204e-09,
                0.40274964723779233,
                0.5972503463945035
            ],
            [
                2.0907892214407196e-07,
                6.6017322975557715e-09,
                3.780403112395425e-08,
                0.35168880149453124,
                0.6483109450207831
            ]
        ],
        [
            [
                0.9982322581224897,
                0.0017677409805996328,
                2.372768655012068e-10,
                1.8233731093795672e-10,
                4.772965876479807e-10
            ],
            [
                0.0008138609533280783,
                0.965714455880382,
                0.00041370137179156606,
                0.033034109059262386,
                2.3872735235992864e-05
            ],
            [
                1.4307628667151304e-08,
                8.074002081116635e-09,
                1.931730895810387e-06,
                0.6214971814794,
                0.37850086440807346
            ],
            [
                1.32364081610389e-10,
                3.046471039305713e-10,
                2.8425954778436496e-10,
                0.5999778732292399,
                0.4000221260494892
            ],
            [
                0.0001284104395463084,
                5.215797671650536e-10,
                1.10445803283367e-09,
                0.613184877900752,
                0.3866867100336638
            ]
        ],
        [
            [
                0.999999250295501,
                7.489395842673718e-07,
                1.5622474592866547e-11,
                3.2450706276601264e-10,
                4.247851415642098e-10
            ],
            [
                0.0006553680722705186,
                0.8960850080362593,
                0.020713580611409352,
                0.0822737962090117,
                0.00027224707104898027
            ],
            [
                7.727397666336926e-11,
                2.1461935279076925e-10,
                0.9999983177440348,
                1.6811456667341365e-06,
                8.184051925090409e-10
            ],
            [
                1.791951758012449e-09,
                9.896112186382877e-10,
                3.089240219976501e-09,
                0.4000192165327268,
                0.59998077759647
            ],
            [
                2.3011770821463667e-08,
                2.1259244341474084e-08,
                1.2040906357782855e-09,
                0.2897620376386993,
                0.710237916886195
            ]
        ],
        [
            [
                0.9999872974927205,
                1.2702241278722584e-05,
                6.023158419515525e-11,
                2.5118413593728935e-11,
                1.806506079627952e-10
            ],
            [
                0.02627902911613289,
                0.9736343339167295,
                3.2215923803345366e-06,
                8.281222124371632e-05,
                6.031535135117476e-07
            ],
            [
                1.4457672396880918e-08,
                6.505721151089444e-08,
                1.6859775829127992e-07,
                0.9991760276207128,
                0.0008237242666449488
            ],
            [
                3.0525871708856394e-10,
                3.542086430929325e-09,
                3.061506101618703e-11,
                0.4000140725270637,
                0.599985923594976
            ],
            [
                2.5542780236414354e-10,
                1.2237005769889872e-09,
                7.411467981262627e-10,
                0.1999478687654217,
                0.8000521290143031
            ]
        ],
        [
            [
                0.9999990081493569,
                9.908300034125059e-07,
                4.537034706152971e-11,
                7.727567607417205e-10,
                2.0251242063405675e-10
            ],
            [
                3.8656933262402035e-07,
                0.17948259086775736,
                0.1560074087793372,
                0.6593688071151769,
                0.0051408066683959796
            ],
            [
                3.2982082470861644e-06,
                0.006678500331910753,
                0.28737956370824985,
                0.7035284576575076,
                0.0024101800940848008
            ],
            [
                0.0016136122559217362,
                1.568170333611859e-08,
                4.543043938023203e-10,
                0.7841150039841461,
                0.21427136762392437
            ],
            [
                1.3363976208200948e-09,
                1.5059308738818936e-09,
                1.8350306080578983e-08,
                0.6085408884485625,
                0.391459090358803
            ]
        ],
        [
            [
                0.993684358645039,
                0.006315554750605289,
                4.12887614694238e-09,
                6.6914494998216875e-09,
                7.578403008060113e-08
            ],
            [
                8.677930963185983e-06,
                0.17323293652973987,
                0.4420219752537502,
                0.3847335666749116,
                2.843610635159391e-06
            ],
            [
                3.6054868200503053e-08,
                1.3551331709536504e-08,
                1.3084399749938358e-08,
                0.9941372655271,
                0.005862671782300271
            ],
            [
                2.3628094054685256e-07,
                6.105607211705685e-09,
                3.766630339065972e-09,
                0.37760453079593137,
                0.6223952230508906
            ],
            [
                6.325396401729267e-08,
                1.6301102362238704e-09,
                2.539750628700325e-08,
                0.4035971907269509,
                0.5964027189914686
            ]
        ],
        [
            [
                0.9924525833813724,
                0.007547415529364923,
                2.502989501631106e-11,
                6.056048353646758e-10,
                4.5862793588538735e-10
            ],
            [
                0.00019112067678855527,
                0.7708251805014299,
                0.04963979822067868,
                0.17931483771537698,
                2.906288572575735e-05
            ],
            [
                2.025244267223289e-07,
                1.5760433569313972e-07,
                0.20092159632354079,
                0.7953612846789407,
                0.003716758868756065
            ],
            [
                4.239322828143984e-09,
                2.972554881900909e-09,
                3.0121302869852084e-10,
                0.5999697168430629,
                0.4000302756438463
            ],
            [
                8.744751248471114e-08,
                2.791092059062669e-09,
                5.140539606274172e-10,
                0.5908122357352369,
                0.4091876735121046
            ]
        ],
        [
            [
                0.9999860124413777,
                1.3978453923140994e-05,
                1.5775459142068118e-10,
                3.783485379972827e-10,
                8.568596106367397e-09
            ],
            [
                0.0023944711491240664,
                0.9974803260402487,
                0.00011290712585763725,
                1.1417710980005936e-05,
                8.779737895833652e-07
            ],
            [
                5.854276395364288e-07,
                6.652232498251856e-06,
                0.8061527169772945,
                0.0073148143480825205,
                0.18652523101448523
            ],
            [
                1.0198893048291724e-08,
                8.108418667233e-09,
                3.6555138664652637e-09,
                0.8505532212424375,
                0.14944675679473698
            ],
            [
                1.074344937249318e-09,
                9.047670712799715e-09,
                6.2982242407045594e-09,
                0.623839092105004,
                0.3761608914747561
            ]
        ],
        [
            [
                0.9999850225926322,
                1.4976966305127046e-05,
                3.4872331921640186e-11,
                2.314386592407021e-10,
                1.747516348224297e-10
            ],
            [
                1.6508662913367828e-06,
                5.895442847589224e-07,
                0.013722152671827505,
                0.9862351550892066,
                4.0451828389841826e-05
            ],
            [
                2.7510596867151744e-08,
                2.889097881643085e-07,
                2.3428267851814303e-05,
                0.9124138669917314,
                0.08756238832003174
            ],
            [
                1.0155029598133628e-09,
                1.2122273485922296e-09,
                1.311822693878478e-09,
                0.5905362173497518,
                0.40946377911069515
            ],
            [
                0.057058257288178635,
                1.3785703562188806e-06,
                1.1184269267727225e-08,
                0.9009391504636683,
                0.04200120249352749
            ]
        ],
        [
            [
                0.9358357419477822,
                0.06416425764995445,
                3.5464673463393853e-12,
                2.890550291792444e-10,
                1.0966195143523302e-10
            ],
            [
                1.318952300509238e-06,
                0.10093437547373223,
                0.7630161033437058,
                0.13604459643846784,
                3.6057917934036477e-06
            ],
            [
                3.1342952853120276e-09,
                2.3156667867079772e-08,
                1.0779935820572055e-06,
                0.799527622046971,
                0.20047127366848377
            ],
            [
                2.9436345773605144e-08,
                5.099156253149874e-09,
                1.5414204757935487e-10,
                0.0006347039212238433,
                0.9993652613891321
            ],
            [
                1.0340556103308836e-05,
                3.06070803234014e-08,
                1.0575259686329398e-08,
                0.23647677470687303,
                0.7635128435546836
            ]
        ],
        [
            [
                0.994137100289003,
                0.005862898792002411,
                1.3941692211822263e-10,
                6.879927717083087e-10,
                9.158485257149592e-11
            ],
            [
                0.001787601292095583,
                0.998144163890469,
                6.086495880041169e-06,
                6.196994556852917e-05,
                1.7837598681972493e-07
            ],
            [
                3.403948860414831e-09,
                0.0003004723799660149,
                8.660480439823906e-06,
                0.9988246302603796,
                0.0008662334752656837
            ],
            [
                3.557679014039609e-12,
                1.3586089067289627e-10,
                3.1198629613160526e-12,
                0.5999944961996904,
                0.40000550365777116
            ],
            [
                1.3197546638131783e-07,
                7.530846284453809e-09,
                9.827681145899087e-09,
                0.5540128776165425,
                0.4459869730494638
            ]
        ],
        [
            [
                0.9999137131154058,
                8.628233325942717e-05,
                1.3564639889225322e-10,
                2.0036266783334794e-09,
                2.4120617151862334e-09
            ],
            [
                1.1857495234531428e-06,
                0.11193503279145772,
                0.35772872500302516,
                0.5303303230351506,
                4.733420843106373e-06
            ],
            [
                8.661469069873104e-13,
                3.3216407786789706e-12,
                0.9999999999805682,
                1.2565080772808874e-11,
                2.679078095831471e-12
            ],
            [
                2.2862812253238514e-07,
                7.086206619091266e-09,
                1.2724375671947997e-08,
                0.3273048092297755,
                0.6726949423315196
            ],
            [
                1.3003457968447427e-07,
                3.74250914262841e-08,
                4.4591541547935136e-10,
                0.599987389748438,
                0.40001244234597544
            ]
        ],
        [
            [
                0.804566530021013,
                0.19543346904696088,
                3.635527234424106e-10,
                3.4028201541068723e-10,
                2.2819135229101198e-10
            ],
            [
                0.0007956887077371608,
                0.505335215663718,
                0.17802393379143913,
                0.31582565534618795,
                1.9506490917841723e-05
            ],
            [
                1.73788523817527e-06,
                0.023102751904483257,
                0.20994999246505078,
                0.7669400149641561,
                5.502781071651609e-06
            ],
            [
                4.829082023091861e-10,
                8.932621415391158e-10,
                5.708669416514747e-09,
                0.4013257055367499,
                0.5986742873784104
            ],
            [
                1.2323912420805148e-10,
