{
    "[['A', 'B', 'C', 'D', 'E'], ['A', 'B', 'C', 'D', 'E']]": [
        [
            [
                0.9635076077873583,
                0.03649233221511821,
                1.101681595809876e-10,
                3.902288355761318e-08,
                2.0864471774699287e-08
            ],
            [
                1.1643442585758195e-05,
                1.8320889100936356e-07,
                3.3308443632975375e-07,
                0.7998294942489298,
                0.20015834601515703
            ],
            [
                5.042964421620681e-10,
                1.571201857382961e-08,
                1.167335438210777e-05,
                0.8010309878484175,
                0.19895732258088544
            ],
            [
                0.1809300687699514,
                2.253636616890107e-10,
                4.5622847960127086e-09,
                0.20000002961958763,
                0.6190698968228124
            ],
            [
                1.4072289930181837e-05,
                7.1286651882957025e-09,
                1.2340664541561082e-09,
                0.787732941831677,
                0.21225297751566108
            ]
        ],
        [
            [
                0.9999879615875024,
                1.201201537309781e-05,
                1.9829215947755322e-10,
                6.737889581638191e-10,
                2.552504341449975e-08
            ],
            [
                4.521071523012748e-09,
                1.3756893558296057e-09,
                1.2024138005503202e-07,
                0.785871994286036,
                0.21412787957582297
            ],
            [
                1.5033704584714857e-06,
                6.150862509650106e-07,
                0.25153700514675303,
                0.467083134711604,
                0.28137774168493357
            ],
            [
                5.5142981433907935e-06,
                6.919728432206549e-10,
                1.7490577880852624e-09,
                0.5703882683782368,
                0.42960621488258927
            ],
            [
                0.00018225151756954392,
                3.2267485801959194e-08,
                3.839263327690219e-08,
                0.2058617013695517,
                0.7939559764527596
            ]
        ],
        [
            [
                0.9999999327898837,
                6.71440084725925e-08,
                1.3005634953118648e-11,
                3.7561155115305305e-11,
                1.5541032553902572e-11
            ],
            [
                3.825225286784007e-08,
                9.896247598856695e-07,
                9.874183258052068e-06,
                0.8387338867937562,
                0.16125521114597316
            ],
            [
                4.368805443327147e-09,
                4.386279269904018e-08,
                8.691384538412257e-07,
                0.2048293433633694,
                0.7951697392665786
            ],
            [
                3.3404355790239857e-06,
                7.22023551851352e-10,
                1.8421357102106827e-11,
                0.3999950801084502,
                0.6000015787155258
            ],
            [
                1.872994208362372e-09,
                1.2639371875229807e-09,
                2.20634477040657e-09,
                0.40728317403786785,
                0.5927168206188561
            ]
        ],
        [
            [
                0.9964027525333918,
                0.003597246841063802,
                1.9378192744454817e-10,
                5.45220461184479e-11,
                3.772404152525279e-10
            ],
            [
                7.691777192377771e-09,
                1.7603305351778627e-09,
                1.975985489823556e-08,
                0.40971499579908977,
                0.5902849749889476
            ],
            [
                6.006700543730144e-09,
                2.026279181662963e-09,
                1.3306437845173472e-06,
                0.7933479321788676,
                0.20665072914436822
            ],
            [
                2.680921370457627e-12,
                1.9427328634893324e-12,
                1.680605125880486e-11,
                0.39999987334684006,
                0.6000001266317303
            ],
            [
                0.1882897165998086,
                1.8597188970338106e-08,
                1.1272150349228203e-08,
                0.4040706917498117,
                0.40763956178104044
            ]
        ],
        [
            [
                0.7703913022955334,
                0.22960869391053929,
                9.22157404519254e-11,
                2.3890978915871613e-09,
                1.3126136996219055e-09
            ],
            [
                6.962473389907701e-10,
                2.4146408742801034e-10,
                8.447363404465575e-09,
                0.8035965674557207,
                0.19640342315920442
            ],
            [
                3.107744655296647e-09,
                2.2350356371932398e-08,
                0.664230315913255,
                0.33565672250278394,
                0.000112936125860073
            ],
            [
                2.15130533737062e-09,
                5.197269063517376e-10,
                7.193774884795366e-11,
                0.9997955344374083,
                0.00020446281962164744
            ],
            [
                1.5013107521701878e-09,
                4.4350070281701024e-10,
                6.297391013406165e-10,
                0.7999478524448018,
                0.20005214498064752
            ]
        ],
        [
            [
                0.9999999999414182,
                5.6673249744695575e-11,
                6.669109556601258e-13,
                8.643830889027872e-13,
                3.7727177549679333e-13
            ],
            [
                1.480638201193447e-11,
                1.556321853692366e-10,
                6.299014329594822e-10,
                0.8000090864802404,
                0.19999091271941954
            ],
            [
                3.190005278666414e-11,
                4.1865239432249887e-10,
                0.9999999403087639,
                3.305661639394287e-09,
                5.593502191690157e-08
            ],
            [
                5.851242846268355e-11,
                8.092367544419197e-11,
                1.3325671969612554e-11,
                0.3997661954464249,
                0.6002338044008133
            ],
            [
                2.128667649089898e-08,
                1.785693875333822e-10,
                2.249428610843397e-09,
                0.3358360620533787,
                0.6641639142319468
            ]
        ],
        [
            [
                0.805862380865586,
                0.19413761713747246,
                2.1584120103451616e-11,
                8.916372058780644e-10,
                1.0837202365623218e-09
            ],
            [
                1.6086652902302773e-11,
                1.9220592631758824e-05,
                3.9328074626711845e-10,
                0.5999904655866937,
                0.3999903134113072
            ],
            [
                1.1754564289759976e-08,
                3.520799581419446e-07,
                4.100627679013172e-05,
                0.6999583361560038,
                0.3000002937326837
            ],
            [
                2.6054214232943253e-06,
                4.5439551854894825e-09,
                1.1731133249763988e-09,
                0.6000859100642003,
                0.3999114787973078
            ],
            [
                5.223782107559077e-05,
                8.652281875355311e-09,
                7.766476091628204e-09,
                0.7876937772103506,
                0.21225396854981582
            ]
        ],
        [
            [
                0.9999911108097713,
                8.858105411155806e-06,
                6.0648257553252e-11,
                1.1239461931205802e-09,
                2.99002229997415e-08
            ],
            [
                7.369402483291536e-10,
                1.0093750294520018e-09,
                3.241278023181563e-08,
                0.6783208002961579,
                0.32167916554474646
            ],
            [
                7.40668463821585e-07,
                1.0747348156951692e-07,
                0.0018761223792325666,
                0.6672670157384021,
                0.3308560137404201
            ],
            [
                1.3058667716738665e-07,
                4.215115495611457e-09,
                9.698839592843157e-09,
                0.8002677931880132,
                0.19973206231135449
            ],
            [
                2.205338014573848e-05,
                1.4655688336865892e-09,
                1.3013936301637844e-08,
                0.41177634780229083,
                0.5882015843380582
            ]
        ],
        [
            [
                0.8002911576167011,
                0.19970884028764538,
                2.634083116008567e-10,
                4.150653077151815e-11,
                1.7907386232489136e-09
            ],
            [
                1.4691683596589743e-11,
                3.3317611705568335e-10,
                8.073108754587291e-10,
                0.40020926793238776,
                0.5997907309124335
            ],
            [
                1.621615061140808e-08,
                1.2441295844828174e-08,
                0.6408136024807619,
                0.3517221236138116,
                0.007464245247980053
            ],
            [
                4.887588102670004e-11,
                3.2208003359371654e-10,
                3.933654393377735e-10,
                0.7999620721959867,
                0.20003792703969198
            ],
            [
                0.11243529814763738,
                4.939873217853446e-09,
                5.186567516145718e-09,
                0.2001392360201088,
                0.687425455705813
            ]
        ],
        [
            [
                0.999936097807171,
                6.390118279444813e-05,
                2.851146430456655e-10,
                1.0042026003114128e-11,
                7.148778538934131e-10
            ],
            [
                7.900837408496228e-08,
                1.9853963791683184e-08,
                5.184644142579912e-08,
                0.7122535225801953,
                0.28774632671102546
            ],
            [
                4.0588837235916237e-07,
                2.319865630840635e-07,
                0.3996612093784215,
                0.472993019845503,
                0.12734513290114008
            ],
            [
                1.2308387994645663e-09,
                1.1412197869365567e-09,
                3.5325029671090457e-10,
                0.31897689326625267,
                0.6810231040084385
            ],
            [
                6.599089526419781e-11,
                4.47111848781914e-10,
                2.087492757680344e-09,
                0.9999731302101109,
                2.686718929361003e-05
            ]
        ],
        [
            [
                0.9999999757885637,
                2.4033055562067034e-08,
                3.479104398941246e-11,
                1.3988741594042134e-10,
                3.702234848122583e-12
            ],
            [
                4.2151673934579954e-11,
                5.262745252451533e-10,
                2.192275827212364e-09,
                0.20019934388162156,
                0.7998006533576764
            ],
            [
                2.9966740903591697e-09,
                9.717836784182339e-09,
                0.18800341257165187,
                0.4582424815827824,
                0.3537540931310549
            ],
            [
                9.765958845949905e-07,
                6.16777653447463e-10,
                7.503098626235044e-11,
                0.5971849350783107,
                0.4028140876339961
            ],
            [
                1.3218478773904063e-09,
                1.052236208431088e-10,
                3.6692981464315593e-10,
                0.5987206203224018,
                0.4012793778835969
            ]
        ],
        [
            [
                0.9999326090011085,
                6.739035386577516e-05,
                3.8891622236138856e-11,
                1.3595420878961747e-10,
                4.701798359269167e-10
            ],
            [
                3.1128756060850123e-09,
                4.762056675246706e-10,
                5.892956622157204e-09,
                0.40038670695113227,
                0.5996132835668299
            ],
            [
                1.6148425117855938e-09,
                3.5173159859914382e-09,
                0.20047038202229858,
                0.6011628646214194,
                0.19836674822412353
            ],
            [
                0.1847804019343644,
                2.279868720672656e-05,
                1.5181613098147645e-08,
                0.21516385191783427,
                0.6000329322789816
            ],
            [
                0.0013332649087021758,
                1.3217442093818075e-07,
                7.974215424210627e-08,
                0.11998903269864046,
                0.8786774904760822
            ]
        ],
        [
            [
                0.8028123756762601,
                0.1971876233063061,
                4.927755778957387e-11,
                3.2249728137551327e-10,
                6.456589067092616e-10
            ],
            [
                1.371889197888537e-08,
                1.3573186981344439e-08,
                4.14164745283084e-08,
                0.36654357106472213,
                0.6334563602267242
            ],
            [
                4.336086109074231e-09,
                3.696678839595758e-09,
                0.0014736300082987888,
                0.7947451698036724,
                0.20378119215526397
            ],
            [
                0.1761181663738629,
                8.44071924312625e-07,
                7.940742403918573e-09,
                0.20004597558488907,
                0.6238350060285813
            ],
            [
                0.002103363398877884,
                1.4851410983502062e-07,
                1.4443329436892971e-08,
                0.5995163572180623,
                0.39838011642562055
            ]
        ],
        [
            [
                0.8004945199723277,
                0.19950547999939894,
                1.3200829571505752e-13,
                2.5491164759617178e-12,
                2.5592251510907265e-11
            ],
            [
                7.488234686111605e-09,
                1.1479737271577432e-08,
                4.1545368160214393e-08,
                0.9110874671134366,
                0.08891247237322335
            ],
            [
                1.359714730620564e-08,
                8.12362572519142e-09,
                0.7974003023566341,
                0.003024379578183952,
                0.19957529634440876
            ],
            [
                3.1705015886573465e-09,
                2.6255679868387725e-09,
                1.7146318989811825e-10,
                0.39999448014985367,
                0.6000055138826135
            ],
            [
                0.0024374925155099033,
                6.759017381414131e-08,
                3.717675138282249e-08,
                0.00746129852396274,
                0.9901011041936021
            ]
        ],
        [
            [
                0.9998175535312125,
                0.00018234425356425274,
                3.472295853856936e-10,
                2.2060111933246077e-10,
                1.0164739251360497e-07
            ],
            [
                2.840937324123862e-09,
                4.633506709364038e-09,
                4.0093160483601826e-10,
                0.20087085962898762,
                0.7991291324956367
            ],
            [
                5.1225610789473796e-09,
                1.7794725060549247e-08,
                0.0003855122525859445,
                0.2135660042706893,
                0.7860484605594386
            ],
            [
                0.022636504702842324,
                3.658449016778483e-07,
                1.0066160669492181e-07,
                0.3925367001808894,
                0.5848263286097599
            ],
            [
                4.0433763285187955e-09,
                1.4044469155422606e-10,
                6.104402475312136e-10,
                0.39993179821069724,
                0.6000681969950414
            ]
        ],
        [
            [
                0.9998177597454885,
                0.00018223891026532827,
                9.347552286940726e-11,
                2.13214912798707e-11,
                1.229449131707661e-09
            ],
            [
                5.146479214676723e-08,
                1.2008179300129024e-07,
                2.891097819423656e-07,
                0.4367097206848087,
                0.5632898186588242
            ],
            [
                4.2784849949765125e-09,
                2.8254697047950763e-09,
                0.9797861920450025,
                0.019828437133386032,
                0.0003853637176568494
            ],
            [
                2.157163752625447e-09,
                2.153393442373231e-10,
                1.2294869611833565e-10,
                0.5999138134604192,
                0.4000861840441291
            ],
            [
                2.030045798697019e-09,
                3.218872373680277e-09,
                2.9106355239594192e-09,
                0.18482835483488805,
                0.8151716370055583
            ]
        ],
        [
            [
                0.9994719724656639,
                0.0005280267725162334,
                1.372824528018021e-10,
                1.4815404434963814e-10,
                4.763834480976836e-10
            ],
            [
                2.5145983664596123e-09,
                2.028279049482556e-06,
                3.507939251828167e-07,
                0.6074963151914803,
                0.39250130322094673
            ],
            [
                1.890052560352732e-09,
                1.7047042804740735e-09,
                6.25176969702787e-09,
                0.5039127886779471,
                0.49608720147552643
            ],
            [
                5.5070859573863605e-06,
                7.767340317501889e-11,
                1.283911769189864e-09,
                0.4874986472274493,
                0.5124958443250082
            ],
            [
                0.40014156206292384,
                1.0803081268944795e-07,
                4.668420254755977e-09,
                0.1998986362446023,
                0.39995968899324097
            ]
        ],
        [
            [
                0.872663715593207,
                0.12733628305283826,
                3.518279236789128e-10,
                7.155455227950562e-10,
                2.8658127706886686e-10
            ],
            [
                4.3490107507563336e-10,
                5.918288925302228e-10,
                1.0045849308199002e-07,
                0.6011100589858666,
                0.39888983952891033
            ],
            [
                6.123819315547085e-08,
                4.124337784935846e-08,
                8.745444412640098e-06,
                0.42849885277732797,
                0.5714922992966883
            ],
            [
                0.0010467912456822402,
                1.2374562128120755e-08,
                2.2791399208287888e-09,
                0.5979092388640236,
                0.40104395523659214
            ],
            [
                0.0003853588408016109,
                1.7880098693789064e-09,
                7.549627196181245e-09,
                0.6035767882379665,
                0.3960378435835948
            ]
        ],
        [
            [
                0.8027660871457657,
                0.19723389959091756,
                1.4834375867367806e-10,
                8.75124529260647e-09,
                4.363727794308802e-09
            ],
            [
                1.136333456292022e-09,
                3.517470551737359e-07,
                7.441967682048515e-07,
                0.5555230080000407,
                0.4444758949198025
            ],
            [
                1.7771840460689107e-09,
                8.19697475144257e-10,
                0.9964027376115083,
                0.0035972571361197686,
                2.655490381439783e-09
            ],
            [
                4.460817872661673e-10,
                1.3414848139734008e-10,
                2.732694067606506e-10,
                0.5999085964277401,
                0.40009140271876026
            ],
            [
                0.00011055675137504227,
                3.4755968792779454e-10,
                6.688764131765788e-11,
                0.3999329564986987,
                0.5999564863354789
            ]
        ],
        [
            [
                0.9997637578025437,
                0.0002362361615921678,
                6.73618753386778e-11,
                1.448372645635151e-10,
                5.8236650029194914e-09
            ],
            [
                6.298873521633424e-08,
                5.041666683239716e-07,
                2.7574709125980207e-06,
                0.6263470690756388,
                0.37364960629804506
            ],
            [
                3.283328534685316e-08,
                7.937527719122004e-08,
                0.010495881893233201,
                0.6262446824455056,
                0.36325932345269857
            ],
            [
                7.158787386362262e-11,
                2.0350757341286832e-10,
                8.414005057274234e-10,
                0.7999813699344666,
                0.2000186289490375
            ],
            [
                2.064012930703741e-06,
                7.061815660095529e-06,
                6.126560056191711e-08,
                0.5950951470739095,
                0.40489566583189907
            ]
        ],
        [
            [
                0.7754799447607132,
                0.22452005318266732,
                2.1110136068263882e-10,
                9.664453767999257e-10,
                8.790726432657026e-10
            ],
            [
                2.480859260270711e-10,
                8.110826022637377e-09,
                2.5708142024521544e-08,
                0.6003647068078095,
                0.39963525912513653
            ],
            [
                2.0888860374602097e-09,
                8.00688780690756e-09,
                0.007465492665959509,
                0.9922281622281768,
                0.0003063350100899322
            ],
            [
                5.791916599609711e-11,
                2.2020472674555303e-10,
                1.0467361992531954e-09,
                0.7999323836144335,
                0.2000676150607064
            ],
            [
                0.0009804773742373664,
                8.4875132839481e-08,
                2.212662485739434e-09,
                0.3454705194028092,
                0.6535489161351581
            ]
        ],
        [
            [
                0.9761549761598378,
                0.02384497999310104,
                8.350802138000125e-11,
                6.465811087666099e-09,
                3.729774203009592e-08
            ],
            [
                3.0634017464640025e-10,
                1.2446563901502285e-10,
                7.245726093653637e-09,
                0.25405387198148893,
                0.7459461203419792
            ],
            [
                2.6609431821982084e-07,
                3.0291984146235296e-07,
                0.05547411980485263,
                0.5736291634182062,
                0.3708961477627814
            ],
            [
                1.444400904270749e-08,
                1.4138650821888558e-09,
                1.2866504484090166e-08,
                0.41202001643949643,
                0.587979954836125
            ],
            [
                1.1515376044478765e-09,
                1.3874324948513197e-08,
                3.9795050391725303e-10,
                0.7997617857367907,
                0.2002381988393963
            ]
        ],
        [
            [
                0.9999998958455412,
                1.0300848044029711e-07,
                8.031848364767394e-11,
                4.977797255883623e-10,
                5.678802050836771e-10
            ],
            [
                1.6331286643340282e-10,
                1.349199406390639e-10,
                1.0339838547975028e-10,
                0.8002911601212609,
                0.19970883947710788
            ],
            [
                4.4508859857624634e-08,
                2.889293094074882e-07,
                0.3957981361158026,
                0.40696135896698366,
                0.19724017147904432
            ],
            [
                0.5621485518057465,
                0.0007838042423607914,
                1.0292592478036814e-07,
                0.23704460290330562,
                0.20002293812266225
            ],
            [
                0.0004891060359819785,
                1.3586419738936746e-08,
                1.1310434465787326e-08,
                0.5985967800325958,
                0.40091408903456816
            ]
        ],
        [
            [
                0.995404517654133,
                0.004595479394330923,
                1.3666056465672628e-10,
                1.2527472213088302e-09,
                1.5621283367805627e-09
            ],
            [
                6.369482892011916e-10,
                7.647303771630997e-09,
                6.14633418225556e-08,
                0.4023466339116516,
                0.5976532963407546
            ],
            [
                1.3958032592052082e-09,
                3.503177028096232e-08,
                0.46808651493488507,
                0.23336447367881022,
                0.2985489749587311
            ],
            [
                0.20504837005141538,
                3.892079103177073e-07,
                1.1327754432804415e-08,
                0.1993667837897882,
                0.5955844456231316
            ],
            [
                0.0018331661522764948,
                8.513893229838972e-09,
                6.674313557093628e-09,
                0.05378834924239983,
                0.9443784694171169
            ]
        ],
        [
            [
                0.935600865217655,
                0.0643991177112804,
                8.941932103318056e-11,
                6.830436553115089e-09,
                1.0151208678766826e-08
            ],
            [
                1.1311492080740078e-08,
                8.09462453521214e-09,
                1.353235131787782e-07,
                0.7889893533175821,
                0.21101049195278798
            ],
            [
                2.4055022543657107e-09,
                3.935212888903884e-09,
                0.9999237913401667,
                9.079390279345356e-06,
                6.712292883880719e-05
            ],
            [
                1.6595110583651622e-08,
                1.1307457245446544e-09,
                6.195884160911882e-10,
                0.30007113438748645,
                0.6999288472670688
            ],
            [
                0.009485177448799714,
                1.2151848842888396e-09,
                6.92429803659126e-09,
                0.5999739401409317,
                0.39054087427078565
            ]
        ],
        [
            [
                0.9999990289222794,
                9.68347466848515e-07,
                2.6473850701224543e-10,
                2.848328744917061e-11,
                2.4370322165703766e-09
            ],
            [
                3.2009423722279584e-08,
                1.968629899524834e-09,
                8.418026638521215e-08,
                0.40372982091672593,
                0.596270060924954
            ],
            [
                2.8258011169198155e-09,
                2.4692671607025955e-09,
                4.204236187305437e-06,
                0.20563845336464984,
                0.7943573371040946
            ],
            [
                0.19936540361489433,
                7.853017402031731e-08,
                1.601840980106166e-09,
                0.39540784239627513,
                0.40522667385681566
            ],
            [
                0.0006312364253568488,
                9.936426203144806e-07,
                8.00021616088055e-09,
                0.7982158524670292,
                0.20115190946477746
            ]
        ],
        [
            [
                0.9996997019180512,
                0.000300297802728471,
                2.1723059764356228e-11,
                1.8272651842625324e-10,
                7.477071687130772e-11
            ],
            [
                2.309815725850826e-09,
                3.452162741522721e-10,
                1.7149630809258946e-09,
                0.615059039852023,
                0.3849409557779819
            ],
            [
                2.078549234100854e-10,
                5.955351137227906e-10,
                0.990514823772938,
                0.009485175143725776,
                2.7994626662892135e-10
            ],
            [
                3.5915723116601163e-09,
                4.700565573707551e-10,
                3.669936407603269e-10,
                0.08786549002527289,
                0.9121345055461046
            ],
            [
                1.4223846460850974e-10,
                2.951089180503069e-10,
                1.3757434811797683e-09,
                3.975137671760171e-05,
                0.9999602468101916
            ]
        ],
        [
            [
                0.9999999973475326,
                2.5782630529371925e-09,
                2.222933169299913e-12,
                8.198262865680567e-12,
                6.378298377949274e-11
            ],
            [
                2.4525806969462366e-09,
                8.308875363658868e-10,
                8.510780874217059e-09,
                0.15224451947290618,
                0.8477554687328448
            ],
            [
                5.971755291851843e-12,
                5.082721291873031e-11,
                0.9999999934539558,
                6.421832009499653e-09,
                6.74132410411857e-11
            ],
            [
                1.0276742930103492e-07,
                2.796143666082236e-10,
                5.626080802153566e-10,
                0.3978068690092811,
                0.6021930273810672
            ],
            [
                1.8409354491883312e-08,
                2.431646215633332e-09,
                2.6520543799810603e-09,
                0.35992109635143515,
                0.6400788801555098
            ]
        ],
        [
            [
                0.9989556519382704,
                0.0010443403880621574,
                5.285151531519078e-10,
                3.1257110178031993e-09,
                4.019441253255171e-09
            ],
            [
                1.4500035429716982e-11,
                7.224371102600553e-10,
                1.341376933538498e-10,
                0.2004944656656749,
                0.7995055334632504
            ],
            [
                1.8742081996221303e-08,
                1.112288151107927e-08,
                0.6033909771922061,
                0.21993654479480457,
                0.17667244814802568
            ],
            [
                0.1358355215692763,
                5.612246613213777e-07,
                1.622667488502571e-08,
                0.6880066233444317,
                0.17615727763495573
            ],
            [
                2.4679247634541584e-05,
                2.2105596935396287e-10,
                1.3403821353678453e-09,
                2.0894508803236743e-08,
                0.9999752982964185
            ]
        ],
        [
            [
                0.801134901374064,
                0.19885010646368986,
                1.6653079317709782e-09,
                1.5116169738947476e-08,
                1.4975380768513074e-05
            ],
            [
                4.311474682280772e-09,
                1.583718291643202e-06,
                1.462942829093714e-07,
                0.43552400560736987,
                0.5644742600685809
            ],
            [
                1.799817315189997e-07,
                1.1642032291692524e-06,
                0.22193046396449603,
                0.7779524989147649,
                0.00011569293577845463
            ],
            [
                1.5418226798634642e-09,
                3.3889921993475134e-11,
                4.1666857456496957e-10,
                0.7975547668105439,
                0.2024452311970749
            ],
            [
                2.3999286772731535e-09,
                3.7104208454884757e-08,
                1.6959032558523714e-09,
                0.399944356124322,
                0.6000556026756376
            ]
        ],
        [
            [
                0.9978026028122887,
                0.0021973970261557957,
                1.1940981958843805e-10,
                2.530175168269406e-11,
                1.6843974041624853e-11
            ],
            [
                4.9945426294114014e-11,
                4.3367303739364887e-10,
                1.4510282085739505e-08,
                0.40484101478001683,
                0.5951589702260827
            ],
            [
                6.536480568143928e-10,
                1.6245630666836828e-09,
                2.8010813721638876e-07,
                0.40456857606465285,
                0.5954311415489987
            ],
            [
                2.786291356357038e-10,
                1.942043031916769e-10,
                7.66072282509984e-10,
                0.5837843399599424,
                0.416215658801152
            ],
            [
                4.3080727775369415e-07,
                6.403012801885917e-09,
                2.283200039530826e-10,
                0.5905130227803392,
                0.40948653978105026
            ]
        ],
        [
            [
                0.6004847113985619,
                0.3995152829962218,
                6.566966281087638e-11,
                2.6093051790472637e-10,
                5.27861616426327e-09
            ],
            [
                3.0839267179594757e-09,
                2.8867093157461942e-08,
                2.133509221930046e-07,
                0.6002872145597763,
                0.3997125401382816
            ],
            [
                3.533450121701723e-08,
                2.3279932386685894e-07,
                0.19982499905949233,
                0.6278539112964839,
                0.17232082151019865
            ],
            [
                1.4836979029192584e-09,
                1.6059839195143744e-10,
                7.328566973255686e-11,
                0.4000004609597725,
                0.5999995373226455
            ],
            [
                6.940906480478976e-10,
                4.5251204662655194e-07,
                2.296005045885932e-09,
                0.40002357694716434,
                0.5999759675506933
            ]
        ],
        [
            [
                0.9999788863731599,
                2.1072676613247575e-05,
                6.410445295613577e-11,
                6.53199941390898e-10,
                4.023292251366207e-08
            ],
            [
                2.1374806117209808e-10,
                2.552698617892405e-09,
                8.28960964662546e-09,
                0.6002338406775496,
                0.3997661482663941
            ],
            [
                2.416520669662011e-08,
                2.219911984603298e-08,
                6.736822513706993e-05,
                0.7878758727287437,
                0.2120567126817926
            ],
            [
                2.381621228203482e-10,
                5.6705321159077137e-11,
                2.1871120658716692e-10,
                0.22960870500711286,
                0.7703912944793085
            ],
            [
                0.19412326955523065,
                2.757742619717282e-07,
                2.0483421360055952e-08,
                0.40555832748031395,
                0.4003181067067722
            ]
        ],
        [
            [
                0.8035379227462617,
                0.19646207345534114,
                3.6127761112949287e-10,
                4.588692759294452e-11,
                3.391232721559521e-09
            ],
            [
                3.3030756514133547e-10,
                5.10553949212832e-10,
                6.167984479089621e-09,
                0.4011804356526408,
                0.5988195573385132
            ],
            [
                2.8031691351829104e-10,
                9.486957694776626e-09,
                0.19998637926213403,
                0.40637611073288427,
                0.39363750023770705
            ],
            [
                4.949720520363114e-11,
                3.983008994659949e-11,
                3.714751480550441e-11,
                0.3999985425613848,
                0.6000014573121404
            ],
            [
                2.433428010258418e-05,
                2.7594606223827808e-09,
                1.2206224254376923e-09,
                0.597163281007483,
                0.4028123807323314
            ]
        ],
        [
            [
                0.9954045002315263,
                0.0045954920836135515,
                4.339814254244655e-09,
                3.681124635875349e-10,
                2.9769335468287255e-09
            ],
            [
                2.6442984392674703e-10,
                3.140985166757125e-09,
                2.6014974621281007e-10,
                0.6000079302410052,
                0.39999206609342997
            ],
            [
                2.1550002586852502e-09,
                4.0133629383108083e-08,
                0.20002228149811419,
                0.34137624777885917,
                0.45860142843439705
            ],
            [
                1.58316931685716e-08,
                1.86443892336805e-09,
                3.2706847216651415e-09,
                0.592529551067538,
                0.4074704279656452
            ],
            [
                7.20022005502193e-08,
                2.9628322288605255e-10,
                2.0803899485203324e-09,
                0.39994932806857975,
                0.6000505975525464
            ]
        ],
        [
            [
                0.8755081144626505,
                0.12449188351811048,
                8.400677108555407e-11,
                1.0183953312598341e-09,
                9.168368945573679e-10
            ],
            [
                1.2162171659209865e-09,
                2.253352150347965e-08,
                1.993121683339463e-09,
                0.8000019045643282,
                0.19999806969281145
            ],
            [
                2.523199695118382e-08,
                7.51567899921235e-08,
                0.4157327364966548,
                0.5805291587102561,
                0.0037380044043021456
            ],
            [
                1.1981304594787772e-09,
                8.831171725519632e-10,
                3.72873198666162e-09,
                0.40586208388081413,
                0.5941379103092063
            ],
            [
                0.08756265689817477,
