{
    "[['A', 'B', 'C', 'D', 'E'], ['A', 'B', 'C', 'D', 'E']]": [
        [
            [
                0.9925345365991026,
                0.007465462824514504,
                1.2052168364493702e-10,
                4.4417366826271437e-10,
                1.1687533204358206e-11
            ],
            [
                0.9996881050493879,
                0.00031189480509626315,
                1.048674612745217e-10,
                1.9119644372253266e-11,
                2.152875149120706e-11
            ],
            [
                1.9175655589439535e-09,
                1.5247497558820939e-07,
                0.9970948094578866,
                0.0029046989697915065,
                3.37179780698732e-07
            ],
            [
                4.621606161228369e-09,
                1.0083133814817675e-08,
                2.2288229368550224e-08,
                0.06789650167857363,
                0.932103461328457
            ],
            [
                1.2696699016817809e-08,
                8.532111516568645e-08,
                4.508040137348696e-08,
                0.00030495856440514434,
                0.9996948983373793
            ]
        ],
        [
            [
                0.9971802405078095,
                0.0028197592243233197,
                7.960104678401658e-11,
                1.797188280224464e-10,
                8.547417397093337e-12
            ],
            [
                0.9998162114031595,
                0.00018378839975655788,
                1.1706820421920528e-10,
                7.570465620667937e-11,
                4.311066305903871e-12
            ],
            [
                9.755153301965167e-08,
                1.1081630609952538e-06,
                0.6721098017344419,
                0.32754465734702465,
                0.00034433520393938483
            ],
            [
                1.5943370755427764e-10,
                7.29405905113555e-09,
                2.021645196943944e-09,
                0.24522387759260134,
                0.7547761129322608
            ],
            [
                2.2512788212681445e-10,
                4.67496168824454e-09,
                8.517169638321703e-10,
                0.0011761739547919896,
                0.9988238202934014
            ]
        ],
        [
            [
                0.9999924721901051,
                7.524233119846794e-06,
                4.277732511352654e-11,
                7.569466201591553e-11,
                3.4583030532800773e-09
            ],
            [
                0.9999459329586987,
                5.4066885883395836e-05,
                3.560998364830567e-11,
                1.0169633035751433e-10,
                1.811146053528568e-11
            ],
            [
                3.240614900850044e-09,
                2.7691777465178613e-07,
                0.9963701538720123,
                0.0036292717979417057,
                2.9417165641873324e-07
            ],
            [
                5.535034690244654e-09,
                3.296336238095803e-08,
                3.1705973303756724e-09,
                0.38064695928919673,
                0.6193529990418088
            ],
            [
                3.086939444808789e-10,
                1.8001573709900696e-10,
                1.055269254840832e-10,
                1.295092427308963e-06,
                0.9999987043133362
            ]
        ],
        [
            [
                0.999999023024684,
                9.769521504774464e-07,
                2.003208167365414e-11,
                1.5426175296132955e-12,
                1.5907796486209338e-12
            ],
            [
                0.8028111428708915,
                0.19718885699776123,
                5.510564399296117e-11,
                2.2371771909025873e-11,
                5.3869828533029824e-11
            ],
            [
                3.6047272363901833e-13,
                1.5261080144926112e-12,
                0.9999999999905687,
                1.8181956849141726e-12,
                5.726737063922343e-12
            ],
            [
                1.7170154845796333e-10,
                1.0933369465264293e-09,
                3.3998619383553824e-10,
                0.0013216229872544424,
                0.9986783754077209
            ],
            [
                8.462254423362979e-09,
                1.981745339513715e-08,
                2.7898531525415596e-08,
                0.20902222788434024,
                0.7909777159374205
            ]
        ],
        [
            [
                0.9999985879069686,
                1.4120336397625494e-06,
                2.6940143904459736e-11,
                2.3880531078362537e-11,
                8.570867626355941e-12
            ],
            [
                0.9999644794845348,
                3.552041453112009e-05,
                4.642621023547778e-11,
                9.201187734154175e-12,
                4.530668569324394e-11
            ],
            [
                1.7714335146967597e-09,
                3.2083912877264293e-07,
                0.999999557533148,
                1.1756698587453642e-07,
                2.289303815524488e-09
            ],
            [
                3.7008829887974812e-09,
                3.3165490496216164e-09,
                2.653616594744422e-09,
                0.020283076200755,
                0.9797169141281963
            ],
            [
                8.362660036654743e-10,
                3.7640556190986586e-10,
                2.638280994194879e-09,
                4.991802930783246e-05,
                0.9999500781197397
            ]
        ],
        [
            [
                0.9999288441840737,
                7.115565359477672e-05,
                6.438896157131889e-11,
                3.181552962673517e-11,
                6.612710650268658e-11
            ],
            [
                0.9964017924824421,
                0.0035982072830525527,
                1.5336102143978887e-11,
                2.1778487750016434e-10,
                1.3844236067196279e-12
            ],
            [
                2.115278088618533e-08,
                6.901678750561536e-08,
                0.9997403446773352,
                0.00025903638463728207,
                5.287684591420381e-07
            ],
            [
                6.697234823575418e-09,
                4.7651201353916004e-08,
                5.407948425527822e-10,
                0.090577180413905,
                0.909422764696864
            ],
            [
                9.208770752401214e-10,
                9.431798756428817e-10,
                8.68581004751316e-09,
                0.02402402265646654,
                0.9759759667936664
            ]
        ],
        [
            [
                0.976159189699657,
                0.023840809723242946,
                4.156228552623728e-10,
                1.5688254123935688e-10,
                4.594678593429725e-12
            ],
            [
                0.9999996212437511,
                3.7753995419154837e-07,
                9.860129519560669e-11,
                3.25241932332215e-10,
                7.924515057543879e-10
            ],
            [
                1.2374426206067935e-06,
                0.015446507066051036,
                0.9839289563988737,
                0.0006232759557276441,
                2.3136727133214943e-08
            ],
            [
                1.117429193344262e-09,
                1.0515723234876847e-08,
                7.218453644105854e-10,
                0.04180626072176223,
                0.95819372692324
            ],
            [
                2.882161705022066e-09,
                6.282186514711139e-08,
                4.017758731635449e-09,
                0.0010636874051540477,
                0.9989362428730604
            ]
        ],
        [
            [
                0.9999538072067319,
                4.619269996267419e-05,
                9.38978832211424e-12,
                7.769615947715812e-11,
                6.219468317221956e-12
            ],
            [
                0.9999275597635774,
                7.243933640358948e-05,
                8.045140744340429e-10,
                4.0030325184388236e-11,
                5.547461220682858e-11
            ],
            [
                1.0959662849247763e-07,
                7.949843411481178e-07,
                0.39888472360190075,
                0.6009424879612156,
                0.0001718838559139117
            ],
            [
                2.4469909031950706e-09,
                8.915342432294915e-08,
                4.076962279046642e-08,
                0.5637739127433965,
                0.4362259548865655
            ],
            [
                4.217016918282378e-09,
                2.457557430730051e-09,
                8.72971436732225e-10,
                0.0004964760530176007,
                0.9995035163994367
            ]
        ],
        [
            [
                0.9999983838358728,
                1.6160497899504666e-06,
                4.544525774659688e-11,
                3.723376559113644e-11,
                3.165817978710431e-11
            ],
            [
                0.9999350164266998,
                6.498282991910681e-05,
                5.2549939975938485e-11,
                3.163475993430878e-10,
                3.744834441797896e-10
            ],
            [
                1.497917109709361e-08,
                3.8889624777977894e-07,
                0.999125746814711,
                0.0008734525094478337,
                3.968004222576619e-07
            ],
            [
                8.036273629144246e-08,
                7.385114326274109e-09,
                3.2104326528488604e-08,
                0.001096163675120679,
                0.9989037164727022
            ],
            [
                1.3229271615438336e-09,
                7.524172792289873e-11,
                4.5529086168636344e-10,
                2.0375023535558848e-06,
                0.9999979606441867
            ]
        ],
        [
            [
                0.9998164288578089,
                0.0001835710182442699,
                1.9053046866436296e-11,
                6.2728356919767165e-12,
                9.862087531382762e-11
            ],
            [
                0.8044535410582445,
                0.19554645864883302,
                9.538675518508436e-11,
                1.6911021787215451e-10,
                2.8425529797162024e-11
            ],
            [
                5.76675302509174e-06,
                0.09344646883959022,
                0.9063175520493146,
                0.00022920171465504362,
                1.0106434148628022e-06
            ],
            [
                2.793758730466345e-09,
                2.190733082878796e-09,
                1.6842962909880338e-09,
                0.012334628980869646,
                0.9876653643503422
            ],
            [
                0.0008140280339903623,
                4.9002066372213335e-08,
                6.589989464964968e-09,
                0.0005690447535994226,
                0.9986168716203544
            ]
        ],
        [
            [
                0.9999993735664594,
                6.263167133311559e-07,
                3.4414447489128804e-11,
                2.3574328928059405e-11,
                5.883847000285002e-11
            ],
            [
                0.92447631172621,
                0.07552368803115521,
                9.2656632822347e-11,
                4.2798315960016565e-11,
                1.0717981029465207e-10
            ],
            [
                5.509275439131542e-09,
                3.2774558609365765e-06,
                0.9999951186738186,
                1.5466067152761063e-06,
                5.1754329831698915e-08
            ],
            [
                5.178495119264844e-08,
                3.323241917494546e-08,
                2.9029249936747662e-09,
                0.02958402164595608,
                0.9704158904337485
            ],
            [
                1.5458757727263292e-09,
                2.7476220482237764e-10,
                1.2190124639786659e-09,
                0.0051005144005103085,
                0.9948994825598392
            ]
        ],
        [
            [
                0.9124310091836351,
                0.08756899058009064,
                1.4409323206067822e-10,
                6.368167424723344e-11,
                2.8499276142645223e-11
            ],
            [
                0.9997742940425596,
                0.00022570543362630886,
                8.35618280421839e-11,
                7.799879296386848e-11,
                3.6225350908189377e-10
            ],
            [
                1.4542960916024276e-08,
                1.17849264200291e-05,
                0.9998106739013656,
                0.000176959502871085,
                5.671263823152833e-07
            ],
            [
                2.0157097434835445e-09,
                3.532147767458044e-09,
                1.8318569607846455e-08,
                0.6507545424312092,
                0.3492454337023636
            ],
            [
                9.197421828794188e-10,
                3.5708992805798183e-09,
                1.394306177510516e-09,
                0.0009502508132093728,
                0.999049743301843
            ]
        ],
        [
            [
                0.9761549034478941,
                0.02384509505427163,
                2.9864385942843256e-10,
                8.935596334091682e-11,
                1.109834262672757e-09
            ],
            [
                0.866022405269512,
                0.13397759436348955,
                3.023290037238375e-10,
                2.0818786320492116e-11,
                4.385072220630726e-11
            ],
            [
                8.75879661905359e-08,
                0.00012452350400320975,
                0.9998747966581631,
                4.5444947094257565e-07,
                1.378003964960896e-07
            ],
            [
                3.2594154092987207e-09,
                1.5213739787343814e-09,
                2.4651347096124196e-08,
                0.22131408654621867,
                0.7786858840216448
            ],
            [
                1.9269496588266856e-10,
                3.693645131411513e-11,
                4.541038852397348e-10,
                0.0005077063547786781,
                0.999492292961486
            ]
        ],
        [
            [
                0.9986613574725487,
                0.0013386410690885797,
                1.3132434412507009e-11,
                9.386095506700804e-11,
                1.3513694248917662e-09
            ],
            [
                0.9986441153075065,
                0.0013558842428470484,
                8.32122165669908e-11,
                1.0436557255571171e-10,
                2.620686097967606e-10
            ],
            [
                3.9185365771887986e-08,
                2.0091369099000081e-07,
                0.6772481239515222,
                0.32272026590795067,
                3.1370041470368067e-05
            ],
            [
                4.244194332271505e-09,
                1.8832455515565487e-09,
                1.3545468725160737e-08,
                0.4635056144383351,
                0.5364943658887563
            ],
            [
                1.838339547778359e-10,
                2.581624975528657e-09,
                1.1383962679358755e-09,
                6.396893376768415e-05,
                0.9999360271623771
            ]
        ],
        [
            [
                0.99999712404843,
                2.875832648620016e-06,
                5.5789257513868933e-11,
                5.598640536512685e-11,
                7.145749194520151e-12
            ],
            [
                0.815162390305246,
                0.1848376092541771,
                9.41467389648234e-11,
                3.281840913144934e-10,
                1.824614788908644e-11
            ],
            [
                1.2448317106317015e-06,
                1.9208456369098903e-06,
                0.24625514710543317,
                0.6551101281127719,
                0.09863155910444729
            ],
            [
                2.541284115224042e-10,
                3.232170843570181e-09,
                5.767089724138381e-10,
                0.08010366005723658,
                0.9198963358797552
            ],
            [
                0.00038540451200532567,
                2.5603367187643376e-08,
                1.7093506988057463e-07,
                0.12634950373999476,
                0.873264895209563
            ]
        ],
        [
            [
                0.992534623506786,
                0.007465376373475014,
                4.433350899392703e-11,
                1.4249119915995678e-11,
                6.115635776760026e-11
            ],
            [
                0.9997930615294149,
                0.00020693804392360498,
                2.0227065723738397e-11,
                1.9547300822477548e-10,
                2.1096134369713502e-10
            ],
            [
                8.446328053304464e-08,
                5.3790874172518e-06,
                0.9971014454728437,
                0.002798677303790909,
                9.441367266754632e-05
            ],
            [
                5.351307925941115e-08,
                6.116507226379409e-08,
                2.6386123186264707e-08,
                0.5690792798258824,
                0.4309205791098431
            ],
            [
                1.7094102628859419e-09,
                6.983999823939403e-10,
                4.2733024873902596e-10,
                0.1972333325694811,
                0.8027666645953784
            ]
        ],
        [
            [
                0.9999125923701089,
                8.740544223734532e-05,
                6.542613142538741e-11,
                3.269758310752564e-11,
                2.0895300985833415e-09
            ],
            [
                0.9848273948950372,
                0.015172604358003156,
                5.599524632246853e-10,
                1.649869982784735e-10,
                2.202012684711563e-11
            ],
            [
                1.2145379272918855e-06,
                1.472784479402165e-05,
                0.6416801079433218,
                0.35821621942205745,
                8.773025189952976e-05
            ],
            [
                1.655976827264306e-09,
                1.1497556668989622e-09,
                7.020343664679212e-11,
                0.04535535625806143,
                0.9546446408660026
            ],
            [
                2.086001841497043e-10,
                2.4109042109188255e-10,
                7.572589557654333e-11,
                1.9634749249779385e-05,
                0.9999803647253337
            ]
        ],
        [
            [
                0.9999999910701772,
                8.10200514676714e-09,
                1.9463324947487075e-11,
                8.00028986035098e-10,
                8.325419672148224e-12
            ],
            [
                0.998955263853873,
                0.001044735851089503,
                2.3033721464361676e-10,
                3.1008169339213283e-11,
                3.369217747959712e-11
            ],
            [
                1.5657280153391811e-07,
                1.7128008982100795e-05,
                0.8914305409498362,
                0.1082789398545549,
                0.00027323461382520076
            ],
            [
                8.10126869843797e-09,
                2.7602677561471763e-09,
                5.8836731475110665e-09,
                0.2562407052222273,
                0.743759278032563
            ],
            [
                1.4942747017739321e-09,
                6.017101829095726e-10,
                6.066258515486547e-10,
                0.0014411199284975243,
                0.9985588773688918
            ]
        ],
        [
            [
                0.9998894143602162,
                0.00011058472121790923,
                1.182763768861205e-10,
                1.0651110832830223e-11,
                7.896384180261294e-10
            ],
            [
                0.9983208565193571,
                0.0016791425966564085,
                2.9102232150989557e-10,
                4.95238103419116e-11,
                5.434404887912842e-10
            ],
            [
                4.839712502398149e-07,
                8.942025165792152e-07,
                0.005937792824404052,
                0.869638725620848,
                0.12442210338098113
            ],
            [
                8.283470829570092e-10,
                3.7561504505878167e-10,
                4.085641986705861e-10,
                0.0010479431304654464,
                0.9989520552570081
            ],
            [
                2.0107459875743706e-09,
                3.537617308524981e-09,
                1.8643225068695552e-08,
                0.10107531194408613,
                0.8989246638643255
            ]
        ],
        [
            [
                0.9999996327572865,
                3.671009515346556e-07,
                8.188665617430503e-11,
                1.843505872527527e-11,
                4.1440279409179224e-11
            ],
            [
                0.9998578987323549,
                0.0001421009412232879,
                2.9014614208007236e-10,
                3.2524517286686484e-11,
                3.751152698444598e-12
            ],
            [
                2.4804679037869277e-05,
                0.11816252317880735,
                0.8818051485036073,
                7.41001650913983e-06,
                1.1362203852574892e-07
            ],
            [
                1.2283631427333035e-10,
                7.931578160391464e-10,
                5.089732506608377e-10,
                0.0013668706392378025,
                0.9986331279357947
            ],
            [
                3.4882703299364457e-09,
                3.667586238940209e-10,
                1.5740637444447917e-09,
                0.1638822386657504,
                0.8361177559051569
            ]
        ],
        [
            [
                0.9996145439530421,
                0.00038545580106089,
                1.5433786840379568e-10,
                5.064273177868441e-11,
                4.091640658533256e-11
            ],
            [
                0.9999476774118432,
                5.232240321176016e-05,
                1.9007159731772243e-11,
                5.184136934078973e-12,
                1.60753666501771e-10
            ],
            [
                2.1240062445182067e-09,
                2.6995776110148477e-05,
                0.9999717771085831,
                1.2122219860471968e-06,
                1.2769314495121439e-08
            ],
            [
                1.8021967559720677e-09,
                7.764101255316107e-09,
                5.736800704163729e-10,
                0.0015052145349646433,
                0.9984947753250574
            ],
            [
                1.3663498232143151e-08,
                6.349290969057343e-07,
                4.2351376920432565e-07,
                0.08145683751534531,
                0.9185420903782904
            ]
        ],
        [
            [
                0.9988817401426656,
                0.0011182587744239477,
                1.4136504089302368e-10,
                4.2048103590166e-11,
                8.994972862842812e-10
            ],
            [
                0.7942021640231832,
                0.20579783470681523,
                8.239144332813168e-10,
                2.5417953332586196e-10,
                1.9190747527245084e-10
            ],
            [
                5.436384463965903e-08,
                5.575984058010637e-07,
                0.9999982770775959,
                1.0618205452256763e-06,
                4.9139608299246426e-08
            ],
            [
                1.8268926646581207e-09,
                5.21391240505452e-09,
                4.634576179063683e-08,
                0.3118876361236347,
                0.6881123104897984
            ],
            [
                2.906238037503704e-09,
                4.667924451431134e-10,
                1.6273326573387745e-09,
                0.23932362244011768,
                0.7606763725595193
            ]
        ],
        [
            [
                0.9997067768252729,
                0.00029322142840935853,
                2.9896516279194046e-11,
                5.4105275080997403e-11,
                1.6623160030871971e-09
            ],
            [
                0.9998353859686822,
                0.00016461390974694765,
                9.461832393176614e-11,
                7.374477972780405e-12,
                1.957820618005921e-11
            ],
            [
                1.2330639419389109e-06,
                3.1782588965077895e-05,
                0.931406532724326,
                0.06851855037325291,
                4.19012495140085e-05
            ],
            [
                1.3648579048314965e-09,
                9.392239840349963e-10,
                4.905495376484228e-09,
                0.0034329447827929106,
                0.9965670480076299
            ],
            [
                8.200472312409352e-08,
                4.0522085156539584e-08,
                6.229873241018934e-08,
                0.17481367859298458,
                0.8251861365814747
            ]
        ],
        [
            [
                0.999999986654375,
                8.294239207488102e-09,
                2.383160921716613e-11,
                2.6280926704195874e-12,
                5.024926120434886e-09
            ],
            [
                0.9977966466724921,
                0.0022033526568447695,
                1.1266974099354253e-10,
                1.8440786346566615e-11,
                5.395525801075335e-10
            ],
            [
                4.81910701762812e-12,
                2.936921797085859e-11,
                0.9999999995367022,
                5.984775521570268e-11,
                3.692616481390228e-10
            ],
            [
                5.260642539814767e-09,
                3.2201159849488964e-09,
                4.6658573271798514e-08,
                0.09213386727312292,
                0.9078660775875452
            ],
            [
                3.426481975443262e-11,
                1.460622523778201e-10,
                1.2427126562275068e-10,
                1.6256435579189662e-05,
                0.9999837432598224
            ]
        ],
        [
            [
                0.9999986041137108,
                1.3958561774012889e-06,
                2.02481112229178e-11,
                7.184354576858566e-12,
                2.6794003644667385e-12
            ],
            [
                0.7674772630760308,
                0.23252273624724842,
                1.5686439999675476e-10,
                2.5856043428255447e-10,
                2.612958890960527e-10
            ],
            [
                2.5683642711624386e-08,
                2.5037836173195498e-06,
                0.9999966800008631,
                5.589407074969342e-07,
                2.3159116942574325e-07
            ],
            [
                7.196671996400559e-10,
                2.150680810797593e-09,
                6.778014120319388e-09,
                0.1763818666479466,
                0.8236181237036914
            ],
            [
                9.66811058290949e-09,
                7.861814740541513e-09,
                1.8307935138826784e-08,
                0.21460404330207422,
                0.7853959208600653
            ]
        ],
        [
            [
                0.9964014760547059,
                0.003598521176172094,
                1.9282305702947582e-10,
                7.160121957290302e-11,
                2.5046977602561553e-09
            ],
            [
                0.9117530564300498,
                0.08824694283321914,
                1.3912637962603652e-11,
                4.710237693043662e-10,
                2.517947132558587e-10
            ],
            [
                2.1838017946463477e-08,
                0.00020835636268108155,
                0.9997903658562711,
                1.218465032071018e-06,
                3.7477997812373936e-08
            ],
            [
                3.186384403725181e-09,
                6.766359694401209e-10,
                1.214100667637662e-08,
                0.37290848734084053,
                0.6270914966551324
            ],
            [
                1.5599977344003443e-08,
                3.44076768706628e-08,
                7.374516902582101e-08,
                0.16356175536676829,
                0.8364381208804085
            ]
        ],
        [
            [
                0.9879825508762068,
                0.012017446735901492,
                3.9086988868156307e-10,
                1.44005575080871e-10,
                1.8530161446581297e-09
            ],
            [
                0.8478645087365122,
                0.15213549103763954,
                6.440775796457704e-11,
                1.3213950801196532e-10,
                2.930104459208803e-11
            ],
            [
                1.7335777078722345e-09,
                2.0072962889260326e-09,
                0.9999999718500506,
                2.1529719399763173e-08,
                2.8793558947035057e-09
            ],
            [
                1.2834168240696767e-09,
                4.5627095193262366e-10,
                1.8444348250204788e-09,
                0.0024051645072517445,
                0.9975948319086256
            ],
            [
                2.6542438225836342e-08,
                1.8325052383317012e-09,
                1.787779366466753e-09,
                0.0009053172868526429,
                0.9990946525504245
            ]
        ],
        [
            [
                0.9999998335539595,
                1.664313186146464e-07,
                6.316575476230288e-12,
                8.144082381942373e-13,
                7.590794666468117e-12
            ],
            [
                0.9978020293928468,
                0.0021979699685625745,
                1.3751616922376299e-11,
                5.26326045825944e-10,
                9.851300675164749e-11
            ],
            [
                2.950427184716395e-07,
                0.0026667914200767897,
                0.9973129911368195,
                1.9467877153649795e-05,
                4.5452323173577484e-07
            ],
            [
                3.316170531803192e-10,
                3.485379975826773e-09,
                2.419464278679083e-09,
                0.25664034245458994,
                0.7433596513089487
            ],
            [
                1.4704600841277051e-09,
                2.645156673441953e-08,
                1.3681840304655133e-08,
                0.0008338960099121404,
                0.9991660623862207
            ]
        ],
        [
            [
                0.9962906062706793,
                0.0037093935693842937,
                2.3439599188225378e-11,
                7.640817210318961e-11,
                6.008853612011559e-11
            ],
            [
                0.9999973833360065,
                2.6165261266818628e-06,
                1.3154924778262682e-10,
                1.817400875875196e-12,
                4.500221146826137e-12
            ],
            [
                2.3767962928382957e-12,
                4.809319075313775e-12,
                0.9999999997465139,
                5.6686990973059757e-11,
                1.896128938024205e-10
            ],
            [
                1.903639618729168e-09,
                4.8277437263870544e-05,
                3.0864155615240565e-06,
                0.2203317812217415,
                0.7796168530217935
            ],
            [
                9.782268926195948e-10,
                3.2769663750977803e-10,
                1.9988926711741544e-09,
                0.025857274308690406,
                0.9741427223864935
            ]
        ],
        [
            [
                0.9999474635915103,
                5.253625979322651e-05,
                6.57203462783271e-11,
                4.671128302201769e-11,
                3.626490339721459e-11
            ],
            [
                0.9993994891762972,
                0.0006005105806189347,
                8.225204985859859e-11,
                1.8304185939736306e-11,
                1.4252764429377607e-10
            ],
            [
                6.218801535609199e-10,
                1.4382669321774146e-09,
                0.9999996501696061,
                3.405822084877874e-07,
                7.188038291647301e-09
            ],
            [
                8.849475808204412e-10,
                7.870563590564863e-10,
                5.130687074569037e-10,
                0.0011538386032974714,
                0.9988461592116299
            ],
            [
                9.438223696353419e-11,
                7.203718827525777e-10,
                1.594775272392811e-09,
                0.0013438176602954472,
                0.9986561799301752
            ]
        ],
        [
            [
                0.9954045253936066,
                0.004595474493889558,
                9.463417415877165e-11,
                1.627595180726893e-11,
                1.593752546156093e-12
            ],
            [
                0.9848275715388611,
                0.015172427897063186,
                6.677995692595991e-11,
                1.6838499123354647e-10,
                3.289108140787751e-10
            ],
            [
                1.2377611190886743e-08,
                2.835418951396e-07,
                0.9998165211418525,
                0.00018308900347638812,
                9.393516486253943e-08
            ],
            [
                2.0060775038787187e-09,
                1.3282814213272775e-09,
                2.1358755069952563e-10,
                0.001863909091344623,
                0.9981360873607089
            ],
            [
                1.4550984244882617e-08,
                1.0908547807883042e-07,
                1.838136500649651e-09,
                6.724486704302646e-05,
                0.9999326296583582
            ]
        ],
        [
            [
                0.9809300593349005,
                0.01906994032541788,
                1.2411497748699692e-10,
                1.8208823688442056e-10,
                3.347834455843644e-11
            ],
            [
                0.864161653138187,
                0.13583834626917837,
                9.089887951641621e-11,
                4.88342210639291e-10,
                1.3393543550272361e-11
            ],
            [
                1.2720793237519754e-06,
                0.0006334169379876511,
                0.855075565943308,
                0.13657025466120254,
                0.007719490378178076
            ],
            [
                7.077675962779632e-06,
                1.3954489697813637e-08,
                6.519284810867252e-09,
                0.02452998237950276,
                0.97546291947076
            ],
            [
                2.6589733343368957e-10,
                3.1047217226618683e-09,
                1.576502692603351e-09,
                0.0008265356696128813,
                0.9991734593832654
            ]
        ],
        [
            [
                0.9999475372405076,
                5.246266578181509e-05,
                4.0147091519363454e-11,
                4.636870537118093e-11,
                7.194854829818579e-12
            ],
            [
                0.8873034184687406,
                0.11269658042558937,
                7.079814558804642e-10,
                3.1756697619157046e-10,
                8.012149435237442e-11
            ],
            [
                2.9023921600405944e-09,
                4.085717100933352e-05,
                0.9999589845395357,
                1.3520154099608194e-07,
                2.01855218149613e-08
            ],
            [
                1.2903225672271093e-08,
                4.551341688116577e-09,
                2.209159505538244e-08,
                0.39360329290225277,
                0.6063966675515848
            ],
            [
                4.12422801486609e-11,
                2.6653547803401586e-11,
                3.2590217371465573e-10,
                1.5400057983929366e-06,
                0.9999984596004036
            ]
        ],
        [
            [
                0.9999882863982021,
                1.171351110572711e-05,
                5.418267664524372e-11,
                2.3994140607599527e-11,
                1.2515282948129039e-11
            ],
            [
                0.8016308585463806,
                0.19836914129757635,
                9.894549838424198e-11,
                2.214189545924582e-11,
                3.495567264092144e-11
            ],
            [
                3.3558792833356544e-08,
                0.00014454673688647112,
                0.9998245568008144,
                2.9796673878321848e-05,
                1.066229628055694e-06
            ],
            [
                1.2772668331845537e-10,
                4.277675199968003e-10,
                9.425993531012133e-09,
                0.00041719293734747637,
                0.9995827970811648
            ],
            [
                1.2713323794388695e-09,
                5.722911465682657e-09,
                2.5053489923824516e-10,
                0.020819932389822323,
                0.979180060365399
            ]
        ],
        [
            [
                0.9632809946724725,
                0.03671900460746808,
                1.094742600336406e-10,
                4.682369058311754e-10,
                1.4234824996359448e-10
            ],
            [
                0.8138324900321994,
                0.18616750917654265,
                9.562598375395861e-11,
                3.101208842983802e-10,
                3.8551103866924333e-10
            ],
            [
                6.00459297754156e-11,
                7.529697427034429e-11,
                0.9999999996925053,
                1.3062368139386904e-10,
                4.152809061355722e-11
            ],
            [
                1.8973763726219087e-09,
                3.248874007200257e-08,
                4.0429409788772205e-09,
                0.21183966046246802,
                0.7881603011084746
            ],
            [
                2.3299186225848073e-09,
                1.7582764122443574e-10,
                5.338500595959553e-10,
                0.006520811658457078,
                0.9934791853019467
            ]
        ],
        [
            [
                0.9999136515687114,
                8.634825264332336e-05,
                3.1306827574190935e-11,
                9.210227967436123e-11,
                5.523601641973421e-11
            ],
            [
                0.9999999037126357,
                9.604663839332103e-08,
                8.65576986200857e-12,
                3.68126547464428e-11,
                1.9525755762461885e-10
            ],
            [
                2.840872641633855e-10,
                2.89818681803786e-10,
                0.9999999973842304,
                1.9809589119321414e-09,
                6.090460403327727e-11
            ],
            [
