{
    "[['A', 'B', 'C', 'D', 'E'], ['A', 'B', 'C', 'D', 'E']]": [
        [
            [
                0.9847514389862619,
                0.015248559263687289,
                1.3710523814088813e-10,
                5.637246529468506e-10,
                1.0492209341598965e-09
            ],
            [
                0.002316587489401183,
                0.604862352915178,
                0.029334592445917844,
                0.36217794537778136,
                0.0013085217717215632
            ],
            [
                7.604113168182375e-11,
                4.3289293779719875e-10,
                0.9999997678659158,
                2.3132128472737804e-07,
                3.038653797617338e-10
            ],
            [
                4.40882567665104e-05,
                0.004743017455181703,
                0.00815283584606517,
                0.9481569928321809,
                0.038903065609805734
            ],
            [
                8.175320463073549e-07,
                2.133615631075427e-07,
                2.973970992130753e-07,
                0.5155335212506723,
                0.48446515045861915
            ]
        ],
        [
            [
                0.9999956910621257,
                4.308876572638869e-06,
                5.146141880520073e-11,
                7.659815210094212e-12,
                2.180489078946215e-12
            ],
            [
                0.1613890192564171,
                0.8386109042345071,
                9.874998961189436e-09,
                6.420037920231771e-08,
                2.4336976495255413e-09
            ],
            [
                1.4792419998939208e-06,
                0.0006217624946620804,
                0.4677692523657016,
                0.5196234326519868,
                0.011984073245649656
            ],
            [
                3.414968214422664e-07,
                6.716141843931672e-08,
                1.7122289853564214e-07,
                0.5412301818374137,
                0.4587692382814479
            ],
            [
                0.9999999183689581,
                8.130392018185183e-08,
                5.907941346537085e-11,
                2.280233206134943e-11,
                2.4524009207900216e-10
            ]
        ],
        [
            [
                0.9999987662739388,
                1.2335114067807573e-06,
                7.654069243140957e-11,
                6.840791485975469e-11,
                6.970574545349902e-11
            ],
            [
                2.8055273249726673e-05,
                0.004247679982243928,
                0.38268445871374374,
                0.6018829260753582,
                0.01115687995540446
            ],
            [
                1.5585214014792322e-06,
                0.0006837641387372371,
                0.7640589065365379,
                0.23521330189951092,
                4.246890381240344e-05
            ],
            [
                1.9280212278204154e-06,
                0.0006276545919332692,
                0.005594108070006512,
                0.9866334840011672,
                0.007142825315665242
            ],
            [
                1.837890953441538e-09,
                3.2475473555626875e-09,
                5.674921847538394e-10,
                0.5994742685749532,
                0.4005257257721163
            ]
        ],
        [
            [
                0.9999997078899041,
                2.92062611680647e-07,
                1.2720184587025762e-11,
                2.6703432490497287e-11,
                8.060676046129068e-12
            ],
            [
                0.0854612575487489,
                0.9145284601653612,
                5.063186440107016e-06,
                4.686951568261412e-06,
                5.321478815063348e-07
            ],
            [
                8.53386484449003e-07,
                2.4680591906313457e-05,
                0.3982927415630646,
                0.6012526802832142,
                0.000429044175330477
            ],
            [
                3.14059506624978e-09,
                2.126203603891835e-08,
                5.227372113541728e-05,
                0.6055711366140482,
                0.3943765652621853
            ],
            [
                0.999998769529264,
                1.2301644474348258e-06,
                3.6393275230526803e-11,
                6.374973598739659e-11,
                2.0614550898480437e-10
            ]
        ],
        [
            [
                0.9940853152035628,
                0.005914684046666719,
                1.3285251744187105e-10,
                1.8312229887088352e-10,
                4.337955795309351e-10
            ],
            [
                0.9998893871854991,
                0.00011061182417796144,
                9.175555792806096e-11,
                4.82095007594213e-10,
                4.1647220022117376e-10
            ],
            [
                1.3818260592441002e-09,
                4.031685998348289e-09,
                0.9999999135822575,
                5.863908172954584e-08,
                2.2365148698234652e-08
            ],
            [
                2.438597198877299e-05,
                0.08386394788047798,
                0.21172126915760767,
                0.696972795692984,
                0.007417601296941498
            ],
            [
                6.404898441251196e-10,
                3.663160168577125e-07,
                1.9926210963817958e-07,
                0.6189888519042832,
                0.38101058187710046
            ]
        ],
        [
            [
                0.9998559382228859,
                0.00014406157209383676,
                8.42565337071774e-11,
                1.0802746192618315e-10,
                1.2736349965603735e-11
            ],
            [
                0.2640662700068308,
                0.7335057079170711,
                6.962983628751863e-05,
                0.002342568015592767,
                1.5824224217806353e-05
            ],
            [
                1.7619471047139545e-06,
                0.01783983316695084,
                0.04860522447131112,
                0.9311625221232632,
                0.002390658291370107
            ],
            [
                1.3902998449579068e-08,
                5.723213754985633e-10,
                4.2028480227043084e-08,
                0.24454006674114478,
                0.7554598767550551
            ],
            [
                8.920951675578616e-08,
                4.093099378588751e-08,
                2.2362281494821437e-07,
                0.892393620798849,
                0.1076060254378256
            ]
        ],
        [
            [
                0.999999992934014,
                3.954239517939694e-09,
                2.0077228910669815e-11,
                3.77303240919973e-11,
                3.053938924720935e-09
            ],
            [
                0.000322594354161609,
                0.8590529846681682,
                0.02047400346776251,
                0.12011304930320939,
                3.73682066983206e-05
            ],
            [
                6.180904803768717e-08,
                1.2332525759818386e-06,
                0.0017412664625422634,
                0.9982246987978398,
                3.273967799383178e-05
            ],
            [
                6.887297809439586e-06,
                0.028699809509889908,
                0.060320519543927524,
                0.9097288792409152,
                0.0012439044074580266
            ],
            [
                2.9502966853977574e-06,
                0.000662122653096843,
                2.739422265230893e-06,
                0.7353557381955076,
                0.26397644943244497
            ]
        ],
        [
            [
                0.9998058275396805,
                0.00019417213418674673,
                1.205420132315345e-10,
                1.7736715369240857e-10,
                2.8223522853938543e-11
            ],
            [
                0.8128538586211095,
                0.18714613577899192,
                3.4682521717861185e-09,
                7.124809269375269e-10,
                1.4191655923605675e-09
            ],
            [
                8.066356402462659e-08,
                2.7532840067532003e-07,
                0.39860099684280564,
                0.44724953730334166,
                0.154149109861888
            ],
            [
                2.2143510363976383e-05,
                0.047505708500251084,
                0.17040994134181356,
                0.7688774982526071,
                0.013184708394964316
            ],
            [
                0.9999966586212135,
                3.34122778496273e-06,
                5.470066812085649e-12,
                6.161386333168024e-11,
                8.391778074230403e-11
            ]
        ],
        [
            [
                0.9986613872382065,
                0.0013386118401281105,
                2.2043799792217814e-10,
                7.058366030389328e-11,
                6.306436448767935e-10
            ],
            [
                0.9997626174394308,
                0.00023738181074222042,
                2.0713328298499688e-10,
                1.6848199836576694e-10,
                3.742117019441348e-10
            ],
            [
                3.6528490355126553e-11,
                1.5138860320610907e-10,
                0.9999999656530035,
                3.358357613955494e-08,
                5.755032332036079e-10
            ],
            [
                3.025077808204194e-06,
                1.4345463131415214e-06,
                6.524109396593589e-06,
                0.6226554065151849,
                0.3773336097512972
            ],
            [
                0.9999753171268045,
                2.468257182836161e-05,
                2.3448979042204534e-11,
                8.975687899863554e-12,
                2.6894227925589714e-10
            ]
        ],
        [
            [
                0.9999807649289276,
                1.923476964023642e-05,
                3.768733784919875e-11,
                1.058732224886552e-10,
                1.5787160834179722e-10
            ],
            [
                0.9462035930946819,
                0.05379640399376603,
                6.165737056435559e-10,
                2.243183600289095e-09,
                5.179482066704903e-11
            ],
            [
                1.2312869320105236e-07,
                4.19986921382428e-06,
                0.029806125541652278,
                0.7337412050581369,
                0.23644834640230378
            ],
            [
                1.682936734822663e-07,
                8.905024891052407e-07,
                2.5262683586714586e-07,
                0.7599085943532224,
                0.24009009422377914
            ],
            [
                1.5003075841467057e-08,
                4.5322130611409626e-08,
                1.2967278578924215e-07,
                0.4224946391446499,
                0.5775051708573579
            ]
        ],
        [
            [
                0.9999994108537592,
                5.889084301748252e-07,
                4.4130060854600043e-11,
                7.499930336904815e-12,
                1.8618060367963697e-10
            ],
            [
                0.9993868824678863,
                0.0006131125203129369,
                1.1437466583805164e-10,
                3.604777528315283e-09,
                1.2926487315378826e-09
            ],
            [
                1.5053240663868642e-09,
                4.887481546508073e-08,
                0.9999941767009994,
                2.6564206383052846e-07,
                5.5072767972254406e-06
            ],
            [
                1.0632352964499936e-06,
                3.10801611788925e-05,
                0.00766569794611567,
                0.9679431735459213,
                0.024358985111487614
            ],
            [
                0.9554584778902261,
                0.04454152082943169,
                8.251813040512165e-10,
                2.4789060617374604e-10,
                2.0727026978517014e-10
            ]
        ],
        [
            [
                0.9999999701595295,
                2.9317987900885758e-08,
                1.648950686052944e-11,
                3.4619836874719634e-11,
                4.713733271498108e-10
            ],
            [
                0.9999993870750369,
                6.10456863992542e-07,
                8.2851947739266e-11,
                1.5355056961840528e-10,
                2.2316965787398777e-09
            ],
            [
                2.5805803595426603e-10,
                8.495771881139838e-09,
                0.9999998981561006,
                6.212082219274611e-09,
                8.687798731811147e-08
            ],
            [
                5.719612793680952e-09,
                1.0018645251350531e-07,
                3.6814921513368214e-08,
                0.8027861883145051,
                0.19721366896450798
            ],
            [
                2.4649424433920814e-05,
                4.395005024739919e-06,
                4.307463327424121e-06,
                0.6574568265393118,
                0.3425098215679022
            ]
        ],
        [
            [
                0.9999979735682779,
                2.026215204660975e-06,
                5.113109914725411e-11,
                7.594514036242356e-11,
                8.944117726561827e-11
            ],
            [
                0.0006474666283475218,
                0.06886171020571852,
                0.8914386697427472,
                0.03903135498194646,
                2.079844124029264e-05
            ],
            [
                1.2967682169449009e-07,
                2.2754919015149372e-07,
                0.9998456747513731,
                8.688724554109875e-05,
                6.708077707392839e-05
            ],
            [
                2.947371714315631e-08,
                4.0544199978197054e-08,
                3.23984650152717e-08,
                0.35296383479695365,
                0.6470360627866641
            ],
            [
                1.5055655142732776e-10,
                4.891635944302327e-10,
                1.926061732605749e-09,
                0.5996846305135579,
                0.4003153669206602
            ]
        ],
        [
            [
                0.9995892052453219,
                0.0004107944212186452,
                2.604110663909625e-10,
                3.7657732304557166e-11,
                3.539055567358284e-11
            ],
            [
                0.9338635086339524,
                0.06613647570345434,
                5.924086434626672e-09,
                3.8799274671971965e-09,
                5.858579309418405e-09
            ],
            [
                2.801006342784751e-10,
                6.588555550375197e-10,
                0.9999990091168414,
                3.239212716668626e-08,
                9.57552075310164e-07
            ],
            [
                2.1177623455175002e-06,
                0.00012348591220146562,
                0.15143914843322273,
                0.8435083700520921,
                0.004926877840138182
            ],
            [
                3.733125758014505e-09,
                9.116472333403532e-09,
                8.347096901630053e-09,
                0.5532695741226477,
                0.44673040468065733
            ]
        ],
        [
            [
                0.9996764390834824,
                0.0003235603906202396,
                8.584900306202754e-11,
                3.5518689244385856e-11,
                4.045297028603676e-10
            ],
            [
                0.062597371356048,
                0.6846860373493777,
                0.035464287411011736,
                0.21693716944694283,
                0.00031513443661954175
            ],
            [
                3.3490692638340506e-07,
                8.762754036845218e-05,
                0.06666838642046445,
                0.778884049396017,
                0.15435960173622368
            ],
            [
                2.7349068324798485e-05,
                0.007091179420521784,
                0.011926025509163045,
                0.8567431274105308,
                0.12421231859145956
            ],
            [
                0.9999883590671108,
                1.1640418264963858e-05,
                2.16004511051869e-10,
                2.2848247264342968e-11,
                2.757714400006718e-10
            ]
        ],
        [
            [
                0.9999999852310439,
                1.4527070463009634e-08,
                4.990223529731423e-11,
                9.118537510669173e-11,
                1.0079807324093089e-10
            ],
            [
                2.1139534340799603e-05,
                0.39528380137176555,
                0.1828812954126337,
                0.42091985777866336,
                0.0008939059025965842
            ],
            [
                9.21916251763983e-08,
                2.1400572995394517e-07,
                0.8016743101855245,
                0.1982916785056193,
                3.3705111500868824e-05
            ],
            [
                7.555608339191568e-05,
                0.0342708559854913,
                0.03787062549408679,
                0.8590774591762391,
                0.06870550326079096
            ],
            [
                4.790734853578662e-10,
                3.4407565842969647e-09,
                2.003762929318234e-09,
                0.5358207891928812,
                0.4641792048835259
            ]
        ],
        [
            [
                0.9999992265129599,
                7.733231600388817e-07,
                6.586710444250452e-11,
                3.2415357862927195e-11,
                6.559753877023269e-11
            ],
            [
                0.9925227688458903,
                0.0074772306519095355,
                2.412396903168514e-10,
                3.8713128341954285e-11,
                2.222473018280058e-10
            ],
            [
                2.525560364614761e-08,
                3.6164790494014906e-07,
                0.19947553442668975,
                0.8005192082394335,
                4.870430368269667e-06
            ],
            [
                8.309518547927179e-09,
                4.583804370647542e-09,
                2.151153393019416e-08,
                0.7690253382779345,
                0.23097462731720858
            ],
            [
                0.8045938956315297,
                0.19540610398164898,
                9.014411517192468e-11,
                2.471181602753662e-10,
                4.955907196755194e-11
            ]
        ],
        [
            [
                0.8003853311459559,
                0.1996146687005128,
                2.748301256479663e-11,
                9.977209399547364e-11,
                2.627624939326304e-11
            ],
            [
                0.9991859341310001,
                0.0008140655989024423,
                3.8342170610134416e-11,
                1.7951662700710033e-10,
                5.2238585889600226e-11
            ],
            [
                8.269941547757517e-06,
                3.834714707215134e-06,
                0.4527423105944866,
                0.49849605320285895,
                0.04874953154639943
            ],
            [
                3.26251308269374e-06,
                1.162665253061819e-05,
                0.001269897906440761,
                0.9962770822991744,
                0.0024381306287714964
            ],
            [
                7.811898813829943e-08,
                7.268810511318362e-08,
                1.9886881467100547e-08,
                0.4534376832963277,
                0.5465621460096975
            ]
        ],
        [
            [
                0.999999189607275,
                8.10043298351901e-07,
                1.1683870424948735e-10,
                7.997140862358232e-12,
                2.2459094539053024e-10
            ],
            [
                8.159613568215073e-05,
                0.01251038240709483,
                0.5920305430488952,
                0.3944929594835589,
                0.0008845189247688218
            ],
            [
                2.6898187221520733e-07,
                0.0005107277476891008,
                0.1349668131508293,
                0.6831386576948433,
                0.1813835324247661
            ],
            [
                1.7398774133613226e-07,
                6.67708439398484e-05,
                0.0010609168129988415,
                0.8992582526309557,
                0.09961388572436417
            ],
            [
                5.623615966563362e-10,
                1.6808131698760337e-09,
                4.591406935068666e-09,
                0.6002420405435579,
                0.3997579526218605
            ]
        ],
        [
            [
                0.9999998045149096,
                1.953845111443318e-07,
                3.216753917685809e-11,
                8.454840916018561e-12,
                5.99568815296761e-11
            ],
            [
                0.00598156739319179,
                0.9908648045595553,
                5.989089345699527e-07,
                0.003152404244188481,
                6.248941299091672e-07
            ],
            [
                4.806830318390083e-10,
                1.0145474409214777e-09,
                0.9999995151377967,
                3.434790574662695e-07,
                1.3988791532074843e-07
            ],
            [
                5.731799517873812e-09,
                3.844258932518114e-07,
                3.312000076650267e-07,
                0.7999635235108578,
                0.20003575513144187
            ],
            [
                0.999931712530422,
                6.828702524823138e-05,
                3.9869871570624274e-11,
                1.2371376332559929e-11,
                3.9208853453121925e-10
            ]
        ],
        [
            [
                0.9986490248738548,
                0.0013509744817692753,
                2.3466749959155306e-10,
                3.269510434291046e-11,
                3.7701340205282506e-10
            ],
            [
                0.8028125710152647,
                0.1971874288405755,
                7.361552430299506e-11,
                1.271893248202138e-11,
                5.782535289605421e-11
            ],
            [
                3.948689198648218e-10,
                6.9186293135867335e-09,
                0.9999992160774953,
                7.686162322232669e-07,
                7.992774226608812e-09
            ],
            [
                4.709230169072552e-07,
                3.6055730647435123e-06,
                1.0975455303687809e-05,
                0.986893590319448,
                0.01309135772916654
            ],
            [
                4.0093062324127554e-08,
                1.1835407287120282e-08,
                2.0092848184501826e-08,
                0.7995400163980555,
                0.20045991158062665
            ]
        ],
        [
            [
                0.9999959866813558,
                4.012180331929145e-06,
                6.416147347304919e-11,
                3.255474971860499e-11,
                1.0415960928390282e-09
            ],
            [
                0.8637118400073175,
                0.1362881572993242,
                4.283002734383238e-10,
                1.3340250542566035e-09,
                9.31033078230904e-10
            ],
            [
                2.4983561205502772e-06,
                0.00029146225651096073,
                0.21666689354927846,
                0.7786110985952792,
                0.004428047242810825
            ],
            [
                6.92628178513586e-08,
                3.1850542275919656e-07,
                1.756536609124441e-06,
                0.5986191644134087,
                0.4013786912817416
            ],
            [
                6.759867315721452e-07,
                2.7559901469319213e-08,
                9.381974577458265e-07,
                0.8210947121761469,
                0.1789036460797623
            ]
        ],
        [
            [
                0.9999963702955843,
                3.6292599687037126e-06,
                9.53280677149105e-11,
                3.729938074053324e-11,
                3.1181958752966563e-10
            ],
            [
                0.9999801600367698,
                1.983913422774473e-05,
                1.331748256778262e-10,
                1.5590301594166487e-11,
                6.802372961349873e-10
            ],
            [
                6.340235276690341e-08,
                7.275684012077264e-07,
                0.8998824366307281,
                0.0970440603093903,
                0.0030727120891276423
            ],
            [
                4.3854627265982394e-07,
                2.2909336431699776e-06,
                0.06420400139805874,
                0.9072434891068398,
                0.028549780015185648
            ],
            [
                2.714611853330402e-09,
                6.280260178213505e-09,
                6.461474825589253e-09,
                0.648244291829526,
                0.35175569271412715
            ]
        ],
        [
            [
                0.9999999518629393,
                4.808911666494982e-08,
                9.440677985963718e-12,
                8.52770765629591e-12,
                2.9975534341920874e-11
            ],
            [
                2.222088705599695e-05,
                0.22283163802914477,
                0.0014545564365415727,
                0.7739646827224818,
                0.0017269019247758456
            ],
            [
                7.866624099542153e-10,
                1.895537711043087e-09,
                0.9999942016960766,
                5.7113932001042824e-06,
                8.422852332512773e-08
            ],
            [
                1.6648446653166502e-06,
                0.00010538732354039372,
                0.009278818316166549,
                0.9636019833878183,
                0.027012146127809337
            ],
            [
                0.9999999832737893,
                1.660121608472591e-08,
                2.767164987252434e-11,
                8.554303636797391e-11,
                1.1780058951750138e-11
            ]
        ],
        [
            [
                0.9761592389239917,
                0.023840760656204,
                9.511965934635896e-11,
                2.3601337458670074e-10,
                8.86712479213697e-11
            ],
            [
                0.800566471612195,
                0.1994335280862218,
                3.630807051909426e-11,
                4.130682514132623e-11,
                2.2396827982864816e-10
            ],
            [
                2.2535164738520415e-07,
                2.8877238454067816e-05,
                0.4906467952079554,
                0.5077226102502026,
                0.0016014919517405258
            ],
            [
                4.8828028051500734e-09,
                1.1798635021426534e-07,
                1.4889162911770694e-06,
                0.42418486054876375,
                0.5758135276657921
            ],
            [
                0.9996146051900933,
                0.00038539457771726043,
                7.583516253863809e-11,
                4.009644233543925e-11,
                1.1625793693382073e-10
            ]
        ],
        [
            [
                0.999889443539596,
                0.00011055622348964411,
                5.134137877910984e-13,
                1.5078263009765817e-11,
                2.2132277759221842e-10
            ],
            [
                0.0024082867746758664,
                0.7387210446546276,
                0.021770246299686113,
                0.23611662497294264,
                0.0009837972980676058
            ],
            [
                4.670942158689394e-07,
                0.00020564602291877503,
                0.8089929109435227,
                0.07017182220391854,
                0.12062915373542413
            ],
            [
                2.5899376428310104e-08,
                1.411239359245809e-08,
                7.067864068038064e-08,
                0.44466271227927984,
                0.5553371770303095
            ],
            [
                0.9999752720679568,
                2.4727645916750122e-05,
                4.164162398269708e-11,
                4.591226767898779e-11,
                1.98572615581312e-10
            ]
        ],
        [
            [
                0.9999996115551096,
                3.883235746595983e-07,
                2.5990240994924345e-11,
                2.286178659598334e-11,
                7.246373007094476e-11
            ],
            [
                3.566258144952354e-06,
                0.2612913911071791,
                0.7358825453754401,
                0.002821218085688951,
                1.2791735469919293e-06
            ],
            [
                1.281462690235951e-07,
                1.5039177969450252e-05,
                0.9995461944938802,
                0.00043154962987829897,
                7.088552003157718e-06
            ],
            [
                2.5430124098696302e-09,
                7.593027450540053e-07,
                3.497454850229205e-08,
                0.4035164648227233,
                0.5964827383569707
            ],
            [
                0.999999998304473,
                1.5043927560909215e-09,
                8.26151129691839e-11,
                3.481712012116308e-11,
                7.370218762381573e-11
            ]
        ],
        [
            [
                0.9999957089732942,
                4.290882093595112e-06,
                3.3606266942425545e-11,
                2.3741185434718098e-12,
                1.0863182979203826e-10
            ],
            [
                0.9999896115577936,
                1.0387163696876078e-05,
                2.1367067436434128e-10,
                5.022600901081751e-10,
                5.625787188589792e-10
            ],
            [
                5.79641829911301e-07,
                1.610590066049858e-05,
                0.5329389719286916,
                0.3527400864497274,
                0.11430425607909078
            ],
            [
                1.9736187482801543e-07,
                0.0002124369471562095,
                0.3063454979963862,
                0.6391246963410013,
                0.05431717135358142
            ],
            [
                3.320429822938953e-07,
                9.389231697201417e-08,
                5.966936191527372e-08,
                0.23082171929154074,
                0.769177795103798
            ]
        ],
        [
            [
                0.9999996474898777,
                3.52454906674189e-07,
                2.976704642182694e-11,
                8.618294611780318e-13,
                2.4586682527716322e-11
            ],
            [
                0.8294427382434103,
                0.17055725839489808,
                1.523789828497551e-10,
                4.780108048761699e-10,
                2.731301870870696e-09
            ],
            [
                7.647982924854334e-10,
                6.824696622726968e-09,
                0.9999930269949494,
                2.8794873158819586e-06,
                4.0859282398077024e-06
            ],
            [
                6.446962560037813e-06,
                0.015221384893700203,
                0.023000356299094967,
                0.9373461914223064,
                0.024425620422338458
            ],
            [
                5.980686899080833e-09,
                1.3579726015661806e-08,
                1.4771189308403895e-08,
                0.5469301671072163,
                0.45306979856118135
            ]
        ],
        [
            [
                0.999999821380322,
                1.785692937525064e-07,
                1.6053509003501574e-11,
                1.0669088261154496e-11,
                2.3661676750002248e-11
            ],
            [
                1.8145145275165812e-05,
                0.0001519850277144697,
                0.480546237736466,
                0.5082615067870561,
                0.011022125303488301
            ],
            [
                4.4673034977866717e-10,
                1.0760265265014974e-09,
                0.9999996509325155,
                2.251187400873295e-07,
                1.2242598745823685e-07
            ],
            [
                4.289712188648858e-08,
                1.0267362585519115e-06,
                1.8169101399526185e-06,
                0.6179902952026031,
                0.38200681825387645
            ],
            [
                2.219346198093869e-07,
                2.733919011712998e-08,
                1.8688035402806705e-07,
                0.40346268515380695,
                0.596536878692029
            ]
        ],
        [
            [
                0.9999999764112417,
                2.337990572794441e-08,
                9.202546652236539e-12,
                1.7375889617333757e-10,
                2.589119799545445e-11
            ],
            [
                0.687909430756769,
                0.3120905625112649,
                7.645188835450058e-10,
                4.566654260669189e-10,
                5.510781699927373e-09
            ],
            [
                1.7226927332118674e-07,
                7.650057214163366e-07,
                0.9266712525017818,
                0.07205182684488452,
                0.001275983378338909
            ],
            [
                4.2963172062592263e-07,
                2.698811998982284e-05,
                4.839308066505958e-05,
                0.8866363656879334,
                0.11328782347969116
            ],
            [
                3.921157577534911e-07,
                6.711144341934753e-05,
                1.5243096435779913e-08,
                0.6491877395811179,
                0.3507447416166085
            ]
        ],
        [
            [
                0.9993144152946666,
                0.0006855841345047635,
                1.876406583960785e-10,
                3.9503977633896674e-11,
                3.4368404141033886e-10
            ],
            [
                0.7258113014899937,
                0.2741857494348194,
                1.4752168306879576e-07,
                2.471563653320057e-06,
                3.2998985041129357e-07
            ],
            [
                4.403959499388118e-07,
                3.2282384275925406e-06,
                0.2572001751484072,
                0.6941687028538545,
                0.04862745336336079
            ],
            [
                5.006354365519632e-10,
                2.3636550482109367e-09,
                1.5687217646573154e-08,
                0.5998873953066696,
                0.4001125861418225
            ],
            [
                5.2145688406524564e-05,
                5.094611606944289e-08,
                2.0061039650105345e-07,
                0.7985941648705212,
                0.20135343788455976
            ]
        ],
        [
            [
                0.9999995270241734,
                4.72031313743158e-07,
                7.393080832877786e-11,
                2.153946804712933e-10,
                6.551873967560248e-10
            ],
            [
                0.9999900918768704,
                9.906698902675318e-06,
                6.260841431906835e-11,
                8.911450354422625e-10,
                4.704735627096091e-10
            ],
            [
                1.0506569340117657e-07,
                9.189844168901844e-06,
                0.20147283623096301,
                0.4175923390941072,
                0.38092552976506744
            ],
            [
                1.3254735833695282e-08,
                1.5403988425898317e-06,
                9.402114360210714e-07,
                0.5123930980295165,
                0.487604408105469
            ],
            [
                1.3234671139319579e-09,
                3.1032861502413324e-09,
                6.4554508482986925e-09,
                0.5809417131871633,
                0.4190582759306326
            ]
        ],
        [
            [
                0.9999987637224629,
                1.2357988089214372e-06,
                1.0390802347322396e-11,
                4.5767638866255624e-11,
                4.225697110575607e-10
            ],
            [
                0.022089899444778724,
                0.8057788020862393,
                0.08962143282715755,
                0.08225281013054446,
                0.00025705551127991723
            ],
            [
                1.4433459004304152e-06,
                3.20841510823073e-05,
                0.2963276318924735,
                0.6840938007996584,
                0.019545039810885345
            ],
            [
                5.724318077952534e-07,
                6.508058543249059e-06,
                4.743228052172033e-06,
                0.7120087410907548,
                0.28797943519084207
            ],
            [
                1.1770459235324999e-07,
                3.784490585182007e-09,
                1.0422113297916873e-08,
                0.3823087036973484,
                0.6176911643914553
            ]
        ],
        [
            [
                0.999907075049524,
                9.292459691790091e-05,
                2.7355468646661812e-11,
                7.790820949207106e-11,
                2.4829431459765125e-10
            ],
            [
                3.795353588330905e-05,
                0.4007375083419652,
                0.23043715106052803,
                0.3573914934477512,
                0.011395893613872332
            ],
            [
                9.116533222386486e-06,
                0.004086925769398117,
                0.20840228106657752,
                0.7358565708980589,
                0.05164510573274317
            ],
            [
                2.4410695577329343e-09,
                1.3097818161513536e-09,
                4.719336274535715e-09,
                0.6028972333868998,
                0.3971027581429125
            ],
            [
                5.784385652125484e-09,
                4.576385024824828e-10,
                1.0722698087178777e-08,
                0.40009566408882846,
                0.5999043189464494
            ]
        ],
        [
            [
                0.9996997468847648,
                0.0003002527548935894,
                1.3641567596733232e-11,
                1.7785816656523211e-10,
                1.6884182650511581e-10
            ],
            [
                0.23621405674822085,
                0.763783948785629,
                3.3568058946164355e-08,
                1.3690506757963531e-06,
                5.918474153766245e-07
            ],
            [
                3.666674790814513e-08,
                5.101558702859642e-08,
                0.9845984135356345,
                0.015227564730689803,
                0.00017393405134076968
            ],
            [
                8.083431990143342e-06,
                2.5201058715022436e-06,
                0.030001854587772384,
                0.8251051111184602,
                0.1448824307559058
            ],
            [
