{
    "[['A', 'B', 'C', 'D', 'E'], ['A', 'B', 'C', 'D', 'E']]": [
        [
            [
                0.9001824731153547,
                0.09981750306104557,
                3.7393984514164345e-10,
                1.4522690652691203e-08,
                8.926969239463531e-09
            ],
            [
                0.37831148497412326,
                0.6216875903402695,
                2.2493064390825765e-07,
                6.0297465541631e-07,
                9.678030786094773e-08
            ],
            [
                2.1217689891359336e-11,
                1.3923068778248293e-10,
                0.9999999995504685,
                2.4483766590477454e-10,
                4.424544576058244e-11
            ],
            [
                6.21828725375769e-08,
                8.664054188082852e-09,
                1.023770405879064e-09,
                0.34589244999920865,
                0.6541074781300943
            ],
            [
                5.84947572870396e-07,
                5.908298736716037e-08,
                2.276351354065273e-09,
                0.131618115105999,
                0.8683812385870895
            ]
        ],
        [
            [
                0.9982844882576083,
                0.0017155112242334466,
                9.533532284223425e-12,
                2.542420300848996e-10,
                2.5438272415187103e-10
            ],
            [
                0.0008499613045226372,
                0.9666998612272094,
                0.02958666972718133,
                0.002860023919816882,
                3.483821269681515e-06
            ],
            [
                7.850210741463597e-12,
                2.2449485836142404e-11,
                0.9999999998901739,
                4.829957253744258e-11,
                3.1226712538777895e-11
            ],
            [
                2.7651090312183235e-09,
                5.17225848873469e-10,
                9.457015414360215e-11,
                0.4022353752247016,
                0.5977646213983934
            ],
            [
                2.5580184934401605e-09,
                1.5098360606364018e-10,
                4.280529957434057e-11,
                0.0004525068978311858,
                0.9995474903503615
            ]
        ],
        [
            [
                0.9807477597418689,
                0.019252238669553,
                8.599544530577693e-10,
                4.3377988717964364e-10,
                2.948437177477883e-10
            ],
            [
                2.0572679819375253e-06,
                0.19958450530279956,
                0.299877349249914,
                0.5005119669115901,
                2.4121267714494157e-05
            ],
            [
                2.3110084319869303e-11,
                4.8591586775454135e-11,
                0.9999999992257091,
                6.304002998493702e-10,
                7.218859508711222e-11
            ],
            [
                2.785142297551299e-09,
                4.131834500489802e-09,
                6.643812612365105e-10,
                0.20244112936442438,
                0.7975588630542175
            ],
            [
                0.11243545378021265,
                2.0951208028515967e-09,
                1.4464705714238711e-08,
                6.06632711477074e-07,
                0.8875639230272493
            ]
        ],
        [
            [
                0.7999050671813608,
                0.20009493213835286,
                1.2948527889172992e-10,
                2.541226619581948e-10,
                2.966784499798232e-10
            ],
            [
                0.7306735184660467,
                0.2693264690490109,
                2.3668407843364723e-09,
                3.9019068353888314e-09,
                6.2161947830686205e-09
            ],
            [
                3.33747548946333e-11,
                9.64578276773917e-10,
                0.9999999972464737,
                1.7078767504499493e-09,
                4.7696524041694676e-11
            ],
            [
                1.4465621355260553e-09,
                1.247519393384962e-09,
                1.6000153725233201e-09,
                0.3658824371553931,
                0.63411755855051
            ],
            [
                3.1508488392511637e-09,
                1.560804542973606e-09,
                5.5006450981518495e-09,
                0.20857425031167806,
                0.7914257394760236
            ]
        ],
        [
            [
                0.9635134507334324,
                0.036486545995031996,
                1.5463477428472241e-09,
                9.220872270678277e-10,
                8.031005268749448e-10
            ],
            [
                5.766314673197481e-06,
                0.04508460119062942,
                0.3440292667341454,
                0.609961769878414,
                0.0009185958821378761
            ],
            [
                1.0674380710266658e-05,
                0.015595058374640916,
                0.8251639768981842,
                0.15894582261790255,
                0.0002844677285620437
            ],
            [
                8.398033992095534e-09,
                1.1577689811919084e-09,
                4.097548815082841e-09,
                0.7790759451368121,
                0.22092404120983605
            ],
            [
                1.452290424403944e-07,
                7.245622952752993e-11,
                2.021463259035266e-10,
                0.1941626863343392,
                0.8058371681620158
            ]
        ],
        [
            [
                0.9941968689609432,
                0.005803124341671428,
                1.6206541941265911e-09,
                2.860187482251923e-09,
                2.2165436976459294e-09
            ],
            [
                0.08891166016990572,
                0.9110874991434357,
                6.347448182532527e-07,
                1.6178778147385105e-07,
                4.415405892616624e-08
            ],
            [
                3.557727086580629e-07,
                0.00019547809855438727,
                0.9698377903398356,
                0.029902166963266377,
                6.420882563495456e-05
            ],
            [
                1.7529305664060236e-09,
                2.981161642374464e-10,
                3.85825553896387e-09,
                0.20658620583039375,
                0.793413788260304
            ],
            [
                1.3393248963415574e-09,
                4.157877941141518e-11,
                1.1218963433001544e-09,
                1.1658283473631825e-05,
                0.9999883392137263
            ]
        ],
        [
            [
                0.9999997815333865,
                2.1839056821673004e-07,
                1.1505261105472013e-11,
                4.459403069042094e-11,
                1.99460816433474e-11
            ],
            [
                3.680684484874621e-07,
                0.15678801927979122,
                0.5525325541180665,
                0.29061954620502456,
                5.951232866914512e-05
            ],
            [
                5.342389886114183e-07,
                1.3577084868806526e-05,
                0.990271071585547,
                0.009705167087182314,
                9.650003413320354e-06
            ],
            [
                3.640222922378218e-10,
                3.517917932152505e-10,
                1.2959267505728734e-10,
                0.7939931588711183,
                0.20600684028347493
            ],
            [
                6.1114448841837165e-09,
                7.680448836833731e-09,
                3.305819855273523e-09,
                0.09705507539923593,
                0.9029449075030505
            ]
        ],
        [
            [
                0.9998332333742522,
                0.00016676532476679926,
                2.4191849916883927e-10,
                5.659535600455582e-10,
                4.931088847132655e-10
            ],
            [
                0.609233422748203,
                0.39076608144057323,
                3.740935756762976e-07,
                9.4365981506491e-08,
                2.7351666418556657e-08
            ],
            [
                7.226803383109668e-06,
                0.006114001592313699,
                0.9506360622274942,
                0.04316632678083065,
                7.638259597845985e-05
            ],
            [
                3.975504287431199e-09,
                2.1981953142270673e-10,
                2.594094112879548e-10,
                0.7703920849517868,
                0.2296079105934799
            ],
            [
                8.366441734720793e-08,
                1.150853463032734e-09,
                5.050991297857719e-08,
                0.11070830580446597,
                0.8892915588703503
            ]
        ],
        [
            [
                0.9978026013866458,
                0.002197397680517408,
                4.839082755377215e-10,
                1.724931078870466e-10,
                2.76435401130404e-10
            ],
            [
                1.681326796104814e-07,
                3.9112171024239835e-06,
                1.2044837534564194e-06,
                0.9952602098310654,
                0.004734506335399121
            ],
            [
                1.5514699429718242e-11,
                1.2690073629325412e-10,
                0.9999999985250663,
                1.1674608244724814e-09,
                1.6505742709050405e-10
            ],
            [
                1.7388202144455533e-09,
                1.6574306278254396e-09,
                1.398222398269707e-09,
                0.7371084263886066,
                0.2628915688169201
            ],
            [
                2.2516814201586987e-09,
                4.0675823486240734e-10,
                1.5017938227269315e-09,
                0.12449333990619404,
                0.8755066559335725
            ]
        ],
        [
            [
                0.9999998662719726,
                1.3351967693487911e-07,
                3.961248429468799e-11,
                1.900072223381789e-11,
                1.4973737550575118e-10
            ],
            [
                0.21995662712870392,
                0.7800433696173598,
                1.822134362551204e-09,
                6.201026497434314e-10,
                8.116992798408915e-10
            ],
            [
                7.743465313974941e-06,
                0.08791314482116358,
                0.9111590046935578,
                0.0009018955436529316,
                1.8211476311772212e-05
            ],
            [
                2.0083933396748542e-09,
                3.9037607758504616e-10,
                5.682537970368849e-09,
                0.22477344805938443,
                0.7752265438593082
            ],
            [
                7.107142490100737e-09,
                7.164968764320741e-10,
                1.3677629130192208e-09,
                0.3348167371196925,
                0.6651832536889052
            ]
        ],
        [
            [
                0.9124261447299034,
                0.08757385024862273,
                1.5705968642292043e-09,
                1.7642852043850249e-09,
                1.686591845745684e-09
            ],
            [
                8.547686607270019e-05,
                0.9991880258687592,
                0.0006379407862464115,
                8.719756128056144e-05,
                1.3589176410848096e-06
            ],
            [
                1.673831629434921e-11,
                6.9685936480213666e-12,
                0.9999999999089777,
                5.856212697206033e-11,
                8.753490393078368e-12
            ],
            [
                1.5294771619126357e-08,
                1.0907000231848328e-09,
                2.426881982699492e-09,
                0.19617342859898085,
                0.8038265525886655
            ],
            [
                9.382551363262568e-09,
                4.706442237297913e-09,
                2.2767774472442622e-10,
                0.0014595786104815466,
                0.9985404070728471
            ]
        ],
        [
            [
                0.9996982570971813,
                0.00030174235020472435,
                9.35556011775144e-11,
                1.600839338542388e-10,
                2.9897428173260795e-10
            ],
            [
                0.04864588938943819,
                0.9513077487096033,
                4.0147289063025015e-05,
                3.496195832634708e-06,
                2.7184160626498336e-06
            ],
            [
                0.0006848910322244689,
                0.3217475555423997,
                0.671380556803245,
                0.006078103115225809,
                0.000108893506904975
            ],
            [
                2.0964943661348306e-10,
                1.1071179909636825e-09,
                2.455177159068359e-10,
                0.5329778455468227,
                0.4670221528908921
            ],
            [
                2.8182078347976375e-07,
                8.168942620976797e-10,
                3.94508239917849e-09,
                0.0004948135866465472,
                0.9995048998305933
            ]
        ],
        [
            [
                0.9992231687859336,
                0.0007768289891050995,
                3.0156257025498666e-10,
                1.6115545177485907e-09,
                3.1184410400141373e-10
            ],
            [
                0.00014752712096438353,
                0.44583736089298825,
                0.36829957362041776,
                0.18569730709864926,
                1.823126698036329e-05
            ],
            [
                8.895855341317119e-12,
                2.3862842307459962e-11,
                0.9999999998898426,
                3.0012852547293545e-11,
                4.738592595308874e-11
            ],
            [
                4.069628923592642e-10,
                1.69163697144602e-10,
                1.788878338179351e-10,
                0.004662067019606705,
                0.9953379322253789
            ],
            [
                7.801495515280057e-06,
                1.9665123486217008e-09,
                5.035151315244316e-10,
                0.20107421149153193,
                0.7989179845429253
            ]
        ],
        [
            [
                0.9760526945919409,
                0.023947301936652888,
                2.795705790594038e-11,
                2.3368680918954054e-09,
                1.10658108640461e-09
            ],
            [
                1.5954629765672608e-05,
                0.0007863278837763226,
                0.8017762674287858,
                0.19739909210553794,
                2.2357952134376038e-05
            ],
            [
                5.639958576636167e-12,
                2.029703274274647e-12,
                0.9999999999675204,
                1.2287285751427435e-11,
                1.2522542541283277e-11
            ],
            [
                5.297737478443791e-10,
                3.708894539969492e-10,
                1.1921267742804971e-08,
                0.5356935514359252,
                0.46430643574214386
            ],
            [
                2.7876910220560645e-06,
                2.8884831699695802e-09,
                2.4821423921880987e-08,
                0.11351503546537113,
                0.8864821491336997
            ]
        ],
        [
            [
                0.8074648082672423,
                0.19253519107084183,
                1.1946438688183017e-10,
                3.790687375617717e-10,
                1.633826835425074e-10
            ],
            [
                0.044865201452894216,
                0.9551250786818997,
                5.7598333025431194e-06,
                1.656489214125559e-06,
                2.303542689591543e-06
            ],
            [
                1.8864316329509157e-07,
                0.000645428981737659,
                0.9971364378857829,
                0.0022166788478707477,
                1.2656414454303307e-06
            ],
            [
                3.655143128301695e-11,
                1.6947235925893228e-10,
                2.6839879463863487e-09,
                0.5978025746722843,
                0.40219742243770407
            ],
            [
                5.831759146996521e-09,
                2.685008852363304e-10,
                1.0425178658994989e-09,
                0.33302307410346527,
                0.6669769187537568
            ]
        ],
        [
            [
                0.999766068645187,
                0.00023393100458286728,
                1.793905043782301e-11,
                2.4571540034670845e-10,
                8.657552329945996e-11
            ],
            [
                1.2206361553987272e-06,
                0.1553975865550192,
                0.010015096039162787,
                0.8222613215444305,
                0.012324775225232011
            ],
            [
                1.4108891531912677e-06,
                0.004163353752309027,
                0.0009022176024970278,
                0.9930517271044869,
                0.0018812906515539185
            ],
            [
                1.776641410350504e-10,
                7.251260343113678e-11,
                1.4507463350802536e-11,
                6.320660335836504e-08,
                0.9999999365287124
            ],
            [
                1.6275143366635413e-08,
                1.7037693858596657e-10,
                1.3502880049212503e-09,
                0.08756514808532612,
                0.9124348341188656
            ]
        ],
        [
            [
                0.8641225729410837,
                0.13587742583542675,
                6.007838259411312e-10,
                3.171742706192277e-10,
                3.055315107635547e-10
            ],
            [
                0.5648711196833853,
                0.43512875623679514,
                5.777196643690135e-08,
                6.42131023243095e-08,
                2.0947508468337295e-09
            ],
            [
                3.9482708766591735e-12,
                6.777064732478251e-11,
                0.9999999994551092,
                4.613740108078926e-10,
                1.1798006495241697e-11
            ],
            [
                5.466722960843119e-10,
                4.931186484743102e-10,
                7.087657806372363e-10,
                0.5987067390315363,
                0.401293259219907
            ],
            [
                7.993961167944619e-08,
                5.014782429932795e-09,
                9.767686530758788e-09,
                0.00815215114118348,
                0.9918477541367359
            ]
        ],
        [
            [
                0.8094825707213751,
                0.19051742737337773,
                9.691255446015964e-10,
                6.002110131115435e-11,
                8.761005628311717e-10
            ],
            [
                1.4763934959146835e-07,
                0.20457644502657077,
                0.20378766540190113,
                0.5916344482721594,
                1.293660019081434e-06
            ],
            [
                9.452030736398818e-09,
                1.6398212019335787e-08,
                0.9999995866202378,
                3.2500556419088647e-07,
                6.252395531258743e-08
            ],
            [
                2.8566056926119746e-10,
                6.723427045252387e-11,
                5.309888186352747e-11,
                0.4000001131349762,
                0.5999998864590301
            ],
            [
                1.3055452171999348e-05,
                4.411761915322985e-09,
                5.750998102453218e-10,
                0.4106070979878822,
                0.589379841573084
            ]
        ],
        [
            [
                0.8190698973517553,
                0.18093010107274896,
                1.8698210375063545e-10,
                1.3582623673689509e-09,
                3.025129817728856e-11
            ],
            [
                7.189189294610261e-06,
                0.3337274906654373,
                0.5995039815863817,
                0.06675106822468467,
                1.0270334201617797e-05
            ],
            [
                5.379829733903712e-12,
                2.136481280510254e-11,
                0.9999999999564193,
                1.3301977249528442e-11,
                3.5340736721334183e-12
            ],
            [
                5.109620250122375e-09,
                4.471576506262314e-11,
                8.546486640570192e-10,
                0.34827103710776564,
                0.6517289568832497
            ],
            [
                2.0271510374923815e-06,
                4.282549363727087e-09,
                5.1731794326931535e-09,
                0.09935584238676919,
                0.9006421210064646
            ]
        ],
        [
            [
                0.9999999598357527,
                3.9754421306450484e-08,
                2.0545161828257794e-10,
                1.918239770067502e-10,
                1.2550265897419227e-11
            ],
            [
                3.017645290266084e-07,
                0.009148716098218436,
                0.00016293486175433127,
                0.8635231236267517,
                0.12716492364874651
            ],
            [
                1.2394461163308792e-06,
                0.0011163437352839994,
                0.9961996535605152,
                0.0025652885560816575,
                0.00011747470200276436
            ],
            [
                1.4254163890670853e-09,
                7.19395310700117e-11,
                1.2983194637777357e-10,
                0.39717982843269195,
                0.6028201699401202
            ],
            [
                6.968163656867268e-09,
                1.387148216392686e-09,
                1.5526545256956012e-09,
                0.15378859268630307,
                0.8462113974057305
            ]
        ],
        [
            [
                0.8150610749069399,
                0.184938917047983,
                7.994623139238644e-10,
                1.9293694503950525e-09,
                5.316245377626307e-09
            ],
            [
                3.1310705059108124e-06,
                0.0013578813930550436,
                0.2602038000760999,
                0.738361874101067,
                7.331335927204826e-05
            ],
            [
                7.52062876968298e-07,
                8.813967118343635e-05,
                0.9998878266844736,
                2.268927966857761e-05,
                5.923017974687998e-07
            ],
            [
                0.0019379919119656872,
                1.0557772004839251e-08,
                1.4228339135073661e-09,
                0.18844286304399327,
                0.8096191330634351
            ],
            [
                3.0220736074228876e-09,
                3.132868649417344e-09,
                1.4231479191272956e-08,
                0.022667893807279637,
                0.9773320858062988
            ]
        ],
        [
            [
                0.8526592135787239,
                0.1473407850279495,
                2.731689907737078e-10,
                5.244773823463624e-10,
                5.956801981605524e-10
            ],
            [
                0.0003615106539140034,
                0.8429367142865662,
                0.15649221615695222,
                0.00020561894251317124,
                3.939960054331179e-06
            ],
            [
                0.00013362151796996,
                0.5171383417411511,
                0.48265347681089393,
                6.71541260552451e-05,
                7.405803929726982e-06
            ],
            [
                4.5453041606223983e-07,
                1.9908152765120143e-09,
                4.693898843585478e-10,
                0.20300713222888397,
                0.7969924107804949
            ],
            [
                0.20849006344813448,
                1.0328598148982624e-06,
                2.150992292054279e-07,
                0.0033122492140147453,
                0.7881964393788067
            ]
        ],
        [
            [
                0.8000669072610277,
                0.19993309263149586,
                2.8845497129293507e-11,
                6.135038833470893e-11,
                1.728066814961272e-11
            ],
            [
                9.27807583411058e-07,
                0.00015082582214646407,
                0.2221735167979218,
                0.7776291077827718,
                4.56217895765252e-05
            ],
            [
                1.4214624950797758e-08,
                4.366903565769468e-06,
                0.9989322425402235,
                0.0010632458428330473,
                1.3049875276047792e-07
            ],
            [
                7.881608913956618e-10,
                6.963456863731392e-10,
                1.5852999073388258e-10,
                0.7994207445522876,
                0.20057925380467573
            ],
            [
                5.3617043334391846e-05,
                3.66136960431906e-08,
                4.515421098637677e-09,
                0.3429725812963455,
                0.656973760531203
            ]
        ],
        [
            [
                0.9993337615930438,
                0.0006662330782577866,
                3.211899737859355e-09,
                1.8878277338550977e-09,
                2.289709613041479e-10
            ],
            [
                0.030017725801883513,
                0.9698640964189985,
                0.0001016811522883773,
                1.637799264039797e-05,
                1.1863418921156166e-07
            ],
            [
                3.1558061374734254e-07,
                3.582185179215978e-05,
                0.9954615311577368,
                0.004470445374294582,
                3.1886035562697e-05
            ],
            [
                4.7848663744569644e-08,
                6.309761954903174e-09,
                3.718378088926147e-10,
                0.02961381222581257,
                0.9703861332439239
            ],
            [
                4.457157620697265e-10,
                6.577816704275253e-11,
                2.7877601186868305e-10,
                0.007699581197078089,
                0.9923004180126519
            ]
        ],
        [
            [
                0.6503907885633954,
                0.34960920862558903,
                3.8152652642809595e-10,
                2.320765583423592e-09,
                1.087235886522189e-10
            ],
            [
                2.2908010576037334e-06,
                0.1820085769507343,
                0.4228090689943623,
                0.3951725512405829,
                7.512013262644657e-06
            ],
            [
                2.349578399364835e-06,
                0.001996296571716702,
                0.9689552364124356,
                0.02903282694836363,
                1.32904890846179e-05
            ],
            [
                1.395112500357637e-10,
                1.7873432644042983e-10,
                1.1206589390348888e-09,
                0.5898802891794231,
                0.41011970938167236
            ],
            [
                2.1993241800730684e-07,
                1.1710025856239608e-07,
                2.7884759073403993e-09,
                0.38821746930526874,
                0.6117821908735788
            ]
        ],
        [
            [
                0.9954033985563026,
                0.004596600299799769,
                7.203089786617806e-10,
                1.8753898985586678e-10,
                2.3604973784575725e-10
            ],
            [
                0.20302046276670965,
                0.7969793545514668,
                1.1113034396586319e-07,
                6.298646457994637e-08,
                8.565015051925501e-09
            ],
            [
                9.491309200330684e-11,
                1.2600506248856386e-10,
                0.9999999994767723,
                1.9590729533658994e-10,
                1.0640212628605238e-10
            ],
            [
                8.415811001523575e-11,
                1.0814944898418709e-09,
                7.632821826424247e-10,
                0.3962215148566327,
                0.6037784832144325
            ],
            [
                8.031734988092995e-09,
                4.206599615044169e-10,
                2.457926352135169e-09,
                0.03672034137452019,
                0.9632796477151585
            ]
        ],
        [
            [
                0.9999999190194909,
                8.086347971006892e-08,
                2.3457903357291997e-11,
                5.4228859545483005e-12,
                8.814854455445999e-11
            ],
            [
                0.49695166463984697,
                0.5030482191004652,
                3.0757174768290036e-08,
                7.655101934445835e-08,
                8.951493718291947e-09
            ],
            [
                5.3345656805764004e-09,
                5.913496387906265e-07,
                0.9999751612566955,
                1.7745887806643543e-05,
                6.496171293387574e-06
            ],
            [
                5.2376747147711865e-11,
                1.7488604045565058e-09,
                4.124227087546638e-10,
                0.5999697394319284,
                0.4000302583544116
            ],
            [
                7.545030935528936e-07,
                3.5174231664639285e-09,
                1.0250580731513214e-09,
                0.3519748655408108,
                0.6480243754136145
            ]
        ],
        [
            [
                0.992532589200759,
                0.007467406583339857,
                9.000429650229583e-10,
                1.596112566441144e-09,
                1.7197457142985587e-09
            ],
            [
                0.39642518411178596,
                0.6035747527428977,
                1.396004794833873e-08,
                4.871567336056286e-08,
                4.695949502116686e-10
            ],
            [
                8.776482435329442e-09,
                3.0161817355080016e-06,
                0.9999965891473217,
                3.723603029333005e-07,
                1.3534157539178197e-08
            ],
            [
                0.981308740589476,
                0.01869121880361907,
                2.5037918700190124e-08,
                8.826030705102218e-09,
                6.7429554881563174e-09
            ],
            [
                1.2332571820941268e-06,
                3.6047879435431784e-09,
                7.501874694392993e-10,
                0.00679739859059104,
                0.9932013637972514
            ]
        ],
        [
            [
                0.6046799843320219,
                0.39532001543705014,
                4.46742910468759e-11,
                9.347388287618834e-11,
                9.27799493170178e-11
            ],
            [
                0.2931065689103952,
                0.7068932530790364,
                5.1101905242018194e-08,
                9.833872628063941e-08,
                2.8569936861572982e-08
            ],
            [
                8.071463279042863e-07,
                0.0005957500452678734,
                0.9457674209380238,
                0.05363454405019455,
                1.4778201859543485e-06
            ],
            [
                6.292738084122528e-10,
                1.3537794118489122e-09,
                2.1535200227609186e-08,
                0.00721299613372515,
                0.9927869803480215
            ],
            [
                8.273422320783025e-09,
                8.709920757712897e-10,
                1.5389257208356567e-09,
                0.40305517383625056,
                0.5969448154804092
            ]
        ],
        [
            [
                0.7194084882834407,
                0.2805915072428397,
                2.0092866369073356e-09,
                1.7042593513992714e-09,
                7.60173480641716e-10
            ],
            [
                0.001461226209721166,
                0.998538368042312,
                2.859978880828143e-07,
                1.1541848613948458e-07,
                4.331592584501776e-09
            ],
            [
                2.1664203176752033e-11,
                6.569461004780133e-11,
                0.999999999588808,
                2.443113147834064e-10,
                7.952202723352482e-11
            ],
            [
                8.764570478805927e-09,
                9.018145000496355e-10,
                6.996755239409935e-10,
                0.2840081418326697,
                0.7159918478012699
            ],
            [
                1.7503302607572175e-08,
                1.9322540891105542e-09,
                1.9892826018080026e-09,
                0.0050135085598433686,
                0.9949864700153174
            ]
        ],
        [
            [
                0.9784468947003334,
                0.021553096619407745,
                1.207139780253263e-09,
                3.371207719943212e-09,
                4.101911302016943e-09
            ],
            [
                0.1004117880256074,
                0.8995855481482556,
                2.228659466711085e-07,
                4.1213186010988913e-07,
                2.028828330177415e-06
            ],
            [
                3.2311768312773537e-06,
                3.9236361220069245e-05,
                0.8381266867590224,
                0.1608703891565119,
                0.000960456546414477
            ],
            [
                1.0074863010114835e-09,
                6.684349622514472e-10,
                1.7454979958554532e-08,
                0.50617738356235,
                0.49382259730674877
            ],
            [
                2.7493530161213042e-09,
                3.3350009857484715e-11,
                3.1916590877491286e-10,
                0.19051421009923697,
                0.809485786798894
            ]
        ],
        [
            [
                0.9969738725015479,
                0.0030261237024209243,
                1.8720117764520715e-09,
                8.978422279215676e-10,
                1.0261770789183347e-09
            ],
            [
                0.1621257301974795,
                0.8378421088775411,
                2.9872296409081532e-05,
                1.9596273465779815e-06,
                3.290012237078033e-07
            ],
            [
                5.201871741952809e-06,
                0.3985978296826519,
                0.17446153926083155,
                0.42439982459611536,
                0.002535604588659167
            ],
            [
                2.1014790266140703e-09,
                1.033135066897959e-09,
                1.9019382976219753e-09,
                0.39967428013633927,
                0.6003257148271084
            ],
            [
                1.143529247923018e-09,
                8.392106015540144e-10,
                3.9999124197206225e-10,
                0.18555781948179526,
                0.8144421781354737
            ]
        ],
        [
            [
                0.8072877299152785,
                0.19271226758761067,
                3.3264460660062353e-10,
                1.6965300775127058e-09,
                4.679360170442396e-10
            ],
            [
                2.362720722333444e-05,
                0.0866311609922934,
                0.7378486468182871,
                0.1754821465179756,
                1.4418464220495359e-05
            ],
            [
                2.520334310528415e-07,
                0.018562855789643562,
                0.9757327077945097,
                0.0057036624483741295,
                5.219340416445925e-07
            ],
            [
                6.020758467416002e-10,
                3.4009942130011566e-09,
                2.8594076779823124e-10,
                0.5168654411493386,
                0.4831345545616506
            ],
            [
                5.278785887865595e-07,
                7.456866371356564e-09,
                5.339484142941677e-10,
                0.1576580158728437,
                0.8423414482577527
            ]
        ],
        [
            [
                0.9986090199489007,
                0.0013909787236999838,
                5.54349872725891e-10,
                3.246918772627841e-10,
                4.483575320464269e-10
            ],
            [
                3.4675683723198355e-06,
                0.19855138138467135,
                0.024706882542309915,
                0.7767232108767802,
                1.5057627866187129e-05
            ],
            [
                8.099580882820693e-12,
                4.253898186060067e-12,
                0.9999999999720532,
                1.2223167610857735e-11,
                3.3701684753335964e-12
            ],
            [
                3.21209126763332e-10,
                1.339696557163853e-09,
                2.229948501336924e-09,
                0.4510125138465919,
                0.5489874822625539
            ],
            [
                5.227769827778489e-10,
                5.479921612775294e-09,
                1.4210572023511738e-09,
                0.18564532746983825,
                0.8143546651064059
            ]
        ],
        [
            [
                0.999999492267881,
                5.071467703971963e-07,
                2.845256036085038e-10,
                1.9424472508452817e-10,
                1.0657832353548844e-10
            ],
            [
                0.04408322226216126,
                0.9559167349953446,
                3.086512969962164e-08,
                8.301399569062353e-09,
                3.575964765691422e-09
            ],
            [
                4.294610700372273e-12,
                3.1127499971162995e-11,
                0.9999999999233833,
                2.711697092150216e-11,
                1.4077703614442865e-11
            ],
            [
                8.78790178467742e-08,
                2.5965591211814395e-09,
                4.038735799981315e-10,
                0.282755930729729,
                0.7172439783908205
            ],
            [
                6.768963432429436e-08,
                9.855791872690795e-10,
                3.6982440140229285e-09,
                0.4761523991375913,
                0.5238475284889512
            ]
        ],
        [
            [
                0.9878763767098266,
                0.012123621010471238,
                4.6389729353244507e-10,
                5.274483772613272e-10,
                1.2883565575772875e-09
            ],
            [
                0.10152291579309158,
                0.898472988915073,
                3.338260818993056e-06,
                7.448513359802113e-07,
                1.2179680363027928e-08
            ],
            [
                2.178093834811988e-09,
                4.931670333654197e-08,
                0.9999975131202116,
                2.299557067205268e-06,
                1.3582792405626303e-07
            ],
            [
                1.9127305090662556e-08,
                8.687654138486483e-09,
                1.348717174530223e-09,
                0.26367308182055277,
                0.7363268890157707
