{
    "[['A', 'B', 'C', 'D', 'E'], ['A', 'B', 'C', 'D', 'E']]": [
        [
            [
                0.9999999919329562,
                7.923114034195217e-09,
                1.4833263088256125e-11,
                8.283409666010703e-12,
                1.2081308435992967e-10
            ],
            [
                0.9635146842673438,
                0.0364853153008764,
                6.768059173119457e-11,
                3.398210028214192e-10,
                2.4278282583073067e-11
            ],
            [
                1.274946127022914e-07,
                0.0005342655658273814,
                0.99946466328442,
                9.014509055072077e-07,
                4.2204234437918284e-08
            ],
            [
                6.056152792014668e-08,
                5.111297195879303e-08,
                0.0010214122489951055,
                0.9373360663359949,
                0.061642409740510204
            ],
            [
                4.031822864681683e-09,
                5.404566507941792e-09,
                3.0374350224764637e-09,
                0.7909123508999022,
                0.2090876366262734
            ]
        ],
        [
            [
                0.999998959151258,
                1.0407626828130383e-06,
                2.454684252016043e-11,
                5.0030135971709766e-11,
                1.1482279664813541e-11
            ],
            [
                0.9925325145275586,
                0.0074674851696341065,
                1.493196634560885e-11,
                1.1080641742364158e-10,
                1.770689376648827e-10
            ],
            [
                6.134767075413794e-07,
                1.5247003146490584e-05,
                0.3065224607689971,
                0.6927698028316621,
                0.0006918759194867422
            ],
            [
                8.673649147169254e-08,
                2.7501278036277504e-06,
                9.825391389876793e-06,
                0.9022016227301094,
                0.0977857150142056
            ],
            [
                1.016769189067733e-05,
                1.379128020188886e-06,
                1.3714319340550153e-08,
                0.3373083880940849,
                0.662680051371685
            ]
        ],
        [
            [
                0.9999749883744792,
                2.5011579020014584e-05,
                2.152824409446457e-12,
                2.5891989333486073e-11,
                1.8456026184070786e-11
            ],
            [
                0.9756636542224816,
                0.024336345302182125,
                2.336985342096855e-10,
                2.313447952430263e-10,
                1.029300979323435e-11
            ],
            [
                3.5776074531254227e-12,
                1.5426956844966003e-11,
                0.999999999963544,
                1.1373560558510427e-11,
                6.077740455986919e-12
            ],
            [
                1.946459472924078e-09,
                4.2808103065577434e-10,
                6.871142109534523e-09,
                0.8618597797499176,
                0.13814021100439977
            ],
            [
                3.098664116254212e-10,
                1.9122674535598744e-10,
                6.880456505498434e-10,
                0.2579359699257659,
                0.7420640288850953
            ]
        ],
        [
            [
                0.9999978073611455,
                2.192576440054448e-06,
                3.45092006071782e-11,
                3.653464168833325e-12,
                2.42518926155572e-11
            ],
            [
                0.9997660847867931,
                0.00023391516899500916,
                8.131479366574256e-12,
                1.438582329152446e-11,
                2.1694712065734047e-11
            ],
            [
                1.1554685029416712e-08,
                2.8437431098776555e-05,
                0.9999698702051126,
                1.5999657484764732e-06,
                8.084335516221123e-08
            ],
            [
                3.5707648089389516e-08,
                1.0044353544310276e-08,
                4.7312114341153674e-08,
                0.9731360956951935,
                0.026863811240690375
            ],
            [
                1.411924511094141e-09,
                2.0950913669470743e-10,
                8.899335885048516e-10,
                0.18756469747733084,
                0.8124353000113019
            ]
        ],
        [
            [
                0.9991851970082729,
                0.0008148029456891414,
                5.07670802656974e-12,
                3.436948738460878e-11,
                6.591679977513207e-12
            ],
            [
                0.928022120095889,
                0.07197787926022292,
                1.1205525610657121e-10,
                3.08128862692557e-10,
                2.2370395343329443e-10
            ],
            [
                4.659374912474153e-08,
                2.0885864951485315e-06,
                0.7559846197264743,
                0.2439730665514529,
                4.017854182860411e-05
            ],
            [
                5.073524802136797e-09,
                2.97091356773188e-09,
                2.977226735792886e-07,
                0.9551341199254395,
                0.04486557430744859
            ],
            [
                1.9259833310741576e-10,
                3.477095257195852e-10,
                1.1589306344799692e-09,
                0.3935105646635417,
                0.6064894336372199
            ]
        ],
        [
            [
                0.9999994228029173,
                5.769113576233294e-07,
                9.618230828617697e-12,
                2.6745315539171235e-10,
                8.6537681543591e-12
            ],
            [
                0.9993654148109075,
                0.0006345850105589542,
                7.635693392385026e-12,
                3.6111237367193224e-11,
                1.3478678723646728e-10
            ],
            [
                6.867329794962904e-12,
                5.811745106216453e-12,
                0.9999999999826656,
                1.7054275109303556e-12,
                2.9499679378537884e-12
            ],
            [
                9.122451817128532e-09,
                1.1518009323599904e-09,
                5.057793776147496e-07,
                0.8516986323063749,
                0.14830085163999474
            ],
            [
                9.012053168455009e-10,
                1.0708981399366103e-09,
                4.276302422323516e-09,
                0.3232166636540482,
                0.6767833300975459
            ]
        ],
        [
            [
                0.9999999798913011,
                1.9945354589114358e-08,
                1.0577043820446192e-11,
                1.4470084929351332e-10,
                8.066389666887614e-12
            ],
            [
                0.9999999186930992,
                8.127499017795654e-08,
                2.422936320243446e-11,
                6.194519402055329e-12,
                1.4867361620511301e-12
            ],
            [
                7.929796881707632e-08,
                6.547147033806653e-07,
                0.9685943894535657,
                0.031402012270321175,
                2.8642634408778253e-06
            ],
            [
                1.4361638873474868e-10,
                1.47484169630857e-09,
                5.4929556018932145e-09,
                0.403739160691902,
                0.5962608321966842
            ],
            [
                1.3764122622701752e-10,
                4.3156788407961203e-10,
                3.1817410253829058e-09,
                0.862483345583583,
                0.137516650665467
            ]
        ],
        [
            [
                0.9963780541131405,
                0.003621945468464243,
                7.885316364529372e-11,
                3.892246296118768e-11,
                3.006196694759387e-10
            ],
            [
                0.9999997236166125,
                2.763666572918439e-07,
                2.0120786059539418e-13,
                9.590462120792952e-12,
                6.938610084601881e-12
            ],
            [
                1.8414746336206918e-07,
                1.3029118592572388e-05,
                0.7950289255850458,
                0.2032832125182873,
                0.001674648630610842
            ],
            [
                3.369538294522336e-10,
                2.0880500282551586e-10,
                1.2771598111456366e-09,
                0.7497601647239459,
                0.25023983345313544
            ],
            [
                2.7036900269222764e-10,
                7.189232580810364e-10,
                1.474948587200998e-08,
                0.5671644826176307,
                0.4328355016435912
            ]
        ],
        [
            [
                0.9999774360933784,
                2.2563871409646326e-05,
                2.68516608274011e-11,
                2.284065309127879e-12,
                6.076197953083364e-12
            ],
            [
                0.9999966523274523,
                3.3476346933172108e-06,
                3.0543715556637426e-11,
                6.148166124179226e-12,
                1.162531051028305e-12
            ],
            [
                1.6202121241273975e-07,
                4.589534815890801e-06,
                0.5894410249427808,
                0.41017419949050354,
                0.00038002401068726267
            ],
            [
                3.7321786652014877e-10,
                9.786811931559728e-09,
                5.1378484099360466e-08,
                0.7052974597516813,
                0.2947024787098048
            ],
            [
                1.7383358260372888e-09,
                6.194262842573451e-11,
                7.215712533324559e-10,
                0.19672562960978038,
                0.8032743678683699
            ]
        ],
        [
            [
                0.9999138883173891,
                8.611160330314487e-05,
                1.129749422634653e-12,
                2.8284720072034713e-11,
                4.9893238767147543e-11
            ],
            [
                0.9999989132618777,
                1.0866869094598376e-06,
                1.4579930441222127e-11,
                8.789399841491178e-12,
                2.7843525752681748e-11
            ],
            [
                1.550917989024994e-08,
                2.6586943128202974e-06,
                0.999996825857035,
                4.931383698433802e-07,
                6.8011024967229275e-09
            ],
            [
                2.135585521500223e-08,
                1.1067790065190969e-08,
                6.941488932246416e-06,
                0.9820322181710206,
                0.017960807916401943
            ],
            [
                6.510158596497486e-10,
                2.058508975354903e-09,
                4.004373981333604e-09,
                0.4522320248199268,
                0.5477679684661744
            ]
        ],
        [
            [
                0.999474450521295,
                0.0005255493598882179,
                6.877218034609588e-12,
                8.952826796639589e-11,
                2.2411292191949148e-11
            ],
            [
                0.9999991931787018,
                8.067931720246099e-07,
                8.411267317298561e-12,
                1.7524927263393496e-11,
                2.1900440520353835e-12
            ],
            [
                1.221550416408935e-07,
                4.809992338572464e-08,
                0.9999131061771224,
                8.639167956043594e-05,
                3.3188835217024763e-07
            ],
            [
                3.513361832951705e-10,
                3.625212606908435e-10,
                1.1844099646033164e-09,
                0.5986370709922212,
                0.4013629271095113
            ],
            [
                3.087796454354809e-10,
                5.336236372633289e-10,
                4.687574599656963e-10,
                0.009490864167123674,
                0.9905091345217156
            ]
        ],
        [
            [
                0.9999999962041788,
                3.764806342536047e-09,
                2.831852394524953e-12,
                1.6362002365272852e-11,
                1.1820838914220345e-11
            ],
            [
                0.9998851092312002,
                0.00011488833412319172,
                1.504595194311611e-10,
                8.483065249968654e-11,
                2.199386333965443e-09
            ],
            [
                7.468730571435406e-09,
                4.287100997455764e-07,
                0.9367011195324448,
                0.06329812086727861,
                3.2342144634841935e-07
            ],
            [
                2.0596283037029564e-09,
                9.693564109211788e-09,
                1.8908841190660897e-07,
                0.6054020127694455,
                0.39459778638895016
            ],
            [
                2.0984630096232302e-10,
                1.0505813983672747e-09,
                3.023237653229046e-08,
                0.316296807259617,
                0.6837031612475788
            ]
        ],
        [
            [
                0.9848283652919587,
                0.015171634692312305,
                1.0885482215143068e-12,
                1.026587022279071e-11,
                4.374551260667286e-12
            ],
            [
                0.8875621616604211,
                0.11243783817496276,
                4.081844047431986e-11,
                1.0256250221200349e-11,
                1.1354145727245106e-10
            ],
            [
                4.3905704073303806e-07,
                1.2722039710265503e-05,
                0.9181889839599645,
                0.07970486408538048,
                0.0020929908579040333
            ],
            [
                1.8367237616280892e-09,
                2.029997177065888e-08,
                1.3851006116163205e-06,
                0.9034584983017856,
                0.09654009446090714
            ],
            [
                4.77576716153275e-11,
                9.168599246926436e-10,
                1.2791537264398712e-09,
                0.21190568438529378,
                0.7880943133709348
            ]
        ],
        [
            [
                0.9999867322665278,
                1.3267288760627289e-05,
                4.528930735459724e-11,
                3.295063252199669e-11,
                3.664715610318212e-10
            ],
            [
                0.9996144475589303,
                0.00038555238106140395,
                4.6865554843078973e-11,
                6.441783667128853e-12,
                6.701126452561603e-12
            ],
            [
                1.1915170713366076e-07,
                0.19076793894291744,
                0.8092314323073146,
                3.8129019932727895e-07,
                1.283078614823621e-07
            ],
            [
                1.9975557478321806e-08,
                4.259440059973617e-08,
                0.00025531736377571633,
                0.9909933241607924,
                0.008751295905473768
            ],
            [
                5.260495894220513e-09,
                1.1085589478091286e-09,
                1.2534862958643865e-09,
                0.4580939439421836,
                0.5419060484352752
            ]
        ],
        [
            [
                0.9999999949195573,
                4.7949281221156286e-09,
                8.647409468855071e-11,
                1.949326621317129e-10,
                4.107537195233885e-12
            ],
            [
                0.999766030303446,
                0.0002339695857829555,
                1.2889954426366376e-12,
                2.7805840712512614e-11,
                8.16762116141657e-11
            ],
            [
                4.7361487517265953e-07,
                3.899603868808231e-05,
                0.1759873195184167,
                0.819686513866915,
                0.004286696961104969
            ],
            [
                4.0132430315271023e-10,
                1.6592743804028478e-08,
                2.0099842221424055e-08,
                0.5465695373248103,
                0.4534304255812795
            ],
            [
                3.0407994970502685e-09,
                1.3879189207139889e-09,
                6.65154242903933e-10,
                0.3663893195586715,
                0.6336106753474559
            ]
        ],
        [
            [
                0.9999593008185133,
                4.069910581699007e-05,
                1.8194210692682532e-12,
                5.1038230715354626e-11,
                2.281211824281975e-11
            ],
            [
                0.9940513570920374,
                0.0059486426970544,
                6.025223839917185e-11,
                8.939260001276927e-11,
                6.126336246773726e-11
            ],
            [
                2.696402737491977e-07,
                3.587166440760654e-07,
                0.9775247124770553,
                0.02185475313470235,
                0.0006199060313245331
            ],
            [
                1.2543277226094376e-08,
                8.448740422542665e-08,
                1.98618041545346e-08,
                0.5985870824905989,
                0.4014128006169155
            ],
            [
                4.997759645387655e-10,
                9.835417522787412e-10,
                1.6705528794315915e-09,
                0.004045104936330443,
                0.9959548919097989
            ]
        ],
        [
            [
                0.9999987988567772,
                1.2005694100726983e-06,
                2.520986839840352e-11,
                5.433197813009518e-10,
                5.283093407832159e-12
            ],
            [
                0.999932481155461,
                6.75187874459072e-05,
                3.936099448876102e-11,
                3.639948680953368e-12,
                1.4092195812992477e-11
            ],
            [
                3.6637397974188503e-07,
                1.5849802016787906e-05,
                0.989667076838783,
                0.010291957913539637,
                2.474907168087897e-05
            ],
            [
                6.06216347824745e-09,
                6.703923867809422e-09,
                2.660795004263867e-07,
                0.8761494536888957,
                0.1238502674655166
            ],
            [
                3.171031948446452e-09,
                1.4497881068948583e-08,
                3.1743449900153106e-05,
                0.8235094961158416,
                0.17645874276534518
            ]
        ],
        [
            [
                0.9999994169034074,
                5.829927854578193e-07,
                6.929769604729064e-11,
                2.877161182827387e-12,
                3.163224457525566e-11
            ],
            [
                0.8295880935457459,
                0.17041190607537207,
                2.5033567032637634e-10,
                5.2339280515027563e-11,
                7.620709162952743e-11
            ],
            [
                1.7676357856518517e-06,
                6.272668548848652e-07,
                0.46360295796296436,
                0.5358382451439512,
                0.0005564019904439508
            ],
            [
                2.890943573788449e-07,
                3.950781454995142e-06,
                0.02777289443284239,
                0.8069037897466005,
                0.16531907594474485
            ],
            [
                4.5920460488170786e-10,
                3.2670836223500295e-09,
                9.840310517802917e-09,
                0.47228060875803946,
                0.5277193776753618
            ]
        ],
        [
            [
                0.9999966471311159,
                3.3516966562906337e-06,
                7.612679007344318e-13,
                1.1564933382070044e-11,
                1.159901443279343e-09
            ],
            [
                0.9999994162967475,
                5.836187283953923e-07,
                1.418740359344092e-11,
                4.691985519883539e-12,
                6.564458740606744e-11
            ],
            [
                1.8326064745015236e-06,
                0.0005222262037566841,
                0.997330329623102,
                0.002143580614294288,
                2.0309523726035437e-06
            ],
            [
                6.836761468311965e-10,
                8.956030433013509e-09,
                6.4190888937707e-09,
                0.824849914646464,
                0.17515006929474053
            ],
            [
                2.4609027403748515e-10,
                1.6894250470858914e-08,
                4.6396359824400345e-08,
                0.3867029393748989,
                0.6132969970884006
            ]
        ],
        [
            [
                0.9999995335025379,
                4.6596838151330926e-07,
                4.199773835045422e-11,
                1.259343414585238e-11,
                4.74489344447066e-10
            ],
            [
                0.9986543578392596,
                0.0013456415491421582,
                4.908910812182613e-10,
                4.389649953384942e-11,
                7.681056953833245e-11
            ],
            [
                2.5770087138441073e-08,
                5.848857502682229e-07,
                0.07883127851339333,
                0.9189140913137488,
                0.0022540195170205027
            ],
            [
                5.518620858388865e-08,
                2.388559167276231e-07,
                4.4705790927921877e-07,
                0.5195503707922711,
                0.48044888810769437
            ],
            [
                4.749019233829633e-10,
                1.2576706213805907e-08,
                2.4194307449977207e-08,
                0.3972259577887304,
                0.602774004965354
            ]
        ],
        [
            [
                0.9999923693201804,
                7.630597153793256e-06,
                4.767378744034582e-11,
                2.2969187415997345e-11,
                1.2022858883502526e-11
            ],
            [
                0.9999992895149452,
                7.104459601224481e-07,
                1.5162607399581316e-11,
                6.443541336299852e-12,
                1.7488523961889628e-11
            ],
            [
                1.8111274701480383e-07,
                0.18868585157552892,
                0.8105067654938711,
                0.0008068790165297387,
                3.228013231666095e-07
            ],
            [
                3.2118772782925906e-09,
                2.4359327821166002e-08,
                2.0138925213491024e-07,
                0.8616636377547727,
                0.13833613328477007
            ],
            [
                2.2842045291779365e-10,
                7.257154943378148e-10,
                3.1339901057983413e-10,
                0.00258539904835145,
                0.9974145996841136
            ]
        ],
        [
            [
                0.9999999822939408,
                1.76986911128017e-08,
                5.757148845027197e-12,
                1.1775266214245405e-12,
                4.333893294726644e-13
            ],
            [
                0.9124015839636452,
                0.08759841567014126,
                2.364400873949277e-10,
                1.3855136967709034e-11,
                1.1591826338504316e-10
            ],
            [
                1.076791438405327e-07,
                5.720165790722845e-05,
                0.9996944219560413,
                0.0002479960697950954,
                2.726371125037676e-07
            ],
            [
                1.1995491530309779e-08,
                3.915574654307479e-09,
                5.787689502981183e-09,
                0.832119281857297,
                0.16788069644394724
            ],
            [
                4.665659381084911e-10,
                2.803453259434779e-10,
                1.7666451228810362e-09,
                0.07244569142148628,
                0.9275543060649574
            ]
        ],
        [
            [
                0.9999909202926358,
                9.079667534296664e-06,
                3.4492104683526535e-11,
                4.461848526581145e-12,
                8.758759416417322e-13
            ],
            [
                0.996393677467631,
                0.0036063219115448847,
                1.4796746860091135e-10,
                9.528163864828605e-12,
                4.633285576726244e-10
            ],
            [
                1.6677141166246935e-07,
                6.889911480960493e-05,
                0.9977774243619687,
                0.002153427237021813,
                8.251478820183936e-08
            ],
            [
                6.025951039194048e-09,
                4.017245785323253e-08,
                1.51231872522464e-07,
                0.800789470219695,
                0.19921033235002358
            ],
            [
                1.0026002371042291e-09,
                3.859152304630293e-09,
                4.877299857065615e-09,
                0.4948608714798972,
                0.5051391187810503
            ]
        ],
        [
            [
                0.9999999994503981,
                4.641008801861451e-10,
                1.3399787010683542e-11,
                2.382574151412862e-13,
                7.186295691242517e-11
            ],
            [
                0.9999664444771769,
                3.355530922433307e-05,
                2.5030912003195185e-11,
                7.947194581748204e-11,
                1.0909593433463088e-10
            ],
            [
                1.7636119431148014e-05,
                0.1517849070885502,
                0.8477367748529823,
                0.0004600841322612059,
                5.97806775282933e-07
            ],
            [
                8.103852626652529e-09,
                1.438886602543002e-08,
                9.910625781895983e-06,
                0.8515373699816169,
                0.14845269689988258
            ],
            [
                2.2213696581672132e-10,
                2.8417921489785968e-09,
                1.7358039568046766e-08,
                0.19164526776303964,
                0.8083547118149917
            ]
        ],
        [
            [
                0.999999324761445,
                6.752227157472348e-07,
                7.574958334566303e-12,
                3.5702679690598774e-12,
                4.6940160500024076e-12
            ],
            [
                0.8445245693117327,
                0.1554754303624136,
                1.4831097293950545e-10,
                7.54488991750845e-11,
                1.0209390178229667e-10
            ],
            [
                1.0610391622082253e-07,
                1.163123112783952e-06,
                0.9999759238562186,
                2.2589712836314275e-05,
                2.1720391598486088e-07
            ],
            [
                7.225625463087572e-09,
                2.2745653293632663e-10,
                1.729968975662633e-08,
                0.5706653290914069,
                0.4293346461558214
            ],
            [
                2.7332433447776554e-10,
                8.272146363567905e-10,
                1.7567928811978065e-10,
                0.15552983873166829,
                0.8444701599921135
            ]
        ],
        [
            [
                0.9918992121366338,
                0.008100787620881768,
                5.834669998359284e-11,
                1.7393622112378417e-10,
                1.0201626171194265e-11
            ],
            [
                0.9999932773431925,
                6.722616843611204e-06,
                1.020126655880264e-11,
                2.0876803292256413e-11,
                8.885724709380794e-12
            ],
            [
                5.172226114887267e-08,
                3.357151540732945e-05,
                0.8916539423253997,
                0.10829932112157493,
                1.3113315356787414e-05
            ],
            [
                4.534534931085173e-09,
                5.58001057624641e-09,
                1.649979312583675e-08,
                0.4050594460983313,
                0.59494052728733
            ],
            [
                1.098851403674528e-09,
                5.593079853984391e-10,
                1.547410557299783e-09,
                0.18947573472429957,
                0.8105242620701305
            ]
        ],
        [
            [
                0.9996145224718134,
                0.00038547699241232527,
                4.2778065974276345e-11,
                2.0906592472996582e-11,
                4.720895934832424e-10
            ],
            [
                0.9986571400312243,
                0.0013428596994467374,
                2.4707521574798012e-11,
                1.943731618490165e-10,
                5.0248282518945494e-11
            ],
            [
                7.534570992631531e-07,
                2.601326728804316e-06,
                0.3044670264960257,
                0.6341969508597615,
                0.06133266786038466
            ],
            [
                8.001694415252844e-10,
                7.691086370953308e-09,
                1.7019050394866492e-08,
                0.04074350818067456,
                0.9592564663090192
            ],
            [
                6.968384838862163e-10,
                2.799540422188413e-10,
                2.9335427576706702e-09,
                0.20950439418423283,
                0.7904956019054319
            ]
        ],
        [
            [
                0.9999999579249071,
                4.2028149668375966e-08,
                1.6054570117309024e-12,
                3.665587600113609e-11,
                8.68170098884288e-12
            ],
            [
                0.7952293188931804,
                0.2047706807925282,
                6.013552910390208e-11,
                2.3961854633402584e-10,
                1.4537347317549946e-11
            ],
            [
                4.288129018118343e-06,
                0.0004994521532290715,
                0.9994897807879821,
                6.452620333424083e-06,
                2.6309437240911686e-08
            ],
            [
                2.7841029009651325e-08,
                2.714421769723837e-08,
                0.009445645025318273,
                0.989555112652553,
                0.0009991873368819827
            ],
            [
                1.765598298784785e-09,
                2.79413287955021e-09,
                5.992471059477563e-08,
                0.5027827332273577,
                0.4972172022882006
            ]
        ],
        [
            [
                0.9999996756508037,
                3.239712821391844e-07,
                1.1942685323053692e-11,
                4.423633728719262e-11,
                3.217352264116216e-10
            ],
            [
                0.9999999964133985,
                3.551565759816325e-09,
                1.6173813805574135e-12,
                6.532317566914317e-12,
                2.6885971941086877e-11
            ],
            [
                1.4045938983314738e-06,
                3.4425805306101714e-05,
                0.7870434607208454,
                0.2128346104717524,
                8.609840819766672e-05
            ],
            [
                1.9649487266469093e-08,
                8.020825879627306e-09,
                3.006583727230677e-07,
                0.7657485348758779,
                0.23425113679543624
            ],
            [
                5.716500312437499e-11,
                1.6668158195200731e-09,
                3.0554856467839074e-10,
                0.00821749618137056,
                0.9917825017891001
            ]
        ],
        [
            [
                0.9809011210887479,
                0.019098878681692025,
                1.215740343455893e-10,
                7.346297812088426e-11,
                3.452299860594941e-11
            ],
            [
                0.9999945941109839,
                5.405868781558028e-06,
                1.234821430528395e-11,
                2.05604420483698e-12,
                5.830305244823462e-12
            ],
            [
                4.572497614058685e-08,
                2.5788174729928332e-05,
                0.9999702400892575,
                3.847440775930472e-06,
                7.857026048256463e-08
            ],
            [
                1.774595208764891e-08,
                8.892461834360091e-09,
                1.7232703355183738e-09,
                0.35159610239023403,
                0.6484038692480817
            ],
            [
                7.065799601865914e-10,
                7.718598315918918e-09,
                1.3327411917213825e-10,
                0.2220523171205158,
                0.7779476743210318
            ]
        ],
        [
            [
                0.9999999161016833,
                8.362734709446876e-08,
                3.5265362717015235e-12,
                1.562117927651625e-11,
                2.5182203586028007e-10
            ],
            [
                0.9999999183868888,
                8.150612377016853e-08,
                1.635814577630995e-11,
                7.242539896844521e-11,
                1.8203831642001712e-11
            ],
            [
                5.753087844407356e-10,
                3.4885880538505533e-06,
                0.9999768944988532,
                1.9611488015264497e-05,
                4.849768795915812e-09
            ],
            [
                3.866129422301093e-09,
                3.187496201155181e-09,
                7.74045504464174e-10,
                0.4536024111969918,
                0.5463975809753372
            ],
            [
                5.4339630484991534e-09,
                1.034615176848999e-08,
                5.977940265029554e-09,
                0.47622517736583403,
                0.523774800876111
            ]
        ],
        [
            [
                0.9999999975270186,
                2.425020520323529e-09,
                3.0364285914643833e-12,
                4.271285396714548e-11,
                2.211241096028556e-12
            ],
            [
                0.9995028452444815,
                0.0004971546431776514,
                5.294517769801373e-11,
                1.962366341233907e-11,
                3.97719188829106e-11
            ],
            [
                6.711895083289059e-07,
                7.23202706993635e-06,
                0.2564510217077985,
                0.7422070166569208,
                0.001334058418702458
            ],
            [
                4.593819930341963e-09,
                8.533491588520166e-09,
                5.137645914902697e-09,
                0.3731454010061378,
                0.6268545807289049
            ],
            [
                3.906089485333431e-09,
                4.78531330042716e-10,
                6.469360140013161e-09,
                0.5396108035369827,
                0.46038918560903636
            ]
        ],
        [
            [
                0.9848191845835195,
                0.01518081534748406,
                2.659484500258637e-11,
                1.817591362917222e-11,
                2.4225781040153057e-11
            ],
            [
                0.9980477111729931,
                0.0019522884861263683,
                1.3682019109123186e-10,
                1.7146346637954432e-10,
                3.259688648848364e-11
            ],
            [
                1.4966089494745607e-06,
                2.8541716607391297e-06,
                0.8665644979476786,
                0.1332290426737382,
                0.00020210859797288906
            ],
            [
                1.1339477181468059e-08,
                5.220258538982995e-09,
                6.896623732554478e-09,
                0.4570391987449182,
                0.5429607777987223
            ],
            [
                2.4037489082051637e-10,
                1.2125032506063225e-08,
                2.469927111491968e-08,
                0.5146224881759166,
                0.4853774747594049
            ]
        ],
        [
            [
                0.9986611553372656,
                0.0013388445005255189,
                1.8561476262182366e-11,
                1.4157538899930932e-10,
                2.0719467334386943e-12
            ],
            [
                0.9989546079650076,
                0.0010453918456004012,
                8.136626750796838e-11,
                9.963513320356135e-11,
                8.390689826503476e-12
            ],
            [
                1.1105352839663107e-07,
                1.417979101571507e-06,
                0.9960368914377024,
                0.003961391782038128,
                1.8774762947177276e-07
            ],
            [
                5.1826429621572045e-09,
                3.1249567547608137e-09,
                8.51156879254786e-08,
                0.9941343354095048,
                0.00586557116720755
            ],
            [
                1.373278407566611e-09,
                2.184523571911793e-10,
                6.841766220587703e-10,
                0.37040190461841527,
                0.6295980931056774
            ]
        ],
        [
            [
                0.9554599698909342,
                0.04454002935762383,
                1.104951536436704e-10,
                2.416757825434745e-11,
                6.167793167395767e-10
            ],
            [
                0.8445309211798707,
                0.1554690781891346,
                1.208112269624136e-10,
                3.600158775984492e-11,
                4.741818952492052e-10
            ],
            [
                1.232446918943986e-08,
                3.649394874552868e-08,
                0.9981378004279079,
                0.0016797164030150193,
                0.00018243435065910994
            ],
            [
                1.2192152929314952e-08,
                4.8216449823104955e-09,
                8.788818901338554e-09,
                0.3224208342045637,
                0.6775791399928195
            ],
            [
                2.7108253146637963e-10,
                2.544983522672618e-09,
                7.534226388165094e-09,
                0.6003468238949221,
                0.3996531657547854
            ]
        ],
        [
            [
                0.9988006078586333,
                0.0011993920019973568,
                1.1855406241315018e-11,
                4.044851032889972e-11,
                8.706531717934866e-11
            ],
            [
                0.9999973984018856,
                2.6015261117334238e-06,
                3.1102516916427897e-12,
                1.6438466500061105e-11,
                5.2453782831022404e-11
            ],
            [
                6.697061666933395e-08,
                3.602097103922695e-08,
                0.11704180403231529,
                0.7399984052474732,
                0.14295968772862386
            ],
            [
                6.443846335043562e-09,
                1.849921044804164e-09,
                9.878761950063654e-10,
