{
    "[['A', 'B', 'C', 'D', 'E'], ['A', 'B', 'C', 'D', 'E']]": [
        [
            [
                0.9999992461465242,
                7.531351092284608e-07,
                1.2356533023954936e-10,
                1.50029941331861e-11,
                5.79798202750125e-10
            ],
            [
                0.9959147239325316,
                0.004085274769709019,
                5.284464839831422e-10,
                6.719384987267303e-10,
                9.737430404515494e-11
            ],
            [
                1.0220345144123924e-07,
                1.8047942572959193e-06,
                0.00023536917983129962,
                0.9700418646231186,
                0.029720859199341337
            ],
            [
                1.4607603435233747e-08,
                4.1784997464502304e-09,
                1.810829915128695e-08,
                0.5954773308865946,
                0.40452263221900303
            ],
            [
                0.7994862171600937,
                0.20051378224222952,
                3.370353933366847e-11,
                3.687273368488741e-10,
                1.9524601560042017e-10
            ]
        ],
        [
            [
                0.9999998833420563,
                1.165573716027234e-07,
                5.925979273291787e-11,
                3.723218332278823e-11,
                4.080056282903515e-12
            ],
            [
                0.017482268913726264,
                0.9544134312245749,
                0.022189547316994726,
                0.005888100681678578,
                2.6651863025500937e-05
            ],
            [
                7.407773319341116e-07,
                0.03810265049263969,
                0.1417385445192125,
                0.7918184344590764,
                0.028339629751739506
            ],
            [
                7.47760824793046e-10,
                1.5512221236530398e-08,
                5.437540390325999e-09,
                0.6028988034100132,
                0.3971011748924643
            ],
            [
                0.9999990014951595,
                9.962236948574028e-07,
                1.903151076636567e-11,
                1.3834856041423397e-10,
                2.123765411669274e-09
            ]
        ],
        [
            [
                0.9989559710304836,
                0.0010440277012851247,
                5.122459503493523e-10,
                1.0141263664184361e-10,
                6.54572611332458e-10
            ],
            [
                0.8994633714105607,
                0.10053656762411306,
                1.7747154187095653e-09,
                5.723665966462042e-08,
                1.9539511230565344e-09
            ],
            [
                4.2122784712203346e-07,
                1.3412815644602356e-06,
                0.9262235763173123,
                0.07376513514633563,
                9.5260269404769e-06
            ],
            [
                4.3526684008201214e-07,
                1.0179695028890246e-07,
                5.649461143684657e-07,
                0.6094849668912943,
                0.390513931098801
            ],
            [
                0.999999997830427,
                2.134679176018667e-09,
                2.403518491770364e-11,
                6.395684692870499e-12,
                4.462877910120767e-12
            ]
        ],
        [
            [
                0.9999421756345449,
                5.782381786700639e-05,
                4.176707650814583e-11,
                2.445416203992466e-10,
                2.612794564966032e-10
            ],
            [
                0.604321913650797,
                0.39567807416164336,
                1.290084056080498e-09,
                1.7396809129754481e-09,
                9.15779465881988e-09
            ],
            [
                2.303813527675404e-11,
                1.5688871163419353e-10,
                0.9999999981544148,
                1.3999350113438928e-09,
                2.657233665815634e-10
            ],
            [
                1.1457710859100393e-08,
                2.622447948147792e-06,
                5.812942475060345e-10,
                0.9124323306691908,
                0.08756503484385597
            ],
            [
                0.999999996472209,
                3.1781509593185934e-09,
                2.845664025798255e-12,
                7.787205274736867e-12,
                3.3900697776529376e-10
            ]
        ],
        [
            [
                0.8072313541722757,
                0.19276864404529748,
                3.948788153480779e-10,
                1.655123242953351e-10,
                1.22203572246241e-09
            ],
            [
                1.664304104922214e-06,
                0.006182369722786472,
                0.02185848634703766,
                0.8127271191534247,
                0.1592303604726463
            ],
            [
                1.448871824941394e-06,
                1.9153064793538874e-06,
                0.2994274246704308,
                0.6555925188250477,
                0.044976692326217184
            ],
            [
                1.4239900736073683e-08,
                1.1422888469839456e-07,
                2.631634755365527e-07,
                0.7879431527905639,
                0.21205645557717512
            ],
            [
                0.9999138816694216,
                8.611805300192726e-05,
                2.0001505347240908e-10,
                2.607695397900435e-11,
                5.1484473226556165e-11
            ]
        ],
        [
            [
                0.9999118469450927,
                8.815278652794905e-05,
                1.3716439006162586e-11,
                1.8318081066395513e-10,
                7.148206797223029e-11
            ],
            [
                0.7192782964984341,
                0.28072164426882484,
                2.4913505667545023e-08,
                8.792997247197581e-09,
                2.5526238105846064e-08
            ],
            [
                1.642198145524988e-08,
                2.905796382317526e-07,
                0.000158460462166639,
                0.7128080017447682,
                0.28703323079144544
            ],
            [
                1.0202405330948762e-08,
                3.049041984832997e-08,
                1.7518944556588052e-07,
                0.7990067116457233,
                0.20099307247200593
            ],
            [
                0.9999997244414411,
                2.7528907653088754e-07,
                1.0963516662353735e-10,
                8.536063937162189e-11,
                7.448650216173978e-11
            ]
        ],
        [
            [
                0.9999999428008113,
                5.6601943380379036e-08,
                2.5016251234105246e-10,
                6.198644493358932e-11,
                2.8509653912344293e-10
            ],
            [
                2.2949632167272138e-07,
                1.5081322205692612e-06,
                0.6971706369483499,
                0.301103188166793,
                0.0017244372563147599
            ],
            [
                3.805589328280367e-09,
                5.954677519000427e-07,
                0.5314763294022178,
                0.29850801244520403,
                0.17001505887923682
            ],
            [
                1.6331215334491827e-08,
                1.7411032674379942e-06,
                6.566203792633488e-07,
                0.6291797765719224,
                0.3708178093732155
            ],
            [
                0.9999990135109007,
                9.799723824076796e-07,
                3.072598185168144e-11,
                2.5795058659584054e-11,
                6.460195797170446e-09
            ]
        ],
        [
            [
                0.9999736595472483,
                2.634028223952858e-05,
                5.26878872960602e-11,
                4.535832105926315e-11,
                7.246604832038459e-11
            ],
            [
                0.7385627806168341,
                0.2614372049347062,
                7.643491650534053e-10,
                9.475975522827429e-09,
                4.2081349592345066e-09
            ],
            [
                4.808025165698352e-07,
                1.063011343514754e-07,
                0.0003015356815536232,
                0.95102772284486,
                0.0486701543699354
            ],
            [
                2.278486478668543e-08,
                8.988600857715935e-09,
                1.0677477760772105e-07,
                0.6436754721559845,
                0.3563243892957722
            ],
            [
                0.9999999384031888,
                6.130153433858466e-08,
                1.8034670399284343e-10,
                1.3375594183706173e-11,
                1.0155450157975501e-10
            ]
        ],
        [
            [
                0.9999999899968012,
                8.323970850179674e-09,
                2.5617684071333154e-12,
                1.1394170592796527e-10,
                1.5627245541115806e-09
            ],
            [
                0.8211522923777145,
                0.17884770241211076,
                7.781725350628403e-10,
                3.872754724278979e-10,
                4.04472664329329e-09
            ],
            [
                3.0859802165951736e-06,
                0.0033535523686288563,
                0.8481913423061008,
                0.14842520168523488,
                2.6817659818690344e-05
            ],
            [
                9.924219393455488e-09,
                1.409259852599289e-08,
                1.897370289658574e-08,
                0.8535000812443215,
                0.14649987576515766
            ],
            [
                0.9999997505153114,
                2.479110703098524e-07,
                1.3598660149854986e-10,
                1.006818009876321e-09,
                4.3081373875969504e-10
            ]
        ],
        [
            [
                0.8537475949439943,
                0.1462524045173871,
                8.410796652958702e-12,
                3.1933659666754787e-11,
                4.982739877896992e-10
            ],
            [
                1.6336159036425616e-06,
                0.006086850171609952,
                0.163900698534844,
                0.8278130971797862,
                0.0021977204978562096
            ],
            [
                3.559977430479888e-08,
                5.964325839318684e-08,
                1.2248536306697088e-05,
                0.6362624614550834,
                0.3637251947655772
            ],
            [
                3.9642783794112915e-07,
                7.5030969471801176e-06,
                1.0248004680362519e-06,
                0.5797824420819083,
                0.4202086335928386
            ],
            [
                0.9989558439731335,
                0.0010441553374255534,
                1.7182250477310146e-10,
                1.1070098437048016e-11,
                5.065483672063392e-10
            ]
        ],
        [
            [
                0.8873910739030216,
                0.11260892372402558,
                7.15261376932352e-10,
                9.119675082556065e-11,
                1.5664946994578717e-09
            ],
            [
                0.00024218901722716443,
                0.9797491386935318,
                0.02000398216931413,
                4.043351690666165e-06,
                6.4676823628022e-07
            ],
            [
                3.975892051573173e-08,
                4.915947775357137e-06,
                3.720188815823367e-05,
                0.8566461731252292,
                0.14331166927991673
            ],
            [
                2.4648196052372585e-09,
                1.4104822186122963e-07,
                1.4395826941512065e-08,
                0.619122017197155,
                0.38087782489397665
            ],
            [
                0.9999999124170891,
                7.914113367954498e-08,
                9.761732926323155e-11,
                5.908048067027021e-11,
                8.285079408915573e-09
            ]
        ],
        [
            [
                0.9997627265628085,
                0.00023726433220850403,
                8.599851311475802e-11,
                6.742995931322173e-10,
                8.344684719935397e-09
            ],
            [
                0.022582794796991188,
                0.9773559342810565,
                5.802083808749325e-05,
                2.960429244494285e-06,
                2.8965462018246464e-07
            ],
            [
                5.891728780359229e-08,
                0.0001365327765789061,
                0.00017534533725630598,
                0.5737813372050874,
                0.42590672576378963
            ],
            [
                1.2327378183756166e-07,
                5.78064801325243e-08,
                3.5965294546376754e-09,
                0.36409211082380266,
                0.6359077044994059
            ],
            [
                0.999928639216811,
                7.135947414200817e-05,
                4.2285760292021183e-10,
                7.708610134241098e-10,
                1.1532825519599182e-10
            ]
        ],
        [
            [
                0.7931671220290244,
                0.20683287711800027,
                4.6141381484524784e-10,
                1.770777929965843e-10,
                2.14483753306016e-10
            ],
            [
                0.964116244339143,
                0.03588375416073275,
                3.356620553662658e-10,
                6.809901154509235e-10,
                4.834720937719341e-10
            ],
            [
                2.2712944048063016e-07,
                0.0021212872438810047,
                0.1835612436455246,
                0.8138169204048797,
                0.0005003215762740935
            ],
            [
                4.321437344394784e-07,
                1.0282972078680213e-07,
                2.0427898161731516e-07,
                0.21149335230813926,
                0.7885059084394239
            ],
            [
                0.999999859502741,
                1.4024765330668692e-07,
                3.1527824055636168e-12,
                1.1917024514633484e-10,
                1.2728270800855748e-10
            ]
        ],
        [
            [
                0.9998956599841605,
                0.00010433175086815863,
                4.2677455681540863e-10,
                1.5109480603690622e-09,
                6.327248754422992e-09
            ],
            [
                0.5888321343250088,
                0.411167852585859,
                7.120389555102218e-09,
                2.1642082408378685e-09,
                3.804534566084346e-09
            ],
            [
                4.44384344572726e-11,
                1.542587126104884e-10,
                0.999999895023886,
                1.0355014682314774e-07,
                1.2272699841035973e-09
            ],
            [
                9.583622687789465e-09,
                2.1429672992529162e-07,
                8.162380095568822e-08,
                0.7500818654787484,
                0.24991782901709803
            ],
            [
                5.152423655453455e-08,
                6.716442491173944e-09,
                2.827365753443356e-09,
                0.5993652918099667,
                0.4006346471219885
            ]
        ],
        [
            [
                0.9879825500478103,
                0.012017449636074888,
                1.3441460596693994e-11,
                3.2575655390766226e-11,
                2.7009772087343594e-10
            ],
            [
                0.6302434603106016,
                0.36975653444092194,
                1.0104939619925544e-09,
                1.2944467461761124e-09,
                2.9435356693176003e-09
            ],
            [
                6.904618743567846e-11,
                6.587862015786261e-10,
                0.9999996414671202,
                3.5480131511249824e-07,
                3.0037323393417388e-09
            ],
            [
                3.1712740978652603e-09,
                2.489875623625615e-09,
                2.734638333696122e-09,
                0.7998218559768588,
                0.20017813562735326
            ],
            [
                5.885322577434027e-07,
                5.2232241947626906e-08,
                1.721723151093836e-09,
                0.8000593598524922,
                0.19993999766128495
            ]
        ],
        [
            [
                0.9999989663640958,
                1.0334695608627776e-06,
                2.1136425550490247e-11,
                4.0987892251289925e-11,
                1.0421898006279081e-10
            ],
            [
                0.21361760721867384,
                0.7863808704441101,
                1.469020358838222e-06,
                3.8705927779244294e-08,
                1.4610929396216092e-08
            ],
            [
                2.5951440548231765e-08,
                4.3044615697385e-06,
                0.9443060201232262,
                0.05554837274941386,
                0.00014127671434971322
            ],
            [
                4.847063228406367e-08,
                7.505207042377762e-07,
                3.0113351691608053e-09,
                0.7849118361540594,
                0.21508736184326901
            ],
            [
                0.9999966591743205,
                3.3404459157781014e-06,
                1.7652519960414807e-10,
                1.9677202563877036e-10,
                6.466470995057136e-12
            ]
        ],
        [
            [
                0.999853324071838,
                0.00014667512774869216,
                5.387711613829728e-10,
                7.798216503321363e-11,
                1.8365999855998677e-10
            ],
            [
                0.589694818915607,
                0.41030516979329823,
                7.491703447987401e-10,
                8.904492351239021e-09,
                1.6374320483522602e-09
            ],
            [
                3.327783775943741e-09,
                7.645190046513299e-07,
                3.477121002633315e-08,
                0.6537892025262041,
                0.3462099948557975
            ],
            [
                1.3596198079144462e-09,
                5.125380192189268e-10,
                2.826168935307567e-10,
                0.6000613253043818,
                0.3999386725408435
            ],
            [
                0.9999996342943397,
                3.656727250132513e-07,
                3.7671842694381104e-12,
                1.7315826003875586e-11,
                1.185230814482017e-11
            ]
        ],
        [
            [
                0.9540275655625379,
                0.04597243307934439,
                2.6947452954915246e-11,
                1.3755727415838384e-10,
                1.1936129958805348e-09
            ],
            [
                5.041327288738921e-06,
                0.01078355242956575,
                0.960718164842479,
                0.028489058877291577,
                4.1825233748676485e-06
            ],
            [
                3.1089636025967064e-07,
                4.668250576947349e-06,
                0.19355921143518848,
                0.8064154758178265,
                2.0333600047859067e-05
            ],
            [
                5.51069259477761e-08,
                1.1263266569998413e-05,
                4.6350364568549294e-07,
                0.8026865995351352,
                0.1973016185877231
            ],
            [
                0.9999991445849623,
                8.548551295790871e-07,
                1.2907401060517236e-11,
                7.780214368521526e-12,
                5.392204174294544e-10
            ]
        ],
        [
            [
                0.9999901659232318,
                9.833744083856391e-06,
                3.723108718491918e-11,
                5.203065126747942e-11,
                2.434227376530862e-10
            ],
            [
                0.8282204837243207,
                0.1717791422247618,
                3.7005094665747306e-08,
                2.8748730654501007e-07,
                4.955851649607667e-08
            ],
            [
                1.2689523048181094e-07,
                8.476497173191354e-05,
                4.0307849659696494e-05,
                0.8746047022694237,
                0.12527009801395422
            ],
            [
                5.408989552203523e-10,
                1.8366812271348766e-08,
                3.369535837931217e-09,
                0.9999996007845986,
                3.769381543957691e-07
            ],
            [
                0.980929991254548,
                0.019070006000164084,
                7.00132402171856e-11,
                1.6763511562840339e-09,
                9.989234696890577e-10
            ]
        ],
        [
            [
                0.9905403093949271,
                0.009459689451435476,
                4.558786110334799e-10,
                1.8068640264468407e-11,
                6.796902180405091e-10
            ],
            [
                0.9970811151831244,
                0.0029188826557590007,
                1.2863586549669074e-09,
                8.661225580694088e-10,
                8.635373671327639e-12
            ],
            [
                2.847802717791858e-09,
                7.416317270699113e-08,
                5.66692665939356e-06,
                0.8024371729876036,
                0.19755708307476147
            ],
            [
                8.41382750967777e-08,
                4.271714364619171e-06,
                5.343017543963663e-07,
                0.40743372153581126,
                0.5925613883097947
            ],
            [
                0.9991833398889676,
                0.0008166593749139447,
                2.45351999525325e-11,
                2.50820170787072e-10,
                4.6076321136269656e-10
            ]
        ],
        [
            [
                0.9999908183883524,
                9.180503128367053e-06,
                8.779412762852878e-11,
                1.7672254740153342e-11,
                1.0030528873091116e-09
            ],
            [
                1.798458490040924e-06,
                0.4098894686715791,
                0.5871505746587683,
                0.0029517285928767497,
                6.429618285674714e-06
            ],
            [
                5.711852022275909e-09,
                3.99189133931956e-08,
                3.1329650559141106e-06,
                0.8014913326376318,
                0.1985054887665468
            ],
            [
                1.4863409373187786e-08,
                1.2001904618808864e-08,
                2.6728803030933978e-08,
                0.8635143868484243,
                0.13648555955745878
            ],
            [
                0.9999998259101028,
                1.736983276237868e-07,
                4.47820617437819e-11,
                2.5038098387386684e-11,
                3.2174940989029115e-10
            ]
        ],
        [
            [
                0.999999848214233,
                1.5062990331769923e-07,
                5.585783989264209e-11,
                2.833561452601877e-11,
                1.0716701546722372e-09
            ],
            [
                0.8513719283055309,
                0.14862805524591838,
                1.303969300145597e-08,
                1.2262866034859129e-09,
                2.1825711375798076e-09
            ],
            [
                2.182514275730778e-08,
                8.613656288595772e-05,
                2.041099291741424e-05,
                0.6943850628320709,
                0.3055083677869829
            ],
            [
                4.084601806110958e-08,
                6.609125996388994e-08,
                7.647880626497888e-07,
                0.5881236452106023,
                0.411875483064057
            ],
            [
                0.9999324440576294,
                6.755561392326705e-05,
                1.8731225724014407e-11,
                6.867559553824014e-11,
                2.410404723768821e-10
            ]
        ],
        [
            [
                0.9999973945376275,
                2.6054091689288566e-06,
                1.1047840293386564e-11,
                2.6810415607756973e-11,
                1.5345308941716596e-11
            ],
            [
                0.20595503934204334,
                0.7940449245478366,
                3.811545111086158e-09,
                2.075626693891924e-08,
                1.154230811137528e-08
            ],
            [
                1.2720699418161689e-08,
                1.4977515551325752e-05,
                1.8393540143229628e-05,
                0.9987931353128656,
                0.0011734809107404247
            ],
            [
                1.2049380333916764e-09,
                6.642690579750451e-08,
                1.811790464376508e-06,
                0.5131187861045095,
                0.48687933447318243
            ],
            [
                0.9698960271535716,
                0.03010397133450137,
                8.774098684417204e-10,
                3.1063948714155164e-10,
                3.2387755301736335e-10
            ]
        ],
        [
            [
                0.9999682428072697,
                3.175346628809331e-05,
                1.401886520637568e-10,
                1.1413244875336353e-10,
                3.47212115135118e-09
            ],
            [
                0.874160215027665,
                0.12583977669252427,
                2.5736815405878524e-09,
                3.7252178252768357e-09,
                1.980911287023701e-09
            ],
            [
                2.059065974967591e-08,
                1.5839971641587808e-08,
                6.980958897687468e-08,
                0.6858680955992857,
                0.31413179816049397
            ],
            [
                3.880097934210981e-08,
                3.639625121962415e-08,
                7.854714919811638e-08,
                0.607305874320183,
                0.3926939719354372
            ],
            [
                0.9999996844702407,
                3.1526423606095656e-07,
                9.137752451320177e-12,
                1.3585054309761908e-10,
                1.2053489691871405e-10
            ]
        ],
        [
            [
                0.999997520102385,
                2.4796266233095343e-06,
                7.93177233449516e-11,
                9.87203858647207e-12,
                1.8180206569023309e-10
            ],
            [
                0.794977843493105,
                0.2050221432171788,
                1.1247392218099388e-09,
                3.6507847503056324e-09,
                8.514192218287884e-09
            ],
            [
                2.7884139457190214e-11,
                3.3922216131203153e-11,
                0.9999999969926365,
                9.463937818696333e-10,
                1.999163326265274e-09
            ],
            [
                1.3329172307001057e-08,
                1.0914637568767987e-09,
                5.3953549412633936e-11,
                0.42959021389843405,
                0.5704097716269764
            ],
            [
                0.9999739927853886,
                2.6006154658871472e-05,
                2.4969952083045507e-10,
                1.4706189857898197e-10,
                6.631912257492218e-10
            ]
        ],
        [
            [
                0.8000020325334979,
                0.19999796682938636,
                1.21839436123718e-10,
                3.798549511069624e-11,
                4.772907399034709e-10
            ],
            [
                0.5356707222219618,
                0.4643292099836551,
                1.1725668682384647e-08,
                1.1906754942064669e-08,
                4.416195933250836e-08
            ],
            [
                3.64191607942623e-08,
                3.342222786885354e-08,
                2.9385017284808625e-06,
                0.5769156595173522,
                0.42308133213953053
            ],
            [
                1.3055631743391873e-08,
                1.4759752762050881e-05,
                1.7401799197171224e-07,
                0.7947123919081159,
                0.20527266126549829
            ],
            [
                0.999999647664784,
                3.5208283989005655e-07,
                7.97152484048005e-11,
                1.2758685441217205e-11,
                1.599022306159885e-10
            ]
        ],
        [
            [
                0.9998580567635236,
                0.00014194281900123588,
                5.163121283544537e-12,
                1.344967275975999e-10,
                2.77815369844661e-10
            ],
            [
                3.827694251708892e-07,
                0.10553520128386568,
                0.00012998977282487374,
                0.6744593070917936,
                0.21987511908209068
            ],
            [
                1.2658068935343278e-07,
                1.5503958748480808e-06,
                0.03828937209186941,
                0.878634508155493,
                0.0830744427760734
            ],
            [
                4.4711749814366254e-08,
                6.464041764088401e-05,
                4.3941195382292155e-07,
                0.6390906550550731,
                0.36084422040358244
            ],
            [
                0.992532596012967,
                0.007467402135082268,
                4.726013312060013e-10,
                2.073118103309409e-11,
                1.3586182950537779e-09
            ]
        ],
        [
            [
                0.9599176444749545,
                0.04008235450303578,
                1.7150583975412745e-10,
                3.3634327615507455e-10,
                5.141604957571409e-10
            ],
            [
                0.6813661920687599,
                0.3186338035201792,
                1.3991255944908032e-09,
                4.795173457568335e-10,
                2.5324179934135008e-09
            ],
            [
                5.038298174988997e-08,
                3.4275472838932597e-06,
                0.003901064531326545,
                0.945606562027526,
                0.05048889551088171
            ],
            [
                1.8970248023951223e-10,
                3.7697369292304e-09,
                2.1597095106470664e-09,
                0.6000065965600356,
                0.39999339732081546
            ],
            [
                0.999982418747629,
                1.7580790710486007e-05,
                1.1560976018153354e-10,
                2.7851505995958427e-10,
                6.753549647902955e-11
            ]
        ],
        [
            [
                0.999998413880854,
                1.5854837223179477e-06,
                3.647352197597943e-11,
                3.695661045597207e-10,
                2.293840188413155e-10
            ],
            [
                0.000536453121225683,
                0.9429457698712959,
                0.0478566071526331,
                0.008656339878509287,
                4.829976336077436e-06
            ],
            [
                1.3809958118590974e-08,
                1.645938527158752e-06,
                9.010560867078258e-07,
                0.6058677706549379,
                0.3941296685404901
            ],
            [
                6.431422641857876e-09,
                2.5925547191854017e-06,
                2.5385851184568676e-08,
                0.20082725523017264,
                0.7991701203978344
            ],
            [
                0.9999742851707284,
                2.571354633688601e-05,
                1.2504176399182787e-10,
                1.8194757400841398e-11,
                1.139698189029058e-09
            ]
        ],
        [
            [
                0.9999582950939067,
                4.170462212384574e-05,
                1.7214403000010316e-10,
                1.5094112882677654e-11,
                9.673137583681075e-11
            ],
            [
                0.8315148012341282,
                0.168485173909602,
                9.139181433621873e-09,
                1.343881628014457e-08,
                2.278272175972134e-09
            ],
            [
                3.8117354731067424e-08,
                1.0656881043000935e-06,
                0.9931631563956462,
                0.006832772425089849,
                2.967373804803543e-06
            ],
            [
                1.1451404475713335e-08,
                9.52262824753704e-09,
                2.7479442202177883e-08,
                0.21513029358385094,
                0.7848696579626742
            ],
            [
                1.0923601949831965e-08,
                9.920707286067985e-09,
                3.1110180793258677e-09,
                0.724412330279,
                0.2755876457656727
            ]
        ],
        [
            [
                0.9996977857116074,
                0.0003022106584486333,
                5.85166775554844e-11,
                4.512139518856657e-10,
                3.1202134891576087e-09
            ],
            [
                0.0028635222568340985,
                0.9826379294770874,
                0.014467431331690542,
                3.0763446711877257e-05,
                3.534876759914364e-07
            ],
            [
                2.75337329192291e-07,
                0.00012373323019125538,
                0.9980961902673362,
                0.0017680806922593128,
                1.1720472884031754e-05
            ],
            [
                2.0003315795666346e-08,
                4.657202860145185e-09,
                2.0987978390986807e-08,
                0.7761281286167225,
                0.22387182573478034
            ],
            [
                0.9999999994051889,
                5.547904580001106e-10,
                2.4201574725329697e-11,
                1.369087382174818e-11,
                2.1283589951870398e-12
            ]
        ],
        [
            [
                0.9999992146874858,
                7.850906874320187e-07,
                7.864759687505541e-11,
                5.430005141985875e-12,
                1.3774917261973667e-10
            ],
            [
                7.799583054790251e-07,
                0.02907966468839654,
                0.013901177452088194,
                0.956907086928942,
                0.00011129097226781335
            ],
            [
                7.853188884329954e-10,
                1.746802196854312e-09,
                1.2796025944901955e-07,
                0.8000859018425522,
                0.1999139676650672
            ],
            [
                8.397524108418844e-08,
                3.3460500242826082e-09,
                6.889286886432796e-09,
                0.7641406771008747,
                0.2358592286885472
            ],
            [
                0.802805656746759,
                0.19719434299637809,
                1.50984479114674e-10,
                7.42550855927353e-11,
                3.162344782699995e-11
            ]
        ],
        [
            [
                0.9962921684314694,
                0.0037078312956429355,
                1.8032734941818876e-10,
                1.966804829968615e-11,
                7.289232145119057e-11
            ],
            [
                0.7117824228393331,
                0.2882173718840187,
                3.428743288216627e-08,
                1.5779485850817832e-07,
                1.3194356964837077e-08
            ],
            [
                1.5527739879948458e-07,
                1.1019802026890963e-05,
                0.9857663813689678,
                0.014216241835687588,
                6.201715918908797e-06
            ],
            [
                6.397077423696144e-09,
                6.717896835531255e-05,
                1.738758140814403e-07,
                0.7043574773342957,
                0.2955751634244576
            ],
            [
                0.9999996246127083,
                3.527516416667367e-07,
                1.8666048796868568e-11,
                1.0639626597623393e-10,
                2.251058773419198e-08
            ]
        ],
        [
            [
                0.9999593100478426,
                4.06899026456706e-05,
                1.1855221365553476e-11,
                2.910991795804428e-11,
                8.546664635371585e-12
            ],
            [
                0.5368609188768674,
                0.463139049054555,
                1.1496155471914407e-08,
                1.3740430450374261e-08,
                6.831991599959432e-09
            ],
            [
                3.131221348826944e-08,
                1.7653278504101142e-06,
                3.690674760539715e-05,
                0.9624800075620553,
                0.03748128905027544
            ],
            [
                1.0143727505521335e-07,
                1.1158992703214765e-08,
                4.188301947710659e-08,
                0.3822730166239761,
                0.6177268288967366
            ],
            [
                0.9997660899555821,
                0.00023390958739551046,
                4.364274742278068e-11,
                3.684910657526854e-10,
                4.4888851455768726e-11
            ]
        ],
        [
            [
                0.9991652260489493,
                0.0008347718810480009,
                6.499284229278687e-10,
                7.201867326578917e-10,
                6.998874689061075e-10
            ],
            [
                0.9174663259957289,
                0.08253365592896325,
                6.539852669671101e-09,
                3.5602491582578066e-09,
                7.975206140149165e-09
            ],
            [
                7.841189939786304e-07,
                0.007661289096681625,
                0.13648166548341753,
                0.8545078440098319,
                0.0013484172910749924
            ],
            [
                1.3762547122816707e-10,
                7.738975668201443e-10,
                3.48349364558416e-08,
                0.9462115299547829,
                0.05378843429875761
            ],
            [
                3.339335279672074e-06,
                1.250784654539086e-08,
                5.588328974128432e-09,
                0.8000716560118871,
                0.19992498655665772
            ]
        ],
        [
            [
                0.9999640225146516,
                3.597715875555601e-05,
                1.2012427093683472e-10,
                1.5458612652902083e-10,
                5.18826465125966e-11
            ],
            [
                0.7331291946434579,
                0.26687032230381214,
                7.722729016733229e-08,
                3.2686479035827485e-08,
                3.731389606226844e-07
            ],
            [
                3.5285976185981767e-09,
                2.962858433901255e-07,
                1.1780988854498067e-05,
                0.7731363826631522,
                0.2268515365335523
            ],
            [
                4.910820420713415e-07,
                8.6077735498912e-05,
                2.6845711749073497e-06,
                0.7907917878103333,
