{
    "[['A', 'B', 'C', 'D', 'E'], ['A', 'B', 'C', 'D', 'E']]": [
        [
            [
                0.9999999998694336,
                1.154209766185337e-10,
                3.3782203740589966e-13,
                7.597779212364007e-12,
                7.210028738499841e-12
            ],
            [
                0.9999993444692091,
                6.5544768895163e-07,
                3.078382482082849e-11,
                3.845221324397899e-11,
                1.3865912509286822e-11
            ],
            [
                1.825631323938743e-11,
                1.3004737704338124e-10,
                0.999999998454085,
                1.1313170107986215e-09,
                2.6629432914141984e-10
            ],
            [
                1.049325489277964e-09,
                5.764162219959416e-10,
                7.702960387844559e-10,
                0.7766277341433308,
                0.2233722634606315
            ],
            [
                1.4041527988992025e-08,
                1.937106340723186e-07,
                5.441043986926384e-09,
                0.7168966184748643,
                0.2831031683319297
            ]
        ],
        [
            [
                0.9879823738247412,
                0.012017624756088995,
                5.834652619200705e-10,
                2.829855144962075e-10,
                5.527189794217964e-10
            ],
            [
                0.9848283642697752,
                0.015171635278943715,
                8.041513438582797e-11,
                2.654267246623078e-10,
                1.054392897891033e-10
            ],
            [
                4.634555441098851e-07,
                1.7608746387757287e-06,
                0.007849759864024858,
                0.9144858554704086,
                0.07766216033538374
            ],
            [
                2.371540355516282e-09,
                8.293522387588124e-08,
                2.2459852830247758e-08,
                0.6115685269005167,
                0.3884313653328664
            ],
            [
                2.225638013235133e-10,
                6.852810406945137e-10,
                6.582765669256574e-10,
                0.5872575826786756,
                0.4127424157552031
            ]
        ],
        [
            [
                0.9999999980589,
                1.6614893673537211e-09,
                1.0532241251436165e-10,
                1.992661931407629e-11,
                1.5436133619113364e-10
            ],
            [
                0.9913800406751156,
                0.008619958553239578,
                1.9701168154969974e-11,
                4.796377067382038e-10,
                2.723059263695208e-10
            ],
            [
                2.2353985952183824e-06,
                7.230740112207789e-05,
                0.703112356935974,
                0.29339565706783516,
                0.003417443196473559
            ],
            [
                1.141206552538433e-09,
                9.957043688186732e-10,
                1.7928916425397339e-09,
                0.7760142147394197,
                0.22398578133077782
            ],
            [
                3.9781056527074503e-10,
                5.735155015080981e-10,
                5.184429015852195e-09,
                0.5997316509842248,
                0.40026834286002017
            ]
        ],
        [
            [
                0.9999999999896636,
                6.584018227956981e-12,
                9.688139376487348e-13,
                9.578384947078584e-13,
                1.8255688106865345e-12
            ],
            [
                0.8444877656725577,
                0.15551223362582714,
                1.605885943364305e-10,
                4.673400920535581e-10,
                7.368646692802354e-11
            ],
            [
                1.1200310076078186e-11,
                4.698702285559115e-12,
                0.9999999999637503,
                1.5637062056354562e-11,
                4.713578535012443e-12
            ],
            [
                1.9508012848259345e-09,
                1.4121072141195923e-08,
                9.361026261160529e-09,
                0.6016521452949394,
                0.39834782927216095
            ],
            [
                8.580693682520212e-10,
                1.8263620423988855e-09,
                1.0332727987287447e-08,
                0.5982024409673474,
                0.4017975460154931
            ]
        ],
        [
            [
                0.9999999652999098,
                3.364867335184992e-08,
                4.23945954919539e-11,
                1.752430443966133e-11,
                9.914980016831549e-10
            ],
            [
                0.9960855754223951,
                0.0039144230487445026,
                6.539539850345998e-11,
                8.467034113632028e-10,
                6.167616497439841e-10
            ],
            [
                4.143522018891504e-12,
                1.5822507884237654e-11,
                0.9999999999558205,
                2.0238370721732018e-11,
                3.974961958021542e-12
            ],
            [
                1.8519961531466284e-08,
                2.9645685531531833e-09,
                4.025990897389224e-09,
                0.8783367529318475,
                0.12166322155763153
            ],
            [
                2.873494987239973e-09,
                4.192204932626229e-09,
                3.309790442773966e-08,
                0.9688455893822419,
                0.03115437045415373
            ]
        ],
        [
            [
                0.999999042939481,
                9.570215461275487e-07,
                2.6849074739646016e-11,
                7.622329539164272e-13,
                1.1361419731763625e-11
            ],
            [
                0.9999906421036842,
                9.357606589562475e-06,
                1.4030402374054469e-10,
                1.1777748477992092e-10,
                3.1644824582685746e-11
            ],
            [
                1.3648583719392657e-07,
                4.687886559989603e-06,
                0.9963557868255949,
                0.003638980025055744,
                4.0877695229982726e-07
            ],
            [
                1.2703540633975509e-08,
                3.4816790193718817e-08,
                6.621912721451216e-08,
                0.6614330802248213,
                0.33856680603572065
            ],
            [
                1.2882729171046703e-09,
                8.011697564123659e-10,
                1.3303231256715091e-09,
                0.22273755564978306,
                0.7772624409304512
            ]
        ],
        [
            [
                0.9999849827689961,
                1.501691839229652e-05,
                2.2833619789482758e-10,
                3.144103239029555e-11,
                5.2834400043369603e-11
            ],
            [
                0.999997394739307,
                2.6051389188993603e-06,
                5.836045077113785e-11,
                4.7553515827469706e-11,
                1.586005121680456e-11
            ],
            [
                4.639007878564803e-12,
                2.391535074118872e-12,
                0.9999999999362885,
                3.594411787703472e-11,
                2.073679034864395e-11
            ],
            [
                3.4006786232038144e-09,
                2.678305101130258e-09,
                2.9835634677398307e-09,
                0.78734953151193,
                0.21265045942552294
            ],
            [
                2.402430953237476e-09,
                4.948792607339645e-08,
                1.7952587721994368e-09,
                0.20524442103461943,
                0.7947555252797648
            ]
        ],
        [
            [
                0.9999999950592031,
                4.920485321424191e-09,
                7.145761601955401e-12,
                4.549293643975389e-12,
                8.616389832437074e-12
            ],
            [
                0.9999979957350674,
                2.003200157987734e-06,
                9.96426247818012e-10,
                2.170682229365858e-11,
                4.6641558727127464e-11
            ],
            [
                4.1529114314361115e-08,
                9.504691479825937e-08,
                0.3996714541134934,
                0.5989619843235647,
                0.0013664249869127154
            ],
            [
                1.0538543376159858e-09,
                1.0518949550083657e-08,
                8.689628491834378e-10,
                0.4302814202203113,
                0.5697185673379219
            ],
            [
                2.616021992061037e-10,
                1.089501539615131e-09,
                8.521547464786586e-10,
                0.7975835795284496,
                0.20241641826829193
            ]
        ],
        [
            [
                0.9999990406975213,
                9.592531568220122e-07,
                1.6904325490595645e-11,
                1.0990371575981538e-11,
                2.1427173736885358e-11
            ],
            [
                0.9993225194784123,
                0.0006774802491125903,
                5.127951585363474e-11,
                1.149470816315282e-10,
                1.0624842792162025e-10
            ],
            [
                1.3244890648534178e-08,
                1.932436821715573e-05,
                0.9999798552191481,
                8.049300229741454e-07,
                2.2377211684659175e-09
            ],
            [
                5.988099376679571e-09,
                1.2797901542267627e-08,
                3.3630492219306116e-09,
                0.43726025178326494,
                0.5627397260676849
            ],
            [
                7.886579488983147e-09,
                5.580693049391493e-08,
                3.035946088239463e-08,
                0.6951087167227584,
                0.3048911892242707
            ]
        ],
        [
            [
                0.9999999981143528,
                1.7507652130944038e-09,
                3.0798825087437985e-12,
                1.215018228079184e-10,
                1.0300040147531147e-11
            ],
            [
                0.9999998332399122,
                1.6663826964538933e-07,
                2.0005026505337594e-12,
                2.77609361061595e-11,
                9.205683715756298e-11
            ],
            [
                1.408048052727333e-06,
                3.7906000125435845e-06,
                0.24813667690184218,
                0.6642667267265646,
                0.08759139772352789
            ],
            [
                7.719634879174396e-10,
                1.0739710391355177e-09,
                1.2112787555575874e-10,
                0.41880064545879064,
                0.5811993525741469
            ],
            [
                6.462533434598523e-11,
                1.1331059866445362e-09,
                6.348872593870973e-10,
                0.5907532286965019,
                0.40924676947087946
            ]
        ],
        [
            [
                0.9999965544578426,
                3.445392043842587e-06,
                1.1837916679518396e-11,
                9.234775706189195e-11,
                4.592777916166192e-11
            ],
            [
                0.801673720935989,
                0.19832627794412358,
                1.6060178571165872e-10,
                5.1127066114076893e-11,
                9.08158563260017e-10
            ],
            [
                6.358464655979249e-07,
                7.324287431359091e-06,
                0.5016377899058071,
                0.45575207535680945,
                0.04260217460348634
            ],
            [
                1.614715517188301e-09,
                5.638299611999771e-10,
                6.549340609099809e-10,
                0.9876984265589404,
                0.012301570607580128
            ],
            [
                1.6888062609165547e-10,
                1.7389585248603447e-10,
                1.0076948627534493e-09,
                0.453797741786237,
                0.5462022568632916
            ]
        ],
        [
            [
                0.999995694180277,
                4.305753995496131e-06,
                1.6040182787010121e-12,
                4.8922745794754666e-11,
                1.520056914475603e-11
            ],
            [
                0.9964026304063658,
                0.003597369035197841,
                3.7350516157504604e-11,
                4.6250071569641545e-11,
                4.748356135249524e-10
            ],
            [
                6.468609274435277e-08,
                1.579942034651307e-07,
                0.007101959959652161,
                0.9889798312262407,
                0.0039179861338108895
            ],
            [
                2.2579559407987537e-10,
                5.816567329794083e-09,
                5.059745258328642e-09,
                0.8065365561310368,
                0.19346343276685515
            ],
            [
                6.108717823411863e-10,
                3.127340156138532e-09,
                1.1865419268014487e-09,
                0.38202187960668277,
                0.6179781154685634
            ]
        ],
        [
            [
                0.9998889548497538,
                0.00011104488628440603,
                7.301589171343553e-11,
                1.448335379752409e-11,
                1.7646253623830602e-10
            ],
            [
                0.9999983416238494,
                1.658355244124073e-06,
                2.3316871361562448e-12,
                1.7262794087956154e-11,
                1.3120400535257737e-12
            ],
            [
                2.6820544868074693e-07,
                4.494516916907224e-05,
                0.19154994886983392,
                0.8083667591175326,
                3.807863801568418e-05
            ],
            [
                7.678800847438759e-10,
                5.288423178967202e-10,
                7.375458514071684e-09,
                0.599924400575719,
                0.4000755907521001
            ],
            [
                3.646047427171503e-10,
                1.6835886569117665e-10,
                3.9940328043855845e-11,
                0.5941077306547888,
                0.40589226877230716
            ]
        ],
        [
            [
                0.9999115640012308,
                8.843588046355728e-05,
                1.2133618494529692e-11,
                7.424799925058778e-11,
                3.1924024837757294e-11
            ],
            [
                0.9995053455310561,
                0.0004946542162462744,
                1.3373308421670705e-11,
                4.145259761083103e-11,
                1.978717771333895e-10
            ],
            [
                3.712355616452035e-09,
                8.565033034507059e-08,
                6.335486357244303e-07,
                0.695860783322753,
                0.3041384937659252
            ],
            [
                3.141316327843746e-09,
                7.860507481151188e-08,
                5.041606826098151e-09,
                0.5960684210825116,
                0.40393149212949053
            ],
            [
                3.084388702548319e-09,
                1.1317148567404989e-09,
                8.178148856647921e-10,
                0.5993080307802031,
                0.4006919641858784
            ]
        ],
        [
            [
                0.9999957101931857,
                4.289467609778287e-06,
                3.027081868398744e-11,
                2.898785839088945e-10,
                1.905525199629653e-11
            ],
            [
                0.9999999502262804,
                4.975702517778949e-08,
                8.589725074471335e-12,
                2.1857278798385544e-12,
                5.918948034124484e-12
            ],
            [
                1.0538680203786604e-08,
                6.29068892027896e-07,
                0.9999986454581422,
                6.214767323794384e-07,
                9.345755318244195e-08
            ],
            [
                1.6709032253918357e-09,
                1.1229753593128245e-08,
                1.1322849857036229e-08,
                0.8005577590233962,
                0.19944221675309717
            ],
            [
                1.3108753538878716e-10,
                2.347455815506668e-09,
                1.5936804000013656e-09,
                0.5488086074643906,
                0.4511913884633855
            ]
        ],
        [
            [
                0.9999979734542439,
                2.0265372776119788e-06,
                4.406415193404042e-12,
                2.736724861030109e-12,
                1.3354349006177366e-12
            ],
            [
                0.8442307061383214,
                0.15576929331562628,
                1.0931479049836561e-10,
                3.871800543427336e-10,
                4.9557500123124295e-11
            ],
            [
                1.4060861228963261e-12,
                9.94535844785549e-12,
                0.9999999999781266,
                7.438943194967961e-12,
                3.0831378811801763e-12
            ],
            [
                7.487116307770673e-11,
                1.6486881602653224e-10,
                7.544777045353532e-11,
                0.40004021745843216,
                0.5999597822263801
            ],
            [
                4.054330862268897e-10,
                4.251802259202131e-09,
                7.911118967038345e-09,
                0.43893167924670173,
                0.561068308184944
            ]
        ],
        [
            [
                0.9982845022931696,
                0.0017154976229843486,
                2.3741113187019103e-11,
                5.5982005951602475e-11,
                4.12289500134254e-12
            ],
            [
                0.9991843925391848,
                0.0008156072506505105,
                2.1978311378909737e-11,
                1.0555554607815082e-10,
                8.26308358392798e-11
            ],
            [
                1.3522672665937055e-11,
                2.0271339243452052e-11,
                0.9999999999247713,
                3.1039876139404616e-11,
                1.0394687460896013e-11
            ],
            [
                1.256457480843121e-07,
                5.193291492664427e-07,
                9.146000844702007e-05,
                0.9742799094525002,
                0.025627985564155405
            ],
            [
                1.309329525358621e-08,
                3.7004297279652098e-09,
                2.505663609557795e-09,
                0.7806083087465436,
                0.21939167195406775
            ]
        ],
        [
            [
                0.9997471578516851,
                0.00025284201007398253,
                4.2766359554445336e-14,
                5.7541066580683275e-11,
                8.065702063665214e-11
            ],
            [
                0.7200357296993402,
                0.27996426887848025,
                6.936169589211681e-10,
                2.9966228804062295e-10,
                4.289003810792555e-10
            ],
            [
                2.5757748171388075e-08,
                3.071889113827829e-07,
                0.9992191947078127,
                0.0007283152787715858,
                5.215706675617647e-05
            ],
            [
                4.309195469371597e-10,
                1.7906974575019322e-09,
                9.773058166782554e-09,
                0.7927717431594284,
                0.20722824484589636
            ],
            [
                3.1585445591819307e-10,
                7.965598434538407e-10,
                2.0954208493244607e-09,
                0.9542089883253867,
                0.04579100846677821
            ]
        ],
        [
            [
                0.9999965796957764,
                3.420281498018779e-06,
                6.90796956554997e-12,
                7.169139442731179e-12,
                8.648510070112938e-12
            ],
            [
                0.9999999720299323,
                2.7933468645078193e-08,
                3.1809279906853785e-11,
                3.134396933350445e-12,
                1.6553028556116426e-12
            ],
            [
                4.0628833999267945e-07,
                2.36830819377325e-06,
                0.2672366100445047,
                0.7044153041956105,
                0.02834531116335099
            ],
            [
                1.348039022758658e-09,
                8.796338409833298e-08,
                2.4525347423834804e-08,
                0.8057753557633599,
                0.19422453039986956
            ],
            [
                5.90716640508512e-09,
                5.051608289776767e-10,
                7.784424496649152e-10,
                0.7650544964456021,
                0.23494549636362833
            ]
        ],
        [
            [
                0.9999929158414932,
                7.080010477153259e-06,
                2.3062140736367797e-11,
                1.991615549961777e-10,
                3.925806094211811e-09
            ],
            [
                0.9859185261496836,
                0.014081472638030949,
                9.41966587284019e-11,
                5.290478347092385e-10,
                5.890409609295316e-10
            ],
            [
                6.25310513480871e-12,
                9.235263775724608e-12,
                0.9999999999686311,
                1.3937697025087641e-11,
                1.9428449560067977e-12
            ],
            [
                1.0157332020245158e-09,
                2.2294857541767818e-10,
                3.1954908538994816e-09,
                0.42765097978928973,
                0.5723490157765376
            ],
            [
                1.5728463037154859e-09,
                4.550594282595882e-09,
                2.953882387562772e-10,
                0.5890455347667312,
                0.4109544588144401
            ]
        ],
        [
            [
                0.9999850299807773,
                1.496992275139836e-05,
                8.372164970920532e-12,
                2.487604842141203e-11,
                6.32229452394766e-11
            ],
            [
                0.9999999897735378,
                1.0196769500095196e-08,
                4.565031524228079e-12,
                2.023784533952809e-11,
                4.889859463929549e-12
            ],
            [
                9.872414067795005e-11,
                5.32829402897692e-08,
                0.9999591938120304,
                4.074891457002111e-05,
                3.891735208033738e-09
            ],
            [
                1.9571867975412932e-08,
                2.745903973006421e-07,
                1.1226871127769004e-06,
                0.9810271680408115,
                0.018971415109810482
            ],
            [
                2.8459368755399104e-10,
                5.712762522148085e-10,
                3.0243281134945867e-09,
                0.7893368404236161,
                0.21066315569618588
            ]
        ],
        [
            [
                0.9997651310181956,
                0.0002348688306897594,
                3.279413019472196e-11,
                2.6183040787016994e-11,
                9.213757012699682e-11
            ],
            [
                0.9999937468347634,
                6.252469161245908e-06,
                6.336269459511275e-10,
                1.0468053553220907e-11,
                5.198035709147932e-11
            ],
            [
                2.1954264018947514e-07,
                5.732203779061948e-05,
                0.9997047034530561,
                0.00023436453540237777,
                3.3904311107093462e-06
            ],
            [
                1.2691209873196691e-11,
                1.1767719676656886e-09,
                1.4276664592347135e-08,
                0.9243839699363308,
                0.07561601459754144
            ],
            [
                4.3255475990715056e-10,
                3.2853006304294265e-11,
                2.0916396281911684e-11,
                0.5980878220530685,
                0.4019121774606072
            ]
        ],
        [
            [
                0.9997660911625311,
                0.00023390786043232272,
                5.599378267804077e-12,
                1.6703062931678476e-11,
                9.547339953836867e-10
            ],
            [
                0.9941347864939414,
                0.005865213202427559,
                5.500594554173813e-11,
                2.34544982636035e-10,
                1.4080272892663245e-11
            ],
            [
                1.5104113556926446e-08,
                1.5247564873275394e-06,
                0.9995840165741051,
                0.00041438208260847126,
                6.148268549962314e-08
            ],
            [
                9.318645305401413e-10,
                2.4450630770091114e-08,
                3.746446331823413e-07,
                0.9999759124182325,
                2.3687554638965834e-05
            ],
            [
                3.7029939360480814e-09,
                1.637767735752346e-09,
                7.320103154044898e-11,
                0.5116751944802184,
                0.4883248001058189
            ]
        ],
        [
            [
                0.999999997724434,
                2.160964775691956e-09,
                6.895153144352007e-12,
                2.8144432753332768e-12,
                1.0489172079858999e-10
            ],
            [
                0.9124352193477587,
                0.08756478038929719,
                1.4281256322120336e-10,
                2.2878293603055124e-11,
                9.725330146653635e-11
            ],
            [
                5.106076132055297e-08,
                2.4018080179183135e-06,
                0.9974781104026799,
                0.002497808852676769,
                2.162787586416702e-05
            ],
            [
                3.600739210275983e-09,
                9.72732944297928e-10,
                2.6830046880728995e-09,
                0.9634613136284438,
                0.03653867911507931
            ],
            [
                2.3271767498850277e-10,
                2.2093073752274777e-09,
                4.470345813263304e-09,
                0.8022395893832114,
                0.19776040370441772
            ]
        ],
        [
            [
                0.9999966580007614,
                3.340943515225567e-06,
                6.014862523684176e-11,
                6.360991922804881e-12,
                9.892136854589762e-10
            ],
            [
                0.999889441578486,
                0.00011055823684846362,
                9.013780864708082e-13,
                1.331867415449891e-10,
                5.057741992427067e-11
            ],
            [
                1.4589230060188767e-05,
                0.03074143702820792,
                0.7914132964976293,
                0.17770738802630823,
                0.00012328921779431967
            ],
            [
                1.0853601104161163e-08,
                3.317404452615423e-09,
                1.3394136436305746e-08,
                0.8013566641082681,
                0.19864330832658988
            ],
            [
                1.1037706538070516e-09,
                4.371332513203741e-10,
                2.2802477520356e-09,
                0.7623726921721865,
                0.23762730400666177
            ]
        ],
        [
            [
                0.9999944836216348,
                5.51605513536482e-06,
                1.5632177967719285e-11,
                6.188906621504083e-11,
                2.45708561160797e-10
            ],
            [
                0.9996146515275783,
                0.0003853481129775439,
                1.0300713981524255e-10,
                1.077115913009482e-10,
                1.4872538246008245e-10
            ],
            [
                6.450443197455414e-09,
                1.404369929910019e-09,
                0.999999925529111,
                5.3446646382839e-09,
                6.1271411276926e-08
            ],
            [
                8.979173378568197e-10,
                1.3140657444893406e-09,
                5.239420472871583e-10,
                0.7573905329224916,
                0.24260946434158326
            ],
            [
                3.546331917886766e-10,
                2.003774325459213e-10,
                1.939594907196536e-10,
                0.5755227062693711,
                0.42447729298165876
            ]
        ],
        [
            [
                0.9999999934391255,
                6.525492631716842e-09,
                1.0661014454041032e-11,
                5.81295636762418e-12,
                1.890794634369015e-11
            ],
            [
                0.9999996431426671,
                3.5661756462305354e-07,
                1.6530692394969646e-11,
                9.221070443322381e-13,
                2.2231550841081233e-10
            ],
            [
                2.5072316231008717e-08,
                0.00022837493138169504,
                0.9938961815811255,
                0.0058743991311182315,
                1.0192840582617108e-06
            ],
            [
                1.489767617441499e-11,
                8.153808326439124e-10,
                7.426414876451449e-10,
                0.39558515967519287,
                0.6044148387518872
            ],
            [
                7.08732755906776e-11,
                1.966160993109424e-10,
                1.543082495664149e-09,
                0.38799258028803546,
                0.6120074179013928
            ]
        ],
        [
            [
                0.9997660967908829,
                0.00023390305823512336,
                1.1903857908549451e-11,
                1.1197651399247975e-10,
                2.7001661901072863e-11
            ],
            [
                0.9999329022777502,
                6.709765268060093e-05,
                2.313217920325747e-11,
                3.570335555024275e-11,
                1.0733727612284142e-11
            ],
            [
                2.428909136872549e-12,
                5.909399686788473e-12,
                0.999999999982969,
                5.555721907815906e-12,
                3.1371569661973445e-12
            ],
            [
                5.432566917976728e-10,
                5.102105352992747e-10,
                2.004240793676827e-08,
                0.4751074939469343,
                0.5248924849571905
            ],
            [
                8.566704591434764e-10,
                3.49859577372405e-10,
                4.327220053200489e-09,
                0.975043989042276,
                0.024956005423973863
            ]
        ],
        [
            [
                0.9993563826671984,
                0.0006436170015231233,
                9.648256073681378e-11,
                9.665929420242531e-11,
                1.3813649966765863e-10
            ],
            [
                0.9999751186896522,
                2.4881054227091717e-05,
                1.4426073262737248e-10,
                1.0130283753701567e-11,
                1.0172977845438212e-10
            ],
            [
                1.5854056440914362e-07,
                0.13647139082480209,
                0.862889372161784,
                0.0006389143522723358,
                1.6412057726773504e-07
            ],
            [
                8.774196175458585e-10,
                3.4218997673411296e-09,
                4.468246930015227e-09,
                0.7890869682615158,
                0.2109130229709179
            ],
            [
                4.706982805045171e-10,
                3.224594905635137e-09,
                2.5431862334160853e-09,
                0.7844587086529711,
                0.21554128510854947
            ]
        ],
        [
            [
                0.9999999946256752,
                1.7094818272661131e-09,
                1.9144242264321947e-11,
                3.5270093723611145e-12,
                3.6421716149147048e-09
            ],
            [
                0.999999990251126,
                9.733377680880178e-09,
                3.6204360859850644e-12,
                4.388492800774376e-12,
                7.487412159808855e-12
            ],
            [
                6.063495234210996e-07,
                1.1559610483578298e-05,
                0.6825222186646903,
                0.3167385038757193,
                0.0007271114995833687
            ],
            [
                4.0529368613303414e-10,
                4.77648125061817e-10,
                2.2920166737163189e-10,
                0.8003837537949517,
                0.19961624509290474
            ],
            [
                6.123058023333986e-10,
                6.491947489209461e-10,
                5.896605543350908e-11,
                0.597772084618079,
                0.40222791406145453
            ]
        ],
        [
            [
                0.9999999981884862,
                1.7989457502996025e-09,
                5.7567524964654975e-12,
                4.433858423879776e-12,
                2.377572497683037e-12
            ],
            [
                0.8057458261969901,
                0.19425417207859266,
                1.444627995844932e-10,
                6.535222646634229e-10,
                9.264322792553205e-10
            ],
            [
                3.86861059527889e-12,
                1.133098517421573e-11,
                0.9999999999738063,
                9.288275422698234e-12,
                1.7056608288883346e-12
            ],
            [
                1.4920800070637426e-09,
                3.191644230754395e-09,
                3.093597984761801e-09,
                0.7847969833727284,
                0.21520300884994945
            ],
            [
                1.321507123436285e-10,
                4.170609222489338e-10,
                2.1075932335923237e-09,
                0.39555285918849736,
                0.6044471381546977
            ]
        ],
        [
            [
                0.9999883186530624,
                1.1681191766004411e-05,
                1.0255909526646259e-10,
                2.449121090972878e-11,
                2.8121276326232158e-11
            ],
            [
                0.9999996457151598,
                3.5421653460613136e-07,
                3.2392300119347306e-11,
                9.531507459017977e-12,
                2.638194760858081e-11
            ],
            [
                2.1379188846575622e-10,
                7.194638501576574e-09,
                3.885778853368505e-09,
                0.993777234577837,
                0.006222754127953838
            ],
            [
                1.3630238695242477e-09,
                4.1654574633767254e-09,
                6.10989106021416e-09,
                0.6200386425802469,
                0.3799613457813807
            ],
            [
                1.4563470387300608e-08,
                3.312668290593541e-09,
                6.097191755948442e-09,
                0.29362690580905515,
                0.7063730702176144
            ]
        ],
        [
            [
                0.9995054700180316,
                0.0004945296336720624,
                8.137141246971165e-11,
                1.6378785884420444e-11,
                2.5054614091078417e-10
            ],
            [
                0.9347912563369805,
                0.06520874111069426,
                2.7092563534590905e-10,
                1.3888443656214007e-10,
                2.1425151529705663e-09
            ],
            [
                7.696799427551878e-08,
                0.009488563044099002,
                0.9905112747063339,
                4.989833772422315e-08,
                3.5383235011218063e-08
            ],
            [
                3.2800805259164717e-09,
                2.905634671213475e-09,
                1.213546788797228e-08,
                0.554803776765463,
                0.4451962049133539
            ],
            [
                7.361453509139871e-11,
                1.2960508920319298e-09,
                1.4873348521193258e-09,
                0.43472907672556677,
                0.5652709204174329
            ]
        ],
        [
            [
                0.9999966545983803,
                3.345051776636456e-06,
                9.453281369401732e-12,
                4.6309743507697494e-11,
                2.940799966678819e-10
            ],
            [
                0.9999999783342644,
                2.1582971734972056e-08,
                1.488501835490103e-11,
                4.5046453010022285e-11,
                2.283234925475177e-11
            ],
            [
                2.349676204779035e-08,
                5.648574583643934e-06,
                0.9996820802060301,
                0.00031193521681891574,
                3.125058052716552e-07
            ],
            [
                4.032276843646764e-09,
                1.2997318658939985e-08,
                2.579149674899913e-08,
                0.5052531453885519,
                0.4947468117903558
            ],
            [
                8.593856615407728e-11,
                7.185475941994372e-10,
                9.043514513553523e-10,
                0.9733258524633267,
                0.026674145827835703
            ]
        ],
        [
            [
                0.984828345009823,
                0.0151716547157288,
                7.27046481047616e-11,
                6.010674265303391e-11,
                1.416368189995067e-10
            ],
            [
                0.9963951040703265,
                0.003604895401897765,
                8.69173419125344e-11,
                4.0767773337407107e-10,
                3.318073525362464e-11
            ],
            [
                1.093266692791529e-06,
                0.0017595273773846304,
                0.9980228532220597,
                0.0002160505977923904,
                4.7553607039851716e-07
            ],
            [
                1.806998270706189e-09,
                1.6880601643061347e-09,
                1.1297260288745206e-09,
                0.8030798855971358,
                0.19692010977807967
            ],
            [
                4.1759173554574164e-10,
                1.934162987114514e-10,
                3.8742986894763153e-10,
                0.7997241382821839,
                0.2002758607193781
            ]
        ],
        [
            [
                0.9999807741134158,
                1.9225789564212642e-05,
                1.7285953887825507e-11,
                3.9212784068788906e-11,
                4.052126734184732e-11
            ],
            [
                0.9999669088396552,
                3.30906177523544e-05,
                1.8494793647494205e-10,
                2.61652996302172e-10,
                9.59914329847685e-11
            ],
            [
                5.516896769003797e-07,
                2.351808043799347e-05,
                0.9998227984672542,
                0.0001521762148427405,
                9.555477881615306e-07
            ],
            [
                4.009315837098897e-09,
                4.355948660091168e-09,
