{
    "[['A', 'B', 'C', 'D', 'E'], ['A', 'B', 'C', 'D', 'E']]": [
        [
            [
                0.8238405741172709,
                0.1761594233284281,
                3.091701304913831e-10,
                8.810861360723121e-10,
                1.3640448505929312e-09
            ],
            [
                3.4066162475526215e-06,
                0.005724917924571106,
                0.3855819729746405,
                0.6059774843672868,
                0.0027122181172541493
            ],
            [
                3.666821184115404e-08,
                1.5076234690480667e-06,
                0.44891704325451615,
                0.5510685789427188,
                1.2833511084287024e-05
            ],
            [
                3.0283389653979516e-08,
                4.59793378935638e-08,
                3.8244073669024704e-07,
                0.6430106979604037,
                0.356988843336132
            ],
            [
                5.492937240648681e-10,
                7.249458152450414e-10,
                9.494756523137944e-09,
                0.5998835491257161,
                0.40011644010528785
            ]
        ],
        [
            [
                0.9462114340205878,
                0.05378856421850652,
                7.791361316283495e-11,
                4.561059694081931e-10,
                1.2268860554031016e-09
            ],
            [
                1.4727141169967526e-06,
                1.618334012396237e-05,
                0.6318437456383226,
                0.36812503212934744,
                1.356617808904071e-05
            ],
            [
                1.2203627611518572e-07,
                0.003979301304694397,
                0.001234256268839731,
                0.9793396372675139,
                0.01544668312267584
            ],
            [
                1.808423797103558e-07,
                0.00011151605973500632,
                1.9246256771012013e-05,
                0.9526926372816934,
                0.04717641955942083
            ],
            [
                1.1413179956947029e-09,
                9.679831157247628e-10,
                2.0720595472880447e-10,
                0.8001128995832473,
                0.19988709810024563
            ]
        ],
        [
            [
                0.9999471429354008,
                5.285662805948209e-05,
                9.194311857790633e-12,
                1.1870991992677133e-10,
                3.0863544236596846e-10
            ],
            [
                3.1335935650138725e-06,
                0.1951040105169353,
                0.294452787006619,
                0.5101914865484738,
                0.00024858233440700725
            ],
            [
                2.761871222089169e-08,
                9.335778271597738e-06,
                0.19711266220068274,
                0.7992874675305547,
                0.0035905068717787905
            ],
            [
                2.853189043024949e-09,
                5.108346074570663e-10,
                4.8909732489410255e-09,
                0.7847974208043176,
                0.21520257094068543
            ],
            [
                4.110094202736972e-07,
                4.096128089827295e-07,
                9.873174865020113e-09,
                0.7063884984623364,
                0.2936106710422594
            ]
        ],
        [
            [
                0.9999992545439287,
                7.454048380927399e-07,
                2.0025411937978058e-11,
                3.2344015861921307e-12,
                2.7973305936483544e-11
            ],
            [
                2.2716159636499573e-05,
                0.02970679747018925,
                0.6091908627188254,
                0.3609876273885229,
                9.199626282603618e-05
            ],
            [
                1.355463074487115e-07,
                7.178742429305744e-05,
                0.4052296251552036,
                0.5588997156724788,
                0.035798736201717106
            ],
            [
                1.9826758723273415e-08,
                7.4434088948115e-07,
                7.475471263453718e-07,
                0.940283626700435,
                0.05971486158479038
            ],
            [
                1.9955288708623455e-09,
                1.1965211449860535e-09,
                2.1423359020428737e-09,
                0.580941945797141,
                0.4190580488684731
            ]
        ],
        [
            [
                0.9999999933516099,
                6.5113483696071656e-09,
                4.136022979095328e-11,
                1.1312257514651043e-12,
                9.455009335223316e-11
            ],
            [
                1.7699961879051217e-06,
                0.42526154630343016,
                0.5735622718378844,
                0.001170605263900607,
                3.8065985968942594e-06
            ],
            [
                6.495849079391932e-08,
                7.025463052805582e-07,
                0.012363737568689664,
                0.9874944615405424,
                0.0001410333859718393
            ],
            [
                1.2395264381129823e-09,
                5.561087011486986e-09,
                6.859485441244711e-09,
                0.8002221403757277,
                0.19977784596417336
            ],
            [
                4.096486128733263e-08,
                7.422251099669101e-09,
                9.9979202910645e-10,
                0.7702515633772062,
                0.2297483872358893
            ]
        ],
        [
            [
                0.9982409607461733,
                0.0017590368782443102,
                1.6438035010457922e-09,
                3.9835002938866964e-10,
                3.3342900801240937e-10
            ],
            [
                2.1644564337817543e-05,
                0.11382785905673468,
                0.22311947999458911,
                0.6609505658003948,
                0.0020804505839434892
            ],
            [
                4.132490345460301e-08,
                5.54757566796971e-07,
                0.002751591442112478,
                0.9780913589489038,
                0.019156453526513646
            ],
            [
                3.2814298474552457e-09,
                1.4542885913819074e-08,
                6.4385688995342035e-09,
                0.8000104189901938,
                0.1999895567469215
            ],
            [
                5.0003493970951375e-09,
                3.5522248906338938e-09,
                2.2974277711108985e-08,
                0.6658495459533201,
                0.33415042251982796
            ]
        ],
        [
            [
                0.9998875822864223,
                0.00011241747383717886,
                1.1371380385556449e-10,
                5.564993362335454e-11,
                7.037686943869405e-11
            ],
            [
                1.7396145104971208e-06,
                0.22592398119513932,
                0.3520180344258088,
                0.4220039892012114,
                5.225556332999068e-05
            ],
            [
                1.6278160338367702e-07,
                1.023710757954522e-05,
                0.23095763606869588,
                0.7663264632370355,
                0.002705500805085766
            ],
            [
                6.873878627750574e-10,
                5.3868724426205245e-09,
                1.950000102987476e-08,
                0.9847669956276032,
                0.015232978798135543
            ],
            [
                8.598333785225068e-09,
                1.0979353327105766e-07,
                6.154162835788178e-08,
                0.5988272207440353,
                0.40117259932246924
            ]
        ],
        [
            [
                0.9986603339884438,
                0.001339665326093014,
                1.3626884638682383e-10,
                5.338557218146367e-10,
                1.533865551375656e-11
            ],
            [
                4.259767032042855e-06,
                0.6235777972562438,
                0.3762335405417819,
                0.0001827229514230434,
                1.6794835191057519e-06
            ],
            [
                9.739527236003375e-08,
                8.67971110753694e-05,
                0.39712015856657046,
                0.5656550129980431,
                0.03713793392903868
            ],
            [
                2.3320095575079027e-09,
                4.0016751546993523e-10,
                6.056538972363975e-10,
                0.6045948006992505,
                0.3954051959629185
            ],
            [
                2.0878270690989547e-10,
                4.875061716068333e-10,
                2.0070717692402156e-09,
                0.8094758674143483,
                0.19052412988229106
            ]
        ],
        [
            [
                0.9551596845521513,
                0.04484031458525022,
                1.686402897863695e-10,
                1.6724163441429753e-10,
                5.267165065902762e-10
            ],
            [
                3.984028643647135e-08,
                1.9388030000701957e-05,
                4.998437953733069e-06,
                0.9984319258011911,
                0.0015436478905680717
            ],
            [
                9.836852137979897e-08,
                4.575107826815425e-07,
                0.6011812427804237,
                0.3233549867216877,
                0.07546321461858445
            ],
            [
                1.5011539262808442e-09,
                1.2768777895806253e-08,
                2.8463807084568614e-08,
                0.5943130556520917,
                0.40568690161416937
            ],
            [
                1.8239175150105038e-09,
                6.499769793864793e-09,
                6.905954331909875e-10,
                0.5999978740696199,
                0.4000021169160974
            ]
        ],
        [
            [
                0.9999733711010907,
                2.662842771633161e-05,
                8.659005894516332e-11,
                6.141802125141196e-11,
                3.231848001670584e-10
            ],
            [
                1.3791985338861662e-06,
                0.19934152295873644,
                0.016692966254360952,
                0.7839403913317998,
                2.3740256568845237e-05
            ],
            [
                2.5036852207728326e-07,
                7.602218907616782e-07,
                0.6983266846743378,
                0.2999613640859243,
                0.001710940649325032
            ],
            [
                2.6234780633423136e-09,
                2.444868193813661e-10,
                3.145396521377072e-09,
                0.606881615934904,
                0.39311837805173466
            ],
            [
                1.1104290959734909e-07,
                2.8450562506229572e-08,
                1.2062530958173533e-08,
                0.3786746860182802,
                0.6213251624257168
            ]
        ],
        [
            [
                0.999999295613985,
                7.042113847175908e-07,
                5.021007505103842e-11,
                1.19724865998901e-10,
                4.695322595710546e-12
            ],
            [
                1.2099975505617921e-06,
                5.478637719998355e-06,
                0.9909549398496464,
                0.00903702555265913,
                1.345962424035405e-06
            ],
            [
                3.502804358544967e-08,
                4.27996642952527e-06,
                0.9991117073977058,
                0.0008822803755920768,
                1.6972322290065007e-06
            ],
            [
                4.6732645263500335e-09,
                3.0894706682502315e-08,
                6.171552089653706e-08,
                0.811818899472581,
                0.18818100324392686
            ],
            [
                2.0985639385083386e-09,
                2.9593960958789485e-09,
                1.5869592250488376e-08,
                0.18505573080344426,
                0.8149442482690035
            ]
        ],
        [
            [
                0.9999570068549439,
                4.2988459472553716e-05,
                1.6520383551564305e-10,
                6.058205869496273e-11,
                4.459797590294886e-09
            ],
            [
                0.0018000757124898854,
                0.96855335159153,
                0.029549487367968696,
                9.397415364755238e-05,
                3.1111743639288557e-06
            ],
            [
                1.9190600723687215e-07,
                6.18702650352469e-06,
                0.3126105549308301,
                0.6859912910024235,
                0.0013917751342355032
            ],
            [
                6.222110986927324e-10,
                9.932228258055708e-09,
                6.66162817034431e-08,
                0.6120025921482711,
                0.3879973306810078
            ],
            [
                5.744743311025055e-10,
                1.4492015620001826e-10,
                7.580184447640334e-09,
                0.6641448963103792,
                0.3358550953900419
            ]
        ],
        [
            [
                0.8641642434676554,
                0.1358357559399719,
                1.6321099980579868e-10,
                3.8395480224914977e-10,
                4.520694134871878e-11
            ],
            [
                1.06146931430652e-06,
                0.1962893086159973,
                0.005467236769330764,
                0.7796498600169133,
                0.018592533128444416
            ],
            [
                9.291574696008673e-08,
                0.003772984811145282,
                0.4266216211568496,
                0.22539798383776535,
                0.34420731727849285
            ],
            [
                3.0025867092264907e-09,
                2.0287587778316103e-08,
                5.566545718904489e-09,
                0.6800959648823887,
                0.31990400626089116
            ],
            [
                1.4901796662448925e-08,
                5.89948932909186e-07,
                4.937666858242754e-08,
                0.6005717492964041,
                0.39942759647619774
            ]
        ],
        [
            [
                0.9981668746359886,
                0.0018331243687322546,
                1.3542276919117227e-10,
                3.5799500206768483e-10,
                5.018613866654563e-10
            ],
            [
                4.047734597628148e-06,
                0.2818073236050266,
                0.18136578204690695,
                0.5308607020997272,
                0.005962144513741629
            ],
            [
                6.916179132305593e-08,
                5.271842578650596e-05,
                0.1810461676054808,
                0.7742747713378306,
                0.04462627346911074
            ],
            [
                2.8918392616565702e-08,
                1.2141206949068823e-08,
                2.947613967730358e-08,
                0.6291498074271784,
                0.37085012203708234
            ],
            [
                8.271678687179264e-11,
                4.786125733e-10,
                4.093408056197338e-10,
                0.7985696806193548,
                0.20143031840997505
            ]
        ],
        [
            [
                0.9999999178809762,
                8.206151648417096e-08,
                2.9324425753279066e-11,
                9.664226749493542e-12,
                1.8518674400932955e-11
            ],
            [
                1.1247946703157332e-06,
                2.1721374066385873e-06,
                0.0024182560983217727,
                0.9691358696812544,
                0.028442577288346798
            ],
            [
                2.24473537831649e-09,
                2.1677028690611525e-07,
                1.3211832921038812e-05,
                0.9863500776767278,
                0.013636491475328865
            ],
            [
                1.1257822973736881e-10,
                1.1677362614087223e-09,
                4.649714474303435e-11,
                0.5991286824852425,
                0.40087131618794586
            ],
            [
                3.163438640246276e-10,
                2.3815152344791203e-10,
                2.1139674978002206e-09,
                0.9847598838013122,
                0.015240113530224912
            ]
        ],
        [
            [
                0.9999997842561977,
                2.1490694514713028e-07,
                1.2067419079486218e-10,
                5.5853188540852076e-12,
                7.10597737560673e-10
            ],
            [
                6.36521784127356e-05,
                0.5087748866719177,
                0.4202305501109149,
                0.07092092812937197,
                9.982909382722086e-06
            ],
            [
                2.0285547949549904e-07,
                2.8529059913419727e-07,
                0.22346081696429448,
                0.7737156528018412,
                0.002823042087785762
            ],
            [
                9.025832674754557e-08,
                8.631655689368278e-05,
                0.03656373340487403,
                0.9607671177043228,
                0.0025827420755827678
            ],
            [
                1.728175123646947e-09,
                6.775026477084151e-10,
                1.2393990541369608e-09,
                0.7493560811331624,
                0.25064391522176066
            ]
        ],
        [
            [
                0.9999998009754155,
                1.9873962903216867e-07,
                1.5511539640181103e-10,
                9.547618064496606e-11,
                3.436382956432906e-11
            ],
            [
                6.856219468024691e-05,
                0.7886229435872201,
                0.20371876427232072,
                0.007561281290270034,
                2.844865550891516e-05
            ],
            [
                8.897396789449125e-07,
                1.837710349970003e-07,
                0.16550306507741777,
                0.714285203485278,
                0.12021065792659026
            ],
            [
                8.952067512452643e-09,
                2.36172060004193e-09,
                1.231572578355131e-07,
                0.6035362850625471,
                0.39646358046640695
            ],
            [
                1.626008547697525e-08,
                2.07649003530883e-08,
                8.797967558711379e-09,
                0.7910047978492808,
                0.20899515632776583
            ]
        ],
        [
            [
                0.8006344822323281,
                0.1993655169519034,
                1.1426697800198016e-10,
                9.413329934340252e-11,
                6.073682010553375e-10
            ],
            [
                2.102478525091473e-06,
                0.05078687384082057,
                0.5463796068594019,
                0.40270128330037236,
                0.00013013352088013825
            ],
            [
                1.7239050614176931e-07,
                7.079501219645954e-05,
                0.39953624676390737,
                0.5929273831468105,
                0.007465402686579478
            ],
            [
                7.146080017085053e-09,
                4.649617099647545e-08,
                1.7459243844005287e-08,
                0.7923850583610097,
                0.2076148705374955
            ],
            [
                3.4643089788382625e-09,
                8.607361749768406e-10,
                8.40707044494883e-10,
                0.27648537200194756,
                0.7235146228323002
            ]
        ],
        [
            [
                0.9998580633468142,
                0.000141936460214191,
                1.0665550701455194e-10,
                8.630527219587877e-12,
                7.768567468927889e-11
            ],
            [
                8.424320407370621e-07,
                0.14617931676018542,
                0.009363953097635873,
                0.844428441444225,
                2.744626591297749e-05
            ],
            [
                3.645377538798634e-08,
                4.08492128767706e-06,
                0.9990059497214234,
                0.000989791968304462,
                1.3693520910479996e-07
            ],
            [
                8.521945784391555e-09,
                6.604620749819962e-09,
                1.6037554968665917e-08,
                0.12473125626581313,
                0.8752687125700653
            ],
            [
                7.626987434974998e-10,
                1.4364082715106826e-09,
                1.8490586327035444e-08,
                0.38611377268044256,
                0.613886206629864
            ]
        ],
        [
            [
                0.9997132782343927,
                0.00028672127255537116,
                1.601143810164093e-10,
                2.447647468085174e-11,
                3.084611424692997e-10
            ],
            [
                0.43378390980718123,
                0.5662146331725082,
                1.2812175449957332e-06,
                1.2295184665242774e-07,
                5.2850918810034536e-08
            ],
            [
                2.680149301966815e-07,
                3.987608890249005e-06,
                0.024406741509842123,
                0.6617372696958117,
                0.3138517331705257
            ],
            [
                1.9663337392468796e-07,
                4.132541792575723e-05,
                4.927219429841974e-06,
                0.8998366641793223,
                0.10011688654994813
            ],
            [
                1.0157631489243224e-10,
                4.434241915227932e-09,
                9.671982987859629e-09,
                0.6076167222073552,
                0.39238326358484366
            ]
        ],
        [
            [
                0.9847159563503248,
                0.015284042674622788,
                4.1457107066317376e-10,
                1.0103957895171618e-10,
                4.594416357006628e-10
            ],
            [
                4.581698143099202e-07,
                0.002206717562618678,
                0.7238307386952691,
                0.27395612861813035,
                5.956954167530669e-06
            ],
            [
                7.039754117567992e-07,
                8.138875578190305e-06,
                0.0003487639755862856,
                0.9804881053797584,
                0.01915428779366533
            ],
            [
                6.133354744485881e-10,
                4.006807412113912e-09,
                9.380749236986577e-10,
                0.6008111245764763,
                0.3991888698653059
            ],
            [
                1.0373452933464394e-07,
                4.534893079002838e-09,
                4.120151276040001e-09,
                0.7216769338881693,
                0.27832295372225696
            ]
        ],
        [
            [
                0.9953727752056192,
                0.004627223926874927,
                3.200738481938108e-10,
                1.611847387763152e-10,
                3.862473111436311e-10
            ],
            [
                0.019921717065312435,
                0.9468374305578188,
                0.01778995352899112,
                0.01541713105340667,
                3.376779447100232e-05
            ],
            [
                1.0682839219126781e-07,
                0.00022593555612057293,
                0.2032647312639648,
                0.5824901460188966,
                0.21401908033262587
            ],
            [
                4.8726718220818136e-09,
                2.7013522087148122e-08,
                5.0449754033719296e-08,
                0.5508387878894541,
                0.44916112977459793
            ],
            [
                3.404065376818218e-10,
                1.7819539583050551e-09,
                9.040399112069829e-09,
                0.4546099707715093,
                0.5453900180657312
            ]
        ],
        [
            [
                0.8205575046058786,
                0.17944249359838427,
                8.921316637941503e-10,
                3.2008612744751756e-10,
                5.835193034402789e-10
            ],
            [
                0.0003181188828359195,
                0.767215041578214,
                0.23202824764254418,
                0.0004298070274476899,
                8.78486895822174e-06
            ],
            [
                4.558613586162308e-08,
                2.7426919096549515e-06,
                4.083642408722666e-06,
                0.996955809220249,
                0.0030373188592967546
            ],
            [
                1.0118777995118513e-08,
                1.5784410968718777e-06,
                1.1344493330111028e-08,
                0.8030534226459543,
                0.1969449774496776
            ],
            [
                3.364333144084712e-10,
                8.161441081673951e-10,
                3.928396308541538e-11,
                0.20042274275502067,
                0.799577256053118
            ]
        ],
        [
            [
                0.8755061025647632,
                0.12449389730960489,
                1.00050158453703e-10,
                8.623703128195122e-12,
                1.695806979196758e-11
            ],
            [
                2.676266976614957e-06,
                0.0009839984483870346,
                0.14766718541437726,
                0.8493414118481919,
                0.00200472802206715
            ],
            [
                7.171176413481203e-12,
                5.890903736931855e-11,
                0.9999999989524317,
                9.11320112826719e-10,
                7.016792311072588e-11
            ],
            [
                2.890105790866747e-07,
                1.3596679832819447e-05,
                2.811170264336039e-05,
                0.7553635287128045,
                0.24459447389414027
            ],
            [
                1.465886157069062e-09,
                2.481866045754442e-09,
                6.506775668513822e-09,
                0.2641909603760826,
                0.7358090291693895
            ]
        ],
        [
            [
                0.9635093779326447,
                0.036490620569166146,
                3.651560081904844e-10,
                9.383863077385076e-10,
                1.9464669885405898e-10
            ],
            [
                2.843331511575044e-07,
                0.0008193797816293503,
                0.003620740955129367,
                0.994900112153094,
                0.0006594827769961002
            ],
            [
                3.5833853139512264e-07,
                0.000300120132536276,
                0.2004825582996483,
                0.7986786227979543,
                0.0005383404313296326
            ],
            [
                2.0351991011938056e-08,
                1.253127522319813e-08,
                3.9328786591560247e-07,
                0.9341215350484559,
                0.06587803878041204
            ],
            [
                2.6246115634919943e-09,
                3.5884787876678095e-09,
                6.0038836988249565e-09,
                0.20104100614979353,
                0.7989589816332324
            ]
        ],
        [
            [
                0.9761398203943338,
                0.023860179237644996,
                1.8173518314655552e-10,
                3.3648395176836157e-11,
                1.5263753125654227e-10
            ],
            [
                6.493575349867227e-07,
                0.036613379649452354,
                0.031190951156773224,
                0.9321374197819128,
                5.760005432653859e-05
            ],
            [
                3.7661862415567194e-08,
                2.314992213771732e-08,
                0.9999157208431857,
                8.405103132990763e-05,
                1.6731369989238153e-07
            ],
            [
                3.5215368997764934e-09,
                1.8085081315585073e-08,
                4.1196012844366465e-08,
                0.44315448577110156,
                0.5568454514262673
            ],
            [
                2.6331212967793523e-10,
                5.933800013189074e-10,
                5.564118665196472e-10,
                0.5994506089811145,
                0.40054938960578157
            ]
        ],
        [
            [
                0.9999939726767871,
                6.020490917064664e-06,
                9.281092147573948e-11,
                5.7615439826251186e-11,
                6.681869414241334e-09
            ],
            [
                8.2392359918451e-06,
                0.2866800570822296,
                0.5208772523753393,
                0.19243013540111284,
                4.3159053262803625e-06
            ],
            [
                2.886891688692592e-06,
                0.0051296133580006386,
                0.13227186625687443,
                0.8482894870947962,
                0.014306146398639976
            ],
            [
                4.96715623403971e-09,
                3.644647779069252e-10,
                2.7031951009999385e-09,
                0.7902310580576244,
                0.20976893390755955
            ],
            [
                6.156013117791862e-10,
                2.3206915037680875e-09,
                3.2669271890002605e-09,
                0.7640032965154435,
                0.23599669728133643
            ]
        ],
        [
            [
                0.8755077320493337,
                0.12449226702207623,
                2.2903769183630458e-10,
                2.0943110733548837e-10,
                4.901212247422578e-10
            ],
            [
                6.900422601117897e-07,
                0.0013661059171832881,
                0.252418679020793,
                0.7439993929746218,
                0.0022151320451417877
            ],
            [
                5.873923719309369e-07,
                0.0002354405660824408,
                0.3891994230975048,
                0.6094549178278122,
                0.001109631116228631
            ],
            [
                5.926947668393009e-08,
                2.042068053600303e-08,
                2.5978963011699832e-09,
                0.7702430997981177,
                0.2297568179138289
            ],
            [
                3.4855065366400095e-09,
                9.90755795127018e-09,
                4.2480367732203366e-08,
                0.7386474701275865,
                0.2613524739989813
            ]
        ],
        [
            [
                0.9991851159432588,
                0.0008148833951359435,
                2.1222354821569605e-10,
                4.1803501292547544e-11,
                4.0757818514746566e-10
            ],
            [
                0.7767466578456924,
                0.22325326962124828,
                2.2290685963975292e-08,
                3.886240678105187e-08,
                1.1379966638507361e-08
            ],
            [
                3.0630478900393896e-07,
                2.8930143266505456e-05,
                0.7124169896362191,
                0.2874295939872605,
                0.00012417992846488034
            ],
            [
                4.246732876148171e-08,
                1.0197726648865978e-05,
                8.627553038575392e-08,
                0.8357177170360461,
                0.1642719564944458
            ],
            [
                3.208710342090557e-10,
                1.7249210092577934e-09,
                6.638877846628568e-09,
                0.20346296099816907,
                0.7965370303171609
            ]
        ],
        [
            [
                0.9999999968668707,
                3.0655882287727284e-09,
                3.1185570237490623e-11,
                8.092038251557116e-12,
                2.8263704547032143e-11
            ],
            [
                1.9768397018515233e-07,
                0.0003236667794361394,
                0.20521393519169678,
                0.792205129645571,
                0.0022570706993259573
            ],
            [
                2.3771391744190879e-07,
                9.037496481508873e-07,
                0.0005959936246726516,
                0.944416940561396,
                0.05498592435036563
            ],
            [
                1.6797790844920982e-10,
                1.8833873587112814e-09,
                8.256425481962306e-09,
                0.7998614494036539,
                0.2001385402885554
            ],
            [
                1.5393803594114307e-09,
                4.596968126617016e-09,
                1.975544302108639e-08,
                0.4449817029449654,
                0.555018271163243
            ]
        ],
        [
            [
                0.9993653137966587,
                0.0006346859590758035,
                1.573296661669086e-10,
                1.3781742608941154e-11,
                7.315401371573251e-11
            ],
            [
                0.004653637376572714,
                0.7489866907375661,
                0.2233548629374849,
                0.023001776472242406,
                3.032476134000432e-06
            ],
            [
                2.7818915688946653e-07,
                2.4203472295892525e-05,
                0.5936704369777552,
                0.39895401253544827,
                0.007351068825343718
            ],
            [
                3.2204310498319244e-06,
                6.062826630796152e-07,
                7.26869696011692e-07,
                0.5723186690194398,
                0.4276767773971512
            ],
            [
                5.265195977253982e-10,
                5.845600801682324e-09,
                1.2768838842663263e-08,
                0.21967277924165104,
                0.7803272016173897
            ]
        ],
        [
            [
                0.9448729767070236,
                0.055127021318941,
                9.827769236466993e-10,
                2.7050405608730913e-10,
                7.207545207252224e-10
            ],
            [
                1.7432758768343754e-06,
                0.3431583603584452,
                0.5398460011828028,
                0.11696207937066927,
                3.1815812206062205e-05
            ],
            [
                7.4685134398101725e-06,
                1.2954601838180368e-05,
                0.7264796488035298,
                0.27328264338452196,
                0.0002172846966702664
            ],
            [
                1.2618382666239142e-08,
                3.1005989458419805e-09,
                4.4718880020096975e-09,
                0.9367031963814643,
                0.06329678342766615
            ],
            [
                1.4124560029723344e-10,
                6.638910876234277e-09,
                2.046241612382396e-09,
                0.7999971361208466,
                0.20000285505275528
            ]
        ],
        [
            [
                0.9998894267100448,
                0.00011057324175405249,
                7.083595377329852e-13,
                4.469366411631655e-11,
                2.799049286931642e-12
            ],
            [
                5.461832933780034e-06,
                0.4540570177230337,
                0.004205287444444421,
                0.47900791416743277,
                0.06272431883215539
            ],
            [
                1.5139005073551182e-06,
                0.053703623809916445,
                0.14874991476010485,
                0.7878512226639032,
                0.00969372486556825
            ],
            [
                1.6289763955841372e-09,
                3.2014219177767855e-08,
                6.884564466561849e-08,
                0.5940256271899041,
                0.40597427032125555
            ],
            [
                1.1557501494436175e-09,
                5.720841088191425e-09,
                1.725042293608367e-09,
                0.3997459015926908,
                0.6002540898056756
            ]
        ],
        [
            [
                0.9997658833238653,
                0.00023411569129417286,
                1.0748129710729818e-10,
                4.2711731374536736e-11,
                8.346475830026945e-10
            ],
            [
                5.890368281600422e-06,
                0.1091230439229307,
                0.4993828028897495,
                0.3914847722606635,
                3.490558374668631e-06
            ],
            [
                3.241246214809094e-07,
                5.4966070035995995e-06,
                0.0036327102404409874,
                0.9434334849900212,
                0.0529279840379128
            ],
            [
                2.0131931370287675e-08,
                0.0008142438378817903,
                2.0932128588043446e-06,
                0.7746920247316412,
                0.2244916180856868
            ],
            [
                4.788967103362626e-10,
                5.3612931130547455e-09,
                3.1811220805025726e-09,
                0.5993608543014617,
                0.4006391366772264
            ]
        ],
        [
            [
                0.9982841693177734,
                0.001715829709043575,
                1.7149033624154052e-10,
                3.590508339770134e-11,
                7.657875042397948e-10
            ],
            [
                7.058157345823521e-07,
                0.006039499678460247,
                0.00022394980178677535,
                0.9937232826402103,
                1.256206380813276e-05
            ],
            [
                1.7865411048292617e-08,
                2.3163925295856783e-06,
                0.0018049542249169092,
                0.7976674258235513,
                0.2005252856935912
            ],
            [
                1.0666273845510985e-08,
                6.654383946544857e-09,
                1.956940027638171e-08,
                0.21051104787704056,
                0.7894889152329014
            ],
            [
                3.614047455864735e-08,
                1.2104193053604616e-08,
                7.350923191972271e-09,
                0.40809101509698725,
                0.5919089293074219
            ]
        ],
        [
            [
                0.999993873562247,
                6.1263187510620105e-06,
                6.516441659381685e-11,
                3.121413067793419e-11,
                2.262339666604288e-11
            ],
            [
                2.063662432933831e-05,
                0.33328995851466753,
                0.4465861209212762,
                0.21966285807755556,
                0.00044042586217134526
            ],
            [
                1.687545193509926e-07,
                2.030935477492334e-05,
                0.5086332782727783,
                0.49122910840655826,
                0.00011713521136928761
            ],
            [
                5.529462492860625e-09,
                5.531657980459835e-08,
                8.043090134879876e-08,
                0.8013997416653175,
                0.198600117057739
            ],
            [
                7.497477156418347e-10,
                5.440089482780888e-10,
