{
    "[['A', 'B', 'C', 'D', 'E'], ['A', 'B', 'C', 'D', 'E']]": [
        [
            [
                0.9904997748794682,
                0.009500224098090032,
                1.2091245121840745e-11,
                5.281122454004868e-10,
                4.822383926666826e-10
            ],
            [
                2.9331499820894127e-07,
                0.000405378474872153,
                0.9498248944177331,
                0.04974209158622565,
                2.7342206170929457e-05
            ],
            [
                2.0339970202623633e-07,
                4.194965161503549e-05,
                0.04354754927444356,
                0.827360649237425,
                0.12904964843681438
            ],
            [
                3.707845464768488e-07,
                1.2235903673494552e-07,
                7.298777071758786e-09,
                0.6015629230844126,
                0.39843657647322717
            ],
            [
                0.13549890924495897,
                0.14500415755649831,
                3.367987334772072e-06,
                0.4654094720332005,
                0.25408409317800745
            ]
        ],
        [
            [
                0.934087811151651,
                0.06591218646572303,
                1.176080561626223e-10,
                7.744625274050564e-10,
                1.4905555646318495e-09
            ],
            [
                1.302243577761216e-05,
                0.3514045551463809,
                0.5124871192891209,
                0.1360839941112474,
                1.1309017472946695e-05
            ],
            [
                2.6161451294272783e-09,
                1.6337503403273638e-08,
                0.9993597089394063,
                0.0004949973471595247,
                0.00014527475978566657
            ],
            [
                3.287077964158783e-08,
                4.2438187018874516e-09,
                2.1333806541170774e-09,
                0.7995393462143618,
                0.20046061453765907
            ],
            [
                0.009785619299110343,
                1.7450478278602342e-08,
                4.5604293740322867e-10,
                0.20281318746867935,
                0.7874011753256891
            ]
        ],
        [
            [
                0.9761578358299878,
                0.023842162907599003,
                5.6786414303657973e-11,
                1.12282816094737e-09,
                8.27986020809523e-11
            ],
            [
                4.4409702813238233e-07,
                0.013023593570326506,
                0.9718836727748287,
                0.015064881534631962,
                2.7408023184637003e-05
            ],
            [
                3.200434491388032e-11,
                1.0734161821943213e-10,
                0.9999999992695137,
                5.11495860345163e-10,
                7.964448838534585e-11
            ],
            [
                4.319928104671147e-06,
                4.186964089788561e-09,
                1.0994324454974565e-09,
                0.0012002495907920214,
                0.9987954251947068
            ],
            [
                0.0001064338879302168,
                1.1034206087959564e-07,
                1.1288798490205395e-09,
                0.39109489520315965,
                0.6087985594379695
            ]
        ],
        [
            [
                0.9761320826183891,
                0.02386791284219428,
                1.5212803432413277e-09,
                1.2731258538211431e-09,
                1.745010397483405e-09
            ],
            [
                6.237665817822918e-06,
                0.19153844397299336,
                0.6081372974756907,
                0.2003091215473909,
                8.899338107224053e-06
            ],
            [
                1.1305901981996641e-06,
                1.0038244138561764e-06,
                0.09553859047901611,
                0.6066151965212623,
                0.29784407858510953
            ],
            [
                6.54471985758033e-07,
                1.0459891945177673e-07,
                2.2093223252443055e-07,
                0.9905020186491853,
                0.009497001347676903
            ],
            [
                2.850231918401764e-06,
                3.3903521234708815e-06,
                7.132190870660166e-06,
                0.4400260166391617,
                0.5599606105859258
            ]
        ],
        [
            [
                0.60035241740596,
                0.3996475823868801,
                5.05996435345312e-11,
                1.105261077082022e-10,
                4.6034048023857775e-11
            ],
            [
                6.705302545461726e-07,
                0.00014600653285881448,
                0.9998122925409866,
                3.975098034070232e-05,
                1.279415559243987e-06
            ],
            [
                2.7348462938022675e-08,
                8.581685372088557e-06,
                0.999691914501359,
                0.000299026473936146,
                4.499908698448761e-07
            ],
            [
                5.625769403285931e-08,
                3.182308364458505e-10,
                7.733143773615435e-09,
                0.3969534337947037,
                0.6030465018962275
            ],
            [
                0.02961009719570216,
                2.4895824469643664e-06,
                4.383789802029954e-07,
                0.7695207427340844,
                0.20086623210878624
            ]
        ],
        [
            [
                0.9999135085373368,
                8.649057165313665e-05,
                7.193188708905166e-11,
                4.4655488626428877e-10,
                3.7252329068539084e-10
            ],
            [
                0.0001044462097031588,
                0.7519018198793385,
                0.1717439326426287,
                0.0761933984068238,
                5.6402861505913326e-05
            ],
            [
                4.246089681957178e-06,
                8.025779025501518e-05,
                0.7324160211789172,
                0.26740408879091343,
                9.538615023240496e-05
            ],
            [
                0.003072824071180093,
                4.62091082482595e-06,
                3.343488130450779e-08,
                0.7556787728806801,
                0.24124374870243365
            ],
            [
                1.5044187382307548e-09,
                7.931325755136725e-10,
                2.6188492317526017e-09,
                0.5991773805294819,
                0.40082261455411755
            ]
        ],
        [
            [
                0.9850386043300301,
                0.014961389081273077,
                4.0135428496041576e-10,
                2.9989203540798723e-09,
                3.188422169218157e-09
            ],
            [
                3.262394476555467e-07,
                7.391239840419976e-06,
                0.367004915463331,
                0.5216798514823069,
                0.111307515575074
            ],
            [
                2.0298072917132052e-07,
                4.727676239938666e-06,
                0.18918410058389482,
                0.6170911689045446,
                0.19371979985459142
            ],
            [
                3.0916044498803764e-08,
                8.551051241464832e-09,
                2.035717882271151e-09,
                0.6000053872076316,
                0.3999945712895547
            ],
            [
                2.9238178219067215e-10,
                1.0637921305082447e-09,
                3.97010728008165e-09,
                0.5229753804699618,
                0.477024614203757
            ]
        ],
        [
            [
                0.9999996227197995,
                3.7626146925317576e-07,
                9.426641359510945e-11,
                1.0537712225287429e-11,
                9.139272590590013e-10
            ],
            [
                0.015377488501370211,
                0.93173900102472,
                0.04456712504880327,
                0.008053081798879856,
                0.00026330362622669663
            ],
            [
                7.423319397887499e-08,
                8.691875744201967e-07,
                0.7743601435375153,
                0.22560985254035568,
                2.9060501360807613e-05
            ],
            [
                8.611615093142282e-05,
                3.8826732953179964e-09,
                1.29524303564401e-08,
                0.5982724976214584,
                0.40164136939250655
            ],
            [
                0.06416594631986426,
                5.323643148380394e-08,
                4.127184981441398e-09,
                0.0875256397218894,
                0.8483083565946299
            ]
        ],
        [
            [
                0.9999994101908611,
                5.896545484213335e-07,
                4.3841795966874935e-11,
                9.140801774107498e-12,
                1.0160780775320313e-10
            ],
            [
                0.00018320166738925437,
                0.1330213100933998,
                0.6991697233547643,
                0.16720133028691908,
                0.000424434597527653
            ],
            [
                4.2668612366075546e-07,
                6.726214820783429e-05,
                0.8439277077294373,
                0.15582237195587492,
                0.00018223148035633252
            ],
            [
                4.915860165188401e-08,
                1.5147099150217238e-09,
                1.0394953068855048e-08,
                0.346252549018189,
                0.6537473899135463
            ],
            [
                4.212261719701272e-08,
                2.39738039688995e-09,
                4.50839324039803e-09,
                0.937615853577039,
                0.06238409739457014
            ]
        ],
        [
            [
                0.9998886979241001,
                0.0001113015916561984,
                3.0262436761904577e-11,
                7.401008426326919e-11,
                3.799711680015544e-10
            ],
            [
                6.5481363426647e-06,
                0.0018346668936580078,
                0.06650255381055273,
                0.6685298713339912,
                0.26312635982545535
            ],
            [
                5.637326291810612e-07,
                1.4349331177125993e-06,
                0.028057637658672096,
                0.6464839194207632,
                0.32545644425481784
            ],
            [
                3.653872650235588e-05,
                1.2296034317037152e-08,
                1.3305730807174653e-07,
                0.4708646968763699,
                0.5290986190437854
            ],
            [
                1.7489297198655069e-07,
                2.1077631472174486e-08,
                1.9436130605182874e-08,
                0.7391245633351142,
                0.2608752212581517
            ]
        ],
        [
            [
                0.9879466307345605,
                0.012053368089398577,
                3.1802364985533596e-10,
                4.115972005332816e-10,
                4.4642007379953715e-10
            ],
            [
                3.344457809313062e-05,
                0.11180917689267374,
                0.6960034839702033,
                0.1920348730123104,
                0.00011902154671950841
            ],
            [
                1.5217655580201026e-11,
                2.1271900331308756e-12,
                0.9999999997878715,
                1.5403181167904774e-10,
                4.075191069960436e-11
            ],
            [
                5.026740381425642e-07,
                7.0793528002701165e-06,
                1.1095527682056869e-07,
                0.5999935523667044,
                0.3999987546511804
            ],
            [
                1.9855183597522004e-05,
                3.323883833438467e-08,
                6.036678964031017e-08,
                0.3704293884836319,
                0.6295506627271427
            ]
        ],
        [
            [
                0.9996225646212865,
                0.0003774338637702774,
                1.04554198916912e-11,
                8.507595748781988e-10,
                6.537282245348932e-10
            ],
            [
                0.00045711899904525474,
                0.23857641393378512,
                0.27938454320904593,
                0.4650977992386716,
                0.016484124619452045
            ],
            [
                1.5449538434007583e-10,
                1.7315948772896835e-11,
                0.9999987569263796,
                1.2292099938724212e-06,
                1.3691815177982896e-08
            ],
            [
                2.6060815112982963e-07,
                1.3051887554940577e-07,
                0.0002881045925568212,
                0.7243442796619584,
                0.2753672246184582
            ],
            [
                3.03105813860143e-08,
                2.473093456058491e-09,
                2.1704799669973793e-09,
                0.6700846021546732,
                0.32991536289117207
            ]
        ],
        [
            [
                0.9989555114273845,
                0.0010444801276097522,
                7.591095718843498e-11,
                5.670830104545325e-09,
                2.6982646735143087e-09
            ],
            [
                3.348368490179674e-06,
                6.690067951758283e-05,
                0.9537505748118318,
                0.04617688805752841,
                2.288082631996213e-06
            ],
            [
                8.995341481125023e-12,
                6.532524727445077e-11,
                0.9999999998342926,
                3.514605978159152e-11,
                5.6240768286293416e-11
            ],
            [
                7.074961736385892e-06,
                1.8577871034024272e-08,
                5.275586417355486e-09,
                0.5994327598672831,
                0.4005601413175231
            ],
            [
                4.190187747792756e-08,
                4.603962678647882e-09,
                2.3182326131294393e-09,
                0.55401080179314,
                0.44598914938278733
            ]
        ],
        [
            [
                0.862446571694691,
                0.137553426969405,
                5.3678544833380714e-11,
                9.351467474919113e-10,
                3.4707870545442364e-10
            ],
            [
                1.2067444908825074e-06,
                0.0012722849325070252,
                0.27436426856766066,
                0.33798132046296536,
                0.38638091929237606
            ],
            [
                2.663869260872613e-08,
                3.94280872527113e-08,
                0.8296039613202647,
                0.17039459930210815,
                1.3733108472379986e-06
            ],
            [
                0.013837236767754972,
                9.278170891275451e-07,
                1.5073868838533638e-06,
                0.7568669844358277,
                0.22929334359244435
            ],
            [
                1.5810710847276764e-06,
                1.8193884718906508e-09,
                8.552163310994122e-10,
                0.37552658581194454,
                0.624471830442366
            ]
        ],
        [
            [
                0.9998576110126381,
                0.0001423864134299521,
                4.292448708394581e-11,
                3.452780463928734e-10,
                2.1857293695223594e-09
            ],
            [
                4.462158738021362e-06,
                0.001537560810438684,
                0.04572856835838854,
                0.8153121120845089,
                0.1374172965879259
            ],
            [
                2.330730343338099e-07,
                1.6842852916661567e-06,
                0.0002912089013700229,
                0.3650407382593735,
                0.6346661354809305
            ],
            [
                0.00011101444107069789,
                1.1008647035906398e-07,
                4.3404035509059744e-08,
                0.2001134138170235,
                0.7997754182514
            ],
            [
                0.005553555422556333,
                4.2611800300563877e-07,
                2.129110043683539e-07,
                0.8475119181955431,
                0.14693388735289317
            ]
        ],
        [
            [
                0.9848036461055184,
                0.015196353683159334,
                3.292017250166725e-11,
                1.421031155308667e-10,
                3.629897544801214e-11
            ],
            [
                3.087245394129744e-08,
                1.308488321605798e-06,
                0.001071975992778332,
                0.8434435340102083,
                0.15548315063623783
            ],
            [
                2.4509644942009576e-07,
                1.7088589762589852e-05,
                0.9531996128738541,
                0.03476714284387792,
                0.012015910596055905
            ],
            [
                1.6750652508062265e-06,
                4.4648105689297815e-06,
                1.2304957043519667e-06,
                0.8000033388572378,
                0.1999892907712381
            ],
            [
                7.074811475692037e-06,
                2.50640856913877e-08,
                8.747467004289201e-10,
                0.5555299961104606,
                0.4444629031392313
            ]
        ],
        [
            [
                0.9548252996439816,
                0.04517469744912013,
                4.334614229172077e-10,
                7.890263015366936e-11,
                2.3945340034626203e-09
            ],
            [
                1.4242982481311365e-07,
                0.03637048344000189,
                0.9209267374796934,
                0.041960381524453055,
                0.0007422551260266961
            ],
            [
                4.20412731214983e-07,
                8.74149052584358e-06,
                0.6699650605785897,
                0.33002415413663466,
                1.623381518511257e-06
            ],
            [
                3.1041046366120587e-06,
                3.988159866106261e-06,
                1.4702289298843942e-07,
                0.48755455734110514,
                0.5124382033714991
            ],
            [
                3.1444142796156305e-06,
                3.5434740111754595e-09,
                3.3676522920590508e-09,
                0.3781977013634449,
                0.6217991473111492
            ]
        ],
        [
            [
                0.9554592208973482,
                0.04454077826903934,
                1.8659298083516047e-11,
                4.826926707445154e-10,
                3.322604759412347e-10
            ],
            [
                1.532809998812813e-05,
                0.12697725736474336,
                0.5092233642241795,
                0.361204860206795,
                0.0025791901042941843
            ],
            [
                1.0699313076117578e-09,
                7.987372841899375e-08,
                0.9999803855450903,
                1.8709330321878543e-05,
                8.241809281169986e-07
            ],
            [
                0.19809140760092572,
                4.335736934658636e-08,
                8.881627305025888e-09,
                0.3704187010988323,
                0.4314898390612453
            ],
            [
                7.913334362653842e-08,
                1.376373630468697e-08,
                1.1573550172051227e-08,
                0.5763408578361964,
                0.42365903769317353
            ]
        ],
        [
            [
                0.9999988095792567,
                1.1884225407406233e-06,
                2.0602778422448102e-10,
                3.0632744011109805e-10,
                1.485847475260058e-09
            ],
            [
                3.635874600075357e-05,
                0.18508257384559637,
                0.8083726614177053,
                0.006435320451196073,
                7.30855395015803e-05
            ],
            [
                1.0150442620987376e-06,
                4.647601046253017e-07,
                0.9187435085846427,
                0.04528590124323035,
                0.03596911036776011
            ],
            [
                0.1553402608926666,
                9.058790607683572e-06,
                3.332325635810196e-06,
                0.40008320610406406,
                0.44456414188702575
            ],
            [
                3.6141326362998857e-06,
                3.3452965836338106e-06,
                1.0744044475963377e-07,
                0.39988606934187576,
                0.6001068637884596
            ]
        ],
        [
            [
                0.999947742942985,
                5.225656003791928e-05,
                4.0685840658026115e-10,
                6.56495749816625e-11,
                2.4469021077590938e-11
            ],
            [
                3.032552536967652e-06,
                0.0008159386283812417,
                0.9032464485699506,
                0.09547121841867522,
                0.00046336183045592936
            ],
            [
                3.7256167818181527e-06,
                0.0006551717671601658,
                0.3880415240756798,
                0.535842348675492,
                0.07545722986488633
            ],
            [
                1.4832601612738608e-06,
                5.3056634745548705e-08,
                1.0726152588888488e-08,
                0.412020550492393,
                0.5879779024646584
            ],
            [
                0.023837277846771646,
                2.22575038451725e-08,
                3.2990121303012804e-08,
                0.35467422315389097,
                0.6214884437517123
            ]
        ],
        [
            [
                0.9644314680054017,
                0.03556852887120843,
                1.9238693279909524e-09,
                9.205280896977966e-10,
                2.78992520278412e-10
            ],
            [
                0.00013416338611421864,
                0.008586822300901664,
                0.628955879497857,
                0.36230664541509777,
                1.6489400029230628e-05
            ],
            [
                2.0309980856458925e-06,
                2.743455698264547e-07,
                0.2000232330606438,
                0.41516000082539806,
                0.3848144607703027
            ],
            [
                0.0008141570318186686,
                5.172138368358902e-05,
                3.7879735418500116e-06,
                0.6024277742506728,
                0.3967025593602831
            ],
            [
                3.271131655329088e-09,
                1.1975356703285044e-09,
                4.1571021348582545e-09,
                0.7990471392610321,
                0.20095285211319847
            ]
        ],
        [
            [
                0.9999894687643681,
                1.0530229622158289e-05,
                3.477563011353313e-10,
                3.1563911005469936e-10,
                3.426143699395371e-10
            ],
            [
                7.922534817810346e-05,
                0.2031235533447183,
                0.7501795372748874,
                0.0465930094376212,
                2.467459459506625e-05
            ],
            [
                5.831711137436704e-07,
                1.9309423407486912e-05,
                0.9898787070986313,
                0.0003040647050683004,
                0.009797335601778982
            ],
            [
                0.00011482824741842182,
                6.462314908670078e-08,
                1.578665413335959e-09,
                0.5847755054841883,
                0.4151096000665786
            ],
            [
                0.00030019134091783877,
                1.936113410117596e-09,
                4.166929226139304e-09,
                0.287597516128327,
                0.7121022864277126
            ]
        ],
        [
            [
                0.8027876696366301,
                0.19721232998394334,
                6.721655271347844e-11,
                2.916155631410809e-10,
                2.0594527022379406e-11
            ],
            [
                2.813431421727579e-05,
                0.32427916818869706,
                0.6368372930203815,
                0.038786438731230666,
                6.896574547355451e-05
            ],
            [
                1.1660547421909285e-11,
                5.553793698248465e-11,
                0.9999999999015079,
                1.1502746092708006e-11,
                1.9790892296836175e-11
            ],
            [
                3.171880680643968e-05,
                1.0618933913565358e-08,
                4.817360060876069e-09,
                0.5169755465090419,
                0.48299271924785786
            ],
            [
                0.057288068439048025,
                3.234182277791184e-08,
                6.993529342302167e-09,
                0.198471458203504,
                0.7442404340220959
            ]
        ],
        [
            [
                0.8151673001195431,
                0.18483269897701662,
                3.8825573917769485e-10,
                1.7482575407808316e-10,
                3.4035879035151287e-10
            ],
            [
                1.543820226641482e-06,
                0.0010902651076423347,
                0.985946317595928,
                0.009892131144221585,
                0.0030697423319814353
            ],
            [
                1.9432329186699882e-07,
                3.2410507051721136e-05,
                0.0007183186859920585,
                0.9991891552525718,
                5.992123109254642e-05
            ],
            [
                3.704032879271868e-05,
                2.416927667908882e-08,
                7.322293244200773e-08,
                0.7110712297136167,
                0.2888916325653815
            ],
            [
                1.1700130904013416e-05,
                8.505432508127552e-09,
                1.813116953548898e-08,
                0.19999239164198399,
                0.7999958815905099
            ]
        ],
        [
            [
                0.6007279351465274,
                0.3992720645334714,
                8.2699300264136e-11,
                4.059517008256661e-11,
                1.9670670808069366e-10
            ],
            [
                1.0506231427945972e-05,
                0.005509666559207415,
                0.6527711344748922,
                0.3413896761556371,
                0.00031901657883555006
            ],
            [
                8.976581036346166e-07,
                0.0003680649509242338,
                0.4952495219005207,
                0.4351828956119094,
                0.069198619878542
            ],
            [
                3.660001895001418e-10,
                3.722112672445189e-08,
                1.7892244434343392e-08,
                0.5998953270887926,
                0.4001046174318361
            ],
            [
                5.30541564387174e-09,
                3.41075454873636e-09,
                1.544548693500776e-08,
                0.3569177032276908,
                0.6430822726106521
            ]
        ],
        [
            [
                0.8192433258552195,
                0.1807566722175895,
                2.7475605020500056e-10,
                1.1238515103238198e-09,
                5.285833767706448e-10
            ],
            [
                7.160482015552573e-05,
                0.1892161414420316,
                0.7668942617134502,
                0.043265064071195306,
                0.0005529279531672227
            ],
            [
                3.243588523044494e-07,
                1.7336089188099742e-06,
                0.39188229634495575,
                0.6064676691124444,
                0.0016479765748287688
            ],
            [
                0.004595092640248107,
                7.183674510818156e-08,
                3.3396876160835945e-06,
                0.4106807233201844,
                0.5847207725152063
            ],
            [
                0.0013316375195823263,
                5.888987295840249e-09,
                1.0935962459901183e-08,
                0.5974309603307584,
                0.4012373853247096
            ]
        ],
        [
            [
                0.9999719689723748,
                2.8030885082469654e-05,
                6.723609905197413e-11,
                6.962613332513639e-11,
                5.680546369201867e-12
            ],
            [
                1.8990773083463815e-05,
                0.0030701710175567946,
                0.4909556423138645,
                0.499399998698889,
                0.006555197196606176
            ],
            [
                8.11543617272741e-08,
                7.777036046668551e-07,
                0.9413367377855255,
                0.05852247798657206,
                0.00013992536993600576
            ],
            [
                9.320206682020164e-07,
                9.610010081890146e-09,
                1.7136177758838546e-08,
                0.2242253205634217,
                0.7757737206697222
            ],
            [
                1.2412206924674938e-06,
                2.6223968741498456e-08,
                2.610536465768472e-08,
                0.3989141263659094,
                0.6010845800840646
            ]
        ],
        [
            [
                0.9977808950990879,
                0.0022191010060807555,
                2.405728145042652e-10,
                6.125583528992151e-10,
                3.0417002629374117e-09
            ],
            [
                6.329978592536779e-06,
                0.0238361220056091,
                0.9089079915121288,
                0.06715292296003625,
                9.663354363332056e-05
            ],
            [
                1.3175039405677086e-09,
                1.8428684902076173e-07,
                0.9996697071845864,
                0.00018266174528514133,
                0.0001474454657755288
            ],
            [
                0.0642607097686455,
                1.0266581815747412e-05,
                5.952988397260048e-07,
                0.5394052177913783,
                0.39632321055932074
            ],
            [
                0.002200925795725308,
                1.2709380908759264e-06,
                1.3464827497030882e-07,
                0.7941330049989196,
                0.20366466361898938
            ]
        ],
        [
            [
                0.9999822525560945,
                1.7746991641552177e-05,
                1.3523816637362914e-10,
                1.8641399561863775e-10,
                1.3061172768295417e-10
            ],
            [
                0.00020282214876023174,
                0.5696839278315073,
                0.35657565802183366,
                0.0735281122126644,
                9.479785234304471e-06
            ],
            [
                5.960996224605615e-08,
                7.618788520143124e-08,
                0.9999224650371947,
                7.702752665166284e-05,
                3.716383061885499e-07
            ],
            [
                2.3625680061716222e-06,
                0.0004967888420752458,
                0.5845516749588485,
                0.3807524355313976,
                0.03419673809967244
            ],
            [
                0.0058676296748584105,
                1.9153452740800025e-08,
                2.6091843986096976e-09,
                0.5493604359260166,
                0.4447719126364879
            ]
        ],
        [
            [
                0.9851025058153252,
                0.014897492098907995,
                8.816053117552859e-11,
                1.5618242956587318e-09,
                4.3578211867101673e-10
            ],
            [
                6.775117763037073e-06,
                0.0017548204774893111,
                0.996184521174516,
                0.0020280132088141617,
                2.58700214175215e-05
            ],
            [
                1.146057043768892e-08,
                1.2790991854102245e-06,
                8.640828966823593e-05,
                0.8006942844111441,
                0.19921801673943185
            ],
            [
                0.0004946146744615437,
                1.7381276734415226e-08,
                1.6112266013905408e-07,
                0.5802292592511632,
                0.4192759475704384
            ],
            [
                0.002240707843013123,
                1.10851537482448e-07,
                1.6758320541628403e-07,
                0.20022129982584533,
                0.7975377138963986
            ]
        ],
        [
            [
                0.9703132299265025,
                0.02968676861579479,
                1.0090237960591983e-09,
                9.648013012760722e-11,
                3.521988258198989e-10
            ],
            [
                3.0291491920029127e-05,
                0.17474542741266821,
                0.7953397668415443,
                0.02988195590997,
                2.558343897464854e-06
            ],
            [
                3.00365288496253e-07,
                6.707961206085192e-05,
                0.20094831811117034,
                0.615298495957392,
                0.1836858059540883
            ],
            [
                0.01516082746417152,
                7.340417769016149e-06,
                2.9831445428436133e-06,
                0.6004100137825682,
                0.38441883519094844
            ],
            [
                2.9740038912145916e-06,
                1.9377588658018338e-07,
                1.6234961486323547e-08,
                0.48467004585288503,
                0.5153267701323758
            ]
        ],
        [
            [
                0.9999998284220045,
                1.7149825030233674e-07,
                4.7851728086561314e-11,
                2.6479709230190938e-11,
                5.413774152089685e-12
            ],
            [
                0.0014883969397163407,
                0.9424134426698787,
                0.00011865932298234438,
                0.055973346847553514,
                6.154219869063586e-06
            ],
            [
                1.3538914923456465e-06,
                0.0009819300300717912,
                0.1912235918612222,
                0.5648862969590401,
                0.2429068272581735
            ],
            [
                0.0018001632571381762,
                7.322689321991505e-08,
                1.6215537396716378e-07,
                0.5619667350955103,
                0.4362328662650844
            ],
            [
                0.19994763996439915,
                3.744526256438485e-08,
                8.841738664098018e-10,
                0.009485366001457109,
                0.7905669557047074
            ]
        ],
        [
            [
                0.9999740147990732,
                2.5984387542153e-05,
                1.2320958719279472e-10,
                4.149456318271895e-10,
                2.752294489986499e-10
            ],
            [
                1.901795724212524e-05,
                0.012250164573830663,
                0.9730840903451069,
                0.014543032220260611,
                0.00010369490355968954
            ],
            [
                2.969457968742201e-11,
                1.1128008148744782e-10,
                0.999999990647168,
                8.509781162662524e-09,
                7.020761369026965e-10
            ],
            [
                0.15545446717956535,
                2.965946236114684e-08,
                8.956505221637971e-08,
                0.42381551704617204,
                0.4207298965497481
            ],
            [
                3.913403583390133e-08,
                1.7731211552811383e-09,
                8.608869474637571e-09,
                0.6848527327648267,
                0.31514721771914667
            ]
        ],
        [
            [
                0.9980999687153315,
                0.0019000306107113062,
                3.4653974340947574e-11,
                2.6136981906409603e-10,
                3.7793351771085414e-10
            ],
            [
                2.588686363458136e-06,
                0.0003876825160278575,
                0.8729887680590557,
                0.10434635523172188,
                0.022274605506831278
            ],
            [
                3.09614227968085e-08,
                8.756733023557888e-07,
                0.6311919826019092,
                0.3385375977401639,
                0.030269513023201782
            ],
            [
                4.869746956099766e-06,
                1.0084119670407074e-08,
                2.3642186641900046e-09,
                0.20237647081587268,
                0.7976186469888329
            ],
            [
                3.0843910795314485e-08,
                4.815960775850896e-10,
                4.3935833545016513e-10,
                0.39995669673966694,
                0.6000432714954678
            ]
        ],
        [
            [
                0.9963983440944597,
                0.003601654913107775,
                4.859275914538335e-10,
                9.041070839893657e-11,
                4.1609425467113035e-10
            ],
            [
                1.8087198517615514e-07,
                0.000666175367239302,
                0.021378683566131304,
                0.9347498397753314,
                0.043205120419312786
            ],
            [
                5.254842770957064e-12,
                2.933146140232568e-11,
                0.9999999997994149,
                1.4408643768184045e-10,
                2.191214858401962e-11
            ],
            [
                9.645328224530131e-10,
                2.174879065839401e-09,
                3.181880015717153e-09,
                0.7976993325235967,
                0.20230066115511133
            ],
            [
                0.12442473512177939,
                2.3219746934928325e-07,
                6.908652649133273e-07,
                0.39955701939210403,
                0.4760173224233824
            ]
        ],
        [
            [
                0.9998894195578012,
                0.00011058003102417336,
                5.7443734592043616e-11,
                1.325911489457563e-10,
                2.2113965032839165e-10
            ],
            [
                3.5566552354232595e-05,
                0.1489511152505331,
                0.656860691775354,
                0.1940881354075144,
                6.449101424438499e-05
            ],
            [
                5.344218203239913e-07,
                5.949158804052037e-05,
                0.0010166829156680024,
                0.7261982698860606,
                0.2727250211884105
            ],
            [
                5.519169447339204e-07,
                1.9363241866271812e-08,
                1.0634759447805564e-07,
                0.8233934518691768,
                0.17660587050304202
            ],
            [
                0.015137258644144247,
                1.6094636898034723e-08,
                1.697104096548894e-08,
