{
    "[['A', 'B', 'C', 'D', 'E'], ['A', 'B', 'C', 'D', 'E']]": [
        [
            [
                0.9995051228971523,
                0.000494876786887352,
                3.99037078689209e-11,
                6.05518975047164e-11,
                2.155047734101507e-10
            ],
            [
                1.6566638259566471e-09,
                9.99015737248155e-10,
                1.9065397833909306e-06,
                0.5522409920437567,
                0.4477570987607805
            ],
            [
                7.755187609060665e-10,
                1.1224465230290829e-08,
                0.9939441849521049,
                0.00019282093309420166,
                0.0058629821148169885
            ],
            [
                5.517382142908698e-10,
                1.2062496489929604e-10,
                9.71565155813299e-10,
                0.028555118402855545,
                0.9714448799532162
            ],
            [
                6.374364935893764e-10,
                2.98607175302877e-12,
                1.0824150314079785e-10,
                0.0001108303017328321,
                0.999889168949603
            ]
        ],
        [
            [
                0.9998987057005588,
                0.00010129421565833617,
                1.558730785833032e-11,
                4.6651457050498946e-11,
                2.1544028557335332e-11
            ],
            [
                4.087666962348902e-08,
                1.1584588484970461e-06,
                0.0001497727316650307,
                0.33976349578664683,
                0.6600855321461699
            ],
            [
                8.292778716047487e-11,
                7.89950433820932e-10,
                0.9999955908939359,
                4.306653843913094e-06,
                1.0157934207276895e-07
            ],
            [
                5.096275164656208e-10,
                3.9654798939962564e-11,
                3.199575051492482e-11,
                0.003598340268775126,
                0.9964016591499468
            ],
            [
                2.1543355967069887e-11,
                2.689096895539048e-10,
                8.228796618133565e-10,
                0.6706090775119367,
                0.32939092137473064
            ]
        ],
        [
            [
                0.9787322595144373,
                0.021267738304293814,
                1.7138563794034427e-10,
                7.99026165531614e-10,
                1.2108569715216319e-09
            ],
            [
                0.0008518238566495023,
                0.9916388356065402,
                0.000714859113090859,
                0.00678882026774078,
                5.6611559786803575e-06
            ],
            [
                1.7210503574379015e-08,
                1.6796841465965136e-08,
                0.000907087506838544,
                0.7999936623590735,
                0.1990992161267428
            ],
            [
                2.666768504238964e-09,
                5.387292611938183e-10,
                7.537832552167224e-10,
                0.013396902810448556,
                0.9866030932302704
            ],
            [
                1.5194244894681428e-08,
                3.934037402971292e-10,
                7.309025216574087e-11,
                0.003637945442154874,
                0.9963620388971062
            ]
        ],
        [
            [
                0.992534267467235,
                0.007465732063916384,
                4.837209563724912e-12,
                2.1552999603488306e-10,
                2.4848127110552924e-10
            ],
            [
                0.0014684722088209184,
                0.9978888739134171,
                1.6286970463623366e-06,
                0.000640827425050566,
                1.977556653008832e-07
            ],
            [
                1.16386079090344e-09,
                8.845679185914588e-11,
                0.9999986977204581,
                9.333042614055283e-07,
                3.677229628517301e-07
            ],
            [
                1.9038908839101236e-09,
                2.331705074572755e-10,
                4.114494168399413e-10,
                0.001727321647129982,
                0.9982726758043592
            ],
            [
                6.640162172241861e-10,
                3.3952749507274585e-10,
                5.976836776978279e-10,
                1.2881503335699083e-05,
                0.999987116895437
            ]
        ],
        [
            [
                0.9937478986568454,
                0.006252098941024869,
                2.434922232679324e-10,
                4.782721988230982e-10,
                1.6803652548845962e-09
            ],
            [
                2.516528238044867e-06,
                0.10349453878936,
                0.47539057038560434,
                0.41920700144490525,
                0.0019053728518924026
            ],
            [
                9.403739120044462e-10,
                3.912985259999984e-08,
                0.20541578096255222,
                0.4042210311196839,
                0.3903631478475373
            ],
            [
                1.1459156325627735e-09,
                3.6808664445483924e-10,
                1.6078759214182138e-10,
                0.031485949319623015,
                0.9685140490055871
            ],
            [
                2.0303473995921273e-09,
                3.2478895554206174e-09,
                2.158023154154347e-11,
                0.12449186669565551,
                0.8755081280045273
            ]
        ],
        [
            [
                0.9809206686075523,
                0.019079324696595554,
                3.3120962058688537e-10,
                1.967399965197648e-10,
                6.167902425264089e-09
            ],
            [
                2.5730372752551886e-07,
                2.122369677626334e-08,
                6.295991506378552e-05,
                0.6537703045297014,
                0.34616645702781057
            ],
            [
                1.0205789113996178e-09,
                1.6087038687363137e-10,
                0.999892240368859,
                4.068769245254234e-05,
                6.707075723902698e-05
            ],
            [
                3.418154382101988e-09,
                2.8217056753437857e-10,
                4.5668370645580653e-10,
                0.005912210464936384,
                0.994087785378055
            ],
            [
                7.119030956145526e-10,
                9.836530779744804e-11,
                3.0635245609763546e-09,
                0.00040367299293195545,
                0.9995963231332751
            ]
        ],
        [
            [
                0.899289239845963,
                0.10071075803520822,
                6.560952920260027e-10,
                1.2526254502030923e-09,
                2.101080710579862e-10
            ],
            [
                6.698502928909231e-10,
                8.022393099573843e-09,
                1.2280489714481582e-09,
                0.5000013323883152,
                0.4999986576913923
            ],
            [
                7.97367015870163e-12,
                2.4306215316121777e-11,
                0.9999998329113311,
                1.6636548411144026e-07,
                6.909049703035422e-10
            ],
            [
                7.88370999532964e-11,
                8.849819634008069e-10,
                1.5205057283114565e-10,
                0.13585495818618096,
                0.8641450406979494
            ],
            [
                4.200918877242627e-10,
                3.63062417352079e-11,
                4.67923052180497e-10,
                0.0008210991175048594,
                0.999178899958174
            ]
        ],
        [
            [
                0.9999998263546576,
                1.6892287415952137e-07,
                8.018705894764837e-11,
                5.503400840010772e-10,
                4.091941255179578e-09
            ],
            [
                5.266855385232266e-07,
                4.288210040604069e-07,
                0.256460862629363,
                0.7423900947336849,
                0.001148087130409474
            ],
            [
                2.7566742852574055e-09,
                5.790960974052315e-09,
                0.06972248665888106,
                0.7027751590719689,
                0.22750234572151484
            ],
            [
                2.6962417992248e-09,
                3.704402146053788e-10,
                9.912161648018714e-10,
                0.20586243766859946,
                0.7941375582735023
            ],
            [
                7.24030461732501e-10,
                1.3235786800921765e-09,
                1.6152440851146441e-09,
                0.024159898743328214,
                0.9758400975938186
            ]
        ],
        [
            [
                0.9925345614762603,
                0.007465438470772509,
                6.351033929921502e-12,
                4.199700595268956e-11,
                4.619221433917134e-12
            ],
            [
                0.021013856172051485,
                0.9789836631344885,
                2.094776461786132e-07,
                2.0848323390183442e-06,
                1.8638347475955812e-07
            ],
            [
                4.96711435868103e-09,
                2.224307996687717e-08,
                0.9554390950263082,
                0.04454162913879656,
                1.9248624701052744e-05
            ],
            [
                4.344619638512133e-10,
                5.493420791044512e-11,
                1.7060437204132545e-10,
                0.019081630460519763,
                0.9809183688794797
            ],
            [
                1.333081651385574e-09,
                9.83491716775204e-10,
                1.6500657693176031e-09,
                0.21738529554035815,
                0.7826147004930027
            ]
        ],
        [
            [
                0.9999973974417663,
                2.6022101459985816e-06,
                7.062336938617979e-12,
                1.7515083171269585e-10,
                1.6587460378997348e-10
            ],
            [
                6.572804080721477e-09,
                5.0509711672090366e-08,
                5.76804311692366e-08,
                0.6761957077878195,
                0.3238041774492335
            ],
            [
                2.040259823224634e-11,
                6.31498097178814e-11,
                0.9999998937175917,
                1.0113457039306262e-07,
                5.064285524717677e-09
            ],
            [
                2.3337922689432077e-09,
                7.363713812705792e-10,
                4.727643925649621e-09,
                0.19642480323282518,
                0.8035751889693672
            ],
            [
                1.1494747579333166e-09,
                2.896408488352555e-10,
                1.2280951765794113e-09,
                0.1029232867430026,
                0.8970767105897866
            ]
        ],
        [
            [
                0.9999979737981859,
                2.0261732650627457e-06,
                2.6559001211522463e-12,
                2.3776920650051672e-11,
                2.1163219831425337e-12
            ],
            [
                3.443579788212363e-08,
                6.532086940664491e-08,
                5.036033799040252e-06,
                0.9569738310010056,
                0.04302103320852805
            ],
            [
                2.053683095728701e-07,
                2.842004328811173e-08,
                0.6038914419735536,
                0.384788069192633,
                0.011320255045460562
            ],
            [
                4.203590948296547e-10,
                4.9324044055489136e-11,
                9.759291527384638e-10,
                0.044812764984822985,
                0.9551872335695647
            ],
            [
                7.209729552637078e-11,
                2.0733161235758423e-12,
                5.5265329947835555e-12,
                4.506487383694709e-06,
                0.9999954934329192
            ]
        ],
        [
            [
                0.9999957023674902,
                4.297529069632512e-06,
                2.0594797912233685e-11,
                3.218557301407067e-11,
                5.065970312866486e-11
            ],
            [
                2.022116874284119e-12,
                3.8415537709447e-10,
                6.287801980718966e-10,
                0.500018840000506,
                0.49998115898453627
            ],
            [
                4.782990513546372e-11,
                9.202781363105667e-10,
                0.9996103592463021,
                0.0003896370861473061,
                2.6994425437221735e-09
            ],
            [
                3.748778803575372e-08,
                5.300349450704141e-10,
                4.5133493521943945e-11,
                0.005862519156820865,
                0.9941374427802228
            ],
            [
                2.766838841454268e-11,
                2.3772889422763467e-11,
                6.484665390690265e-11,
                0.00010607724194021686,
                0.9998939226417719
            ]
        ],
        [
            [
                0.9999998334210184,
                1.6639523678978618e-07,
                1.9226768086741613e-11,
                1.575268631083047e-10,
                6.991325653270957e-12
            ],
            [
                4.258401699209309e-06,
                1.761108881916746e-05,
                0.5485460482906965,
                0.43124600724558837,
                0.020186074973196765
            ],
            [
                5.875826416792509e-11,
                3.2531414375827947e-10,
                4.6863459819846564e-09,
                0.464206782492052,
                0.5357932124375296
            ],
            [
                1.3793065939994387e-09,
                6.507682524912206e-10,
                1.266158248273904e-09,
                0.007991013328779807,
                0.9920089833749871
            ],
            [
                6.17257519667743e-10,
                1.6950108350386742e-10,
                4.1212903484981925e-10,
                0.001044050742353292,
                0.9989559480587591
            ]
        ],
        [
            [
                0.999999696961961,
                3.010976397614582e-07,
                1.775499817016543e-10,
                1.3954943476919189e-11,
                1.7488943617167676e-09
            ],
            [
                7.021173065136595e-10,
                7.631118955377682e-11,
                1.72847574946388e-09,
                0.7944780866447366,
                0.2055219108483592
            ],
            [
                3.188899837765283e-10,
                2.274887544402001e-10,
                0.955348503748187,
                0.00011774717638427,
                0.044533748529049864
            ],
            [
                3.0322456934591557e-10,
                2.66765991524949e-10,
                4.21279881941598e-10,
                0.004597112963460189,
                0.9954028860452694
            ],
            [
                0.0021974241393234784,
                1.0720543517156261e-08,
                2.522390162402541e-10,
                0.5207125914480016,
                0.47708997343989235
            ]
        ],
        [
            [
                0.9054219345400322,
                0.09457806328893853,
                8.528993471718134e-11,
                1.3486958567811394e-09,
                7.370435707709804e-10
            ],
            [
                4.489095904918865e-11,
                2.770932501846403e-11,
                2.093971987370328e-10,
                0.3998846539971809,
                0.6001153457208216
            ],
            [
                5.12764724069217e-09,
                2.9417324154982585e-09,
                0.992804653222792,
                0.0035831338217888705,
                0.0036122048860395242
            ],
            [
                9.238334157809064e-10,
                3.3874040003028235e-09,
                3.68256656013041e-10,
                0.08811540660945377,
                0.9118845887110522
            ],
            [
                8.547678112018075e-10,
                5.677016037979103e-12,
                5.426259393428027e-10,
                0.015556983744858305,
                0.9844430148520709
            ]
        ],
        [
            [
                0.9999984897947385,
                1.5096414487803045e-06,
                9.092148806974597e-11,
                1.209384157795517e-10,
                3.519529143661408e-10
            ],
            [
                1.8440238027764228e-06,
                1.2272279295300826e-05,
                0.17905063928182763,
                0.8139168691703703,
                0.007018375244703937
            ],
            [
                2.1621819084225175e-09,
                2.0521740945078113e-08,
                0.99463686306798,
                0.0017667960068609974,
                0.0035963182412361064
            ],
            [
                1.5655273031438073e-09,
                3.3807512883359226e-11,
                9.361957876646756e-10,
                0.31998971006660526,
                0.6800102873978642
            ],
            [
                5.131025489771649e-11,
                1.1656645209647409e-10,
                8.339126270618365e-10,
                0.17697370734551293,
                0.8230262916526978
            ]
        ],
        [
            [
                0.9971871882066307,
                0.0028128046889799225,
                1.5713181653193712e-11,
                4.808932675293087e-10,
                6.60778295613466e-09
            ],
            [
                1.2965813481537363e-09,
                4.508835434949506e-10,
                1.571618715289011e-09,
                0.7827863602759241,
                0.21721363640499236
            ],
            [
                3.1558732862164247e-10,
                7.284123494418733e-10,
                0.9999983846544169,
                1.3954321307539606e-06,
                2.1886945262401936e-07
            ],
            [
                1.93531420899503e-10,
                2.6672811602434377e-11,
                2.2055900054125837e-10,
                0.155601908524313,
                0.8443980910349237
            ],
            [
                1.4166485113392038e-10,
                1.2469918152818455e-10,
                1.3297475216332238e-10,
                0.00041614307179159524,
                0.9995838565288696
            ]
        ],
        [
            [
                0.9963936647210861,
                0.0036063343740976458,
                1.4244048353555683e-11,
                6.727544951764366e-10,
                2.1781752701449782e-10
            ],
            [
                6.663878958865533e-06,
                4.176862764092542e-06,
                0.6114734516460394,
                0.33503704192365863,
                0.05347866568857896
            ],
            [
                8.311796057652995e-11,
                5.609713672314026e-10,
                0.9995812585749262,
                2.42909293218253e-05,
                0.0003944498516626125
            ],
            [
                2.7897771723936415e-10,
                1.3101329660509721e-11,
                4.3416241973738417e-10,
                0.00015326713793917458,
                0.9998467321358193
            ],
            [
                1.1982921538665022e-09,
                1.097476116073559e-10,
                2.152028540217694e-12,
                3.371493979517762e-06,
                0.9999966271958287
            ]
        ],
        [
            [
                0.9461009857896157,
                0.053899012983776425,
                1.4080505286788288e-10,
                9.857982379830597e-10,
                1.0000465741751886e-10
            ],
            [
                4.4141993677064346e-07,
                1.1553555119401002e-05,
                0.30118233979122655,
                0.25675081537285216,
                0.442054849860865
            ],
            [
                1.185393006688228e-09,
                8.24852497947303e-08,
                0.9634798466668151,
                4.276717763857774e-05,
                0.03647730248490347
            ],
            [
                1.3807240018078239e-08,
                7.655382744499528e-12,
                6.424190096384177e-11,
                0.0017175242101275562,
                0.9982824619107351
            ],
            [
                8.586972172800919e-09,
                5.791428426640352e-11,
                1.4649961975150876e-10,
                0.19547611460279518,
                0.8045238766058187
            ]
        ],
        [
            [
                0.999505300146812,
                0.0004946979552303891,
                1.8710919926611207e-10,
                9.413218039275908e-10,
                7.695265789696333e-10
            ],
            [
                2.0876568478590856e-06,
                0.04557456127312126,
                0.019222914783402066,
                0.9351472464693726,
                5.318981725611558e-05
            ],
            [
                1.8481426522669352e-09,
                4.259295909509395e-08,
                0.15569102499281712,
                0.4047787491631124,
                0.4395301814029688
            ],
            [
                6.508680704163517e-09,
                4.823280958699264e-10,
                1.4083154835895183e-09,
                0.024238545774357162,
                0.9757614458263186
            ],
            [
                8.905435321250905e-08,
                8.252595251172904e-10,
                2.425796475534695e-10,
                0.19540453248111728,
                0.8045953773966903
            ]
        ],
        [
            [
                0.9999995146029764,
                4.846346773229868e-07,
                3.1617054702413143e-11,
                6.125996343852926e-10,
                1.1812950688726393e-10
            ],
            [
                0.00015716416986033218,
                0.9981218964167015,
                3.7372741339214726e-06,
                0.0017168962743222252,
                3.0586498204429144e-07
            ],
            [
                9.809663620573573e-09,
                3.6458126761170684e-09,
                0.19999407930752006,
                0.53449175186582,
                0.26551415537118367
            ],
            [
                5.29346190197989e-10,
                8.317337743406617e-11,
                2.2270126369060617e-10,
                0.036879531715023686,
                0.9631204674497554
            ],
            [
                2.516737264993207e-11,
                5.79999534369289e-11,
                3.035787198107116e-09,
                0.004595791783741486,
                0.995404205097304
            ]
        ],
        [
            [
                0.9976174040407192,
                0.0023825956850128667,
                7.468467413594405e-11,
                8.3601398944301e-11,
                1.159817848620706e-10
            ],
            [
                1.7931312754050865e-09,
                1.3021644011100707e-10,
                2.7234994902445576e-09,
                0.34622767072364946,
                0.6537723246295033
            ],
            [
                2.3276316136031194e-09,
                5.1345900269627546e-09,
                0.2106789670667479,
                0.5884450967442199,
                0.2008759287268106
            ],
            [
                3.3027459030641185e-09,
                4.409022984025664e-10,
                1.21392444800441e-09,
                0.18688127000025506,
                0.8131187250421722
            ],
            [
                1.1316510711833615e-07,
                1.3684713074141562e-09,
                2.3954933317266482e-09,
                0.0013401135761923323,
                0.9986597694947359
            ]
        ],
        [
            [
                0.9999990590656302,
                9.408152664978997e-07,
                4.4510320791471866e-11,
                1.518513904244003e-11,
                5.940777923243077e-11
            ],
            [
                0.009878051806890498,
                0.9901160839580684,
                9.627648509217492e-07,
                4.520370509953743e-06,
                3.810996803068112e-07
            ],
            [
                2.0222481630097097e-09,
                2.603610064283638e-09,
                0.0010405603787052378,
                0.5957663329606658,
                0.4031931020347706
            ],
            [
                6.569310601362413e-11,
                1.9389420260975385e-11,
                1.4845180882827102e-10,
                1.244646358117089e-06,
                0.9999987551201075
            ],
            [
                1.0468535551976531e-09,
                1.6785567481890555e-10,
                2.3525442217480205e-10,
                0.04921754347657599,
                0.9507824550734604
            ]
        ],
        [
            [
                0.9999994177492985,
                5.821997341887898e-07,
                1.2727898699090432e-11,
                1.0288434571332667e-11,
                2.7951099375246787e-11
            ],
            [
                6.140631360681037e-06,
                0.00023449658024067926,
                0.08404216328330431,
                0.9139400693500326,
                0.0017771301550616834
            ],
            [
                2.0637562492644323e-11,
                7.562244378267097e-12,
                0.9999999986799764,
                5.372189882766046e-10,
                7.546048040917644e-10
            ],
            [
                3.13690687865446e-10,
                2.5354246330343923e-10,
                4.332428271289797e-12,
                0.19927333773652003,
                0.8007266616919143
            ],
            [
                8.793727055618844e-10,
                2.6773455881137226e-09,
                6.996853601934848e-11,
                0.007477955109472517,
                0.9925220412638407
            ]
        ],
        [
            [
                0.9999944813633671,
                5.5182857005485686e-06,
                1.596489218295248e-10,
                5.031343785713873e-11,
                1.4096990045003738e-10
            ],
            [
                1.0010916418845213e-10,
                1.274200561756159e-10,
                8.498985815073647e-09,
                0.5989792076200462,
                0.4010207836534388
            ],
            [
                3.84597950194563e-09,
                1.7721830469359687e-09,
                0.3795558336680342,
                0.4020199050062208,
                0.21842425570758248
            ],
            [
                5.711314144793613e-10,
                1.8282636764204607e-10,
                3.047374112671934e-11,
                0.0029602556855992603,
                0.9970397435299692
            ],
            [
                4.460009529741211e-09,
                1.1541607908377979e-10,
                1.0618000782909294e-10,
                0.015171738382005558,
                0.9848282569363889
            ]
        ],
        [
            [
                0.9982844714385032,
                0.0017155283069790691,
                9.797280203372806e-12,
                1.1956152797741807e-10,
                1.2515902577705304e-10
            ],
            [
                8.568574163387837e-08,
                6.29888674731699e-06,
                0.00013729285510742027,
                0.6553943828645075,
                0.3444619397078962
            ],
            [
                1.924797497923956e-08,
                1.1668660054177376e-09,
                0.19999964459442604,
                0.583226107190884,
                0.21677422779984892
            ],
            [
                9.370008350334868e-10,
                1.2752091740734103e-10,
                7.522033002162127e-11,
                2.3071577389559363e-08,
                0.9999999757886805
            ],
            [
                7.922715795205339e-10,
                7.893750702264385e-10,
                4.0478206863058786e-09,
                0.12669056742687732,
                0.8733094269436554
            ]
        ],
        [
            [
                0.9999883329029943,
                1.1666330294862517e-05,
                1.6549678871250058e-10,
                1.5312078302790582e-10,
                4.480933730509025e-10
            ],
            [
                6.744139778643441e-08,
                1.0661628264446897e-07,
                0.30689952241887786,
                0.35434747115791343,
                0.3387528323655283
            ],
            [
                7.124778600621482e-12,
                4.0047159424300766e-10,
                0.999999940829879,
                3.104286225118637e-09,
                5.565823834439068e-08
            ],
            [
                4.4132945132139125e-10,
                1.250086542284126e-09,
                2.1557422027318906e-10,
                0.2268854486576959,
                0.7731145494353139
            ],
            [
                1.205062697082989e-08,
                6.945091529519679e-11,
                5.6661226759967546e-11,
                4.2310935945187475e-05,
                0.9999576768873156
            ]
        ],
        [
            [
                0.9999998911926645,
                1.087142740161903e-07,
                3.6380737810363055e-11,
                1.3082165177069212e-11,
                4.359843811357086e-11
            ],
            [
                2.875398949413224e-05,
                0.3561571612036991,
                0.06452058555173394,
                0.5753901470428897,
                0.00390335221218304
            ],
            [
                7.644321137414734e-11,
                1.3620289726921926e-10,
                0.9999682825652604,
                3.170478634529406e-05,
                1.2435748168101835e-08
            ],
            [
                1.7903256771056951e-10,
                3.1036951554307405e-10,
                2.4983499450972767e-09,
                0.1982320369141323,
                0.8017679600981157
            ],
            [
                1.0851065642305845e-10,
                1.2953088536395461e-10,
                1.6874690845593075e-10,
                0.03648572284615192,
                0.9635142767470596
            ]
        ],
        [
            [
                0.9963620653639429,
                0.0036379339662377815,
                1.7238949377329644e-10,
                3.5263941201120543e-10,
                1.4479051688876515e-10
            ],
            [
                2.2678904906847257e-09,
                1.9367158284690455e-08,
                0.1635152800064961,
                0.6606478730690716,
                0.1758368252893836
            ],
            [
                1.711897739578687e-10,
                3.87740739822984e-10,
                0.9986571071944443,
                0.0013385751594410932,
                4.31708718415564e-06
            ],
            [
                3.282009030762215e-09,
                2.9927688410136913e-10,
                2.0444287360893572e-10,
                0.12458345959667955,
                0.8754165366175917
            ],
            [
                1.3013054782526597e-08,
                8.925854655344677e-10,
                1.0247783837705719e-10,
                0.1398581688564575,
                0.8601418171354245
            ]
        ],
        [
            [
                0.9999999990061672,
                9.633280283252603e-10,
                6.534715855992576e-12,
                2.9124955742012758e-12,
                2.1057415076183968e-11
            ],
            [
                2.3867913389943928e-05,
                0.8482883964393423,
                0.08792224862550517,
                0.06375941831091718,
                6.068710845337973e-06
            ],
            [
                1.933873203335068e-11,
                7.781694968394814e-10,
                0.9999999884417455,
                1.0670606529052746e-08,
                9.01396923549941e-11
            ],
            [
                1.9220519888182088e-05,
                2.3335008135204284e-12,
                1.3234568231792528e-10,
                3.7421092450767156e-08,
                0.9999807419243402
            ],
            [
                3.361679958079578e-11,
                5.7912940300390285e-11,
                5.890999355032093e-10,
                0.0045991661375442295,
                0.9954008331818262
            ]
        ],
        [
            [
                0.9989559539623594,
                0.0010440459781817992,
                7.866166547808753e-12,
                5.124047330463791e-11,
                3.522494664557636e-13
            ],
            [
                1.3395740212827067e-10,
                1.1707952823510033e-10,
                6.360294238029552e-11,
                0.3995033117129544,
                0.6004966879724057
            ],
            [
                7.292346718436902e-09,
                9.47553617914541e-09,
                0.00023680220989274851,
                0.6012384121184828,
                0.39852476890374156
            ],
            [
                9.109951584661497e-11,
                1.3380488022947165e-09,
                9.206936539189064e-10,
                0.23902302415940327,
                0.7609769734907548
            ],
            [
                2.2586974492642415e-09,
                1.7190631245580743e-10,
                3.5148338497030107e-12,
                1.6189301625885757e-05,
                0.9999838082642555
            ]
        ],
        [
            [
                0.999858003934044,
                0.00014199530068482313,
                1.5250493546898453e-10,
                6.040356893084441e-10,
                8.730526298675489e-12
            ],
            [
                1.289233426609969e-06,
                0.00010547288320012863,
                0.06482134927983921,
                0.9140091107375412,
                0.021062777865992866
            ],
            [
                3.6422212339922614e-10,
                8.228767153820364e-12,
                0.9999998640323374,
                1.2956788565922482e-07,
                6.027325978006553e-09
            ],
            [
                1.450994977079881e-09,
                3.525937617269529e-12,
                6.985054260417453e-12,
                8.337528537912914e-09,
                0.9999999902009654
            ],
            [
                2.5869584189414225e-10,
                1.9612908258313833e-09,
                3.1224494165761275e-10,
                0.34663715620822083,
                0.6533628412595476
            ]
        ],
        [
            [
                0.9999998989587044,
                1.00976341852301e-07,
                5.329042226278491e-12,
                3.1120783708093213e-12,
                5.651254747054858e-11
            ],
            [
                6.544240087813236e-10,
                7.962809093229507e-10,
                9.915882140763495e-10,
                0.796142592360445,
                0.20385740519726192
            ],
            [
                1.2301486926779679e-10,
                4.337241258231134e-10,
                0.9999954878024996,
                1.4408457351394782e-07,
                4.367556187834293e-06
            ],
            [
                1.150835497571869e-09,
                4.0928685423473116e-10,
                4.231269148582449e-09,
                0.018784298688355797,
                0.9812156955202527
            ],
            [
                2.1116696525467266e-10,
                1.5139666734768087e-12,
                3.8410170173610267e-10,
                0.005862445572468912,
                0.9941375538307485
            ]
        ],
        [
            [
                0.9986610771442587,
                0.0013389227707922282,
                8.41306606069738e-12,
                7.398173045437104e-11,
                2.5542360293765508e-12
            ],
            [
                2.629599977688718e-05,
                0.9991538963195966,
                3.6249550616658864e-06,
                0.0008153147393527642,
                8.679862120472134e-07
            ],
            [
                1.2441971452931339e-09,
                3.718630420009637e-08,
                0.19999970430308908,
                0.599996933367322,
                0.20000332389908765
            ],
            [
                1.1228321474701305e-11,
                9.032146995089718e-10,
                2.965173469369229e-09,
                0.20163465946688866,
                0.7983653366534949
            ],
            [
                1.2697917116035781e-09,
                2.2779381586907525e-10,
                3.126954449281078e-10,
                0.34642176402201,
                0.653578234167709
            ]
        ],
        [
            [
                0.9999992539460293,
                7.460087301175627e-07,
                7.756400572505582e-12,
                3.7007541518305283e-11,
                4.76687064160012e-13
            ],
            [
                1.706501296781292e-08,
                9.402200035922323e-09,
                4.599458728477203e-07,
                0.6280346271269703,
                0.37196488645994386
            ],
            [
                3.1641752469977357e-10,
                1.2216060697248187e-09,
                0.5562312834427733,
                0.44376463596053967,
                4.079058663472182e-06
            ],
            [
                7.018836382564664e-08,
                4.444923493446414e-09,
                2.91774446765587e-10,
                0.20344463158869153,
                0.7965552934862467
            ],
            [
                1.7275360820063955e-11,
                1.0220402941589333e-10,
                1.725499736856915e-10,
                0.00019830027578257936,
                0.9998016994321881
            ]
        ],
        [
            [
                0.9999632089905417,
                3.679068568906096e-05,
                7.649211681399562e-11,
                1.3610078518428646e-11,
                2.336669704615093e-10
            ],
            [
                3.2618004119653984e-05,
                0.12011300566401113,
                0.747318712968932,
                0.1318789939601422,
                0.0006566694027950671
            ],
            [
                5.933759625433647e-09,
                8.665460706492178e-10,
                0.18483217785552686,
                0.610566764830396,
                0.2046010505137715
            ],
            [
                5.415516908446814e-10,
                1.2250520973533474e-09,
                8.956370542166883e-10,
