{
    "[['A', 'B', 'C', 'D', 'E'], ['A', 'B', 'C', 'D', 'E']]": [
        [
            [
                0.997186356673982,
                0.0028136407329125324,
                2.0791139103036344e-10,
                1.8877777556450436e-09,
                4.974163808514226e-10
            ],
            [
                0.799908365965782,
                0.20009163343445474,
                1.2883889607037872e-10,
                3.6554833674740805e-10,
                1.0537614174858579e-10
            ],
            [
                1.8473949470826836e-11,
                1.625536805224719e-10,
                0.9999999765744106,
                2.274563979609396e-08,
                4.98921911896254e-10
            ],
            [
                8.31046731410258e-09,
                1.0721359172406386e-08,
                7.10993535502308e-09,
                0.4362499463883454,
                0.5637500274698927
            ],
            [
                8.156796911224931e-07,
                9.190693717731381e-08,
                8.212980826016547e-10,
                0.22965168788971194,
                0.7703474037023617
            ]
        ],
        [
            [
                0.9999682429837098,
                3.175555284528583e-05,
                2.6278989585236426e-10,
                7.908331788637527e-10,
                4.0982169114630676e-10
            ],
            [
                0.5845698367527639,
                0.4154300832587331,
                3.524758595229177e-09,
                1.6258956542992965e-08,
                6.02047879853803e-08
            ],
            [
                1.8827292406437265e-09,
                9.276421091015321e-10,
                0.9999983206755142,
                1.5838373070791155e-06,
                9.267680727673462e-08
            ],
            [
                8.266323755293368e-07,
                2.2612287217832154e-09,
                5.114139119276707e-09,
                0.5917205088067694,
                0.4082786571854873
            ],
            [
                7.661372956001635e-07,
                3.672549734383258e-09,
                5.252061911808979e-08,
                0.20216256962741727,
                0.7978366080421183
            ]
        ],
        [
            [
                0.9999999377848362,
                6.16038925989869e-08,
                9.617180848409401e-11,
                1.9088818332631566e-11,
                4.960106102358031e-10
            ],
            [
                0.9591609210902753,
                0.04083900600604486,
                1.0712525662571302e-08,
                5.4480811153693505e-08,
                7.710343043605992e-09
            ],
            [
                1.5327578476398684e-08,
                2.2525746199373014e-06,
                0.6140703649283504,
                0.234034421265122,
                0.15189294590432917
            ],
            [
                1.2717701015871139e-05,
                2.1051335537517687e-08,
                9.237555388755652e-10,
                0.5925334493387229,
                0.40745381098517014
            ],
            [
                1.6318643739060354e-10,
                2.542415067525213e-10,
                8.063205000757012e-10,
                0.5977831956523988,
                0.4022168031238527
            ]
        ],
        [
            [
                0.9998085666902505,
                0.0001914326742106574,
                5.562869609198769e-11,
                3.8118715306388374e-10,
                1.987228373380704e-10
            ],
            [
                0.5009042109774472,
                0.49802636102192627,
                7.440176578092365e-07,
                3.124844368328334e-05,
                0.0010374355392854132
            ],
            [
                1.7204469337179778e-07,
                4.6228524126507037e-07,
                0.9999923648060571,
                3.388966480208277e-06,
                3.6118975279616942e-06
            ],
            [
                1.1302666919660456e-09,
                4.4343413770253286e-10,
                2.5261959788231887e-10,
                0.5124346112570191,
                0.4875653869166605
            ],
            [
                7.4313847667477816e-06,
                2.2651326054100848e-08,
                1.550315312327464e-08,
                0.8228416639693633,
                0.1771508664913908
            ]
        ],
        [
            [
                0.9999973848669925,
                2.6092334669662795e-06,
                7.938377369784926e-10,
                8.334388003653273e-11,
                5.022358750801949e-09
            ],
            [
                0.30637607563361213,
                0.6936239048132893,
                2.6437652859944116e-09,
                5.577303219443179e-09,
                1.133203010853241e-08
            ],
            [
                3.5576992421328004e-12,
                5.7811378568073856e-12,
                0.9999999999265767,
                4.7817933091981074e-11,
                1.6266635328467232e-11
            ],
            [
                9.158309502158612e-06,
                3.45462357343005e-09,
                1.4442979772584462e-10,
                0.019069915849305345,
                0.9809209222421391
            ],
            [
                0.38449943782355517,
                1.6857886138964446e-07,
                3.991122030151106e-08,
                0.29016701762685054,
                0.3253333360595127
            ]
        ],
        [
            [
                0.9999990428104879,
                9.571163314595825e-07,
                3.9129477835805845e-11,
                3.258187140823772e-11,
                1.4694053268185453e-12
            ],
            [
                5.527478498088834e-07,
                0.0001708167829863481,
                0.4033709505362054,
                0.5600379074217332,
                0.036419772511225315
            ],
            [
                2.013450456969049e-08,
                9.79516920720567e-08,
                0.9988010215420188,
                0.001187188110883034,
                1.167226090146004e-05
            ],
            [
                2.6016817506528105e-06,
                3.2927135811984514e-10,
                2.2765710600071563e-10,
                0.3999948116431548,
                0.600002586118166
            ],
            [
                0.16704381882654856,
                7.402685154455909e-08,
                5.996954258496405e-09,
                0.4307394535872951,
                0.40221664756235054
            ]
        ],
        [
            [
                0.9997788415532203,
                0.00022115794611369884,
                2.2340048694238953e-10,
                1.8385719189454968e-10,
                9.340826171693412e-11
            ],
            [
                0.8000510084470231,
                0.1999485785996011,
                5.0449268869431365e-09,
                3.513338209813596e-07,
                5.657462776059954e-08
            ],
            [
                2.141465254819611e-08,
                1.9436026627047616e-07,
                0.8123782384626208,
                0.02430722699557362,
                0.1633143187668866
            ],
            [
                1.1025939857267905e-08,
                4.499406550813127e-09,
                1.0309400242770082e-10,
                0.7996549706816116,
                0.20034501368994792
            ],
            [
                2.1257418176840327e-06,
                1.3311341950126276e-08,
                1.5691174577613095e-08,
                0.19945147571786953,
                0.8005463695377962
            ]
        ],
        [
            [
                0.9999991861390606,
                8.134828118941092e-07,
                5.7077342796364505e-11,
                1.3499449529837278e-11,
                3.0755071904584074e-10
            ],
            [
                0.8515837187128505,
                0.14841626001448766,
                3.583382327682365e-09,
                1.0525654170777026e-08,
                7.16362524082821e-09
            ],
            [
                6.592100592488255e-09,
                1.7832366124948733e-08,
                0.9999969660990288,
                2.785199820589093e-07,
                2.7309565225230177e-06
            ],
            [
                0.4001527202162021,
                7.667095309084614e-08,
                3.0864482774943455e-09,
                0.1703905529714614,
                0.4294566470549351
            ],
            [
                0.08751066957150416,
                6.017890756342434e-08,
                8.24672333425291e-09,
                0.05392077487828384,
                0.8585684871245811
            ]
        ],
        [
            [
                0.8094815824850835,
                0.19051841138295125,
                1.2300796106050324e-09,
                1.2407251551923093e-09,
                3.661160492941926e-09
            ],
            [
                0.954972611292635,
                0.045027381864207086,
                1.4664009771903473e-09,
                3.2683219517956163e-10,
                5.0499246306884864e-09
            ],
            [
                6.466594954412952e-09,
                6.60112175880282e-07,
                0.9999579599959807,
                4.0963330467172406e-05,
                4.1009478126398144e-07
            ],
            [
                0.3393595898155506,
                0.0004379541552516578,
                2.6621654047740526e-06,
                0.2393065005847697,
                0.42089329327902325
            ],
            [
                0.16963868940964047,
                1.577882348769151e-07,
                1.331033645540195e-07,
                0.3999540790084,
                0.4304069406903601
            ]
        ],
        [
            [
                0.9954039225973605,
                0.004596076639013656,
                1.1725420592070346e-10,
                1.0428877260631846e-10,
                5.420828587931758e-10
            ],
            [
                0.19932820261314207,
                0.8006717151092552,
                5.6980607108875815e-09,
                4.547479011613052e-08,
                3.110475198204961e-08
            ],
            [
                1.9968973610248534e-11,
                6.453438426017796e-10,
                0.9999999985392825,
                2.3745486277218687e-10,
                5.579496088676327e-10
            ],
            [
                1.286987965836517e-09,
                1.0197689219566664e-10,
                3.1553009535376144e-09,
                0.2000839324300832,
                0.7999160630256509
            ],
            [
                1.995949230077824e-06,
                6.176368427755663e-07,
                1.9031091038045384e-08,
                0.29781229358632594,
                0.7021850737965102
            ]
        ],
        [
            [
                0.9989519905909269,
                0.001048008741792885,
                3.2529425985706637e-10,
                1.7600195994371918e-10,
                1.6598405311449866e-10
            ],
            [
                0.8000751350803107,
                0.1999248611451928,
                7.283251504377192e-10,
                2.841580747510341e-09,
                2.0459056671818462e-10
            ],
            [
                1.7481821481704964e-11,
                1.4479888643293603e-11,
                0.9999999999499876,
                1.2585259955667374e-11,
                5.4653974902238665e-12
            ],
            [
                2.9357453139046743e-05,
                2.4209795462275885e-08,
                4.3096352388938245e-09,
                0.5983411924156785,
                0.40162942161175175
            ],
            [
                1.581307766791322e-06,
                4.852358044033366e-09,
                1.1204556228343884e-08,
                0.20025212383299484,
                0.7997462788023241
            ]
        ],
        [
            [
                0.9999925696253311,
                7.4297614724467536e-06,
                1.8220006631513077e-10,
                3.7847396538580386e-11,
                3.931489678429549e-10
            ],
            [
                0.3784878844959056,
                0.6215120353324587,
                1.1989893890098509e-08,
                6.446157011256712e-08,
                3.7201717635485626e-09
            ],
            [
                3.481848392408393e-07,
                1.621688973191603e-06,
                0.35271946062647663,
                0.08327881968674174,
                0.5639997498129692
            ],
            [
                3.98137525026173e-06,
                1.7483909849800022e-07,
                5.666314230188672e-08,
                0.41591252875837176,
                0.5840832583641372
            ],
            [
                0.029783774420632056,
                1.0127280684107035e-07,
                4.549483267581135e-08,
                0.48240141012814663,
                0.4878146686835818
            ]
        ],
        [
            [
                0.9999880658203746,
                1.1933376061980785e-05,
                1.749536073279345e-10,
                4.448527023362874e-11,
                5.841244509592617e-10
            ],
            [
                0.5210474104812397,
                0.4789524943748606,
                5.091083938147636e-08,
                3.827181148678977e-08,
                5.961248772508756e-09
            ],
            [
                4.675436674958033e-07,
                5.406542880668328e-06,
                0.7998566248599028,
                0.1998206144373308,
                0.0003168866162182434
            ],
            [
                1.9891935713441477e-07,
                7.148217237713911e-09,
                2.4257210900167652e-08,
                0.6482692182869132,
                0.35173055138830145
            ],
            [
                0.9186293585158054,
                0.08137062299107196,
                1.511874682558813e-09,
                8.8962151377549e-10,
                1.609162647616072e-08
            ]
        ],
        [
            [
                0.9982760781619137,
                0.0017239210883291934,
                3.9732532630289787e-11,
                6.6697018877173e-10,
                4.305445020415438e-11
            ],
            [
                0.7933911984219096,
                0.20660853460652973,
                8.860090945016144e-08,
                1.2133615767129593e-07,
                5.703449351733902e-08
            ],
            [
                3.8060220170816755e-10,
                1.889273499865449e-10,
                0.9999999749200211,
                1.881193827078295e-09,
                2.2629255499792124e-08
            ],
            [
                1.837777743120733e-08,
                2.7630769546818615e-09,
                1.3541069442757399e-08,
                0.3585746079305035,
                0.6414253573875727
            ],
            [
                0.03650439669386793,
                1.0828400018492469e-08,
                8.676626241457232e-10,
                0.37034820056242673,
                0.5931473910476427
            ]
        ],
        [
            [
                0.807465013979413,
                0.19253498472162,
                3.5283223784493974e-10,
                6.375335321716733e-10,
                3.0860118465000867e-10
            ],
            [
                6.327920744830885e-07,
                0.00010217354633720997,
                0.40883045927078776,
                0.5908667685534603,
                0.0001999658373402568
            ],
            [
                1.873579304332251e-11,
                4.2839868728255405e-12,
                0.999999999704487,
                1.0412981310521656e-10,
                1.6836328054795218e-10
            ],
            [
                8.34557349020562e-06,
                2.940616795502015e-07,
                4.754674134986991e-08,
                0.5440808287301515,
                0.4559104840879374
            ],
            [
                0.1998697531300128,
                1.5462083309876787e-09,
                3.7700501120807944e-09,
                0.0021973990660782497,
                0.7979328424876505
            ]
        ],
        [
            [
                0.999696054552892,
                0.00030394330853869084,
                4.2935847926741225e-10,
                1.5186763039250685e-10,
                1.5573432137721373e-09
            ],
            [
                0.8019315399503881,
                0.19806845947461038,
                8.514279383261109e-11,
                2.948577986581941e-10,
                1.9500094258439365e-10
            ],
            [
                5.916482168198074e-07,
                5.4751540171132475e-06,
                0.8357947705422342,
                0.16414267076273745,
                5.649189279442692e-05
            ],
            [
                2.43960454008579e-10,
                1.5978477185706027e-09,
                1.7827551339119847e-10,
                0.5999759170674038,
                0.4000240809125125
            ],
            [
                1.162531118944659e-06,
                4.736761583804096e-09,
                1.3352817340462996e-08,
                0.6005033737568407,
                0.39949544562246153
            ]
        ],
        [
            [
                0.9982695747720223,
                0.0017304238931501932,
                1.5497089704303705e-10,
                3.8345618441920527e-10,
                7.964003921938279e-10
            ],
            [
                3.717455936507971e-05,
                0.0004174515883273003,
                0.0002855913349798308,
                0.8871733994009219,
                0.11208638311640601
            ],
            [
                2.706042348174369e-07,
                5.303506617421067e-06,
                0.6901634969715349,
                0.30981149327063323,
                1.9435646979697175e-05
            ],
            [
                4.660507279768978e-09,
                3.7188593617102216e-11,
                3.829834546033702e-10,
                0.19969991074557836,
                0.8003000841737422
            ],
            [
                4.78867098049718e-05,
                3.758024630538139e-09,
                1.4384172797813978e-09,
                0.0036271068409267416,
                0.9963250012528264
            ]
        ],
        [
            [
                0.9999992530548406,
                7.466883146247491e-07,
                1.354422710257609e-10,
                9.47936102573965e-11,
                2.6608861891920276e-11
            ],
            [
                0.9356997825128376,
                0.06430021576867428,
                9.013052944062134e-10,
                3.808275167784683e-10,
                4.363553504957615e-10
            ],
            [
                1.035442885882463e-06,
                3.006786509375909e-05,
                0.8583672747217082,
                0.12476810062169082,
                0.016833521348621407
            ],
            [
                0.0004950842431971064,
                7.169167607554625e-09,
                8.73856707337749e-09,
                0.03707798484504112,
                0.9624269150040271
            ],
            [
                2.086222395252932e-05,
                5.0885087719473274e-09,
                3.347507411380552e-09,
                0.13583647512794078,
                0.8641426542120905
            ]
        ],
        [
            [
                0.9999737807138537,
                2.6218787223899554e-05,
                1.6186888489856134e-10,
                2.1864246889777196e-10,
                1.1841102632336343e-10
            ],
            [
                4.182882883614068e-06,
                3.847740572976614e-05,
                0.35659071362642686,
                0.6398262411735272,
                0.0035403849114326426
            ],
            [
                6.951781597196568e-08,
                7.567309962315734e-07,
                0.9996625782293521,
                0.00015377008376984096,
                0.00018282543806583273
            ],
            [
                7.466082288787623e-07,
                3.837484649644365e-08,
                3.4479354330969374e-09,
                0.20468057540226237,
                0.7953186361667269
            ],
            [
                0.43132556644337733,
                6.140765044460463e-07,
                1.1055687411536784e-07,
                0.12872095198986677,
                0.4399527569333773
            ]
        ],
        [
            [
                0.9996146499935259,
                0.0003853492977505321,
                1.7174081870648652e-10,
                3.664332543337234e-11,
                5.003392786290391e-10
            ],
            [
                0.9997625854188139,
                0.00023741375275981852,
                4.631378127635762e-10,
                2.72854070654275e-10,
                9.243435516010277e-11
            ],
            [
                6.46568444586762e-07,
                8.487424037726426e-06,
                0.9678078854187417,
                0.03212787918273375,
                5.5101406042259345e-05
            ],
            [
                0.0017154856484843236,
                2.2869111252690006e-08,
                1.7093253708875644e-08,
                0.31906103429551647,
                0.6792234400936342
            ],
            [
                2.9493858463783303e-07,
                1.528922199681113e-08,
                3.6544730010780054e-10,
                0.40013852377257986,
                0.5998611656341661
            ]
        ],
        [
            [
                0.9998839148919478,
                0.00011608459687499153,
                2.4458331954754773e-11,
                3.362462617700496e-10,
                1.5047258302868908e-10
            ],
            [
                0.004282986023685113,
                0.9284399225134348,
                0.06229557591231843,
                0.004956459008000104,
                2.505654256165388e-05
            ],
            [
                4.342733037784161e-08,
                1.7751187926854787e-07,
                0.9999760763258797,
                2.3684942321945564e-05,
                1.7792588749260778e-08
            ],
            [
                8.191535796849698e-09,
                1.0823640403594407e-08,
                9.855711001655114e-09,
                0.5958468240361482,
                0.4041531470929646
            ],
            [
                0.0004945246668969282,
                3.2513120068222803e-10,
                2.7380795144926195e-09,
                0.39999888303085324,
                0.5995065892390392
            ]
        ],
        [
            [
                0.9760441134273173,
                0.023955880886331483,
                6.936282958582805e-10,
                2.4776453823709223e-09,
                2.5150775773886983e-09
            ],
            [
                2.3625075607396022e-07,
                2.5829404955017178e-05,
                0.7441747468612983,
                0.2556274629541655,
                0.00017172452882519568
            ],
            [
                7.335458762268438e-07,
                0.00018446815941898663,
                0.4043926631530667,
                0.5802341495093634,
                0.015187985632274763
            ],
            [
                0.022636762155064903,
                1.942127256065581e-06,
                4.193967439715853e-07,
                0.3998505154010488,
                0.5775103609198863
            ],
            [
                4.465139921810244e-07,
                1.6344535812989898e-08,
                3.6720008734005694e-08,
                0.596845809823012,
                0.40315369059845113
            ]
        ],
        [
            [
                0.8192360384611534,
                0.18076395879487658,
                8.156833423550905e-10,
                1.3016764650124394e-09,
                6.266101589603373e-10
            ],
            [
                0.21922754028375085,
                0.780768548235627,
                1.0286974894240197e-06,
                2.7093177427167333e-06,
                1.7346538998193084e-07
            ],
            [
                1.0597123214134887e-07,
                5.312508337108177e-06,
                0.7970318338737226,
                0.19836641531498814,
                0.0045963323317199795
            ],
            [
                5.514182492241604e-09,
                4.793913821926696e-09,
                2.93084265294394e-09,
                0.5756241868948513,
                0.4243757998662097
            ],
            [
                1.0971408071341016e-08,
                9.515627271183926e-11,
                3.6407932763463217e-09,
                0.39718173683361685,
                0.6028182484590255
            ]
        ],
        [
            [
                0.9989339184837451,
                0.0010660794450208836,
                3.950439566899222e-10,
                7.872293924052122e-10,
                8.889605508240599e-10
            ],
            [
                0.9455348686109725,
                0.05446512455877501,
                5.580190956473775e-09,
                7.114770087892037e-10,
                5.385845495842079e-10
            ],
            [
                2.719912644950346e-11,
                6.440816649827715e-11,
                0.9999999956975802,
                3.819188260836491e-09,
                3.91624091834568e-10
            ],
            [
                1.3475877598652012e-09,
                2.434361160158473e-09,
                1.4252205977652523e-10,
                0.599999238886309,
                0.4000007571892199
            ],
            [
                0.0001416923276956823,
                1.7642511422928386e-07,
                5.816754803075422e-07,
                0.622190243801173,
                0.3776673057705368
            ]
        ],
        [
            [
                0.9997660974722196,
                0.00023390209096405484,
                6.3947109344636026e-12,
                3.248128781506307e-10,
                1.0560884757477234e-10
            ],
            [
                3.667937279173499e-06,
                0.0002753804651900051,
                0.6077754361954536,
                0.3351543497345304,
                0.056791165667546814
            ],
            [
                4.707686445230351e-08,
                2.2294276994748212e-06,
                0.9941336656266055,
                0.005862502475965164,
                1.5553928654472559e-06
            ],
            [
                3.2189023994632924e-07,
                4.444517497075821e-09,
                9.880142920779297e-10,
                0.3845271779923263,
                0.615472494684902
            ],
            [
                1.586625003228401e-06,
                1.6872139109252015e-07,
                3.237409032686798e-08,
                4.742667049243353e-06,
                0.999993469612466
            ]
        ],
        [
            [
                0.9999997573655294,
                2.397966049160729e-07,
                2.4130887891799865e-11,
                1.865398813808309e-09,
                9.48336005198125e-10
            ],
            [
                0.7506608290406283,
                0.24933897258640936,
                5.147650087637009e-09,
                1.3387495524653725e-07,
                5.935035705544524e-08
            ],
            [
                5.898965465041502e-10,
                5.41927216728644e-09,
                0.9999901584951881,
                9.825475831557065e-06,
                1.0019811581463725e-08
            ],
            [
                6.899110785457461e-10,
                8.33143194783975e-11,
                1.6639460032971117e-09,
                0.7999967958459276,
                0.20000320171690103
            ],
            [
                0.00017191340786644672,
                5.9072798221077264e-08,
                1.4566107711903075e-08,
                0.2624260916648781,
                0.7374019212883495
            ]
        ],
        [
            [
                0.9999973090300756,
                2.6900444980470543e-06,
                3.775568494446468e-10,
                5.346554468135887e-10,
                1.3214124926198628e-11
            ],
            [
                0.5592032276850444,
                0.4407965925172576,
                2.378546963596103e-08,
                1.4288922880066786e-07,
                1.312299955260212e-08
            ],
            [
                1.0639848937434996e-10,
                2.283833013894493e-11,
                0.999999996066882,
                3.065992859193993e-09,
                7.378883639978142e-10
            ],
            [
                3.8005268651071727e-07,
                4.386334241472521e-09,
                8.529170653574433e-11,
                0.7998798171455819,
                0.2001197983301057
            ],
            [
                9.310058987339899e-07,
                4.217179754692047e-08,
                2.89804871396427e-09,
                0.5747544217094043,
                0.4252446022148507
            ]
        ],
        [
            [
                0.9993634309193121,
                0.0006365689575822833,
                5.5709385686301584e-11,
                5.997492696219237e-11,
                7.421276496318727e-12
            ],
            [
                0.9731057091717353,
                0.026894282532731274,
                9.51255555152852e-10,
                6.218905160518831e-09,
                1.1253725895784414e-09
            ],
            [
                3.2752198334909495e-06,
                0.0014800337372487295,
                0.9034896383713381,
                0.08099074821032934,
                0.014036304461250346
            ],
            [
                2.3118640516569955e-07,
                2.6053092201988817e-09,
                1.092235967977557e-09,
                0.9809008002178944,
                0.019098964898155296
            ],
            [
                4.4974080164600096e-05,
                2.6282773876034866e-09,
                5.133056111818504e-10,
                2.1890687149946976e-06,
                0.9999528337095374
            ]
        ],
        [
            [
                0.9999999954986523,
                4.47491857399906e-09,
                4.3106536736980194e-12,
                1.657627908334357e-11,
                5.542324504508478e-12
            ],
            [
                0.7461654931135964,
                0.2538344813047068,
                4.490917218394764e-09,
                1.282420167334014e-08,
                8.266577873223237e-09
            ],
            [
                1.7260326204694818e-08,
                1.523665006238042e-07,
                0.9989427639452406,
                0.0010446074854733808,
                1.245894245913676e-05
            ],
            [
                7.623278948043397e-10,
                2.0139632677493736e-08,
                2.1369284028249544e-09,
                0.4000020279956422,
                0.5999979489654689
            ],
            [
                0.0007104826087473174,
                3.617530935335896e-08,
                6.730597982295063e-10,
                0.3349682073748387,
                0.6643212731680449
            ]
        ],
        [
            [
                0.999999991368732,
                8.56360458865731e-09,
                8.487717419319645e-12,
                1.552831563567762e-11,
                4.364759497290315e-11
            ],
            [
                0.9991852144828506,
                0.0008146190646830727,
                7.019073525364542e-10,
                7.987729444554066e-11,
                1.6567068188508496e-07
            ],
            [
                4.298312051366045e-11,
                7.87885333171046e-10,
                0.9999999696253389,
                2.746753846417728e-08,
                2.076254251931636e-09
            ],
            [
                3.271248447511006e-09,
                3.0834646477768895e-10,
                2.0174206117671116e-09,
                0.39996187724891386,
                0.6000381171540706
            ],
            [
                4.48370113494852e-06,
                1.1225837357332365e-08,
                2.1695066738262474e-10,
                0.6119974644901599,
                0.3879980403659171
            ]
        ],
        [
            [
                0.9991848283678453,
                0.0008151703334565968,
                5.539800140342033e-11,
                6.48221066746818e-10,
                5.950790391921778e-10
            ],
            [
                0.7748226976433158,
                0.22517722037755547,
                8.15306623972576e-09,
                6.860241191897057e-08,
                5.223650562533047e-09
            ],
            [
                1.0387562608727864e-08,
                6.967912237542307e-08,
                0.8445343315985009,
                0.15546522944541216,
                3.588894019607072e-07
            ],
            [
                1.5806050213453988e-10,
                4.090560260199223e-10,
                6.822509977858631e-10,
                0.3357251694170217,
                0.6642748293336108
            ],
            [
                0.007468033791512676,
                1.2546721833451434e-09,
                4.9602642322687236e-09,
                0.3982494078025257,
                0.5942825521910252
            ]
        ],
        [
            [
                0.999613637155487,
                0.00038636237398826463,
                1.2836171682382486e-10,
                5.918935560209072e-11,
                2.8297374076245845e-10
            ],
            [
                0.4008798259111001,
                0.5991188290875246,
                1.792743617943188e-08,
                9.806787783025603e-07,
                3.46395160921736e-07
            ],
            [
                8.339020860369112e-08,
                1.011044407018136e-06,
                0.9244794102377634,
                0.07551760408576734,
                1.8912418537620326e-06
            ],
            [
                0.0647070743279079,
                7.175178911259243e-08,
                1.200893353488508e-07,
                0.4874277770825881,
                0.4478649567483794
            ],
            [
                6.460386009932989e-07,
                7.22850784529191e-09,
                1.1767206447499755e-09,
                0.29999829752333024,
                0.7000010480328401
            ]
        ],
        [
            [
                0.9991791357041652,
                0.0008208607273737764,
                4.237702040228655e-10,
                1.0165532964632923e-09,
                2.1281374282688578e-09
            ],
            [
                0.9982844222370799,
                0.0017155752502136556,
                6.910610268218644e-10,
                3.6832925029927175e-10,
                1.4533161799926464e-09
            ],
            [
                8.11625465159928e-11,
                1.4280124930333647e-10,
                0.9999999995442077,
                1.7000511809144906e-10,
                6.18234698984585e-11
            ],
            [
                3.384411244164757e-05,
                2.596151208607369e-09,
                1.6293602834416427e-08,
                0.3964803124512792,
                0.6034858245465251
            ],
            [
                5.442230252922689e-06,
                1.0231331111583262e-08,
                7.210761465862897e-10,
                0.4042089358590693,
                0.5957856109582705
            ]
        ],
        [
            [
                0.9999982042099458,
                1.795705258038112e-06,
                4.215437627931538e-12,
                5.5326531749354225e-11,
                2.525421236915134e-11
            ],
            [
                0.7059082941853982,
                0.294087433669704,
                1.4628291869624553e-07,
                3.3612615609214963e-06,
                7.646004180792731e-07
            ],
            [
                4.90990414489926e-08,
                1.100025792295629e-06,
                0.9999873247056067,
                1.6706360826872814e-06,
                9.855533476820507e-06
            ],
            [
                1.5050779643168912e-06,
                8.257563987922049e-10,
                1.1269984018701719e-09,
                0.555226248813036,
                0.4447722441562449
            ],
            [
                5.167549833127545e-08,
                1.970185548658877e-09,
                3.835611276158258e-09,
                0.4905147947453577,
                0.5094851477733472
            ]
        ],
        [
            [
                0.999999999818352,
                1.697009420618736e-10,
                1.0506893705564916e-13,
                4.038668761597105e-12,
                7.803289224622875e-12
            ],
            [
                0.9999681900701697,
                3.1809588171621494e-05,
                1.53336803576655e-11,
                1.4230549395140582e-10,
                1.840193305622311e-10
            ],
            [
                4.152869628870173e-06,
                0.0009813576240107584,
                0.4931843367911051,
                0.5057771024561326,
                5.305025912264702e-05
            ],
            [
                6.706504538031386e-05,
                8.339387786529184e-09,
                2.7650319539323412e-08,
                0.5995620815780714,
                0.4003708173868408
            ],
            [
                1.1827824219265537e-07,
                8.167637723464399e-09,
                1.1395170890900387e-08,
                0.6362647366587807,
                0.3637351255001685
            ]
        ],
        [
            [
                0.9997542248070386,
                0.0002457743130919352,
                4.1148584915443237e-10,
                3.7500371027602017e-10,
                9.337993077990843e-11
            ],
            [
                3.195349979450871e-05,
                0.12226750940506666,
                0.33524314298254076,
                0.5344119644410885,
                0.008045429671509592
            ],
            [
                4.10593113961911e-09,
                4.3562670296389545e-08,
                0.9999360945631546,
                2.5402563301915328e-05,
                3.845520494204389e-05
            ],
            [
                0.0002317347007096817,
                2.4964955498215357e-08,
                4.329389839637578e-09,
                0.5962591644499082,
                0.4035090715550368
