{
    "[['A', 'B', 'C', 'D', 'E'], ['A', 'B', 'C', 'D', 'E']]": [
        [
            [
                0.9999967448624296,
                3.254846115580444e-06,
                1.7333234422152855e-10,
                1.0851727311909477e-11,
                1.0727069559666219e-10
            ],
            [
                1.3681608930314436e-07,
                7.160919509182596e-06,
                0.007497155537760453,
                0.992492142213369,
                3.404513271988953e-06
            ],
            [
                2.2794615738033737e-11,
                7.956276847957405e-12,
                0.9999999998368965,
                6.981719556612801e-11,
                6.253522695104277e-11
            ],
            [
                3.7638592736023065e-08,
                2.487946277933615e-10,
                4.4386201483836853e-10,
                3.397229407502422e-05,
                0.9999659893746756
            ],
            [
                0.07518548912083743,
                1.0172100128174918e-07,
                1.6766716298277513e-08,
                0.6230287112377004,
                0.3017856811537446
            ]
        ],
        [
            [
                0.9993493092820785,
                0.0006436190796502737,
                3.5810953093046207e-10,
                2.6348074528074387e-10,
                7.0710166809421015e-06
            ],
            [
                2.9514343475488164e-07,
                6.570489524054221e-06,
                0.08795835020910442,
                0.7024844674799344,
                0.20955031667800228
            ],
            [
                2.8503489008776773e-09,
                1.0001559556356987e-09,
                0.9999718212340851,
                3.4329924749753453e-06,
                2.4741922934916154e-05
            ],
            [
                3.1196252170350155e-09,
                1.2176332422400643e-09,
                2.2935637536724336e-10,
                0.4875644071936455,
                0.5124355882397396
            ],
            [
                0.3869883669237597,
                2.0214159556759934e-08,
                2.9614783016031106e-09,
                0.00736949515051286,
                0.6056421147500897
            ]
        ],
        [
            [
                0.6124460119186713,
                0.3875539857940475,
                9.630472226780824e-10,
                4.582692382223245e-10,
                8.659647667369278e-10
            ],
            [
                6.197497656475865e-08,
                2.55121816122462e-08,
                0.00018196779399696787,
                0.7055699581879618,
                0.2942479865308832
            ],
            [
                1.3505868613080088e-10,
                3.310920176105134e-11,
                0.9999996854499857,
                2.772491688936614e-07,
                3.713267744356981e-08
            ],
            [
                2.4709386334686525e-09,
                2.812490542995256e-10,
                1.165476899719066e-09,
                0.5358354427127204,
                0.46416455336961493
            ],
            [
                3.428511346617119e-09,
                1.0471410544976912e-10,
                3.253837909263198e-10,
                0.4006336214565324,
                0.5993663746848583
            ]
        ],
        [
            [
                0.9991777988101473,
                0.0008221979035669614,
                3.409425374270449e-10,
                7.801617359066819e-10,
                2.1651814609170423e-09
            ],
            [
                3.067213110055656e-08,
                1.222517511670491e-06,
                0.028052379306323257,
                0.8450852995965933,
                0.12686106790744067
            ],
            [
                1.897992292509434e-08,
                2.5794554641861223e-08,
                0.20009170188316822,
                0.5319448283303208,
                0.26796342501203335
            ],
            [
                1.0984020025933927e-10,
                3.621376865147831e-11,
                3.4872352471740424e-10,
                0.599932372526042,
                0.4000676269791805
            ],
            [
                3.1443742188479445e-10,
                1.2907270283446148e-10,
                6.7856951535289386e-09,
                0.8018449437601287,
                0.1981550490106659
            ]
        ],
        [
            [
                0.7963355859733087,
                0.2036643175458167,
                1.257314435994412e-09,
                4.235548844675502e-10,
                9.480000526164774e-08
            ],
            [
                1.6810131131004339e-06,
                0.001351581264287104,
                0.3946835644921908,
                0.5538831225943407,
                0.050080050636068206
            ],
            [
                1.9401708572835417e-11,
                1.0002379015723157e-10,
                0.9999999983721619,
                1.4915041853827021e-09,
                1.6908188980033018e-11
            ],
            [
                3.650400357997242e-09,
                1.2683734293629853e-10,
                1.7465222360128848e-10,
                0.4265556798412972,
                0.5734443162068128
            ],
            [
                1.950598086119641e-09,
                3.4329504473017153e-09,
                4.575526138526038e-09,
                0.23239871543040314,
                0.7676012746105222
            ]
        ],
        [
            [
                0.9999858544047976,
                1.4145238015075652e-05,
                1.698437152155239e-10,
                4.096741705836165e-11,
                1.463761830769317e-10
            ],
            [
                3.021082825413509e-07,
                5.714816387057081e-06,
                0.004543298180680196,
                0.7718197710104682,
                0.223630913884182
            ],
            [
                5.20571509729584e-08,
                7.804228828154768e-09,
                0.9989301627962704,
                0.0010696368776314524,
                1.4046471822910816e-07
            ],
            [
                4.178075037310984e-07,
                3.8898708725326833e-10,
                7.533425700011713e-09,
                0.2088806323278278,
                0.7911189419422557
            ],
            [
                6.107836385655115e-11,
                7.467205266519492e-10,
                3.797642946831281e-10,
                0.5986556326717356,
                0.4013443661407012
            ]
        ],
        [
            [
                0.8035498469462096,
                0.19645015109436773,
                2.4379540162498526e-10,
                8.356889851699011e-10,
                8.7993839071307e-10
            ],
            [
                8.813249072484057e-07,
                0.0753993746096014,
                0.02775999059789131,
                0.8967603860283433,
                7.93674392567822e-05
            ],
            [
                4.262347239128748e-07,
                5.849628144671252e-07,
                0.2917121293413223,
                0.5828155135034571,
                0.1254713459576823
            ],
            [
                6.3045518500570915e-09,
                1.835002027499124e-10,
                8.655558085423275e-10,
                0.006415149848751913,
                0.9935848427976403
            ],
            [
                7.101882627331931e-07,
                7.446446921003897e-10,
                9.458327526417771e-11,
                0.23051299473420056,
                0.7694862942383087
            ]
        ],
        [
            [
                0.9122530701403588,
                0.08774692557401229,
                6.694055000144883e-10,
                1.7688586983920234e-09,
                1.847364599993871e-09
            ],
            [
                5.6011096224396076e-08,
                0.00014250514600272352,
                0.1438069426472487,
                0.6414131779553636,
                0.21463731824028875
            ],
            [
                1.5113358715778674e-11,
                1.9567481461685492e-11,
                0.9999999998049256,
                1.7218435709045267e-11,
                1.4317498319169122e-10
            ],
            [
                2.5699127913776946e-09,
                1.4726547638307634e-10,
                1.5526169612603963e-11,
                0.20948944358425906,
                0.7905105536830366
            ],
            [
                6.707027756443385e-05,
                3.189659515094254e-10,
                1.0516932615668568e-10,
                0.20000022995954803,
                0.7999326993387523
            ]
        ],
        [
            [
                0.9941286374213157,
                9.173834070872868e-06,
                1.0908158208548208e-09,
                8.548910449937993e-10,
                0.005862186798906437
            ],
            [
                2.5642664435759778e-08,
                2.4837384001395724e-06,
                0.19680550598697596,
                0.8017699379078346,
                0.0014220467241248915
            ],
            [
                1.3033723678428553e-11,
                1.4387829869473546e-10,
                0.999999998520706,
                7.513784012517538e-10,
                5.710037906110738e-10
            ],
            [
                1.2855984056050797e-09,
                6.958742159662917e-10,
                1.6898721581678779e-09,
                0.7091917525822865,
                0.29080824374636877
            ],
            [
                6.070804673288315e-09,
                6.343203548377908e-10,
                3.7629485751436945e-10,
                0.1319663302749118,
                0.8680336626436683
            ]
        ],
        [
            [
                0.9999944921698646,
                5.507518623891354e-06,
                6.551773334031155e-11,
                6.652539222013231e-11,
                1.7946860080154008e-10
            ],
            [
                7.73481779966882e-09,
                7.533430775435474e-08,
                4.915302223957144e-06,
                0.9311880779588327,
                0.06880692366981771
            ],
            [
                5.033584212121572e-07,
                2.4763743158735464e-05,
                0.057503888627007754,
                0.5887328032919511,
                0.3537380409794612
            ],
            [
                7.639007854870376e-08,
                2.3396803717589554e-09,
                2.7072305471304113e-09,
                0.5992826193405125,
                0.400717299222498
            ],
            [
                2.24779095580661e-09,
                5.3113357426525424e-09,
                2.3892017154829843e-08,
                0.03648514833623132,
                0.9635148202126249
            ]
        ],
        [
            [
                0.9999985830719412,
                1.4152410007422136e-06,
                1.4908314870083058e-10,
                2.95424417573067e-11,
                1.5084323769068704e-09
            ],
            [
                3.763979178491819e-07,
                0.0007643564084076932,
                1.1500396851694947e-06,
                0.5694916264880165,
                0.4297424906659728
            ],
            [
                2.1829554679452105e-11,
                1.328015366427976e-10,
                0.9999999857893989,
                1.2884907560105741e-09,
                1.2767479182427914e-08
            ],
            [
                1.4733121198791207e-09,
                7.208086264867562e-10,
                3.6141720974965695e-10,
                0.3997688689639813,
                0.6002311284804808
            ],
            [
                0.0003716126978508592,
                6.287516492665706e-10,
                1.824994189861586e-08,
                0.02101977644196378,
                0.9786085919814917
            ]
        ],
        [
            [
                0.9999956867918447,
                4.313161209123068e-06,
                2.91938382184478e-11,
                4.749331269313483e-12,
                1.3002886501856386e-11
            ],
            [
                2.6373081631007546e-07,
                1.9623926099054077e-06,
                0.003636844084067273,
                0.9954854760026923,
                0.000875453789814276
            ],
            [
                3.866857252427375e-09,
                1.4843410805844828e-07,
                0.22444872638336172,
                0.6103707741103911,
                0.1651803472052819
            ],
            [
                1.8568914857865897e-09,
                1.9931142392983423e-10,
                5.545785670522213e-10,
                0.4003484118246818,
                0.5996515855645368
            ],
            [
                5.074296068516143e-10,
                1.7061738783611264e-10,
                3.583102109854437e-11,
                0.38338986538259223,
                0.6166101339035298
            ]
        ],
        [
            [
                0.8445356793651556,
                0.15546431990554113,
                1.7819837631363782e-10,
                2.617685499173055e-10,
                2.893364918493421e-10
            ],
            [
                7.953401408469432e-08,
                9.349137115823929e-05,
                0.20290749432396535,
                0.7609264083812409,
                0.03607252638962144
            ],
            [
                1.8949373525991084e-11,
                4.532557200176863e-11,
                0.999998766986779,
                1.2327724388194875e-06,
                1.7650720928382485e-10
            ],
            [
                1.1322965263660368e-08,
                2.0121793786891608e-09,
                1.1816348313085255e-09,
                0.6999853992867168,
                0.3000145861965038
            ],
            [
                2.3037539397064987e-08,
                2.355548200955291e-10,
                1.1037458961717736e-10,
                5.163855220762137e-06,
                0.9999948127613104
            ]
        ],
        [
            [
                0.7751092153011824,
                0.22489078271741067,
                7.731046149185657e-10,
                8.778553745661563e-10,
                3.3044698638133893e-10
            ],
            [
                1.2449398776829997e-07,
                0.0003330816154230214,
                0.00013607085682619587,
                0.998070546330888,
                0.0014601767028750137
            ],
            [
                3.2081808084966394e-11,
                2.3525388190840944e-10,
                0.9999995417864584,
                4.559806966084701e-07,
                1.9655092114594508e-09
            ],
            [
                2.744991936569002e-07,
                2.812789798156263e-10,
                4.518770138905639e-09,
                0.2008142414663993,
                0.7991854792343579
            ],
            [
                2.2293721769737017e-10,
                1.3867424018234007e-10,
                8.20689116979579e-10,
                0.5845911102366352,
                0.4154088885810642
            ]
        ],
        [
            [
                0.9922599722834307,
                0.007740025298558869,
                3.957026404188832e-10,
                1.0234403720697582e-09,
                9.988674534525376e-10
            ],
            [
                4.965523974761753e-10,
                7.425754770827727e-10,
                1.1558652294558982e-08,
                0.6002964298227748,
                0.399703557379445
            ],
            [
                1.404576687199355e-07,
                1.6696945258368671e-07,
                0.8117390796762228,
                0.1879717157953369,
                0.0002888971013189426
            ],
            [
                1.868514277159208e-09,
                1.472240428439744e-09,
                5.826957564498579e-09,
                0.6056721890908048,
                0.39432780174148296
            ],
            [
                5.506343490493659e-06,
                9.894179532902336e-10,
                6.21597760707286e-10,
                0.0006321592011940912,
                0.9993623328442998
            ]
        ],
        [
            [
                0.9999990202819392,
                9.793861114556686e-07,
                1.611482555242867e-10,
                1.427822596274432e-10,
                2.8018976381869498e-11
            ],
            [
                6.52758975816265e-08,
                3.575682744318289e-08,
                5.866409327063005e-07,
                0.7981778366988173,
                0.201821475627525
            ],
            [
                3.7968372949508864e-10,
                1.721864620410324e-09,
                0.9999683069033033,
                3.169049117227858e-05,
                5.039760912252097e-10
            ],
            [
                2.9716203427708252e-08,
                3.7023939555096753e-10,
                2.0625214825994713e-09,
                0.4217558805472283,
                0.5782440873038075
            ],
            [
                8.82031629690262e-10,
                4.720754943614679e-10,
                1.257759866567473e-10,
                0.5709918023850494,
                0.42900819613506735
            ]
        ],
        [
            [
                0.999857608812249,
                0.0001423828561458673,
                3.8474257550980713e-10,
                3.227892963178649e-10,
                7.624073380908282e-09
            ],
            [
                6.348860010662443e-08,
                1.9966779621204412e-07,
                0.0024209847095941137,
                0.9973663580637545,
                0.00021239407025507408
            ],
            [
                2.3695535113970626e-11,
                8.470256417244809e-11,
                0.9999998238604618,
                1.666281630358895e-07,
                9.402977069801296e-09
            ],
            [
                2.532733057577967e-05,
                4.6936103505747544e-09,
                5.727191225694326e-11,
                0.7244759315248971,
                0.2754987363936449
            ],
            [
                1.0250089295161821e-07,
                2.983883827384078e-10,
                4.6412683893191655e-09,
                0.3995936173909664,
                0.6004062751684839
            ]
        ],
        [
            [
                0.9994737474935134,
                0.0005262512873740404,
                1.512581890981807e-10,
                2.57338484987322e-10,
                8.105158527519604e-10
            ],
            [
                2.818067409829776e-07,
                1.2542543187289022e-06,
                0.15756861549400794,
                0.8419344123969827,
                0.0004954360479496562
            ],
            [
                3.109589073905428e-08,
                1.9695154585852925e-06,
                0.7046751287943069,
                0.23979012781042314,
                0.0555327427839206
            ],
            [
                1.045565216652715e-10,
                5.461321872669338e-11,
                2.761120340700549e-09,
                0.3953184811901737,
                0.6046815158895362
            ],
            [
                2.332721024396651e-10,
                8.90721735803172e-10,
                3.2991370347788145e-10,
                0.5999474528206342,
                0.4000525457254582
            ]
        ],
        [
            [
                0.9971845336948528,
                0.0028154645961713668,
                3.3898333580967965e-11,
                1.3097078970800168e-09,
                3.653696137422897e-10
            ],
            [
                8.398353510323424e-08,
                2.3177751531727562e-06,
                0.0001496222293020957,
                0.9994192301974486,
                0.00042874581456096947
            ],
            [
                1.1722292397040683e-08,
                8.447069196595888e-07,
                0.9995129732289536,
                0.0004191024484165405,
                6.706789341778531e-05
            ],
            [
                1.730819183011456e-10,
                6.642267185230325e-10,
                9.721620725916775e-11,
                0.45375472991640753,
                0.5462452691490677
            ],
            [
                1.302623722193631e-07,
                6.169278424792297e-10,
                3.860498141070512e-09,
                0.1635467470812488,
                0.836453118178953
            ]
        ],
        [
            [
                0.999999592166624,
                3.465763906551927e-07,
                4.3153549010993794e-11,
                2.0885820992950928e-11,
                6.119294592483579e-08
            ],
            [
                4.6149073737628476e-08,
                8.365448646454097e-07,
                1.1739931556103777e-05,
                0.6355893752378456,
                0.3643980021366598
            ],
            [
                2.583532317540708e-07,
                1.3483654774934696e-06,
                0.43215634234009065,
                0.5647570704245485,
                0.0030849805166515893
            ],
            [
                1.0107132624858835e-07,
                1.7330137888034353e-10,
                2.2531582256800283e-10,
                0.3999478884139139,
                0.6000520101161426
            ],
            [
                0.0011416249677600368,
                3.1481925433838e-08,
                1.3973236126260776e-09,
                0.5397712752238261,
                0.4590870669291648
            ]
        ],
        [
            [
                0.9999989863468783,
                1.0101042694789942e-06,
                1.697071520675593e-11,
                2.6074189631363037e-10,
                3.2711395803676186e-09
            ],
            [
                2.9879311284008596e-09,
                4.3035409497486574e-07,
                1.1127951599264506e-08,
                0.6013708645473462,
                0.39862869098267617
            ],
            [
                8.032890487442266e-08,
                3.840876754256869e-08,
                0.0017601627758346442,
                0.7044514688094263,
                0.29378824967706657
            ],
            [
                3.5242319813574474e-07,
                7.907442367092826e-10,
                2.8344854326934646e-09,
                0.5993133000505476,
                0.4006863439010246
            ],
            [
                0.004595693114088261,
                8.000074509563263e-11,
                3.492343438145643e-09,
                0.20226455773360527,
                0.7931397455799624
            ]
        ],
        [
            [
                0.9999907487737205,
                9.250920350097187e-06,
                5.179851652890382e-11,
                1.2589109637998813e-11,
                2.4154167248015705e-10
            ],
            [
                4.114759946118075e-06,
                0.09992066563923116,
                0.029761680933580895,
                0.8694547285429022,
                0.0008588101243396988
            ],
            [
                7.838534772351055e-11,
                1.0798381553084116e-09,
                0.9999978050012764,
                1.6766813868960149e-07,
                2.026172361185073e-06
            ],
            [
                2.2517315343975785e-08,
                3.077846683509037e-11,
                4.963867906743961e-10,
                0.5999882597715775,
                0.40001171718394185
            ],
            [
                4.678970547718311e-07,
                2.0978098809936864e-09,
                3.8530208953983085e-10,
                0.5025996645361123,
                0.49739986508372097
            ]
        ],
        [
            [
                0.9954043071522428,
                0.004595688584061455,
                9.62830318891658e-11,
                2.1971320926928484e-10,
                3.947699472695104e-09
            ],
            [
                9.072034798252675e-07,
                0.015068584803447327,
                0.002041969577943152,
                0.9815381112636437,
                0.0013504271514860875
            ],
            [
                4.216499609429215e-09,
                1.5910283778291612e-06,
                0.5998029260828805,
                0.31265710211998327,
                0.08753837655225884
            ],
            [
                0.00011055878737790262,
                1.8812706278578841e-10,
                9.785723670669604e-11,
                0.40005466444608057,
                0.5998347764805573
            ],
            [
                4.6884007702872935e-09,
                7.005744478722963e-10,
                1.079786538965513e-09,
                0.21523786055729124,
                0.784762132973947
            ]
        ],
        [
            [
                0.999999998709735,
                1.1374808537299166e-09,
                2.5402288456646983e-11,
                2.1154859226807473e-11,
                1.0622713614568868e-10
            ],
            [
                2.329853886397515e-06,
                0.005642327969987194,
                0.3880077744981074,
                0.6055730116151901,
                0.0007745560628289359
            ],
            [
                1.1804072027041138e-09,
                3.565015485311198e-09,
                0.1999977951470102,
                0.4643395545614581,
                0.3356626455461091
            ],
            [
                3.4091937754078276e-11,
                2.2587619603658683e-11,
                7.173607591519108e-10,
                0.6002542496918791,
                0.3997457495340806
            ],
            [
                1.9736962807948658e-08,
                4.1101154796360793e-10,
                3.598933171445552e-10,
                0.39985842796293397,
                0.6001415515291983
            ]
        ],
        [
            [
                0.9999591227262615,
                4.087601302622552e-05,
                2.598056562457102e-10,
                3.1839256454146765e-10,
                6.825139704129433e-10
            ],
            [
                7.469929051374502e-07,
                9.748424011261092e-05,
                0.19503682763145372,
                0.7745743738550156,
                0.030290567280512902
            ],
            [
                3.805098893381516e-09,
                1.677448765619286e-06,
                0.41593277071660334,
                0.5840652599088576,
                2.8812067452305404e-07
            ],
            [
                5.512455202357973e-06,
                2.1888117309373893e-09,
                5.352516346511902e-10,
                0.5243322996125218,
                0.47566218520821246
            ],
            [
                1.9221031337239462e-05,
                1.514260560403729e-09,
                1.1180831808413416e-09,
                0.17039486610289814,
                0.829585910233421
            ]
        ],
        [
            [
                0.9992052379138009,
                0.0007947611087922182,
                2.1146551042397385e-10,
                5.366446083773599e-10,
                2.2929671319299107e-10
            ],
            [
                2.1164303658791896e-07,
                2.0232098124847998e-08,
                0.0047751010778680795,
                0.7956105616802046,
                0.19961410536679264
            ],
            [
                1.8903065827855863e-11,
                3.428097603436183e-11,
                0.9999990412582948,
                9.57035449876101e-07,
                1.653071316375129e-09
            ],
            [
                0.0006345206376710349,
                1.3287295625576234e-09,
                4.355209364676745e-10,
                0.24431163680927467,
                0.7550538407888038
            ],
            [
                4.473461159363575e-10,
                2.195240053233665e-10,
                2.848147009283589e-09,
                0.5979809091666776,
                0.4020190873183053
            ]
        ],
        [
            [
                0.9963710677790097,
                0.0036289309261202003,
                3.770893641571964e-10,
                6.03884233517979e-11,
                8.573923241572914e-10
            ],
            [
                3.778610446330625e-07,
                0.0012117881726100338,
                0.018958430621252152,
                0.979643127678776,
                0.0001862756663170911
            ],
            [
                4.232455766786178e-10,
                1.022623395547933e-09,
                0.9999807488371,
                1.923176047954603e-05,
                1.7956551479019415e-08
            ],
            [
                1.3208511682424083e-07,
                1.7776880781859664e-10,
                2.7726288930772963e-09,
                0.6238196169885459,
                0.3761802479759395
            ],
            [
                8.168229521791359e-10,
                8.871306657240368e-11,
                4.480733014723071e-10,
                3.248321628505011e-05,
                0.9999675154301056
            ]
        ],
        [
            [
                0.9999966527245482,
                3.34617523536742e-06,
                3.8847473648327505e-10,
                1.608695983739477e-10,
                5.50872157192412e-10
            ],
            [
                8.178395551509792e-08,
                1.1722722567631224e-07,
                5.5000811547375046e-05,
                0.9474014358841559,
                0.05254336429311562
            ],
            [
                3.2672793483191594e-08,
                4.149055253050411e-06,
                0.8466929667132778,
                0.13072778393333986,
                0.022575067625335888
            ],
            [
                2.929439696271445e-09,
                4.216278660930184e-10,
                9.392406218722506e-10,
                0.451435971683219,
                0.5485640240264728
            ],
            [
                0.04454002972431161,
                2.5661187401916565e-09,
                4.852280249249862e-11,
                0.1999966504459864,
                0.7554633172150604
            ]
        ],
        [
            [
                0.6878636944097827,
                0.3121362994641472,
                5.177438435998111e-10,
                2.2250155684655874e-10,
                5.385824602002963e-09
            ],
            [
                4.220932707343807e-08,
                2.725257327136838e-06,
                0.1964425872487298,
                0.7985650473025929,
                0.004989597982023123
            ],
            [
                1.4389724571594439e-08,
                8.588005409058704e-07,
                0.011809229961385044,
                0.9853762634501452,
                0.0028136333982044007
            ],
            [
                7.048819067908518e-06,
                3.4793165820339217e-09,
                5.586933003741202e-10,
                0.2006352608526215,
                0.7993576862903008
            ],
            [
                5.850985614187416e-09,
                3.7207930928527904e-10,
                8.785877317716338e-10,
                0.18879672595830194,
                0.8112032669400454
            ]
        ],
        [
            [
                0.9999908828008284,
                9.090996061089762e-06,
                8.655171134611217e-11,
                4.797200406715349e-10,
                2.5636838801681603e-08
            ],
            [
                2.712828812006195e-09,
                1.9898064101679103e-08,
                2.6856574544220894e-09,
                0.5559502088154453,
                0.4440497658880043
            ],
            [
                7.111591571018801e-08,
                3.200686284444169e-06,
                0.5312024648360468,
                0.2942761240617194,
                0.1745181393000336
            ],
            [
                2.1124474691740696e-08,
                1.4128519828330461e-09,
                3.920860441479654e-09,
                0.244858485347514,
                0.7551414881942989
            ],
            [
                2.378530719875818e-10,
                2.8033439167112623e-09,
                1.5313057674552365e-09,
                0.009979703844005004,
                0.9900202915834923
            ]
        ],
        [
            [
                0.9999999439383409,
                5.554598064169421e-08,
                1.7053952945537278e-11,
                2.404369433271026e-10,
                2.5818761933871807e-10
            ],
            [
                2.2985651032020647e-07,
                3.5156029574596404e-07,
                0.0016791055175388934,
                0.9982310769413809,
                8.92361242741312e-05
            ],
            [
                5.297525701144868e-11,
                2.0442030951730275e-10,
                0.9999999594309122,
                3.992492878881401e-08,
                3.867634555571213e-10
            ],
            [
                1.1593086106664976e-10,
                3.365737188712251e-10,
                3.2768644263567407e-10,
                0.3986860539594995,
                0.6013139452603095
            ],
            [
                0.1996968739521522,
                2.1434157204761893e-09,
                1.1121312600579228e-08,
                0.28893869493762275,
                0.5113644178454967
            ]
        ],
        [
            [
                0.9998648960015841,
                0.00013510348914016023,
                5.802400426877757e-11,
                3.987097320508324e-10,
                5.2541958791091284e-11
            ],
            [
                7.967891473001172e-08,
                0.0006168570386709308,
                0.04520339778482519,
                0.8310453282329285,
                0.1231343372646605
            ],
            [
                1.7900308451200517e-12,
                5.826578696122327e-13,
                0.9999999999863685,
                7.207878558217287e-12,
                4.050911730946942e-12
            ],
            [
                4.3438122769311895e-10,
                5.68996349397486e-10,
                4.5897024973534123e-10,
                0.026668358154593706,
                0.9733316403830585
            ],
            [
                4.870005747861602e-09,
                6.046238222915664e-10,
                8.674447004568902e-10,
                0.5354482475645839,
                0.4645517460933419
            ]
        ],
        [
            [
                0.9802829768399753,
                0.01971702051993165,
                1.1940763456366042e-09,
                6.761653007321384e-10,
                7.698514689915008e-10
            ],
            [
                1.5279568094768362e-08,
                2.9976524733157873e-07,
                5.7513953843181675e-06,
                0.8972519474522866,
                0.10274198610751359
            ],
            [
                7.739241483020887e-09,
                7.012591790651621e-05,
                0.21502086571904022,
                0.598365305507484,
                0.18654369511632785
            ],
            [
                4.6571559240524744e-11,
                4.4883826038672537e-10,
                2.9045378080228025e-10,
                0.4036008854605701,
                0.5963991137535664
            ],
            [
                6.633733512451113e-05,
                6.825148553923765e-10,
                9.965024551274099e-11,
                0.0022489046379878795,
                0.9976847572447225
            ]
        ],
        [
            [
                0.9989533721431353,
                0.0010466274951921896,
                3.9078913935117584e-11,
                2.071895552660671e-11,
                3.0187465902222024e-10
            ],
            [
                1.218257700601384e-06,
                0.07136954705950056,
                0.006369234801097536,
                0.7228351906235164,
                0.19942480925818482
            ],
            [
                2.8871958027726612e-06,
                0.07192629539805294,
                0.32036707446830676,
                0.4980199988966473,
                0.10968374404119023
            ],
            [
                3.570774393211341e-08,
                2.128747787902895e-09,
                3.0144403555463088e-09,
                0.47103989024536874,
                0.5289600689036992
            ],
            [
                7.219177890843991e-07,
                9.611027706887032e-10,
                1.5728059789486547e-08,
                0.007714695052754814,
                0.9922845663402936
            ]
        ],
        [
            [
                0.8035655155182638,
                0.1964344773359516,
                4.370347698256182e-10,
                1.0502360911470883e-10,
                6.603726182533543e-09
            ],
            [
                4.450892722929063e-07,
                0.003594565215540717,
                0.000685395503520035,
                0.9954835565970117,
                0.00023603759465538936
            ],
            [
                2.760255648310437e-11,
                7.334712975172997e-11,
                0.9999999791842518,
                3.13576412086943e-09,
                1.757903444607451e-08
            ],
            [
                2.1341728499348853e-07,
                2.5379977605423183e-09,
                2.255903582038633e-10,
                0.20014509339095155,
                0.7998546904281754
            ],
            [
                1.2236318894118362e-08,
                2.328120865814895e-10,
                1.3307055587580862e-09,
                0.14651215675427062,
                0.8534878294458927
            ]
        ],
        [
            [
                0.9989492145214671,
                0.0010507843234819753,
                2.381077180990472e-10,
                8.332548381319232e-10,
                8.368833683759239e-11
            ],
            [
                2.9376591088239123e-07,
                3.8264399766549594e-05,
                1.137412016173037e-05,
                0.7088819756666751,
                0.29106809204748585
            ],
            [
                5.8281019719710595e-08,
                1.590267420364046e-07,
                0.8585693816631054,
                0.13086912927679328,
                0.010561271752339672
            ],
            [
                5.231855539677442e-07,
                4.816592544144975e-10,
                1.558241905500105e-09,
                0.5881855937389997,
                0.4118138810355451
            ],
            [
