{
    "[['A', 'B', 'C', 'D', 'E'], ['A', 'B', 'C', 'D', 'E']]": [
        [
            [
                0.800472693582661,
                0.19952730541764252,
                2.8971917976517722e-11,
                7.038535442675145e-10,
                2.6687094879668545e-10
            ],
            [
                1.4748192535610248e-09,
                2.748010354832715e-07,
                5.587243360537654e-06,
                0.8001084591616278,
                0.1998856773191569
            ],
            [
                1.5603065520898182e-08,
                7.907650740753134e-09,
                2.4964127997542023e-05,
                0.7861019947464365,
                0.21387301761484975
            ],
            [
                5.670170693817331e-09,
                8.263447833472218e-10,
                3.5154616680319197e-09,
                0.5703826800381986,
                0.4296173099498243
            ],
            [
                7.066865862986547e-11,
                1.1899824025152964e-09,
                2.6051821915122466e-09,
                0.1703948555550994,
                0.8296051405790673
            ]
        ],
        [
            [
                0.9999985827275192,
                1.416585393079142e-06,
                1.7215526542100205e-10,
                4.3870426722438154e-10,
                7.622810374180022e-11
            ],
            [
                1.3912432097696333e-06,
                1.916947124744587e-05,
                0.04448061433719916,
                0.829971421196415,
                0.12552740375192847
            ],
            [
                1.828770618979678e-08,
                3.0292321905027727e-06,
                0.0017155193763101174,
                0.4538392687329401,
                0.544442164370853
            ],
            [
                1.8356531494611538e-09,
                5.59230501883102e-10,
                1.8249192632769426e-10,
                0.23139769446687727,
                0.768602302955747
            ],
            [
                4.890055176056191e-10,
                3.509890305440972e-09,
                1.132940864147728e-08,
                0.7924600944028906,
                0.20753989026880493
            ]
        ],
        [
            [
                0.9963936261465632,
                0.00360637236460604,
                4.695053793566185e-10,
                5.371233267299235e-10,
                4.822019258311586e-10
            ],
            [
                1.4389290771274244e-09,
                8.719570883783766e-09,
                2.710012088164947e-07,
                0.4017308962831708,
                0.5982688225571204
            ],
            [
                6.147745716018243e-07,
                1.0467481352700955e-07,
                0.00076753832715963,
                0.7841159868193072,
                0.2151157554041481
            ],
            [
                1.6613836116907107e-06,
                6.559883042950967e-09,
                2.7672027233186817e-08,
                0.39999966433854695,
                0.5999986400459312
            ],
            [
                2.3621431538834466e-08,
                1.1253827450415891e-08,
                7.837883174218234e-09,
                0.20089970516697112,
                0.7991002521198867
            ]
        ],
        [
            [
                0.9925346102708155,
                0.007465388155690704,
                4.0341717398917497e-10,
                2.9868357701282227e-10,
                8.713932028447851e-10
            ],
            [
                9.407747152083545e-07,
                0.00016442253725274317,
                0.20104518526350015,
                0.7650707590652149,
                0.0337186923593169
            ],
            [
                1.2079968190831483e-07,
                5.8606326939922374e-06,
                0.03648408288332301,
                0.7651390859218855,
                0.1983708497624155
            ],
            [
                1.2964581136488374e-07,
                1.1417578181892975e-08,
                2.186158751923958e-08,
                0.5999138778073367,
                0.40008595926768614
            ],
            [
                1.0757388190265304e-10,
                8.109049500076576e-10,
                1.7219366101805235e-10,
                0.6001250191821319,
                0.3998749797271956
            ]
        ],
        [
            [
                0.9999882392063105,
                1.175956986712039e-05,
                5.965822397994999e-10,
                1.0211912318510874e-10,
                5.251209965166555e-10
            ],
            [
                1.8352231102663885e-07,
                4.70660291910274e-08,
                2.5349214144313566e-05,
                0.8217095929792654,
                0.1782648272182501
            ],
            [
                3.0105720458044044e-09,
                8.093148177439852e-08,
                0.8180039779537346,
                0.18197173208981293,
                2.4206014398686523e-05
            ],
            [
                6.210299842890365e-08,
                5.446672296607753e-06,
                9.504513167481109e-07,
                0.20216028709399772,
                0.7978332536793905
            ],
            [
                6.338522731398807e-11,
                3.2437208633258003e-10,
                6.456188821141803e-09,
                0.5994805334857461,
                0.4005194596703077
            ]
        ],
        [
            [
                0.9971755963953768,
                0.002824397522721012,
                2.7338986354222163e-11,
                2.140777864410069e-10,
                5.840485497556656e-09
            ],
            [
                3.699530806369074e-08,
                2.3217968361027458e-08,
                9.333434253683909e-06,
                0.7991732288773336,
                0.2008173774751363
            ],
            [
                2.2472102256727157e-08,
                5.508748393639186e-08,
                0.17615853051865285,
                0.8238402385396736,
                1.1533820874788019e-06
            ],
            [
                7.690091250230125e-10,
                5.69826066826013e-09,
                9.752597719201639e-09,
                0.7926353817802381,
                0.20736460199989434
            ],
            [
                1.078680703258062e-09,
                3.451909540634074e-09,
                8.702916310432357e-09,
                0.9693936842679377,
                0.030606302498555754
            ]
        ],
        [
            [
                0.9999829883706925,
                1.7010645252187972e-05,
                1.1974943257243386e-10,
                5.294867649623537e-10,
                3.3481903427512574e-10
            ],
            [
                6.166072026614423e-07,
                1.2723236616174272e-05,
                9.632168957100623e-05,
                0.9980151085155711,
                0.0018752299510391716
            ],
            [
                1.0747081561507795e-07,
                1.7282561347639342e-07,
                0.0010945943071852112,
                0.6416425855397847,
                0.35726253985660106
            ],
            [
                1.5047328992807946e-07,
                2.3662343358366233e-09,
                8.509452889234078e-09,
                0.09935147658631308,
                0.9006483620647098
            ],
            [
                2.8764633255598956e-10,
                2.066535159532702e-10,
                6.876956834658918e-10,
                0.6018101034542421,
                0.39818989536376226
            ]
        ],
        [
            [
                0.9991832519378252,
                0.0008167471250892051,
                6.013888474779672e-11,
                3.273487817251517e-10,
                5.495979229867206e-10
            ],
            [
                2.772825532978908e-09,
                6.516683015454752e-08,
                1.4204196088856454e-07,
                0.7999420378162143,
                0.20005775220216904
            ],
            [
                9.141529096734303e-09,
                3.678379925115641e-08,
                7.944414619412287e-07,
                0.6689033372389795,
                0.33109582239423013
            ],
            [
                4.6852644437121804e-11,
                6.003442401268289e-09,
                1.2073622291741763e-10,
                0.5999999493859957,
                0.4000000444429731
            ],
            [
                4.7114239761936346e-08,
                5.779887486774918e-09,
                1.7358935615585086e-09,
                0.4035780411122833,
                0.5964219042576959
            ]
        ],
        [
            [
                0.9999999936038204,
                6.195532460682699e-09,
                1.5867958282704897e-11,
                2.5468351150529134e-11,
                1.5931076633295538e-10
            ],
            [
                7.39394172334785e-08,
                5.613505958775938e-09,
                1.771837070194169e-08,
                0.6886616826451714,
                0.31133822008353473
            ],
            [
                1.8164434267132625e-09,
                7.871264299657934e-10,
                0.19994600113534092,
                0.8000159779954793,
                3.8018265610021344e-05
            ],
            [
                6.702596463371789e-10,
                1.7839434442565027e-09,
                1.9914446125431895e-09,
                0.5850628302328982,
                0.414937165321454
            ],
            [
                6.711162938476215e-05,
                7.31679051171045e-09,
                7.266351628636315e-08,
                0.6048088930143349,
                0.39512391537597347
            ]
        ],
        [
            [
                0.9999999870891252,
                1.2738039659335716e-08,
                1.4304113671913079e-11,
                7.325998173275498e-11,
                8.527107484535455e-11
            ],
            [
                2.507354940419719e-07,
                1.6033668957166314e-06,
                0.0068581767933422345,
                0.9871330812202161,
                0.006006887884051919
            ],
            [
                3.1398162215253477e-09,
                1.648965266677989e-09,
                3.501408504740842e-07,
                0.8035677215343087,
                0.19643192353605946
            ],
            [
                1.223429830497531e-10,
                5.088114088615837e-10,
                1.7194320256277089e-09,
                0.7734089347048935,
                0.22659106294452003
            ],
            [
                8.611339015427984e-05,
                6.689120072108921e-10,
                9.466505111394693e-09,
                0.20000016125744313,
                0.7999137152169854
            ]
        ],
        [
            [
                0.9953372898436835,
                0.004662710077355855,
                3.722093071310514e-12,
                3.8005096698866985e-11,
                3.723340229266941e-11
            ],
            [
                4.856994048838618e-09,
                5.8457641376420086e-08,
                7.064300884742721e-07,
                0.7416823547966253,
                0.2583168754586509
            ],
            [
                1.465803345962655e-09,
                7.884633614414543e-09,
                0.0001725302097234014,
                0.7969607425458749,
                0.20286671789396477
            ],
            [
                4.3167381472955475e-10,
                3.571852936699517e-11,
                2.006124222370846e-09,
                0.7999456112435746,
                0.20005438628290886
            ],
            [
                5.805611545623185e-07,
                6.156349135889425e-10,
                2.114586834532381e-09,
                0.003600287080445685,
                0.996399129628178
            ]
        ],
        [
            [
                0.8045804228933587,
                0.19541957653669462,
                3.028698078369643e-11,
                5.026299074835782e-10,
                3.702969311900266e-11
            ],
            [
                2.958615439180958e-09,
                8.90487163999821e-09,
                3.419866966025716e-07,
                0.7462071529307376,
                0.2537924932190787
            ],
            [
                1.3883209660190198e-08,
                3.638546446042387e-08,
                0.12388688003490238,
                0.8009751131165189,
                0.07513795657990453
            ],
            [
                1.8919035415080509e-10,
                2.985845233439597e-10,
                1.1169775240599726e-08,
                0.5704034567748641,
                0.4295965315675857
            ],
            [
                1.170543854013763e-06,
                9.790548121331122e-10,
                2.9506218109794157e-08,
                0.7895959581301715,
                0.21040284084070163
            ]
        ],
        [
            [
                0.999997815573153,
                2.181005274579849e-06,
                2.5483075435921165e-11,
                2.425256271213858e-10,
                3.1535635699269835e-09
            ],
            [
                5.420800332193972e-08,
                3.839396476900306e-05,
                8.856543228413117e-06,
                0.9994850524971046,
                0.0004676427868945691
            ],
            [
                5.101336329197288e-09,
                1.7552426459772412e-09,
                0.399975641609169,
                0.3998632475095684,
                0.20016110402468365
            ],
            [
                1.0953069443990938e-09,
                8.422669323650827e-11,
                1.034861161674746e-10,
                0.43543426239866495,
                0.5645657363183153
            ],
            [
                2.337277403733729e-08,
                2.2791918765704806e-09,
                1.410148570417686e-10,
                0.5842233769892179,
                0.41577659721780136
            ]
        ],
        [
            [
                0.999996630100631,
                3.3698477198621714e-06,
                2.6424796319254668e-11,
                3.2198890147153756e-12,
                2.2004555041137586e-11
            ],
            [
                9.923796703669004e-09,
                6.8615848814400305e-09,
                2.545812840669966e-07,
                0.522125138389792,
                0.4778745902435423
            ],
            [
                9.789463941037818e-08,
                2.2303998837972577e-07,
                0.17152149668289707,
                0.818977998192883,
                0.009500184189592148
            ],
            [
                1.943917234025997e-10,
                2.9338969101435965e-09,
                3.814030779395117e-09,
                0.599803203484927,
                0.40019678957275356
            ],
            [
                1.0085211947294355e-10,
                1.0831024954466707e-09,
                1.7475782240174515e-08,
                0.38093080697193377,
                0.6190691743683293
            ]
        ],
        [
            [
                0.9999966587614376,
                3.340738177739219e-06,
                9.238683247450059e-11,
                1.3878094470163115e-10,
                2.6921681174099974e-10
            ],
            [
                3.1188452719199913e-09,
                3.1315604770561353e-09,
                3.658315167034907e-08,
                0.6094033203421925,
                0.39059663682425
            ],
            [
                1.0435259903265569e-08,
                3.5033808317138195e-09,
                1.9249600377261783e-05,
                0.804526280760376,
                0.1954544557006059
            ],
            [
                6.904055663362972e-11,
                5.396589026581315e-10,
                5.45211937986218e-09,
                0.200234967883575,
                0.7997650260556062
            ],
            [
                1.5970282582753828e-08,
                2.4725078127587855e-08,
                7.218096713268993e-09,
                0.46256562654927436,
                0.5374343255372681
            ]
        ],
        [
            [
                0.99631657427686,
                0.0036834241484714446,
                4.945571768132328e-10,
                2.8775352510245604e-10,
                7.923578337540215e-10
            ],
            [
                1.0518422297289456e-08,
                4.643652372794817e-08,
                8.086599110321059e-07,
                0.7684037210598436,
                0.23159541332529937
            ],
            [
                1.5748799727853188e-08,
                8.131671588874284e-07,
                0.0005409119555691053,
                0.5892469712809592,
                0.41021128784751304
            ],
            [
                1.312551292356376e-09,
                6.717491532572204e-10,
                2.835457460296979e-09,
                0.5761403268705375,
                0.4238596683097045
            ],
            [
                3.538729415661311e-09,
                1.2919887274301299e-09,
                1.5669981812229992e-10,
                0.4500643646589049,
                0.5499356303536772
            ]
        ],
        [
            [
                0.9999992159204721,
                7.835703479278988e-07,
                6.226572510925999e-12,
                7.510658867243364e-11,
                4.2784665773398755e-10
            ],
            [
                6.3941655891819755e-09,
                1.411038739871467e-09,
                3.142918881554325e-08,
                0.605991152985368,
                0.3940088077802389
            ],
            [
                2.6796345805151995e-06,
                0.03033756423110406,
                0.13060579701687902,
                0.6709047858321526,
                0.16814917328528378
            ],
            [
                2.400000244872304e-10,
                8.739022051666311e-10,
                1.4352334664668189e-08,
                0.19937347627263974,
                0.8006265082611234
            ],
            [
                7.222523500993789e-08,
                4.9330988833644734e-09,
                2.1292247410728876e-08,
                0.581651514990918,
                0.41834838655850065
            ]
        ],
        [
            [
                0.999996629225624,
                3.3699753297957444e-06,
                1.727324139598952e-10,
                4.846737151878591e-10,
                1.4164002311472164e-10
            ],
            [
                1.6196433404960967e-08,
                1.1870594513861366e-08,
                1.7911400363915826e-05,
                0.7766321767247273,
                0.22334988380788076
            ],
            [
                8.326937652189468e-09,
                3.4527485244173865e-08,
                9.766860780033557e-08,
                0.7087029978244377,
                0.29129686165253166
            ],
            [
                2.4422702239490527e-09,
                1.0422082715546126e-08,
                2.9390986312962117e-09,
                0.5904957152235778,
                0.40950426897297054
            ],
            [
                9.455269834403326e-10,
                2.88238182327334e-10,
                6.692226560382205e-10,
                0.036525936452468336,
                0.9634740616445439
            ]
        ],
        [
            [
                0.9999999995423763,
                4.480731829920048e-10,
                4.115992463236875e-12,
                8.260769553348373e-13,
                4.608518605182023e-12
            ],
            [
                7.3973903452246925e-09,
                7.381088528290693e-10,
                1.7711685068344115e-06,
                0.2914812136022718,
                0.7085170070937221
            ],
            [
                1.5361525523222287e-08,
                3.387142557375549e-09,
                1.1708242404870472e-05,
                0.7894687851561891,
                0.2105194878527379
            ],
            [
                7.455922761072069e-07,
                2.4618460479602425e-10,
                1.8770233235967362e-10,
                0.39969428927610856,
                0.6003049646977284
            ],
            [
                1.6982507956773238e-07,
                9.567937755279386e-10,
                1.8484393060941974e-09,
                0.2071049554929044,
                0.792894871876783
            ]
        ],
        [
            [
                0.8364835694885457,
                0.1635164285499898,
                1.767107122796935e-10,
                7.845127642460364e-10,
                1.0002409729131351e-09
            ],
            [
                1.8836212431097277e-07,
                4.7493646321925366e-07,
                6.258080407382727e-05,
                0.7992450286823161,
                0.20069172721502254
            ],
            [
                2.746202202828418e-07,
                5.8785485026036824e-05,
                0.011153553443264594,
                0.5759358774425671,
                0.4128515090089219
            ],
            [
                4.491906958262371e-09,
                2.773299365701145e-09,
                7.906724243396422e-09,
                0.40620420253132705,
                0.5937957822967423
            ],
            [
                7.691110814832287e-10,
                4.442211242155849e-11,
                9.24832622222985e-09,
                0.395156885353977,
                0.6048431045841636
            ]
        ],
        [
            [
                0.9994921059015167,
                0.0005078920911154323,
                2.6456510595622033e-10,
                3.774534639460654e-11,
                1.7050572694494548e-09
            ],
            [
                1.1927610705337997e-07,
                6.099406127668308e-08,
                0.0008449585256761424,
                0.9987589882253061,
                0.00039587297884949947
            ],
            [
                9.787112996450955e-09,
                8.93793326963727e-09,
                6.074161603700372e-08,
                0.40046520567224747,
                0.5995347148610902
            ],
            [
                3.360320749739983e-08,
                3.445933722797248e-09,
                1.070605288088005e-08,
                0.219560581013939,
                0.7804393712308668
            ],
            [
                1.3969822434509644e-10,
                3.6232599058022334e-11,
                4.0389455683719075e-10,
                0.8000319082284052,
                0.19996809119176948
            ]
        ],
        [
            [
                0.9808984116984539,
                0.01910158551818877,
                5.462842516475351e-10,
                2.9127795678391497e-10,
                1.9457950207939273e-09
            ],
            [
                1.0099360667456097e-06,
                2.0020826238119094e-07,
                0.29722429548326906,
                0.6052721995867836,
                0.09750229478561816
            ],
            [
                8.938983473341208e-08,
                7.2829582634880836e-06,
                0.4227557256739195,
                0.5435170400040988,
                0.03371986197388345
            ],
            [
                4.471888056503726e-09,
                5.525276618901254e-10,
                9.539250869009208e-09,
                0.4000127281390587,
                0.5999872572972748
            ],
            [
                7.223036480061715e-10,
                4.915723785353494e-09,
                6.148448993203874e-10,
                0.4279314659613739,
                0.5720685277857537
            ]
        ],
        [
            [
                0.999605454008417,
                0.0003945448733357162,
                6.511973210288854e-11,
                6.617734707762388e-10,
                3.9135413306496255e-10
            ],
            [
                1.2964288488948539e-07,
                2.109866015111316e-07,
                5.943769511516017e-05,
                0.9990714312979444,
                0.0008687903774539633
            ],
            [
                3.9648140167484877e-10,
                2.56922488332879e-08,
                1.7316822603176443e-07,
                0.38772603650289617,
                0.6122737642401476
            ],
            [
                6.142673330532976e-09,
                2.502606190824955e-09,
                4.458275330065877e-09,
                0.5986820133818406,
                0.4013179735146045
            ],
            [
                1.158915714758656e-09,
                2.303166743443187e-09,
                2.7221816248182664e-10,
                0.5996751183374205,
                0.40032487792827887
            ]
        ],
        [
            [
                0.9999999808768226,
                1.9080038702527834e-08,
                3.5926598052934814e-12,
                9.184539759644395e-12,
                3.0361488656252093e-11
            ],
            [
                1.419125983390685e-07,
                0.0003853787752431741,
                0.0011159605754588516,
                0.997695978650899,
                0.0008025400858006031
            ],
            [
                2.174241595454139e-09,
                1.4182163003959302e-08,
                2.7618586139036075e-07,
                0.4265541860089705,
                0.5734455214487635
            ],
            [
                1.4559157011557276e-09,
                4.985056876128565e-10,
                3.881319484343779e-09,
                0.2000568492662631,
                0.799943144897996
            ],
            [
                1.3043304901522677e-07,
                1.9181382742404956e-09,
                1.7137196400514003e-08,
                0.4000250047663483,
                0.599974845745268
            ]
        ],
        [
            [
                0.999999391685257,
                6.080977108538533e-07,
                1.978057364166733e-11,
                6.865080767500365e-11,
                1.2860078698719353e-10
            ],
            [
                5.093008217966756e-08,
                2.4421509518048538e-08,
                6.478161436704936e-05,
                0.9995410063216652,
                0.0003941367123760354
            ],
            [
                7.331244709764282e-10,
                3.4725248916344874e-09,
                6.391346869767822e-07,
                0.8296087181541657,
                0.17039063850549802
            ],
            [
                2.000991743405523e-08,
                1.919398565441762e-08,
                2.7565385005798803e-07,
                0.588720149478429,
                0.41127953566381775
            ],
            [
                1.9509028538216464e-06,
                2.9890061997595103e-09,
                1.5505009020133988e-10,
                0.7924865856507273,
                0.20751146030236262
            ]
        ],
        [
            [
                0.9999849046456124,
                1.5093406139289403e-05,
                8.699160162975778e-11,
                2.99959161422492e-10,
                1.561297476999443e-09
            ],
            [
                7.331178794232672e-09,
                3.169846313915037e-08,
                2.633037905329592e-07,
                0.6462115544355818,
                0.3537881432309858
            ],
            [
                1.3223502516976393e-06,
                1.795833367877195e-07,
                0.5137486339739463,
                0.4180790111707576,
                0.06817085292170769
            ],
            [
                1.5385166619565363e-10,
                7.01667662699738e-11,
                6.572796032813513e-09,
                0.39971577029894967,
                0.6002842229042359
            ],
            [
                0.0003846164808514069,
                5.0351459819929476e-09,
                1.6630445073883522e-10,
                0.5550996992134299,
                0.4445156791042682
            ]
        ],
        [
            [
                0.9999984053043011,
                1.5930355151253738e-06,
                2.2612517244066122e-10,
                2.5674961491476153e-10,
                1.1773091017191506e-09
            ],
            [
                3.7172441077521975e-07,
                2.822937553134077e-07,
                0.41831916802955427,
                0.5722539395623989,
                0.00942623838988076
            ],
            [
                9.081362359206192e-09,
                8.948807460211916e-08,
                3.004118968222357e-05,
                0.6302312564564913,
                0.36973860378438955
            ],
            [
                3.361462841566274e-11,
                3.5089901567505455e-10,
                1.2041649040859972e-09,
                0.5991869170373298,
                0.4008130813739915
            ],
            [
                5.2545676043230105e-09,
                9.272257295975721e-09,
                4.509495000724724e-09,
                0.19963491006484463,
                0.8003650708988355
            ]
        ],
        [
            [
                0.9416161926610088,
                0.058383803438300394,
                8.583087105533626e-10,
                5.072486094017104e-10,
                2.5351336294504356e-09
            ],
            [
                4.2106458484422815e-08,
                5.8670549932069915e-08,
                1.9344056412303837e-06,
                0.5882904616078005,
                0.41170750320954985
            ],
            [
                1.8983296820879154e-08,
                1.743993051708171e-06,
                8.48820779797987e-05,
                0.8012517262345222,
                0.19866162871114948
            ],
            [
                5.50763739620625e-06,
                1.222279950217959e-09,
                1.8095287464018932e-10,
                0.1761638464938421,
                0.8238306444655289
            ],
            [
                1.7152427079496058e-08,
                2.7987011186431213e-09,
                6.28110769611754e-09,
                0.03822036722603418,
                0.9617796065417299
            ]
        ],
        [
            [
                0.7989190293565501,
                0.20108096904187706,
                4.2501292335789347e-10,
                1.252572270560279e-10,
                1.0513027337937454e-09
            ],
            [
                1.3463371312778885e-07,
                4.384922094634393e-06,
                3.897022572810165e-05,
                0.970110044817168,
                0.029846465401296166
            ],
            [
                4.998014387632113e-08,
                6.80045678692973e-08,
                1.2196735540341853e-06,
                0.7953944332375431,
                0.2046042291041911
            ],
            [
                1.8433401834379385e-09,
                7.650142946541674e-10,
                1.4504557628739447e-08,
                0.8136810883635832,
                0.1863188945235047
            ],
            [
                5.977205093948058e-10,
                1.168897699726029e-09,
                8.897633396652151e-10,
                0.4010267117969014,
                0.5989732855467169
            ]
        ],
        [
            [
                0.9999991927410559,
                8.069778786143834e-07,
                2.5673941300125603e-11,
                1.41056546445156e-10,
                1.1433515302220313e-10
            ],
            [
                1.1142077710236065e-09,
                1.616722930697285e-08,
                8.435185509456461e-08,
                0.23082374672501663,
                0.7691761516416912
            ],
            [
                3.041016871539944e-08,
                5.285153840641785e-07,
                0.007165776796236772,
                0.3605846930653321,
                0.6322489712128784
            ],
            [
                4.0012279903560746e-09,
                2.79224147812185e-09,
                3.861370341994802e-09,
                0.4190813845269086,
                0.5809186048182516
            ],
            [
                3.882131067659168e-08,
                1.4814895836431998e-08,
                1.3937231164032632e-08,
                0.6008123137389676,
                0.3991876186875947
            ]
        ],
        [
            [
                0.9996235824502772,
                0.0003764167409489527,
                1.5610610988204832e-10,
                8.986163160183584e-11,
                5.628060229432379e-10
            ],
            [
                1.8150204245061403e-06,
                0.015089560029277738,
                0.13745601629370627,
                0.7086998028642812,
                0.13875280579231017
            ],
            [
                3.066388748646282e-08,
                2.26179848151334e-08,
                0.0010442147408842946,
                0.7875186845684006,
                0.21143704740884284
            ],
            [
                1.5718234478819236e-10,
                1.0780236574482619e-09,
                2.6881624089529734e-10,
                0.7997463827860871,
                0.20025361570989067
            ],
            [
                7.890324456375922e-10,
                2.2192975885847904e-10,
                6.776442845852559e-09,
                0.20008181788316043,
                0.7999181743294346
            ]
        ],
        [
            [
                0.9964007075552813,
                0.003599290538189562,
                5.385795526113182e-10,
                6.813040982624437e-10,
                6.866453907732959e-10
            ],
            [
                1.5092455238092038e-07,
                1.9805739919694948e-06,
                0.023832389928503776,
                0.806745964905906,
                0.1694195136670458
            ],
            [
                6.215496764379865e-07,
                1.7733511978416894e-05,
                0.5427098051688103,
                0.3327563846264624,
                0.12451545514307241
            ],
            [
                8.309648607407216e-09,
                6.195989983805736e-10,
                1.9884890095789557e-08,
                0.7999769356120777,
                0.2000230355737845
            ],
            [
                2.674207331982163e-10,
                3.340531801087287e-11,
                6.804884739090114e-11,
                1.4786687564214091e-06,
                0.9999985209623687
            ]
        ],
        [
            [
                0.9997380731678552,
                0.0002619263054455371,
                2.501981025561467e-10,
                7.76121004844043e-11,
                1.9888903470569388e-10
            ],
            [
                5.657322536761507e-09,
                4.563188232354251e-08,
                3.789784091044964e-08,
                0.4248571184546859,
                0.5751427923582683
            ],
            [
                9.033307002897505e-09,
                3.007813717201578e-08,
                0.0001825503411425435,
                0.7547218388146257,
                0.24509557173278754
            ],
            [
                4.980601459154637e-09,
                1.8061945448878818e-10,
                4.79763624329487e-09,
                0.46579335728349447,
                0.5342066327576485
            ],
            [
                1.4178343506424951e-11,
                1.8946954808876694e-10,
                1.125548705971867e-09,
                0.599959198813911,
                0.40004079985689234
            ]
        ],
        [
            [
                0.9999998689105742,
                1.3102755034186444e-07,
                5.228650959094825e-12,
                2.0939043163157545e-12,
                5.455288566953982e-11
            ],
            [
                2.7275139403723e-07,
                2.139603630734869e-05,
                0.0040585725219604435,
                0.42788119552359904,
                0.5680385631667392
            ],
            [
                1.7340783095643274e-07,
                2.797048417868282e-06,
                0.0017694035040775285,
                0.603635786082489,
                0.39459183995718466
            ],
            [
                1.9860135426422774e-09,
                5.661894680901808e-10,
                2.041377755924865e-09,
                0.19997056000870084,
                0.8000294353977184
            ],
            [
                2.014180017802808e-09,
                8.00501141859581e-09,
                1.9943746238224994e-08,
                0.7514198026883362,
                0.24858016734872615
            ]
        ],
        [
            [
                0.9999950231391151,
                4.973372929437381e-06,
                1.1335356913711305e-10,
                4.916617892054737e-10,
                2.882940001495986e-09
            ],
            [
                3.2352897084457434e-09,
                3.835927072862433e-09,
                4.446398582767625e-07,
                0.6430243058106446,
                0.35697524247828033
            ],
            [
                5.0310800284379535e-08,
                4.24236526943256e-08,
                0.40100444527372114,
                0.399324150895625,
                0.19967131109620093
            ],
            [
                4.592644944115526e-10,
                2.7603633169243345e-10,
                1.4455226063320455e-09,
                0.7999943849115447,
                0.2000056129076319
            ],
            [
                4.730953618473908e-07,
                9.358290744319942e-09,
                5.756957726201356e-09,
                0.3120643911896767,
                0.6879351205997128
            ]
        ],
        [
            [
                0.9938197111894023,
                0.006180281874449191,
                1.2427909262198422e-10,
                3.306900002014693e-09,
                3.5049693633920863e-09
            ],
            [
                1.1025579972776834e-07,
                1.697593064521453e-07,
                0.0055467016830357775,
                0.8821261202603617,
                0.11232689804149629
            ],
            [
                5.523446260459067e-08,
                1.8738011469838983e-07,
                0.4418024458864364,
                0.25481736872913957,
                0.30337994276984664
            ],
            [
                1.1607587325204196e-08,
                2.8141729042986923e-09,
                2.456267737587158e-09,
                0.03938410587036693,
                0.9606158772516051
            ],
            [
                4.542359995919642e-09,
