{
    "[['A', 'B', 'C', 'D', 'E'], ['A', 'B', 'C', 'D', 'E']]": [
        [
            [
                0.9999999927733606,
                7.194132961533411e-09,
                6.560200105423619e-12,
                0.0,
                2.5946094734662075e-11
            ],
            [
                0.9045884771411411,
                0.09534292003239524,
                4.1068260962215806e-05,
                2.4909159414663343e-05,
                2.625406086793379e-06
            ],
            [
                2.681350876205235e-07,
                0.006692452388910486,
                0.9932481767213276,
                5.790105658277117e-05,
                1.2016980915630396e-06
            ],
            [
                0.22269926670244175,
                1.8518081364878164e-07,
                1.1838224642889902e-08,
                3.7194560700085387e-06,
                0.7772968168224499
            ],
            [
                0.029312122808693268,
                8.507313159966858e-08,
                8.966642101654505e-09,
                3.6174016047516403e-06,
                0.9706841657499283
            ]
        ],
        [
            [
                0.999999998384925,
                1.6052280512138092e-09,
                2.4133627658618503e-12,
                0.0,
                7.433680653959094e-12
            ],
            [
                0.11920093850136185,
                0.8807824948850856,
                1.4710567838785666e-05,
                1.7569267818751145e-06,
                9.911893189696437e-08
            ],
            [
                1.361526104247798e-13,
                2.646573631441207e-09,
                0.9999999973100373,
                4.2777878568982456e-11,
                4.752193049361757e-13
            ],
            [
                0.9999998139800885,
                4.599055956722067e-10,
                5.109089670240811e-12,
                1.573710408490881e-11,
                1.8553915958259604e-07
            ],
            [
                0.14804668957726147,
                2.029659054758376e-07,
                6.1290451144220455e-09,
                3.17492094439946e-06,
                0.8519499264068434
            ]
        ],
        [
            [
                0.9999999976373113,
                2.335593031901819e-09,
                2.7346982835157116e-12,
                1.4637785098030503e-12,
                2.2897348388834646e-11
            ],
            [
                2.5446054490402953e-05,
                9.361080305947509e-06,
                2.5446054490402953e-05,
                0.9240861452962758,
                0.07585360151443753
            ],
            [
                4.558033746698388e-06,
                0.04742435153980148,
                0.9525435548547231,
                2.622967319607497e-05,
                1.3058985326797128e-06
            ],
            [
                0.9706876641050276,
                3.129677600834999e-08,
                1.3750843701055232e-09,
                7.5077062747253e-08,
                0.029312228146049252
            ],
            [
                0.9999999902298867,
                5.211412433485188e-10,
                3.0988191063724102e-12,
                8.42346366653382e-12,
                9.237449565538347e-09
            ]
        ],
        [
            [
                0.9999999987310111,
                1.2501528614916908e-09,
                3.0988191265882056e-12,
                0.0,
                1.5737102045243293e-11
            ],
            [
                0.9998415597285951,
                0.00015843624598325224,
                2.6461547747420395e-09,
                4.058009777471146e-10,
                9.734659397852454e-10
            ],
            [
                6.455381572752146e-07,
                0.0031726709228931784,
                0.9968234855070115,
                2.893101303946504e-06,
                3.049306340148801e-07
            ],
            [
                0.9995694257647687,
                1.0462890696407486e-08,
                3.1595192206522587e-10,
                6.346063996593206e-09,
                0.0004305571103246468
            ],
            [
                7.484619935866099e-05,
                1.103174094922651e-09,
                1.317553566715641e-10,
                8.76359730988665e-08,
                0.9999250649297389
            ]
        ],
        [
            [
                0.999999977777242,
                2.215948925321825e-08,
                1.081594130340406e-11,
                3.978962442439407e-12,
                4.847368592488402e-11
            ],
            [
                0.11914987093374585,
                0.8804051696273364,
                0.0002953431343535845,
                0.00013951021825032908,
                1.0106086313849232e-05
            ],
            [
                1.7832473717932094e-11,
                1.44498031172686e-07,
                0.9999998520153396,
                3.398267973812911e-09,
                7.052880171388618e-11
            ],
            [
                0.5620698985157704,
                9.894377889370163e-07,
                8.121792208784518e-08,
                0.0001885534673096847,
                0.43774047736120886
            ],
            [
                0.9933059938915663,
                9.864722537376976e-08,
                4.9113561539839586e-09,
                1.060556609337163e-06,
                0.006692841993242799
            ]
        ],
        [
            [
                0.9999999936145603,
                6.348800065312529e-09,
                5.109088987238293e-12,
                2.1297851539373797e-12,
                2.940077715791289e-11
            ],
            [
                0.9999996063739917,
                3.9278636924628015e-07,
                9.056077328553823e-11,
                7.991960192015326e-11,
                6.691586341693822e-10
            ],
            [
                8.177042965577117e-06,
                0.0750815493301849,
                0.914680625476469,
                0.010161182607873758,
                6.846554250678937e-05
            ],
            [
                0.9984988044176297,
                1.045168157814061e-08,
                1.3156725437826106e-10,
                2.994456907392567e-09,
                0.001501182004664671
            ],
            [
                0.999992109920802,
                7.582502966156193e-10,
                7.43362433882911e-12,
                4.847331972198816e-11,
                7.889265040738871e-06
            ]
        ],
        [
            [
                0.9999999997853857,
                1.9171715112317286e-10,
                0.0,
                0.0,
                2.2897348426279797e-11
            ],
            [
                0.9999991494898443,
                8.315279730819791e-07,
                1.4166088666888978e-09,
                2.3355931707723882e-09,
                1.5229980605285024e-08
            ],
            [
                6.101936648410358e-13,
                4.363462232066538e-09,
                0.9999999953846488,
                2.461696940037295e-10,
                5.109089003618679e-12
            ],
            [
                0.43782251983693143,
                1.3393086875798915e-07,
                7.555869781548323e-09,
                2.0950312779107426e-06,
                0.5621752436450521
            ],
            [
                7.484562389373639e-05,
                6.348279788776187e-09,
                1.2500504078728461e-09,
                7.88867072024876e-06,
                0.9999172581070558
            ]
        ],
        [
            [
                0.9999999998024935,
                1.9171715115130615e-10,
                0.0,
                0.0,
                5.789356321950583e-12
            ],
            [
                3.927683791679266e-07,
                0.9999538073741238,
                4.539785209102795e-05,
                3.927683791679266e-07,
                9.237026921547918e-09
            ],
            [
                9.736145520437742e-10,
                6.144171915903323e-06,
                0.9999938220916453,
                3.2241685924489346e-08,
                5.211383159538273e-10
            ],
            [
                0.9890126274774157,
                4.639624195655739e-08,
                1.4010451077168243e-09,
                3.884706072619867e-07,
                0.010986936254689961
            ],
            [
                0.9999996061682243,
                9.73620067645139e-10,
                9.545035279146454e-12,
                6.224144855248367e-11,
                3.9278636921039353e-07
            ]
        ],
        [
            [
                0.9999999827209524,
                1.725782766531379e-08,
                9.545034744389935e-12,
                2.1297851311380533e-12,
                9.545034744389935e-12
            ],
            [
                0.11920085848607034,
                0.8807817830000234,
                1.4710554338857738e-05,
                2.255936572906047e-06,
                3.920229944479664e-07
            ],
            [
                5.6756852199711385e-14,
                2.06115361784044e-09,
                0.9999999979184626,
                2.0206839045143807e-11,
                1.2015425704967212e-13
            ],
            [
                0.9999999975920468,
                7.052879829964216e-11,
                6.914400086207488e-13,
                1.1399918496261086e-12,
                2.3355930317961e-09
            ],
            [
                0.999998930549473,
                1.6052251167679566e-09,
                2.5946047487666803e-11,
                1.1628211744394871e-10,
                1.0677030738113786e-06
            ]
        ],
        [
            [
                0.9999999943564546,
                5.60279639283178e-09,
                7.433680613037821e-12,
                0.0,
                3.331544515583557e-11
            ],
            [
                1.6688756758431442e-05,
                0.9992253595950952,
                0.000709624332979535,
                3.533009833484425e-05,
                1.2997216831954607e-05
            ],
            [
                8.42346478568702e-12,
                6.825604211939772e-08,
                0.999999929055645,
                2.6465739629082985e-09,
                3.33154495002119e-11
            ],
            [
                0.010986942910361083,
                9.135962906816825e-09,
                5.154157578523132e-10,
                5.957396160539783e-08,
                0.9890129878642986
            ],
            [
                0.9999986274982038,
                1.4166062709499725e-09,
                1.2256045679088488e-11,
                1.162821238015349e-10,
                1.3709566517581551e-06
            ]
        ],
        [
            [
                0.9999999826658769,
                1.7257827648503637e-08,
                9.545034735092501e-12,
                4.508755153608889e-12,
                6.224144500480625e-11
            ],
            [
                0.9999999583572681,
                4.139937540522178e-08,
                3.7751343817242934e-11,
                1.3887943266958314e-11,
                1.9171714312061707e-10
            ],
            [
                1.6918981417980905e-10,
                1.1253518929803031e-07,
                0.9999998169784244,
                6.825604260582042e-08,
                2.0611538894580666e-09
            ],
            [
                0.005220116270898175,
                2.830476692007853e-08,
                2.6327534372979894e-09,
                1.7511539206875417e-06,
                0.9947781016376608
            ],
            [
                0.9947798593584548,
                1.1799203414860613e-08,
                2.4488465431252894e-10,
                2.9833058222313413e-09,
                0.005220125614151213
            ]
        ],
        [
            [
                0.9999999988767818,
                1.1032560300302044e-09,
                2.1297851664899703e-12,
                0.0,
                1.7832472870754578e-11
            ],
            [
                0.0005460121708344534,
                0.9872130577024082,
                0.00244705677830033,
                0.0066517902490414145,
                0.003142083099415643
            ],
            [
                1.006039263718759e-12,
                1.5229979509087734e-08,
                0.9999999846980663,
                7.052879741996184e-11,
                4.193795593496814e-13
            ],
            [
                0.9399111813278187,
                1.743903584523777e-07,
                5.2661325193420104e-09,
                2.1245094886510052e-06,
                0.060086514506201824
            ],
            [
                0.11920290045090179,
                1.5200641696528937e-08,
                7.567953873804895e-10,
                6.011970414739755e-08,
                0.880797023471957
            ]
        ],
        [
            [
                0.9999999847080185,
                1.5229979476245027e-08,
                2.2897348052830814e-11,
                5.789356226678342e-12,
                3.331544483439363e-11
            ],
            [
                0.0009110075065801867,
                0.9990411997766196,
                4.535639232296808e-05,
                1.3696443696297706e-06,
                1.066680107597006e-06
            ],
            [
                3.900837606550103e-14,
                7.582560420854619e-10,
                0.9999999992185833,
                2.289734843514437e-11,
                2.2447770529317014e-13
            ],
            [
                0.9999545925128188,
                7.193804304520998e-09,
                1.0261410729525323e-10,
                2.3354863171558593e-09,
                4.53978552764603e-05
            ],
            [
                0.9999938524795512,
                2.9989440389564027e-09,
                3.331525894714908e-11,
                3.160863762104303e-10,
                6.144172103160424e-06
            ]
        ],
        [
            [
                0.999999997329708,
                2.646573625660674e-09,
                3.5114220957987363e-12,
                0.0,
                2.020683898906906e-11
            ],
            [
                0.999876567876293,
                0.00012339462271304593,
                2.2156742672471185e-08,
                7.193241177241806e-09,
                8.15101011252815e-09
            ],
            [
                4.5990118839396924e-10,
                1.0129988134436607e-05,
                0.9999897543713053,
                1.1253411043873158e-07,
                2.646548609430151e-09
            ],
            [
                0.008577481185905405,
                1.7109782597068776e-08,
                1.0937918071423534e-09,
                5.000211420519729e-07,
                0.9914220005893781
            ],
            [
                0.11920272008349693,
                1.6342197420931442e-07,
                6.336557592262271e-09,
                1.550504521154171e-06,
                0.8807955596534501
            ]
        ],
        [
            [
                0.9999999995326609,
                4.599055368137493e-10,
                0.0,
                0.0,
                7.433680655356559e-12
            ],
            [
                0.0758089993066766,
                0.9235425525921402,
                0.00039780910736631327,
                0.0002412834203305838,
                9.355573486246795e-06
            ],
            [
                7.991959485186592e-11,
                2.5109990276272923e-08,
                0.9999999491095696,
                2.5109990276272923e-08,
                5.905303697642465e-10
            ],
            [
                0.996826836563723,
                8.736442599686433e-08,
                2.9894462649914954e-09,
                3.915398197248576e-07,
                0.0031726815425850946
            ],
            [
                0.07585817206456366,
                1.5948678877306606e-08,
                3.7507697657559743e-10,
                3.37633534482083e-08,
                0.9241417778483271
            ]
        ],
        [
            [
                0.9999999995845898,
                4.0586521190401656e-10,
                0.0,
                0.0,
                9.545034905353943e-12
            ],
            [
                0.9914143757196557,
                0.008577415748973987,
                1.058536679845706e-06,
                6.09145801049032e-06,
                1.058536679845706e-06
            ],
            [
                4.5990556594437686e-10,
                8.315279768646003e-07,
                0.9999991524660488,
                1.522998067456621e-08,
                3.160881647298647e-10
            ],
            [
                0.9999970961528469,
                1.416603426191444e-09,
                1.573704255762294e-11,
                1.0261840800719637e-10,
                2.902312194120848e-06
            ],
            [
                0.9999962713872765,
                1.818954822325162e-09,
                2.28972620359904e-11,
                1.317646453855148e-10,
                3.7266391067338946e-06
            ]
        ],
        [
            [
                0.9999999894943724,
                1.0467401657075285e-08,
                9.545034797302409e-12,
                2.7346982556245723e-12,
                2.5946094641516407e-11
            ],
            [
                1.3680675401936257e-06,
                0.11918109751171813,
                0.8806357970464781,
                0.00017918148761206766,
                2.5558866514609853e-06
            ],
            [
                1.0060392786207135e-12,
                3.581747927924149e-10,
                0.999999999443993,
                1.9171715124956132e-10,
                5.109089024698347e-12
            ],
            [
                0.9947798138448656,
                3.207355877156025e-08,
                4.03746520037467e-10,
                2.8304816270766898e-08,
                0.00522012537301287
            ],
            [
                0.07585817146632426,
                1.407465959854262e-08,
                6.183973845532211e-10,
                4.335300363821687e-08,
                0.9241417704876151
            ]
        ],
        [
            [
                0.9999999895107788,
                1.0467401665909964e-08,
                7.433680580857088e-12,
                2.129785144742e-12,
                1.2256067293249564e-11
            ],
            [
                0.0024722917050609603,
                0.9973937192319473,
                0.00012308821370117181,
                6.128201310818489e-06,
                4.772647979684649e-06
            ],
            [
                8.763145350550265e-08,
                0.00012339427453632264,
                0.9998738653121093,
                2.2600449733446128e-06,
                3.927369273934495e-07
            ],
            [
                1.7603431314850712e-06,
                8.592151094469768e-10,
                1.6918948656195912e-10,
                2.3823653629315784e-07,
                0.9999980003919277
            ],
            [
                1.670141496145541e-05,
                3.581686633132025e-10,
                2.94002742351879e-11,
                8.151881202797183e-09,
                0.9999832900455884
            ]
        ],
        [
            [
                0.9999999969799056,
                2.998960813526182e-09,
                2.4133627627146834e-12,
                8.878265444914459e-13,
                1.7832472840769054e-11
            ],
            [
                0.9706837012777728,
                0.029312108613449617,
                2.8172351356223206e-06,
                1.036402887341292e-06,
                3.3647075455266817e-07
            ],
            [
                2.6465383108849612e-09,
                1.300712402499531e-05,
                0.9999869360986867,
                5.315714296191061e-08,
                9.736070348471724e-10
            ],
            [
                0.22269994114949992,
                7.719507253531518e-08,
                3.843316353977953e-09,
                8.299252427272942e-07,
                0.7772991478868685
            ],
            [
                0.9999997609504968,
                7.582560979870564e-10,
                5.7893567501562875e-12,
                4.84736905912562e-11,
                2.382369840922073e-07
            ]
        ],
        [
            [
                0.9999999979252956,
                2.061153615242425e-09,
                2.7346982820441864e-12,
                0.0,
                1.0815941519523853e-11
            ],
            [
                0.9992903293101522,
                0.0007096703400824465,
                2.787489587297269e-10,
                3.7724569281598454e-11,
                3.329181554234861e-11
            ],
            [
                2.06112627997764e-09,
                1.3007125104324662e-05,
                0.9999868997742271,
                8.764131956341359e-08,
                3.398222739398163e-09
            ],
            [
                0.9998766009588999,
                3.850264681546763e-09,
                4.277257701861961e-11,
                5.210766612130575e-10,
                0.00012339462698620268
            ],
            [
                0.962673069764134,
                1.6613636699297523e-08,
                5.016883574477893e-10,
                3.1038359601710204e-08,
                0.037326882082181295
            ]
        ],
        [
            [
                0.9999999995845898,
                4.0586521197157525e-10,
                0.0,
                0.0,
                9.545034906942771e-12
            ],
            [
                0.8519498655943347,
                0.14804669422391273,
                3.1749210247107347e-06,
                2.299905076329823e-07,
                3.5270220308991466e-08
            ],
            [
                1.9810087865169964e-13,
                5.602796404921888e-09,
                0.9999999943479216,
                4.847368678052423e-11,
                6.101936642084314e-13
            ],
            [
                9.610239655217846e-05,
                2.335370349413314e-09,
                2.4614622389293343e-10,
                1.4448410951561782e-07,
                0.9999037505378218
            ],
            [
                0.9999986283239785,
                6.691574212759625e-10,
                7.433667476493816e-12,
                4.2777802752768076e-11,
                1.3709566527334157e-06
            ]
        ],
        [
            [
                0.9999999985711114,
                1.416608783056138e-09,
                2.7346982846672233e-12,
                0.0,
                9.54503489867122e-12
            ],
            [
                0.9999546009685275,
                4.5397855612195026e-05,
                9.735755503010812e-10,
                1.317591228522379e-10,
                7.052557631829798e-11
            ],
            [
                3.331544779913377e-11,
                8.315279854361795e-07,
                0.9999991627453415,
                5.602796837366186e-09,
                9.056077635936123e-11
            ],
            [
                0.562175890452375,
                9.204934517087347e-08,
                4.044365968850786e-09,
                9.896246674809326e-07,
                0.4378230238292463
            ],
            [
                0.9998766012437924,
                3.3978466573932307e-09,
                6.22337323761069e-11,
                6.690756773942722e-10,
                0.00012339462705147436
            ]
        ],
        [
            [
                0.9999999907161786,
                9.237449559409195e-09,
                9.545034816864177e-12,
                3.511422074389954e-12,
                3.331544505176996e-11
            ],
            [
                0.9999986285560503,
                1.3709566524442586e-06,
                1.1628212385972898e-10,
                5.4927785993023875e-11,
                3.1608758426252525e-10
            ],
            [
                3.266131339021775e-13,
                9.736200301784255e-10,
                0.9999999989633366,
                6.224144615731682e-11,
                4.752193057292132e-13
            ],
            [
                0.3759592639282362,
                1.035258443867286e-05,
                1.799009422811896e-06,
                0.004176530649625456,
                0.6198520538282768
            ],
            [
                0.3208084888255421,
                3.4252834630845543e-07,
                2.1897104582170004e-08,
                3.9590893838343583e-05,
                0.6791515558551686
            ]
        ],
        [
            [
                0.9999999985624599,
                1.4166087825999836e-09,
                3.098819129877334e-12,
                0.0,
                1.7832472857249856e-11
            ],
            [
                0.9999991680687428,
                8.315279891259958e-07,
                1.917171659079488e-10,
                6.224145094696566e-11,
                1.4930947893734098e-10
            ],
            [
                3.223331948373956e-08,
                0.00026118954213073174,
                0.9997358084328926,
                2.901553719355392e-06,
                6.823793788255829e-08
            ],
            [
                0.9990889211998419,
                1.5216100229197366e-08,
                3.578483781098256e-10,
                1.1850310773791892e-08,
                0.0009110513758986626
            ],
            [
                0.49999947097522235,
                1.733161251043576e-07,
                4.6187226926210965e-09,
                8.801719091802542e-07,
                0.4999994709180207
            ]
        ],
        [
            [
                0.9999999990016031,
                9.736200289496586e-10,
                1.8795288120000104e-12,
                0.0,
                2.2897348401158302e-11
            ],
            [
                0.999796567596106,
                0.00020342705948116742,
                3.84995644739621e-09,
                5.210349462569893e-10,
                9.734214320255353e-10
            ],
            [
                2.0611184608532742e-09,
                1.670141587296908e-05,
                0.999983225932586,
                6.825486937156045e-08,
                2.3355531955033656e-09
            ],
            [
                0.9999998867588231,
                6.691586623355865e-10,
                7.433681263420882e-12,
                2.940077973056676e-11,
                1.1253518366718433e-07
            ],
            [
                0.9999994943088355,
                1.2501529222349982e-09,
                1.3887944485382099e-11,
                7.991960249979886e-11,
                5.04347204115478e-07
            ]
        ],
        [
            [
                0.9999999990139052,
                9.736200289616362e-10,
                1.6586783549289189e-12,
                0.0,
                1.0815941531298192e-11
            ],
            [
                0.001169355816086117,
                0.9986986854206747,
                0.00012324925502219328,
                7.879061268888878e-06,
                8.304469480163067e-07
            ],
            [
                0.007724259039045055,
                0.8928028259071051,
                0.0036486816147523354,
                0.09410071828268736,
                0.0017235151564100799
            ],
            [
                0.9997387993541001,
                7.19225412024147e-09,
                1.3173072926235333e-10,
                2.998177578604933e-09,
                0.00026119032373749055
            ],
            [
                0.9998415597525764,
                2.99848619131759e-09,
                2.9396124249352906e-11,
                9.734659403511963e-10,
                0.00015843624607536348
            ]
        ],
        [
            [
                0.9999999979254266,
                2.061153615242695e-09,
                2.7346982820445446e-12,
                1.139991849064436e-12,
                9.545034889517173e-12
            ],
            [
                0.11907547769197913,
                0.8798554298366249,
                0.00048663423194028713,
                0.00048663423194028713,
                9.58240075155048e-05
            ],
            [
                1.2917800042274945e-12,
                2.1724399341397618e-10,
                0.9999999996994147,
                7.991959889498605e-11,
                2.1297851700349716e-12
            ],
            [
                0.22270011301670892,
                4.682118094284654e-08,
                1.24774220834903e-09,
                6.812441629412706e-08,
                0.7772997707899516
            ],
            [
                0.9998766024268388,
                2.060898177357591e-09,
                2.5942879403750325e-11,
                8.591101765650421e-10,
                0.00012339462720993192
            ]
        ],
        [
            [
                0.9999999997115081,
                2.7894680885769243e-10,
                0.0,
                0.0,
                9.545034908154211e-12
            ],
            [
                0.00032761415217907424,
                0.9766035910608226,
                0.005124745138918171,
                0.017887118844925748,
                5.693080315433197e-05
            ],
            [
                1.9171680633589534e-10,
                1.370956619021974e-06,
                0.9999986032205774,
                2.51099463661264e-08,
                5.211403108730663e-10
            ],
            [
                0.017985181528862845,
                1.4189087116710525e-07,
                1.920284123808991e-08,
                5.724286296257838e-05,
                0.9819574145144622
            ],
            [
                0.9999417077840977,
                8.591659199476883e-10,
                9.544471230474637e-12,
                7.052463335660675e-11,
                5.8291276667288805e-05
            ]
        ],
        [
            [
                0.9999999676836204,
                3.224186627198019e-08,
                2.5946094097085864e-11,
                5.789356131108999e-12,
                4.27778772294525e-11
            ],
            [
                0.9999982393617513,
                1.7603431309848931e-06,
                2.1724360092017774e-10,
                2.9400724261873906e-11,
                4.847359946454084e-11
            ],
            [
                6.224144398145602e-11,
                3.2241866208270415e-08,
                0.9999999641059076,
                3.398267696779079e-09,
                1.9171714445266864e-10
            ],
            [
                0.9999998543558519,
                1.1032560843171459e-09,
                9.545035372500303e-12,
                3.3315446991130604e-11,
                1.4449803141812168e-07
            ],
            [
                0.8175710419904668,
                2.8339702213277263e-07,
                7.552267625242447e-09,
                3.912175216142358e-06,
                0.18242475488502724
            ]
        ],
        [
            [
                0.9999999943603692,
                5.6027963911113515e-09,
                7.433680610755192e-12,
                0.0,
                2.940077714922388e-11
            ],
            [
                2.1438231794011764e-05,
                0.9996653488583735,
                0.00026117112935870944,
                3.534566876498696e-05,
                1.669611170884265e-05
            ],
            [
                8.29777188076289e-07,
                0.0009099607446487869,
                0.9978933183072379,
                0.0011684127243171462,
                2.7478446608159143e-05
            ],
            [
                0.3772647776931952,
                2.3179957340005337e-06,
                1.4818450956092636e-07,
                0.0007282922629281543,
                0.6220044638636331
            ],
            [
                0.999941705328764,
                2.998783711918957e-09,
                3.774911591993005e-11,
                3.5815363990437247e-10,
                5.829127654945999e-05
            ]
        ],
        [
            [
                0.9999999927903623,
                7.19413297052132e-09,
                5.789356280604348e-12,
                1.2917799940475663e-12,
                8.42346368444529e-12
            ],
            [
                2.7028269915769022e-05,
                0.9815455136531972,
                0.017977636328608732,
                0.0004227934783624451,
                2.7028269915769022e-05
            ],
            [
                1.5228470412419227e-08,
                9.610203548595286e-05,
                0.9999001150604723,
                3.72628029698386e-06,
                4.1395274397305405e-08
            ],
            [
                0.9999998139188528,
                5.211413145280284e-10,
                5.109089672547514e-12,
                1.5737104092013957e-11,
                1.855391596663651e-07
            ],
            [
                0.9999962705861329,
                2.3355842218010978e-09,
                3.331531965393886e-11,
                4.0586368048301587e-10,
                3.7266391037483105e-06
            ]
        ],
        [
            [
                0.9999999995316711,
                4.599055370748924e-10,
                0.0,
                0.0,
                8.423463739993079e-12
            ],
            [
                0.9996646489832903,
                0.0003353500535392104,
                7.580015876473482e-10,
                1.0258435955805596e-10,
                1.0258435955805596e-10
            ],
            [
                1.0603575982679246e-13,
                5.905303994018338e-10,
                0.9999999993831292,
                2.5946094961122646e-11,
                2.882350791040176e-13
            ],
            [
                0.924141614920601,
                9.177831376774144e-08,
                2.7714649306983415e-09,
                1.3353665858019927e-07,
                0.07585815699296172
            ],
            [
                0.9999998871375699,
                3.1608817071587954e-10,
                2.734698510345751e-12,
                8.423464428278024e-12,
                1.1253518372116831e-07
            ]
        ],
        [
            [
                0.9999999981687586,
                1.818961679408072e-09,
                2.7346982793464014e-12,
                0.0,
                9.545034880099728e-12
            ],
            [
                0.0005527359179883627,
                0.9993698947950359,
                7.480467201600419e-05,
                2.2589053626480576e-06,
                3.057095970586782e-07
            ],
            [
                1.7529057494443225e-05,
                0.8173802858738219,
                0.18238218885174537,
                0.00021354763706287857,
                6.448579875317857e-06
            ],
            [
                0.7310585447566477,
                3.429517788636661e-08,
                1.3297683549918556e-09,
                2.670911139347544e-08,
                0.2689413929092946
            ],
            [
                0.9999999798353922,
                5.905303875914316e-10,
                4.508755148360472e-12,
                1.3887943575625844e-11,
                1.9555680680432006e-08
            ]
        ],
        [
            [
                0.9999999965956232,
                3.3982678050062387e-09,
                2.129785161875247e-12,
                0.0,
                3.978962518872561e-12
            ],
            [
                0.9999832975431899,
                1.6701415072881385e-05,
                8.592019632275549e-10,
                7.991823173841028e-11,
                1.0261704080885975e-10
            ],
            [
                1.0603575972751863e-13,
                1.605228052343805e-09,
                0.9999999983459378,
                4.847368697688743e-11,
                2.5436656428737584e-13
            ],
            [
                0.9999646424761327,
                1.103216182853651e-09,
                1.3887442233916837e-11,
                1.493040745777136e-10,
                3.535625745959909e-05
            ],
            [
                0.999876595043687,
                6.3480132422862844e-09,
                1.3174881165712973e-10,
                3.850264659708433e-09,
                0.00012339462628632025
            ]
        ],
        [
            [
                0.9999999927590669,
                7.1941329614305805e-09,
                1.3887943731965763e-11,
                3.511422079749286e-12,
                2.940077711128741e-11
            ],
            [
                0.0028422763584903346,
                0.8930166778305345,
                0.009920519271017026,
                0.09412326923762492,
                9.725730233336686e-05
            ],
            [
                2.5369156623685886e-06,
                0.11829642468230082,
                0.8740989153580202,
                0.007562439006188901,
                3.968403782766324e-05
            ],
            [
                0.37657715619816573,
                1.3314830249776832e-05,
                1.4033727834993325e-06,
                0.002537357515860059,
                0.6208707680829411
            ],
            [
                0.9999999992494581,
                7.991959878138455e-11,
                0.0,
                1.4637785114123595e-12,
                6.691586078887934e-10
            ]
        ],
        [
            [
                0.9999999907208116,
                9.237449554679636e-09,
                8.423463656631957e-12,
                0.0,
                3.33154450347125e-11
            ],
            [
                8.287482893263171e-07,
                0.9966561376266081,
                0.0031721383516995615,
                0.00015793146898838932,
                1.296380441458225e-05
            ],
            [
                7.483891399370649e-05,
                0.999827871001451,
                9.609506772522703e-05,
                1.067519774701707e-06,
                1.2749705537604468e-07
            ],
            [
                0.9999785531467487,
                1.60519451037852e-09,
                2.9400162998271445e-11,
                2.789409800734819e-10,
                2.144493971563189e-05
            ],
            [
                0.9999999909634468,
                8.592166534148005e-10,
                5.1090889775049555e-12,
                2.020683889025994e-11,
                8.152020633799646e-09
            ]
        ],
        [
            [
                0.999999999000748,
