{
    "[['A', 'B', 'C', 'D', 'E'], ['A', 'B', 'C', 'D', 'E']]": [
        [
            [
                0.9999999973488121,
                2.6465736293157956e-09,
                1.8795288097261523e-12,
                0.0,
                2.734698281679118e-12
            ],
            [
                9.897222932547748e-06,
                0.9770117604799557,
                0.022977114409164355,
                1.182054712431625e-06,
                4.583323508829022e-08
            ],
            [
                1.6918949294285665e-10,
                1.3709566609798907e-06,
                0.9999985145202154,
                1.1253497562995922e-07,
                1.8189584695742244e-09
            ],
            [
                5.1090892653039415e-12,
                2.289734951969421e-11,
                7.433681017535249e-12,
                5.043472050040731e-07,
                0.9999994956173549
            ],
            [
                5.789356301767936e-12,
                7.433680637731376e-12,
                1.6586783511892838e-12,
                4.363462232621789e-09,
                0.9999999956216561
            ]
        ],
        [
            [
                0.9999999943831497,
                5.602796398130228e-09,
                4.508755210582679e-12,
                0.0,
                9.545034855706015e-12
            ],
            [
                3.824128044786243e-06,
                0.6223950359341662,
                0.37750166109732414,
                9.86255621619081e-05,
                8.532783030612563e-07
            ],
            [
                3.650891353356207e-08,
                0.0007096700989381174,
                0.9992899821082262,
                3.056850988952506e-07,
                5.598823224483771e-09
            ],
            [
                3.5114223743009384e-12,
                1.5737103276245053e-11,
                6.560200655624784e-12,
                2.382369844529364e-07,
                0.9999997617372068
            ],
            [
                3.5114221064371434e-12,
                7.433680657661545e-12,
                1.879528812824707e-12,
                1.6052280520133159e-09,
                0.9999999983819474
            ]
        ],
        [
            [
                0.9999999997794111,
                2.1724399324846698e-10,
                6.101936670318336e-13,
                0.0,
                2.7346982883260734e-12
            ],
            [
                4.7758714624735765e-06,
                0.9980678342047433,
                0.0019267240619820992,
                6.463439170755171e-07,
                1.9517895086612622e-08
            ],
            [
                1.2256068321919747e-11,
                2.3823698381350475e-07,
                0.9999997590242667,
                2.6465738284655127e-09,
                7.991960465364648e-11
            ],
            [
                8.421745594279204e-12,
                7.990329747953733e-11,
                1.7828835562996797e-11,
                0.00020342706141063824,
                0.9997965728324355
            ],
            [
                6.5602000386002074e-12,
                1.3887943590699109e-11,
                3.098819077525052e-12,
                1.9555680701656743e-08,
                0.9999999804207723
            ]
        ],
        [
            [
                0.9999999994740554,
                5.211412479398103e-10,
                1.2917800026814275e-12,
                0.0,
                3.5114221076557008e-12
            ],
            [
                3.7114229870864577e-06,
                0.9959129960707557,
                0.004070069512592606,
                1.2954139085139207e-05,
                2.688545794358788e-07
            ],
            [
                3.33154478420237e-11,
                8.315279865066791e-07,
                0.9999991639846747,
                4.363462569948248e-09,
                9.056077647594813e-11
            ],
            [
                2.7346984951863985e-12,
                9.545035633455341e-12,
                2.1297853295153597e-12,
                2.382369844865961e-07,
                0.9999997617486059
            ],
            [
                1.2917800026406905e-12,
                2.734698287050263e-12,
                6.914400095457209e-13,
                1.2501528643105687e-09,
                0.9999999987451291
            ]
        ],
        [
            [
                0.9999999994616577,
                5.211412475603656e-10,
                1.4637785106753381e-12,
                0.0,
                1.573710206976577e-11
            ],
            [
                2.373068189081382e-07,
                0.001922916153280484,
                0.22225891524784108,
                0.7757598642280015,
                5.806706405810776e-05
            ],
            [
                1.0261860840314002e-10,
                2.2603252679024285e-06,
                0.9999977372032094,
                2.335588761899167e-09,
                3.331538441495969e-11
            ],
            [
                2.289713184066915e-11,
                7.991884286615487e-11,
                1.0815839235233412e-11,
                1.012998810419181e-05,
                0.999989869898264
            ],
            [
                8.423463703222238e-12,
                9.545034864770838e-12,
                3.0988191198693252e-12,
                5.6027964034511475e-09,
                0.9999999943761362
            ]
        ],
        [
            [
                0.999999999916569,
                7.991959882295983e-11,
                0.0,
                0.0,
                3.5114221086937357e-12
            ],
            [
                6.136985994056504e-06,
                0.9988236984479033,
                0.001169502520470224,
                6.468335649205777e-07,
                1.5212067390938513e-08
            ],
            [
                4.420228101230613e-14,
                3.5817479283298844e-10,
                0.9999999996238425,
                1.7832472898421498e-11,
                1.0603575985741214e-13
            ],
            [
                1.2256067200423445e-11,
                2.94007768082963e-11,
                5.789356213626242e-12,
                1.9555680699043e-08,
                0.9999999803968731
            ],
            [
                6.560200124767971e-12,
                9.54503485971465e-12,
                2.413362755872467e-12,
                6.348800074055964e-09,
                0.9999999936326813
            ]
        ],
        [
            [
                0.9999999998946465,
                1.0261879620629593e-10,
                0.0,
                0.0,
                2.7346982886412074e-12
            ],
            [
                0.005220125949048189,
                0.9947796877151889,
                1.8457060768271856e-07,
                1.5968486411256365e-09,
                1.683066085173089e-10
            ],
            [
                1.7482341278834063e-13,
                5.4927883497367214e-11,
                0.9999999998945439,
                4.847368705195408e-11,
                1.8795288161223195e-12
            ],
            [
                4.508746996758605e-12,
                1.783244029641802e-11,
                6.56018817096937e-12,
                2.260325273328418e-06,
                0.9999977396458253
            ],
            [
                5.109088861632001e-12,
                1.0815941204950577e-11,
                1.6586783048818911e-12,
                3.224186632227116e-08,
                0.9999999677405499
            ]
        ],
        [
            [
                0.9999999999278126,
                7.0528798428219e-11,
                0.0,
                0.0,
                1.658678356964549e-12
            ],
            [
                0.0001584359531229683,
                0.9998401880847404,
                1.3707395756358305e-06,
                4.943658822566033e-09,
                2.78902145792965e-10
            ],
            [
                0.0,
                1.917171512992736e-10,
                0.9999999997923914,
                1.573710210057867e-11,
                1.5428112025758035e-13
            ],
            [
                1.2256067202000138e-11,
                1.3887943590629524e-11,
                2.4133627241610265e-12,
                1.955568070155876e-08,
                0.9999999804157619
            ],
            [
                2.4133627425877392e-12,
                6.560200088656336e-12,
                1.879528793762685e-12,
                1.1861120007609082e-08,
                0.9999999881280269
            ]
        ],
        [
            [
                0.999999999109503,
                8.592166593813035e-10,
                1.8795288109913707e-12,
                0.0,
                2.94007773060639e-11
            ],
            [
                2.900704511033065e-06,
                0.9994432235274493,
                0.0005527764345686862,
                1.0671095545223259e-06,
                3.222391637153017e-08
            ],
            [
                7.28772408780823e-14,
                4.5990553735965334e-10,
                0.9999999994912212,
                4.847368700941499e-11,
                3.2661313391969594e-13
            ],
            [
                1.2256045032988699e-11,
                2.5946047538442768e-11,
                6.560188172350606e-12,
                2.2603252738043254e-06,
                0.9999977396299639
            ],
            [
                5.109088998234527e-12,
                1.0815941494138129e-11,
                2.4133627577430876e-12,
                5.602796404826019e-09,
                0.9999999943788651
            ]
        ],
        [
            [
                0.999999990749494,
                9.237449554944587e-09,
                3.5114220726928273e-12,
                0.0,
                9.545034812250908e-12
            ],
            [
                1.0010251668387294e-05,
                0.6791583924745492,
                0.32081170010750026,
                1.8701612212343723e-05,
                1.1955540698523769e-06
            ],
            [
                1.542811194141788e-13,
                5.602796404671375e-09,
                0.9999999943257369,
                7.052879809740107e-11,
                7.83504173910419e-13
            ],
            [
                3.5114022220209484e-12,
                2.0206724623374218e-11,
                3.978939995978455e-12,
                4.785094849018152e-06,
                0.999995214877454
            ],
            [
                2.1297851682699184e-12,
                5.109089021620266e-12,
                1.2917800031569356e-12,
                9.736200300731268e-10,
                0.9999999990178494
            ]
        ],
        [
            [
                0.9999999988938584,
                1.1032560300490442e-09,
                1.006039277190995e-12,
                0.0,
                1.879528812630111e-12
            ],
            [
                5.234475209115588e-06,
                0.8519359758392488,
                0.14804426559781594,
                1.4228778842458263e-05,
                2.953088836265291e-07
            ],
            [
                2.6465535685197865e-09,
                7.889257474427028e-06,
                0.9999918664627971,
                2.3823493287266507e-07,
                3.398242048605048e-09
            ],
            [
                7.433681224456694e-12,
                4.277788186683204e-11,
                1.2256068354365924e-11,
                2.382369844442029e-07,
                0.9999997617005479
            ],
            [
                1.5737102091517224e-11,
                9.545034913533005e-12,
                1.1399918519327181e-12,
                5.905303993185616e-10,
                0.9999999993830475
            ]
        ],
        [
            [
                0.9999999987455521,
                1.2501528637443387e-09,
                7.835041768503739e-13,
                0.0,
                3.5114221059545432e-12
            ],
            [
                4.053164198526441e-06,
                0.9598171199075441,
                0.02257273628788734,
                0.017579660689766345,
                2.642995060358869e-05
            ],
            [
                2.842736676438165e-08,
                0.0009110497517166837,
                0.9990871308695852,
                1.7587389044690118e-06,
                3.221242667382239e-08
            ],
            [
                5.789356554848502e-12,
                1.78324736046384e-11,
                3.0988192597539893e-12,
                3.9278636988936143e-07,
                0.9999996071869095
            ],
            [
                3.9789625326082515e-12,
                6.560200162830077e-12,
                8.878265471254812e-13,
                5.2114124836594e-10,
                0.9999999994674318
            ]
        ],
        [
            [
                0.9999999996816129,
                3.160881451192178e-10,
                4.19379565423798e-13,
                0.0,
                1.8795288146829626e-12
            ],
            [
                0.0019267343239445759,
                0.9980730261471058,
                2.3777779206376738e-07,
                1.6021356884001585e-09,
                1.4902183270271543e-10
            ],
            [
                4.942791046485737e-09,
                0.0003353500451122216,
                0.9996641364717054,
                5.041783935098843e-07,
                4.361997788646534e-09
            ],
            [
                1.5735932858448656e-11,
                9.055404133667512e-11,
                3.774854056165753e-11,
                7.484619710472024e-05,
                0.9999251536588567
            ],
            [
                1.7832472632824724e-11,
                1.7832472632824724e-11,
                4.508755172682607e-12,
                1.522997950957175e-08,
                0.9999999847298469
            ]
        ],
        [
            [
                0.9999999997794111,
                2.1724399327332042e-10,
                6.101936671016418e-13,
                0.0,
                2.7346982886389323e-12
            ],
            [
                1.2965844607772991e-05,
                0.9968135411431975,
                0.0031726391034879006,
                8.288787145134497e-07,
                2.502999222321045e-08
            ],
            [
                4.952747382242794e-07,
                0.017986151268738707,
                0.982010436319106,
                2.8501093339434756e-06,
                6.702808305453028e-08
            ],
            [
                2.1297853430749026e-12,
                1.0815942431378696e-11,
                3.098819389153664e-12,
                1.1253518381381721e-07,
                0.9999998874487717
            ],
            [
                6.560200157795686e-12,
                6.560200157795686e-12,
                1.6586783562952952e-12,
                9.736200297636792e-10,
                0.9999999990116009
            ]
        ],
        [
            [
                0.9999999994020361,
                5.905303983241141e-10,
                0.0,
                0.0,
                7.433680652585157e-12
            ],
            [
                1.0126587916903653e-05,
                0.9996541669278606,
                0.0003353465356676971,
                3.4651278343409696e-07,
                1.3435771494566241e-08
            ],
            [
                1.6049740145255485e-09,
                0.00015843624729612504,
                0.9998414483804099,
                1.1251736509403256e-07,
                1.2499550193217533e-09
            ],
            [
                3.0988190906148122e-12,
                9.545034774660595e-12,
                2.7346982491375845e-12,
                1.5229979508277778e-08,
                0.9999999847546419
            ],
            [
                1.0815941204877214e-11,
                1.0815941204877214e-11,
                2.7346982024890574e-12,
                3.2241866322052464e-08,
                0.9999999677337671
            ]
        ],
        [
            [
                0.9999999994743498,
                5.211412476783654e-10,
                0.0,
                0.0,
                4.508755232687217e-12
            ],
            [
                6.091464265316485e-06,
                0.9914153789726213,
                0.008577424516398684,
                1.0585377667715141e-06,
                4.650894795087793e-08
            ],
            [
                7.287724088598781e-14,
                4.599055374095425e-10,
                0.9999999994690734,
                7.05287984412394e-11,
                4.1937956542241974e-13
            ],
            [
                6.5591619419471645e-12,
                6.22315958130911e-11,
                1.7829650716715123e-11,
                0.00015843624713734442,
                0.9998415636662422
            ],
            [
                3.0988191304655073e-12,
                8.423463732025647e-12,
                1.1399918500070255e-12,
                2.3355930325765153e-09,
                0.9999999976517446
            ]
        ],
        [
            [
                0.9999999973489089,
                2.646573628972961e-09,
                1.0060392755062963e-12,
                0.0,
                3.5114221001934145e-12
            ],
            [
                4.777907969176238e-06,
                0.9984929295751437,
                0.0015011733438043606,
                1.066095370336753e-06,
                5.307771247074386e-08
            ],
            [
                7.192254002756473e-09,
                0.00026119032093436005,
                0.999738782719051,
                1.9550573361354754e-08,
                2.1718725179194223e-10
            ],
            [
                1.2254899224807711e-11,
                9.055213785884591e-11,
                6.22355135219869e-11,
                9.610239947423254e-05,
                0.9999038974354832
            ],
            [
                1.6586783570302353e-12,
                3.978962531317768e-12,
                1.139991851749505e-12,
                6.691586083692199e-10,
                0.9999999993240638
            ]
        ],
        [
            [
                0.9999999998792088,
                1.1628233015987465e-10,
                0.0,
                0.0,
                4.508755236775896e-12
            ],
            [
                1.939999451519546e-05,
                0.9046220114918994,
                0.09534646649881982,
                1.1766691471722973e-05,
                3.5532329398374376e-07
            ],
            [
                1.0815921779619773e-11,
                1.0677030759077582e-06,
                0.9999989317565444,
                5.211402958475441e-10,
                8.423448351606942e-12
            ],
            [
                6.5601881714367045e-12,
                2.2897306583798578e-11,
                7.433667078290794e-12,
                2.260325273489439e-06,
                0.9999977396378353
            ],
            [
                1.1399918500941105e-12,
                3.511422104289118e-12,
                1.006039276679735e-12,
                2.0611536171043902e-09,
                0.9999999979331888
            ]
        ],
        [
            [
                0.9999999998641134,
                1.3176514255476036e-10,
                6.101936670835184e-13,
                0.0,
                3.5114221094805654e-12
            ],
            [
                1.0170639324216492e-06,
                0.04742572040897098,
                0.9525710520239689,
                2.1531243618327837e-06,
                5.7378765975078635e-08
            ],
            [
                2.6463719784744514e-09,
                7.484612641800349e-05,
                0.9999233757862114,
                1.7602121794053353e-06,
                1.522881926903566e-08
            ],
            [
                5.789345745230937e-12,
                2.594604755080967e-11,
                9.54501747359953e-12,
                1.067703076409764e-06,
                0.9999989322556432
            ],
            [
                9.545034911047178e-12,
                6.560200160048267e-12,
                1.2917800031899263e-12,
                7.582560418543209e-10,
                0.9999999992243469
            ]
        ],
        [
            [
                0.9999999998475917,
                1.493094674686712e-10,
                0.0,
                0.0,
                3.0988191355869827e-12
            ],
            [
                7.877401945482671e-06,
                0.9984891369576792,
                0.0015011678097118068,
                1.7576859576491014e-06,
                6.014470605359096e-08
            ],
            [
                2.9984860991764235e-09,
                0.00015843609011023793,
                0.9998410522812872,
                5.042673450769403e-07,
                4.362771531153717e-09
            ],
            [
                5.1088556274534185e-12,
                3.774962083259085e-11,
                1.225550754514278e-11,
                4.539785573886967e-05,
                0.9999546020891472
            ],
            [
                4.508755230587506e-12,
                8.423463732596496e-12,
                1.8795288116587467e-12,
                2.335593032734796e-09,
                0.9999999976495952
            ]
        ],
        [
            [
                0.9999999998058695,
                1.917171511519534e-10,
                0.0,
                0.0,
                2.4133627690150083e-12
            ],
            [
                2.716491986807617e-05,
                0.5280396926805221,
                0.15128589477983734,
                0.3202722472893809,
                0.0003750003303914747
            ],
            [
                5.789356608638924e-12,
                1.4449803159722658e-07,
                0.9999998548854419,
                5.905304284458239e-10,
                2.0206840067198035e-11
            ],
            [
                7.433680592772342e-12,
                1.0815941441497699e-11,
                2.41336274599742e-12,
                1.046740168268789e-08,
                0.9999999895119352
            ],
            [
                2.4133627606896515e-12,
                4.50875522147591e-12,
                8.878265437464783e-13,
                4.363462232795668e-09,
                0.9999999956287278
            ]
        ],
        [
            [
                0.9999999997170033,
                2.789468089002017e-10,
                5.384940210289148e-13,
                0.0,
                3.5114221085087934e-12
            ],
            [
                4.7600840070564925e-06,
                0.9947689156568952,
                0.005220068448165166,
                6.112068850629368e-06,
                1.4374208188353117e-07
            ],
            [
                2.998674883825738e-09,
                9.610239736941767e-05,
                0.999903869217438,
                2.510759740249484e-08,
                2.7892021262789667e-10
            ],
            [
                2.41335836029014e-12,
                2.0206802152824248e-11,
                2.1297812777826866e-12,
                1.0677030765495633e-06,
                0.9999989322721735
            ],
            [
                2.2897348100274867e-11,
                2.020683877589384e-11,
                3.5114220587544377e-12,
                1.522997950780204e-08,
                0.9999999847234049
            ]
        ],
        [
            [
                0.9999999998047646,
                1.917171511930305e-10,
                4.1937956543807963e-13,
                0.0,
                3.098819135767128e-12
            ],
            [
                1.72397669779263e-08,
                2.8992802488201573e-06,
                0.0007094304862592939,
                0.9989525417605212,
                0.00033511123320368447
            ],
            [
                1.6918915197092022e-10,
                3.726639068739829e-06,
                0.9999962611134238,
                1.1861075263507798e-08,
                2.1724317135850643e-10
            ],
            [
                8.421745594147705e-12,
                7.051441253088618e-11,
                2.289267801247673e-11,
                0.00020342706147072367,
                0.9997965728367004
            ],
            [
                3.978962531123441e-12,
                4.508755236953391e-12,
                8.878265467941752e-13,
                8.592166608995138e-10,
                0.9999999991314077
            ]
        ],
        [
            [
                0.9999999999173457,
                7.991959885426537e-11,
                0.0,
                0.0,
                2.7346982890161416e-12
            ],
            [
                6.473753571636479e-07,
                0.999660134050328,
                0.0003353487373850181,
                3.725387962714094e-06,
                1.4444896712007175e-07
            ],
            [
                0.0,
                1.4930946755308504e-10,
                0.9999999998326834,
                1.7832472900188407e-11,
                1.7482341274908838e-13
            ],
            [
                1.6586783047473638e-12,
                5.789356139669707e-12,
                1.4637784663238162e-12,
                3.2241866319656174e-08,
                0.9999999677492218
            ],
            [
                5.109089440755138e-12,
                1.3887944986776676e-11,
                3.5114223970151702e-12,
                1.1253518380940122e-07,
                0.9999998874423077
            ]
        ],
        [
            [
                0.9999999999267366,
                7.052879841778264e-11,
                0.0,
                0.0,
                2.7346982879727304e-12
            ],
            [
                0.00012339439244223458,
                0.9998755344897469,
                1.0675706731844662e-06,
                3.3978466779659793e-09,
                1.4929096395230662e-10
            ],
            [
                1.725039050000848e-08,
                0.00043055711750500847,
                0.9995693104999952,
                1.1248667620561622e-07,
                2.645433063190869e-09
            ],
            [
                4.508747000365097e-12,
                1.783244031068197e-11,
                3.0988134741318867e-12,
                1.0677030765300945e-06,
                0.9999989322714835
            ],
            [
                2.0206838966780512e-11,
                2.2897348316577805e-11,
                3.098819119791434e-12,
                5.6027964033103175e-09,
                0.9999999943510005
            ]
        ],
        [
            [
                0.9999999998485607,
                1.4930946748389028e-10,
                0.0,
                0.0,
                2.1297851690183294e-12
            ],
            [
                8.246420919467187e-06,
                0.8140517303876037,
                0.18163948856039902,
                0.004271751793897304,
                2.87828371805283e-05
            ],
            [
                1.6918948608414537e-10,
                1.7603431265136267e-06,
                0.9999982355747077,
                3.850734954202848e-09,
                6.224133359271891e-11
            ],
            [
                5.492264790678169e-11,
                1.492952357758589e-10,
                3.7747747069142487e-11,
                9.61023995180109e-05,
                0.9999038973585164
            ],
            [
                4.5087552237428764e-12,
                1.0815941512781882e-11,
                2.4133627619030714e-12,
                3.850741906923162e-09,
                0.99999999613152
            ]
        ],
        [
            [
                0.9999999994721815,
                5.211412476772355e-10,
                8.878265459521907e-13,
                0.0,
                5.789356316381686e-12
            ],
            [
                9.83213219608636e-06,
                0.9705868888782395,
                0.029309187246022127,
                9.328467298462301e-05,
                8.070705577857399e-07
            ],
            [
                5.009714543746692e-07,
                0.006692845086804434,
                0.9933062046900036,
                4.421057567689455e-07,
                7.145980821866955e-09
            ],
            [
                8.423287746952815e-12,
                3.7750556631830973e-11,
                1.3887653677628864e-11,
                2.1444939765217522e-05,
                0.9999785550001733
            ],
            [
                9.54503452540329e-12,
                9.54503452540329e-12,
                2.413362671345318e-12,
                4.139937546405931e-08,
                0.999999958579121
            ]
        ],
        [
            [
                0.999999999935345,
                6.224144615638536e-11,
                0.0,
                0.0,
                2.4133627690146214e-12
            ],
            [
                2.259566573832932e-06,
                0.9996621490139941,
                0.00033534941342513086,
                2.381565647278996e-07,
                3.849442345115581e-09
            ],
            [
                2.5096107594962215e-08,
                0.0005527785594999868,
                0.9994471736069513,
                2.2147237219483894e-08,
                5.902038803933813e-10
            ],
            [
                5.109021122526505e-12,
                2.9400386623460826e-11,
                4.508695315868914e-12,
                1.3007124772458998e-05,
                0.9999869928362095
            ],
            [
                1.0815941501473132e-11,
                1.0815941501473132e-11,
                2.413362759379748e-12,
                4.944450476424227e-09,
                0.9999999950315042
            ]
        ],
        [
            [
                0.9999999998064033,
                1.9171715115205573e-10,
                0.0,
                0.0,
                1.8795288143452658e-12
            ],
            [
                4.909948974331128e-06,
                0.6223536218054792,
                0.3774765537704963,
                0.0001625951793790931,
                2.319295671139076e-06
            ],
            [
                1.6051547236086806e-09,
                4.539785575908622e-05,
                0.9999544841584864,
                1.1253003377882033e-07,
                3.8505660094594495e-09
            ],
            [
                3.978962831397053e-12,
                1.2256068354487799e-11,
                3.5114223742071314e-12,
                2.3823698444657193e-07,
                0.9999997617432691
            ],
            [
                6.560200001209845e-12,
                1.2256067132207152e-11,
                3.098819059863095e-12,
                2.5109990918440906e-08,
                0.9999999748680941
            ]
        ],
        [
            [
                0.9999999996373077,
                3.581747925032524e-10,
                1.0060392778085155e-12,
                0.0,
                3.5114221082289486e-12
            ],
            [
                0.0007096700374185574,
                0.9992900221379519,
                3.0568507488811267e-07,
                2.0596917972818056e-09,
                7.986291781709775e-11
            ],
            [
                1.9171569819279088e-10,
                7.889265027474657e-06,
                0.999992108178281,
                2.3355753354057246e-09,
                2.940055454000776e-11
            ],
            [
                3.978962524259779e-12,
                1.0815941525814894e-11,
                2.1297851647588174e-12,
                2.6465736312084663e-09,
                0.9999999973365017
            ],
            [
                3.5114221019508986e-12,
                4.5087552276240475e-12,
                6.914400084441837e-13,
                2.998960815099162e-09,
                0.9999999969923277
            ]
        ],
        [
            [
                0.999999999131068,
                8.592166596079279e-10,
                1.2917800013138288e-12,
                0.0,
                8.423463731827273e-12
            ],
            [
                0.0031726814363319746,
                0.9968269248785988,
                3.9154018118803686e-07,
                2.054614304803036e-09,
                9.027345233183438e-11
            ],
            [
                2.940077960877631e-11,
                8.315279887684813e-07,
                0.9999991668144849,
                1.6052281761713768e-09,
                2.2897350182224782e-11
            ],
            [
                4.508730023037327e-12,
                2.9400612942628234e-11,
                9.544981533672086e-12,
                6.144172126768065e-06,
                0.9999938557844189
            ],
            [
                6.560200088795807e-12,
                9.54503480737546e-12,
                2.4133627426390475e-12,
                1.1861120007861251e-08,
                0.9999999881203613
            ]
        ],
        [
            [
                0.9999999993835236,
                5.9053039858242e-10,
                0.0,
                0.0,
                2.5946094925120114e-11
            ],
            [
                0.0019267333516833245,
                0.998072760462402,
                5.033755757657917e-07,
                2.6414751146352883e-09,
                1.6886385450937667e-10
            ],
            [
                1.7482341219243566e-13,
                3.3982678071581727e-09,
                0.9999999965388406,
                6.224144600311965e-11,
                4.752193045519033e-13
            ],
            [
                2.4133629515339744e-12,
                1.0815942362648627e-11,
                2.7346984952195132e-12,
                2.3823698448948092e-07,
                0.9999997617470515
            ],
            [
                3.0988190600140203e-12,
                5.789356181685112e-12,
                1.4637784769469743e-12,
                2.5109990919663866e-08,
                0.9999999748796571
            ]
        ],
        [
            [
                0.99999999975004,
                2.461696948484177e-10,
                6.914400097583526e-13,
                0.0,
                3.098819134528454e-12
            ],
            [
                0.00015843563623400058,
                0.999837830990028,
                3.7260490274863333e-06,
                7.192966756898225e-09,
                1.3174378165801732e-10
            ],
            [
                7.287724087299954e-14,
                9.736200301627427e-10,
                0.9999999990001365,
                2.59460949524323e-11,
                2.24477705239671e-13
            ],
            [
                3.511415773938478e-12,
                2.289730711812679e-11,
                5.789345876764322e-12,
                1.7603431340687726e-06,
                0.9999982396246678
            ],
            [
                7.433680615984943e-12,
                2.0206838937000113e-11,
                2.734698270855524e-12,
                7.1941329757745525e-09,
                0.9999999927754917
            ]
        ],
        [
            [
                0.999999999322116,
                6.6915860802416e-10,
                1.2917800026526161e-12,
                0.0,
                7.433680660075435e-12
            ],
            [
                7.707252077992082e-06,
                0.9769212070741226,
                0.022974983957214822,
                9.389355189375783e-05,
                2.2081646909553993e-06
            ],
            [
                2.213144417460369e-08,
                0.0011693977388013352,
                0.9987341978297445,
                9.599001077553195e-05,
                3.9228923441530195e-07
            ],
            [
                2.1297851584093184e-12,
                5.789356294625819e-12,
                1.2917799971761794e-12,
                5.602796404531451e-09,
                0.9999999943879927
            ],
            [
                2.7346986361144984e-12,
                1.3887945614594272e-11,
                2.7346986361144984e-12,
                3.0590235903999667e-07,
                0.9999996940782836
            ]
        ],
        [
            [
                0.9999999991250157,
                8.592166596027277e-10,
                1.8795288114757342e-12,
                0.0,
                1.3887943827550651e-11
            ],
            [
                1.1877115270407993e-06,
                0.9816873081822076,
                0.017980226412550215,
                0.00032931948845706246,
                1.958205258087896e-06
            ],
            [
                5.109089564629396e-12,
                8.764249139881352e-08,
                0.9999999115784063,
                7.582561224246563e-10,
                1.5737103759602755e-11
            ],
            [
                1.0812311967872322e-11,
                7.989277968974784e-11,
                2.2889664615607126e-11,
                0.00033535005479731316,
                0.999664649831608
            ],
            [
                7.433680665703134e-12,
                6.560200162286009e-12,
                1.1399918520246899e-12,
                5.211412483227193e-10,
                0.999999999463725
            ]
        ],
        [
            [
                0.9999999998289306,
                1.6918979206784328e-10,
                0.0,
                0.0,
                1.8795288143876063e-12
            ],
            [
                2.7535242419507645e-05,
                0.9999557410398073,
                1.670096875005126e-05,
                2.2158518516761327e-08,
                5.90504516782608e-10
            ],
            [
                6.3475054513514985e-09,
                0.00020342688028226276,
                0.9997965052988594,
                6.02234549422687e-08,
                1.2498979317933775e-09
            ],
            [
                5.789356087527003e-12,
                9.545034525163043e-12,
                2.4133626712845737e-12,
                4.1399375463017295e-08,
                0.9999999585828769
            ],
            [
                5.7893563148578474e-12,
                1.0815941531367882e-11,
                2.4133627660501684e-12,
                2.061153617499497e-09,
                0.9999999979198277
            ]
        ],
        [
            [
                0.9999999985553152,
                1.4166087816767944e-09,
                2.1297851634891024e-12,
                0.0,
                2.5946094891801848e-11
            ],
            [
                6.044214963675608e-06,
                0.7661259212109188,
                0.1709458050721287,
