{
    "[['A', 'B', 'C', 'D', 'E'], ['A', 'B', 'C', 'D', 'E']]": [
        [
            [
                0.9999999997463966,
                2.4616969481135926e-10,
                0.0,
                0.0,
                7.433680661173745e-12
            ],
            [
                0.9999999715410115,
                2.845334724450946e-08,
                3.5114220090551756e-12,
                0.0,
                2.1297851076816963e-12
            ],
            [
                9.237115313062547e-09,
                3.535622108789617e-05,
                0.9999639717405904,
                6.475717779161546e-07,
                1.5229428496556093e-08
            ],
            [
                4.4907601035356796e-11,
                1.312392476591747e-09,
                3.5674526209257084e-09,
                0.18242551421594463,
                0.8175744808593026
            ],
            [
                1.8794787678529653e-12,
                4.277673958684437e-11,
                1.3887574052414618e-11,
                2.753568984039635e-05,
                0.9999724642516158
            ]
        ],
        [
            [
                0.9999999997102371,
                2.789468088983143e-10,
                0.0,
                0.0,
                1.0815941542218883e-11
            ],
            [
                0.9999999778312968,
                2.2159489254416077e-08,
                3.098819066151026e-12,
                1.0060392557230278e-12,
                5.109088908414305e-12
            ],
            [
                3.775134708693128e-11,
                5.043472035499494e-07,
                0.9999994925455553,
                2.998960955467549e-09,
                7.052880158278007e-11
            ],
            [
                2.018318907466739e-11,
                2.4588157900987183e-10,
                1.4913471632804154e-10,
                0.0011695103465820932,
                0.9988304892382184
            ],
            [
                7.424980319638148e-12,
                1.31610925259092e-10,
                9.045477790233388e-11,
                0.0011695103456215352,
                0.9988304894248877
            ]
        ],
        [
            [
                0.9999999997454068,
                2.4616969481111556e-10,
                0.0,
                0.0,
                8.423463741793473e-12
            ],
            [
                0.999999991845029,
                8.15202064317666e-09,
                1.2917799934887323e-12,
                0.0,
                1.6586783444082575e-12
            ],
            [
                5.4927885131336744e-11,
                3.9278636614543673e-07,
                0.9999995977520663,
                9.237449934713721e-09,
                1.6918979725697766e-10
            ],
            [
                2.872524269202708e-11,
                4.493383972153461e-10,
                7.408337732312443e-10,
                0.02297736777571479,
                0.9770226310053878
            ],
            [
                1.773938511588179e-11,
                3.5630507473968943e-10,
                8.547314409081413e-10,
                0.005220125691882983,
                0.9947798730793411
            ]
        ],
        [
            [
                0.9999999997115081,
                2.7894680889866884e-10,
                0.0,
                0.0,
                9.545034909556347e-12
            ],
            [
                0.9999999748773651,
                2.510999088093656e-08,
                3.0988190552346907e-12,
                0.0,
                9.545034665682149e-12
            ],
            [
                1.1628233781917473e-10,
                8.315279798497265e-07,
                0.9999991560887517,
                1.1861120918095109e-08,
                4.0586523888435525e-10
            ],
            [
                1.2206189530797233e-11,
                2.778115932126493e-10,
                3.1480177709294395e-10,
                0.004070137773864887,
                0.9959298616213156
            ],
            [
                2.287648208186532e-11,
                3.1580009401534446e-10,
                1.0252527971408039e-10,
                0.0009110514025708041,
                0.9990889481562273
            ]
        ],
        [
            [
                0.9999999996730959,
                3.160881448802655e-10,
                0.0,
                0.0,
                1.0815941538427959e-11
            ],
            [
                0.9999999928008919,
                7.194132966985819e-09,
                1.463778501238311e-12,
                0.0,
                3.5114220824607713e-12
            ],
            [
                1.91717171896001e-10,
                1.8553915612051266e-07,
                0.9999997944961996,
                1.955568318096472e-08,
                2.1724401676030038e-10
            ],
            [
                2.282470402624958e-11,
                3.570384429481698e-10,
                2.1655476234412485e-10,
                0.003172683068073821,
                0.9968273163355083
            ],
            [
                1.0743547717766167e-11,
                3.1397248732123745e-10,
                6.646797608749824e-10,
                0.006692851413373612,
                0.9933071475972306
            ]
        ],
        [
            [
                0.9999999998915918,
                1.0261879620598247e-10,
                0.0,
                0.0,
                5.789356322466405e-12
            ],
            [
                0.9999999985823775,
                1.4166087835608273e-09,
                5.38494020603706e-13,
                0.0,
                4.752193052430958e-13
            ],
            [
                9.23630521613871e-09,
                0.00012339451460299423,
                0.9998764057891043,
                1.8551614945258494e-07,
                4.943837924227807e-09
            ],
            [
                3.5112952872936397e-12,
                6.223919818296926e-11,
                1.3887442258075795e-11,
                3.535625752110576e-05,
                0.999964643662841
            ],
            [
                5.788804500786153e-12,
                1.0260901493266059e-10,
                4.277380120205112e-11,
                9.610239927241854e-05,
                0.9999038974495559
            ]
        ],
        [
            [
                0.9999999998223867,
                1.691897920199496e-10,
                0.0,
                0.0,
                8.423463742441911e-12
            ],
            [
                0.9999999804364756,
                1.955568068082486e-08,
                2.734698234672747e-12,
                0.0,
                5.109088921724395e-12
            ],
            [
                3.3981641218330533e-09,
                2.753558281889809e-05,
                0.9999686979494099,
                3.7265358998807793e-06,
                3.6533707282278736e-08
            ],
            [
                1.2217183682979987e-11,
                2.453886939618604e-10,
                2.1655476235062104e-10,
                0.0031726830716127517,
                0.9968273164542266
            ],
            [
                3.9781509341688376e-12,
                6.222875064294241e-11,
                3.774364518055682e-11,
                0.00020342706170542885,
                0.9997965728343441
            ]
        ],
        [
            [
                0.9999999997974669,
                1.9171715109732638e-10,
                0.0,
                0.0,
                1.0815941541573527e-11
            ],
            [
                0.9999999973520635,
                2.646573630338276e-09,
                4.752193047381333e-13,
                0.0,
                8.87826544970769e-13
            ],
            [
                3.2233445035751104e-08,
                0.00026119031349758896,
                0.9997386295953989,
                1.4446027831606848e-07,
                3.397380111725642e-09
            ],
            [
                2.7343593815017815e-12,
                7.990969452489011e-11,
                1.7830262936750838e-11,
                0.0001233946279627123,
                0.999876605271563
            ],
            [
                6.556573182047493e-12,
                1.4922691779643166e-10,
                7.987541319320394e-11,
                0.0005527785839828592,
                0.9994472211803582
            ]
        ],
        [
            [
                0.9999999998624456,
                1.3176514259465802e-10,
                0.0,
                0.0,
                5.789356324060304e-12
            ],
            [
                0.9999999987467483,
                1.2501528625460063e-09,
                0.0,
                0.0,
                3.098819129201592e-12
            ],
            [
                1.4930919888917257e-10,
                1.3709566189010324e-06,
                0.9999986032629852,
                2.5109946363911275e-08,
                5.211403108270929e-10
            ],
            [
                7.426906352776071e-12,
                1.491734017737408e-10,
                1.491734017737408e-10,
                0.0009110514046680313,
                0.9990889482895582
            ],
            [
                6.846141886228154e-11,
                1.213507685290974e-09,
                1.7656432636715735e-09,
                0.029312227829527623,
                0.9706877691228599
            ]
        ],
        [
            [
                0.9999999997102371,
                2.789468088573379e-10,
                0.0,
                0.0,
                1.0815941540630054e-11
            ],
            [
                0.9999999985793646,
                1.4166087820539545e-09,
                1.2917800006011494e-12,
                0.0,
                2.734698282732554e-12
            ],
            [
                2.1724360467899206e-10,
                1.370956632606108e-06,
                0.999998613075031,
                1.5229952485701582e-08,
                5.211403160367891e-10
            ],
            [
                2.7634178450495942e-11,
                5.550473116093933e-10,
                1.1750351678979059e-09,
                0.06008665438518433,
                0.939913343857099
            ],
            [
                2.7344951068137073e-12,
                4.847008552633452e-11,
                2.2895647211136786e-11,
                7.48461971082689e-05,
                0.9999251537287915
            ]
        ],
        [
            [
                0.9999999999496467,
                4.847368699966223e-11,
                0.0,
                0.0,
                1.8795288140947443e-12
            ],
            [
                0.9999991684527658,
                8.315279894453221e-07,
                1.2256068377813297e-11,
                1.8795289597287345e-12,
                5.109089417293152e-12
            ],
            [
                2.646452664948468e-09,
                4.5397854547483915e-05,
                0.999954576671395,
                2.2158476870794735e-08,
                6.691280221219649e-10
            ],
            [
                1.0814910606020389e-11,
                1.492952357764923e-10,
                5.492264790701471e-11,
                9.61023996834159e-05,
                0.9999038973852837
            ],
            [
                4.507242203929983e-12,
                1.1624330852847269e-10,
                6.222055937872402e-11,
                0.0003353500546869744,
                0.9996646497623419
            ]
        ],
        [
            [
                0.9999999999082994,
                9.056076978851248e-11,
                0.0,
                0.0,
                1.1399918516821145e-12
            ],
            [
                0.9999999936470014,
                6.348800067772792e-09,
                1.4637785029965793e-12,
                0.0,
                2.7346982707995492e-12
            ],
            [
                1.725569058274531e-08,
                0.0001233945196164085,
                0.9998757316920781,
                8.314257331529723e-07,
                2.5106881651202572e-08
            ],
            [
                2.853896534200345e-11,
                5.058652646747057e-10,
                2.267130827756301e-09,
                0.029312227845088024,
                0.9706877693533769
            ],
            [
                8.402635029892229e-12,
                1.687714361449705e-10,
                6.20875416147135e-11,
                0.0024726229630791137,
                0.9975273767976593
            ]
        ],
        [
            [
                0.9999999997472699,
                2.4616969490781085e-10,
                0.0,
                0.0,
                6.5602001608591854e-12
            ],
            [
                0.9999999987486268,
                1.2501528638743986e-09,
                6.101936665342692e-13,
                0.0,
                6.101936665342692e-13
            ],
            [
                2.5946095879367262e-11,
                3.927863681213705e-07,
                0.9999996027536945,
                4.363462403729073e-09,
                7.052880094834014e-11
            ],
            [
                7.419360189329379e-12,
                2.456954659139714e-10,
                1.9134782125089457e-10,
                0.0019267343308952429,
                0.998073265224642
            ],
            [
                8.419833672734868e-12,
                9.052174284014227e-11,
                5.4904212403168846e-11,
                0.00043055711889890383,
                0.9995694427272552
            ]
        ],
        [
            [
                0.9999999997753224,
                2.172439932194161e-10,
                0.0,
                0.0,
                7.433680662480754e-12
            ],
            [
                0.9999999927997582,
                7.194132965440033e-09,
                2.1297851517468192e-12,
                0.0,
                3.978962499950167e-12
            ],
            [
                2.646563730736348e-09,
                3.7266392203325583e-06,
                0.9999961823138086,
                8.764215408081703e-08,
                7.582532040521643e-10
            ],
            [
                1.3638147053053228e-11,
                3.517324483389076e-10,
                1.5763554694037304e-09,
                0.017986211541262863,
                0.982013786517011
            ],
            [
                1.4636920716060232e-12,
                3.3313477998979896e-11,
                1.7831419822669932e-11,
                5.8291276767018586e-05,
                0.9999417086706244
            ]
        ],
        [
            [
                0.9999999997472699,
                2.461696948477358e-10,
                0.0,
                0.0,
                6.560200159258239e-12
            ],
            [
                0.9999998554934809,
                1.4449803140882927e-07,
                3.9789627230274014e-12,
                0.0,
                4.508755454409067e-12
            ],
            [
                7.052880097474223e-11,
                3.9278636826840814e-07,
                0.999999603189742,
                3.850742057276746e-09,
                1.0261879990156577e-10
            ],
            [
                9.645275949271314e-11,
                1.7096660696936758e-09,
                6.761860476212566e-09,
                0.06008665392677104,
                0.9399133375052496
            ],
            [
                1.463778626852812e-12,
                1.2256068387950286e-11,
                2.734698502193455e-12,
                8.315279901330784e-07,
                0.9999991684555553
            ]
        ],
        [
            [
                0.9999999998223867,
                1.69189792086092e-10,
                0.0,
                0.0,
                8.423463745734948e-12
            ],
            [
                0.9999999715386947,
                2.845334724444354e-08,
                3.978962417616461e-12,
                0.0,
                3.978962417616461e-12
            ],
            [
                1.6052191516785419e-09,
                6.144172414492427e-06,
                0.9999936648337155,
                1.8553793021326025e-07,
                3.850720564364478e-09
            ],
            [
                2.003349666842062e-11,
                2.7655389096554043e-10,
                5.166706888085225e-10,
                0.008577485669742249,
                0.9914225135169996
            ],
            [
                1.7759900973222625e-11,
                3.1480177710553044e-10,
                2.7781159322375683e-10,
                0.004070137770726734,
                0.9959298616189
            ]
        ],
        [
            [
                0.9999999998432569,
                1.4930946740965353e-10,
                0.0,
                0.0,
                7.433680661893774e-12
            ],
            [
                0.9999999317302637,
                6.825604225230372e-08,
                8.423464802088924e-12,
                1.2917801654437689e-12,
                3.978963030698018e-12
            ],
            [
                0.0,
                7.05287984947414e-11,
                0.999999999917061,
                1.225606744125303e-11,
                1.5428112028335722e-13
            ],
            [
                3.75977106027807e-11,
                4.5803388235465283e-10,
                1.4108436818041408e-09,
                0.004070137770719284,
                0.9959298603228054
            ],
            [
                4.505557290198475e-12,
                7.047877412369513e-11,
                7.047877412369513e-11,
                0.00070967034349465,
                0.9992903295110422
            ]
        ],
        [
            [
                0.9999999997753224,
                2.172439932194161e-10,
                0.0,
                0.0,
                7.433680662480754e-12
            ],
            [
                0.9999999895273696,
                1.0467401670295214e-08,
                3.0988191018792233e-12,
                0.0,
                2.12978514563426e-12
            ],
            [
                1.879528753820451e-12,
                3.224186629667757e-08,
                0.9999999667624271,
                9.736199988119006e-10,
                2.020683841593333e-11
            ],
            [
                1.4902183866432587e-10,
                2.0571830271858085e-09,
                1.3414518417691802e-08,
                0.1192029218505334,
                0.8807970625287432
            ],
            [
                1.0697112254553238e-11,
                1.673309892218145e-10,
                3.1261544416678973e-10,
                0.010986942371685496,
                0.989013057137671
            ]
        ],
        [
            [
                0.9999999993212965,
                6.691586078385672e-10,
                0.0,
                0.0,
                9.545034904429627e-12
            ],
            [
                0.9999999961469601,
                3.850741904181395e-09,
                1.2917799985510134e-12,
                0.0,
                1.0060392744275074e-12
            ],
            [
                4.84736887352826e-11,
                3.927863681011604e-07,
                0.9999996027311671,
                4.363462403504559e-09,
                7.052880094471121e-11
            ],
            [
                6.517860759028547e-11,
                1.3091473293566388e-09,
                1.4074660200429869e-08,
                0.07585817475822769,
                0.9241418097927862
            ],
            [
                8.396739361939248e-12,
                1.6865301848861407e-10,
                2.1655476234048803e-10,
                0.0031726830748358263,
                0.9968273165315595
            ]
        ],
        [
            [
                0.9999999998233766,
                1.6918979202011705e-10,
                0.0,
                0.0,
                7.43368066174599e-12
            ],
            [
                0.9999999530772931,
                4.6911637941819154e-08,
                4.508755023494244e-12,
                0.0,
                6.560199849800812e-12
            ],
            [
                9.235001151866314e-09,
                0.0002611895563016536,
                0.9997358631296823,
                2.901553876780114e-06,
                3.652513809189117e-08
            ],
            [
                8.369098971405999e-11,
                1.6809784640398712e-09,
                2.4458092333361037e-09,
                0.07585817561371079,
                0.9241418201758105
            ],
            [
                1.0771924454129692e-11,
                1.685012489202354e-10,
                2.1635988635721008e-10,
                0.004070137781466386,
                0.9959298618229006
            ]
        ],
        [
            [
                0.9999999997126297,
                2.789468088989817e-10,
                0.0,
                0.0,
                8.423463742754757e-12
            ],
            [
                0.9999999961475605,
                3.8507419046242445e-09,
                1.0060392745432057e-12,
                0.0,
                6.914400074361927e-13
            ],
            [
                2.789462841347309e-10,
                1.0677030181892692e-06,
                0.9999988778866647,
                5.3157752467956414e-08,
                9.736181983398078e-10
            ],
            [
                3.4151784719267065e-11,
                7.772910374672274e-10,
                2.394224950119531e-09,
                0.09534946982392165,
                0.9046505269704106
            ],
            [
                2.4128705106724796e-12,
                4.8463799732982766e-11,
                2.289267801259998e-11,
                0.00020342706162473367,
                0.9997965728646059
            ]
        ],
        [
            [
                0.9999999998233766,
                1.6918979204497052e-10,
                0.0,
                0.0,
                7.433680662837975e-12
            ],
            [
                0.9999999865526017,
                1.3440409748821554e-08,
                1.8795287882472384e-12,
                0.0,
                5.109088951158117e-12
            ],
            [
                3.160881260123736e-10,
                5.315784927847129e-08,
                0.9999999388107887,
                7.19413258835108e-09,
                5.211412167723428e-10
            ],
            [
                9.481147585536677e-12,
                3.1397248738211143e-10,
                4.031486539393022e-10,
                0.00669285141610173,
                0.9933071478572959
            ],
            [
                1.2917727793424943e-12,
                2.2897220382404997e-11,
                5.789323946539481e-12,
                6.144172126743069e-06,
                0.9999938557978949
            ]
        ],
        [
            [
                0.9999999997159441,
                2.7894680881249745e-10,
                0.0,
                0.0,
                5.109089019374478e-12
            ],
            [
                0.9999999907571594,
                9.237449557550517e-09,
                1.8795287952929003e-12,
                0.0,
                3.5114220736834164e-12
            ],
            [
                2.0611380102748947e-09,
                7.889265069679456e-06,
                0.999991994534254,
                1.1253432232400508e-07,
                1.6052158964203253e-09
            ],
            [
                2.9283430406413934e-10,
                5.190612236849929e-09,
                1.3386778163290574e-07,
                0.8175743712060141,
                0.18242548944275788
            ],
            [
                3.971297334809994e-12,
                1.1605832029214926e-10,
                6.212154231109034e-11,
                0.0019267343314641595,
                0.9980732654863846
            ]
        ],
        [
            [
                0.9999999998242499,
                1.6918979192402819e-10,
                0.0,
                0.0,
                6.5602001550680705e-12
            ],
            [
                0.9999999715415047,
                2.8453347234420416e-08,
                2.4133626992785435e-12,
                0.0,
                2.734698209376662e-12
            ],
            [
                8.878265252060237e-13,
                2.5109990917124707e-08,
                0.9999999746687784,
                2.1724398796809052e-10,
                3.0988190597006627e-12
            ],
            [
                6.5475623864430754e-12,
                1.688638595753947e-10,
                1.688638595753947e-10,
                0.0019267343327248655,
                0.9980732653229998
            ],
            [
                2.413063684641138e-12,
                6.223373266872932e-11,
                2.9397133764933536e-11,
                0.000123394628170102,
                0.999876605277786
            ]
        ],
        [
            [
                0.999999999855979,
                1.317651424704646e-10,
                0.0,
                0.0,
                1.2256067422660569e-11
            ],
            [
                0.9999999677522089,
                3.2241866287164215e-08,
                3.5114219951665934e-12,
                0.0,
                2.4133626905888044e-12
            ],
            [
                9.736145645415263e-10,
                6.144171994772662e-06,
                0.9999938348389165,
                1.9555571285052106e-08,
                4.599029555509249e-10
            ],
            [
                6.150692826223335e-11,
                8.490769541531071e-10,
                6.273877246546476e-09,
                0.3208212857437463,
                0.6791787070717925
            ],
            [
                9.526647059569299e-12,
                1.490218330434262e-10,
                1.6886385958634125e-10,
                0.0019267343328497652,
                0.9980732653397378
            ]
        ],
        [
            [
                0.9999999992278292,
                7.582560406428052e-10,
                1.6586783542146573e-12,
                0.0,
                1.2256067409374068e-11
            ],
            [
                0.9999999985816015,
                1.4166087834167064e-09,
                7.835041767219179e-13,
                0.0,
                1.0060392769919466e-12
            ],
            [
                3.850690915634914e-09,
                1.3007125358709776e-05,
                0.9999869191636139,
                6.825512964028831e-08,
                1.6052067922492549e-09
            ],
            [
                2.152151980977241e-11,
                6.289510023242583e-10,
                1.508775020591506e-09,
                0.06008665433457368,
                0.9399133435061788
            ],
            [
                5.1089529811433214e-12,
                7.991747079765072e-11,
                1.5736683052847665e-11,
                2.7535689837777006e-05,
                0.9999724642093991
            ]
        ],
        [
            [
                0.9999999998432569,
                1.4930946743158664e-10,
                0.0,
                0.0,
                7.433680662985759e-12
            ],
            [
                0.9999999936458088,
                6.34880006776522e-09,
                1.8795288022464996e-12,
                0.0,
                3.5114220866744503e-12
            ],
            [
                8.592101532914571e-10,
                7.889265065016125e-06,
                0.9999919939431605,
                1.1253432225748623e-07,
                3.3982420773800628e-09
            ],
            [
                2.129687875126798e-12,
                2.939943426535548e-11,
                1.3887309416462031e-11,
                4.539785573930992e-05,
                0.9999546020988442
            ],
            [
                2.734495107027325e-12,
                4.847008553012098e-11,
                2.0205337748076274e-11,
                7.484619711411584e-05,
                0.999925153731476
            ]
        ],
        [
            [
                0.9999999998441302,
                1.4930946743171702e-10,
                0.0,
                0.0,
                6.560200159893662e-12
            ],
            [
                0.9999999397539555,
                6.023574633699724e-08,
                4.508755837975601e-12,
                0.0,
                5.789357093599909e-12
            ],
            [
                9.235565835235255e-09,
                0.0002034268773783655,
                0.9997964942286218,
                6.824211406192062e-08,
                1.4163198924566568e-09
            ],
            [
                1.8795183036222105e-12,
                3.33152590757538e-11,
                5.789323946666969e-12,
                6.144172126878371e-06,
                0.999993855786889
            ],
            [
                1.5515774204364624e-11,
                2.1418865605841757e-10,
                1.4720956694759743e-10,
                0.014063627300212402,
                0.9859363723228736
            ]
        ],
        [
            [
                0.9999999996378461,
                3.581747923236515e-10,
                0.0,
                0.0,
                3.978962528009101e-12
            ],
            [
                0.9999999990245496,
                9.736200296997323e-10,
                5.384940208897915e-13,
                0.0,
                1.2917800026615233e-12
            ],
            [
                2.3355085490146727e-09,
                3.5356255515596825e-05,
                0.9999645875839119,
                5.315592956560877e-08,
                6.691344024006861e-10
            ],
            [
                2.5661038297584116e-11,
                3.542397068705088e-10,
                4.0140617585516303e-10,
                0.010986942366174594,
                0.9890130568525185
            ],
            [
                3.0987366224228205e-12,
                4.847239629061277e-11,
                9.544780754746122e-12,
                2.753568984070175e-05,
                0.9999724642490433
            ]
        ],
        [
            [
                0.9999999998223867,
                1.69189792086092e-10,
                0.0,
                0.0,
                8.423463745734948e-12
            ],
            [
                0.9999999847675507,
                1.5229979493682934e-08,
                1.4637784899990301e-12,
                0.0,
                1.0060392627011717e-12
            ],
            [
                1.1628232564343454e-10,
                1.9555680304364985e-08,
                0.9999999601818268,
                1.9555680304364985e-08,
                5.905303762351915e-10
            ],
            [
                2.914856564374776e-11,
                4.5596028231724066e-10,
                7.517514160508701e-10,
                0.008577485671434177,
                0.9914225130917056
            ],
            [
                7.432164400282863e-12,
                1.3173826613544234e-10,
                6.222875063847726e-11,
                0.00020342706151755706,
                0.9997965727370832
            ]
        ],
        [
            [
                0.9999999997753224,
                2.1724399318750364e-10,
                0.0,
                0.0,
                7.433680661388769e-12
            ],
            [
                0.999999982733284,
                1.7257827658582873e-08,
                3.0988190795787627e-12,
                0.0,
                5.789356218236864e-12
            ],
            [
                1.1032560674105202e-09,
                1.444980292037907e-07,
                0.9999998385782042,
                1.5229980228797166e-08,
                5.905304186643983e-10
            ],
            [
                2.2840730101948857e-11,
                3.1530655315628884e-10,
                4.048616283008793e-10,
                0.002472622961361924,
                0.9975273762956292
            ],
            [
                1.2249291341272289e-11,
                2.1712388421139905e-10,
                1.316922927301093e-10,
                0.0005527785832991514,
                0.9994472210556353
            ]
        ],
        [
            [
                0.9999999995845898,
                4.058652120311956e-10,
                0.0,
                0.0,
                9.545034908344907e-12
            ],
            [
                0.9999999943940321,
                5.602796402379012e-09,
                1.2917799966799133e-12,
                0.0,
                1.8795288047448024e-12
            ],
            [
                7.19392746240031e-09,
                2.7535688772715732e-05,
                0.9999723070206301,
                1.4449403346895808e-07,
                5.602636341076246e-09
            ],
            [
                1.7759900969546686e-11,
                3.567171466759864e-10,
                4.580338829002957e-10,
                0.004070137772199429,
                0.9959298613952897
            ],
            [
                1.6586341911370121e-12,
                2.939999450026102e-11,
                7.433482726107765e-12,
                2.7535689840948484e-05,
                0.9999724642716669
            ]
        ],
        [
            [
                0.9999999997761957,
                2.1724399321960584e-10,
                0.0,
                0.0,
                6.5602001594479975e-12
            ],
            [
                0.9999999907605227,
                9.237449569617035e-09,
                8.878265389697127e-13,
                0.0,
                1.1399918416470206e-12
            ],
            [
                3.160857439297702e-10,
                7.889264887507889e-06,
                0.9999920906462519,
                1.9555532512207652e-08,
                2.1724234298159968e-10
            ],
            [
                1.563176969167555e-11,
                3.5577743830870615e-10,
                5.865778301747665e-10,
                0.006692851416332916,
                0.9933071476256801
            ],
            [
                3.510705877304929e-12,
                7.05144125250601e-11,
                6.222875064093794e-11,
                0.0002034270616068308,
                0.9997965728021393
            ]
        ],
        [
            [
                0.9999999993972137,
                5.905303985905045e-10,
                0.0,
                0.0,
                1.2256067417037912e-11
            ],
            [
                0.999999998391575,
                1.605228050026966e-09,
                7.835041759885285e-13,
                0.0,
                2.413362764077504e-12
            ],
            [
                1.6051700300705927e-09,
                3.535625648053643e-05,
                0.9999644955843311,
                1.4449293915566638e-07,
                2.0610791167160672e-09
            ],
            [
                8.415787445161887e-12,
                1.3164506502023984e-10,
                1.9154243938130385e-10,
                0.0009110514033354478,
                0.9990889482650613
            ],
            [
                8.500925170740305e-11,
                1.707456463981598e-09,
                3.614685362614462e-09,
                0.26894140835887315,
                0.7310585862339757
            ]
        ],
        [
            [
                0.9999999994010462,
                5.905303988024503e-10,
                0.0,
                0.0,
                8.423463738892765e-12
            ],
            [
                0.9999986290088136,
                1.3709566521813357e-06,
                2.0206803212022928e-11,
                3.5114158786803455e-12,
                1.0815922353069512e-11
            ],
            [
                3.581728071710131e-10,
                6.144172427935383e-06,
                0.9999936669325243,
                1.8553793061920235e-07,
                2.9989441974776667e-09
            ],
            [
                1.0795105377298467e-11,
                2.456954659108794e-10,
                1.3151130606409617e-10,
                0.0019267343321128629,
                0.9980732652798853
            ],
            [
                3.978150934198615e-12,
                5.49166796945169e-11,
                3.774364518083934e-11,
                0.00020342706153367643,
                0.9997965728418279
            ]
        ],
        [
            [
                0.9999999997472699,
                2.461696947241655e-10,
                0.0,
                0.0,
                6.560200155965202e-12
            ],
            [
                0.9999998874625474,
                1.1253518375773972e-07,
                1.6586784921341975e-12,
                0.0,
                6.101937167694191e-13
            ],
            [
                2.0879679106484427e-14,
                2.7894680915363036e-10,
                0.9999999996914568,
                2.9400777378799005e-11,
                1.7482341274358677e-13
            ],
            [
                3.3621750521035395e-10,
                5.959597876913263e-09,
                4.1780046502683267e-07,
                0.731058268756985,
                0.26894130714673464
            ],
            [
                7.42690635311772e-12,
                1.9154243938006663e-10,
                9.047824179356687e-11,
                0.0009110514039339249,
                0.9990889483066184
            ]
        ],
        [
            [
                0.9999999997454068,
                2.4616969481111556e-10,
                0.0,
                0.0,
                8.423463741793473e-12
            ],
            [
                0.999999982733284,
                1.7257827649666938e-08,
                3.0988190779778153e-12,
                0.0,
                5.7893562152459e-12
            ],
            [
                2.461692387239077e-10,
                1.0677030484960697e-06,
                0.99999890627168,
                2.5109944997495688e-08,
                6.69157368348795e-10
            ],
            [
                3.0788194551410696e-11,
                6.183974184606449e-10,
                2.771464951440347e-09,
                0.07585817567362571,
                0.9241418209057237
            ],
            [
                1.139987541727023e-12,
                3.331531942650293e-11,
                8.423431897903018e-12,
                2.9023122002695957e-06,
                0.999997097644921
            ]
        ],
        [
            [
                0.9999999993972137,
                5.905303985905045e-10,
                0.0,
                0.0,
                1.2256067417037912e-11
            ],
            [
                0.9999996940891175,
