{
    "[['A', 'B', 'C', 'D', 'E'], ['A', 'B', 'C', 'D', 'E']]": [
        [
            [
                0.9999999998296702,
                1.6918979211948019e-10,
                0.0,
                0.0,
                1.1399918520873456e-12
            ],
            [
                0.999999761752269,
                2.3823698428321914e-07,
                5.10908940406647e-12,
                1.65867848098458e-12,
                3.978962828668784e-12
            ],
            [
                3.2823771951984095e-06,
                0.22269714744353436,
                0.7772894184266588,
                1.011043354115445e-05,
                4.1319070431396583e-08
            ],
            [
                3.977627284001491e-12,
                4.2763523379597107e-11,
                9.541831820200626e-12,
                0.000335350056192121,
                0.9996646498875249
            ],
            [
                1.2917579091062128e-12,
                1.3887706314019316e-11,
                1.2917579091062128e-12,
                1.670141511046185e-05,
                0.9999832985684184
            ]
        ],
        [
            [
                0.9999999995875746,
                4.05865212032407e-10,
                0.0,
                0.0,
                6.560200158210606e-12
            ],
            [
                0.999999993638556,
                6.3488000666623774e-09,
                3.0988191146190467e-12,
                0.0,
                9.545034848598842e-12
            ],
            [
                1.981008758478319e-13,
                1.9555680697225668e-08,
                0.9999999803410831,
                1.0261879426720793e-10,
                4.193795574608455e-13
            ],
            [
                5.786155525065238e-12,
                5.489751512990534e-11,
                1.5728401420422742e-11,
                0.0005527785858669745,
                0.999447221337721
            ],
            [
                5.108904496931405e-12,
                4.847193628006932e-11,
                3.51129528710794e-12,
                3.5356257519235894e-05,
                0.9999646436853886
            ]
        ],
        [
            [
                0.9999999995833189,
                4.058652119710594e-10,
                0.0,
                0.0,
                1.0815941539257314e-11
            ],
            [
                0.9999999956341863,
                4.363462229645284e-09,
                1.4637785063101604e-12,
                0.0,
                8.878265431054748e-13
            ],
            [
                1.2499979724963631e-09,
                0.0001233945146227805,
                0.9998765162456256,
                8.763162329438132e-08,
                3.5813041518572e-10
            ],
            [
                1.2368773148304427e-10,
                1.3297684321300803e-09,
                2.8151197929103905e-09,
                0.7310585873428608,
                0.26894140838856323
            ],
            [
                1.0060393568971784e-12,
                7.433681245845364e-12,
                6.101937148357189e-13,
                8.315279902470326e-07,
                0.9999991684629598
            ]
        ],
        [
            [
                0.9999999996754723,
                3.1608814505720166e-10,
                1.0060392780924236e-12,
                0.0,
                7.43368066355261e-12
            ],
            [
                0.9999999983929966,
                1.6052280515318527e-09,
                8.878265458251289e-13,
                0.0,
                8.878265458251289e-13
            ],
            [
                1.7482341219590014e-13,
                3.398267807225516e-09,
                0.9999999965387774,
                6.22414460043531e-11,
                5.384940198311536e-13
            ],
            [
                5.092879866013301e-12,
                5.475361859461177e-11,
                1.5687174372809572e-11,
                0.003172683080601844,
                0.9968273168438644
            ],
            [
                1.463775837566386e-12,
                1.2256045033540976e-11,
                1.463775837566386e-12,
                2.260325273906179e-06,
                0.9999977396595424
            ]
        ],
        [
            [
                0.9999999997454068,
                2.4616969487918957e-10,
                0.0,
                0.0,
                8.423463744122838e-12
            ],
            [
                0.9999999847594812,
                1.5229979493560035e-08,
                3.978962470221475e-12,
                0.0,
                6.5602000599716715e-12
            ],
            [
                3.701011643652143e-13,
                9.237449574761634e-09,
                0.9999999906909601,
                7.052879784527298e-11,
                6.914400041662701e-13
            ],
            [
                3.978469424362867e-12,
                4.277257724172679e-11,
                7.432759418833627e-12,
                0.00012339462841325178,
                0.9998766053174029
            ],
            [
                1.8795181694412677e-12,
                1.5737012959804347e-11,
                2.129773106213366e-12,
                4.785094848961068e-06,
                0.9999952148854048
            ]
        ],
        [
            [
                0.9999999996754885,
                3.1608814505695914e-10,
                0.0,
                0.0,
                8.423463744490956e-12
            ],
            [
                0.9999999585952335,
                4.139937543814909e-08,
                3.5114219649698267e-12,
                0.0,
                1.8795287371027088e-12
            ],
            [
                3.8502645560706575e-09,
                0.00012339450528667402,
                0.9998760917572069,
                5.042851398689827e-07,
                5.602101873091566e-09
            ],
            [
                3.97792338342786e-12,
                5.491353845302091e-11,
                1.0813116848174276e-11,
                0.0002611903284655766,
                0.9997388096018299
            ],
            [
                7.433128358829416e-12,
                4.277470034481384e-11,
                2.734495106801766e-12,
                7.484619710794204e-05,
                0.9999251537499497
            ]
        ],
        [
            [
                0.999999999471425,
                5.211412478618855e-10,
                0.0,
                0.0,
                7.433680659129693e-12
            ],
            [
                0.9999999928018576,
                7.19413297235967e-09,
                1.8795288013950444e-12,
                0.0,
                2.129785153795341e-12
            ],
            [
                1.463778453069689e-12,
                4.139937546102657e-08,
                0.9999999583791821,
                2.1724398444635523e-10,
                2.734698177523839e-12
            ],
            [
                1.6586689628848585e-12,
                1.5737012959818303e-11,
                1.4637702221590909e-12,
                4.785094848965312e-06,
                0.9999952148862916
            ],
            [
                1.6586341910254203e-12,
                2.5945404080738894e-11,
                2.73462547105411e-12,
                2.7535689839095904e-05,
                0.9999724642798222
            ]
        ],
        [
            [
                0.9999999993200255,
                6.691586077263313e-10,
                0.0,
                0.0,
                1.081594153460917e-11
            ],
            [
                0.9999999983933083,
                1.6052280508355277e-09,
                0.0,
                0.0,
                1.463778510159146e-12
            ],
            [
                5.583631387717174e-07,
                0.02297712662974714,
                0.9770123820887043,
                9.897223448519231e-06,
                3.5694961238339944e-08
            ],
            [
                2.1160396089534492e-11,
                2.5778639756684734e-10,
                2.5778639756684734e-10,
                0.07585817592696024,
                0.9241418235363066
            ],
            [
                3.5113620511249964e-12,
                2.2896956801377437e-11,
                3.098766133970901e-12,
                1.6701415110620365e-05,
                0.9999832985553823
            ]
        ],
        [
            [
                0.9999999997463966,
                2.461696948475208e-10,
                0.0,
                0.0,
                7.433680662265729e-12
            ],
            [
                0.9999999865550278,
                1.344040975560087e-08,
                3.0988190936394975e-12,
                0.0,
                1.4637784928305251e-12
            ],
            [
                8.591970652853675e-10,
                2.1444898747781363e-05,
                0.9999762858145216,
                2.2602756988238513e-06,
                8.151834786802058e-09
            ],
            [
                5.091114869728303e-11,
                7.963843578727646e-10,
                1.0225777569611762e-09,
                0.5621765002228358,
                0.43782349790729097
            ],
            [
                1.6586184505261517e-12,
                1.5736533711902416e-11,
                2.4132756056428943e-12,
                3.535625752135056e-05,
                0.9999646437226702
            ]
        ],
        [
            [
                0.9999999999189404,
                7.991959887586613e-11,
                0.0,
                0.0,
                1.1399918522787484e-12
            ],
            [
                0.9999962733472706,
                3.7266391148179232e-06,
                1.0815900758610934e-11,
                1.1399875528956726e-12,
                1.6586721022348163e-12
            ],
            [
                5.0087746332370866e-14,
                7.582560420938455e-10,
                0.9999999992120951,
                2.9400777365805717e-11,
                1.9810087962271055e-13
            ],
            [
                2.2226168595588267e-11,
                3.9396826495191347e-10,
                3.9396826495191347e-10,
                0.029312227949328157,
                0.9706877712405092
            ],
            [
                2.129781277723581e-12,
                1.2256045040095026e-11,
                6.914387467465793e-13,
                1.0677030765199326e-06,
                0.9999989322818462
            ]
        ],
        [
            [
                0.9999999995867013,
                4.058652119048735e-10,
                0.0,
                0.0,
                7.43368065874924e-12
            ],
            [
                0.9999999123453174,
                8.764249137128921e-08,
                7.433681450716651e-12,
                1.6586785325908187e-12,
                3.098819463192408e-12
            ],
            [
                5.905202913239359e-10,
                1.670141489417764e-05,
                0.9999832860173881,
                1.1860917115278452e-08,
                1.162803398066649e-10
            ],
            [
                6.557373056726171e-12,
                6.221462334267274e-11,
                1.573032021910592e-11,
                0.0004305571213420954,
                0.9995694427941556
            ],
            [
                8.878215185222052e-13,
                7.433638562339904e-12,
                1.139985395264818e-12,
                4.7850948490102825e-06,
                0.9999952148956895
            ]
        ],
        [
            [
                0.9999999997510955,
                2.4616969484867757e-10,
                0.0,
                0.0,
                2.734698287894124e-12
            ],
            [
                0.9999999677492839,
                3.2241866297172995e-08,
                5.1090888576549125e-12,
                1.006039245727911e-12,
                2.7346982003788243e-12
            ],
            [
                5.4927884597729904e-11,
                6.475946128191653e-07,
                0.9999993496012668,
                2.6465736913407138e-09,
                1.0261879835001253e-10
            ],
            [
                1.570678564589596e-11,
                1.1605832027140394e-10,
                2.5896111588716122e-11,
                0.0019267343349378897,
                0.9980732655074008
            ],
            [
                8.4230789412687e-12,
                4.8471472615632375e-11,
                7.43334107589516e-12,
                4.539785573536744e-05,
                0.9999546020799367
            ]
        ],
        [
            [
                0.9999999994649706,
                5.211412475620922e-10,
                0.0,
                0.0,
                1.3887943832271925e-11
            ],
            [
                0.9999999969925992,
                2.9989608120890705e-09,
                1.8795288085368883e-12,
                0.0,
                6.560200140223375e-12
            ],
            [
                7.052867697169558e-11,
                1.3709567238657377e-06,
                0.9999985603109668,
                6.825591614048626e-08,
                4.0586451323646317e-10
            ],
            [
                2.9344140327218134e-11,
                4.0508336207344586e-10,
                2.7840945176968086e-10,
                0.11920292373693163,
                0.8807970755502315
            ],
            [
                2.4133123447209144e-12,
                1.78321002993847e-11,
                1.8794895438645363e-12,
                2.144493976419802e-05,
                0.9999785550381108
            ]
        ],
        [
            [
                0.9999999994666027,
                5.211412478593724e-10,
                0.0,
                0.0,
                1.2256067422240172e-11
            ],
            [
                0.999999977824387,
                2.2159489250574382e-08,
                6.560200013384081e-12,
                1.1399918261494146e-12,
                8.423463555740421e-12
            ],
            [
                4.058598387895478e-10,
                1.3007125430953497e-05,
                0.9999868055154396,
                1.8553667963081342e-07,
                1.4165900300356965e-09
            ],
            [
                5.2322858050837896e-11,
                4.96425455389635e-10,
                3.8661653339402644e-10,
                0.047425875494639724,
                0.9525741235699955
            ],
            [
                1.139989831144038e-12,
                6.560188532920802e-12,
                7.83502788876028e-13,
                1.3709566548381005e-06,
                0.9999986290348616
            ]
        ],
        [
            [
                0.9999999995772577,
                4.0586521196859936e-10,
                1.1399918511372685e-12,
                0.0,
                1.573710208053638e-11
            ],
            [
                0.9999999397508549,
                6.02357463456589e-08,
                8.423464868558112e-12,
                1.4637787077256285e-12,
                3.511422577798096e-12
            ],
            [
                7.193693876141326e-09,
                5.829110522765825e-05,
                0.9999387673179378,
                2.9021432412077723e-06,
                3.223989922006045e-08
            ],
            [
                4.97466889708517e-11,
                6.867318584093279e-10,
                1.1322294222268877e-09,
                0.6224593234550387,
                0.3775406746762532
            ],
            [
                5.109050315396099e-12,
                3.775105939272111e-11,
                2.7346775701943137e-12,
                7.88926504808794e-06,
                0.9999921106893571
            ]
        ],
        [
            [
                0.9999999999236819,
                7.052879846408958e-11,
                0.0,
                0.0,
                5.7893563248700294e-12
            ],
            [
                0.9999997617495935,
                2.3823698425169765e-07,
                9.545035624044065e-12,
                1.4637786216589388e-12,
                2.4133629491252074e-12
            ],
            [
                1.6586782702616628e-12,
                5.3157849703078454e-08,
                0.9999999466685672,
                1.691897832187052e-10,
                2.7346981454284993e-12
            ],
            [
                3.5105050646241317e-12,
                4.846102759516809e-11,
                9.542542125881225e-12,
                0.0002611903280521827,
                0.9997388096104337
            ],
            [
                6.55886206326827e-12,
                4.846379973063727e-11,
                1.225356753505651e-11,
                0.0002034270620633488,
                0.9997965728706604
            ]
        ],
        [
            [
                0.9999999995857114,
                4.058652119720304e-10,
                0.0,
                0.0,
                8.423463740448285e-12
            ],
            [
                0.9999970976632568,
                2.9023121970769045e-06,
                1.783240544817987e-11,
                2.7346879462709458e-12,
                3.9789474834841075e-12
            ],
            [
                1.2501172593677427e-09,
                2.75356650529611e-05,
                0.9999710878014532,
                1.3709200385463764e-06,
                4.363337972235699e-09
            ],
            [
                3.3251267207454774e-11,
                4.590195849460494e-10,
                3.5748481220109454e-10,
                0.11920292378743033,
                0.880797075362814
            ],
            [
                2.7345367959951735e-12,
                2.5944562755204435e-11,
                4.50848898106942e-12,
                5.829127677323509e-05,
                0.9999417086900392
            ]
        ],
        [
            [
                0.9999999997144928,
                2.7894680889950145e-10,
                0.0,
                0.0,
                6.5602001590432146e-12
            ],
            [
                0.999999971540728,
                2.8453347255624834e-08,
                3.5114220104269218e-12,
                0.0,
                2.4133627010770644e-12
            ],
            [
                9.357622946729797e-14,
                2.061153617568423e-09,
                0.9999999978833498,
                5.492788337976214e-11,
                4.752193051542576e-13
            ],
            [
                2.73449510657443e-12,
                2.939859294804296e-11,
                5.108709428475872e-12,
                7.48461971017196e-05,
                0.9999251537656565
            ],
            [
                2.7346879766303253e-12,
                1.7832405646147893e-11,
                2.4133536689115966e-12,
                3.7266391155795333e-06,
                0.999996273337904
            ]
        ],
        [
            [
                0.999999999773211,
                2.1724399334541833e-10,
                0.0,
                0.0,
                9.545034915701607e-12
            ],
            [
                0.9999999123486204,
                8.76424913844531e-08,
                5.789356935791066e-12,
                0.0,
                3.09881946365785e-12
            ],
            [
                1.6051700316731948e-09,
                3.5356256515836125e-05,
                0.9999644966717899,
                1.4449293929992813e-07,
                9.735848382616916e-10
            ],
            [
                2.7346619443195232e-12,
                1.783223589415787e-11,
                2.1297568636716155e-12,
                1.3007124772184512e-05,
                0.9999869928525311
            ],
            [
                9.544471247414188e-12,
                3.7749116063232574e-11,
                3.098636140103842e-12,
                5.8291276770744305e-05,
                0.999941708672837
            ]
        ],
        [
            [
                0.9999999997454068,
                2.4616969487918957e-10,
                0.0,
                0.0,
                8.423463744122838e-12
            ],
            [
                0.9999999965983888,
                3.3982678046268635e-09,
                1.4637785077215394e-12,
                0.0,
                1.87952880831571e-12
            ],
            [
                6.914399818369559e-13,
                4.13993754600597e-08,
                0.9999999584825108,
                1.1628232544919766e-10,
                1.1399918054670995e-12
            ],
            [
                2.9344138782924327e-11,
                1.9134782124531333e-10,
                3.767862002808732e-11,
                0.0019267343376362606,
                0.9980732654039932
            ],
            [
                2.1297732580865088e-12,
                1.783237316291315e-11,
                1.65866908116231e-12,
                6.14417212637702e-06,
                0.9999938558062529
            ]
        ],
        [
            [
                0.9999999994714106,
                5.21141248065611e-10,
                8.878265466138348e-13,
                0.0,
                6.560200159049493e-12
            ],
            [
                0.9999993523884614,
                6.475946141343134e-07,
                1.0815941793526873e-11,
                2.1297852174744316e-12,
                3.978962622745513e-12
            ],
            [
                3.5817414014109577e-10,
                1.0677030820459241e-06,
                0.999998818544559,
                1.1253496958819166e-07,
                8.592150957223838e-10
            ],
            [
                2.237124151809713e-11,
                2.725375146876571e-10,
                1.2873760630561223e-10,
                0.022977367820029942,
                0.9770226317563238
            ],
            [
                3.5114024725992415e-12,
                2.0206726065352733e-11,
                2.1297732582221902e-12,
                6.144172126768447e-06,
                0.9999938558020253
            ]
        ],
        [
            [
                0.9999999997472699,
                2.461696948477358e-10,
                0.0,
                0.0,
                6.560200159258239e-12
            ],
            [
                0.9999999804397051,
                1.9555680680888014e-08,
                2.7346982346815786e-12,
                0.0,
                1.879528777425247e-12
            ],
            [
                2.6810038658616433e-14,
                5.905303994714606e-10,
                0.9999999993864095,
                2.2897348440056235e-11,
                1.3615261071145162e-13
            ],
            [
                5.7868614122196535e-12,
                7.988515766947521e-11,
                1.3881958871385278e-11,
                0.00043055712028670505,
                0.9995694427801594
            ],
            [
                1.8795038354953387e-12,
                1.3887759278630382e-11,
                1.8795038354953387e-12,
                1.3007124772508778e-05,
                0.9999869928575806
            ]
        ],
        [
            [
                0.9999999997943949,
                1.9171715112490009e-10,
                0.0,
                0.0,
                1.3887943846786633e-11
            ],
            [
                0.9999986289803292,
                1.3709566534555202e-06,
                3.77512784485768e-11,
                7.433667480409246e-12,
                1.7832441262320384e-11
            ],
            [
                2.882350772179409e-13,
                7.19413297724958e-09,
                0.9999999927249676,
                7.99195983399204e-11,
                6.914400055928172e-13
            ],
            [
                2.7346411502558218e-12,
                1.7832100299829697e-11,
                2.1297406692385216e-12,
                2.144493976473317e-05,
                0.9999785550375387
            ],
            [
                2.0176492209333272e-11,
                1.3156725617981196e-10,
                3.7694650005249615e-11,
                0.0015011820310010234,
                0.9984988177795606
            ]
        ],
        [
            [
                0.9999999997442852,
                2.461696948108395e-10,
                0.0,
                0.0,
                9.54503490846707e-12
            ],
            [
                0.9999999988857353,
                1.103256029897061e-09,
                1.4637785108799498e-12,
                0.0,
                9.545034901674317e-12
            ],
            [
                0.0,
                2.461696950173419e-10,
                0.9999999996911693,
                6.224144618756243e-11,
                4.1937956555822594e-13
            ],
            [
                4.50724220394375e-12,
                3.773867692778182e-11,
                6.557998710342977e-12,
                0.00033535005620708027,
                0.999664649894989
            ],
            [
                1.6586437009432929e-12,
                1.7832100299843827e-11,
                2.4133123447830507e-12,
                2.1444939764750166e-05,
                0.9999785550383312
            ]
        ],
        [
            [
                0.9999999995857114,
                4.058652120316508e-10,
                0.0,
                0.0,
                8.423463741685666e-12
            ],
            [
                0.999999990759623,
                9.23744956761931e-09,
                1.4637784991748795e-12,
                0.0,
                1.4637784991748795e-12
            ],
            [
                1.0465744650905365e-08,
                0.00015843623964617714,
                0.9998415111436503,
                4.1392823056826354e-08,
                7.581359996941016e-10
            ],
            [
                1.779811985800378e-11,
                1.3151130608628157e-10,
                3.7678620035068384e-11,
                0.0019267343358859575,
                0.9980732654771259
            ],
            [
                3.5109869440579473e-12,
                3.774666693170891e-11,
                5.108455860440908e-12,
                0.00012339462763090602,
                0.999876605326003
            ]
        ],
        [
            [
                0.9999999996334017,
                3.581747924492386e-10,
                0.0,
                0.0,
                8.423463740850002e-12
            ],
            [
                0.9999999988958495,
                1.103256030473887e-09,
                4.1937956512723995e-13,
                0.0,
                4.752193054717702e-13
            ],
            [
                1.1859989465934287e-08,
                9.610239837219269e-05,
                0.9999037698192476,
                1.1252444707477935e-07,
                3.3979438727014975e-09
            ],
            [
                4.508196474123352e-12,
                2.5942879493949837e-11,
                4.508196474123352e-12,
                0.00012339462824907465,
                0.9998766053367916
            ],
            [
                1.8794895439602085e-12,
                1.5736773281585887e-11,
                1.6586437009850176e-12,
                2.1444939765289635e-05,
                0.9999785550409598
            ]
        ],
        [
            [
                0.9999999995823128,
                4.0586521217029484e-10,
                1.0060392781002717e-12,
                0.0,
                1.0815941544566759e-11
            ],
            [
                0.9999724642433225,
                2.7535689808946048e-05,
                5.4926420809805806e-11,
                7.433482717468447e-12,
                4.508635176588596e-12
            ],
            [
                2.2447770383556108e-13,
                7.194132976915695e-09,
                0.9999999927252476,
                7.991959833621129e-11,
                4.752193027490578e-13
            ],
            [
                2.413339940813473e-12,
                1.3887812481516723e-11,
                1.1399810684342648e-12,
                1.0129988104679437e-05,
                0.9999898699944542
            ],
            [
                1.879525423248804e-12,
                1.3887918791751788e-11,
                1.2917776726139673e-12,
                1.760343134037283e-06,
                0.9999982396398067
            ]
        ],
        [
            [
                0.999999999230907,
                7.582560411338691e-10,
                1.2917800019625502e-12,
                0.0,
                9.545034901978028e-12
            ],
            [
                0.9999999965989335,
                3.3982678036889817e-09,
                1.1399918477420032e-12,
                0.0,
                1.6586783511993543e-12
            ],
            [
                8.25807327345723e-14,
                1.2501528645551757e-09,
                0.9999999987266428,
                2.2897348422909214e-11,
                2.244777051732209e-13
            ],
            [
                1.3831424786570058e-11,
                1.6850124893031407e-10,
                6.198814529317404e-11,
                0.00407013778379668,
                0.9959298619718826
            ],
            [
                1.2917751193139227e-12,
                1.081590065172884e-11,
                1.1399875416303829e-12,
                2.9023122000235576e-06,
                0.9999970976745524
            ]
        ],
        [
            [
                0.9999999993972137,
                5.905303988001871e-10,
                0.0,
                0.0,
                1.2256067421389735e-11
            ],
            [
                0.999954602122571,
                4.5397855720356634e-05,
                1.783165825269967e-11,
                2.4132525202075917e-12,
                1.4637116431346858e-12
            ],
            [
                8.592036512661317e-10,
                1.3007113096167159e-05,
                0.9999856190269436,
                1.3709396341244887e-06,
                2.0611224115086457e-09
            ],
            [
                2.1295821649592846e-12,
                2.2895165936310302e-11,
                2.734437626732628e-12,
                9.610239981805205e-05,
                0.9999038975724228
            ],
            [
                8.878265679379879e-13,
                8.423463945096445e-12,
                8.878265679379879e-13,
                6.475946146450248e-07,
                0.9999993523951862
            ]
        ],
        [
            [
                0.9999999994654627,
                5.211412480028909e-10,
                1.1399918513250683e-12,
                0.0,
                1.2256067425615405e-11
            ],
            [
                0.9999999961473642,
                3.850741904623489e-09,
                8.878265436626581e-13,
                0.0,
                1.0060392745430084e-12
            ],
            [
                0.0,
                2.789468090937848e-10,
                0.9999999996659008,
                5.492788347152169e-11,
                2.2447770534669735e-13
            ],
            [
                3.0983287152563547e-12,
                3.3310172872520077e-11,
                6.5591619416692286e-12,
                0.00015843624769175548,
                0.9998415637093405
            ],
            [
                1.0813735393759878e-11,
                7.051441251781988e-11,
                1.5733892157873596e-11,
                0.00020342706255298458,
                0.999796572840385
            ]
        ],
        [
            [
                0.9999999996804005,
                3.160881448825744e-10,
                0.0,
                0.0,
                3.5114221072799515e-12
            ],
            [
                0.999999971536212,
                2.845334725549634e-08,
                5.789356158969329e-12,
                1.1399918196163688e-12,
                3.5114220104110644e-12
            ],
            [
                4.36333793584374e-09,
                2.7535691083371647e-05,
                0.9999723908322975,
                6.825408911671709e-08,
                8.59192182429001e-10
            ],
            [
                4.506262454106041e-12,
                4.8446887064014846e-11,
                1.3880265536784145e-11,
                0.0005527785854806421,
                0.9994472213476859
            ],
            [
                1.4637759178831031e-12,
                1.2256045706024615e-11,
                1.1399898310884251e-12,
                1.3709566547712203e-06,
                0.9999986290284854
            ]
        ],
        [
            [
                0.9999999995857114,
                4.058652118279178e-10,
                0.0,
                0.0,
                8.423463737457323e-12
            ],
            [
                0.9999998554829446,
                1.4449803152449483e-07,
                1.2256068030496319e-11,
                1.6586784382744132e-12,
                5.109089272509895e-12
            ],
            [
                8.258073278396792e-14,
                3.581747927178075e-10,
                0.9999999995929807,
                4.847368702067952e-11,
                2.882350790945606e-13
            ],
            [
                3.978150934135455e-12,
                3.77436451802401e-11,
                8.421745593652484e-12,
                0.00020342706221189398,
                0.9997965728876446
            ],
            [
                1.8794966674127443e-12,
                1.225585780546175e-11,
                2.1297487412230066e-12,
                1.6701415109555875e-05,
                0.9999832985686253
            ]
        ],
        [
            [
                0.9999999995783977,
                4.058652120286824e-10,
                0.0,
                0.0,
                1.5737102082866052e-11
            ],
            [
                0.999841563644603,
                0.00015843624660378817,
                9.054643750773984e-11,
                1.0814229797526405e-11,
                7.432504198221764e-12
            ],
            [
                3.398015480528911e-09,
                7.484620037316075e-05,
                0.9999248406718414,
                3.0587931396259194e-07,
                3.850455985258464e-09
            ],
            [
                1.9984836721704378e-11,
                3.126154441032275e-10,
                1.3031750541156529e-10,
                0.010986942389113701,
                0.9890130571479685
            ],
            [
                3.5108663908097365e-12,
                4.846601554930263e-11,
                9.5435243122857e-12,
                0.0001584362476928598,
                0.9998415636907867
            ]
        ],
        [
            [
                0.9999999995845898,
                4.0586521197157525e-10,
                0.0,
                0.0,
                9.545034906942771e-12
            ],
            [
                0.9999998144459044,
                1.8553915971430198e-07,
                9.545036129361714e-12,
                1.8795290541171716e-12,
                3.5114225572308145e-12
            ],
            [
                1.605194424472455e-09,
                2.1444938567951426e-05,
                0.9999784997089808,
                5.315673884797834e-08,
                5.905180278464417e-10
            ],
            [
                2.1294481081352705e-12,
                2.2893724689627646e-11,
                3.5108663907347676e-12,
                0.0001584362475851708,
                0.9998415637238808
            ],
            [
                1.8795217272454474e-12,
                1.2256021216097992e-11,
                1.1399875531704095e-12,
                3.7266391157160424e-06,
                0.9999962733456088
            ]
        ],
        [
            [
                0.9999999993185618,
                6.691586074561141e-10,
                1.4637785104658772e-12,
                0.0,
                1.0815941530241514e-11
            ],
            [
                0.9999977396598401,
                2.260325271968989e-06,
                1.081592177076754e-11,
                1.658675324553396e-12,
                2.4133583568642505e-12
            ],
            [
                3.850367578365654e-09,
                9.610221705350812e-05,
                0.9999021218991078,
                1.7601735039588066e-06,
                1.1859967089409606e-08
            ],
            [
                3.3276453142610366e-11,
                1.491347163488536e-10,
                2.2870549481106256e-11,
                0.0011695103472744732,
                0.9988304894474438
            ],
            [
                3.098789823228764e-12,
                2.2897131842632726e-11,
                1.879511035793737e-12,
                1.0129988105060522e-05,
                0.9999898699840195
            ]
        ],
        [
            [
                0.9999999997463966,
                2.4616969487943323e-10,
                0.0,
                0.0,
                7.4336806632294e-12
            ],
            [
                0.9999999995933331,
                4.058652122428417e-10,
                3.26613133953047e-13,
                0.0,
                4.752193058032279e-13
            ],
            [
                3.160875611620857e-10,
                1.7603430582654635e-06,
                0.9999981969679352,
                4.1399300663677004e-08,
                9.73618231624865e-10
            ],
            [
                5.991813255172641e-11,
                3.448050459234309e-10,
                1.1194180891665094e-10,
                0.03732688393344154,
                0.9626731155498935
            ],
            [
                2.129626930590128e-12,
                2.289564721219778e-11,
                2.7344951069404255e-12,
                7.48461971117373e-05,
                0.9999251537751285
            ]
        ],
        [
            [
                0.9999999999086557,
                9.056076982785696e-11,
                0.0,
                0.0,
                7.835041779105818e-13
            ],
            [
                0.9999977396708436,
                2.26032527301661e-06,
                2.7346932900441057e-12,
                5.384930369122537e-13,
                6.101925517643778e-13
            ],
            [
                5.4927784016131015e-11,
                1.760343123559478e-06,
                0.9999982339442346,
                5.602786288932951e-09,
                5.4927784016131015e-11
            ],
            [
                5.842594747235981e-11,
                1.0356246986458175e-09,
                9.13935588795039e-10,
                0.2689414094258049,
                0.7310585885662088
            ],
            [
                1.2917751193842627e-12,
                1.081590065231779e-11,
