{
    "[['A', 'B', 'C', 'D', 'E'], ['A', 'B', 'C', 'D', 'E']]": [
        [
            [
                0.9999999992727913,
                6.691586076947242e-10,
                1.6586783553583274e-12,
                1.4637785109878349e-12,
                5.492788339179147e-11
            ],
            [
                6.459766190104548e-07,
                0.9975006322712403,
                0.0024725567869708655,
                2.1391807693279205e-05,
                4.773157476465802e-06
            ],
            [
                1.0650567728024344e-06,
                0.9975207257991476,
                0.0024726064237328075,
                4.773253297958202e-06,
                8.294670486740392e-07
            ],
            [
                8.561906677886171e-09,
                1.0430537639545502e-07,
                3.45411968105701e-06,
                0.562174495877226,
                0.4378219371358098
            ],
            [
                3.780874582110853e-07,
                5.914282928824385e-06,
                9.251495071453813e-05,
                0.9625779976201614,
                0.03732319505873688
            ]
        ],
        [
            [
                0.9999999995918878,
                3.581747921438893e-10,
                1.4637785105114505e-12,
                0.0,
                4.847368694300813e-11
            ],
            [
                1.8488359696283116e-06,
                0.5621681276201493,
                0.4378169780083577,
                1.2055924941106357e-05,
                9.896105822005425e-07
            ],
            [
                2.2576775246608845e-06,
                0.9988264752922341,
                0.0011695053540760727,
                1.3693506384509515e-06,
                3.9232552649976145e-07
            ],
            [
                2.2603080312436734e-06,
                0.9999909466981697,
                6.144154248049718e-06,
                5.04342892996183e-07,
                1.4449665810575201e-07
            ],
            [
                5.798673408829791e-08,
                3.7812100436847086e-07,
                9.751869232493308e-06,
                0.9626633054885552,
                0.0373265065344738
            ]
        ],
        [
            [
                0.999999999730933,
                2.461696948075526e-10,
                0.0,
                0.0,
                2.2897348421669422e-11
            ],
            [
                1.1297524813672494e-06,
                0.49981778229785934,
                0.49981778229785934,
                0.0003549578473372283,
                8.34780446272871e-06
            ],
            [
                8.314795594598701e-07,
                0.9999404522999723,
                5.829121737377656e-05,
                3.927631331766764e-07,
                3.2239961246325665e-08
            ],
            [
                2.6675345309115505e-07,
                4.1727260705409955e-06,
                6.527241787502779e-05,
                0.6791313654538002,
                0.32079892264880117
            ],
            [
                3.046325701614368e-06,
                2.8902733528426675e-05,
                0.00012953306495724334,
                0.8174424459106313,
                0.1823960719651813
            ]
        ],
        [
            [
                0.9999999995845714,
                4.0586521197156775e-10,
                1.1399918511456061e-12,
                0.0,
                8.423463740438682e-12
            ],
            [
                1.7602373148594578e-06,
                0.9999384883085152,
                5.8291054236125934e-05,
                1.0676378998325014e-06,
                3.927620339638329e-07
            ],
            [
                1.5228499821839034e-08,
                9.61023127297154e-05,
                0.9999029978581653,
                8.314479180524778e-07,
                5.315268710586477e-08
            ],
            [
                4.785062917291126e-06,
                0.9999881849725767,
                6.144142406251799e-06,
                6.475878452166069e-07,
                2.3823425460770382e-07
            ],
            [
                3.6193560954863134e-09,
                3.891174510767919e-08,
                2.1245092974405345e-06,
                0.939911309649037,
                0.0600865233105643
            ]
        ],
        [
            [
                0.9999999965541337,
                3.398267801603776e-09,
                7.43368063321514e-12,
                2.413362759127274e-12,
                3.775134524403664e-11
            ],
            [
                2.2569198362801234e-06,
                0.998491488394394,
                0.001501171345553575,
                4.777899330898496e-06,
                3.0544088528530007e-07
            ],
            [
                9.658928510296023e-07,
                0.09534883537558267,
                0.9046444922775149,
                5.558329585269754e-06,
                1.481244661453981e-07
            ],
            [
                1.0428016122352235e-06,
                0.00019872281198630979,
                0.0001547654815890896,
                0.9766762457366701,
                0.022969223168142382
            ],
            [
                4.172296088466532e-06,
                0.0001381674706750533,
                3.0829329859028125e-05,
                0.32076575123948947,
                0.679061079663888
            ]
        ],
        [
            [
                0.9999999994897413,
                4.599055368923076e-10,
                1.879528812562965e-12,
                0.0,
                4.847368696015712e-11
            ],
            [
                0.00012231099504379637,
                0.9910966229230472,
                0.008574666830797828,
                0.00020165673916920502,
                4.7425119419328805e-06
            ],
            [
                1.955422773859968e-08,
                7.484619563165212e-05,
                0.9999250153750011,
                1.1252681127177121e-07,
                6.348328282623469e-09
            ],
            [
                1.7402592814357147e-06,
                9.501493734439894e-05,
                0.00033163471741370096,
                0.988589376485692,
                0.010982233600268477
            ],
            [
                1.0863889412137152e-07,
                1.1679781832196183e-06,
                1.1081468465017696e-05,
                0.851942267761047,
                0.1480453741534106
            ]
        ],
        [
            [
                0.9999999995494775,
                4.0586521181321173e-10,
                1.879528812675241e-12,
                0.0,
                4.277787860174934e-11
            ],
            [
                2.952956370567306e-07,
                0.14803758967361083,
                0.851897546231828,
                6.376610215991186e-05,
                8.026967642345483e-07
            ],
            [
                1.2572561868722262e-07,
                0.014063620449364576,
                0.9859360098311046,
                2.3488637885806873e-07,
                9.107533270683352e-09
            ],
            [
                2.0871860157617552e-06,
                0.0006557740397337492,
                0.00014632303627921841,
                0.9233986422131045,
                0.07579717352486688
            ],
            [
                8.640986860181805e-08,
                3.0159978870144924e-07,
                1.0526866984660828e-06,
                0.014063606790091578,
                0.9859349525135526
            ]
        ],
        [
            [
                0.9999999999083578,
                6.224144615470563e-11,
                0.0,
                0.0,
                2.940077735771379e-11
            ],
            [
                1.0099207063853576e-05,
                0.8798063454840757,
                0.11906884855695411,
                0.0010301471264494541,
                8.455962545701675e-05
            ],
            [
                6.691574180607197e-10,
                1.0677031278160861e-06,
                0.9999988613106525,
                6.82559122710528e-08,
                2.061149953689116e-09
            ],
            [
                1.3006665261220995e-05,
                0.999951191630435,
                3.535578182842655e-05,
                3.9276725793884083e-07,
                5.315521740643095e-08
            ],
            [
                4.965566337435092e-08,
                3.669081323916658e-07,
                6.503602260255674e-06,
                0.49999654018885376,
                0.49999653964509033
            ]
        ],
        [
            [
                0.999999999525423,
                4.5990553729824485e-10,
                7.83504177540509e-13,
                0.0,
                1.3887943847842503e-11
            ],
            [
                1.5321622201839206e-05,
                0.5564121894938482,
                0.4333342510123406,
                0.010191043952750485,
                4.719391885886171e-05
            ],
            [
                1.3701985959780805e-06,
                0.9994449089583597,
                0.0005527773028360557,
                8.310674583559092e-07,
                1.124727498653288e-07
            ],
            [
                1.8063830198549638e-06,
                7.680936051077395e-05,
                2.8256584621439372e-05,
                0.6223928078012235,
                0.3775003198706244
            ],
            [
                1.5290980067013924e-09,
                5.337076458959145e-09,
                2.3919117233675778e-08,
                0.0474258739713911,
                0.9525740952433172
            ]
        ],
        [
            [
                0.9999999997167581,
                2.789468088591569e-10,
                7.835041773050178e-13,
                0.0,
                3.5114221079921157e-12
            ],
            [
                1.0022406320257523e-06,
                0.7310504439096673,
                0.26893843696566777,
                9.508994361125345e-06,
                6.078896717333861e-07
            ],
            [
                8.718498119869017e-08,
                0.005220123478798466,
                0.994779330700884,
                3.9073560470111093e-07,
                6.789973162960561e-08
            ],
            [
                2.7928171486716443e-06,
                0.00032280577194447233,
                9.248540211624789e-05,
                0.9622706327948466,
                0.03731128321394408
            ],
            [
                2.6372579596761342e-08,
                1.0430557568652092e-07,
                9.89623748373011e-07,
                0.43782300880332087,
                0.5621758708947754
            ]
        ],
        [
            [
                0.9999999997205149,
                2.461696947175792e-10,
                0.0,
                0.0,
                3.331544535887407e-11
            ],
            [
                2.627923407538891e-06,
                0.6223101632453724,
                0.3774501941781631,
                0.00020876181385052136,
                2.8252839206449324e-05
            ],
            [
                8.736442374963788e-08,
                0.0031726814890927968,
                0.9968266962598408,
                5.027470672401705e-07,
                3.213957538728187e-08
            ],
            [
                1.0277787497873847e-06,
                3.403535781274899e-05,
                3.403535781274899e-05,
                0.9626065905584448,
                0.03732431094717985
            ],
            [
                3.5694077319769585e-08,
                1.0431338449022883e-06,
                3.4543848727347725e-05,
                0.9769878253218467,
                0.02297655200150367
            ]
        ],
        [
            [
                0.9999999989515582,
                9.736200273603243e-10,
                2.413362762065363e-12,
                1.8795288089318735e-12,
                7.052879822566316e-11
            ],
            [
                2.3801577476759032e-07,
                0.000911034904870111,
                0.9990710995146694,
                1.66861940350983e-05,
                9.413706504712033e-07
            ],
            [
                2.509917268623168e-08,
                0.0004305569542810089,
                0.9995692949969666,
                1.1248668790241221e-07,
                1.046289181824219e-08
            ],
            [
                1.3665223940207736e-06,
                0.9967641760676987,
                0.00042934877800197683,
                0.0024707316268299663,
                0.00033437700507527143
            ],
            [
                9.310948470086139e-07,
                8.833981947012385e-06,
                2.4013252599499025e-05,
                0.32081045786758483,
                0.6791557638030217
            ]
        ],
        [
            [
                0.9999999998538085,
                1.3176514253632103e-10,
                5.384940211025836e-13,
                0.0,
                1.3887943847611765e-11
            ],
            [
                3.94432171911503e-06,
                0.4999570600895742,
                0.49995706087915087,
                7.9223819526216e-05,
                2.7108900296501366e-06
            ],
            [
                2.2531409526321762e-06,
                0.9968199267233347,
                0.0031726586990899136,
                4.769899434153015e-06,
                3.9153718848858585e-07
            ],
            [
                6.363816426610146e-05,
                0.8501883272066816,
                0.00036621235038179973,
                0.1477405723905416,
                0.0016412498881289254
            ],
            [
                1.2075087596674545e-06,
                6.948733139682694e-06,
                1.4710468172145306e-05,
                0.8807769463791698,
                0.11920018691075866
            ]
        ],
        [
            [
                0.9999999996532194,
                3.1608814487398276e-10,
                1.291780002508085e-12,
                0.0,
                2.940077734099971e-11
            ],
            [
                2.556142556790739e-06,
                0.7772360962890842,
                0.22268187062989578,
                7.4701435464944e-05,
                4.775502998344762e-06
            ],
            [
                1.7586465506437138e-06,
                0.9990340025211966,
                0.0009110010328929394,
                4.535609233530046e-05,
                7.88170702460767e-06
            ],
            [
                5.232937760833331e-06,
                0.0001732910990217031,
                0.00013495924361740674,
                0.8516857347406325,
                0.14800078197896752
            ],
            [
                2.8398210301001934e-08,
                3.053095334070412e-07,
                1.1456655719086173e-05,
                0.8807866821837841,
                0.11920152745275313
            ]
        ],
        [
            [
                0.9999999997244295,
                2.4616969446219516e-10,
                0.0,
                0.0,
                2.940077730693142e-11
            ],
            [
                1.790747944575513e-05,
                0.3480906646562505,
                0.5739044829509056,
                0.0776695272452758,
                0.0003174176681223665
            ],
            [
                1.8350036386116277e-07,
                0.010986926880179278,
                0.9890114355043073,
                1.355894482744318e-06,
                9.822066689408046e-08
            ],
            [
                6.055604949480148e-06,
                0.00015617611005132973,
                0.00020053409478532926,
                0.9855787087315829,
                0.014058525458631047
            ],
            [
                3.074245446685456e-09,
                2.0046598489334307e-08,
                2.767344921096126e-07,
                0.0953494396719471,
                0.9046502604727168
            ]
        ],
        [
            [
                0.999999999695107,
                2.789468088531174e-10,
                0.0,
                0.0,
                2.5946094942417298e-11
            ],
            [
                2.688791341029848e-06,
                0.817570358848167,
                0.18242460823113688,
                2.0940328019096584e-06,
                2.5009655317994615e-07
            ],
            [
                2.3728023049488843e-06,
                0.1824208083514647,
                0.817553317193608,
                2.2512521461257642e-05,
                9.89131161138812e-07
            ],
            [
                2.688274110494756e-07,
                2.135560640102015e-05,
                9.570918779789362e-05,
                0.9958130061996406,
                0.00406966017874957
            ],
            [
                2.8565599735748275e-05,
                0.01152418543678932,
                0.0002710228642999325,
                0.8079076561447185,
                0.18026856995445656
            ]
        ],
        [
            [
                0.9999999993855664,
                5.90530398793309e-10,
                1.0060392774074696e-12,
                0.0,
                2.2897348413761443e-11
            ],
            [
                1.3852101739318373e-05,
                0.9398138697472069,
                0.06008029670354789,
                9.032704987850525e-05,
                1.6543976274593828e-06
            ],
            [
                1.3615261055622613e-13,
                1.6052280522058368e-09,
                0.9999999983609502,
                3.331544535982087e-11,
                3.701011671722507e-13
            ],
            [
                1.360834023440465e-06,
                0.9926143530687599,
                0.005208760963083315,
                0.0019161960722947134,
                0.0002593290618385932
            ],
            [
                3.527022172002996e-08,
                1.2310528739091904e-07,
                1.9256906936533386e-06,
                0.8519510227326419,
                0.1480468932011553
            ]
        ],
        [
            [
                0.9999999990845636,
                8.592166600567005e-10,
                1.2917800019885313e-12,
                0.0,
                5.49278833905956e-11
            ],
            [
                0.9999898669085321,
                1.0129988061269207e-05,
                2.061134114573473e-09,
                5.21136316428131e-10,
                5.21136316428131e-10
            ],
            [
                3.837588512859995e-07,
                0.02297723751187013,
                0.9770169866334679,
                4.675139888158191e-06,
                7.16955922543902e-07
            ],
            [
                2.112891997954948e-09,
                2.5740294004704853e-08,
                7.522423739998046e-07,
                0.9046498217012313,
                0.09534939820320856
            ],
            [
                3.61035329372002e-08,
                4.398310719675004e-07,
                3.2499364648206645e-06,
                0.6791761752583316,
                0.32082009887059865
            ]
        ],
        [
            [
                0.999999999788076,
                1.917171510636135e-10,
                0.0,
                0.0,
                2.020683905731467e-11
            ],
            [
                3.498143465997216e-06,
                0.2689369280615246,
                0.7310463618397155,
                1.220972041073454e-05,
                1.0022348831133338e-06
            ],
            [
                9.73603424951566e-10,
                1.670141592112853e-05,
                0.9999832283820024,
                6.82548695683771e-08,
                9.73603424951566e-10
            ],
            [
                7.430163735064053e-05,
                0.1343405117934909,
                0.011027340725702562,
                0.7730762058465345,
                0.08148163999692139
            ],
            [
                1.1456032672193988e-05,
                5.134237641640757e-05,
                3.2822083135706394e-06,
                0.11919504530901168,
                0.8807388740735862
            ]
        ],
        [
            [
                0.9999999988714334,
                1.1032560290916757e-09,
                2.413362764719759e-12,
                0.0,
                2.289734838896495e-11
            ],
            [
                5.665879640050481e-07,
                0.9914038076582867,
                0.00857732241250897,
                1.6558127447115652e-05,
                1.7452137931225123e-06
            ],
            [
                3.397846642200572e-09,
                0.0001233945096049219,
                0.9998763582830064,
                2.3820743994227986e-07,
                5.60210203357309e-09
            ],
            [
                1.0605171430879894e-06,
                0.9932684593822207,
                0.006692589765124885,
                2.1301056235167308e-05,
                1.6589279276196332e-05
            ],
            [
                0.0001147011855484195,
                0.004877220841848333,
                0.004877220841848333,
                0.723843650819315,
                0.26628720631143993
            ]
        ],
        [
            [
                0.9999999992164332,
                7.582560409798726e-10,
                2.4133627660681854e-12,
                0.0,
                2.2897348401758464e-11
            ],
            [
                1.9908509703868117e-06,
                0.7772847213885803,
                0.2226957886592037,
                1.6669191089187465e-05,
                8.299101563943645e-07
            ],
            [
                4.752193061267463e-13,
                1.4930946757247188e-10,
                0.9999999997998621,
                4.84736870473645e-11,
                1.879528815944362e-12
            ],
            [
                5.279963524392756e-08,
                8.259252577401668e-07,
                4.5093991138260945e-05,
                0.9932614855869649,
                0.006692541697003956
            ],
            [
                9.310965555798936e-07,
                6.8799246827009345e-06,
                2.4013296664133098e-05,
                0.32081108480265197,
                0.6791570908794458
            ]
        ],
        [
            [
                0.9999999992145059,
                7.582560415440788e-10,
                1.2917800026613916e-12,
                0.0,
                2.5946094940090846e-11
            ],
            [
                4.6840115252550247e-08,
                0.0015011476716922023,
                0.9984756351147783,
                2.141271105660973e-05,
                1.7576623576157521e-06
            ],
            [
                2.789452273595614e-10,
                4.785094818805466e-06,
                0.9999952088741627,
                5.602764663677449e-09,
                1.4930862087503335e-10
            ],
            [
                5.704389488169203e-07,
                0.9981420774657134,
                0.0015006458650614275,
                0.0002607731496943288,
                9.593308058206656e-05
            ],
            [
                2.556252090616558e-06,
                1.8888290100574506e-05,
                1.8888290100574506e-05,
                0.1191981082399476,
                0.8807615589277608
            ]
        ],
        [
            [
                0.999999999663705,
                3.1608814487729716e-10,
                0.0,
                0.0,
                2.0206839054801525e-11
            ],
            [
                0.00044099639599596007,
                0.9035047678996907,
                0.021248396295735283,
                0.07416419343852629,
                0.0006416459700516904
            ],
            [
                1.370597209371044e-06,
                0.9997363703237294,
                0.0002611895957496515,
                8.313092296001136e-07,
                2.381740819545817e-07
            ],
            [
                1.3777707175125874e-08,
                1.6784683445331185e-07,
                7.137029011240236e-06,
                0.9046439232617052,
                0.09534875808474186
            ],
            [
                0.00020007351402322735,
                0.002437394376284689,
                2.1087593233415455e-05,
                0.014026236366616221,
                0.9833152081498424
            ]
        ],
        [
            [
                0.9999999996626989,
                3.160881449295939e-10,
                1.006039277686276e-12,
                0.0,
                2.0206839058144743e-11
            ],
            [
                1.5330427332962698e-06,
                0.5985435015120896,
                0.36303498534480577,
                0.03826360549032109,
                0.00015637461005050109
            ],
            [
                8.313408522058389e-07,
                0.9997742642959758,
                0.0002034223994964304,
                1.669792738273468e-05,
                4.784036292776605e-06
            ],
            [
                8.974692232289023e-07,
                7.514417804844803e-06,
                9.154434952572446e-05,
                0.9524789078470667,
                0.04742113591637953
            ],
            [
                1.8094666014889868e-09,
                6.315659009269498e-09,
                4.118327002512968e-08,
                0.005220126069957562,
                0.9947798246216468
            ]
        ],
        [
            [
                0.9999999995252005,
                4.5990553719909547e-10,
                1.0060392778261498e-12,
                0.0,
                1.388794384484845e-11
            ],
            [
                0.047406611268963304,
                0.9521871076050328,
                0.00024876693716672105,
                0.00015088477451442254,
                6.629414322622979e-06
            ],
            [
                5.211372891897429e-10,
                7.889264884596091e-06,
                0.9999920900679198,
                1.9555532504990028e-08,
                5.905259130807965e-10
            ],
            [
                2.2595537216918587e-06,
                0.9996572970773873,
                0.0003353475059982729,
                3.725374283243005e-06,
                1.3704886094738992e-06
            ],
            [
                4.4035714382806025e-08,
                1.741647950290276e-07,
                2.121761563608287e-06,
                0.7310568622873829,
                0.2689407977505441
            ]
        ],
        [
            [
                0.999999999572788,
                4.0586521140002664e-10,
                1.1399918495402648e-12,
                0.0,
                2.0206839028110678e-11
            ],
            [
                6.129086665922247e-05,
                0.9278552463405881,
                0.035976854356304,
                0.03597685567071292,
                0.00012975276573577921
            ],
            [
                1.117819543753604e-07,
                0.006692848610564563,
                0.993306848164214,
                1.8429728585908795e-07,
                7.145981264722557e-09
            ],
            [
                4.1225708270236784e-08,
                2.2508474053610233e-06,
                0.00012289210433961457,
                0.995805188231356,
                0.004069627591190794
            ],
            [
                3.920248298421001e-07,
                1.207521486073861e-06,
                1.1456644876595874e-05,
                0.11920135819032067,
                0.8807855856184869
            ]
        ],
        [
            [
                0.9999999993678239,
                3.160881446565937e-10,
                0.0,
                0.0,
                3.160881446565937e-10
            ],
            [
                2.654658985640355e-06,
                0.9146678890892338,
                0.07508050473912031,
                0.010161041280554492,
                8.791023210568404e-05
            ],
            [
                6.404792341575388e-07,
                0.010986922258694604,
                0.9890112551724954,
                1.0559717367972625e-06,
                1.2611783893146023e-07
            ],
            [
                3.058635609841452e-07,
                0.9998734722770652,
                0.0001233941673812253,
                1.760123266532004e-06,
                1.0675687260252115e-06
            ],
            [
                1.297518870895917e-08,
                2.0296629416577258e-07,
                1.925690582729487e-06,
                0.8519509736584634,
                0.1480468847094708
            ]
        ],
        [
            [
                0.999999999393923,
                5.905303988849909e-10,
                1.6586783560789978e-12,
                0.0,
                1.3887943841224902e-11
            ],
            [
                2.9002481106809705e-06,
                0.9992859500027234,
                0.0007096673142481812,
                1.3699802021360108e-06,
                1.1245471576187774e-07
            ],
            [
                8.151010098925105e-09,
                0.0001233946225071153,
                0.9998765642304506,
                3.2237870310549224e-08,
                7.581620409024781e-10
            ],
            [
                1.2611013113161013e-07,
                4.732247758334649e-06,
                5.765057973646442e-05,
                0.9889512351818599,
                0.010986255880514155
            ],
            [
                3.4436174897399927e-06,
                6.916690623950745e-05,
                2.5445082814947548e-05,
                0.07585074141394138,
                0.9240512029795144
            ]
        ],
        [
            [
                0.999999999881644,
                1.0261879617658417e-10,
                0.0,
                0.0,
                1.5737102085326536e-11
            ],
            [
                1.4401993611530095e-07,
                0.9966916385208857,
                0.0031722517092610545,
                0.00012300148841772933,
                1.296426149918381e-05
            ],
            [
                4.943442073724156e-09,
                0.00020342687132672847,
                0.9997964761980515,
                8.76246073766385e-08,
                4.362572318167936e-09
            ],
            [
                1.399891201288533e-09,
                1.9324901940610137e-08,
                7.251615954078315e-07,
                0.6791782056993855,
                0.32082104841422604
            ],
            [
                1.829249913546503e-07,
                1.282403194743207e-05,
                1.282403194743207e-05,
                0.9859109036097086,
                0.014063265401405267
            ]
        ],
        [
            [
                0.9999999972837512,
                2.6465736227265985e-09,
                7.433680626898824e-12,
                0.0,
                6.224144584850147e-11
            ],
            [
                0.9999898660336155,
                1.012998805049551e-05,
                2.3355709310082097e-09,
                9.736108154024965e-10,
                6.691522751410723e-10
            ],
            [
                3.850602602946744e-09,
                3.535625533456679e-05,
                0.9999645823748291,
                5.315592929344138e-08,
                4.363304382904198e-09
            ],
            [
                2.9138033808791547e-07,
                5.852530539355732e-06,
                4.3244676476004365e-05,
                0.952527076472455,
                0.047423534940191504
            ],
            [
                3.16619456067548e-08,
                4.0654742900857933e-08,
                1.8220191691617904e-07,
                0.017986202761959058,
                0.9820135427194354
            ]
        ],
        [
            [
                0.9999999995153177,
                4.5990553706737135e-10,
                1.8795288132784104e-12,
                0.0,
                2.2897348416732404e-11
            ],
            [
                4.848123429745925e-07,
                0.03727232558448746,
                0.9612659302864376,
                0.0014452045368791367,
                1.605477985275618e-05
            ],
            [
                9.235988305676982e-09,
                0.000158436105579002,
                0.999841030838451,
                5.042673943106256e-07,
                1.955258739655264e-08
            ],
            [
                1.174190001004337e-06,
                2.6724441242726757e-05,
                0.0001537885410901533,
                0.9705114042925393,
                0.029306908535126793
            ],
            [
                3.3711330837987204e-06,
                1.9399531465199566e-05,
                3.1984420168290945e-05,
                0.09534423596482464,
                0.904601008950458
            ]
        ],
        [
            [
                0.9999999991959776,
                6.691586070283774e-10,
                3.098819128992725e-12,
                0.0,
                1.317651422872628e-10
            ],
            [
                6.123434608908162e-06,
                0.9966183472623737,
                0.0031720176584324015,
                0.00020278030461349212,
                7.313399713290612e-07
            ],
            [
                1.1860691618442652e-08,
                3.535625713017378e-05,
                0.9999645137484753,
                1.1253110891229555e-07,
                5.602594012928002e-09
            ],
            [
                0.0004293221238524484,
                0.9967023805818948,
                0.0002027973149583136,
                0.0011670185278235543,
                0.0014984814514709538
            ],
            [
                2.2998174749994522e-07,
                2.472536799928794e-06,
                3.867698298139474e-05,
                0.8519175485622495,
                0.14804107193622162
            ]
        ],
        [
            [
                0.9999999996999585,
                2.7894680889544713e-10,
                8.878265466000811e-13,
                0.0,
                2.0206839061865964e-11
            ],
            [
                2.472595762483184e-06,
                0.851937892624687,
                0.148044603239044,
                1.4228806191466158e-05,
                8.027343150699658e-07
            ],
            [
                1.7245555652592932e-08,
                0.0007096697175662238,
                0.9992892047221932,
                1.0669447475312232e-06,
                4.136993738573982e-08
            ],
            [
                8.314994644920033e-07,
                0.9999649846938573,
                2.753548057006332e-05,
                6.143996189362207e-06,
                5.043299187490362e-07
            ],
            [
                1.8267334672263135e-08,
                1.9639254323040587e-07,
                3.072096258552751e-06,
                0.49999835688710703,
                0.49999835635675643
            ]
        ],
        [
            [
                0.9999999995377427,
                3.5817479228779696e-10,
                1.4637785110995683e-12,
                0.0,
                1.0261879610485604e-10
            ],
            [
                0.0001285289632695007,
                0.9191039689887622,
                0.021615253228727194,
                0.05875635174100433,
                0.0003958970782366828
            ],
            [
                1.2501528904161797e-09,
                5.043471912788627e-07,
                0.9999994681894078,
                2.5109992040083967e-08,
                1.1032560535494578e-09
            ],
            [
                1.3385661619654843e-08,
                1.7531756958008479e-06,
                1.7531756958008479e-06,
                0.9959263559222056,
                0.0040701243407411936
            ],
            [
                1.0191927303970274e-07,
                2.319669750181623e-06,
                6.3055161299448386e-06,
                0.622453906071084,
                0.3775373668237629
            ]
        ],
        [
            [
                0.9999999996867317,
                2.7894680880434874e-10,
                1.0060392775429925e-12,
                0.0,
                3.3315445364032496e-11
            ],
            [
                8.707052740817505e-07,
                0.9240746201997433,
                0.07585265844665656,
                6.916868727036199e-05,
                2.6819610556684002e-06
            ],
            [
                1.7598697430986034e-06,
                0.9997293669454522,
                0.0002611878281823037,
                4.783821943119822e-06,
                2.901534679108238e-06
            ],
            [
                4.93865437562276e-09,
                8.753974339722576e-08,
                1.7582844250812492e-06,
                0.9988286410609115,
                0.0011695081762655428
            ],
            [
                1.8064916029195561e-06,
                2.8258283146347646e-05,
                1.7139515119100627e-05,
                0.377522854634145,
                0.6224299410759867
            ]
        ],
        [
            [
                0.9999999994023885,
                5.9053039888999e-10,
                1.2917800025888495e-12,
                0.0,
                5.789356318883724e-12
            ],
            [
                0.9999545917414212,
                4.539785518229017e-05,
                3.39811253337125e-09,
                4.944224561961675e-09,
                2.0610594366434325e-09
            ],
            [
                5.28803628876346e-08,
                0.005220123342186579,
                0.9947793069125376,
                5.017144355362547e-07,
                1.5150477627014885e-08
            ],
            [
                1.043061180895082e-06,
                9.896288945492712e-06,
                9.389337527510993e-05,
                0.9769202048356043,
                0.02297496243899434
            ],
            [
                3.54638270413251e-08,
                1.8010017437792715e-07,
                1.708742878579879e-06,
                0.02931217341684523,
                0.9706859022762748
            ]
        ],
        [
            [
                0.9999999995635942,
                4.0586521189549516e-10,
                1.1399918509319338e-12,
                0.0,
                2.940077733836465e-11
            ],
            [
                0.06008356458677311,
                0.9398650759270609,
                4.266979793675945e-05,
                8.402181392351767e-06,
