{
    "[['A', 'B', 'C', 'D', 'E'], ['A', 'B', 'C', 'D', 'E']]": [
        [
            [
                0.9999999996764783,
                3.1608814488133463e-10,
                0.0,
                0.0,
                7.433680659416613e-12
            ],
            [
                0.9999999990168349,
                9.736200285727498e-10,
                0.0,
                0.0,
                9.545034896094231e-12
            ],
            [
                0.0,
                1.493094675703112e-10,
                0.9999999998382985,
                1.2256067440044057e-11,
                1.3615261076391367e-13
            ],
            [
                2.8383164418037236e-11,
                4.4398739269974447e-10,
                6.459978445768481e-10,
                0.14804720378033653,
                0.8519527951012952
            ],
            [
                2.733186339433553e-12,
                2.9384522375253896e-11,
                3.329702607362649e-11,
                0.0005527785845741012,
                0.9994472213500112
            ]
        ],
        [
            [
                0.9999999997743325,
                2.172439930637183e-10,
                0.0,
                0.0,
                8.423463737245787e-12
            ],
            [
                0.9999999985761381,
                1.4166087828551633e-09,
                1.4637785102117436e-12,
                0.0,
                5.789356313249828e-12
            ],
            [
                6.348316030162787e-09,
                7.484619393393821e-05,
                0.9999246359544778,
                5.043096878101478e-07,
                7.193584489158298e-09
            ],
            [
                2.1222924293164677e-11,
                3.7618533419401545e-10,
                7.963843587381752e-10,
                0.4378234989535019,
                0.5621764998527053
            ],
            [
                2.7337805876425017e-12,
                3.773867693054101e-11,
                2.288966461536298e-11,
                0.00033535005576065005,
                0.9996646498808772
            ]
        ],
        [
            [
                0.9999999996360358,
                3.581747923230031e-10,
                0.0,
                0.0,
                5.789356317330297e-12
            ],
            [
                0.9999999987447381,
                1.2501528632545911e-09,
                0.0,
                0.0,
                5.109089015262938e-12
            ],
            [
                1.0261880116688279e-10,
                2.38236978009492e-07,
                0.9999996155571436,
                1.4449803144004133e-07,
                1.605228131050247e-09
            ],
            [
                3.972986881647559e-12,
                3.769465001438986e-11,
                1.7805691884076378e-11,
                0.001501182030685786,
                0.9984988179098409
            ],
            [
                9.530700071844187e-12,
                1.0246468214493572e-10,
                1.0246468214493572e-10,
                0.0015011820310822184,
                0.9984988177544577
            ]
        ],
        [
            [
                0.9999999996773516,
                3.160881448816107e-10,
                0.0,
                0.0,
                6.560200156743904e-12
            ],
            [
                0.999999999720047,
                2.7894680904407396e-10,
                0.0,
                0.0,
                1.0060392784075766e-12
            ],
            [
                0.0,
                1.0261879629048796e-10,
                0.9999999998907707,
                6.560200166457713e-12,
                5.0087746365485436e-14
            ],
            [
                5.4641152611959336e-11,
                6.656655117010714e-10,
                5.57354909085485e-09,
                0.9947798680482467,
                0.0052201256578975185
            ],
            [
                1.381544703081395e-11,
                1.6830660001730967e-10,
                1.9071636345055154e-10,
                0.005220125701070793,
                0.9947798739260907
            ]
        ],
        [
            [
                0.9999999997761957,
                2.172439931515318e-10,
                0.0,
                0.0,
                6.56020015739234e-12
            ],
            [
                0.9999999973459783,
                2.646573628576432e-09,
                1.6586783524384614e-12,
                0.0,
                5.789356306127994e-12
            ],
            [
                2.940077882783034e-11,
                2.3823697837799064e-07,
                0.9999997363075399,
                2.5109992783001854e-08,
                3.1608816085891846e-10
            ],
            [
                2.2226168608356433e-11,
                1.6423040671143705e-10,
                2.1087601641045023e-10,
                0.02931222794413319,
                0.9706877716585341
            ],
            [
                1.1399854766502733e-12,
                1.0815881059743052e-11,
                2.7346829954176463e-12,
                6.144172126944794e-06,
                0.9999938558131826
            ]
        ],
        [
            [
                0.9999999996743669,
                3.1608814508876475e-10,
                0.0,
                0.0,
                9.545034912494869e-12
            ],
            [
                0.99999999439361,
                5.602796397132041e-09,
                2.129785155596588e-12,
                0.0,
                1.4637785035696975e-12
            ],
            [
                0.0,
                3.5114221128132486e-12,
                0.9999999999889007,
                7.43368067115976e-12,
                1.5428112029444073e-13
            ],
            [
                7.394875913463315e-12,
                1.02083113144165e-10,
                1.3107731189171834e-10,
                0.005220125705602893,
                0.9947798740538418
            ],
            [
                4.500069430659949e-12,
                7.976563923447202e-11,
                1.02421108155407e-10,
                0.00192673433785531,
                0.9980732654754579
            ]
        ],
        [
            [
                0.9999999997743325,
                2.172439931872886e-10,
                0.0,
                0.0,
                8.423463742037128e-12
            ],
            [
                0.999999999133083,
                8.592166597933028e-10,
                1.1399918502261302e-12,
                0.0,
                6.560200151936013e-12
            ],
            [
                1.1854561931204593e-08,
                0.0005527785675857069,
                0.9994470635553826,
                1.4441812913368526e-07,
                1.6043404966055399e-09
            ],
            [
                2.7237836932829793e-11,
                4.8280221178562e-10,
                2.1637693956946565e-09,
                0.1824255147457646,
                0.817574482580426
            ],
            [
                1.87670611726884e-12,
                2.5907128821283636e-11,
                1.3867086781705784e-11,
                0.0015011820320544947,
                0.9984988179262946
            ]
        ],
        [
            [
                0.9999999998037741,
                1.9171715112669822e-10,
                0.0,
                0.0,
                4.5087552364357796e-12
            ],
            [
                0.9999999992333204,
                7.582560409926774e-10,
                0.0,
                0.0,
                8.42346373448897e-12
            ],
            [
                1.250143363414873e-09,
                4.785085581719545e-06,
                0.9999929211082719,
                2.260314380807595e-06,
                3.2241622287692594e-08
            ],
            [
                3.095192292430258e-12,
                4.841695364126304e-11,
                2.018318908157762e-11,
                0.0011695103481113083,
                0.9988304895801934
            ],
            [
                3.0977792435470167e-12,
                3.330426549492761e-11,
                2.020005812188314e-11,
                0.0003353500557212232,
                0.9996646498876767
            ]
        ],
        [
            [
                0.9999999998616746,
                1.3176514247121512e-10,
                0.0,
                0.0,
                6.56020015671572e-12
            ],
            [
                0.99999999857631,
                1.4166087823524043e-09,
                1.2917800008733003e-12,
                0.0,
                5.789356311195166e-12
            ],
            [
                7.052691957920816e-11,
                2.7535689501183707e-05,
                0.9999724522765517,
                1.1860804163582065e-08,
                1.0261606248721621e-10
            ],
            [
                3.733658842977317e-11,
                6.618068651661869e-10,
                5.257383118338694e-08,
                0.9890130049489215,
                0.01098694177810378
            ],
            [
                8.878265824209536e-13,
                8.423464082506997e-12,
                1.8795288897343327e-12,
                3.9278636984454153e-07,
                0.9999996072024393
            ]
        ],
        [
            [
                0.9999999998631259,
                1.3176514259474767e-10,
                0.0,
                0.0,
                5.109089023945233e-12
            ],
            [
                0.9999999988898147,
                1.1032560297394967e-09,
                1.1399918503535891e-12,
                0.0,
                5.789356315065813e-12
            ],
            [
                3.037975383795054e-14,
                1.1628233023912759e-10,
                0.9999999998633742,
                2.0206839079260144e-11,
                1.0603575985771503e-13
            ],
            [
                1.8791454432604114e-12,
                2.939478042577222e-11,
                1.2253567536293692e-11,
                0.00020342706183177397,
                0.9997965728946407
            ],
            [
                1.8794787678899085e-12,
                1.5736683054653943e-11,
                5.789202168038198e-12,
                2.7535689840937594e-05,
                0.9999724642867537
            ]
        ],
        [
            [
                0.9999999996773516,
                3.160881448816107e-10,
                0.0,
                0.0,
                6.560200156743904e-12
            ],
            [
                0.9999999987399599,
                1.2501528630405224e-09,
                1.4637785102078878e-12,
                0.0,
                8.423463731921993e-12
            ],
            [
                1.725568842415105e-08,
                0.0001233945041804165,
                0.9998764403621744,
                1.4448011026248104e-07,
                3.3978465144012024e-09
            ],
            [
                5.331780607824395e-11,
                1.213507672957834e-09,
                1.1513440236418084e-08,
                0.970687759696219,
                0.029312227523515345
            ],
            [
                1.1398831917987504e-12,
                1.3886620099995676e-11,
                8.422660850429093e-12,
                9.61023997576566e-05,
                0.9999038975767932
            ]
        ],
        [
            [
                0.9999999999358788,
                6.224144617789188e-11,
                0.0,
                0.0,
                1.8795288149934013e-12
            ],
            [
                0.9999999981714749,
                1.8189616804778692e-09,
                2.129785162671605e-12,
                0.0,
                7.433680643437558e-12
            ],
            [
                3.850022351790198e-09,
                2.753130373620809e-05,
                0.999812965627594,
                0.00015843171415430967,
                1.067504492945997e-06
            ],
            [
                4.2695472120974953e-11,
                5.893928123031581e-10,
                2.3310937925969176e-09,
                0.8807970738725167,
                0.11920292316430114
            ],
            [
                1.139968032858537e-12,
                1.0815715557655075e-11,
                3.098754388743565e-12,
                2.1444939762229982e-05,
                0.9999785550451833
            ]
        ],
        [
            [
                0.9999999996743669,
                3.1608814511692746e-10,
                0.0,
                0.0,
                9.545034913345307e-12
            ],
            [
                0.9999999988846362,
                1.1032560297337834e-09,
                1.291780001730269e-12,
                0.0,
                1.0815941531700404e-11
            ],
            [
                2.335561913202048e-09,
                1.3007124310551918e-05,
                0.9999868388499913,
                1.444960989384086e-07,
                7.194037156736182e-09
            ],
            [
                1.0781626759324543e-11,
                1.3134710288203022e-10,
                1.686530185088265e-10,
                0.0031726830752160607,
                0.9968273166140023
            ],
            [
                1.0060354746193013e-12,
                9.544998825193503e-12,
                1.658672086083741e-12,
                2.9023122004431985e-06,
                0.9999970976755899
            ]
        ],
        [
            [
                0.9999999995867013,
                4.0586521182831956e-10,
                0.0,
                0.0,
                7.433680657347106e-12
            ],
            [
                0.9999999997761957,
                2.1724399329455497e-10,
                0.0,
                0.0,
                6.5602001617112655e-12
            ],
            [
                0.00020324166541819244,
                0.9988856789804287,
                0.000910865950542019,
                2.1000913295143139e-07,
                3.3944782466976037e-09
            ],
            [
                1.560210279708684e-11,
                3.551022229001164e-10,
                6.294337507378371e-09,
                0.9914225077296414,
                0.008577485605316891
            ],
            [
                7.834967663624666e-13,
                8.423384066411063e-12,
                4.508712588351287e-12,
                1.0129988104717177e-05,
                0.9999898699981796
            ]
        ],
        [
            [
                0.9999999997144928,
                2.789468087594779e-10,
                0.0,
                0.0,
                6.560200155750178e-12
            ],
            [
                0.9999999987494277,
                1.2501528639867856e-09,
                4.1937956503285857e-13,
                0.0,
                0.0
            ],
            [
                4.363337450564908e-09,
                2.7535661760859445e-05,
                0.999971803161021,
                6.475766952689207e-07,
                9.237185455332617e-09
            ],
            [
                3.3306744678018694e-11,
                8.589922667812631e-10,
                2.381747481981462e-07,
                0.9997385706065784,
                0.0002611903263744359
            ],
            [
                3.962769549380028e-12,
                5.4704346226704263e-11,
                7.959435410215631e-11,
                0.004070137782343322,
                0.9959298620793952
            ]
        ],
        [
            [
                0.9999999997144928,
                2.789468090425246e-10,
                0.0,
                0.0,
                6.5602001624067975e-12
            ],
            [
                0.9999999998496845,
                1.4930946748405806e-10,
                0.0,
                0.0,
                1.0060392783692581e-12
            ],
            [
                7.287724094264562e-14,
                2.9400777386570884e-11,
                0.999999999935919,
                3.3315445414554923e-11,
                1.2917800045103426e-12
            ],
            [
                6.550347979514943e-12,
                7.042287750115376e-11,
                5.484539214404017e-11,
                0.0015011820299786502,
                0.9984988178382027
            ],
            [
                1.6581217433743443e-12,
                2.288966461594204e-11,
                1.3883283380108248e-11,
                0.0003353500554023584,
                0.9996646499061667
            ]
        ],
        [
            [
                0.9999999997380931,
                2.4616969476833874e-10,
                0.0,
                0.0,
                1.5737102080447928e-11
            ],
            [
                0.9999999995385844,
                4.599055373452744e-10,
                3.7010116744084045e-13,
                0.0,
                1.1399918517555102e-12
            ],
            [
                9.845981914961446e-08,
                0.00857746953247309,
                0.9914206585547795,
                1.7452437177426428e-06,
                2.8209210484351345e-08
            ],
            [
                4.020749218328624e-11,
                4.898275306979168e-10,
                5.266142241436525e-09,
                0.9399133402244826,
                0.060086653979340196
            ],
            [
                1.4636389902824708e-12,
                1.5735602084182326e-11,
                9.544125113094595e-12,
                9.610239981814967e-05,
                0.9999038975734386
            ]
        ],
        [
            [
                0.9999999994666027,
                5.211412480631053e-10,
                0.0,
                0.0,
                1.225606742703151e-11
            ],
            [
                0.9999999994020361,
                5.905303985933521e-10,
                0.0,
                0.0,
                7.433680655974364e-12
            ],
            [
                1.6321683591554715e-07,
                0.003172657397825081,
                0.9968191519409422,
                7.864227560946589e-06,
                1.6321683591554715e-07
            ],
            [
                3.488759508973157e-11,
                4.816083945896697e-10,
                7.940380043077288e-10,
                0.07585817591216173,
                0.9241418227773043
            ],
            [
                5.088296821720409e-12,
                1.0220117368880373e-10,
                1.0220117368880373e-10,
                0.0040701377843023615,
                0.995929862006207
            ]
        ],
        [
            [
                0.9999999996352649,
                3.58174792322727e-10,
                0.0,
                0.0,
                6.5602001552304265e-12
            ],
            [
                0.9999999994730693,
                5.211412477759953e-10,
                0.0,
                0.0,
                5.789356317478809e-12
            ],
            [
                6.343014730157614e-09,
                0.0009110510179185574,
                0.9990887556652389,
                1.8537006250267947e-07,
                1.603765280556604e-09
            ],
            [
                1.053137395653343e-10,
                1.866730699612706e-09,
                1.771104775554609e-08,
                0.6224593120947041,
                0.3775406682222037
            ],
            [
                2.2777821380520104e-11,
                2.16109952186134e-10,
                2.16109952186134e-10,
                0.005220125698448931,
                0.9947798738465533
            ]
        ],
        [
            [
                0.9999999997782472,
                2.1724399327306756e-10,
                0.0,
                0.0,
                4.508755237420998e-12
            ],
            [
                0.9999999994704352,
                5.211412476763254e-10,
                0.0,
                0.0,
                8.423463736486298e-12
            ],
            [
                1.4165441333381036e-09,
                4.5397857732763036e-05,
                0.9999542892348232,
                3.058883592753797e-07,
                5.602540728755236e-09
            ],
            [
                2.75984633999755e-11,
                3.8098503542641926e-10,
                9.139355888556168e-10,
                0.7310585896082153,
                0.26894140906926556
            ],
            [
                1.463711643752211e-12,
                1.3887309416523095e-11,
                5.789091851272186e-12,
                4.539785573950953e-05,
                0.9999546021231204
            ]
        ],
        [
            [
                0.99999999977194,
                2.1724399327169736e-10,
                0.0,
                0.0,
                1.0815941545525771e-11
            ],
            [
                0.9999999981796555,
                1.81896168286267e-09,
                6.914400089110727e-13,
                0.0,
                6.914400089110727e-13
            ],
            [
                6.341369071288935e-09,
                0.0011695097150342059,
                0.9988298307649974,
                6.468372304123354e-07,
                6.341369071288935e-09
            ],
            [
                3.733658958369292e-11,
                5.154157207628289e-10,
                2.1916034126677708e-08,
                0.9890130354153777,
                0.010986942115835932
            ],
            [
                6.10187895161341e-13,
                7.4336103476974e-12,
                2.4133399407605213e-12,
                1.0129988104457172e-05,
                0.9999898700014385
            ]
        ],
        [
            [
                0.999999999935345,
                6.224144618340422e-11,
                0.0,
                0.0,
                2.4133627700622557e-12
            ],
            [
                0.999999999471425,
                5.211412475654558e-10,
                0.0,
                0.0,
                7.433680654901351e-12
            ],
            [
                0.0,
                2.4616969505383527e-10,
                0.9999999997274089,
                2.594609496930485e-11,
                4.752193060305901e-13
            ],
            [
                6.15576293598805e-11,
                8.497768612168924e-10,
                2.191603410454905e-08,
                0.989013035067889,
                0.010986942104742395
            ],
            [
                2.2853238253620076e-11,
                2.1682548755571074e-10,
                3.154792228639648e-10,
                0.0019267343357515464,
                0.9980732651090906
            ]
        ],
        [
            [
                0.9999999995873394,
                4.0586521197269117e-10,
                1.0060392776104613e-12,
                0.0,
                5.789356319104032e-12
            ],
            [
                0.999999998887537,
                1.1032560298990487e-09,
                7.835041767704139e-13,
                0.0,
                8.423463735804619e-12
            ],
            [
                3.160881761460974e-10,
                3.05902350226783e-07,
                0.9999996656726065,
                2.5109993997412893e-08,
                2.998961116270534e-09
            ],
            [
                1.7769736855020665e-10,
                1.685945691620404e-09,
                4.582875537300562e-09,
                0.5621764975227928,
                0.4378234960306887
            ],
            [
                1.6586563131813462e-12,
                1.5736892942772968e-11,
                3.978909650873284e-12,
                1.3007124772201708e-05,
                0.9999869928538533
            ]
        ],
        [
            [
                0.9999999997152638,
                2.7894680896779043e-10,
                0.0,
                0.0,
                5.7893563221079005e-12
            ],
            [
                0.9999999992351836,
                7.58256041263328e-10,
                0.0,
                0.0,
                6.560200154935176e-12
            ],
            [
                7.991960428399765e-11,
                5.3157856105717374e-08,
                0.9999996352570865,
                3.059023409966887e-07,
                5.602796812913777e-09
            ],
            [
                2.618469280567304e-10,
                3.189948619679875e-09,
                6.753121280855874e-09,
                0.26894140714801057,
                0.7310585826470726
            ],
            [
                1.463669757190837e-12,
                1.3886912007893685e-11,
                5.788926186708293e-12,
                7.484619752963938e-05,
                0.9999251537813308
            ]
        ],
        [
            [
                0.9999999997136195,
                2.789468089673318e-10,
                0.0,
                0.0,
                7.433680663836185e-12
            ],
            [
                0.9999999990205906,
                9.7362002913021e-10,
                0.0,
                0.0,
                5.789356315822921e-12
            ],
            [
                7.433681510686994e-12,
                6.825604146093638e-08,
                0.999999919354262,
                1.1861121488983996e-08,
                5.211413075606611e-10
            ],
            [
                5.928956474910047e-11,
                1.0509326811546672e-09,
                1.4507678161561997e-08,
                0.9525741097825562,
                0.047425874599543366
            ],
            [
                1.0060374396993088e-12,
                9.545017469353512e-12,
                2.413358358900586e-12,
                2.260325273876199e-06,
                0.9999977396617618
            ]
        ],
        [
            [
                0.9999999998008493,
                1.9171715106606237e-10,
                0.0,
                0.0,
                7.433680660341148e-12
            ],
            [
                0.9999999994730693,
                5.211412478627424e-10,
                0.0,
                0.0,
                5.7893563184424814e-12
            ],
            [
                2.3353615244934596e-09,
                1.0675991926352493e-06,
                0.9999017602495534,
                9.610221669977832e-05,
                1.0675991926352493e-06
            ],
            [
                3.095192292159826e-12,
                4.2727811617263376e-11,
                4.2727811617263376e-11,
                0.0011695103486885974,
                0.9988304895627605
            ],
            [
                3.5061486166717307e-12,
                6.214797126338246e-11,
                7.04228774983434e-11,
                0.0015011820328392758,
                0.9984988178310837
            ]
        ],
        [
            [
                0.9999999997761957,
                2.1724399329455497e-10,
                0.0,
                0.0,
                6.5602001617112655e-12
            ],
            [
                0.9999999990168165,
                9.736200292695573e-10,
                1.1399918506658315e-12,
                0.0,
                8.4234637368936e-12
            ],
            [
                2.493687197166614e-05,
                0.3775081392205446,
                0.6224056966193542,
                5.982044608165049e-05,
                1.4068420479413522e-06
            ],
            [
                1.8968127957536265e-11,
                5.543299542298162e-10,
                4.095975129121771e-09,
                0.7310585869684537,
                0.26894140836227304
            ],
            [
                1.6581217433465816e-12,
                2.0200058124430847e-11,
                7.431186094446272e-12,
                0.0003353500557635188,
                0.9996646499149471
            ]
        ],
        [
            [
                0.9999999997463966,
                2.461696949075959e-10,
                0.0,
                0.0,
                7.43368066407984e-12
            ],
            [
                0.9999999990174826,
                9.736200285733803e-10,
                1.463778510025164e-12,
                0.0,
                7.433680651526887e-12
            ],
            [
                1.783247342491069e-11,
                1.44498028798309e-07,
                0.9999998356123689,
                1.9555681654551365e-08,
                3.1608815459123566e-10
            ],
            [
                1.2121416202910378e-11,
                1.89610851577161e-10,
                1.67330989213272e-10,
                0.0109869423858154,
                0.9890130572451213
            ],
            [
                2.4116510315678067e-12,
                3.3291815576183024e-11,
                2.0192506864453616e-11,
                0.0007096703453092405,
                0.9992903295987948
            ]
        ],
        [
            [
                0.9999999994020361,
                5.905303985933521e-10,
                0.0,
                0.0,
                7.433680655974364e-12
            ],
            [
                0.9999999965799207,
                3.3982678016914067e-09,
                3.978962514991292e-12,
                0.0,
                1.7832472814721334e-11
            ],
            [
                9.922125580219416e-08,
                0.0007095255503482405,
                0.9990862620830477,
                0.00020328237673702327,
                8.307686111919591e-07
            ],
            [
                6.926022460264794e-11,
                8.437622679387247e-10,
                1.495604405690025e-08,
                0.9820137728820023,
                0.01798621124893124
            ],
            [
                1.4637703266485715e-12,
                1.0815881059556337e-11,
                2.1297732582465517e-12,
                6.144172126838727e-06,
                0.9999938558134638
            ]
        ],
        [
            [
                0.9999999998242499,
                1.6918979206705133e-10,
                0.0,
                0.0,
                6.56020016061368e-12
            ],
            [
                0.9999999994693136,
                5.211412478607851e-10,
                0.0,
                0.0,
                9.545034905842456e-12
            ],
            [
                2.646452583250664e-09,
                4.5397853146021086e-05,
                0.9999545455867589,
                5.3155421076346594e-08,
                7.582213597643567e-10
            ],
            [
                3.51126169931024e-12,
                4.277592444629641e-11,
                5.78909185064747e-12,
                4.539785573461053e-05,
                0.9999546020921891
            ],
            [
                1.0060029429661155e-12,
                1.0815550905060326e-11,
                2.7345995192411126e-12,
                3.535625751983731e-05,
                0.999964643727924
            ]
        ],
        [
            [
                0.9999999995867013,
                4.0586521182831956e-10,
                0.0,
                0.0,
                7.433680657347106e-12
            ],
            [
                0.9999999928018576,
                7.194132969547223e-09,
                1.8795288006602685e-12,
                0.0,
                2.129785152962731e-12
            ],
            [
                1.3440129590021988e-08,
                2.144494052318887e-05,
                0.9999784721146103,
                6.825460997213497e-08,
                1.2501267887410192e-09
            ],
            [
                3.6444704396874906e-11,
                6.459978424159056e-10,
                3.280647740902193e-09,
                0.8519527930664733,
                0.14804720297043633
            ],
            [
                1.0743547722311435e-11,
                1.680573621503261e-10,
                1.680573621503261e-10,
                0.006692851428205698,
                0.993307148224936
            ]
        ],
        [
            [
                0.9999999996343916,
                3.581747920608158e-10,
                0.0,
                0.0,
                7.433680652272319e-12
            ],
            [
                0.9999999997152638,
                2.78946808935878e-10,
                0.0,
                0.0,
                5.7893563214455784e-12
            ],
            [
                3.581727822699177e-10,
                6.1441720007767034e-06,
                0.9999938356680868,
                1.9555571304161672e-08,
                2.461683132088477e-10
            ],
            [
                7.897645918535669e-11,
                1.2353996785531465e-09,
                5.536677236870794e-09,
                0.6791787076820478,
                0.3208212854668988
            ],
            [
                1.4637729930470882e-12,
                1.2256021216672493e-11,
                2.7346879768586873e-12,
                3.7266391158907286e-06,
                0.9999962733444296
            ]
        ],
        [
            [
                0.9999999997136195,
                2.7894680881184905e-10,
                0.0,
                0.0,
                7.43368065969271e-12
            ],
            [
                0.999999998573309,
                1.4166087826153526e-09,
                1.6586783541981115e-12,
                0.0,
                8.423463730518214e-12
            ],
            [
                1.542811202696596e-13,
                4.847368704714095e-11,
                0.9999999999251377,
                2.594609497443514e-11,
                2.8823507925190603e-13
            ],
            [
                3.5073123576164804e-12,
                4.841695363442659e-11,
                4.841695363442659e-11,
                0.0011695103486256454,
                0.9988304895510332
            ],
            [
                3.508931546234722e-12,
                3.772456932260879e-11,
                2.288110791861688e-11,
                0.0007096703432655794,
                0.9992903295926198
            ]
        ],
        [
            [
                0.9999999993200255,
                6.691586077263313e-10,
                0.0,
                0.0,
                1.081594153460917e-11
            ],
            [
                0.9999999996788029,
                3.1608814488206943e-10,
                0.0,
                0.0,
                5.10908901918472e-12
            ],
            [
                1.0261880639184658e-10,
                8.764249079893123e-08,
                0.9999999048435126,
                7.194133736625333e-09,
                2.1724401483631209e-10
            ],
            [
                1.0781626760804295e-11,
                1.4883576646600918e-10,
                7.966604497331489e-11,
                0.003172683071409264,
                0.9968273166893072
            ],
            [
                1.2206189533774416e-11,
                1.3122890462935593e-10,
                1.9093692958546362e-10,
                0.004070137775974631,
                0.9959298618896534
            ]
        ],
        [
            [
                0.9999999998242499,
                1.6918979199210218e-10,
                0.0,
                0.0,
                6.560200157707585e-12
            ],
            [
                0.9999999981719461,
                1.8189616809192644e-09,
                1.6586783528650055e-12,
                0.0,
                7.433680645241439e-12
            ],
            [
                5.0087746338525426e-14,
                3.581747927429264e-10,
                0.9999999995613804,
                7.991959886585983e-11,
                4.752193058984632e-13
            ],
            [
                1.3568843872932401e-11,
                2.1225242979830368e-10,
                3.965397439258474e-10,
                0.022977367841552066,
                0.9770226315360869
            ],
            [
                1.4635971086038776e-12,
                1.2254548554259733e-11,
                5.108455860577058e-12,
                0.00012339462852191125,
                0.9998766053526514
            ]
        ],
        [
            [
                0.9999999996360358,
                3.5817479262636705e-10,
                0.0,
                0.0,
                5.789356322233718e-12
            ],
            [
                0.9999999995335342,
                4.599055369991952e-10,
                0.0,
                0.0,
                6.560200155800432e-12
            ],
            [
                6.691395469564696e-10,
                2.7535691185093955e-05,
                0.9999723946273515,
                6.825408936886125e-08,
                7.582344425195605e-10
            ],
            [
                1.291223313747822e-12,
                2.288748087169928e-11,
                1.225078570658682e-11,
                0.0004305571195598494,
                0.9995694428440107
            ],
            [
                6.5542218532091475e-12,
                9.047824180456784e-11,
                7.046452556832136e-11,
                0.0009110514044084858,
                0.9990889484280946
            ]
        ],
        [
            [
                0.9999999996343916,
                3.581747923899728e-10,
                0.0,
                0.0,
                7.433680659103755e-12
            ],
            [
                0.9999999973520326,
                2.6465736305218374e-09,
                6.101936658267623e-13,
                0.0,
                7.83504176023429e-13
            ],
            [
                1.103230850792573e-09,
                2.1444898378894415e-05,
                0.9999762686133118,
                2.260275659943453e-06,
                2.5109418427981202e-08
            ],
            [
                4.390129897081323e-11,
                6.060387385073022e-10,
                1.453811356992154e-09,
                0.3775406752323789,
                0.6224593226638697
            ],
            [
                1.2916199148782471e-12,
                1.5735151812528582e-11,
                6.559387164518607e-12,
                0.00012339462851269746,
                0.9998766053479011
            ]
        ],
        [
            [
                0.9999999997761957,
                2.172439933139109e-10,
                0.0,
                0.0,
                6.560200162295764e-12
            ],
            [
                0.9999999847664269,
                1.5229979497877408e-08,
                2.1297851364379457e-12,
                0.0,
                1.4637784904021678e-12
            ],
            [
                7.1934338771648376e-09,
                9.610240321650769e-05,
                0.9999037010317002,
                1.855212817907304e-07,
                3.8503676930481495e-09
            ],
            [
                1.2217183567467459e-11,
                3.150853170357311e-10,
                9.208142720352585e-09,
