{
    "[['A', 'B', 'C', 'D', 'E'], ['A', 'B', 'C', 'D', 'E']]": [
        [
            [
                0.99999823953507,
                1.1628212030328885e-10,
                1.0060374624366607e-12,
                4.508747099753024e-12,
                1.76034313307621e-06
            ],
            [
                1.6052096716979103e-09,
                7.889226952850984e-06,
                0.9999878782194922,
                3.726606939509719e-06,
                5.043414056700741e-07
            ],
            [
                0.0,
                4.599055375744287e-10,
                0.9999999995169992,
                2.2897348441977304e-11,
                1.9810087967963675e-13
            ],
            [
                3.535605670739048e-05,
                8.314947561150554e-07,
                6.023322066532586e-08,
                4.78492194862443e-06,
                0.9999589672933672
            ],
            [
                0.8175725936916954,
                1.8479825723966183e-06,
                3.3846981468690537e-08,
                4.123406473303648e-07,
                0.1824251121381034
            ]
        ],
        [
            [
                0.9999999986181014,
                4.058652113484515e-10,
                0.0,
                2.413362764108377e-12,
                9.73620028184535e-10
            ],
            [
                5.485823965069345e-06,
                0.0013423362259982411,
                0.42174958058648926,
                0.4217495862549728,
                0.15515301110857477
            ],
            [
                2.289734708950968e-11,
                5.315784937078044e-08,
                0.9999999405472988,
                5.602796103056647e-09,
                6.691585691812647e-10
            ],
            [
                1.1628232760788799e-10,
                1.1628232760788799e-10,
                2.020683862201926e-11,
                2.2159489259919144e-08,
                0.9999999775877392
            ],
            [
                8.15202059877627e-09,
                8.592166497233637e-10,
                7.991959779531626e-11,
                3.850741868117689e-09,
                0.9999999870581013
            ]
        ],
        [
            [
                0.9999999999030527,
                4.8473687010808204e-11,
                0.0,
                0.0,
                4.8473687010808204e-11
            ],
            [
                2.3796449043866325e-07,
                0.0004302498918475274,
                0.0007093621484054481,
                0.9988564276043311,
                3.722390925440425e-06
            ],
            [
                1.0060392734471378e-12,
                5.602796405034637e-09,
                0.9999999943151379,
                7.991959846591419e-11,
                1.139991846431098e-12
            ],
            [
                1.8553791885344594e-07,
                4.691137714751333e-08,
                1.955557142361263e-08,
                6.144172038307043e-06,
                0.9999936038230943
            ],
            [
                8.152021635682195e-09,
                2.998961163752273e-09,
                8.592167590124444e-10,
                3.059023550700521e-07,
                0.9999996820874453
            ]
        ],
        [
            [
                0.9999999993058448,
                1.0261879605912588e-10,
                0.0,
                1.0060392767550226e-12,
                5.90530398410332e-10
            ],
            [
                2.5089644856414824e-08,
                0.00043039330338322197,
                0.9991890280262972,
                0.0003351904818722271,
                4.5363098802394535e-05
            ],
            [
                1.3615261073465496e-13,
                1.3176514262903888e-10,
                0.9999999998123872,
                5.492788347956788e-11,
                7.83504178078812e-13
            ],
            [
                4.78508105956096e-06,
                8.764181674024007e-08,
                9.237379523614324e-09,
                2.902298371833936e-06,
                0.9999922157413723
            ],
            [
                7.889249856474633e-06,
                2.3823470283043573e-07,
                2.2159279196027187e-08,
                1.0676938638504008e-06,
                0.9999907826622976
            ]
        ],
        [
            [
                0.9999999998424534,
                5.492788342308181e-11,
                0.0,
                0.0,
                1.0261879615548096e-10
            ],
            [
                4.403168220340938e-08,
                9.021133637251175e-05,
                0.7309897043969033,
                0.2689160766255437,
                3.9636094982779284e-06
            ],
            [
                2.289734884929205e-11,
                6.475946110999937e-07,
                0.9999993470454092,
                4.3634623278050915e-09,
                9.736200480047903e-10
            ],
            [
                9.056076859787373e-11,
                1.1628232863444695e-10,
                2.5946094610636495e-11,
                1.3440409758367857e-08,
                0.999999986326801
            ],
            [
                2.3823378529256727e-07,
                4.691101375219571e-08,
                1.5229776360931813e-08,
                1.300712395236746e-05,
                0.9999866925014721
            ]
        ],
        [
            [
                0.9999999992603128,
                7.052879831358165e-11,
                0.0,
                0.0,
                6.691586072550713e-10
            ],
            [
                3.020168491910502e-07,
                0.00029228446663860067,
                0.07151965091261626,
                0.6785596211670673,
                0.24962814143682877
            ],
            [
                2.8823507489111773e-13,
                1.522997950940474e-08,
                0.9999999846659735,
                1.0261879473152681e-10,
                1.1399918354311293e-12
            ],
            [
                0.002472601811616798,
                2.2547209901723842e-06,
                1.4413949051959044e-07,
                6.128967095830778e-06,
                0.9975188703608067
            ],
            [
                0.006692847738551583,
                3.901573074095216e-07,
                9.175620399521948e-09,
                2.6815093442451775e-07,
                0.9933064847775863
            ]
        ],
        [
            [
                0.9999999845503631,
                2.1724398964416735e-10,
                0.0,
                2.413362728911002e-12,
                1.522997947384394e-08
            ],
            [
                2.2140181425532657e-08,
                0.00043036742456794246,
                0.9991291217437933,
                0.00043036742456794246,
                1.012126688949675e-05
            ],
            [
                2.594609737833008e-11,
                8.764249028633994e-08,
                0.9999998988652141,
                1.1861121246463893e-08,
                1.6052282033939956e-09
            ],
            [
                9.736199982656519e-10,
                2.172439861367289e-10,
                3.775134416187321e-11,
                3.224186627858829e-08,
                0.9999999665295183
            ],
            [
                2.7535666072398557e-05,
                3.058936190764717e-07,
                1.0467104048342412e-08,
                3.058936190764717e-07,
                0.9999718420795854
            ]
        ],
        [
            [
                0.99999999962159,
                1.3176514246443377e-10,
                0.0,
                4.752193054240877e-13,
                2.4616969473965925e-10
            ],
            [
                5.257072951141618e-08,
                0.010986309335411113,
                0.9889558759131969,
                4.48985350101764e-05,
                1.2863645652410724e-05
            ],
            [
                6.5602009856001015e-12,
                3.0590235861937107e-07,
                0.9999996927786867,
                1.2501530221644379e-09,
                6.22414539847926e-11
            ],
            [
                1.760341446051511e-06,
                5.31576549055017e-08,
                1.0467362877368784e-08,
                1.370955296657966e-06,
                0.9999968050782395
            ],
            [
                8.764215267561935e-08,
                7.194105981773742e-09,
                1.6052220198379523e-09,
                2.9023122643451945e-06,
                0.999997001246255
            ]
        ],
        [
            [
                0.9999999997519526,
                1.1628232992452303e-10,
                0.0,
                0.0,
                1.317651422729796e-10
            ],
            [
                2.9987610112727173e-09,
                5.829077969689744e-05,
                0.9999333022397563,
                6.143802979159455e-06,
                2.260178806640623e-06
            ],
            [
                2.2447770279743436e-13,
                1.186112000843283e-08,
                0.999999988100616,
                3.775134498793659e-11,
                2.8823507587158263e-13
            ],
            [
                2.2159491984975434e-08,
                2.061153828150282e-09,
                3.5817482877565557e-10,
                6.825604057558541e-08,
                0.9999999071651389
            ],
            [
                2.2603165994718333e-06,
                8.764198559341202e-08,
                1.1861052943703545e-08,
                2.90230396348304e-06,
                0.9999947378763985
            ]
        ],
        [
            [
                0.9999999996215267,
                1.317651424863585e-10,
                0.0,
                5.384940208983981e-13,
                2.4616969478062004e-10
            ],
            [
                2.7849221670892685e-05,
                0.0646539847995329,
                0.7876468195668961,
                0.0646539847995329,
                0.08301736161236722
            ],
            [
                2.2447770535284092e-13,
                4.599055375594379e-10,
                0.9999999994844038,
                5.4927883473024975e-11,
                5.384940214173558e-13
            ],
            [
                1.725782672864138e-08,
                1.6052279380507135e-09,
                1.9171713738606262e-10,
                5.315784866526912e-08,
                0.9999999277873796
            ],
            [
                0.0031724772119266207,
                4.525295702189112e-05,
                2.892924755688558e-06,
                1.6647632540568604e-05,
                0.9967627292737552
            ]
        ],
        [
            [
                0.9999999994300148,
                4.847368698787832e-11,
                0.0,
                3.7010116728797713e-13,
                5.211412479844176e-10
            ],
            [
                3.5862997162690076e-07,
                0.0002703009203635179,
                0.8057560491289395,
                0.10904722617998695,
                0.08492606514073843
            ],
            [
                5.675685228957685e-14,
                2.461696950221422e-10,
                0.9999999997106692,
                4.2777878661991064e-11,
                3.266131340672609e-13
            ],
            [
                5.043471799302671e-07,
                7.194133006726071e-09,
                4.599055363565781e-10,
                4.1399377052047e-08,
                0.9999994465994045
            ],
            [
                3.7266285047114307e-06,
                3.059002956810198e-07,
                4.139914263943461e-08,
                2.2603144454665284e-06,
                0.9999936657576115
            ]
        ],
        [
            [
                0.9999999967582818,
                5.905303966008321e-10,
                1.879528806056366e-12,
                2.734698276339611e-12,
                2.646573624148352e-09
            ],
            [
                3.8496262079824704e-09,
                2.7528444679862436e-05,
                0.9997095252599949,
                0.00026118261110834404,
                1.759834590730773e-06
            ],
            [
                3.701011642734713e-13,
                9.237449572471798e-09,
                0.9999999905902558,
                1.6918979062228542e-10,
                2.7346982650962278e-12
            ],
            [
                7.484055744827395e-05,
                6.474976918741061e-07,
                8.762928352483512e-08,
                7.484055744827395e-05,
                0.999849583758128
            ],
            [
                1.8553899024332585e-07,
                9.237451201664663e-09,
                1.8189619907367843e-09,
                3.0590207975839484e-07,
                0.9999994975025168
            ]
        ],
        [
            [
                0.9999999994366022,
                2.4616969473509724e-10,
                0.0,
                1.1399918509769224e-12,
                3.160881448581274e-10
            ],
            [
                1.1029710741748761e-07,
                0.0018920609154373632,
                0.9801119573652416,
                0.01795137439324233,
                4.449702897117563e-05
            ],
            [
                0.0,
                4.5990553757775016e-10,
                0.9999999995242213,
                1.5737102097025823e-11,
                1.3615261072385799e-13
            ],
            [
                0.001501181280613274,
                6.466226367368299e-07,
                2.2126209886862292e-08,
                1.8526048718348592e-07,
                0.9984979647100529
            ],
            [
                0.0003353471880278576,
                8.312425722629946e-07,
                6.021495254577645e-08,
                7.886609941566455e-06,
                0.9996558747445058
            ]
        ],
        [
            [
                0.9999999747851931,
                1.0261879362959405e-10,
                5.384940076730922e-13,
                1.6586783154760543e-12,
                2.510999089984864e-08
            ],
            [
                3.052635323941488e-07,
                0.0005519296773358196,
                0.0015003004124892225,
                0.9979121809796585,
                3.528366698401966e-05
            ],
            [
                1.8795288092204202e-12,
                2.646573628603672e-09,
                0.9999999962087369,
                9.73620027509795e-10,
                1.69189791602708e-10
            ],
            [
                8.592167743225113e-10,
                4.5990559803134624e-10,
                1.317651599388351e-10,
                6.02357462590707e-08,
                0.9999999383133662
            ],
            [
                1.0129988241880038e-05,
                8.764165426149682e-08,
                1.4165954043536086e-09,
                1.522983587154081e-08,
                0.9999897657236725
            ]
        ],
        [
            [
                0.9999999982454626,
                1.4930946717108771e-10,
                0.0,
                0.0,
                1.6052280503623986e-09
            ],
            [
                5.4281698341326495e-09,
                8.056118332289359e-07,
                0.008382041260869421,
                0.9688323917536733,
                0.022784755945454333
            ],
            [
                1.3176516085480705e-10,
                3.0590207091622124e-07,
                0.999999586767986,
                8.764249426931938e-08,
                1.955568378212108e-08
            ],
            [
                1.4449803396501256e-07,
                1.3440410821200747e-08,
                1.2501529473154616e-09,
                8.764248786797758e-08,
                0.9999997531689144
            ],
            [
                0.9706864205067687,
                1.3307716576083605e-06,
                1.898242010053718e-08,
                4.018578366818598e-08,
                0.02931218955336997
            ]
        ],
        [
            [
                0.9999999996375479,
                2.4616969444080753e-10,
                0.0,
                0.0,
                1.1628232995231318e-10
            ],
            [
                3.62858044185295e-07,
                0.0758305604481705,
                0.9238053216929524,
                0.0003099020921895526,
                5.385290864332195e-05
            ],
            [
                5.384940202309257e-13,
                2.646573631318365e-09,
                0.9999999972344757,
                1.1628232996869534e-10,
                2.1297851648472566e-12
            ],
            [
                3.0590234290269416e-07,
                3.850742204752934e-09,
                5.211412869514167e-10,
                4.69116436536286e-08,
                0.9999996428141299
            ],
            [
                9.610231359181248e-05,
                3.927481903573364e-07,
                2.5107551802349363e-08,
                1.0676002690085213e-06,
                0.9999024122303971
            ]
        ],
        [
            [
                0.9999999995038091,
                2.1724399309235747e-10,
                0.0,
                0.0,
                2.7894680875332307e-10
            ],
            [
                8.59052855192708e-10,
                2.1441319822671436e-05,
                0.9998097802702751,
                0.00012338627642863976,
                4.53912744207931e-05
            ],
            [
                3.511422074365599e-12,
                9.237449559345125e-09,
                0.999999989022046,
                1.605228037351979e-09,
                1.3176514123708096e-10
            ],
            [
                0.0003353494476173235,
                1.3704965444271793e-06,
                4.6895812902938695e-08,
                5.041775028912635e-07,
                0.9996627289825224
            ],
            [
                1.4166088901869949e-09,
                1.4166088901869949e-09,
                5.211412868804888e-10,
                8.315279868750066e-07,
                0.999999165117654
            ]
        ],
        [
            [
                0.9999999998640658,
                1.0261879606339376e-10,
                0.0,
                0.0,
                3.3315445339324094e-11
            ],
            [
                1.1851464027068986e-08,
                0.0007095969134133262,
                0.9991867809604682,
                4.5363012993395204e-05,
                5.824726166105571e-05
            ],
            [
                1.8795288085810423e-12,
                3.398267805106595e-09,
                0.9999999958822205,
                6.691586062960193e-10,
                4.847368685746197e-11
            ],
            [
                2.5109991689389893e-08,
                6.3488001494058844e-09,
                1.1032560381410356e-09,
                3.9278635661215037e-07,
                0.9999995746515955
            ],
            [
                7.484590388001182e-05,
                1.370850547767205e-06,
                2.3821810556671002e-07,
                2.9020906323966673e-06,
                0.9999206429368342
            ]
        ],
        [
            [
                0.9999999994238897,
                2.17243993111157e-10,
                0.0,
                6.914400094312689e-13,
                3.581747923741967e-10
            ],
            [
                8.050484133750243e-06,
                0.07391950368256751,
                0.2580044190975242,
                0.12187266074168208,
                0.5461953659940925
            ],
            [
                3.7010116729529417e-13,
                1.250152864481716e-09,
                0.9999999986934092,
                5.492788342584581e-11,
                1.1399918513071961e-12
            ],
            [
                4.785094997285576e-06,
                8.76419884366178e-08,
                5.602764872655973e-09,
                1.1253454072167041e-07,
                0.9999950091257086
            ],
            [
                3.224186606631524e-08,
                1.2501528157378522e-09,
                1.6918978540693113e-10,
                5.602796210544689e-09,
                0.9999999607359951
            ]
        ],
        [
            [
                0.9999999994495339,
                9.056076975870626e-11,
                0.0,
                0.0,
                4.59905537164296e-10
            ],
            [
                7.623128357133285e-08,
                0.0002574989625956526,
                0.985609683010365,
                0.014058967107785536,
                7.377468797017713e-05
            ],
            [
                4.1937956523025383e-13,
                1.2501528645752125e-09,
                0.9999999987002626,
                4.8473686992461913e-11,
                6.914400096920913e-13
            ],
            [
                0.03732474689628326,
                1.25210516665693e-05,
                1.1646392251462702e-06,
                4.3702764504426e-05,
                0.9626178646483207
            ],
            [
                0.00026119028958477246,
                9.928599258548297e-08,
                4.9431585008246735e-09,
                3.926837181869087e-07,
                0.999738312797546
            ]
        ],
        [
            [
                0.9999999803953705,
                4.8473686058915e-11,
                0.0,
                4.752192964363284e-13,
                1.9555680682893692e-08
            ],
            [
                3.2205420954059535e-08,
                0.0001232703008341001,
                0.9988698428844028,
                0.0009108516025230094,
                9.600300681904478e-05
            ],
            [
                3.0988191183192328e-12,
                5.602796400648515e-09,
                0.9999999935653199,
                7.582560377988408e-10,
                7.052879804676073e-11
            ],
            [
                0.006692474480811176,
                2.735062648327722e-05,
                1.3617075106268331e-06,
                2.735062648327722e-05,
                0.9932514625587117
            ],
            [
                1.0677019694973758e-06,
                4.139929806763017e-08,
                4.944441052375741e-09,
                3.9278560387634304e-07,
                0.9999984931686876
            ]
        ],
        [
            [
                0.9999999991342294,
                4.05865211644677e-10,
                0.0,
                0.0,
                4.5990553672880575e-10
            ],
            [
                3.0381647899616052e-06,
                5.385275945296088e-05,
                0.00030990123365830154,
                0.07583035065371108,
                0.9238028571883876
            ],
            [
                2.8823507584236277e-13,
                1.1861120007230407e-08,
                0.9999999880671754,
                7.052879765419186e-11,
                8.878265370588124e-13
            ],
            [
                1.5737101789822492e-11,
                3.7751344682250575e-11,
                1.5737101789822492e-11,
                1.9555680693880815e-08,
                0.9999999803750939
            ],
            [
                3.535625404719526e-05,
                5.31559273579584e-08,
                1.2501075903449475e-09,
                4.139787785126472e-08,
                0.99996454794204
            ]
        ],
        [
            [
                0.999999997867534,
                7.052879830012181e-11,
                0.0,
                7.83504176162443e-13,
                2.0611536162722403e-09
            ],
            [
                2.998434711974906e-09,
                0.00015843352597152277,
                0.9998247521893793,
                1.6698770782000497e-05,
                1.1251543247899632e-07
            ],
            [
                2.5436656417008275e-13,
                2.0611536178391702e-09,
                0.9999999979003023,
                3.775134535855026e-11,
                5.384940205737742e-13
            ],
            [
                4.599055584152242e-10,
                5.905304262811166e-10,
                1.691897998214328e-10,
                5.043472041204867e-07,
                0.9999994944331702
            ],
            [
                3.726607577035547e-06,
                3.927815488659148e-07,
                6.023505884823319e-08,
                7.889228302493172e-06,
                0.9999879311475127
            ]
        ],
        [
            [
                0.9999999998640658,
                1.0261879617478032e-10,
                0.0,
                0.0,
                3.3315445375486013e-11
            ],
            [
                5.482206711478414e-11,
                2.331093611200682e-09,
                1.4421965488251502e-07,
                0.9980731191177402,
                0.0019267342766892271
            ],
            [
                2.244777053744322e-13,
                4.599055376036737e-10,
                0.9999999995218396,
                1.7832472898004686e-11,
                1.981008796922338e-13
            ],
            [
                1.1628232594081362e-10,
                1.3176513775884544e-10,
                5.4927881449369205e-11,
                3.653482076690054e-08,
                0.9999999631622039
            ],
            [
                9.6102319673162e-05,
                6.475323364469341e-07,
                3.223873670508619e-08,
                5.042986906889287e-07,
                0.9999027136105629
            ]
        ],
        [
            [
                0.9999999975928602,
                7.052879829969954e-11,
                3.266131332996663e-13,
                6.914400086213113e-13,
                2.3355930317979997e-09
            ],
            [
                0.010733652163674166,
                0.9662123555222916,
                0.0003241282099082674,
                0.022723137037743195,
                6.727066382833654e-06
            ],
            [
                3.2661313331463695e-13,
                2.6465736310968706e-09,
                0.9999999971799309,
                1.6918979176209285e-10,
                3.978962524092002e-12
            ],
            [
                1.0129939100864086e-05,
                1.4449582081864293e-07,
                2.5109608595764507e-08,
                4.7850444125515824e-06,
                0.9999849154110572
            ],
            [
                4.139937470335768e-08,
                3.3982676155553855e-09,
                3.581747715332334e-10,
                1.3440409144537918e-08,
                0.9999999414037739
            ]
        ],
        [
            [
                0.9999999936325551,
                7.582560359562566e-10,
                2.413362750079117e-12,
                3.9789624999707975e-12,
                5.602796387033557e-09
            ],
            [
                4.218733829568503e-06,
                0.0007094819406452858,
                0.00020326997928055105,
                0.9990247915221231,
                5.8237824121549335e-05
            ],
            [
                2.1297851137289735e-12,
                2.510999088274043e-08,
                0.9999999732795517,
                1.250152832795438e-09,
                3.5817478340424817e-10
            ],
            [
                4.539785436065238e-05,
                2.1023377422095906e-07,
                1.1860577934855256e-08,
                1.6373022799133986e-07,
                0.9999542163210592
            ],
            [
                1.6052280481987448e-09,
                1.4930946696983656e-10,
                1.5737102038366068e-11,
                2.061153613467243e-09,
                0.9999999961685717
            ]
        ],
        [
            [
                0.9999999994421063,
                2.7894680862387624e-10,
                0.0,
                0.0,
                2.7894680862387624e-10
            ],
            [
                1.5189133062209525e-08,
                0.0002029224749684599,
                0.997317092351886,
                0.002472101825794265,
                7.868158218154471e-06
            ],
            [
                2.594609780622717e-11,
                5.3157858328899035e-08,
                0.9999999153993909,
                1.9555683215906076e-08,
                1.1861121442074785e-08
            ],
            [
                6.475909969872975e-07,
                2.5109803960550987e-08,
                1.1861031536848148e-08,
                6.1441723094195284e-06,
                0.9999931712658582
            ],
            [
                0.010970525715405802,
                0.0014846992049489874,
                3.680199631105762e-06,
                6.067623412226835e-06,
                0.9875350272566019
            ]
        ],
        [
            [
                0.999999992714461,
                9.05607691682764e-11,
                3.7010116488224924e-13,
                4.752193024545486e-13,
                7.194132972457251e-09
            ],
            [
                1.046464739308072e-08,
                0.0002611900585765286,
                0.9997375465622144,
                1.0674240714013135e-06,
                1.854904902213358e-07
            ],
            [
                8.423463192227398e-12,
                2.5109989881422277e-08,
                0.9999999334022722,
                3.224186522051822e-08,
                9.237449045398198e-09
            ],
            [
                0.01406156791992656,
                0.00012165639903956822,
                3.673704927576422e-06,
                2.1140712207086713e-05,
                0.9857919612638992
            ],
            [
                5.3157851967523563e-08,
                4.9444504482952676e-09,
                7.582560345647124e-10,
                1.4449802304323521e-07,
                0.9999997966414185
            ]
        ],
        [
            [
                0.9999999676659568,
                9.056076686862112e-11,
                6.101936473573042e-13,
                1.0060392456440806e-12,
                3.224186629448637e-08
            ],
            [
                2.368600613988438e-05,
                0.02292273360037993,
                0.0014654013097654094,
                0.974699368260559,
                0.0008888108231557708
            ],
            [
                1.9171644550362097e-10,
                8.315256575464218e-07,
                0.9999966020603469,
                3.059011942178938e-07,
                2.2603210848058972e-06
            ],
            [
                9.056078120429151e-11,
                7.05288073174604e-11,
                1.783247513473753e-11,
                6.825604228590645e-08,
                0.9999999315650356
            ],
            [
                2.8453348312998416e-08,
                1.6052280677756864e-09,
                3.581747958375435e-10,
                3.9278635762879367e-07,
                0.9999995767968912
            ]
        ],
        [
            [
                0.9999999964976496,
                1.0261879581224123e-10,
                0.0,
                1.4637785069256422e-12,
                3.3982678027791302e-09
            ],
            [
                2.5294952141255333e-07,
                0.00040360418989451435,
                0.2684539504009134,
                0.7297334754178703,
                0.00140871704180041
            ],
            [
                3.7010116734466187e-13,
                1.2501528646484736e-09,
                0.9999999987001156,
                4.8473686995302555e-11,
                8.878265466114918e-13
            ],
            [
                2.4616969215531995e-10,
                4.058652076581785e-10,
                7.052879764409548e-11,
                1.0467401666066572e-08,
                0.9999999888100347
            ],
            [
                8.76424881735343e-08,
                7.1941335211196285e-09,
                1.4166088832863132e-09,
                5.043472159920052e-07,
                0.9999993993995534
            ]
        ],
        [
            [
                0.9999999991250461,
                1.573710207573161e-11,
                0.0,
                0.0,
                8.592166602177002e-10
            ],
            [
                7.714693832077783e-08,
                7.466090643712926e-05,
                0.002472429660311176,
                0.9974491151386602,
                3.7171476531920473e-06
            ],
            [
                3.775134773121537e-11,
                6.475946392457072e-07,
                0.9999991521899404,
                1.1253518154095609e-07,
                8.76424875071793e-08
            ],
            [
                1.1253517707019686e-07,
                1.955568149638222e-08,
                3.850742003212283e-09,
                3.9278598816359554e-07,
                0.9999994712724113
            ],
            [
                9.610157800822633e-05,
                8.314415614660951e-07,
                6.022942470078259e-08,
                7.888497898559761e-06,
                0.9998951182531071
            ]
        ],
        [
            [
                0.9999999974715499,
                1.917171503836904e-10,
                0.0,
                1.1399918471448705e-12,
                2.3355930267125876e-09
            ],
            [
                3.850338321967215e-09,
                7.48439845791704e-05,
                0.9998953585093613,
                2.7533563222029256e-05,
                2.2600924991913017e-06
            ],
            [
                1.388794349124837e-11,
                1.9555680561619677e-08,
                0.9999999732224072,
                5.6027962867696136e-09,
                1.6052280119899555e-09
            ],
            [
                1.0467402971404962e-08,
                1.8189618920259467e-09,
                3.160881809634316e-10,
                3.0590235488888037e-07,
                0.9999996814951921
            ],
            [
                9.237449395460027e-09,
                1.1032560005134057e-09,
                1.493094633119743e-10,
                1.7257827490052923e-08,
                0.9999999722521576
            ]
        ],
        [
            [
                0.9999998873596265,
                1.0261880455762781e-10,
                6.914400662188064e-13,
                1.8795289674711e-12,
                1.1253518375618408e-07
            ],
            [
                3.015076406830338e-06,
                0.00793172364828497,
                0.07525409924331343,
                0.9167825557835203,
                2.8606248474443295e-05
            ],
            [
                2.0206839972195734e-11,
                5.043472035980877e-07,
                0.9999994926699277,
                2.6465737544248578e-09,
                3.1608815922775707e-10
            ],
            [
                2.3355929834446996e-09,
                7.58256024820171e-10,
                1.9171714683204586e-10,
                1.9555680624371792e-08,
                0.9999999771587532
            ],
            [
                0.9995592875693755,
                1.012563118261836e-05,
                2.2149728277973323e-08,
                1.1855895199375475e-08,
                0.00043055279381850795
            ]
        ],
        [
            [
                0.9999724641612273,
                1.3176163387522153e-10,
                1.463739534592986e-12,
                1.573668303739046e-11,
                2.7535689810730346e-05
            ],
            [
                7.192240365837207e-09,
                0.00026118982423938567,
                0.9997373641470352,
                1.3705984083751284e-06,
                6.823807666265802e-08
            ],
            [
                7.83504166362229e-13,
                1.522997950864998e-08,
                0.9999999846494432,
                1.1628232849984912e-10,
                3.5114220589499387e-12
            ],
            [
                3.9278486436164523e-07,
                7.73439256363037e-08,
                1.725776251373669e-08,
                2.902309397579063e-06,
                0.99999661030405
            ],
            [
                6.144148354833679e-06,
                5.043424092515526e-07,
                1.1253389522520709e-07,
                3.7266143550295624e-06,
                0.9999895123609857
            ]
        ],
        [
            [
                0.9999999995365862,
                2.1724399283227563e-10,
                0.0,
                0.0,
                2.461696944159538e-10
            ],
            [
                1.256821555917155e-08,
                3.4848211638535507e-06,
                0.003821568617208702,
                0.7282622257717399,
                0.26791270822167185
            ],
            [
                3.3315448107856924e-11,
                8.764248926096667e-08,
                0.9999998871657158,
                1.9555682664606536e-08,
                5.6027968892854364e-09
            ],
            [
                0.00043055693794970474,
                3.926171068607106e-07,
                1.52234172997066e-08,
                1.2746411246942655e-07,
                0.9995689077574137
            ],
            [
                1.8553862627275408e-07,
                1.3440385825411745e-08,
                4.9444416265810474e-09,
                2.2603231940450455e-06,
                0.9999975357533523
            ]
        ],
        [
            [
                0.9999999979870022,
                5.905303976315154e-10,
                1.879528809336805e-12,
                3.978962520590017e-12,
                1.4166087812148087e-09
            ],
            [
                1.651644017307595e-07,
                1.3120633573236768e-05,
                0.039112057445187996,
                0.7855865964155673,
                0.1752880603412697
            ],
            [
                9.545017439370588e-12,
                1.0677030725809237e-06,
                0.9999989287815985,
                2.6465687912274373e-09,
                8.592150881055927e-10
            ],
            [
                3.2241865564812903e-08,
                4.9444502247105235e-09,
                5.21141219569225e-10,
                1.7257827020338994e-08,
                0.9999999450347159
            ],
            [
                0.0031726783857674934,
                1.0643155321857348e-06,
                2.503027832580224e-08,
                1.440394440014826e-07,
                0.996826088228978
            ]
        ],
        [
            [
                0.9999999997519526,
                1.3176514239668245e-10,
                0.0,
                0.0,
                1.1628233003369042e-10
            ],
            [
