{
    "[['A', 'B', 'C', 'D', 'E'], ['A', 'B', 'C', 'D', 'E']]": [
        [
            [
                0.9999999827118414,
                1.7257827643930036e-08,
                7.433680524163756e-12,
                0.0,
                2.289734800000302e-11
            ],
            [
                0.9968273151669643,
                0.00317268305494285,
                1.6001352828291726e-09,
                6.204397801528963e-11,
                1.1591341111007852e-10
            ],
            [
                2.6810038669905708e-14,
                1.317651426620674e-10,
                0.999999999854184,
                1.3887943860865334e-11,
                1.3615261076878327e-13
            ],
            [
                7.433680661942644e-12,
                9.545034909474509e-12,
                1.1399918514480002e-12,
                1.1032560307986407e-09,
                0.9999999988786252
            ],
            [
                3.09881908441326e-12,
                1.573710183106125e-11,
                2.734698243664734e-12,
                1.7257827685506976e-08,
                0.9999999827206018
            ]
        ],
        [
            [
                0.9999999895215291,
                1.0467401668259728e-08,
                4.508755187812385e-12,
                0.0,
                6.5602000888822954e-12
            ],
            [
                0.9984988175218471,
                0.001501182023714403,
                3.5763688133502404e-10,
                4.8400888631334324e-11,
                4.8400888631334324e-11
            ],
            [
                1.139991844470242e-12,
                7.1941329762168286e-09,
                0.9999999926281036,
                1.6918979098900178e-10,
                7.433680616441946e-12
            ],
            [
                3.098818973456837e-12,
                1.7832471957112043e-11,
                3.5114219261067457e-12,
                5.315784970925079e-08,
                0.9999999468177077
            ],
            [
                8.878265437954203e-13,
                5.109089004754045e-12,
                1.139991847843352e-12,
                4.3634622330362065e-09,
                0.9999999956294008
            ]
        ],
        [
            [
                0.9999999965928439,
                3.3982678024616475e-09,
                3.098819123189354e-12,
                0.0,
                5.7893562997121744e-12
            ],
            [
                7.481401282860576e-05,
                0.9994946125763887,
                0.00043052491842622185,
                4.688793925775265e-08,
                1.6044170529119905e-09
            ],
            [
                1.7482341256641144e-13,
                1.250152864522532e-09,
                0.9999999986780037,
                7.052879840595004e-11,
                1.1399918513444154e-12
            ],
            [
                3.978962532355847e-12,
                4.50875523834989e-12,
                6.914400100890449e-13,
                4.5990553746283735e-10,
                0.9999999995309152
            ],
            [
                3.978963036474736e-12,
                1.0815942918159502e-11,
                2.7346986356746584e-12,
                3.0590235899079634e-07,
                0.9999996940801114
            ]
        ],
        [
            [
                0.999999982723356,
                1.7257827662100117e-08,
                6.560200044284919e-12,
                0.0,
                1.2256067212681987e-11
            ],
            [
                0.9994472211415644,
                0.0005527785817326718,
                1.9161115509923624e-10,
                2.2884689006516573e-11,
                6.220703427635047e-11
            ],
            [
                0.0,
                9.545034921336467e-12,
                0.9999999999741793,
                1.5737102104382958e-11,
                5.384940216905445e-13
            ],
            [
                2.7346982682809406e-12,
                9.545034841477474e-12,
                1.658678344775435e-12,
                8.152020644981252e-09,
                0.9999999918340411
            ],
            [
                6.101936626506034e-13,
                3.5114220839709005e-12,
                8.87826540411063e-13,
                8.152020646202912e-09,
                0.99999999184297
            ]
        ],
        [
            [
                0.9999999881180338,
                1.18611199913706e-08,
                5.10908895915605e-12,
                0.0,
                1.573710189461355e-11
            ],
            [
                0.9999999895168309,
                1.0467401665973313e-08,
                3.511422070178538e-12,
                0.0,
                1.225606729332374e-11
            ],
            [
                9.357622952064679e-14,
                1.6052280523079047e-09,
                0.9999999983566004,
                3.77513453751138e-11,
                3.266131336932224e-13
            ],
            [
                5.789356773400121e-12,
                2.5946096975634966e-11,
                6.5602006720302995e-12,
                8.315279899644446e-07,
                0.9999991684337144
            ],
            [
                1.879528812333782e-12,
                4.508755232206832e-12,
                6.914400091469765e-13,
                2.061153617826885e-09,
                0.9999999979317666
            ]
        ],
        [
            [
                0.99999997781734,
                2.2159489230054003e-08,
                7.433680490091325e-12,
                0.0,
                1.573710172101665e-11
            ],
            [
                0.9975273755705357,
                0.0024726229485985177,
                1.2470616045373815e-09,
                1.3143932609911433e-10,
                1.0236505009236799e-10
            ],
            [
                3.037975384735297e-14,
                1.0261879629310931e-10,
                0.999999999883288,
                1.388794386172821e-11,
                1.7482341278637282e-13
            ],
            [
                5.789323532262876e-12,
                4.277763635474974e-11,
                1.3887865190327747e-11,
                4.785094848053785e-06,
                0.999995214842697
            ],
            [
                5.109089013334631e-12,
                1.2256067408767184e-11,
                1.6586783541325245e-12,
                2.646573631279465e-09,
                0.9999999973344025
            ]
        ],
        [
            [
                0.9999999950450171,
                4.944450468445211e-09,
                3.098819117730597e-12,
                0.0,
                7.433680621996848e-12
            ],
            [
                0.014063245052992886,
                0.9859095023254855,
                2.714844958133399e-05,
                9.791259746002085e-08,
                6.259342940812441e-09
            ],
            [
                1.9171717015627855e-10,
                3.059023504677542e-07,
                0.9999996664603451,
                2.510999401719301e-08,
                2.335593267592024e-09
            ],
            [
                2.1297851687066584e-12,
                3.0988191354493654e-12,
                3.7010116746842756e-13,
                5.905303992707834e-10,
                0.9999999994038709
            ],
            [
                5.789356940262765e-12,
                1.3887945331953299e-11,
                3.978962956136705e-12,
                8.764249145214815e-08,
                0.9999999123338523
            ]
        ],
        [
            [
                0.9999999907451854,
                9.237449559677143e-09,
                5.109088971486417e-12,
                0.0,
                1.2256067308378535e-11
            ],
            [
                0.9859363687220569,
                0.014063627222800664,
                3.796584752597299e-09,
                1.8902082464195153e-10,
                6.953687533904633e-11
            ],
            [
                3.900837608482786e-14,
                2.172439934133413e-10,
                0.9999999997564442,
                2.5946094971471034e-11,
                3.2661313413657887e-13
            ],
            [
                3.978962501510298e-12,
                9.545034840494574e-12,
                1.6586783446046327e-12,
                8.152020644141798e-09,
                0.9999999918327968
            ],
            [
                6.914400087273752e-13,
                4.508755229470688e-12,
                7.835041762779381e-13,
                2.6465736313815357e-09,
                0.9999999973474427
            ]
        ],
        [
            [
                0.9999999907247262,
                9.23744955184313e-09,
                8.423463654045397e-12,
                0.0,
                2.9400777042333145e-11
            ],
            [
                0.9999417082198995,
                5.829127655891465e-05,
                3.5815363996246387e-10,
                4.277535231624707e-11,
                1.0261273586218338e-10
            ],
            [
                1.1399918382317674e-12,
                1.1861119997225284e-08,
                0.999999987138174,
                9.736200186501358e-10,
                2.5946094645631718e-11
            ],
            [
                3.9789625222401516e-12,
                7.433680646949483e-12,
                1.0060392758454345e-12,
                2.9989608146091242e-09,
                0.9999999969886204
            ],
            [
                1.1399918489681109e-12,
                5.789356308029774e-12,
                1.291780000167006e-12,
                3.3982678073439574e-09,
                0.9999999965935111
            ]
        ],
        [
            [
                0.9999999715310002,
                2.8453347239488373e-08,
                7.433680450192116e-12,
                1.658678309343619e-12,
                6.560199972098204e-12
            ],
            [
                0.9999998554518367,
                1.444980313631558e-07,
                2.0206840034465196e-11,
                3.978962721769716e-12,
                2.594609619519671e-11
            ],
            [
                1.7482341278474408e-13,
                3.775134543364342e-11,
                0.9999999999268789,
                3.3315445413591426e-11,
                1.879528816083653e-12
            ],
            [
                4.508755227837995e-12,
                9.545034892235519e-12,
                1.6586783535958608e-12,
                2.998960815241468e-09,
                0.9999999969853266
            ],
            [
                3.5114223842060777e-12,
                2.2897350222486144e-11,
                2.413362957971471e-12,
                8.315279902305915e-07,
                0.9999991684431876
            ]
        ],
        [
            [
                0.9999999969820421,
                2.9989608096252506e-09,
                5.109089002113692e-12,
                0.0,
                1.3887943794425604e-11
            ],
            [
                0.8519526623100967,
                0.14804717539871462,
                1.58070619377979e-07,
                3.2806479138044177e-09,
                9.399213641143412e-10
            ],
            [
                4.420228100316455e-14,
                5.905303994502307e-10,
                0.9999999993796052,
                2.940077737073064e-11,
                4.1937956552251395e-13
            ],
            [
                4.508747101615502e-12,
                3.775127728171752e-11,
                1.0815922028811186e-11,
                1.7603431338033745e-06,
                0.9999982396037903
            ],
            [
                6.101936659932978e-13,
                2.4133627648436653e-12,
                4.1937956462335307e-13,
                2.6465736312441464e-09,
                0.9999999973499833
            ]
        ],
        [
            [
                0.9999991683313623,
                8.315279883196479e-07,
                4.847369068999147e-11,
                1.2256068361221746e-11,
                7.991960490992771e-11
            ],
            [
                0.9770226263398712,
                0.0229773676022148,
                5.474062276808602e-09,
                3.9653974132237646e-10,
                1.8731211063326465e-10
            ],
            [
                1.7832475077803302e-11,
                6.825604206798352e-08,
                0.9999999282479376,
                3.3982682329584924e-09,
                7.991960865326699e-11
            ],
            [
                5.109088861803656e-12,
                1.3887943413023384e-11,
                2.1297851016484437e-12,
                3.224186632335442e-08,
                0.9999999677370067
            ],
            [
                1.4637784983287603e-12,
                5.789356266251717e-12,
                1.2917799908450614e-12,
                1.0467401681780094e-08,
                0.9999999895240533
            ]
        ],
        [
            [
                0.9999999006563274,
                9.931195222076121e-08,
                1.3887945137410795e-11,
                0.0,
                1.7832474542000388e-11
            ],
            [
                0.9626730852360743,
                0.03732688255361629,
                3.1038360037690947e-08,
                8.271442778052723e-10,
                3.448050342114271e-10
            ],
            [
                2.543665646878369e-13,
                6.224144621687862e-11,
                0.9999999998839215,
                4.8473687053201805e-11,
                5.1090890270619535e-12
            ],
            [
                3.978962625768165e-12,
                2.9400778057349375e-11,
                5.789356459579376e-12,
                6.47594614626264e-07,
                0.9999993523662163
            ],
            [
                1.0815941515932147e-11,
                7.43368064393034e-12,
                1.006039275436838e-12,
                3.398267806502173e-09,
                0.9999999965824766
            ]
        ],
        [
            [
                0.9999999981678089,
                1.8189616813005123e-09,
                2.413362763537475e-12,
                0.0,
                1.081594152010677e-11
            ],
            [
                0.9999982395055804,
                1.7603431294049567e-06,
                9.056060616053756e-11,
                1.2256045284815683e-11,
                4.8473599421034995e-11
            ],
            [
                2.020683819139135e-11,
                4.139937534634464e-08,
                0.9999999556876746,
                2.646573521185512e-09,
                2.4616968423153746e-10
            ],
            [
                1.8795290553263747e-12,
                9.545036135502554e-12,
                2.129785441537235e-12,
                1.8553915983366941e-07,
                0.9999998144472858
            ],
            [
                2.543665642377083e-13,
                1.6586783556539263e-12,
                2.8823507877788267e-13,
                1.6052280520303688e-09,
                0.9999999983925707
            ]
        ],
        [
            [
                0.9999999895048689,
                1.046740166331298e-08,
                5.1090889639121486e-12,
                2.4133627415303435e-12,
                2.0206838836499346e-11
            ],
            [
                0.9999991684083142,
                8.315279883836355e-07,
                3.775134827063146e-11,
                0.0,
                2.5946096926309116e-11
            ],
            [
                0.0,
                6.560200167574676e-12,
                0.9999999999822535,
                1.0815941556330913e-11,
                3.7010116782659646e-13
            ],
            [
                9.545034524358054e-12,
                2.0206838246634554e-11,
                2.413362671081041e-12,
                4.139937545952584e-08,
                0.9999999585684594
            ],
            [
                1.4637785107375776e-12,
                5.109089016236887e-12,
                8.87826545790839e-13,
                2.0611536176674322e-09,
                0.9999999979313856
            ]
        ],
        [
            [
                0.9999999956324657,
                4.363462229637776e-09,
                1.658678350054974e-12,
                0.0,
                2.4133627589430706e-12
            ],
            [
                0.9999970976699076,
                2.9023121987824324e-06,
                1.2256021086789931e-11,
                1.6586720851346129e-12,
                3.9789474858223144e-12
            ],
            [
                2.0206838819622254e-11,
                1.1861119992505621e-08,
                0.9999999868257425,
                1.2501528496453185e-09,
                4.277787811682995e-11
            ],
            [
                1.0815942084656505e-11,
                2.5946096247861478e-11,
                3.0988192898160927e-12,
                1.4449803165645446e-07,
                0.9999998554621076
            ],
            [
                1.006039273469912e-12,
                4.508755216240952e-12,
                1.006039273469912e-12,
                5.60279640516147e-09,
                0.9999999943906828
            ]
        ],
        [
            [
                0.9999999969831721,
                2.9989608103549637e-09,
                3.978962516595814e-12,
                0.0,
                1.3887943797804847e-11
            ],
            [
                0.999997739494136,
                2.260325267016512e-06,
                1.0261860836291946e-10,
                1.573707328316821e-11,
                6.22413322291539e-11
            ],
            [
                5.675685228341938e-14,
                5.905303994479664e-10,
                0.9999999993757709,
                3.331544539647784e-11,
                3.2661313403182713e-13
            ],
            [
                2.4133627107466817e-12,
                5.789356182191679e-12,
                1.879528768964844e-12,
                2.510999092186098e-08,
                0.9999999748799269
            ],
            [
                3.978963033441106e-12,
                1.2256068976827297e-11,
                2.734698633589677e-12,
                6.825604229935928e-08,
                0.9999999317249879
            ]
        ],
        [
            [
                0.9999999778231344,
                2.215948924636692e-08,
                6.560200012138485e-12,
                0.0,
                1.081594130005996e-11
            ],
            [
                0.9820137788154384,
                0.017986211327565053,
                9.071299315975888e-09,
                5.117676876906157e-10,
                2.7392950358313946e-10
            ],
            [
                1.7832472832258778e-11,
                2.646573627646397e-09,
                0.999999995893724,
                1.2501528610666103e-09,
                1.9171715055996248e-10
            ],
            [
                5.7893562391827274e-12,
                1.2256067254526526e-11,
                2.4133627345040856e-12,
                1.5229979509140144e-08,
                0.9999999847495618
            ],
            [
                2.4133627648316773e-12,
                5.1090890132410725e-12,
                8.878265452702446e-13,
                2.646573631231e-09,
                0.999999997345016
            ]
        ],
        [
            [
                0.999999946803516,
                5.31578495757472e-08,
                1.5737101228055003e-11,
                0.0,
                2.2897347177797584e-11
            ],
            [
                0.9996646498376813,
                0.00033535005382582655,
                9.053037964098311e-11,
                8.420637020353492e-12,
                9.54183181345081e-12
            ],
            [
                1.0261880331231898e-10,
                2.3823698299027747e-07,
                0.9999997555976958,
                5.602796819467711e-09,
                4.5990556921599153e-10
            ],
            [
                6.560063092589868e-12,
                4.847267420367102e-11,
                8.42328774596058e-12,
                2.1444939762691378e-05,
                0.9999785549967813
            ],
            [
                2.7346982493787816e-12,
                9.545034775502457e-12,
                2.1297851380801953e-12,
                1.5229979509621047e-08,
                0.9999999847556109
            ]
        ],
        [
            [
                0.999998239578064,
                1.7603431313656785e-06,
                4.8473599475026314e-11,
                7.433667240347004e-12,
                2.2897307082966842e-11
            ],
            [
                0.6791785712107633,
                0.3208212398923041,
                1.833495645155338e-07,
                4.311968461086269e-09,
                1.2353996480110682e-09
            ],
            [
                1.879528786809204e-12,
                1.5229979503808922e-08,
                0.9999999843514598,
                4.0586520622770297e-10,
                1.081594138620205e-11
            ],
            [
                1.4637786687642936e-12,
                7.433681457670705e-12,
                1.8795290150986994e-12,
                8.764249145327692e-08,
                0.9999999123467316
            ],
            [
                1.6586783261386387e-12,
                9.545034734230115e-12,
                1.46377848520155e-12,
                1.9555680701428963e-08,
                0.9999999804316518
            ]
        ],
        [
            [
                0.999999984749341,
                1.5229979481054073e-08,
                8.423463608643221e-12,
                0.0,
                1.225606723192474e-11
            ],
            [
                0.0474257732873654,
                0.9525720529947947,
                2.1531262507690287e-06,
                1.8628192055491522e-08,
                1.963396997638288e-09
            ],
            [
                2.244777050722218e-13,
                1.605228052111594e-09,
                0.999999998331166,
                6.224144610988522e-11,
                1.1399918508612668e-12
            ],
            [
                7.433680961813684e-12,
                3.331544671894054e-11,
                7.433680961813684e-12,
                3.92786369842886e-07,
                0.9999996071654473
            ],
            [
                3.511422084031078e-12,
                8.423463684072611e-12,
                1.4637785018929121e-12,
                8.152020646342618e-09,
                0.9999999918345807
            ]
        ],
        [
            [
                0.9999999981696137,
                1.8189616816468861e-09,
                1.8795288104362622e-12,
                0.0,
                9.545034891847946e-12
            ],
            [
                0.9890130548346718,
                0.010986942310596147,
                2.6174970580552213e-09,
                1.4766907917797017e-10,
                8.956582401297134e-11
            ],
            [
                1.4637784909247222e-12,
                1.5229979503314357e-08,
                0.9999999842991063,
                4.5990553057563546e-10,
                9.545034771549886e-12
            ],
            [
                1.879528806817883e-12,
                7.433680633904095e-12,
                1.1399918471481494e-12,
                4.9444504763652165e-09,
                0.9999999950450964
            ],
            [
                1.1399918055207386e-12,
                6.560199894674246e-12,
                1.6586782897677768e-12,
                4.139937546200763e-08,
                0.9999999585912658
            ]
        ],
        [
            [
                0.999999887432374,
                1.1253518363497743e-07,
                9.54503567905612e-12,
                0.0,
                2.2897350270522193e-11
            ],
            [
                0.9999546020555257,
                4.5397855699921334e-05,
                7.052557645458082e-11,
                7.433341070091296e-12,
                1.081544743891171e-11
            ],
            [
                0.0,
                1.4930946757769338e-10,
                0.9999999998348332,
                1.5737102102433707e-11,
                1.2015425728390055e-13
            ],
            [
                2.4133630268447108e-12,
                1.7832474792440644e-11,
                4.508755718719023e-12,
                8.764249145530706e-08,
                0.999999912332754
            ],
            [
                1.0060392750790388e-12,
                9.545034882951548e-12,
                1.6586783519825484e-12,
                3.850741906675213e-09,
                0.9999999961370483
            ]
        ],
        [
            [
                0.9999999748656163,
                2.5109990874560107e-08,
                6.56019998974561e-12,
                0.0,
                1.7832472423182706e-11
            ],
            [
                0.9046504675870729,
                0.09534945106550319,
                7.928584471815405e-08,
                1.6455252098822616e-09,
                4.1605392895315166e-10
            ],
            [
                2.289735110091424e-11,
                6.8256041646369e-08,
                0.9999999221254354,
                9.237450728821381e-09,
                3.581748343946122e-10
            ],
            [
                7.43368160649483e-12,
                3.331544960820098e-11,
                7.43368160649483e-12,
                3.059023589425948e-07,
                0.9999996940494583
            ],
            [
                2.4133629669362526e-12,
                1.2256068434914468e-11,
                2.734698512672581e-12,
                1.1253518381691936e-07,
                0.9999998874474121
            ]
        ],
        [
            [
                0.9999998874036419,
                1.1253518360448892e-07,
                1.3887944961488491e-11,
                4.5087555982842e-12,
                4.277788206722313e-11
            ],
            [
                0.9933071470265037,
                0.006692851389040293,
                1.4071270619572884e-09,
                1.1550402294441477e-10,
                6.182484832091768e-11
            ],
            [
                1.7832474569107484e-11,
                8.76424903576762e-08,
                0.9999998998880254,
                1.1861121256118206e-08,
                5.905304548978812e-10
            ],
            [
                1.2254899223184216e-11,
                1.0260901492305189e-10,
                2.0204913019550292e-11,
                9.610239926341916e-05,
                0.9999038974656677
            ],
            [
                2.4133627296882688e-12,
                9.545034756154138e-12,
                1.6586783299484624e-12,
                1.725782768658397e-08,
                0.9999999827285552
            ]
        ],
        [
            [
                0.999999967740397,
                3.224186628070195e-08,
                8.423463469209471e-12,
                1.8795287528891576e-12,
                7.433680420611849e-12
            ],
            [
                0.9999989322326208,
                1.0677030749341133e-06,
                4.2777800428494534e-11,
                5.789345737229599e-12,
                1.5737073316178056e-11
            ],
            [
                2.2447770448321086e-13,
                4.363462233138291e-09,
                0.999999995592844,
                4.277787849552457e-11,
                6.914400075556287e-13
            ],
            [
                5.10908967116186e-12,
                1.7832475152780833e-11,
                3.978963036682883e-12,
                3.0590235900679864e-07,
                0.9999996940707204
            ],
            [
                1.1399919377366023e-12,
                5.789356758833371e-12,
                1.4637786228729067e-12,
                2.3823698444927674e-07,
                0.9999997617546225
            ]
        ],
        [
            [
                0.9999999956162917,
                4.36346222482179e-09,
                4.50875521323652e-12,
                0.0,
                1.573710200543945e-11
            ],
            [
                0.9525740892375499,
                0.047425873505350505,
                3.480210994155774e-08,
                1.7326950270062526e-09,
                7.222947484447341e-10
            ],
            [
                4.420228101295126e-14,
                3.5817479283821597e-10,
                0.9999999996185571,
                2.289734844430271e-11,
                3.2661313410539405e-13
            ],
            [
                2.1297851531661222e-12,
                5.789356280373335e-12,
                1.139991843522235e-12,
                8.152020646377994e-09,
                0.9999999918389203
            ],
            [
                2.7346982845131517e-12,
                3.5114221042872517e-12,
                4.752193050470176e-13,
                2.3355930327536915e-09,
                0.9999999976576857
            ]
        ],
        [
            [
                0.9999994955614617,
                5.04347204141043e-07,
                3.331544691165846e-11,
                9.545035349731154e-12,
                4.8473689230631524e-11
            ],
            [
                0.6224590811703876,
                0.37754050524661575,
                4.031016064424322e-07,
                8.36610693753738e-09,
                2.1152830965462363e-09
            ],
            [
                5.7893562876831314e-12,
                5.602796397812489e-09,
                0.9999999930790198,
                1.2501528575229462e-09,
                6.224144578777539e-11
            ],
            [
                2.413353644593498e-12,
                2.5945996855690126e-11,
                3.978947487562978e-12,
                2.902312200052102e-06,
                0.9999970976554616
            ],
            [
                1.139991849657899e-12,
                5.789356311532807e-12,
                1.0060392762947796e-12,
                2.6465736310472133e-09,
                0.9999999973454909
            ]
        ],
        [
            [
                0.9999999778037486,
                2.2159489241201112e-08,
                1.0815941297538552e-11,
                0.0,
                2.594609435966367e-11
            ],
            [
                0.7772997802884481,
                0.22270011559707603,
                9.912061916725297e-08,
                3.391721073790654e-09,
                1.602135591485544e-09
            ],
            [
                2.594609763215823e-11,
                8.764249114373791e-08,
                0.9999999087160506,
                3.3982681664971494e-09,
                2.1724401569100243e-10
            ],
            [
                1.2917801663435227e-12,
                8.423464807956056e-12,
                2.1297854373191158e-12,
                6.825604229984558e-08,
                0.9999999317321127
            ],
            [
                6.10193665734538e-13,
                3.978962522626096e-12,
                6.10193665734538e-13,
                2.9989608149000126e-09,
                0.9999999969958397
            ]
        ],
        [
            [
                0.9999999976454099,
                2.335593027844978e-09,
                5.109089004100762e-12,
                0.0,
                1.3887943799827021e-11
            ],
            [
                0.9820137596961752,
                0.017986210960515912,
                2.794156842443691e-08,
                7.446175766732562e-10,
                6.571227050241961e-10
            ],
            [
                8.87826547127203e-13,
                2.789468090610639e-10,
                0.9999999992809849,
                4.058652123189907e-10,
                3.3315445394692747e-11
            ],
            [
                3.511422090353086e-12,
                1.0815941486368549e-11,
                1.8795288042155316e-12,
                6.34880007441635e-09,
                0.999999993634993
            ],
            [
                6.914400093873831e-13,
                3.978962528318062e-12,
                8.878265461682105e-13,
                1.6052280521521588e-09,
                0.9999999983892136
            ]
        ],
        [
            [
                0.9999999804255031,
                1.9555680653302328e-08,
                6.560200022379108e-12,
                0.0,
                1.2256067171756544e-11
            ],
            [
                0.7772994076238813,
                0.22270000853649155,
                5.703992332054699e-07,
                1.0447216414555539e-08,
                2.9931776166066784e-09
            ],
            [
                0.0,
                4.508755241544564e-12,
                0.9999999999829086,
                1.2256067442060063e-11,
                3.2661313422439603e-13
            ],
            [
                3.9789552616331805e-12,
                3.331538451549922e-11,
                3.9789552616331805e-12,
                1.0677030763351196e-06,
                0.9999989322556503
            ],
            [
                1.1399918391973265e-12,
                4.508755187528764e-12,
                8.878265370618889e-13,
                1.1861120007271508e-08,
                0.9999999881323435
            ]
        ],
        [
            [
                0.999999997656188,
                2.3355930300165244e-09,
                1.6586783526769025e-12,
                0.0,
                6.560200143484665e-12
            ],
            [
                0.7772997822397292,
                0.22270011606233145,
                9.91206193231226e-08,
                2.057182823682458e-09,
                5.201372736363396e-10
            ],
            [
                8.25807327739409e-14,
                7.582560420417716e-10,
                0.9999999992033715,
                3.77513454054796e-11,
                5.384940212431853e-13
            ],
            [
                3.775135018528997e-11,
                4.277788406364538e-11,
                6.560200992276531e-12,
                3.0590235893069316e-07,
                0.9999996940105517
            ],
            [
                1.1399918471802547e-12,
                5.789356298950291e-12,
                8.878265432789996e-13,
                4.944450476504466e-09,
                0.9999999950477323
            ]
        ],
        [
            [
                0.9999999990205792,
                9.73620028968134e-10,
                1.291780001690853e-12,
                0.0,
                4.508755231491714e-12
            ],
            [
                0.4999996513495575,
                0.4999996505919834,
                6.854792259979101e-07,
                9.777836019393953e-09,
                2.8013969224687145e-09
            ],
            [
                4.50875514680253e-12,
                1.9555680673674794e-08,
                0.9999999789898864,
                1.4166087566404088e-09,
                3.331544471606619e-11
            ],
            [
                4.508755576639567e-12,
                1.2256068352942718e-11,
                2.129785328889058e-12,
                2.382369844165382e-07,
                0.999999761744121
            ],
            [
                6.10193665567059e-13,
                3.511422100753944e-12,
                6.10193665567059e-13,
                3.3982678072792607e-09,
                0.9999999965970003
            ]
        ],
        [
            [
                0.999999988125657,
                1.18611199889259e-08,
                5.789356249455232e-12,
                0.0,
                7.433680570560534e-12
            ],
            [
                0.9999982395258131,
                1.7603431299880057e-06,
                5.492778421671963e-11,
                1.3887918759805723e-11,
                6.224133371556428e-11
            ],
            [
                0.0,
                2.789468091364319e-10,
                0.9999999996778559,
                4.27778786666161e-11,
                4.193795656117461e-13
            ],
            [
                8.423384066750645e-12,
                2.94004992553794e-11,
                3.511388894593442e-12,
                1.0129988105125559e-05,
                0.9999898699705596
            ],
            [
                3.978962498042638e-12,
                9.545034832176092e-12,
                1.463778500222052e-12,
                9.237449574227689e-09,
                0.9999999907475626
            ]
        ],
        [
            [
                0.9999998874108299,
                1.1253518365660551e-07,
                1.2256068417454884e-11,
                3.978962851839473e-12,
                3.7751348440936686e-11
            ],
            [
                0.0009081626689547986,
                0.9959214439776031,
                0.003169799175816131,
                5.691700625695509e-07,
                2.500756341046669e-08
            ],
            [
                0.0,
                1.0815941554809938e-11,
                0.9999999999628184,
                2.594609497682564e-11,
                4.1937956574195905e-13
            ],
            [
                5.10907968823243e-12,
                1.5737073338158413e-11,
                5.789345745315721e-12,
                1.0677030764254004e-06,
                0.9999989322702881
            ],
            [
                5.38494021029216e-13,
                2.4133627684890333e-12,
                5.38494021029216e-13,
                1.1032560308147794e-09,
                0.9999999988932535
            ]
        ],
        [
            [
                0.9999999985749513,
                1.4166087820477024e-09,
                1.8795288104418723e-12,
                0.0,
                6.5602001468724216e-12
            ],
            [
                0.999997097603839,
                2.9023121964213484e-06,
                4.847350367655253e-11,
                9.544998811966619e-12,
                2.594599682323203e-11
            ],
            [
                5.008774636604377e-14,
                5.492788349595813e-11,
                0.9999999999217981,
                2.2897348450790916e-11,
                3.2661313419794336e-13
            ],
            [
                1.388794561327874e-11,
                4.277788407487844e-11,
                4.508755809889513e-12,
                3.0590235901102015e-07,
                0.9999996940364664
            ],
            [
                2.1297854372424437e-12,
                7.433681601783952e-12,
                1.1399919955773327e-12,
                6.825604229738838e-08,
                0.9999999317332542
            ]
        ],
        [
            [
                0.9999999468053652,
