{
    "[['A', 'B', 'C', 'D', 'E'], ['A', 'B', 'C', 'D', 'E']]": [
        [
            [
                0.000709668274357022,
                1.0459937084828868e-08,
                6.686814061898333e-10,
                2.900253417374627e-06,
                0.9992874203436071
            ],
            [
                2.0644431886818298e-05,
                0.9626506124258298,
                0.03732601764145994,
                2.4656257784228243e-06,
                2.5987504510550885e-07
            ],
            [
                3.58170031704118e-10,
                1.30071247441859e-05,
                0.999986990888982,
                1.6052067164109838e-09,
                2.2897044075182907e-11
            ],
            [
                0.9999999999514326,
                3.775134541569586e-11,
                0.0,
                0.0,
                1.0815941549522811e-11
            ],
            [
                0.9999970953392899,
                1.818954803548224e-09,
                8.423431875201756e-12,
                5.211392764884509e-10,
                2.902312192447825e-06
            ]
        ],
        [
            [
                0.9959284546599226,
                4.6720637737849486e-08,
                1.2450628226925544e-09,
                1.3653771756911878e-06,
                0.004070131997201123
            ],
            [
                1.1678696574130639e-05,
                0.8978568481420409,
                0.04470165925248696,
                0.05739806792022048,
                3.1745988677546226e-05
            ],
            [
                1.139991792234834e-12,
                5.315784970869451e-08,
                0.9999999467605523,
                7.991959466646276e-11,
                5.384939930510196e-13
            ],
            [
                0.00015843277255401728,
                8.150559604899645e-09,
                5.210478431790217e-10,
                2.1441544147559768e-05,
                0.9998201170116909
            ],
            [
                0.9997388049348659,
                2.6458824426465715e-09,
                3.330674454479375e-11,
                2.060615318248031e-09,
                0.0002611903253296906
            ]
        ],
        [
            [
                0.004070085639299886,
                3.2110227682959685e-08,
                2.9867164263686012e-09,
                1.2954190412913449e-05,
                0.9959169250733431
            ],
            [
                1.1141233817256744e-05,
                0.02930909068190204,
                0.9705836667305824,
                9.328440864314753e-05,
                2.8169450551213677e-06
            ],
            [
                2.129785169500576e-12,
                4.0586521237025557e-10,
                0.9999999995339783,
                5.49278834720165e-11,
                3.098819136604509e-12
            ],
            [
                0.9999999995500441,
                9.0560769778169e-11,
                6.101936669616836e-13,
                6.101936669616836e-13,
                3.581747925594055e-10
            ],
            [
                0.6791786212528689,
                2.81175660292315e-08,
                5.835614655567326e-10,
                7.643146879775733e-08,
                0.32082127361453483
            ]
        ],
        [
            [
                0.002472607888978525,
                6.808687436298633e-08,
                1.1005218252912596e-09,
                6.128979264322177e-06,
                0.9975211939443609
            ],
            [
                2.1184569406397266e-05,
                0.9878369592112822,
                0.01097387863759039,
                0.0011566382988380355,
                1.13392828830279e-05
            ],
            [
                1.9818198648881777e-05,
                0.07585663181679654,
                0.924122902402455,
                5.984577433399574e-07,
                4.9124356189862843e-08
            ],
            [
                0.006619799333849342,
                4.955043299028249e-07,
                1.1056185504540591e-07,
                0.010914204083727253,
                0.9824653905162385
            ],
            [
                0.9995694328697471,
                4.3615817783821925e-09,
                5.4904211828283277e-11,
                5.600381860404855e-09,
                0.00043055711338506347
            ]
        ],
        [
            [
                0.6224567532745345,
                3.1393464571779406e-07,
                3.077706970410193e-09,
                3.824506925512611e-06,
                0.3775391052061873
            ],
            [
                2.291566105369282e-05,
                0.9429989219460514,
                0.028476098131027493,
                0.02847609741599344,
                2.5966845873995734e-05
            ],
            [
                6.3475051933433925e-09,
                0.00020342686891534957,
                0.9997964644935433,
                9.929168712244337e-08,
                2.9983491466853064e-09
            ],
            [
                0.9999999986140007,
                8.592166599882839e-10,
                3.5114221054926105e-12,
                2.1297851661739574e-12,
                5.211412476187793e-10
            ],
            [
                0.9968271624062326,
                1.0434192406658487e-08,
                1.6865301249690594e-10,
                1.4403958314941506e-07,
                0.003172682951338809
            ]
        ],
        [
            [
                0.5621696223841913,
                1.7196902256368835e-07,
                7.555784323902142e-09,
                1.205595923768424e-05,
                0.43781814213176423
            ],
            [
                3.6712060315261165e-05,
                0.4904631591621805,
                0.019017318063302983,
                0.4904631601643529,
                1.9650549848222024e-05
            ],
            [
                3.266131341572344e-13,
                1.917171513045064e-10,
                0.999999999744251,
                6.224144620592206e-11,
                1.4637785135813375e-12
            ],
            [
                4.943866295649331e-09,
                7.733508054748748e-08,
                2.1442894906710824e-05,
                0.9998823744384066,
                9.610038773981366e-05
            ],
            [
                0.9999998139179163,
                4.599055958432572e-10,
                3.098819529374689e-12,
                7.991960900460946e-11,
                1.8553915965160273e-07
            ]
        ],
        [
            [
                0.0024723186758288706,
                1.2718808859768293e-07,
                2.6397020468491236e-09,
                0.00012308949894063886,
                0.9974044619974398
            ],
            [
                3.0211440141923683e-06,
                0.9186268645326927,
                0.04573574074195987,
                0.03561903094605756,
                1.5342635275737173e-05
            ],
            [
                5.4927883179213485e-11,
                5.60279640384235e-09,
                0.9999999940886724,
                2.461696937010871e-10,
                7.433680627646432e-12
            ],
            [
                0.07585747123422606,
                8.099330681631591e-08,
                4.5693296962215195e-09,
                9.361553419854865e-06,
                0.9241330816497176
            ],
            [
                0.9984772202706904,
                2.0992324258606418e-07,
                7.183178351178514e-09,
                2.1412752878290826e-05,
                0.0015011498700103056
            ]
        ],
        [
            [
                0.00012339191966130405,
                2.2156278442271632e-08,
                2.9985262184540872e-09,
                2.1442300469465317e-05,
                0.9998551406250646
            ],
            [
                1.1699063141262747e-05,
                0.6181639110089782,
                0.3749353535808728,
                0.006867179619588376,
                2.1856727419408446e-05
            ],
            [
                1.3666070132318044e-06,
                0.0031726771861750463,
                0.9968256992325198,
                2.3748068983632533e-07,
                1.9493602098417302e-08
            ],
            [
                2.0446469611515218e-06,
                0.09534194725734112,
                0.9045791352155448,
                6.770940821449945e-05,
                9.163471938492712e-06
            ],
            [
                0.9768696854790249,
                1.7196287990522801e-06,
                2.7795237294727e-08,
                0.00015479605139244774,
                0.02297377104554642
            ]
        ],
        [
            [
                3.4543885109845535e-05,
                1.0994550931219415e-07,
                5.1934581223156286e-08,
                0.02297657080435044,
                0.9769887234304492
            ],
            [
                6.442128913699099e-07,
                0.005220108716356133,
                0.9947766537245115,
                2.2485239284990952e-06,
                3.44822312505007e-07
            ],
            [
                0.00033247452534076164,
                0.9910925188980572,
                0.008574631076784278,
                3.43545141945103e-07,
                3.195467589882864e-08
            ],
            [
                1.1928230321646953e-06,
                0.014063278679971787,
                0.9859121567160412,
                2.114329414696711e-05,
                2.2284868077737384e-06
            ],
            [
                0.9999999997273497,
                7.991959881957745e-11,
                5.384940210344862e-13,
                4.752193056232581e-13,
                1.9171715111204637e-10
            ]
        ],
        [
            [
                0.3208084896580583,
                3.4252834710261563e-07,
                1.932412701413943e-08,
                3.9590893930136015e-05,
                0.6791515575955375
            ],
            [
                3.7194137907419417e-06,
                0.11920090239928138,
                0.880782164659231,
                1.1456601026341414e-05,
                1.7569266705501609e-06
            ],
            [
                3.331544696755425e-11,
                5.043472049872237e-07,
                0.9999994953697985,
                2.4616970660420737e-10,
                3.511422276312133e-12
            ],
            [
                0.9979964275667474,
                2.255800724975156e-06,
                2.8396313315725396e-08,
                7.470186053629806e-05,
                0.0019265863756778774
            ],
            [
                0.9999999996978153,
                1.6918979208209728e-10,
                6.914400099607891e-13,
                5.384940212043625e-13,
                1.3176514256122553e-10
            ]
        ],
        [
            [
                0.22269220362370876,
                3.0530197238197853e-07,
                1.5200090171825275e-08,
                3.52881100425102e-05,
                0.7772721877641862
            ],
            [
                1.33475675861025e-05,
                0.62239750080541,
                0.3775031680387547,
                7.68099481491528e-05,
                9.173640099866144e-06
            ],
            [
                1.95532570169419e-08,
                0.00012339462567304834,
                0.9998765784586598,
                7.1932412644741696e-09,
                1.6916881993886113e-10
            ],
            [
                5.134266748735839e-05,
                5.411477340105219e-06,
                3.2822269211139846e-06,
                0.8807441856707321,
                0.11919577795751932
            ],
            [
                0.09534946707763167,
                8.356665957392583e-09,
                1.35072924977425e-10,
                2.2715773218482564e-08,
                0.9046505017148562
            ]
        ],
        [
            [
                0.999796553811833,
                7.1926654777945105e-09,
                7.990329589355415e-11,
                1.185870056627031e-08,
                0.00020342705689773636
            ],
            [
                1.0375663385800348e-05,
                0.903889801536021,
                0.09526928900104721,
                0.0008242406415875932,
                6.293157958345702e-06
            ],
            [
                3.5817344023872674e-10,
                3.7266390968904675e-06,
                0.9999962685366656,
                4.363445772592675e-09,
                1.0261840873631184e-10
            ],
            [
                2.4909279524276343e-05,
                0.09534335768273715,
                0.904592612261648,
                3.1984148020550357e-05,
                7.136628070036487e-06
            ],
            [
                0.9999646385098978,
                3.3981450614495184e-09,
                1.5736533624330055e-11,
                1.818895979906221e-09,
                3.535625732459625e-05
            ]
        ],
        [
            [
                0.06008656898956914,
                4.996367195528607e-08,
                2.1952505382811065e-09,
                1.28858131212427e-06,
                0.9399120902701963
            ],
            [
                0.00033378438454878567,
                0.0024663515423780182,
                0.0014959178280818104,
                0.9949973246973566,
                0.0007066215476348307
            ],
            [
                1.081594291754483e-11,
                3.059023589734119e-07,
                0.9999996939360517,
                1.493094863975146e-10,
                1.4637786982169646e-12
            ],
            [
                0.9999999987789527,
                7.582560412903719e-10,
                1.8795288128189257e-12,
                1.00603927729206e-12,
                4.599055369549391e-10
            ],
            [
                0.01798610049420227,
                1.4189818894564925e-07,
                2.598955987693884e-09,
                6.033664527818354e-06,
                0.9820077213441251
            ]
        ],
        [
            [
                0.9999921088785624,
                1.2501433910568506e-09,
                1.5736982830062424e-11,
                5.905259240654868e-10,
                7.889265031348552e-06
            ],
            [
                2.6899643936678178e-05,
                0.9768745314041863,
                0.022973887917645784,
                0.00012055584022699619,
                4.125194004049663e-06
            ],
            [
                2.8614940579436684e-06,
                0.01406358199949266,
                0.9859332378921127,
                3.0159925479564515e-07,
                1.701508185962523e-08
            ],
            [
                0.004069074233369881,
                0.9956695153889756,
                0.0002601270813908785,
                9.381647424237058e-07,
                3.45131521169583e-07
            ],
            [
                0.003172679936452353,
                3.641884064407295e-08,
                4.5844554633212693e-10,
                1.0643155489758806e-06,
                0.9968262188707124
            ]
        ],
        [
            [
                9.610230745843127e-05,
                4.363038008625503e-09,
                2.461457609548993e-10,
                8.314478724469341e-07,
                0.9999030616354854
            ],
            [
                6.4338745995790175e-06,
                0.07585483443208742,
                0.9241010470754873,
                3.2673911249331455e-05,
                5.01070657633536e-06
            ],
            [
                1.8526048327024172e-07,
                0.0015011819759345804,
                0.9984985380693977,
                8.75108558414985e-08,
                7.18332848132561e-09
            ],
            [
                0.0753880294509037,
                9.303621923287401e-06,
                2.479331262143368e-07,
                0.006188226279282709,
                0.9184141927147641
            ],
            [
                0.9999970967673699,
                6.691560775019958e-10,
                5.109069698850497e-12,
                2.461687638479086e-10,
                2.902312196162979e-06
            ]
        ],
        [
            [
                0.8807946480659545,
                1.8518118210280219e-07,
                2.993177889264319e-09,
                2.556347366201733e-06,
                0.11920260741231928
            ],
            [
                2.5748558001656042e-05,
                0.7282346387548349,
                0.26790257056193045,
                0.0038214248353617003,
                1.561728987139345e-05
            ],
            [
                8.223916325335634e-07,
                0.010986927672652662,
                0.9890116251409128,
                5.65220952007723e-07,
                5.957385004773274e-08
            ],
            [
                0.9999999999308959,
                5.492788348048946e-11,
                2.882350791919596e-13,
                0.0,
                1.3887943857617166e-11
            ],
            [
                0.0003353487614160075,
                5.6008946735496355e-09,
                4.057274493263688e-10,
                3.725388229674273e-06,
                0.9996609198437322
            ]
        ],
        [
            [
                0.0001233933300043536,
                2.844954982759422e-08,
                5.904515694765467e-10,
                1.0128741323605655e-05,
                0.9998664488886706
            ],
            [
                4.904773305130744e-06,
                0.9045647619932791,
                0.09534041915097408,
                8.693918705306563e-05,
                2.9748953885018635e-06
            ],
            [
                2.4910229732120687e-05,
                0.09534703922660515,
                0.9046275179364174,
                5.169953243719138e-07,
                1.561192092628552e-08
            ],
            [
                0.00017866749767620225,
                0.3660504861313933,
                0.28508039966785614,
                0.2850804114700071,
                0.06361003523306712
            ],
            [
                0.9999785538363472,
                8.591987071244527e-10,
                6.560063081617863e-12,
                3.581673083570626e-10,
                2.1444939726823738e-05
            ]
        ],
        [
            [
                0.014427546544424866,
                4.271199122126976e-06,
                2.017571605389568e-06,
                0.37209130973580185,
                0.6134748549490459
            ],
            [
                2.650772331900867e-05,
                0.9626415809973653,
                0.03732566292377467,
                5.914672549340673e-06,
                3.3368299166276586e-07
            ],
            [
                7.715297204948919e-08,
                0.0024726218897911595,
                0.9975270514775608,
                2.3764788445093854e-07,
                1.1831791470637108e-08
            ],
            [
                1.6366608109309234e-07,
                3.464810963930078e-07,
                6.1415243836350964e-06,
                0.9995627940237826,
                0.0004305543046562186
            ],
            [
                0.3208176140636024,
                1.4279115377175443e-07,
                5.536613872877382e-09,
                1.1343306345110447e-05,
                0.6791708943022848
            ]
        ],
        [
            [
                0.9859263114169992,
                2.0728453089776205e-07,
                7.092886602437815e-09,
                9.987528012658818e-06,
                0.014063486677570585
            ],
            [
                3.4659605821311316e-07,
                3.2884118422491595e-06,
                2.753353525389594e-05,
                0.9998939875482917,
                7.484390855390183e-05
            ],
            [
                8.907526984505518e-05,
                0.562126183707809,
                0.43778431039801036,
                4.1250033581999514e-07,
                1.8123999874556393e-08
            ],
            [
                6.314461143891279e-07,
                0.0005392920870571252,
                0.022931277716977064,
                0.9750628508693723,
                0.0014659478804791373
            ],
            [
                0.9999993521711129,
                2.1724399831731645e-10,
                1.2917800333838214e-12,
                1.5737102455255736e-11,
                6.475946143262386e-07
            ]
        ],
        [
            [
                0.6790576381438785,
                8.215692329002325e-07,
                1.504757974237849e-08,
                0.00017740955524680538,
                0.32076411568406193
            ],
            [
                2.443270867772276e-05,
                0.47492986049424807,
                0.4749298633985712,
                0.05005723237729129,
                5.861102121168465e-05
            ],
            [
                8.758032646590442e-08,
                0.0007096704039159268,
                0.9992901719904591,
                6.820762683329565e-08,
                1.8176716865623082e-09
            ],
            [
                0.9999999998574194,
                6.224144618344795e-11,
                4.193795655305027e-13,
                0.0,
                7.99195988709494e-11
            ],
            [
                0.9820136800639121,
                2.1760916249386893e-08,
                3.985650839117581e-10,
                8.606609332737424e-08,
                0.0179862117105132
            ]
        ],
        [
            [
                6.144171868589207e-06,
                4.599029461058534e-10,
                2.02067252162624e-11,
                4.139914388510742e-08,
                0.9999938139488779
            ],
            [
                2.06426896723983e-06,
                0.08494645460358306,
                0.8059495761224696,
                0.10907340865088169,
                2.8496354098258337e-05
            ],
            [
                1.291779935473638e-12,
                5.315784969198137e-08,
                0.9999999466224745,
                2.1724398185135536e-10,
                1.139991791876414e-12
            ],
            [
                0.01381355592127067,
                2.3533058539336657e-05,
                2.0767851269306567e-05,
                0.9684051860327796,
                0.01773695713614108
            ],
            [
                0.9914055994757017,
                5.000130353194434e-07,
                4.325964504730291e-09,
                1.655815764984095e-05,
                0.008577338027648571
            ]
        ],
        [
            [
                4.539776919793039e-05,
                2.9988181055074694e-09,
                2.4615798006390343e-10,
                2.260221838805868e-06,
                0.9999523387639871
            ],
            [
                7.718506384076894e-08,
                0.0005519457332367406,
                0.0015003440569529357,
                0.9979415014615066,
                6.131563239824563e-06
            ],
            [
                1.0650629255732281e-06,
                0.0024726207371637784,
                0.9975262405238488,
                6.808712994947717e-08,
                5.588931968208052e-09
            ],
            [
                3.334141954906505e-05,
                0.5047410035028741,
                0.18568383878843542,
                0.30614089903662295,
                0.0034009172525183693
            ],
            [
                0.9770225157754554,
                1.910635480853686e-08,
                3.499450951531911e-10,
                9.70300759907908e-08,
                0.022977367738168688
            ]
        ],
        [
            [
                0.016923743687460868,
                1.2667731835568675e-06,
                2.8265530331878013e-07,
                0.059069669968439494,
                0.9240050369156129
            ],
            [
                1.2045615134604802e-05,
                0.43744252403577316,
                0.5616873180629552,
                0.0008444628159809737,
                1.3649470156015783e-05
            ],
            [
                1.2864209185009415e-05,
                0.010986796059799844,
                0.9889997734262559,
                4.987995205303023e-07,
                6.75052387672368e-08
            ],
            [
                0.0016974305137775745,
                1.1437202290145449e-05,
                1.0638255290169096e-06,
                0.11899909498906691,
                0.8792909734693364
            ],
            [
                0.9999999676858549,
                7.052879615423246e-11,
                6.101936473694458e-13,
                1.1399918149487904e-12,
                3.224186629512792e-08
            ]
        ],
        [
            [
                0.0007096381937277919,
                1.1852164780971964e-08,
                9.728849297363055e-10,
                4.536565195560894e-05,
                0.9992449833292669
            ],
            [
                1.0337948064910436e-06,
                0.002400029505117782,
                0.029238345137235933,
                0.9682411011297835,
                0.00011949043305618969
            ],
            [
                1.52285275778746e-08,
                9.610239702239771e-05,
                0.9999038664768276,
                1.52285275778746e-08,
                6.690948053713056e-10
            ],
            [
                0.9999999955179575,
                1.1628232965273818e-10,
                1.0060392736642873e-12,
                1.2917799975710192e-12,
                4.363462228572463e-09
            ],
            [
                0.9999646416446287,
                1.4165576174381764e-09,
                1.2255624743733864e-11,
                6.691344385082964e-10,
                3.535625742347945e-05
            ]
        ],
        [
            [
                9.610221823295629e-05,
                3.850367625620641e-09,
                3.160574212505748e-10,
                1.7601735255611533e-06,
                0.9999021334418164
            ],
            [
                3.03869485159008e-06,
                0.07584354501926699,
                0.9239635758308402,
                0.00018799739344825002,
                1.8430615930003137e-06
            ],
            [
                8.309373421142347e-07,
                0.0007096696687869853,
                0.9992892494736519,
                2.380675344059851e-07,
                1.1852684611639582e-08
            ],
            [
                0.49999722998765783,
                0.4999972302781502,
                5.065020226223489e-06,
                2.2254145748079744e-07,
                2.521725082876025e-07
            ],
            [
                0.9996645007190101,
                3.65225607466721e-08,
                2.1717108461466806e-10,
                1.1249740697753172e-07,
                0.000335350043851157
            ]
        ],
        [
            [
                0.9997387990489366,
                3.397380284567467e-09,
                3.774148582035265e-11,
                7.1922541188689004e-09,
                0.00026119032368764495
            ],
            [
                4.422038430755608e-06,
                0.5605093515576697,
                0.4365251249368652,
                0.002941283265730531,
                1.9818201303732292e-05
            ],
            [
                0.0001231566628836728,
                0.7772033191896931,
                0.22267247153025158,
                9.403127247972155e-07,
                1.1230444692331408e-07
            ],
            [
                1.981812579135426e-05,
                6.781389730440401e-07,
                3.0392080236617543e-06,
                0.9241200760550417,
                0.07585638847217029
            ],
            [
                0.9999986272613924,
                1.1032540725892005e-09,
                9.54501796764329e-12,
                6.691574204781774e-10,
                1.3709566510989293e-06
            ]
        ],
        [
            [
                0.2688899407802071,
                4.17720766486952e-07,
                2.0797072526119028e-08,
                0.00019095884002214654,
                0.7309186618619317
            ],
            [
                3.165923135887787e-06,
                0.03732597337500587,
                0.962649509876804,
                2.064441211799255e-05,
                7.064129363282611e-07
            ],
            [
                2.335508681560047e-09,
                3.535625752214402e-05,
                0.999964525477714,
                1.1253111015984973e-07,
                3.3981450804361433e-09
            ],
            [
                0.0009092494713069187,
                4.526888717728408e-05,
                6.942208692179208e-06,
                0.776552528417704,
                0.22248601101511958
            ],
            [
                0.5621739091472276,
                1.7197033389468164e-07,
                3.1497435313590914e-09,
                4.435173366817027e-06,
                0.4378214805593281
            ]
        ],
        [
            [
                0.0019267306413781771,
                1.3414492241883076e-08,
                6.678682423668131e-10,
                2.255968567013719e-06,
                0.9980709993076944
            ],
            [
                2.5521708852488217e-05,
                0.4378053161280567,
                0.5621531527780149,
                1.5479698907293437e-05,
                5.296861686387342e-07
            ],
            [
                0.06008590861989758,
                0.9399018531442143,
                1.2225578834989855e-05,
                1.114829548993025e-08,
                1.5087577277351622e-09
            ],
            [
                0.8931200302828798,
                5.487519991798053e-06,
                6.553908010434064e-07,
                0.012739675037585052,
                0.09413415176874229
            ],
            [
                0.8175351547370555,
                4.1232177166275515e-07,
                1.4108875165231904e-08,
                4.7657916972621994e-05,
                0.18241676091532502
            ]
        ],
        [
            [
                0.010834074128664474,
                2.204392443835754e-06,
                5.8745068803305556e-08,
                0.013911226625426088,
                0.9752524361083968
            ],
            [
                1.75311148295715e-05,
                0.8174766328329441,
                0.1824036815022159,
                0.00010088460031161588,
                1.269949698793722e-06
            ],
            [
                1.026187942148555e-10,
                1.9555680687249063e-08,
                0.9999999796465959,
                6.691585954214508e-10,
                2.5946094451254524e-11
            ],
            [
                0.26783682435335143,
                0.7280560103105942,
                0.0038204879269625276,
                4.244178715502324e-05,
                0.00024423562193676243
            ],
            [
                0.97068771137961,
                1.675195586286862e-08,
                2.707701479306706e-10,
                4.553653721318374e-08,
                0.02931222606112691
            ]
        ],
        [
            [
                0.7772995655780173,
                8.747347459011442e-08,
                7.567938405115877e-10,
                3.053127171690812e-07,
                0.2227000408789971
            ],
            [
                3.7422582402174056e-05,
                0.4999556943656003,
                0.4999556934708942,
                3.7422582402174056e-05,
                1.3766998701304042e-05
            ],
            [
                2.401341059541725e-05,
                0.3208124973454836,
                0.6791600560375441,
                3.24986172440787e-06,
                1.833446524121808e-07
            ],
            [
                6.104810600710225e-06,
                0.00042798026446122154,
                0.004060563692382931,
                0.9935872767589989,
                0.001918074473556251
            ],
            [
                1.0129987839940685e-05,
                7.582488496818242e-10,
                3.775098731896318e-11,
                1.4449651604423203e-07,
                0.9999897247196442
            ]
        ],
        [
            [
                0.06007964425108451,
                6.086124188750631e-07,
                1.1147125287314681e-08,
                0.00011598099760260144,
                0.9398037549917687
            ],
            [
                3.276983707899568e-05,
                0.4377959992280348,
                0.5621411903330035,
                2.891927972041552e-05,
                1.1213221622230948e-06
            ],
            [
                4.138856269159324e-08,
                0.0002611903131227184,
                0.9997387483896606,
                1.955057268153327e-08,
                3.5808122930291486e-10
            ],
            [
                0.008560944289683951,
                1.6526510314035374e-05,
                1.3565785763854428e-06,
                0.22078963896245615,
                0.7706315336589694
            ],
            [
                0.7310582717770581,
                4.989910232837673e-08,
                1.0356228293174482e-09,
                3.6870761801747457e-07,
                0.26894130858059884
            ]
        ],
        [
            [
                9.608718067770253e-05,
                1.725345035544202e-08,
                2.060630788792929e-09,
                0.0001584209786249345,
                0.9997454725266162
            ],
            [
                4.497564357688599e-06,
                0.0600862176045605,
                0.939906492766156,
                2.727910676968892e-06,
                6.415424883655959e-08
            ],
            [
                4.13885625612057e-08,
                0.00026119031266390904,
                0.9997387453870143,
                2.2153701120858564e-08,
                7.580579659948268e-10
            ],
            [
                0.9999999581204733,
                4.1399375402309796e-08,
                1.783247213903755e-11,
                2.413362667745651e-12,
                4.599055180296532e-10
            ],
            [
                0.00247257011252552,
                1.633292696080448e-07,
                2.639974283073186e-09,
                2.1391912781455155e-05,
                0.997505872005449
            ]
        ],
        [
            [
                0.010986921410918109,
                2.8140691855531544e-08,
                1.091133034534827e-09,
                1.7410029558914068e-06,
                0.9890113083543011
            ],
            [
                1.2853318292627837e-05,
                0.3208092983195035,
                0.6791532704668712,
                2.4013159939791593e-05,
                5.647353926637177e-07
            ],
            [
                1.361526106505721e-13,
                9.736200301682948e-10,
                0.9999999990058388,
                2.0206839066714525e-11,
                1.981008795744371e-13
            ],
            [
                0.9999999880227105,
                1.1861119997731536e-08,
                1.0815941417209413e-11,
                2.7346982561750445e-12,
                1.0261879498801216e-10
            ],
            [
                0.9626728690164644,
                2.7391256623431968e-08,
                5.016883650234283e-10,
                2.2934418377898282e-07,
                0.037326873746406745
            ]
        ],
        [
            [
                0.22269001001856328,
                1.6341479911292116e-07,
                8.13594377575576e-09,
                4.531039467492866e-05,
                0.777264508036019
            ],
            [
                3.082457109214954e-05,
                0.6789563072042957,
                0.3207162411847614,
                0.0002924553877913682,
                4.1716520594031615e-06
            ],
            [
                2.6462455892428175e-09,
                0.00012339462558304124,
                0.999876582896002,
                1.9553257110462972e-08,
                2.7891223310644673e-10
            ],
            [
                0.00020303476318501252,
                6.462151452891459e-07,
                9.402374883919607e-07,
                0.7771408041215899,
                0.2226545746625914
            ],
            [
                0.8519370013655795,
                2.606094237188595e-07,
                8.917572598402936e-09,
                1.8270131111243342e-05,
                0.14804445897631302
            ]
        ],
        [
            [
                0.029312227693046887,
                1.3046437070323033e-08,
                3.939682625076943e-10,
                1.0923648017511815e-07,
                0.9706876496300676
            ],
            [
                6.480157212932258e-06,
                0.8213826521630815,
                0.11116204770818866,
                0.06742319045256324,
                2.562951895373426e-05
            ],
            [
                0.002470375371066074,
                0.9966205504924112,
                0.0009088002932192814,
                2.3743196669815916e-07,
                3.641133665634921e-08
            ],
            [
                3.658539941430459e-05,
                0.14003525685736135,
                0.8058472326602371,
                0.051516090571179174,
                0.0025648345118080957
            ],
            [
                0.010986889518200163,
                2.8140583332067875e-08,
                1.587583074979613e-09,
                4.732522960736191e-06,
                0.9890083482306727
            ]
        ],
        [
            [
                0.43782312459282385,
                1.719709796487201e-07,
                3.1497553587455915e-09,
                6.801584186265011e-07,
                0.5621760201280225
            ],
            [
                1.0015350194059875e-05,
                0.9886726294560657,
                0.010983160068444357,
                0.00033166284820086955,
                2.5322770949090883e-06
            ],
            [
                4.138154138723785e-08,
                0.0004305569713229064,
                0.9995693316023303,
                6.822662749949672e-08,
                1.8181780371653562e-09
            ],
            [
                0.008542867408114007,
                4.394868289077613e-07,
                7.637128652046357e-08,
                0.004035364865370842,
