{
    "[['A', 'B', 'C', 'D', 'E'], ['A', 'B', 'C', 'D', 'E']]": [
        [
            [
                0.999999994384801,
                5.602796398139481e-09,
                3.9789625078579404e-12,
                0.0,
                8.42346369523647e-12
            ],
            [
                0.9999999865563933,
                1.3440409761453671e-08,
                2.4133627377739916e-12,
                0.0,
                7.835041674490284e-13
            ],
            [
                0.0,
                9.056076987673064e-11,
                0.9999999998954578,
                1.3887943861897223e-11,
                9.357622966773782e-14
            ],
            [
                2.1297853352565982e-12,
                9.545035659185786e-12,
                1.0060393568935256e-12,
                8.315279902440135e-07,
                0.9999991684593289
            ],
            [
                5.1090889664066935e-12,
                8.423463652814047e-12,
                1.6586783388972537e-12,
                1.1861120008203494e-08,
                0.9999999881236886
            ]
        ],
        [
            [
                0.999999986546658,
                1.344040974261384e-08,
                4.508755172343761e-12,
                0.0,
                8.423463623782856e-12
            ],
            [
                0.9999999847584982,
                1.52299794957823e-08,
                3.0988190880723777e-12,
                0.0,
                8.423463616789173e-12
            ],
            [
                0.0,
                3.775134543602764e-11,
                0.9999999999526101,
                9.545034921130589e-12,
                9.35762296716371e-14
            ],
            [
                2.7346985026161655e-12,
                1.783247428419762e-11,
                3.9789628428757715e-12,
                8.315279902616101e-07,
                0.9999991684474636
            ],
            [
                8.423463480565359e-12,
                1.7832472328293122e-11,
                2.4133626933586077e-12,
                3.2241866324168034e-08,
                0.9999999677294643
            ]
        ],
        [
            [
                0.9999999987479236,
                1.2501528641699492e-09,
                7.835041771171154e-13,
                0.0,
                1.1399918510229015e-12
            ],
            [
                0.999999168456676,
                8.315279895563696e-07,
                9.545035651292383e-12,
                0.0,
                5.789356770558975e-12
            ],
            [
                3.266131340995096e-13,
                7.991959888568192e-11,
                0.9999999996974007,
                2.1724399338868492e-10,
                5.109089025259615e-12
            ],
            [
                1.8795289085806074e-12,
                9.545035390266056e-12,
                8.878265913233032e-13,
                1.4449803168706946e-07,
                0.9999998554896559
            ],
            [
                1.3887943285630797e-11,
                2.0206838247297303e-11,
                2.413362671160195e-12,
                4.1399375460883666e-08,
                0.9999999585641164
            ]
        ],
        [
            [
                0.9999999961465025,
                3.850741905352035e-09,
                1.4637785075057422e-12,
                0.0,
                1.2917799989437196e-12
            ],
            [
                0.9999999468319323,
                5.315784966618836e-08,
                5.109088751448622e-12,
                0.0,
                5.109088751448622e-12
            ],
            [
                2.129785163745524e-12,
                1.1032560286085462e-09,
                0.9999999967308417,
                2.0611536154606446e-09,
                1.0261879596960907e-10
            ],
            [
                6.560025480049675e-12,
                3.3314558282270667e-11,
                1.2255741083755178e-11,
                2.753568983609399e-05,
                0.9999724642580335
            ],
            [
                9.545017688227415e-12,
                4.8473599538114714e-11,
                8.423448544975869e-12,
                1.7603431336567654e-06,
                0.9999982395904243
            ]
        ],
        [
            [
                0.9999999895195418,
                1.0467401668238926e-08,
                3.511422070938566e-12,
                0.0,
                9.545034807482332e-12
            ],
            [
                0.8175744525105907,
                0.18242550731672025,
                3.835372877932613e-08,
                1.4871354508110892e-09,
                3.318247713018857e-10
            ],
            [
                0.0,
                1.9171715115426704e-10,
                0.9999999997035343,
                1.0261879619842416e-10,
                2.1297851684944297e-12
            ],
            [
                1.8795287793982747e-12,
                9.545034734224039e-12,
                1.8795287793982747e-12,
                1.9555680701416513e-08,
                0.9999999804310152
            ],
            [
                8.423463304074985e-12,
                2.020683800978394e-11,
                3.5114219256245e-12,
                5.3157849701950285e-08,
                0.9999999468100087
            ]
        ],
        [
            [
                0.9999999979338712,
                2.0611536161731685e-09,
                1.4637785096763899e-12,
                0.0,
                3.5114221027026705e-12
            ],
            [
                0.9999991684688743,
                8.315279898850628e-07,
                2.129785334337221e-12,
                0.0,
                1.0060393564592426e-12
            ],
            [
                5.008774636603911e-14,
                4.277787867910311e-11,
                0.9999999999018248,
                5.4927883495953026e-11,
                4.1937956573416444e-13
            ],
            [
                7.433652633691807e-12,
                2.2897262091301404e-11,
                5.109069757392653e-12,
                3.726639115736025e-06,
                0.9999962733254443
            ],
            [
                4.5087555778028075e-12,
                1.0815942362127503e-11,
                2.129785329438534e-12,
                2.3823698447800238e-07,
                0.999999761745561
            ]
        ],
        [
            [
                0.9999999961142196,
                3.8507419029904635e-09,
                3.978962515401554e-12,
                1.65867835039537e-12,
                2.9400777241844294e-11
            ],
            [
                0.9999038975349175,
                9.610239926246086e-05,
                5.492264790609148e-11,
                5.108602041082215e-12,
                5.788804500186343e-12
            ],
            [
                9.357622966102687e-14,
                2.5946094975174374e-11,
                0.9999999999247031,
                4.847368704852202e-11,
                7.83504178277232e-13
            ],
            [
                2.734698580812124e-12,
                1.2256068740294714e-11,
                3.97896295665022e-12,
                8.764249146345907e-08,
                0.9999999123385388
            ],
            [
                4.50875518693026e-12,
                6.560200087598812e-12,
                1.2917799889237828e-12,
                1.1861120005697034e-08,
                0.9999999881265192
            ]
        ],
        [
            [
                0.9999999965833353,
                3.3982678041351704e-09,
                4.5087552219156094e-12,
                0.0,
                1.3887943802191617e-11
            ],
            [
                0.9999999468371652,
                5.315784968683076e-08,
                3.978962321954614e-12,
                0.0,
                1.0060392252053203e-12
            ],
            [
                3.775134997443054e-11,
                3.0590235722208143e-07,
                0.9999996882653771,
                5.60279711009221e-09,
                1.9171717438939579e-10
            ],
            [
                2.4133627513721877e-12,
                6.5602001125349435e-12,
                1.1399918433792512e-12,
                8.152020645355523e-09,
                0.9999999918378658
            ],
            [
                3.0988191090809695e-12,
                7.433680601247471e-12,
                1.1399918421400938e-12,
                9.237449573612448e-09,
                0.999999990750878
            ]
        ],
        [
            [
                0.9999999804340212,
                1.955568068618465e-08,
                5.7893562098195944e-12,
                0.0,
                4.508755149686801e-12
            ],
            [
                0.9999999006712007,
                9.931195234438853e-08,
                8.42346453673248e-12,
                0.0,
                8.42346453673248e-12
            ],
            [
                1.3887945590334517e-11,
                1.8553915931207634e-07,
                0.99999981169776,
                2.6465739677065342e-09,
                1.0261880906587829e-10
            ],
            [
                2.7346986336058995e-12,
                8.423464807946009e-12,
                1.8795290516016555e-12,
                6.825604229976417e-08,
                0.9999999317309199
            ],
            [
                6.224144761764386e-11,
                4.847368814411887e-11,
                6.560200314507561e-12,
                6.475946144370017e-07,
                0.9999993522881102
            ]
        ],
        [
            [
                0.9999999995924564,
                4.058652122105734e-10,
                5.384940211956059e-13,
                0.0,
                1.1399918518169238e-12
            ],
            [
                0.9999996071835421,
                3.927863693161735e-07,
                1.7832473578615712e-11,
                0.0,
                1.225606790490586e-11
            ],
            [
                5.675685229333018e-14,
                4.058652124116092e-10,
                0.9999999995679338,
                2.594609496768024e-11,
                1.9810087968972695e-13
            ],
            [
                3.511422090369489e-12,
                6.560200125171002e-12,
                1.463778504535155e-12,
                6.348800074446008e-09,
                0.9999999936396644
            ],
            [
                2.7346982854052142e-12,
                5.789356315633492e-12,
                8.878265458374514e-13,
                2.061153617775646e-09,
                0.9999999979294345
            ]
        ],
        [
            [
                0.9999999983848848,
                1.605228050822006e-09,
                1.4637785101468158e-12,
                0.0,
                8.423463731570546e-12
            ],
            [
                0.9999999317380993,
                6.825604227361989e-08,
                3.978963031940637e-12,
                0.0,
                1.879529050881735e-12
            ],
            [
                1.0261879844276739e-10,
                5.043471920322576e-07,
                0.9999994698496667,
                2.5109992077593325e-08,
                5.905304121272419e-10
            ],
            [
                2.1297854415339952e-12,
                1.0815942931395227e-11,
                2.1297854415339952e-12,
                1.855391598333872e-07,
                0.9999998144457647
            ],
            [
                2.2897349523824923e-11,
                4.277788068379854e-11,
                3.5114222770629098e-12,
                5.043472050950581e-07,
                0.9999994955836082
            ]
        ],
        [
            [
                0.9999999988880186,
                1.1032560295538716e-09,
                1.2917800015196138e-12,
                0.0,
                7.433680653555456e-12
            ],
            [
                0.999997097658346,
                2.902312196579545e-06,
                2.2897261832220083e-11,
                0.0,
                6.560175349894799e-12
            ],
            [
                0.0,
                1.026187962503238e-10,
                0.9999999998712106,
                2.59460949659015e-11,
                2.2447770535620245e-13
            ],
            [
                1.7832441274666907e-11,
                4.277780280491759e-11,
                7.433667485556043e-12,
                1.37095665440472e-06,
                0.9999986289753017
            ],
            [
                1.4637785102346805e-12,
                4.508755230308997e-12,
                6.914400088559341e-13,
                2.335593032590525e-09,
                0.999999997657743
            ]
        ],
        [
            [
                0.9999999985800478,
                1.4166087837951291e-09,
                1.8795288127603235e-12,
                0.0,
                1.463778511183008e-12
            ],
            [
                0.9999989322753982,
                1.0677030753589014e-06,
                1.5737073322439086e-11,
                0.0,
                5.789345739532905e-12
            ],
            [
                1.0261880058903715e-10,
                2.382369766679815e-07,
                0.9999996099682406,
                1.444980306263741e-07,
                7.194133329816983e-09
            ],
            [
                3.978955352091039e-12,
                2.5946048138855085e-11,
                5.1090798039506156e-12,
                1.7603431339706453e-06,
                0.999998239621832
            ],
            [
                8.423463587483379e-12,
                1.0815941342872365e-11,
                2.734698237379695e-12,
                1.9555680700182104e-08,
                0.9999999804223451
            ]
        ],
        [
            [
                0.9999999985808448,
                1.416608783796258e-09,
                8.878265460617136e-13,
                0.0,
                1.6586783555808093e-12
            ],
            [
                0.9999997617497864,
                2.382369843339354e-07,
                1.0815942355586871e-11,
                0.0,
                2.4133629499582833e-12
            ],
            [
                1.748234124312901e-13,
                2.0611536177719246e-09,
                0.9999999979051017,
                3.331544534623502e-11,
                2.54366564161784e-13
            ],
            [
                3.9789627305106564e-12,
                1.3887944544441011e-11,
                1.879528908496294e-12,
                1.4449803168058746e-07,
                0.9999998554822218
            ],
            [
                3.5114220971584536e-12,
                4.508755221470426e-12,
                1.0060392746367655e-12,
                4.363462232790362e-09,
                0.9999999956275116
            ]
        ],
        [
            [
                0.9999999468239007,
                5.315784965106153e-08,
                7.43368026776481e-12,
                0.0,
                1.081594096861453e-11
            ],
            [
                0.9999989322746131,
                1.0677030755149052e-06,
                1.3887918464828347e-11,
                0.0,
                8.4234483485076e-12
            ],
            [
                2.1724360758846302e-10,
                1.370956650966872e-06,
                0.9999986264199878,
                2.3355888897743633e-09,
                7.052867322142363e-11
            ],
            [
                3.978963032934654e-12,
                1.2256068975267313e-11,
                3.0988195258616807e-12,
                6.825604229067147e-08,
                0.9999999317246239
            ],
            [
                3.0988191361052194e-12,
                3.978962532477451e-12,
                6.101936672452921e-13,
                5.90530399395767e-10,
                0.9999999994017816
            ]
        ],
        [
            [
                0.9999999987340795,
                1.2501528634249099e-09,
                1.879528812086148e-12,
                0.0,
                1.3887943832061031e-11
            ],
            [
                0.99996464358115,
                3.535625746557386e-05,
                1.3176038338035756e-10,
                1.3887442236263643e-11,
                1.5736533687077052e-11
            ],
            [
                6.101936675333685e-13,
                2.1724399342702578e-10,
                0.9999999997076381,
                7.052879848486503e-11,
                3.978962534355945e-12
            ],
            [
                3.775120304154076e-11,
                6.224121144910762e-11,
                1.2256021213182243e-11,
                3.7266391148294628e-06,
                0.9999962732486367
            ],
            [
                2.413362710334246e-12,
                1.081594128166644e-11,
                1.2917799718679708e-12,
                2.5109990917569766e-08,
                0.999999974875488
            ]
        ],
        [
            [
                0.9999999965869371,
                3.3982678017152502e-09,
                3.97896251501921e-12,
                0.0,
                1.081594150069642e-11
            ],
            [
                0.9999970976604265,
                2.902312196038152e-06,
                1.783240544179756e-11,
                0.0,
                9.544998810706378e-12
            ],
            [
                9.35762296676185e-14,
                3.331544541426477e-11,
                0.9999999998941826,
                7.052879849545718e-11,
                1.8795288161216406e-12
            ],
            [
                3.5114225598185917e-12,
                1.3887945630676699e-11,
                3.5114225598185917e-12,
                1.8553915985103687e-07,
                0.9999998144399295
            ],
            [
                8.878265468874262e-13,
                1.8795288145098545e-12,
                4.193795653851724e-13,
                8.592166609897598e-10,
                0.9999999991375965
            ]
        ],
        [
            [
                0.9999999961369783,
                3.850741903078101e-09,
                1.463778506641354e-12,
                0.0,
                1.0815941501981897e-11
            ],
            [
                0.9999646437129848,
                3.535625750856444e-05,
                2.2896521438387683e-11,
                3.098707213997372e-12,
                3.5112952860481376e-12
            ],
            [
                0.0,
                7.991959890715043e-11,
                0.9999999999115743,
                8.423463752108874e-12,
                8.25807328324248e-14
            ],
            [
                3.5114220709200197e-12,
                7.433680582471795e-12,
                1.6586783388592046e-12,
                1.1861120007931408e-08,
                0.9999999881262761
            ],
            [
                3.5114221052267923e-12,
                8.423463734918487e-12,
                1.6586783550645765e-12,
                2.0611536176547912e-09,
                0.9999999979252527
            ]
        ],
        [
            [
                0.9999999976504921,
                2.335593030003221e-09,
                3.098819127051311e-12,
                0.0,
                1.0815941516551594e-11
            ],
            [
                0.9999970976580528,
                2.9023121954109414e-06,
                2.0206762636466534e-11,
                0.0,
                9.544998808643635e-12
            ],
            [
                0.0,
                1.3176514265967352e-10,
                0.9999999998558964,
                1.2256067440259738e-11,
                8.25807328296872e-14
            ],
            [
                9.54503612488227e-12,
                2.2897351340003526e-11,
                2.1297854391675292e-12,
                3.0590235902523935e-07,
                0.9999996940630688
            ],
            [
                3.0988191244092232e-12,
                5.109089004465833e-12,
                8.878265437453367e-13,
                4.363462232790057e-09,
                0.9999999956274419
            ]
        ],
        [
            [
                0.9999999987322303,
                1.2501528632389545e-09,
                1.8795288118065754e-12,
                0.0,
                1.5737102067238096e-11
            ],
            [
                0.9999999397451637,
                6.023574630220501e-08,
                9.545036178383621e-12,
                0.0,
                9.545036178383621e-12
            ],
            [
                5.675685228264989e-14,
                5.905303994399602e-10,
                0.9999999993797577,
                2.940077737021931e-11,
                2.5436656454194405e-13
            ],
            [
                5.789356087338887e-12,
                9.54503452485289e-12,
                2.1297850821527175e-12,
                4.139937546167208e-08,
                0.9999999585831605
            ],
            [
                2.0206841224169128e-11,
                2.59460977228068e-11,
                2.7346985803901904e-12,
                8.76424914499368e-08,
                0.999999912308621
            ]
        ],
        [
            [
                0.9999999895166732,
                1.0467401668208899e-08,
                5.109088966301823e-12,
                0.0,
                1.0815941426536591e-11
            ],
            [
                0.9999982396071746,
                1.7603431317489577e-06,
                3.775127723765972e-11,
                4.508747096353548e-12,
                7.433667241965534e-12
            ],
            [
                1.3615261078305083e-13,
                3.775134543560559e-11,
                0.9999999999414304,
                2.020683908637611e-11,
                4.752193061866646e-13
            ],
            [
                3.978962474303567e-12,
                1.0815941390019828e-11,
                2.734698249300441e-12,
                1.5229979509184755e-08,
                0.999999984752491
            ],
            [
                7.433680525022796e-12,
                8.423463587522574e-12,
                1.4637784851150315e-12,
                1.95556807002731e-08,
                0.9999999804269982
            ]
        ],
        [
            [
                0.9999998554828784,
                1.444980314731776e-07,
                9.545035376137106e-12,
                0.0,
                9.545035376137106e-12
            ],
            [
                0.9999986290083449,
                1.3709566534939285e-06,
                2.0206803231369497e-11,
                3.9789554748104885e-12,
                1.0815922363424984e-11
            ],
            [
                2.940078096042796e-11,
                3.0590235762098e-07,
                0.99999968960216,
                4.36346278242e-09,
                1.0261880876910792e-10
            ],
            [
                3.3312970120948754e-11,
                1.0261117185404929e-10,
                6.223682175852292e-11,
                7.484619710066937e-05,
                0.9999251536047383
            ],
            [
                1.0815941523220174e-11,
                6.560200147491997e-12,
                1.4637785095156422e-12,
                2.998960815411883e-09,
                0.9999999969821993
            ]
        ],
        [
            [
                0.9999999965983126,
                3.3982678041860672e-09,
                1.006039274751167e-12,
                0.0,
                2.4133627609611513e-12
            ],
            [
                0.9999989322784527,
                1.0677030755190048e-06,
                1.5737073324798877e-11,
                0.0,
                2.734693290019109e-12
            ],
            [
                5.1090888110515746e-12,
                4.139937542938724e-08,
                0.9999999577160918,
                8.59216625421646e-10,
                2.0206838231924048e-11
            ],
            [
                1.4637786974742502e-12,
                6.560200989864036e-12,
                1.139991995836187e-12,
                6.825604231288707e-08,
                0.9999999317347937
            ],
            [
                3.511422397345057e-12,
                9.545035694747165e-12,
                2.7346985127468e-12,
                1.1253518381997354e-07,
                0.999999887449025
            ]
        ],
        [
            [
                0.9999999995384794,
                4.599055373042496e-10,
                4.752193056974538e-13,
                0.0,
                1.13999185165382e-12
            ],
            [
                0.9999962733305586,
                3.7266391104874397e-06,
                2.2897262059052982e-11,
                0.0,
                7.433652623222276e-12
            ],
            [
                2.0206840056943548e-11,
                1.444980315238973e-07,
                0.999999854474826,
                9.73620077880201e-10,
                3.3315447015518215e-11
            ],
            [
                2.4133627106123024e-12,
                7.433680483778506e-12,
                1.4637784769935493e-12,
                2.5109990920462824e-08,
                0.9999999748786983
            ],
            [
                1.2256068985950532e-11,
                2.020684163230479e-11,
                3.0988195285628212e-12,
                3.0590235898528025e-07,
                0.9999996940620792
            ]
        ],
        [
            [
                0.9999999895241104,
                1.046740167200346e-08,
                3.978962489179756e-12,
                0.0,
                4.5087551894249696e-12
            ],
            [
                0.9975273763709364,
                0.0024726229558732927,
                5.890701929241218e-10,
                5.479206310406418e-11,
                2.9328077968584054e-11
            ],
            [
                9.357622960294918e-14,
                7.582560420987614e-10,
                0.9999999992185784,
                2.2897348435545978e-11,
                1.7482341266745927e-13
            ],
            [
                8.42346440445453e-12,
                1.57371033211964e-11,
                2.1297853352979532e-12,
                8.315279902601597e-07,
                0.9999991684457193
            ],
            [
                1.139991846370961e-12,
                3.0988191205816594e-12,
                6.914400066464021e-13,
                5.602796404739078e-09,
                0.9999999943922733
            ]
        ],
        [
            [
                0.9999999985814676,
                1.4166087835595384e-09,
                7.83504176800916e-13,
                0.0,
                1.1399918505628341e-12
            ],
            [
                0.9999999973512468,
                2.646573630519758e-09,
                8.878265450316493e-13,
                0.0,
                1.2917800006911898e-12
            ],
            [
                5.789356936605308e-12,
                8.764249139677954e-08,
                0.999999911577726,
                7.58256122407059e-10,
                1.5737103759237532e-11
            ],
            [
                7.433681018460519e-12,
                2.594609619080144e-11,
                4.508755452220139e-12,
                5.043472050668492e-07,
                0.9999994956149063
            ],
            [
                1.8795288148091315e-12,
                2.7346982890748096e-12,
                4.75219305839715e-13,
                6.691586085133727e-10,
                0.999999999325752
            ]
        ],
        [
            [
                0.9999999991392161,
                8.592166606704177e-10,
                7.835041773693282e-13,
                0.0,
                7.835041773693282e-13
            ],
            [
                0.9999999804424256,
                1.9555680693840584e-08,
                1.006039259013532e-12,
                0.0,
                8.878265299579436e-13
            ],
            [
                3.701011656490786e-13,
                5.602796404078208e-09,
                0.9999999942453941,
                1.4930946672806268e-10,
                2.1297851582370278e-12
            ],
            [
                2.289735030783095e-11,
                2.594609708064786e-11,
                3.978962857558047e-12,
                1.1253518381834134e-07,
                0.9999998874119937
            ],
            [
                1.2917800032611963e-12,
                3.0988191350640208e-12,
                6.914400098778538e-13,
                8.59216660903203e-10,
                0.9999999991357014
            ]
        ],
        [
            [
                0.9999999969958691,
                2.998960814773884e-09,
                1.6586783533372475e-12,
                0.0,
                3.511422101570037e-12
            ],
            [
                0.9999996071814383,
                3.927863694548159e-07,
                2.2897349325437295e-11,
                2.734698395376946e-12,
                6.560200417121222e-12
            ],
            [
                3.701011650166813e-13,
                7.19413297507038e-09,
                0.9999999926355235,
                1.691897909620399e-10,
                7.835041724886845e-13
            ],
            [
                2.2897347709825016e-11,
                2.2897347709825016e-11,
                3.978962406092311e-12,
                3.224186632123329e-08,
                0.9999999677083599
            ],
            [
                1.0815941106241096e-11,
                1.0815941106241096e-11,
                1.879528738159285e-12,
                4.1399375461421724e-08,
                0.9999999585771131
            ]
        ],
        [
            [
                0.9999999976528846,
                2.335593030008809e-09,
                3.098819127058725e-12,
                0.0,
                8.423463722765054e-12
            ],
            [
                0.9999999778312157,
                2.215948925766944e-08,
                2.734698227949866e-12,
                0.0,
                6.560200015484537e-12
            ],
            [
                0.0,
                7.433680671225024e-12,
                0.9999999999801357,
                1.2256067442241104e-11,
                1.748234128005973e-13
            ],
            [
                3.5114219259882138e-12,
                1.0815940980089101e-11,
                1.4637784360108446e-12,
                5.315784970745639e-08,
                0.9999999468263592
            ],
            [
                1.2256067295437943e-11,
                8.423463652295166e-12,
                1.6586783387950797e-12,
                1.1861120007472854e-08,
                0.9999999881165417
            ]
        ],
        [
            [
                0.9999999927884676,
                7.1941329653588075e-09,
                3.511422081666635e-12,
                0.0,
                1.3887943739549026e-11
            ],
            [
                0.9999999468383607,
                5.3157849693838046e-08,
                2.413362642424974e-12,
                3.7010114801387085e-13,
                1.0060392253379366e-12
            ],
            [
                9.357622947963149e-14,
                2.061153617840087e-09,
                0.999999997900747,
                3.7751345358567047e-11,
                2.543665641701959e-13
            ],
            [
                1.2255951498671452e-11,
                3.775098830573e-11,
                1.0815839235804586e-11,
                1.0129988104726764e-05,
                0.9999898699510724
            ],
            [
                1.879528815481138e-12,
                2.734698290052573e-12,
                3.7010116765094543e-13,
                2.7894680912987947e-10,
                0.9999999997160689
            ]
        ],
        [
            [
                0.9999996071737465,
                3.92786369386413e-07,
                1.3887944389609548e-11,
                3.098819255786066e-12,
                2.289734932144977e-11
            ],
            [
                0.9999785550155228,
                2.1444939749946538e-05,
                3.331474927471169e-11,
                3.978879392940362e-12,
                7.433525340971207e-12
            ],
            [
                1.2015425709121247e-13,
                1.6052280521595616e-09,
                0.9999999983610481,
                3.331544535886045e-11,
                2.882350788010806e-13
            ],
            [
                1.0815859604823129e-11,
                2.940055462295494e-11,
                5.789312462738469e-12,
                7.889265049732479e-06,
                0.9999921106889446
            ],
            [
                1.4637785074107277e-12,
                4.508755221610611e-12,
                8.878265437730025e-13,
                4.3634622329260285e-09,
                0.9999999956296775
            ]
        ],
        [
            [
                0.9999999995929811,
                4.058652122708614e-10,
                3.7010116751575406e-13,
                0.0,
                7.835041777792216e-13
            ],
            [
                0.9999938558103909,
                6.144172124535247e-06,
                1.2255998886596217e-11,
                2.1297732574480897e-12,
                3.0988018046704107e-12
            ],
            [
                6.431393936714607e-14,
                5.905303994594166e-10,
                0.999999999379678,
                2.940077737118799e-11,
                3.266131340381601e-13
            ],
            [
                4.508755187755012e-12,
                1.0815941426451484e-11,
                2.734698258511806e-12,
                1.1861120007866697e-08,
                0.9999999881208205
            ],
            [
                8.423464082950935e-12,
                3.331544672083677e-11,
                3.978962691001286e-12,
                3.927863698652424e-07,
                0.9999996071679123
            ]
        ],
        [
            [
                0.999999990758352,
                9.237449571146342e-09,
                1.4637784997337775e-12,
                0.0,
                2.734698264703833e-12
            ],
            [
                0.9999999317393063,
                6.825604226072966e-08,
                3.5114225505230874e-12,
                0.0,
                1.1399919949650698e-12
            ],
            [
                2.5946096196050536e-11,
                1.444980313679109e-07,
                0.9999998533663952,
                2.0611537188217926e-09,
                4.847368932941898e-11
            ],
            [
                4.508755344535215e-12,
                1.7832473312514972e-11,
                2.4133628265585506e-12,
                6.475946146744234e-07,
                0.9999993523806308
            ],
            [
                4.508755221434549e-12,
                1.0815941507244492e-11,
                1.6586783512401645e-12,
                4.363462232755641e-09,
                0.9999999956195544
            ]
        ],
        [
            [
                0.999999992789942,
                7.1941329653694144e-09,
                5.10908898193326e-12,
                0.0,
                1.0815941459628344e-11
            ],
            [
                0.9999998554937495,
                1.4449803161000865e-07,
                6.560200485911709e-12,
                0.0,
                1.6586784392560179e-12
            ],
            [
                1.1628233857846933e-10,
                1.125351827288193e-07,
                0.9999998777529098,
                9.237450319435331e-09,
                3.581748185209924e-10
            ],
            [
                3.511422397352774e-12,
                8.423464435692286e-12,
                1.6586784930551191e-12,
                1.1253518382022084e-07,
                0.9999998874512226
            ],
            [
                6.560200001668522e-12,
                1.2256067133064076e-11,
                3.098819060079759e-12,
                2.5109990920196554e-08,
                0.9999999748680941
            ]
        ],
        [
            [
                0.9999999981698802,
                1.8189616816473709e-09,
                2.734698282713051e-12,
                0.0,
                8.423463727119946e-12
            ],
            [
                0.9999999969986877,
                2.998960813849709e-09,
                1.4637785087531525e-12,
                0.0,
                8.878265445872244e-13
            ],
            [
                0.0,
                1.573710210037363e-11,
                0.99999999994582,
                3.7751345427224026e-11,
                6.914400104089017e-13
            ],
            [
                5.789345745713918e-12,
                2.5946047552974244e-11,
                3.0988134740411706e-12,
                1.0677030764988381e-06,
                0.9999989322620892
            ],
            [
                5.1090889489193376e-12,
                7.433680557198367e-12,
                2.1297851379636626e-12,
                1.522997950878773e-08,
                0.999999984755348
            ]
        ],
        [
            [
                0.9999999965985606,
                3.3982678061650915e-09,
                1.2917799997188848e-12,
                0.0,
                1.8795288091664798e-12
            ],
            [
                0.9999999956325587,
                4.363462227705218e-09,
                0.0,
                0.0,
                3.978962512822721e-12
            ],
            [
                5.008774635451354e-14,
                3.16088145280408e-10,
                0.9999999996541729,
                2.940077737880314e-11,
                2.882350792067799e-13
            ],
            [
                1.6586783571199448e-12,
                3.098819135369657e-12,
                5.38494021192884e-13,
                8.592166609879476e-10,
                0.9999999991354873
            ],
            [
                1.8795287874287323e-12,
                8.423463624005105e-12,
                1.6586783332244367e-12,
                1.522997950882901e-08,
                0.9999999847580587
            ]
        ],
        [
            [
                0.9999999956135963,
                4.363462227622476e-09,
                5.109088998415218e-12,
                0.0,
                1.7832472804664327e-11
            ],
            [
                0.999999984762777,
                1.5229979495847467e-08,
                4.508755168619605e-12,
                0.0,
                2.7346982469055947e-12
            ],
            [
                6.431393933911365e-14,
                9.736200301594135e-10,
                0.999999998996717,
                2.940077735837312e-11,
                1.9810087957263008e-13
            ],
