{
    "[['A', 'B', 'C', 'D', 'E'], ['A', 'B', 'C', 'D', 'E']]": [
        [
            [
                0.9999997617598799,
                2.3823698425414825e-07,
                1.006039353199964e-12,
                0.0,
                2.129785327437328e-12
            ],
            [
                0.9999724642799085,
                2.7535689813998403e-05,
                2.020630099676637e-11,
                3.5113286067547526e-12,
                6.560025474785684e-12
            ],
            [
                1.542811194242145e-13,
                5.602796405035827e-09,
                0.9999999943483775,
                4.847368678151e-11,
                1.9810087865572824e-13
            ],
            [
                2.543665642963457e-13,
                2.1297851672604353e-12,
                0.0,
                1.4166087841852651e-09,
                0.9999999985810071
            ],
            [
                7.835042364097267e-13,
                5.109089405640192e-12,
                1.2917801002523784e-12,
                2.382369843566018e-07,
                0.9999997617558313
            ]
        ],
        [
            [
                0.9999999226499325,
                7.734422798835064e-08,
                2.413363050067311e-12,
                6.914400904094237e-13,
                2.7346986068724113e-12
            ],
            [
                0.999999168466684,
                8.315279893347465e-07,
                2.1297853329277007e-12,
                7.835042380925767e-13,
                2.4133629553714393e-12
            ],
            [
                1.0603575986659788e-13,
                1.6918979218390254e-10,
                0.9999999997874511,
                4.277787867006697e-11,
                4.752193060591233e-13
            ],
            [
                1.0060374395510886e-12,
                1.0815921778300247e-11,
                1.2917776425230551e-12,
                2.2603252735431835e-06,
                0.9999977396616128
            ],
            [
                6.914399930807099e-13,
                3.978962434479637e-12,
                5.384940080581437e-13,
                2.51099909178036e-08,
                0.9999999748848003
            ]
        ],
        [
            [
                0.9999999677571041,
                3.2241866313956364e-08,
                4.1937955206828643e-13,
                0.0,
                6.101936477257836e-13
            ],
            [
                0.9999962733546524,
                3.726639112931004e-06,
                2.1297771361420164e-12,
                1.006035483906035e-12,
                3.0988074481367744e-12
            ],
            [
                8.258073282006854e-14,
                1.6918979218880045e-10,
                0.9999999997874747,
                4.277787867130536e-11,
                4.752193060728806e-13
            ],
            [
                1.4637786265913637e-12,
                9.545035656207516e-12,
                3.098819376811195e-12,
                8.315279899845577e-07,
                0.9999991684579025
            ],
            [
                5.384940209861445e-13,
                3.098819134179953e-12,
                6.101936668661847e-13,
                1.1032560307265353e-09,
                0.9999999988924964
            ]
        ],
        [
            [
                0.9999999677568749,
                3.224186631394897e-08,
                4.752192906739283e-13,
                0.0,
                7.835041527811328e-13
            ],
            [
                0.9999994956492398,
                5.04347204962015e-07,
                2.1297852696747825e-12,
                4.1937958527687763e-13,
                1.0060393259148695e-12
            ],
            [
                0.0,
                3.775134543675555e-11,
                0.9999999999564091,
                5.789356327805088e-12,
                5.008774637042737e-14
            ],
            [
                1.4637758369649873e-12,
                1.573707332467053e-11,
                3.978955258559354e-12,
                2.2603252729775145e-06,
                0.9999977396535472
            ],
            [
                1.463778632192394e-12,
                9.545035692730821e-12,
                1.879528968139451e-12,
                1.1253518379620101e-07,
                0.9999998874519278
            ]
        ],
        [
            [
                0.9999999585968837,
                4.1399375428114337e-08,
                1.0060392365202369e-12,
                0.0,
                2.734698175349771e-12
            ],
            [
                0.9999962733551241,
                3.7266391140673796e-06,
                3.0988074490817034e-12,
                7.835012229025554e-13,
                1.879521726413948e-12
            ],
            [
                0.0,
                2.0206839083956772e-11,
                0.9999999999688836,
                1.0815941553932067e-11,
                9.357622965938719e-14
            ],
            [
                1.139991846287085e-12,
                6.560200129268373e-12,
                8.878265425833985e-13,
                5.602796404326846e-09,
                0.9999999943886155
            ],
            [
                1.1399918352111962e-12,
                5.109088948140651e-12,
                1.1399918352111962e-12,
                1.5229979506466494e-08,
                0.9999999847626313
            ]
        ],
        [
            [
                0.9999999918475043,
                8.152020641829533e-09,
                0.0,
                0.0,
                4.75219302042554e-13
            ],
            [
                0.9999546021344218,
                4.53978557173251e-05,
                5.789091848443249e-12,
                1.6586025840432154e-12,
                2.413252520046442e-12
            ],
            [
                0.0,
                1.9171715127830401e-10,
                0.9999999997702433,
                3.775134542358673e-11,
                2.8823507919781254e-13
            ],
            [
                3.511375441808266e-12,
                3.331500261415354e-11,
                9.54490805636476e-12,
                1.3007124769418453e-05,
                0.9999869928288593
            ],
            [
                3.5114223737588274e-12,
                1.3887944894796056e-11,
                3.0988193685084125e-12,
                2.3823698441615617e-07,
                0.9999997617425174
            ]
        ],
        [
            [
                0.9999998554947153,
                1.444980315021431e-07,
                1.4637785839345988e-12,
                0.0,
                5.789356604829376e-12
            ],
            [
                0.9999970976833138,
                2.9023121988213417e-06,
                2.413353643570086e-12,
                6.101913597741728e-13,
                1.463772977554452e-12
            ],
            [
                5.675685227771893e-14,
                6.691586085561904e-10,
                0.999999999292879,
                3.7751345410459576e-11,
                1.5428112018705773e-13
            ],
            [
                1.0060392536046047e-12,
                6.560200000707541e-12,
                1.1399918239465624e-12,
                2.5109990916518277e-08,
                0.9999999748813029
            ],
            [
                6.914400065976236e-13,
                3.9789625122641046e-12,
                8.878265425860883e-13,
                5.602796404343822e-09,
                0.9999999943916453
            ]
        ],
        [
            [
                0.9999998144560828,
                1.8553915971619047e-07,
                1.658678568593041e-12,
                0.0,
                3.098819530453414e-12
            ],
            [
                0.999998932285428,
                1.0677030747622918e-06,
                5.109079680274268e-12,
                1.879525377679669e-12,
                4.508746992899936e-12
            ],
            [
                4.277788194040618e-11,
                1.4449803559141447e-07,
                0.9999997634532352,
                8.764248885444019e-08,
                4.363462584525768e-09
            ],
            [
                3.511408832677039e-12,
                1.7832405463189358e-11,
                5.789334432558941e-12,
                2.9023121995197733e-06,
                0.9999970976606674
            ],
            [
                1.0060374947030167e-12,
                7.433667485988239e-12,
                1.4637759175768938e-12,
                1.3709566544844279e-06,
                0.999998629033442
            ]
        ],
        [
            [
                0.9999998144564497,
                1.855391596709797e-07,
                1.291780167769246e-12,
                0.0,
                3.0988195296983173e-12
            ],
            [
                0.9999251537812699,
                7.484619706979369e-05,
                1.5735932851105574e-11,
                3.5111612171521244e-12,
                2.4131834606553157e-12
            ],
            [
                1.9810087889925141e-13,
                4.363462232995509e-09,
                0.999999995544639,
                9.056076948271714e-11,
                1.1399918478327193e-12
            ],
            [
                2.734698635459272e-12,
                1.0815942917307632e-11,
                3.51142255491099e-12,
                3.059023589667033e-07,
                0.999999694080579
            ],
            [
                4.1937956181152873e-13,
                3.978962497635576e-12,
                8.878265393220225e-13,
                9.237449573282666e-09,
                0.9999999907572642
            ]
        ],
        [
            [
                0.9999998554933548,
                1.4449803150194652e-07,
                3.098819286502607e-12,
                1.0060393272607123e-12,
                4.508755457314593e-12
            ],
            [
                0.9998415637390382,
                0.00015843624670706363,
                8.422130640117585e-12,
                2.7342654927285315e-12,
                3.098328713359339e-12
            ],
            [
                1.3615261071999923e-13,
                3.5817479279427613e-10,
                0.9999999995927402,
                4.8473687031028415e-11,
                4.75219305966593e-13
            ],
            [
                2.7345733606587974e-12,
                4.27759244410929e-11,
                1.5736383178981097e-11,
                4.5397856204285666e-05,
                0.9999546020825488
            ],
            [
                1.291780100508356e-12,
                1.3887944894076373e-11,
                3.0988193683478296e-12,
                2.3823698440381058e-07,
                0.999999761744737
            ]
        ],
        [
            [
                0.9999999677570568,
                3.224186631619207e-08,
                5.384940041321399e-13,
                0.0,
                5.384940041321399e-13
            ],
            [
                0.9999832985598317,
                1.6701415097259562e-05,
                2.0206493439664075e-11,
                2.7346515128756942e-12,
                2.1297487396549925e-12
            ],
            [
                0.0,
                4.847368704570903e-11,
                0.9999999999283746,
                2.2897348448428356e-11,
                2.5436656464851843e-13
            ],
            [
                1.6586753262760956e-12,
                1.2256045035766171e-11,
                2.4133583593707632e-12,
                1.0677030761428183e-06,
                0.9999989322805958
            ],
            [
                7.835042088294057e-13,
                8.423464080471262e-12,
                1.4637785707766689e-12,
                3.9278636974961513e-07,
                0.9999996072029596
            ]
        ],
        [
            [
                0.999999980443234,
                1.95556806905764e-08,
                4.752192966230245e-13,
                0.0,
                6.101936553644345e-13
            ],
            [
                0.999995214890222,
                4.785094842112546e-06,
                9.544980838755428e-12,
                1.8795181667512643e-12,
                3.511402216953471e-12
            ],
            [
                0.0,
                1.026187962591313e-10,
                0.9999999998417619,
                5.492788347856184e-11,
                6.914400103039768e-13
            ],
            [
                1.1399918422842613e-12,
                7.433680602187562e-12,
                1.0060392697875674e-12,
                9.23744957478065e-09,
                0.9999999907529707
            ],
            [
                1.0060392754510511e-12,
                3.5114221000005897e-12,
                6.101936654361457e-13,
                3.398267806550183e-09,
                0.9999999965966044
            ]
        ],
        [
            [
                0.9999999827394049,
                1.7257827658688507e-08,
                8.878265309066288e-13,
                0.0,
                1.8795287806785067e-12
            ],
            [
                0.9999970976835566,
                2.902312198563458e-06,
                2.413353643355649e-12,
                6.914373953414098e-13,
                1.139987541056876e-12
            ],
            [
                0.0,
                6.224144620409091e-11,
                0.9999999999146367,
                2.289734844726336e-11,
                2.2447770541198055e-13
            ],
            [
                1.1399918054331762e-12,
                4.508755053988958e-12,
                1.291779950835462e-12,
                4.139937545882776e-08,
                0.9999999585936841
            ],
            [
                3.266131750699875e-13,
                3.978963032776308e-12,
                7.835042763595434e-13,
                6.825604228795518e-08,
                0.9999999317388686
            ]
        ],
        [
            [
                0.999999963462737,
                3.653482075665394e-08,
                7.835041488998408e-13,
                0.0,
                1.6586782962370625e-12
            ],
            [
                0.9999962733572441,
                3.72663911407528e-06,
                1.6586721019042768e-12,
                6.914374023842136e-13,
                1.291775131821744e-12
            ],
            [
                5.0087746326894695e-14,
                5.905303992867472e-10,
                0.9999999993291733,
                7.991959884730193e-11,
                3.266131339426593e-13
            ],
            [
                1.3887442256474871e-11,
                7.052625113302109e-11,
                9.544690172703886e-12,
                3.535625751702995e-05,
                0.9999646436485247
            ],
            [
                6.914400428536221e-13,
                5.109089265692427e-12,
                1.2917800648680424e-12,
                5.043472050424228e-07,
                0.9999994956457027
            ]
        ],
        [
            [
                0.999999931740822,
                6.825604225302439e-08,
                1.006039404414338e-12,
                0.0,
                2.1297854358581593e-12
            ],
            [
                0.9999977396734194,
                2.2603252733907895e-06,
                4.193787988951871e-13,
                0.0,
                8.878249242281145e-13
            ],
            [
                6.43139393169765e-14,
                1.1032560306702703e-09,
                0.9999999988414974,
                5.4927883426238955e-11,
                2.5436656435190027e-13
            ],
            [
                1.1399919735171535e-12,
                9.545035931547017e-12,
                1.879529015165148e-12,
                8.764249145637542e-08,
                0.999999912344944
            ],
            [
                7.835042764000261e-13,
                5.7893570520718594e-12,
                8.878266587739327e-13,
                6.82560422914819e-08,
                0.999999931736497
            ]
        ],
        [
            [
                0.9999999715439127,
                2.845334724877172e-08,
                6.101936497236083e-13,
                0.0,
                2.1297851080007344e-12
            ],
            [
                0.999995214901147,
                4.78509484386389e-06,
                1.8795181674391675e-12,
                0.0,
                2.129773103944689e-12
            ],
            [
                7.835041658738962e-13,
                1.5229979499157626e-08,
                0.9999999839931484,
                7.582560305657269e-10,
                1.7832472620631042e-11
            ],
            [
                2.413330694762576e-12,
                2.0206570512198e-11,
                5.789279379838395e-12,
                1.300712476832888e-05,
                0.9999869928468225
            ],
            [
                5.384940151656841e-13,
                5.78935625766947e-12,
                1.1399918390515791e-12,
                1.1861120005755069e-08,
                0.9999999881314122
            ]
        ],
        [
            [
                0.9999999918458496,
                8.152020634911513e-09,
                0.0,
                0.0,
                2.129785150170406e-12
            ],
            [
                0.9997965729015733,
                0.0002034270608257071,
                2.9394780408660576e-11,
                5.108046908472835e-12,
                3.0981870612391062e-12
            ],
            [
                0.0,
                3.3315445410659394e-11,
                0.9999999999486278,
                1.783247290225598e-11,
                2.2447770542794815e-13
            ],
            [
                2.129773256923155e-12,
                2.0206726053027832e-11,
                4.50873002028755e-12,
                6.144172123020868e-06,
                0.9999938558010317
            ],
            [
                1.0060393184268919e-12,
                6.560200423401951e-12,
                1.2917800550473414e-12,
                3.927863698308692e-07,
                0.9999996072047721
            ]
        ],
        [
            [
                0.9999999778361116,
                2.2159489250834193e-08,
                8.878265269105744e-13,
                0.0,
                3.5114220305754323e-12
            ],
            [
                0.9999986290401278,
                1.370956654240426e-06,
                1.6586754163435213e-12,
                4.1937882183956553e-13,
                1.1399898306470544e-12
            ],
            [
                0.0,
                1.917171512647505e-10,
                0.9999999997787761,
                2.940077737580995e-11,
                1.0603575985380147e-13
            ],
            [
                3.098677573196186e-12,
                2.2896302420844907e-11,
                8.423078939472767e-12,
                4.539785620088549e-05,
                0.9999546021093811
            ],
            [
                1.658678439598535e-12,
                7.433681033954151e-12,
                1.8795289079663773e-12,
                1.444980316398475e-07,
                0.9999998554909965
            ]
        ],
        [
            [
                0.9999999748871877,
                2.510999090781751e-08,
                6.914399928057285e-13,
                0.0,
                2.1297851158559674e-12
            ],
            [
                0.9999646437268562,
                3.535625747739454e-05,
                8.423159504098197e-12,
                2.734599515958413e-12,
                4.50859238880691e-12
            ],
            [
                3.978962856375476e-12,
                1.1253518378489523e-07,
                0.9999998871373154,
                3.160881708948754e-10,
                7.433681271196453e-12
            ],
            [
                6.914387467160044e-13,
                9.54501747416234e-12,
                1.0060374402061555e-12,
                1.0677030764727197e-06,
                0.999998932285681
            ],
            [
                6.101937169113858e-13,
                5.1090894395983816e-12,
                1.0060393603193745e-12,
                1.1253518378392196e-07,
                0.9999998874580909
            ]
        ],
        [
            [
                0.9999996072099254,
                3.9278636946600526e-07,
                1.2917800538473915e-12,
                0.0,
                2.4133628634919674e-12
            ],
            [
                0.9999952149018482,
                4.785094847023598e-06,
                1.8795181686802567e-12,
                4.1937718997950925e-13,
                1.0060335798951906e-12
            ],
            [
                7.8350414573718e-13,
                4.139937545636516e-08,
                0.9999999582786441,
                3.160881322113066e-10,
                5.109088814380914e-12
            ],
            [
                3.0988018048013084e-12,
                2.5945949847625108e-11,
                7.43363909043851e-12,
                6.144172124794786e-06,
                0.9999938557913968
            ],
            [
                6.101936651884159e-13,
                5.109089006527257e-12,
                6.101936651884159e-13,
                3.850741906535792e-09,
                0.9999999961429287
            ]
        ],
        [
            [
                0.9999996940919926,
                3.059023586464172e-07,
                1.139991995196018e-12,
                0.0,
                4.508755804515557e-12
            ],
            [
                0.999997739671866,
                2.260325272482964e-06,
                1.6586753249305626e-12,
                4.1937879872674996e-13,
                7.835027453540323e-13
            ],
            [
                2.2447770523438544e-13,
                5.905303991901378e-10,
                0.999999999328542,
                7.991959883422726e-11,
                7.835041775720324e-13
            ],
            [
                6.91440063946367e-13,
                8.423464403215038e-12,
                1.65867848665997e-12,
                8.315279901378023e-07,
                0.9999991684612363
            ],
            [
                6.914400084238925e-13,
                3.978962522773556e-12,
                6.101936657571516e-13,
                2.998960815011154e-09,
                0.9999999969957585
            ]
        ],
        [
            [
                0.9999996072100369,
                3.927863695237482e-07,
                1.4637785699349411e-12,
                0.0,
                2.129785252157448e-12
            ],
            [
                0.999796572897326,
                0.00020342706084296776,
                3.3308649951139005e-11,
                5.788175453019901e-12,
                2.7341404854031716e-12
            ],
            [
                0.0,
                3.581747928478301e-10,
                0.9999999996278546,
                1.388794385796574e-11,
                8.258073281394591e-14
            ],
            [
                2.7346515144088064e-12,
                2.2896956795896914e-11,
                6.560087955524995e-12,
                1.6701415106622783e-05,
                0.9999832985527016
            ],
            [
                6.10193666307319e-13,
                3.098819131341799e-12,
                6.10193666307319e-13,
                2.0611536175297947e-09,
                0.9999999979345271
            ]
        ],
        [
            [
                0.9999999468410017,
                5.3157849687034704e-08,
                5.384939928316037e-13,
                0.0,
                6.101936349629104e-13
            ],
            [
                0.9984988176929042,
                0.001501182033696884,
                2.4579999431577475e-10,
                2.01764921951647e-11,
                7.422516673557158e-12
            ],
            [
                8.258073278355568e-14,
                7.582560421300545e-10,
                0.9999999992186439,
                2.2897348436490947e-11,
                1.2015425721295335e-13
            ],
            [
                5.109089142403585e-12,
                3.331544616725627e-11,
                8.423463942983867e-12,
                6.4759461448261e-07,
                0.9999993523585374
            ],
            [
                1.8795254226491648e-12,
                1.7832440707815385e-11,
                5.789345874813741e-12,
                1.7603431334756674e-06,
                0.9999982396313651
            ]
        ],
        [
            [
                0.9999989322883899,
                1.067703074993658e-06,
                4.508746993876961e-12,
                1.2917776415747113e-12,
                2.7346932886735457e-12
            ],
            [
                0.9959298618269177,
                0.004070137792872703,
                3.1480177664567266e-10,
                4.2603787605730994e-11,
                2.2804164214163224e-11
            ],
            [
                1.981008779273025e-13,
                9.237449574418265e-09,
                0.9999999906912135,
                7.052879784265132e-11,
                6.101936619771312e-13
            ],
            [
                1.4637784359245384e-12,
                1.5737101266118933e-11,
                3.0988189731695225e-12,
                5.315784970432213e-08,
                0.9999999468218506
            ],
            [
                2.543665625306326e-13,
                2.7346982678637467e-12,
                5.384940171030581e-13,
                8.152020643737614e-09,
                0.9999999918444519
            ]
        ],
        [
            [
                0.9999998874639076,
                1.1253518376791939e-07,
                3.7010119761813807e-13,
                0.0,
                5.384940650743052e-13
            ],
            [
                0.999996273350743,
                3.72663911056266e-06,
                4.508738229728563e-12,
                1.6586721003408617e-12,
                3.978947522300209e-12
            ],
            [
                0.0,
                6.224144621647375e-11,
                0.9999999999292621,
                8.423463752762872e-12,
                7.287724094343906e-14
            ],
            [
                1.1399919062187493e-12,
                1.2256068015778092e-11,
                1.1399919062187493e-12,
                5.043472051097466e-07,
                0.9999994956382589
            ],
            [
                3.0988195261226033e-12,
                1.783247513748394e-11,
                3.978963033269685e-12,
                6.825604229641868e-08,
                0.9999999317190474
            ]
        ],
        [
            [
                0.9999999317427278,
                6.825604227393582e-08,
                5.384940889181897e-13,
                0.0,
                6.914400969070643e-13
            ],
            [
                0.9999417087054918,
                5.829127674111164e-05,
                1.2255343664295106e-11,
                3.098636138528635e-12,
                2.413220251139455e-12
            ],
            [
                0.0,
                3.775134542883314e-11,
                0.9999999999463571,
                1.573710210104441e-11,
                1.5428112026214628e-13
            ],
            [
                1.8795253796974423e-12,
                1.5737073330540157e-11,
                2.413358358841194e-12,
                2.2603252738205728e-06,
                0.9999977396546962
            ],
            [
                1.8795290529518554e-12,
                1.3887945611831256e-11,
                2.734698635570428e-12,
                3.059023589791372e-07,
                0.9999996940791388
            ]
        ],
        [
            [
                0.999999988137862,
                1.1861120005190593e-08,
                3.266131302542035e-13,
                0.0,
                6.914400021740665e-13
            ],
            [
                0.9992903295827504,
                0.0007096703444050167,
                5.4888924451689634e-11,
                9.53826485372367e-12,
                8.417489189442647e-12
            ],
            [
                6.560200401899812e-12,
                3.9278636854344704e-07,
                0.9999996037603297,
                3.398267940578514e-09,
                4.847368878986511e-11
            ],
            [
                4.508746998352911e-12,
                2.0206802143437796e-11,
                5.7893457432997e-12,
                1.0677030760535946e-06,
                0.999998932266419
            ],
            [
                1.4637785710139346e-12,
                8.423464081836632e-12,
                1.6586784233768096e-12,
                3.9278636981328236e-07,
                0.9999996072020843
            ]
        ],
        [
            [
                0.9999999634620805,
                3.653482073584863e-08,
                0.0,
                0.0,
                3.0988190198607884e-12
            ],
            [
                0.9999921107144827,
                7.88926504240802e-06,
                1.0815859594781593e-11,
                3.0987956560712383e-12,
                6.560150455382096e-12
            ],
            [
                3.7010116333512993e-13,
                1.1861120006352838e-08,
                0.9999999879676614,
                1.691897901933276e-10,
                1.6586783386384548e-12
            ],
            [
                3.098766133693021e-12,
                3.331487556390051e-11,
                5.789257302299864e-12,
                1.6701415109122675e-05,
                0.999983298542688
            ],
            [
                1.879529051649515e-12,
                1.5737104075418445e-11,
                2.7346986336755345e-12,
                6.825604230150222e-08,
                0.9999999317236064
            ]
        ],
        [
            [
                0.9999993524021676,
                6.475946144362125e-07,
                1.6586783959162413e-12,
                4.193795751935277e-13,
                1.13999187847544e-12
            ],
            [
                0.9998766053459692,
                0.00012339462758117554,
                2.0204334855554293e-11,
                3.510986942642949e-12,
                2.7343593802838065e-12
            ],
            [
                0.0,
                2.020683908395719e-11,
                0.9999999999689042,
                1.081594155393229e-11,
                7.287724093560186e-14
            ],
            [
                2.1297284580019206e-12,
                2.289673873474071e-11,
                3.978856582090449e-12,
                2.7535689835708067e-05,
                0.9999724642811589
            ],
            [
                1.0060392773012088e-12,
                5.109089017997349e-12,
                6.914400093317386e-13,
                1.605228052022976e-09,
                0.9999999983879653
            ]
        ],
        [
            [
                0.9999996940876178,
                3.059023586450789e-07,
                4.5087558044958315e-12,
                1.0060394047273175e-12,
                4.5087558044958315e-12
            ],
            [
                0.999999694091474,
                3.0590235858855945e-07,
                1.6586785654299607e-12,
                0.0,
                4.50875580366278e-12
            ],
            [
                2.68100386680365e-14,
                1.3176514265288068e-10,
                0.9999999998523981,
                1.5737102101121282e-11,
                7.287724093160795e-14
            ],
            [
                2.4133628895654076e-12,
                9.545035388480488e-12,
                3.0988192898929547e-12,
                1.4449803166003852e-07,
                0.9999998554869112
            ],
            [
                2.129785328892061e-12,
                1.225606835296e-11,
                3.098819368517751e-12,
                2.3823698441687413e-07,
                0.999999761745531
            ]
        ],
        [
            [
                0.9999999677571834,
                3.224186631395892e-08,
                4.752192906740749e-13,
                0.0,
                4.752192906740749e-13
            ],
            [
                0.9999038975836815,
                9.610239923726133e-05,
                1.2254899219848592e-11,
                2.413132734838957e-12,
                2.413132734838957e-12
            ],
            [
                1.201542571668258e-13,
                8.592166608383897e-10,
                0.9999999990602684,
                7.991959882917472e-11,
                4.752193056803256e-13
            ],
            [
                1.6586753264634569e-12,
                1.3887918474564549e-11,
                3.098813473357925e-12,
                1.0677030762634244e-06,
                0.9999989322782783
            ],
            [
                1.8795290528836268e-12,
                8.423464813691405e-12,
                2.413363075305615e-12,
                3.0590235896803265e-07,
                0.9999996940849247
            ]
        ],
        [
            [
                0.9999999715438541,
                2.8453347221514655e-08,
                1.1399918182548824e-12,
                0.0,
                1.6586783082958469e-12
            ],
            [
                0.9999646437355697,
                3.5356257500979495e-05,
                3.978818820792714e-12,
                1.2917333473421943e-12,
                1.6586184495705123e-12
            ],
            [
                0.0,
                1.4930946754005227e-10,
                0.9999999998246243,
                2.5946094968921115e-11,
                1.201542572536095e-13
            ],
            [
                7.835042417068105e-13,
                5.789356795721743e-12,
                1.291780108985793e-12,
                1.1253518379676637e-07,
                0.9999998874569516
            ],
            [
                1.6586784394909398e-12,
                1.0815942082711834e-11,
                2.129785274418327e-12,
                1.444980316304742e-07,
                0.999999855487364
            ]
        ],
        [
            [
                0.9999996940919926,
                3.0590235874227253e-07,
                1.1399919955532376e-12,
                0.0,
                4.508755805928388e-12
            ],
            [
                0.9980732655689665,
                0.0019267343316285341,
                7.976563920667538e-11,
                1.3861189676789413e-11,
                5.778203523813326e-12
            ],
            [
                1.201542572186009e-13,
                3.160881451706237e-10,
                0.9999999996349913,
                4.847368702271593e-11,
                3.2661313400931695e-13
            ],
            [
                4.508721078524881e-12,
                2.2897174958515862e-11,
                9.544962598139088e-12,
                7.889265048156134e-06,
                0.9999921106980011
            ],
            [
                7.835041366033422e-13,
                5.789356019106319e-12,
                1.1399917920757094e-12,
                5.315784970127451e-08,
                0.9999999468344374
            ]
        ],
        [
            [
                0.9999999397623741,
                6.023574633750433e-08,
                0.0,
                0.0,
                1.8795290648715975e-12
            ],
            [
                0.9975273768719961,
                0.0024726229668863655,
                1.3143932656511814e-10,
                2.0156873567513418e-11,
                9.521432881122791e-12
            ],
            [
                0.0,
                9.0560769870047e-11,
                0.9999999998970899,
                1.2256067440488511e-11,
                9.357622966083164e-14
            ],
            [
                6.914400376172322e-13,
                1.3887944405731188e-11,
                2.1297852538851163e-12,
                3.9278636984237397e-07,
                0.9999996071969209
            ],
            [
                1.8795290549762944e-12,
                7.433681615389651e-12,
                1.8795290549762944e-12,
                1.8553915979911097e-07,
                0.9999998144496475
            ]
        ],
        [
            [
                0.9999991684660857,
                8.31527989456398e-07,
                2.413362955724511e-12,
                0.0,
                3.5114223809367703e-12
            ],
            [
                0.9999977396671224,
                2.2603252700747013e-06,
                3.098813467192471e-12,
                0.0,
                4.508746990268307e-12
            ],
            [
                3.7751345710876214e-11,
                6.475946045883801e-07,
                0.9999993368914947,
                1.5229979852865932e-08,
                2.461696969296738e-10
            ],
            [
                4.508755416988825e-12,
                1.783247359907456e-11,
                5.789356553042187e-12,
                3.927863697668097e-07,
                0.9999996071854996
            ],
            [
                8.878265461665216e-13,
                5.7893563177793e-12,
                7.835041770243346e-13,
                1.6052280521491052e-09,
                0.9999999983873114
            ]
        ],
        [
            [
                0.9999999226518949,
                7.734422797847582e-08,
                1.4637786826965334e-12,
                0.0,
                2.4133630497591877e-12
            ],
            [
                0.9999832985777863,
                1.6701415101156317e-05,
                4.508678118282402e-12,
                1.1399723530402274e-12,
                1.463753475624983e-12
            ],
            [
                0.0,
                2.5946094972434357e-11,
                0.9999999999600298,
                1.3887943859434604e-11,
                1.3615261075475687e-13
            ],
            [
                1.879518303199079e-12,
                1.7832373160353674e-11,
                4.5087300221032324e-12,
                6.144172125495148e-06,
                0.999993855803654
            ],
            [
                5.109021120742127e-12,
                4.2777310108650895e-11,
                1.2255904542904381e-11,
                1.3007124767916125e-05,
                0.9999869928150898
            ]
        ],
        [
            [
                0.9999998554984151,
                1.4449803154795658e-07,
                1.139991907772855e-12,
                0.0,
                2.4133628876934486e-12
            ],
            [
                0.9999952148926,
                4.785094843026485e-06,
                5.7893235261805174e-12,
                1.6586689608262685e-12,
