{
    "[['A', 'B', 'C', 'D', 'E'], ['A', 'B', 'C', 'D', 'E']]": [
        [
            [
                0.9999999997087972,
                2.7894680904093584e-10,
                0.0,
                0.0,
                1.2256067433292903e-11
            ],
            [
                0.9999999992313111,
                7.582560412603917e-10,
                8.878265460535845e-13,
                0.0,
                9.545034903570713e-12
            ],
            [
                5.601909723403154e-09,
                0.00015843624658608185,
                0.9998414440291656,
                1.1251736458977808e-07,
                1.6049740073327447e-09
            ],
            [
                2.171160218423932e-10,
                1.9544161445633673e-08,
                3.5336706548376e-05,
                0.9994118844396384,
                0.0005527590925358274
            ],
            [
                1.879295887150341e-12,
                2.5942879491737653e-11,
                5.1084558603385915e-12,
                0.0001233946283197889,
                0.9998766053387496
            ]
        ],
        [
            [
                0.9999999998786087,
                1.1628233018818231e-10,
                0.0,
                0.0,
                5.109089023053311e-12
            ],
            [
                0.9999999995343052,
                4.599055369995498e-10,
                0.0,
                0.0,
                5.789356317833325e-12
            ],
            [
                6.691586175150165e-10,
                5.043471879050653e-07,
                0.9999994617681656,
                3.2241867776614836e-08,
                9.736200435021338e-10
            ],
            [
                2.3498671965704338e-11,
                9.991889575462906e-10,
                1.6473840877552568e-09,
                0.3775406754141536,
                0.6224593219157747
            ],
            [
                4.193795753620197e-13,
                5.109089144090192e-12,
                7.835041962997353e-13,
                6.475946146963933e-07,
                0.9999993523990733
            ]
        ],
        [
            [
                0.9999999998608013,
                1.3176514256939833e-10,
                0.0,
                0.0,
                7.433680664930288e-12
            ],
            [
                0.9999999996352649,
                3.5817479224617297e-10,
                0.0,
                0.0,
                6.560200153828291e-12
            ],
            [
                4.728615852307179e-06,
                0.32081897356818306,
                0.6791737306668956,
                2.5310456760234832e-06,
                3.610339312626494e-08
            ],
            [
                1.7759900614872187e-11,
                5.881271356029499e-10,
                1.947609590466281e-08,
                0.995929842230541,
                0.0040701376874759925
            ],
            [
                1.2916568753423663e-12,
                2.2895165934845353e-11,
                5.788804500848899e-12,
                9.610239988359573e-05,
                0.9999038975701408
            ]
        ],
        [
            [
                0.9999999997442852,
                2.461696949070761e-10,
                0.0,
                0.0,
                9.545034912198568e-12
            ],
            [
                0.9999999992343103,
                7.58256040993428e-10,
                0.0,
                0.0,
                7.433680654727543e-12
            ],
            [
                4.139061442856833e-08,
                0.00020342530207436338,
                0.9997884074658299,
                7.887654940862197e-06,
                2.381865405521607e-07
            ],
            [
                1.3880265176152478e-11,
                5.208531081169722e-10,
                1.4441813118856776e-07,
                0.9994470764791139,
                0.0005527785680214577
            ],
            [
                7.835042769953344e-13,
                6.560200992791204e-12,
                1.291780167166733e-12,
                3.059023589546924e-07,
                0.9999996940890056
            ]
        ],
        [
            [
                0.9999999997115081,
                2.78946808699025e-10,
                0.0,
                0.0,
                9.545034902724911e-12
            ],
            [
                0.9999999997529425,
                2.461696949092073e-10,
                0.0,
                0.0,
                8.878265468637862e-13
            ],
            [
                4.1381537669369707e-08,
                0.00043055693324017764,
                0.9995690041258045,
                3.9261709790929917e-07,
                4.942319875293894e-09
            ],
            [
                7.426906165534393e-12,
                4.054953371079307e-10,
                1.4436633979743421e-07,
                0.9990888042753128,
                0.0009110509454251742
            ],
            [
                3.5094807277686443e-12,
                7.048980473881262e-11,
                5.4897515129137705e-11,
                0.0005527785844783719,
                0.9994472212866248
            ]
        ],
        [
            [
                0.9999999998024935,
                1.9171715115130615e-10,
                0.0,
                0.0,
                5.789356321950583e-12
            ],
            [
                0.9999999995316711,
                4.5990553691159137e-10,
                0.0,
                0.0,
                8.423463737002116e-12
            ],
            [
                3.6918471209224985e-07,
                0.06008658152435261,
                0.9399122624607615,
                7.815640416324384e-07,
                5.266132066733103e-09
            ],
            [
                2.0737505262992235e-11,
                6.060387387205383e-10,
                8.817811617644264e-10,
                0.37754067560855925,
                0.6224593228828833
            ],
            [
                8.878147475442773e-13,
                2.0206570516593668e-11,
                3.5113754422779795e-12,
                1.3007124771158404e-05,
                0.9999869928506231
            ]
        ],
        [
            [
                0.9999999996730959,
                3.160881451633122e-10,
                0.0,
                0.0,
                1.0815941548113283e-11
            ],
            [
                0.9999999996334017,
                3.581747926254236e-10,
                0.0,
                0.0,
                8.423463744993478e-12
            ],
            [
                6.420380330924039e-07,
                0.008577452826151655,
                0.9914189750192384,
                2.8774148356515753e-06,
                5.270174132315383e-08
            ],
            [
                1.340725753975978e-11,
                3.9181749907004155e-10,
                3.0514777509682784e-10,
                0.14804720374316924,
                0.8519527955464582
            ],
            [
                2.543665746609503e-13,
                3.9789626910631126e-12,
                4.1937958219864105e-13,
                3.927863698713456e-07,
                0.9999996072089774
            ]
        ],
        [
            [
                0.9999999998250209,
                1.6918979204524871e-10,
                0.0,
                0.0,
                5.789356321330494e-12
            ],
            [
                0.9999999996788029,
                3.1608814498111655e-10,
                0.0,
                0.0,
                5.109089020785668e-12
            ],
            [
                5.50167069333504e-07,
                0.03732680428736929,
                0.9626709235204791,
                1.6946338766809134e-06,
                2.7391205494654502e-08
            ],
            [
                2.2853238878917547e-11,
                9.71744444337476e-10,
                2.098381711114134e-07,
                0.998073054783664,
                0.00192673438356719
            ],
            [
                8.878266595882148e-13,
                8.423464814649587e-12,
                1.658678567676236e-12,
                3.0590235900282955e-07,
                0.999999694086671
            ]
        ],
        [
            [
                0.9999999997087972,
                2.789468089659866e-10,
                0.0,
                0.0,
                1.2256067429999863e-11
            ],
            [
                0.9999999996788029,
                3.1608814482244914e-10,
                0.0,
                0.0,
                5.109089018221048e-12
            ],
            [
                7.991945512810445e-11,
                1.3709566195813676e-06,
                0.9999986035745682,
                2.510994637637205e-08,
                2.78946307370567e-10
            ],
            [
                1.6905333772248212e-10,
                9.229999496575881e-09,
                9.603422791127915e-05,
                0.9991943540755821,
                0.0007096022974539332
            ],
            [
                1.139989768444961e-12,
                1.7832440299525435e-11,
                2.1297812764113932e-12,
                2.260325273722294e-06,
                0.999997739653624
            ]
        ],
        [
            [
                0.9999999999532432,
                4.2777878640494876e-11,
                0.0,
                0.0,
                3.9789625312613825e-12
            ],
            [
                0.9999999997175417,
                2.7894680893651344e-10,
                0.0,
                0.0,
                3.5114221089658906e-12
            ],
            [
                7.722805368515552e-08,
                0.0015011811545682322,
                0.9984982288036334,
                5.035901690960426e-07,
                9.223575685079699e-09
            ],
            [
                2.4048723779790285e-11,
                9.024217021783437e-10,
                2.4530365146384724e-09,
                0.43782349799654485,
                0.5621764986239481
            ],
            [
                3.266131303326736e-13,
                3.0988191012825454e-12,
                0.0,
                1.1861120008040275e-08,
                0.9999999881354545
            ]
        ],
        [
            [
                0.9999999997480409,
                2.4616969484792556e-10,
                0.0,
                0.0,
                5.789356320884829e-12
            ],
            [
                0.9999999995343052,
                4.599055370761038e-10,
                0.0,
                0.0,
                5.789356318796998e-12
            ],
            [
                5.009710198970815e-07,
                0.006692836065356571,
                0.9933048732807469,
                1.7485606711902546e-06,
                4.112220547886511e-08
            ],
            [
                6.5162910668313e-12,
                3.13972486450115e-10,
                2.6288594431392393e-09,
                0.9933071456600748,
                0.006692851390576916
            ],
            [
                4.193795862633056e-13,
                3.978962729627576e-12,
                6.10193697479243e-13,
                1.4449803164851795e-07,
                0.9999998554969599
            ]
        ],
        [
            [
                0.9999999998017226,
                1.9171715117309145e-10,
                0.0,
                0.0,
                6.5602001612164055e-12
            ],
            [
                0.9999999999161013,
                7.991959886223465e-11,
                0.0,
                0.0,
                3.978962532486338e-12
            ],
            [
                3.978962514435873e-12,
                4.363462229474253e-09,
                0.9999999947531351,
                8.592166572960025e-10,
                2.0206838981537062e-11
            ],
            [
                1.02589256544877e-10,
                4.9430271960099425e-09,
                2.752849647421358e-05,
                0.9997112833553898,
                0.00026118310251946553
            ],
            [
                3.7010119776154384e-13,
                2.734698512541474e-12,
                5.384940652829594e-13,
                1.125351838115242e-07,
                0.9999998874611729
            ]
        ],
        [
            [
                0.9999999998624456,
                1.3176514241124158e-10,
                0.0,
                0.0,
                5.789356316001547e-12
            ],
            [
                0.9999999995875746,
                4.05865211828674e-10,
                0.0,
                0.0,
                6.560200154917569e-12
            ],
            [
                5.98217005244166e-05,
                0.6224189887110498,
                0.37751618918593133,
                4.910464205226023e-06,
                8.993828915897493e-08
            ],
            [
                1.3867086655968664e-11,
                5.203585877954213e-10,
                8.139777836659787e-09,
                0.9984988093141041,
                0.0015011820118924699
            ],
            [
                1.8790379559890975e-12,
                4.276670675506675e-11,
                1.7827815752915633e-11,
                0.00026119032751463934,
                0.9997388096100118
            ]
        ],
        [
            [
                0.9999999998242499,
                1.6918979208640723e-10,
                0.0,
                0.0,
                6.56020016136419e-12
            ],
            [
                0.9999999998078077,
                1.9171715119361393e-10,
                0.0,
                0.0,
                4.752193058254439e-13
            ],
            [
                6.033646537041293e-06,
                0.017986047109507294,
                0.9820049586409441,
                2.850092815159956e-06,
                1.105101965453957e-07
            ],
            [
                1.4579363532572654e-11,
                4.260714572256912e-10,
                3.760067412813774e-10,
                0.18242551513711375,
                0.8175744840462287
            ],
            [
                3.701012148917986e-13,
                3.978963041484605e-12,
                8.878266606711433e-13,
                1.8553915983994884e-07,
                0.9999998144556033
            ]
        ],
        [
            [
                0.9999999997472699,
                2.461696947705978e-10,
                0.0,
                0.0,
                6.560200157202581e-12
            ],
            [
                0.9999999996343916,
                3.581747925486402e-10,
                0.0,
                0.0,
                7.433680662396792e-12
            ],
            [
                2.0206841601331072e-11,
                6.825604224554293e-08,
                0.9999999308267828,
                8.592167686924784e-10,
                3.775135013416003e-11
            ],
            [
                8.023970164250657e-12,
                2.069409180214399e-10,
                4.380939268892304e-10,
                0.04742587546442409,
                0.952574123882517
            ],
            [
                1.9810052845529047e-13,
                5.109079966637518e-12,
                6.101925855275516e-13,
                1.3709566548656715e-06,
                0.9999986290374278
            ]
        ],
        [
            [
                0.9999999999020057,
                9.056076979968245e-11,
                0.0,
                0.0,
                7.43368066438615e-12
            ],
            [
                0.999999999322418,
                6.691586074586945e-10,
                0.0,
                0.0,
                8.423463733439102e-12
            ],
            [
                2.172419344192937e-10,
                1.0129987922556418e-05,
                0.9999898523199292,
                1.725766441429157e-08,
                2.172419344192937e-10
            ],
            [
                6.533502446903352e-12,
                1.4870183028482046e-10,
                7.024177095792007e-11,
                0.004070137780475362,
                0.9959298619940474
            ],
            [
                4.193795970494019e-13,
                5.789356759591394e-12,
                8.878266139206006e-13,
                2.3823698448047e-07,
                0.9999997617559189
            ]
        ],
        [
            [
                0.9999999998455815,
                1.4930946746837107e-10,
                0.0,
                0.0,
                5.109089022884573e-12
            ],
            [
                0.9999999991345343,
                8.592166602258525e-10,
                1.1399918508000288e-12,
                0.0,
                5.109089018004951e-12
            ],
            [
                7.234996249131197e-07,
                0.014063600796284359,
                0.9859343021810457,
                1.3516752494476652e-06,
                2.1847795579405095e-08
            ],
            [
                1.4772392945761318e-11,
                3.362181137258818e-10,
                1.0356246988099e-09,
                0.7310585895193348,
                0.26894140909405007
            ],
            [
                4.7521934164309e-13,
                8.423464381345549e-12,
                7.835042368150737e-13,
                2.3823698447985402e-07,
                0.9999997617533333
            ]
        ],
        [
            [
                0.9999999998422671,
                1.4930946749625368e-10,
                0.0,
                0.0,
                8.423463747503357e-12
            ],
            [
                0.9999999999527134,
                4.2777878662405526e-11,
                0.0,
                0.0,
                4.508755239419065e-12
            ],
            [
                2.335584289719561e-09,
                3.726639212118456e-06,
                0.9999961803841001,
                8.764215388763986e-08,
                2.998949590816502e-09
            ],
            [
                1.9742551264826242e-11,
                7.408337706768353e-10,
                3.320186612979709e-09,
                0.9770226282355562,
                0.022977367683680975
            ],
            [
                3.700990977174133e-13,
                7.433639092441544e-12,
                1.879518303491283e-12,
                6.144172126450366e-06,
                0.9999938558181903
            ]
        ],
        [
            [
                0.9999999999267366,
                7.052879842814311e-11,
                0.0,
                0.0,
                2.7346982883744493e-12
            ],
            [
                0.9999999995326609,
                4.5990553730157363e-10,
                0.0,
                0.0,
                7.433680663241505e-12
            ],
            [
                1.2020413709604965e-05,
                0.9241284868768272,
                0.07585708239724079,
                2.366959800205774e-06,
                4.3352422308791366e-08
            ],
            [
                6.112193264863449e-11,
                1.2276668350307376e-09,
                3.1661944980507305e-08,
                0.9820137561006645,
                0.017986210948601748
            ],
            [
                4.1937879919846975e-13,
                5.789345745599011e-12,
                4.1937879919846975e-13,
                1.0677030764776464e-06,
                0.9999989322902954
            ]
        ],
        [
            [
                0.9999999996352649,
                3.581747926861661e-10,
                0.0,
                0.0,
                6.560200161887046e-12
            ],
            [
                0.9999999983922256,
                1.6052280505979867e-09,
                8.878265453086222e-13,
                0.0,
                1.6586783541738492e-12
            ],
            [
                4.689589417886579e-08,
                0.0003353500327947542,
                0.9996644565613259,
                1.444495233948194e-07,
                2.060461789747164e-09
            ],
            [
                1.005325719762383e-12,
                2.937992412691015e-11,
                1.0808270069467083e-11,
                0.0007096703438884937,
                0.9992903296149179
            ],
            [
                1.1399919376454042e-12,
                6.560200654999201e-12,
                1.463778622755806e-12,
                2.3823698443021803e-07,
                0.9999997617538516
            ]
        ],
        [
            [
                0.9999999996743669,
                3.16088144933282e-10,
                0.0,
                0.0,
                9.545034907799696e-12
            ],
            [
                0.9999999997813298,
                2.172439932488838e-10,
                5.384940211333624e-13,
                0.0,
                8.878265467874189e-13
            ],
            [
                0.0,
                3.1608814529259586e-10,
                0.9999999996635849,
                2.0206839081350685e-11,
                1.2015425726496607e-13
            ],
            [
                1.872916493523866e-11,
                7.028067292053371e-10,
                1.3130158306940338e-09,
                0.5621765000250267,
                0.4378234979404215
            ],
            [
                2.882350905963112e-13,
                3.978962691164548e-12,
                4.193795822093323e-13,
                3.927863698813589e-07,
                0.9999996072089435
            ]
        ],
        [
            [
                0.9999999998242499,
                1.6918979211856313e-10,
                0.0,
                0.0,
                6.560200162611009e-12
            ],
            [
                0.9999999994010462,
                5.905303988891974e-10,
                0.0,
                0.0,
                8.423463740130145e-12
            ],
            [
                5.602540208089608e-09,
                4.5397853513765746e-05,
                0.9999541965817506,
                3.9276839147702034e-07,
                7.193804025202084e-09
            ],
            [
                1.3831424615381468e-11,
                3.5671714236971934e-10,
                1.1812849390986447e-08,
                0.9959298500969778,
                0.004070137719624322
            ],
            [
                3.0959951825519403e-12,
                7.984676814000674e-11,
                3.3285085031644785e-11,
                0.000911051404777076,
                0.999088948478995
            ]
        ],
        [
            [
                0.9999999998024935,
                1.9171715109829007e-10,
                0.0,
                0.0,
                5.789356320349636e-12
            ],
            [
                0.9999999996343916,
                3.581747923224142e-10,
                0.0,
                0.0,
                7.43368065770162e-12
            ],
            [
                2.6255687578488545e-06,
                0.09534885069923815,
                0.9046446137100662,
                3.820180001159858e-06,
                8.98419367114977e-08
            ],
            [
                8.131912758725727e-12,
                3.051477750292102e-10,
                3.4577772923113344e-10,
                0.1480472038850589,
                0.8519527954558838
            ],
            [
                6.91434771619956e-13,
                1.573698286608681e-11,
                2.734677570651993e-12,
                7.889265049408298e-06,
                0.9999921107157874
            ]
        ],
        [
            [
                0.9999999998242499,
                1.6918979213186623e-10,
                0.0,
                0.0,
                6.560200163126826e-12
            ],
            [
                0.9999999996754885,
                3.160881449336365e-10,
                0.0,
                0.0,
                8.423463741204519e-12
            ],
            [
                1.5223416906640903e-08,
                0.00043055713792525957,
                0.9995693583092561,
                6.822662116369225e-08,
                1.102780621948183e-09
            ],
            [
                2.5906832055736768e-11,
                1.2482610726197319e-09,
                1.2987601975548237e-05,
                0.9984858484393792,
                0.0015011626844773425
            ],
            [
                1.0060393020706983e-12,
                1.081594180227313e-11,
                8.878265679557593e-13,
                6.475946146579875e-07,
                0.9999993523926756
            ]
        ],
        [
            [
                0.9999999999054603,
                9.056076981035575e-11,
                0.0,
                0.0,
                3.978962532042279e-12
            ],
            [
                0.9999999995376812,
                4.599055368160581e-10,
                0.0,
                0.0,
                2.4133627663276564e-12
            ],
            [
                4.988052530480791e-07,
                0.010986917011863783,
                0.9890105517961024,
                1.972813045600966e-06,
                5.957373514459604e-08
            ],
            [
                7.410096288964915e-12,
                3.1508531193143813e-10,
                2.5030326625107656e-08,
                0.9968272916604031,
                0.003172682986774953
            ],
            [
                3.7010051142852464e-13,
                7.433667487588272e-12,
                1.0060374949195576e-12,
                1.3709566547795147e-06,
                0.9999986290345354
            ]
        ],
        [
            [
                0.9999999998455815,
                1.4930946745128956e-10,
                0.0,
                0.0,
                5.109089022300076e-12
            ],
            [
                0.9999999996367162,
                3.5817479262661076e-10,
                0.0,
                0.0,
                5.109089022333278e-12
            ],
            [
                2.3395098738988626e-07,
                0.01798614192919594,
                0.9820099328488187,
                3.6596091746823398e-06,
                3.1661823141895465e-08
            ],
            [
                5.037234379109839e-12,
                1.2991198687981367e-10,
                6.95368756790294e-11,
                0.014063627296517072,
                0.9859363724989968
            ],
            [
                6.101925854882797e-13,
                8.423448814161045e-12,
                1.291777713615619e-12,
                1.3709566547774369e-06,
                0.9999986290330198
            ]
        ],
        [
            [
                0.9999999998928724,
                1.0261879614129904e-10,
                0.0,
                0.0,
                4.508755234574233e-12
            ],
            [
                0.9999999994702851,
                5.211412477745444e-10,
                1.1399918508255621e-12,
                0.0,
                7.43368065788384e-12
            ],
            [
                1.754753109833046e-06,
                0.996822616036715,
                0.0031726680723014,
                2.8930987770089413e-06,
                6.80390968868569e-08
            ],
            [
                2.9366368260926636e-11,
                8.582110796815708e-10,
                1.8532216769889998e-07,
                0.9988303039461808,
                0.0011695098440741745
            ],
            [
                6.91440062121738e-13,
                8.423464380986507e-12,
                7.835042367816777e-13,
                2.3823698446969942e-07,
                0.9999997617531171
            ]
        ],
        [
            [
                0.9999999997102371,
                2.789468090194044e-10,
                0.0,
                0.0,
                1.0815941546914055e-11
            ],
            [
                0.9999999999443807,
                5.4927883469736325e-11,
                0.0,
                0.0,
                6.914400101928799e-13
            ],
            [
                5.602101896998469e-09,
                0.00012339450581325858,
                0.9998764535932365,
                1.4448011217434258e-07,
                1.8187362032534443e-09
            ],
            [
                2.403730673717924e-11,
                6.199303114456875e-10,
                1.6851453005137688e-09,
                0.1824255147713975,
                0.8175744828994895
            ],
            [
                8.878231991584126e-13,
                1.573704274995577e-11,
                1.6586721027422472e-12,
                3.7266391159579986e-06,
                0.9999962733426006
            ]
        ],
        [
            [
                0.9999999997472699,
                2.4616969495459743e-10,
                0.0,
                0.0,
                6.560200162106005e-12
            ],
            [
                0.9999999996773516,
                3.1608814505779573e-10,
                0.0,
                0.0,
                6.560200160400507e-12
            ],
            [
                1.0467183484500574e-08,
                2.1444940595326958e-05,
                0.999978475234378,
                6.82546102017349e-08,
                1.1032330226131135e-09
            ],
            [
                1.4990749599617088e-11,
                6.374228929677266e-10,
                1.4507678174157771e-08,
                0.9525741101876152,
                0.047425874652292956
            ],
            [
                4.193763882028449e-13,
                8.423399929961327e-12,
                1.291770216980792e-12,
                7.889265049858636e-06,
                0.9999921107248155
            ]
        ],
        [
            [
                0.9999999998631259,
                1.317651425830077e-10,
                0.0,
                0.0,
                5.109089023490025e-12
            ],
            [
                0.9999999997472699,
                2.461696948477358e-10,
                0.0,
                0.0,
                6.560200159258239e-12
            ],
            [
                6.305023009992321e-06,
                0.6224052141869495,
                0.37750784569553353,
                7.68109047413279e-05,
                3.824189765753976e-06
            ],
            [
                3.0172892098274226e-11,
                7.781691434992809e-10,
                1.4538113565410266e-09,
                0.3775406752671301,
                0.6224593224707166
            ],
            [
                8.878029064385372e-13,
                1.7831998057784564e-11,
                2.4132985078250015e-12,
                2.7535689837850037e-05,
                0.9999724642890291
            ]
        ],
        [
            [
                0.9999999995349855,
                4.599055369998627e-10,
                0.0,
                0.0,
                5.109089018449944e-12
            ],
            [
                0.9999999996360358,
                3.5817479239056174e-10,
                0.0,
                0.0,
                5.78935631842228e-12
            ],
            [
                5.905033900203874e-10,
                4.53978532455376e-05,
                0.9999545478797126,
                5.315542119286845e-08,
                5.211174126586951e-10
            ],
            [
                1.4791509837758663e-11,
                4.898275334288217e-10,
                8.075890733386765e-10,
                0.06008665444290761,
                0.9399133442448843
            ],
            [
                6.914215987497911e-13,
                1.3887574051178376e-11,
                3.0987366221126096e-12,
                2.7535689837945183e-05,
                0.9999724642924843
            ]
        ],
        [
            [
                0.9999999990224009,
                9.736200291319725e-10,
                0.0,
                0.0,
                3.978962526973098e-12
            ],
            [
                0.999999998172141,
                1.8189616828490017e-09,
                1.4637785103404091e-12,
                0.0,
                7.433680653127834e-12
            ],
            [
                8.592084967376631e-10,
                1.0129987671121056e-05,
                0.9999898274380514,
                4.139898376745939e-08,
                3.1608514162960656e-10
            ],
            [
                3.767861778751014e-11,
                1.1011306187068828e-09,
                4.355056078942725e-09,
                0.7772998519074239,
                0.22270014259871074
            ],
            [
                7.834937647823903e-13,
                1.3887759277288574e-11,
                2.7346619441234806e-12,
                1.3007124771252056e-05,
                0.9999869928578229
            ]
        ],
        [
            [
                0.99999999990365,
                9.056076974263246e-11,
                0.0,
                0.0,
                5.789356318879611e-12
            ],
            [
                0.9999999992343103,
                7.582560408313631e-10,
                0.0,
                0.0,
                7.433680653138715e-12
            ],
            [
                2.0888588623387883e-06,
                0.07585799639168682,
                0.9241394958951443,
                4.1132069784825775e-07,
                7.533608553856394e-09
            ],
            [
                1.1831863245439447e-11,
                3.918174988861673e-10,
                4.4398739274737343e-10,
                0.14804720384838826,
                0.851952795303975
            ],
            [
                8.878215184743816e-13,
                1.2255998015766339e-11,
                2.1297731061205475e-12,
                4.785094848752528e-06,
                0.9999952148898776
            ]
        ],
        [
            [
                0.9999999997743325,
                2.1724399327221714e-10,
                0.0,
                0.0,
                8.423463745330164e-12
            ],
            [
                0.9999999991391246,
                8.592166596148503e-10,
                0.0,
                0.0,
                1.6586783544692435e-12
            ],
            [
                0.00020303340317036862,
                0.9978626217345533,
                0.0019263282137819875,
                7.87245937130968e-06,
                1.441891230111394e-07
            ],
            [
                1.5706786414439762e-11,
                5.893928119288341e-10,
                2.9931836764764902e-09,
                0.8807970733131214,
                0.11920292308859523
            ],
            [
                1.006002942900588e-12,
                1.3887442256672984e-11,
                3.0987072147835147e-12,
                3.535625751753433e-05,
                0.9999646437244902
            ]
        ],
        [
            [
                0.9999999998441302,
                1.4930946749653187e-10,
                0.0,
                0.0,
                6.5602001627414284e-12
            ],
            [
                0.999999999720578,
                2.7894680899743545e-10,
                0.0,
                0.0,
                4.752193057839906e-13
            ],
            [
                6.348740321700301e-09,
                1.0129988530550413e-05,
                0.9999897935883937,
                6.825539091357458e-08,
                1.8189445561868427e-09
            ],
            [
                1.7798118879016017e-11,
                5.893927506931497e-10,
                5.893927506931497e-10,
                0.2227001440736654,
                0.7772998547297509
            ],
            [
                2.8823509345087453e-13,
                3.978962730570579e-12,
                4.1937958636269743e-13,
                1.444980316827636e-07,
                0.9999998554972817
            ]
        ],
        [
            [
                0.9999999998257012,
                1.6918979202051035e-10,
                0.0,
                0.0,
                5.1090890207856746e-12
            ],
            [
                0.9999999995316711,
                4.5990553691159137e-10,
                0.0,
                0.0,
                8.423463737002116e-12
            ],
            [
                4.8473689197237054e-11,
                8.315279627126214e-07,
                0.9999991357217892,
                3.2241868792335096e-08,
                4.599055581171311e-10
            ],
            [
                2.5939269487448902e-11,
                7.580565725791354e-10,
                2.259734794659251e-06,
                0.9997365496517475,
                0.00026118982946188085
            ],
            [
                1.0060374629847601e-12,
                1.5737073695173184e-11,
                1.4637758714271025e-12,
                1.760343134035263e-06,
                0.9999982396386591
            ]
        ],
        [
            [
                0.9999999998934022,
                1.0261879621790818e-10,
                0.0,
                0.0,
                3.9789625319943e-12
            ],
            [
                0.9999999993308415,
                6.691586082863466e-10,
                0.0,
                0.0,
                0.0
            ],
            [
                1.8292969648168185e-07,
                0.0140636138710542,
                0.9859355566745015,
                6.384873778254704e-07,
                8.037369932065721e-09
            ],
            [
                5.7662500767203375e-11,
                1.6851452859564287e-09,
                8.557873900615398e-09,
                0.8175744767731552,
                0.1824255129261632
            ],
            [
                8.878215185194261e-13,
                1.0815880287545496e-11,
                8.878215185194261e-13,
                4.7850948489953045e-06,
                0.9999952148925595
            ]
        ],
        [
            [
                0.9999999998233766,
                1.691897920669036e-10,
                0.0,
                0.0,
                7.433680663801647e-12
            ],
            [
                0.9999999987430517,
                1.2501528630443874e-09,
                1.0060392765936133e-12,
                0.0,
                5.7893563132524764e-12
            ],
            [
                4.94383753593867e-09,
                0.0001233945049115864,
                0.9998760890728713,
                5.042851383360853e-07,
                7.193241170057968e-09
            ],
            [
                9.41079273018738e-12,
                2.750236773533787e-10,
                2.9567831817093835e-09,
                0.9859363695433869,
                0.014063627215395396
            ],
            [
                4.75219286520746e-13,
                3.5114219673955912e-12,
                6.101936423928521e-13,
                4.139937546674865e-08,
