{
    "[['A', 'B', 'C', 'D', 'E'], ['A', 'B', 'C', 'D', 'E']]": [
        [
            [
                0.9999999995316711,
                4.599055368132941e-10,
                0.0,
                0.0,
                8.423463735201738e-12
            ],
            [
                0.9999999634390354,
                3.65348207428154e-08,
                1.2256066976332053e-11,
                0.0,
                1.3887943334914082e-11
            ],
            [
                3.331544601998673e-11,
                6.475946116199449e-07,
                0.9999993479380819,
                4.363462331308498e-09,
                7.052879977777057e-11
            ],
            [
                1.463764666505635e-12,
                1.7832304209596032e-11,
                2.4133399409671197e-12,
                1.012998810532437e-05,
                0.9999898699901852
            ],
            [
                5.778203525966362e-12,
                1.688638595885733e-10,
                6.212154229949725e-11,
                0.0019267343334744102,
                0.998073265429762
            ]
        ],
        [
            [
                0.9999999981666525,
                1.8189616816415e-09,
                2.1297851640340763e-12,
                0.0,
                1.22560674042678e-11
            ],
            [
                0.9999994956335506,
                5.043472046605141e-07,
                1.2256068004861358e-11,
                1.8795289025347023e-12,
                5.109089261823653e-12
            ],
            [
                1.6052129136489892e-09,
                1.0129988384401256e-05,
                0.9999897789458027,
                8.764165549454812e-08,
                1.8189445299442452e-09
            ],
            [
                1.2206189534107993e-11,
                2.1635988639901046e-10,
                7.959435410038471e-11,
                0.004070137774968855,
                0.9959298619168707
            ],
            [
                6.559574866035167e-12,
                4.277380120767896e-11,
                7.432972112223783e-12,
                9.610239953940526e-05,
                0.9999038975436944
            ]
        ],
        [
            [
                0.9999999994655966,
                5.211412478588481e-10,
                1.0060392774879832e-12,
                0.0,
                1.225606742222784e-11
            ],
            [
                0.9999999994083031,
                5.905303990972156e-10,
                4.752193056355916e-13,
                0.0,
                6.914400097606088e-13
            ],
            [
                3.581741286914106e-10,
                2.260325214558033e-06,
                0.9999977137467617,
                2.5109944983826988e-08,
                4.599046848397573e-10
            ],
            [
                1.5902371678720658e-10,
                1.5087750165929088e-09,
                3.194076735191977e-09,
                0.060086654162487825,
                0.9399133409756367
            ],
            [
                5.7840804837375056e-12,
                9.047824179562285e-11,
                7.0464525561355e-11,
                0.0009110514051977577,
                0.9990889484280753
            ]
        ],
        [
            [
                0.9999999995316711,
                4.5990553691159137e-10,
                0.0,
                0.0,
                8.423463737002116e-12
            ],
            [
                0.9999999950503209,
                4.944450469528231e-09,
                2.1297851569952415e-12,
                0.0,
                3.0988191184093543e-12
            ],
            [
                2.335530819137085e-09,
                2.753568952496702e-05,
                0.9999724536539554,
                8.15180354651021e-09,
                1.691852850842967e-10
            ],
            [
                1.2720451698647128e-10,
                1.2068828543592203e-09,
                5.408873697560124e-09,
                0.8519527906345186,
                0.1480472026225203
            ],
            [
                9.53070007325827e-12,
                1.1610769608374502e-10,
                2.935662294763444e-11,
                0.0015011820294972757,
                0.9984988178155076
            ]
        ],
        [
            [
                0.999999997929754,
                2.0611536152516144e-09,
                1.6586783531306607e-12,
                0.0,
                7.433680646432023e-12
            ],
            [
                0.9999999804421398,
                1.955568069229737e-08,
                1.2917799786571377e-12,
                0.0,
                8.878265298878816e-13
            ],
            [
                1.2501457571356475e-09,
                4.78509474399573e-06,
                0.9999951936396375,
                1.9555569880452644e-08,
                4.599029225179117e-10
            ],
            [
                6.387601297911939e-11,
                9.991889572619905e-10,
                2.7160771857222103e-09,
                0.37754067462978635,
                0.6224593215910715
            ],
            [
                1.2247374509150557e-11,
                9.04965373127267e-11,
                3.329181557455648e-11,
                0.0007096703428972852,
                0.999290329521067
            ]
        ],
        [
            [
                0.999999998573504,
                1.4166087820456523e-09,
                1.4637785093752778e-12,
                0.0,
                8.423463727130653e-12
            ],
            [
                0.9999999827262472,
                1.7257827658461433e-08,
                5.109088930516948e-12,
                0.0,
                1.081594135078001e-11
            ],
            [
                1.6918948134317288e-10,
                1.067703066166617e-06,
                0.9999989227740296,
                9.23743268640441e-09,
                1.1628211661136794e-10
            ],
            [
                1.302101678985905e-10,
                2.308030450929246e-09,
                6.273877234291106e-09,
                0.6791787064047095,
                0.3208212848831727
            ],
            [
                2.924730158545464e-11,
                3.1443812500237476e-10,
                2.4488465797935375e-10,
                0.005220125697751667,
                0.9947798737136783
            ]
        ],
        [
            [
                0.9999999979244605,
                2.0611536139121977e-09,
                2.129785162145517e-12,
                0.0,
                1.2256067393399892e-11
            ],
            [
                0.999999980431387,
                1.955568067747019e-08,
                4.508755147677596e-12,
                0.0,
                8.423463577700393e-12
            ],
            [
                7.582560599658946e-10,
                3.927863634448208e-07,
                0.9999995909464537,
                1.5229980089675777e-08,
                2.7894681560511295e-10
            ],
            [
                1.5631769700407363e-11,
                2.4452201912187876e-10,
                1.1550402324187437e-10,
                0.006692851418450549,
                0.9933071482058916
            ],
            [
                5.789202167677602e-12,
                4.8472396288008704e-11,
                1.3887574051822567e-11,
                2.7535689839222458e-05,
                0.9999724642420116
            ]
        ],
        [
            [
                0.9999999981693635,
                1.8189616809145666e-09,
                2.1297851631829252e-12,
                0.0,
                9.545034888005086e-12
            ],
            [
                0.9999999981719461,
                1.8189616816511285e-09,
                1.6586783535323793e-12,
                0.0,
                7.433680648232401e-12
            ],
            [
                7.052853237197811e-11,
                3.7266391096204384e-06,
                0.9999962718508612,
                1.4166034410956033e-09,
                2.289726205372594e-11
            ],
            [
                1.7761300728105486e-10,
                1.9095197832972963e-09,
                4.042453412962607e-09,
                0.18242551399190746,
                0.8175744798785063
            ],
            [
                3.098523766819083e-12,
                3.7747747076369654e-11,
                9.544125113329103e-12,
                9.610239965213419e-05,
                0.9999038975499575
            ]
        ],
        [
            [
                0.9999999981739571,
                1.8189616816547867e-09,
                1.2917800005972036e-12,
                0.0,
                5.789356309957785e-12
            ],
            [
                0.9999999979346479,
                2.061153615604793e-09,
                1.463778509272744e-12,
                0.0,
                2.734698282524969e-12
            ],
            [
                1.7832472767240954e-11,
                5.602796393266096e-09,
                0.9999999922476889,
                2.061153606152104e-09,
                7.05287979538298e-11
            ],
            [
                4.666428852900667e-11,
                6.441806328387123e-10,
                3.907153042097658e-10,
                0.037326883890719004,
                0.9626731150277208
            ],
            [
                1.5706785646914045e-11,
                1.490218330562281e-10,
                5.482206866706917e-11,
                0.001926734332486512,
                0.9980732654479627
            ]
        ],
        [
            [
                0.9999999992323143,
                7.582560411349361e-10,
                1.0060392770858308e-12,
                0.0,
                8.423463736069322e-12
            ],
            [
                0.9999999987381434,
                1.2501528628024486e-09,
                8.878265453004921e-13,
                0.0,
                1.0815941526275474e-11
            ],
            [
                4.847368926378821e-11,
                1.4449803117226835e-07,
                0.9999998520124492,
                3.3982679738030885e-09,
                4.277788063214126e-11
            ],
            [
                4.8353825999085834e-11,
                3.5728913290517667e-10,
                3.153065531159542e-10,
                0.0024726229644917975,
                0.9975273763145587
            ],
            [
                1.3480852708370301e-11,
                1.8609743130414134e-10,
                8.790620209909504e-11,
                0.029312227953287532,
                0.970687771759228
            ]
        ],
        [
            [
                0.9999999992299218,
                7.582560412593382e-10,
                1.006039277250885e-12,
                0.0,
                1.0815941535434992e-11
            ],
            [
                0.9999999991393083,
                8.59216660526384e-10,
                6.91440009574615e-13,
                0.0,
                7.835041772379866e-13
            ],
            [
                8.423464800390286e-12,
                3.0590235848499586e-07,
                0.999999692463783,
                1.6052282545029954e-09,
                2.020684159925775e-11
            ],
            [
                9.645276009267307e-11,
                1.0369648955897873e-09,
                1.0369648955897873e-09,
                0.06008665432470087,
                0.9399133435049165
            ],
            [
                9.514752220649247e-12,
                1.9110890704283229e-10,
                7.030503792580227e-11,
                0.00317268307208533,
                0.9968273166569861
            ]
        ],
        [
            [
                0.9999999991286754,
                8.592166599515804e-10,
                1.2917800018304895e-12,
                0.0,
                1.081594153253954e-11
            ],
            [
                0.9999996940871022,
                3.059023586449212e-07,
                6.560200986148034e-12,
                0.0,
                3.978963031975835e-12
            ],
            [
                1.3440230439298051e-08,
                1.300712392693397e-05,
                0.9999869286741384,
                4.691101366046822e-08,
                3.8506904917652315e-09
            ],
            [
                1.5706785646685853e-11,
                1.6886385959839446e-10,
                4.8380305791265665e-11,
                0.0019267343335864695,
                0.9980732654334625
            ],
            [
                1.879460931376923e-12,
                2.5945157857007493e-11,
                3.9788188229478185e-12,
                3.535625752013001e-05,
                0.9999646437106764
            ]
        ],
        [
            [
                0.999999998575539,
                1.4166087828543146e-09,
                1.2917800013309835e-12,
                0.0,
                6.560200150607776e-12
            ],
            [
                0.9999999585984449,
                4.139937544615033e-08,
                1.2917799504398896e-12,
                0.0,
                8.878265104944695e-13
            ],
            [
                2.646417194851585e-09,
                5.829127341205058e-05,
                0.9999416522563414,
                5.3154710281350234e-08,
                6.691190538770056e-10
            ],
            [
                1.212141620258265e-11,
                1.8961085157203446e-10,
                6.975393411636135e-11,
                0.010986942396122888,
                0.989013057332391
            ],
            [
                1.879525379294592e-12,
                1.7832440296478648e-11,
                5.789345741272255e-12,
                2.260325273336103e-06,
                0.9999977396492253
            ]
        ],
        [
            [
                0.9999999990042934,
                9.736200287686345e-10,
                1.8795288116505516e-12,
                0.0,
                2.0206839037665506e-11
            ],
            [
                0.9999998874536581,
                1.1253518371791471e-07,
                8.423464428034485e-12,
                0.0,
                2.734698510266686e-12
            ],
            [
                5.6022621187316864e-09,
                9.610239458391747e-05,
                0.9999038497485901,
                4.139542907622251e-08,
                8.591347214746964e-10
            ],
            [
                9.506939226305759e-11,
                1.6851452988322996e-09,
                1.6851452988322996e-09,
                0.1824255144951233,
                0.8175744820395168
            ],
            [
                2.7346411504008587e-12,
                2.2896870019120802e-11,
                3.978879395894891e-12,
                2.1444939765870544e-05,
                0.9999785550306237
            ]
        ],
        [
            [
                0.9999999987373724,
                1.2501528630372875e-09,
                1.6586783544702397e-12,
                0.0,
                1.0815941528307228e-11
            ],
            [
                0.999999997935141,
                2.061153614873945e-09,
                1.2917800000450512e-12,
                0.0,
                2.413362762975963e-12
            ],
            [
                3.775134670138576e-11,
                1.4449802942835436e-07,
                0.9999998400425218,
                1.5229980252466003e-08,
                1.9171715776750288e-10
            ],
            [
                7.897645913173784e-11,
                1.2353996777144066e-09,
                5.536677233111823e-09,
                0.6791787077717528,
                0.3208212853771938
            ],
            [
                1.78307731587677e-11,
                7.991198118132654e-11,
                1.0814910607173692e-11,
                9.610239952866701e-05,
                0.9999038974919137
            ]
        ],
        [
            [
                0.9999999994010462,
                5.905303985927676e-10,
                0.0,
                0.0,
                8.423463735901803e-12
            ],
            [
                0.9999999987399599,
                1.2501528628047196e-09,
                1.4637785099317912e-12,
                0.0,
                8.423463730333166e-12
            ],
            [
                3.3980672901415043e-09,
                5.829127939532426e-05,
                0.999941515943658,
                1.8552836466341771e-07,
                3.850514693240828e-09
            ],
            [
                9.46315376407879e-12,
                2.44057952264257e-10,
                6.170751400342886e-11,
                0.008577485678576004,
                0.9914225140061953
            ],
            [
                9.48114758936676e-12,
                1.483101015801223e-10,
                1.0193194275241808e-10,
                0.0066928514204263835,
                0.9933071483198505
            ]
        ],
        [
            [
                0.9999999985753671,
                1.4166087826182683e-09,
                1.4637785099669603e-12,
                0.0,
                6.560200149514664e-12
            ],
            [
                0.9999999530792741,
                4.691163792052387e-08,
                5.109088777810542e-12,
                0.0,
                3.978962340940177e-12
            ],
            [
                1.3615261018994074e-13,
                4.363462233105003e-09,
                0.9999999956027597,
                3.331544527019379e-11,
                3.2661313279378186e-13
            ],
            [
                1.7581675537333863e-11,
                2.750236783377499e-10,
                1.6681029305879052e-10,
                0.014063627281026921,
                0.9859363722595574
            ],
            [
                2.7346254712647895e-12,
                2.0206301016740198e-11,
                5.7892021680970026e-12,
                2.753568984121729e-05,
                0.9999724642814287
            ]
        ],
        [
            [
                0.9999999992309279,
                7.582560415565308e-10,
                0.0,
                0.0,
                1.0815941539674217e-11
            ],
            [
                0.9999999585926664,
                4.139937541496713e-08,
                3.978962365442378e-12,
                0.0,
                3.978962365442378e-12
            ],
            [
                9.545035606682357e-12,
                2.382369838183623e-07,
                0.999999759073582,
                2.646573828519475e-09,
                3.3315447808506276e-11
            ],
            [
                7.433341075948672e-12,
                7.991594792412718e-11,
                1.7831658258724077e-11,
                4.539785573569425e-05,
                0.9999546020390833
            ],
            [
                4.508695315777258e-12,
                3.3315002621264e-11,
                3.978909650871104e-12,
                1.3007124772194581e-05,
                0.9999869928334252
            ]
        ],
        [
            [
                0.999999998172141,
                1.8189616816514832e-09,
                1.4637785093767268e-12,
                0.0,
                7.43368064823385e-12
            ],
            [
                0.9999999976574776,
                2.335593029578999e-09,
                1.1399918485439522e-12,
                0.0,
                5.7893563058757185e-12
            ],
            [
                8.59205194394672e-10,
                1.3007124052357793e-05,
                0.9999869381013535,
                5.315714307373482e-08,
                7.582459227378931e-10
            ],
            [
                1.5305768026014072e-10,
                1.2815362665887181e-09,
                1.8646242654084473e-09,
                0.09534946984779587,
                0.9046505268529859
            ],
            [
                4.50869531572085e-12,
                2.5945750129141703e-11,
                3.978909650821324e-12,
                1.300712477203185e-05,
                0.9999869928407946
            ]
        ],
        [
            [
                0.9999999988868569,
                1.1032560295525899e-09,
                1.4637785104229123e-12,
                0.0,
                8.423463733159373e-12
            ],
            [
                0.9999996940841174,
                3.0590235864400813e-07,
                9.545036112986757e-12,
                0.0,
                3.978963031963959e-12
            ],
            [
                6.5602001012940565e-12,
                5.6027963804351364e-09,
                0.9999999899245625,
                4.363462208472517e-09,
                1.0261879527115689e-10
            ],
            [
                5.789235360439312e-12,
                4.277698484819908e-11,
                1.081571555876442e-11,
                2.1444939764429544e-05,
                0.9999785550008536
            ],
            [
                2.936636682378556e-11,
                2.786203308976803e-10,
                9.045477788213175e-11,
                0.0011695103453603372,
                0.9988304892561982
            ]
        ],
        [
            [
                0.9999999983820764,
                1.6052280496686272e-09,
                1.8795288100793584e-12,
                0.0,
                1.0815941520112544e-11
            ],
            [
                0.9999986290258618,
                1.3709566535179436e-06,
                1.2256045694820602e-11,
                2.1297813914978267e-12,
                3.098813639642944e-12
            ],
            [
                5.008774634748628e-14,
                1.3176514261953812e-10,
                0.9999999998420142,
                2.5946094966732802e-11,
                2.244777053633946e-13
            ],
            [
                5.768988941299013e-11,
                1.02257775736547e-09,
                1.1587324038992268e-09,
                0.5621764998348929,
                0.43782349792610703
            ],
            [
                2.020657051459238e-11,
                5.49271534452928e-11,
                1.5736892939952105e-11,
                1.300712476987016e-05,
                0.9999869927843595
            ]
        ],
        [
            [
                0.9999999994722983,
                5.211412481186883e-10,
                0.0,
                0.0,
                6.560200159717638e-12
            ],
            [
                0.9999546021298941,
                4.53978557206891e-05,
                1.2255507540234793e-11,
                0.0,
                2.129687874253265e-12
            ],
            [
                2.5946093447676243e-11,
                5.315784939918504e-08,
                0.9999999410816433,
                5.60279610605047e-09,
                1.317651349051324e-10
            ],
            [
                1.081128043945864e-11,
                1.3170835866117647e-10,
                4.8452797381881504e-11,
                0.0004305571188743628,
                0.9995694426901531
            ],
            [
                2.0142730607798986e-11,
                1.6865301851006433e-10,
                1.159134114577026e-10,
                0.0031726830739724717,
                0.9968273166213184
            ]
        ],
        [
            [
                0.9999999987375674,
                1.2501528632456266e-09,
                1.4637785104480404e-12,
                0.0,
                1.0815941530109716e-11
            ],
            [
                0.9999999961295418,
                3.8507418999265104e-09,
                3.978962512235579e-12,
                0.0,
                1.573710201351652e-11
            ],
            [
                2.0206840520660764e-11,
                2.3823698361493486e-07,
                0.9999997582896137,
                3.3982680600578536e-09,
                5.492788739788207e-11
            ],
            [
                3.1735417631674345e-11,
                3.411878934237709e-10,
                1.611657490535554e-10,
                0.04742587540392637,
                0.9525741240619845
            ],
            [
                5.3317806668202564e-11,
                9.45080736419986e-10,
                1.0709167744975642e-09,
                0.029312227872632383,
                0.9706877700580523
            ]
        ],
        [
            [
                0.9999999983846899,
                1.6052280500159136e-09,
                1.6586783535723946e-12,
                0.0,
                8.423463727340561e-12
            ],
            [
                0.9999999985676236,
                1.416608782340099e-09,
                1.8795288108298184e-12,
                0.0,
                1.3887943822777942e-11
            ],
            [
                4.944158273841215e-09,
                5.829127397655968e-05,
                0.9999416616267236,
                4.139693039194874e-08,
                7.582112281609983e-10
            ],
            [
                2.717048636752393e-11,
                7.940380040786947e-10,
                1.0195649790530484e-09,
                0.07585817581914067,
                0.9241418223400858
            ],
            [
                1.3878093477517705e-11,
                1.1619985401790337e-10,
                2.5927692036238948e-11,
                0.0007096703434170712,
                0.9992903295005773
            ]
        ],
        [
            [
                0.999999999131068,
                8.592166597915714e-10,
                1.2917800015899257e-12,
                0.0,
                8.42346373362765e-12
            ],
            [
                0.9999999973498328,
                2.6465736289754063e-09,
                1.4637785086317288e-12,
                0.0,
                2.1297851629618002e-12
            ],
            [
                5.905281832444426e-10,
                2.902312282187606e-06,
                0.9999970073938905,
                8.764215321441297e-08,
                2.061145885569976e-09
            ],
            [
                9.64527599907955e-11,
                1.3314892807438606e-09,
                1.937305472138481e-09,
                0.06008665427578726,
                0.9399133423589652
            ],
            [
                1.6586784234386857e-12,
                1.2256067920874297e-11,
                2.413362865715741e-12,
                3.927863698279351e-07,
                0.9999996071973021
            ]
        ],
        [
            [
                0.9999999994722983,
                5.211412480064533e-10,
                0.0,
                0.0,
                6.560200158304807e-12
            ],
            [
                0.9999999973398757,
                2.6465736281197425e-09,
                2.7346982804432393e-12,
                0.0,
                1.0815941513191986e-11
            ],
            [
                2.0611182741147044e-09,
                1.6701414359810774e-05,
                0.9999832545353344,
                4.139866719778773e-08,
                5.90520272430059e-10
            ],
            [
                2.5185548562784687e-11,
                3.476757735517567e-10,
                3.9396826496898534e-10,
                0.029312227950598346,
                0.9706877712825721
            ],
            [
                1.658555121062061e-12,
                1.573593285867647e-11,
                1.8793891697575373e-12,
                7.484619764425782e-05,
                0.9999251537830819
            ]
        ],
        [
            [
                0.9999999996408455,
                3.581747926600023e-10,
                2.8823507904804287e-13,
                0.0,
                6.914400099830035e-13
            ],
            [
                0.9999999981700296,
                1.8189616813045516e-09,
                1.4637785090975394e-12,
                0.0,
                9.545034890051541e-12
            ],
            [
                2.4616875768725e-10,
                2.902312123529252e-06,
                0.9999970717412836,
                2.510989593042264e-08,
                5.90528150962517e-10
            ],
            [
                1.3480852706048249e-11,
                2.108760163656747e-10,
                1.6423040667656586e-10,
                0.029312227959943128,
                0.9706877716514696
            ],
            [
                9.543524310838023e-12,
                1.16263927280611e-10,
                3.3310172867699365e-11,
                0.00015843624731954906,
                0.9998415635935628
            ]
        ],
        [
            [
                0.9999999988868569,
                1.1032560293444946e-09,
                1.4637785101468158e-12,
                0.0,
                8.423463731570546e-12
            ],
            [
                0.9999999988846362,
                1.1032560293420447e-09,
                1.29178000127159e-12,
                0.0,
                1.0815941527859932e-11
            ],
            [
                8.151414825409742e-09,
                7.484619523722666e-05,
                0.999925130145574,
                1.5228847794924835e-08,
                2.789260769033391e-10
            ],
            [
                2.5723518911155498e-11,
                4.559602825966704e-10,
                1.4802863076241943e-10,
                0.008577485671000763,
                0.9914225136992868
            ],
            [
                4.7052799302324176e-11,
                5.058652657410915e-10,
                2.1087601636203677e-10,
                0.029312227896471425,
                0.9706877713397345
            ]
        ],
        [
            [
                0.9999999994010462,
                5.905303985927676e-10,
                0.0,
                0.0,
                8.423463735901803e-12
            ],
            [
                0.9999999936468091,
                6.348800069527222e-09,
                1.2917799953213683e-12,
                0.0,
                3.0988191160173636e-12
            ],
            [
                2.1297851669863025e-12,
                1.6052280521937957e-09,
                0.9999999982388239,
                1.4930946734143419e-10,
                4.50875523389143e-12
            ],
            [
                1.2250785704811706e-11,
                1.3170835865222635e-10,
                3.773507654044517e-11,
                0.00043055711913072225,
                0.999569442699175
            ],
            [
                1.225286662873146e-11,
                1.6914560636830927e-10,
                3.774148623736412e-11,
                0.0002611903274611716,
                0.9997388094533989
            ]
        ],
        [
            [
                0.9999999993212965,
                6.691586072958791e-10,
                0.0,
                0.0,
                9.545034896688596e-12
            ],
            [
                0.9999999965863773,
                3.3982678024396722e-09,
                3.098819123169315e-12,
                0.0,
                1.2256067382588111e-11
            ],
            [
                4.5990117152309343e-10,
                1.0129987762831193e-05,
                0.9999898365525259,
                3.224156126835128e-08,
                7.582488439100321e-10
            ],
            [
                7.808330517197445e-11,
                1.0779067789398377e-09,
                6.537835097390994e-10,
                0.022977367774093222,
                0.9770226304161331
            ],
            [
                3.755427861214429e-11,
                2.7749067142000563e-10,
                9.008803114542992e-11,
                0.005220125698709231,
                0.9947798738961577
            ]
        ],
        [
            [
                0.9999999992333204,
                7.582560408306125e-10,
                0.0,
                0.0,
                8.423463732688592e-12
            ],
            [
                0.9999998144509932,
                1.855391596699673e-07,
                7.433681610215472e-12,
                0.0,
                2.413363076312843e-12
            ],
            [
                1.6052190785394778e-09,
                6.144172134543724e-06,
                0.9999937386891569,
                1.1253454540778041e-07,
                2.9989440542744567e-09
            ],
            [
                2.4977593742633533e-11,
                5.016883813700471e-10,
                5.016883813700471e-10,
                0.03732688389636056,
                0.9626731150752851
            ],
            [
                1.658665791136495e-12,
                1.7832337791802227e-11,
                2.7346775708293958e-12,
                7.889265049920087e-06,
                0.9999921107127244
            ]
        ],
        [
            [
                0.9999999992278559,
                7.582560412577717e-10,
                0.0,
                0.0,
                1.3887943836878473e-11
            ],
            [
                0.9999999990162978,
                9.736200291260305e-10,
                1.6586783552089841e-12,
                0.0,
                8.42346373565185e-12
            ],
            [
                1.0261860666528101e-10,
                1.067703055031308e-06,
                0.9999989123925123,
                1.9555644946626498e-08,
                2.4616924023067e-10
            ],
            [
                7.511748500952545e-11,
                1.5087750187358196e-09,
                1.709666078506366e-09,
                0.06008665426067135,
                0.9399133424457701
            ],
            [
                1.2254548554550658e-11,
                7.990969452552767e-11,
                1.7830262936893093e-11,
                0.0001233946280071794,
                0.9998766052619983
            ]
        ],
        [
            [
                0.999999999133083,
                8.592166596096592e-10,
                1.1399918499824757e-12,
                0.0,
                6.5602001505338776e-12
            ],
            [
                0.9999999827346818,
                1.72578276684234e-08,
                3.5114220483608774e-12,
                0.0,
                3.978962462164874e-12
            ],
            [
                3.221248963779887e-08,
                0.0009110510993454892,
                0.9990887269585993,
                1.8537007907048425e-07,
                4.359486408887961e-09
            ],
            [
                9.50693923733091e-11,
                1.022092290997713e-09,
                1.158182298435587e-09,
                0.8175744832757594,
                0.18242551444889663
            ],
            [
                3.0987956590240772e-12,
                2.940055462367497e-11,
                6.5601504616332564e-12,
                7.88926504992569e-06,
                0.9999921106958907
            ]
        ],
        [
            [
                0.9999999995875746,
                4.058652119727866e-10,
                0.0,
                0.0,
                6.560200157246932e-12
            ],
            [
                0.9999999950337382,
                4.944450469446239e-09,
                3.978962509689528e-12,
                0.0,
                1.7832472790960477e-11
            ],
            [
                1.317641433001061e-10,
                7.889264988932185e-06,
                0.999992103292887,
                7.19407846488791e-09,
                1.162814483340564e-10
            ],
            [
                9.632810228608875e-11,
                1.3297684342113714e-09,
                1.5068250441637113e-09,
                0.26894140905032615,
                0.7310585880167523
            ],
            [
                6.5565731834520285e-12,
                9.051070091734163e-11,
                2.5931749979996385e-11,
                0.000552778583448996,
                0.999447221293552
            ]
        ],
        [
            [
                0.9999999995818789,
                4.0586521173961525e-10,
                0.0,
                0.0,
                1.2256067416681646e-11
            ],
            [
                0.9999999530794739,
                4.6911637950769896e-08,
                5.789356048889754e-12,
                0.0,
                3.098818988933787e-12
            ],
            [
                6.560200135870179e-12,
                2.0611536122953524e-09,
                0.9999999951951519,
                2.646573625884983e-09,
                9.056076945106732e-11
            ],
            [
                6.969648099140018e-11,
                7.493077861616634e-10,
                6.612618003701884e-10,
                0.32082128759836964,
                0.6791787109213643
            ],
            [
                2.129687875113438e-12,
                2.594490967675287e-11,
                3.511261699651683e-12,
                4.5397855963492576e-05,
                0.9999546021124506
            ]
        ],
        [
            [
                0.99999999940103,
                5.90530398592758e-10,
                1.0060392770658073e-12,
                0.0,
                7.433680655966884e-12
            ],
            [
                0.9999999634587868,
                3.65348207666127e-08,
                2.4133626812963123e-12,
                0.0,
                3.978962386567124e-12
            ],
            [
                1.1032518518569037e-09,
                3.7266390509468766e-06,
                0.9999962562695219,
                1.522992203487453e-08,
                7.582531695875359e-10
            ],
            [
                4.3851759657711025e-11,
                7.772910384053295e-10,
                8.807861377517061e-10,
                0.09534947001632614,
                0.904650528281745
            ],
            [
                3.131362654840835e-11,
                5.55047311351599e-10,
                1.5087750203821014e-09,
                0.0600866543759626,
                0.9399133435289015
            ]
        ],
        [
            [
                0.9999999979236665,
                2.0611536155821583e-09,
                1.2917800004889075e-12,
                0.0,
                1.3887943818765964e-11
            ],
            [
                0.9999999994781672,
                5.211412481217468e-10,
                0.0,
                0.0,
                6.914400098089156e-13
            ],
            [
                6.560200082191893e-12,
                1.1861119995921096e-08,
                0.9999999870881711,
                9.736200185430815e-10,
                7.052879758694424e-11
            ],
            [
                6.380393354601773e-11,
                1.2815362630831513e-09,
                4.473001070584242e-09,
                0.09534946963623354,
                0.9046505245454252
            ],
            [
                5.1086020420529736e-12,
                4.8469066668080343e-11,
