{
    "[['A', 'B', 'C', 'D', 'E'], ['A', 'B', 'C', 'D', 'E']]": [
        [
            [
                0.9999999998368025,
                1.493094674670603e-10,
                0.0,
                0.0,
                1.388794385076479e-11
            ],
            [
                0.9999999995883455,
                4.0586521190554085e-10,
                0.0,
                0.0,
                5.789356318146184e-12
            ],
            [
                1.2501171973852256e-09,
                2.7535689947773074e-05,
                0.9999723494247466,
                1.1253196389806621e-07,
                1.103224554560197e-09
            ],
            [
                3.7498666088273295e-11,
                2.4452201881528685e-10,
                1.0958716591814698e-09,
                0.006692851420628828,
                0.9933071472014788
            ],
            [
                1.2917702169463922e-12,
                1.0815859604708059e-11,
                2.1297690335364356e-12,
                7.889265049648545e-06,
                0.9999921107207129
            ]
        ],
        [
            [
                0.9999999998586899,
                1.3176514259416316e-10,
                0.0,
                0.0,
                9.545034915104677e-12
            ],
            [
                0.9999999991323598,
                8.592166599547462e-10,
                0.0,
                0.0,
                8.423463735227358e-12
            ],
            [
                6.431393932514968e-14,
                1.2501528646495365e-09,
                0.9999999987266874,
                2.289734842463749e-11,
                1.98100879529618e-13
            ],
            [
                2.8987282419510648e-11,
                4.5343738821140447e-10,
                4.001570906126132e-10,
                0.014063627278366006,
                0.9859363718390521
            ],
            [
                1.0799698043741874e-11,
                7.979957469672032e-11,
                1.490852328319584e-10,
                0.0015011820293701413,
                0.9984988177309453
            ]
        ],
        [
            [
                0.9999999998915918,
                1.0261879619267939e-10,
                0.0,
                0.0,
                5.789356321715897e-12
            ],
            [
                0.9999999827339644,
                1.725782766841102e-08,
                5.1090889334624694e-12,
                0.0,
                3.0988190813435065e-12
            ],
            [
                0.0,
                2.1724399334021134e-10,
                0.9999999997492426,
                3.331544539594797e-11,
                1.9810087965198413e-13
            ],
            [
                3.0986361402382086e-12,
                2.2895996270394064e-11,
                6.5598127603609215e-12,
                5.829127677327199e-05,
                0.9999417086906722
            ],
            [
                1.8794178223381583e-12,
                2.9399041151418376e-11,
                6.559812760326261e-12,
                5.8291276772964e-05,
                0.9999417086853888
            ]
        ],
        [
            [
                0.9999999998461817,
                1.493094674684607e-10,
                0.0,
                0.0,
                4.5087552377272985e-12
            ],
            [
                0.9999999994669027,
                5.211412477727817e-10,
                1.1399918508217061e-12,
                0.0,
                1.0815941536197785e-11
            ],
            [
                7.991960219378552e-11,
                5.043472021843252e-07,
                0.9999994898995527,
                5.602796666378594e-09,
                7.052880139180877e-11
            ],
            [
                4.7359918594118193e-11,
                4.493383968524377e-10,
                1.3840597008506955e-09,
                0.02297736779351542,
                0.9770226303257266
            ],
            [
                1.4637590587636234e-12,
                1.7832235893312845e-11,
                2.734661944189934e-12,
                1.3007124771568136e-05,
                0.9999869928531978
            ]
        ],
        [
            [
                0.9999999999514328,
                4.277787861894414e-11,
                0.0,
                0.0,
                5.789356319156243e-12
            ],
            [
                0.9999999990145578,
                9.736200293935742e-10,
                1.0060392773124234e-12,
                0.0,
                1.0815941536096591e-11
            ],
            [
                4.599037731981092e-10,
                2.9023120402457105e-06,
                0.9999970429671555,
                5.3157648576457436e-08,
                1.1032517991271917e-09
            ],
            [
                4.504646410757745e-12,
                4.842951296066804e-11,
                3.3285085034935574e-11,
                0.0009110514058635732,
                0.9990889485079172
            ],
            [
                2.4129808297030337e-12,
                2.0203641127919773e-11,
                2.5941988717886777e-11,
                0.00015843624741736847,
                0.9998415637040241
            ]
        ],
        [
            [
                0.9999999998908209,
                1.0261879622800375e-10,
                0.0,
                0.0,
                6.56020016246323e-12
            ],
            [
                0.9999999997472699,
                2.4616969481157423e-10,
                0.0,
                0.0,
                6.560200158294566e-12
            ],
            [
                9.735235129090524e-10,
                1.7601734814412728e-06,
                0.9999016323390252,
                9.610221582409244e-05,
                5.042981457390254e-07
            ],
            [
                8.389844149770961e-11,
                1.4871354586765403e-09,
                3.3847047029341814e-08,
                0.8175744561436082,
                0.18242550843831068
            ],
            [
                1.8794787677296e-12,
                1.7831998058263088e-11,
                3.5113286098905204e-12,
                2.7535689838588962e-05,
                0.9999724642869386
            ]
        ],
        [
            [
                0.9999999998223867,
                1.6918979210317348e-10,
                0.0,
                0.0,
                8.423463746585385e-12
            ],
            [
                0.9999999987394144,
                1.250152863593644e-09,
                8.878265458623787e-13,
                0.0,
                9.545034901515057e-12
            ],
            [
                9.545036083153749e-12,
                3.059023576879104e-07,
                0.999999689691319,
                4.3634627833747105e-09,
                3.331544947155485e-11
            ],
            [
                3.966338827372518e-12,
                7.966604496706359e-11,
                1.3134710288975063e-10,
                0.003172683075402547,
                0.996827316709618
            ],
            [
                5.787844371376512e-12,
                3.774148624236698e-11,
                1.3884316867821644e-11,
                0.00026119032774789345,
                0.9997388096148385
            ]
        ],
        [
            [
                0.9999999999155715,
                7.99195988621923e-11,
                0.0,
                0.0,
                4.5087552384953664e-12
            ],
            [
                0.9999999996322801,
                3.581747923216579e-10,
                0.0,
                0.0,
                9.545034904008773e-12
            ],
            [
                1.3439102943471863e-08,
                9.610239736990729e-05,
                0.9999036403472489,
                2.3821402666351302e-07,
                5.602251595683069e-09
            ],
            [
                4.385175962697346e-11,
                6.859569333186505e-10,
                1.864624266945581e-09,
                0.09534946988803461,
                0.9046505275175324
            ],
            [
                3.098523766543185e-12,
                3.331226987147675e-11,
                2.5943621861792065e-11,
                9.61023997486852e-05,
                0.999903897537897
            ]
        ],
        [
            [
                0.9999999998441302,
                1.4930946746815438e-10,
                0.0,
                0.0,
                6.560200161494608e-12
            ],
            [
                0.9999999993212965,
                6.691586077271819e-10,
                0.0,
                0.0,
                9.545034902840799e-12
            ],
            [
                1.7832472659610875e-11,
                9.23744953322601e-09,
                0.9999999862319464,
                4.363462192129066e-09,
                1.4930946553875402e-10
            ],
            [
                9.410792761931468e-12,
                1.4720956691327644e-10,
                4.534373883282004e-10,
                0.014063627296933556,
                0.9859363720930087
            ],
            [
                1.0059933199127925e-12,
                1.573638318134816e-11,
                6.559900475411705e-12,
                4.539785573591681e-05,
                0.9999546021209618
            ]
        ],
        [
            [
                0.9999999998908209,
                1.0261879620590336e-10,
                0.0,
                0.0,
                6.560200161050399e-12
            ],
            [
                0.9999999990185278,
                9.736200289661367e-10,
                1.291780001688203e-12,
                0.0,
                6.560200152421887e-12
            ],
            [
                0.0,
                5.905303991768658e-10,
                0.9999999993060673,
                1.0261879619232946e-10,
                7.835041775544233e-13
            ],
            [
                2.0124603576151564e-11,
                5.190203669277079e-10,
                3.63861368397962e-08,
                0.9959298254533054,
                0.0040701376214128055
            ],
            [
                3.097105872504408e-12,
                2.9384522375556515e-11,
                2.288468903626263e-11,
                0.0005527785843296761,
                0.9994472213603041
            ]
        ],
        [
            [
                0.9999999998752942,
                1.1628233010104898e-10,
                0.0,
                0.0,
                8.423463739896614e-12
            ],
            [
                0.9999999991323598,
                8.592166597926814e-10,
                0.0,
                0.0,
                8.423463733638532e-12
            ],
            [
                3.6514623168820656e-08,
                0.000552778329949619,
                0.9994468738225317,
                3.057331966101321e-07,
                5.599698825409548e-09
            ],
            [
                3.6644756938459845e-11,
                3.9396826504594483e-10,
                2.70770164749958e-10,
                0.029312227925174968,
                0.9706877713734419
            ],
            [
                1.1399854766094252e-12,
                9.544981533604618e-12,
                2.413349272920361e-12,
                6.144172126724635e-06,
                0.999993855814775
            ]
        ],
        [
            [
                0.9999999998741727,
                1.1628233020976689e-10,
                0.0,
                0.0,
                9.545034915252461e-12
            ],
            [
                0.9999999996773516,
                3.1608814498065783e-10,
                0.0,
                0.0,
                6.5602001587995614e-12
            ],
            [
                6.69157393779769e-10,
                1.3709565963997519e-06,
                0.9999982292398164,
                3.9278564115564853e-07,
                6.348788585128588e-09
            ],
            [
                2.2700925756675173e-11,
                3.1337661370042375e-10,
                5.854645916996159e-10,
                0.008577485677850327,
                0.9914225134006075
            ],
            [
                1.6586689628845292e-12,
                1.3887865192970532e-11,
                3.5114022219814764e-12,
                4.785094848964362e-06,
                0.9999952148860931
            ]
        ],
        [
            [
                0.9999999998233766,
                1.6918979208625948e-10,
                0.0,
                0.0,
                7.433680664652083e-12
            ],
            [
                0.9999999950416347,
                4.944450469485282e-09,
                3.0988191183824374e-12,
                0.0,
                1.0815941486294253e-11
            ],
            [
                3.8506539718887075e-09,
                2.1444938955311902e-05,
                0.999978041271098,
                5.043366242486547e-07,
                5.602668469763545e-09
            ],
            [
                2.0200058118946042e-11,
                1.317209252138029e-10,
                1.4925936264255185e-10,
                0.00033535005530568786,
                0.999664649643514
            ],
            [
                1.6586499875701587e-12,
                1.0815756552882795e-11,
                3.9788944765208875e-12,
                1.6701415111170408e-05,
                0.9999832985684355
            ]
        ],
        [
            [
                0.9999999994666027,
                5.211412475629427e-10,
                0.0,
                0.0,
                1.2256067415268813e-11
            ],
            [
                0.9999999965900572,
                3.398267803093156e-09,
                2.129785160676267e-12,
                0.0,
                9.545034876771025e-12
            ],
            [
                2.28973491801846e-11,
                3.92786366963118e-07,
                0.9999995997793584,
                7.194133257714297e-09,
                2.1724400037445192e-10
            ],
            [
                4.505557289881479e-12,
                7.986291386669253e-11,
                1.0254601125557708e-10,
                0.00070967034344472,
                0.9992903294696408
            ],
            [
                2.282470402455489e-11,
                1.6865301847892427e-10,
                1.6865301847892427e-10,
                0.0031726830760891,
                0.9968273165637801
            ]
        ],
        [
            [
                0.9999999999210478,
                7.052879844495368e-11,
                0.0,
                0.0,
                8.423463746566016e-12
            ],
            [
                0.9999999988899764,
                1.1032560293479363e-09,
                1.6586783544105022e-12,
                0.0,
                5.109089014190863e-12
            ],
            [
                2.7894576785813117e-10,
                2.9023123408958356e-06,
                0.9999969080193652,
                1.8553862050730355e-07,
                3.850727546287022e-09
            ],
            [
                3.9532823931879247e-11,
                7.940379947616377e-10,
                1.2420844054115233e-08,
                0.924141811915382,
                0.07585817483020309
            ],
            [
                7.835042151114821e-13,
                5.789356599207369e-12,
                7.835042151114821e-13,
                5.043472051476302e-07,
                0.9999994956454386
            ]
        ],
        [
            [
                0.9999999998598115,
                1.3176514258257098e-10,
                0.0,
                0.0,
                8.423463746900631e-12
            ],
            [
                0.999999999322418,
                6.691586077279324e-10,
                0.0,
                0.0,
                8.423463736828307e-12
            ],
            [
                1.291780066177196e-12,
                1.44498031478121e-07,
                0.9999998540611705,
                1.4166088539668217e-09,
                2.2897349544640587e-11
            ],
            [
                9.038631925210605e-11,
                1.4138799194274052e-09,
                7.719522796974736e-08,
                0.8807970211984189,
                0.1192029001020869
            ],
            [
                1.006035474574453e-12,
                7.433652559144952e-12,
                1.6586720860097986e-12,
                2.9023122003138155e-06,
                0.9999970976777013
            ]
        ],
        [
            [
                0.9999999998616746,
                1.3176514251800162e-10,
                0.0,
                0.0,
                6.560200159045084e-12
            ],
            [
                0.9999999992331703,
                7.582560412618014e-10,
                1.1399918507450116e-12,
                0.0,
                7.433680657358583e-12
            ],
            [
                2.78943088258555e-10,
                5.315714344175911e-08,
                0.9999858717634266,
                1.3007111737856058e-05,
                1.0676887491028123e-06
            ],
            [
                1.9248503721065702e-11,
                4.380939253988142e-10,
                3.668115527535545e-09,
                0.9525741207079133,
                0.04742587516662884
            ],
            [
                5.780661802869401e-12,
                7.042287750232572e-11,
                3.769465001231273e-11,
                0.0015011820312823105,
                0.9984988178548195
            ]
        ],
        [
            [
                0.999999999914291,
                7.991959882277778e-11,
                0.0,
                0.0,
                5.789356320996872e-12
            ],
            [
                0.9999999988893105,
                1.1032560297389402e-09,
                0.0,
                0.0,
                7.43368065480244e-12
            ],
            [
                2.789468138957878e-10,
                6.47594610689463e-07,
                0.9999993463743365,
                5.602796530109404e-09,
                1.493094700866803e-10
            ],
            [
                3.2846892704748554e-11,
                5.822251042638124e-10,
                4.625186886601589e-08,
                0.9859363265239814,
                0.014063626609077654
            ],
            [
                4.507577728392071e-12,
                3.33067447053794e-11,
                2.2891368547435244e-11,
                0.00026119032805239386,
                0.9997388096112418
            ]
        ],
        [
            [
                0.9999999999210478,
                7.05287983923384e-11,
                0.0,
                0.0,
                8.423463740282017e-12
            ],
            [
                0.9999999995335342,
                4.599055372029282e-10,
                0.0,
                0.0,
                6.560200158706527e-12
            ],
            [
                1.1032498355697908e-09,
                4.78509507847884e-06,
                0.9999950248651519,
                1.8553827106748868e-07,
                3.3982487320881176e-09
            ],
            [
                1.2917037197193664e-12,
                9.54447124820379e-12,
                4.508488981249754e-12,
                5.8291277145645986e-05,
                0.9999417087075096
            ],
            [
                3.9788565829216005e-12,
                2.939999450080722e-11,
                1.2255741086143538e-11,
                2.7535689841460058e-05,
                0.999972464264524
            ]
        ],
        [
            [
                0.9999999998608013,
                1.3176514255432395e-10,
                0.0,
                0.0,
                7.433680664079849e-12
            ],
            [
                0.9999999985666479,
                1.4166087828417195e-09,
                1.0060392765836056e-12,
                0.0,
                1.573710206463231e-11
            ],
            [
                5.6756852243857165e-14,
                1.2501528645702186e-09,
                0.9999999987161483,
                3.33154453732554e-11,
                3.2661313380416233e-13
            ],
            [
                5.287756575985505e-11,
                7.299522793105603e-10,
                1.14183747982792e-08,
                0.9626731043869102,
                0.03732688341188505
            ],
            [
                7.835042151113077e-13,
                5.789356599206081e-12,
                1.0060393262848987e-12,
                5.04347205147518e-07,
                0.999999495645216
            ]
        ],
        [
            [
                0.9999999997442852,
                2.4616969487891345e-10,
                0.0,
                0.0,
                9.545034911106583e-12
            ],
            [
                0.9999999993234079,
                6.691586078399802e-10,
                0.0,
                0.0,
                7.433680658029381e-12
            ],
            [
                2.2143773516785257e-08,
                0.0007096703759522267,
                0.9992902538393514,
                5.312015120461907e-08,
                5.207716378607808e-10
            ],
            [
                7.431186093260152e-12,
                9.053037970200544e-11,
                6.22205593740642e-11,
                0.0003353500555151578,
                0.9996646497843027
            ],
            [
                5.106887272104404e-12,
                4.275944361275206e-11,
                2.5934913543387656e-11,
                0.0004305571197644189,
                0.9995694428064343
            ]
        ],
        [
            [
                0.9999999998899476,
                1.0261879622791413e-10,
                0.0,
                0.0,
                7.43368066589746e-12
            ],
            [
                0.9999999997087972,
                2.789468089659866e-10,
                0.0,
                0.0,
                1.2256067429999863e-11
            ],
            [
                2.0792740353086073e-07,
                0.010986628326123722,
                0.9889847340912732,
                2.7233115606778658e-05,
                1.1965395927736146e-06
            ],
            [
                6.380393239816507e-11,
                1.1309517623745428e-09,
                2.2715773381518046e-08,
                0.9046505083416111,
                0.0953494677478598
            ],
            [
                4.5561057783629306e-11,
                5.550473112923261e-10,
                1.7096660801892739e-09,
                0.060086654369546,
                0.9399133433201796
            ]
        ],
        [
            [
                0.9999999997126297,
                2.789468087589582e-10,
                0.0,
                0.0,
                8.423463738526415e-12
            ],
            [
                0.9999999995326609,
                4.599055369987936e-10,
                0.0,
                0.0,
                7.433680658347521e-12
            ],
            [
                8.005119146415153e-09,
                8.165435730747543e-07,
                0.9819788859233893,
                0.017985569211691033,
                3.472031622733588e-05
            ],
            [
                2.566103830428998e-11,
                2.75882161177832e-10,
                1.1500479490186281e-10,
                0.010986942374721953,
                0.9890130572087301
            ],
            [
                2.4131327357390227e-12,
                2.2895165934761016e-11,
                8.422660849607325e-12,
                9.610239981154891e-05,
                0.9999038975664575
            ]
        ],
        [
            [
                0.9999999998598115,
                1.3176514253711203e-10,
                0.0,
                0.0,
                8.423463743994537e-12
            ],
            [
                0.9999999997399422,
                2.4616969484593195e-10,
                0.0,
                0.0,
                1.3887943846030396e-11
            ],
            [
                7.314891749099848e-07,
                0.003172664856434598,
                0.9968215962660268,
                4.769908598067526e-06,
                2.3747976548045e-07
            ],
            [
                3.173541685805387e-11,
                5.625237234803884e-10,
                2.391911737309024e-08,
                0.9525741012727498,
                0.04742587421387359
            ],
            [
                1.6585804067505933e-12,
                1.7831419823143512e-11,
                6.5598127598314144e-12,
                5.8291276768566725e-05,
                0.9999417086971817
            ]
        ],
        [
            [
                0.9999999997743325,
                2.1724399311015067e-10,
                0.0,
                0.0,
                8.423463739046165e-12
            ],
            [
                0.9999999997480409,
                2.46169694811764e-10,
                0.0,
                0.0,
                5.7893563200343905e-12
            ],
            [
                9.235565311412195e-09,
                0.00020342686530666962,
                0.9997963185180938,
                2.3818836870875754e-07,
                7.192665496634922e-09
            ],
            [
                6.5591619411924325e-12,
                3.7745370859140915e-11,
                9.543524311525446e-12,
                0.00015843624779843254,
                0.9998415636983535
            ],
            [
                6.5475623876071835e-12,
                7.976563924435374e-11,
                4.838030579327779e-11,
                0.0019267343359867153,
                0.9980732655293199
            ]
        ],
        [
            [
                0.9999999998908209,
                1.0261879624521557e-10,
                0.0,
                0.0,
                6.560200163563545e-12
            ],
            [
                0.9999999991299673,
                8.592166597906258e-10,
                0.0,
                0.0,
                1.0815941530513419e-11
            ],
            [
                1.2669580078293208e-06,
                0.07585805996151777,
                0.9241403060584782,
                3.629895466635307e-07,
                4.032449617303307e-09
            ],
            [
                3.207186514058928e-11,
                5.016883802335651e-10,
                2.8870172954130537e-09,
                0.037326883792519194,
                0.9626731127867033
            ],
            [
                1.1399875532005426e-12,
                1.081590076150346e-11,
                2.413353669063791e-12,
                3.7266391158145485e-06,
                0.999996273346515
            ]
        ],
        [
            [
                0.9999999998616746,
                1.3176514251800162e-10,
                0.0,
                0.0,
                6.560200159045084e-12
            ],
            [
                0.9999999995316711,
                4.599055370748924e-10,
                0.0,
                0.0,
                8.423463739993079e-12
            ],
            [
                3.331544672817925e-11,
                5.043472013634358e-07,
                0.9999994883090675,
                7.194133312454093e-09,
                1.1628233486239558e-10
            ],
            [
                1.945256956487671e-11,
                2.6853443966797144e-10,
                8.271443055800483e-10,
                0.03732688390580841,
                0.9626731149790603
            ],
            [
                2.4127324943867215e-12,
                3.3306744709896205e-11,
                1.388431686868381e-11,
                0.00026119032791586087,
                0.9997388096224803
            ]
        ],
        [
            [
                0.9999999998422671,
                1.493094674678762e-10,
                0.0,
                0.0,
                8.423463745902408e-12
            ],
            [
                0.9999999996360358,
                3.581747924501821e-10,
                0.0,
                0.0,
                5.789356319385953e-12
            ],
            [
                2.789468360256677e-10,
                8.76424905955098e-08,
                0.9999999024352467,
                9.23745054743722e-09,
                4.0586525155225767e-10
            ],
            [
                4.508420246846961e-12,
                3.774854056024703e-11,
                2.939859294812307e-11,
                7.484619710192355e-05,
                0.9999251537312426
            ],
            [
                4.8319898797200065e-11,
                3.150853199691982e-10,
                1.6865301847207617e-10,
                0.0031726830711531866,
                0.9968273163967886
            ]
        ],
        [
            [
                0.9999999997463966,
                2.4616969477038286e-10,
                0.0,
                0.0,
                7.433680659936364e-12
            ],
            [
                0.9999999994704352,
                5.211412478613696e-10,
                0.0,
                0.0,
                8.42346373947726e-12
            ],
            [
                4.361998140690538e-09,
                0.0003353500701677415,
                0.999664335918706,
                3.0579967830859586e-07,
                3.849449848239164e-09
            ],
            [
                3.0889877810230466e-12,
                1.0229322646345627e-10,
                1.099755826554913e-09,
                0.9968273157325421,
                0.0031726830623196676
            ],
            [
                3.097779243786893e-12,
                3.77386769290264e-11,
                8.420637026963514e-12,
                0.00033535005555235654,
                0.9996646498951905
            ]
        ],
        [
            [
                0.9999999998422671,
                1.493094674507947e-10,
                0.0,
                0.0,
                8.423463744938737e-12
            ],
            [
                0.9999999881235552,
                1.1861119993673324e-08,
                4.5087551823597e-12,
                0.0,
                1.0815941413508802e-11
            ],
            [
                2.4616925653530634e-10,
                2.2603232237194264e-06,
                0.9999974291656689,
                3.05901483688362e-07,
                4.363454477753198e-09
            ],
            [
                2.8006407755307247e-11,
                2.657173985076979e-10,
                3.010972590719393e-10,
                0.04742587546718607,
                0.9525741239379928
            ],
            [
                8.415787445415283e-12,
                7.04645255623306e-11,
                2.937398444160102e-11,
                0.0009110514077892569,
                0.9990889484839565
            ]
        ],
        [
            [
                0.9999999998449012,
                1.4930946738504558e-10,
                0.0,
                0.0,
                5.789356319631476e-12
            ],
            [
                0.9999999994670365,
                5.211412477728514e-10,
                1.0060392773219707e-12,
                0.0,
                1.0815941536199234e-11
            ],
            [
                5.017144792559231e-07,
                0.005220121332284719,
                0.994778920821537,
                4.4276147392519537e-07,
                1.3370225241903501e-08
            ],
            [
                4.267210128955056e-11,
                8.570920660412717e-10,
                1.2720374116293935e-07,
                0.9975272489585056,
                0.0024726229379888978
            ],
            [
                1.565495242690258e-11,
                2.1610995215652776e-10,
                3.5630507493045434e-10,
                0.005220125701657731,
                0.9947798737102722
            ]
        ],
        [
            [
                0.9999999999480149,
                4.847368702342718e-11,
                0.0,
                0.0,
                3.5114221105314127e-12
            ],
            [
                0.9999999987402837,
                1.2501528635947307e-09,
                1.13999185049837e-12,
                0.0,
                8.423463735656219e-12
            ],
            [
                2.7346981413603253e-12,
                5.315784962400012e-08,
                0.9999999451964364,
                1.6052279670018809e-09,
                3.775134336890841e-11
            ],
            [
                1.6581217434113996e-12,
                2.2889664616453574e-11,
                1.3883283380418509e-11,
                0.00033535005558179355,
                0.9996646499059871
            ],
            [
                1.8794429529871225e-12,
                2.2896302424252323e-11,
                5.108855626730303e-12,
                4.5397855732443984e-05,
                0.999954602114383
            ]
        ],
        [
            [
                0.9999999998017226,
                1.917171510662298e-10,
                0.0,
                0.0,
                6.560200157559802e-12
            ],
            [
                0.9999999998024935,
                1.9171715120967666e-10,
                0.0,
                0.0,
                5.78935632371322e-12
            ],
            [
                3.850602613561684e-09,
                3.535625543203323e-05,
                0.9999645853214784,
                5.315592943997611e-08,
                1.4165575376503675e-09
            ],
            [
                1.9614524908011605e-11,
                3.068227927192654e-10,
                2.0007359333168682e-09,
                0.9706877698515708,
                0.029312227821255928
            ],
            [
                3.511261699768317e-12,
                2.5944909677614687e-11,
                6.559900476078752e-12,
                4.539785574053311e-05,
                0.9999546021082434
            ]
        ],
        [
            [
                0.9999999998771574,
                1.1628233017471046e-10,
                0.0,
                0.0,
                6.560200160960764e-12
            ],
            [
                0.9999999981709562,
                1.8189616813062372e-09,
                1.658678353217879e-12,
                0.0,
                8.423463725540183e-12
            ],
            [
                0.0,
                4.0586521221775516e-10,
                0.9999999995315232,
                6.224144616316369e-11,
                3.7010116746732744e-13
            ],
            [
                2.497759374027326e-11,
                4.42738442579909e-10,
                7.299522876381432e-10,
                0.03732688385853053,
                0.9626731149438011
            ],
            [
                2.129756863742485e-12,
                2.0206570518860114e-11,
                4.508695315923798e-12,
                1.3007124772617334e-05,
                0.9999869928483823
            ]
        ],
        [
            [
                0.9999999998008493,
                1.9171715115099091e-10,
                0.0,
                0.0,
                7.433680663634184e-12
            ],
            [
                0.9999999996781226,
                3.160881449809015e-10,
                0.0,
                0.0,
                5.789356320480047e-12
            ],
            [
                1.081594267890323e-11,
                8.764249128299739e-08,
                0.9999999102370652,
                2.0611538361810264e-09,
                4.8473692089443615e-11
            ],
            [
                5.074892602320561e-12,
                8.99546237470001e-11,
                1.9043393996678612e-10,
                0.006692851428896398,
                0.9933071482856402
            ],
            [
                5.787844371601172e-12,
                3.330674470912081e-11,
                8.421263869825984e-12,
                0.00026119032775803177,
                0.999738809624726
            ]
        ],
        [
            [
                0.999999999768868,
                2.1724399324617657e-10,
                0.0,
                0.0,
                1.3887943848232492e-11
            ],
            [
                0.9999999998449012,
                1.4930946746826949e-10,
                0.0,
                0.0,
                5.7893563228584175e-12
            ],
            [
                2.6465635269808787e-09,
                3.7266389334234937e-06,
                0.9999958674622875,
                3.9278485380488943e-07,
                1.0467361801292658e-08
            ],
            [
                3.0974837060793873e-12,
                4.2759443610706947e-11,
                4.2759443610706947e-11,
                0.0004305571199939746,
                0.9995694427913896
            ],
            [
                1.5713467927965915e-11,
                1.3156725614383413e-10,
                3.156134402584846e-10,
                0.0015011820305905167,
                0.9984988175065154
            ]
        ],
        [
            [
                0.9999999998624456,
                1.3176514259465802e-10,
                0.0,
                0.0,
                5.789356324060304e-12
            ],
            [
                0.9999999997115081,
                2.7894680881126004e-10,
                0.0,
                0.0,
                9.545034906565383e-12
            ],
            [
                2.543665646613744e-13,
                5.492788349306676e-11,
                0.9999999999172129,
                2.594609497498003e-11,
                1.658678358416576e-12
            ],
            [
                6.4881265536274085e-12,
                1.0149137529642002e-10,
                1.673309892438172e-10,
                0.010986942387820995,
                0.9890130573368685
            ],
            [
                2.4133583588757404e-12,
                1.5737073330765428e-11,
                5.10907968583228e-12,
                2.2603252738529286e-06,
                0.9999977396514667
            ]
        ],
        [
            [
                0.9999999998608013,
                1.3176514255432395e-10,
                0.0,
                0.0,
                7.433680664079849e-12
            ],
            [
                0.9999999981719461,
                1.8189616816511285e-09,
                1.6586783535323793e-12,
                0.0,
                7.433680648232401e-12
            ],
            [
                5.602594252979766e-09,
                3.535622492672733e-05,
                0.9999643188412726,
                3.05891281599021e-07,
                1.343992493559521e-08
            ],
            [
                5.788804501362673e-12,
                4.277380120631106e-11,
                2.2895165936877367e-11,
                9.61023992819896e-05,
                0.9999038975292602
