{
    "[['A', 'B', 'C', 'D', 'E'], ['A', 'B', 'C', 'D', 'E']]": [
        [
            [
                0.9999999981678089,
                1.818961680911739e-09,
                2.413362763021658e-12,
                0.0,
                1.0815941517795039e-11
            ],
            [
                0.9999999976451583,
                2.3355930284853693e-09,
                3.5114220978700883e-12,
                0.0,
                1.5737102037367932e-11
            ],
            [
                2.66161130297076e-07,
                0.01406362020268502,
                0.9859358707124418,
                2.3488637307558451e-07,
                8.037369703698478e-09
            ],
            [
                3.5114088334192115e-12,
                2.289726186025605e-11,
                3.5114088334192115e-12,
                2.902312200133207e-06,
                0.9999970976578798
            ],
            [
                1.0813735395228601e-11,
                1.0259786483420902e-10,
                3.7743645180591985e-11,
                0.00020342706161357302,
                0.9997965727872312
            ]
        ],
        [
            [
                0.999999999014705,
                9.73620028962415e-10,
                2.129785165840246e-12,
                0.0,
                9.545034899914372e-12
            ],
            [
                0.9999999397549587,
                6.023574633705767e-08,
                6.560201034870775e-12,
                0.0,
                2.7346986528932723e-12
            ],
            [
                9.357622943823799e-14,
                2.0611536169283343e-09,
                0.9999999978477727,
                9.056076965462635e-11,
                4.193795647167983e-13
            ],
            [
                3.978666903716808e-12,
                3.774854056332758e-11,
                9.544325738250821e-12,
                7.484619758321552e-05,
                0.9999251537511453
            ],
            [
                2.4133583600881203e-12,
                1.7832440309514394e-11,
                2.734693292429746e-12,
                1.067703076460187e-06,
                0.999998932273943
            ]
        ],
        [
            [
                0.9999999950402247,
                4.944450470410929e-09,
                4.50875521354527e-12,
                0.0,
                1.0815941488319096e-11
            ],
            [
                0.9999999969874884,
                2.998960812514282e-09,
                2.734698280336492e-12,
                0.0,
                1.0815941512769792e-11
            ],
            [
                9.736126002731114e-10,
                7.889264612957924e-06,
                0.9999920559351744,
                5.315744682387102e-08,
                6.691535018635097e-10
            ],
            [
                1.6586689629238923e-12,
                1.2255998016599764e-11,
                1.2917726871813624e-12,
                4.785094849077921e-06,
                0.9999952148899445
            ],
            [
                3.978962730318455e-12,
                1.3887944543770161e-11,
                2.129785275054078e-12,
                1.4449803167360756e-07,
                0.9999998554819716
            ]
        ],
        [
            [
                0.9999999990202124,
                9.736200292728637e-10,
                1.658678355459132e-12,
                0.0,
                4.508755232902892e-12
            ],
            [
                0.999999996134463,
                3.8507419024274364e-09,
                3.978962514819779e-12,
                0.0,
                1.0815941500154312e-11
            ],
            [
                1.1031909316834412e-09,
                5.829122389371526e-05,
                0.999941398390578,
                3.058842698930724e-07,
                3.398067295344916e-09
            ],
            [
                2.288468902765539e-11,
                1.3169229271810467e-10,
                3.773047357325327e-11,
                0.0005527785867495414,
                0.999447221220943
            ],
            [
                1.4637786984647192e-12,
                1.2256068987549444e-11,
                1.1399919966075651e-12,
                3.0590235902518794e-07,
                0.9999996940827811
            ]
        ],
        [
            [
                0.9999999993187336,
                6.691586078368524e-10,
                1.2917800022910273e-12,
                0.0,
                1.0815941536395575e-11
            ],
            [
                0.9999999894588344,
                1.0467401659958452e-08,
                1.5737101904220036e-11,
                3.0988190988190795e-12,
                5.492788280225374e-11
            ],
            [
                4.388247003203466e-07,
                0.014063594005769214,
                0.9859341791740364,
                1.7355853576796007e-06,
                5.2410136508012696e-08
            ],
            [
                3.0987366219234114e-12,
                3.33145582824763e-11,
                9.544780753207834e-12,
                2.7535689836263948e-05,
                0.9999724642642056
            ],
            [
                3.978818822686294e-12,
                3.331424212618355e-11,
                5.789147227329857e-12,
                3.535625751780607e-05,
                0.9999646436994
            ]
        ],
        [
            [
                0.9999999993987847,
                5.905303987028175e-10,
                1.1399918507440523e-12,
                0.0,
                9.545034903580427e-12
            ],
            [
                0.9999977396690785,
                2.260325272855778e-06,
                4.508746995815815e-12,
                0.0,
                1.1399897680079355e-12
            ],
            [
                2.2143773689796335e-08,
                0.0007096700475326132,
                0.9992899048413096,
                3.92507405976893e-07,
                1.0459978042526275e-08
            ],
            [
                3.978962474187799e-12,
                1.2256067254205837e-11,
                1.4637784914463472e-12,
                1.5229979508741638e-08,
                0.9999999847523218
            ],
            [
                2.734687976943185e-12,
                1.7832405648187995e-11,
                2.413353669187694e-12,
                3.7266391160058763e-06,
                0.9999962733379035
            ]
        ],
        [
            [
                0.9999999969852718,
                2.998960811567901e-09,
                3.511422097816217e-12,
                0.0,
                1.2256067389788717e-11
            ],
            [
                0.9999999997144928,
                2.7894680889950145e-10,
                0.0,
                0.0,
                6.5602001590432146e-12
            ],
            [
                9.897109745149092e-06,
                0.9770003886001121,
                0.022976846177798396,
                1.270814046451937e-05,
                1.599718798042011e-07
            ],
            [
                1.8945467711601752e-10,
                1.7974959294393729e-09,
                2.963569772863591e-09,
                0.3208212865316097,
                0.6791787085178699
            ],
            [
                3.511422277402051e-12,
                2.594609619475858e-11,
                3.0988192834738558e-12,
                5.043472051437691e-07,
                0.9999994956202385
            ]
        ],
        [
            [
                0.9999999996322801,
                3.581747926569344e-10,
                0.0,
                0.0,
                9.545034912943588e-12
            ],
            [
                0.9999999965890882,
                3.398267802448885e-09,
                3.0988191231777157e-12,
                0.0,
                9.5450348749614e-12
            ],
            [
                5.78935693350799e-12,
                8.764249134989063e-08,
                0.9999999110682508,
                1.2501529969822838e-09,
                3.331544890191741e-11
            ],
            [
                5.108602042235194e-12,
                3.7747747077187535e-11,
                5.78880450149284e-12,
                9.610239961073256e-05,
                0.9999038975517441
            ],
            [
                3.5114157738248946e-12,
                2.2897307117386134e-11,
                5.10907980407015e-12,
                1.7603431340118308e-06,
                0.9999982396253482
            ]
        ],
        [
            [
                0.9999999991295796,
                8.592166597902926e-10,
                1.658678354807927e-12,
                0.0,
                9.545034899210479e-12
            ],
            [
                0.9999999965775461,
                3.3982678016833376e-09,
                3.978962514981844e-12,
                0.0,
                2.0206838984309733e-11
            ],
            [
                7.18571294241364e-09,
                0.0011695097889881394,
                0.9988302430081991,
                2.3795835866811928e-07,
                2.0587412268618585e-09
            ],
            [
                4.50681219923023e-12,
                7.988515766713313e-11,
                1.2250785705445084e-11,
                0.000430557119740478,
                0.9995694427836167
            ],
            [
                1.2917800552843177e-12,
                7.433680962949966e-12,
                1.0060393186114493e-12,
                3.9278636990292566e-07,
                0.9999996072038986
            ]
        ],
        [
            [
                0.9999999995818789,
                4.0586521182636235e-10,
                0.0,
                0.0,
                1.225606741930118e-11
            ],
            [
                0.9999999990103621,
                9.736200289581864e-10,
                2.1297851658309965e-12,
                0.0,
                1.38879438315462e-11
            ],
            [
                1.3436795929702874e-08,
                0.0002611883069128139,
                0.9997308428151618,
                7.887203449272441e-06,
                6.82376802481069e-08
            ],
            [
                1.6586783963974318e-12,
                1.3887944178807018e-11,
                1.4637785472047174e-12,
                6.475946146240829e-07,
                0.999999352388375
            ],
            [
                1.7830262935243576e-11,
                5.4921076313775944e-11,
                1.5735151812621375e-11,
                0.0001233946276257086,
                0.9998766052838879
            ]
        ],
        [
            [
                0.9999999991283086,
                8.59216659605557e-10,
                1.6586783544513032e-12,
                0.0,
                1.0815941528183747e-11
            ],
            [
                0.9999999847688175,
                1.5229979503748263e-08,
                7.835041661100609e-13,
                0.0,
                4.193795592026514e-13
            ],
            [
                7.991945221994486e-11,
                1.0677030682751856e-06,
                0.999998924706805,
                7.194119823948556e-09,
                3.160875651836672e-10
            ],
            [
                4.5072422043313884e-12,
                3.7738676931027486e-11,
                8.420637027410015e-12,
                0.0003353500555701384,
                0.9996646498937634
            ],
            [
                1.2244898480421735e-11,
                9.047824179754687e-11,
                4.2738895175975206e-11,
                0.0009110514052171312,
                0.999088948449321
            ]
        ],
        [
            [
                0.9999999987252912,
                1.2501528630221842e-09,
                1.658678354450201e-12,
                0.0,
                2.2897348394831492e-11
            ],
            [
                0.999999982735562,
                1.725782766556592e-08,
                3.09881908083264e-12,
                0.0,
                3.5114220477794708e-12
            ],
            [
                0.0,
                4.8473687038591514e-11,
                0.9999999999084603,
                4.277787866841206e-11,
                2.882350792010692e-13
            ],
            [
                1.2917776426693584e-12,
                7.433667079309464e-12,
                8.878249243885256e-13,
                2.260325273799182e-06,
                0.9999977396651129
            ],
            [
                1.4637758383508226e-12,
                1.081592178583347e-11,
                1.6586753268638313e-12,
                1.0677030765211488e-06,
                0.9999989322829851
            ]
        ],
        [
            [
                0.9999999993955817,
                5.905303984633244e-10,
                0.0,
                0.0,
                1.3887943831308257e-11
            ],
            [
                0.9999997617480251,
                2.382369842163277e-07,
                1.2256068342642917e-11,
                0.0,
                2.734698492084015e-12
            ],
            [
                1.0261861939031516e-10,
                1.3709567226916537e-06,
                0.9999985595814885,
                6.825591608203204e-08,
                1.103254130202229e-09
            ],
            [
                3.5108663909874543e-12,
                4.2771108605041464e-11,
                7.432504208045322e-12,
                0.0001584362472883378,
                0.9998415636989971
            ],
            [
                1.291777713666798e-12,
                1.0815922373979515e-11,
                1.0060374949578913e-12,
                1.370956654831753e-06,
                0.9999986290302315
            ]
        ],
        [
            [
                0.9999999985704453,
                1.4166087828470989e-09,
                2.129785165248584e-12,
                0.0,
                1.0815941528302133e-11
            ],
            [
                0.9999999988807262,
                1.1032560295458262e-09,
                2.1297851655549e-12,
                0.0,
                1.3887943829745826e-11
            ],
            [
                9.056060382247911e-11,
                1.0677030702735839e-06,
                0.9999989265413416,
                5.602786162887275e-09,
                6.224133208802662e-11
            ],
            [
                2.7346619441921887e-12,
                1.5736892942019404e-11,
                2.7346619441921887e-12,
                1.300712477157886e-05,
                0.9999869928540223
            ],
            [
                2.4133444854967265e-12,
                2.289717496052552e-11,
                3.0987956586009978e-12,
                7.889265048848566e-06,
                0.9999921107065418
            ]
        ],
        [
            [
                0.9999999981674876,
                1.8189616816430189e-09,
                2.7346982827065084e-12,
                0.0,
                1.0815941522143388e-11
            ],
            [
                0.9999999988853194,
                1.1032560293427985e-09,
                1.8795288114269366e-12,
                0.0,
                9.545034896879006e-12
            ],
            [
                1.5480068041454633e-05,
                0.5621662548796905,
                0.43781551919001016,
                2.6900324684447805e-06,
                5.582978949786379e-08
            ],
            [
                8.423239451592939e-12,
                5.492642087106616e-11,
                6.560025480898532e-12,
                2.7535689839657064e-05,
                0.9999724642402507
            ],
            [
                1.6586785343856187e-12,
                8.423464645585882e-12,
                1.0060393857120932e-12,
                8.764249146612418e-08,
                0.9999999123464203
            ]
        ],
        [
            [
                0.9999999995292785,
                4.5990553681219373e-10,
                0.0,
                0.0,
                1.0815941532520615e-11
            ],
            [
                0.999999997342873,
                2.646573627062819e-09,
                2.129785161422678e-12,
                0.0,
                8.423463716764477e-12
            ],
            [
                1.0463888603712922e-08,
                0.0003353500391347125,
                0.9996645972525662,
                4.138548224777887e-08,
                8.589282816364055e-10
            ],
            [
                3.330426549137191e-11,
                2.1717109120468833e-10,
                3.773867692207497e-11,
                0.0003353500551669074,
                0.999664649656619
            ],
            [
                1.1399919978785467e-12,
                9.545036135522464e-12,
                7.835042780494258e-13,
                1.8553915983405643e-07,
                0.9999998144493717
            ]
        ],
        [
            [
                0.9999999990108333,
                9.736200287750019e-10,
                1.6586783546109649e-12,
                0.0,
                1.3887943828933213e-11
            ],
            [
                0.9999999226354113,
                7.734422788188674e-08,
                1.0815942789356318e-11,
                0.0,
                9.545036010139138e-12
            ],
            [
                1.7832473578043186e-11,
                3.927863693035628e-07,
                0.9999996057634523,
                1.4166088398596902e-09,
                1.573710269804475e-11
            ],
            [
                3.0988018059191687e-12,
                2.5945949856984837e-11,
                3.978940280078086e-12,
                6.1441721270112314e-06,
                0.9999938557948493
            ],
            [
                3.329702606417903e-11,
                1.9161115529195722e-10,
                1.0256206070174709e-10,
                0.0005527785835797179,
                0.9994472210889501
            ]
        ],
        [
            [
                0.9999999995278148,
                4.599055371406776e-10,
                1.4637785118198122e-12,
                0.0,
                1.0815941540245814e-11
            ],
            [
                0.9999999907511378,
                9.23744956498647e-09,
                3.978962494062052e-12,
                0.0,
                7.433680594305862e-12
            ],
            [
                3.978962720398739e-12,
                5.043472049785096e-07,
                0.9999994953299932,
                3.1608816009290517e-10,
                2.734698418439014e-12
            ],
            [
                2.8871957571494844e-11,
                5.117676931715918e-10,
                3.5173244874842283e-10,
                0.01798621155726774,
                0.9820137875503602
            ],
            [
                3.0988193884825908e-12,
                1.3887944984314112e-11,
                1.879528968026645e-12,
                1.1253518378944685e-07,
                0.9999998874459499
            ]
        ],
        [
            [
                0.9999999983738408,
                1.6052280499984983e-09,
                3.0988191287083414e-12,
                0.0,
                1.7832472850522764e-11
            ],
            [
                0.9999999778285683,
                2.215948923638425e-08,
                7.433680492214887e-12,
                0.0,
                4.5087551330360284e-12
            ],
            [
                2.2897347709715915e-11,
                2.5109990738540396e-08,
                0.9999999675037894,
                7.19413279570677e-09,
                1.6918978674381213e-10
            ],
            [
                4.508325478220307e-12,
                6.223551351902864e-11,
                1.5735602082852038e-11,
                9.610239969092207e-05,
                0.9999038975178296
            ],
            [
                1.879528859017221e-12,
                1.0815941801730498e-11,
                2.1297852190898212e-12,
                6.475946146254979e-07,
                0.9999993523905601
            ]
        ],
        [
            [
                0.9999999993200255,
                6.691586076001153e-10,
                0.0,
                0.0,
                1.0815941532569078e-11
            ],
            [
                0.9999999992405773,
                7.582560417079603e-10,
                4.752193055982259e-13,
                0.0,
                6.91440009706242e-13
            ],
            [
                3.398242044513024e-09,
                7.889257464927108e-06,
                0.9999918652586478,
                2.3823493258579232e-07,
                3.850712715886582e-09
            ],
            [
                6.560200474129431e-12,
                2.940077876413246e-11,
                7.433681019068025e-12,
                5.043472051080663e-07,
                0.9999994956094003
            ],
            [
                3.098819009907724e-12,
                1.388794328765927e-11,
                3.098819009907724e-12,
                4.139937546693046e-08,
                0.999999958580539
            ]
        ],
        [
            [
                0.9999999991283086,
                8.592166599512653e-10,
                1.6586783551186773e-12,
                0.0,
                1.0815941532535572e-11
            ],
            [
                0.999999997337659,
                2.6465736270490197e-09,
                3.5114220976407666e-12,
                0.0,
                1.2256067389176335e-11
            ],
            [
                2.6460338138080525e-09,
                0.00020342687003432788,
                0.9997964565553912,
                1.1251222077187107e-07,
                1.4163198390884501e-09
            ],
            [
                4.508196473806673e-12,
                3.774666693152008e-11,
                8.422419837499517e-12,
                0.00012339462832164304,
                0.999876605321001
            ],
            [
                2.734698580888022e-12,
                9.545035932583398e-12,
                1.463778668974978e-12,
                8.764249146589146e-08,
                0.999999912343765
            ]
        ],
        [
            [
                0.9999999994680426,
                5.211412474374768e-10,
                0.0,
                0.0,
                1.0815941529238755e-11
            ],
            [
                0.9999999991268687,
                8.592166597879634e-10,
                1.6586783548034304e-12,
                0.0,
                1.2256067413724545e-11
            ],
            [
                1.4930408257710515e-10,
                3.5356259353911406e-05,
                0.9999644573895861,
                1.85532621485879e-07,
                6.691344750426639e-10
            ],
            [
                1.5706785647238817e-11,
                1.4902183305930946e-10,
                5.482206866820273e-11,
                0.0019267343343332575,
                0.9980732654461161
            ],
            [
                1.139987553201403e-12,
                1.0815900761511622e-11,
                1.6586721026796512e-12,
                3.7266391158173607e-06,
                0.9999962733472696
            ]
        ],
        [
            [
                0.9999999991252366,
                8.592166599486257e-10,
                1.6586783551135817e-12,
                0.0,
                1.3887943833141572e-11
            ],
            [
                0.9999999992333204,
                7.582560412619153e-10,
                0.0,
                0.0,
                8.423463737479933e-12
            ],
            [
                1.783247244924858e-11,
                2.510999091126359e-08,
                0.999999974457888,
                4.058652022031033e-10,
                8.42346353770067e-12
            ],
            [
                5.2877566372492535e-11,
                5.016883814117239e-10,
                3.448050458382739e-10,
                0.03732688389946142,
                0.9626731152011676
            ],
            [
                9.544835479519407e-12,
                5.492673579247682e-11,
                6.560063092897376e-12,
                2.144493976369663e-05,
                0.9999785549892047
            ]
        ],
        [
            [
                0.9999999991297746,
                8.592166600955466e-10,
                1.4637785110221447e-12,
                0.0,
                9.545034902601543e-12
            ],
            [
                0.9999999950304641,
                4.944450471185701e-09,
                5.789356292722657e-12,
                1.4637785050216622e-12,
                1.7832472797233957e-11
            ],
            [
                1.6994111798213486e-06,
                0.1480465741017353,
                0.8519491957077556,
                2.4726286765462504e-06,
                5.815065281129487e-08
            ],
            [
                4.506812199336459e-12,
                5.490421240044115e-11,
                1.388195887130549e-11,
                0.0004305571195298712,
                0.9995694428071772
            ],
            [
                1.4637786973588492e-12,
                7.43368160288584e-12,
                4.752193657641414e-13,
                6.825604230750592e-08,
                0.999999931734585
            ]
        ],
        [
            [
                0.9999999991299464,
                8.592166599526725e-10,
                1.2917800018321313e-12,
                0.0,
                9.545034901014356e-12
            ],
            [
                0.9999996940937588,
                3.059023588996569e-07,
                3.098819527695449e-12,
                0.0,
                7.835042768543726e-13
            ],
            [
                6.560200951240411e-12,
                6.825604191102502e-08,
                0.9999999260028356,
                5.602797106339268e-09,
                1.3176515842967011e-10
            ],
            [
                4.8380307941522914e-11,
                1.1011307333415798e-09,
                7.180274339956891e-09,
                0.8807970691303384,
                0.11920292253987627
            ],
            [
                2.1297854391511645e-12,
                1.7832475153718807e-11,
                2.413363075738393e-12,
                3.0590235902288883e-07,
                0.9999996940752653
            ]
        ],
        [
            [
                0.9999999983792254,
                1.6052280505771184e-09,
                1.658678354152286e-12,
                0.0,
                1.3887943825092741e-11
            ],
            [
                0.999999996989881,
                2.9989608110160626e-09,
                2.734698278970293e-12,
                0.0,
                8.42346371559144e-12
            ],
            [
                1.31764644975456e-10,
                2.9023122133760283e-06,
                0.9999969834160504,
                1.1253474963243564e-07,
                1.60522199164773e-09
            ],
            [
                1.3871689463651366e-11,
                1.3161092523512207e-10,
                4.8416953627553184e-11,
                0.00116951034922956,
                0.9988304894568709
            ],
            [
                4.507835577238775e-12,
                6.222875064458526e-11,
                1.081373539550401e-11,
                0.00020342706171079937,
                0.9997965728607389
            ]
        ],
        [
            [
                0.9999999988844643,
                1.1032560295499503e-09,
                1.4637785104194101e-12,
                0.0,
                1.0815941529898166e-11
            ],
            [
                0.9999977396596721,
                2.2603252731297717e-06,
                1.2256045029331102e-11,
                1.1399897681461236e-12,
                1.6586753254052035e-12
            ],
            [
                1.9761015538751362e-07,
                0.06008651216438376,
                0.9399111389724483,
                2.1245093862737565e-06,
                2.67436263498002e-08
            ],
            [
                5.109079966337602e-12,
                2.0206803250401695e-11,
                1.8795254829164884e-12,
                1.3709566547851927e-06,
                0.9999986290161498
            ],
            [
                1.6586783965448462e-12,
                1.0815941802668127e-11,
                1.1399918789074735e-12,
                6.475946146816376e-07,
                0.9999993523917707
            ]
        ],
        [
            [
                0.9999999990142721,
                9.736200291240583e-10,
                1.29178000189773e-12,
                0.0,
                1.0815941533102536e-11
            ],
            [
                0.9999999996360358,
                3.58174792159702e-10,
                0.0,
                0.0,
                5.78935631469078e-12
            ],
            [
                1.0815941931383436e-11,
                3.927863681336515e-07,
                0.9999996027594339,
                4.363462403865503e-09,
                7.991960169376853e-11
            ],
            [
                2.7346724207044603e-12,
                2.0206647928783734e-11,
                2.7346724207044603e-12,
                1.0129988104854602e-05,
                0.9999898699862191
            ],
            [
                4.508738190089832e-12,
                2.2897261858213064e-11,
                4.508738190089832e-12,
                2.902312199874251e-06,
                0.9999970976558854
            ]
        ],
        [
            [
                0.9999999969902023,
                2.9989608115826875e-09,
                2.413362761150689e-12,
                0.0,
                8.423463717182972e-12
            ],
            [
                0.9999999748776593,
                2.510999089522673e-08,
                5.7893561760508894e-12,
                0.0,
                6.560199995144942e-12
            ],
            [
                5.1090894185880595e-12,
                1.1253518332113881e-07,
                0.9999998830163254,
                4.363462586474773e-09,
                7.991960503837399e-11
            ],
            [
                1.2917801044422954e-12,
                8.423464404309348e-12,
                7.835042389510399e-13,
                8.315279902458279e-07,
                0.9999991684615109
            ],
            [
                2.1297852189483895e-12,
                1.3887944177915112e-11,
                3.511422192502939e-12,
                6.475946145824933e-07,
                0.9999993523858564
            ]
        ],
        [
            [
                0.9999999985717163,
                1.416608783056995e-09,
                2.1297851655641496e-12,
                0.0,
                9.545034898676994e-12
            ],
            [
                0.99999996775029,
                3.2241866297205434e-08,
                5.1090888576600525e-12,
                0.0,
                2.7346982003815757e-12
            ],
            [
                1.266655452091827e-07,
                0.006692848509517711,
                0.9933067058420482,
                3.038548469991809e-07,
                1.5128042041455055e-08
            ],
            [
                3.978909650630124e-12,
                2.594575012789492e-11,
                4.508695315504192e-12,
                1.3007124771406812e-05,
                0.9999869928407952
            ],
            [
                2.9077765854042085e-11,
                2.1485724312708709e-10,
                2.758821611346374e-10,
                0.010986942384677293,
                0.9890130570955056
            ]
        ],
        [
            [
                0.9999999991229163,
                8.592166593928284e-10,
                2.1297851646979707e-12,
                0.0,
                1.573710206062356e-11
            ],
            [
                0.9999999950503209,
                4.9444504704608484e-09,
                2.1297851573969596e-12,
                0.0,
                3.0988191189938507e-12
            ],
            [
                1.4930264549186823e-10,
                4.539785538548736e-05,
                0.9999545947465822,
                7.193804321797571e-09,
                5.492537378896644e-11
            ],
            [
                5.789257302569379e-12,
                3.7750699711105144e-11,
                6.5600879568123205e-12,
                1.67014151099002e-05,
                0.9999832985347901
            ],
            [
                1.879528904097704e-12,
                8.42346414687916e-12,
                1.6586784361844428e-12,
                5.043472050799254e-07,
                0.9999994956408332
            ]
        ],
        [
            [
                0.9999999992215369,
                7.582560409837425e-10,
                0.0,
                0.0,
                2.020683904205531e-11
            ],
            [
                0.9999999979370566,
                2.061153616969341e-09,
                1.0060392766138183e-12,
                0.0,
                7.835041764274312e-13
            ],
            [
                5.294131949646906e-08,
                0.0040701283386875755,
                0.9959275504081286,
                2.2511243343393204e-06,
                1.718752999973539e-08
            ],
            [
                5.393991802253706e-11,
                4.516334041206911e-10,
                1.8826881299603128e-10,
                0.01798621156994369,
                0.9820137877362142
            ],
            [
                6.5591619416469965e-12,
                5.491919054543609e-11,
                1.0814229811160158e-11,
                0.0001584362472786765,
                0.9998415636804288
            ]
        ],
        [
            [
                0.9999999993999247,
                5.905303987034906e-10,
                0.0,
                0.0,
                9.545034903591308e-12
            ],
            [
                0.9999999969890807,
                2.9989608103726836e-09,
                2.413362760176959e-12,
                0.0,
                9.545034876739247e-12
            ],
            [
                1.1032329839585226e-09,
                2.1444939843948608e-05,
                0.9999784400075201,
                1.1253282372007085e-07,
                1.4165791919310023e-09
            ],
            [
                2.0167911982381886e-11,
                1.315113060718506e-10,
                3.3251265470961e-11,
                0.0019267343356745336,
                0.998073265479395
            ],
            [
                2.4133491006793256e-12,
                1.783237189122337e-11,
                3.5114022219649756e-12,
                4.785094848941876e-06,
                0.9999952148813939
            ]
        ],
        [
            [
                0.9999999990139052,
                9.736200285698975e-10,
                1.6586783542615449e-12,
                0.0,
                1.0815941526946367e-11
            ],
            [
                0.9999999993212965,
                6.691586077271819e-10,
                0.0,
                0.0,
                9.545034902840799e-12
            ],
            [
                4.8473598065615305e-11,
                2.2603252570443437e-06,
                0.9999977323295309,
                7.194119821986514e-09,
                1.0261860791018372e-10
            ],
            [
                3.7336590419448994e-11,
                2.7588216115210526e-10,
                1.4766907968118213e-10,
                0.01098694238098578,
                0.9890130571581264
            ],
            [
                3.0987072150714224e-12,
                2.5945157857513346e-11,
                5.789147227823245e-12,
                3.535625752081935e-05,
                0.9999646437076463
            ]
        ],
        [
            [
                0.9999999995783977,
                4.0586521173820237e-10,
                0.0,
                0.0,
                1.5737102071602918e-11
            ],
            [
                0.999999998368776,
                1.6052280499903682e-09,
                3.0988191286926464e-12,
                0.0,
                2.2897348382349362e-11
            ],
            [
                5.78935620566473e-12,
                5.6027963184371e-09,
                0.9999999788453469,
                1.5229979420964808e-08,
                3.160881387121976e-10
            ],
            [
                8.878249244033076e-13,
                1.0815921779705312e-11,
                1.1399897685027198e-12,
                2.260325273836816e-06,
                0.9999977396618824
            ],
            [
                8.417489193562302e-12,
                7.047877412511619e-11,
                1.78198247626084e-11,
                0.0007096703431878514,
                0.999290329560096
            ]
        ],
        [
            [
                0.9999999992330184,
                7.582560411354701e-10,
                1.2917800019652777e-12,
                0.0,
                7.433680656120074e-12
            ],
            [
                0.9999999983632415,
                1.605228049981484e-09,
                2.1297851640510505e-12,
                0.0,
                2.9400777297527805e-11
            ],
            [
                1.7256546417387467e-08,
                7.484619999337613e-05,
                0.9999250747070862,
                6.023126525804172e-08,
                1.6051088505534003e-09
            ],
            [
                3.755427861423678e-11,
                2.774906714354671e-10,
                1.0208311313796795e-10,
                0.005220125700839596,
                0.9947798738820325
            ],
            [
                2.0201561838077168e-11,
                1.4927047370756875e-10,
                3.774148623780472e-11,
                0.0002611903277163203,
                0.9997388094650702
            ]
        ],
        [
            [
                0.9999999991297746,
                8.592166599525249e-10,
                1.4637785107784901e-12,
                0.0,
                9.545034901012715e-12
            ],
            [
                0.9999997617405252,
                2.382369841299489e-07,
                1.08159423463259e-11,
                2.129785326327014e-12,
                9.545035619166166e-12
            ],
            [
                2.334809115971269e-09,
                0.0003353500353306855,
                0.9996639946510869,
                6.473778575107926e-07,
                5.600915904432638e-09
            ],
            [
                2.003349667327357e-11,
                2.4405795223392837e-10,
                2.1538038689758093e-10,
                0.008577485684816227,
                0.9914225138357119
            ],
            [
