{
    "[['A', 'B', 'C', 'D', 'E'], ['A', 'B', 'C', 'D', 'E']]": [
        [
            [
                0.9999999316971577,
                6.825604219234435e-08,
                1.388794557999802e-11,
                3.5114225470050147e-12,
                2.940078102357173e-11
            ],
            [
                0.9997388095580978,
                0.00026119032652155536,
                7.989872697557334e-11,
                9.542542123424948e-12,
                2.5939318851411024e-11
            ],
            [
                5.492788539495802e-11,
                3.927863680305784e-07,
                0.9999996026634765,
                4.363462402720464e-09,
                1.3176514722382098e-10
            ],
            [
                4.508755227299576e-12,
                5.109089011071483e-12,
                1.1399918492529627e-12,
                2.9989608148833433e-09,
                0.9999999969902813
            ],
            [
                8.4234637465762e-12,
                7.433680665387129e-12,
                1.2917800035756501e-12,
                4.5990553743431864e-10,
                0.9999999995229456
            ]
        ],
        [
            [
                0.9999998724402027,
                1.275190673910856e-07,
                1.7832474060770334e-11,
                0.0,
                2.289734993645397e-11
            ],
            [
                0.9997388090118777,
                0.0002611903260956977,
                4.597854273134287e-10,
                7.051037896143213e-11,
                1.317307304517096e-10
            ],
            [
                9.357622960418927e-14,
                5.211412483198609e-10,
                0.9999999994161535,
                6.224144617306459e-11,
                3.701011675262004e-13
            ],
            [
                1.2917800009507809e-12,
                3.978962524023945e-12,
                1.0060392762964483e-12,
                2.646573631051603e-09,
                0.9999999973471496
            ],
            [
                2.7346982787637916e-12,
                7.433680637481843e-12,
                1.1399918476968149e-12,
                4.363462232475318e-09,
                0.9999999956252295
            ]
        ],
        [
            [
                0.9999982395792427,
                1.7603431305651678e-06,
                3.775127721227286e-11,
                6.560188311467581e-12,
                3.331538520844321e-11
            ],
            [
                0.9046504821835301,
                0.09534945295763332,
                6.174787901489082e-08,
                2.112896229625974e-09,
                9.980615082879089e-10
            ],
            [
                5.4927885276407725e-11,
                1.4449802925898104e-07,
                0.9999998388004537,
                1.5229980234614185e-08,
                1.416608832211139e-09
            ],
            [
                8.423463710576349e-12,
                9.545034873104139e-12,
                2.129785159858074e-12,
                4.944450476174504e-09,
                0.9999999950354512
            ],
            [
                7.4336806596412e-12,
                5.789356318831323e-12,
                1.139991851095062e-12,
                1.4166087842209104e-09,
                0.9999999985690282
            ]
        ],
        [
            [
                0.9999977395800809,
                2.260325270787408e-06,
                4.847359836034093e-11,
                8.423448340309474e-12,
                3.775127636132228e-11
            ],
            [
                0.9975273763097882,
                0.0024726229557217212,
                6.675039778188276e-10,
                3.7657997531953276e-11,
                2.932807796678625e-11
            ],
            [
                0.0,
                3.978962534347148e-12,
                0.9999999999836824,
                1.2256067439509679e-11,
                8.258073282463334e-14
            ],
            [
                2.4133627690051706e-12,
                4.508755237011345e-12,
                7.835041775883077e-13,
                7.582560419026459e-10,
                0.9999999992340383
            ],
            [
                4.508755239780086e-12,
                2.7346982900666084e-12,
                6.101936674201996e-13,
                1.917171512689018e-10,
                0.9999999998004292
            ]
        ],
        [
            [
                0.999999495577741,
                5.043472045582796e-07,
                3.3315446939219676e-11,
                8.423464138166782e-12,
                3.3315446939219676e-11
            ],
            [
                2.6057052964833465e-10,
                6.720202532033584e-09,
                1.130163214743161e-06,
                0.4999994317956618,
                0.49999943106035044
            ],
            [
                0.0,
                9.056076987450316e-11,
                0.999999999886344,
                2.289734845083604e-11,
                1.9810087975627985e-13
            ],
            [
                1.081594149376007e-11,
                1.081594149376007e-11,
                2.7346982755300817e-12,
                5.60279640463018e-09,
                0.999999994372837
            ],
            [
                1.6586783579526522e-12,
                1.8795288154494715e-12,
                0.0,
                1.162823302347978e-10,
                0.9999999998801794
            ]
        ],
        [
            [
                0.9999993523277595,
                6.475946135475641e-07,
                3.331544611915292e-11,
                6.560200305497467e-12,
                3.7751346233149335e-11
            ],
            [
                0.9997965724480693,
                0.00020342706051765724,
                3.5810173426243837e-10,
                4.276915306442306e-11,
                9.054229774789364e-11
            ],
            [
                3.900837608312839e-14,
                3.5817479285680975e-10,
                0.999999999623779,
                1.783247289960749e-11,
                1.7482341274339326e-13
            ],
            [
                2.5946094950834578e-11,
                1.2256067429016777e-11,
                2.1297851683348036e-12,
                6.691586083057903e-10,
                0.9999999992905095
            ],
            [
                2.1297851685372157e-12,
                3.511422109388965e-12,
                8.878265468377561e-13,
                6.691586083693862e-10,
                0.9999999993243123
            ]
        ],
        [
            [
                0.9999993523477044,
                6.475946139288381e-07,
                2.5946095541245364e-11,
                5.789356453344539e-12,
                2.5946095541245364e-11
            ],
            [
                0.9980732565849133,
                0.0019267343318928043,
                8.136316304325702e-09,
                5.893927762391727e-10,
                3.5748478940220596e-10
            ],
            [
                8.258073279374569e-14,
                5.905303994523789e-10,
                0.9999999993832429,
                2.5946094963343442e-11,
                1.9810087965661506e-13
            ],
            [
                8.423463744087674e-12,
                5.109089021766947e-12,
                1.4637785123219661e-12,
                8.592166608585229e-10,
                0.9999999991257871
            ],
            [
                3.9789625320369015e-12,
                2.4133627695281923e-12,
                6.101936671777316e-13,
                2.789468090204682e-10,
                0.9999999997140507
            ]
        ],
        [
            [
                0.9999999847636913,
                1.5229979504726986e-08,
                1.65867833277769e-12,
                6.914399997986889e-13,
                3.9789624731389366e-12
            ],
            [
                0.7310584748460958,
                0.2689413829378133,
                1.3563994140334437e-07,
                4.641347989059346e-09,
                1.9348016967500625e-09
            ],
            [
                1.0603575989631116e-13,
                2.594609497813331e-11,
                0.9999999999532658,
                2.0206839086615266e-11,
                4.75219306192289e-13
            ],
            [
                1.225606729400058e-11,
                1.225606729400058e-11,
                3.0988191007708796e-12,
                1.1861120006081809e-08,
                0.999999988111269
            ],
            [
                3.098819135247988e-12,
                5.1090890223359354e-12,
                1.1399918517664021e-12,
                5.905303992324077e-10,
                0.9999999994001216
            ]
        ],
        [
            [
                0.9999989322095054,
                1.0677030752885475e-06,
                4.847359839724127e-11,
                9.545017463576116e-12,
                2.9400723614524e-11
            ],
            [
                0.9999952146624259,
                4.78509483999978e-06,
                1.4930862153635647e-10,
                2.2897218705369918e-11,
                7.052839884964152e-11
            ],
            [
                3.3315446725330286e-11,
                1.444980302652744e-07,
                0.9999998457100631,
                9.23745002344109e-09,
                5.211412691816239e-10
            ],
            [
                2.0206840593506812e-11,
                2.940077958011097e-11,
                3.0988193692579916e-12,
                2.3823698447378376e-07,
                0.999999761710309
            ],
            [
                1.2256067352564104e-11,
                1.3887943761240849e-11,
                2.1297851550493213e-12,
                7.19413297659545e-09,
                0.9999999927775931
            ]
        ],
        [
            [
                0.9999869926788951,
                1.3007124751247253e-05,
                1.1628078458968716e-10,
                1.7832235865453745e-11,
                6.224061886878495e-11
            ],
            [
                0.9995694421506982,
                0.00043055711692607015,
                5.902759101915759e-10,
                6.221462321174077e-11,
                7.988515749352627e-11
            ],
            [
                2.461692432919128e-10,
                1.067703068308752e-06,
                0.9999989246393991,
                7.1941198241747255e-09,
                2.1724359471670675e-10
            ],
            [
                3.098819135826288e-12,
                3.5114221100954377e-12,
                7.835041777743324e-13,
                4.058652122683287e-10,
                0.999999999586741
            ],
            [
                8.42346374671437e-12,
                4.50875523814426e-12,
                1.0060392783572008e-12,
                3.160881451403922e-10,
                0.9999999996699735
            ]
        ],
        [
            [
                0.9999998144096282,
                1.8553915960415324e-07,
                1.783247515163795e-11,
                3.978963036427871e-12,
                2.940078109173699e-11
            ],
            [
                0.9992903282191555,
                0.000709670338535858,
                1.2492661589846009e-09,
                9.049653702795705e-11,
                1.025460109411343e-10
            ],
            [
                1.6052252980796682e-09,
                1.0677011579291755e-06,
                0.9999973741995519,
                1.3709554242079938e-06,
                1.8553864063995933e-07
            ],
            [
                9.05607697223104e-11,
                1.0815941536454401e-11,
                2.1297851668538603e-12,
                1.4166087839148352e-09,
                0.9999999984798846
            ],
            [
                2.1297851659537e-12,
                5.109089016063947e-12,
                1.291780001752078e-12,
                1.818961683280971e-09,
                0.9999999981725076
            ]
        ],
        [
            [
                0.9999999918398333,
                8.152020643134305e-09,
                3.0988191116049985e-12,
                5.384940170632055e-13,
                4.508755202840074e-12
            ],
            [
                0.9984988176251658,
                0.0015011820242360838,
                2.7852788333572394e-10,
                2.935662292244272e-11,
                4.2713634314338046e-11
            ],
            [
                1.3615261070767084e-13,
                1.9171715123319785e-10,
                0.9999999997159275,
                9.056076982935345e-11,
                1.658678357680211e-12
            ],
            [
                3.0988191354706326e-12,
                3.0988191354706326e-12,
                6.914400099685811e-13,
                5.211412482420873e-10,
                0.9999999994719697
            ],
            [
                9.545034912042341e-12,
                8.423463744939192e-12,
                1.6586783570377704e-12,
                5.905303992263376e-10,
                0.9999999993898425
            ]
        ],
        [
            [
                0.999997097563682,
                2.9023121957573686e-06,
                7.052853166971249e-11,
                1.0815900635830247e-11,
                4.277771684219408e-11
            ],
            [
                0.9241418102216983,
                0.07585817475423991,
                1.407466018941034e-08,
                6.18397410514137e-10,
                3.3100428134424143e-10
            ],
            [
                1.7832472834436576e-11,
                2.646573627969611e-09,
                0.9999999959691588,
                1.2501528612192857e-09,
                1.1628232982156133e-10
            ],
            [
                3.331544528227445e-11,
                1.7832472833536475e-11,
                3.0988191257565663e-12,
                3.850741906656361e-09,
                0.9999999960950114
            ],
            [
                3.978962530087828e-12,
                5.789356320365307e-12,
                1.65867835651752e-12,
                9.736200298941218e-10,
                0.9999999990149531
            ]
        ],
        [
            [
                0.9999986289425506,
                1.3709566529741347e-06,
                4.847360102340819e-11,
                9.545017980699043e-12,
                4.27778027602792e-11
            ],
            [
                0.999738809480523,
                0.0002611903264393562,
                1.4927047362911888e-10,
                1.7827815740104764e-11,
                2.5939318843247666e-11
            ],
            [
                2.7346982874707695e-12,
                8.592166606225982e-10,
                0.9999999985835919,
                5.211412480035104e-10,
                3.331544537145879e-11
            ],
            [
                6.560200147655029e-12,
                9.545034893015124e-12,
                2.1297851643008154e-12,
                2.6465736306393313e-09,
                0.9999999973351914
            ],
            [
                3.160881450746777e-10,
                1.081594154508038e-11,
                1.4637785124740993e-12,
                5.21141248200769e-10,
                0.9999999991504909
            ]
        ],
        [
            [
                0.9999251531856539,
                7.484619697593554e-05,
                4.0583505663521495e-10,
                6.223682165480305e-11,
                1.4929837384274353e-10
            ],
            [
                0.9999970974184901,
                2.9023121947156536e-06,
                1.69189152081523e-10,
                2.0206762631625735e-11,
                7.991929652992429e-11
            ],
            [
                1.2015425714496568e-13,
                1.2501528645893312e-09,
                0.9999999987115562,
                3.775134538851386e-11,
                4.193795652349901e-13
            ],
            [
                1.879528815304391e-12,
                2.1297851695566956e-12,
                0.0,
                1.3176514261439605e-10,
                0.9999999998642255
            ],
            [
                5.789356324527456e-12,
                3.098819136472017e-12,
                7.835041779375983e-13,
                3.5817479276827557e-10,
                0.9999999996321536
            ]
        ],
        [
            [
                0.9999962732756311,
                3.726639110282744e-06,
                5.492767624993534e-11,
                7.433652622813963e-12,
                2.2897262057795286e-11
            ],
            [
                0.9999832982317541,
                1.670141507361677e-05,
                2.1724027710666496e-10,
                3.331487549307568e-11,
                1.0261704081337811e-10
            ],
            [
                1.4930947009157424e-10,
                6.475946107106892e-07,
                0.9999993464071136,
                5.602796530293048e-09,
                2.4616969925694303e-10
            ],
            [
                2.940077703580975e-11,
                2.940077703580975e-11,
                6.560200088488507e-12,
                1.186112000730564e-08,
                0.9999999880735183
            ],
            [
                1.0815941528784919e-11,
                8.423463732272222e-12,
                1.291780001382064e-12,
                2.3355930326448834e-09,
                0.9999999976438758
            ]
        ],
        [
            [
                0.9999952146797133,
                4.785094843507219e-06,
                1.0261821488821503e-10,
                2.020672460010239e-11,
                1.0261821488821503e-10
            ],
            [
                0.9046505082615686,
                0.09534946777391613,
                2.2715773358244628e-08,
                7.77291020313406e-10,
                4.714508353393961e-10
            ],
            [
                3.775134777715092e-11,
                7.194133475175647e-09,
                0.9999998683718125,
                1.1253518167788804e-07,
                1.1861120884777923e-08
            ],
            [
                3.3315445241631556e-11,
                1.7832472811781902e-11,
                2.4133627587916985e-12,
                4.944450475219442e-09,
                0.9999999950019882
            ],
            [
                2.413362768965031e-12,
                3.978962531108406e-12,
                1.0060392780876805e-12,
                5.905303991925827e-10,
                0.9999999994020712
            ]
        ],
        [
            [
                0.999999993635182,
                6.348800066640957e-09,
                2.1297851543830176e-12,
                0.0,
                1.3887943756896003e-11
            ],
            [
                0.97068776593382,
                0.029312227734766782,
                5.438564106454728e-09,
                4.4642452719432166e-10,
                4.4642452719432166e-10
            ],
            [
                1.3615261065836072e-13,
                9.736200302239907e-10,
                0.999999998996473,
                2.9400777360323176e-11,
                3.701011674498813e-13
            ],
            [
                9.545034907744703e-12,
                6.560200157778511e-12,
                1.2917800027429848e-12,
                9.736200297611304e-10,
                0.999999999008983
            ],
            [
                1.3887943851480345e-11,
                7.433680665134897e-12,
                1.46377851270474e-12,
                2.789468090160656e-10,
                0.9999999996982678
            ]
        ],
        [
            [
                0.9999970975843088,
                2.9023121963646654e-06,
                5.4927675704741855e-11,
                1.081590063809343e-11,
                3.775120262077644e-11
            ],
            [
                0.9992903294300424,
                0.0007096703403204269,
                1.6906978988924665e-10,
                1.781982475116393e-11,
                4.274753733839054e-11
            ],
            [
                1.4637784841696846e-12,
                1.9555680687643522e-08,
                0.9999999796667671,
                7.582560272734823e-10,
                1.783247254320487e-11
            ],
            [
                3.331544482724296e-11,
                2.5946094519829e-11,
                3.978962464843756e-12,
                1.725782768004243e-08,
                0.9999999826789318
            ],
            [
                1.6918979122356226e-10,
                4.2777878427254926e-11,
                3.978962511426977e-12,
                5.602796403165058e-09,
                0.999999994181257
            ]
        ],
        [
            [
                0.9999996940440548,
                3.059023587276082e-07,
                2.0206841615283877e-11,
                3.97896303305137e-12,
                2.940078106678783e-11
            ],
            [
                0.999992110640996,
                7.88926504285099e-06,
                7.052826405241778e-11,
                9.54496259172057e-12,
                1.3887838623805325e-11
            ],
            [
                0.0,
                1.16282330273075e-10,
                0.999999999865731,
                1.7832472903678437e-11,
                1.5428112028053343e-13
            ],
            [
                2.940077725395716e-11,
                1.2256067386202533e-11,
                2.7346982786733187e-12,
                4.36346223233096e-09,
                0.9999999955921461
            ],
            [
                4.5087552365386254e-12,
                5.789356321339545e-12,
                1.2917800031368173e-12,
                8.592166608204734e-10,
                0.9999999991291935
            ]
        ],
        [
            [
                0.9999994955756354,
                5.043472042703403e-07,
                2.289734948638276e-11,
                5.7893565891370364e-12,
                4.847368924305852e-11
            ],
            [
                0.9999646435326239,
                3.53562574638581e-05,
                1.4930407459569875e-10,
                1.7831828803280024e-11,
                4.2776333562439334e-11
            ],
            [
                7.991960868886401e-11,
                3.0590235785686894e-07,
                0.9999996903405075,
                3.3982682344721163e-09,
                2.7894684335028263e-10
            ],
            [
                3.098819135091513e-12,
                3.5114221092628287e-12,
                7.835041775885521e-13,
                7.582560419028824e-10,
                0.9999999992343502
            ],
            [
                3.0988191336648767e-12,
                3.511422107646238e-12,
                8.878265463971257e-13,
                1.1032560305431554e-09,
                0.9999999988892458
            ]
        ],
        [
            [
                0.999999814407809,
                1.855391594842274e-07,
                1.5737104076565357e-11,
                3.9789630338560125e-12,
                3.331544959152425e-11
            ],
            [
                0.6791784505060212,
                0.3208211929227296,
                3.4254207356467007e-07,
                1.172114519995929e-08,
                2.308030336635582e-09
            ],
            [
                7.835041710336285e-13,
                9.237449573866775e-09,
                0.9999999905649409,
                1.9171714954729476e-10,
                5.1090889793344795e-12
            ],
            [
                3.7751345398614356e-11,
                1.388794384871235e-11,
                2.1297851684635106e-12,
                7.582560419038795e-10,
                0.9999999991879749
            ],
            [
                2.4133627698427002e-12,
                3.5114221104803315e-12,
                7.835041778602138e-13,
                3.5817479273289964e-10,
                0.999999999635117
            ]
        ],
        [
            [
                0.9999991683537325,
                8.315279883382494e-07,
                5.4927887621032405e-11,
                8.423464384985381e-12,
                5.4927887621032405e-11
            ],
            [
                0.9992903287516107,
                0.0007096703396857846,
                7.577182287933795e-10,
                4.843930576409545e-11,
                1.0254601110729651e-10
            ],
            [
                0.0,
                9.545034921567859e-12,
                0.9999999999829388,
                7.433680671360954e-12,
                8.258073284454759e-14
            ],
            [
                1.139991851151198e-12,
                2.734698287050426e-12,
                7.835041772052921e-13,
                1.2501528643106433e-09,
                0.9999999987451889
            ],
            [
                5.109089024977301e-12,
                3.098819136850057e-12,
                7.835041780331818e-13,
                3.1608814524044367e-10,
                0.9999999996749205
            ]
        ],
        [
            [
                0.999569441983117,
                0.0004305571168538858,
                7.579292714174047e-10,
                6.221462320131028e-11,
                7.988515748013326e-11
            ],
            [
                0.37754041378338776,
                0.6224589100190979,
                6.64602190007329e-07,
                9.480041094697709e-09,
                2.1152830876735955e-09
            ],
            [
                1.8795287925358964e-12,
                1.1861119999867204e-08,
                0.9999999873454289,
                7.58256033107614e-10,
                3.331544499619745e-11
            ],
            [
                1.3887943826524683e-11,
                1.0815941527349107e-11,
                1.6586783543233071e-12,
                2.3355930323348346e-09,
                0.9999999976380445
            ],
            [
                9.545034914410761e-12,
                6.5602001623600214e-12,
                1.2917800036451377e-12,
                4.0586521228912223e-10,
                0.9999999995767377
            ]
        ],
        [
            [
                0.9999962732096027,
                3.7266391073148728e-06,
                9.05604281112769e-11,
                1.2256021188468561e-11,
                4.84735041181334e-11
            ],
            [
                0.9999785547934246,
                2.1444939729185374e-05,
                1.917131451411155e-10,
                2.0206416836189724e-11,
                5.492673570408344e-11
            ],
            [
                8.258073278997764e-14,
                4.5990553749999725e-10,
                0.9999999994847959,
                5.49278834659258e-11,
                2.8823507911553654e-13
            ],
            [
                2.1297851695847143e-12,
                4.5087552393922685e-12,
                0.0,
                2.789468091073176e-10,
                0.9999999997144147
            ],
            [
                8.423463708239408e-12,
                1.2256067376836337e-11,
                1.8795288062239455e-12,
                4.944450474802754e-09,
                0.9999999950329905
            ]
        ],
        [
            [
                0.999954601871307,
                4.539785567144709e-05,
                1.6918206284356798e-10,
                3.33139234090282e-11,
                7.052557641034607e-11
            ],
            [
                0.9999646435204823,
                3.535625745587199e-05,
                1.4930407456197462e-10,
                1.7831828799252252e-11,
                5.4925899514478575e-11
            ],
            [
                1.3615261065722378e-13,
                9.736200302158604e-10,
                0.9999999989881223,
                3.7751345400717237e-11,
                3.7010116744679075e-13
            ],
            [
                4.508755236469828e-12,
                6.560200159678459e-12,
                1.4637785122348094e-12,
                7.582560418115768e-10,
                0.9999999992292112
            ],
            [
                5.789356324486248e-12,
                4.5087552389892805e-12,
                8.878265471950655e-13,
                3.160881451996327e-10,
                0.999999999672726
            ]
        ],
        [
            [
                0.9999832984494109,
                1.670141508801681e-05,
                7.991823181083507e-11,
                1.783216786273097e-11,
                3.775069966164147e-11
            ],
            [
                0.999993855420378,
                6.144172112676819e-06,
                2.78945248386938e-10,
                2.5945949796452687e-11,
                1.0261822209401591e-10
            ],
            [
                1.4637785132710834e-12,
                3.581747928191492e-10,
                0.9999999994865432,
                1.4930946753252185e-10,
                4.5087552396617775e-12
            ],
            [
                1.5737101452822015e-11,
                2.5946093904433548e-11,
                3.0988190099335394e-12,
                4.139937546727534e-08,
                0.9999999585558426
            ],
            [
                4.50875523782872e-12,
                3.9789625318959165e-12,
                1.0060392782867943e-12,
                4.5990553740967657e-10,
                0.9999999995306008
            ]
        ],
        [
            [
                0.9999938557816836,
                6.1441721247351065e-06,
                2.5945949847373092e-11,
                4.508730021545497e-12,
                1.57370140777981e-11
            ],
            [
                0.9914225121578498,
                0.008577485655673475,
                1.8033578964911127e-09,
                1.677384136061374e-10,
                2.1538038642516128e-10
            ],
            [
                1.9810087968836683e-13,
                2.789468091228044e-10,
                0.9999999996290025,
                9.056076984345708e-11,
                1.2917800040261176e-12
            ],
            [
                2.2897348287136525e-11,
                2.5946094790901097e-11,
                2.413362753987122e-12,
                7.194132977126933e-09,
                0.9999999927546102
            ],
            [
                6.224144611771004e-11,
                1.388794384011451e-11,
                3.0988191331771503e-12,
                1.250152864149861e-09,
                0.999999998670619
            ]
        ],
        [
            [
                0.9995694417163293,
                0.00043055711715219385,
                8.588463820357437e-10,
                9.052174268433009e-11,
                2.171503720922863e-10
            ],
            [
                0.9999832983935022,
                1.6701415083932834e-05,
                1.1628034112779838e-10,
                2.0206493423540503e-11,
                5.492694389008735e-11
            ],
            [
                0.0,
                1.4930946756695402e-10,
                0.9999999998383411,
                1.2256067439768483e-11,
                9.357622965533415e-14
            ],
            [
                1.5737102089970286e-11,
                5.789356322516206e-12,
                1.463778512554651e-12,
                4.599055373715571e-10,
                0.9999999995171043
            ],
            [
                1.5737102079560793e-11,
                7.433680659455586e-12,
                1.6586783560366104e-12,
                1.2501528642178676e-09,
                0.9999999987250177
            ]
        ],
        [
            [
                0.9999832984647806,
                1.67014150851233e-05,
                7.99182317969893e-11,
                1.0815756536014815e-11,
                2.940027445288622e-11
            ],
            [
                0.9996646493771587,
                0.0003353500533066341,
                3.580545966808714e-10,
                6.222055923579369e-11,
                1.492593623275618e-10
            ],
            [
                3.978962469537239e-12,
                1.5229979490941032e-08,
                0.999999983453647,
                1.2501528455559014e-09,
                6.224144519197131e-11
            ],
            [
                4.5087552349223105e-12,
                5.109089019709172e-12,
                1.139991851180292e-12,
                1.1032560305395592e-09,
                0.9999999988859862
            ],
            [
                3.5114221027712505e-12,
                9.545034894012539e-12,
                2.4133627645443314e-12,
                2.6465736309158868e-09,
                0.9999999973379565
            ]
        ],
        [
            [
                0.9999999123316623,
                8.764249137009244e-08,
                9.545035922150044e-12,
                2.413363024498203e-12,
                1.3887945318950643e-11
            ],
            [
                0.9999251535651572,
                7.48461969902246e-05,
                1.6917722139759555e-10,
                2.020533771463083e-11,
                4.8470085449889524e-11
            ],
            [
                1.0815941374039732e-11,
                4.3634621790170046e-09,
                0.9999999831740717,
                1.1861119950390233e-08,
                5.905303898895135e-10
            ],
            [
                2.5946094962624716e-11,
                9.545034915431554e-12,
                1.87952881508015e-12,
                2.7894680907036755e-10,
                0.9999999996836826
            ],
            [
                8.423463738787684e-12,
                1.0815941537150938e-11,
                1.6586783558264666e-12,
                1.2501528640594813e-09,
                0.999999998728949
            ]
        ],
        [
            [
                0.9994472210567231,
                0.0005527785890233048,
                2.787925855443924e-10,
                3.773047352891792e-11,
                3.773047352891792e-11
            ],
            [
                0.9980732623186234,
                0.0019267343193389009,
                2.6414751816989387e-09,
                3.154792215531768e-10,
                4.0508333891114215e-10
            ],
            [
                1.7482341266956916e-13,
                1.917171512030714e-10,
                0.9999999996894122,
                1.1628233019742559e-10,
                2.413362769658489e-12
            ],
            [
                6.560200161179556e-12,
                5.1090890226317955e-12,
                1.0060392782137853e-12,
                5.905303992666045e-10,
                0.9999999993967943
            ],
            [
                1.0815941545700316e-11,
                8.423463745445947e-12,
                1.4637785125579988e-12,
                5.905303992618638e-10,
                0.9999999993887665
            ]
        ],
        [
            [
                0.9997965722472696,
                0.00020342706052028003,
                5.210349489184541e-10,
                5.491667958563566e-11,
                1.1625861159510362e-10
            ],
            [
                0.9997965727676192,
                0.0002034270608165765,
                1.3173826607656864e-10,
                1.3885111089594895e-11,
                2.5940802661632983e-11
            ],
            [
                3.037975384405766e-14,
                1.917171513103665e-10,
                0.9999999997903,
                1.783247290205722e-11,
                1.2015425727668937e-13
            ],
            [
                3.3315449589702006e-11,
                2.020684161826494e-11,
                3.0988195264097404e-12,
                6.825604230274329e-08,
                0.9999999316873366
            ],
            [
                3.0988191361850722e-12,
                3.0988191361850722e-12,
                6.914400101279941e-13,
                4.058652123153202e-10,
                0.9999999995872457
            ]
        ],
        [
            [
                0.9999646435937762,
                3.535625750434952e-05,
                1.1627813034404805e-10,
                9.544690169280709e-12,
                2.2896521435658126e-11
            ],
            [
                0.8519527556921955,
                0.14804719653184598,
                4.528794308928409e-08,
                1.7560041176150998e-09,
                7.320114230328075e-10
            ],
            [
                5.384940131589316e-13,
                1.52299795010169e-08,
                0.9999999841681357,
                5.905303904452951e-10,
                1.0815941384219228e-11
            ],
            [
                4.508755235005436e-12,
                3.0988191337119064e-12,
                7.83504177239733e-13,
                1.250152864365597e-09,
                0.9999999987414561
            ],
            [
                2.5946094959397245e-11,
                7.43368066565731e-12,
                1.4637785128076092e-12,
                4.058652122820413e-10,
                0.9999999995592912
            ]
        ],
        [
            [
                0.9999251535486254,
                7.484619706493347e-05,
                1.6917722156646238e-10,
                2.2895647197880367e-11,
                6.223682172880746e-11
            ],
            [
                0.9980732653059939,
                0.0019267343267346311,
                3.1547922276413736e-10,
                2.5896111566462877e-11,
                2.5896111566462877e-11
            ],
            [
                2.1297851600816987e-12,
                4.363462230665086e-09,
                0.9999999950260452,
                5.905303968793212e-10,
                1.7832472817098777e-11
            ],
            [
                4.508755239005753e-12,
                2.4133627700727005e-12,
                6.101936673154049e-13,
                4.058652123514965e-10,
                0.9999999995866025
            ],
            [
                1.2256067421469821e-11,
                9.54503490521663e-12,
                2.1297851670233394e-12,
                1.416608784027563e-09,
                0.9999999985594603
            ]
        ],
        [
            [
                0.9999994956026638,
                5.04347204391768e-07,
                2.0206840003994803e-11,
                3.97896271576974e-12,
                2.594609615607195e-11
            ],
            [
                0.9999785548285761,
                2.1444939733984144e-05,
                1.3176238928827097e-10,
                2.940016302343165e-11,
                7.05273247155152e-11
            ],
            [
                1.7832474287548122e-11,
                1.1253518342423325e-07,
                0.9999998839324337,
                3.3982680823625124e-09,
                1.162823392970389e-10
            ],
            [
