{
    "[['A', 'B', 'C', 'D', 'E'], ['A', 'B', 'C', 'D', 'E']]": [
        [
            [
                0.9999999998461817,
                1.4930946749683819e-10,
                0.0,
                0.0,
                4.5087552385842245e-12
            ],
            [
                0.9999999998212652,
                1.6918979199159718e-10,
                0.0,
                0.0,
                9.545034907613018e-12
            ],
            [
                4.8468233910575685e-11,
                3.397885524016628e-09,
                1.669982189634042e-05,
                0.9998871958919764,
                9.610083977349967e-05
            ],
            [
                4.49076009708414e-11,
                1.0220922869983092e-09,
                5.190612928047141e-09,
                0.18242551395386752,
                0.8175744797885196
            ],
            [
                1.4637787001249375e-12,
                1.225606900145028e-11,
                3.978963041435019e-12,
                1.8553915983763668e-07,
                0.9999998144431413
            ]
        ],
        [
            [
                0.9999999998631259,
                1.317651425830077e-10,
                0.0,
                0.0,
                5.109089023490025e-12
            ],
            [
                0.9999999998031739,
                1.917171509893701e-10,
                0.0,
                0.0,
                5.109089017764486e-12
            ],
            [
                1.161146736586149e-08,
                0.0031157911312055925,
                0.9789525363260936,
                0.017930140127677432,
                1.5208035561293634e-06
            ],
            [
                8.410812896486252e-12,
                3.1561342548784844e-10,
                4.6841185531837256e-08,
                0.9984987708785792,
                0.0015011819562110698
            ],
            [
                2.1297568635074246e-12,
                2.940038662057382e-11,
                2.0206570516629925e-11,
                1.3007124771181743e-05,
                0.999986992823492
            ]
        ],
        [
            [
                0.999999999916569,
                7.991959886939267e-11,
                0.0,
                0.0,
                3.5114221107338523e-12
            ],
            [
                0.9999999992309279,
                7.582560411338849e-10,
                0.0,
                0.0,
                1.0815941533645495e-11
            ],
            [
                4.8460656789463785e-11,
                2.060599561121689e-09,
                7.887204087797114e-06,
                0.9997309223587942,
                0.000261188328057847
            ],
            [
                2.5840454268111853e-11,
                9.696558927292275e-10,
                1.0633568042324191e-06,
                0.9959288017398591,
                0.004070133907840232
            ],
            [
                1.463778627110917e-12,
                1.2256068390111373e-11,
                2.734698502675659e-12,
                8.315279902797e-07,
                0.9999991684555551
            ]
        ],
        [
            [
                0.9999999997144928,
                2.7894680893566294e-10,
                0.0,
                0.0,
                6.5602001598936516e-12
            ],
            [
                0.9999999990263799,
                9.73620029845627e-10,
                0.0,
                0.0,
                0.0
            ],
            [
                3.6680036061759386e-09,
                2.0427728379791272e-05,
                0.9525454682272027,
                0.0474244510007789,
                9.649375635091795e-06
            ],
            [
                7.432503943212678e-12,
                4.0580096541346193e-10,
                3.9272380312684474e-07,
                0.9998411707728919,
                0.00015843609007134142
            ],
            [
                1.2917776434386346e-12,
                1.573707333976293e-11,
                4.508747000382693e-12,
                1.0677030765342613e-06,
                0.9999989322753859
            ]
        ],
        [
            [
                0.9999999999725901,
                2.594609495976017e-11,
                0.0,
                0.0,
                1.463778512828084e-12
            ],
            [
                0.9999999990108333,
                9.736200285669064e-10,
                1.6586783542564495e-12,
                0.0,
                1.3887943825964891e-11
            ],
            [
                7.55076581814285e-10,
                9.889551591244537e-08,
                0.004069637043035137,
                0.9958073708575944,
                0.0001228924487778746
            ],
            [
                1.0060124900744925e-12,
                2.289673873687305e-11,
                1.0815653546148377e-11,
                2.7535689838272422e-05,
                0.9999724642754433
            ],
            [
                1.0813116847379084e-11,
                9.053711889024693e-11,
                7.989872698957618e-11,
                0.0002611903275731074,
                0.9997388094911779
            ]
        ],
        [
            [
                0.99999999990365,
                9.056076972327658e-11,
                0.0,
                0.0,
                5.78935631764223e-12
            ],
            [
                0.9999999994704352,
                5.211412481177173e-10,
                0.0,
                0.0,
                8.423463743620734e-12
            ],
            [
                1.3435873769585024e-08,
                0.000335349413294932,
                0.9996628489548968,
                1.7597521896188477e-06,
                2.844374499341729e-08
            ],
            [
                6.554221736998942e-12,
                2.7869259992552593e-10,
                1.7242100611681533e-08,
                0.9990889310866066,
                0.0009110513860460314
            ],
            [
                2.129773106149096e-12,
                1.7832371890756768e-11,
                7.433638562039127e-12,
                4.7850948488166694e-06,
                0.9999952148777553
            ]
        ],
        [
            [
                0.9999999997998594,
                1.9171715122424603e-10,
                0.0,
                0.0,
                8.42346374780846e-12
            ],
            [
                0.9999999995845898,
                4.0586521174071555e-10,
                0.0,
                0.0,
                9.545034901513471e-12
            ],
            [
                7.287724085101014e-14,
                1.2501528645480359e-09,
                0.9999999986454968,
                1.0261879616608867e-10,
                1.6586783564746712e-12
            ],
            [
                3.2949425356946837e-11,
                4.5485278672825284e-10,
                1.2364180647873674e-09,
                0.010986942356915186,
                0.9890130559188646
            ],
            [
                2.129785270414374e-12,
                2.020684003385899e-11,
                5.7893565990871266e-12,
                5.043472051371552e-07,
                0.9999994956246689
            ]
        ],
        [
            [
                0.9999999997115081,
                2.789468089667428e-10,
                0.0,
                0.0,
                9.54503491188571e-12
            ],
            [
                0.9999999996730959,
                3.160881448802655e-10,
                0.0,
                0.0,
                1.0815941538427959e-11
            ],
            [
                5.106887431772555e-12,
                2.460636163317015e-10,
                8.760471550791881e-08,
                0.9995693550122287,
                0.0004305571318854417
            ],
            [
                7.904141644248403e-11,
                1.5875892884165658e-09,
                1.3558945430648256e-06,
                0.989011715147309,
                0.010986927291517153
            ],
            [
                1.6586753259612037e-12,
                1.7832440300828397e-11,
                3.9789552601611544e-12,
                2.260325273887449e-06,
                0.999997739651256
            ]
        ],
        [
            [
                0.9999999997761957,
                2.172439932726219e-10,
                0.0,
                0.0,
                6.560200161048944e-12
            ],
            [
                0.9999999998257012,
                1.6918979206729688e-10,
                0.0,
                0.0,
                5.1090890221985055e-12
            ],
            [
                2.335112016776427e-09,
                0.00020342646412189262,
                0.9997936410306105,
                2.901722667515321e-06,
                2.8447488041944926e-08
            ],
            [
                8.420636695732776e-12,
                4.0572899732944765e-10,
                3.926545287188105e-07,
                0.9996642568904237,
                0.00033535004089787655
            ],
            [
                1.6586784868930624e-12,
                1.2256068389742247e-11,
                3.5114223843076993e-12,
                8.315279902546561e-07,
                0.9999991684545836
            ]
        ],
        [
            [
                0.9999999999332496,
                6.22414461832738e-11,
                0.0,
                0.0,
                4.508755238976792e-12
            ],
            [
                0.9999999994081779,
                5.905303985969791e-10,
                0.0,
                0.0,
                1.2917800019478908e-12
            ],
            [
                1.782927688229222e-11,
                1.1030583012256486e-09,
                2.1441544313944768e-05,
                0.9998201245610151,
                0.00015843277378344538
            ],
            [
                9.540921497003843e-12,
                1.4924512281356865e-10,
                1.9163453100930565e-10,
                0.00043055712010996427,
                0.9995694425294696
            ],
            [
                1.879528956464039e-12,
                1.0815942362498216e-11,
                3.511422374790744e-12,
                2.382369844861679e-07,
                0.9999997617468086
            ]
        ],
        [
            [
                0.9999999997136195,
                2.78946808699614e-10,
                0.0,
                0.0,
                7.433680656701747e-12
            ],
            [
                0.999999996990957,
                2.9989608120841455e-09,
                1.6586783518495953e-12,
                0.0,
                8.423463718591465e-12
            ],
            [
                2.939377262276342e-11,
                3.3974581781569458e-09,
                0.0002034196984341924,
                0.9997612278315414,
                3.534904317240995e-05
            ],
            [
                2.2645787532335756e-11,
                5.840425581514719e-10,
                8.667960110561024e-08,
                0.9890129700072386,
                0.010986942706471905
            ],
            [
                1.658678482400229e-12,
                1.081594236251555e-11,
                2.129785329514945e-12,
                2.3823698448654966e-07,
                0.9999997617484111
            ]
        ],
        [
            [
                0.9999999999059279,
                9.056076972348287e-11,
                0.0,
                0.0,
                3.5114221066590426e-12
            ],
            [
                0.9999999999189404,
                7.991959886246154e-11,
                0.0,
                0.0,
                1.1399918520875423e-12
            ],
            [
                2.9393044603647325e-11,
                4.362314605270241e-09,
                1.3705985062037844e-06,
                0.9997374351669039,
                0.00026118984288222766
            ],
            [
                3.543712798933618e-11,
                8.065453154531713e-10,
                1.429635778958553e-08,
                0.7310585794580352,
                0.26894140540362454
            ],
            [
                3.488759485117031e-11,
                7.007360745443935e-10,
                7.533622777386156e-09,
                0.07585817539344379,
                0.9241418163373099
            ]
        ],
        [
            [
                0.9999999998024935,
                1.9171715115130615e-10,
                0.0,
                0.0,
                5.789356321950583e-12
            ],
            [
                0.9999999995867013,
                4.058652119048735e-10,
                0.0,
                0.0,
                7.43368065874924e-12
            ],
            [
                1.3167595885793559e-10,
                2.8434089742160293e-08,
                0.00012332639307937592,
                0.9993239344932068,
                0.000552710547948055
            ],
            [
                1.5149676417717435e-11,
                2.6853443980694724e-10,
                3.4480504596812467e-10,
                0.0373268838942342,
                0.9626731154772766
            ],
            [
                1.4637786970099868e-12,
                7.43368160111417e-12,
                2.1297854370505483e-12,
                6.825604229123845e-08,
                0.9999999317329304
            ]
        ],
        [
            [
                0.9999999998771574,
                1.1628233017471046e-10,
                0.0,
                0.0,
                6.560200160960764e-12
            ],
            [
                0.9999999999442886,
                5.4927883469731265e-11,
                0.0,
                0.0,
                7.835041779385003e-13
            ],
            [
                3.454361981791751e-05,
                0.9769811729572829,
                0.022976394431196454,
                7.70772342207841e-06,
                1.8126828056884887e-07
            ],
            [
                9.092349378082139e-12,
                3.01097259021525e-10,
                7.222947757479483e-10,
                0.04742587538434536,
                0.9525741235831702
            ],
            [
                1.8794966673033117e-12,
                2.5945651176254435e-11,
                1.3887706312457368e-11,
                1.6701415108583447e-05,
                0.9999832985431785
            ]
        ],
        [
            [
                0.9999999998242499,
                1.6918979213186623e-10,
                0.0,
                0.0,
                6.560200163126826e-12
            ],
            [
                0.9999999990236452,
                9.736200287874758e-10,
                0.0,
                0.0,
                2.7346982845320245e-12
            ],
            [
                3.850044244445209e-09,
                5.82840463060321e-05,
                0.9998179320618368,
                0.00012338732699812384,
                3.9271481490228736e-07
            ],
            [
                8.422644781415893e-12,
                4.058257523160599e-10,
                2.3821403128898075e-07,
                0.9999036589724842,
                9.610239923595416e-05
            ],
            [
                6.559574865105345e-12,
                5.4922647911223286e-11,
                2.289516593436415e-11,
                9.610239927144038e-05,
                0.9999038975163511
            ]
        ],
        [
            [
                0.9999999996360358,
                3.581747924501821e-10,
                0.0,
                0.0,
                5.789356319385953e-12
            ],
            [
                0.999999999471425,
                5.211412476768412e-10,
                0.0,
                0.0,
                7.43368065649018e-12
            ],
            [
                2.7849494110968535e-10,
                1.9524002682961045e-08,
                0.0007090243097341266,
                0.99838055065302,
                0.0009104052347481003
            ],
            [
                4.508041679406038e-12,
                5.49191905339636e-11,
                5.49191905339636e-11,
                0.0001584362476581215,
                0.9998415636379955
            ],
            [
                2.1297771163725185e-12,
                1.0815900652736696e-11,
                3.978947487894614e-12,
                2.902312200294004e-06,
                0.9999970976708751
            ]
        ],
        [
            [
                0.9999999999608953,
                3.331544539509969e-11,
                0.0,
                0.0,
                5.789356324114446e-12
            ],
            [
                0.9999999976477842,
                2.3355930295563593e-09,
                2.7346982807694602e-12,
                0.0,
                1.3887943810003265e-11
            ],
            [
                1.3745101505978885e-09,
                1.402038469913038e-07,
                0.029299973663075775,
                0.9702819429810644,
                0.0004179417775027034
            ],
            [
                3.5105050639693944e-12,
                7.051037908139456e-11,
                1.3173073067582893e-10,
                0.00026119032819831755,
                0.9997388094660501
            ],
            [
                2.7346724208266754e-12,
                2.594584952777857e-11,
                1.2255951499373847e-11,
                1.012998810530732e-05,
                0.9999898699709582
            ]
        ],
        [
            [
                0.9999999998024935,
                1.9171715112645273e-10,
                0.0,
                0.0,
                5.789356321200075e-12
            ],
            [
                0.9999999999405633,
                5.492788346952664e-11,
                0.0,
                0.0,
                4.508755239009768e-12
            ],
            [
                8.421745294550663e-12,
                4.598117131328036e-10,
                3.92706222713232e-07,
                0.9997961799658512,
                0.00020342685969251635
            ],
            [
                3.0971058717734443e-12,
                7.987541319257167e-11,
                1.3169229273655454e-10,
                0.0005527785839784837,
                0.9994472212013568
            ],
            [
                1.4637786985342011e-12,
                1.5737104089438882e-11,
                3.0988195291141836e-12,
                3.059023590397084e-07,
                0.9999996940773412
            ]
        ],
        [
            [
                0.9999999999236819,
                7.052879845226009e-11,
                0.0,
                0.0,
                5.789356323899004e-12
            ],
            [
                0.9999999994748796,
                5.211412476786416e-10,
                0.0,
                0.0,
                3.978962527360664e-12
            ],
            [
                3.3310174489596523e-11,
                2.9984863506733024e-09,
                3.535187312471309e-05,
                0.9998412549336848,
                0.00012339016139392684
            ],
            [
                7.42690635271223e-12,
                1.16176362113816e-10,
                1.9154243936960892e-10,
                0.0009110514038841839,
                0.9990889482809701
            ],
            [
                2.1297854417446666e-12,
                1.2256069002381904e-11,
                2.734698639291681e-12,
                1.855391598517401e-07,
                0.9999998144437195
            ]
        ],
        [
            [
                0.9999999998455815,
                1.4930946748344546e-10,
                0.0,
                0.0,
                5.109089023400389e-12
            ],
            [
                0.9999999999086557,
                9.056076983497758e-11,
                0.0,
                0.0,
                7.835041779721874e-13
            ],
            [
                5.786861592166415e-12,
                2.7882660614770207e-10,
                8.760471549076572e-08,
                0.9995693549794081,
                0.00043055713126287625
            ],
            [
                1.0208135892337732e-10,
                4.340609833458768e-09,
                1.6614246123915008e-05,
                0.9947633428309769,
                0.005220038480208035
            ],
            [
                1.463778698583757e-12,
                1.783247515530301e-11,
                3.5114225558678862e-12,
                3.059023590500646e-07,
                0.9999996940748332
            ]
        ],
        [
            [
                0.9999999997463966,
                2.461696947239505e-10,
                0.0,
                0.0,
                7.43368065853423e-12
            ],
            [
                0.9999999990168349,
                9.736200289644885e-10,
                0.0,
                0.0,
                9.545034899934703e-12
            ],
            [
                3.09710577110279e-12,
                1.492269129446667e-10,
                3.222404052657846e-08,
                0.9994471890587444,
                0.0005527785648909886
            ],
            [
                1.075948096550805e-11,
                1.6830660000837193e-10,
                2.161099522070468e-10,
                0.005220125698954079,
                0.99477987390587
            ],
            [
                1.463772992995982e-12,
                1.7832405647014397e-11,
                9.544998920551036e-12,
                3.7266391157606167e-06,
                0.999996273332043
            ]
        ],
        [
            [
                0.9999999999678646,
                2.940077736663828e-11,
                0.0,
                0.0,
                2.7346982891542957e-12
            ],
            [
                0.9999999999760967,
                2.2897348438546152e-11,
                0.0,
                0.0,
                1.0060392784964337e-12
            ],
            [
                7.287724087476235e-14,
                9.736200301862934e-10,
                0.999999998945696,
                7.99195988380422e-11,
                6.914400099024151e-13
            ],
            [
                1.647973303746383e-11,
                2.921102574975097e-10,
                5.45733807694208e-10,
                0.07585817589397095,
                0.9241418232517054
            ],
            [
                7.835042419338189e-13,
                5.789356797399121e-12,
                1.1399919453306486e-12,
                1.1253518382937171e-07,
                0.9999998874571033
            ]
        ],
        [
            [
                0.9999999999259599,
                7.052879845242074e-11,
                0.0,
                0.0,
                3.5114221104539684e-12
            ],
            [
                0.9999999998250209,
                1.6918979208653767e-10,
                0.0,
                0.0,
                5.789356322743324e-12
            ],
            [
                3.5782721815210153e-10,
                8.755743342636844e-08,
                0.0007094852315369577,
                0.999029421822705,
                0.0002610050304972074
            ],
            [
                1.0808270623822029e-11,
                5.901115811182607e-10,
                3.056850754804272e-07,
                0.999290023675211,
                0.0007096700387936585
            ],
            [
                2.413362884119247e-12,
                2.0206840030381616e-11,
                1.081594206051678e-11,
                5.043472050503626e-07,
                0.9999994956193589
            ]
        ],
        [
            [
                0.9999999999392828,
                5.4927883459016814e-11,
                0.0,
                0.0,
                5.789356323404827e-12
            ],
            [
                0.9999999996788029,
                3.1608814493468416e-10,
                0.0,
                0.0,
                5.109089020035158e-12
            ],
            [
                2.4475018071202883e-10,
                2.496519714511882e-08,
                0.005217254100709799,
                0.9942328261527859,
                0.0005498945365570197
            ],
            [
                3.017289194656248e-11,
                7.781691395865832e-10,
                6.515530434182658e-09,
                0.3775406733688249,
                0.6224593193073026
            ],
            [
                6.914215987539683e-13,
                7.433482725341909e-12,
                3.5113286098296402e-12,
                2.753568983811154e-05,
                0.9999724642985257
            ]
        ],
        [
            [
                0.9999999999243623,
                7.052879845859201e-11,
                0.0,
                0.0,
                5.109089024258095e-12
            ],
            [
                0.9999999999502345,
                4.8473687023534766e-11,
                0.0,
                0.0,
                1.2917800037422099e-12
            ],
            [
                4.5867559877564485e-10,
                1.1223421854686082e-07,
                0.0024721208182300358,
                0.9973248424549134,
                0.00020292403396252406
            ],
            [
                6.556573181441921e-12,
                9.051070088959294e-11,
                1.3169229272543372e-10,
                0.0005527785844026503,
                0.9994472211868377
            ],
            [
                8.878266607447391e-13,
                8.423464825622383e-12,
                2.129785441785863e-12,
                1.8553915985532897e-07,
                0.999999814449399
            ]
        ],
        [
            [
                0.9999999998250209,
                1.6918979208653767e-10,
                0.0,
                0.0,
                5.789356322743324e-12
            ],
            [
                0.9999999994653108,
                5.211412476736548e-10,
                1.291780002021694e-12,
                0.0,
                1.2256067417872515e-11
            ],
            [
                3.329175298823286e-11,
                1.2492638143812571e-09,
                1.7590944337169391e-06,
                0.9992885706163731,
                0.0007096690066375778
            ],
            [
                2.1296878748496805e-12,
                2.5944909673539646e-11,
                1.7831658257823982e-11,
                4.5397855733402696e-05,
                0.9999546020983603
            ],
            [
                1.6586784398279896e-12,
                1.0815942084909676e-11,
                3.9789627299392556e-12,
                1.4449803165983677e-07,
                0.9999998554855148
            ]
        ],
        [
            [
                0.9999999999149713,
                7.991959884493254e-11,
                0.0,
                0.0,
                5.109089022654595e-12
            ],
            [
                0.9999999997769666,
                2.1724399327278937e-10,
                0.0,
                0.0,
                5.7893563224651205e-12
            ],
            [
                4.846176164462136e-11,
                7.192363141354335e-09,
                0.00012337932534255328,
                0.9997532341084899,
                0.00012337932534255328
            ],
            [
                1.7679498737310084e-11,
                2.7655389064471124e-10,
                1.5914577591638515e-09,
                0.008577485668906606,
                0.9914225124454022
            ],
            [
                1.2917801690306978e-12,
                1.0815942932489745e-11,
                2.734698639297911e-12,
                1.855391598521628e-07,
                0.9999998144459977
            ]
        ],
        [
            [
                0.9999999999332496,
                6.224144617772822e-11,
                0.0,
                0.0,
                4.508755238575073e-12
            ],
            [
                0.9999999992324327,
                7.582560411350259e-10,
                8.878265459067963e-13,
                0.0,
                8.423463736070318e-12
            ],
            [
                1.3886037140316898e-11,
                1.4164142954416845e-09,
                1.3005524239463915e-05,
                0.9998636000670628,
                0.00012339297839739126
            ],
            [
                8.949205007784314e-11,
                2.308030391394038e-09,
                3.186137676169647e-08,
                0.32082127718976305,
                0.6791786885513378
            ],
            [
                3.098819208856758e-12,
                2.2897348974686478e-11,
                4.5087553443405494e-12,
                6.475946146464635e-07,
                0.9999993523748805
            ]
        ],
        [
            [
                0.9999999998762841,
                1.16282330187912e-10,
                0.0,
                0.0,
                7.43368066504538e-12
            ],
            [
                0.9999999997115081,
                2.7894680855491233e-10,
                0.0,
                0.0,
                9.545034897793646e-12
            ],
            [
                1.2074177007143473e-06,
                0.7772240610638959,
                0.22267842245885047,
                9.591706841730804e-05,
                3.9199113566905835e-07
            ],
            [
                2.3498672009783393e-11,
                5.348273097798629e-10,
                1.1322294236888819e-09,
                0.3775406754454031,
                0.6224593228640415
            ],
            [
                1.879525482937656e-12,
                9.545017993415676e-12,
                4.5087472454007205e-12,
                1.3709566548006325e-06,
                0.9999986290274119
            ]
        ],
        [
            [
                0.9999999999067046,
                9.056076981046844e-11,
                0.0,
                0.0,
                2.7346982889870416e-12
            ],
            [
                0.9999999997472699,
                2.461696947241655e-10,
                0.0,
                0.0,
                6.560200155965202e-12
            ],
            [
                6.211170552165516e-11,
                8.135028035178511e-09,
                0.0019264301538099583,
                0.9979154306325259,
                0.00015813101652452756
            ],
            [
                1.463725644946854e-12,
                3.331424212469514e-11,
                2.020610925371775e-11,
                3.535625751622643e-05,
                0.9999646436874997
            ],
            [
                1.1399897684735637e-12,
                1.388791846969294e-11,
                3.5114156924464358e-12,
                2.2603252737790063e-06,
                0.9999977396561869
            ]
        ],
        [
            [
                0.9999999997454068,
                2.4616969487918957e-10,
                0.0,
                0.0,
                8.423463744122838e-12
            ],
            [
                0.9999999999189404,
                7.991959886246154e-11,
                0.0,
                0.0,
                1.1399918520875423e-12
            ],
            [
                1.7827816649183708e-11,
                1.1029679598022306e-09,
                3.058224459701846e-07,
                0.9997385027170003,
                0.00026119033975801676
            ],
            [
                1.9984836467875758e-11,
                6.618068919542618e-10,
                1.173080784639563e-08,
                0.989013045368019,
                0.010986942219381396
            ],
            [
                3.0988074506210854e-12,
                2.9400666499232477e-11,
                1.3887891482530682e-11,
                3.726639115918647e-06,
                0.9999962733144967
            ]
        ],
        [
            [
                0.999999999934247,
                6.224144616438575e-11,
                0.0,
                0.0,
                3.511422109726834e-12
            ],
            [
                0.9999999998637261,
                1.3176514249633885e-10,
                0.0,
                0.0,
                4.508755235293257e-12
            ],
            [
                3.116194877915054e-10,
                8.640344728187957e-08,
                0.014062588451368246,
                0.9858635311419263,
                7.37936916386705e-05
            ],
            [
                2.7346515147830507e-12,
                2.9400274494756253e-11,
                2.2896956799030422e-11,
                1.6701415108908413e-05,
                0.9999832985298592
            ],
            [
                1.8795254829622548e-12,
                1.5737074195165843e-11,
                5.1090799664620076e-12,
                1.3709566548185754e-06,
                0.9999986290206195
            ]
        ],
        [
            [
                0.999999999922911,
                7.052879842787329e-11,
                0.0,
                0.0,
                6.5602001604104795e-12
            ],
            [
                0.9999999998455815,
                1.4930946738514717e-10,
                0.0,
                0.0,
                5.109089020036807e-12
            ],
            [
                1.6042822285137053e-09,
                0.00043048874001302913,
                0.9994109036020045,
                0.00015836795710659146,
                2.380965936258407e-07
            ],
            [
                6.559562697383453e-12,
                2.789197033399948e-10,
                1.8552128389461235e-07,
                0.9999037117889304,
                9.610240430634552e-05
            ],
            [
                1.879528904082737e-12,
                1.2256068014955813e-11,
                5.7893565983840885e-12,
                5.043472050759091e-07,
                0.9999994956328699
            ]
        ],
        [
            [
                0.999999999945737,
                4.8473687012877274e-11,
                0.0,
                0.0,
                5.78935632277987e-12
            ],
            [
                0.9999999996352649,
                3.58174792322727e-10,
                0.0,
                0.0,
                6.5602001552304265e-12
            ],
            [
                4.8467219136734266e-11,
                5.602048846941847e-09,
                5.828688537538968e-05,
                0.999866865621827,
                7.484184228156536e-05
            ],
            [
                1.3480852565287895e-11,
                5.058652604678251e-10,
                1.016057536728445e-08,
                0.9706877617461953,
                0.02931222757388318
            ],
            [
                1.291780100975112e-12,
                1.0815942362667302e-11,
                2.129785329544827e-12,
                2.3823698448989224e-07,
                0.999999761748778
            ]
        ],
        [
            [
                0.9999999998624456,
                1.3176514247131668e-10,
                0.0,
                0.0,
                5.789356318641064e-12
            ],
            [
                0.9999999999854206,
                1.3887943855468307e-11,
                0.0,
                0.0,
                6.914400102212565e-13
            ],
            [
                7.990375086316206e-11,
                8.150404167751689e-09,
                0.00012338533190722712,
                0.9998017694510243,
                7.48369867605527e-05
            ],
            [
                1.2252866658633843e-11,
                5.903761774140186e-10,
                8.313107648811316e-07,
                0.9997379780084855,
                0.00026119007812060825
            ],
            [
                1.1399917922793303e-12,
                1.0815940980763187e-11,
                1.4637784361020724e-12,
                5.315784971076937e-08,
                0.9999999468287306
            ]
        ],
        [
            [
                0.9999999999155715,
                7.991959885412359e-11,
                0.0,
                0.0,
                4.50875523804016e-12
            ],
            [
                0.9999999998031739,
                1.9171715115143658e-10,
                0.0,
                0.0,
                5.109089022083411e-12
            ],
            [
                1.0025520962314263e-10,
                1.4879192376661636e-08,
                0.022976063509691304,
                0.976966969529918,
                5.695198094308188e-05
            ],
            [
                8.422837899753287e-12,
                7.052355829374741e-11,
                9.055404132443125e-11,
                7.484619709460022e-05,
                0.9999251536334051
            ],
            [
                1.8795254231482802e-12,
                1.7832440712550858e-11,
                8.423448546346172e-12,
                1.7603431339431333e-06,
                0.9999982396287306
            ]
        ],
        [
            [
                0.9999999999532432,
                4.2777878646040424e-11,
                0.0,
                0.0,
                3.978962531777198e-12
            ],
            [
                0.9999999981658585,
                1.8189616822100326e-09,
                1.2917800009915248e-12,
                0.0,
                1.388794382416961e-11
            ],
            [
                4.640869596949883e-09,
                9.021055904785901e-05,
                0.73098368858379,
                0.2689138875447327,
                1.2208671559675173e-05
            ],
            [
                1.308832051863912e-10,
                2.628859450396408e-09,
                8.259630865183345e-07,
                0.993306326246688,
                0.006692845030482861
            ],
            [
                1.4637758375444778e-12,
                2.2897306587677496e-11,
                5.7893457426457364e-12,
                2.2603252738723494e-06,
                0.9999977396445757
            ]
        ],
        [
            [
                0.9999999999743681,
                2.289734842724344e-11,
                0.0,
                0.0,
                2.734698288102988e-12
            ],
            [
                0.9999999990144239,
                9.736200296031265e-10,
                1.1399918510564009e-12,
                0.0,
                1.0815941538424507e-11
            ],
            [
                1.3176038565889527e-10,
                6.475712202498001e-07,
                0.9999633485351588,
                3.535619064034488e-05,
                6.475712202498001e-07
            ],
            [
                5.4822065495959104e-11,
                1.2477444594984805e-09,
                2.9931833570752356e-09,
                0.22270014326282872,
                0.7772998524414214
            ],
            [
                1.6586753641813202e-12,
