{
    "[['A', 'B', 'C', 'D', 'E'], ['A', 'B', 'C', 'D', 'E']]": [
        [
            [
                0.9999999950021008,
                4.944450472412763e-09,
                3.511422092407987e-12,
                1.4637785053849274e-12,
                4.8473686773241e-11
            ],
            [
                0.999999974864743,
                2.51099908949024e-08,
                7.433680476211477e-12,
                0.0,
                1.7832472437629283e-11
            ],
            [
                0.0,
                1.9171715126539966e-10,
                0.999999999782162,
                2.5946094967819384e-11,
                1.7482341272640516e-13
            ],
            [
                5.49273638693506e-11,
                1.3176389614892616e-10,
                5.49273638693506e-11,
                1.0129988103096691e-05,
                0.9999898697702783
            ],
            [
                9.055956620120025e-11,
                2.4616642319785653e-10,
                7.052786107210148e-11,
                1.3007124766557489e-05,
                0.9999869924679796
            ]
        ],
        [
            [
                0.9999999879346203,
                1.1861119991432346e-08,
                7.43368057213139e-12,
                5.109088959182646e-12,
                1.9171714879110276e-10
            ],
            [
                0.9999989322129993,
                1.0677030746849594e-06,
                3.7751276368718956e-11,
                8.423448341959895e-12,
                3.7751276368718956e-11
            ],
            [
                2.4616924565598994e-10,
                1.7603430976230358e-06,
                0.9999982192645585,
                1.9555645377613044e-08,
                5.905293215386716e-10
            ],
            [
                1.2256068388577935e-11,
                2.940077965853075e-11,
                1.0815942390785003e-11,
                8.315279901756621e-07,
                0.9999991684195371
            ],
            [
                4.277788406831059e-11,
                9.056078128326858e-11,
                3.331544961053806e-11,
                3.059023589640538e-07,
                0.9999996939309869
            ]
        ],
        [
            [
                0.9999999981442116,
                1.8189616816006806e-09,
                3.5114221018857436e-12,
                0.0,
                3.331544531264275e-11
            ],
            [
                0.9999989322439019,
                1.0677030756205274e-06,
                2.940072362366554e-11,
                5.789345740951504e-12,
                1.7832440295490665e-11
            ],
            [
                0.002324127264395084,
                0.9376199057295315,
                0.059940032159565254,
                0.00010211507404032839,
                1.3819772467975518e-05
            ],
            [
                4.846379972095221e-11,
                1.49279012463066e-10,
                7.051441251376145e-11,
                0.00020342706088293636,
                0.9997965726708599
            ],
            [
                6.224144864687592e-11,
                1.1628233481925123e-10,
                1.7832473600857144e-11,
                3.9278636980607363e-07,
                0.9999996070172739
            ]
        ],
        [
            [
                0.9999999803243356,
                1.9555680675376728e-08,
                1.225606718559116e-11,
                5.109088920301023e-12,
                1.0261879415255521e-10
            ],
            [
                0.9999999005730942,
                9.931195231591324e-08,
                1.7832474559085907e-11,
                6.560200775500486e-12,
                9.056077828089135e-11
            ],
            [
                9.357622960025861e-14,
                5.211412482979704e-10,
                0.9999999994162354,
                6.224144617045016e-11,
                2.8823507907293876e-13
            ],
            [
                2.9400781094117775e-11,
                3.775135019531964e-11,
                1.0815942918907953e-11,
                3.0590235901196443e-07,
                0.9999996940196729
            ],
            [
                1.691897960136245e-10,
                1.9171715562753047e-10,
                4.847368813770048e-11,
                6.475946143512539e-07,
                0.9999993519960051
            ]
        ],
        [
            [
                0.9999999955957888,
                4.363462227544774e-09,
                7.433680629082072e-12,
                0.0,
                3.3315445227740906e-11
            ],
            [
                0.9999938556572231,
                6.144172122684707e-06,
                7.052840396868766e-11,
                2.0206726051922283e-11,
                7.991915185439064e-11
            ],
            [
                7.052853159284558e-11,
                2.9023121925942266e-06,
                0.9999970952267669,
                2.335584199679991e-09,
                5.492767563338446e-11
            ],
            [
                3.775113158168195e-11,
                7.991914618556796e-11,
                4.847341245960292e-11,
                4.785094847892189e-06,
                0.9999952147390084
            ],
            [
                3.331544403082168e-11,
                5.4927881216435325e-11,
                1.3887943285174634e-11,
                4.139937545952387e-08,
                0.9999999584984933
            ]
        ],
        [
            [
                0.9999999943448623,
                5.602796398848331e-09,
                7.433680621020463e-12,
                2.1297851562489997e-12,
                4.27778783942963e-11
            ],
            [
                0.9999989321810901,
                1.0677030748790937e-06,
                6.224133235650302e-11,
                1.0815921769199315e-11,
                4.277780042629016e-11
            ],
            [
                4.8473688595652886e-11,
                3.927863669697291e-07,
                0.9999995998217166,
                7.194133257835385e-09,
                1.4930947234153585e-10
            ],
            [
                2.940077965287199e-11,
                9.056077685810273e-11,
                3.775134834472343e-11,
                8.315279900156181e-07,
                0.999999168314297
            ],
            [
                3.331538451357634e-11,
                7.991945281863233e-11,
                2.2897306594979804e-11,
                1.0677030762734943e-06,
                0.9999989321607916
            ]
        ],
        [
            [
                0.9999999961175225,
                3.850741902362203e-09,
                5.789356298052353e-12,
                0.0,
                2.5946094845274073e-11
            ],
            [
                0.9999996940019644,
                3.059023585611782e-07,
                3.3315449566661375e-11,
                7.43368159722609e-12,
                5.492789034349198e-11
            ],
            [
                9.736107944844148e-10,
                1.0129987832852163e-05,
                0.9999898436127178,
                2.5109753336801454e-08,
                3.1608514667608844e-10
            ],
            [
                9.055956620513454e-11,
                2.789431016557633e-10,
                6.224061894475021e-11,
                1.3007124767122573e-05,
                0.9999869924434897
            ],
            [
                2.461692448379015e-10,
                4.599046965125525e-10,
                1.3176490164937622e-10,
                2.260325271927123e-06,
                0.9999977388368892
            ]
        ],
        [
            [
                0.9999999316274009,
                6.825604221504604e-08,
                2.020684159230263e-11,
                5.789357045588705e-12,
                9.056078111027533e-11
            ],
            [
                0.9999977395757247,
                2.2603252720374494e-06,
                6.224133236741268e-11,
                1.0815921771095132e-11,
                2.594604751816097e-11
            ],
            [
                0.0,
                1.2256067439751455e-11,
                0.9999999999613227,
                2.5946094973559892e-11,
                4.752193061085239e-13
            ],
            [
                2.335588890120263e-09,
                2.789463137978362e-10,
                1.0261861403678178e-10,
                1.37095665116991e-06,
                0.999998626326195
            ],
            [
                9.545034867323476e-12,
                9.545034867323476e-12,
                2.7346982756859442e-12,
                5.602796404949508e-09,
                0.9999999943753788
            ]
        ],
        [
            [
                0.999999997653183,
                2.3355930319388893e-09,
                3.0988191296195176e-12,
                6.914400086630209e-13,
                7.433680650516887e-12
            ],
            [
                0.99999960709423,
                3.9278636928109294e-07,
                5.492788556983201e-11,
                9.545035280864508e-12,
                5.492788556983201e-11
            ],
            [
                3.331544765349776e-11,
                2.3823698270990467e-07,
                0.9999997543663786,
                7.194133512267255e-09,
                1.6918980359569948e-10
            ],
            [
                3.5816866603002284e-10,
                7.582430719356978e-10,
                2.7894203757582227e-10,
                1.670141508814082e-05,
                0.9999832971895581
            ],
            [
                1.1628212401029197e-10,
                2.461692584615452e-10,
                5.492778606414479e-11,
                1.3709566542193836e-06,
                0.9999986286259667
            ]
        ],
        [
            [
                0.9999999990003838,
                9.736200291105363e-10,
                3.0988191317501983e-12,
                0.0,
                2.2897348404941784e-11
            ],
            [
                0.9999999936186934,
                6.348800065338769e-09,
                6.560200115760514e-12,
                0.0,
                2.5946094775545283e-11
            ],
            [
                9.056077326240817e-11,
                5.043472003287039e-07,
                0.9999994861330717,
                9.237450005279237e-09,
                1.9171715850097476e-10
            ],
            [
                9.054229790451527e-11,
                2.1719968150215064e-10,
                1.0259786480761724e-10,
                0.00020342706156084787,
                0.9997965725280994
            ],
            [
                6.560200862317653e-12,
                1.3887945334508954e-11,
                3.5114224849356587e-12,
                8.76424914682761e-08,
                0.9999999123335489
            ]
        ],
        [
            [
                0.9999999927714974,
                7.194132968131302e-09,
                8.423463681646865e-12,
                0.0,
                2.5946094758457784e-11
            ],
            [
                0.999999998550479,
                1.4166087825830115e-09,
                3.5114221033123204e-12,
                0.0,
                2.940077730857828e-11
            ],
            [
                1.1032498534280032e-09,
                6.1441720824002406e-06,
                0.9999938489527139,
                5.602765058414905e-09,
                1.6918884469412361e-10
            ],
            [
                1.0261743233465486e-10,
                1.691875434347766e-10,
                5.492715342239818e-11,
                1.3007124764448558e-05,
                0.9999869925485034
            ],
            [
                1.3887943122340998e-11,
                1.7832471954599553e-11,
                3.978962323072181e-12,
                5.315784970176116e-08,
                0.9999999468064509
            ]
        ],
        [
            [
                0.9999999965385964,
                3.3982678022773e-09,
                5.1090890021774534e-12,
                3.098819123021251e-12,
                5.492788323124749e-11
            ],
            [
                0.9999997616992453,
                2.3823698427058694e-07,
                2.940077955503449e-11,
                8.423464373946386e-12,
                2.5946096890890438e-11
            ],
            [
                5.008774630790137e-14,
                1.2501528646262743e-09,
                0.9999999987235626,
                2.5946094946227314e-11,
                2.882350789385454e-13
            ],
            [
                9.055956621369622e-11,
                1.917146031788315e-10,
                5.492715343888307e-11,
                1.3007124768352292e-05,
                0.9999869925380304
            ],
            [
                1.3887944404803106e-11,
                2.5946095991316856e-11,
                6.560200423155706e-12,
                3.927863698161255e-07,
                0.9999996071672359
            ]
        ],
        [
            [
                0.9999999715232013,
                2.8453347244002698e-08,
                7.433680451371523e-12,
                2.1297851076437644e-12,
                1.3887943452117786e-11
            ],
            [
                0.9999999969303741,
                2.9989608094703003e-09,
                8.423463711249712e-12,
                0.0,
                6.224144590973069e-11
            ],
            [
                1.1860420143504874e-08,
                5.829127894502304e-05,
                0.9999415083334877,
                1.855283632302076e-07,
                2.9987838351582455e-09
            ],
            [
                4.058466705857794e-10,
                1.1032056297939281e-09,
                4.058466705857794e-10,
                4.539785565443942e-05,
                0.9999546002294466
            ],
            [
                2.020683843477902e-11,
                3.3315444341021054e-11,
                9.545034613231206e-12,
                3.2241866326747594e-08,
                0.9999999676950663
            ]
        ],
        [
            [
                0.9999999880787028,
                1.1861119990904092e-08,
                1.38879436771084e-11,
                3.5114220658791725e-12,
                4.277787811105394e-11
            ],
            [
                0.9999999467539125,
                5.315784962846608e-08,
                2.0206837981850466e-11,
                5.789356011176842e-12,
                6.224144281505263e-11
            ],
            [
                2.646548506719957e-09,
                1.0129987741300793e-05,
                0.9999898343659002,
                3.2241561199824675e-08,
                7.582488422984408e-10
            ],
            [
                7.991915187409567e-11,
                2.789452489100731e-10,
                1.3176440563113555e-10,
                6.144172124199627e-06,
                0.999993855337247
            ],
            [
                7.991960897789209e-11,
                4.847369315733659e-11,
                1.2256068985064288e-11,
                3.059023589631603e-07,
                0.9999996939569916
            ]
        ],
        [
            [
                0.9999999895015431,
                1.0467401670024878e-08,
                5.109088967188194e-12,
                0.0,
                2.594609467361524e-11
            ],
            [
                0.9999999714949108,
                2.845334723846151e-08,
                1.783247237456852e-11,
                4.5087551073852126e-12,
                2.9400776513123546e-11
            ],
            [
                8.878265370915034e-13,
                1.186112000766715e-08,
                0.9999999879666724,
                1.691897902120753e-10,
                2.129785145157171e-12
            ],
            [
                2.9400666492760965e-11,
                7.991929747185685e-11,
                4.2777717331020227e-11,
                3.7266391150983597e-06,
                0.9999962732087871
            ],
            [
                4.598976707911134e-10,
                3.160827384756723e-10,
                1.6918689812668275e-10,
                1.670141509349448e-05,
                0.9999832976397393
            ]
        ],
        [
            [
                0.9999999994747537,
                5.211412482435382e-10,
                1.0060392782306098e-12,
                0.0,
                3.0988191354792594e-12
            ],
            [
                0.9999999121994875,
                8.764249130865647e-08,
                3.3315448886243115e-11,
                8.4234646304514e-12,
                1.162823423947786e-10
            ],
            [
                5.211402735079237e-10,
                2.2603251769260125e-06,
                0.9999976969961285,
                4.139929971169104e-08,
                7.582546237658101e-10
            ],
            [
                6.224144865118176e-11,
                1.0261880031039319e-10,
                3.7751346911871274e-11,
                3.9278636983324645e-07,
                0.9999996070110185
            ],
            [
                1.3887943122340998e-11,
                1.7832471954599553e-11,
                3.978962323072181e-12,
                5.315784970176116e-08,
                0.9999999468064509
            ]
        ],
        [
            [
                0.9999999880927052,
                1.1861119991070175e-08,
                8.423463640646403e-12,
                0.0,
                3.7751344932675065e-11
            ],
            [
                0.9999999777632417,
                2.215948924921943e-08,
                1.783247248634836e-11,
                4.508755135647582e-12,
                5.492788221031744e-11
            ],
            [
                1.5228847459562385e-08,
                7.48461935889993e-05,
                0.9999249891463367,
                1.4448714399478356e-07,
                4.944082902770865e-09
            ],
            [
                6.224121082029163e-11,
                1.4930890290339522e-10,
                4.847350372615553e-11,
                2.902312199391288e-06,
                0.999997097427777
            ],
            [
                1.4930947870370423e-10,
                9.056077661950711e-11,
                1.3887944895935486e-11,
                2.382369844357022e-07,
                0.9999997615092574
            ]
        ],
        [
            [
                0.9999999976155203,
                2.3355930309561826e-09,
                3.978962522475487e-12,
                2.129785163803754e-12,
                4.2777878546037596e-11
            ],
            [
                0.9999986287114133,
                1.3709566528854588e-06,
                1.4930920259037464e-10,
                3.3315386285624645e-11,
                1.4930920259037464e-10
            ],
            [
                5.384940153008038e-13,
                1.186112000873128e-08,
                0.9999999880670293,
                7.052879766311638e-11,
                7.835041690859519e-13
            ],
            [
                1.7832405464369493e-11,
                7.991929666750154e-11,
                2.2897261856931797e-11,
                2.9023121997118457e-06,
                0.9999970975671513
            ],
            [
                7.991960283183663e-11,
                5.492788619155394e-11,
                2.0206840076877444e-11,
                1.4449803166644355e-07,
                0.9999998553469139
            ]
        ],
        [
            [
                0.9999999943223181,
                5.60279639872202e-09,
                9.545034856714204e-12,
                3.0988191172537187e-12,
                6.224144579787938e-11
            ],
            [
                0.9999999468004368,
                5.3157849606703184e-08,
                1.2256066766820412e-11,
                3.511421919332809e-12,
                2.594609354896486e-11
            ],
            [
                2.6465735868315214e-09,
                3.927863468191034e-07,
                0.9999995487626545,
                5.3157851498237744e-08,
                2.6465735868315214e-09
            ],
            [
                2.1704601881075413e-10,
                3.158000939467079e-10,
                1.0252527969179737e-10,
                0.0009110514030381945,
                0.9990889479615904
            ],
            [
                2.5946097075053956e-11,
                3.775134848705393e-11,
                1.5737103375900504e-11,
                1.1253518379407908e-07,
                0.9999998873853816
            ]
        ],
        [
            [
                0.9999999956068728,
                4.363462227593138e-09,
                5.1090889983808665e-12,
                1.658678349277748e-12,
                2.2897348323427982e-11
            ],
            [
                0.9999999676364753,
                3.224186628343275e-08,
                3.331544429626393e-11,
                8.423463469922917e-12,
                7.99195962298446e-11
            ],
            [
                4.0585826808100217e-10,
                1.670141501538911e-05,
                0.9999832931442012,
                4.94436589979838e-09,
                9.055922035447839e-11
            ],
            [
                3.1607672853980497e-10,
                4.59888926386024e-10,
                3.1607672853980497e-10,
                3.535625747955993e-05,
                0.999964642650478
            ],
            [
                1.0815941104633931e-11,
                2.594609389690954e-11,
                8.4234634019431e-12,
                4.1399375455270094e-08,
                0.9999999585554391
            ]
        ],
        [
            [
                0.999999991778061,
                8.152020637253478e-09,
                1.2256067328008886e-11,
                2.734698265688561e-12,
                5.492788298926487e-11
            ],
            [
                0.9999998143839843,
                1.8553915947980697e-07,
                3.331544959073052e-11,
                5.789357053205761e-12,
                3.775135016696212e-11
            ],
            [
                5.789356137428371e-12,
                3.224186630717381e-08,
                0.999999967147926,
                5.905303803810408e-10,
                1.3887943406053705e-11
            ],
            [
                4.277780280857483e-11,
                7.99194571649527e-11,
                4.847360107813431e-11,
                1.3709566545219285e-06,
                0.9999986288721746
            ],
            [
                3.331544894184031e-11,
                2.2897350875834887e-11,
                5.78935694044555e-12,
                8.764249145491525e-08,
                0.9999999122955064
            ]
        ],
        [
            [
                0.999999996574326,
                3.3982678030396975e-09,
                4.508755220462157e-12,
                0.0,
                2.2897348345580095e-11
            ],
            [
                0.9998415635036644,
                0.00015843624669987805,
                1.9168680982435977e-10,
                2.0203641114225077e-11,
                3.7745370837062443e-11
            ],
            [
                3.900837608130857e-14,
                3.581747928401002e-10,
                0.9999999996238176,
                1.783247289877557e-11,
                1.361526107374183e-13
            ],
            [
                7.052759210957291e-11,
                1.0261704101312297e-10,
                4.847285791585222e-11,
                1.67014151061262e-05,
                0.9999832983632765
            ],
            [
                1.783247195669937e-11,
                3.775134342857762e-11,
                9.545034413567738e-12,
                5.3157849708020626e-08,
                0.9999999467770215
            ]
        ],
        [
            [
                0.9999999969581788,
                2.998960812815156e-09,
                5.109089007548078e-12,
                0.0,
                3.7751345291202666e-11
            ],
            [
                0.9999646435845903,
                3.535625750618979e-05,
                1.3176038353171887e-10,
                1.2255624772403949e-11,
                1.3887442252217009e-11
            ],
            [
                2.2447770495037492e-13,
                2.0611536173726437e-09,
                0.9999999978582828,
                7.99195987331125e-11,
                4.1937956480720113e-13
            ],
            [
                2.9400723621052827e-11,
                1.0261860863502374e-10,
                3.775127639844348e-11,
                2.2603252730100076e-06,
                0.9999977395049564
            ],
            [
                1.0261879472298741e-10,
                2.594609457973039e-11,
                5.789356238801549e-12,
                1.522997950813738e-08,
                0.9999999846356662
            ]
        ],
        [
            [
                0.9999999989938804,
                9.736200292472263e-10,
                3.098819132185252e-12,
                0.0,
                2.940077733082745e-11
            ],
            [
                0.9999991684196977,
                8.315279897787895e-07,
                1.3887944928569865e-11,
                5.109089419342048e-12,
                3.33154479731219e-11
            ],
            [
                1.3176513916140007e-10,
                2.5109990882920107e-08,
                0.9999999732867073,
                1.416608748589398e-09,
                5.4927882034040954e-11
            ],
            [
                4.8470085497898544e-11,
                2.789260837124335e-10,
                2.4615140492627414e-10,
                7.484619706435883e-05,
                0.9999251532293881
            ],
            [
                1.9171716066032722e-10,
                1.4930947485048919e-10,
                2.9400778816668304e-11,
                1.4449803160868823e-07,
                0.999999855131541
            ]
        ],
        [
            [
                0.9999999917994121,
                8.152020634532953e-09,
                1.0815941451226563e-11,
                0.0,
                3.7751345072608234e-11
            ],
            [
                0.9999999634460892,
                3.653482076614879e-08,
                9.545034564639037e-12,
                0.0,
                9.545034564639037e-12
            ],
            [
                1.2749851869878224e-07,
                0.00015843580056326884,
                0.999839108490495,
                2.2599653187940232e-06,
                6.824510433633756e-08
            ],
            [
                1.0129702932852354e-06,
                0.00015033812130352533,
                0.04723481107514696,
                0.9487365684311527,
                0.0038772694021035575
            ],
            [
                5.492789041539654e-11,
                7.052880737840815e-11,
                2.0206841630742303e-11,
                3.0590235896162643e-07,
                0.9999996939519774
            ]
        ],
        [
            [
                0.9999999981225169,
                1.8189616827587372e-09,
                2.129785165342227e-12,
                1.4637785102677705e-12,
                5.492788336477126e-11
            ],
            [
                0.9999998554200857,
                1.4449803146410418e-07,
                3.3315447001732326e-11,
                5.789356603305335e-12,
                4.277788071853772e-11
            ],
            [
                9.056077370691784e-11,
                5.043472028042483e-07,
                0.9999994910670088,
                4.363462436528897e-09,
                1.317651482447472e-10
            ],
            [
                1.026060787441625e-10,
                3.581304043374627e-10,
                1.4929096366039554e-10,
                0.00012339462755730924,
                0.9998766047624152
            ],
            [
                1.2256067045854411e-11,
                1.783247232870323e-11,
                4.508755095788651e-12,
                3.2241866324909526e-08,
                0.9999999677235364
            ]
        ],
        [
            [
                0.9999998553707193,
                1.444980315082785e-07,
                2.020684005475939e-11,
                8.42346415654758e-12,
                1.0261880121534309e-10
            ],
            [
                0.9999251535352556,
                7.48461969538621e-05,
                1.9170290662769446e-10,
                3.331297005560694e-11,
                4.277470025675695e-11
            ],
            [
                1.4443548404314277e-07,
                0.00043055631507584526,
                0.9995674623542846,
                1.7595844120668695e-06,
                7.731074351776442e-08
            ],
            [
                4.8472857918424e-11,
                1.317628888531291e-10,
                4.2777146972432365e-11,
                1.6701415107012313e-05,
                0.9999832983618802
            ],
            [
                1.3887945602855492e-11,
                2.9400781071961e-11,
                7.43368160257846e-12,
                6.825604230468355e-08,
                0.9999999316932353
            ]
        ],
        [
            [
                0.9999999973205143,
                2.6465736270036447e-09,
                3.511422097580564e-12,
                0.0,
                2.9400777260586876e-11
            ],
            [
                0.9999999468033867,
                5.3157849631096026e-08,
                1.783247193089404e-11,
                3.098818968900831e-12,
                1.783247193089404e-11
            ],
            [
                4.944384483733337e-09,
                1.3007123980886612e-05,
                0.9999869324389299,
                5.315714278164844e-08,
                2.3355618540072785e-09
            ],
            [
                1.783247331105283e-11,
                4.847368815791582e-11,
                2.2897348973797643e-11,
                6.47594614621325e-07,
                0.9999993523161819
            ],
            [
                4.0586526403943586e-10,
                1.0261880931091767e-10,
                2.940078111565905e-11,
                1.8553915975511793e-07,
                0.9999998139229554
            ]
        ],
        [
            [
                0.999999982665433,
                1.7257827657411912e-08,
                1.783247256659161e-11,
                3.978962459626067e-12,
                5.492788245748405e-11
            ],
            [
                0.9999999847578303,
                1.522997950238342e-08,
                5.109088946770932e-12,
                1.2917799842320604e-12,
                5.789356236614303e-12
            ],
            [
                2.8449825506581187e-08,
                0.00012339452569807882,
                0.9998762577212812,
                3.0586444916282573e-07,
                1.3438746000627147e-08
            ],
            [
                2.0206839879630715e-11,
                3.7751346917600294e-11,
                6.56020042443721e-12,
                3.9278636989285443e-07,
                0.9999996071491117
            ],
            [
                1.0815941440963289e-11,
                2.2897348210200995e-11,
                7.433680592405046e-12,
                1.04674016821707e-08,
                0.9999999894914514
            ]
        ],
        [
            [
                0.9999999906584657,
                9.237449566684875e-09,
                9.54503482438212e-12,
                3.978962494793627e-12,
                9.056076896258035e-11
            ],
            [
                0.9999999936186934,
                6.348800066536275e-09,
                6.560200116997893e-12,
                0.0,
                2.5946094780439213e-11
            ],
            [
                2.7346981450359633e-12,
                5.3157849695448236e-08,
                0.9999999465580554,
                2.7894679433778313e-10,
                2.413362642498076e-12
            ],
            [
                1.3173826605242624e-10,
                3.5810173472301336e-10,
                3.160236717032298e-10,
                0.00020342706156264073,
                0.9997965721325737
            ],
            [
                4.2777884037526754e-11,
                4.2777884037526754e-11,
                1.0815942909430581e-11,
                6.825604229631336e-08,
                0.9999999316475859
            ]
        ],
        [
            [
                0.9999999985577592,
                1.4166087830372232e-09,
                2.734698284630709e-12,
                0.0,
                2.2897348398170406e-11
            ],
            [
                0.9999999894744657,
                1.046740167148381e-08,
                1.2256067299775866e-11,
                3.0988191022311006e-12,
                4.2777878185951064e-11
            ],
            [
                2.2447770500126094e-13,
                2.0611536178398787e-09,
                0.999999997900646,
                3.7751345358563234e-11,
                2.2447770500126094e-13
            ],
            [
                1.0261782544436771e-10,
                4.5990118671588215e-10,
                1.9171533754692544e-10,
                1.0129988097474315e-05,
                0.9999898692576682
            ],
            [
                3.775134943365251e-11,
                4.847369218707019e-11,
                2.0206841226376414e-11,
                8.764249145951039e-08,
                0.9999999122510767
            ]
        ],
        [
            [
                0.9999999965748558,
                3.3982678024005193e-09,
                3.978962515821577e-12,
                0.0,
                2.2897348341273347e-11
            ],
            [
                0.9999994956066034,
                5.043472047123048e-07,
                2.594609617256194e-11,
                4.508755449050589e-12,
                1.5737102828511426e-11
            ],
            [
                6.5602004604013985e-12,
                5.043472040526572e-07,
                0.9999994935423042,
                2.0611537142600305e-09,
                4.2777880595383845e-11
            ],
            [
                2.28973065985186e-11,
                7.991945283098394e-11,
                2.5946047551508186e-11,
                1.0677030764385086e-06,
                0.9999989321681607
            ],
            [
                7.052879620206159e-11,
                9.056076693183692e-11,
                2.02068384286654e-11,
                3.224186631699276e-08,
                0.9999999675768374
            ]
        ],
        [
            [
                0.9999999949525864,
                4.9444504721679416e-09,
                8.423463703750688e-12,
                3.9789625118797725e-12,
                9.056076935145923e-11
            ],
            [
                0.9999999122738449,
                8.764249133390549e-08,
                2.9400780458795056e-11,
                5.7893569324520674e-12,
                4.847369211760008e-11
            ],
            [
                1.3887943396379213e-11,
                3.224186628471377e-08,
                0.9999999664513151,
                1.2501528242060823e-09,
                4.277787724634716e-11
            ],
            [
                7.052813127322841e-11,
                1.4930805507708542e-10,
                4.847322847725216e-11,
                1.0129988102138145e-05,
                0.9999898697435885
            ],
            [
                9.545034526059519e-12,
                2.289734750462713e-11,
                5.789356088070744e-12,
                4.139937546690555e-08,
                0.9999999585623929
            ]
        ],
        [
            [
                0.9999999955863264,
                4.363462229436449e-09,
                7.433680632304767e-12,
                0.0,
                4.2777878459232985e-11
            ],
            [
                0.9999998554326919,
                1.4449803155719189e-07,
                3.331544702319461e-11,
                6.5602004835138305e-12,
                2.9400778806190426e-11
            ],
            [
                7.287724075227637e-14,
                2.6465736314310085e-09,
                0.9999999973237284,
                2.940077730977045e-11,
                2.2447770486781745e-13
            ],
            [
                1.492909636214116e-10,
                3.1604897246665054e-10,
                2.789122392668632e-10,
                0.0001233946275250875,
                0.9998766046282228
            ],
            [
                3.331544364014835e-11,
                2.9400775820662576e-11,
                7.43368027484229e-12,
                5.315784970167221e-08,
                0.9999999467720004
            ]
        ],
        [
            [
                0.9999999907125431,
                9.237449561349966e-09,
                1.2256067310598002e-11,
                0.0,
                3.775134503157747e-11
            ],
            [
                0.9999952144413318,
                4.785094837782908e-06,
                2.461683001118596e-10,
                4.847341235719506e-11,
                1.6918883344507958e-10
            ],
            [
                7.99196038834547e-11,
                2.3823698151759542e-07,
                0.9999997494161127,
                1.1861120886570061e-08,
                4.0586523780562747e-10
            ],
            [
                1.3887919231773477e-11,
                6.2241335830777e-11,
                3.331538632971191e-11,
                1.3709566546996875e-06,
                0.9999986289339007
            ],
            [
                4.0586523132917633e-10,
                1.6918980004916547e-10,
                5.4927886037827414e-11,
                5.043472047993476e-07,
                0.9999994950228123
            ]
        ],
        [
            [
                0.9999999778050012,
                2.2159489257088542e-08,
                7.433680499160403e-12,
                2.1297851213355075e-12,
                2.5946094378265935e-11
            ],
            [
                0.9999996940155785,
                3.059023586230419e-07,
                3.775135014732279e-11,
                6.560200985678823e-12,
                3.775135014732279e-11
            ],
            [
                5.675685227581389e-14,
                5.905303993688346e-10,
                0.9999999993889515,
                2.0206839072238175e-11,
                2.543665645113072e-13
            ],
            [
                3.775084367655731e-11,
                1.3176339136471468e-10,
                5.492715344398469e-11,
                1.3007124769560392e-05,
                0.999986992650789
            ],
            [
