{
    "[['A', 'B', 'C', 'D', 'E'], ['A', 'B', 'C', 'D', 'E']]": [
        [
            [
                0.9999999997359978,
                2.461696948087994e-10,
                0.0,
                0.0,
                1.7832472881145262e-11
            ],
            [
                0.9999996071753785,
                3.927863692290153e-07,
                2.289734931227432e-11,
                3.098819254544304e-12,
                1.225606790218627e-11
            ],
            [
                3.578941228419234e-10,
                1.3429877880091406e-08,
                7.479310374210443e-05,
                0.9992155758977995,
                0.0007096172106864451
            ],
            [
                9.629196438173309e-10,
                1.3292695658297647e-08,
                3.6856960926469328e-06,
                0.9890094000699498,
                0.010986899978342327
            ],
            [
                2.7346985810101744e-12,
                1.5737103772350225e-11,
                3.511422484996965e-12,
                8.764249146980626e-08,
                0.9999999123355252
            ]
        ],
        [
            [
                0.9999999988791273,
                1.103256029335967e-09,
                1.8795288114152983e-12,
                0.0,
                1.5737102063961976e-11
            ],
            [
                7.606962227685356e-08,
                1.2792943432189949e-05,
                0.014029159272013036,
                0.9835200693849405,
                0.0024379023299920814
            ],
            [
                1.1399918325134299e-12,
                1.5229979470425074e-08,
                0.9999999820929063,
                2.6465735912450867e-09,
                2.940077686334518e-11
            ],
            [
                5.789345745669105e-12,
                4.2777800490854517e-11,
                1.3887918477519143e-11,
                1.0677030764905734e-06,
                0.9999989322344685
            ],
            [
                1.0815942910700349e-11,
                2.940078107180719e-11,
                1.5737104076069604e-11,
                6.825604230432646e-08,
                0.9999999316880038
            ]
        ],
        [
            [
                0.9999999995265467,
                4.5990553699598163e-10,
                1.2917800023444518e-12,
                0.0,
                1.2256067420934753e-11
            ],
            [
                0.9999998874374044,
                1.1253518373067422e-07,
                9.545035687172953e-12,
                2.1297853415013793e-12,
                1.5737103367033864e-11
            ],
            [
                9.670701767294112e-10,
                1.7141729037745676e-08,
                3.51196395892011e-05,
                0.9932722467611428,
                0.006692615490468755
            ],
            [
                7.052005786620245e-11,
                3.160489725785674e-10,
                1.916933918395785e-10,
                0.0001233946280439435,
                0.9998766047936936
            ],
            [
                9.54503565889028e-12,
                3.775134835392382e-11,
                1.3887944935909942e-11,
                8.3152799021827e-07,
                0.9999991684108254
            ]
        ],
        [
            [
                0.9999999998280755,
                1.6918979208705447e-10,
                0.0,
                0.0,
                2.7346982887720146e-12
            ],
            [
                0.9999999317316083,
                6.825604217816476e-08,
                5.7893570424605e-12,
                0.0,
                6.560200976915651e-12
            ],
            [
                1.7482341272306008e-13,
                3.5817479281515154e-10,
                0.999999999507472,
                1.3176514262253504e-10,
                2.413362770396909e-12
            ],
            [
                1.5737073330146076e-11,
                4.847359842417454e-11,
                1.3887918469600557e-11,
                2.260325273763971e-06,
                0.9999977395966277
            ],
            [
                1.0815922029866469e-11,
                5.492778434112931e-11,
                3.3315385272978416e-11,
                1.7603431339751268e-06,
                0.999998239557807
            ]
        ],
        [
            [
                0.9999999996295692,
                3.5817479238824553e-10,
                0.0,
                0.0,
                1.2256067422197404e-11
            ],
            [
                0.9999998874451265,
                1.125351837169546e-07,
                1.225606842402743e-11,
                0.0,
                7.433681266708532e-12
            ],
            [
                1.1781573109127166e-08,
                8.259520409080094e-07,
                0.005212325722410033,
                0.9932934802217078,
                0.0014933563222682303
            ],
            [
                4.8467679697694444e-11,
                2.172170703658033e-10,
                5.904572152064729e-10,
                0.00012339462795382872,
                0.9998766045159042
            ],
            [
                3.5114223973638418e-12,
                2.289735030828554e-11,
                6.56020069871196e-12,
                1.1253518382057555e-07,
                0.9999998874318472
            ]
        ],
        [
            [
                0.9999999992227715,
                7.582560411277003e-10,
                1.1399918505433986e-12,
                0.0,
                1.7832472869024843e-11
            ],
            [
                0.0005525912388473015,
                0.9991085145548796,
                0.0003351636884679378,
                3.285829182273317e-06,
                4.4468862305008683e-07
            ],
            [
                3.2491381571220186e-07,
                3.314211021552583e-05,
                0.7300038635432864,
                0.26855343037457535,
                0.0014092390581068798
            ],
            [
                4.8416953596029344e-11,
                4.0539018914696844e-10,
                5.205313065405584e-10,
                0.0011695103458898859,
                0.9988304886797716
            ],
            [
                2.129785150972503e-12,
                9.545034833281772e-12,
                1.8795287989038987e-12,
                9.23744957529774e-09,
                0.9999999907489961
            ]
        ],
        [
            [
                0.999999997338757,
                2.6465736289460935e-09,
                2.4133627627481123e-12,
                0.0,
                1.2256067397961531e-11
            ],
            [
                0.9999999992348145,
                7.582560408317455e-10,
                1.1399918500984488e-12,
                0.0,
                5.789356313770103e-12
            ],
            [
                1.361526104158765e-13,
                2.6465736312681425e-09,
                0.9999999972820701,
                7.052879830749653e-11,
                6.914400086977503e-13
            ],
            [
                3.0988192090272897e-12,
                2.940077805988439e-11,
                9.545035139396703e-12,
                6.475946146821014e-07,
                0.9999993523633407
            ],
            [
                5.7893569404870034e-12,
                3.331544894207886e-11,
                1.5737103769789074e-11,
                8.76424914555428e-08,
                0.9999999123026667
            ]
        ],
        [
            [
                0.9999999999815281,
                1.5737102091250248e-11,
                0.0,
                0.0,
                2.7346982888788025e-12
            ],
            [
                0.9999999847465875,
                1.5229979490828542e-08,
                9.545034763724692e-12,
                0.0,
                1.3887943633451701e-11
            ],
            [
                6.411095372101742e-08,
                1.5687433145297764e-05,
                0.06004562433796912,
                0.93927157748679,
                0.0006670466311417089
            ],
            [
                2.934413874233939e-11,
                2.7840943673277003e-10,
                1.4138797836342823e-09,
                0.0019267343338520459,
                0.9980732639445147
            ],
            [
                2.020672606231824e-11,
                1.0261822231395985e-10,
                3.331525907015473e-11,
                6.1441721258457615e-06,
                0.9999938556717339
            ]
        ],
        [
            [
                0.9999999990178063,
                9.736200289654344e-10,
                1.13999185030974e-12,
                0.0,
                7.433680654520257e-12
            ],
            [
                0.9999999847610028,
                1.522997949104809e-08,
                4.508755167198774e-12,
                0.0,
                4.508755167198774e-12
            ],
            [
                1.748234115152322e-13,
                7.194132976340667e-09,
                0.9999999925865687,
                2.1724399187770452e-10,
                1.8795288024351138e-12
            ],
            [
                1.1605831858082549e-10,
                1.1011306683068128e-09,
                1.3414517716593124e-08,
                0.001926734309850951,
                0.9980732510584424
            ],
            [
                3.5114219261435072e-12,
                2.2897347235542975e-11,
                5.109088755640911e-12,
                5.315784970980731e-08,
                0.9999999468106324
            ]
        ],
        [
            [
                0.9999999999470175,
                4.84736870184849e-11,
                0.0,
                0.0,
                4.5087552381819425e-12
            ],
            [
                0.9999952148752874,
                4.7850948468965025e-06,
                2.0206724614414814e-11,
                3.098801583288184e-12,
                6.560163003300468e-12
            ],
            [
                1.602563457160643e-09,
                4.6833769249499573e-08,
                0.00015819843813699814,
                0.998340808134762,
                0.0015009449907683445
            ],
            [
                1.7832371890628306e-11,
                7.991914620043263e-11,
                2.594594800314313e-11,
                4.785094848782199e-06,
                0.9999952147814538
            ],
            [
                1.3887944512594844e-11,
                3.775134720323408e-11,
                2.2897349524218244e-11,
                5.043472051037215e-07,
                0.9999994955782583
            ]
        ],
        [
            [
                0.9999999981529624,
                1.8189616804441955e-09,
                2.1297851626321772e-12,
                0.0,
                2.5946094881362363e-11
            ],
            [
                0.9999999956250154,
                4.3634622276723025e-09,
                3.0988191207747253e-12,
                0.0,
                8.42346370568337e-12
            ],
            [
                2.6465433319760985e-09,
                7.88923448350618e-06,
                0.9999882370121065,
                3.726610496739353e-06,
                1.4449636990844846e-07
            ],
            [
                9.717444003463833e-10,
                5.592002926626881e-09,
                1.8518170426957928e-07,
                0.11920288682425656,
                0.8807969214302919
            ],
            [
                7.433667083790655e-12,
                3.77512764343814e-11,
                1.5737073339877908e-11,
                1.067703076542062e-06,
                0.9999989322360014
            ]
        ],
        [
            [
                0.9999999969863698,
                2.9989608103645536e-09,
                2.4133627601704168e-12,
                0.0,
                1.2256067384870911e-11
            ],
            [
                0.9999997617385746,
                2.3823698430721174e-07,
                1.3887944888445178e-11,
                2.129785327911704e-12,
                8.423464375241348e-12
            ],
            [
                1.2370521454764532e-06,
                0.0032542944440159378,
                0.6201587503030659,
                0.37614529734045654,
                0.000440420860316232
            ],
            [
                2.734687949146779e-12,
                2.0206762669315163e-11,
                8.423431897495005e-12,
                2.9023122001290136e-06,
                0.9999970976564351
            ],
            [
                6.560200066959768e-12,
                1.573710186411109e-11,
                3.97896247445997e-12,
                1.5229979509783406e-08,
                0.9999999847437442
            ]
        ],
        [
            [
                0.9999999999063405,
                9.056076980007501e-11,
                0.0,
                0.0,
                3.098819135414519e-12
            ],
            [
                0.999999977828932,
                2.215948926302662e-08,
                5.789356195400127e-12,
                0.0,
                5.789356195400127e-12
            ],
            [
                1.006039267182684e-12,
                1.1861120008678367e-08,
                0.9999999880746263,
                6.224144548043818e-11,
                1.006039267182684e-12
            ],
            [
                1.4296331133913195e-08,
                9.322378940859184e-08,
                1.0022501891877762e-06,
                0.26894112927758257,
                0.7310577609521076
            ],
            [
                5.789356554815759e-12,
                3.331544672269408e-11,
                1.081594197966828e-11,
                3.927863698871399e-07,
                0.9999996071637094
            ]
        ],
        [
            [
                0.9999999997087972,
                2.7894680881050385e-10,
                0.0,
                0.0,
                1.2256067423168427e-11
            ],
            [
                0.9999999397023166,
                6.023574629962409e-08,
                2.0206841747340903e-11,
                3.9789630590549406e-12,
                3.7751350406942304e-11
            ],
            [
                0.0,
                7.052879849338651e-11,
                0.9999999998803062,
                4.8473687050513417e-11,
                6.914400105201516e-13
            ],
            [
                7.433680962711555e-12,
                2.5946095996218437e-11,
                8.423464083488914e-12,
                3.927863698903283e-07,
                0.9999996071718269
            ],
            [
                9.54503441390504e-12,
                1.7832471957329533e-11,
                2.4133626431541455e-12,
                5.3157849709899114e-08,
                0.9999999468123595
            ]
        ],
        [
            [
                0.9999999988785935,
                1.103256028186507e-09,
                2.413362762739711e-12,
                0.0,
                1.5737102047565812e-11
            ],
            [
                0.9998415635009748,
                0.00015843624669945185,
                1.9168680982384413e-10,
                2.2893724674839892e-11,
                3.774537083696091e-11
            ],
            [
                2.1069771917688832e-08,
                1.896640425186643e-06,
                0.04733873323302301,
                0.9508238271759122,
                0.00183552188086768
            ],
            [
                1.3156725599389935e-10,
                7.571172834172241e-10,
                7.571172834172241e-10,
                0.001501182027601083,
                0.9984988163265971
            ],
            [
                9.545035695017995e-12,
                2.940077977131846e-11,
                8.423464435912783e-12,
                1.1253518382316661e-07,
                0.9999998874174469
            ]
        ],
        [
            [
                0.9999999991252366,
                8.592166600916475e-10,
                1.6586783553896787e-12,
                0.0,
                1.3887943835453304e-11
            ],
            [
                0.9999999976508562,
                2.335593029064339e-09,
                2.7346982801933637e-12,
                0.0,
                1.0815941512203708e-11
            ],
            [
                2.8071857764173288e-08,
                1.9679891638949397e-06,
                0.010960051862425687,
                0.9865924339492546,
                0.00244551812729814
            ],
            [
                2.289695679469144e-11,
                1.4930691366419645e-10,
                1.6918689825076639e-10,
                1.670141510574349e-05,
                0.9999832982435035
            ],
            [
                1.0815941206181778e-11,
                2.5946094140510158e-11,
                1.3887943414137669e-11,
                3.224186632594131e-08,
                0.9999999677074837
            ]
        ],
        [
            [
                0.9999999996279372,
                3.58174792387661e-10,
                0.0,
                0.0,
                1.3887943840123049e-11
            ],
            [
                0.9998415636409343,
                0.00015843624672163005,
                9.054643757508657e-11,
                9.543524307253381e-12,
                1.2254127775290612e-11
            ],
            [
                3.3824181667151197e-09,
                1.629738785970898e-07,
                0.003167934672964887,
                0.995335472589961,
                0.0014964263807771573
            ],
            [
                4.8470085495974974e-11,
                1.9170290690310088e-10,
                4.0583505709856255e-10,
                7.48461970613885e-05,
                0.9999251531569305
            ],
            [
                2.7346982586470758e-12,
                1.2256067296451138e-11,
                1.6586783389322006e-12,
                1.1861120008453398e-08,
                0.9999999881222305
            ]
        ],
        [
            [
                0.9999999999437803,
                5.492788345926385e-11,
                0.0,
                0.0,
                1.2917800036034538e-12
            ],
            [
                0.9999646436950559,
                3.5356257499547026e-05,
                2.9399715473127335e-11,
                5.7891472243401666e-12,
                1.2255624770101353e-11
            ],
            [
                4.5936636860954785e-10,
                1.5212124911128427e-08,
                3.7222806885035126e-06,
                0.9988267562205305,
                0.001169505827289607
            ],
            [
                9.024216976992166e-10,
                8.561938680768356e-09,
                1.1819391769522422e-07,
                0.43782344352476676,
                0.5621764288169552
            ],
            [
                6.560199895199805e-12,
                2.289734750375255e-11,
                9.545034525694939e-12,
                4.139937546532427e-08,
                0.9999999585616219
            ]
        ],
        [
            [
                0.9999999981785685,
                1.8189616826770496e-09,
                1.0060392765864795e-12,
                0.0,
                1.4637785102020337e-12
            ],
            [
                0.8175744081851247,
                0.182425516679865,
                7.165420227445058e-08,
                2.7783349310057947e-09,
                7.024730809657133e-10
            ],
            [
                4.551717572899331e-08,
                7.654811958639664e-06,
                0.9702746047416814,
                0.029299756357390846,
                0.00041793857179331503
            ],
            [
                7.989277954408498e-11,
                4.597512029579273e-10,
                1.2497333406127204e-09,
                0.0003353500545003868,
                0.9996646481561223
            ],
            [
                9.545035694570967e-12,
                2.940077976994152e-11,
                1.7832474349928475e-11,
                1.1253518381789618e-07,
                0.9999998874080379
            ]
        ],
        [
            [
                0.9999999999326494,
                6.224144615621759e-11,
                0.0,
                0.0,
                5.109089022082592e-12
            ],
            [
                0.9999999992349484,
                7.582560417036922e-10,
                1.0060392778404453e-12,
                0.0,
                5.7893563204274984e-12
            ],
            [
                7.434930555960982e-08,
                4.059334539803662e-06,
                0.0372727887514025,
                0.9612778550518054,
                0.0014452225129468117
            ],
            [
                3.978962691385127e-12,
                2.5946095997064307e-11,
                8.423464083763528e-12,
                3.9278636990313355e-07,
                0.9999996071752816
            ],
            [
                2.2897218744536532e-11,
                1.1628167157073092e-10,
                4.2777636355921677e-11,
                4.785094848184877e-06,
                0.9999952147231953
            ]
        ],
        [
            [
                0.9999999998851252,
                1.0261879622741925e-10,
                0.0,
                0.0,
                1.2256067433398331e-11
            ],
            [
                6.708512795111925e-08,
                7.753979121870692e-06,
                0.014019523133148993,
                0.982844477360697,
                0.003128178441904151
            ],
            [
                8.258073248430096e-14,
                4.363462233326883e-09,
                0.9999999956069183,
                2.9400777260667636e-11,
                1.3615261019686402e-13
            ],
            [
                5.108952981392389e-12,
                5.4926420869993684e-11,
                2.93999944983081e-11,
                2.7535689839119408e-05,
                0.9999724642207255
            ],
            [
                4.508755153029228e-12,
                1.573710179529535e-11,
                5.109088926912151e-12,
                1.9555680700681652e-08,
                0.9999999804189642
            ]
        ],
        [
            [
                0.9999999994631215,
                5.211412479341122e-10,
                0.0,
                0.0,
                1.5737102081051938e-11
            ],
            [
                0.9999952148780247,
                4.7850948465333575e-06,
                2.0206724612881312e-11,
                2.413349099464596e-12,
                4.508729698947426e-12
            ],
            [
                2.0954701577462502e-07,
                6.58377152471262e-05,
                0.1190374103334531,
                0.8795741559131867,
                0.0013223864910973354
            ],
            [
                5.109088949160749e-12,
                1.2256067254822042e-11,
                4.508755172663546e-12,
                1.5229979509507366e-08,
                0.9999999847481467
            ],
            [
                5.789356554326551e-12,
                4.8473688951593893e-11,
                2.020683987762923e-11,
                3.92786369853949e-07,
                0.9999996071391603
            ]
        ],
        [
            [
                0.9999999998273841,
                1.6918979204564855e-10,
                6.914400098118315e-13,
                0.0,
                2.73469828810275e-12
            ],
            [
                0.9984988171183434,
                0.001501182026980256,
                7.571172836063584e-10,
                5.484539207087706e-11,
                4.2713634292657274e-11
            ],
            [
                8.258073277922655e-14,
                6.691586085107483e-10,
                0.9999999992673774,
                6.224144617154558e-11,
                1.1399918519906157e-12
            ],
            [
                5.48778276589897e-11,
                2.459453604231901e-10,
                3.5784838788092077e-10,
                0.0009110514038710307,
                0.9990889479374575
            ],
            [
                1.388794341365412e-11,
                3.331544433902795e-11,
                1.5737101595461786e-11,
                3.224186632481872e-08,
                0.9999999676951931
            ]
        ],
        [
            [
                0.9999999993916373,
                5.90530398796894e-10,
                0.0,
                0.0,
                1.783247287500446e-11
            ],
            [
                0.0004303699253294672,
                0.9991348029223017,
                0.0004303699253294672,
                4.219196273852454e-06,
                2.3803076557947762e-07
            ],
            [
                0.0,
                1.3887943862836664e-11,
                0.9999999999785849,
                7.433680671213497e-12,
                9.357622967406773e-14
            ],
            [
                5.789356182539106e-12,
                2.5946094327579613e-11,
                7.433680484638528e-12,
                2.5109990923367862e-08,
                0.9999999748508399
            ],
            [
                5.789356182102613e-12,
                1.3887943513221642e-11,
                5.789356182102613e-12,
                2.5109990921474677e-08,
                0.9999999748645425
            ]
        ],
        [
            [
                0.9999999990182549,
                9.736200296936037e-10,
                6.914400095525194e-13,
                0.0,
                7.433680660079898e-12
            ],
            [
                0.9914225117758751,
                0.008577485645254077,
                2.315557373021907e-09,
                1.4802863035871285e-10,
                1.152848132403531e-10
            ],
            [
                1.8131079626582237e-09,
                6.00418896333309e-08,
                4.5253825146377544e-05,
                0.9967821447241388,
                0.0031725395957172427
            ],
            [
                3.330426548151161e-11,
                2.1717109114039106e-10,
                2.788532007940721e-10,
                0.00033535005558613367,
                0.9996646494150854
            ],
            [
                2.129785102065794e-12,
                9.545034614097108e-12,
                1.8795287557438794e-12,
                3.22418663296725e-08,
                0.9999999677445793
            ]
        ],
        [
            [
                0.9999999990042934,
                9.73620028324736e-10,
                1.879528810793626e-12,
                0.0,
                2.0206839028452688e-11
            ],
            [
                0.9999952147915261,
                4.785094841640274e-06,
                7.991914608115046e-11,
                1.0815880270920722e-11,
                2.2897218713219868e-11
            ],
            [
                1.3176464510786508e-10,
                2.902312216292535e-06,
                0.999996984047653,
                1.1253474974552077e-07,
                9.73616354557703e-10
            ],
            [
                1.206882892855165e-09,
                1.4702843553484384e-08,
                6.589357325654144e-08,
                0.14804718987412416,
                0.8519527283225762
            ],
            [
                4.508755719344825e-12,
                2.0206841228211944e-11,
                8.423464645715382e-12,
                8.764249146747159e-08,
                0.9999999123243695
            ]
        ],
        [
            [
                0.99999999977194,
                2.1724399324684392e-10,
                0.0,
                0.0,
                1.0815941544288392e-11
            ],
            [
                0.9998766047005199,
                0.0001233946273297561,
                5.210766626638312e-10,
                4.846767961727347e-11,
                1.0260607855494572e-10
            ],
            [
                1.4165846520739096e-09,
                1.0129930674267831e-05,
                0.9999834863060713,
                6.1441135347069095e-06,
                2.3823313513642186e-07
            ],
            [
                2.1297853962859317e-12,
                1.5737103771839994e-11,
                3.511422484883117e-12,
                8.764249146696469e-08,
                0.9999999123361302
            ],
            [
                2.4133627642024323e-12,
                9.545034892660302e-12,
                1.658678353669677e-12,
                2.998960815374931e-09,
                0.999999996987422
            ]
        ],
        [
            [
                0.9999999990144239,
                9.736200289621412e-10,
                1.139991850305884e-12,
                0.0,
                1.0815941531303801e-11
            ],
            [
                0.9999869928271249,
                1.300712476535089e-05,
                3.331500260373533e-11,
                3.9789096487776034e-12,
                1.0815797795352522e-11
            ],
            [
                1.3615261031446253e-13,
                3.3982678071526483e-09,
                0.9999999964843076,
                1.1628232987987521e-10,
                1.0060392756294077e-12
            ],
            [
                3.774962082188593e-11,
                1.4930264661171902e-10,
                1.6918206304685245e-10,
                4.539785572599589e-05,
                0.9999546017880397
            ],
            [
                8.42346443485929e-12,
                2.940077976764142e-11,
                2.0206840722394476e-11,
                1.1253518380909225e-07,
                0.9999998874067851
            ]
        ],
        [
            [
                0.9999999995763025,
                4.058652118240991e-10,
                0.0,
                0.0,
                1.783247287196563e-11
            ],
            [
                0.9999832985354782,
                1.6701415101937752e-05,
                3.775069969310739e-11,
                5.109001635346996e-12,
                6.560087953684779e-12
            ],
            [
                1.1775261444317771e-08,
                5.673638694703717e-07,
                0.0066891732399488955,
                0.9927611668447239,
                0.0005490807761962258
            ],
            [
                6.560200316693262e-12,
                3.775134629757669e-11,
                1.3887944179422109e-11,
                6.475946146527646e-07,
                0.9999993523471858
            ],
            [
                1.879529015386897e-12,
                1.783247479476192e-11,
                4.508755719305933e-12,
                8.764249146671558e-08,
                0.9999999123332878
            ]
        ],
        [
            [
                0.9999999997853857,
                1.9171715116995938e-10,
                0.0,
                0.0,
                2.2897348431867648e-11
            ],
            [
                0.9999999994039548,
                5.905303988041679e-10,
                1.006039277425969e-12,
                0.0,
                4.50875523397077e-12
            ],
            [
                5.973211166033508e-08,
                1.9780539876588877e-06,
                0.003156166782994588,
                0.9916381561219056,
                0.0052036393090003725
            ],
            [
                4.50874700038361e-12,
                2.5946047553840337e-11,
                8.423448356551339e-12,
                1.0677030765344785e-06,
                0.9999989322580453
            ],
            [
                3.511421926202226e-12,
                2.0206838013108526e-11,
                6.560199818466176e-12,
                5.3157849710696225e-08,
                0.9999999468118719
            ]
        ],
        [
            [
                0.9999999226280925,
                7.73442279523988e-08,
                7.433681525918151e-12,
                2.4133630489455098e-12,
                1.783247495574469e-11
            ],
            [
                0.9999646436402718,
                3.535625750076015e-05,
                7.99167123352103e-11,
                8.423159509664744e-12,
                1.3887442250084324e-11
            ],
            [
                1.0921752006859713e-07,
                2.0813155400796878e-05,
                0.9705181757337984,
                0.029307112320428534,
                0.00015378957285224956
            ],
            [
                1.3887891341973819e-11,
                5.492767577709086e-11,
                1.7832405467292006e-11,
                2.9023122001874996e-06,
                0.9999970976011519
            ],
            [
                2.7346982225042986e-12,
                1.573710170929135e-11,
                3.0988190604353457e-12,
                2.5109990923077902e-08,
                0.9999999748684385
            ]
        ],
        [
            [
                0.9999999995901558,
                4.0586521182972163e-10,
                0.0,
                0.0,
                3.9789625278193434e-12
            ],
            [
                0.9999993523919793,
                6.475946143846786e-07,
                7.433680837592138e-12,
                1.4637785466635844e-12,
                4.508755342517921e-12
            ],
            [
                9.357622942274081e-14,
                2.6465736313955506e-09,
                0.9999999973103306,
                4.277787856824449e-11,
                2.2447770486480996e-13
            ],
            [
                4.50875546307527e-12,
                2.0206840079691477e-11,
                6.560200489387431e-12,
                1.4449803168656653e-07,
                0.9999998554706925
            ],
            [
                3.5114220243707005e-12,
                1.2256067133438676e-11,
                4.508755128009101e-12,
                2.5109990920964026e-08,
                0.9999999748697328
            ]
        ],
        [
            [
                0.999999999671656,
                3.1608814482019006e-10,
                0.0,
                0.0,
                1.2256067420401495e-11
            ],
            [
                0.9999991684374375,
                8.315279894325761e-07,
                1.573710330553395e-11,
                3.0988193747541496e-12,
                1.573710330553395e-11
            ],
            [
                0.0,
                4.599055375171478e-10,
                0.9999999995220874,
                1.7832472894649712e-11,
                1.7482341269478892e-13
            ],
            [
                1.3887759276606239e-11,
                1.0261743238328805e-10,
                7.991853669688168e-11,
                1.3007124770612988e-05,
                0.9999869926788056
            ],
            [
                2.7346984255737862e-12,
                2.289734957827234e-11,
                5.1090892783744906e-12,
                1.444980316903605e-07,
                0.9999998554712272
            ]
        ],
        [
            [
                0.9999999992060151,
                7.582560409719731e-10,
                2.413362766043043e-12,
                0.0,
                3.331544534173328e-11
            ],
            [
                0.9999999634454897,
                3.653482076612689e-08,
                7.433680393380051e-12,
                0.0,
                1.2256066984152187e-11
            ],
            [
                5.590424813200429e-09,
                1.6337600539105212e-07,
                0.0015001179942484848,
                0.9977911074736734,
                0.000708605565647922
            ],
            [
                7.989872693114563e-11,
                4.5978542780742175e-10,
                4.0575921589358276e-10,
                0.00026119032726391504,
                0.9997388087272927
            ],
            [
                5.789356213691811e-12,
                2.2897348001468088e-11,
                7.433680524639393e-12,
                1.9555680699264487e-08,
                0.9999999804081989
            ]
        ],
        [
            [
                0.9999999993876041,
                5.905303985848296e-10,
                1.6586783552359065e-12,
                0.0,
                2.0206839045411002e-11
            ],
            [
                9.222678556160739e-09,
                2.6952617534835156e-07,
                0.0004300535584259184,
                0.9984006609195868,
                0.0011690067731333245
            ],
            [
                1.7223957096666787e-08,
                1.3682670833324446e-06,
                0.9980366620033986,
                0.0019266644323842873,
                3.528807317665007e-05
            ],
            [
                3.774774705827792e-11,
                1.6917366542096998e-10,
                2.461462307670034e-10,
                9.610239923600837e-05,
                0.9999038971476963
            ],
            [
                2.1297854375001185e-12,
                9.545036117409453e-12,
                2.413363073867513e-12,
                6.825604230564642e-08,
                0.9999999317298695
            ]
        ],
        [
            [
                0.9999999991272355,
                8.59216660093365e-10,
                1.2917800020436539e-12,
                0.0,
                1.2256067418080864e-11
            ],
            [
                0.9999999585901189,
                4.139937544906079e-08,
                4.50875505292525e-12,
                8.878265105568856e-13,
                5.109088813479484e-12
            ],
            [
                7.112055555239474e-09,
                1.8342250520483614e-07,
                0.01098225983364015,
                0.9885917212065475,
                0.0004258284252515359
            ],
            [
                2.940061293519752e-11,
                9.05602633315128e-11,
                1.1628167985959733e-10,
                6.144172125215187e-06,
                0.9999938555916322
            ],
            [
                3.5114219670707855e-12,
                1.081594110663233e-11,
                5.789356087513289e-12,
                4.139937546291922e-08,
                0.9999999585805079
            ]
        ],
        [
            [
                0.9999999994559614,
                5.211412476687825e-10,
                0.0,
                0.0,
                2.2897348407243024e-11
            ],
            [
                0.9999999123384187,
                8.76424913395649e-08,
                9.545035918825328e-12,
                0.0,
                9.545035918825328e-12
            ],
            [
                3.3850899352844204e-09,
                3.912631982300337e-07,
                0.0007074201202913513,
                0.9961217482006655,
                0.0031704370307550087
            ],
            [
