{
    "[['A', 'B', 'C', 'D', 'E'], ['A', 'B', 'C', 'D', 'E']]": [
        [
            [
                0.9999999999572222,
                4.2777878640642056e-11,
                0.0,
                0.0,
                0.0
            ],
            [
                0.9999999992400852,
                7.582560402082002e-10,
                0.0,
                0.0,
                1.6586783532639626e-12
            ],
            [
                4.1833949778702543e-07,
                0.06008635349407944,
                0.9399087002885832,
                4.497573456964871e-06,
                3.030438267699769e-08
            ],
            [
                6.409467996117317e-12,
                3.4994509528464963e-10,
                8.394746433233079e-10,
                0.9770226310629779,
                0.022977367741192863
            ],
            [
                1.0059933197462941e-12,
                2.020591596824433e-11,
                7.433341074754847e-12,
                4.539785620360077e-05,
                0.9999546021151511
            ]
        ],
        [
            [
                0.9999999999377585,
                6.22414461564976e-11,
                0.0,
                0.0,
                0.0
            ],
            [
                0.9999999996814986,
                3.1608814438275876e-10,
                0.0,
                0.0,
                2.413362763826974e-12
            ],
            [
                1.5181632439489022e-08,
                0.00317267865306509,
                0.9968259277348347,
                1.3666070006617444e-06,
                1.1823467232176293e-08
            ],
            [
                1.2232457576778917e-11,
                5.893928127806043e-10,
                9.717444672291607e-10,
                0.8807970751537323,
                0.11920292327289798
            ],
            [
                2.5436657045319224e-13,
                3.978962625242702e-12,
                5.384940338751171e-13,
                6.475946145407424e-07,
                0.9999993524006137
            ]
        ],
        [
            [
                0.9999999999294713,
                7.052879826632132e-11,
                0.0,
                0.0,
                0.0
            ],
            [
                0.9999999996817821,
                3.160881446792781e-10,
                0.0,
                0.0,
                2.1297851658882348e-12
            ],
            [
                1.3370250188112899e-08,
                0.005220123585190011,
                0.9947794673899338,
                3.907359857235212e-07,
                4.9186401675253445e-09
            ],
            [
                5.350185994175368e-12,
                2.921102576152137e-10,
                1.7717382726018285e-10,
                0.075858175945356,
                0.9241418235800096
            ],
            [
                6.101483311264365e-13,
                1.5735932859658864e-11,
                2.7344951068943607e-12,
                7.484619711047647e-05,
                0.999925153783809
            ]
        ],
        [
            [
                0.999999999868235,
                1.3176514255518646e-10,
                0.0,
                0.0,
                0.0
            ],
            [
                0.9999999998955016,
                1.0261879595756925e-10,
                0.0,
                0.0,
                1.879528809955533e-12
            ],
            [
                1.0278473887864926e-06,
                0.03732678613953062,
                0.962670467206574,
                1.6946338529258746e-06,
                2.417265366824332e-08
            ],
            [
                7.834294967200787e-13,
                2.9397974979486493e-11,
                5.108602041642886e-12,
                9.610239927300814e-05,
                0.999903897565437
            ],
            [
                7.834294967529569e-13,
                2.0204913022414256e-11,
                5.108602041857279e-12,
                9.610239927704128e-05,
                0.999903897574626
            ]
        ],
        [
            [
                0.9999999998286804,
                1.6918979165757527e-10,
                0.0,
                0.0,
                2.1297851633533305e-12
            ],
            [
                0.999999999683912,
                3.160881446799513e-10,
                0.0,
                0.0,
                0.0
            ],
            [
                1.5471735386175774e-06,
                0.9959273791582289,
                0.004070128095217245,
                9.384081870676487e-07,
                7.164828091095272e-09
            ],
            [
                1.3724050817158984e-11,
                8.490769580983475e-10,
                9.62130241603829e-10,
                0.32082128768244544,
                0.6791787104926233
            ],
            [
                1.3615260513845676e-13,
                2.1297850822541065e-12,
                3.7010115244522674e-13,
                4.139937546364291e-08,
                0.9999999585979886
            ]
        ],
        [
            [
                0.9999999999771028,
                2.2897348427292085e-11,
                0.0,
                0.0,
                0.0
            ],
            [
                0.999999999683912,
                3.1608814475614504e-10,
                0.0,
                0.0,
                0.0
            ],
            [
                3.7194493381156255e-06,
                0.11920207049442212,
                0.8807908745986749,
                3.282402520207363e-06,
                5.305504477429606e-08
            ],
            [
                9.49520831129264e-12,
                5.874477365955609e-10,
                3.207355965927543e-08,
                0.9947798418096923,
                0.005220125519805227
            ],
            [
                0.0,
                1.4637785044219569e-12,
                1.748234116681339e-13,
                6.3488000739550375e-09,
                0.9999999936495614
            ]
        ],
        [
            [
                0.9999999999771028,
                2.2897348433625597e-11,
                0.0,
                0.0,
                0.0
            ],
            [
                0.9999999997538302,
                2.461696944694327e-10,
                0.0,
                0.0,
                0.0
            ],
            [
                3.3315192769416184e-11,
                7.889264997423763e-06,
                0.9999921043151845,
                6.348751969047575e-09,
                3.7751059150287075e-11
            ],
            [
                5.492149687789116e-11,
                3.3978726925860455e-09,
                5.828788563346268e-05,
                0.999883420775939,
                5.828788563346268e-05
            ],
            [
                1.4637479279465798e-12,
                4.277698483050549e-11,
                7.43352534291681e-12,
                2.1444939755559398e-05,
                0.9999785550085701
            ]
        ],
        [
            [
                0.9999999999200804,
                7.991959884534085e-11,
                0.0,
                0.0,
                0.0
            ],
            [
                0.9999999999377585,
                6.224144601369071e-11,
                0.0,
                0.0,
                0.0
            ],
            [
                1.8187882167859639e-09,
                9.610239443340676e-05,
                0.9999038479060849,
                4.690716634829543e-08,
                9.735271790903618e-10
            ],
            [
                3.0826429086953847e-12,
                1.3107731189754849e-10,
                6.191653796360378e-11,
                0.005220125705835078,
                0.9947798740980885
            ],
            [
                3.701005113073594e-13,
                5.1090799646438064e-12,
                1.2917777131946684e-12,
                1.3709566543306844e-06,
                0.9999986290365747
            ]
        ],
        [
            [
                0.9999999998289306,
                1.6918979183741134e-10,
                0.0,
                0.0,
                1.879528811827739e-12
            ],
            [
                0.9999999991407833,
                8.592166591715127e-10,
                0.0,
                0.0,
                0.0
            ],
            [
                5.905259281868924e-10,
                7.889265086409406e-06,
                0.9999919965068174,
                1.12534322562645e-07,
                1.1032476780940726e-09
            ],
            [
                5.788914842685801e-12,
                4.598704662846641e-10,
                6.475464506697138e-07,
                0.9999245057946913,
                7.484619319877869e-05
            ],
            [
                7.834579090350984e-13,
                2.2895996264294667e-11,
                6.5598127586134144e-12,
                5.8291277296205666e-05,
                0.9999417086924646
            ]
        ],
        [
            [
                0.9999999998492268,
                1.4930946728945478e-10,
                0.0,
                0.0,
                1.463778510888138e-12
            ],
            [
                0.9999999994788586,
                5.211412476801211e-10,
                0.0,
                0.0,
                0.0
            ],
            [
                1.7832440546583453e-11,
                1.760343117559533e-06,
                0.9999982303216977,
                9.237432898265967e-09,
                7.99194538950764e-11
            ],
            [
                1.0812311620561034e-11,
                6.689340328964062e-10,
                5.041783985151328e-07,
                0.999664145098521,
                0.0003353500433340465
            ],
            [
                2.8823508586843035e-13,
                5.789356459768527e-12,
                4.1937957533030627e-13,
                6.475946146474222e-07,
                0.9999993523988884
            ]
        ],
        [
            [
                0.999999999986112,
                1.3887943852829918e-11,
                0.0,
                0.0,
                0.0
            ],
            [
                0.9999999997507314,
                2.461696945452239e-10,
                0.0,
                0.0,
                3.0988191307118067e-12
            ],
            [
                3.0379753844231304e-14,
                4.277787867532734e-11,
                0.9999999999431977,
                1.3887943860301155e-11,
                1.0603575987963704e-13
            ],
            [
                5.7079343300221394e-12,
                3.5313739234343616e-10,
                1.7933796560170375e-09,
                0.9859363706182531,
                0.014063627229521893
            ],
            [
                6.914281835002919e-13,
                1.3887706309427692e-11,
                3.0987661329169605e-12,
                1.6701415104939945e-05,
                0.9999832985672171
            ]
        ],
        [
            [
                0.9999999999771028,
                2.289734843624658e-11,
                0.0,
                0.0,
                0.0
            ],
            [
                0.9999999994094697,
                5.905303979820328e-10,
                0.0,
                0.0,
                0.0
            ],
            [
                0.0,
                1.783247290039664e-11,
                0.9999999999712788,
                1.0815941552585233e-11,
                7.287724092652547e-14
            ],
            [
                6.558487097708764e-12,
                4.057592287320447e-10,
                8.7619596041251e-08,
                0.9997387216334457,
                0.00026119033464053697
            ],
            [
                4.193788219499988e-13,
                1.2256045704506766e-11,
                1.6586754167802933e-12,
                1.3709566546014342e-06,
                0.9999986290290114
            ]
        ],
        [
            [
                0.9999999999740539,
                2.5946094956813995e-11,
                0.0,
                0.0,
                0.0
            ],
            [
                0.999999999476124,
                5.211412471366018e-10,
                0.0,
                0.0,
                2.7346982829216513e-12
            ],
            [
                1.9171023647552805e-10,
                3.535625928590997e-05,
                0.9999645750164952,
                6.825357188831469e-08,
                2.7893674816631844e-10
            ],
            [
                2.605001713294755e-12,
                1.4222827437906483e-10,
                7.612930931992914e-11,
                0.047425875472085065,
                0.9525741243069524
            ],
            [
                2.5436609974709314e-13,
                6.56018817588817e-12,
                7.83502746234561e-13,
                1.0677030764766107e-06,
                0.9999989322893255
            ]
        ],
        [
            [
                0.999999999868235,
                1.31765142443724e-10,
                0.0,
                0.0,
                0.0
            ],
            [
                0.9999999999740539,
                2.594609486887666e-11,
                0.0,
                0.0,
                0.0
            ],
            [
                2.3348091999226055e-09,
                0.0003353500467839563,
                0.9996646223851213,
                2.5101564495340313e-08,
                1.317209215375365e-10
            ],
            [
                2.7260221474273105e-12,
                1.4883576619891036e-10,
                1.2461866129503533e-09,
                0.9968273155403492,
                0.0031726830619022415
            ],
            [
                2.543665967254506e-13,
                3.978963036209968e-12,
                6.101937444951755e-13,
                3.0590235897044097e-07,
                0.9999996940927975
            ]
        ],
        [
            [
                0.9999999999377585,
                6.224144611187203e-11,
                0.0,
                0.0,
                0.0
            ],
            [
                0.999999989531858,
                1.0467401676176644e-08,
                3.7010116366699854e-13,
                0.0,
                3.7010116366699854e-13
            ],
            [
                3.850602617245434e-09,
                3.535625546585745e-05,
                0.9999645862781131,
                5.3155929490828716e-08,
                4.598889001932215e-10
            ],
            [
                3.5027393886954542e-12,
                1.68771435157861e-10,
                5.588942352969701e-09,
                0.9975273712919358,
                0.002472622946847579
            ],
            [
                0.0,
                3.51142239719508e-12,
                5.384940653003907e-13,
                1.1253518381516702e-07,
                0.9999998874607663
            ]
        ],
        [
            [
                0.9999999998490319,
                1.4930946745180474e-10,
                0.0,
                0.0,
                1.6586783570489012e-12
            ],
            [
                0.9999999997538302,
                2.4616969472546245e-10,
                0.0,
                0.0,
                0.0
            ],
            [
                3.849956218196085e-09,
                0.0002034268533674512,
                0.9997959113683279,
                6.474630823923116e-07,
                1.0465266028285325e-08
            ],
            [
                1.7622030040785825e-11,
                9.621302400553993e-10,
                2.3080304624475306e-09,
                0.6791787101804907,
                0.32082128653172653
            ],
            [
                0.0,
                2.129785437259811e-12,
                4.1937961827632627e-13,
                6.825604229794496e-08,
                0.9999999317414086
            ]
        ],
        [
            [
                0.9999999999666846,
                3.331544538809968e-11,
                0.0,
                0.0,
                0.0
            ],
            [
                0.9999999995922553,
                4.0586521164552934e-10,
                0.0,
                0.0,
                1.8795288118987175e-12
            ],
            [
                1.0110009361985106e-05,
                0.22268769808856057,
                0.7772564377808084,
                4.530991845862416e-05,
                4.4420281026956717e-07
            ],
            [
                1.0771924261323529e-11,
                6.664353554589741e-10,
                1.7187594350122327e-08,
                0.9959298444371679,
                0.004070137698030423
            ],
            [
                1.1399506782384929e-12,
                2.020610924932514e-11,
                8.423159511518267e-12,
                3.535625792790474e-05,
                0.9999646437123029
            ]
        ],
        [
            [
                0.9999999999622486,
                3.775134539969609e-11,
                0.0,
                0.0,
                0.0
            ],
            [
                0.999999998178625,
                1.8189616780587154e-09,
                0.0,
                0.0,
                2.413362759236322e-12
            ],
            [
                1.4163845466200598e-09,
                0.00015843609061475122,
                0.9998410555794993,
                5.042673466826956e-07,
                2.646154703392398e-09
            ],
            [
                2.1256822841575764e-12,
                1.1605832027323211e-10,
                2.285323826638701e-11,
                0.0019267343358400377,
                0.9980732655231227
            ],
            [
                6.914360936850131e-13,
                1.2255998013453542e-11,
                2.4133491001284116e-12,
                4.785094847849545e-06,
                0.9999952148897914
            ]
        ],
        [
            [
                0.9999999999377585,
                6.224144611189792e-11,
                0.0,
                0.0,
                0.0
            ],
            [
                0.9999999996418252,
                3.5817479224816234e-10,
                0.0,
                0.0,
                0.0
            ],
            [
                7.571172783571289e-10,
                0.0015011820204886605,
                0.9984988100057999,
                7.183328734195165e-09,
                3.326541160431205e-11
            ],
            [
                1.8735657990820384e-12,
                1.4883576646968142e-10,
                3.320974840819432e-11,
                0.0031726830733448965,
                0.9968273167427361
            ],
            [
                1.0059146009765739e-12,
                2.93971337586271e-11,
                9.543852008001726e-12,
                0.00012339462861111802,
                0.999876605331442
            ]
        ],
        [
            [
                0.9999999999450722,
                5.4927883341803195e-11,
                0.0,
                0.0,
                0.0
            ],
            [
                0.9999999996822533,
                3.1608814449438275e-10,
                0.0,
                0.0,
                1.6586783539973772e-12
            ],
            [
                0.0,
                2.594609497243477e-11,
                0.9999999999600457,
                1.3887943859434826e-11,
                1.2015425726988096e-13
            ],
            [
                4.494450695094624e-12,
                2.7806181828929755e-10,
                2.0546143743102802e-09,
                0.9968273146039076,
                0.003172683058921753
            ],
            [
                1.9810051766468187e-13,
                3.978955262056559e-12,
                6.101925522901372e-13,
                1.0677030764487279e-06,
                0.9999989322921362
            ]
        ],
        [
            [
                0.9999999999094393,
                9.056076961680667e-11,
                0.0,
                0.0,
                0.0
            ],
            [
                0.9999999999515263,
                4.8473686960350025e-11,
                0.0,
                0.0,
                0.0
            ],
            [
                7.682653552651024e-08,
                0.006692848340055953,
                0.9933065689501106,
                5.009719418099887e-07,
                4.9113561001309355e-09
            ],
            [
                1.0152907296031517e-11,
                8.065453265857271e-10,
                3.8098503554867573e-10,
                0.731058589686557,
                0.2689414091157597
            ],
            [
                2.543665970403798e-13,
                4.508755814873661e-12,
                7.835042780057213e-13,
                1.855391598237069e-07,
                0.9999998144552936
            ]
        ],
        [
            [
                0.999999999979793,
                2.020683901200253e-11,
                0.0,
                0.0,
                0.0
            ],
            [
                0.9999999961475994,
                3.85074189893925e-09,
                0.0,
                0.0,
                1.6586783486503401e-12
            ],
            [
                1.0774743042282023e-05,
                0.26892950476545135,
                0.7310261632550125,
                3.318854506159941e-05,
                3.686914321986067e-07
            ],
            [
                4.078849031031887e-12,
                2.2269761135882393e-10,
                1.051949029812259e-10,
                0.09534947017062345,
                0.9046505294974052
            ],
            [
                0.0,
                7.433638561776917e-12,
                7.834997400844595e-13,
                4.785094848647882e-06,
                0.9999952148969342
            ]
        ],
        [
            [
                0.9999999999377585,
                6.224144612518888e-11,
                0.0,
                0.0,
                0.0
            ],
            [
                0.9999999999622486,
                3.775134540461034e-11,
                0.0,
                0.0,
                0.0
            ],
            [
                0.0,
                3.331544541089709e-11,
                0.9999999999557625,
                1.081594155379015e-11,
                1.0603575988096936e-13
            ],
            [
                1.8673983948171846e-11,
                1.0195649773188138e-09,
                1.680978464966422e-09,
                0.924141821702232,
                0.0758581755785505
            ],
            [
                6.101576330699831e-13,
                9.544471245441304e-12,
                3.5112147480498472e-12,
                5.8291277542153154e-05,
                0.999941708708792
            ]
        ],
        [
            [
                0.9999999998665763,
                1.3176514237562432e-10,
                0.0,
                0.0,
                1.6586783548189265e-12
            ],
            [
                0.9999996940946909,
                3.059023586472426e-07,
                1.6586785657481554e-12,
                0.0,
                1.2917801658684183e-12
            ],
            [
                3.511408831481203e-12,
                2.9023121985313693e-06,
                0.9999970971604161,
                5.211392775808123e-10,
                2.7346879476414075e-12
            ],
            [
                8.842830983658037e-12,
                4.260714573247758e-10,
                1.5674292961974054e-10,
                0.18242551511525318,
                0.8175744842930897
            ],
            [
                2.4087135916430555e-12,
                5.482206865614792e-11,
                2.2853238262955672e-11,
                0.0019267343419925745,
                0.9980732655779234
            ]
        ],
        [
            [
                0.9999999997514168,
                2.4616969454539257e-10,
                0.0,
                0.0,
                2.4133627655966594e-12
            ],
            [
                0.9999999996822533,
                3.1608814467942703e-10,
                0.0,
                0.0,
                1.6586783549684006e-12
            ],
            [
                1.3887919194752385e-11,
                1.370956651045122e-06,
                0.9999986263650597,
                2.6465689375989438e-09,
                1.7832441230967615e-11
            ],
            [
                7.410096377412223e-12,
                3.150853156923133e-10,
                1.3397768545568524e-08,
                0.9968273032550917,
                0.003172683024644268
            ],
            [
                3.70101196317557e-13,
                5.789356773893204e-12,
                1.006039356640969e-12,
                8.315279900352663e-07,
                0.9999991684648445
            ]
        ],
        [
            [
                0.9999999999294713,
                7.052879837774113e-11,
                0.0,
                0.0,
                0.0
            ],
            [
                0.9999999998973812,
                1.0261879611969607e-10,
                0.0,
                0.0,
                0.0
            ],
            [
                3.837603210886351e-07,
                0.02297730908040488,
                0.9770200771208483,
                2.2083881706814778e-06,
                2.1650255163248687e-08
            ],
            [
                5.934690318413854e-12,
                5.342237976205954e-10,
                2.2269761123644414e-10,
                0.0953494701814775,
                0.9046505290556663
            ],
            [
                6.101925658974674e-13,
                8.423448543718223e-12,
                1.6586753637398839e-12,
                1.7603431333939408e-06,
                0.9999982396461743
            ]
        ],
        [
            [
                0.9999999999450722,
                5.492788340653765e-11,
                0.0,
                0.0,
                0.0
            ],
            [
                0.9999999993308415,
                6.691586076066797e-10,
                0.0,
                0.0,
                0.0
            ],
            [
                5.905033971118724e-10,
                4.53978537907304e-05,
                0.9999545596983372,
                4.139748414664778e-08,
                4.5988450807705095e-10
            ],
            [
                2.9831481619307907e-12,
                2.6853443978143425e-10,
                1.1194180892052549e-10,
                0.03732688396652782,
                0.9626731156500128
            ],
            [
                6.101483310858422e-13,
                2.0205337745749496e-11,
                3.0985889000899957e-12,
                7.484619710549681e-05,
                0.9999251537789805
            ]
        ],
        [
            [
                0.9999999999821676,
                1.7832472890452365e-11,
                0.0,
                0.0,
                0.0
            ],
            [
                0.9999999997538302,
                2.4616969467284766e-10,
                0.0,
                0.0,
                0.0
            ],
            [
                1.1628033636286248e-10,
                1.6701414399542233e-05,
                0.9999832564015058,
                4.139866729627217e-08,
                6.691471348005749e-10
            ],
            [
                7.620293210277885e-12,
                2.2269761127337868e-10,
                2.2269761127337868e-10,
                0.09534947027850818,
                0.9046505292684763
            ],
            [
                4.752193283799801e-13,
                5.789356597998669e-12,
                1.0060393260750822e-12,
                5.043472050423328e-07,
                0.9999994956455244
            ]
        ],
        [
            [
                0.999999999882254,
                1.1628233001692971e-10,
                0.0,
                0.0,
                1.4637785105347639e-12
            ],
            [
                0.9999999998308102,
                1.6918979208751718e-10,
                0.0,
                0.0,
                0.0
            ],
            [
                2.9400777807769345e-11,
                5.043471887024102e-07,
                0.999999463135373,
                3.224186782758743e-08,
                2.4616969865565976e-10
            ],
            [
                5.765795659170891e-12,
                3.148017764598641e-10,
                1.2450651784104554e-09,
                0.9959298606725863,
                0.004070137761780889
            ],
            [
                5.384622213655056e-13,
                2.0205645788644385e-11,
                2.1296593978948178e-12,
                5.829127676875186e-05,
                0.9999417087003575
            ]
        ],
        [
            [
                0.9999999998837177,
                1.1628232993996196e-10,
                0.0,
                0.0,
                0.0
            ],
            [
                0.9999999997210531,
                2.7894680881364196e-10,
                0.0,
                0.0,
                0.0
            ],
            [
                8.131862737186618e-09,
                0.002472622841683088,
                0.9975272044465635,
                1.6333282926205578e-07,
                1.2470615404487631e-09
            ],
            [
                5.778203829023145e-12,
                4.5901958507786075e-10,
                2.784094517582942e-10,
                0.11920292369498654,
                0.8807970755618062
            ],
            [
                3.266125370356876e-13,
                5.7893457423441604e-12,
                6.914387463304584e-13,
                2.2603252737546054e-06,
                0.9999977396679189
            ]
        ],
        [
            [
                0.9999999999622486,
                3.7751345394127826e-11,
                0.0,
                0.0,
                0.0
            ],
            [
                0.9999999973521345,
                2.6465736276506426e-09,
                0.0,
                0.0,
                1.2917799992907883e-12
            ],
            [
                0.0,
                2.7894680908226437e-10,
                0.9999999996722913,
                4.847368702714353e-11,
                2.88235079132997e-13
            ],
            [
                2.3926599734599573e-12,
                7.923401640459925e-11,
                3.302965210566131e-11,
                0.00857748567308484,
                0.9914225142122588
            ],
            [
                1.4632873024429283e-12,
                2.5937388047350414e-11,
                1.782648872478505e-11,
                0.0003353500561958286,
                0.999664649898577
            ]
        ],
        [
            [
                0.9999999999740539,
                2.5946094904163157e-11,
                0.0,
                0.0,
                0.0
            ],
            [
                0.9999999956348791,
                4.363462226888436e-09,
                0.0,
                0.0,
                1.6586783490098703e-12
            ],
            [
                3.452472630907682e-06,
                0.18242425585973765,
                0.817568815932423,
                3.452472630907682e-06,
                2.3262577602849123e-08
            ],
            [
                8.422837599418116e-12,
                4.05835042807686e-10,
                3.927567823580467e-07,
                0.9999247606345341,
                7.484619442579124e-05
            ],
            [
                0.0,
                2.7346932922141086e-12,
                2.54366099723123e-13,
                1.067703076375996e-06,
                0.9999989322939346
            ]
        ],
        [
            [
                0.9999999998959175,
                1.0261879599858833e-10,
                0.0,
                0.0,
                1.4637785095837406e-12
            ],
            [
                0.9999999997210531,
                2.789468087609899e-10,
                0.0,
                0.0,
                0.0
            ],
            [
                1.026182189379962e-10,
                6.144171923713028e-06,
                0.9999938231255994,
                3.224168596547096e-08,
                3.581727777775124e-10
            ],
            [
                5.934690316362206e-12,
                4.1605391177846786e-10,
                4.714508465241726e-10,
                0.09534947022973168,
                0.9046505288768288
            ],
            [
                5.384919906427583e-13,
                1.3887891481362685e-11,
                1.6586721025852351e-12,
                3.7266391156052298e-06,
                0.9999962733447993
            ]
        ],
        [
            [
                0.9999999999200804,
                7.991959865143142e-11,
                0.0,
                0.0,
                0.0
            ],
            [
                0.9999999973524203,
                2.646573628152943e-09,
                0.0,
                0.0,
                1.0060392751945835e-12
            ],
            [
                1.0261665005125465e-10,
                2.144493933570588e-05,
                0.9999785353001588,
                1.9555272081992683e-08,
                1.0261665005125465e-10
            ],
            [
                8.36708334327406e-12,
                3.139724861096678e-10,
                3.824967915858083e-09,
                0.9933071444693728,
                0.006692851383319712
            ],
            [
                4.1937239239987713e-13,
                1.0815756551879305e-11,
                1.1399723536179824e-12,
                1.6701415109620842e-05,
                0.9999832985725152
            ]
        ],
        [
            [
                0.9999999999705993,
                2.940077731411374e-11,
                0.0,
                0.0,
                0.0
            ],
            [
                0.9999999999666846,
                3.33154453789048e-11,
                0.0,
                0.0,
                0.0
            ],
            [
                1.8187361839222465e-09,
                0.0001233945045017085,
                0.9998762045910897,
                3.927376593228635e-07,
                6.348013031034037e-09
            ],
            [
                1.2563739428616698e-11,
                4.714508439082052e-10,
                5.743447058680266e-09,
                0.9046505243827375,
                0.09534946938980088
            ],
            [
                7.832412517747556e-13,
                2.939091114002705e-11,
                7.43118609297766e-12,
                0.0003353500564516752,
                0.999664649905943
            ]
        ],
        [
            [
                0.9999999999419733,
                5.4927883341632977e-11,
                0.0,
                0.0,
                3.098819129248774e-12
            ],
            [
                0.9999999997191735,
                2.7894680847030354e-10,
                0.0,
                0.0,
                1.8795288110369504e-12
            ],
            [
                1.416503494083581e-09,
                7.484619498210604e-05,
                0.9999250067981936,
                1.444871466841122e-07,
                1.103174030415674e-09
            ],
            [
                3.790255127283292e-12,
                2.657173985973431e-10,
                1.611657490683713e-10,
                0.04742587541977237,
                0.9525741241495542
            ],
            [
                6.914387841657373e-13,
                1.3887919229484904e-11,
                3.0988136418034248e-12,
                1.3709566544737692e-06,
                0.9999986290256674
            ]
        ],
        [
            [
                0.9999999999079756,
                9.05607697017352e-11,
                0.0,
                0.0,
                1.463778510974133e-12
            ],
            [
                0.9999999995941349,
                4.0586521183081227e-10,
                0.0,
                0.0,
                0.0
            ],
            [
                1.598695288888906e-09,
                0.0040701376639425595,
                0.9959298322511082,
                2.83375520365385e-08,
                1.4870182569949567e-10
            ],
            [
                8.271954342293872e-12,
                2.1333651426726014e-10,
                8.893189020862298e-11,
                0.01798621158852908,
                0.9820137881009305
            ],
            [
                0.0,
                2.129781393116374e-12,
                4.752184633272026e-13,
                1.3709566545598153e-06,
                0.9999986290407404
            ]
        ],
        [
            [
                0.9999999999094393,
                9.056076970169754e-11,
                0.0,
                0.0,
                0.0
            ],
            [
                0.9999999993287116,
                6.691586071171976e-10,
                0.0,
                0.0,
                2.129785164551774e-12
            ],
            [
                6.560188170013348e-12,
                1.0677030755204545e-06,
                0.9999989314227257,
                8.59215090471128e-10,
                8.423448348551381e-12
            ],
            [
                7.91732468131807e-12,
                2.621857851255575e-10,
                7.126948553870707e-10,
                0.9399133447422731,
                0.060086654274929055
            ],
            [
                8.87528612938459e-13,
                2.939091114372836e-11,
                9.54183182072143e-12,
                0.0003353500552209636,
                0.9996646499049588
            ]
        ],
        [
            [
                0.9999999999200804,
                7.99195986152522e-11,
                0.0,
                0.0,
                0.0
            ],
            [
                0.9999999997210531,
                2.7894680886035497e-10,
                0.0,
                0.0,
                0.0
            ],
            [
                2.0646162831962805e-07,
                0.017986177620298003,
                0.9820120754055038,
                1.5255565539303008e-06,
                1.495601592919472e-08
            ],
            [
                1.3036591020089208e-11,
                5.543299557664953e-10,
                5.543299557664953e-10,
                0.7310585897704877,
                0.26894140910781583
            ],
            [
                4.752111776910061e-13,
                1.0815756551518588e-11,
                1.6586499873609509e-12,
                1.6701415109063834e-05,
                0.9999832985719413
            ]
