{
    "[['A', 'B', 'C', 'D', 'E'], ['A', 'B', 'C', 'D', 'E']]": [
        [
            [
                0.9999999995981597,
                3.5817479248923053e-10,
                8.878265465097014e-13,
                0.0,
                4.277787862530516e-11
            ],
            [
                0.9980729620914478,
                0.0019267344486921343,
                1.4421952848465826e-07,
                9.912063024854907e-08,
                6.011970125578448e-08
            ],
            [
                7.433680643939946e-12,
                3.3982678065065645e-09,
                0.9999999963696209,
                2.1724399267757427e-10,
                7.433680643939946e-12
            ],
            [
                0.9997805426306212,
                1.3004445201317e-05,
                1.2749109468596043e-07,
                2.901683940411342e-06,
                0.00020342374914229919
            ],
            [
                0.9999645852517781,
                5.3155929396616094e-08,
                9.735848076234704e-10,
                4.363304391373294e-09,
                3.535625540319265e-05
            ]
        ],
        [
            [
                0.9999999998298734,
                1.3176514255024871e-10,
                6.101936670626254e-13,
                0.0,
                3.7751345399613e-11
            ],
            [
                0.9999724395748522,
                2.7535689099775624e-05,
                1.8189132027446755e-09,
                7.582358313160497e-10,
                2.2158899107480822e-08
            ],
            [
                6.91440004179704e-13,
                9.237449574941107e-09,
                0.9999999907279334,
                3.331544510778678e-11,
                6.101936620116684e-13
            ],
            [
                0.9999933273878926,
                3.726628127598182e-06,
                2.8453184007923678e-08,
                1.5229891917994916e-08,
                2.902300903989388e-06
            ],
            [
                0.99997849944031,
                5.31567388235935e-08,
                8.591986602997004e-10,
                1.6051944237360966e-09,
                2.1444938558113888e-05
            ]
        ],
        [
            [
                0.9999999993591164,
                5.905303986793921e-10,
                1.879528812671967e-12,
                0.0,
                4.847368696296831e-11
            ],
            [
                0.989000023680665,
                0.010986796102886541,
                5.362605383922494e-06,
                6.076627995199609e-06,
                1.740983069359608e-06
            ],
            [
                2.2447770499830408e-13,
                2.061153617812729e-09,
                0.9999999979050183,
                3.331544534689456e-11,
                2.8823507869755527e-13
            ],
            [
                0.3775336261351163,
                0.622447715918039,
                1.7140006035953748e-05,
                6.645901562750404e-07,
                8.5335065233763e-07
            ],
            [
                0.9990809710294772,
                6.138566945516212e-06,
                8.756195477689434e-08,
                1.7587288757378e-06,
                0.0009110441127467152
            ]
        ],
        [
            [
                0.9999999971785989,
                2.6465736266280554e-09,
                3.97896251737341e-12,
                1.6586783512173619e-12,
                1.6918979147641103e-10
            ],
            [
                0.9999999965703215,
                3.3982678052633476e-09,
                9.545034882866645e-12,
                1.6586783519677946e-12,
                2.0206839005597248e-11
            ],
            [
                1.2015425728954654e-13,
                6.224144621448472e-11,
                0.9999999998818228,
                5.4927883496668466e-11,
                8.878265476378064e-13
            ],
            [
                0.9999646287886159,
                3.5356256955100845e-05,
                2.3355086441031906e-09,
                7.582286438448547e-10,
                1.1860691559712283e-08
            ],
            [
                0.9999920614839826,
                4.6911282391942725e-08,
                5.211372736965991e-10,
                1.8189478131177885e-09,
                7.889264650052299e-06
            ]
        ],
        [
            [
                0.9999999991911404,
                7.58256041229932e-10,
                2.1297851665705307e-12,
                0.0,
                4.847368696289463e-11
            ],
            [
                0.9999998547618404,
                1.44498031368989e-07,
                1.162823357406473e-10,
                3.3315446979802585e-11,
                5.905304275130691e-10
            ],
            [
                3.701011643673962e-13,
                9.237449574816094e-09,
                0.9999999906813729,
                7.991959817550514e-11,
                8.878265394694027e-13
            ],
            [
                0.9999996684914642,
                2.510999405970534e-08,
                2.1724401515674032e-10,
                2.7894683708455146e-10,
                3.059023509856604e-07
            ],
            [
                0.9999996890341891,
                4.944451097176203e-09,
                4.847369289820625e-11,
                7.052880700172938e-11,
                3.0590235732786955e-07
            ]
        ],
        [
            [
                0.9999999994714954,
                3.581747923316275e-10,
                0.0,
                1.139991850826942e-12,
                1.691897919324197e-10
            ],
            [
                0.9999985810897734,
                1.3709565846531938e-06,
                3.850734895920415e-09,
                1.1861098507130683e-08,
                3.224180853749605e-08
            ],
            [
                1.542811196204799e-13,
                4.363462233182439e-09,
                0.9999999955738152,
                6.224144594719855e-11,
                3.2661313279957803e-13
            ],
            [
                0.9999721448147437,
                3.058938941948315e-07,
                4.363337896924476e-09,
                9.237186400275827e-09,
                2.7535690837764073e-05
            ],
            [
                0.9999951010912035,
                1.1253453770174638e-07,
                5.211382988125206e-10,
                7.582517506009524e-10,
                4.785094868875017e-06
            ]
        ],
        [
            [
                0.9999999993369133,
                5.905303989954375e-10,
                1.139991851308942e-12,
                8.878265464944245e-13,
                7.052879840375537e-11
            ],
            [
                0.9999831573819149,
                1.670141468216972e-05,
                2.5109561411345024e-08,
                2.845286067045209e-08,
                8.76409808370437e-08
            ],
            [
                3.7010116617291676e-13,
                4.363462233061769e-09,
                0.9999999955928514,
                4.277787849477437e-11,
                5.384940193217782e-13
            ],
            [
                0.9999967857883019,
                3.0590146899879085e-07,
                2.998949616992701e-09,
                2.998949616992701e-09,
                2.902312329814544e-06
            ],
            [
                0.9984675051039651,
                2.7494254149031784e-05,
                1.4427660451881338e-07,
                3.72094267263863e-06,
                0.0015011354226086445
            ]
        ],
        [
            [
                0.9999999996977624,
                2.4616969483554856e-10,
                1.1399918514421043e-12,
                0.0,
                5.492788343234605e-11
            ],
            [
                0.9988302652323414,
                0.0011695098088173193,
                7.7253696061753e-08,
                6.016523898805354e-08,
                8.753990618607017e-08
            ],
            [
                1.7482341219719955e-13,
                3.3982678072507743e-09,
                0.9999999965462101,
                5.4927883311636215e-11,
                4.193795643268882e-13
            ],
            [
                0.9999723455959649,
                1.1253196339296543e-07,
                1.8189097812978771e-09,
                4.3633377363105745e-09,
                2.753568982417887e-05
            ],
            [
                0.9890056446700187,
                3.6856819404867757e-06,
                1.2611710069874737e-07,
                3.6856819404867757e-06,
                0.010986857848999618
            ]
        ],
        [
            [
                0.9999999995054873,
                4.599055371900293e-10,
                1.2917800028894917e-12,
                0.0,
                3.331544537275263e-11
            ],
            [
                0.5603099600031032,
                0.4363698260995463,
                0.0008423920149873366,
                0.002289858906779077,
                0.00018796297558413042
            ],
            [
                1.8795287380039503e-12,
                4.139937545800025e-08,
                0.9999999584944677,
                1.0261879202914593e-10,
                1.6586782896072198e-12
            ],
            [
                0.22235466037302098,
                4.524212888352664e-05,
                7.861903146183707e-06,
                0.0014982135455513924,
                0.7760940220493978
            ],
            [
                0.9999641367812178,
                5.043294305382582e-07,
                1.2501076737036128e-09,
                1.4165575766242175e-09,
                3.535622268645487e-05
            ]
        ],
        [
            [
                0.9999999985345598,
                3.581747921082759e-10,
                1.8795288117111446e-12,
                2.129785165485014e-12,
                1.1032560295096245e-09
            ],
            [
                0.9999982327053113,
                1.7603431184646685e-06,
                7.582546671323999e-10,
                5.905293285302605e-10,
                5.602786272717289e-09
            ],
            [
                7.582531716519514e-10,
                2.9023121868629856e-06,
                0.9999970934150231,
                3.398254951941723e-09,
                1.1628188999874686e-10
            ],
            [
                0.9999937398155754,
                1.1253454543941199e-07,
                1.4166008651789701e-09,
                2.0611420967761178e-09,
                6.144172136270747e-06
            ],
            [
                0.9999545070833291,
                8.763848037983354e-08,
                1.8188786325406711e-09,
                5.6025406100887635e-09,
                4.5397856771198644e-05
            ]
        ],
        [
            [
                0.9999999995456612,
                4.0586521181166283e-10,
                0.0,
                0.0,
                4.847368696286776e-11
            ],
            [
                0.9999999479389242,
                3.224186565845001e-08,
                1.3176513569574892e-10,
                1.3176513569574892e-10,
                1.955568004818578e-08
            ],
            [
                6.914400023318465e-13,
                1.1861120007897187e-08,
                0.9999999880753369,
                6.224144547633893e-11,
                6.101936603809399e-13
            ],
            [
                0.999999686764475,
                7.194133879421311e-09,
                9.056078058526899e-11,
                4.8473692783865914e-11,
                3.0590235660630335e-07
            ],
            [
                0.9913994233259578,
                1.655806346084817e-05,
                6.420257939217692e-07,
                6.091371132858103e-06,
                0.00857728521365458
            ]
        ],
        [
            [
                0.9999999943112063,
                1.818961674931368e-09,
                9.545034856608142e-12,
                9.545034856608142e-12,
                3.850741896047525e-09
            ],
            [
                0.9819755951064938,
                0.017985510304696504,
                9.94750885321295e-06,
                1.4473539978263392e-05,
                1.4473539978263392e-05
            ],
            [
                2.1297850572671193e-12,
                5.315784970665974e-08,
                0.9999999467222744,
                1.1628232409501887e-10,
                1.4637784359889078e-12
            ],
            [
                0.0002570855298615127,
                0.984026883695397,
                0.00020021841197247314,
                0.014036387990110208,
                0.0014794243726587303
            ],
            [
                0.9990889296662882,
                1.7242100572926602e-08,
                4.5948641645115173e-10,
                1.2490135762629312e-09,
                0.0009110513831112512
            ]
        ],
        [
            [
                0.999999999660127,
                3.160881450161897e-10,
                8.878265466798118e-13,
                0.0,
                2.289734842638002e-11
            ],
            [
                0.9999997548050019,
                2.3823698247765035e-07,
                4.599055682263884e-10,
                1.4930947747654085e-10,
                6.34880053516652e-09
            ],
            [
                1.6052279642655877e-09,
                5.3157849533386533e-08,
                0.9999999435517751,
                1.6052279642655877e-09,
                7.991959440289788e-11
            ],
            [
                0.9856690152431434,
                0.00025751444218166084,
                3.6732462382246747e-06,
                9.984918500821678e-06,
                0.014059812149935767
            ],
            [
                0.9999980514512139,
                1.8553881025309009e-07,
                1.250150669758696e-09,
                1.4166062975375234e-09,
                1.7603432190735674e-06
            ]
        ],
        [
            [
                0.9999999989601518,
                9.736200292143874e-10,
                3.0988191320807333e-12,
                8.878265459432611e-13,
                6.224144609568792e-11
            ],
            [
                0.9999251055678376,
                7.484619319109543e-05,
                1.343941064154932e-08,
                6.348328075619561e-09,
                2.8451232551424466e-08
            ],
            [
                1.879529015066122e-12,
                8.764249145175783e-08,
                0.9999999122050277,
                1.493094833906725e-10,
                1.2917801412315015e-12
            ],
            [
                0.9968269972549356,
                2.6910135579764604e-07,
                5.585020460495035e-09,
                4.676280378481826e-08,
                0.003172681295884342
            ],
            [
                0.9999938517904934,
                3.850720363712604e-09,
                5.492757598614328e-11,
                1.3176440499065958e-10,
                6.144172094334243e-06
            ]
        ],
        [
            [
                0.9999999993526623,
                5.905303986755807e-10,
                1.8795288126598364e-12,
                0.0,
                5.492788339617862e-11
            ],
            [
                0.999995207309105,
                4.7850948036543635e-06,
                2.0611419269625455e-09,
                5.905270490844249e-10,
                4.9444224459501875e-09
            ],
            [
                2.5436656284869145e-13,
                7.194132976899638e-09,
                0.999999992742896,
                6.224144576685456e-11,
                4.752193027479972e-13
            ],
            [
                0.9999935413165956,
                3.059003303460433e-07,
                1.4166009213687713e-09,
                7.194093087166011e-09,
                6.144172379980757e-06
            ],
            [
                0.22269743872463998,
                1.7569332659515915e-06,
                2.0983575499914048e-07,
                1.0110452873808515e-05,
                0.7772904840534653
            ]
        ],
        [
            [
                0.9999999986918204,
                1.250152863188436e-09,
                3.098819130794016e-12,
                0.0,
                5.4927883369023046e-11
            ],
            [
                0.9999998545368861,
                1.4449803138779123e-07,
                7.991960267771839e-11,
                2.594609619962025e-11,
                8.592167022141336e-10
            ],
            [
                4.9441584565234014e-09,
                5.8291276130369656e-05,
                0.9999416980609702,
                5.602465506726761e-09,
                1.1627546205235561e-10
            ],
            [
                0.9999767685813067,
                1.3007001031244395e-05,
                4.1398433102426096e-08,
                5.315664031456226e-08,
                1.0129862588543705e-05
            ],
            [
                0.9999986282583253,
                7.582546969581208e-10,
                6.560188524416264e-12,
                2.0206803224985695e-11,
                1.3709566530608113e-06
            ]
        ],
        [
            [
                0.9999999992997821,
                6.691586077127853e-10,
                1.6586783554030965e-12,
                0.0,
                2.9400777330608374e-11
            ],
            [
                0.9999998552085023,
                1.44498031541328e-07,
                3.77513472534182e-11,
                9.545035380638883e-12,
                2.4616970698831107e-10
            ],
            [
                6.691522723679988e-10,
                1.012998800851523e-05,
                0.9999898608748105,
                8.15194351691415e-09,
                3.1608515215728817e-10
            ],
            [
                0.993266094992262,
                1.2919706559361826e-05,
                1.060514095146392e-06,
                2.7351019000799868e-05,
                0.006692573768082623
            ],
            [
                0.999999979171855,
                1.2501528391312034e-09,
                1.3887943562182332e-11,
                8.42346357082227e-12,
                1.9555680661502133e-08
            ]
        ],
        [
            [
                0.9999999996252003,
                3.581747925453481e-10,
                8.878265466488029e-13,
                0.0,
                1.573710208564268e-11
            ],
            [
                0.9999998120301794,
                1.8553915916267223e-07,
                2.789468437172653e-10,
                9.056078107463415e-11,
                2.061153876846514e-09
            ],
            [
                2.413362966450501e-12,
                1.1253518379426876e-07,
                0.9999998873449805,
                1.1628233967939573e-10,
                1.1399919449750525e-12
            ],
            [
                0.9977916875310645,
                0.0002606816631995135,
                4.774551208076916e-06,
                1.666482118415219e-05,
                0.0019261914333437513
            ],
            [
                0.014063446152286432,
                2.861466444591525e-06,
                8.64087169716154e-08,
                9.987499252893404e-06,
                0.9859236184732991
            ]
        ],
        [
            [
                0.9999999995347548,
                2.1724399319531687e-10,
                6.914400096991313e-13,
                1.1399918514040607e-12,
                2.4616969482733347e-10
            ],
            [
                0.9999977134007253,
                2.260325210703966e-06,
                7.582546350970513e-10,
                4.0586445916319333e-10,
                2.5109944941012172e-08
            ],
            [
                1.9810087971482373e-13,
                2.789468091600585e-10,
                0.9999999996946207,
                2.594609497096727e-11,
                2.882350792133815e-13
            ],
            [
                0.9999584246573869,
                3.535602489925763e-05,
                2.8452160343220368e-08,
                4.690968195523808e-08,
                6.143955871476125e-06
            ],
            [
                0.5621750782312774,
                1.8488587290723331e-06,
                8.123326072834595e-08,
                6.002365481903556e-07,
                0.43782239144018464
            ]
        ],
        [
            [
                0.9999999998447993,
                1.3176514253513393e-10,
                5.384940210977322e-13,
                0.0,
                2.289734842764021e-11
            ],
            [
                0.999569277307756,
                0.0004305569423810816,
                4.1381539038748477e-08,
                2.5099172173096206e-08,
                9.926915162638869e-08
            ],
            [
                3.70101166392908e-13,
                3.398267806030965e-09,
                0.9999999964978556,
                1.0261879591043812e-10,
                8.878265443283528e-13
            ],
            [
                0.9999989569412646,
                3.9278597324842435e-07,
                1.8189581870906839e-09,
                8.592150084160721e-10,
                6.475945889273287e-07
            ],
            [
                0.9999413784425247,
                3.0588426359772017e-07,
                7.193708372643682e-09,
                1.7256809287139182e-08,
                5.829122269403348e-05
            ]
        ],
        [
            [
                0.999999996799777,
                2.998960807322993e-09,
                9.54503486703275e-12,
                0.0,
                1.917171502549e-10
            ],
            [
                0.9999998858769974,
                1.1253518348399536e-07,
                1.1628233935879097e-10,
                5.492788778757291e-11,
                1.4166088969749428e-09
            ],
            [
                5.211383329809985e-10,
                6.144172116652075e-06,
                0.9999938543223146,
                9.73614583854718e-10,
                1.0815881041624286e-11
            ],
            [
                0.9999643784119379,
                3.535625651905298e-05,
                2.2158688785500374e-08,
                4.9442717773879146e-09,
                2.3822858251144903e-07
            ],
            [
                0.9999938470230553,
                8.151975037640519e-09,
                1.3176440440376583e-10,
                5.211383287668278e-10,
                6.144172066967398e-06
            ]
        ],
        [
            [
                0.99999999957751,
                4.058652120283221e-10,
                8.87826546491368e-13,
                0.0,
                1.573710208285208e-11
            ],
            [
                0.9100968175282492,
                0.07470528641604703,
                0.0013682752928788767,
                0.010110262897862788,
                0.0037193578649621292
            ],
            [
                2.594609697461767e-11,
                8.31527989931842e-07,
                0.9999991680839102,
                3.581748205250006e-10,
                3.978962841297791e-12
            ],
            [
                0.9999999347984933,
                1.1861119367789653e-08,
                1.0261878953794698e-10,
                7.99195936499928e-11,
                5.3157849032598023e-08
            ],
            [
                0.9999994899587498,
                5.602796664964522e-09,
                4.27778804261185e-11,
                4.847368903033384e-11,
                5.043472020570345e-07
            ]
        ],
        [
            [
                0.9999999996980147,
                2.4616969483561065e-10,
                8.878265465983553e-13,
                0.0,
                5.4927883432359904e-11
            ],
            [
                0.9980677965489742,
                0.001926724203000557,
                1.5504985675605846e-06,
                3.2824054932836858e-06,
                6.463439643819395e-07
            ],
            [
                2.1724360005126284e-10,
                1.7603431239440025e-06,
                0.9999982342779473,
                4.94444154690682e-09,
                2.1724360005126284e-10
            ],
            [
                0.9999971629564688,
                1.7603414434452543e-06,
                5.602775598271927e-09,
                3.3982551798417163e-09,
                1.0677010570123395e-06
            ],
            [
                0.9999920773645457,
                3.224162196041851e-08,
                4.5990203724893684e-10,
                6.691535157626233e-10,
                7.889264776827327e-06
            ]
        ],
        [
            [
                0.9999999975838978,
                5.905303977293689e-10,
                3.511422100502743e-12,
                3.0988191273607644e-12,
                1.8189616808842684e-09
            ],
            [
                0.9999999876940693,
                1.1861119990553493e-08,
                2.940077699428533e-11,
                9.545034793447337e-12,
                4.0586520714562654e-10
            ],
            [
                3.7010116212903224e-13,
                1.5229979508908556e-08,
                0.9999999846664214,
                1.0261879472818356e-10,
                6.101936583129721e-13
            ],
            [
                0.9692198751141596,
                0.029267907106006005,
                2.078530813049869e-05,
                3.42691796328095e-05,
                0.001457163292071012
            ],
            [
                0.9999993077503082,
                1.8553897722633313e-07,
                7.582561159794514e-10,
                1.6052282101251608e-09,
                5.043472302652179e-07
            ]
        ],
        [
            [
                0.9999999996906463,
                2.789468089609235e-10,
                1.0060392781076893e-12,
                0.0,
                2.940077735848785e-11
            ],
            [
                0.9999998537881962,
                1.4449803122829932e-07,
                2.1724400345672238e-10,
                7.991960258950591e-11,
                1.4166088515176564e-09
            ],
            [
                6.101936583309327e-13,
                1.5229979509356842e-08,
                0.9999999846783112,
                9.0560768497252e-11,
                5.384940134538111e-13
            ],
            [
                0.9999534641184521,
                1.0676542711081062e-06,
                1.72570404906765e-08,
                5.3155426881842446e-08,
                4.539781480950504e-05
            ],
            [
                0.9996636892717861,
                8.31248872923411e-07,
                1.7252036418600764e-08,
                1.1249740894304333e-07,
                0.00033534972989568765
            ]
        ],
        [
            [
                0.9999999978911931,
                1.818961678262212e-09,
                5.789356299159964e-12,
                5.109089001967285e-12,
                2.7894680786209697e-10
            ],
            [
                0.9999986226456942,
                5.043471832740573e-07,
                4.944441087718544e-09,
                3.6534752575010007e-08,
                8.315279288816341e-07
            ],
            [
                6.101936423396033e-13,
                4.139937546313591e-08,
                0.9999999585087622,
                9.056076612392828e-11,
                6.914399818883338e-13
            ],
            [
                0.9987465306135869,
                0.00033504219926175274,
                1.5515531970854293e-06,
                6.136511934165585e-06,
                0.000910739122020177
            ],
            [
                0.9999962004959566,
                6.825577938125517e-08,
                7.582532168613943e-10,
                3.850727571511941e-09,
                3.726639283286963e-06
            ]
        ],
        [
            [
                0.9999999993167792,
                5.905303986543907e-10,
                2.1297851664835992e-12,
                0.0,
                9.056076970656648e-11
            ],
            [
                0.9999921058879006,
                7.88926499868314e-06,
                5.905259216204208e-10,
                4.058621347778732e-10,
                3.8507127207530015e-09
            ],
            [
                3.581734308882386e-10,
                2.902312138974244e-06,
                0.9999970769148675,
                1.955560671752207e-08,
                8.592133943132274e-10
            ],
            [
                0.9997965318833911,
                2.8447543158994352e-08,
                7.581013466242141e-10,
                1.185870029614992e-08,
                0.00020342705226402498
            ],
            [
                0.9999784038028151,
                1.4449486272759222e-07,
                1.8189236199758182e-09,
                4.944347023535213e-09,
                2.1444939051495113e-05
            ]
        ],
        [
            [
                0.999999999764895,
                1.9171715111924445e-10,
                6.10193666943873e-13,
                0.0,
                4.2777878632437736e-11
            ],
            [
                0.9999994915146899,
                5.043472023300088e-07,
                5.905304241846805e-10,
                1.493094737612601e-10,
                3.3982679592759615e-09
            ],
            [
                2.4133627100648955e-12,
                2.5109990914767288e-08,
                0.9999999745219874,
                3.581747838610868e-10,
                7.433680482092372e-12
            ],
            [
                0.999568900411948,
                5.041302807588089e-07,
                6.346063682910073e-09,
                3.2227970618447646e-08,
                0.0004305568837368296
            ],
            [
                0.9525719730040831,
                2.1531262940307944e-06,
                1.643932212002989e-08,
                9.460176706364422e-08,
                0.04742576282853368
            ]
        ],
        [
            [
                0.9999999994225535,
                3.5817479247276514e-10,
                1.139991851276152e-12,
                8.878265464688877e-13,
                2.172439931709418e-10
            ],
            [
                0.9999924429913807,
                6.144166352773727e-06,
                1.3440309325330658e-08,
                2.8453135065004495e-08,
                1.370948822272996e-06
            ],
            [
                0.0,
                7.99195989068384e-11,
                0.9999999999076701,
                1.2256067440618183e-11,
                1.542811202753657e-13
            ],
            [
                0.9999250293934281,
                1.12526812775256e-07,
                1.4165035253026618e-09,
                1.04666240127944e-08,
                7.48461966316815e-05
            ],
            [
                0.777299679617684,
                1.2727327167065116e-07,
                7.180259802040986e-09,
                9.912042911251023e-08,
                0.22270008680835543
            ]
        ],
        [
            [
                0.9999999990202622,
                8.59216660127668e-10,
                3.0988191322670044e-12,
                1.1399918506697593e-12,
                1.1628233005999432e-10
            ],
            [
                0.9999491340840044,
                4.53976397035006e-05,
                3.058868902057651e-07,
                2.260215391657839e-06,
                2.9021740100775034e-06
            ],
            [
                2.543665638177725e-13,
                3.398267807205194e-09,
                0.9999999965526776,
                4.8473686887396877e-11,
                3.2661313309754435e-13
            ],
            [
                0.9967823005933353,
                2.7447856262766857e-05,
                1.0642688832677547e-06,
                1.6647966366753517e-05,
                0.003172539315152002
            ],
            [
                0.6791731684485466,
                4.7286113882280324e-06,
                1.833481607226013e-07,
                3.2499239106980226e-06,
                0.32081866966799355
            ]
        ],
        [
            [
                0.9999999997368665,
                1.917171511138709e-10,
                8.87826546632849e-13,
                0.0,
                7.052879841475179e-11
            ],
            [
                0.9626552454072885,
                0.037326195571600454,
                9.75178527587094e-06,
                5.219754517373135e-06,
                3.587481317711301e-06
            ],
            [
                3.9008376086238045e-14,
                9.056076986058387e-11,
                0.9999999998798248,
                2.9400777381110225e-11,
                1.7482341275732982e-13
            ],
            [
                0.9999993096256801,
                4.139937627671757e-08,
                5.211412373193684e-10,
                8.59216643007426e-10,
                6.475945857370673e-07
            ],
            [
                0.9984983009870716,
                5.035902061874614e-07,
                2.3320853198573848e-09,
                1.1843306484691941e-08,
                0.0015011812473305038
            ]
        ],
        [
            [
                0.9999999987064148,
                9.736200288243221e-10,
                2.413362765694251e-12,
                1.4637785104024398e-12,
                3.160881446273238e-10
            ],
            [
                0.9999868867591271,
                1.3007124900694453e-05,
                9.237326976949385e-09,
                9.237326976949385e-09,
                8.764131819136404e-08
            ],
            [
                7.052880170176959e-11,
                5.043472044008363e-07,
                0.9999994942943625,
                1.2501529229423313e-09,
                3.775134715062178e-11
            ],
            [
                0.9992441465450771,
                0.000709637509622806,
                5.039663846961248e-07,
                3.463706930726933e-07,
                4.536560822224036e-05
            ],
            [
                0.9999832808025699,
                1.725753246472066e-08,
                2.789420325986093e-10,
                2.4616547976892396e-10,
                1.6701414790134465e-05
            ]
        ],
        [
            [
                0.9999999989062229,
                9.736200279620531e-10,
                2.734698282213582e-12,
                1.1399918491349015e-12,
                1.1628232990343455e-10
            ],
            [
                0.9999994778199214,
                5.043471951931422e-07,
                4.0586522359873835e-10,
                1.6918979682663948e-10,
                1.725782845361577e-08
            ],
            [
                7.835041689376652e-13,
                1.1861120006486434e-08,
                0.9999999880044518,
                1.3176514109173436e-10,
                1.8795287935847885e-12
            ],
            [
                0.9987831846180051,
                4.534467603307657e-05,
                6.468070654635967e-07,
                1.3692905683316293e-06,
                0.0011694546083280421
            ],
            [
                0.9999937663528746,
                8.764199451068247e-08,
                9.736146136238228e-10,
                8.592118808341213e-10,
                6.144172304515432e-06
            ]
        ],
        [
            [
                0.9999999989318402,
                9.736200284899972e-10,
                3.978962524349492e-12,
                0.0,
                9.056076963526873e-11
            ],
            [
                0.924127435726509,
                0.07585699796620703,
                8.261494120020844e-06,
                6.434058090012041e-06,
                8.707550739725988e-07
            ],
            [
                1.1399918305358827e-12,
                1.9555680701735007e-08,
                0.999999980371867,
                7.052879711857171e-11,
                7.835041630366071e-13
            ],
            [
                0.9999415010975162,
                5.829127840514469e-05,
                6.825200486423347e-08,
                1.1860420033656813e-08,
                1.2751165377877982e-07
            ],
            [
                0.9999953146775736,
                1.7603379804576509e-06,
                1.3440359155551048e-08,
                9.237414750710319e-09,
                2.9023066720018353e-06
            ]
        ],
        [
            [
                0.9999999995334625,
                3.1608814497615254e-10,
                1.1399918514025874e-12,
                0.0,
                1.4930946740468724e-10
            ],
            [
                0.999999980091397,
                1.95556806794844e-08,
                2.940077677889113e-11,
                7.43368051712041e-12,
                3.160881388307461e-10
            ],
            [
                3.511422552398677e-12,
                6.825604229718792e-08,
                0.9999999315459943,
                1.9171717534562924e-10,
                2.734698633502681e-12
            ],
            [
                0.00012313024372902627,
                0.997734523708528,
                0.0019260810764635272,
                0.0001581023625110261,
                5.816260876844108e-05
            ],
            [
                0.9999999984725427,
                7.582560413252373e-10,
                7.433680657980487e-12,
                3.511422106587801e-12,
                7.582560413252373e-10
            ]
        ],
        [
            [
                0.999999999495853,
                4.599055371855984e-10,
                1.4637785119627854e-12,
                0.0,
                4.277787862647424e-11
            ],
            [
                0.9820062085905866,
                0.017986074567400104,
                4.14686494420132e-06,
                3.2295816658353454e-06,
                3.4039540323825947e-07
            ],
            [
                1.4637785137635145e-12,
                1.3176514266833296e-10,
                0.999999999842986,
                2.289734845078673e-11,
                8.878265476261625e-13
            ],
            [
                7.481287268634268e-05,
                0.9994797471220168,
                0.00033528803383897507,
                7.481287268634268e-05,
                3.533909877150011e-05
            ],
            [
                0.9525732893357437,
                6.990184461718239e-07,
                2.391911870418273e-08,
