{
    "[['A', 'B', 'C', 'D', 'E'], ['A', 'B', 'C', 'D', 'E']]": [
        [
            [
                0.9999962726505673,
                5.905281717746296e-10,
                3.511408864492037e-12,
                1.1628189155941237e-10,
                3.7266391111097074e-06
            ],
            [
                1.2513327448612945e-05,
                0.8489827411511014,
                0.14753108415015595,
                0.003469598888662951,
                4.062482631055155e-06
            ],
            [
                2.335544193702959e-09,
                2.144493936956225e-05,
                0.9999785372781855,
                1.5229661234674233e-08,
                2.1723945020621163e-10
            ],
            [
                0.022956827288692767,
                3.6377709913703864e-06,
                2.0522899573194616e-07,
                0.0008901327885646579,
                0.9761491969227555
            ],
            [
                0.9241416540459528,
                9.177831759538884e-08,
                2.1584191483004435e-09,
                9.177831759538884e-08,
                0.0758581602389928
            ]
        ],
        [
            [
                0.9999999908449019,
                9.736200214394335e-10,
                6.56020010170736e-12,
                2.289734822453474e-11,
                8.152020631900646e-09
            ],
            [
                0.0002034266713295134,
                0.999795493315747,
                1.0674852006858456e-06,
                1.1858700708376854e-08,
                6.690221134973319e-10
            ],
            [
                8.294709969985112e-07,
                0.0024726194057916933,
                0.9975257021449261,
                8.294709969985112e-07,
                1.9507288102341482e-08
            ],
            [
                0.22267212809684653,
                2.5560304515001033e-06,
                4.1314423770495164e-08,
                0.00012315644406749057,
                0.7772021181142107
            ],
            [
                0.9975273699504194,
                4.932224307417057e-09,
                1.1599479776666488e-10,
                2.0560569862973064e-09,
                0.0024726229453045164
            ]
        ],
        [
            [
                0.9999991670617334,
                1.2501529598891361e-09,
                1.0815942366239903e-11,
                1.4930947878698483e-10,
                8.315279882886386e-07
            ],
            [
                3.7262765728847157e-06,
                0.9998986372422771,
                9.610193944017004e-05,
                1.3708205432830663e-06,
                1.637211664452938e-07
            ],
            [
                3.2661313419182594e-13,
                9.05607698726285e-11,
                0.9999999998656435,
                4.2777878678305864e-11,
                6.914400105100132e-13
            ],
            [
                0.991422479744313,
                1.5099330304383028e-08,
                4.023835229952854e-10,
                1.938792388579126e-08,
                0.00857748536604936
            ],
            [
                0.9984987961462424,
                1.5207106833914848e-08,
                3.156134333125171e-10,
                6.33926526825259e-09,
                0.0015011819917720934
            ]
        ],
        [
            [
                0.9999417000109693,
                7.1937081134826355e-09,
                1.0261273520378207e-10,
                1.4165251155558682e-09,
                5.829127618489624e-05
            ],
            [
                0.010487653994925229,
                0.9440685903107896,
                0.008167793143829715,
                0.036605509261483815,
                0.0006704532889715521
            ],
            [
                6.8252009663524e-08,
                5.829122691315225e-05,
                0.9999414506296747,
                1.8552819762416846e-07,
                4.363205000848627e-09
            ],
            [
                0.9997388027445854,
                4.943159163946245e-09,
                1.6914560510530877e-10,
                1.8184866308540384e-09,
                0.00026119032462328383
            ],
            [
                0.9999997609561926,
                7.582560981546764e-10,
                1.0815942347003404e-11,
                3.775134819917663e-11,
                2.3823698414487195e-07
            ]
        ],
        [
            [
                0.9999999308288336,
                8.592167677654588e-10,
                7.433681588117235e-12,
                4.847369303424079e-11,
                6.825604217190063e-08
            ],
            [
                0.004948223282514402,
                0.9429642659178288,
                0.04694742417067602,
                0.004948223282514402,
                0.00019186334646638443
            ],
            [
                1.8189444157556953e-09,
                1.012998774846725e-05,
                0.9999898352825937,
                3.2241561222633955e-08,
                6.691522551901209e-10
            ],
            [
                0.9999999990690007,
                1.6918979201582567e-10,
                1.1399918513889269e-12,
                2.4133627683286717e-12,
                7.582560416900962e-10
            ],
            [
                0.9999417018807909,
                4.944158469336747e-09,
                7.991487866215898e-11,
                1.818854254762656e-09,
                5.8291276281438084e-05
            ]
        ],
        [
            [
                0.9947797736889195,
                4.66667507302101e-08,
                1.5968483977073565e-09,
                5.2880356399592765e-08,
                0.005220125167125048
            ],
            [
                0.0019253373498160547,
                0.9973492692844287,
                0.000708292028316836,
                1.6657431913792556e-05,
                4.43905524444372e-07
            ],
            [
                3.58172754598169e-10,
                4.785094722678818e-06,
                0.9999951888467288,
                2.5109848652453676e-08,
                5.905270390912583e-10
            ],
            [
                0.8806311875949683,
                8.920878595209189e-06,
                2.377333620095399e-07,
                0.00017918063641134873,
                0.11918047315666311
            ],
            [
                0.8807969059268372,
                6.812454769388035e-08,
                1.6021357992202492e-09,
                1.2727341083099058e-07,
                0.11920289707306836
            ]
        ],
        [
            [
                0.9994472101305105,
                8.14751354544606e-09,
                1.4922691593946037e-10,
                2.9973027300354533e-09,
                0.0005527785754463525
            ],
            [
                0.001453707014917461,
                0.9669208856338908,
                0.029198478962160893,
                0.002396757676860406,
                3.0170712170444373e-05
            ],
            [
                3.2661313239827507e-13,
                5.6027964052792605e-09,
                0.9999999943587989,
                3.7751345225438234e-11,
                3.2661313239827507e-13
            ],
            [
                0.017986158472526163,
                1.607921550398523e-07,
                2.024076449417965e-09,
                2.850109143485198e-06,
                0.9820108286020988
            ],
            [
                0.9626703249903271,
                7.064284722406851e-07,
                1.661360527560522e-08,
                2.1759528827511822e-06,
                0.037326776014712626
            ]
        ],
        [
            [
                0.9999251481983042,
                4.944083101840542e-09,
                7.052355783018406e-11,
                5.904865202101461e-10,
                7.484619660262344e-05
            ],
            [
                4.539759693271675e-05,
                0.9999481880414922,
                6.143896639150801e-06,
                2.3822472518305153e-07,
                3.224021065661249e-08
            ],
            [
                3.160869490666805e-10,
                2.902312191492675e-06,
                0.9999970950101913,
                2.3355841987935372e-09,
                2.5945996779170837e-11
            ],
            [
                0.036498862984117524,
                4.273576466115105e-05,
                2.7320060318205825e-06,
                0.02213767982656599,
                0.9413179894186235
            ],
            [
                0.9998765703492875,
                1.9553256860892493e-08,
                2.461391786677632e-10,
                1.5228091754859393e-08,
                0.0001233946232246712
            ]
        ],
        [
            [
                0.9999938270260623,
                1.5229894106580668e-08,
                1.317644017859392e-10,
                1.3440334375748822e-08,
                6.144171944898182e-06
            ],
            [
                0.00015842869315514305,
                0.9997937845130652,
                1.0128007507182044e-05,
                1.0128007507182044e-05,
                2.753077876526975e-05
            ],
            [
                5.211413107977966e-10,
                1.8553915833831065e-07,
                0.9999998065763767,
                7.194133886332434e-09,
                1.691898123928693e-10
            ],
            [
                0.9999545468395444,
                4.690949446446884e-08,
                2.4615843529859753e-10,
                8.151647838357579e-09,
                4.53978531547437e-05
            ],
            [
                0.9947797927748558,
                5.288035730936932e-08,
                7.542977858523024e-10,
                2.8304815594007647e-08,
                0.005220125285673466
            ]
        ],
        [
            [
                0.9999998125955548,
                1.6052282544934838e-09,
                1.3887945589314983e-11,
                2.461697257463906e-10,
                1.8553915929845566e-07
            ],
            [
                0.02288827154654112,
                0.9732340552750999,
                0.001878783290464354,
                0.001878783290464354,
                0.00012010659743028658
            ],
            [
                4.5990470596553454e-10,
                1.7603431279554076e-06,
                0.9999982364954707,
                2.646568851656893e-09,
                5.49277841532967e-11
            ],
            [
                0.9959298418088526,
                1.947609589418827e-08,
                1.685012454232661e-10,
                8.557199325460676e-10,
                0.004070137690830431
            ],
            [
                0.9999986285332306,
                4.5990472161523384e-10,
                7.433667478899766e-12,
                4.277780276661336e-11,
                1.370956653177134e-06
            ]
        ],
        [
            [
                0.9999995745433387,
                1.125351886096233e-07,
                1.4166089614970762e-09,
                5.602797129097779e-09,
                3.05902066528667e-07
            ],
            [
                0.01798005491877937,
                0.981677519804995,
                0.0003293160266916635,
                1.2768968061259473e-05,
                3.402814727493181e-07
            ],
            [
                1.1628233462356659e-10,
                3.927863691450768e-07,
                0.999999605458805,
                1.6052281148401035e-09,
                3.33154466597536e-11
            ],
            [
                0.9999416738338543,
                3.223996218339896e-08,
                3.1606946761398454e-10,
                2.3354550273588765e-09,
                5.829127465890984e-05
            ],
            [
                0.9968273041411094,
                7.171308735678967e-09,
                7.966604391932445e-11,
                5.585020858993587e-09,
                0.0031726830228949354
            ]
        ],
        [
            [
                0.9706877351361469,
                2.437395254448246e-08,
                6.495438338296226e-10,
                1.3046436657613758e-08,
                0.02931222679391999
            ],
            [
                0.0001577397133842053,
                0.7752539139525894,
                0.22211395264130154,
                0.0024674630934081033,
                6.930599316737139e-06
            ],
            [
                1.4930947894534674e-10,
                8.315279891705812e-07,
                0.9999991673351933,
                9.736201051533433e-10,
                1.3887944918411741e-11
            ],
            [
                0.9999785158333335,
                3.6534057267500366e-08,
                3.5816729450953304e-10,
                2.3355441423146695e-09,
                2.144493889771558e-05
            ],
            [
                0.9959296115476098,
                4.123089560303849e-08,
                2.0527654182567384e-09,
                2.093875654628166e-07,
                0.004070135781163747
            ]
        ],
        [
            [
                0.9999999671407271,
                5.905303798384982e-10,
                3.978962400701611e-12,
                2.2897347678803675e-11,
                3.2241866277551986e-08
            ],
            [
                3.572730164410207e-05,
                0.7869462066003438,
                0.10650158519143513,
                0.10650158755145592,
                1.489335512102368e-05
            ],
            [
                3.398196746998049e-09,
                2.144493934872977e-05,
                0.9999785361167118,
                1.5229661219879522e-08,
                3.1608153465936177e-10
            ],
            [
                0.9525729323862918,
                1.0170658058776497e-06,
                4.7099535854345205e-09,
                2.2693805614697184e-07,
                0.047425818899892454
            ],
            [
                0.4378230740063827,
                1.948686616035807e-07,
                5.193068978380271e-09,
                7.707205075350088e-07,
                0.5621759552113792
            ]
        ],
        [
            [
                0.9999999571976942,
                2.510999043700017e-08,
                2.1724398381419938e-10,
                2.1724398381419938e-10,
                1.7257827217894057e-08
            ],
            [
                7.801885913112804e-05,
                0.8117526965607528,
                0.18112652108814026,
                0.007023037235167988,
                1.972625680786187e-05
            ],
            [
                5.384940166711735e-13,
                9.237449574411464e-09,
                0.9999999906904772,
                7.052879784259939e-11,
                1.0060392697473597e-12
            ],
            [
                0.9525699674092364,
                7.920893400469423e-07,
                2.1108465922000547e-08,
                3.5498981380196722e-06,
                0.047425669494819724
            ],
            [
                0.8807969021505201,
                3.6464442568330696e-08,
                1.4138798746123454e-09,
                1.6342229371445773e-07,
                0.11920289654886383
            ]
        ],
        [
            [
                0.0031726830979947693,
                1.0434192857682991e-08,
                5.88656879868361e-10,
                9.89968654993151e-08,
                0.99682720688229
            ],
            [
                0.9626574916898958,
                0.03732628573194377,
                1.2521576755785698e-05,
                2.793941426829319e-06,
                9.070599778748467e-07
            ],
            [
                1.1628212336069749e-10,
                1.3709566465607182e-06,
                0.9999986232537561,
                5.60278646653682e-09,
                7.052867299474966e-11
            ],
            [
                0.9890130464218787,
                6.279048972234253e-09,
                1.6733098724081346e-10,
                4.890128256519736e-09,
                0.01098694224161309
            ],
            [
                0.9959298495111694,
                6.3229626337080304e-09,
                1.3122890286275485e-10,
                6.3229626337080304e-09,
                0.004070137711676322
            ]
        ],
        [
            [
                0.9999977385129617,
                1.1032540127985319e-09,
                1.5737073299600316e-11,
                4.277780038343157e-11,
                2.260325269376665e-06
            ],
            [
                0.017985363598425147,
                0.9819673985133593,
                4.370592819057068e-07,
                2.219570177606197e-06,
                4.458125875591548e-05
            ],
            [
                3.266131341395839e-13,
                1.1628233025266502e-10,
                0.9999999997911717,
                9.056076985814324e-11,
                1.6586783582075143e-12
            ],
            [
                0.022973811230820915,
                1.411559745408529e-07,
                1.4877716070377691e-08,
                0.00015479632219178263,
                0.9768712364132968
            ],
            [
                0.9820136817810059,
                5.915230315332488e-08,
                1.2276668856516192e-09,
                4.6067860016286545e-08,
                0.017986211771164082
            ]
        ],
        [
            [
                0.9999997609182801,
                7.582560977529452e-10,
                6.560200643666126e-12,
                7.991960472246562e-11,
                2.3823698401865173e-07
            ],
            [
                1.0125536235192977e-05,
                0.9995496805826052,
                0.00043054855124965096,
                7.885775548986177e-06,
                1.7595543611398576e-06
            ],
            [
                5.905281589224447e-10,
                2.902312162650494e-06,
                0.9999970849572883,
                1.1861075140218799e-08,
                2.789457507266933e-10
            ],
            [
                0.9980732015024527,
                4.1319621415712425e-08,
                8.575613836750553e-10,
                2.2116799584838098e-08,
                0.0019267342035648425
            ],
            [
                0.9999646388946533,
                3.3981450619512697e-09,
                3.331424194905164e-11,
                1.4165576136855562e-09,
                3.5356257329816755e-05
            ]
        ],
        [
            [
                0.9999998542210993,
                1.1032560835535326e-09,
                8.42346414546166e-12,
                1.6918980011481763e-10,
                1.4449803131810808e-07
            ],
            [
                0.05829204191082204,
                0.9118410072992881,
                0.0017602670039043459,
                0.027535208759958504,
                0.0005714750260270358
            ],
            [
                6.914400040510593e-13,
                9.237449573222451e-09,
                0.9999999905418803,
                2.1724399142074542e-10,
                2.7346982653184542e-12
            ],
            [
                0.679175343042191,
                7.251581280618617e-07,
                5.2530328705015294e-08,
                4.172996904272095e-06,
                0.32081970627244794
            ],
            [
                0.9988304719842968,
                1.521215435451929e-08,
                1.49134713643382e-10,
                2.3328594266772398e-09,
                0.001169510321554761
            ]
        ],
        [
            [
                0.9999960083734052,
                8.315255566841972e-07,
                1.9555606714875446e-08,
                2.382360607018624e-07,
                2.902309370722225e-06
            ],
            [
                7.888949287390741e-06,
                0.9999526860382116,
                2.7535138587017892e-05,
                1.012961139597036e-05,
                1.7602625178983377e-06
            ],
            [
                2.3354863286329407e-09,
                4.539785549955511e-05,
                0.9999543595218726,
                2.3822608201729322e-07,
                2.0610594510472385e-09
            ],
            [
                0.9992898212106617,
                3.9250737312791845e-07,
                3.848010554909801e-09,
                1.1245535244987134e-07,
                0.0007096699786020086
            ],
            [
                0.9984987703896625,
                2.5072279849204294e-08,
                4.5921482383531253e-10,
                2.2126209307656957e-08,
                0.001501181952633522
            ]
        ],
        [
            [
                0.004070137510319703,
                1.947609500091364e-08,
                5.19020351411454e-10,
                1.6307119139479663e-07,
                0.9959296794233736
            ],
            [
                3.7145817935463675e-06,
                0.9967609388352726,
                0.003172471129898383,
                5.810583560015329e-05,
                4.769617435279073e-06
            ],
            [
                1.5428111999833e-13,
                1.2501528637867969e-09,
                0.9999999986785539,
                7.05287983644427e-11,
                6.101936664915113e-13
            ],
            [
                0.9770191526939535,
                1.0431676959606356e-06,
                1.487998802149432e-08,
                2.5024292133045494e-06,
                0.02297728682914923
            ],
            [
                0.00020342627724328927,
                5.6016320375823056e-09,
                7.580984583934852e-10,
                3.7258822344676095e-06,
                0.9997928414807917
            ]
        ],
        [
            [
                0.268941254712774,
                2.2363245635193945e-07,
                5.259326257953196e-09,
                3.687075876063605e-07,
                0.7310581476878557
            ],
            [
                0.0015001137228803818,
                0.9977881580033197,
                0.0005518609980668468,
                0.0001581108231462037,
                1.7564525869898186e-06
            ],
            [
                7.287724089142208e-14,
                7.582560420964275e-10,
                0.9999999992155004,
                2.594609495899118e-11,
                2.2447770529641644e-13
            ],
            [
                0.9241399300245577,
                7.68448988219645e-07,
                1.8072188008256948e-08,
                1.2669581923257209e-06,
                0.07585801649607372
            ],
            [
                0.9999982369063577,
                2.0611498945383767e-09,
                2.0206802543174785e-11,
                6.691573988572863e-10,
                1.7603431283103536e-06
            ]
        ],
        [
            [
                0.999999937198053,
                9.23744906701256e-09,
                9.056076406396534e-11,
                3.160881250730248e-10,
                5.3157849120497114e-08
            ],
            [
                0.0007096679422138392,
                0.9992870730029926,
                2.900250677033086e-06,
                3.0568417239430926e-07,
                5.311994408734482e-08
            ],
            [
                7.433680636729658e-12,
                4.363462232033795e-09,
                0.999999995377145,
                2.461696940018823e-10,
                5.789356300987798e-12
            ],
            [
                0.7772984400309388,
                2.6943702437855407e-07,
                8.136300892705267e-09,
                1.5505030215038485e-06,
                0.22269973189271436
            ],
            [
                0.9999832942038815,
                3.850676034951131e-09,
                7.052759173366768e-11,
                4.5989766868773617e-10,
                1.6701415017109276e-05
            ]
        ],
        [
            [
                0.9999962529879731,
                1.7257762510936876e-08,
                1.1628188912149681e-10,
                2.998949446656757e-09,
                3.7266390329786125e-06
            ],
            [
                1.2143123697740592e-05,
                0.4997000277255241,
                0.49970003118820305,
                0.0005850884654397272,
                2.709497135379052e-06
            ],
            [
                7.193872746326467e-09,
                3.5356255333059036e-05,
                0.9999645824212802,
                5.315592929117456e-08,
                9.735848056922413e-10
            ],
            [
                0.49999896706323876,
                1.9639272441165204e-07,
                5.930546400412387e-09,
                1.863322289400515e-06,
                0.499998967291201
            ],
            [
                0.9988304788020694,
                6.341369429417169e-09,
                1.689917711703272e-10,
                4.358355221691245e-09,
                0.0011695103292141448
            ]
        ],
        [
            [
                0.9999981899401094,
                3.224180750704589e-08,
                2.1724359013719114e-10,
                1.7257795944255686e-08,
                1.7603430436094477e-06
            ],
            [
                0.0005527443002670138,
                0.99938516002283,
                4.5372015126785734e-05,
                1.2999299977037219e-05,
                3.724361799245722e-06
            ],
            [
                7.582531700150595e-10,
                2.90231218059757e-06,
                0.9999970912562625,
                5.6027752104332755e-09,
                7.052853130131715e-11
            ],
            [
                0.9999993507045023,
                1.6052280873356759e-09,
                1.573710242205104e-11,
                7.991960053019676e-11,
                6.475946129598382e-07
            ],
            [
                0.9998765962993902,
                6.348013250258488e-09,
                7.990969375110962e-11,
                2.646245624448686e-09,
                0.00012339462644128638
            ]
        ],
        [
            [
                0.9999999955626189,
                1.4166087789779243e-09,
                3.978962514307069e-12,
                1.7832472811654856e-11,
                2.9989608086299265e-09
            ],
            [
                0.0002012471636485556,
                0.9890833625373037,
                0.006664390779626834,
                0.004042157336149855,
                8.842183271125599e-06
            ],
            [
                9.736163481072892e-10,
                3.726639074191484e-06,
                0.9999962627440311,
                9.237414716802045e-09,
                4.0586367726401827e-10
            ],
            [
                0.8518735796650057,
                1.1080570059397662e-05,
                3.9962813613754014e-08,
                8.187495377702064e-05,
                0.14803342484834425
            ],
            [
                0.9999989316777089,
                5.905293195772163e-10,
                5.7893457376736135e-12,
                2.289730656801237e-11,
                1.0677030750160007e-06
            ]
        ],
        [
            [
                0.9998415590686647,
                3.397729985581356e-09,
                3.774537064770536e-11,
                1.249955008347122e-09,
                0.00015843624590505145
            ],
            [
                0.0003202744414036345,
                0.9547246651312892,
                0.022452971778706917,
                0.02245297297225754,
                4.9115676342732355e-05
            ],
            [
                2.6465485614274676e-09,
                1.0129987950700473e-05,
                0.9999898553353047,
                1.1861007761868412e-08,
                1.6918818911174677e-10
            ],
            [
                0.9990889286293271,
                1.342816141826173e-08,
                2.1704601441309126e-10,
                6.3430143187941884e-09,
                0.0009110513824511454
            ],
            [
                0.9999996930705329,
                9.736201521436183e-10,
                1.573710406010261e-11,
                3.7751350128369464e-11,
                3.059023584694615e-07
            ]
        ],
        [
            [
                0.9999999872397878,
                8.592166501170734e-10,
                6.560200078057089e-12,
                3.331544496411538e-11,
                1.1861119988445195e-08
            ],
            [
                0.04741127017241943,
                0.9522808764655861,
                0.00024879162494423807,
                5.551291511739593e-05,
                3.5488219328046256e-06
            ],
            [
                9.236305225472134e-09,
                0.00012339451472768623,
                0.9998765263963604,
                6.824757745785992e-08,
                1.6050291819422458e-09
            ],
            [
                0.9999991663167555,
                1.8189618224789413e-09,
                2.0206840589113475e-11,
                3.160881688779742e-10,
                8.315279877769641e-07
            ],
            [
                0.9999993472207972,
                4.9444505854486316e-09,
                2.2897348843183495e-11,
                2.1724399717707447e-10,
                6.475946109272284e-07
            ]
        ],
        [
            [
                0.9999982277106465,
                9.237432861089304e-09,
                6.224133302563015e-11,
                2.6465688253760354e-09,
                1.7603431104749149e-06
            ],
            [
                0.0019259755526335194,
                0.9976801152435653,
                0.00033468452636025743,
                5.8159449957466384e-05,
                1.0652274833883606e-06
            ],
            [
                3.7010116769948575e-13,
                1.691897921884698e-10,
                0.999999999737466,
                9.056076985763144e-11,
                2.413362770791308e-12
            ],
            [
                0.9999998133025503,
                1.1032561705370177e-09,
                1.2256068979290195e-11,
                4.277788404803207e-11,
                1.8553915950216502e-07
            ],
            [
                0.9999998131651159,
                1.2501530233078385e-09,
                1.2256068982499775e-11,
                3.331544960346968e-11,
                1.855391595507534e-07
            ]
        ],
        [
            [
                0.9999999448230483,
                1.8189615854173073e-09,
                8.423463281486342e-12,
                1.9171714061080354e-10,
                5.3157849559400404e-08
            ],
            [
                0.0010429210865312902,
                0.7860541938298558,
                0.10638086829578626,
                0.10638087269988479,
                0.00014114408794187777
            ],
            [
                8.592167652810676e-10,
                3.0590235730183657e-07,
                0.9999996885960164,
                4.363462777867664e-09,
                2.7894684284415863e-10
            ],
            [
                0.5292440183741476,
                0.0557819022151078,
                2.1204316357005255e-05,
                0.0027772173792730732,
                0.4121756577151144
            ],
            [
                0.9999999926709305,
                1.31765141647067e-10,
                1.2917799944540452e-12,
                1.879528801506183e-12,
                7.194132972785067e-09
            ]
        ],
        [
            [
                0.9999999683282045,
                1.1861119756641058e-08,
                3.775134418653857e-11,
                2.1724398627866826e-10,
                1.955568043709564e-08
            ],
            [
                0.002991874468247757,
                0.9400191521160788,
                0.028386121378058266,
                0.028386121378058266,
                0.0002167306595568478
            ],
            [
                1.1032476581339085e-09,
                7.889264943675341e-06,
                0.9999920974546928,
                1.186103012010551e-08,
                3.1608574618013595e-10
            ],
            [
                0.0019267343676056259,
                2.2116801401519274e-08,
                9.717444351406364e-10,
                7.719522201337498e-08,
                0.9980731653486266
            ],
            [
                0.9999921043255209,
                4.944413003329117e-09,
                4.8473319439270424e-11,
                1.416598043111691e-09,
                7.889264994725206e-06
            ]
        ],
        [
            [
                0.9999982305816089,
                6.3487885825683266e-09,
                7.991945374451103e-11,
                2.646568831041287e-09,
                1.7603431142431097e-06
            ],
            [
                0.22143237197443394,
                0.7728748907615607,
                0.003158563357495643,
                0.0024598916161982527,
                7.428229031168538e-05
            ],
            [
                3.9008376065934457e-14,
                7.58256042093887e-10,
                0.99999999921215,
                2.9400777365807326e-11,
                1.5428112017730953e-13
            ],
            [
                0.0005490776115964866,
                6.0997012864517235e-06,
                3.036862449721196e-07,
                0.006689134802671621,
                0.9927553841982004
            ],
            [
                0.9859351281254826,
                2.0728631293108843e-07,
                4.302094277960129e-09,
                1.0526867577361072e-06,
                0.014063607599352443
            ]
        ],
        [
            [
                0.999998231913026,
                5.60278627282214e-09,
                7.991945393766512e-11,
                2.061149883048837e-09,
                1.7603431184976118e-06
            ],
            [
                5.601103707367361e-05,
                0.9608262958940583,
                0.03725528199193147,
                0.0018548308073697724,
                7.580269566742031e-06
            ],
            [
                6.691560729545334e-10,
                2.9023121764393952e-06,
                0.9999970897082798,
                7.194105763877259e-09,
                1.16281889581123e-10
            ],
            [
                0.9995694256565361,
                1.522341611756561e-08,
                4.056902979088488e-10,
                1.6045362539740025e-09,
                0.00043055710982133224
            ],
            [
                0.9968265425683187,
                6.455399900824378e-07,
                4.928763346754112e-09,
                1.2711436085843165e-07,
                0.0031726798485669067
            ]
        ],
        [
            [
                0.9999999893557082,
                1.6918979031523683e-10,
                1.1399918399304494e-12,
                6.5602000926884604e-12,
                1.0467401674332813e-08
            ],
            [
                1.6675870591761048e-05,
                0.9984537747302182,
                0.0015011147483961849,
                2.7493862552079176e-05,
                9.407882416517296e-07
            ],
            [
                1.4930920190075334e-10,
                1.370956646553358e-06,
                0.9999986232006971,
                5.60278646650674e-09,
                9.05606087300307e-11
            ],
            [
                0.9968272026311824,
                6.004463388471378e-08,
                1.24618661914595e-09,
                5.2989203420085945e-08,
                0.003172683088793554
            ],
            [
                0.8175701630792198,
                2.500965384012358e-07,
                9.697304406029502e-09,
                5.023323256419444e-06,
                0.18242455380368094
            ]
        ],
        [
            [
                0.9999785525191027,
                2.0611105470573388e-09,
                2.0206416794044164e-11,
                4.5989592644852186e-10,
                2.1444939684456562e-05
            ],
            [
                5.829021832936138e-05,
                0.999923673579998,
                1.670042716138981e-05,
                8.314653088566465e-07,
                5.043092023089903e-07
            ],
            [
                1.6586782702089895e-12,
                5.3157849701390364e-08,
                0.9999999466698382,
                1.691897832133324e-10,
                1.4637784358438079e-12
            ],
            [
                0.024064370352250605,
                0.0011980947376051098,
                2.1943860104817538e-05,
                0.17781300877456216,
                0.7969025822754774
            ],
            [
                0.9999646364324032,
                6.348570756003567e-09,
                1.026150890572518e-10,
                8.591856214114191e-10,
                3.5356257225366114e-05
            ]
        ],
        [
            [
                0.9999999455119238,
                1.250152796705436e-09,
                9.545034390817287e-12,
                7.052879457997128e-11,
                5.3157849581319665e-08
            ],
            [
                2.1444876838494787e-05,
                0.9999755027761601,
                2.2602733896020356e-06,
                6.475791683364245e-07,
                1.444944435396934e-07
            ],
            [
                8.423464640138125e-12,
                8.764249140944264e-08,
                0.9999999117477387,
                5.905304619846279e-10,
                1.0815942694507813e-11
            ],
            [
                0.010867243088938274,
                2.6937202461068184e-05,
                7.178521303541206e-07,
                0.010867243329750604,
                0.9782378585267196
            ],
            [
                0.9999999119401211,
                4.05865254980374e-10,
                3.0988194619367777e-12,
                8.423464633057977e-12,
                8.764249133577678e-08
            ]
        ],
        [
            [
                0.9999832955573579,
                2.3355530797115575e-09,
                2.289695671134339e-11,
                6.691471606589512e-10,
                1.6701415044948058e-05
            ],
            [
                0.05983290182333939,
                0.9359440050028137,
                0.002978904570398175,
                0.0010958777486611362,
                0.00014831085478761292
            ],
            [
                2.172431702306881e-10,
                2.9023121777509876e-06,
                0.9999970901601916,
                7.194105767128369e-09,
