{
    "[['A', 'B', 'C', 'D', 'E'], ['A', 'B', 'C', 'D', 'E']]": [
        [
            [
                0.9999999994543027,
                5.211412475565327e-10,
                1.6586783549920227e-12,
                0.0,
                2.289734840231111e-11
            ],
            [
                0.9999999994691433,
                5.211412477739493e-10,
                1.2917800022702991e-12,
                0.0,
                8.423463738064242e-12
            ],
            [
                9.603395690803176e-05,
                0.9991914244079673,
                0.0007096002949957352,
                2.8999742183142476e-06,
                4.1365910580101696e-08
            ],
            [
                2.4133583602201464e-12,
                1.2256045040079697e-11,
                1.6586753268598676e-12,
                1.0677030765185973e-06,
                0.9999989322805954
            ],
            [
                2.1297851550774313e-12,
                1.0815941476648757e-11,
                2.1297851550774313e-12,
                7.1941329766904e-09,
                0.9999999927907914
            ]
        ],
        [
            [
                0.9999999996334017,
                3.581747922455056e-10,
                0.0,
                0.0,
                8.423463736058662e-12
            ],
            [
                0.9999999987475492,
                1.2501528637468353e-09,
                1.2917800020581863e-12,
                0.0,
                1.0060392771588964e-12
            ],
            [
                3.032781606176711e-07,
                0.008577481511887043,
                0.991422026936419,
                1.8394750283587005e-07,
                4.326030622541506e-09
            ],
            [
                3.978963033792471e-12,
                1.2256068977909575e-11,
                1.6586785664928545e-12,
                6.825604230538667e-08,
                0.9999999317260639
            ],
            [
                2.7346982373726617e-12,
                1.783247255459271e-11,
                3.978962456948751e-12,
                1.955568070013181e-08,
                0.9999999804197731
            ]
        ],
        [
            [
                0.9999999988823582,
                1.1032560291037286e-09,
                2.1297851647014507e-12,
                0.0,
                1.2256067408108273e-11
            ],
            [
                0.9999999961318586,
                3.850741902417408e-09,
                3.5114220948195233e-12,
                0.0,
                1.3887943791569707e-11
            ],
            [
                3.628369703339436e-05,
                0.6224189773196497,
                0.3775162041822091,
                2.8257771662333137e-05,
                2.7702944545853566e-07
            ],
            [
                1.573461152774633e-11,
                1.691630160125898e-10,
                9.054643760347964e-11,
                0.0001584362474626422,
                0.9998415634770933
            ],
            [
                3.5114156925906108e-12,
                2.289730658767206e-11,
                3.978955260133629e-12,
                2.2603252738718128e-06,
                0.9999977396443385
            ]
        ],
        [
            [
                0.9999999996310092,
                3.581747921579016e-10,
                0.0,
                0.0,
                1.0815941531001393e-11
            ],
            [
                0.9999999983781493,
                1.6052280496623232e-09,
                2.734698282182291e-12,
                0.0,
                1.3887943817178214e-11
            ],
            [
                0.00012203801165998346,
                0.9888845320158697,
                0.01098551705903099,
                7.801629071341983e-06,
                1.1128436807386373e-07
            ],
            [
                1.879529051869154e-12,
                1.3887945603831116e-11,
                2.129785437619691e-12,
                6.825604230947851e-08,
                0.9999999317260604
            ],
            [
                1.2256045706080222e-11,
                4.847360108716857e-11,
                9.545017993254205e-12,
                1.3709566547774403e-06,
                0.9999986289730706
            ]
        ],
        [
            [
                0.9999999994010462,
                5.905303985927676e-10,
                0.0,
                0.0,
                8.423463735901803e-12
            ],
            [
                0.999999996144965,
                3.850741903108856e-09,
                1.8795288069437356e-12,
                0.0,
                2.4133627595125436e-12
            ],
            [
                1.7087379740359798e-06,
                0.9706833114512969,
                0.029312096323060602,
                2.817232643846163e-06,
                6.625502452091178e-08
            ],
            [
                3.0988190600994106e-12,
                1.08159412828665e-11,
                1.6586783168306851e-12,
                2.510999092035579e-08,
                0.9999999748744357
            ],
            [
                1.2917799926246472e-12,
                5.789356274227267e-12,
                6.914400041845192e-13,
                9.237449575005439e-09,
                0.999999990754778
            ]
        ],
        [
            [
                0.999999998877448,
                1.103256029887918e-09,
                1.463778510867819e-12,
                0.0,
                1.7832472868454728e-11
            ],
            [
                0.999999984765263,
                1.522997949364809e-08,
                3.0988190876381333e-12,
                0.0,
                1.6586783315711012e-12
            ],
            [
                8.705586868557717e-08,
                0.0066928483015234385,
                0.9933067931161319,
                2.681509535225104e-07,
                3.3755223453856696e-09
            ],
            [
                1.5737012959767004e-11,
                4.847341247031574e-11,
                1.0815880287442446e-11,
                4.785094848949714e-06,
                0.9999952148301248
            ],
            [
                7.835041664869886e-13,
                6.560200067516152e-12,
                6.914400000868926e-13,
                1.5229979511075095e-08,
                0.9999999847619854
            ]
        ],
        [
            [
                0.9999999983574777,
                1.605228049240367e-09,
                3.978962521100452e-12,
                0.0,
                3.3315445298274506e-11
            ],
            [
                0.9999999981607925,
                1.8189616804584383e-09,
                2.4133627624202277e-12,
                0.0,
                1.7832472838593304e-11
            ],
            [
                5.8238097159404566e-05,
                0.9990293542337644,
                0.0009109966811029783,
                1.3696287681324424e-06,
                4.135920505753313e-08
            ],
            [
                2.7346983986152233e-12,
                1.3887944408473432e-11,
                1.6586784238271737e-12,
                3.9278636991993164e-07,
                0.9999996071953489
            ],
            [
                6.560188533046474e-12,
                2.5946048965022595e-11,
                3.5114158855523544e-12,
                1.3709566548643636e-06,
                0.9999986290073275
            ]
        ],
        [
            [
                0.9999999996310092,
                3.581747923212027e-10,
                0.0,
                0.0,
                1.0815941535932659e-11
            ],
            [
                0.9999999961269168,
                3.8507419030393565e-09,
                4.5087552191954074e-12,
                0.0,
                1.783247281678642e-11
            ],
            [
                4.4202281006426253e-14,
                2.1724399336053005e-10,
                0.9999999997274958,
                5.4927883472285444e-11,
                2.8823507914890887e-13
            ],
            [
                2.9400386620132516e-11,
                1.0261743238623488e-10,
                2.0206570516326624e-11,
                1.3007124770986509e-05,
                0.9999869927230046
            ],
            [
                2.413362643231796e-12,
                9.545034414212152e-12,
                1.1399917922973467e-12,
                5.315784971160948e-08,
                0.9999999468290519
            ]
        ],
        [
            [
                0.9999999995833189,
                4.0586521164190236e-10,
                0.0,
                0.0,
                1.0815941530485576e-11
            ],
            [
                0.9999999956226229,
                4.3634622259062115e-09,
                3.0988191195204925e-12,
                0.0,
                1.0815941490266455e-11
            ],
            [
                1.41650349352986e-09,
                7.484619495284813e-05,
                0.9999250066513371,
                1.4448714662763115e-07,
                1.2500599455403596e-09
            ],
            [
                3.0988135441831963e-12,
                2.5946048140266236e-11,
                4.508747102289152e-12,
                1.7603431340663865e-06,
                0.9999982396233124
            ],
            [
                2.4133626431916864e-12,
                1.0815940980754366e-11,
                1.00603922565755e-12,
                5.3157849710726017e-08,
                0.999999946827915
            ]
        ],
        [
            [
                0.9999999994667508,
                5.211412479360036e-10,
                1.2917800026719915e-12,
                0.0,
                1.081594153958535e-11
            ],
            [
                0.9999999918436865,
                8.152020637788458e-09,
                1.8795287988593586e-12,
                0.0,
                2.413362749131998e-12
            ],
            [
                7.189030307043826e-09,
                0.00070967033959978,
                0.9992900788047868,
                2.3806776072327562e-07,
                5.598822432649794e-09
            ],
            [
                5.1090503166028664e-12,
                3.7751059401637976e-11,
                8.42339993006037e-12,
                7.889265049951398e-06,
                0.9999921106836664
            ],
            [
                4.50873823634095e-12,
                2.2897262093095623e-11,
                5.109069757792998e-12,
                3.7266391160280428e-06,
                0.9999962733283689
            ]
        ],
        [
            [
                0.9999999994737496,
                5.21141247939651e-10,
                0.0,
                0.0,
                5.1090890197380325e-12
            ],
            [
                0.9999999965973387,
                3.3982678036835625e-09,
                1.6586783511967092e-12,
                0.0,
                2.7346982788678318e-12
            ],
            [
                0.001501069613215989,
                0.9984239188597855,
                7.473385545810751e-05,
                2.6953236810753863e-07,
                8.139172264468834e-09
            ],
            [
                2.4133629514855257e-12,
                1.78324742356074e-11,
                2.129785329498394e-12,
                2.3823698448469828e-07,
                0.9999997617406399
            ],
            [
                7.433581869914475e-12,
                4.2777310120917525e-11,
                1.3887759277709181e-11,
                1.300712477164599e-05,
                0.9999869928111297
            ]
        ],
        [
            [
                0.9999999993986537,
                5.905303984651385e-10,
                0.0,
                0.0,
                1.0815941531107784e-11
            ],
            [
                0.9999999918313568,
                8.152020636330994e-09,
                2.734698265379102e-12,
                0.0,
                1.3887943731844578e-11
            ],
            [
                7.470050453157147e-05,
                0.7772266177155129,
                0.22267914824858656,
                1.888724537217316e-05,
                6.462859967264881e-07
            ],
            [
                1.291779951121601e-12,
                9.545034526311402e-12,
                1.006039237489444e-12,
                4.1399375467998034e-08,
                0.9999999585887817
            ],
            [
                2.1297851017959856e-12,
                9.54503461288791e-12,
                1.879528755505774e-12,
                3.224186632558799e-08,
                0.9999999677445793
            ]
        ],
        [
            [
                0.9999999995833189,
                4.0586521182694675e-10,
                0.0,
                0.0,
                1.0815941535416842e-11
            ],
            [
                0.9999999991250461,
                8.592166593946583e-10,
                0.0,
                0.0,
                1.5737102060657076e-11
            ],
            [
                3.9219457572589304e-07,
                0.001501174085077097,
                0.9984935434465625,
                4.777908050201353e-06,
                1.1236573440827928e-07
            ],
            [
                5.78914722768277e-12,
                7.052625113886861e-11,
                2.0206109255852298e-11,
                3.535625751996142e-05,
                0.9999646436459585
            ],
            [
                1.4637786230777995e-12,
                1.2256068356342495e-11,
                1.8795289564360803e-12,
                2.3823698448262403e-07,
                0.9999997617474161
            ]
        ],
        [
            [
                0.9999999994680426,
                5.211412477733757e-10,
                0.0,
                0.0,
                1.0815941536210115e-11
            ],
            [
                0.9999999961375832,
                3.850741899957475e-09,
                2.1297851583398526e-12,
                0.0,
                9.545034866299941e-12
            ],
            [
                2.335526374614624e-09,
                2.753568964457356e-05,
                0.9999722193810974,
                2.3823039401257562e-07,
                4.363337707850106e-09
            ],
            [
                1.2254127781160753e-11,
                1.026025557180714e-10,
                3.774537086032588e-11,
                0.00015843624727267044,
                0.9998415636001252
            ],
            [
                1.4637784914057334e-12,
                9.545034774686474e-12,
                1.6586783331688995e-12,
                1.522997950831907e-08,
                0.9999999847573531
            ]
        ],
        [
            [
                0.9999999995833189,
                4.058652119035007e-10,
                0.0,
                0.0,
                1.0815941537456936e-11
            ],
            [
                0.9999999979222236,
                2.061153614406782e-09,
                2.734698280935472e-12,
                0.0,
                1.3887943810846342e-11
            ],
            [
                1.0722495134143136e-05,
                0.49999037702348537,
                0.4999903764807815,
                8.350687606950002e-06,
                1.7331299207235753e-07
            ],
            [
                2.734698636023068e-12,
                1.5737104088927568e-11,
                1.2917801674837715e-12,
                3.0590235902976933e-07,
                0.9999996940778774
            ],
            [
                1.2917799927050152e-12,
                9.545034833573583e-12,
                1.2917799927050152e-12,
                9.237449575580146e-09,
                0.9999999907504219
            ]
        ],
        [
            [
                0.9999999995305495,
                4.5990553720155555e-10,
                0.0,
                0.0,
                9.54503490906647e-12
            ],
            [
                0.9999999961263166,
                3.85074190084671e-09,
                5.109088998979095e-12,
                0.0,
                1.783247280663245e-11
            ],
            [
                0.002472613403506962,
                0.9975236531232426,
                3.717423899914036e-06,
                1.5192261818832387e-08,
                8.570887621491581e-10
            ],
            [
                3.978947487555133e-12,
                2.2897261859571046e-11,
                7.433652558459974e-12,
                2.90231220004638e-06,
                0.9999970976534901
            ],
            [
                3.0988190602528885e-12,
                1.3887943513290644e-11,
                3.5114220244595574e-12,
                2.5109990921599436e-08,
                0.999999974869511
            ]
        ],
        [
            [
                0.999999999322418,
                6.691586074586945e-10,
                0.0,
                0.0,
                8.423463733439102e-12
            ],
            [
                0.9999999992404422,
                7.582560416402991e-10,
                6.10193666834372e-13,
                0.0,
                6.914400096445431e-13
            ],
            [
                9.358960082970546e-07,
                0.00669253914257848,
                0.9932609888804425,
                4.50939949996207e-05,
                4.420859711633558e-07
            ],
            [
                2.7346983534689458e-12,
                2.9400778058085934e-11,
                4.508755344312869e-12,
                6.475946146424877e-07,
                0.9999993523687412
            ],
            [
                2.7346982660554935e-12,
                6.560200106895186e-12,
                6.101936620625957e-13,
                9.237449575712073e-09,
                0.9999999907526455
            ]
        ],
        [
            [
                0.9999999993975137,
                5.905303985906816e-10,
                1.1399918505275792e-12,
                0.0,
                1.0815941533407184e-11
            ],
            [
                0.9999999998957225,
                1.0261879621814629e-10,
                0.0,
                0.0,
                1.6586783573161044e-12
            ],
            [
                3.3978467624403915e-09,
                0.0001233945153176056,
                0.9998765133520933,
                8.763162298987164e-08,
                1.1031193351318535e-09
            ],
            [
                8.42346408338342e-12,
                2.5946095995893488e-11,
                2.4133628660688737e-12,
                3.9278636988540907e-07,
                0.9999996071768472
            ],
            [
                1.658678346718047e-12,
                6.560200119916934e-12,
                1.2917799952875983e-12,
                7.194132977427261e-09,
                0.9999999927963563
            ]
        ],
        [
            [
                0.9999999993154898,
                6.691586075970801e-10,
                1.4637785107742393e-12,
                0.0,
                1.3887943833164266e-11
            ],
            [
                0.9999999985704453,
                1.416608781698228e-09,
                2.129785163521326e-12,
                0.0,
                1.0815941519530396e-11
            ],
            [
                9.610221582751094e-05,
                0.9999016318827453,
                2.2601074880307386e-06,
                5.602241012740214e-09,
                1.9169814578441235e-10
            ],
            [
                9.544944624566679e-12,
                3.331513024971957e-11,
                5.7893015600589824e-12,
                1.0129988104850082e-05,
                0.9999898699632458
            ],
            [
                2.7346982221890293e-12,
                1.57371017074771e-11,
                3.9789624348566955e-12,
                2.51099909201831e-08,
                0.9999999748675583
            ]
        ],
        [
            [
                0.9999999996773516,
                3.160881448219904e-10,
                0.0,
                0.0,
                6.560200155506524e-12
            ],
            [
                0.9999999999284652,
                7.05287984588814e-11,
                0.0,
                0.0,
                1.0060392785381504e-12
            ],
            [
                0.0001233623893888811,
                0.9996153335716546,
                0.00026115818038564056,
                1.4444250770754632e-07,
                1.4160631676101024e-09
            ],
            [
                3.0988195291279908e-12,
                2.2897351341188585e-11,
                3.511422555764654e-12,
                3.059023590410714e-07,
                0.9999996940681334
            ],
            [
                1.658678338936374e-12,
                1.08159414270137e-11,
                1.658678338936374e-12,
                1.1861120008483243e-08,
                0.9999999881247467
            ]
        ],
        [
            [
                0.9999999987340795,
                1.2501528630331708e-09,
                1.879528811497192e-12,
                0.0,
                1.3887943827709205e-11
            ],
            [
                0.999999993638556,
                6.3488000641079205e-09,
                3.0988191133722282e-12,
                0.0,
                9.545034844758371e-12
            ],
            [
                1.0062127423220892e-05,
                0.9932908268009422,
                0.006692739936237264,
                6.102988784118747e-06,
                2.681466131122253e-07
            ],
            [
                2.7346985025772274e-12,
                1.7832474283943712e-11,
                2.7346985025772274e-12,
                8.315279902497703e-07,
                0.9999991684487078
            ],
            [
                1.879528859162872e-12,
                1.7832473312549636e-11,
                3.0988192089965725e-12,
                6.475946146756821e-07,
                0.9999993523825745
            ]
        ],
        [
            [
                0.9999999988689183,
                1.1032560293247039e-09,
                1.8795288113961104e-12,
                0.0,
                2.5946094911768117e-11
            ],
            [
                0.9999997617460291,
                2.3823698417619623e-07,
                1.3887944880807673e-11,
                0.0,
                3.098819365387182e-12
            ],
            [
                0.00033516461574176,
                0.9991113983981048,
                0.000552592767662647,
                8.307900208114312e-07,
                1.3428470005287782e-08
            ],
            [
                3.5114088332873844e-12,
                3.33153194236866e-11,
                5.10906970564766e-12,
                2.902312200024247e-06,
                0.9999970976458642
            ],
            [
                1.7832473602966125e-11,
                7.052880125918696e-11,
                1.2256067921641638e-11,
                3.927863698525271e-07,
                0.9999996071130128
            ]
        ],
        [
            [
                0.9999999999326494,
                6.224144617140694e-11,
                0.0,
                0.0,
                5.109089023329411e-12
            ],
            [
                0.9999999996754885,
                3.1608814482140147e-10,
                0.0,
                0.0,
                8.423463738213556e-12
            ],
            [
                4.531035259518465e-05,
                0.9980269669941677,
                0.0019266452181516038,
                1.0655973569797153e-06,
                1.1837728639180192e-08
            ],
            [
                1.291780034094446e-12,
                9.545035139402408e-12,
                1.4637785473367335e-12,
                6.475946146824885e-07,
                0.9999993523930848
            ],
            [
                1.4637784941560427e-12,
                7.433680570936839e-12,
                1.658678336285408e-12,
                1.344040976777177e-08,
                0.9999999865490341
            ]
        ],
        [
            [
                0.9999999994638307,
                5.211412478579277e-10,
                1.1399918510079627e-12,
                0.0,
                1.3887943840155679e-11
            ],
            [
                0.9999999991394817,
                8.592166606030871e-10,
                6.101936668271333e-13,
                0.0,
                6.914400096363405e-13
            ],
            [
                3.3977171691360174e-09,
                0.00015843579936992123,
                0.9998386224211225,
                2.9018528883074157e-06,
                3.652890208793934e-08
            ],
            [
                1.7831658256711492e-11,
                1.3175912319580113e-10,
                2.0205915969208927e-11,
                4.539785592866222e-05,
                0.9999546019742747
            ],
            [
                1.2917799628090325e-12,
                5.109088862041214e-12,
                1.0060392465916249e-12,
                3.224186632485357e-08,
                0.9999999677507266
            ]
        ],
        [
            [
                0.9999999997071651,
                2.7894680869781357e-10,
                0.0,
                0.0,
                1.388794383563551e-11
            ],
            [
                0.9999999865543616,
                1.3440409751380327e-08,
                3.0988190926664096e-12,
                0.0,
                2.1297851393023914e-12
            ],
            [
                2.7346982685256705e-12,
                5.602796390279679e-09,
                0.9999999916679757,
                2.646573616586213e-09,
                7.991959825544602e-11
            ],
            [
                8.423239451321839e-12,
                6.223978884054289e-11,
                1.3887574051594792e-11,
                2.7535689838770833e-05,
                0.9999724642256106
            ],
            [
                2.1297851289642445e-12,
                8.423463588388883e-12,
                7.835041630586145e-13,
                1.9555680702284295e-08,
                0.9999999804329825
            ]
        ],
        [
            [
                0.999999999229636,
                7.582560409898837e-10,
                1.291780001717254e-12,
                0.0,
                1.081594153159143e-11
            ],
            [
                0.9999999950512566,
                4.944450472014833e-09,
                1.879528805164176e-12,
                0.0,
                2.413362757227544e-12
            ],
            [
                3.5816730735937197e-10,
                2.1444939667087925e-05,
                0.9999785508137536,
                3.8506614442420715e-09,
                3.775055645908874e-11
            ],
            [
                1.6116575063473315e-10,
                4.1565194918793416e-09,
                1.071980505680068e-07,
                0.9525740239413387,
                0.04742586454292543
            ],
            [
                3.511422397521139e-12,
                2.0206840725361602e-11,
                1.8795289686307424e-12,
                1.1253518382561667e-07,
                0.9999998874392184
            ]
        ],
        [
            [
                0.9999999995845898,
                4.0586521190401656e-10,
                0.0,
                0.0,
                9.545034905353943e-12
            ],
            [
                0.9999999918156449,
                8.15202063620291e-09,
                4.508755199006429e-12,
                1.879528798493795e-12,
                2.5946094733657145e-11
            ],
            [
                1.2727315864205486e-07,
                0.0019267306596111532,
                0.9980713567169895,
                1.7569517603693326e-06,
                2.8398480270398217e-08
            ],
            [
                1.2255507544256654e-11,
                5.4925374212540746e-11,
                1.783165825868203e-11,
                4.539785573558721e-05,
                0.9999546020592518
            ],
            [
                3.978962457413579e-12,
                1.5737101796691303e-11,
                2.413362724266859e-12,
                1.955568070241633e-08,
                0.9999999804221898
            ]
        ],
        [
            [
                0.9999999992305402,
                7.582560412598071e-10,
                1.6586783555643434e-12,
                0.0,
                9.545034903563355e-12
            ],
            [
                0.9999999943923767,
                5.602796399114545e-09,
                2.4133627552829123e-12,
                0.0,
                2.4133627552829123e-12
            ],
            [
                1.330673831488037e-06,
                0.029310042027254617,
                0.9706152627110413,
                7.265232949676273e-05,
                7.122583759351247e-07
            ],
            [
                1.5736172762841938e-11,
                7.052463348018028e-11,
                1.2255343670248217e-11,
                5.8291276769427006e-05,
                0.9999417086247144
            ],
            [
                1.6586783544300762e-12,
                6.560200150418601e-12,
                1.463778510168656e-12,
                2.3355930324851767e-09,
                0.9999999976547242
            ]
        ],
        [
            [
                0.9999999993198327,
                6.691586072948997e-10,
                1.4637785101132222e-12,
                0.0,
                9.545034896674624e-12
            ],
            [
                0.9999999530701126,
                4.691163793145571e-08,
                7.433680309968811e-12,
                0.0,
                1.0815941030020991e-11
            ],
            [
                5.691619879618681e-07,
                0.004070046977473322,
                0.9959077215640488,
                2.1357646031237257e-05,
                3.0465045873517784e-07
            ],
            [
                2.4133629514848415e-12,
                1.7832474235602343e-11,
                2.4133629514848415e-12,
                2.3823698448463073e-07,
                0.9999997617403563
            ],
            [
                2.020680324900497e-11,
                4.847360108409211e-11,
                5.1090799659844546e-12,
                1.3709566546904303e-06,
                0.9999986289695558
            ]
        ],
        [
            [
                0.9999999995305495,
                4.5990553699782257e-10,
                0.0,
                0.0,
                9.545034904838126e-12
            ],
            [
                0.9999999994073399,
                5.905303985964842e-10,
                0.0,
                0.0,
                2.1297851662747555e-12
            ],
            [
                1.2520454274458965e-05,
                0.03732294020953491,
                0.9625712245913095,
                9.251433901807336e-05,
                8.004058631025413e-07
            ],
            [
                3.098807419502845e-12,
                2.5945996858945502e-11,
                4.508738190931823e-12,
                2.9023122004162476e-06,
                0.999997097654246
            ],
            [
                2.129785254222491e-12,
                1.5737102722125262e-11,
                3.098819259874168e-12,
                3.9278636990459447e-07,
                0.9999996071926645
            ]
        ],
        [
            [
                0.9999999998449012,
                1.4930946740989902e-10,
                0.0,
                0.0,
                5.789356320595149e-12
            ],
            [
                0.999999993637146,
                6.348800064098969e-09,
                4.508755205405021e-12,
                0.0,
                9.545034844744912e-12
            ],
            [
                8.281996478384273e-06,
                0.817564013028729,
                0.18242320028814898,
                4.433033266009213e-06,
                7.165337753825245e-08
            ],
            [
                1.879528755389802e-12,
                9.545034612298954e-12,
                2.1297851016645717e-12,
                3.2241866323598577e-08,
                0.9999999677445793
            ],
            [
                1.8795287875211677e-12,
                1.2256067254878903e-11,
                3.0988190908793707e-12,
                1.5229979509578023e-08,
                0.9999999847527861
            ]
        ],
        [
            [
                0.9999999994680426,
                5.211412477733757e-10,
                0.0,
                0.0,
                1.0815941536210115e-11
            ],
            [
                0.9999999979310026,
                2.061153616167256e-09,
                2.7346982832712337e-12,
                0.0,
                5.109089012518322e-12
            ],
            [
                2.494187706480237e-08,
                0.006692842065151371,
                0.9933057608140055,
                1.361781644787879e-06,
                1.0397321247806584e-08
            ],
            [
                6.559812760226343e-12,
                5.4924639782684324e-11,
                1.3887123722375204e-11,
                5.829127699654057e-05,
                0.9999417086476319
            ],
            [
                3.978963041589907e-12,
                1.5737104107153504e-11,
                1.4637787001819176e-12,
                1.8553915984485912e-07,
                0.9999998144396604
            ]
        ],
        [
            [
                0.9999999993154898,
                6.691586072919935e-10,
                1.4637785101068651e-12,
                0.0,
                1.3887943826832395e-11
            ],
            [
                0.9999999991272355,
                8.592166602195813e-10,
                1.2917800022334125e-12,
                0.0,
                1.2256067419881244e-11
            ],
            [
                6.879518323066725e-06,
                0.32079198845887247,
                0.6791166824374983,
                8.380969042330926e-05,
                6.398948828354516e-07
            ],
            [
                1.87952901540232e-12,
                1.2256068740850678e-11,
                1.87952901540232e-12,
                8.764249146743474e-08,
                0.9999999123414933
            ],
            [
                1.3887918469508333e-11,
                3.331538450113289e-11,
                4.508746997597476e-12,
                2.260325273748961e-06,
                0.9999977396230142
            ]
        ],
        [
            [
                0.9999999988857353,
                1.1032560295513524e-09,
                1.4637785104212707e-12,
                0.0,
                9.545034898683352e-12
            ],
            [
                0.9999999881318572,
                1.1861119993771796e-08,
                3.5114220667281414e-12,
                0.0,
                3.5114220667281414e-12
            ],
            [
                3.336868233330206e-07,
                0.037326091619495426,
                0.9626526703453866,
                2.0644472735328524e-05,
                2.5987555931236596e-07
            ],
            [
                4.508730022867874e-12,
                3.331525907390359e-11,
                5.789323946345451e-12,
                6.144172126537146e-06,
                0.9999938557842601
            ],
            [
                1.658678270442959e-12,
                8.423463305174455e-12,
                1.2917799358845e-12,
                5.3157849708888696e-08,
                0.9999999468307763
            ]
        ],
        [
            [
                0.9999999991250157,
                8.592166597863713e-10,
                1.8795288118774528e-12,
                0.0,
                1.3887943830518973e-11
            ],
            [
                0.9999999827286398,
                1.7257827654323015e-08,
                5.109088929291791e-12,
                0.0,
                8.423463591621917e-12
            ],
            [
                3.4720181596547884e-05,
                0.9819750292646177,
                0.01798549948844386,
                4.698865610395436e-06,
                5.2199731581068315e-08
            ],
            [
                1.6586783388563012e-12,
                1.0815941426491559e-11,
                1.8795287938104707e-12,
                1.1861120007910646e-08,
                0.9999999881245257
            ],
            [
                3.978962517537708e-12,
                1.2256067387732958e-11,
                2.1297851611607518e-12,
                4.363462232875829e-09,
                0.9999999956181729
            ]
        ],
        [
            [
                0.9999999996754885,
                3.160881449336365e-10,
                0.0,
                0.0,
                8.423463741204519e-12
            ],
            [
                0.9999999976524485,
                2.335593029567253e-09,
                2.413362762293723e-12,
                0.0,
                9.545034885111211e-12
            ],
            [
                2.020683836494001e-11,
                3.224186621531304e-08,
                0.999999964223377,
                3.398267697521366e-09,
                1.1628232612849903e-10
            ],
            [
                4.2307899251288904e-11,
                7.499254579171652e-10,
                9.135962362053651e-09,
                0.9890130478247738,
                0.010986942247030479
            ],
            [
                1.2917800680651645e-12,
                9.545035390413953e-12,
                1.4637785858306007e-12,
                1.444980316893084e-07,
                0.9999998554896677
            ]
        ],
        [
            [
                0.9999999991285036,
                8.59216659789368e-10,
                1.463778510500533e-12,
                0.0,
                1.0815941530497586e-11
            ],
            [
                0.9999999983745262,
                1.6052280496565073e-09,
                2.413362763520542e-12,
                0.0,
                1.7832472846723588e-11
            ],
            [
                1.0261879168588486e-10,
                4.139937531951885e-08,
                0.9999999550198184,
                3.398267666132974e-09,
                7.99195953228085e-11
            ],
            [
                5.108709428895943e-12,
                7.05235583062545e-11,
                2.5944167219126534e-11,
                7.484619743446279e-05,
                0.9999251537009891
            ],
            [
                2.734687949330654e-12,
                1.7832405468131675e-11,
                3.511408833650239e-12,
                2.90231220032416e-06,
                0.9999970976637211
            ]
        ],
        [
            [
