{
    "[['A', 'B', 'C', 'D', 'E'], ['A', 'B', 'C', 'D', 'E']]": [
        [
            [
                0.9999999988820747,
                1.103256029547314e-09,
                2.4133627657164636e-12,
                0.0,
                1.2256067413036062e-11
            ],
            [
                0.9999999943895959,
                5.602796395912044e-09,
                3.0988191156995647e-12,
                0.0,
                4.508755208797633e-12
            ],
            [
                0.0,
                6.5602001658650385e-12,
                0.9999999999672053,
                2.5946094973712523e-11,
                2.882350792438785e-13
            ],
            [
                1.3887891480513385e-11,
                5.4927676325025475e-11,
                8.423431981693243e-12,
                3.7266391153773313e-06,
                0.9999962732836456
            ],
            [
                3.978962721762328e-12,
                1.2256068016789072e-11,
                1.2917800651470347e-12,
                5.043472051513492e-07,
                0.999999495635268
            ]
        ],
        [
            [
                0.9999999965897972,
                3.398267802451294e-09,
                3.5114220957652173e-12,
                0.0,
                8.423463712221349e-12
            ],
            [
                0.9999999397419423,
                6.023574628742237e-08,
                8.423464860414219e-12,
                0.0,
                1.388794568836001e-11
            ],
            [
                7.991945669968918e-11,
                1.3709566465406916e-06,
                0.999998623191458,
                5.602786466454975e-09,
                1.6918949116091792e-10
            ],
            [
                1.783233779098519e-11,
                4.277755456047018e-11,
                7.433624347139476e-12,
                7.889265049558617e-06,
                0.999992110666907
            ],
            [
                1.879528814509677e-12,
                3.098819135375901e-12,
                4.193795653851328e-13,
                7.582560419724698e-10,
                0.9999999992363462
            ]
        ],
        [
            [
                0.9999999981702015,
                1.8189616804755529e-09,
                2.4133627624429347e-12,
                0.0,
                8.423463721693352e-12
            ],
            [
                0.9999999961464594,
                3.850741905008778e-09,
                1.6586783512647438e-12,
                0.0,
                1.1399918477869446e-12
            ],
            [
                1.6586783256496472e-12,
                1.9555680695663793e-08,
                0.9999999801143167,
                3.160881390922616e-10,
                1.2256067198305606e-11
            ],
            [
                3.774854055937336e-11,
                1.4929837409060086e-10,
                5.4923802428255185e-11,
                7.484619710019127e-05,
                0.999925153560929
            ],
            [
                1.225606897835189e-11,
                1.0815942911258691e-11,
                1.1399919957520594e-12,
                6.825604230784999e-08,
                0.9999999317197457
            ]
        ],
        [
            [
                0.9999999969856843,
                2.998960812068333e-09,
                3.098819125507009e-12,
                0.0,
                1.2256067391833869e-11
            ],
            [
                0.9999999969879827,
                2.9989608110103695e-09,
                3.5114220971634147e-12,
                0.0,
                9.545034878768862e-12
            ],
            [
                1.5428112027919055e-13,
                5.492788349530648e-11,
                0.9999999998725095,
                7.052879849283662e-11,
                1.879528816051805e-12
            ],
            [
                5.109079966390795e-12,
                9.545017993407558e-12,
                2.1297813934886724e-12,
                1.3709566547994665e-06,
                0.9999986290265613
            ],
            [
                1.879528811675306e-12,
                3.51142210428978e-12,
                6.101936661814952e-13,
                2.3355930327553736e-09,
                0.9999999976584057
            ]
        ],
        [
            [
                0.9999999983777852,
                1.6052280496617386e-09,
                3.098819128058242e-12,
                0.0,
                1.3887943817173155e-11
            ],
            [
                0.9999999530766929,
                4.6911637941791e-08,
                6.560199849796875e-12,
                0.0,
                5.109088780126719e-12
            ],
            [
                2.4616925717320637e-10,
                1.370956647044415e-06,
                0.9999986236065727,
                4.9444417043061175e-09,
                2.4616925717320637e-10
            ],
            [
                1.388794562977147e-11,
                1.7832475174204006e-11,
                1.4637787001352453e-12,
                1.8553915983894325e-07,
                0.999999814427656
            ],
            [
                1.139991850328873e-12,
                3.0988191313403796e-12,
                5.384940204927006e-13,
                2.061153617528851e-09,
                0.999999997934069
            ]
        ],
        [
            [
                0.999999995026863,
                4.944450468355449e-09,
                5.789356289408772e-12,
                0.0,
                2.2897348300934482e-11
            ],
            [
                0.9999996940626071,
                3.059023586883474e-07,
                2.5946098221678037e-11,
                3.978963032540693e-12,
                5.109089665843183e-12
            ],
            [
                7.433680473440638e-12,
                2.5109990885542875e-08,
                0.9999999734110387,
                1.4166087487373644e-09,
                5.4927882039778233e-11
            ],
            [
                1.8795288025415135e-12,
                4.508755208716401e-12,
                6.914400055446021e-13,
                7.194132976747923e-09,
                0.9999999927987873
            ],
            [
                4.508755453074376e-12,
                1.7832473741795686e-11,
                2.4133628846553778e-12,
                5.043472051624038e-07,
                0.9999994956280402
            ]
        ],
        [
            [
                0.9999999992309279,
                7.582560412601011e-10,
                0.0,
                0.0,
                1.0815941535445873e-11
            ],
            [
                0.9999999226415592,
                7.73442279663148e-08,
                8.42346472320117e-12,
                0.0,
                5.78935699453013e-12
            ],
            [
                1.2015425727481532e-13,
                1.6918979220110177e-10,
                0.9999999997922473,
                3.7751345429311404e-11,
                6.914400104471332e-13
            ],
            [
                1.0815941802141875e-11,
                2.9400778058432833e-11,
                4.508755344366068e-12,
                6.475946146501287e-07,
                0.9999993523606598
            ],
            [
                2.7346984946464483e-12,
                7.433681224311746e-12,
                1.8795289560963146e-12,
                2.3823698443955757e-07,
                0.9999997617509677
            ]
        ],
        [
            [
                0.9999999983828136,
                1.6052280488404992e-09,
                2.413362762293723e-12,
                0.0,
                9.545034885111211e-12
            ],
            [
                0.9999999317269791,
                6.825604215911663e-08,
                7.433681586724945e-12,
                0.0,
                9.545036096918488e-12
            ],
            [
                0.0,
                3.775134543175057e-11,
                0.999999999953719,
                8.423463752005198e-12,
                1.0603575988422823e-13
            ],
            [
                2.289704412352909e-11,
                7.99185367032528e-11,
                1.3887759277713377e-11,
                1.3007124771649919e-05,
                0.999986992758525
            ],
            [
                3.5114225528421092e-12,
                7.433681602700865e-12,
                7.835042765644681e-13,
                6.825604230580747e-08,
                0.9999999317322291
            ]
        ],
        [
            [
                0.9999999981728194,
                1.8189616809208527e-09,
                1.6586783528664539e-12,
                0.0,
                6.560200144234355e-12
            ],
            [
                0.9999986290111488,
                1.3709566530681799e-06,
                2.2897307815941363e-11,
                3.5114158809518093e-12,
                5.789346053199476e-12
            ],
            [
                0.0,
                4.508755241917372e-12,
                0.9999999999868132,
                8.423463753763473e-12,
                2.543665647163979e-13
            ],
            [
                7.433525345849183e-12,
                3.775055662972113e-11,
                1.0815715558557356e-11,
                2.1444939764018987e-05,
                0.9999785550042363
            ],
            [
                5.789356758731235e-12,
                1.573710327572567e-11,
                4.508755577179616e-12,
                2.3823698444507374e-07,
                0.9999997617369804
            ]
        ],
        [
            [
                0.9999999991285273,
                8.592166604303738e-10,
                0.0,
                0.0,
                1.2256067422888037e-11
            ],
            [
                0.9999998144458438,
                1.8553915971429076e-07,
                8.423464819219259e-12,
                1.4637786991518215e-12,
                5.109089673867216e-12
            ],
            [
                2.6810038668597685e-14,
                1.91717151309897e-10,
                0.999999999787851,
                2.0206839083272755e-11,
                1.981008797367683e-13
            ],
            [
                3.0988134740124645e-12,
                1.5737073339095043e-11,
                2.7346932925034098e-12,
                1.0677030764889473e-06,
                0.999998932275353
            ],
            [
                7.433680628967745e-12,
                7.433680628967745e-12,
                1.2917799972469103e-12,
                5.60279640483823e-09,
                0.9999999943810445
            ]
        ],
        [
            [
                0.9999999990244779,
                9.73620029843775e-10,
                6.101936668472778e-13,
                0.0,
                1.2917800028526361e-12
            ],
            [
                0.9999989322801052,
                1.0677030760682074e-06,
                1.2256045034909721e-11,
                1.4637758377298593e-12,
                3.0988134727913435e-12
            ],
            [
                0.0,
                4.2777878676861593e-11,
                0.9999999999462861,
                1.081594155404217e-11,
                1.2015425728168558e-13
            ],
            [
                5.1090888150417226e-12,
                9.54503452486388e-12,
                1.6586782897562423e-12,
                4.139937546171974e-08,
                0.9999999585843118
            ],
            [
                9.545035658829645e-12,
                1.7832474283154892e-11,
                2.734698502456258e-12,
                8.315279902129877e-07,
                0.9999991684418975
            ]
        ],
        [
            [
                0.9999999979234915,
                2.0611536148499334e-09,
                3.0988191273127903e-12,
                0.0,
                1.2256067398975872e-11
            ],
            [
                0.9999999950496248,
                4.944450469524789e-09,
                2.4133627560121653e-12,
                0.0,
                3.511422090357022e-12
            ],
            [
                6.56020085328715e-12,
                8.764249134763104e-08,
                0.9999999110713946,
                1.2501529969500525e-09,
                2.9400780463399466e-11
            ],
            [
                3.51142204390117e-12,
                7.433680525272889e-12,
                1.6586783260964035e-12,
                1.9555680700931014e-08,
                0.9999999804317156
            ],
            [
                7.433680361799708e-12,
                9.545034524083349e-12,
                1.8795287380191195e-12,
                4.1399375458334374e-08,
                0.9999999585817663
            ]
        ],
        [
            [
                0.9999999985698405,
                1.4166087823432396e-09,
                2.7346982832910056e-12,
                0.0,
                1.0815941524455119e-11
            ],
            [
                0.9999999865449363,
                1.3440409745845858e-08,
                5.1090889500269696e-12,
                0.0,
                9.545034777049523e-12
            ],
            [
                6.431393940226954e-14,
                2.0206839086373193e-11,
                0.9999999999412861,
                3.775134543560014e-11,
                6.914400105623155e-13
            ],
            [
                1.4637784358937663e-12,
                5.789356019316526e-12,
                1.2917799357463726e-12,
                5.3157849703204635e-08,
                0.9999999468336054
            ],
            [
                8.42315951353841e-12,
                4.847193627703126e-11,
                8.42315951353841e-12,
                3.5356257517019886e-05,
                0.9999646436771648
            ]
        ],
        [
            [
                0.9999999969905067,
                2.9989608096506356e-09,
                3.0988191230088077e-12,
                0.0,
                7.433680634658618e-12
            ],
            [
                0.9999999950517611,
                4.944450474163701e-09,
                2.1297851589919355e-12,
                0.0,
                1.6586783495967757e-12
            ],
            [
                5.7893569250407085e-12,
                8.764249122170823e-08,
                0.9999999096346167,
                2.6465739115091072e-09,
                7.052880577566527e-11
            ],
            [
                1.2256068041785586e-11,
                1.573710287430705e-11,
                3.978962729877508e-12,
                1.4449803165759435e-07,
                0.9999998554699963
            ],
            [
                3.5114223746064237e-12,
                9.545035632937152e-12,
                2.7346984950379345e-12,
                2.3823698447366242e-07,
                0.9999997617472244
            ]
        ],
        [
            [
                0.999999996129012,
                3.8507419008570895e-09,
                4.508755216640235e-12,
                0.0,
                1.573710201731958e-11
            ],
            [
                0.9999998554788755,
                1.444980314998543e-07,
                8.423464156056495e-12,
                2.4133628868900583e-12,
                1.2256068028406353e-11
            ],
            [
                0.0,
                2.940077737553756e-11,
                0.9999999999324778,
                3.775134542056814e-11,
                3.7010116764140216e-13
            ],
            [
                3.0988195326146253e-12,
                1.2256069001975726e-11,
                1.8795290554471427e-12,
                1.8553915984559114e-07,
                0.9999998144436058
            ],
            [
                5.789356019071001e-12,
                6.560199817263424e-12,
                1.463778435831688e-12,
                5.315784970095023e-08,
                0.9999999468283369
            ]
        ],
        [
            [
                0.9999999961295807,
                3.850741901682312e-09,
                5.789356297030179e-12,
                0.0,
                1.388794378891854e-11
            ],
            [
                0.9999999918395396,
                8.1520206363977e-09,
                1.8795287985387058e-12,
                0.0,
                6.560200105326287e-12
            ],
            [
                9.357622955989631e-14,
                1.250152864669945e-09,
                0.9999999987293486,
                2.020683906247272e-11,
                1.9810087953285195e-13
            ],
            [
                3.3312970120055696e-11,
                1.4929837408755213e-10,
                6.223682175685446e-11,
                7.484619709866288e-05,
                0.9999251535580532
            ],
            [
                7.43368122453774e-12,
                3.331544789638807e-11,
                1.081594236071093e-11,
                2.382369844468003e-07,
                0.9999997617114506
            ]
        ],
        [
            [
                0.9999999991297746,
                8.592166599525249e-10,
                1.4637785107784901e-12,
                0.0,
                9.545034901012715e-12
            ],
            [
                0.9999999778258567,
                2.2159489257550688e-08,
                9.54503470065704e-12,
                0.0,
                5.10908890913702e-12
            ],
            [
                3.037975384887474e-14,
                7.99195989149218e-11,
                0.9999999999076579,
                1.2256067441857814e-11,
                1.361526107840627e-13
            ],
            [
                1.6914560626532647e-10,
                4.05759215952978e-10,
                2.788739588951126e-10,
                0.00026119032702458787,
                0.9997388088191966
            ],
            [
                1.4637784963933033e-12,
                4.5087551876745544e-12,
                1.0060392670958872e-12,
                1.1861120007655038e-08,
                0.9999999881319014
            ]
        ],
        [
            [
                0.99999998951215,
                1.0467401668161553e-08,
                6.560200088820767e-12,
                0.0,
                1.3887943697016034e-11
            ],
            [
                0.9999999950443914,
                4.9444504684421174e-09,
                2.734698273065469e-12,
                0.0,
                8.4234636974033e-12
            ],
            [
                2.3659776083801997e-14,
                1.917171513146884e-10,
                0.9999999997973605,
                1.0815941553836253e-11,
                8.25807328292224e-14
            ],
            [
                1.7832373161769907e-11,
                7.052840400654978e-11,
                2.2897220379572905e-11,
                6.144172125983114e-06,
                0.999993855716616
            ],
            [
                8.423464824339025e-12,
                1.0815942931026451e-11,
                1.0060394070611119e-12,
                1.855391598270611e-07,
                0.9999998144405947
            ]
        ],
        [
            [
                0.9999999965854971,
                3.398267802436681e-09,
                3.978962515863919e-12,
                0.0,
                1.2256067382577324e-11
            ],
            [
                0.9999997617285962,
                2.3823698417204304e-07,
                2.2897350130899398e-11,
                3.0988193653331606e-12,
                8.423464370462122e-12
            ],
            [
                2.3659776082027113e-14,
                2.789468091770045e-10,
                0.9999999997086801,
                1.2256067439271344e-11,
                9.357622965153845e-14
            ],
            [
                9.545035389523911e-12,
                1.7832473780025548e-11,
                2.734698425298874e-12,
                1.4449803167583447e-07,
                0.9999998554718561
            ],
            [
                1.388794450978916e-11,
                2.2897349519592453e-11,
                3.098819282601762e-12,
                5.043472050018318e-07,
                0.9999994956129109
            ]
        ],
        [
            [
                0.9999999993185855,
                6.691586074561299e-10,
                0.0,
                0.0,
                1.2256067413454705e-11
            ],
            [
                0.9999999918365668,
                8.15202063483584e-09,
                3.978962496968103e-12,
                0.0,
                7.433680599735082e-12
            ],
            [
                2.2897350123666166e-11,
                2.3823698409678443e-07,
                0.999999760275036,
                1.4166088897898659e-09,
                4.8473690592187505e-11
            ],
            [
                3.5114220713975165e-12,
                9.545034808729888e-12,
                8.878265372320137e-13,
                1.1861120009544329e-08,
                0.9999999881249356
            ],
            [
                2.4133630272940657e-12,
                1.0815942702181802e-11,
                1.658678534489736e-12,
                8.764249147162561e-08,
                0.9999999123426205
            ]
        ],
        [
            [
                0.9999999985698405,
                1.4166087820404625e-09,
                2.7346982827065084e-12,
                0.0,
                1.0815941522143388e-11
            ],
            [
                0.9999546020026289,
                4.539785566884619e-05,
                9.055663263224966e-11,
                1.7831658232467067e-11,
                3.3313923407119604e-11
            ],
            [
                2.087967911085779e-14,
                9.056076987243327e-11,
                0.9999999999009124,
                8.423463752208822e-12,
                8.258073283340466e-14
            ],
            [
                1.3887442256796386e-11,
                6.223919817723535e-11,
                2.020610925464476e-11,
                3.5356257517848495e-05,
                0.9999646436461493
            ],
            [
                2.940077965926593e-11,
                4.84736907993994e-11,
                9.545035658639863e-12,
                8.315279901964547e-07,
                0.9999991683845904
            ]
        ],
        [
            [
                0.9999999988837982,
                1.1032560291053172e-09,
                2.1297851647045175e-12,
                0.0,
                1.0815941525539136e-11
            ],
            [
                0.9999999778265168,
                2.2159489250621578e-08,
                7.433680496990978e-12,
                0.0,
                6.560200013398053e-12
            ],
            [
                1.201542571044393e-13,
                1.6052280523362685e-09,
                0.99999999837427,
                2.0206839054354233e-11,
                1.7482341251678724e-13
            ],
            [
                3.511422043549835e-12,
                8.423463586963158e-12,
                1.8795287791635565e-12,
                1.955568069897437e-08,
                0.9999999804305049
            ],
            [
                5.789356238606534e-12,
                1.3887943648767501e-11,
                1.4637784913389634e-12,
                1.522997950762436e-08,
                0.9999999847488794
            ]
        ],
        [
            [
                0.9999999985687218,
                1.4166087828446572e-09,
                2.413362765361948e-12,
                0.0,
                1.2256067411235683e-11
            ],
            [
                0.9999982396088986,
                1.7603431320450123e-06,
                3.331538523645002e-11,
                5.109079798361812e-12,
                9.545017679488089e-12
            ],
            [
                0.0,
                3.331544541563496e-11,
                0.9999999999507931,
                1.5737102104014928e-11,
                1.5428112029126822e-13
            ],
            [
                9.544835479045702e-12,
                4.277698484461412e-11,
                1.3887653675954706e-11,
                2.1444939762632333e-05,
                0.9999785549940279
            ],
            [
                3.5114088335338055e-12,
                1.388789134216725e-11,
                2.413353644739698e-12,
                2.902312200227923e-06,
                0.9999970976679872
            ]
        ],
        [
            [
                0.999999999394118,
                5.905303987983589e-10,
                1.4637785114090849e-12,
                0.0,
                1.3887943839187512e-11
            ],
            [
                0.9999999677431499,
                3.2241866273899534e-08,
                6.560199944609633e-12,
                0.0,
                8.423463467432283e-12
            ],
            [
                2.365977608514721e-14,
                1.317651426664236e-10,
                0.9999999998542171,
                1.3887943861324473e-11,
                1.0603575988745017e-13
            ],
            [
                3.97896272149713e-12,
                1.7832473740216288e-11,
                2.4133628844416295e-12,
                5.043472051177344e-07,
                0.99999949562857
            ],
            [
                1.317643962374137e-10,
                1.0261821497062867e-10,
                1.2255998012174506e-11,
                4.7850948473501725e-06,
                0.999995214658514
            ]
        ],
        [
            [
                0.99999999439137,
                5.602796399931937e-09,
                3.098819117922905e-12,
                0.0,
                2.734698273236892e-12
            ],
            [
                0.9999999634398634,
                3.653482074973682e-08,
                5.109088834036752e-12,
                0.0,
                2.0206838322832186e-11
            ],
            [
                0.0,
                1.2256067441182786e-11,
                0.9999999999537372,
                3.331544541373572e-11,
                6.914400105294715e-13
            ],
            [
                5.789356797341039e-12,
                1.0815942432765155e-11,
                1.1399919453192117e-12,
                1.1253518382824271e-07,
                0.9999998874470709
            ],
            [
                2.019813097180311e-11,
                1.691168800786758e-10,
                1.1623221854065242e-10,
                0.0004305571194439788,
                0.9995694425750088
            ]
        ],
        [
            [
                0.9999999969807931,
                2.998960809621505e-09,
                4.508755219388723e-12,
                0.0,
                1.5737102026912747e-11
            ],
            [
                0.9999999865350784,
                1.3440409751121151e-08,
                1.2256067261710442e-11,
                0.0,
                1.2256067261710442e-11
            ],
            [
                7.287724092539943e-14,
                4.8473687040887574e-11,
                0.9999999999081373,
                4.277787867043833e-11,
                5.38494021533061e-13
            ],
            [
                1.7831828830543968e-11,
                7.052625113478851e-11,
                4.847193627825978e-11,
                3.5356257517915986e-05,
                0.9999646436056521
            ],
            [
                1.0815942932175292e-11,
                1.5737104107315463e-11,
                1.8795290554590706e-12,
                1.855391598467686e-07,
                0.9999998144324076
            ]
        ],
        [
            [
                0.9999999965827351,
                3.398267802427295e-09,
                5.109089002402962e-12,
                0.0,
                1.3887943795211922e-11
            ],
            [
                0.9999999950477059,
                4.9444504684585055e-09,
                2.734698273074533e-12,
                0.0,
                5.1090889934683765e-12
            ],
            [
                2.9400779510895084e-11,
                2.382369839129216e-07,
                0.9999997595032718,
                2.0611537709253518e-09,
                1.6918980445005132e-10
            ],
            [
                3.978962691424397e-12,
                9.545035296074815e-12,
                1.2917800552977505e-12,
                3.9278636990701005e-07,
                0.9999996071988143
            ],
            [
                3.978962956156631e-12,
                1.2256068738774353e-11,
                2.4133630267698113e-12,
                8.764249145258705e-08,
                0.9999999123388602
            ]
        ],
        [
            [
                0.999999998166369,
                1.8189616809091198e-09,
                2.4133627630181827e-12,
                0.0,
                1.2256067399333061e-11
            ],
            [
                0.9999996071772093,
                3.927863694531548e-07,
                2.289734932534046e-11,
                3.9789626868268e-12,
                9.545035285045754e-12
            ],
            [
                1.493089007678753e-10,
                2.9023121578803977e-06,
                0.9999970834290182,
                1.3440358924758413e-08,
                6.691560686755774e-10
            ],
            [
                3.0988193777742094e-12,
                9.545035659173808e-12,
                1.2917801044378557e-12,
                8.3152799024297e-07,
                0.9999991684580741
            ],
            [
                9.54503485235078e-12,
                1.081594147741023e-11,
                1.2917799952462324e-12,
                7.194132977196888e-09,
                0.9999999927842143
            ]
        ],
        [
            [
                0.9999999983871031,
                1.6052280492879224e-09,
                1.8795288096335993e-12,
                0.0,
                5.789356307460264e-12
            ],
            [
                0.9999999918365668,
                8.152020631119124e-09,
                3.9789624951539915e-12,
                0.0,
                7.433680596345875e-12
            ],
            [
                1.573710335795166e-11,
                1.1253518366572787e-07,
                0.9999998861656108,
                1.250152965773033e-09,
                3.331544807021905e-11
            ],
            [
                6.560201002006986e-12,
                1.2256069001942368e-11,
                1.1399919979463155e-12,
                1.8553915984508612e-07,
                0.9999998144408839
            ],
            [
                4.5087554528260566e-12,
                2.020684003375769e-11,
                8.42346414779277e-12,
                5.043472051346268e-07,
                0.9999994956196558
            ]
        ],
        [
            [
                0.999999996135734,
                3.8507418976960535e-09,
                3.978962509930853e-12,
                0.0,
                9.545034860694437e-12
            ],
            [
                0.9999999907536622,
                9.23744955751821e-09,
                3.0988191036819544e-12,
                0.0,
                5.789356263267555e-12
            ],
            [
                3.266131327654286e-13,
                4.3634622327262115e-09,
                0.9999999954829226,
                1.4930946692791194e-10,
                3.978962517401275e-12
            ],
            [
                8.423384066779747e-12,
                2.2897131842858837e-11,
                6.560138107319262e-12,
                1.0129988105160555e-05,
                0.9999898699740142
            ],
            [
                5.1090796859871364e-12,
                1.3887918470568077e-11,
                3.0988134724661917e-12,
                2.260325273921439e-06,
                0.9999977396526303
            ]
        ],
        [
            [
                0.9999999965905739,
                3.3982678017276095e-09,
                2.7346982772938117e-12,
                0.0,
                8.423463710427513e-12
            ],
            [
                0.99999823964364,
                1.7603431333894795e-06,
                8.423448543696874e-12,
                1.2917776721385951e-12,
                3.5114157725834698e-12
            ],
            [
                3.9008376073615444e-14,
                5.905303994676223e-10,
                0.9999999993935733,
                1.5737102095489555e-11,
                1.201542572308813e-13
            ],
            [
                1.2255974578520415e-11,
                3.3315192986848046e-11,
                7.433624346531251e-12,
                7.889265048913112e-06,
                0.9999921106819464
            ],
            [
                2.5945997115486645e-11,
                7.991929747710061e-11,
                9.544998919481083e-12,
                3.726639115342876e-06,
                0.9999962732454744
            ]
        ],
        [
            [
                0.9999999950470255,
                4.9444504672576345e-09,
                2.7346982724103502e-12,
                0.0,
                5.789356288123365e-12
            ],
            [
                0.9999999123486204,
                8.764249139581472e-08,
                5.789356936541575e-12,
                0.0,
                3.0988194640595687e-12
            ],
            [
                0.0,
                1.4930946756978218e-10,
                0.9999999998347553,
                1.573710210159987e-11,
                1.981008797386462e-13
            ],
            [
                8.878265470289292e-13,
                3.511422110145069e-12,
                5.384940212798457e-13,
                6.691586085134741e-10,
                0.9999999993259037
            ],
            [
                3.0988190907203214e-12,
                9.545034774985585e-12,
                1.4637784914516037e-12,
                1.522997950879633e-08,
                0.9999999847559129
            ]
        ],
        [
            [
                0.9999999987384225,
                1.2501528628027975e-09,
                1.8795288111508396e-12,
                0.0,
                9.54503489547687e-12
            ],
            [
                0.999999607193634,
                3.927863693942246e-07,
                1.3887944389885745e-11,
                2.1297852514551388e-12,
                3.978962686229832e-12
            ],
            [
                8.258073279111487e-14,
                5.90530399433566e-10,
                0.99999999938881,
                2.020683907445316e-11,
                3.7010116757044774e-13
            ],
            [
                3.5114225554858346e-12,
                1.3887945613540313e-11,
                2.4133630756902114e-12,
                3.0590235901678167e-07,
                0.9999996940778283
            ],
            [
                1.8795290516022598e-12,
                8.423464807948716e-12,
                2.413363073660307e-12,
                6.825604229978612e-08,
                0.9999999317312414
            ]
        ],
        [
            [
                0.9999999983852086,
                1.605228049673655e-09,
                2.129785163642629e-12,
                0.0,
                7.433680646826765e-12
            ],
            [
                0.9999999950493035,
                4.9444504712788515e-09,
                2.7346982746344224e-12,
                0.0,
                3.5114220916027124e-12
            ],
            [
                3.1608817282395564e-10,
                1.4449789932929947e-07,
                0.9999995358435462,
                3.0590205528062355e-07,
                1.3440411115897434e-08
            ],
            [
                1.5737103277347007e-11,
                1.5737103277347007e-11,
                1.2917801008651823e-12,
                2.382369844696184e-07,
                0.9999997617302495
            ],
            [
                2.2896870016967115e-11,
                5.492673579287842e-11,
                8.423287746417015e-12,
                2.1444939763853426e-05,
                0.9999785549739892
            ]
        ],
        [
            [
                0.9999999979155405,
                2.061153614393007e-09,
                3.0988191266258294e-12,
                0.0,
                2.0206839011346367e-11
            ],
            [
                0.9999999895201958,
                1.0467401663473412e-08,
                3.978962485937238e-12,
                0.0,
                8.423463648830343e-12
            ],
            [
                7.287724094412455e-14,
                2.2897348452034123e-11,
                0.9999999999386682,
                3.775134543550131e-11,
                6.101936676427059e-13
            ],
            [
                1.225597457945174e-11,
                3.331519298937965e-11,
                8.423399929591876e-12,
                7.889265049512613e-06,
                0.9999921106809558
            ],
            [
                5.7893457459254866e-12,
                2.594604755392243e-11,
                3.978955262388711e-12,
                1.0677030765378567e-06,
                0.9999989322612092
            ]
        ],
        [
            [
                0.9999999997185633,
                2.789468089367984e-10,
                6.101936669947047e-13,
                0.0,
                1.879528814180168e-12
            ],
            [
                0.9999999006706506,
                9.931195237545358e-08,
                8.423464539367364e-12,
                2.413362996710461e-12,
                6.5602007794335135e-12
            ],
            [
                2.2897350138475894e-11,
                2.382369842508732e-07,
                0.999999760958965,
                7.582560984920552e-10,
                2.2897350138475894e-11
            ],
            [
                7.433680840781507e-12,
                1.5737102463427773e-11,
                2.413362826514208e-12,
                6.475946146625245e-07,
                0.9999993523798012
            ],
            [
                7.835041755597306e-13,
                3.0988191270673677e-12,
                6.101936654656336e-13,
                3.3982678067144064e-09,
                0.9999999965972397
            ]
        ],
        [
            [
                0.9999999936411177,
                6.348800068668056e-09,
                1.6586783465369442e-12,
                0.0,
                8.423463691611596e-12
            ],
            [
                0.9999999976497376,
                2.335593030001459e-09,
                2.413362762742387e-12,
                0.0,
                1.2256067397932455e-11
            ],
            [
                0.0,
                9.056076986355362e-11,
                0.9999999998798406,
                2.940077738207436e-11,
                1.9810087973232783e-13
            ],
            [
