{
    "[['A', 'B', 'C', 'D', 'E'], ['A', 'B', 'C', 'D', 'E']]": [
        [
            [
                0.9999999995373599,
                4.59905536435287e-10,
                0.0,
                0.0,
                2.734698283089113e-12
            ],
            [
                0.9999998554946308,
                1.4449803152618347e-07,
                3.0988192870223782e-12,
                1.1399919076010797e-12,
                3.0988192870223782e-12
            ],
            [
                2.6458824928566113e-09,
                0.00026119033241544235,
                0.9997387054007109,
                9.92860080572793e-08,
                2.3349831045487674e-09
            ],
            [
                6.534017321288396e-11,
                1.909519764288366e-09,
                1.410954866034357e-08,
                0.18242551217589387,
                0.8175744717396976
            ],
            [
                4.752175089805429e-13,
                7.433652557903519e-12,
                2.413353644408085e-12,
                2.9023121998291237e-06,
                0.9999970976774779
            ]
        ],
        [
            [
                0.999999999407811,
                5.905303977737208e-10,
                0.0,
                0.0,
                1.6586783529576687e-12
            ],
            [
                0.9999999317391023,
                6.825604222267034e-08,
                1.6586785644827791e-12,
                7.835042756101452e-13,
                2.4133630709336862e-12
            ],
            [
                7.963751961949199e-10,
                1.0430456695972915e-07,
                0.43781817446084464,
                0.5621696644809657,
                1.2055957247496161e-05
            ],
            [
                4.340454965353427e-12,
                3.4480504603149223e-10,
                1.6287437096160287e-10,
                0.03732688390109405,
                0.9626731155868861
            ],
            [
                2.543665843197358e-13,
                5.109089421379184e-12,
                1.2917801042318189e-12,
                8.315279901103428e-07,
                0.9999991684653546
            ]
        ],
        [
            [
                0.9999999990224009,
                9.736200270405247e-10,
                0.0,
                0.0,
                3.978962518425829e-12
            ],
            [
                0.9999994956400176,
                5.043472045057369e-07,
                5.789356591839133e-12,
                1.879528901957901e-12,
                5.109089260255745e-12
            ],
            [
                2.192371448983778e-09,
                1.0563437206840452e-07,
                0.7310437771687875,
                0.2689359846563629,
                2.013034810604638e-05
            ],
            [
                3.974305571584777e-12,
                9.045477787888831e-11,
                6.216859905157873e-11,
                0.001169510348369485,
                0.9988304894950328
            ],
            [
                1.006033579938508e-12,
                2.0206724615821574e-11,
                8.423416034438814e-12,
                4.785094847229633e-06,
                0.9999952148755167
            ]
        ],
        [
            [
                0.9999999998047715,
                1.9171715094324404e-10,
                0.0,
                0.0,
                3.5114221054534014e-12
            ],
            [
                0.9999999847640479,
                1.5229979472362125e-08,
                1.4637784879498521e-12,
                0.0,
                4.508755161666894e-12
            ],
            [
                8.42344857018529e-12,
                8.764232420856232e-08,
                0.9999990769705042,
                8.315280131818605e-07,
                3.850734981352756e-09
            ],
            [
                2.125682284298491e-12,
                5.482206866801351e-11,
                1.7798119858759463e-11,
                0.0019267343359677636,
                0.9980732655892863
            ],
            [
                8.878147472365306e-13,
                2.0206570509589384e-11,
                5.789279379091014e-12,
                1.3007124766649694e-05,
                0.9999869928483497
            ]
        ],
        [
            [
                0.999999999591036,
                4.058652114074329e-10,
                0.0,
                0.0,
                3.0988191292532672e-12
            ],
            [
                0.9999994956440881,
                5.043472046658286e-07,
                4.5087554486351016e-12,
                1.4637785811147887e-12,
                2.7346984167435787e-12
            ],
            [
                1.0261763193338448e-10,
                2.9022902447597974e-06,
                0.9999891761228029,
                7.889242833244512e-06,
                3.224150153410441e-08
            ],
            [
                1.6571668039348595e-12,
                4.2738895172968456e-11,
                2.5922450284649636e-11,
                0.000911051406961781,
                0.9990889485227197
            ],
            [
                7.834997398568702e-13,
                1.7832371884947847e-11,
                5.109060084432349e-12,
                4.785094847257919e-06,
                0.9999952148814277
            ]
        ],
        [
            [
                0.9999999999350238,
                6.224144606030704e-11,
                0.0,
                0.0,
                2.734698284176604e-12
            ],
            [
                0.9999999969998725,
                2.9989608132832852e-09,
                4.752193044430805e-13,
                0.0,
                6.914400080255154e-13
            ],
            [
                4.058567442179524e-10,
                2.1444940403900767e-05,
                0.9999784664225678,
                8.764065352282621e-08,
                5.90518078402016e-10
            ],
            [
                1.4615801934817189e-12,
                6.214797125670379e-11,
                5.484539213595757e-11,
                0.001501182031036098,
                0.998498817850509
            ],
            [
                1.8795217267331775e-12,
                2.940066648962081e-11,
                1.3887891477990452e-11,
                3.7266391147003343e-06,
                0.9999962733157172
            ]
        ],
        [
            [
                0.9999999997514168,
                2.461696944688386e-10,
                0.0,
                0.0,
                2.41336276484615e-12
            ],
            [
                0.9999999943953239,
                5.602796397141644e-09,
                0.0,
                0.0,
                1.879528802987861e-12
            ],
            [
                2.020684048945958e-11,
                3.9278600715677794e-07,
                0.9999995183011449,
                8.764248826330438e-08,
                1.2501529529544956e-09
            ],
            [
                3.095192292301544e-12,
                1.024986916586265e-10,
                3.770716140817949e-11,
                0.0011695103469338704,
                0.998830489509765
            ],
            [
                1.0060182578888027e-12,
                1.7832100295013e-11,
                5.789235358957527e-12,
                2.14449397589406e-05,
                0.9999785550356136
            ]
        ],
        [
            [
                0.9999999991396433,
                8.592166597989396e-10,
                0.0,
                0.0,
                1.139991850233609e-12
            ],
            [
                0.9999999950540683,
                4.9444504726697135e-09,
                4.7521930346403e-13,
                0.0,
                1.0060392733280154e-12
            ],
            [
                3.0988190559380333e-12,
                2.5109990886635802e-08,
                0.9999999734545644,
                1.4166087487990232e-09,
                1.5737101686452112e-11
            ],
            [
                3.972986880363462e-12,
                1.0246468213112214e-10,
                1.1610769605086513e-10,
                0.0015011820308798393,
                0.9984988177465748
            ],
            [
                2.4133214909261576e-12,
                4.277714696810429e-11,
                1.0815756549095726e-11,
                1.670141510532251e-05,
                0.9999832985288885
            ]
        ],
        [
            [
                0.9999999991380486,
                8.592166589028278e-10,
                0.0,
                0.0,
                2.734698281997117e-12
            ],
            [
                0.9999999847683618,
                1.5229979488276968e-08,
                0.0,
                0.0,
                1.6586783309861389e-12
            ],
            [
                4.891907449433496e-10,
                1.5369901658052714e-07,
                0.7310530457947266,
                0.26893939438372244,
                7.405633343538133e-06
            ],
            [
                4.1937882191506015e-13,
                5.789346059191869e-12,
                1.6586754166421085e-12,
                1.3709566544872193e-06,
                0.9999986290354781
            ],
            [
                2.4120284785862824e-12,
                5.4897515135222665e-11,
                2.2884689034600405e-11,
                0.0005527785840687968,
                0.9994472213357369
            ]
        ],
        [
            [
                0.9999999994748796,
                5.211412476786416e-10,
                0.0,
                0.0,
                3.978962527360664e-12
            ],
            [
                0.9999999827410236,
                1.7257827673305202e-08,
                5.384940119572594e-13,
                0.0,
                6.101936566351175e-13
            ],
            [
                3.978962717027678e-12,
                1.4449803119094633e-07,
                0.9999998520737757,
                3.3982679742423525e-09,
                2.594609616427474e-11
            ],
            [
                2.124518844713298e-12,
                7.035440173743972e-11,
                4.835382602989526e-11,
                0.0024726229660672694,
                0.9975273769131
            ],
            [
                3.0987661331241733e-12,
                4.277714696998492e-11,
                2.0206493450307515e-11,
                1.6701415106056758e-05,
                0.9999832985188115
            ]
        ],
        [
            [
                0.9999999997507314,
                2.461696946127825e-10,
                0.0,
                0.0,
                3.0988191315622445e-12
            ],
            [
                0.9999999895294623,
                1.0467401666105531e-08,
                1.006039266919598e-12,
                0.0,
                2.1297851447817917e-12
            ],
            [
                3.51142246950691e-12,
                8.7642491083186e-08,
                0.9999999079572194,
                4.363462695488488e-09,
                3.331544880053526e-11
            ],
            [
                3.977247804552584e-12,
                9.052174279257631e-11,
                6.221462331881166e-11,
                0.00043055712164430344,
                0.999569442721642
            ],
            [
                1.8793496643896665e-12,
                5.492264791629226e-11,
                1.225489922533812e-11,
                9.610239928030997e-05,
                0.9999038975316628
            ]
        ],
        [
            [
                0.9999999998069911,
                1.9171715098985424e-10,
                0.0,
                0.0,
                1.291780002185304e-12
            ],
            [
                0.9999999123541653,
                8.764249137206465e-08,
                1.4637786674079107e-12,
                0.0,
                1.8795290133570694e-12
            ],
            [
                0.0,
                4.847368705059241e-11,
                0.9999999999418878,
                9.545034920455999e-12,
                9.357622966502367e-14
            ],
            [
                2.1288673424093586e-12,
                9.052174283384407e-11,
                3.3301088167579566e-11,
                0.00043055711952130494,
                0.999569442754527
            ],
            [
                5.384899415679017e-13,
                1.0815859604127259e-11,
                2.1297690334220694e-12,
                7.8892650492249e-06,
                0.9999921107214667
            ]
        ],
        [
            [
                0.9999999991376844,
                8.592166591697146e-10,
                0.0,
                0.0,
                3.098819128812085e-12
            ],
            [
                0.9999996940881574,
                3.0590235869616323e-07,
                4.5087558052487735e-12,
                1.4637786968902974e-12,
                3.511422551805488e-12
            ],
            [
                1.0815943448193784e-11,
                6.82560456962799e-08,
                0.9999998622269396,
                6.82560456962799e-08,
                1.2501530849460013e-09
            ],
            [
                1.4772392952631066e-11,
                3.8098503563870245e-10,
                9.139355893648577e-10,
                0.7310585894923348,
                0.2689414091979721
            ],
            [
                1.1399680327415453e-12,
                2.020641686525216e-11,
                6.560063091775485e-12,
                2.144493976002915e-05,
                0.9999785550323336
            ]
        ],
        [
            [
                0.9999999998068192,
                1.9171715103072738e-10,
                0.0,
                0.0,
                1.4637785114910089e-12
            ],
            [
                0.9999999992402802,
                7.582560414768752e-10,
                0.0,
                0.0,
                1.4637785115886832e-12
            ],
            [
                2.2897307811347932e-11,
                2.3823654385548872e-07,
                0.9999983891786809,
                1.3709566527931519e-06,
                1.6052252057435836e-09
            ],
            [
                1.0302981637017678e-11,
                4.380939270327697e-10,
                1.826247192317695e-10,
                0.047425875405063,
                0.9525741239639153
            ],
            [
                1.463692071597947e-12,
                4.2775352468722054e-11,
                1.3887123721093691e-11,
                5.829127676669696e-05,
                0.9999417086651071
            ]
        ],
        [
            [
                0.9999999999572222,
                4.2777878646210635e-11,
                0.0,
                0.0,
                0.0
            ],
            [
                0.9999999865574605,
                1.3440409739070452e-08,
                0.0,
                0.0,
                2.1297851373517525e-12
            ],
            [
                7.433681582119235e-12,
                3.0590235793951823e-07,
                0.9999996906434665,
                3.398268235390267e-09,
                4.847369299512891e-11
            ],
            [
                1.0412210177388292e-11,
                1.845608414360068e-10,
                2.0913483196992291e-10,
                0.037326883932324154,
                0.962673115663568
            ],
            [
                7.834997958993451e-13,
                1.3887866181394526e-11,
                3.098801805174523e-12,
                6.14417212553478e-06,
                0.9999938558101042
            ]
        ],
        [
            [
                0.9999999997806261,
                2.1724399288497386e-10,
                0.0,
                0.0,
                2.1297851648488153e-12
            ],
            [
                0.999999990760137,
                9.237449563531972e-09,
                0.0,
                0.0,
                2.4133627461152817e-12
            ],
            [
                1.7832474190384848e-11,
                3.059023424976377e-07,
                0.9999996401637126,
                5.315785636654319e-08,
                7.582560973133573e-10
            ],
            [
                1.866948654851368e-12,
                8.995462376167625e-11,
                7.005673142648706e-11,
                0.006692851427315839,
                0.9933071484108059
            ],
            [
                1.0060374947419715e-12,
                1.3887919230130631e-11,
                3.978955477839304e-12,
                1.3709566545375127e-06,
                0.9999986290244726
            ]
        ],
        [
            [
                0.9999999997782472,
                2.1724399288477502e-10,
                0.0,
                0.0,
                4.508755229362243e-12
            ],
            [
                0.9999999961461221,
                3.850741900922976e-09,
                1.0060392735762176e-12,
                0.0,
                2.129785158873856e-12
            ],
            [
                0.0,
                1.917171512659881e-10,
                0.9999999997852314,
                2.2897348443336642e-11,
                1.5428112023079442e-13
            ],
            [
                4.505557288561071e-12,
                7.986291384328772e-11,
                4.8439305819942507e-11,
                0.0007096703462892338,
                0.9992903295209029
            ],
            [
                7.834982416690207e-13,
                1.3887838632002842e-11,
                2.7346775699932026e-12,
                7.889265047507754e-06,
                0.9999921107175465
            ]
        ],
        [
            [
                0.9999999999094393,
                9.056076980035564e-11,
                0.0,
                0.0,
                0.0
            ],
            [
                0.9999999965997299,
                3.3982678036916887e-09,
                5.384940192711786e-13,
                0.0,
                1.4637785073187198e-12
            ],
            [
                9.545034968222838e-12,
                5.043471839826418e-07,
                0.9999994537227525,
                4.139937738468649e-08,
                5.211412512666386e-10
            ],
            [
                2.1296878744569555e-12,
                2.939943425610859e-11,
                1.7831658254535736e-11,
                4.5397855725031104e-05,
                0.9999546020949143
            ],
            [
                3.7010049958812125e-13,
                7.433667249767411e-12,
                3.0988135433560258e-12,
                1.7603431335964956e-06,
                0.9999982396459638
            ]
        ],
        [
            [
                0.9999999995906235,
                4.0586521126424375e-10,
                0.0,
                0.0,
                3.5114221014084006e-12
            ],
            [
                0.9999999865581641,
                1.3440409757385383e-08,
                5.384940140127667e-13,
                0.0,
                8.878265350475413e-13
            ],
            [
                1.2256067733506535e-11,
                3.9278636382311337e-07,
                0.9999995918396348,
                1.5229980104343774e-08,
                1.317651458123737e-10
            ],
            [
                7.352010562541631e-12,
                2.4346515258364585e-10,
                2.4346515258364585e-10,
                0.010986942404565388,
                0.9890130571011523
            ],
            [
                6.101855574109104e-13,
                1.3887759274257452e-11,
                7.433581868066898e-12,
                1.3007124768413138e-05,
                0.9999869928533001
            ]
        ],
        [
            [
                0.9999999999191926,
                7.99195988624817e-11,
                0.0,
                0.0,
                8.87826547101023e-13
            ],
            [
                0.9999999936504922,
                6.348800070917908e-09,
                2.882350772957318e-13,
                0.0,
                4.193795628571035e-13
            ],
            [
                2.460331165400648e-10,
                2.101267390526602e-07,
                0.9994456416545467,
                0.0005527777742233434,
                1.3701984577072027e-06
            ],
            [
                1.1398114359963666e-12,
                2.5941988709679355e-11,
                7.43250420541603e-12,
                0.00015843624841556177,
                0.9998415637170701
            ],
            [
                7.834878072231496e-13,
                3.331474929698492e-11,
                9.544835479780825e-12,
                2.1444939764283976e-05,
                0.9999785550165926
            ]
        ],
        [
            [
                0.9999999991380486,
                8.592166596139258e-10,
                0.0,
                0.0,
                2.734698284260386e-12
            ],
            [
                0.9999999965951718,
                3.398267800920201e-09,
                0.0,
                0.0,
                6.560200132295843e-12
            ],
            [
                5.109069701558507e-12,
                2.9023121977013194e-06,
                0.9999970968199684,
                8.592134116990521e-10,
                3.5114088304769535e-12
            ],
            [
                6.101774191753407e-13,
                1.78319980548817e-11,
                5.7892021664466375e-12,
                2.7535689833367515e-05,
                0.9999724642859353
            ],
            [
                6.101925520762732e-13,
                8.423448352922523e-12,
                1.87952537998963e-12,
                1.067703076074513e-06,
                0.9999989322860108
            ]
        ],
        [
            [
                0.9999999997210531,
                2.789468087610273e-10,
                0.0,
                0.0,
                0.0
            ],
            [
                0.9999999585974495,
                4.139937544242053e-08,
                1.463778452411826e-12,
                4.193795481565737e-13,
                1.2917799503235092e-12
            ],
            [
                0.022977345678095056,
                0.977021597181237,
                1.0431696271858234e-06,
                1.313156765000199e-08,
                8.394730341558184e-10
            ],
            [
                3.0974837058969665e-12,
                9.052174282888423e-11,
                1.1623221855515863e-10,
                0.00043055711930289816,
                0.9995694426708457
            ],
            [
                1.65865631267299e-12,
                2.5945750121528497e-11,
                9.544908055481785e-12,
                1.3007124768215197e-05,
                0.9999869928380825
            ]
        ],
        [
            [
                0.9999999992400852,
                7.582560408348776e-10,
                0.0,
                0.0,
                1.6586783546348138e-12
            ],
            [
                0.9999999123493007,
                8.764249130056018e-08,
                3.0988194606916063e-12,
                0.0,
                5.109089558901751e-12
            ],
            [
                0.0,
                4.599055375702327e-10,
                0.999999999527756,
                1.2256067436238028e-11,
                8.258073280258912e-14
            ],
            [
                3.5046575960616327e-12,
                1.490218330242796e-10,
                6.212154229069465e-11,
                0.0019267343376287926,
                0.9980732654477231
            ],
            [
                1.5428113972731315e-13,
                3.5114225551033864e-12,
                6.914400976751992e-13,
                3.0590235898346416e-07,
                0.9999996940932838
            ]
        ],
        [
            [
                0.9999999988922352,
                1.1032560291146254e-09,
                0.0,
                0.0,
                4.508755229098932e-12
            ],
            [
                0.9999999950528149,
                4.944450468483767e-09,
                0.0,
                0.0,
                2.7346982730885046e-12
            ],
            [
                2.3449390037924513e-10,
                4.468662757158247e-08,
                0.04742565199725067,
                0.9525697449216959,
                4.558159932015238e-06
            ],
            [
                5.441492378665735e-12,
                2.0419049508451044e-10,
                2.6218578553456474e-10,
                0.06008665444695039,
                0.9399133450812318
            ],
            [
                3.5102437573115253e-12,
                7.050513059686965e-11,
                7.050513059686965e-11,
                0.0003353500556776307,
                0.9996646497998019
            ]
        ],
        [
            [
                0.9999999994043607,
                5.905303981634221e-10,
                0.0,
                0.0,
                5.109089013087398e-12
            ],
            [
                0.9999999981796122,
                1.8189616826789478e-09,
                5.384940203324525e-13,
                0.0,
                8.878265454669418e-13
            ],
            [
                2.940061278460962e-11,
                6.144172093745163e-06,
                0.9999938507991551,
                4.944422819089996e-09,
                5.492757598087703e-11
            ],
            [
                1.0020240244419291e-11,
                4.82802212501181e-10,
                1.0220922918856362e-09,
                0.1824255148261695,
                0.8175744836589157
            ],
            [
                1.4637534760058755e-12,
                2.594565117146787e-11,
                1.7832167881400294e-11,
                1.6701415105502297e-05,
                0.999983298539653
            ]
        ],
        [
            [
                0.9999999999283313,
                7.052879842819297e-11,
                0.0,
                0.0,
                1.1399918517039389e-12
            ],
            [
                0.9999999317405323,
                6.825604224415617e-08,
                1.6586785650049026e-12,
                4.752193653230812e-13,
                1.2917801652895724e-12
            ],
            [
                5.789356439948628e-12,
                6.47594612430378e-07,
                0.9999993489753842,
                3.398267884778403e-09,
                2.5946095481209054e-11
            ],
            [
                2.4715567724595485e-11,
                9.274448365978152e-10,
                1.4507678171790671e-08,
                0.9525741099232139,
                0.047425874616947576
            ],
            [
                7.834982415628349e-13,
                1.5736982860162932e-11,
                5.789312460321305e-12,
                7.88926504643854e-06,
                0.9999921107126437
            ]
        ],
        [
            [
                0.9999999999275917,
                7.052879831935508e-11,
                0.0,
                0.0,
                1.8795288114286782e-12
            ],
            [
                0.9999999317412898,
                6.825604226086504e-08,
                1.2917801656057963e-12,
                3.701012139349114e-13,
                1.0060394045299032e-12
            ],
            [
                7.835042717180431e-13,
                5.602797104088459e-09,
                0.9999999254712189,
                6.825604188360456e-08,
                6.691586887374654e-10
            ],
            [
                1.6760976501881058e-11,
                4.898275337415826e-10,
                4.898275337415826e-10,
                0.06008665438619545,
                0.9399133446173885
            ],
            [
                1.0060259075151741e-12,
                1.57368929372162e-11,
                5.789279379517914e-12,
                1.3007124767608835e-05,
                0.9999869928527002
            ]
        ],
        [
            [
                0.999999999238645,
                7.582560399399085e-10,
                0.0,
                0.0,
                3.098819127069287e-12
            ],
            [
                0.9999999468391998,
                5.315784963299977e-08,
                1.2917799340403362e-12,
                0.0,
                1.6586782680750056e-12
            ],
            [
                1.416384536043981e-09,
                0.00015843609089526297,
                0.9998411674336953,
                3.927238015413722e-07,
                2.3352233120664438e-09
            ],
            [
                5.707934340322679e-12,
                2.427075441358349e-10,
                5.138118749675839e-10,
                0.014063627286413541,
                0.9859363719513591
            ],
            [
                1.4637758379054882e-12,
                2.0206802146138835e-11,
                5.78934574407356e-12,
                1.0677030761963142e-06,
                0.9999989322694639
            ]
        ],
        [
            [
                0.9999999992377648,
                7.582560399392411e-10,
                0.0,
                0.0,
                3.978962520871582e-12
            ],
            [
                0.9999999585989532,
                4.139937543356685e-08,
                8.878265102246116e-13,
                0.0,
                7.835041453057104e-13
            ],
            [
                7.323589983872153e-07,
                0.11919490902184342,
                0.8807377874584936,
                6.59248561169406e-05,
                6.463045476566742e-07
            ],
            [
                4.500069430887127e-12,
                1.1605832027354855e-10,
                5.482206866452875e-11,
                0.001926734335845291,
                0.9980732654887743
            ],
            [
                7.834878070160986e-13,
                2.940016305720199e-11,
                9.544835477258428e-12,
                2.1444939758616757e-05,
                0.9999785550205128
            ]
        ],
        [
            [
                0.9999999995906235,
                4.0586521140726545e-10,
                0.0,
                0.0,
                3.511422102645781e-12
            ],
            [
                0.9999999969986257,
                2.99896081293484e-09,
                0.0,
                0.0,
                2.413362762238811e-12
            ],
            [
                2.333442610066119e-09,
                0.0009110419500095169,
                0.9990787075580592,
                1.0120756960390405e-05,
                1.274015282184984e-07
            ],
            [
                3.5094807267102756e-12,
                7.987541317267982e-11,
                3.3297026057818645e-11,
                0.000552778586689323,
                0.9994472212966288
            ],
            [
                2.1296878742919923e-12,
                4.277592443395686e-11,
                2.0205915965178344e-11,
                4.539785619671223e-05,
                0.9999546020786917
            ]
        ],
        [
            [
                0.9999999998467115,
                1.4930946694532275e-10,
                0.0,
                0.0,
                3.978962517865258e-12
            ],
            [
                0.9999999881357812,
                1.1861119997535054e-08,
                0.0,
                0.0,
                3.098819098537967e-12
            ],
            [
                7.433681071905296e-12,
                6.47594634797169e-07,
                0.9999992643972698,
                8.764248690513456e-08,
                3.5817481227986496e-10
            ],
            [
                4.918379830438094e-12,
                2.0913483207751308e-10,
                1.2684668766886482e-10,
                0.03732688390748143,
                0.9626731157516187
            ],
            [
                7.834907766301005e-13,
                1.0815756550089546e-11,
                6.5600879556170485e-12,
                1.6701415106857143e-05,
                0.9999832985667338
            ]
        ],
        [
            [
                0.9999999998455815,
                1.4930946720150177e-10,
                0.0,
                0.0,
                5.109089013752807e-12
            ],
            [
                0.9999999468378573,
                5.315784963292841e-08,
                1.879528713602232e-12,
                0.0,
                2.4133626396596806e-12
            ],
            [
                0.0,
                6.224144620876612e-11,
                0.9999999999198326,
                1.783247290232699e-11,
                9.357622965786435e-14
            ],
            [
                1.1399071527522025e-12,
                3.331297011628989e-11,
                1.2255156830141682e-11,
                7.484619770035037e-05,
                0.9999251537555915
            ],
            [
                1.6586690808322535e-12,
                2.2897220376484565e-11,
                7.433639090873594e-12,
                6.144172125154398e-06,
                0.9999938557958854
            ]
        ],
        [
            [
                0.9999999993273301,
                6.691586064051751e-10,
                0.0,
                0.0,
                3.511422099081731e-12
            ],
            [
                0.9999999907608917,
                9.237449561796585e-09,
                0.0,
                0.0,
                1.6586783409269655e-12
            ],
            [
                4.0140234243369964e-10,
                2.4833883554338984e-08,
                0.01098683218216499,
                0.9890031238884237,
                1.0018694125490225e-05
            ],
            [
                2.1292289522399752e-12,
                5.491353843979779e-11,
                4.846102758308167e-11,
                0.00026119032840268223,
                0.9997388095660935
            ],
            [
                1.139985476368438e-12,
                2.5945949850289737e-11,
                8.423416636852568e-12,
                6.144172125425788e-06,
                0.9999938557923652
            ]
        ],
        [
            [
                0.9999999996383138,
                3.5817479206222067e-10,
                0.0,
                0.0,
                3.5114221039052255e-12
            ],
            [
                0.9999999881367249,
                1.1861119997546248e-08,
                6.91440001728442e-13,
                0.0,
                1.4637784951457794e-12
            ],
            [
                3.1608576467016974e-10,
                2.90229854850817e-06,
                0.9999922757694679,
                4.785081350847528e-06,
                3.6534546958630574e-08
            ],
            [
                2.2853239409486566e-11,
                9.717444668978449e-10,
                2.331093793690468e-09,
                0.11920292327885652,
                0.880797073395452
            ],
            [
                1.0060182580310941e-12,
                2.0206416867084477e-11,
                5.789235359776357e-12,
                2.1444939761973775e-05,
                0.9999785550332363
            ]
        ],
        [
            [
                0.9999999998665763,
                1.3176514244369834e-10,
                0.0,
                0.0,
                1.6586783556758519e-12
            ],
            [
                0.9999999585990573,
                4.139937543830739e-08,
                7.835041453954275e-13,
                0.0,
                7.835041453954275e-13
            ],
            [
                0.0,
                1.3176514263926482e-10,
                0.9999999998479079,
                2.020683908076173e-11,
                1.2015425726146403e-13
            ],
            [
                3.3251263568839125e-11,
                8.575613901165391e-10,
                1.6021356003351813e-09,
                0.7772998542913218,
                0.22270014321573003
            ],
            [
                1.1399767008908148e-12,
                2.940038661365444e-11,
                1.3887759273945023e-11,
                1.300712476812052e-05,
                0.9999869928308037
            ]
        ],
        [
            [
                0.9999999995901558,
                4.058652111019891e-10,
                0.0,
                0.0,
                3.978962520684905e-12
            ],
            [
                0.9999999317419457,
                6.825604224425265e-08,
                1.0060394042850497e-12,
                0.0,
                1.0060394042850497e-12
            ],
            [
                4.277633480175121e-11,
                1.8553244000541546e-07,
                0.9999643137072042,
                3.535622476985667e-05,
                1.44492809561366e-07
            ],
            [
                8.878249730285814e-13,
                1.5737074192556848e-11,
                5.10907996561499e-12,
                1.3709566545912891e-06,
                0.9999986290216114
            ],
            [
                1.1399875414333321e-12,
                1.7832405463202325e-11,
                7.433652557116588e-12,
                2.9023121995218837e-06,
                0.9999970976613944
            ]
        ],
        [
            [
                0.9999999994757598,
                5.211412472984768e-10,
                0.0,
                0.0,
                3.0988191298597194e-12
            ],
            [
                0.9999999895279469,
                1.0467401668326905e-08,
                1.1399918392763533e-12,
                0.0,
                3.51142207096808e-12
            ],
            [
                0.0,
                1.0815941555523916e-11,
                0.9999999999864224,
                2.7346982911464277e-12,
                2.6810038673451026e-14
            ],
            [
                5.514788665971525e-12,
                2.6571739843167733e-10,
                5.625237368941375e-10,
                0.047425875434680256,
                0.9525741237315638
            ],
            [
                6.914360936417698e-13,
                1.5737012955164604e-11,
                7.433638560071792e-12,
                4.785094847550279e-06,
                0.9999952148812904
            ]
        ],
        [
            [
                0.9999999996829059,
                3.160881448833663e-10,
                0.0,
                0.0,
                1.0060392775391436e-12
            ],
            [
                0.9999999865574605,
                1.3440409751421975e-08,
                0.0,
                0.0,
                2.1297851393089915e-12
            ],
            [
                3.849082654136011e-09,
                0.0004305571442272485,
                0.9995693778237065,
