{
    "[['A', 'B', 'C', 'D', 'E'], ['A', 'B', 'C', 'D', 'E']]": [
        [
            [
                0.9999999998752942,
                1.162823301744938e-10,
                0.0,
                0.0,
                8.423463745216939e-12
            ],
            [
                0.999999997337659,
                2.6465736264080407e-09,
                3.511422096790328e-12,
                0.0,
                1.2256067386208013e-11
            ],
            [
                2.594609552645649e-11,
                6.475946135597193e-07,
                0.9999993507448114,
                1.6052280888226337e-09,
                2.940077800892828e-11
            ],
            [
                4.508730023071706e-12,
                2.2897220382672735e-11,
                8.423416638757004e-12,
                6.144172126814914e-06,
                0.9999938557920438
            ],
            [
                2.7346775707517434e-12,
                2.289717496298524e-11,
                5.109050316437514e-12,
                7.889265049696067e-06,
                0.9999921107042095
            ]
        ],
        [
            [
                0.9999999997442852,
                2.461696947698631e-10,
                0.0,
                0.0,
                9.545034906878241e-12
            ],
            [
                0.9999999987388384,
                1.2501528632472156e-09,
                1.4637785104499007e-12,
                0.0,
                9.545034898870044e-12
            ],
            [
                6.431393934135004e-14,
                6.691586083679766e-10,
                0.9999999992681654,
                6.224144615826575e-11,
                3.701011674382032e-13
            ],
            [
                1.5654952433299543e-11,
                1.1567532175574123e-10,
                1.485300532179042e-10,
                0.00522012570170636,
                0.9947798740184334
            ],
            [
                3.971297334799532e-12,
                3.767862004021263e-11,
                3.767862004021263e-11,
                0.0019267343361490136,
                0.9980732655845225
            ]
        ],
        [
            [
                0.9999999997102371,
                2.789468089945509e-10,
                0.0,
                0.0,
                1.0815941545950382e-11
            ],
            [
                0.9999999969813271,
                2.9989608115560713e-09,
                1.8795288082028435e-12,
                0.0,
                1.7832472829054348e-11
            ],
            [
                1.9171606295197932e-10,
                4.78509478929967e-06,
                0.9999952026062735,
                1.1861052812944577e-08,
                2.4616829761764856e-10
            ],
            [
                2.2485503165123238e-11,
                2.133365141782928e-10,
                5.799087698376488e-10,
                0.017986211581028325,
                0.9820137876032409
            ],
            [
                3.5113487425973867e-12,
                2.2896870018876138e-11,
                1.3887653677903364e-11,
                2.1444939765641394e-05,
                0.9999785550199385
            ]
        ],
        [
            [
                0.9999999998250209,
                1.6918979213199667e-10,
                0.0,
                0.0,
                5.789356324298845e-12
            ],
            [
                0.9999999993200255,
                6.691586082264942e-10,
                0.0,
                0.0,
                1.0815941542693549e-11
            ],
            [
                1.2501410052398921e-09,
                1.0129987826048483e-05,
                0.9999898427930711,
                2.51097533199368e-08,
                8.592085098783464e-10
            ],
            [
                4.3851759660267026e-11,
                4.71450846340182e-10,
                1.2815362686181543e-09,
                0.09534946999879093,
                0.9046505282043702
            ],
            [
                1.2241722986969686e-11,
                1.0249869164794829e-10,
                1.3161092525320514e-10,
                0.0011695103479408356,
                0.9988304894057077
            ]
        ],
        [
            [
                0.9999999999169815,
                7.991959887570957e-11,
                0.0,
                0.0,
                3.09881913663462e-12
            ],
            [
                0.9999999965880124,
                3.3982678041510643e-09,
                1.4637785075165924e-12,
                0.0,
                1.2256067388760353e-11
            ],
            [
                1.6051700047630064e-09,
                3.535625592309922e-05,
                0.9999645993244692,
                4.139788004772034e-08,
                1.4165575573250534e-09
            ],
            [
                1.570678564534525e-11,
                1.1605832026733469e-10,
                1.315113060764646e-10,
                0.0019267343341009754,
                0.9980732654026226
            ],
            [
                1.6586563130471865e-12,
                1.7832235892739095e-11,
                5.7892793810938705e-12,
                1.3007124771149634e-05,
                0.9999869928499487
            ]
        ],
        [
            [
                0.99999999977194,
                2.1724399327169736e-10,
                0.0,
                0.0,
                1.0815941545525771e-11
            ],
            [
                0.9999999969856843,
                2.9989608096361735e-09,
                3.098819122993864e-12,
                0.0,
                1.2256067381894189e-11
            ],
            [
                1.955564410817854e-08,
                2.2603251327121293e-06,
                0.9999976777463061,
                4.139929890188552e-08,
                9.736181901915006e-10
            ],
            [
                2.734359381457935e-12,
                3.331131665100418e-11,
                1.2254548554256379e-11,
                0.00012339462824427898,
                0.9998766053234556
            ],
            [
                7.835027462712639e-13,
                6.5601881761954794e-12,
                1.463775838358333e-12,
                1.067703076526627e-06,
                0.999998932288116
            ]
        ],
        [
            [
                0.9999999998250209,
                1.6918979210361915e-10,
                0.0,
                0.0,
                5.789356323327821e-12
            ],
            [
                0.999999999777647,
                2.1724399315184709e-10,
                0.0,
                0.0,
                5.109089019689723e-12
            ],
            [
                1.5221558455417366e-08,
                0.0005527785525800661,
                0.999447039182297,
                1.6364717566682416e-07,
                3.396388775865963e-09
            ],
            [
                1.9922648040720994e-11,
                5.138118650207947e-10,
                1.92806479910236e-08,
                0.9859363531981196,
                0.014063626987497906
            ],
            [
                6.560063093500355e-12,
                2.594555284199361e-11,
                6.560063093500355e-12,
                2.1444939765667774e-05,
                0.9999785550211686
            ]
        ],
        [
            [
                0.9999999998017226,
                1.9171715123790627e-10,
                0.0,
                0.0,
                6.560200163434248e-12
            ],
            [
                0.999999998885928,
                1.103256029107667e-09,
                0.0,
                0.0,
                1.0815941525562173e-11
            ],
            [
                0.00024137822835513308,
                0.9239059326007334,
                0.07583882212755401,
                1.3617627804057813e-05,
                2.494155533803091e-07
            ],
            [
                1.974255134024716e-11,
                2.1225242978578665e-10,
                4.493383973825909e-10,
                0.022977367840197035,
                0.9770226314784696
            ],
            [
                1.2917801689074168e-12,
                6.560201001631126e-12,
                1.4637787000998428e-12,
                1.8553915983445583e-07,
                0.9999998144515244
            ]
        ],
        [
            [
                0.9999999998762841,
                1.16282330187912e-10,
                0.0,
                0.0,
                7.43368066504538e-12
            ],
            [
                0.999999998886193,
                1.1032560298975657e-09,
                1.0060392770528644e-12,
                0.0,
                9.545034901678684e-12
            ],
            [
                0.0,
                6.224144619133246e-11,
                0.9999999999147069,
                2.2897348442569788e-11,
                1.542811202256274e-13
            ],
            [
                4.838030265585891e-11,
                8.575613836997763e-10,
                1.0447236377855038e-08,
                0.22270014158207466,
                0.7772998470647472
            ],
            [
                7.428408140741727e-12,
                6.219729986240053e-11,
                4.2747537365175096e-11,
                0.00070967034317674,
                0.99929032954445
            ]
        ],
        [
            [
                0.9999999998631259,
                1.3176514261425117e-10,
                0.0,
                0.0,
                5.109089024701466e-12
            ],
            [
                0.9999999991323598,
                8.592166594009424e-10,
                0.0,
                0.0,
                8.423463729798058e-12
            ],
            [
                3.3315319642709823e-11,
                3.7266391024922348e-06,
                0.9999962698960119,
                3.3982549896929373e-09,
                3.3315319642709823e-11
            ],
            [
                1.056742623164668e-11,
                2.40513512440861e-10,
                5.769619228596297e-10,
                0.022977367817704042,
                0.977022631354253
            ],
            [
                8.410813292901226e-12,
                1.1610769606701423e-10,
                1.490852328231016e-10,
                0.0015011820292809596,
                0.9984988176971152
            ]
        ],
        [
            [
                0.9999999998233766,
                1.6918979210334096e-10,
                0.0,
                0.0,
                7.433680665402593e-12
            ],
            [
                0.999999999019036,
                9.73620029607617e-10,
                7.835041771437527e-13,
                0.0,
                6.560200156744147e-12
            ],
            [
                8.878265392734594e-13,
                9.237449572777386e-09,
                0.9999999904761555,
                2.78946806593491e-10,
                6.5602001048110475e-12
            ],
            [
                2.566103830048544e-11,
                2.1485724312887206e-10,
                3.126154441210443e-10,
                0.010986942384768569,
                0.9890130570620977
            ],
            [
                2.413132735940404e-12,
                2.289516593667167e-11,
                1.2254899225442204e-11,
                9.610239975630022e-05,
                0.9999038975626805
            ]
        ],
        [
            [
                0.9999999998441302,
                1.4930946749653187e-10,
                0.0,
                0.0,
                6.5602001627414284e-12
            ],
            [
                0.9999999993234079,
                6.691586076023786e-10,
                0.0,
                0.0,
                7.433680655389866e-12
            ],
            [
                2.1724359852719013e-10,
                1.7603431115943136e-06,
                0.9999982272624587,
                1.186109858612768e-08,
                3.1608757073782497e-10
            ],
            [
                2.2777821382156206e-11,
                2.448846580296533e-10,
                1.4853005318822826e-10,
                0.005220125702747823,
                0.9947798738810597
            ],
            [
                3.978583270490204e-12,
                5.492264791292747e-11,
                2.289516593507456e-11,
                9.610239974959634e-05,
                0.999903897518454
            ]
        ],
        [
            [
                0.9999999999236819,
                7.052879846408958e-11,
                0.0,
                0.0,
                5.7893563248700294e-12
            ],
            [
                0.9999999927996693,
                7.1941329715208944e-09,
                3.0988191133922304e-12,
                0.0,
                3.0988191133922304e-12
            ],
            [
                3.3315447808173026e-11,
                2.3823698381597922e-07,
                0.9999997590346533,
                2.6465738284930016e-09,
                4.8473690535052524e-11
            ],
            [
                1.0117555702769018e-10,
                5.138118749067207e-10,
                5.138118749067207e-10,
                0.01406362727541829,
                0.9859363715957824
            ],
            [
                3.9785832706119055e-12,
                2.939797498081835e-11,
                1.7830773159331247e-11,
                9.610239975253603e-05,
                0.9999038975490402
            ]
        ],
        [
            [
                0.9999999998762841,
                1.1628233019965193e-10,
                0.0,
                0.0,
                7.43368066579589e-12
            ],
            [
                0.9999999993242812,
                6.69158607602963e-10,
                0.0,
                0.0,
                6.5602001531903116e-12
            ],
            [
                6.431393940239341e-14,
                2.0206839086412112e-11,
                0.9999999999607565,
                1.7832472904784022e-11,
                1.1399918528294066e-12
            ],
            [
                1.767949876136625e-11,
                1.9007252430666913e-10,
                3.5510222515487244e-10,
                0.008577485684458918,
                0.9914225137526868
            ],
            [
                3.098777952048567e-12,
                1.7832235895206242e-11,
                9.544908058955706e-12,
                1.3007124772949211e-05,
                0.9999869928447511
            ]
        ],
        [
            [
                0.9999999996781226,
                3.1608814488185436e-10,
                0.0,
                0.0,
                5.789356318665936e-12
            ],
            [
                0.9999999976541039,
                2.335593031046298e-09,
                1.8795288102999567e-12,
                0.0,
                8.423463726506823e-12
            ],
            [
                1.0621285369108026e-06,
                0.005220116317103987,
                0.9947778621854406,
                9.373251439704914e-07,
                2.2043774520345164e-08
            ],
            [
                3.874276017884257e-11,
                7.781691400783471e-10,
                5.7499354304955314e-09,
                0.377540673698849,
                0.6224593197343036
            ],
            [
                3.978583270448618e-12,
                4.846906666439617e-11,
                1.0814910607071638e-11,
                9.610239981186051e-05,
                0.9999038975369255
            ]
        ],
        [
            [
                0.9999999998250209,
                1.6918979206718177e-10,
                0.0,
                0.0,
                5.789356322081002e-12
            ],
            [
                0.9999999992333204,
                7.582560409926774e-10,
                0.0,
                0.0,
                8.42346373448897e-12
            ],
            [
                2.9400780438768774e-11,
                8.764249127420798e-08,
                0.9999999102047127,
                2.0611538359743194e-09,
                6.224145267729909e-11
            ],
            [
                8.4188066131046e-12,
                5.489751513309407e-11,
                5.489751513309407e-11,
                0.0005527785848016305,
                0.9994472212969846
            ],
            [
                1.8795183036725287e-12,
                2.0206726066255223e-11,
                5.78932394682196e-12,
                6.144172127042862e-06,
                0.9999938557999974
            ]
        ],
        [
            [
                0.9999999993212965,
                6.691586081677242e-10,
                0.0,
                0.0,
                9.545034909124798e-12
            ],
            [
                0.9999999990189319,
                9.736200296942628e-10,
                8.878265463808509e-13,
                0.0,
                6.560200157327962e-12
            ],
            [
                3.037975384599144e-14,
                9.056076987156987e-11,
                0.9999999998913784,
                1.7832472903192327e-11,
                1.981008797498633e-13
            ],
            [
                3.33010881648513e-11,
                2.1715037243316117e-10,
                1.0257457285267982e-10,
                0.000430557117828067,
                0.9995694425291459
            ],
            [
                1.6586657911751691e-12,
                1.0815859605332517e-11,
                3.978932387398503e-12,
                7.889265050104035e-06,
                0.9999921107184965
            ]
        ],
        [
            [
                0.9999999998017226,
                1.9171715120952886e-10,
                0.0,
                0.0,
                6.560200162463225e-12
            ],
            [
                0.999999814451277,
                1.8553915957688447e-07,
                7.433681606486081e-12,
                0.0,
                2.129785438589626e-12
            ],
            [
                1.0462890711217323e-08,
                0.00043055690960575206,
                0.999569189550889,
                2.3813429496234154e-07,
                4.942319616963711e-09
            ],
            [
                3.978150934597154e-12,
                2.939478042575176e-11,
                4.84637997354967e-11,
                0.0002034270616352859,
                0.9997965728565279
            ],
            [
                6.55848689598179e-12,
                3.330674470765002e-11,
                2.2891368548995817e-11,
                0.0002611903277464979,
                0.9997388096094969
            ]
        ],
        [
            [
                0.9999999998199942,
                1.6918979206633132e-10,
                0.0,
                0.0,
                1.0815941544808144e-11
            ],
            [
                0.9999999778294505,
                2.2159489260502988e-08,
                3.978962443747456e-12,
                1.2917799748888205e-12,
                5.789356194740807e-12
            ],
            [
                4.5990377750092645e-10,
                6.475927388067082e-07,
                0.9999963371033139,
                2.902309299540317e-06,
                1.1253474397231578e-07
            ],
            [
                2.2840730103854193e-11,
                2.455609905261476e-10,
                2.782570565482617e-10,
                0.002472622965014362,
                0.9975273764883269
            ],
            [
                2.2876482084077666e-11,
                1.6903560946543184e-10,
                1.0252527972399544e-10,
                0.0009110514047046881,
                0.999088948300858
            ]
        ],
        [
            [
                0.9999999998624456,
                1.3176514258291806e-10,
                0.0,
                0.0,
                5.7893563235444854e-12
            ],
            [
                0.9999999987399599,
                1.2501528632486176e-09,
                1.4637785104515423e-12,
                0.0,
                8.423463733324129e-12
            ],
            [
                5.492788518574733e-11,
                5.043471969755583e-07,
                0.9999994796987364,
                1.522998020947657e-08,
                6.691586295495805e-10
            ],
            [
                2.3107910168501914e-10,
                2.8151197607225293e-09,
                1.2616491463322868e-08,
                0.7310585789839936,
                0.2689414053533161
            ],
            [
                2.7346619442543945e-12,
                2.5945750128828298e-11,
                1.783223589373318e-11,
                1.3007124771874735e-05,
                0.9999869928287155
            ]
        ],
        [
            [
                0.9999999999254923,
                7.052879843719841e-11,
                0.0,
                0.0,
                3.9789625316667786e-12
            ],
            [
                0.999999999471425,
                5.211412478618855e-10,
                0.0,
                0.0,
                7.433680659129693e-12
            ],
            [
                2.6465535852100946e-09,
                7.889265047965953e-06,
                0.9999919917033636,
                1.1253432201427859e-07,
                3.850712744807708e-09
            ],
            [
                8.423239451599325e-12,
                4.847239628881052e-11,
                1.2255741085350346e-11,
                2.7535689839677945e-05,
                0.9999724642410089
            ],
            [
                3.978924893975847e-12,
                2.940049925501922e-11,
                2.0206647929076676e-11,
                1.0129988105001459e-05,
                0.999989869958309
            ]
        ],
        [
            [
                0.9999999998008493,
                1.917171511261375e-10,
                0.0,
                0.0,
                7.433680662670513e-12
            ],
            [
                0.999999999322418,
                6.691586077279324e-10,
                0.0,
                0.0,
                8.423463736828307e-12
            ],
            [
                6.560200839464546e-12,
                8.764249116296483e-08,
                0.9999999089099026,
                3.398268167242658e-09,
                4.277788306718607e-11
            ],
            [
                3.0985237666579414e-12,
                3.3312269872710505e-11,
                1.7830773159277144e-11,
                9.610239975224443e-05,
                0.9999038975460063
            ],
            [
                1.879511035722174e-12,
                1.3887812481510391e-11,
                2.1297650226506096e-12,
                1.0129988104674819e-05,
                0.9999898699939983
            ]
        ],
        [
            [
                0.9999999998422671,
                1.4930946748295057e-10,
                0.0,
                0.0,
                8.423463746752847e-12
            ],
            [
                0.9999999988868569,
                1.1032560295525899e-09,
                1.4637785104229123e-12,
                0.0,
                8.423463733159373e-12
            ],
            [
                1.0261861165003254e-10,
                1.370956619283592e-06,
                0.9999986033096755,
                2.51099463709181e-08,
                5.211403109725149e-10
            ],
            [
                8.422130645228354e-12,
                7.051763652411214e-11,
                3.774537086167918e-11,
                0.00015843624734161567,
                0.9998415636359732
            ],
            [
                2.734599519188608e-12,
                2.0206109255393407e-11,
                1.0815550904852666e-11,
                3.535625751915847e-05,
                0.9999646437087246
            ]
        ],
        [
            [
                0.9999999998624456,
                1.3176514258291806e-10,
                0.0,
                0.0,
                5.7893563235444854e-12
            ],
            [
                0.9999999994029094,
                5.905303985938679e-10,
                0.0,
                0.0,
                6.560200153706128e-12
            ],
            [
                1.493094721851844e-10,
                5.043471970062383e-07,
                0.9999994798136078,
                1.5229980210403025e-08,
                4.599055519278631e-10
            ],
            [
                1.5654952432529816e-11,
                1.6830660002952615e-10,
                1.485300532106012e-10,
                0.005220125697986831,
                0.9947798739695216
            ],
            [
                2.413358491492481e-12,
                1.2256045706735619e-11,
                2.129781393568346e-12,
                1.3709566548507529e-06,
                0.9999986290265459
            ]
        ],
        [
            [
                0.999999999975639,
                2.289734843360441e-11,
                0.0,
                0.0,
                1.4637785126650857e-12
            ],
            [
                0.9999999881253475,
                1.1861119995668937e-08,
                5.1090889610075265e-12,
                0.0,
                8.423463643912325e-12
            ],
            [
                5.1090892137909215e-12,
                3.927863688268266e-07,
                0.999999604524197,
                2.6465737351183936e-09,
                3.77513468151426e-11
            ],
            [
                6.15069285898128e-11,
                5.835614905659116e-10,
                1.2353996852225522e-09,
                0.32082128740527915,
                0.6791787107142527
            ],
            [
                4.505557290339123e-12,
                3.772456931889392e-11,
                4.274753736631691e-11,
                0.0007096703438806658,
                0.9992903295711417
            ]
        ],
        [
            [
                0.9999999997987379,
                1.917171511918751e-10,
                0.0,
                0.0,
                9.545034913681992e-12
            ],
            [
                0.9999999987414074,
                1.2501528630423318e-09,
                1.0060392765919592e-12,
                0.0,
                7.433680652465595e-12
            ],
            [
                2.461697001193886e-10,
                5.043471917012663e-07,
                0.9999994691933904,
                2.5109992061114226e-08,
                1.1032560544734628e-09
            ],
            [
                7.215780478633683e-12,
                1.8609743131180874e-10,
                2.3895383178466356e-10,
                0.02931222794416597,
                0.970687771623567
            ],
            [
                3.5094807281471683e-12,
                4.275422777585811e-11,
                6.220703435250459e-11,
                0.0005527785842878753,
                0.9994472213072414
            ]
        ],
        [
            [
                0.9999999998624456,
                1.3176514247131668e-10,
                0.0,
                0.0,
                5.789356318641064e-12
            ],
            [
                0.9999999981714749,
                1.8189616813071806e-09,
                2.129785163642629e-12,
                0.0,
                7.433680646826765e-12
            ],
            [
                3.442477107078383e-14,
                1.3176514264768966e-10,
                0.9999999998419278,
                2.5946094972276166e-11,
                3.26613134146714e-13
            ],
            [
                3.0974837063612786e-12,
                3.330108817074676e-11,
                2.288748087182712e-11,
                0.0004305571200331581,
                0.9995694428206807
            ],
            [
                8.87821581807455e-13,
                7.433639092220813e-12,
                2.1297732580486923e-12,
                6.144172126267924e-06,
                0.9999938558174225
            ]
        ],
        [
            [
                0.9999999997743325,
                2.1724399331350615e-10,
                0.0,
                0.0,
                8.423463746931113e-12
            ],
            [
                0.9999991684653219,
                8.315279898167273e-07,
                4.508755587802794e-12,
                8.87826615880519e-13,
                1.2917801037756867e-12
            ],
            [
                1.0261861043686973e-10,
                1.7603431235255593e-06,
                0.9999982338351894,
                5.602786288824995e-09,
                1.1628211967240621e-10
            ],
            [
                2.733780587474544e-12,
                4.845742036800486e-11,
                4.845742036800486e-11,
                0.00033535005537327155,
                0.9996646498449782
            ],
            [
                3.97885658283451e-12,
                2.93999945001637e-11,
                8.423239451960109e-12,
                2.7535689840857343e-05,
                0.9999724642683571
            ]
        ],
        [
            [
                0.9999999998008493,
                1.9171715115099091e-10,
                0.0,
                0.0,
                7.433680663634184e-12
            ],
            [
                0.9999999961357073,
                3.850741902432228e-09,
                2.734698277150202e-12,
                0.0,
                1.0815941500167772e-11
            ],
            [
                2.3354550049641145e-09,
                5.8291274099952725e-05,
                0.9999416637434356,
                4.1396930479579236e-08,
                1.2500789821989175e-09
            ],
            [
                1.2720451710784853e-10,
                1.5496682614405663e-09,
                4.773314289122745e-09,
                0.1480472028216624,
                0.8519527907281506
            ],
            [
                1.4637729783230208e-12,
                1.2256021093389388e-11,
                3.09880741942702e-12,
                2.9023122003452302e-06,
                0.9999970976709811
            ]
        ],
        [
            [
                0.9999999999754441,
                2.289734843063163e-11,
                0.0,
                0.0,
                1.6586783570435542e-12
            ],
            [
                0.9999999987386434,
                1.2501528632469718e-09,
                1.6586783547484449e-12,
                0.0,
                9.545034898868183e-12
            ],
            [
                1.4228792639585244e-05,
                0.8519366755428369,
                0.14804439164447247,
                4.619412637971675e-06,
                8.460741306718886e-08
            ],
            [
                1.192014411029046e-10,
                8.807861353827397e-10,
                3.483576741923446e-09,
                0.09534946975987377,
                0.9046505257565619
            ],
            [
                4.5561057753635336e-11,
                5.550473109269246e-10,
                2.4875494669017314e-09,
                0.060086654294813545,
                0.9399133426170286
            ]
        ],
        [
            [
                0.9999999998008493,
                1.917171511922799e-10,
                0.0,
                0.0,
                7.433680665235131e-12
            ],
            [
                0.9999999976548435,
                2.3355930295728467e-09,
                2.129785162542315e-12,
                0.0,
                7.433680642986291e-12
            ],
            [
                1.9171606382073413e-10,
                4.785094810983164e-06,
                0.9999952073700722,
                7.194092220121445e-09,
                1.4930862063095518e-10
            ],
            [
                5.928956554307405e-11,
                6.374229009503274e-10,
                2.521056478205148e-09,
                0.04742587529164775,
                0.9525741214905833
            ],
            [
                2.129740669098801e-12,
                1.783210029865983e-11,
                1.388765367640411e-11,
                2.144493976332629e-05,
                0.9999785550263872
            ]
        ],
        [
            [
                0.9999999998455815,
                1.4930946746837107e-10,
                0.0,
                0.0,
                5.109089022884573e-12
            ],
            [
                0.9999999995343052,
                4.599055369995498e-10,
                0.0,
                0.0,
                5.789356317833325e-12
            ],
            [
                4.058629290033588e-10,
                6.144171922715739e-06,
                0.9999938229632857,
                3.224168596023766e-08,
                2.1724277116123936e-10
            ],
            [
                3.869904201334517e-11,
                4.714508456125875e-10,
                2.7130122977673604e-09,
                0.09534946993054959,
                0.9046505268462882
            ],
            [
                3.978932387477945e-12,
                2.289717496462645e-11,
                1.0815859605548461e-11,
                7.88926505026155e-06,
                0.9999921106972578
            ]
        ],
        [
            [
                0.9999999998250209,
                1.6918979206718177e-10,
                0.0,
                0.0,
                5.789356322081002e-12
            ],
            [
                0.999992110715457,
                7.889265047008164e-06,
                1.573698286129918e-11,
                1.8795145746874555e-12,
                1.8795145746874555e-12
            ],
            [
                3.3188797764866064e-05,
                0.7310316867396787,
                0.26893152075644056,
                3.4980735485574195e-06,
                1.0563256744614409e-07
            ],
            [
                1.7511727425802863e-11,
                3.1040279572178744e-10,
                2.9450197286754775e-09,
                0.9820137852399271,
                0.017986211487138654
            ],
            [
                6.539387192200419e-12,
                9.027345562614766e-11,
                7.966604497568324e-11,
                0.0031726830757458227,
                0.9968273167477754
            ]
        ],
        [
            [
                0.9999999998608013,
                1.3176514256939833e-10,
                0.0,
                0.0,
                7.433680664930288e-12
            ],
            [
                0.9999999985749515,
                1.4166087828534824e-09,
                1.0060392765919592e-12,
                0.0,
                7.433680652465595e-12
            ],
            [
                2.9987837270843117e-09,
                5.82912768442488e-05,
                0.9999415913769886,
                1.1252852917435527e-07,
                1.8188542723239573e-09
            ],
            [
                1.9922648433086967e-11,
                2.141886560056814e-10,
                3.5313739309923967e-10,
                0.014063627291134043,
                0.9859363721216173
            ],
            [
                2.7346829953689804e-12,
                2.0206726065573102e-11,
                9.544981533776775e-12,
                6.1441721268354535e-06,
                0.9999938557953868
            ]
        ],
        [
            [
                0.9999999998008493,
                1.917171511922799e-10,
                0.0,
                0.0,
                7.433680665235131e-12
            ],
            [
                0.999999997340197,
                2.646573628120593e-09,
                2.4133627619953533e-12,
                0.0,
                1.081594151319546e-11
            ],
            [
                3.9789628533073196e-12,
                1.1253518369811995e-07,
                0.9999998863436933,
                1.1032561203692082e-09,
                1.3887944973043477e-11
            ],
            [
                1.5515774200465268e-11,
                3.116426555952877e-10,
                3.116426555952877e-10,
                0.014063627286106453,
                0.9859363720750924
            ],
            [
                2.1297650228403454e-12,
                2.020664793022528e-11,
                7.433610348519357e-12,
                1.0129988105577277e-05,
                0.9999898699821245
            ]
        ],
        [
            [
                0.9999999998455815,
                1.4930946749674857e-10,
                0.0,
                0.0,
                5.109089023855597e-12
            ],
            [
                0.99999999933015,
                6.691586083323161e-10,
                0.0,
                0.0,
                6.914400098705213e-13
            ],
            [
                3.7222807304167073e-06,
                0.9988265300751452,
                0.0011695058404583413,
                2.3795744590648134e-07,
                3.846220221079996e-09
            ],
            [
                7.422516679648939e-12,
                1.024646821515342e-10,
                1.024646821515342e-10,
                0.0015011820304996451,
                0.9984988177571485
            ],
            [
                2.7341404866189094e-12,
                2.9394780424225117e-11,
                1.5733892160872788e-11,
                0.00020342706207318107,
                0.9997965728900641
            ]
        ],
        [
            [
                0.9999999999350238,
                6.224144615636537e-11,
                0.0,
                0.0,
                2.734698288397112e-12
            ],
            [
                0.9999898699946689,
                1.012998810010372e-05,
                1.3887812475243595e-11,
                1.879511034874055e-12,
                1.4637646657512607e-12
            ],
            [
                0.0,
                1.3176514265528783e-10,
                0.9999999998451397,
                2.2897348448519824e-11,
                1.9810087973624066e-13
            ],
            [
                2.168250751508316e-10,
                2.6414701685540826e-09,
                3.4596464849545163e-07,
                0.7772996004276552,
                0.22270005074940102
            ],
            [
                1.0813735395041903e-11,
                1.0259786483243766e-10,
                5.4916679693208856e-11,
                0.00020342706170210624,
                0.9997965727699697
            ]
        ],
        [
            [
                0.9999999998199942,
                1.691897921027687e-10,
                0.0,
                0.0,
                1.0815941547137507e-11
            ],
            [
                0.9999999988874329,
                1.1032560297368687e-09,
                8.878265457482803e-13,
                0.0,
                8.42346373456636e-12
            ],
            [
                9.545035346847668e-12,
                1.4449803102977787e-07,
