{
    "[['A', 'B', 'C', 'D', 'E'], ['A', 'B', 'C', 'D', 'E']]": [
        [
            [
                0.9999999995894238,
                1.9171715120894492e-10,
                4.752193058634456e-13,
                1.1399918520520133e-12,
                2.1724399331879478e-10
            ],
            [
                0.9999999975967226,
                2.335593030912279e-09,
                3.978962522400692e-12,
                1.4637785091828791e-12,
                6.224144601889485e-11
            ],
            [
                4.847368884935523e-11,
                3.927863690255005e-07,
                0.99999960505553,
                2.0611536984089628e-09,
                4.847368884935523e-11
            ],
            [
                0.9999993366789902,
                1.5229979839852253e-08,
                9.056077046244956e-11,
                4.0586521518295446e-10,
                6.475946040350249e-07
            ],
            [
                0.9999937576982147,
                8.764199369681066e-08,
                1.2501458983423456e-09,
                9.237398174699645e-09,
                6.144172247458668e-06
            ]
        ],
        [
            [
                0.9999999993738264,
                5.211412479551355e-10,
                2.4133627679723314e-12,
                0.0,
                1.0261879615285001e-10
            ],
            [
                0.999999996877518,
                2.9989608121844846e-09,
                5.1090890064736534e-12,
                2.129785161955871e-12,
                1.1628232981083104e-10
            ],
            [
                5.905281634612529e-10,
                2.9023121849577087e-06,
                0.9999970926432807,
                4.3634457278136864e-09,
                9.056042692859693e-11
            ],
            [
                0.49354566729333765,
                0.0012233771736197983,
                7.820792345105574e-05,
                0.011607079451535567,
                0.493545668158056
            ],
            [
                0.9999999935580077,
                2.0611536071538417e-09,
                6.560200119505878e-12,
                1.0815941477078863e-11,
                4.363462220585957e-09
            ]
        ],
        [
            [
                0.9999999996724127,
                2.461696949142367e-10,
                8.878265468819252e-13,
                6.101936670979576e-13,
                7.991959884275916e-11
            ],
            [
                0.9999952115230683,
                4.785094827699386e-06,
                1.1032497777501681e-09,
                4.5990293056280067e-10,
                1.8189513754718913e-09
            ],
            [
                1.917168002383183e-10,
                2.26032526709873e-06,
                0.9999977368105013,
                2.6465687916052706e-09,
                2.5946047461469906e-11
            ],
            [
                0.989012791470157,
                2.079333666590746e-07,
                2.966013008119827e-09,
                5.9573963789245705e-08,
                0.010986938056499652
            ],
            [
                0.9999950203713538,
                1.8553827008044394e-07,
                2.6465587595422112e-09,
                6.3487644222980196e-09,
                4.785095053022621e-06
            ]
        ],
        [
            [
                0.9999999989693493,
                3.581747922113918e-10,
                1.6586783551311118e-12,
                1.6586783551311118e-12,
                6.691586076030588e-10
            ],
            [
                0.95953036190014,
                0.037205025426258344,
                0.00011841546710124056,
                0.0030539751479941864,
                9.222205850621234e-05
            ],
            [
                2.5108507218920587e-08,
                5.829127332237235e-05,
                0.9999416502750181,
                3.2239961444181676e-08,
                1.10319081506056e-09
            ],
            [
                0.9999036448818834,
                2.3821402774383067e-07,
                2.6463162858418936e-09,
                1.1859966774915238e-08,
                9.610239780573854e-05
            ],
            [
                0.9999999099474958,
                2.335593277365072e-09,
                2.5946097632990587e-11,
                4.847369201397642e-11,
                8.76424911465495e-08
            ]
        ],
        [
            [
                0.9999999990447981,
                7.582560411189671e-10,
                3.0988191318878298e-12,
                2.1297851662588533e-12,
                1.9171715095302684e-10
            ],
            [
                0.9890101193713488,
                0.010986910717502008,
                2.356186741229744e-07,
                2.2354877381918257e-06,
                4.988047370325932e-07
            ],
            [
                2.940077879300051e-11,
                1.444980314923665e-07,
                0.9999998541796369,
                1.2501529259228815e-09,
                4.2777880726904626e-11
            ],
            [
                0.9626415770456457,
                5.914673223160437e-06,
                3.336830296770756e-07,
                2.6507726338859344e-05,
                0.037325666871762544
            ],
            [
                0.0015011819031644721,
                5.307801496770717e-08,
                4.356908785583523e-09,
                1.442811411745487e-07,
                0.9984986163807705
            ]
        ],
        [
            [
                0.9999999898886797,
                8.592166523930454e-10,
                5.109088971429378e-12,
                9.545034817034484e-12,
                9.237449559574016e-09
            ],
            [
                0.9999999581368011,
                4.1399375423349975e-08,
                3.7751343833773706e-11,
                2.0206838228977288e-11,
                4.0586519534900344e-10
            ],
            [
                2.99895545986994e-09,
                1.3709566338084728e-06,
                0.9999986138251377,
                1.1861098932407176e-08,
                3.581741522719521e-10
            ],
            [
                0.9999865880921356,
                3.9278111507941206e-07,
                3.850690556823991e-09,
                8.151911972766657e-09,
                1.3007124146693867e-05
            ],
            [
                0.9999999995061968,
                2.461696948733194e-10,
                0.0,
                1.4637785122931713e-12,
                2.461696948733194e-10
            ]
        ],
        [
            [
                0.9999999998499272,
                1.1628233018484716e-10,
                4.752193057974814e-13,
                0.0,
                3.331544538803919e-11
            ],
            [
                0.999569374174686,
                0.00043055708713785073,
                2.844108412155962e-08,
                1.1856007768759699e-08,
                2.844108412155962e-08
            ],
            [
                2.5436656285819494e-13,
                7.194132977168421e-09,
                0.9999999927428327,
                6.224144576918e-11,
                5.384940177965077e-13
            ],
            [
                0.004053612609112589,
                4.746290131384033e-06,
                1.7460625611710898e-06,
                0.004053612609112589,
                0.9918862824290824
            ],
            [
                0.9999999991752859,
                6.6915860807002e-10,
                3.5114221078180354e-12,
                2.7346982872629286e-12,
                1.4930946738336397e-10
            ]
        ],
        [
            [
                0.9999999997596714,
                1.691897920925627e-10,
                6.101936671512023e-13,
                0.0,
                7.052879844069261e-11
            ],
            [
                0.9999645557837625,
                3.535625852666551e-05,
                9.237116285056652e-09,
                1.0467024029210335e-08,
                6.825357042262948e-08
            ],
            [
                2.2447770485395945e-13,
                2.646573631267624e-09,
                0.9999999973044016,
                4.8473686922743726e-11,
                3.2661313333570956e-13
            ],
            [
                0.999993812862766,
                4.139914381292177e-08,
                3.1608636359179116e-10,
                1.2501458190745032e-09,
                6.144171857875917e-06
            ],
            [
                0.9999977253268113,
                1.3440385170812645e-08,
                1.493091923352009e-10,
                7.582546447810664e-10,
                2.2603252395716087e-06
            ]
        ],
        [
            [
                0.9999999983391175,
                4.058652116657251e-10,
                2.1297851658035396e-12,
                2.73469828497626e-12,
                1.2501528633624495e-09
            ],
            [
                0.999841557833945,
                0.00015843624565313932,
                2.3352233876036873e-09,
                1.2499550063597053e-09,
                2.3352233876036873e-09
            ],
            [
                1.8795287157333895e-12,
                5.315784969320295e-08,
                0.999999946558225,
                2.78946794326001e-10,
                3.0988189725213336e-12
            ],
            [
                0.07585783448973858,
                9.867051955573673e-07,
                5.5666151049019566e-08,
                3.443939530404665e-06,
                0.9241376791993844
            ],
            [
                0.5564105797124367,
                5.3477562147245355e-05,
                1.1932457006262466e-05,
                0.010191014605209428,
                0.43333299566320027
            ]
        ],
        [
            [
                0.9999999984976309,
                9.736200290016692e-10,
                3.098819131403698e-12,
                4.508755231647013e-12,
                5.211412475581342e-10
            ],
            [
                0.999956198467813,
                1.6700968397393768e-05,
                2.6994601230840347e-07,
                1.6700968397393768e-05,
                1.0129649379911083e-05
            ],
            [
                1.6052158840080954e-09,
                7.889265008676216e-06,
                0.9999921056937824,
                3.3982420531120667e-09,
                3.775105920413138e-11
            ],
            [
                0.9046358541988669,
                4.3287898768338075e-06,
                1.3071812766540137e-07,
                1.1766870861414808e-05,
                0.09534791942226727
            ],
            [
                0.998498780960761,
                3.219344492151794e-08,
                5.203585727633715e-10,
                4.356908986815922e-09,
                0.0015011819685265232
            ]
        ],
        [
            [
                0.9999999993605804,
                2.789468088007787e-10,
                1.0060392775301169e-12,
                1.2917800025348427e-12,
                3.581747924041356e-10
            ],
            [
                0.9968257160119461,
                0.0031726772225648125,
                6.45539452215662e-07,
                3.915394698228975e-07,
                5.696865670764781e-07
            ],
            [
                6.914400104203191e-13,
                1.9171715129994146e-10,
                0.9999999997359228,
                7.052879848320332e-11,
                1.1399918525930985e-12
            ],
            [
                0.9999643871541541,
                2.3822858467875803e-07,
                1.1032161635425493e-09,
                1.7257204334982435e-08,
                3.5356256840710157e-05
            ],
            [
                0.9998411161400873,
                3.927237811128767e-07,
                8.150729817391525e-09,
                4.690421161856096e-08,
                0.00015843608119027285
            ]
        ],
        [
            [
                0.9999999995920292,
                3.1608814511575493e-10,
                5.384940212377167e-13,
                7.835041777241091e-13,
                9.056076980630365e-11
            ],
            [
                0.09534080540649947,
                0.9045682673439704,
                1.939882866540891e-05,
                6.770856501531887e-05,
                3.819855849504808e-06
            ],
            [
                2.1724359590919408e-10,
                1.0677030741695572e-06,
                0.9999989302274086,
                1.8189583584998255e-09,
                3.3315384447927496e-11
            ],
            [
                0.9999998719632004,
                1.5229980728603184e-08,
                7.991960409252312e-11,
                1.9171716376118546e-10,
                1.1253518198928163e-07
            ],
            [
                0.9999999721312097,
                8.152020483534052e-09,
                9.056076733126018e-11,
                7.052879651313273e-11,
                1.955568053386356e-08
            ]
        ],
        [
            [
                0.999999999569221,
                3.5817479247886544e-10,
                1.2917800028043606e-12,
                7.835041773045162e-13,
                7.052879840292797e-11
            ],
            [
                0.9999994787735444,
                5.043471960831258e-07,
                1.1032560640587507e-09,
                2.335593105940409e-09,
                1.3440410337505214e-08
            ],
            [
                8.761307625770473e-08,
                0.0003353500764900182,
                0.9996644723625481,
                8.761307625770473e-08,
                2.334809397129109e-09
            ],
            [
                0.09530141851466861,
                3.36961918279776e-06,
                4.024436209300146e-07,
                0.0005000960663559884,
                0.9041947133561716
            ],
            [
                0.9706872750713561,
                2.9693556184001015e-07,
                7.913064690099834e-09,
                2.040806281444127e-07,
                0.029312215999389244
            ]
        ],
        [
            [
                0.9999999994898969,
                3.1608814503045596e-10,
                1.291780003147555e-12,
                1.0060392780072977e-12,
                1.9171715113266499e-10
            ],
            [
                0.9999994898290318,
                5.043472014798514e-07,
                5.211412693464813e-10,
                3.5817480715735493e-10,
                4.944450696983981e-09
            ],
            [
                1.0060392637465957e-12,
                1.522997950950914e-08,
                0.9999999846883112,
                7.991959769530468e-11,
                7.835041664064283e-13
            ],
            [
                0.4999977284936383,
                2.3925483907357713e-06,
                3.867194296558261e-08,
                2.1114165441080764e-06,
                0.4999977288694838
            ],
            [
                0.9999999754154019,
                1.5229979360098427e-08,
                6.224144465724749e-11,
                5.492788212241143e-11,
                9.237449428690288e-09
            ]
        ],
        [
            [
                0.9999999995916538,
                3.160881450626201e-10,
                1.0060392781096692e-12,
                6.914400098873847e-13,
                9.056076979108026e-11
            ],
            [
                0.9999917404178073,
                7.889257408799706e-06,
                1.955553262394378e-08,
                1.1253432036846425e-07,
                2.3823493089089168e-07
            ],
            [
                1.1247295402561998e-07,
                0.0005527785763780872,
                0.9994469618874259,
                1.444181316588479e-07,
                2.6451103484491272e-09
            ],
            [
                0.9399114410987656,
                1.003547160788737e-06,
                2.674362596948224e-08,
                1.003547160788737e-06,
                0.06008652506328692
            ],
            [
                0.9999999934746913,
                2.64657361906265e-09,
                1.2256067352192106e-11,
                1.5737101988851492e-11,
                3.850741893891177e-09
            ]
        ],
        [
            [
                0.9999999997795517,
                1.493094674585122e-10,
                6.101936671017277e-13,
                0.0,
                7.052879843497412e-11
            ],
            [
                0.9999999743177199,
                2.5109990884855236e-08,
                3.331544452929206e-11,
                1.7832472430494046e-11,
                5.211412348298063e-10
            ],
            [
                9.357622955243178e-14,
                1.2501528645702209e-09,
                0.9999999987161501,
                3.3315445373255456e-11,
                2.882350789256217e-13
            ],
            [
                0.9999999418225657,
                4.944450210974579e-09,
                2.020683790111854e-11,
                5.492788027722804e-11,
                5.315784941608571e-08
            ],
            [
                0.9999951808411719,
                3.224168359731454e-08,
                4.0586289925854645e-10,
                1.4166007121221123e-09,
                4.785094680882899e-06
            ]
        ],
        [
            [
                0.9999999992150879,
                1.9171715113717832e-10,
                1.0060392780309816e-12,
                1.6586783568494792e-12,
                5.905303991593013e-10
            ],
            [
                0.9623897252077932,
                0.029061654436988493,
                2.6500798570267195e-05,
                0.008326303669346,
                0.00019581588730216545
            ],
            [
                1.2917799791229317e-12,
                1.9555680699348816e-08,
                0.9999999803252815,
                1.1628232799209427e-10,
                1.4637784850458472e-12
            ],
            [
                0.9999982322558203,
                7.194119981038914e-09,
                3.775127696642014e-11,
                1.6918948537171025e-10,
                1.7603431191010484e-06
            ],
            [
                0.9999969028938047,
                1.8553861940968988e-07,
                2.0611459150696426e-09,
                7.19410612896457e-09,
                2.902312323726269e-06
            ]
        ],
        [
            [
                0.9999999922703983,
                5.211412444119136e-10,
                3.511422083884919e-12,
                1.0815941466445193e-11,
                7.194132969903584e-09
            ],
            [
                0.9999241965781048,
                7.484612510482664e-05,
                6.023114755177053e-08,
                3.9275641859500947e-07,
                5.043092240432421e-07
            ],
            [
                5.008774634858908e-14,
                3.5817479281489113e-10,
                0.9999999996213702,
                2.0206839078181446e-11,
                1.9810087968685484e-13
            ],
            [
                0.8174680680185404,
                2.8903617513832773e-05,
                3.638428485850335e-07,
                0.00010088353783457695,
                0.18240178098326265
            ],
            [
                0.01406337875789237,
                8.198199356111792e-07,
                1.424633431304446e-07,
                1.6466523587083674e-05,
                0.9859191924352417
            ]
        ],
        [
            [
                0.9999999987774115,
                2.4616969469391456e-10,
                1.1399918507862086e-12,
                1.6586783556286472e-12,
                9.736200293723665e-10
            ],
            [
                0.029307803453167355,
                0.9705411646391593,
                9.32803124088052e-05,
                5.657736942351316e-05,
                1.1742258410207207e-06
            ],
            [
                5.312845769510535e-08,
                0.0005527785330177202,
                0.999447126441187,
                4.137648445632405e-08,
                5.208530718280665e-10
            ],
            [
                0.00150117914291287,
                1.4428087626393107e-07,
                1.7231876882718338e-08,
                1.7577009037303456e-06,
                0.9984969016434302
            ],
            [
                0.9999999571496462,
                1.4166087245617698e-09,
                8.423463385318993e-12,
                2.594609384570368e-11,
                4.139937537356645e-08
            ]
        ],
        [
            [
                0.9999999988843018,
                5.905303987877769e-10,
                1.2917800023652593e-12,
                2.734698286467175e-12,
                5.211412478122591e-10
            ],
            [
                0.9856504032772483,
                0.014059551198026932,
                4.474844775449687e-05,
                0.00020054862921592255,
                4.474844775449687e-05
            ],
            [
                1.1032266425276181e-09,
                2.7535689541725527e-05,
                0.9999724538794696,
                9.237203584054569e-09,
                9.055835743372803e-11
            ],
            [
                0.9975270640029296,
                2.6929030416707337e-07,
                2.6400292465455207e-09,
                4.129700566720224e-08,
                0.0024726227697313943
            ],
            [
                0.9999545817521245,
                1.955478730382585e-08,
                1.691820595145544e-10,
                6.691280255217778e-10,
                4.539785477814862e-05
            ]
        ],
        [
            [
                0.999999999787494,
                1.6918979206083262e-10,
                5.384940211366818e-13,
                0.0,
                4.2777878638950025e-11
            ],
            [
                0.9999999675576232,
                3.2241866298861774e-08,
                2.2897347693937338e-11,
                8.423463473953882e-12,
                1.6918978662722335e-10
            ],
            [
                1.2501458567708166e-09,
                6.144172043144408e-06,
                0.9999938423585846,
                1.186105364595961e-08,
                3.5817278473973115e-10
            ],
            [
                0.9999960847284195,
                1.8553844548273763e-07,
                7.582532197358745e-10,
                2.335584343176787e-09,
                3.7266392974143687e-06
            ],
            [
                0.999874088559699,
                2.260044939701341e-06,
                4.690573628830699e-08,
                2.1021692565946502e-07,
                0.00012339427269946225
            ]
        ],
        [
            [
                0.999999999824206,
                1.49309467448098e-10,
                5.384940211564509e-13,
                0.0,
                2.594609495294186e-11
            ],
            [
                0.999998236647053,
                1.7603431268311384e-06,
                9.73618269547468e-10,
                2.172436004075637e-10,
                1.8189583961642132e-09
            ],
            [
                4.363387577083766e-09,
                1.670141495899593e-05,
                0.9999832897677067,
                4.363387577083766e-09,
                9.055922004870057e-11
            ],
            [
                4.785094932339942e-06,
                1.0467342681714922e-08,
                2.9989438886907312e-09,
                8.764198724709818e-08,
                0.9999951137967938
            ],
            [
                0.999972454198745,
                9.237203582267707e-09,
                1.1627923261590677e-10,
                7.582358433391178e-10,
                2.7535689536398967e-05
            ]
        ],
        [
            [
                0.9999999991313437,
                4.5990553715798216e-10,
                1.006039277736215e-12,
                1.8795288136487163e-12,
                4.058652120234238e-10
            ],
            [
                0.9992901476146253,
                0.0007096703794737399,
                3.650891085450396e-08,
                7.728936488549553e-08,
                6.82076251141804e-08
            ],
            [
                1.443290448831287e-07,
                0.0011695098200806106,
                0.9988302746792752,
                6.8176148373974e-08,
                2.9954509058068707e-09
            ],
            [
                0.0019188774984235676,
                0.9940030445950164,
                0.004062263696040381,
                1.2929294882115707e-05,
                2.8849156376527515e-06
            ],
            [
                0.9999999926603879,
                7.194132973274884e-09,
                3.3315445157467893e-11,
                9.545034847147141e-12,
                1.0261879550323723e-10
            ]
        ],
        [
            [
                0.9999999998351397,
                6.224144617162172e-11,
                0.0,
                0.0,
                1.026187962222898e-10
            ],
            [
                0.9999999985092689,
                1.4166087835834776e-09,
                1.463778510964309e-12,
                2.1297851663556843e-12,
                7.052879835878718e-11
            ],
            [
                1.9555159555215687e-08,
                2.7535688717023953e-05,
                0.9999724240977372,
                1.9555159555215687e-08,
                1.1032266094856727e-09
            ],
            [
                0.999923707700284,
                1.3708547507473605e-06,
                2.2157803344866443e-08,
                5.315380701258163e-08,
                7.484613335495294e-05
            ],
            [
                0.999999999272476,
                5.905303990696204e-10,
                3.098819134393759e-12,
                2.129785167981151e-12,
                1.317651425169206e-10
            ]
        ],
        [
            [
                0.9999999997014426,
                2.1724399327831532e-10,
                7.835041776784212e-13,
                6.101936671156715e-13,
                7.99195988450792e-11
            ],
            [
                0.00015778935499037805,
                0.9957595124299742,
                0.0031692839157452047,
                0.0009080150444728477,
                5.399254817382227e-06
            ],
            [
                6.69156074848687e-10,
                2.902312184654856e-06,
                0.9999970925929723,
                4.363445727358366e-09,
                6.224121050426311e-11
            ],
            [
                0.9999987863655355,
                1.444978943137831e-07,
                4.5990468455849754e-10,
                9.736182248505862e-10,
                1.0677030472618955e-06
            ],
            [
                0.9999999675004312,
                3.2241866305680746e-08,
                1.4930946267905132e-10,
                1.7832472318068094e-11,
                9.056076690006382e-11
            ]
        ],
        [
            [
                0.9999999997702325,
                1.4930946747219513e-10,
                5.384940212433587e-13,
                0.0,
                7.991959885057687e-11
            ],
            [
                1.0526786716646516e-06,
                0.014063499659660085,
                0.9859275436353708,
                7.77830175907791e-06,
                1.2572453838797692e-07
            ],
            [
                1.0467382115029838e-08,
                1.0677030208897608e-06,
                0.9999986421935516,
                2.3823674604209465e-07,
                4.1399299353069675e-08
            ],
            [
                0.000552778260042899,
                4.688569885629059e-08,
                7.190154793607743e-09,
                6.472364908741522e-07,
                0.9994465204276125
            ],
            [
                0.9999993440993368,
                8.15202082495298e-09,
                3.77513459544279e-11,
                1.1628233187816237e-10,
                6.475946087663175e-07
            ]
        ],
        [
            [
                0.9999999990893356,
                7.582560412641233e-10,
                3.0988191324810508e-12,
                0.0,
                1.4930946731901904e-10
            ],
            [
                7.7310885789692e-08,
                0.00043055691052599153,
                0.9995688251292092,
                5.041303022670812e-07,
                3.6519076609831107e-08
            ],
            [
                6.691573980987752e-10,
                1.7603431263149491e-06,
                0.9999982355095351,
                3.39826166937471e-09,
                7.991945429257169e-11
            ],
            [
                0.9999250533318053,
                8.763597201850645e-08,
                9.73547709779088e-10,
                1.1860239094840435e-08,
                7.484619843597091e-05
            ],
            [
                0.9999999850937662,
                2.998960778147316e-09,
                2.0206838775492724e-11,
                2.594609457864406e-11,
                1.186111996660223e-08
            ]
        ],
        [
            [
                0.9999999996989024,
                2.4616969494269083e-10,
                0.0,
                0.0,
                5.492788345625272e-11
            ],
            [
                0.9858185785676856,
                0.010951453455472956,
                3.485607575194876e-05,
                0.003137643947584106,
                5.746795350537289e-05
            ],
            [
                9.237027428908004e-09,
                4.5397854584585496e-05,
                0.9999545772732578,
                1.5229283600081144e-08,
                4.058466610215247e-10
            ],
            [
                0.9999999418263296,
                4.944450210053456e-09,
                2.2897347104758944e-11,
                4.847368420116086e-11,
                5.315784940618271e-08
            ],
            [
                0.9999996739665454,
                1.9555683141448594e-08,
                2.1724401632131586e-10,
                3.581748306412793e-10,
                3.059023526255049e-07
            ]
        ],
        [
            [
                0.9999999988199377,
                3.1608814487170594e-10,
                1.6586783559773877e-12,
                3.0988191332350796e-12,
                8.592166603960883e-10
            ],
            [
                0.9999724409000715,
                2.7535689143824342e-05,
                8.15180343367482e-09,
                3.3981772433838855e-09,
                1.1860804009652038e-08
            ],
            [
                3.2661313308561773e-13,
                3.3982678070811026e-09,
                0.9999999965386888,
                6.224144600170805e-11,
                4.752193045411257e-13
            ],
            [
                0.99999960415046,
                2.99896093041098e-09,
                1.573710266075774e-11,
                4.847368876881877e-11,
                3.927863683729068e-07
            ],
            [
                0.9999970055800521,
                8.764215303405567e-08,
                1.8189548560472907e-09,
                2.646563699126894e-09,
                2.902312276214987e-06
            ]
        ],
        [
            [
                0.9999999997109053,
                2.1724399328037102e-10,
                7.835041776858352e-13,
                5.384940212114114e-13,
                7.05287984372532e-11
            ],
            [
                0.9856846754240628,
                0.014060033762506259,
                9.985080645649833e-06,
                0.00020055570598920627,
                4.4750026796053003e-05
            ],
            [
                7.83504178087139e-13,
                2.461696950497983e-10,
                0.9999999996340299,
                1.1628233023998006e-10,
                2.7346982901283735e-12
            ],
            [
                0.9999999196888305,
                1.1861121486232567e-08,
                6.224145323393103e-11,
                1.3176515753022902e-10,
                6.825604144510299e-08
            ],
            [
                0.9820131746848642,
                4.370797164396818e-07,
                1.0279129690044963e-08,
                1.822019333555555e-07,
                0.017986195754356348
            ]
        ],
        [
            [
                0.9999999941768236,
                2.1724399209748096e-10,
                1.006039272751773e-12,
                2.1297851571285068e-12,
                5.602796401162038e-09
            ],
            [
                0.9890124929985132,
                0.010986937330822979,
                2.079333529252761e-07,
                2.3561935720827504e-07,
                1.2611795372602755e-07
            ],
            [
                4.36338755442509e-09,
                1.6701414872266998e-05,
                0.9999832847055067,
                9.237291525205453e-09,
                2.789420339703623e-10
            ],
            [
                0.9999999814445718,
                9.237449483561408e-09,
                3.775134471367341e-11,
                4.2777877863491537e-11,
                9.237449483561408e-09
            ],
            [
                0.9999998801011669,
                7.194133555177357e-09,
                3.775134819696136e-11,
                1.3176515231395386e-10,
                1.1253518292932533e-07
            ]
        ],
        [
            [
                0.999999999733798,
                1.4930946746675513e-10,
                6.101936671354146e-13,
                0.0,
                1.1628233018308332e-10
            ],
            [
                0.9999832966721748,
                1.6701415058333956e-05,
                1.4165845513666919e-09,
                2.1724027690787688e-10,
                2.7894203707799696e-10
            ],
            [
                4.944450758109499e-09,
                8.315279691776358e-07,
                0.9999991433813675,
                1.9555682101025882e-08,
                5.905304304896495e-10
            ],
            [
                0.9999987844898537,
                1.444978940573393e-07,
                9.736182231226828e-10,
                2.33558870120515e-09,
                1.0677030453670178e-06
            ],
            [
                0.9992902334590744,
                8.758032135786702e-08,
                1.415604050297712e-09,
                7.1890305581411295e-09,
                0.000709670355969543
            ]
        ],
        [
            [
                0.9999999997269828,
                2.1724399328386377e-10,
                3.7010116747759177e-13,
                4.752193057870343e-13,
                5.492788345290118e-11
            ],
            [
                0.0002293191635320075,
                0.7746098834954325,
                0.22192944289540711,
                0.00316565340526445,
                6.570104036388654e-05
            ],
            [
                3.978962528124106e-12,
                1.6052280520739116e-09,
                0.9999999981932866,
                1.917171510041916e-10,
                5.789356317508109e-12
            ],
            [
                0.9999999447603174,
                2.0611535065743057e-09,
                8.42346328095793e-12,
                1.2256066755145455e-11,
                5.315784955606576e-08
            ],
            [
                0.9999032938086161,
                5.042991035631237e-07,
                1.1859966842459599e-08,
                8.763396033039137e-08,
                9.610239835305669e-05
            ]
        ],
        [
            [
                0.9999999994287136,
                5.211412481424069e-10,
                8.878265467446659e-13,
                7.835041775345452e-13,
                4.847368700257362e-11
            ],
            [
                0.9999993513756893,
                6.475946136756149e-07,
                7.991960061853071e-11,
                9.056077181060665e-11,
                8.592166800757796e-10
            ],
            [
                1.0603575967356417e-13,
                2.0611536177408234e-09,
                0.9999999979125398,
                2.5946094923628918e-11,
                2.543665641579458e-13
            ],
            [
                0.9998415153280453,
                4.6904213571558417e-08,
                2.789026488308746e-10,
                1.249954952953666e-09,
                0.00015843623888373378
            ],
            [
                0.9999999945104605,
                3.850741899354837e-09,
                1.783247279972371e-11,
                1.573710201118022e-11,
                1.6052280454257132e-09
            ]
        ],
        [
            [
                0.9999999971902886,
                2.3355930304660173e-09,
                8.423463724414003e-12,
                5.789356308074417e-12,
                4.5990553622430365e-10
            ],
            [
                7.84797614120812e-06,
                0.994758555477439,
                0.0052200132201131915,
                1.2939125195956942e-05,
                6.442011107514592e-07
            ],
            [
                1.416608849939994e-09,
                1.4449803106737338e-07,
                0.9999998513482256,
                2.646573757163104e-09,
                9.056077394315759e-11
            ],
            [
                0.9995692765365636,
                7.731089318425111e-08,
                1.604536398463458e-09,
                8.760471901694878e-08,
                0.0004305569432876609
            ],
            [
                0.9999920755681129,
                3.224162192046938e-08,
                2.78944685710154e-10,
                2.646553490973994e-09,
                7.889264767052096e-06
            ]
        ],
        [
            [
                0.9999999997942239,
                1.026187961959907e-10,
                0.0,
                5.384940211403058e-13,
                1.026187961959907e-10
            ],
            [
                0.9999876864215105,
                4.785058814757251e-06,
                1.3440232601742547e-08,
                6.144137138494029e-06,
                1.3709423036860881e-06
            ],
            [
                9.357622942741297e-14,
                2.646573631527691e-09,
                0.9999999973272324,
                2.5946094910399715e-11,
                1.5428111988889102e-13
            ],
            [
                0.9626313425662968,
                1.6077578635813725e-05,
                8.004555067309666e-07,
                2.6507445878220043e-05,
