{
    "[['A', 'B', 'C', 'D', 'E'], ['A', 'B', 'C', 'D', 'E']]": [
        [
            [
                0.99999996770745,
                3.2241866221828726e-08,
                8.423463453828338e-12,
                4.5087550813736636e-12,
                3.775134409541459e-11
            ],
            [
                3.2017866488100165e-05,
                0.3774878766601687,
                0.6223723102291862,
                9.862197182305414e-05,
                9.173272334069826e-06
            ],
            [
                5.211273683030572e-10,
                2.7535689662210556e-05,
                0.999972458070284,
                5.602647208251437e-09,
                1.1627923314719091e-10
            ],
            [
                0.0015011384150276652,
                0.9984696062297461,
                1.3688610386170502e-06,
                3.9218525379880676e-07,
                2.749430893385578e-05
            ],
            [
                0.9890130495292099,
                0.010986942304466016,
                6.155763028724379e-11,
                4.230789932420109e-11,
                8.062458500536395e-09
            ]
        ],
        [
            [
                0.9999999927608721,
                7.194132950543385e-09,
                4.508755192293317e-12,
                2.7346982612644267e-12,
                3.775134502413347e-11
            ],
            [
                2.3170632040212908e-06,
                0.09534911154899818,
                0.9046472611839913,
                1.2402345605532245e-06,
                6.996924598557671e-08
            ],
            [
                1.542811199692015e-13,
                2.0611536177628235e-09,
                0.9999999979006862,
                3.7751345357151915e-11,
                2.543665641606608e-13
            ],
            [
                4.785058563580305e-06,
                0.9999875143255335,
                6.144136815976446e-06,
                1.855368552312239e-07,
                1.3709422317226882e-06
            ],
            [
                0.9688330207891337,
                0.008382048981364274,
                3.5396112069096253e-08,
                1.235446883032402e-07,
                0.022784771288701818
            ]
        ],
        [
            [
                0.999999958332233,
                4.139937523087979e-08,
                3.331544384682425e-11,
                1.7832472065195352e-11,
                2.1724398323865577e-10
            ],
            [
                1.1343121657596775e-05,
                0.3208122789027028,
                0.679159579526039,
                1.4564856512935443e-05,
                2.233593087642355e-06
            ],
            [
                2.2897306581473205e-11,
                1.0677030756436804e-06,
                0.9999989315092122,
                7.582546560822252e-10,
                6.5601881707704736e-12
            ],
            [
                0.00012339297615670118,
                0.9998634638671893,
                2.9019246536698896e-06,
                1.1251972232617377e-07,
                1.0128712278021592e-05
            ],
            [
                0.8519527477905592,
                0.1480471931833263,
                5.700911240692294e-10,
                3.0514778945529263e-10,
                5.8150875564894795e-08
            ]
        ],
        [
            [
                0.9999999992739748,
                4.058652103461205e-10,
                2.413362758148299e-12,
                1.6586783495087361e-12,
                3.1608814363899915e-10
            ],
            [
                3.857211046955574e-07,
                0.017986186275347135,
                0.9820123110320647,
                8.165715850483542e-07,
                3.003998983840674e-07
            ],
            [
                2.0239534032000282e-07,
                0.03732684758147779,
                0.9626719919084331,
                8.004890993272318e-07,
                1.576256495312217e-07
            ],
            [
                0.047421530393265035,
                0.9524868878426714,
                2.3916926470751638e-08,
                1.2801808228518174e-08,
                9.154504532892858e-05
            ],
            [
                0.9859363321927174,
                0.014063626734054077,
                1.6681028609011966e-10,
                8.928711202425892e-11,
                4.081713122493879e-08
            ]
        ],
        [
            [
                0.9999999911620047,
                7.194132926436407e-09,
                1.573710187960669e-11,
                2.289734812579969e-11,
                1.6052280320048477e-09
            ],
            [
                9.890778185434656e-08,
                0.004070136008080233,
                0.9959296627919177,
                9.890778185434656e-08,
                3.3844381814364857e-09
            ],
            [
                7.582358442716802e-10,
                2.7535689570265407e-05,
                0.999972454994536,
                8.151803559920571e-09,
                4.058544011591621e-10
            ],
            [
                0.00012339438557025628,
                0.9998750027152075,
                1.3707878021385137e-06,
                8.763144878705675e-08,
                1.4447997138426164e-07
            ],
            [
                0.37754024539268355,
                0.6224586521428755,
                5.074300496928022e-09,
                1.6473841764453826e-09,
                1.0957427563901002e-06
            ]
        ],
        [
            [
                0.9999999232431483,
                6.825604155881757e-08,
                1.0261880803703233e-10,
                2.461697232963891e-10,
                8.152021645506153e-09
            ],
            [
                1.0170658707776764e-06,
                0.04742578822027551,
                0.952572456259499,
                6.990184688097013e-07,
                3.943588584307554e-08
            ],
            [
                1.317633912759652e-10,
                1.3007124760799418e-05,
                0.9999869922139182,
                5.211343217686462e-10,
                8.423351789615005e-12
            ],
            [
                0.09507569474654613,
                0.9020531578499053,
                4.795116993042933e-08,
                6.157052095058423e-08,
                0.002871037881857842
            ],
            [
                0.9998412575370612,
                3.5351873176272614e-05,
                1.4928584515880698e-10,
                2.789026767197938e-10,
                0.00012339016157388727
            ]
        ],
        [
            [
                0.9999999714836354,
                2.8453347168881454e-08,
                1.783247233096084e-11,
                7.433680431745456e-12,
                3.775134422088916e-11
            ],
            [
                1.1456349459043275e-05,
                0.2226919283977283,
                0.7772711546704683,
                2.4253091995115217e-05,
                1.207490349292895e-06
            ],
            [
                7.815625873051908e-07,
                0.06008648424394587,
                0.9399108369330498,
                1.2885788620734939e-06,
                6.086815550125959e-07
            ],
            [
                4.539785515797062e-05,
                0.9999544705349599,
                1.1253003228880374e-07,
                3.850565958473885e-09,
                1.5229283792430425e-08
            ],
            [
                0.6791769826365701,
                0.32082048126486035,
                3.805291617357472e-09,
                1.2353973125931485e-09,
                2.5310578805791697e-06
            ]
        ],
        [
            [
                0.9999998143906469,
                1.8553915930704312e-07,
                2.289735130048942e-11,
                9.545036108410339e-12,
                3.775135013181014e-11
            ],
            [
                2.114333465311935e-05,
                0.9859143659718494,
                0.014063312305986045,
                1.0526646478994798e-06,
                1.2572286348807616e-07
            ],
            [
                5.313494648779513e-08,
                0.00043055714016067113,
                0.9995693669846757,
                2.2149941108411744e-08,
                5.902759365926063e-10
            ],
            [
                0.02297732989093509,
                0.9770209458989564,
                2.9300488766408694e-09,
                1.3840570872215302e-09,
                1.719896002535311e-06
            ],
            [
                0.1480471982311359,
                0.851952765212879,
                9.399212834692231e-10,
                3.457777165078026e-10,
                3.527028595399945e-08
            ]
        ],
        [
            [
                0.9999999997244295,
                2.461696940395492e-10,
                0.0,
                0.0,
                2.940077725645356e-11
            ],
            [
                7.874028915633896e-06,
                0.22269758149312352,
                0.7772909567851305,
                3.2823835967781216e-06,
                3.0530923364777744e-07
            ],
            [
                3.644448538793988e-08,
                0.002472623192609717,
                0.9975272231737621,
                1.1225691794207941e-07,
                4.9322247523894365e-09
            ],
            [
                0.000335348151554369,
                0.999658506941171,
                1.8183409683608522e-09,
                9.73287784259434e-10,
                6.142115645874325e-06
            ],
            [
                0.00043055504865928477,
                4.783032264350685e-06,
                1.1027763372480384e-09,
                1.95471782888335e-08,
                0.9995646412691217
            ]
        ],
        [
            [
                0.9999999714619112,
                2.8453347192499353e-08,
                8.423463488817453e-12,
                5.789356146151435e-12,
                7.052879628685139e-11
            ],
            [
                0.00011436804359438913,
                0.4377581617537527,
                0.5620926084857687,
                3.276699309730783e-05,
                2.09472378688584e-06
            ],
            [
                2.335553045576332e-09,
                1.670141480084889e-05,
                0.9999832804294069,
                1.522971895613937e-08,
                5.905202880240644e-10
            ],
            [
                0.07585625540925697,
                0.9241182696527687,
                2.047800132015909e-08,
                7.533435681968184e-09,
                2.5446926537353636e-05
            ],
            [
                0.1820565514329543,
                0.8159208460118809,
                8.103069506389283e-08,
                5.56915279703941e-08,
                0.0020224658329417284
            ]
        ],
        [
            [
                0.999999811515649,
                1.8553915815209175e-07,
                1.4930948523571947e-10,
                1.4930948523571947e-10,
                2.6465739511602427e-09
            ],
            [
                1.1880502324411085e-06,
                0.017985362659926687,
                0.981967342547074,
                4.458125607205221e-05,
                1.5254866947561623e-06
            ],
            [
                3.701011673979874e-13,
                1.103256030968498e-09,
                0.9999999988854036,
                1.0815941543805121e-11,
                1.5428112012689874e-13
            ],
            [
                5.8291221801628965e-05,
                0.9999413625024365,
                3.0588425891481107e-07,
                8.151539389479764e-09,
                3.223996369530162e-08
            ],
            [
                0.8175729620004843,
                0.18242518636419292,
                2.1637652390683024e-09,
                1.4871326506322293e-09,
                1.8479844248502197e-06
            ]
        ],
        [
            [
                0.9999999742471809,
                2.5109990786631645e-08,
                2.2897347753569457e-11,
                2.940077649032114e-11,
                5.905303817667332e-10
            ],
            [
                9.146249262929164e-07,
                0.029312184311340566,
                0.9706862448325739,
                6.286119059561046e-07,
                2.761925324709197e-08
            ],
            [
                2.969355564249138e-07,
                0.029312215643370807,
                0.9706873702715217,
                1.0923648656152857e-07,
                7.913064545792405e-09
            ],
            [
                0.9046505183832662,
                0.09534946893763242,
                3.6716628391929047e-10,
                1.5305767867244808e-10,
                1.2158877435980847e-08
            ],
            [
                0.014053785094780199,
                0.9852464975212216,
                1.0312964989853695e-08,
                1.0312964989853695e-08,
                0.000699696758068368
            ]
        ],
        [
            [
                0.9999999985764618,
                1.41660878087744e-09,
                1.139991848404461e-12,
                0.0,
                5.789356305167325e-12
            ],
            [
                2.2559662926066816e-06,
                0.7772973291040828,
                0.22269939982501558,
                8.299236190257566e-07,
                1.8518099002418153e-07
            ],
            [
                3.978962730329361e-12,
                1.4449803167400363e-07,
                0.9999998554167779,
                7.9919602836018e-11,
                1.291780067928343e-12
            ],
            [
                0.2689412953718843,
                0.7310582149670982,
                1.2616466722500345e-08,
                3.6146782354233095e-09,
                4.7342987251183875e-07
            ],
            [
                0.48418952464550646,
                0.13872262192595158,
                2.1550561470418365e-07,
                4.5622538990888145e-07,
                0.37708718169753724
            ]
        ],
        [
            [
                0.9999999905775036,
                9.237449529256647e-09,
                7.433680565552894e-12,
                8.423463633449191e-12,
                1.691897898307723e-10
            ],
            [
                1.1743971921927505e-06,
                0.02931207315050799,
                0.9706824493236995,
                4.099048969032927e-06,
                2.0407963126446457e-07
            ],
            [
                1.981008790975001e-13,
                3.398267807360206e-09,
                0.9999999965784123,
                2.2897348374691453e-11,
                2.2447770470051063e-13
            ],
            [
                9.610240067688289e-05,
                0.9999033168995805,
                6.824939857927751e-08,
                8.15122825474155e-09,
                5.042991157574446e-07
            ],
            [
                0.037212860316328734,
                0.9597322696490598,
                1.5714429924349483e-07,
                9.531283549023641e-08,
                0.003054617577476779
            ]
        ],
        [
            [
                0.9999999916833356,
                8.152020606365286e-09,
                9.545034796262826e-12,
                5.789356251957333e-12,
                1.4930946563970643e-10
            ],
            [
                4.910740335154231e-06,
                0.3775374153606582,
                0.6224539848666967,
                3.3750991832778884e-06,
                3.139331265679203e-07
            ],
            [
                1.1129881079730834e-07,
                0.0109869427710191,
                0.9890128521354741,
                8.667960100385988e-08,
                7.115094929121934e-09
            ],
            [
                5.829127968116446e-05,
                0.9999415207460693,
                1.1252853465088563e-07,
                7.193708544956e-09,
                6.825200635829759e-08
            ],
            [
                0.017834682903933072,
                0.9737406675902237,
                6.64636139036616e-08,
                7.531314128016495e-08,
                0.008424507729088076
            ]
        ],
        [
            [
                0.9999999973116029,
                2.6465736228003102e-09,
                2.4133627571438833e-12,
                1.6586783488184119e-12,
                3.775134521301119e-11
            ],
            [
                2.502419414700533e-06,
                0.022977202520915573,
                0.9770154145136202,
                4.675134955314179e-06,
                2.0541109421211088e-07
            ],
            [
                2.044802873454697e-06,
                0.09534923990212768,
                0.9046483472221192,
                3.135806768630595e-07,
                5.449220277614306e-08
            ],
            [
                0.04742586578183755,
                0.9525740488165201,
                1.5290981041135827e-09,
                3.8661654658988236e-10,
                8.34859277037898e-08
            ],
            [
                0.11904527194780425,
                0.879632166519699,
                4.12649690933138e-08,
                4.675933589393893e-08,
                0.001322473508191711
            ]
        ],
        [
            [
                0.9999999530362306,
                4.691163783455211e-08,
                1.2256066821313408e-11,
                6.560199834800414e-12,
                3.3315443728756046e-11
            ],
            [
                2.5521271765734132e-05,
                0.43779794932455035,
                0.5621436962002767,
                2.8919389621639706e-05,
                3.913813785474567e-06
            ],
            [
                1.5428112009425315e-13,
                1.2501528645640704e-09,
                0.9999999987337576,
                1.5737102083918843e-11,
                1.981008795160749e-13
            ],
            [
                0.5621580694512918,
                0.43780914599034604,
                8.561661085121268e-09,
                5.192909946194583e-09,
                3.277080379113856e-05
            ],
            [
                0.9933057948266034,
                0.006692842282748125,
                7.5317945122933e-10,
                3.557767809725678e-10,
                1.3617816922149758e-06
            ]
        ],
        [
            [
                0.9999999316667976,
                6.825604205159078e-08,
                2.2897351236851002e-11,
                5.789357031724719e-12,
                4.8473692948799815e-11
            ],
            [
                0.0005449223129215272,
                0.9852426992323163,
                0.014053732031598145,
                0.0001561229310133641,
                2.5234921505231044e-06
            ],
            [
                1.5924955832494141e-06,
                0.0953492613004434,
                0.90464864185715,
                4.5625762357962337e-07,
                4.808919972573129e-08
            ],
            [
                0.0052201255207204676,
                0.9947798411001608,
                7.1565784999463686e-09,
                1.2436268675483517e-09,
                2.4978913366810636e-08
            ],
            [
                0.0019267278329192213,
                0.9980695459570191,
                4.9349063500568976e-09,
                1.8154505902923334e-09,
                3.7194597046001377e-06
            ]
        ],
        [
            [
                0.9999999961146286,
                3.850741891003487e-09,
                3.0988191131601824e-12,
                2.1297851533875417e-12,
                2.940077715032261e-11
            ],
            [
                4.214659832080136e-06,
                0.11920132290168076,
                0.8807852576943308,
                6.948799313915951e-06,
                2.2559448424408215e-06
            ],
            [
                8.096449557761352e-06,
                0.6224540990576259,
                0.3775374943592086,
                2.7704526887191406e-07,
                3.3088338805624114e-08
            ],
            [
                0.01404280769836236,
                0.9844770193314377,
                3.596771979394755e-08,
                3.596771979394755e-08,
                0.0014801010347604785
            ],
            [
                0.09533876056894967,
                0.00011163021159158536,
                2.9164348031697476e-08,
                5.169504380877528e-07,
                0.9045490631046726
            ]
        ],
        [
            [
                0.9999998134682861,
                1.8553915835754007e-07,
                9.056078068165298e-11,
                4.27778837841275e-11,
                8.592167642419238e-10
            ],
            [
                7.405591294521186e-06,
                0.7310486367382004,
                0.26893777239533406,
                5.767480299279878e-06,
                4.1779487157966633e-07
            ],
            [
                5.2989204402715665e-08,
                0.003172681646794712,
                0.9968271018307706,
                1.4403959143240403e-07,
                1.949363890379037e-08
            ],
            [
                0.017986142108316908,
                0.9820101795414973,
                1.495598653251927e-08,
                3.781465589743404e-09,
                3.6596127336368057e-06
            ],
            [
                0.9981224753623588,
                0.0007088410532377974,
                6.679025911695603e-10,
                1.6022150247332652e-09,
                0.0011686813142858681
            ]
        ],
        [
            [
                0.9999999895203001,
                1.0467401660601838e-08,
                2.734698256545915e-12,
                1.1399918384350258e-12,
                8.423463646519492e-12
            ],
            [
                0.6745734575595833,
                0.3186459525202399,
                0.00032925602353541233,
                0.005836202661711139,
                0.0006151312349302428
            ],
            [
                9.056077403513177e-11,
                5.043472046321233e-07,
                0.9999994947900906,
                7.582560774416156e-10,
                1.3887944499608691e-11
            ],
            [
                2.8382994962051265e-08,
                0.002472622102923058,
                0.9975270271529723,
                3.051459530973519e-07,
                1.7215156658953304e-08
            ],
            [
                0.11920283715841631,
                0.8807964246654538,
                4.3550565189599025e-09,
                1.413879844365398e-09,
                7.32407193443093e-07
            ]
        ],
        [
            [
                0.9999996940226697,
                3.0590235788060375e-07,
                2.940078098538083e-11,
                1.2256068941691338e-11,
                3.331544949254085e-11
            ],
            [
                2.486139543746576e-06,
                0.029311394712606166,
                0.9706600746089381,
                1.6211666272671452e-05,
                9.832872639404466e-06
            ],
            [
                2.0600140437232624e-09,
                0.0005527785810996227,
                0.9994472149073259,
                4.361049764784489e-09,
                9.051070030235608e-11
            ],
            [
                0.0019267342989265925,
                0.9980732480372732,
                1.3414517666632194e-08,
                8.575614235473896e-10,
                3.391721224746915e-09
            ],
            [
                0.0013915112948264213,
                0.43719990654250834,
                7.301981122270357e-06,
                2.5486418385635656e-05,
                0.5613757937631573
            ]
        ],
        [
            [
                0.9999999977829557,
                1.1032560276236061e-09,
                3.0988191254644637e-12,
                7.43368064054943e-12,
                1.1032560276236061e-09
            ],
            [
                1.017065844659625e-06,
                0.04742578709929645,
                0.9525724317976259,
                6.990184508590446e-07,
                6.501878214871114e-08
            ],
            [
                8.705587375295216e-08,
                0.006692848650995731,
                0.9933069680616351,
                8.705587375295216e-08,
                9.175621587116716e-09
            ],
            [
                0.0001584362414718718,
                0.9998415306004365,
                7.192994234655068e-09,
                8.590806521702559e-10,
                2.5106016769991947e-08
            ],
            [
                0.18242532414041043,
                0.8175735452831939,
                7.55229748805008e-09,
                2.163769457641512e-09,
                1.120860328683966e-06
            ]
        ],
        [
            [
                0.9999999996581583,
                6.224144613913286e-11,
                3.2661313380675686e-13,
                3.2661313380675686e-13,
                2.789468088837871e-10
            ],
            [
                3.0468053546185042e-06,
                0.18242492184336612,
                0.8175717404019529,
                2.833970437841546e-07,
                7.552282607053852e-09
            ],
            [
                3.2238796423649547e-08,
                9.610240604125031e-05,
                0.9999038492674984,
                1.5228529131158687e-08,
                8.591348239007858e-10
            ],
            [
                0.010986937281561958,
                0.9890127191536359,
                3.6133432887410103e-08,
                4.890128374128782e-09,
                3.025412409344624e-07
            ],
            [
                0.03701855537390867,
                0.9547211803142772,
                2.0072380056693658e-07,
                1.0743981069175853e-07,
                0.008259956148202775
            ]
        ],
        [
            [
                0.999999977280735,
                2.2159489184588186e-08,
                2.2897347848072826e-11,
                1.573710168872799e-11,
                5.211412349421274e-10
            ],
            [
                6.298310298273864e-06,
                0.09534731052072441,
                0.9046300420971771,
                1.5108860968267715e-05,
                1.2402108317889337e-06
            ],
            [
                1.6918884530599687e-10,
                6.144172104620704e-06,
                0.9999938525692023,
                2.998944039669159e-09,
                9.056026302796633e-11
            ],
            [
                1.0584933411767398e-06,
                0.008577060570397907,
                0.9913733216261048,
                2.7298903069033523e-05,
                2.1260407087153683e-05
            ],
            [
                0.8175633088202889,
                0.1824230326396388,
                2.1637404630220177e-09,
                1.6851227669648318e-09,
                1.3654691208984087e-05
            ]
        ],
        [
            [
                0.9999998554328964,
                1.4449803136041896e-07,
                2.289734952598937e-11,
                8.42346414792816e-12,
                3.775134720615417e-11
            ],
            [
                2.3664195132892499e-07,
                0.006692839179348338,
                0.9933052180862865,
                1.3617804063726497e-06,
                3.4431200752208413e-07
            ],
            [
                5.904741100838337e-10,
                9.610239944975696e-05,
                0.9999038946413934,
                2.335370408279813e-09,
                3.3312269767858344e-11
            ],
            [
                0.0019267342778052142,
                0.9980732370961264,
                8.136316160876719e-09,
                9.717443898499872e-10,
                1.9518007822232387e-08
            ],
            [
                0.7264636616154124,
                0.006285142904328292,
                3.0075146623517546e-08,
                1.1894951234909762e-07,
                0.2672510464556004
            ]
        ],
        [
            [
                0.999999814360775,
                1.855391592274136e-07,
                2.940078103203833e-11,
                1.5737104054782867e-11,
                5.492789030845557e-11
            ],
            [
                1.6545679653845902e-06,
                0.06008646792669315,
                0.9399104955820883,
                1.28857882708638e-06,
                9.334442617375746e-08
            ],
            [
                2.1297853289690037e-12,
                2.3823698442548091e-07,
                0.9999997615675099,
                1.9171716559972786e-10,
                1.6586784819750497e-12
            ],
            [
                0.006692851210508092,
                0.9933071177137617,
                8.097456918788845e-09,
                9.671033152228374e-10,
                2.201116999907369e-08
            ],
            [
                0.0019266222159401193,
                0.9980151882804453,
                4.934633477748524e-09,
                5.591672291762512e-09,
                5.817897730888473e-05
            ]
        ],
        [
            [
                0.999999993565986,
                2.998960800106957e-09,
                1.388794375034716e-11,
                2.2897348267484274e-11,
                3.3982677914492498e-09
            ],
            [
                3.85721453903819e-07,
                0.017986194145914708,
                0.9820130726699082,
                3.4039798833054705e-07,
                7.064734861339876e-09
            ],
            [
                3.202606228107075e-08,
                0.006692850990091568,
                0.9933070831509969,
                3.202606228107075e-08,
                1.8067867974055494e-09
            ],
            [
                0.09534914479138805,
                0.9046474369808186,
                3.745183393540318e-08,
                9.469306554373828e-09,
                3.371306652808527e-06
            ],
            [
                0.2631321452180988,
                0.7152673515664805,
                3.183548226573378e-07,
                9.806018886834436e-07,
                0.02159920425870946
            ]
        ],
        [
            [
                0.9999999935077656,
                6.348800043434454e-09,
                6.560200093126837e-12,
                5.109088969632284e-12,
                1.3176514119399826e-10
            ],
            [
                5.410105159880983e-06,
                0.11916552647658729,
                0.8805207035174327,
                0.0002953817332142697,
                1.2978167605802406e-05
            ],
            [
                2.1403604017994433e-05,
                0.22269515487344174,
                0.7772824136421738,
                9.404087290403177e-07,
                8.74716375809344e-08
            ],
            [
                9.604898476630616e-05,
                0.9993481374232099,
                2.2588556134616786e-06,
                8.30986540767258e-07,
                0.0005527237498695769
            ],
            [
                0.0002034177601114815,
                4.5388637390709745e-05,
                8.149985281439136e-09,
                1.854929869191548e-07,
                0.9997509999595257
            ]
        ],
        [
            [
                0.99999997484772,
                2.5109990890295246e-08,
                6.56019999385655e-12,
                2.4133627077128466e-12,
                3.3315444536509754e-11
            ],
            [
                1.2711449182461436e-07,
                0.003172681622021356,
                0.9968269724789774,
                2.0957636648547918e-07,
                9.208142903307407e-09
            ],
            [
                3.8847063852912303e-07,
                0.010986937266688299,
                0.9890125922269548,
                7.649447715119597e-08,
                5.541241339294736e-09
            ],
            [
                0.017986211437294362,
                0.9820137814693108,
                4.855516643514529e-09,
                4.5163340045037913e-10,
                1.7862447494147624e-09
            ],
            [
                0.9820137569296664,
                0.017986211005063993,
                2.7392949774057187e-10,
                1.293951325417915e-10,
                3.1661945007235867e-08
            ]
        ],
        [
            [
                0.9999999943842577,
                5.60279638927084e-09,
                2.129785152608318e-12,
                0.0,
                1.0815941464109568e-11
            ],
            [
                2.747082187973786e-05,
                0.11914832731466461,
                0.8803936566129404,
                0.0003792229985910764,
                5.132225192416091e-05
            ],
            [
                8.591101756992159e-10,
                0.00012339462777692696,
                0.9998766010667985,
                3.3978466583321762e-09,
                4.846767952136164e-11
            ],
            [
                0.0011695103419460066,
                0.9988303669259877,
                9.226638141640632e-09,
                1.1019647803790704e-09,
                1.1240346343813331e-07
            ],
            [
                0.07585292965881749,
                0.9240778712400426,
                2.0477103527059897e-08,
                9.672698803198156e-09,
                6.916895133761465e-05
            ]
        ],
        [
            [
                0.9999999312636731,
                6.82560418535675e-08,
                4.847369280816875e-11,
                2.5946098058091112e-11,
                4.058652607537688e-10
            ],
            [
                1.5677592125136628e-05,
                0.7310462665028055,
                0.2689368761889753,
                1.1356809644269912e-06,
                4.403512974522265e-08
            ],
            [
                1.0461614213439755e-08,
                0.0005527785674035178,
                0.9994471846254127,
                2.509610787163566e-08,
                1.249461638372413e-09
            ],
            [
                4.328612566184021e-06,
                0.9045988218983271,
                0.09534401436765969,
                1.1766388881097499e-05,
                4.1068732565895966e-05
            ],
            [
                0.731034312188926,
                0.2689324949295103,
                2.4842491889569806e-09,
                1.506773299468652e-09,
                3.3188890541274324e-05
            ]
        ],
        [
            [
                0.9999999297922262,
                6.825604180405163e-08,
                6.224145356124982e-11,
                7.052880681956094e-11,
                1.8189619018305208e-09
            ],
            [
                6.535448775561491e-06,
                0.2689392797761638,
                0.7310527781679742,
                1.286906166607012e-06,
                1.1970091974900423e-07
            ],
            [
                3.2162144195521826e-08,
                0.002472623085368589,
                0.9975273023549486,
                4.129701060222614e-08,
                1.100528055239229e-09
            ],
            [
                0.14804508452493587,
                0.8519406779263424,
                5.408801463553402e-09,
                3.2806039199437018e-09,
                1.4228859316239686e-05
            ],
            [
                0.9228595762833229,
                0.0757529342109463,
                1.2403609158730948e-08,
                1.4055130530661492e-08,
                0.0013874630469911287
            ]
        ],
        [
            [
                0.9999999864656768,
                1.344040971747262e-08,
                7.433680543117166e-12,
                6.560200054104272e-12,
                7.991959754013189e-11
            ],
            [
                1.666000470545444e-05,
                0.9975037470173388,
                0.0024725651202364045,
                2.254686455535977e-06,
                4.773171263826035e-06
            ],
            [
                3.849736197965022e-09,
                0.00026119032473321006,
                0.9997387949010772,
                1.0464667951289334e-08,
                4.5978542116679837e-10
            ],
            [
                0.00033534587927608914,
                0.9996516143916956,
                2.5101228770706597e-08,
                1.1856980903982255e-08,
                1.300277081856264e-05
            ],
            [
                0.9399132981079552,
                0.06008665149084721,
                2.9709540214662206e-10,
                1.4033793094720533e-10,
                4.996376424471801e-08
            ]
        ],
        [
            [
                0.999999989440136,
                1.0467401643903057e-08,
                7.433680565228346e-12,
                5.109088954438257e-12,
                7.991959777784949e-11
            ],
            [
                2.3728567318144197e-06,
                0.182425057697733,
                0.8175724102015965,
                1.51691655814834e-07,
                7.552282838887626e-09
            ],
            [
                4.910754778343591e-06,
                0.37753859394210665,
                0.6224559076652145,
                5.175897456508845e-07,
                7.004815482802878e-08
            ],
            [
                0.1128426295974046,
                0.8338005570150239,
                5.123049863940317e-06,
                4.860614378555821e-05,
                0.05330308419392213
            ],
            [
                0.814081820218534,
                0.18164619927204576,
                3.3702490782257046e-08,
                3.8189925294413544e-08,
                0.0042719086170040915
            ]
        ],
        [
            [
                0.999999994348501,
                5.602796386833266e-09,
                3.51142208159896e-12,
                2.4133627499928435e-12,
                4.2777878302560156e-11
            ],
            [
                5.35820836773345e-06,
                0.3208182066017838,
                0.6791721877996768,
                3.682639164671275e-06,
                5.647510069999984e-07
            ],
            [
                1.92568893756908e-06,
                0.14804686502278183,
                0.8519508950955273,
                2.953139631745518e-07,
                1.8878790050225496e-08
            ],
            [
                1.3006938825790806e-05,
                0.9999722224255635,
                1.3006938825790806e-05,
