{
    "[['A', 'B', 'C', 'D', 'E'], ['A', 'B', 'C', 'D', 'E']]": [
        [
            [
                0.9999999997998594,
                1.917171511920901e-10,
                0.0,
                0.0,
                8.423463746395628e-12
            ],
            [
                0.9999999995901558,
                4.058652119738343e-10,
                0.0,
                0.0,
                3.9789625292321736e-12
            ],
            [
                5.905281525505793e-10,
                3.726638989792722e-06,
                0.9999962398595813,
                3.224174467175202e-08,
                6.691560625550998e-10
            ],
            [
                5.4792063143383217e-11,
                2.455609905309737e-10,
                3.1530655318878804e-10,
                0.002472622963422699,
                0.9975273764209177
            ],
            [
                6.560163474220932e-12,
                4.2777639415191076e-11,
                1.3887866183907575e-11,
                6.144172126646586e-06,
                0.9999938557646476
            ]
        ],
        [
            [
                0.9999999996730959,
                3.160881451413791e-10,
                0.0,
                0.0,
                1.0815941547362776e-11
            ],
            [
                0.9999999994704352,
                5.211412476763254e-10,
                0.0,
                0.0,
                8.423463736486298e-12
            ],
            [
                1.4166008293259148e-09,
                4.785095076782243e-06,
                0.9999951439825261,
                6.825565035833094e-08,
                1.250145844078889e-09
            ],
            [
                7.03929294162339e-11,
                4.050833399905421e-10,
                1.815457577411651e-09,
                0.0019267343295721947,
                0.998073263379494
            ],
            [
                5.789356087941366e-12,
                1.2256066934348561e-11,
                5.109088815567527e-12,
                4.1399375465980375e-08,
                0.9999999585774701
            ]
        ],
        [
            [
                0.9999999996754885,
                3.1608814482140147e-10,
                0.0,
                0.0,
                8.423463738213556e-12
            ],
            [
                0.9999999976486396,
                2.335593029558357e-09,
                3.5114220994832597e-12,
                0.0,
                1.2256067395607268e-11
            ],
            [
                3.3981967716696364e-09,
                2.1444939504424314e-05,
                0.9999783052786899,
                2.3823175871746537e-07,
                8.151850279597042e-09
            ],
            [
                1.9348016819023756e-09,
                2.3570709804934615e-08,
                2.2363245483205524e-07,
                0.26894134874851006,
                0.7310584021135236
            ],
            [
                2.734698425601515e-12,
                1.388794454552113e-11,
                3.9789627308201165e-12,
                1.4449803169182566e-07,
                0.9999998554813667
            ]
        ],
        [
            [
                0.9999999996746007,
                3.160881450569262e-10,
                8.878265467942323e-13,
                0.0,
                8.423463744490078e-12
            ],
            [
                0.9999999992351836,
                7.582560413747136e-10,
                0.0,
                0.0,
                6.56020015589885e-12
            ],
            [
                2.8427365078185066e-08,
                0.0009110492645243973,
                0.9990865958490861,
                2.2582653207045786e-06,
                6.819370375864121e-08
            ],
            [
                5.331780635817121e-11,
                7.360296133097343e-10,
                6.9832545388198745e-09,
                0.029312227736776605,
                0.9706877644906214
            ],
            [
                4.508755344654474e-12,
                1.7832473312986653e-11,
                5.109089144052003e-12,
                6.475946146915526e-07,
                0.999999352377935
            ]
        ],
        [
            [
                0.9999999997480409,
                2.46169694879838e-10,
                0.0,
                0.0,
                5.789356321635337e-12
            ],
            [
                0.9999999985706955,
                1.4166087826116504e-09,
                1.8795288111901073e-12,
                0.0,
                1.081594152650446e-11
            ],
            [
                2.6810038663981704e-14,
                3.581747928434685e-10,
                0.9999999996156774,
                2.594609496937421e-11,
                1.7482341273688148e-13
            ],
            [
                6.204397817044948e-11,
                3.15085319883196e-10,
                4.584464353022798e-10,
                0.003172683072391862,
                0.9968273160920325
            ],
            [
                6.560200489473128e-12,
                2.0206840079955445e-11,
                5.109089278307086e-12,
                1.4449803168845415e-07,
                0.9999998554700922
            ]
        ],
        [
            [
                0.9999999994020361,
                5.905303987047375e-10,
                0.0,
                0.0,
                7.433680657376498e-12
            ],
            [
                0.999999999471425,
                5.211412479384396e-10,
                0.0,
                0.0,
                7.433680660221678e-12
            ],
            [
                8.423464627696175e-12,
                8.764249127998955e-08,
                0.9999999102451536,
                2.061153836110289e-09,
                4.277788312430528e-11
            ],
            [
                2.618469390502328e-10,
                3.1899487536081525e-09,
                3.0265391105755275e-08,
                0.2689414184393709,
                0.7310585478434424
            ],
            [
                7.433681617145308e-12,
                2.594609828041668e-11,
                1.5737104106989952e-11,
                1.8553915984293087e-07,
                0.9999998144117234
            ]
        ],
        [
            [
                0.9999999997761957,
                2.172439933309924e-10,
                0.0,
                0.0,
                6.5602001628115805e-12
            ],
            [
                0.9999999987403021,
                1.25015286304095e-09,
                0.0,
                0.0,
                9.545034897295187e-12
            ],
            [
                4.058652501989268e-10,
                3.059023488044421e-07,
                0.9999996607807569,
                3.224187035564115e-08,
                6.69158671041e-10
            ],
            [
                3.978955478846179e-12,
                2.2897307846275886e-11,
                6.560188533142509e-12,
                1.3709566548844332e-06,
                0.9999986290099087
            ],
            [
                7.433639092072648e-12,
                7.052840400841332e-11,
                2.940061293964899e-11,
                6.144172126145459e-06,
                0.9999938557205112
            ]
        ],
        [
            [
                0.9999999996334017,
                3.5817479238961824e-10,
                0.0,
                0.0,
                8.423463739447866e-12
            ],
            [
                0.9999999994704352,
                5.211412477746226e-10,
                0.0,
                0.0,
                8.423463738075125e-12
            ],
            [
                3.5817207457596556e-10,
                7.889264949302466e-06,
                0.9999920982696806,
                1.186103012856555e-08,
                2.461678268183817e-10
            ],
            [
                1.081231196688287e-11,
                7.05051306086239e-11,
                3.7738676927490016e-11,
                0.00033535005536676325,
                0.9996646498255771
            ],
            [
                2.129785437505752e-12,
                7.433681602702988e-12,
                1.8795290517686035e-12,
                6.825604230582697e-08,
                0.9999999317325147
            ]
        ],
        [
            [
                0.9999999998792088,
                1.162823301882521e-10,
                0.0,
                0.0,
                4.50875523787621e-12
            ],
            [
                0.9999999994681736,
                5.211412478601911e-10,
                1.1399918510129135e-12,
                0.0,
                9.545034905831575e-12
            ],
            [
                5.602721750680295e-09,
                1.3007124263120743e-05,
                0.9999864779876911,
                5.043409394712777e-07,
                4.944384591018703e-09
            ],
            [
                9.033683987144265e-11,
                5.19852620466105e-10,
                9.71212556646348e-10,
                0.002472622962364223,
                0.9975273754562337
            ],
            [
                1.8795287385350706e-12,
                8.423463404878916e-12,
                1.6586782900759315e-12,
                4.139937546969895e-08,
                0.9999999585886629
            ]
        ],
        [
            [
                0.9999999998031739,
                1.9171715123818451e-10,
                0.0,
                0.0,
                5.109089024395165e-12
            ],
            [
                0.9999999995857114,
                4.058652119720304e-10,
                0.0,
                0.0,
                8.423463740448285e-12
            ],
            [
                9.252950353785682e-07,
                0.017986151446839623,
                0.9820106756492095,
                2.2196674000000593e-06,
                2.794151560918748e-08
            ],
            [
                1.67330988836757e-10,
                7.499254637985546e-10,
                1.79897766742317e-09,
                0.010986942352834624,
                0.9890130549309313
            ],
            [
                3.5114222770209554e-12,
                1.5737102840266416e-11,
                7.433681018787478e-12,
                5.043472050890322e-07,
                0.9999994956261127
            ]
        ],
        [
            [
                0.9999999996730959,
                3.1608814497931263e-10,
                0.0,
                0.0,
                1.0815941541817167e-11
            ],
            [
                0.9999999988855404,
                1.1032560295511373e-09,
                1.6586783547160027e-12,
                0.0,
                9.545034898681492e-12
            ],
            [
                6.431393938717928e-14,
                2.789468091683084e-10,
                0.9999999996911688,
                2.940077738034606e-11,
                4.1937956565967053e-13
            ],
            [
                3.7724569296913354e-11,
                1.9158117088686396e-10,
                4.055773419501667e-10,
                0.0007096703434671699,
                0.9992903290216497
            ],
            [
                3.331513024524533e-11,
                1.317638961540371e-10,
                3.7750988301119586e-11,
                1.012998810348962e-05,
                0.9999898698090665
            ]
        ],
        [
            [
                0.9999999996360358,
                3.581747924501821e-10,
                0.0,
                0.0,
                5.789356319385953e-12
            ],
            [
                0.9999999987403021,
                1.2501528625379475e-09,
                0.0,
                0.0,
                9.545034893454715e-12
            ],
            [
                3.5817481739170285e-10,
                1.1253518237400706e-07,
                0.9999998747243805,
                1.1861120958148327e-08,
                5.211412842373695e-10
            ],
            [
                5.176531158623445e-10,
                1.5944838493741114e-09,
                3.3755223356136354e-09,
                0.006692851389328488,
                0.9933071431230122
            ],
            [
                6.560200424629237e-12,
                2.289734935164284e-11,
                5.789356555069449e-12,
                3.9278636990435185e-07,
                0.9999996071783832
            ]
        ],
        [
            [
                0.9999999998223867,
                1.6918979192371295e-10,
                0.0,
                0.0,
                8.423463737650571e-12
            ],
            [
                0.9999999969887594,
                2.99896081157836e-09,
                2.7346982794830425e-12,
                0.0,
                9.54503488057665e-12
            ],
            [
                7.287724085375618e-14,
                1.2501528645951424e-09,
                0.9999999987162045,
                3.331544537391959e-11,
                2.543665643731583e-13
            ],
            [
                5.203585899822944e-10,
                1.8162299398994752e-09,
                2.642598969526268e-09,
                0.0015011820217075268,
                0.9984988129991049
            ],
            [
                2.7346985022596345e-12,
                1.5737103319172153e-11,
                6.560200673519463e-12,
                8.315279901532012e-07,
                0.9999991684469779
            ]
        ],
        [
            [
                0.9999999998624456,
                1.3176514259465802e-10,
                0.0,
                0.0,
                5.789356324060304e-12
            ],
            [
                0.9999999995326609,
                4.5990553714290633e-10,
                0.0,
                0.0,
                7.433680660676886e-12
            ],
            [
                6.224144472100296e-11,
                1.955568061402746e-08,
                0.9999999759023334,
                4.363462147219491e-09,
                1.1628232748475492e-10
            ],
            [
                2.0206647926062708e-11,
                1.0261782550531226e-10,
                7.991884286062198e-11,
                1.0129988103490497e-05,
                0.9999898698091532
            ],
            [
                9.544908057755797e-12,
                6.224061896480697e-11,
                1.7832235892964515e-11,
                1.300712477131406e-05,
                0.9999869927856109
            ]
        ],
        [
            [
                0.9999999997743325,
                2.1724399329415022e-10,
                0.0,
                0.0,
                8.423463746180603e-12
            ],
            [
                0.9999999961363257,
                3.850741902434609e-09,
                4.5087552184873214e-12,
                0.0,
                8.423463709990373e-12
            ],
            [
                2.4133627653818138e-12,
                1.2501528630448347e-09,
                0.9999999974173612,
                1.2501528630448347e-09,
                7.991959871589829e-11
            ],
            [
                1.483458208828766e-09,
                6.648398440811164e-09,
                4.912538904719675e-08,
                0.07585817159028835,
                0.9241417711524661
            ],
            [
                1.6586785344384698e-12,
                1.2256068741057928e-11,
                2.7346985809824202e-12,
                8.764249146891677e-08,
                0.999999912340859
            ]
        ],
        [
            [
                0.9999999997743325,
                2.172439930637183e-10,
                0.0,
                0.0,
                8.423463737245787e-12
            ],
            [
                0.9999999965911996,
                3.3982678036627e-09,
                3.098819124284572e-12,
                0.0,
                7.433680637719018e-12
            ],
            [
                1.69189811504986e-10,
                6.825604152671978e-08,
                0.9999999205862243,
                1.0467402985296171e-08,
                5.211413080629235e-10
            ],
            [
                3.4577775306232176e-10,
                2.8951616800658032e-09,
                3.527028968266177e-08,
                0.1480471962336122,
                0.8519527652551587
            ],
            [
                2.7346828001877553e-12,
                1.783237189150221e-11,
                7.433638562349873e-12,
                4.785094849016699e-06,
                0.9999952148771504
            ]
        ],
        [
            [
                0.9999999997454068,
                2.4616969487918957e-10,
                0.0,
                0.0,
                8.423463744122838e-12
            ],
            [
                0.9999999995361155,
                4.599055370003824e-10,
                0.0,
                0.0,
                3.978962528354827e-12
            ],
            [
                4.420228099339676e-14,
                7.58256042053302e-10,
                0.999999999218578,
                2.2897348434173223e-11,
                2.2447770528364939e-13
            ],
            [
                7.039292946436681e-11,
                5.893927822941166e-10,
                7.567953128779505e-10,
                0.0019267343332097606,
                0.9980732642502093
            ],
            [
                2.413362884479496e-12,
                1.783247374049609e-11,
                1.0815942062131306e-11,
                5.043472051256479e-07,
                0.9999994956217331
            ]
        ],
        [
            [
                0.9999999997472699,
                2.461696949910348e-10,
                0.0,
                0.0,
                6.560200163077027e-12
            ],
            [
                0.999999997662909,
                2.3355930321236694e-09,
                6.101936660164571e-13,
                0.0,
                8.878265453083513e-13
            ],
            [
                2.8823507587995505e-13,
                1.1861120008777362e-08,
                0.9999999880829725,
                5.492788284933311e-11,
                6.914400023831559e-13
            ],
            [
                4.2627383961108285e-10,
                4.582875670538149e-09,
                9.204951849497243e-08,
                0.43782345685511354,
                0.5621764460862184
            ],
            [
                2.2897131841179625e-11,
                7.99188428679366e-11,
                2.5945849525499868e-11,
                1.0129988104417651e-05,
                0.9999898698831338
            ]
        ],
        [
            [
                0.9999999995316711,
                4.5990553699833837e-10,
                0.0,
                0.0,
                8.423463738590943e-12
            ],
            [
                0.9999999993999247,
                5.90530398801788e-10,
                0.0,
                0.0,
                9.545034905180135e-12
            ],
            [
                1.9171679581382178e-10,
                2.2603252149342803e-06,
                0.9999977139132186,
                2.5109944988006722e-08,
                4.5990468491631183e-10
            ],
            [
                2.9148565617688543e-11,
                4.5596028190960595e-10,
                1.8033578975569868e-09,
                0.008577485651811075,
                0.9914225120597222
            ],
            [
                8.423431897568346e-12,
                2.5945996856603605e-11,
                1.0815900652216009e-11,
                2.9023122001542836e-06,
                0.9999970976426145
            ]
        ],
        [
            [
                0.9999999994010462,
                5.905303988024503e-10,
                0.0,
                0.0,
                8.423463738892765e-12
            ],
            [
                0.9999999991323598,
                8.592166600977679e-10,
                0.0,
                0.0,
                8.423463736629494e-12
            ],
            [
                3.6516362384050135e-08,
                0.0004305244910276522,
                0.9994939777866587,
                7.48139385578709e-05,
                6.472673933476936e-07
            ],
            [
                1.9149276572833084e-10,
                1.101964782095991e-09,
                2.058741249383515e-09,
                0.0011695103416752269,
                0.998830486306126
            ],
            [
                5.109089407746838e-12,
                2.940077957777248e-11,
                1.2256068354912881e-11,
                2.382369844548348e-07,
                0.9999997617162496
            ]
        ],
        [
            [
                0.9999999997769666,
                2.1724399311072292e-10,
                0.0,
                0.0,
                5.789356318146196e-12
            ],
            [
                0.9999999997521716,
                2.461696948127809e-10,
                0.0,
                0.0,
                1.658678356429562e-12
            ],
            [
                4.8473690494680805e-11,
                6.82560385959339e-08,
                0.9999998774343752,
                5.315785630786536e-08,
                1.1032561104550188e-09
            ],
            [
                5.031036732708767e-10,
                2.8951617445128994e-09,
                1.2975214747244347e-08,
                0.14804719952918355,
                0.8519527840973363
            ],
            [
                3.5114024726797273e-12,
                2.2897220383024403e-11,
                9.544981533891462e-12,
                6.144172126909279e-06,
                0.9999938557919195
            ]
        ],
        [
            [
                0.9999999998797386,
                1.1628233017501062e-10,
                0.0,
                0.0,
                3.978962531484727e-12
            ],
            [
                0.9999999996310092,
                3.581747924483816e-10,
                0.0,
                0.0,
                1.081594153977313e-11
            ],
            [
                7.287724090451143e-14,
                5.905303994593858e-10,
                0.9999999993796258,
                2.940077737118645e-11,
                3.7010116758662977e-13
            ],
            [
                1.4493282446427472e-10,
                9.450807329300908e-10,
                4.799515985784276e-09,
                0.029312227743412328,
                0.9706877663670582
            ],
            [
                7.433652634171242e-12,
                2.940066649968792e-11,
                9.544998921103657e-12,
                3.726639115976376e-06,
                0.9999962733145048
            ]
        ],
        [
            [
                0.9999999995316711,
                4.5990553691159137e-10,
                0.0,
                0.0,
                8.423463737002116e-12
            ],
            [
                0.9999999990168349,
                9.73620028780845e-10,
                0.0,
                0.0,
                9.545034898134327e-12
            ],
            [
                2.9400778320788254e-11,
                3.9278636694517597e-07,
                0.9999995998209091,
                7.194133257385678e-09,
                1.6918979760145935e-10
            ],
            [
                7.431186093568664e-12,
                1.0258435971913875e-10,
                3.7738676926406984e-11,
                0.00033535005535713933,
                0.9996646497968886
            ],
            [
                3.098819389636803e-12,
                9.54503569571317e-12,
                3.098819389636803e-12,
                1.1253518383136265e-07,
                0.9999998874490735
            ]
        ],
        [
            [
                0.9999999996334017,
                3.5817479232205966e-10,
                0.0,
                0.0,
                8.42346373785904e-12
            ],
            [
                0.9999999985751722,
                1.4166087823507926e-09,
                1.6586783538883434e-12,
                0.0,
                6.5602001482760065e-12
            ],
            [
                1.5737103961414064e-11,
                6.825604180703462e-08,
                0.999999924402322,
                7.194133878123643e-09,
                1.3176515822892142e-10
            ],
            [
                3.09880180576662e-12,
                2.0206726065156455e-11,
                1.225599889093181e-11,
                6.144172126708765e-06,
                0.9999938557923118
            ],
            [
                2.4133630787121033e-12,
                1.0815942932621457e-11,
                3.0988195327621195e-12,
                1.8553915985442222e-07,
                0.9999998144445119
            ]
        ],
        [
            [
                0.9999999993999062,
                5.905303988885242e-10,
                1.1399918511025507e-12,
                0.0,
                8.423463740120544e-12
            ],
            [
                0.9999999983787542,
                1.6052280503091621e-09,
                2.1297851644858074e-12,
                0.0,
                1.3887943822774467e-11
            ],
            [
                2.1724276916010795e-10,
                6.14417186611871e-06,
                0.9999938137518443,
                4.1399143868461314e-08,
                4.5990294592093194e-10
            ],
            [
                1.0814910606606592e-11,
                7.052207586822119e-11,
                7.99119811771362e-11,
                9.610239926928537e-05,
                0.9999038974394818
            ],
            [
                2.7346986341721083e-12,
                9.545036118563134e-12,
                2.1297854377575393e-12,
                6.825604231389633e-08,
                0.9999999317295482
            ]
        ],
        [
            [
                0.9999999998432569,
                1.4930946735663746e-10,
                0.0,
                0.0,
                7.433680659254258e-12
            ],
            [
                0.9999999969967794,
                2.998960812101607e-09,
                2.1297851618970136e-12,
                0.0,
                2.1297851618970136e-12
            ],
            [
                1.9171714038115254e-10,
                4.1399374813662164e-08,
                0.9999999428207544,
                1.522997887129712e-08,
                3.581747724875541e-10
            ],
            [
                1.01491375183588e-10,
                5.84042539222977e-10,
                7.499254647891497e-10,
                0.010986942363930817,
                0.9890130562006098
            ],
            [
                3.511415694546533e-12,
                1.7832440310638032e-11,
                6.56018817620062e-12,
                1.0677030765274638e-06,
                0.9999989322690195
            ]
        ],
        [
            [
                0.9999999999263725,
                7.05287984587338e-11,
                0.0,
                0.0,
                3.098819136420066e-12
            ],
            [
                0.9999999992351836,
                7.582560413747136e-10,
                0.0,
                0.0,
                6.56020015589885e-12
            ],
            [
                7.287724093032553e-14,
                1.1628233025773834e-10,
                0.999999999834801,
                4.8473687044164133e-11,
                3.701011677177246e-13
            ],
            [
                1.0803282618277422e-11,
                9.045477789810396e-11,
                1.4913471635705984e-10,
                0.0011695103459305404,
                0.9988304894036767
            ],
            [
                3.5114219258820495e-12,
                1.3887943123409037e-11,
                3.098818973258543e-12,
                5.315784970584921e-08,
                0.999999946821652
            ]
        ],
        [
            [
                0.9999999995292577,
                4.5990553714134115e-10,
                1.2917800027527367e-12,
                0.0,
                9.54503490781676e-12
            ],
            [
                0.9999999987369013,
                1.250152862533696e-09,
                2.1297851643916587e-12,
                0.0,
                1.0815941523950308e-11
            ],
            [
                5.008774635660726e-14,
                2.4616969507425985e-10,
                0.9999999997333986,
                2.020683908141621e-11,
                1.748234127509192e-13
            ],
            [
                7.035440168976096e-11,
                3.572891328906966e-10,
                4.587683277379785e-10,
                0.0024726229635202673,
                0.9975273761500679
            ],
            [
                5.789346059818572e-12,
                3.331538632815519e-11,
                2.0206803248197217e-11,
                1.370956654635627e-06,
                0.9999986289840338
            ]
        ],
        [
            [
                0.9999999997136195,
                2.789468089954944e-10,
                0.0,
                0.0,
                7.433680664586693e-12
            ],
            [
                0.9999999981680925,
                1.818961681301028e-09,
                2.129785163635425e-12,
                0.0,
                1.0815941520109838e-11
            ],
            [
                7.1917184631024784e-09,
                0.0003353500400744484,
                0.9996642451708925,
                3.926545236446026e-07,
                4.942790995773421e-09
            ],
            [
                1.914292279494697e-10,
                7.571172835496048e-10,
                5.203585917709879e-10,
                0.0015011820299119264,
                0.9984988165011829
            ],
            [
                1.3887945630597811e-11,
                3.33154496571994e-11,
                5.109089677603697e-12,
                1.8553915984998298e-07,
                0.9999998144085276
            ]
        ],
        [
            [
                0.9999999996773516,
                3.1608814511787086e-10,
                0.0,
                0.0,
                6.560200161647327e-12
            ],
            [
                0.9999999994704352,
                5.211412477746226e-10,
                0.0,
                0.0,
                8.423463738075125e-12
            ],
            [
                3.1608395997009615e-10,
                1.3007125418754828e-05,
                0.9999868049606914,
                1.8553667945680876e-07,
                2.0611263298026606e-09
            ],
            [
                6.222519112824574e-11,
                3.160055952178523e-10,
                2.1718725763118962e-10,
                0.00026119032649326776,
                0.9997388090780887
            ],
            [
                1.6586784400001472e-12,
                7.433681035754052e-12,
                2.4133628898125254e-12,
                1.444980316748345e-07,
                0.9999998554904626
            ]
        ],
        [
            [
                0.9999999996754885,
                3.1608814488102175e-10,
                0.0,
                0.0,
                8.423463739802383e-12
            ],
            [
                0.9999999990189463,
                9.736200291286092e-10,
                0.0,
                0.0,
                7.433680655766112e-12
            ],
            [
                1.917171659039064e-10,
                5.043472198034754e-07,
                0.9999994057574204,
                8.764248883586913e-08,
                2.061153778630086e-09
            ],
            [
                6.204397813811853e-11,
                4.0457755894438674e-10,
                9.705311106452066e-10,
                0.003172683066994822,
                0.9968273154958526
            ],
            [
                3.978962625632653e-12,
                1.0815941801374932e-11,
                3.978962625632653e-12,
                6.475946146042087e-07,
                0.9999993523866115
            ]
        ],
        [
            [
                0.9999999995335342,
                4.599055369991952e-10,
                0.0,
                0.0,
                6.560200155800432e-12
            ],
            [
                0.9999999983848848,
                1.605228050822006e-09,
                1.4637785101468158e-12,
                0.0,
                8.423463731570546e-12
            ],
            [
                6.431393930164487e-14,
                1.6052280523683325e-09,
                0.9999999983612176,
                3.3315445363193353e-11,
                1.7482341252027929e-13
            ],
            [
                1.5635535324463434e-10,
                1.0195649770035804e-09,
                2.771464949922097e-09,
                0.07585817568747363,
                0.9241418203651411
            ],
            [
                3.978962730477261e-12,
                1.573710287667912e-11,
                8.423464166521575e-12,
                1.444980316793747e-07,
                0.9999998554738287
            ]
        ],
        [
            [
                0.9999999998017226,
                1.9171715122460324e-10,
                0.0,
                0.0,
                6.5602001629790425e-12
            ],
            [
                0.9999999847654772,
                1.5229979493651356e-08,
                2.4133627320497115e-12,
                0.0,
                2.1297851358469676e-12
            ],
            [
                6.560200992520997e-12,
                1.8553915957679825e-07,
                0.9999998130147738,
                1.4166089646569481e-09,
                2.2897351333779845e-11
            ],
            [
                1.9007252377840602e-10,
                8.518459523892542e-10,
                2.3155573730260987e-09,
                0.008577485645269604,
                0.9914225109972546
            ],
            [
                2.4133628846712424e-12,
                1.2256068017138276e-11,
                3.5114222775548746e-12,
                5.043472051657193e-07,
                0.999999495634614
            ]
        ],
        [
            [
                0.9999999998631259,
                1.317651425830077e-10,
                0.0,
                0.0,
                5.109089023490025e-12
            ],
            [
                0.9999999995343052,
                4.599055371436625e-10,
                0.0,
                0.0,
                5.789356319647437e-12
            ],
            [
                2.4616968388770246e-10,
                3.2241865893366727e-08,
                0.999999954400692,
                1.1861119607176337e-08,
                1.2501528090319108e-09
            ],
            [
                5.637038283604871e-11,
                1.1322294058276807e-09,
                1.5629944828394888e-08,
                0.62245931407494,
                0.3775406691065154
            ],
            [
                5.109089266874075e-12,
                1.7832473741677807e-11,
                8.42346414820101e-12,
                5.043472051590698e-07,
                0.9999994956214299
            ]
        ],
        [
            [
                0.9999999997136195,
                2.7894680893541934e-10,
                0.0,
                0.0,
                7.433680662985746e-12
            ],
            [
                0.9999999992359545,
                7.582560412639126e-10,
                0.0,
                0.0,
                5.78935631706974e-12
            ],
            [
                1.2256067129479505e-11,
                9.237449424840192e-09,
                0.9999999745466952,
                1.5229979353750692e-08,
                9.73620006307596e-10
            ],
            [
                3.76946499927791e-11,
                2.457999944070653e-10,
                4.052556791169011e-10,
                0.0015011820282298744,
                0.9984988172830198
            ],
            [
                1.225606801638658e-11,
                4.277788068716822e-11,
                1.0815942062327283e-11,
                5.043472051347864e-07,
                0.999999495586945
            ]
        ],
        [
            [
                0.9999999998242499,
                1.6918979196018973e-10,
                0.0,
                0.0,
                6.560200156470206e-12
            ],
            [
                0.9999999987384225,
                1.2501528628027975e-09,
                1.8795288111508396e-12,
                0.0,
                9.54503489547687e-12
            ],
            [
                2.9984863300429803e-09,
                0.00015843610230892533,
                0.9998412486977802,
                3.0585362903006134e-07,
                6.347795610513867e-09
            ],
            [
                4.2747537325569605e-11,
                3.158639513897657e-10,
                7.577182292437333e-10,
                0.0007096703419857767,
                0.9992903285416845
            ],
            [
                3.978962842979395e-12,
                1.5737103321633688e-11,
                4.508755590332483e-12,
                8.315279902832655e-07,
                0.9999991684477849
            ]
        ],
        [
            [
                0.9999999996285631,
                3.581747925465526e-10,
                1.0060392779301369e-12,
                0.0,
                1.2256067427614374e-11
            ],
            [
                0.9999999994704352,
                5.211412474387236e-10,
                0.0,
                0.0,
                8.423463732645823e-12
            ],
            [
                0.0,
                6.22414462150387e-11,
                0.9999999999237503,
                1.3887943861831469e-11,
                1.2015425729061599e-13
            ],
            [
                6.56018853294657e-12,
                2.0206803251260884e-11,
                1.0815922374072077e-11,
                1.3709566548434855e-06,
                0.9999986290057622
            ],
            [
                3.978962626071143e-12,
                1.3887944179911291e-11,
                5.109089143925951e-12,
                6.475946146755752e-07,
                0.9999993523824093
            ]
        ],
        [
            [
                0.9999999996764783,
                3.160881448217144e-10,
                0.0,
                0.0,
                7.43368065801448e-12
            ],
            [
                0.9999999994722983,
                5.211412477755936e-10,
                0.0,
                0.0,
                6.5602001553987126e-12
            ],
            [
                1.5737103775327e-11,
                3.0590235293391117e-07,
                0.9999996742800572,
                1.955568316116435e-08,
                2.4616972128070816e-10
            ],
            [
                2.129781277717909e-12,
