{
    "[['A', 'B', 'C', 'D', 'E'], ['A', 'B', 'C', 'D', 'E']]": [
        [
            [
                0.9999999991290796,
                8.592166602211657e-10,
                8.878265460932397e-13,
                0.0,
                1.0815941535933116e-11
            ],
            [
                0.9999999983854588,
                1.6052280503199246e-09,
                1.8795288108419495e-12,
                0.0,
                7.433680649819586e-12
            ],
            [
                4.847369049160245e-11,
                2.3823698360243218e-07,
                0.9999997581999923,
                3.398268059879512e-09,
                1.1628233852771296e-10
            ],
            [
                3.0986775739996443e-12,
                4.2775924448980504e-11,
                2.020591597227501e-11,
                4.5397855961926595e-05,
                0.9999546020779576
            ],
            [
                3.9789402799593026e-12,
                2.020672606554796e-11,
                9.544981533764899e-12,
                6.144172126827809e-06,
                0.9999938557941426
            ]
        ],
        [
            [
                0.9999999990166646,
                9.736200289643226e-10,
                1.291780001685796e-12,
                0.0,
                8.423463734252804e-12
            ],
            [
                0.9999999585929047,
                4.139937543331645e-08,
                3.978962367205961e-12,
                1.0060392366466525e-12,
                2.7346981756934046e-12
            ],
            [
                2.4616737861927684e-10,
                1.0129988609396848e-05,
                0.999989800919307,
                6.825539144483819e-08,
                5.905248427504277e-10
            ],
            [
                1.2254899225240627e-11,
                7.991198118566776e-11,
                3.7747747075378705e-11,
                9.610239927954544e-05,
                0.9999038974708058
            ],
            [
                1.5736172762405387e-11,
                9.055542188862654e-11,
                7.99148793289542e-11,
                5.829127676780989e-05,
                0.9999417085370257
            ]
        ],
        [
            [
                0.9999999990166646,
                9.736200287806794e-10,
                1.2917800014421417e-12,
                0.0,
                8.423463732663977e-12
            ],
            [
                0.9999999981765295,
                1.8189616826733408e-09,
                0.0,
                0.0,
                4.508755230199245e-12
            ],
            [
                4.5087557642001294e-12,
                6.825604166424022e-08,
                0.999999922332809,
                9.237450731239986e-09,
                1.6918981184586508e-10
            ],
            [
                1.3886912003634532e-11,
                1.1627369063307594e-10,
                1.6917722161709827e-10,
                7.484619708733545e-05,
                0.9999251535035748
            ],
            [
                2.5937388041396494e-11,
                2.1717109118039085e-10,
                2.1717109118039085e-10,
                0.00033535005487730717,
                0.9996646494848431
            ]
        ],
        [
            [
                0.9999999998291516,
                1.6918979213269553e-10,
                0.0,
                0.0,
                1.6586783576513488e-12
            ],
            [
                0.9999997617524625,
                2.3823698428326525e-07,
                8.42346437439466e-12,
                0.0,
                2.1297853276976275e-12
            ],
            [
                2.1724399844234035e-10,
                8.3152794498353e-07,
                0.9999991142377406,
                5.3157853751661545e-08,
                8.592166814334943e-10
            ],
            [
                2.5940802671314056e-11,
                1.6915528205581517e-10,
                1.0259786481919016e-10,
                0.0002034270614308794,
                0.9997965726408752
            ],
            [
                1.6586783262973888e-12,
                3.978962457593503e-12,
                4.193795575911252e-13,
                1.9555680703300612e-08,
                0.9999999804382623
            ]
        ],
        [
            [
                0.9999999983878427,
                1.6052280505909511e-09,
                1.1399918497813452e-12,
                0.0,
                5.789356312159718e-12
            ],
            [
                0.9999996940880779,
                3.0590235874107504e-07,
                7.433681601597731e-12,
                0.0,
                2.129785437189091e-12
            ],
            [
                8.423463287053403e-12,
                5.315784959453239e-08,
                0.9999999447020447,
                2.0611535080658187e-09,
                7.052879459750168e-11
            ],
            [
                5.108982273936604e-12,
                4.277698484833052e-11,
                8.423287746669189e-12,
                2.1444939764495436e-05,
                0.9999785550039262
            ],
            [
                2.5927692024308715e-11,
                2.1708990742327176e-10,
                5.207716154872912e-10,
                0.0007096703422359643,
                0.9992903288939748
            ]
        ],
        [
            [
                0.9999999998498028,
                1.4930946749737885e-10,
                0.0,
                0.0,
                8.878265471185201e-13
            ],
            [
                0.9999999992392541,
                7.582560416393982e-10,
                6.101936668336469e-13,
                0.0,
                1.879528813684075e-12
            ],
            [
                2.8451668222975685e-08,
                5.8291222052465657e-05,
                0.9999413672483108,
                3.058842602310812e-07,
                7.193708293467922e-09
            ],
            [
                5.789312462497794e-12,
                4.847331977523166e-11,
                3.331519298892313e-11,
                7.889265049404505e-06,
                0.9999921106473727
            ],
            [
                5.789356214873117e-12,
                1.225606720306308e-11,
                2.413362724370332e-12,
                1.955568070325478e-08,
                0.9999999804238605
            ]
        ],
        [
            [
                0.9999999981707353,
                1.8189616816489262e-09,
                1.87952881043837e-12,
                0.0,
                8.423463727127149e-12
            ],
            [
                0.9999999881348706,
                1.186111999906188e-08,
                2.129785143612007e-12,
                0.0,
                1.8795287924082836e-12
            ],
            [
                0.0,
                7.05287984919467e-11,
                0.9999999999198437,
                9.545034920245587e-12,
                8.258073283310769e-14
            ],
            [
                3.331131664250516e-11,
                1.6916882459083184e-10,
                1.6916882459083184e-10,
                0.00012339462792925078,
                0.9998766050004217
            ],
            [
                6.5599632256186165e-12,
                3.7749981932644074e-11,
                1.573653371126921e-11,
                3.53562575199279e-05,
                0.9999646436824337
            ]
        ],
        [
            [
                0.9999999995890259,
                4.05865212032996e-10,
                0.0,
                0.0,
                5.109089020326989e-12
            ],
            [
                0.9999898700000018,
                1.0129988101657157e-05,
                9.544944621558157e-12,
                1.4637646659757296e-12,
                8.878181485183018e-13
            ],
            [
                4.1369936897375284e-08,
                0.000709668697378633,
                0.9992880027797029,
                2.2587198675004523e-06,
                2.843311409382509e-08
            ],
            [
                2.287648208356032e-11,
                1.3164506501565335e-10,
                1.9154243937463058e-10,
                0.0009110514011758628,
                0.9990889482527603
            ],
            [
                1.1399918055232991e-12,
                4.508755054345402e-12,
                1.463778453107665e-12,
                4.139937546210063e-08,
                0.999999958593512
            ]
        ],
        [
            [
                0.9999999997806261,
                2.172439933148734e-10,
                0.0,
                0.0,
                2.1297851690634023e-12
            ],
            [
                0.9999999847553565,
                1.5229979493497215e-08,
                3.978962470205063e-12,
                1.1399918342404218e-12,
                9.54503476539722e-12
            ],
            [
                1.818788245050666e-09,
                9.610239671030619e-05,
                0.9999038632296504,
                3.223879303065196e-08,
                3.1605800564376877e-10
            ],
            [
                2.4133536689599487e-12,
                2.289726209079864e-11,
                6.560175423978795e-12,
                3.7266391156541976e-06,
                0.9999962733290135
            ],
            [
                2.020491302221613e-11,
                5.492264791388564e-11,
                3.774774707402495e-11,
                9.610239927609891e-05,
                0.9999038974878486
            ]
        ],
        [
            [
                0.9999999992294641,
                7.582560412589912e-10,
                1.4637785111680682e-12,
                0.0,
                1.0815941535430042e-11
            ],
            [
                0.9999999976609852,
                2.3355930304165022e-09,
                1.2917800001495811e-12,
                0.0,
                2.1297851633116294e-12
            ],
            [
                4.058636681509512e-10,
                3.72663899051533e-06,
                0.9999962401228729,
                3.2241744678003807e-08,
                5.905281526650847e-10
            ],
            [
                1.3884316867213406e-11,
                1.3173073070441777e-10,
                7.051037909669707e-11,
                0.0002611903272067915,
                0.9997388094566677
            ],
            [
                5.789147226935675e-12,
                7.991671236829814e-11,
                7.991671236829814e-11,
                3.5356257515398665e-05,
                0.999964643576862
            ]
        ],
        [
            [
                0.999999998384469,
                1.6052280508213385e-09,
                1.879528811429045e-12,
                0.0,
                8.423463731567044e-12
            ],
            [
                0.9999999969863698,
                2.9989608120703887e-09,
                2.4133627615431585e-12,
                0.0,
                1.225606739184227e-11
            ],
            [
                6.691560421762229e-10,
                1.3709525198179792e-06,
                0.9999956135370739,
                2.9023065072298506e-06,
                1.1253474302413237e-07
            ],
            [
                6.21847255134626e-11,
                3.5784838784645376e-10,
                4.054953471206667e-10,
                0.0009110514030984489,
                0.9990889477713731
            ],
            [
                2.7346879492813977e-12,
                1.7832405467810484e-11,
                3.978947487864289e-12,
                2.902312200271884e-06,
                0.9999970976632536
            ]
        ],
        [
            [
                0.9999999991276396,
                8.592166602199285e-10,
                8.878265460919613e-13,
                0.0,
                1.2256067419886195e-11
            ],
            [
                0.999999998581641,
                1.4166087837973859e-09,
                6.101936665347209e-13,
                0.0,
                1.139991850754238e-12
            ],
            [
                8.42346442838127e-12,
                1.1253518372254766e-07,
                0.9999998865832881,
                8.592167306583673e-10,
                1.3887944976058097e-11
            ],
            [
                5.109040695229953e-12,
                2.940049925659247e-11,
                1.225595149965962e-11,
                1.0129988105543522e-05,
                0.999989869965129
            ],
            [
                1.0060374949404506e-12,
                7.433667487742651e-12,
                2.1297813935019076e-12,
                1.370956654807986e-06,
                0.9999986290327757
            ]
        ],
        [
            [
                0.9999999979186005,
                2.0611536152286254e-09,
                2.413362763391251e-12,
                0.0,
                1.783247284576825e-11
            ],
            [
                0.9999999981798897,
                1.818961683168183e-09,
                5.38494020477288e-13,
                0.0,
                6.101936662895747e-13
            ],
            [
                5.211383271095371e-10,
                6.144172047428096e-06,
                0.9999938431995923,
                1.1861053654229083e-08,
                2.461683150779514e-10
            ],
            [
                2.59224502589751e-11,
                2.786926045496497e-10,
                9.727327695865678e-10,
                0.0009110514030075683,
                0.9990889473196446
            ],
            [
                1.4637590587940865e-12,
                1.573689294233394e-11,
                9.544908058140888e-12,
                1.3007124771838834e-05,
                0.9999869928484826
            ]
        ],
        [
            [
                0.9999999981658585,
                1.8189616826539305e-09,
                1.2917800013067698e-12,
                0.0,
                1.3887943827558813e-11
            ],
            [
                0.9999999969962816,
                2.998960813272516e-09,
                1.6586783525068644e-12,
                0.0,
                3.0988191267512886e-12
            ],
            [
                6.560200142285592e-12,
                2.6465736284731455e-09,
                0.9999999961730814,
                1.1032560279931937e-09,
                7.052879823301238e-11
            ],
            [
                2.9390911135989505e-11,
                1.691330158734118e-10,
                1.916528152994836e-10,
                0.0003353500552844005,
                0.9996646495545388
            ],
            [
                9.544325738080904e-12,
                9.05540413390692e-11,
                5.492380243303073e-11,
                7.484619710669904e-05,
                0.9999251536478712
            ]
        ],
        [
            [
                0.9999999976481055,
                2.3355930295571096e-09,
                2.413362762283242e-12,
                0.0,
                1.3887943810007728e-11
            ],
            [
                0.43782348973085394,
                0.5621764887437632,
                2.053902289718204e-08,
                9.024216857231324e-10,
                8.393829215016305e-11
            ],
            [
                3.775134652609702e-11,
                6.475946185728509e-07,
                0.9999992393113109,
                1.1253517794854892e-07,
                5.211412637434326e-10
            ],
            [
                7.047877407999668e-11,
                4.055773419223522e-10,
                3.5792074800496917e-10,
                0.000709670342450154,
                0.9992903288235729
            ],
            [
                6.646797509258724e-10,
                3.375522300730065e-09,
                1.1781730490108574e-08,
                0.006692851320162734,
                0.9933071328579047
            ]
        ],
        [
            [
                0.9999999991288273,
                8.592166599517109e-10,
                1.1399918504363032e-12,
                0.0,
                1.0815941532541181e-11
            ],
            [
                0.9999999961466743,
                3.850741904180294e-09,
                1.2917799985506442e-12,
                0.0,
                1.2917799985506442e-12
            ],
            [
                2.1724027318864233e-10,
                1.6701414772399503e-05,
                0.9999832785954009,
                1.9555346195383244e-08,
                2.1724027318864233e-10
            ],
            [
                2.4133123447673525e-12,
                2.0206416869569082e-11,
                5.789235360488209e-12,
                2.144493976461067e-05,
                0.9999785550318264
            ],
            [
                1.3886620097679263e-11,
                1.0260901492628991e-10,
                1.162712465344363e-10,
                9.610239963651774e-05,
                0.9999038973675966
            ]
        ],
        [
            [
                0.9999999995349855,
                4.599055370764167e-10,
                0.0,
                0.0,
                5.109089019300382e-12
            ],
            [
                0.9999999950522322,
                4.944450472019657e-09,
                1.6586783488775293e-12,
                0.0,
                1.6586783488775293e-12
            ],
            [
                0.0,
                2.020683908574531e-11,
                0.9999999999701654,
                9.54503492072591e-12,
                8.258073283726331e-14
            ],
            [
                9.539757689492206e-12,
                1.316922927416992e-10,
                1.316922927416992e-10,
                0.0005527785834816785,
                0.999447221143594
            ],
            [
                3.511408869033894e-12,
                1.573704274983735e-11,
                6.560175424464224e-12,
                3.7266391159299555e-06,
                0.9999962733350755
            ]
        ],
        [
            [
                0.9999999998302,
                1.6918979211956983e-10,
                0.0,
                0.0,
                6.101936672486052e-13
            ],
            [
                0.9999999847690402,
                1.5229979502554148e-08,
                6.101936580583808e-13,
                0.0,
                3.7010116197461487e-13
            ],
            [
                5.905281525341263e-10,
                3.726638989688892e-06,
                0.9999962397704844,
                3.224174467085372e-08,
                7.582531571234737e-10
            ],
            [
                2.7346724207786977e-12,
                2.5945849527323375e-11,
                1.2255951499158827e-11,
                1.01299881051296e-05,
                0.9999898699709584
            ],
            [
                1.0814229810745727e-11,
                7.990695073832837e-11,
                6.22315958078583e-11,
                0.00015843624733586956,
                0.9998415635997113
            ]
        ],
        [
            [
                0.9999999983856798,
                1.605228050587479e-09,
                1.6586783541629916e-12,
                0.0,
                7.43368065105861e-12
            ],
            [
                0.9999999973384357,
                2.6465736285564695e-09,
                2.7346982808945083e-12,
                0.0,
                1.2256067396157214e-11
            ],
            [
                2.215496944791485e-08,
                0.0002034268633958333,
                0.9997964372195183,
                1.1251221861243385e-07,
                1.2498978470754892e-09
            ],
            [
                3.330426549390941e-11,
                1.3172092522892812e-10,
                9.053037970226957e-11,
                0.0003353500540528489,
                0.9996646496903916
            ],
            [
                3.978940279692865e-12,
                2.5945949854472877e-11,
                1.0815881058812865e-11,
                6.144172126416383e-06,
                0.9999938557871327
            ]
        ],
        [
            [
                0.9999999998829341,
                1.1628233020042522e-10,
                0.0,
                0.0,
                7.835041778206205e-13
            ],
            [
                0.9999999991403081,
                8.59216660527243e-10,
                0.0,
                0.0,
                4.752193055082351e-13
            ],
            [
                2.2897347951593895e-11,
                1.1861119889819028e-08,
                0.9999999781202771,
                9.237449458294873e-09,
                7.582560260724694e-10
            ],
            [
                2.2895996268378102e-11,
                1.0261273623049128e-10,
                7.052463347862261e-11,
                5.829127676813953e-05,
                0.9999417085271984
            ],
            [
                2.734641150308651e-12,
                1.5736773281481553e-11,
                7.433525346240348e-12,
                2.1444939765147455e-05,
                0.99997855503433
            ]
        ],
        [
            [
                0.9999999995335342,
                4.599055369124483e-10,
                0.0,
                0.0,
                6.560200154563053e-12
            ],
            [
                0.9999999994782485,
                5.211412480691744e-10,
                0.0,
                0.0,
                6.101936669178744e-13
            ],
            [
                8.258073277015125e-14,
                7.582560420069752e-10,
                0.9999999992119339,
                2.940077736243739e-11,
                3.2661313394094975e-13
            ],
            [
                8.421263869288717e-12,
                5.491353845620301e-11,
                2.020156184001447e-11,
                0.00026119032660167394,
                0.9997388095898619
            ],
            [
                6.560175358265685e-12,
                3.3315319426656115e-11,
                1.3887891342430516e-11,
                2.9023122002829407e-06,
                0.9999970976340363
            ]
        ],
        [
            [
                0.9999999999189404,
                7.99195988695822e-11,
                0.0,
                0.0,
                1.1399918521891128e-12
            ],
            [
                0.9999999907466254,
                9.237449563407159e-09,
                5.1090889735494295e-12,
                0.0,
                1.0815941441879776e-11
            ],
            [
                5.109088888046275e-12,
                2.510999086928838e-08,
                0.9999999727438268,
                2.061153565951648e-09,
                7.991959673930414e-11
            ],
            [
                1.783114797299898e-11,
                1.3175535268082305e-10,
                1.6917722162683413e-10,
                7.484619709164271e-05,
                0.9999251534841446
            ],
            [
                5.109069757789998e-12,
                2.940066650007827e-11,
                1.225602121711689e-11,
                3.7266391160258545e-06,
                0.9999962733141182
            ]
        ],
        [
            [
                0.9999999998959175,
                1.0261879622852675e-10,
                0.0,
                0.0,
                1.4637785128636361e-12
            ],
            [
                0.9999999895229391,
                1.0467401668274486e-08,
                3.0988191012809976e-12,
                0.0,
                6.5602000888915455e-12
            ],
            [
                1.4930947727387992e-10,
                8.315279798619194e-07,
                0.999999156182643,
                1.1861120918269032e-08,
                2.789468273232444e-10
            ],
            [
                1.6423040624943295e-10,
                9.450807352844952e-10,
                2.2671308266782345e-09,
                0.02931222781643555,
                0.9706877688071225
            ],
            [
                3.098819532823146e-12,
                1.2256069002800441e-11,
                3.978963041873352e-12,
                1.8553915985807614e-07,
                0.9999998144415062
            ]
        ],
        [
            [
                0.999999998384469,
                1.6052280505855354e-09,
                1.8795288111529476e-12,
                0.0,
                8.423463730329662e-12
            ],
            [
                0.9999999943933264,
                5.6027964006692224e-09,
                1.4637785044938166e-12,
                0.0,
                2.4133627559525784e-12
            ],
            [
                5.492778256879364e-11,
                1.0677030661598735e-06,
                0.9999989227256271,
                9.23743268634607e-09,
                2.7894629666744985e-10
            ],
            [
                4.271363431271629e-11,
                3.1561344012586983e-10,
                6.681536579896498e-10,
                0.0015011820272732518,
                0.998498816946246
            ],
            [
                3.5114219997318008e-12,
                1.3887943415490471e-11,
                2.4133626937264224e-12,
                3.224186632908194e-08,
                0.999999967738321
            ]
        ],
        [
            [
                0.9999999990153712,
                9.736200291251282e-10,
                1.4637785108546834e-12,
                0.0,
                9.54503490150956e-12
            ],
            [
                0.9999999993297313,
                6.691586083320358e-10,
                3.2661313388961457e-13,
                0.0,
                7.835041775729642e-13
            ],
            [
                8.151757091585372e-09,
                2.7535585126426352e-05,
                0.9999685441935912,
                3.72653621217077e-06,
                1.855333131706669e-07
            ],
            [
                1.0242110798342375e-10,
                6.678695192637047e-10,
                1.2477445294566182e-09,
                0.001926734329064631,
                0.9980732636529002
            ],
            [
                7.433412180171357e-12,
                7.052625112823576e-11,
                5.492589960576055e-11,
                3.535625751463096e-05,
                0.9999646436095998
            ]
        ],
        [
            [
                0.9999999987359325,
                1.2501528630354873e-09,
                1.6586783544678513e-12,
                0.0,
                1.2256067411244934e-11
            ],
            [
                0.9999999950429057,
                4.9444504704241845e-09,
                3.0988191189708726e-12,
                0.0,
                9.54503486200341e-12
            ],
            [
                1.4930918837162456e-10,
                1.0677030313870996e-06,
                0.9999988901578303,
                4.1399299760095284e-08,
                5.90529295446776e-10
            ],
            [
                2.4133492729438164e-12,
                1.573701408304681e-11,
                5.109060450914246e-12,
                6.144172126784351e-06,
                0.9999938558046138
            ],
            [
                2.0188424579775284e-11,
                1.4917340176899e-10,
                2.4594536051922993e-10,
                0.0009110514038630004,
                0.9990889481808297
            ]
        ],
        [
            [
                0.9999999991303505,
                8.592166603336431e-10,
                8.878265462094622e-13,
                0.0,
                9.545034905246556e-12
            ],
            [
                0.999999997656188,
                2.3355930300165244e-09,
                1.6586783526769025e-12,
                0.0,
                6.560200143484665e-12
            ],
            [
                5.384940177646659e-13,
                7.194132976743024e-09,
                0.999999992701246,
                1.026187955527076e-10,
                1.4637785032235937e-12
            ],
            [
                4.508721079247468e-12,
                2.2897174962185462e-11,
                1.5736982866111152e-11,
                7.889265049420503e-06,
                0.9999921106918077
            ],
            [
                6.2207034286054e-11,
                3.5797676596890653e-10,
                6.687886458760704e-10,
                0.0005527785842309268,
                0.9994472203267967
            ]
        ],
        [
            [
                0.9999999995926712,
                4.0586521213352253e-10,
                0.0,
                0.0,
                1.4637785122719667e-12
            ],
            [
                0.9999999981798897,
                1.8189616834057846e-09,
                5.384940205476287e-13,
                0.0,
                6.101936663692812e-13
            ],
            [
                1.818937515767834e-09,
                1.3007124802925548e-05,
                0.9999868767036427,
                1.1253367926386239e-07,
                1.818937515767834e-09
            ],
            [
                1.3887309416085919e-11,
                6.223860282647515e-11,
                2.939943426455925e-11,
                4.539785573808039e-05,
                0.9999546020387365
            ],
            [
                9.038631034459506e-11,
                6.678695177115687e-10,
                3.391721273098709e-09,
                0.001926734328034942,
                0.9980732615219879
            ]
        ],
        [
            [
                0.9999999997202695,
                2.7894680902220294e-10,
                0.0,
                0.0,
                7.835041777629805e-13
            ],
            [
                0.999999998387519,
                1.6052280503232316e-09,
                1.4637785096919922e-12,
                0.0,
                5.7893563111941716e-12
            ],
            [
                3.5817206379797997e-10,
                7.889264711901535e-06,
                0.9999920683089009,
                4.1399061731715726e-08,
                6.691535102557321e-10
            ],
            [
                5.1084558602855566e-12,
                6.223373266644906e-11,
                3.774666693056101e-11,
                0.00012339462823727156,
                0.9998766052666739
            ],
            [
                5.108602042245871e-12,
                5.492264791860196e-11,
                3.3312269875234336e-11,
                9.610239950880773e-05,
                0.9999038975071477
            ]
        ],
        [
            [
                0.999999999015543,
                9.736200289632308e-10,
                1.2917800016843473e-12,
                0.0,
                9.545034899922371e-12
            ],
            [
                0.9999998554947296,
                1.4449803150214517e-07,
                5.109089271719667e-12,
                0.0,
                2.12978527252686e-12
            ],
            [
                6.897271836743641e-07,
                0.060086552261234896,
                0.9399117336364946,
                1.003547130674991e-06,
                2.0827956222210672e-08
            ],
            [
                2.2895165933962576e-11,
                9.055213785281954e-11,
                1.0260901492981648e-10,
                9.61023995240971e-05,
                0.9999038973844195
            ],
            [
                1.8794966675183932e-12,
                2.2896956801205132e-11,
                1.225585780615067e-11,
                1.6701415110494686e-05,
                0.9999832985478572
            ]
        ],
        [
            [
                0.9999999985767141,
                1.416608783409783e-09,
                8.878265458194995e-13,
                0.0,
                5.789356315516431e-12
            ],
            [
                0.9999999907587912,
                9.237449568668423e-09,
                1.8795287975550426e-12,
                0.0,
                1.8795287975550426e-12
            ],
            [
                1.2501457508709752e-09,
                4.785094720016885e-06,
                0.9999951882291992,
                2.5109848638485143e-08,
                3.1608634634723867e-10
            ],
            [
                4.271363431943331e-11,
                3.576368815019697e-10,
                4.0525567903360085e-10,
                0.0015011820295165743,
                0.9984988171648772
            ],
            [
                2.413362884398086e-12,
                1.081594206176645e-11,
                3.511422277157434e-12,
                5.043472051086347e-07,
                0.9999994956360542
            ]
        ],
        [
            [
                0.9999999999566838,
                4.277787866554368e-11,
                0.0,
                0.0,
                5.384940214714465e-13
            ],
            [
                0.9999999847686267,
                1.5229979506557805e-08,
                7.835041662545974e-13,
                0.0,
                6.101936582187885e-13
            ],
            [
                8.591856181686638e-10,
                3.535625709192383e-05,
                0.9999646322673948,
                1.0467023604463026e-08,
                1.4930407302507713e-10
            ],
            [
                6.198814521244399e-11,
                4.0421348253510425e-10,
                1.2450651794644623e-09,
                0.004070137772942238,
                0.995929860515791
            ],
            [
                1.2917751194552082e-12,
                1.3887891342708304e-11,
                3.098807419422496e-12,
                2.9023122003409934e-06,
                0.9999970976695212
            ]
        ],
        [
            [
                0.9999999998268312,
                1.6918979206748806e-10,
                0.0,
                0.0,
                3.9789625312742095e-12
            ],
            [
                0.9999991684685885,
                8.315279900383796e-07,
                2.12978533472991e-12,
                0.0,
                1.2917801041200239e-12
            ],
            [
                2.3355443466939528e-09,
                2.144494077432376e-05,
                0.9999783641896918,
                1.8553509122842296e-07,
                2.9988983029564013e-09
            ],
            [
                1.3884316866765569e-11,
                1.317307307001688e-10,
                1.0259199622385982e-10,
                0.0002611903273716321,
                0.9997388094244213
            ],
            [
                1.573617276183321e-11,
                1.1627546331965008e-10,
                9.055542188533389e-11,
                5.8291276765690384e-05,
                0.9999417085006672
            ]
        ],
        [
            [
                0.9999999987409498,
                1.250152863249855e-09,
                1.4637785104529913e-12,
                0.0,
                7.433680653699574e-12
            ],
            [
                0.9999999865519826,
                1.3440409753585589e-08,
                3.0988190931748542e-12,
                0.0,
                4.508755176024373e-12
            ],
            [
                2.172431730028393e-10,
                2.9023122147862056e-06,
                0.9999969838325405,
                1.1253474968711409e-07,
                1.103251865475025e-09
            ],
            [
                1.7811601842021465e-11,
                2.1698973187088136e-10,
                2.1698973187088136e-10,
                0.001169510346539299,
                0.9988304892016696
            ],
            [
                9.545035657961785e-12,
                2.94007796571773e-11,
                5.1090894215453255e-12,
                8.31527990137383e-07,
                0.9999991684279549
            ]
        ],
        [
            [
                0.9999999979361816,
                2.061153615910731e-09,
                1.0060392760971157e-12,
                0.0,
                1.6586783536610735e-12
            ],
            [
                0.9999999993299962,
                6.691586083322131e-10,
                3.70101167418423e-13,
                0.0,
                4.752193057110601e-13
            ],
            [
                7.582502755280528e-10,
                7.8892648213319e-06,
                0.9999919631444275,
                1.4449692556510906e-07,
                2.3355752743782473e-09
            ],
            [
                5.788926186695154e-12,
                7.052355830837189e-11,
                4.8470085527534e-11,
                7.484619711012111e-05,
                0.9999251536781073
            ],
            [
                8.422837899340461e-12,
                1.026111718406995e-10,
                1.6917722162522728e-10,
                7.484619709093183e-05,
                0.9999251535226978
            ]
        ],
        [
            [
                0.9999999988861907,
                1.1032560303764839e-09,
                2.129785167158447e-12,
                0.0,
                8.423463739449883e-12
            ],
            [
                0.9999999973517288,
                2.646573629893492e-09,
                1.0060392758562168e-12,
                0.0,
                6.914400083386111e-13
            ],
            [
                3.160875716186447e-10,
                1.7603431164997418e-06,
                0.9999982298861194,
                9.237432892704695e-09,
                2.1724359913256806e-10
            ],
            [
                1.2241722987166342e-11,
                1.1614623388411205e-10,
                1.0249869164959487e-10,
                0.0011695103473599918,
                0.9988304894217533
            ],
            [
                1.5734611524803004e-11,
                1.3174428931268137e-10,
                3.5811810764191296e-10,
                0.00015843624674167443,
                0.9998415632476613
            ]
        ],
        [
            [
                0.999999999640518,
                3.58174792659885e-10,
                4.1937956540656366e-13,
                0.0,
                8.878265469327115e-13
            ],
            [
                0.9999999990254296,
                9.736200296138418e-10,
                4.752193054536426e-13,
                0.0,
                4.752193054536426e-13
            ],
            [
                9.73575526724301e-10,
                4.539785451280909e-05,
                0.9999545756031835,
                2.510884376928e-08,
                4.598845153917757e-10
            ],
            [
                1.2254899220599284e-11,
                1.4929523574398047e-10,
                2.4614623078529067e-10,
                9.610239924314822e-05,
                0.9999038971930605
            ],
            [
                2.9328077980732274e-11,
                2.4556099045647377e-10,
