{
    "[['A', 'B', 'C', 'D', 'E'], ['A', 'B', 'C', 'D', 'E']]": [
        [
            [
                0.9999999997454068,
                2.461696946710921e-10,
                0.0,
                0.0,
                8.423463737002132e-12
            ],
            [
                0.9999999998233766,
                1.6918979196004198e-10,
                0.0,
                0.0,
                7.433680659106474e-12
            ],
            [
                5.6006386550447e-09,
                0.00012336227576441438,
                0.9996145323011556,
                0.0002611579398426426,
                9.418825985142886e-07
            ],
            [
                4.2766298995190165e-11,
                2.334960808901698e-09,
                1.0127341789760609e-05,
                0.9997286826932675,
                0.0002611875872155205
            ],
            [
                3.08791725841117e-11,
                5.473464305731904e-10,
                2.45303651558842e-09,
                0.43782349816609367,
                0.5621764988026441
            ]
        ],
        [
            [
                0.999999999855979,
                1.317651424704646e-10,
                0.0,
                0.0,
                1.2256067422660569e-11
            ],
            [
                0.9999999987375674,
                1.2501528632456266e-09,
                1.4637785104480404e-12,
                0.0,
                1.0815941530109716e-11
            ],
            [
                1.0603575891114277e-13,
                9.23744957449743e-09,
                0.9999999906997835,
                6.224144563968828e-11,
                4.1937956186667896e-13
            ],
            [
                5.200718481235321e-10,
                1.7222414301603154e-08,
                0.0005519491578538168,
                0.9979476797336327,
                0.0015003533660273031
            ],
            [
                3.7220406192029446e-11,
                8.471325402690429e-10,
                3.1788414053085374e-08,
                0.9859363405239544,
                0.014063626803278566
            ]
        ],
        [
            [
                0.9999999998616746,
                1.3176514247121512e-10,
                0.0,
                0.0,
                6.56020015671572e-12
            ],
            [
                0.9999999994680426,
                5.211412474374768e-10,
                0.0,
                0.0,
                1.0815941529238755e-11
            ],
            [
                1.1456644620560025e-05,
                0.8807860285539584,
                0.11920141270345029,
                1.0656339474494863e-06,
                3.64640232655401e-08
            ],
            [
                7.989110517699126e-11,
                4.361906546767076e-09,
                9.607729372601735e-05,
                0.9996427531028133,
                0.0002611651616629552
            ],
            [
                2.982077098992754e-09,
                8.714906739848608e-08,
                0.0031648621901678217,
                0.994370250526672,
                0.002464797152015781
            ]
        ],
        [
            [
                0.9999999997071651,
                2.7894680869781357e-10,
                0.0,
                0.0,
                1.388794383563551e-11
            ],
            [
                0.9999999997442852,
                2.4616969472343074e-10,
                0.0,
                0.0,
                9.545034905077865e-12
            ],
            [
                7.136961060619634e-06,
                0.09534785129474448,
                0.9046352618673563,
                9.16403939974631e-06,
                5.85837438839782e-07
            ],
            [
                7.035252258521854e-11,
                3.841117583317931e-09,
                2.7467600018400545e-05,
                0.9974999727447238,
                0.002472555743787848
            ],
            [
                1.573182083817217e-11,
                3.1598206831408023e-10,
                1.5224868662974703e-08,
                0.999664634393972,
                0.00033535004944542583
            ]
        ],
        [
            [
                0.9999999999484275,
                4.8473686982391326e-11,
                0.0,
                0.0,
                3.0988191335877005e-12
            ],
            [
                0.9999999995833189,
                4.058652117401997e-10,
                0.0,
                0.0,
                1.0815941533105112e-11
            ],
            [
                4.3627633315739296e-09,
                0.0001584360945312403,
                0.999840484815717,
                1.067534007693592e-06,
                7.192980703796493e-09
            ],
            [
                2.4604013249895287e-10,
                8.147730187679364e-09,
                9.606106710429986e-05,
                0.999473414909885,
                0.000430515629240454
            ],
            [
                6.212154203428361e-11,
                2.331093667084009e-09,
                5.703998136876735e-07,
                0.880796567242635,
                0.11920285996433612
            ]
        ],
        [
            [
                0.9999999997743325,
                2.172439931872886e-10,
                0.0,
                0.0,
                8.423463742037128e-12
            ],
            [
                0.9999999994680426,
                5.211412475636931e-10,
                0.0,
                0.0,
                1.081594153185829e-11
            ],
            [
                4.531039343145323e-05,
                0.9980276285245135,
                0.0019266469545539291,
                3.9201171350241266e-07,
                2.2115787516066912e-08
            ],
            [
                9.696503908196873e-10,
                4.123058377943684e-08,
                0.003169800949854734,
                0.9959219936726857,
                0.0009081631772253681
            ],
            [
                1.2241723225232691e-11,
                4.0539019735680116e-10,
                9.919571071220931e-08,
                0.9988303900186466,
                0.001169510368010669
            ]
        ],
        [
            [
                0.9999999998422671,
                1.4930946738465228e-10,
                0.0,
                0.0,
                8.423463741207236e-12
            ],
            [
                0.9999999996334017,
                3.581747922455056e-10,
                0.0,
                0.0,
                8.423463736058662e-12
            ],
            [
                1.2682467755299942e-06,
                0.001785824433343757,
                0.4369768865149105,
                0.5610894314088167,
                0.00014658939615354714
            ],
            [
                4.0454746794176956e-10,
                1.0433416710858e-08,
                7.460880437213468e-05,
                0.9967529347709889,
                0.003172445586674713
            ],
            [
                1.9148984110945252e-10,
                4.93858809290207e-09,
                1.6681882437668247e-05,
                0.9988138221828161,
                0.0011694908046682418
            ]
        ],
        [
            [
                0.9999999997115081,
                2.7894680875864536e-10,
                0.0,
                0.0,
                9.545034904765006e-12
            ],
            [
                0.9999999998077445,
                1.917171511936018e-10,
                0.0,
                0.0,
                5.384940212635587e-13
            ],
            [
                2.6943751901457014e-07,
                0.0019267323789160544,
                0.9980722462584833,
                7.324071118423945e-07,
                1.9517969799531588e-08
            ],
            [
                9.533863745735841e-12,
                2.786203396370118e-10,
                8.75399084795771e-08,
                0.9988304017907478,
                0.0011695103811895599
            ],
            [
                4.2672020354897405e-11,
                1.4131032400429455e-09,
                2.2547359854642606e-06,
                0.9975251267376156,
                0.002472617070623597
            ]
        ],
        [
            [
                0.9999999998598115,
                1.317651425541935e-10,
                0.0,
                0.0,
                8.42346374508652e-12
            ],
            [
                0.9999999976514611,
                2.3355930295649467e-09,
                2.129785162535111e-12,
                0.0,
                1.0815941514521982e-11
            ],
            [
                5.675685224892099e-14,
                1.2501528646817566e-09,
                0.9999999987267387,
                2.2897348425227623e-11,
                1.542811201087768e-13
            ],
            [
                1.0814600863438348e-11,
                4.598485301122118e-10,
                1.4448011330736175e-07,
                0.9998764605424426,
                0.00012339450678092355
            ],
            [
                5.488892288420193e-11,
                1.6040894588142377e-09,
                5.03989445580148e-07,
                0.9992898243681533,
                0.0007096699834229049
            ]
        ],
        [
            [
                0.9999999997430142,
                2.461696948786006e-10,
                0.0,
                0.0,
                1.0815941543975531e-11
            ],
            [
                0.9999999981666525,
                1.8189616809096356e-09,
                2.1297851631771515e-12,
                0.0,
                1.2256067399336536e-11
            ],
            [
                2.4907353957978952e-05,
                0.9045231052296951,
                0.09533603215122423,
                0.00011162701600451582,
                4.328249118194055e-06
            ],
            [
                7.419359916696265e-12,
                2.7840942689546767e-10,
                3.6464438933543184e-08,
                0.9980732289896372,
                0.0019267342600951243
            ],
            [
                1.4893714580365247e-10,
                5.588825164463188e-09,
                2.139193151101243e-05,
                0.9975060324048414,
                0.0024725699258853185
            ]
        ],
        [
            [
                0.9999999998586899,
                1.3176514256912012e-10,
                0.0,
                0.0,
                9.545034913290565e-12
            ],
            [
                0.9999999995243574,
                4.5990553699497474e-10,
                0.0,
                0.0,
                1.5737102077084347e-11
            ],
            [
                1.2711388852120656e-07,
                0.0031726665690348954,
                0.996822376359308,
                4.76991347649866e-06,
                6.004429206354149e-08
            ],
            [
                1.16241754460732e-10,
                3.8493982354384786e-09,
                1.3002771256131404e-05,
                0.9996516473725426,
                0.0003353458905611363
            ],
            [
                3.087917256833718e-11,
                9.024217020668111e-10,
                3.1497612324696217e-09,
                0.5621764986487586,
                0.4378234972681793
            ]
        ],
        [
            [
                0.9999999997454068,
                2.4616969461147174e-10,
                0.0,
                0.0,
                8.423463734962037e-12
            ],
            [
                0.9999999965958735,
                3.3982678041777785e-09,
                1.879528808067328e-12,
                0.0,
                3.9789625179025336e-12
            ],
            [
                1.121779373550049e-07,
                0.0031726757405611157,
                0.9968248988850247,
                2.25315195393681e-06,
                6.004452299695371e-08
            ],
            [
                3.576832549380266e-10,
                3.2197620523754365e-08,
                0.0011692727742347799,
                0.9986275055295134,
                0.00020318914094801974
            ],
            [
                1.3875287257993056e-11,
                4.054953323737423e-10,
                3.650152657603589e-08,
                0.9990889117115485,
                0.0009110513675544609
            ]
        ],
        [
            [
                0.9999999997705,
                2.1724399315029447e-10,
                0.0,
                0.0,
                1.2256067423924662e-11
            ],
            [
                0.9999999997115081,
                2.7894680881126004e-10,
                0.0,
                0.0,
                9.545034906565383e-12
            ],
            [
                5.313464302434502e-08,
                0.00043055447188802555,
                0.9995631826375392,
                6.141529697576441e-06,
                6.822623214988899e-08
            ],
            [
                1.3167144057749653e-10,
                7.189017067730392e-09,
                0.00015834863854064516,
                0.9992889529854169,
                0.0005526910553540115
            ],
            [
                1.1617591406020991e-10,
                2.9962163138034225e-09,
                3.7232427104480986e-06,
                0.9990852257573678,
                0.0009110478875296006
            ]
        ],
        [
            [
                0.9999999998752942,
                1.1628233019953682e-10,
                0.0,
                0.0,
                8.42346374703105e-12
            ],
            [
                0.9999998724643989,
                1.2751906737011853e-07,
                9.545035538226343e-12,
                1.8795289377157156e-12,
                5.109089357455562e-12
            ],
            [
                3.7116201395928595e-05,
                0.817538683611474,
                0.18241752965744673,
                6.449828682471428e-06,
                2.207010009467844e-07
            ],
            [
                1.0984727728159273e-09,
                4.6708250847742374e-08,
                0.0031689846042504254,
                0.9956651633037334,
                0.0011658042852925508
            ],
            [
                2.389533760283002e-10,
                5.438553770648156e-09,
                2.194069186037951e-06,
                0.9706856352354085,
                0.02931216501789831
            ]
        ],
        [
            [
                0.9999999998441302,
                1.4930946738493047e-10,
                0.0,
                0.0,
                6.560200157838004e-12
            ],
            [
                0.9999999995867013,
                4.0586521182831956e-10,
                0.0,
                0.0,
                7.433680657347106e-12
            ],
            [
                7.6440517290319e-08,
                0.0007018769364646414,
                0.9883163126006983,
                0.010979202660041786,
                2.5313622780251478e-06
            ],
            [
                2.1708617759608135e-10,
                6.344188059051448e-09,
                1.6689567915607322e-05,
                0.999273645384925,
                0.0007096584858851558
            ],
            [
                3.9959780165770173e-11,
                8.02613639962039e-10,
                4.076008388683619e-09,
                0.4999999978478168,
                0.4999999972336014
            ]
        ],
        [
            [
                0.9999999998223867,
                1.69189792086092e-10,
                0.0,
                0.0,
                8.423463745734948e-12
            ],
            [
                0.9999999993986537,
                5.905303983221167e-10,
                0.0,
                0.0,
                1.0815941528488248e-11
            ],
            [
                1.8131734904745912e-09,
                7.864227363530312e-06,
                0.996818649293112,
                0.0031726557828851173,
                8.288834658942895e-07
            ],
            [
                4.841658299641818e-11,
                1.8168188732744373e-09,
                7.880038381789567e-06,
                0.9988226172604461,
                0.0011695008359366443
            ],
            [
                6.217879268760544e-11,
                3.846865685414943e-09,
                9.601490406238056e-05,
                0.9989930175751774,
                0.0009109636117157704
            ]
        ],
        [
            [
                0.9999999998586899,
                1.3176514247082182e-10,
                0.0,
                0.0,
                9.545034906169861e-12
            ],
            [
                0.9999999993281068,
                6.691586080281688e-10,
                0.0,
                0.0,
                2.734698287091892e-12
            ],
            [
                9.23630562500107e-09,
                0.0001233944023871552,
                0.9998754965526736,
                1.0675707592248882e-06,
                3.223787429118767e-08
            ],
            [
                9.01920425005768e-11,
                2.326083433915799e-09,
                6.449590827938691e-07,
                0.9959292170106505,
                0.0040701356139912735
            ],
            [
                6.789614092490825e-11,
                1.7510645535190267e-09,
                8.437101507044492e-08,
                0.962673028993754,
                0.037326884816270264
            ]
        ],
        [
            [
                0.9999999998422671,
                1.4930946735648965e-10,
                0.0,
                0.0,
                8.42346373961841e-12
            ],
            [
                0.9999999981696137,
                1.8189616816468861e-09,
                1.8795288104362622e-12,
                0.0,
                9.545034891847946e-12
            ],
            [
                8.25807326659414e-14,
                2.0611536177058386e-09,
                0.9999999978955665,
                4.277787859146553e-11,
                4.193795648749958e-13
            ],
            [
                1.3160515385146696e-10,
                6.341091421578874e-09,
                4.534476205687738e-05,
                0.9987851913767207,
                0.00116945738852584
            ],
            [
                3.317980079407547e-11,
                1.4108410303106314e-09,
                1.7531790203214879e-06,
                0.9959281152588919,
                0.00407013011806688
            ]
        ],
        [
            [
                0.9999999998449012,
                1.4930946743183213e-10,
                0.0,
                0.0,
                5.789356321445588e-12
            ],
            [
                0.9999999995357038,
                4.5990553700019306e-10,
                1.2917800023562807e-12,
                0.0,
                3.098819132893241e-12
            ],
            [
                1.7689241427674014e-08,
                8.693861548834596e-05,
                0.9045582118675346,
                0.09533972416168408,
                1.5107666051531826e-05
            ],
            [
                2.1702531005177579e-10,
                8.14381467831946e-09,
                9.601490357179381e-05,
                0.9989930131285271,
                0.0009109636070612151
            ],
            [
                6.556573181089094e-12,
                3.1591338740792585e-10,
                2.381052508917348e-07,
                0.9994469829900349,
                0.0005527785822442963
            ]
        ],
        [
            [
                0.9999999997974669,
                1.9171715109732638e-10,
                0.0,
                0.0,
                1.0815941541573527e-11
            ],
            [
                0.9999999997761957,
                2.1724399311055544e-10,
                0.0,
                0.0,
                6.560200156154961e-12
            ],
            [
                1.0482277585595113e-06,
                0.01798153905625934,
                0.981758700742105,
                0.0002564928756949195,
                2.2190981822843524e-06
            ],
            [
                7.760144703182287e-09,
                4.801036101139983e-07,
                0.047393786880024255,
                0.9519296890351788,
                0.0006760362210420979
            ],
            [
                3.64447044662218e-11,
                6.459978436451086e-10,
                1.367577445728447e-09,
                0.8519527946875669,
                0.14804720326241302
            ]
        ],
        [
            [
                0.9999999997998594,
                1.9171715109778505e-10,
                0.0,
                0.0,
                8.423463742252152e-12
            ],
            [
                0.9046505084353949,
                0.09534946759842083,
                2.2715773357754282e-08,
                9.980614262240166e-10,
                2.523494475947892e-10
            ],
            [
                3.193639357462825e-08,
                0.008569733444971552,
                0.9905263499069524,
                0.0009032432514582199,
                6.414602240804981e-07
            ],
            [
                2.5937339993367122e-11,
                1.249731027374059e-09,
                1.3704977907431773e-06,
                0.9996632784739602,
                0.00033534975258079323
            ],
            [
                2.692873769275232e-10,
                6.945012986370115e-09,
                1.827014975469202e-05,
                0.8519372361281463,
                0.1480444865077987
            ]
        ],
        [
            [
                0.9999999997415743,
                2.461696948101721e-10,
                0.0,
                0.0,
                1.2256067425610242e-11
            ],
            [
                0.9999999992247148,
                7.582560411291738e-10,
                1.2917800019545512e-12,
                0.0,
                1.5737102072368842e-11
            ],
            [
                3.318847895395175e-05,
                0.26892912938396435,
                0.7310251856413867,
                1.2209359090909944e-05,
                2.8713660416477446e-07
            ],
            [
                4.8874519336507664e-09,
                5.649126349120436e-07,
                0.01098092916508033,
                0.9884717927637483,
                0.0005467082710845255
            ],
            [
                2.5922450280673767e-11,
                6.685488042251132e-10,
                2.3801986116610105e-07,
                0.9990887103190527,
                0.0009110509666149101
            ]
        ],
        [
            [
                0.9999999998368025,
                1.4930946738383637e-10,
                0.0,
                0.0,
                1.388794384302376e-11
            ],
            [
                0.9999999997761957,
                2.1724399306412308e-10,
                0.0,
                0.0,
                6.560200154752825e-12
            ],
            [
                2.5105971801161197e-08,
                0.00015843610878398207,
                0.99984069395059,
                8.313963959386491e-07,
                1.343825833064703e-08
            ],
            [
                5.898719103750986e-10,
                2.8421620287997455e-08,
                0.00020324167902445749,
                0.9988858632979624,
                0.0009108660115210683
            ],
            [
                1.9968376128892575e-11,
                4.01075556032971e-10,
                9.621302423816107e-10,
                0.3208212877539807,
                0.6791787108628451
            ]
        ],
        [
            [
                0.9999999997430142,
                2.461696948105266e-10,
                0.0,
                0.0,
                1.0815941540984569e-11
            ],
            [
                0.9999999996322801,
                3.581747923216579e-10,
                0.0,
                0.0,
                9.545034904008773e-12
            ],
            [
                8.037277832045652e-09,
                6.0577301594842e-06,
                0.9859244171390766,
                0.014063459363326453,
                6.0577301594842e-06
            ],
            [
                5.199904587202403e-10,
                2.505454338676741e-08,
                0.0007086058357414273,
                0.9977912500236884,
                0.0015001185660364399
            ],
            [
                5.202534045005407e-10,
                1.5204033131277414e-08,
                0.00020312172934299483,
                0.9982959854006084,
                0.0015008771457621505
            ]
        ],
        [
            [
                0.9999999998398745,
                1.4930946738429504e-10,
                0.0,
                0.0,
                1.0815941540231827e-11
            ],
            [
                0.9999999976474201,
                2.3355930295555086e-09,
                3.098819126457295e-12,
                0.0,
                1.3887943809998208e-11
            ],
            [
                0.0,
                5.905303994420671e-10,
                0.9999999993833255,
                2.5946094962890377e-11,
                1.9810087965315586e-13
            ],
            [
                5.4822065773894446e-11,
                1.8154574854116718e-09,
                6.463470188010711e-07,
                0.9980726184706347,
                0.0019267333120669605
            ],
            [
                5.4822071459986574e-11,
                1.1011307405151934e-09,
                1.851815405296403e-07,
                0.998073079232329,
                0.001926734430177603
            ]
        ],
        [
            [
                0.999999999855979,
                1.3176514255368852e-10,
                0.0,
                0.0,
                1.2256067430401598e-11
            ],
            [
                0.999999999228196,
                7.582560409887918e-10,
                1.2917800017153938e-12,
                0.0,
                1.2256067414966419e-11
            ],
            [
                4.0215455168429535e-06,
                0.04741369077539819,
                0.9523294619226403,
                0.00024880421092771197,
                4.0215455168429535e-06
            ],
            [
                1.0246116902622147e-10,
                5.594190279064991e-09,
                3.530319006848266e-05,
                0.9984635619835281,
                0.0015011291297519008
            ],
            [
                7.369911460603016e-12,
                2.7655388726989887e-10,
                1.332511251155609e-08,
                0.9914225008437265,
                0.00857748554723713
            ]
        ],
        [
            [
                0.9999999998169222,
                1.691897919908624e-10,
                0.0,
                0.0,
                1.3887943842747664e-11
            ],
            [
                0.9999999990168349,
                9.736200285727498e-10,
                0.0,
                0.0,
                9.545034896094231e-12
            ],
            [
                3.3978726620839432e-09,
                5.828788511022263e-05,
                0.9998832933276759,
                5.828788511022263e-05,
                1.2750423097627643e-07
            ],
            [
                2.0176492200638774e-11,
                5.89643533781341e-10,
                2.3787917942419923e-07,
                0.9984985794829209,
                0.0015011820280796178
            ],
            [
                2.8725243521603083e-11,
                1.0779068108402777e-09,
                2.0541248279127154e-07,
                0.9770224305198221,
                0.02297736296106309
            ]
        ],
        [
            [
                0.9999999996310092,
                3.581747921579016e-10,
                0.0,
                0.0,
                1.0815941531001393e-11
            ],
            [
                0.999999998166369,
                1.8189616812978933e-09,
                2.4133627635339997e-12,
                0.0,
                1.2256067401952595e-11
            ],
            [
                4.688561022161678e-08,
                0.0005527780109088701,
                0.9994460611052828,
                1.0671125877173648e-06,
                4.688561022161678e-08
            ],
            [
                7.979835595427926e-11,
                3.3931124370021066e-09,
                1.6676347373197648e-05,
                0.9984821632228291,
                0.0015011569568868183
            ],
            [
                6.517860986461346e-11,
                1.6809785037384941e-09,
                8.099408007945458e-08,
                0.9241417399111478,
                0.07585817734861507
            ]
        ],
        [
            [
                0.9999999999010158,
                9.056076974239391e-11,
                0.0,
                0.0,
                8.423463740113278e-12
            ],
            [
                0.9999999983818262,
                1.6052280500113167e-09,
                2.129785164090632e-12,
                0.0,
                1.0815941522421568e-11
            ],
            [
                8.258073244369296e-14,
                4.363462231181206e-09,
                0.9999999954184275,
                2.1724399242441086e-10,
                7.835041745987608e-13
            ],
            [
                1.6902593633844414e-10,
                5.597370274588732e-09,
                5.823815132162637e-05,
                0.9990307581195425,
                0.0009109979627398482
            ],
            [
                2.284073129030072e-11,
                6.675040129986807e-10,
                3.05145930628128e-07,
                0.9975270722536339,
                0.002472621910090689
            ]
        ],
        [
            [
                0.9999999996660796,
                3.1608814481842744e-10,
                0.0,
                0.0,
                1.7832472873566578e-11
            ],
            [
                0.9999999927984619,
                7.194132971512207e-09,
                2.7346982692352833e-12,
                6.914400050413888e-13,
                3.978962503308592e-12
            ],
            [
                1.9810087824274014e-13,
                7.1941329735948364e-09,
                0.9999999926354731,
                1.6918979092733847e-10,
                1.006039271350025e-12
            ],
            [
                2.7877184420982813e-10,
                2.214559057571674e-08,
                0.0005527371929547936,
                0.9993724355024491,
                7.480488023368524e-05
            ],
            [
                2.7634178024034e-11,
                4.898275257239775e-10,
                1.6220859896157498e-08,
                0.9399133298856123,
                0.06008665337606613
            ]
        ],
        [
            [
                0.9999999998574189,
                1.3176514258225572e-10,
                0.0,
                0.0,
                1.081594154754229e-11
            ],
            [
                0.9999999961318586,
                3.8507419008680504e-09,
                3.5114220934066928e-12,
                0.0,
                1.3887943785981855e-11
            ],
            [
                2.825857860581996e-05,
                0.37752687175331207,
                0.6224365830449542,
                8.096218323018162e-06,
                1.904048049155054e-07
            ],
            [
                4.84521497340618e-11,
                2.6453977406086757e-09,
                1.3001530784961324e-05,
                0.9995564442072663,
                0.00043055156809884584
            ],
            [
                1.3143807275925395e-10,
                3.389832574521913e-09,
                1.0104938850930076e-05,
                0.9975172933480062,
                0.002472598191872285
            ]
        ],
        [
            [
                0.9999999999220377,
                7.05287984450235e-11,
                0.0,
                0.0,
                7.433680665385499e-12
            ],
            [
                0.9999999943896811,
                5.602796399099441e-09,
                2.4133627552764067e-12,
                0.0,
                5.1090889930125645e-12
            ],
            [
                3.96833002429844e-06,
                0.060074792890713304,
                0.9397279098369845,
                0.00019120484828028057,
                2.1240939976407824e-06
            ],
            [
                1.5698188772013723e-11,
                2.7825705392271036e-10,
                9.214608101344772e-09,
                0.9975273675540772,
                0.0024726229373592794
            ],
            [
                9.542542148473484e-12,
                4.5978542926999174e-10,
                8.313107648689299e-07,
                0.9997379781417903,
                0.0002611900781167746
            ]
        ],
        [
            [
                0.9999999998608013,
                1.3176514253724246e-10,
                0.0,
                0.0,
                7.433680663116177e-12
            ],
            [
                0.9999999993955817,
                5.905303985895407e-10,
                0.0,
                0.0,
                1.3887943834276578e-11
            ],
            [
                1.5117587405257808e-06,
                0.02288583590373914,
                0.973130414835645,
                0.003976960945401978,
                5.276556473375542e-06
            ],
            [
                7.030182073618741e-11,
                3.3873314178466324e-09,
                4.525382242396225e-05,
                0.9967822033163485,
                0.003172539403594288
            ],
            [
                4.255457385408046e-11,
                1.0974969247280315e-09,
                2.0914589359024289e-07,
                0.9947796638811,
                0.005220125832955031
            ]
        ],
        [
            [
                0.9999999998616746,
                1.3176514249606854e-10,
                0.0,
                0.0,
                6.560200157953099e-12
            ],
            [
                0.9999999993986537,
                5.905303984651385e-10,
                0.0,
                0.0,
                1.0815941531107784e-11
            ],
            [
                1.725503156961218e-08,
                0.00015843564841081965,
                0.9998377888106008,
                3.72604931385767e-06,
                3.2236642975293334e-08
            ],
            [
                1.0256204846975208e-10,
                4.941716237535117e-09,
                0.00012334144125481858,
                0.9994461495836201,
                0.0004305039308469495
            ],
            [
                3.755420670815628e-11,
                1.596845502884821e-09,
                2.2485258944459818e-06,
                0.9947776366265738,
                0.005220113213131972
            ]
        ],
        [
            [
                0.9999999998223867,
                1.6918979199178695e-10,
                0.0,
                0.0,
                8.423463741039776e-12
            ],
            [
                0.9999999991322097,
                8.592166600976389e-10,
                1.1399918506299174e-12,
                0.0,
                7.433680656608075e-12
            ],
            [
                1.3615261016804608e-13,
                4.363462232403316e-09,
                0.9999999954419498,
                1.9171715047334962e-10,
                2.7346982787186662e-12
            ],
            [
                1.0208135899633297e-10,
                3.380470339721088e-09,
                1.6614246135788902e-05,
                0.9947633437846769,
                0.005220038486635534
            ],
            [
                4.59534613781065e-10,
                1.342956996043804e-08,
                9.603422745354527e-05,
                0.9991943495893701,
                0.0007096022940717119
            ]
        ],
        [
            [
                0.9999999997705,
                2.1724399315029447e-10,
                0.0,
                0.0,
                1.2256067423924662e-11
            ],
            [
                0.9999999995845898,
                4.058652118274626e-10,
                0.0,
                0.0,
                9.545034903553566e-12
            ],
            [
                1.8402224272137358e-07,
                0.006682857150853958,
                0.9918240659061989,
                0.0014911469662774871,
                1.7459544269546431e-06
            ],
            [
                1.7811601383240388e-11,
                5.898392299140746e-10,
                1.443290385357462e-07,
                0.9988303447484587,
                0.0011695103148519513
            ],
            [
                7.95942000981591e-11,
                1.8115556442872758e-09,
                5.022946510575903e-07,
                0.995929360090801,
                0.004070135723398018
            ]
        ],
        [
            [
                0.9999999996239928,
                3.581747921553885e-10,
                0.0,
                0.0,
                1.7832472864685783e-11
            ],
            [
                0.9999999993944417,
                5.905303987985501e-10,
                1.1399918509288597e-12,
                0.0,
                1.3887943839192009e-11
            ],
            [
                6.078914090112989e-07,
                0.2689392062459959,
                0.7310525565984243,
                7.405633419043674e-06,
                2.236307518399973e-07
            ],
            [
                5.4914796831355675e-11,
                3.849824475796777e-09,
                3.53490431435693e-05,
                0.9997612273538489,
                0.00020341969826822589
            ],
            [
                1.315105515727522e-10,
                3.3917018277588276e-09,
                4.775876341960367e-06,
                0.9980684954835733,
                0.0019267251168724393
            ]
        ],
        [
            [
                0.9999999998598115,
                1.3176514251775613e-10,
                0.0,
                0.0,
                8.423463742757158e-12
            ],
            [
                0.9999999993986537,
                5.905303985913548e-10,
                0.0,
                0.0,
                1.0815941533419515e-11
            ],
            [
                2.5880959986696e-05,
                0.9398799146490687,
                0.060084508933310944,
                9.521073096886184e-06,
                1.7438453667580936e-07
            ],
            [
                9.045443083541602e-11,
                2.995439358781076e-09,
