{
    "[['A', 'B', 'C', 'D', 'E'], ['A', 'B', 'C', 'D', 'E']]": [
        [
            [
                0.9999999991004282,
                8.592166595816018e-10,
                1.463778510146578e-12,
                1.1399918499452495e-12,
                3.7751345340162685e-11
            ],
            [
                0.9999999969863602,
                6.691586064611689e-10,
                3.0988191263660284e-12,
                5.789356305646984e-12,
                2.3355930294867206e-09
            ],
            [
                1.1032561079721285e-09,
                2.3823698308140655e-07,
                0.9999997559802101,
                4.363462552060517e-09,
                3.1608816709931867e-10
            ],
            [
                0.9999999995898989,
                1.9171715105753204e-10,
                0.0,
                1.1399918511516795e-12,
                2.1724399314722152e-10
            ],
            [
                0.9999999997801619,
                1.4930946742216593e-10,
                0.0,
                0.0,
                7.052879841780537e-11
            ]
        ],
        [
            [
                0.9999999997598092,
                1.9171715067827627e-10,
                0.0,
                0.0,
                4.847368688633305e-11
            ],
            [
                0.9999999978941063,
                2.0611536155212302e-09,
                5.109089010916984e-12,
                1.879528810231297e-12,
                3.7751345316095704e-11
            ],
            [
                1.4414073140264698e-07,
                0.0024726219629733416,
                0.9975269574296121,
                2.69290338744319e-07,
                7.176344448937499e-09
            ],
            [
                0.9999999992465285,
                6.691586076771502e-10,
                2.7346982856573597e-12,
                1.658678355314766e-12,
                7.991959875610737e-11
            ],
            [
                0.9999999995038091,
                2.7894680831193107e-10,
                0.0,
                0.0,
                2.1724399274860098e-10
            ]
        ],
        [
            [
                0.9999999999117568,
                5.492788337641064e-11,
                0.0,
                0.0,
                3.331544534091294e-11
            ],
            [
                0.9999999727043724,
                2.5109990840655512e-08,
                6.224144445234716e-11,
                6.224144445234716e-11,
                2.061153563601319e-09
            ],
            [
                2.5946096180629282e-11,
                5.0434720486912e-07,
                0.999999495161154,
                4.5990555909789e-10,
                5.789356596010375e-12
            ],
            [
                0.9999999997283633,
                7.991959879461541e-11,
                0.0,
                0.0,
                1.9171715105216558e-10
            ],
            [
                0.9999999996833016,
                2.461696944520707e-10,
                0.0,
                0.0,
                7.052879830212558e-11
            ]
        ],
        [
            [
                0.9999999998277933,
                1.4930946732241612e-10,
                0.0,
                0.0,
                2.2897348410863053e-11
            ],
            [
                0.999999997980433,
                1.8189616818727507e-09,
                5.789356310651518e-12,
                3.0988191290447624e-12,
                1.917171507771325e-10
            ],
            [
                3.4365917006386036e-07,
                0.008577473204633649,
                0.9914212990216945,
                8.243954926114318e-07,
                5.971900918490417e-08
            ],
            [
                0.9999999997281914,
                1.0261879614375554e-10,
                0.0,
                0.0,
                1.6918979197585004e-10
            ],
            [
                0.9999999993466733,
                2.4616969471295946e-10,
                0.0,
                1.2917800023271191e-12,
                4.058652118750132e-10
            ]
        ],
        [
            [
                0.9999999990923096,
                8.592166585607511e-10,
                0.0,
                0.0,
                4.847368687333277e-11
            ],
            [
                0.9999999953681706,
                1.605228045476489e-09,
                7.43368062739003e-12,
                2.0206838968002355e-11,
                2.9989608067182782e-09
            ],
            [
                4.4202281022174795e-14,
                1.162823302647568e-10,
                0.9999999998696312,
                1.388794386049091e-11,
                1.54281120269497e-13
            ],
            [
                0.999999999793157,
                1.1628233014986835e-10,
                0.0,
                0.0,
                9.056076977808511e-11
            ],
            [
                0.999999999650991,
                2.1724399292468804e-10,
                0.0,
                0.0,
                1.317651423472177e-10
            ]
        ],
        [
            [
                0.9999999999155833,
                7.05287983597971e-11,
                0.0,
                0.0,
                1.388794383516646e-11
            ],
            [
                0.9999999954719034,
                4.3634622283715076e-09,
                1.0815941496377313e-11,
                4.508755216904435e-12,
                1.4930946677890218e-10
            ],
            [
                6.560200648213042e-12,
                2.3823698418377525e-07,
                0.9999997607670984,
                9.736201025480683e-10,
                1.5737103258465207e-11
            ],
            [
                0.9999999988597066,
                2.789468087291355e-10,
                0.0,
                2.1297851666972582e-12,
                8.592166601993986e-10
            ],
            [
                0.9999999998965985,
                5.492788345038832e-11,
                0.0,
                0.0,
                4.847368701049535e-11
            ]
        ],
        [
            [
                0.9999999999117568,
                5.492788341652805e-11,
                0.0,
                0.0,
                3.3315445365245375e-11
            ],
            [
                0.9999028798276426,
                6.143615283977316e-06,
                1.8552110632947917e-07,
                4.539551798355615e-05,
                4.539551798355615e-05
            ],
            [
                1.4432904189140266e-07,
                0.0011695097976854088,
                0.998830253975012,
                8.753990550948541e-08,
                4.358355260517099e-09
            ],
            [
                0.9999999996294864,
                2.7894680873576565e-10,
                1.0060392772956433e-12,
                0.0,
                9.0560769717804e-11
            ],
            [
                0.9999999998866935,
                7.052879837484105e-11,
                0.0,
                0.0,
                4.277787860703165e-11
            ]
        ],
        [
            [
                0.9999999999393514,
                3.7751345379901896e-11,
                0.0,
                0.0,
                2.2897348418311375e-11
            ],
            [
                0.9999999987593378,
                1.1032560294119036e-09,
                3.5114221040457113e-12,
                2.1297851652963685e-12,
                1.3176514235081896e-10
            ],
            [
                3.850603040677887e-09,
                3.5356259353816674e-05,
                0.9999645775953979,
                6.023356589745983e-08,
                2.0610792842128133e-09
            ],
            [
                0.0009110491521944182,
                0.9990866029719772,
                2.2582650690519547e-06,
                5.3109303969466726e-08,
                3.65014552222653e-08
            ],
            [
                0.9999999988331991,
                1.9171715094062237e-10,
                0.0,
                1.4637785108030485e-12,
                9.736200290907837e-10
            ]
        ],
        [
            [
                0.9999999987900532,
                1.1032560277000513e-09,
                2.4133627616755927e-12,
                1.6586783519330072e-12,
                1.0261879588510586e-10
            ],
            [
                0.9999995483860991,
                3.927863460422489e-07,
                1.8189616481631224e-09,
                3.850741839379148e-09,
                5.315785139310192e-08
            ],
            [
                1.6918979597142933e-10,
                6.475946141897468e-07,
                0.9999993516921574,
                5.211412602162006e-10,
                2.28973489585381e-11
            ],
            [
                0.07585797680270707,
                0.9241392739569193,
                2.088858830880716e-06,
                1.942941371875535e-07,
                4.660874054618761e-07
            ],
            [
                0.9999999998745435,
                5.492788340274406e-11,
                0.0,
                0.0,
                7.052879837398413e-11
            ]
        ],
        [
            [
                0.9999999997883153,
                1.3176514246154892e-10,
                0.0,
                0.0,
                7.991959878433239e-11
            ],
            [
                0.9999999710323273,
                9.237449381297324e-09,
                4.2777877389914874e-11,
                1.3176513869736547e-10,
                1.955568049366518e-08
            ],
            [
                1.2015425714646977e-13,
                1.2501528646049806e-09,
                0.9999999987065298,
                4.277787862872144e-11,
                4.193795652402399e-13
            ],
            [
                0.9998722949201485,
                5.714277546577896e-07,
                1.3438692709111823e-08,
                3.726177028459819e-06,
                0.00012339403637554402
            ],
            [
                0.9999999998589426,
                7.052879837288381e-11,
                0.0,
                0.0,
                7.052879837288381e-11
            ]
        ],
        [
            [
                0.9999999990671558,
                8.59216657807274e-10,
                3.098819123898357e-12,
                0.0,
                7.052879817374102e-11
            ],
            [
                0.9999999979177128,
                2.061153615569887e-09,
                2.413362763790827e-12,
                8.878265448873371e-13,
                1.7832472848720742e-11
            ],
            [
                7.433680658994913e-12,
                1.6052280523012434e-09,
                0.9999999983057599,
                7.991959878593508e-11,
                1.6586783559338203e-12
            ],
            [
                0.9999999995392064,
                1.0261879612436213e-10,
                0.0,
                0.0,
                3.5817479235587987e-10
            ],
            [
                0.9999999999092644,
                7.052879840481041e-11,
                0.0,
                0.0,
                2.0206839059763503e-11
            ]
        ],
        [
            [
                0.9999999994851667,
                4.5990553624921827e-10,
                0.0,
                0.0,
                5.492788331654156e-11
            ],
            [
                0.9999999994473525,
                3.581747924816475e-10,
                1.4637785118917912e-12,
                1.2917800028143942e-12,
                1.9171715108321952e-10
            ],
            [
                3.7751345332652686e-11,
                2.6465736311878265e-09,
                0.999999997173094,
                1.3176514231653423e-10,
                1.0815941525730544e-11
            ],
            [
                0.9999999988327799,
                4.058652117260621e-10,
                0.0,
                3.098819131686031e-12,
                7.582560410695885e-10
            ],
            [
                0.9999999998577715,
                1.1628233014030035e-10,
                0.0,
                0.0,
                2.594609494663781e-11
            ]
        ],
        [
            [
                0.9999999998106033,
                1.6918979195788086e-10,
                0.0,
                0.0,
                2.020683905395848e-11
            ],
            [
                0.9999999994335986,
                4.5990553709734703e-10,
                2.413362767803725e-12,
                1.4637785116819004e-12,
                1.0261879614568068e-10
            ],
            [
                5.4927882965022083e-11,
                9.237449570395611e-09,
                0.9999999902183164,
                4.5990553330598175e-10,
                2.940077710138163e-11
            ],
            [
                0.9999999993218445,
                2.1724399305282674e-10,
                0.0,
                1.0060392771759016e-12,
                4.5990553690183793e-10
            ],
            [
                0.9999999997189255,
                1.3176514239233063e-10,
                0.0,
                0.0,
                1.4930946726999957e-10
            ]
        ],
        [
            [
                0.999999999848028,
                1.3176514240934183e-10,
                0.0,
                0.0,
                2.0206839045501895e-11
            ],
            [
                0.9999999982564489,
                7.582560408941802e-10,
                2.1297851656274734e-12,
                9.545034898960792e-12,
                9.73620028865147e-10
            ],
            [
                2.1297850570600588e-12,
                5.3157849701491663e-08,
                0.999999946768604,
                7.052879473941315e-11,
                8.878265003671632e-13
            ],
            [
                0.9999999998133071,
                5.4927883438692676e-11,
                0.0,
                0.0,
                1.3176514253098437e-10
            ],
            [
                0.9999999994610262,
                1.783247286609857e-11,
                0.0,
                0.0,
                5.211412475600365e-10
            ]
        ],
        [
            [
                0.9999999998268525,
                1.0261879611259106e-10,
                0.0,
                0.0,
                7.052879837062054e-11
            ],
            [
                0.9999998471712648,
                7.194133314736441e-09,
                3.3315446738748616e-11,
                1.1032560759594023e-09,
                1.4449803032347328e-07
            ],
            [
                1.0060392637380345e-12,
                1.5229979509379536e-08,
                0.9999999846973457,
                7.052879742131317e-11,
                1.1399918354292427e-12
            ],
            [
                0.9999999996184343,
                2.7894680873268275e-10,
                0.0,
                0.0,
                1.0261879611313654e-10
            ],
            [
                0.9999999994623698,
                4.058652115928134e-10,
                0.0,
                0.0,
                1.3176514235852554e-10
            ]
        ],
        [
            [
                0.9999999999272398,
                5.4927883417378494e-11,
                0.0,
                0.0,
                1.783247287822371e-11
            ],
            [
                0.9999999520597377,
                6.348799802686771e-09,
                4.277787657830774e-11,
                1.4930946025026827e-10,
                4.1399375144507946e-08
            ],
            [
                1.0633567888622442e-06,
                0.00407013198204675,
                0.9959286713383564,
                1.2699985762038527e-07,
                6.322950594055109e-09
            ],
            [
                0.9999999993898974,
                1.4930946736389576e-10,
                0.0,
                8.878265463248006e-13,
                4.5990553707724856e-10
            ],
            [
                0.9999999999175515,
                6.224144615527787e-11,
                0.0,
                0.0,
                2.0206839066262833e-11
            ]
        ],
        [
            [
                0.9999999996725795,
                2.789468085440533e-10,
                0.0,
                0.0,
                4.847368693361647e-11
            ],
            [
                0.9999999989445891,
                5.905303988233784e-10,
                1.4637785114711022e-12,
                3.5114221070079614e-12,
                4.599055370311162e-10
            ],
            [
                1.4166062465987185e-09,
                1.3709566281916114e-06,
                0.9999986099090638,
                1.72577970438837e-08,
                4.5990471323352483e-10
            ],
            [
                0.9999999982631047,
                3.160881445746075e-10,
                1.4637785101583147e-12,
                2.7346982841794327e-12,
                1.4166087828034562e-09
            ],
            [
                0.9999999997883153,
                7.991959878433239e-11,
                0.0,
                0.0,
                1.3176514246154892e-10
            ]
        ],
        [
            [
                0.9999999999035252,
                7.052879837602817e-11,
                0.0,
                0.0,
                2.594609493306657e-11
            ],
            [
                0.9999999820277902,
                2.646573588035719e-09,
                1.5737101804358618e-11,
                7.99195973932958e-11,
                1.5229979451956437e-08
            ],
            [
                3.9277706161754947e-07,
                2.1444900939772503e-05,
                0.9999766276615086,
                1.3709266508693696e-06,
                1.637338391892816e-07
            ],
            [
                0.9999999997702957,
                7.991959881126974e-11,
                0.0,
                4.752193055738586e-13,
                1.4930946739875972e-10
            ],
            [
                0.9999999998268525,
                7.05287984210984e-11,
                0.0,
                0.0,
                1.0261879618603592e-10
            ]
        ],
        [
            [
                0.9999999986405896,
                1.2501528613786501e-09,
                4.5087552242328234e-12,
                2.1297851624238998e-12,
                1.0261879590592965e-10
            ],
            [
                0.9999999813448622,
                9.237449478096475e-09,
                4.847368609781973e-11,
                1.317651400781312e-10,
                9.237449478096475e-09
            ],
            [
                2.2559642283144465e-06,
                0.001926725153224915,
                0.9980684934818144,
                2.2559642283144465e-06,
                2.6943650409113395e-07
            ],
            [
                0.9999996927494942,
                1.2501530208047358e-09,
                7.43368159055514e-12,
                9.056078108273057e-11,
                3.059023582866629e-07
            ],
            [
                0.9999999997601299,
                9.056076972963516e-11,
                0.0,
                0.0,
                1.493094673442258e-10
            ]
        ],
        [
            [
                0.9999999992485085,
                6.691586070635289e-10,
                2.413362764382959e-12,
                0.0,
                7.991959868282076e-11
            ],
            [
                0.9999982122884076,
                1.76034307937356e-06,
                4.944441421717619e-09,
                7.194119818681749e-09,
                1.5229951775662834e-08
            ],
            [
                5.6756852272781993e-14,
                7.582560420758409e-10,
                0.9999999992257753,
                1.573710209201629e-11,
                1.7482341266217476e-13
            ],
            [
                0.999999999673127,
                2.461696947523461e-10,
                7.835041771404137e-13,
                0.0,
                7.991959879020095e-11
            ],
            [
                0.9999999998504023,
                1.1628233004513838e-10,
                0.0,
                0.0,
                3.331544534801195e-11
            ]
        ],
        [
            [
                0.9999999995100601,
                3.5817479190489805e-10,
                0.0,
                0.0,
                1.3176514228767152e-10
            ],
            [
                0.9999999970598827,
                2.335593029355663e-09,
                6.5602001416284414e-12,
                7.433680642295043e-12,
                5.905303975066691e-10
            ],
            [
                3.5114222849494804e-12,
                1.4449803167129895e-07,
                0.999999855365033,
                1.317651491391828e-10,
                1.6586784399595628e-12
            ],
            [
                0.9999999995379145,
                3.581747924676523e-10,
                1.2917800027639194e-12,
                0.0,
                1.0261879615638545e-10
            ],
            [
                0.9999999998471978,
                9.056076976967598e-11,
                0.0,
                0.0,
                6.224144614175587e-11
            ]
        ],
        [
            [
                0.9999999996304925,
                2.78946808676426e-10,
                0.0,
                0.0,
                9.056076969853922e-11
            ],
            [
                4.96617564439102e-05,
                0.14803957794387576,
                0.8519089378686359,
                1.6993318575628623e-06,
                1.2309918688241695e-07
            ],
            [
                1.879528814460905e-12,
                9.736200302244335e-10,
                0.9999999989848696,
                3.7751345401049653e-11,
                1.879528814460905e-12
            ],
            [
                0.9999999996983537,
                1.691897919708018e-10,
                0.0,
                6.914400095059499e-13,
                1.3176514247454853e-10
            ],
            [
                0.9999999998504023,
                1.1628233012008756e-10,
                0.0,
                0.0,
                3.331544536948525e-11
            ]
        ],
        [
            [
                0.9999999997281914,
                1.0261879607761312e-10,
                0.0,
                0.0,
                1.6918979186679964e-10
            ],
            [
                0.9999999996632696,
                2.4616969470348716e-10,
                0.0,
                0.0,
                9.056076972086343e-11
            ],
            [
                1.6586783049642392e-12,
                3.224186632387186e-08,
                0.9999999676058736,
                1.493094627632929e-10,
                1.2917799627697e-12
            ],
            [
                0.9999997612842744,
                4.5990557143710237e-10,
                3.0988193649273114e-12,
                1.5737103255629147e-11,
                2.382369841408414e-07
            ],
            [
                0.999999999835244,
                1.1628233015476233e-10,
                0.0,
                0.0,
                4.8473687001237343e-11
            ]
        ],
        [
            [
                0.9999999992780468,
                4.0586521151800306e-10,
                0.0,
                0.0,
                3.1608814455166216e-10
            ],
            [
                0.9999999850663281,
                9.237449512473329e-09,
                2.2897348085888858e-11,
                7.052879736969589e-11,
                5.602796346862593e-09
            ],
            [
                3.850675934189523e-09,
                1.6701414580079147e-05,
                0.9999832672896297,
                2.5109561257858058e-08,
                2.335553014703532e-09
            ],
            [
                0.9999999942241313,
                1.6918979113892434e-10,
                7.835041733078218e-13,
                3.0988191181608964e-12,
                5.602796400362235e-09
            ],
            [
                0.9999999996289841,
                5.4927883452412255e-11,
                0.0,
                0.0,
                3.1608814510258244e-10
            ]
        ],
        [
            [
                0.9999999998679805,
                1.0261879609195811e-10,
                0.0,
                0.0,
                2.940077732836373e-11
            ],
            [
                0.07540685010784011,
                0.9186433799217788,
                0.0010756206473010966,
                0.004820597298839278,
                5.355202424065472e-05
            ],
            [
                1.0060392593768962e-12,
                1.955568070090376e-08,
                0.9999999803623875,
                7.991959734817646e-11,
                1.0060392593768962e-12
            ],
            [
                0.9999999996135662,
                2.1724399297617804e-10,
                0.0,
                0.0,
                1.6918979184740624e-10
            ],
            [
                0.9999999997776743,
                1.3176514243198414e-10,
                0.0,
                0.0,
                9.056076971186811e-11
            ]
        ],
        [
            [
                0.9999999998247444,
                1.4930946735387335e-10,
                0.0,
                0.0,
                2.594609493656807e-11
            ],
            [
                0.9999999998073028,
                1.6918979201739754e-10,
                6.101936668801144e-13,
                0.0,
                2.2897348423418088e-11
            ],
            [
                4.688569976086961e-08,
                0.0005527785417226587,
                0.9994471364536174,
                3.651461968861603e-08,
                1.6043404215426882e-09
            ],
            [
                0.9999999996757343,
                1.9171715100591416e-10,
                0.0,
                7.835041769946726e-13,
                1.3176514244671465e-10
            ],
            [
                0.9999999995038091,
                2.789468087007084e-10,
                0.0,
                0.0,
                2.172439930513811e-10
            ]
        ],
        [
            [
                0.9999999999282134,
                6.224144611139492e-11,
                0.0,
                0.0,
                9.54503490479337e-12
            ],
            [
                0.9999999997671749,
                1.6918979207675072e-10,
                7.835041776508197e-13,
                6.101936670941754e-13,
                6.224144616110757e-11
            ],
            [
                2.5109752555878403e-08,
                1.0129987517805619e-05,
                0.9999896940574786,
                1.444965114492221e-07,
                6.348739686985495e-09
            ],
            [
                0.9932790971546356,
                0.006692660354549896,
                5.009581115279238e-07,
                3.901465695439192e-07,
                2.7351386133522186e-05
            ],
            [
                0.9999999997656162,
                1.0261879610630706e-10,
                0.0,
                0.0,
                1.317651424303953e-10
            ]
        ],
        [
            [
                0.999999999848028,
                1.3176514246941696e-10,
                0.0,
                0.0,
                2.0206839054714716e-11
            ],
            [
                0.9874066672452422,
                0.010969097401501284,
                9.490128551527418e-05,
                0.0014845058746516728,
                4.4828193089540855e-05
            ],
            [
                5.211383303674362e-10,
                6.144172085838422e-06,
                0.9999938495122946,
                5.602765061550124e-09,
                1.9171607774859095e-10
            ],
            [
                0.999999999640595,
                7.991959877252665e-11,
                0.0,
                5.384940207174605e-13,
                2.7894680873886437e-10
            ],
            [
                0.9999999998059934,
                6.224144611709087e-11,
                0.0,
                0.0,
                1.3176514246387826e-10
            ]
        ],
        [
            [
                0.9999999998892324,
                9.056076972197091e-11,
                0.0,
                0.0,
                2.020683905122844e-11
            ],
            [
                0.9999999997619389,
                2.1724399310745822e-10,
                6.101936666357691e-13,
                0.0,
                2.0206839052975126e-11
            ],
            [
                2.4861798344283275e-06,
                0.029311869966818803,
                0.9706757918343282,
                7.657973015446376e-06,
                2.1940460031512816e-06
            ],
            [
                0.999999911476948,
                8.592167509949712e-10,
                3.5114224774161407e-12,
                1.7832474756892172e-11,
                8.764249128059452e-08
            ],
            [
                0.9999999997947624,
                1.0261879605628192e-10,
                0.0,
                0.0,
                1.0261879605628192e-10
            ]
        ],
        [
            [
                0.9999999994851667,
                4.599055364112831e-10,
                0.0,
                0.0,
                5.492788333589744e-11
            ],
            [
                2.042782506572358e-05,
                0.9525498694973163,
                0.04742466419734126,
                4.558063878399012e-06,
                4.804163982866997e-07
            ],
            [
                5.402837938645641e-05,
                0.5621420669909722,
                0.43779668118647924,
                6.452769720764937e-06,
                7.706734412925679e-07
            ],
            [
                0.9999999998418432,
                1.0261879621261726e-10,
                0.0,
                6.101936671397375e-13,
                5.492788345366466e-11
            ],
            [
                0.9999999998949807,
                4.277787860738616e-11,
                0.0,
                0.0,
                6.224144610932646e-11
            ]
        ],
        [
            [
                0.9999999998495517,
                7.052879837222148e-11,
                0.0,
                0.0,
                7.991959877214487e-11
            ],
            [
                0.9999999997169386,
                1.9171715117619278e-10,
                7.835041776905624e-13,
                0.0,
                9.056076980242617e-11
            ],
            [
                6.10193664957115e-13,
                4.363462232896614e-09,
                0.9999999955550019,
                7.99195985623641e-11,
                1.006039274661263e-12
            ],
            [
                0.9999999994068658,
                1.3176514252288853e-10,
                0.0,
                1.4637785121477727e-12,
                4.599055372437198e-10
            ],
            [
                0.9999999993907851,
                1.4930946725716666e-10,
                0.0,
                0.0,
                4.5990553674849984e-10
            ]
        ],
        [
            [
                0.9999999996920006,
                1.9171715080938887e-10,
                0.0,
                0.0,
                1.1628232995864507e-10
            ],
            [
                0.9999999986446495,
                1.1032560300117047e-09,
                2.413362766732314e-12,
                3.511422105954747e-12,
                2.4616969466123255e-10
            ],
            [
                6.101936655793928e-13,
                3.39826780734795e-09,
                0.9999999965748056,
                2.5946094890020253e-11,
                3.701011665363392e-13
            ],
            [
                0.9999999995067792,
                3.331544536358285e-11,
                0.0,
                0.0,
                4.5990553706344446e-10
            ],
            [
                0.9999999992402808,
                6.69158606849928e-10,
                0.0,
                0.0,
                9.056076958825217e-11
            ]
        ],
        [
            [
                0.9999999998471978,
                9.05607697546016e-11,
                0.0,
                0.0,
                6.224144613139541e-11
            ],
            [
                0.999999998575547,
                1.1032560292091354e-09,
                5.109089013548087e-12,
                0.0,
                3.160881445333433e-10
            ],
            [
                3.5817413789956653e-10,
                1.0677030753640133e-06,
                0.9999989313882095,
                5.211402955821451e-10,
                2.940072361660205e-11
            ],
            [
                0.9999999906181442,
                2.9989607912664943e-09,
                1.3887943709407697e-11,
                2.0206838863889054e-11,
                6.348800044931929e-09
            ],
            [
                0.9999999998295197,
                7.991959878762544e-11,
                0.0,
                0.0,
                9.056076973591916e-11
            ]
        ],
        [
            [
                0.9999999993479651,
                4.058652113087789e-10,
                0.0,
                0.0,
                2.46169694369521e-10
            ],
            [
                0.9999999993453579,
                4.599055372154319e-10,
                1.1399918514336629e-12,
                1.8795288138835003e-12,
                1.9171715110495436e-10
            ],
            [
                6.914400099311915e-13,
                9.736200302268135e-10,
                0.9999999989993722,
                2.5946094954139727e-11,
                3.701011674509544e-13
            ],
            [
                0.9999999996166029,
                2.7894680883121893e-10,
                6.914400095645185e-13,
                1.1399918511821218e-12,
                1.0261879614938597e-10
            ],
            [
                0.99999999940833,
                5.211412471012716e-10,
                0.0,
                0.0,
                7.052879828273216e-11
            ]
        ],
        [
            [
                0.999999999854347,
                1.31765142495103e-10,
                0.0,
                0.0,
                1.3887943843267416e-11
            ],
            [
                0.9999999976285967,
                7.582560405979012e-10,
                2.1297851647952864e-12,
                5.78935631198468e-12,
                1.6052280505424177e-09
            ],
            [
                1.6586783169621113e-12,
                2.5109990922345394e-08,
                0.9999999748392665,
                4.8473685836681896e-11,
                6.101936523272099e-13
            ],
            [
                0.999999999929335,
                5.492788342785403e-11,
                0.0,
                0.0,
                1.573710208345752e-11
            ],
            [
                0.9999999996801372,
                2.1724399304325494e-10,
                0.0,
                0.0,
                1.0261879609753532e-10
            ]
        ],
        [
            [
                0.9999999999282134,
                6.224144613643794e-11,
                0.0,
                0.0,
                9.545034908633842e-12
            ],
            [
                0.9999999995055866,
                2.461696948201531e-10,
                6.101936668647477e-13,
                1.463778511977033e-12,
                2.461696948201531e-10
            ],
            [
                2.172440108552852e-10,
                1.1253518370542624e-07,
                0.9999998865555162,
                6.691586625629811e-10,
                2.28973502848563e-11
            ],
            [
                0.9999999985349175,
                4.8473686931085086e-11,
                0.0,
                0.0,
                1.41660878279677e-09
            ],
            [
                0.9999999998965985,
                4.8473686979878984e-11,
                0.0,
                0.0,
                5.492788341569543e-11
            ]
        ],
        [
            [
                0.9999999998865421,
                9.056076975816465e-11,
                0.0,
                0.0,
                2.2897348421421058e-11
            ],
            [
                0.9999998224406254,
                8.764249386804601e-08,
                6.691586982583877e-10,
                1.6052282689952305e-09,
                8.764249386804601e-08
            ],
            [
                3.1608637652691945e-10,
                6.1441721093124255e-06,
                0.9999938531277508,
                2.335579968265124e-09,
                4.8473415792419306e-11
            ],
            [
                0.999999998554933,
                1.917171509340605e-10,
                7.83504176701023e-13,
                2.4133627662721416e-12,
                1.2501528635060358e-09
            ],
            [
                0.9999999996184343,
                1.0261879609120344e-10,
                0.0,
                0.0,
                2.789468086730624e-10
            ]
        ],
        [
            [
                0.9999999990584503,
                8.592166593374381e-10,
                2.413362764586601e-12,
                0.0,
                7.991959868956447e-11
            ],
            [
                0.9999999991325708,
                4.5990553689134395e-10,
                1.6586783554018436e-12,
                0.0,
                4.058652117881164e-10
            ],
            [
                3.1923093592651794e-06,
                0.029311782577722403,
                0.9706729980678458,
                9.83300507536733e-06,
                2.1940399972070354e-06
            ],
            [
                0.9999999996045208,
                1.493094673491545e-10,
                0.0,
                0.0,
                2.4616969473545733e-10
            ],
            [
                0.9999999994778526,
                4.0586521178414165e-10,
                0.0,
                0.0,
                1.1628233005483353e-10
            ]
        ],
        [
            [
                0.9999999998971834,
                9.056076972269096e-11,
                0.0,
                0.0,
                1.2256067420546038e-11
            ],
            [
                0.999999882299248,
                4.9444508710999225e-09,
                2.9400779587957925e-11,
                1.9171716568976732e-10,
                1.1253518312133109e-07
            ],
            [
                1.5226001848085065e-08,
