{
    "[['A', 'B', 'C', 'D', 'E'], ['A', 'B', 'C', 'D', 'E']]": [
        [
            [
                0.9999999997753224,
                2.172439931513421e-10,
                0.0,
                0.0,
                7.433680660151389e-12
            ],
            [
                0.9999999956301453,
                4.36346222488224e-09,
                2.4133627563128576e-12,
                0.0,
                3.978962510248499e-12
            ],
            [
                2.461692438769326e-10,
                2.2603252631035087e-06,
                0.9999977350101856,
                4.363454253378154e-09,
                5.4927782809877846e-11
            ],
            [
                7.433482724721187e-12,
                6.223978883385543e-11,
                7.991747079194826e-11,
                2.7535689835812215e-05,
                0.9999724641605734
            ],
            [
                1.6586783432003811e-12,
                1.2256067327988963e-11,
                5.109088979661259e-12,
                9.237449574457605e-09,
                0.9999999907435265
            ]
        ],
        [
            [
                0.9999999997442852,
                2.461696948108395e-10,
                0.0,
                0.0,
                9.54503490846707e-12
            ],
            [
                0.9999999976508562,
                2.335593029064339e-09,
                2.7346982801933637e-12,
                0.0,
                1.0815941512203708e-11
            ],
            [
                7.052880379542558e-11,
                8.31527988397812e-07,
                0.9999991663070136,
                2.0611537768685568e-09,
                3.331544791779258e-11
            ],
            [
                1.879528961553737e-12,
                1.5737103321055728e-11,
                2.1297853352789155e-12,
                8.315279902527268e-07,
                0.9999991684522633
            ],
            [
                1.2917800678033053e-12,
                1.0815942084923164e-11,
                3.0988192898924918e-12,
                1.4449803166001695e-07,
                0.9999998554867618
            ]
        ],
        [
            [
                0.9999999995222622,
                4.5990553699401113e-10,
                0.0,
                0.0,
                1.7832472874365502e-11
            ],
            [
                0.9999999987354613,
                1.2501528630348984e-09,
                2.129785165245517e-12,
                0.0,
                1.2256067411239158e-11
            ],
            [
                6.101936582837885e-13,
                1.5229979508180154e-08,
                0.9999999845719039,
                1.9171714839832678e-10,
                5.789356238817809e-12
            ],
            [
                2.1297854375839796e-12,
                1.2256068978438804e-11,
                2.734698633949253e-12,
                6.825604230833403e-08,
                0.9999999317268371
            ],
            [
                9.545034524638967e-12,
                2.2897347501219403e-11,
                7.433680362232422e-12,
                4.1399375460744236e-08,
                0.9999999585607484
            ]
        ],
        [
            [
                0.9999999997136195,
                2.789468088582814e-10,
                0.0,
                0.0,
                7.43368066093009e-12
            ],
            [
                0.999999995049716,
                4.944450468468444e-09,
                2.7346982730800305e-12,
                0.0,
                3.0988191177451577e-12
            ],
            [
                2.289734928661399e-11,
                3.927863687888321e-07,
                0.9999996044819187,
                2.6465737348623887e-09,
                6.224144848568249e-11
            ],
            [
                2.4133536445153528e-12,
                2.5945996854849985e-11,
                7.433652558233926e-12,
                2.9023121999581243e-06,
                0.9999970976520071
            ],
            [
                8.878266596377636e-13,
                7.433681608373452e-12,
                1.2917801674421021e-12,
                3.059023590199017e-07,
                0.9999996940880277
            ]
        ],
        [
            [
                0.9999999997126297,
                2.789468088989817e-10,
                0.0,
                0.0,
                8.423463742754757e-12
            ],
            [
                0.9999999983931929,
                1.605228051227081e-09,
                8.878265456565645e-13,
                0.0,
                6.914400089889128e-13
            ],
            [
                7.052879995034368e-11,
                6.475946132045092e-07,
                0.9999993502252308,
                2.0611536644987924e-09,
                4.847368805186447e-11
            ],
            [
                5.7893570635386725e-12,
                2.289735136267763e-11,
                8.42346482360801e-12,
                1.8553915981095943e-07,
                0.99999981442373
            ],
            [
                2.7346986337569666e-12,
                1.2256068977577036e-11,
                4.50875580642969e-12,
                6.82560423035347e-08,
                0.9999999317244581
            ]
        ],
        [
            [
                0.9999999997743325,
                2.1724399311015067e-10,
                0.0,
                0.0,
                8.423463739046165e-12
            ],
            [
                0.9999999990155639,
                9.736200277657328e-10,
                0.0,
                0.0,
                1.0815941518012904e-11
            ],
            [
                9.056077110855539e-11,
                3.927863598041215e-07,
                0.999999581553182,
                2.5109991893445782e-08,
                4.599055440193955e-10
            ],
            [
                1.658675364214536e-12,
                2.020680260731122e-11,
                6.560188323886722e-12,
                1.7603431338976866e-06,
                0.9999982396284405
            ],
            [
                3.978962474050874e-12,
                1.2256067253784078e-11,
                3.0988190906025556e-12,
                1.522997950821754e-08,
                0.9999999847506866
            ]
        ],
        [
            [
                0.9999999996310092,
                3.581747924483816e-10,
                0.0,
                0.0,
                1.081594153977313e-11
            ],
            [
                0.9999999715343031,
                2.845334720458574e-08,
                6.560199964051056e-12,
                0.0,
                5.789356148610632e-12
            ],
            [
                4.847368914962207e-11,
                1.4449803083194388e-07,
                0.9999998497189336,
                5.602796678752367e-09,
                1.3176514837379006e-10
            ],
            [
                2.4133444857810388e-12,
                2.940055462312453e-11,
                8.423399929875219e-12,
                7.889265049777988e-06,
                0.9999921106947129
            ],
            [
                1.8795287935465577e-12,
                9.545034806074949e-12,
                2.4133627423102266e-12,
                1.1861120006245172e-08,
                0.999999988125042
            ]
        ],
        [
            [
                0.9999999997136195,
                2.789468088582814e-10,
                0.0,
                0.0,
                7.43368066093009e-12
            ],
            [
                0.9999999994730693,
                5.211412478627424e-10,
                0.0,
                0.0,
                5.7893563184424814e-12
            ],
            [
                5.4927885820712375e-11,
                5.043472028057999e-07,
                0.9999994911317881,
                4.363462436542322e-09,
                1.0261880063484457e-10
            ],
            [
                2.734698635633756e-12,
                2.020684163236693e-11,
                9.545036123664785e-12,
                3.05902358986221e-07,
                0.9999996940651544
            ],
            [
                2.1297851287449233e-12,
                1.081594134292125e-11,
                4.50875515293443e-12,
                1.955568070027049e-08,
                0.9999999804268648
            ]
        ],
        [
            [
                0.9999999997987379,
                1.9171715102949607e-10,
                0.0,
                0.0,
                9.545034905597617e-12
            ],
            [
                0.9999993523977169,
                6.475946142797759e-07,
                5.789356456481847e-12,
                0.0,
                1.879528858013824e-12
            ],
            [
                3.331544690737162e-11,
                5.043472040761465e-07,
                0.999999493503399,
                2.061153714356026e-09,
                5.492788595906439e-11
            ],
            [
                2.4133214916242617e-12,
                2.5945651178693894e-11,
                6.5600879569119085e-12,
                1.6701415110153745e-05,
                0.9999832985499707
            ],
            [
                3.978962625891316e-12,
                2.0206839547554505e-11,
                6.560200316627849e-12,
                6.475946146463073e-07,
                0.9999993523746393
            ]
        ],
        [
            [
                0.9999999998017226,
                1.917171510662298e-10,
                0.0,
                0.0,
                6.560200157559802e-12
            ],
            [
                0.9999999778167489,
                2.2159489230040904e-08,
                1.0815941292091308e-11,
                2.1297851187359147e-12,
                1.0815941292091308e-11
            ],
            [
                9.545035683128277e-12,
                1.1253518368298781e-07,
                0.9999998861718028,
                1.2501529659647736e-09,
                3.3315448075328763e-11
            ],
            [
                2.1297852541117093e-12,
                2.940077854077685e-11,
                8.423464083356707e-12,
                3.927863698841635e-07,
                0.9999996071736761
            ],
            [
                5.109088927356074e-12,
                1.573710179666273e-11,
                3.0988190776397904e-12,
                1.9555680702380823e-08,
                0.9999999804203742
            ]
        ],
        [
            [
                0.9999999998250209,
                1.6918979202039525e-10,
                0.0,
                0.0,
                5.789356320480055e-12
            ],
            [
                0.9999999965956232,
                3.3982678024710927e-09,
                2.1297851602864033e-12,
                0.0,
                3.9789625159042106e-12
            ],
            [
                2.0206841577228774e-11,
                6.825604216412855e-08,
                0.9999999296141235,
                2.061153876120128e-09,
                4.8473693028721256e-11
            ],
            [
                1.1399919736643305e-12,
                9.545035932779315e-12,
                2.413363027185703e-12,
                8.764249146769037e-08,
                0.9999999123444101
            ],
            [
                2.129785116923534e-12,
                8.42346354076695e-12,
                3.0988190601053644e-12,
                2.5109990920404034e-08,
                0.9999999748763571
            ]
        ],
        [
            [
                0.9999999997487212,
                2.4616969481193147e-10,
                0.0,
                0.0,
                5.109089020392377e-12
            ],
            [
                0.9999999965921686,
                3.398267799977377e-09,
                2.129785158723525e-12,
                0.0,
                7.433680629657405e-12
            ],
            [
                4.277788179425058e-11,
                8.315279864436483e-07,
                0.9999991639858535,
                4.3634625696174925e-09,
                7.991960472962211e-11
            ],
            [
                1.5730320211921347e-11,
                1.691168800195698e-10,
                3.5802043781091295e-10,
                0.0004305571195142553,
                0.9995694423376181
            ],
            [
                2.734698273330366e-12,
                8.423463698219241e-12,
                1.6586783478380665e-12,
                6.348800073648266e-09,
                0.999999993638383
            ]
        ],
        [
            [
                0.9999999996730959,
                3.1608814475308653e-10,
                0.0,
                0.0,
                1.0815941534076134e-11
            ],
            [
                0.9999999943915623,
                5.6027963945661085e-09,
                2.1297851546212032e-12,
                0.0,
                3.511422086445339e-12
            ],
            [
                0.0,
                3.3315445404556294e-11,
                0.9999999999463951,
                2.020683907984575e-11,
                8.258073281315315e-14
            ],
            [
                2.734698424970261e-12,
                1.573710287440252e-11,
                7.433681034912233e-12,
                1.4449803165847098e-07,
                0.999999855476063
            ],
            [
                2.7346982489258614e-12,
                8.423463623048075e-12,
                2.4133627341805893e-12,
                1.522997950709866e-08,
                0.9999999847564489
            ]
        ],
        [
            [
                0.9999999998008493,
                1.9171715106606237e-10,
                0.0,
                0.0,
                7.433680660341148e-12
            ],
            [
                0.9999999995396194,
                4.5990553741382426e-10,
                0.0,
                0.0,
                4.752193058106771e-13
            ],
            [
                8.592084963220719e-10,
                1.0129987666221277e-05,
                0.9999898270849893,
                4.1398983747435085e-08,
                6.69152249757234e-10
            ],
            [
                2.129785218879414e-12,
                9.545035137619433e-12,
                3.0988192084502944e-12,
                6.475946145615204e-07,
                0.9999993523906118
            ],
            [
                6.560200860796002e-12,
                1.7832474790943156e-11,
                5.109089567493631e-12,
                8.764249144794725e-08,
                0.9999999123280068
            ]
        ],
        [
            [
                0.9999999998031739,
                1.9171715106650804e-10,
                0.0,
                0.0,
                5.109089019820142e-12
            ],
            [
                0.9999999981644156,
                1.8189616804650287e-09,
                2.734698280935472e-12,
                0.0,
                1.3887943810846342e-11
            ],
            [
                7.052880409207026e-11,
                1.125351836241752e-07,
                0.9999998857091398,
                1.6052281822074177e-09,
                7.991960525358266e-11
            ],
            [
                3.978963036915135e-12,
                2.5946098250202985e-11,
                6.560200994291562e-12,
                3.0590235902465415e-07,
                0.9999996940611557
            ],
            [
                1.0060392776050585e-12,
                3.511422107518814e-12,
                8.878265463649079e-13,
                1.4166087842800323e-09,
                0.9999999985779859
            ]
        ],
        [
            [
                0.9999999995292785,
                4.5990553681219373e-10,
                0.0,
                0.0,
                1.0815941532520615e-11
            ],
            [
                0.9999999827350944,
                1.7257827662302694e-08,
                3.978962460753686e-12,
                0.0,
                3.0988190802466945e-12
            ],
            [
                1.5737104086489676e-11,
                1.8553915960123428e-07,
                0.9999998131690041,
                1.250153023647976e-09,
                2.594609824661744e-11
            ],
            [
                1.4637786984872752e-12,
                1.3887945614135962e-11,
                3.978963036983392e-12,
                3.0590235902990173e-07,
                0.9999996940783102
            ],
            [
                2.4133627513653025e-12,
                8.423463683028617e-12,
                2.1297851528929168e-12,
                8.152020645332266e-09,
                0.9999999918350128
            ]
        ],
        [
            [
                0.9999999998411455,
                1.4930946740933827e-10,
                0.0,
                0.0,
                9.545034909391604e-12
            ],
            [
                0.9999999936468065,
                6.348800060880311e-09,
                2.7346982678306647e-12,
                0.0,
                1.658678344502329e-12
            ],
            [
                8.592150816719151e-10,
                2.260325249851051e-06,
                0.9999977293608588,
                9.237432672730432e-09,
                2.1724359395926925e-10
            ],
            [
                8.878249731657637e-13,
                1.081592237375364e-11,
                2.4133584914086353e-12,
                1.3709566548031225e-06,
                0.9999986290292281
            ],
            [
                2.413362748915111e-12,
                8.423463674476608e-12,
                1.879528798690447e-12,
                9.237449574248673e-09,
                0.9999999907498341
            ]
        ],
        [
            [
                0.9999999998212652,
                1.6918979195968476e-10,
                0.0,
                0.0,
                9.545034905812642e-12
            ],
            [
                0.999999988124226,
                1.1861119991444047e-08,
                5.109088959187686e-12,
                0.0,
                9.545034794163994e-12
            ],
            [
                2.1297851283276906e-12,
                1.955568069643946e-08,
                0.9999999801165564,
                3.1608813910479906e-10,
                9.545034731794763e-12
            ],
            [
                3.511408833449829e-12,
                2.9400666201379963e-11,
                1.0815900652231772e-11,
                2.9023122001585133e-06,
                0.9999970976440719
            ],
            [
                2.7346982372968272e-12,
                1.2256067200765962e-11,
                4.508755152777426e-12,
                1.955568069958952e-08,
                0.9999999804248199
            ]
        ],
        [
            [
                0.9999999998422671,
                1.4930946738465228e-10,
                0.0,
                0.0,
                8.423463741207236e-12
            ],
            [
                0.9999999804373971,
                1.9555680680842883e-08,
                4.508755148455203e-12,
                0.0,
                2.413362721604484e-12
            ],
            [
                1.917168022120374e-10,
                1.760343106135256e-06,
                0.9999982239191375,
                1.522995200719687e-08,
                3.1608756975759547e-10
            ],
            [
                1.879528858820067e-12,
                1.388794417738058e-11,
                5.109089142994955e-12,
                6.475946145575681e-07,
                0.9999993523845089
            ],
            [
                2.7346982837265655e-12,
                7.433680650972062e-12,
                2.1297851648302764e-12,
                2.646573631297265e-09,
                0.9999999973411282
            ]
        ],
        [
            [
                0.9999999998762841,
                1.1628233015953455e-10,
                0.0,
                0.0,
                7.433680663231272e-12
            ],
            [
                0.9999999943912787,
                5.602796397118979e-09,
                3.5114220880452913e-12,
                0.0,
                2.4133627544233375e-12
            ],
            [
                3.7751348131329244e-11,
                8.31527985315303e-07,
                0.9999991627409057,
                5.602796836551726e-09,
                9.05607763461967e-11
            ],
            [
                7.433412181528528e-12,
                5.492589961578877e-11,
                1.7831828832142856e-11,
                3.53562575210862e-05,
                0.9999646436622878
            ],
            [
                3.5114220802040877e-12,
                1.0815941455107434e-11,
                3.5114220802040877e-12,
                9.237449574704357e-09,
                0.9999999907447116
            ]
        ],
        [
            [
                0.9999999999532432,
                4.2777878609878504e-11,
                0.0,
                0.0,
                3.978962528413616e-12
            ],
            [
                0.9999999936426758,
                6.348800062596447e-09,
                2.7346982685698774e-12,
                0.0,
                5.789356279993084e-12
            ],
            [
                3.4424771058455754e-14,
                4.599055375146188e-10,
                0.9999999994068314,
                1.317651426005024e-10,
                1.4637785130099851e-12
            ],
            [
                3.0988193773173477e-12,
                2.0206840646060414e-11,
                8.42346440303852e-12,
                8.315279901203771e-07,
                0.9999991684402807
            ],
            [
                2.7346981454073295e-12,
                1.0815940979114601e-11,
                5.1090887549546395e-12,
                5.3157849702666955e-08,
                0.9999999468234906
            ]
        ],
        [
            [
                0.9999999998242499,
                1.6918979192402819e-10,
                0.0,
                0.0,
                6.5602001550680705e-12
            ],
            [
                0.9999999969981117,
                2.9989608116064073e-09,
                1.4637785076582077e-12,
                0.0,
                1.4637785076582077e-12
            ],
            [
                7.4336803540559e-12,
                4.139937541520785e-08,
                0.9999999573136373,
                1.2501528128575376e-09,
                2.940077613395849e-11
            ],
            [
                8.42266084960445e-12,
                1.0260901493335982e-10,
                7.052207587100095e-11,
                9.610239949752975e-05,
                0.9999038974189487
            ],
            [
                1.8795289615141182e-12,
                2.940077966063583e-11,
                9.545035659084607e-12,
                8.315279902351991e-07,
                0.9999991684311844
            ]
        ],
        [
            [
                0.9999999997115081,
                2.78946808699025e-10,
                0.0,
                0.0,
                9.545034902724911e-12
            ],
            [
                0.999999989527984,
                1.0467401670301644e-08,
                2.7346982590800725e-12,
                0.0,
                1.8795287941940705e-12
            ],
            [
                3.3315447810793515e-11,
                2.3823698383471818e-07,
                0.9999997590453755,
                2.6465738287011728e-09,
                3.775134815002925e-11
            ],
            [
                3.0988190092485285e-12,
                1.5737101449343245e-11,
                5.109088814597947e-12,
                4.139937545812379e-08,
                0.9999999585766797
            ],
            [
                1.4637784664486621e-12,
                8.423463480105036e-12,
                3.5114219990047425e-12,
                3.224186632240609e-08,
                0.999999967744735
            ]
        ],
        [
            [
                0.9999999996743669,
                3.1608814467693427e-10,
                0.0,
                0.0,
                9.545034900058665e-12
            ],
            [
                0.9999999992404218,
                7.582560415637297e-10,
                5.384940209036922e-13,
                0.0,
                7.835041772381064e-13
            ],
            [
                4.508755605624602e-12,
                1.125351837876999e-07,
                0.9999998871397106,
                3.160881709027531e-10,
                4.508755605624602e-12
            ],
            [
                5.7893566110491365e-12,
                2.0206840075610507e-11,
                7.433681034856298e-12,
                1.4449803165738373e-07,
                0.9999998554685385
            ],
            [
                5.789356258310524e-12,
                1.3887943696034915e-11,
                3.978962487438241e-12,
                1.1861120007068447e-08,
                0.9999999881152236
            ]
        ],
        [
            [
                0.9999999998233766,
                1.6918979199195442e-10,
                0.0,
                0.0,
                7.433680660508608e-12
            ],
            [
                0.9999986290351273,
                1.3709566538652135e-06,
                6.560188528265422e-12,
                0.0,
                1.6586754158895641e-12
            ],
            [
                6.914400055711948e-13,
                7.194132977024609e-09,
                0.9999999927228425,
                7.991959833742121e-11,
                2.413362753952796e-12
            ],
            [
                1.2917801689627683e-12,
                1.0815942931920976e-11,
                2.4133630785558046e-12,
                1.85539159842406e-07,
                0.9999998144463191
            ],
            [
                2.7346982847997915e-12,
                1.0815941530422484e-11,
                3.098819131025387e-12,
                2.0611536173193364e-09,
                0.999999997922197
            ]
        ],
        [
            [
                0.9999999997769666,
                2.1724399315169928e-10,
                0.0,
                0.0,
                5.789356319238179e-12
            ],
            [
                0.9999999976541039,
                2.335593028506262e-09,
                1.8795288082559062e-12,
                0.0,
                8.423463717346022e-12
            ],
            [
                7.43368027228306e-12,
                5.31578496833713e-08,
                0.9999999462978382,
                5.211412207418427e-10,
                1.573710125991655e-11
            ],
            [
                5.109089226880113e-12,
                2.2897349347490553e-11,
                1.2256067921036163e-11,
                3.9278636983312257e-07,
                0.9999996071733677
            ],
            [
                3.5114220800128813e-12,
                1.0815941454518477e-11,
                3.5114220800128813e-12,
                9.237449574201353e-09,
                0.9999999907447116
            ]
        ],
        [
            [
                0.999999999626088,
                3.5817479238699866e-10,
                0.0,
                0.0,
                1.573710207868529e-11
            ],
            [
                0.999999967755469,
                3.224186631136852e-08,
                1.6586783043210065e-12,
                0.0,
                1.0060392461708523e-12
            ],
            [
                1.3887945611692027e-11,
                1.8553915959740683e-07,
                0.9999998131739021,
                1.2501530236221868e-09,
                2.2897351336323148e-11
            ],
            [
                1.573182108175123e-11,
                1.9165281531930194e-10,
                7.989277967107637e-11,
                0.0003353500548109729,
                0.9996646496579117
            ],
            [
                3.978962956110529e-12,
                1.7832474791680594e-11,
                8.423464644187206e-12,
                8.764249145157157e-08,
                0.9999999123272737
            ]
        ],
        [
            [
                0.999999999773211,
                2.17243993109907e-10,
                0.0,
                0.0,
                9.545034905353962e-12
            ],
            [
                0.9999962733385107,
                3.7266391136734335e-06,
                1.5737042740308393e-11,
                2.1297771365663156e-12,
                4.508738233492185e-12
            ],
            [
                1.2917799923164893e-12,
                9.237449572801818e-09,
                0.9999999904788003,
                2.7894680659422875e-10,
                3.5114220794808778e-12
            ],
            [
                5.109089143266981e-12,
                2.2897348972762494e-11,
                9.545035138069393e-12,
                6.475946145920484e-07,
                0.9999993523678339
            ],
            [
                1.6586782701944445e-12,
                9.545034412293506e-12,
                3.0988189729714427e-12,
                5.3157849700924224e-08,
                0.9999999468278478
            ]
        ],
        [
            [
                0.9999999996764783,
                3.160881449339494e-10,
                0.0,
                0.0,
                7.433680660653995e-12
            ],
            [
                0.9999986290372308,
                1.3709566541286586e-06,
                5.109079963890927e-12,
                0.0,
                1.0060374944419455e-12
            ],
            [
                6.224133262804672e-11,
                8.315279944313382e-07,
                0.9999990544581887,
                1.1253496932377656e-07,
                1.4166062010956458e-09
            ],
            [
                1.8795289615644676e-12,
                2.0206840649391987e-11,
                7.433681245938709e-12,
                8.315279902574742e-07,
                0.9999991684424897
            ],
            [
                2.4133629508788356e-12,
                2.2897350155193092e-11,
                6.560200654850239e-12,
                2.382369844248084e-07,
                0.9999997617311447
            ]
        ],
        [
            [
                0.9999999998598115,
                1.3176514249582305e-10,
                0.0,
                0.0,
                8.423463741355022e-12
            ],
            [
                0.9999999907520111,
                9.237449563456909e-09,
                3.978962493403205e-12,
                0.0,
                6.560200098191883e-12
            ],
            [
                1.0603575978491352e-13,
                5.21141248148337e-10,
                0.9999999993614643,
                1.1628233015929105e-10,
                1.0060392780468283e-12
            ],
            [
                2.413358359929977e-12,
                1.7832440308345866e-11,
                6.56018817535738e-12,
                1.0677030763902223e-06,
                0.9999989322701176
            ],
            [
                4.508755187478259e-12,
                1.0815941425787586e-11,
                2.41336274249202e-12,
                1.1861120007138646e-08,
                0.999999988121142
            ]
        ],
        [
            [
                0.9999999997442852,
                2.461696947698631e-10,
                0.0,
                0.0,
                9.545034906878241e-12
            ],
            [
                0.9999999981758683,
                1.8189616809263986e-09,
                1.658678352871511e-12,
                0.0,
                3.511422100584073e-12
            ],
            [
                7.835041707387498e-13,
                9.23744957039018e-09,
                0.9999999902177285,
                5.211412436222405e-10,
                2.289734822945038e-11
            ],
            [
                5.109088979669613e-12,
                9.545034832429272e-12,
                2.7346982656885872e-12,
                9.23744957447271e-09,
                0.9999999907451617
            ],
            [
                2.4133627344334295e-12,
                1.388794364974312e-11,
                4.508755172422829e-12,
                1.5229979508694254e-08,
                0.9999999847492105
            ]
        ],
        [
            [
                0.9999999995833189,
                4.0586521203067973e-10,
                0.0,
                0.0,
                1.0815941540846142e-11
            ],
            [
                0.9999999988950727,
                1.1032560297452975e-09,
                8.878265457550632e-13,
                0.0,
                7.835041766612239e-13
            ],
            [
                9.056060402509052e-11,
                1.0677030726623578e-06,
                0.9999989287458638,
                3.398261595207769e-09,
                6.224133222727926e-11
            ],
            [
                3.098819009615813e-12,
                1.081594110666143e-11,
                3.511421967080233e-12,
                4.13993754630306e-08,
                0.9999999585831985
            ],
            [
                4.508755152399076e-12,
                1.388794358806562e-11,
                5.789356213302225e-12,
                1.9555680697948515e-08,
                0.9999999804201334
            ]
        ],
        [
            [
                0.9999999998899476,
                1.0261879617743627e-10,
                0.0,
                0.0,
                7.433680662240857e-12
            ],
            [
                0.9999999965814861,
                3.3982678016967263e-09,
                4.50875521868033e-12,
                0.0,
                1.5737102024440214e-11
            ],
            [
                2.41336271003314e-12,
                2.510999091443689e-08,
                0.999999974524312,
                3.581747838563739e-10,
                5.109088897232568e-12
            ],
            [
                7.433652558922068e-12,
                4.2777716908069784e-11,
                2.2897261860994394e-11,
                2.9023122002267947e-06,
                0.9999970976146911
            ],
            [
                4.508755589885532e-12,
                2.9400779659420856e-11,
                1.0815942391112453e-11,
                8.315279902008364e-07,
                0.9999991684272844
            ]
        ],
        [
            [
                0.9999999998915918,
                1.02618796177605e-10,
                0.0,
                0.0,
                5.7893563208654574e-12
            ],
            [
                0.9999999956313896,
                4.363462226877084e-09,
                2.413362757416175e-12,
                0.0,
                2.734698275255229e-12
            ],
            [
                2.129785149915474e-12,
                9.237449570713119e-09,
                0.999999990223542,
                5.211412436404595e-10,
                1.573710195139486e-11
            ],
            [
                1.8795290554762754e-12,
                1.3887945630484336e-11,
                3.511422559769955e-12,
                1.8553915984846697e-07,
                0.9999998144415613
            ],
            [
                2.7346982884945727e-12,
                5.789356322173664e-12,
                1.139991851753208e-12,
                9.736200301982408e-10,
                0.9999999990167159
            ]
        ],
        [
            [
                0.9999999999311981,
                6.224144614698418e-11,
                0.0,
                0.0,
                6.560200159501171e-12
            ],
            [
                0.9999999634524748,
                3.653482075019757e-08,
                7.43368039013894e-12,
                1.291779955744687e-12,
                3.9789623847793735e-12
            ],
            [
                1.0815941093519669e-11,
                4.139937541272886e-08,
                0.9999999572911822,
                1.2501528127826786e-09,
                4.847368498424744e-11
            ],
            [
                2.413358358786652e-12,
                2.940072363093163e-11,
                1.0815921779383146e-11,
                2.260325273769489e-06,
                0.9999977396320963
            ],
            [
                3.978962323240095e-12,
                1.573710126602488e-11,
                6.560199817640343e-12,
                5.315784970400443e-08,
                0.999999946815874
            ]
        ],
        [
            [
                0.9999999998741727,
                1.1628233014220751e-10,
                0.0,
                0.0,
                9.545034909706848e-12
            ],
            [
                0.9999999123469695,
                8.764249138430841e-08,
                6.5602008560325175e-12,
                0.0,
                3.978962953056786e-12
            ],
            [
                8.423463294518155e-12,
                5.315784964164012e-08,
                0.9999999455458227,
                1.250152798124037e-09,
                3.775134338143589e-11
            ],
            [
                2.73443762676341e-12,
                4.846906666806448e-11,
                1.3886620099736823e-11,
                9.610239928069119e-05,
                0.9999038975356292
            ],
            [
                1.8795287159961623e-12,
                1.3887943122046738e-11,
                3.978962322987874e-12,
                5.315784970063484e-08,
                0.9999999468224039
            ]
        ],
        [
            [
                0.9999999996360358,
                3.581747924501821e-10,
                0.0,
                0.0,
                5.789356319385953e-12
            ],
            [
                0.9999999950353036,
                4.9444504694539785e-09,
                4.508755212672644e-12,
                0.0,
                1.573710200347133e-11
            ],
            [
                1.388794530463948e-11,
                8.764249127977916e-08,
                0.9999999102202255,
                2.0611538361053407e-09,
                6.22414526812556e-11
            ],
            [
                1.6586784823012426e-12,
                1.5737103277526272e-11,
                3.978962831827293e-12,
                2.382369844723322e-07,
                0.9999997617416407
            ],
            [
                3.0988190774838903e-12,
                9.545034734214509e-12,
                1.6586783261359266e-12,
                1.9555680701396988e-08,
                0.9999999804300167
            ]
        ],
        [
            [
                0.9999999997743325,
                2.1724399301110354e-10,
                0.0,
                0.0,
                8.423463735205692e-12
            ],
            [
                0.9999998144101258,
                1.8553915943373796e-07,
