{
    "[['A', 'B', 'C', 'D', 'E'], ['A', 'B', 'C', 'D', 'E']]": [
        [
            [
                0.9999999943487299,
                4.8473686741569704e-11,
                0.0,
                0.0,
                5.602796400419357e-09
            ],
            [
                9.436429489415504e-05,
                0.9818198337933206,
                0.017982660370201825,
                9.436429489415504e-05,
                8.77724668930425e-06
            ],
            [
                6.914400041220583e-13,
                9.237449574170977e-09,
                0.9999999907124976,
                4.847368660197245e-11,
                8.878265394073996e-13
            ],
            [
                0.017975587728834164,
                0.981433877633032,
                7.346211708320154e-05,
                9.432722549852151e-05,
                0.0004227452955520379
            ],
            [
                0.8175740693840698,
                0.1824254249441032,
                3.384704760501192e-08,
                4.580699774347401e-09,
                4.6724407964273164e-07
            ]
        ],
        [
            [
                0.9999977394907623,
                1.6918948278450185e-10,
                8.878249238596556e-13,
                1.3887918461543983e-11,
                2.2603252724527247e-06
            ],
            [
                6.10294834831971e-06,
                0.9932841698565267,
                0.0066926955654341745,
                1.658953359526161e-05,
                4.4209609554486606e-07
            ],
            [
                6.691471563217618e-10,
                1.6701414936695038e-05,
                0.9999832884324592,
                9.237291560839595e-09,
                2.461654819291095e-10
            ],
            [
                0.6224579324314042,
                0.3775398204009814,
                4.031008268734553e-07,
                3.749421751203054e-08,
                1.8065725700430011e-06
            ],
            [
                0.999903897132563,
                9.610239913806862e-05,
                1.6917366524856194e-10,
                2.0204912993196147e-11,
                2.7892022033760715e-10
            ]
        ],
        [
            [
                0.9999999995499727,
                9.056076972768466e-11,
                0.0,
                1.2917800023747127e-12,
                3.581747923597361e-10
            ],
            [
                4.5160486620629874e-05,
                0.994726087189739,
                0.005219842534945134,
                7.847715848207918e-06,
                1.062072847077673e-06
            ],
            [
                1.139991851409279e-12,
                1.2501528645936636e-09,
                0.9999999987150217,
                3.3315445373880184e-11,
                3.701011673284356e-13
            ],
            [
                0.9820134676305673,
                0.01798620352941587,
                2.4658348980810734e-08,
                3.781480290402905e-09,
                3.004001875396454e-07
            ],
            [
                0.4996333955809367,
                0.4996333945600269,
                1.7665781728182272e-05,
                0.0001305334522210029,
                0.000585010625087102
            ]
        ],
        [
            [
                0.9999999842978591,
                4.599055299054769e-10,
                0.0,
                1.2256067231979204e-11,
                1.5229979481121753e-08
            ],
            [
                7.205161968539015e-05,
                0.9625900695152662,
                0.03732366367928343,
                1.2520694084721969e-05,
                1.6944916802748287e-06
            ],
            [
                7.835041783133722e-13,
                1.1628233027355606e-10,
                0.9999999998562044,
                2.5946094976371175e-11,
                7.835041783133722e-13
            ],
            [
                0.00015843608995505333,
                0.9998410510333215,
                5.042673445830219e-07,
                7.192994215572723e-09,
                1.4163845407225027e-09
            ],
            [
                0.9990889174685094,
                0.0009110513762491311,
                2.059275226081721e-09,
                6.685487831173542e-10,
                2.8427417627975206e-08
            ]
        ],
        [
            [
                0.9999970973444863,
                2.7894575402368696e-10,
                2.129777113921785e-12,
                6.224121076802978e-11,
                2.9023121969543142e-06
            ],
            [
                6.1441661678025935e-06,
                0.9999927671657158,
                1.067695984193866e-06,
                1.9555534089446488e-08,
                1.4165981381145254e-09
            ],
            [
                1.3615261078102415e-13,
                2.94007773868111e-11,
                0.9999999999265452,
                4.2777878680911114e-11,
                1.1399918528104064e-12
            ],
            [
                0.9999832659852763,
                1.6701414548590816e-05,
                2.7894202856441953e-10,
                7.991822922961837e-11,
                3.224131479618078e-08
            ],
            [
                0.9999938557288078,
                6.144172124410227e-06,
                3.3315259062370896e-11,
                3.5114024712515155e-12,
                6.224109806408164e-11
            ]
        ],
        [
            [
                0.9999999846361256,
                1.31765140511805e-10,
                0.0,
                2.1297851355714764e-12,
                1.5229979491681332e-08
            ],
            [
                5.91472400663044e-06,
                0.9626500905190677,
                0.037325996640395515,
                1.6077886787574005e-05,
                1.9202297424962367e-06
            ],
            [
                6.101936646656965e-13,
                4.363462230812696e-09,
                0.9999999955186392,
                1.1628232971243839e-10,
                1.0060392741807951e-12
            ],
            [
                0.005220120568292812,
                0.9947790184014708,
                8.2718721933038e-07,
                2.2043813745933512e-08,
                1.1799203235654926e-08
            ],
            [
                0.9999970976315441,
                2.9023121991006818e-06,
                2.0206762662155607e-11,
                2.7346879481778386e-12,
                3.331531941308509e-11
            ]
        ],
        [
            [
                0.9999999986321011,
                1.162823300432355e-10,
                0.0,
                1.463778510865905e-12,
                1.2501528636025076e-09
            ],
            [
                1.0110405031349195e-05,
                0.9980567489384048,
                0.0019267030781529757,
                6.132270633626156e-06,
                3.053077772865898e-07
            ],
            [
                3.3315385262052465e-11,
                1.7603431333978132e-06,
                0.999998239373403,
                2.4616925065879307e-10,
                3.97895535079625e-12
            ],
            [
                0.9994472213509228,
                0.0005527785844765943,
                3.3297026050681026e-11,
                8.418806608154304e-12,
                2.2884689020256776e-11
            ],
            [
                0.9999999673445996,
                3.2241866300656444e-08,
                5.789356136258112e-12,
                1.8795287540523985e-12,
                4.058651991542026e-10
            ]
        ],
        [
            [
                0.9999999847198882,
                4.847368629339402e-11,
                0.0,
                1.6586783325899407e-12,
                1.5229979503003072e-08
            ],
            [
                6.721115908754362e-06,
                0.14804236083094197,
                0.8519249864932064,
                2.3458999578405532e-05,
                2.4725603645610455e-06
            ],
            [
                3.331538451341745e-11,
                1.0677030762684022e-06,
                0.9999989320687928,
                1.917168008730719e-10,
                3.098813473372372e-12
            ],
            [
                0.9933071480140724,
                0.006692851419125692,
                4.031486536457379e-10,
                4.814924035764216e-11,
                1.1550402311723128e-10
            ],
            [
                0.9999982396130539,
                1.7603431333356374e-06,
                1.573707368891869e-11,
                2.129781325005256e-12,
                2.594604812949558e-11
            ]
        ],
        [
            [
                0.9999999714097787,
                1.3176513883384833e-10,
                0.0,
                5.109088878119341e-12,
                2.8453347254771554e-08
            ],
            [
                0.00026119007696044134,
                0.9997377357936824,
                1.0674241465321631e-06,
                6.3471299337292736e-09,
                3.580805677898718e-10
            ],
            [
                7.835041530976235e-13,
                3.224186632697284e-08,
                0.9999999677020522,
                5.492788172825135e-11,
                3.7010115585699265e-13
            ],
            [
                0.999903897287962,
                9.610239916712142e-05,
                7.991198109218386e-11,
                1.5735602065747804e-11,
                2.172232860790462e-10
            ],
            [
                0.9999993520598401,
                6.47594614214523e-07,
                2.2897348959414126e-11,
                6.560200312253828e-12,
                3.160881523744985e-10
            ]
        ],
        [
            [
                0.9999999955976464,
                3.7751345254302895e-11,
                0.0,
                1.1399918473525084e-12,
                4.363462231157441e-09
            ],
            [
                4.4063760455010596e-05,
                0.9705693687057675,
                0.02930865600894404,
                7.264885912921113e-05,
                5.2626657041356165e-06
            ],
            [
                6.560200471280341e-12,
                5.043472048890286e-07,
                0.9999994952295538,
                4.0586523140134566e-10,
                1.0815942057056905e-11
            ],
            [
                0.9996646494445737,
                0.0003353500555293783,
                2.7885320056329657e-10,
                2.939091110596549e-11,
                1.9165281510370243e-10
            ],
            [
                0.9999998755174306,
                1.1253518241349366e-07,
                7.052880333330382e-11,
                1.5737103182837192e-11,
                1.1861120962310185e-08
            ]
        ],
        [
            [
                0.9999977395334174,
                1.3176490168563646e-10,
                0.0,
                9.545017463749538e-12,
                2.2603252725491395e-06
            ],
            [
                7.821527048015745e-06,
                0.9914066216246031,
                0.008577345910399126,
                7.821527048015745e-06,
                3.89410901880657e-07
            ],
            [
                3.174921050607559e-06,
                0.14804664264656012,
                0.8519496140533976,
                5.517185511079058e-07,
                1.6660440740369446e-08
            ],
            [
                0.9999999672886648,
                3.2241866298853005e-08,
                7.433680424796754e-12,
                2.129785100029966e-12,
                4.599055225495193e-10
            ],
            [
                0.9890130111238852,
                0.010986941874916969,
                5.5412410682542454e-09,
                5.154157075568199e-10,
                4.094454111102902e-08
            ]
        ],
        [
            [
                0.999999999788076,
                2.0206839074007104e-11,
                0.0,
                0.0,
                1.9171715122198695e-10
            ],
            [
                3.726639296213353e-06,
                0.9999959643112636,
                3.059011815014403e-07,
                2.998949658490442e-09,
                1.4930891167904587e-10
            ],
            [
                4.3633710429148464e-09,
                2.1444939588883572e-05,
                0.9999785471670809,
                3.398196785053175e-09,
                1.317623883967414e-10
            ],
            [
                0.9399132663748031,
                0.0600866417679599,
                2.3601212914612454e-08,
                4.1012758383857796e-09,
                6.415474819538398e-08
            ],
            [
                0.9999545954686895,
                4.539785539499433e-05,
                2.7893406393253185e-10,
                4.847147225221464e-11,
                6.348510033115502e-09
            ]
        ],
        [
            [
                0.9999999972352644,
                1.162823299029085e-10,
                0.0,
                1.8795288100849803e-12,
                2.6465736298210636e-09
            ],
            [
                2.1444919248492003e-05,
                0.9999774796859923,
                1.067679660767993e-06,
                7.193968966256287e-09,
                5.211293640275506e-10
            ],
            [
                1.4637784851878294e-12,
                1.955568070124566e-08,
                0.9999999803997511,
                4.2777877843995335e-11,
                3.2661312782178645e-13
            ],
            [
                0.9626730866441975,
                0.03732688275042906,
                8.892639066031055e-09,
                2.887017214114233e-09,
                1.8825717050518264e-08
            ],
            [
                0.9914225119683404,
                0.00857748565705649,
                1.8033578961464027e-09,
                1.1528481329086741e-10,
                4.5596028155295447e-10
            ]
        ],
        [
            [
                0.9999999993761544,
                3.331544538351837e-11,
                0.0,
                0.0,
                5.905303992182543e-10
            ],
            [
                7.144990538963556e-06,
                0.37753240131445365,
                0.6224456981632607,
                1.3348599690310141e-05,
                1.4069320563454311e-06
            ],
            [
                2.8823507804559286e-13,
                4.363462233281054e-09,
                0.9999999956100789,
                2.5946094865846287e-11,
                2.2447770449055521e-13
            ],
            [
                0.6791786176581932,
                0.3208212622305624,
                5.952489267000359e-08,
                8.055818209123906e-09,
                5.253053340795865e-08
            ],
            [
                0.9999546001444927,
                4.5397855607275404e-05,
                5.211174397688469e-10,
                6.223860264714686e-11,
                1.4165440670167575e-09
            ]
        ],
        [
            [
                0.9999999996681748,
                1.5737102094403354e-11,
                0.0,
                0.0,
                3.160881451811126e-10
            ],
            [
                1.667596640440678e-05,
                0.9984590313775681,
                0.0015011226573885758,
                2.1412364711089194e-05,
                1.7576339278441757e-06
            ],
            [
                6.168816326292425e-07,
                0.0474258334733276,
                0.9525733198502381,
                2.2693807028057268e-07,
                2.8567314333054306e-09
            ],
            [
                0.00857745319990362,
                0.9914187876650417,
                3.6946739622950196e-06,
                5.270174387594085e-08,
                1.1759348551140213e-08
            ],
            [
                0.9999999979086109,
                2.0611536172913335e-09,
                6.101936662367237e-13,
                2.2447770494151953e-13,
                2.940077731942351e-11
            ]
        ],
        [
            [
                0.9999999747713133,
                1.1628232725534442e-10,
                0.0,
                2.413362708597542e-12,
                2.5109990899500118e-08
            ],
            [
                1.3703553796146478e-06,
                0.9995599208880616,
                0.0004305530668508312,
                7.8858507346093e-06,
                2.6983897342499954e-07
            ],
            [
                1.2917799721391803e-12,
                2.5109990922841616e-08,
                0.9999999748590285,
                2.9400776649806625e-11,
                2.882350720599495e-13
            ],
            [
                0.9399133394698571,
                0.060086654145222185,
                5.266142230994471e-09,
                4.898275297266546e-10,
                6.289509979623946e-10
            ],
            [
                0.9999251526903127,
                7.484619699480218e-05,
                4.0583505673751465e-10,
                3.7748540506220566e-11,
                6.691088904389338e-10
            ]
        ],
        [
            [
                0.9999999585661692,
                3.3315444027756014e-11,
                0.0,
                1.1399918053474429e-12,
                4.1399375455714316e-08
            ],
            [
                8.922248483857072e-06,
                0.880767023777302,
                0.11919886039022,
                2.4253185922664945e-05,
                9.403980715468051e-07
            ],
            [
                4.058652319261858e-10,
                1.4449803147458738e-07,
                0.9999998541046508,
                9.736200775479533e-10,
                1.7832473755189682e-11
            ],
            [
                0.9999999956007362,
                4.3634622317409e-09,
                5.1090890032373965e-12,
                1.2917799985090184e-12,
                2.9400777249981373e-11
            ],
            [
                0.9914223814444595,
                0.008577485554343324,
                1.938792425080055e-08,
                2.043472181898543e-09,
                1.1156980077585325e-07
            ]
        ],
        [
            [
                0.9999999968297195,
                1.6918979151362085e-10,
                0.0,
                2.1297851615412116e-12,
                2.998960811600601e-09
            ],
            [
                1.569787863361722e-05,
                0.06008559346955697,
                0.9398968797198948,
                1.6545442352495133e-06,
                1.7438767939860157e-07
            ],
            [
                5.789356611328489e-12,
                1.4449803166435614e-07,
                0.9999998553924202,
                1.0261880132618543e-10,
                1.1399919086911689e-12
            ],
            [
                0.017986203893315705,
                0.9820134896233057,
                3.0040019462174683e-07,
                4.855516920052581e-09,
                1.227666935489202e-09
            ],
            [
                0.9999546015171238,
                4.5397855662923944e-05,
                2.461584488985738e-10,
                2.2896302389190053e-11,
                3.581584297831581e-10
            ]
        ],
        [
            [
                0.9999999748513699,
                3.775134447110304e-11,
                0.0,
                8.878265249940559e-13,
                2.510999091112972e-08
            ],
            [
                1.370738354256405e-06,
                0.9998389404083278,
                0.00015843581195070126,
                1.067532103680897e-06,
                1.855092634165789e-07
            ],
            [
                2.378791670605896e-07,
                0.001501181263996795,
                0.9984981734532871,
                3.921964425892233e-07,
                1.5207106375816577e-08
            ],
            [
                0.817562262899398,
                0.18242280988747295,
                9.89141541569237e-07,
                2.8339379643326953e-07,
                1.3654677791113303e-05
            ],
            [
                0.999998931980154,
                1.0677030755688673e-06,
                3.331538449158996e-11,
                4.5087469963059815e-12,
                2.789462991256276e-10
            ]
        ],
        [
            [
                0.9999999847308054,
                3.775134484406503e-11,
                0.0,
                1.4637784909107845e-12,
                1.5229979503169342e-08
            ],
            [
                4.53976354565818e-05,
                0.9999497509828983,
                4.784875574065919e-06,
                4.139732453122155e-08,
                2.510874655825979e-08
            ],
            [
                3.223676705940732e-08,
                0.0001584362603850049,
                0.9998415178184333,
                1.3438283824290144e-08,
                2.46130753810016e-10
            ],
            [
                0.008577407437151331,
                0.9914133045607585,
                7.82157935976918e-06,
                8.24388399368755e-07,
                6.420343309833684e-07
            ],
            [
                0.7310585214306982,
                0.2689414084077601,
                5.65431924606568e-08,
                2.4843344939994284e-09,
                1.1134014748821085e-08
            ]
        ],
        [
            [
                0.9999999979249583,
                1.3887943827944706e-11,
                0.0,
                0.0,
                2.0611536169444044e-09
            ],
            [
                3.4543817192495284e-05,
                0.9769873047845076,
                0.02297653662233112,
                1.5177494030857854e-06,
                9.702656571873097e-08
            ],
            [
                3.098819466552036e-12,
                8.764249146630803e-08,
                0.9999999123110933,
                4.2777883215246444e-11,
                5.38494078743752e-13
            ],
            [
                0.9990887082204702,
                0.0009110509696325241,
                1.8173040604447852e-09,
                9.72732767447037e-10,
                2.3801986044333803e-07
            ],
            [
                0.9999038914666627,
                9.610239860762681e-05,
                9.73527221375642e-10,
                2.172232848144029e-10,
                4.943979174247088e-09
            ]
        ],
        [
            [
                0.9999999969286308,
                7.052879824730668e-11,
                0.0,
                1.879528809508654e-12,
                2.9989608136396115e-09
            ],
            [
                4.214422850945949e-06,
                0.2226848687788489,
                0.777246606536337,
                5.817831289733975e-05,
                6.131949065697119e-06
            ],
            [
                3.472031476317594e-05,
                0.9819786166859239,
                0.017985568470465296,
                1.0484626574472094e-06,
                4.606619025471594e-08
            ],
            [
                0.9999998139285409,
                1.8553915966816262e-07,
                8.423464817125044e-12,
                2.734698636585896e-12,
                5.211413145330772e-10
            ],
            [
                0.9999982395984212,
                1.7603431333098787e-06,
                2.940072430070512e-11,
                3.0988135428514807e-12,
                2.5946048129115916e-11
            ]
        ],
        [
            [
                0.9999999960453474,
                1.0261879585059771e-10,
                0.0,
                1.2917799989146197e-12,
                3.8507419052652905e-09
            ],
            [
                4.5397768792779e-05,
                0.9999523305689114,
                2.2602218186345684e-06,
                1.0466903561855406e-08,
                9.735736884232547e-10
            ],
            [
                0.0,
                2.1724399335253852e-10,
                0.9999999997447502,
                3.77513454157929e-11,
                2.543665645557807e-13
            ],
            [
                0.9984988076188468,
                0.001501182016483109,
                9.721578255900106e-10,
                1.6893569900898622e-10,
                9.223576640446726e-09
            ],
            [
                0.37754056553035414,
                0.6224591604268959,
                2.444934640344295e-07,
                9.480040387968622e-09,
                2.00692456588184e-08
            ]
        ],
        [
            [
                0.9999996940387343,
                5.49278904012469e-11,
                0.0,
                3.9789630350703185e-12,
                3.059023588828248e-07
            ],
            [
                7.857000125976232e-06,
                0.9959025924729846,
                0.004070026828676468,
                1.663326939721747e-05,
                2.890428815628088e-06
            ],
            [
                1.9553256650767018e-08,
                0.00012339462355710634,
                0.999876560047232,
                2.5106878518603474e-08,
                6.690756494543166e-10
            ],
            [
                0.32082120974063816,
                0.679178526380515,
                2.354255068423285e-07,
                1.9324902405183208e-08,
                9.128437531192937e-09
            ],
            [
                0.9995694420169177,
                0.0004305571191603889,
                1.6911687988057597e-10,
                2.5934913507003477e-11,
                6.688702350686212e-10
            ]
        ],
        [
            [
                0.9999999392322966,
                5.211413164569559e-10,
                0.0,
                1.0815942961692345e-11,
                6.023574620023395e-08
            ],
            [
                2.7644075222738527e-06,
                0.9524819717513148,
                0.047421279655588885,
                9.154460449810743e-05,
                2.439581075888231e-06
            ],
            [
                0.0002300626180982077,
                0.8805937569338912,
                0.11917541603679656,
                7.322388828777129e-07,
                3.2172331193476064e-08
            ],
            [
                0.4378234868786917,
                0.5621764848846541,
                2.6372627237875056e-08,
                1.4878418173330774e-09,
                3.7618532371589477e-10
            ],
            [
                0.9999962729317193,
                3.7266391113548794e-06,
                2.0206762849485504e-11,
                3.0988074468261814e-12,
                4.0586368131143793e-10
            ]
        ],
        [
            [
                0.9999999776803853,
                1.4930946415889741e-10,
                0.0,
                1.0815941306584808e-11,
                2.21594892597349e-08
            ],
            [
                2.1444897515641644e-05,
                0.9999762282301756,
                2.2602755689572803e-06,
                5.315663708937907e-08,
                1.3440102636018201e-08
            ],
            [
                3.266131339736837e-13,
                7.582560420829694e-10,
                0.9999999991977517,
                4.277787864973487e-11,
                8.87826547016724e-13
            ],
            [
                0.9996646488037457,
                0.0003353500555645769,
                5.903322298465681e-10,
                2.9390911087124657e-11,
                5.209663643354538e-10
            ],
            [
                0.9999921105563162,
                7.889265041160192e-06,
                1.162814491038554e-10,
                7.433624339226097e-12,
                5.4927467260917926e-11
            ]
        ],
        [
            [
                0.9999977395996903,
                7.052866949776276e-11,
                0.0,
                4.5087469947467274e-12,
                2.260325272319823e-06
            ],
            [
                8.777975013694647e-06,
                0.9819014264508401,
                0.01798415230600215,
                9.437212511927992e-05,
                1.1271143024633851e-05
            ],
            [
                8.151648115282484e-09,
                4.5397854696983556e-05,
                0.9999545800939748,
                1.3439795638928841e-08,
                4.5988451725748024e-10
            ],
            [
                0.9999952145468235,
                4.7850948449485215e-06,
                1.0261821491912432e-10,
                9.544980844412437e-12,
                2.461683004804932e-10
            ],
            [
                0.9947798710504803,
                0.00522012568595328,
                2.0503941305729706e-09,
                1.1567532130813098e-10,
                1.0974968913574412e-09
            ]
        ],
        [
            [
                0.9999999846633518,
                1.0261879464327881e-10,
                5.384940129924216e-13,
                3.5114220561042754e-12,
                1.5229979496307575e-08
            ],
            [
                2.753563592322168e-05,
                0.9999701492633251,
                2.26026263686583e-06,
                4.139811477019503e-08,
                1.3440000104127957e-08
            ],
            [
                1.0060392594461267e-12,
                1.9555680702249484e-08,
                0.999999980413658,
                2.9400776813117055e-11,
                2.5436655972206516e-13
            ],
            [
                0.7310585807406657,
                0.2689414060655788,
                8.671179335183048e-09,
                1.7074564488868839e-09,
                2.815119766073912e-09
            ],
            [
                0.9999999755112496,
                1.5229979360201232e-08,
                1.3887943514335011e-11,
                7.433680484674005e-12,
                9.237449428752642e-09
            ]
        ],
        [
            [
                0.9999994952541345,
                3.5817480943576774e-10,
                2.7346984168642986e-12,
                3.7751347172123446e-11,
                5.043472046880924e-07
            ],
            [
                5.271715375338808e-05,
                0.9043219532056267,
                0.0953148288756246,
                0.00030336627406065254,
                7.134490934642834e-06
            ],
            [
                7.857214937568467e-05,
                0.18241098081556736,
                0.8175092546149453,
                1.120771517427596e-06,
                7.164859433993403e-08
            ],
            [
                0.9046505085321886,
                0.09534946789457222,
                1.0730171554996657e-08,
                2.112896056122784e-09,
                1.0730171554996657e-08
            ],
            [
                0.9890130502585966,
                0.010986942296152762,
                3.808435730830839e-09,
                2.7588215902194784e-10,
                3.360932736150715e-09
            ]
        ],
        [
            [
                0.9999999992321988,
                9.545034909124798e-12,
                0.0,
                0.0,
                7.582560417016073e-10
            ],
            [
                2.1425295459216276e-05,
                0.9990617010615983,
                0.0009110263106856075,
                4.780629607042354e-06,
                1.0667026498296856e-06
            ],
            [
                3.850565943634777e-09,
                4.5397854983018756e-05,
                0.9999545862646909,
                1.1860578097453798e-08,
                1.6918206027803436e-10
            ],
            [
                0.07585817420996151,
                0.9241418035910296,
                1.8072221284778746e-08,
                1.6809784317057756e-09,
                2.445809186290272e-09
            ],
            [
                0.9999999467000822,
                5.315784967954372e-08,
                8.42346330052441e-12,
                1.879528715250433e-12,
                1.317651356000721e-10
            ]
        ],
        [
            [
                0.9999999979004848,
                3.775134533826982e-11,
                0.0,
                6.101936660711053e-13,
                2.061153616731896e-09
            ],
            [
                0.00012339451672713377,
                0.9998759462521728,
                6.475149968837295e-07,
                1.0466105147886405e-08,
                1.249998004003668e-09
            ],
            [
                2.594609696389129e-11,
                8.315279895880799e-07,
                0.9999991677673606,
                6.691586602232072e-10,
                9.545035651656383e-12
            ],
            [
                0.9968273100143714,
                0.003172683052565109,
                1.813190812094515e-09,
                1.911089055774589e-10,
                4.928763636045419e-09
            ],
            [
                0.9999999675501152,
                3.224186630728265e-08,
                1.3887943406100591e-11,
                2.413362692094706e-12,
                1.9171714504141694e-10
            ]
        ],
        [
            [
                0.9999999677080014,
                4.8473685468765136e-11,
                0.0,
                1.658678304372692e-12,
                3.22418663123732e-08
            ],
            [
                1.990887201974488e-06,
                0.11920263457000445,
                0.880794913091264,
                4.4422698021402686e-07,
                1.722454925527694e-08
            ],
            [
                5.31349458983467e-08,
                0.00043055713651395816,
                0.9995693563977858,
                3.22279737895193e-08,
                1.1027806200750435e-09
            ],
            [
                0.8519527219823467,
                0.14804718862857358,
                4.528794607040029e-08,
                1.297521378911528e-08,
                3.112591979264986e-08
            ],
            [
                0.9046505169166823,
                0.09534946874469147,
                1.215887741137719e-08,
                5.342237897588274e-10,
                1.6455251183079843e-09
            ]
        ],
        [
            [
                0.9999999983398442,
                5.492788334968974e-11,
                0.0,
                0.0,
                1.6052280505139025e-09
            ],
            [
                1.8888401146243995e-05,
                0.8807664128694211,
                0.119198780932742,
                1.4710301603661647e-05,
                1.2074950868937026e-06
            ],
            [
                4.138153799138715e-08,
                0.0004305571402992434,
                0.9995693683913423,
                3.222797419239139e-08,
                8.58846421206591e-10
            ],
            [
                0.037289835635361056,
                0.9617175430947081,
                4.366189753331751e-05,
                7.198629918231004e-05,
                0.0008769730732151338
            ],
            [
                0.9959298609484972,
                0.004070137774689016,
                9.696577363320735e-10,
                6.198814518624705e-11,
                2.451678701231469e-10
            ]
        ],
        [
            [
                0.9999999961057888,
                4.277787847590894e-11,
                0.0,
                6.914400072385716e-13,
                3.850741903523661e-09
            ],
            [
                1.2242064996493069e-05,
                0.9411690052025449,
                0.03649308142917998,
                0.02213417318703621,
                0.00019149811624244643
            ],
            [
                5.384940186616517e-13,
                5.602796405140032e-09,
                0.9999999943669762,
                2.940077722283963e-11,
                2.8823507767776744e-13
            ],
            [
                0.9990889457758794,
                0.0009110514019282867,
                1.1022506302946205e-09,
                1.1617636170587921e-10,
                1.6037652038361738e-09
            ],
            [
                0.9999999748815693,
                2.510999091363038e-08,
                3.5114220233451516e-12,
                4.1937955508524187e-13,
                4.5087551266922705e-12
            ]
        ],
        [
            [
                0.9999998553606582,
                1.3176514905401659e-10,
                0.0,
                9.545035383054889e-12,
                1.4449803157790282e-07
            ],
            [
                7.484619748584088e-05,
                0.9999250399093665,
                1.1252681405943393e-07,
                1.2500599878456872e-09,
                1.162736912521548e-10
            ],
            [
                8.423464808344419e-12,
                6.825604230299252e-08,
                0.999999931631036,
                1.0261880915585412e-10,
                1.879529051690553e-12
            ],
            [
                0.18242544085193066,
                0.8175741276901185,
                4.1234143967303854e-07,
                1.2451632554717559e-08,
                6.664878628631685e-09
            ],
            [
                0.9997965726368327,
                0.00020342706201954646,
                1.6915528191905768e-10,
                1.5733892144986933e-11,
                1.1625861171383273e-10
            ]
        ],
        [
            [
                0.999999855463077,
                3.7751347278103273e-11,
                0.0,
                1.1399919084659845e-12,
                1.4449803163581322e-07
            ],
            [
                3.5336675576376717e-05,
                0.9994106524749506,
                0.000552758344476463,
                1.0670751412499254e-06,
                1.8542985525294028e-07
            ],
            [
                6.101936672986129e-13,
                5.905303994473697e-10,
                0.9999999993747604,
                3.331544539644417e-11,
                7.835041779133226e-13
            ],
            [
                0.9959298615717908,
                0.004070137778047728,
                3.5671714628087867e-10,
                4.827641602727892e-11,
                2.4516787019975886e-10
            ],
            [
                0.9399133338122644,
                0.060086653682307305,
                8.682400672249703e-09,
                6.289509951717901e-10,
                3.1940767073337763e-09
            ]
        ],
        [
            [
                0.9999999865158065,
                4.2777878090571465e-11,
                0.0,
                1.0060392651933998e-12,
                1.344040976289758e-08
            ],
