{
    "[['A', 'B', 'C', 'D', 'E'], ['A', 'B', 'C', 'D', 'E']]": [
        [
            [
                0.9999977396442528,
                2.2603252709324572e-06,
                1.7832440277515507e-11,
                3.0988134683684197e-12,
                9.54501745692253e-12
            ],
            [
                0.9975273765814707,
                0.0024726229665809345,
                4.048616280387249e-10,
                3.323306618042816e-11,
                1.3853603088082815e-11
            ],
            [
                8.76195793064516e-08,
                0.0002611900356644556,
                0.999738055368816,
                6.474253694268331e-07,
                1.9550570762786596e-08
            ],
            [
                3.51142204345187e-12,
                2.5946094466087565e-11,
                1.2256067200038502e-11,
                1.955568069842879e-08,
                0.9999999804026058
            ],
            [
                4.193795599798053e-13,
                4.508755179313786e-12,
                2.1297851412056488e-12,
                1.3440409763391191e-08,
                0.9999999865525324
            ]
        ],
        [
            [
                0.9999999634585631,
                3.653482074352884e-08,
                2.413362679771473e-12,
                6.914399843178899e-13,
                3.5114219794274692e-12
            ],
            [
                0.9968273164226508,
                0.003172683067917183,
                4.584464353811212e-10,
                3.3209748392227085e-11,
                1.777589736517971e-11
            ],
            [
                1.2917799924639338e-12,
                9.237449573856187e-09,
                0.9999999906104854,
                1.4930946619547967e-10,
                1.4637785001631832e-12
            ],
            [
                2.413362709836025e-12,
                3.7751344472991774e-11,
                1.7832472450045684e-11,
                2.5109990912385994e-08,
                0.9999999748320119
            ],
            [
                3.701011604488815e-13,
                4.508755152017846e-12,
                2.1297851283119597e-12,
                1.9555680696295017e-08,
                0.9999999804373108
            ]
        ],
        [
            [
                0.9999997617420463,
                2.382369841303113e-07,
                9.545035619180686e-12,
                1.8795289536565704e-12,
                9.545035619180686e-12
            ],
            [
                0.9999251536259065,
                7.484619702134784e-05,
                1.4929837393332906e-10,
                1.3886911991391238e-11,
                1.3886911991391238e-11
            ],
            [
                1.2720350998363342e-07,
                0.002472618470495874,
                0.9975254453093918,
                1.7559902902971937e-06,
                5.302631208197273e-08
            ],
            [
                1.4637702221057333e-12,
                2.2897218747436346e-11,
                8.423416037187154e-12,
                4.785094848790885e-06,
                0.9999952148723669
            ],
            [
                7.835041752326057e-13,
                8.423463719271623e-12,
                2.4133627617490974e-12,
                3.850741906677483e-09,
                0.9999999961376378
            ]
        ],
        [
            [
                0.9999999677527427,
                3.224186628718143e-08,
                1.879528753266877e-12,
                0.0,
                3.511421995168468e-12
            ],
            [
                0.999996273319177,
                3.726639109648516e-06,
                2.2897262053898455e-11,
                6.560175413406715e-12,
                1.2256021196143355e-11
            ],
            [
                3.5817414590088656e-10,
                1.3709566094224178e-06,
                0.9999985960375428,
                3.2241809120012367e-08,
                4.058644793561214e-10
            ],
            [
                3.0984351024551955e-12,
                1.1626791944762117e-10,
                1.4929096371614852e-10,
                0.0001233946282947455,
                0.999876605103048
            ],
            [
                6.101936669685089e-13,
                5.7893563212161424e-12,
                1.8795288140994792e-12,
                9.736200300372102e-10,
                0.999999999018101
            ]
        ],
        [
            [
                0.999999352391587,
                6.475946139572563e-07,
                6.560200309647691e-12,
                2.1297852168921328e-12,
                5.109089138258894e-12
            ],
            [
                0.9890130536527376,
                0.010986942323554622,
                3.808435743900805e-09,
                1.673309884887819e-10,
                4.794113086539328e-11
            ],
            [
                0.0,
                5.4927883492239515e-11,
                0.999999999931078,
                1.3887943860588045e-11,
                1.0603575988182748e-13
            ],
            [
                1.4637786267665767e-12,
                2.5946096979368278e-11,
                1.0815942389593906e-11,
                8.315279900840909e-07,
                0.9999991684337841
            ],
            [
                3.978963032823506e-12,
                2.9400781065104124e-11,
                1.3887945599616534e-11,
                6.825604228876483e-08,
                0.99999993169669
            ]
        ],
        [
            [
                0.9999982396020259,
                1.7603431322915027e-06,
                3.331538524111497e-11,
                5.789345870919308e-12,
                1.5737073679584358e-11
            ],
            [
                0.9980732642677299,
                0.0019267343337241519,
                1.2477445288764834e-09,
                1.0242110793580339e-10,
                4.838030568355083e-11
            ],
            [
                7.433680829763827e-12,
                6.475946137027051e-07,
                0.9999993509656067,
                1.4166088166405445e-09,
                1.573710244010334e-11
            ],
            [
                1.0060394050187769e-12,
                1.2256068975870966e-11,
                4.508755805802062e-12,
                6.825604229403332e-08,
                0.9999999317261868
            ],
            [
                1.1399918510018423e-12,
                1.2256067422140397e-11,
                3.5114221070851283e-12,
                1.4166087841050708e-09,
                0.9999999985664838
            ]
        ],
        [
            [
                0.9999989322886105,
                1.0677030749938935e-06,
                3.5114156895029944e-12,
                1.2917776415749963e-12,
                3.5114156895029944e-12
            ],
            [
                0.9997965727724162,
                0.00020342706069936264,
                1.3173826600066159e-10,
                2.2892677986258665e-11,
                1.2253567521550054e-11
            ],
            [
                3.331544715083875e-11,
                5.043472077618833e-07,
                0.9999993816676873,
                1.1253518056018266e-07,
                1.4166088601695725e-09
            ],
            [
                7.835041776591758e-13,
                5.109089022538475e-12,
                1.1399918518115947e-12,
                7.582560419712302e-10,
                0.9999999992347113
            ],
            [
                5.109089567319297e-12,
                4.2777883204824957e-11,
                1.5737103767888232e-11,
                8.764249144495668e-08,
                0.9999999122938845
            ]
        ],
        [
            [
                0.9999724638372616,
                2.753568979776457e-05,
                2.789393809714125e-10,
                6.223978874785513e-11,
                1.3176163381317872e-10
            ],
            [
                0.9996646495149049,
                0.0003353500599108415,
                3.580545967302086e-10,
                3.773867684617503e-11,
                2.939091107987981e-11
            ],
            [
                1.0603575983896104e-13,
                5.905303994696025e-10,
                0.9999999993832631,
                2.5946094964100196e-11,
                1.5428112020820576e-13
            ],
            [
                1.0060393856590076e-12,
                1.0815942700932145e-11,
                3.9789629565612575e-12,
                8.764249146149955e-08,
                0.9999999123417076
            ],
            [
                7.835041760628581e-13,
                8.423463728197677e-12,
                3.0988191290572755e-12,
                2.6465736306550234e-09,
                0.9999999973411207
            ]
        ],
        [
            [
                0.9999993523920743,
                6.475946138497757e-07,
                5.789356452637738e-12,
                2.4133628234853723e-12,
                5.109089137410945e-12
            ],
            [
                0.9997388093454045,
                0.00026119032612700925,
                2.7887395858810046e-10,
                2.9393098985683255e-11,
                2.0201561803301903e-11
            ],
            [
                3.0988194614831365e-12,
                8.764249132294667e-08,
                0.9999999107352937,
                1.60522822238011e-09,
                1.388794531147986e-11
            ],
            [
                4.269547180390014e-11,
                9.717444592253956e-10,
                9.219654729575623e-09,
                0.8807970674974768,
                0.11920292226842866
            ],
            [
                7.835041584131297e-13,
                9.54503467805401e-12,
                3.9789624337949955e-12,
                2.5109990913483044e-08,
                0.9999999748757016
            ]
        ],
        [
            [
                0.999993855748321,
                6.14417211617984e-06,
                4.277763934231833e-11,
                1.3887866160249258e-11,
                2.289722034303947e-11
            ],
            [
                0.9997388094682523,
                0.00026119033019285283,
                1.4927047350085884e-10,
                2.939309899557737e-11,
                2.2891368514650984e-11
            ],
            [
                2.3659776086801063e-14,
                7.991959891418167e-11,
                0.999999999910455,
                9.545034921006418e-12,
                5.6756852315420613e-14
            ],
            [
                1.771311563612841e-11,
                4.0314865365779053e-10,
                8.5346570649092e-10,
                0.006692851421998284,
                0.9933071473036742
            ],
            [
                7.835041662414699e-13,
                1.2256067252243087e-11,
                5.10908894808568e-12,
                1.522997950630263e-08,
                0.9999999847518719
            ]
        ],
        [
            [
                0.9999546019438628,
                4.5397855688966657e-05,
                1.4930264648993877e-10,
                1.7831658240370113e-11,
                3.331392342188444e-11
            ],
            [
                0.998073264653929,
                0.0019267343377082898,
                8.575614372109396e-10,
                1.0242110791717663e-10,
                4.838030567475217e-11
            ],
            [
                0.0,
                1.91717151314945e-10,
                0.9999999997986988,
                9.545034919809283e-12,
                3.900837608941873e-14
            ],
            [
                2.2777821013896935e-11,
                4.575047650043869e-10,
                1.515047706637559e-08,
                0.9947798587641428,
                0.005220125605097541
            ],
            [
                4.193795483225844e-13,
                5.109088814682435e-12,
                1.8795287380406407e-12,
                4.139937545880841e-08,
                0.9999999585932167
            ]
        ],
        [
            [
                0.9999785549080411,
                2.14449397356883e-05,
                1.026166519652193e-10,
                2.0206416842317084e-11,
                2.940016302576798e-11
            ],
            [
                0.9996646496564767,
                0.0003353500536723039,
                2.4608708578892487e-10,
                2.5937388016841663e-11,
                1.7826488703816712e-11
            ],
            [
                1.2917799847448914e-12,
                1.5229979508429655e-08,
                0.9999999846773844,
                9.056076849173876e-11,
                7.835041663508944e-13
            ],
            [
                3.6644756905579325e-11,
                7.360296178682497e-10,
                8.340308228987745e-10,
                0.029312227890829334,
                0.9706877705024655
            ],
            [
                5.384940189154172e-13,
                5.789356297982901e-12,
                2.1297851596443197e-12,
                4.944450475678258e-09,
                0.9999999950470919
            ]
        ],
        [
            [
                0.9999962733246581,
                3.7266391128192257e-06,
                1.78324056329395e-11,
                4.508738232458707e-12,
                1.3887891470980214e-11
            ],
            [
                0.9997965727695652,
                0.00020342706066492092,
                1.3173826597835733e-10,
                2.0202717411319356e-11,
                1.782883553928121e-11
            ],
            [
                2.365977608334293e-14,
                4.847368704630271e-11,
                0.9999999999406222,
                1.0815941553626393e-11,
                6.4313939392761e-14
            ],
            [
                4.969055353851897e-11,
                9.980614478315564e-10,
                2.394224949064152e-09,
                0.09534946981574766,
                0.9046505267422753
            ],
            [
                2.413362734406735e-12,
                2.2897348101362987e-11,
                6.560200066418062e-12,
                1.5229979508525797e-08,
                0.9999999847381495
            ]
        ],
        [
            [
                0.999999977835358,
                2.215948925450607e-08,
                1.8795287725303015e-12,
                5.384940091666765e-13,
                2.734698227559475e-12
            ],
            [
                0.9959298613537536,
                0.004070137782200923,
                7.55170204437318e-10,
                7.959435395991789e-11,
                2.9281126455176565e-11
            ],
            [
                1.4166008230702146e-09,
                6.144171953633951e-06,
                0.9999937089407566,
                1.4449707450118225e-07,
                9.736145580226255e-10
            ],
            [
                2.413363075184205e-12,
                4.277788406671496e-11,
                1.783247514962388e-11,
                3.0590235895264354e-07,
                0.9999996940346174
            ],
            [
                1.6586784929772082e-12,
                2.5946097079862466e-11,
                7.433681273180767e-12,
                1.1253518381493488e-07,
                0.9999998874297777
            ]
        ],
        [
            [
                0.9999999677556639,
                3.224186631390993e-08,
                1.0060392462501516e-12,
                0.0,
                1.4637784660629369e-12
            ],
            [
                0.9988304890293485,
                0.0011695103503076578,
                5.205313060323669e-10,
                7.04462517354143e-11,
                2.936636677720543e-11
            ],
            [
                3.701011673302201e-13,
                1.2501528645996912e-09,
                0.999999998686816,
                6.224144614010578e-11,
                4.193795652384655e-13
            ],
            [
                1.8795181690695845e-12,
                4.277763635440118e-11,
                2.594594799898208e-11,
                4.785094848014794e-06,
                0.9999952148345489
            ],
            [
                7.835041737897614e-13,
                7.433680627601598e-12,
                3.0988191200670036e-12,
                5.602796403808559e-09,
                0.9999999943858875
            ]
        ],
        [
            [
                0.999997097658592,
                2.9023121954125063e-06,
                1.3887891319124938e-11,
                4.508738183158517e-12,
                1.0815900634545067e-11
            ],
            [
                0.999925153777092,
                7.484619706192444e-05,
                2.0205337733986784e-11,
                3.5111612167829648e-12,
                2.1296269291727844e-12
            ],
            [
                2.461551512685417e-10,
                5.82912752238861e-05,
                0.999941682510947,
                2.5108508037982673e-08,
                8.591658986731087e-10
            ],
            [
                3.0988134730987667e-12,
                2.9400723638909795e-11,
                1.5737073334454902e-11,
                1.0677030761741308e-06,
                0.9999989322486872
            ],
            [
                4.752192967867267e-13,
                5.7893562131140505e-12,
                2.7346982369784592e-12,
                1.9555680697312886e-08,
                0.9999999804353201
            ]
        ],
        [
            [
                0.999986992821248,
                1.3007124757717384e-05,
                3.331500258418372e-11,
                8.423351787619096e-12,
                1.2255904533294664e-11
            ],
            [
                0.9999785550056556,
                2.1444939747281555e-05,
                3.775055660025743e-11,
                8.423287739907805e-12,
                8.423287739907805e-12
            ],
            [
                0.0004268654323106207,
                0.9909989614727459,
                0.008573821503602466,
                3.435127042614701e-07,
                8.078636772739597e-09
            ],
            [
                1.2917801662283955e-12,
                1.3887945600633384e-11,
                6.560200988025933e-12,
                6.82560422937624e-08,
                0.9999999317222178
            ],
            [
                1.139991843326618e-12,
                9.545034841475009e-12,
                3.5114220834437732e-12,
                8.152020644979148e-09,
                0.9999999918337829
            ]
        ],
        [
            [
                0.9999999634551995,
                3.6534820750297124e-08,
                2.413362680218562e-12,
                1.0060392410926481e-12,
                6.560199919119335e-12
            ],
            [
                0.9959298589921858,
                0.004070137772962687,
                2.9867560884058582e-09,
                1.6850124814726124e-10,
                7.959435371988009e-11
            ],
            [
                3.1608153726032445e-10,
                2.144493952519527e-05,
                0.9999785441972924,
                1.0467182962173888e-08,
                7.991792812224334e-11
            ],
            [
                1.8795287381461313e-12,
                2.020683824741851e-11,
                8.42346340313581e-12,
                4.139937546113199e-08,
                0.9999999585701147
            ],
            [
                5.384940208504941e-13,
                5.1090890192880285e-12,
                1.879528813310832e-12,
                1.2501528642394983e-09,
                0.99999999874232
            ]
        ],
        [
            [
                0.9999989322730525,
                1.0677030751786714e-06,
                9.54501746259385e-12,
                3.5114156901106837e-12,
                1.0815921772234063e-11
            ],
            [
                0.8175744224880518,
                0.18242551992762845,
                5.5804349895885675e-08,
                1.4871355521674964e-09,
                2.9283435283301585e-10
            ],
            [
                1.9810087589689982e-13,
                1.9555680702069446e-08,
                0.9999999803889689,
                5.4927882425967264e-11,
                2.2447770107375536e-13
            ],
            [
                1.0060394056252507e-12,
                7.433681605899825e-12,
                4.508755808520089e-12,
                3.0590235891810985e-07,
                0.9999996940846926
            ],
            [
                8.878265448125653e-13,
                7.433680646953837e-12,
                3.51142210137918e-12,
                2.9989608146108808e-09,
                0.9999999969892062
            ]
        ],
        [
            [
                0.9999952147311719,
                4.785094839169828e-06,
                1.02618214795198e-10,
                2.28972187013985e-11,
                4.847341237124467e-11
            ],
            [
                0.9999251536720106,
                7.484619702479881e-05,
                9.055404123998073e-11,
                2.0205337723964418e-11,
                2.0205337723964418e-11
            ],
            [
                1.7087264924689975e-06,
                0.02931188553112969,
                0.9706764137640097,
                9.83304204612398e-06,
                1.5893632189773246e-07
            ],
            [
                2.1297812757470473e-12,
                3.331538449034773e-11,
                2.940072362114674e-11,
                2.2603252730172272e-06,
                0.999997739609881
            ],
            [
                1.463778504130401e-12,
                1.388794377012928e-11,
                4.508755211506493e-12,
                6.34880007269048e-09,
                0.9999999936313395
            ]
        ],
        [
            [
                0.9999994956323054,
                5.043472044067177e-07,
                9.545035354759187e-12,
                3.51142227227047e-12,
                7.4336810087307e-12
            ],
            [
                0.9998766052841236,
                0.00012339462750185165,
                6.223373260325342e-11,
                1.3886222722398492e-11,
                1.2254548541116499e-11
            ],
            [
                1.0815942084933693e-11,
                1.444980316601576e-07,
                0.9999998553209565,
                1.6918980051531646e-10,
                1.006039328362226e-12
            ],
            [
                1.1399918430575072e-12,
                1.2256067336730745e-11,
                4.5087552027960736e-12,
                8.15202064305475e-09,
                0.9999999918300745
            ],
            [
                3.70101160468408e-13,
                5.789356213118161e-12,
                2.129785128424327e-12,
                1.9555680697326773e-08,
                0.9999999804360302
            ]
        ],
        [
            [
                0.9999938557229457,
                6.1441721195187905e-06,
                5.4927576211287714e-11,
                1.2255998876589712e-11,
                3.775113423999209e-11
            ],
            [
                0.8519527614345207,
                0.14804719760619825,
                3.996646980683085e-08,
                8.294776179899867e-10,
                1.6333382730279284e-10
            ],
            [
                1.5428112024994499e-13,
                2.7894680916169677e-10,
                0.9999999997004938,
                2.0206839081153024e-11,
                1.9810087971598718e-13
            ],
            [
                1.0806084977493407e-11,
                2.1704601881054739e-10,
                1.915424393186259e-10,
                0.0009110514060139155,
                0.9990889481745916
            ],
            [
                1.1399918499081946e-12,
                6.56020015010642e-12,
                1.8795288113684285e-12,
                2.335593032374032e-09,
                0.9999999976548273
            ]
        ],
        [
            [
                0.998073235373883,
                0.0019267342758386282,
                2.2116800329295915e-08,
                2.641475111890173e-09,
                5.592002855753463e-09
            ],
            [
                0.9626731128033471,
                0.03732688375319419,
                3.2714191795271475e-09,
                1.4373612734522624e-10,
                2.8303321622911862e-11
            ],
            [
                5.789356586921189e-12,
                5.043472040773039e-07,
                0.9999994935656461,
                2.0611537143607562e-09,
                2.0206839991395695e-11
            ],
            [
                1.291779962828879e-12,
                1.3887943413882503e-11,
                5.789356140691899e-12,
                3.2241866325348924e-08,
                0.9999999677371646
            ],
            [
                3.266131277724248e-13,
                4.508755152477849e-12,
                1.8795287790977973e-12,
                1.9555680698290174e-08,
                0.9999999804376045
            ]
        ],
        [
            [
                0.9999982396180457,
                1.7603431320611144e-06,
                2.2897307092012582e-11,
                5.109079798408545e-12,
                1.0815922018106369e-11
            ],
            [
                0.999986992839411,
                1.3007124759864341e-05,
                2.2897044102782393e-11,
                4.508695311503193e-12,
                8.423351789009454e-12
            ],
            [
                0.00011878895872780213,
                0.9625572579104931,
                0.03732239981814398,
                1.4953323092961948e-06,
                5.798032573813947e-08
            ],
            [
                6.101936618000541e-13,
                6.560200104072598e-12,
                2.413362748259065e-12,
                9.237449571737572e-09,
                0.9999999907529667
            ],
            [
                5.384940042135076e-13,
                8.423463479754374e-12,
                3.9789624060714055e-12,
                3.224186632106389e-08,
                0.9999999677451926
            ]
        ],
        [
            [
                0.9996646485781359,
                0.0003353500534755185,
                1.1028858020843905e-09,
                1.1624330831998453e-10,
                1.4925936240272975e-10
            ],
            [
                0.9914225128691897,
                0.008577485655594934,
                1.404456543094764e-09,
                4.805786015521012e-11,
                2.2700925733626373e-11
            ],
            [
                1.542811200962851e-13,
                1.2501528645805356e-09,
                0.9999999986869761,
                6.224144613915207e-11,
                4.752193055905237e-13
            ],
            [
                1.4637784806706747e-12,
                1.5737101747185235e-11,
                9.545034704685098e-12,
                2.2159489266902117e-08,
                0.9999999778137648
            ],
            [
                6.101936478884972e-13,
                5.7893561401900314e-12,
                2.41336269323779e-12,
                3.224186632255394e-08,
                0.9999999677493207
            ]
        ],
        [
            [
                0.999999931733651,
                6.825604220942386e-08,
                3.511422547883667e-12,
                1.0060394037717011e-12,
                5.789357045111841e-12
            ],
            [
                0.00015842097702215856,
                0.9997453450470443,
                9.608717970556978e-05,
                1.4446123191203278e-07,
                2.334996113383033e-09
            ],
            [
                1.7832473677144813e-11,
                5.043472033339145e-07,
                0.9999994921461355,
                3.398267966040231e-09,
                9.056077380202491e-11
            ],
            [
                8.415787444267769e-12,
                1.4917340176571792e-10,
                1.3164506500625348e-10,
                0.0009110514050861472,
                0.9990889483056795
            ],
            [
                1.139991995466778e-12,
                1.2256068975284826e-11,
                4.508755805586434e-12,
                6.825604229076901e-08,
                0.9999999317260528
            ]
        ],
        [
            [
                0.9999785548767847,
                2.1444939726389555e-05,
                1.0261665192072367e-10,
                2.5945552794472136e-11,
                5.4926735696922537e-11
            ],
            [
                0.6224591946484207,
                0.37754058562734727,
                2.1576473646339237e-07,
                3.487512150143079e-09,
                4.719834446307417e-10
            ],
            [
                1.3439128390193522e-08,
                9.610239603727669e-05,
                0.9999038644792653,
                1.9553816427683302e-08,
                1.317525787195768e-10
            ],
            [
                1.8795289684576532e-12,
                2.2897350307202593e-11,
                7.433681273201789e-12,
                1.1253518381525312e-07,
                0.9999998874326056
            ],
            [
                1.4637785071954693e-12,
                8.42346371458672e-12,
                3.0988191240500847e-12,
                4.363462232284352e-09,
                0.9999999956235517
            ]
        ],
        [
            [
                0.9999998144468467,
                1.8553915931747038e-07,
                6.560200983351812e-12,
                0.0,
                7.43368159609258e-12
            ],
            [
                1.343423332188241e-08,
                2.7523821041143436e-05,
                0.9995410868020552,
                0.0004305447952930739,
                8.311473772266858e-07
            ],
            [
                1.8189097159826473e-09,
                2.753568883539981e-05,
                0.9999719518099028,
                5.043337332617324e-07,
                6.3486187174389504e-09
            ],
            [
                1.8794966669966252e-12,
                4.277714696947633e-11,
                3.331487555738874e-11,
                1.6701415105858193e-05,
                0.9999832985069226
            ],
            [
                7.835041530176651e-13,
                7.433680430521435e-12,
                2.734698202627312e-12,
                3.224186632368248e-08,
                0.9999999677471817
            ]
        ],
        [
            [
                0.9999999123401117,
                8.764249132098113e-08,
                6.560200851292355e-12,
                2.4133630231458515e-12,
                8.423464631635943e-12
            ],
            [
                0.9998766052203987,
                0.00012339462739391428,
                1.162679192502427e-10,
                1.573515178306321e-11,
                2.0204334824892592e-11
            ],
            [
                1.1240324766894266e-07,
                0.0011695081102672312,
                0.9988285743455375,
                1.758284302702283e-06,
                4.685664484169903e-08
            ],
            [
                2.1297850572076253e-12,
                2.5946093597028394e-11,
                5.1090887551956746e-12,
                5.3157849705174814e-08,
                0.9999999468089653
            ],
            [
                4.752192864266907e-13,
                9.545034524134191e-12,
                3.511421966700611e-12,
                4.139937545855489e-08,
                0.9999999585870929
            ]
        ],
        [
            [
                0.9999982396270558,
                1.7603431314519209e-06,
                1.3887918771355025e-11,
                5.109079796640471e-12,
                1.0815922014363357e-11
            ],
            [
                0.9999982396370041,
                1.7603431323530762e-06,
                1.225604530534139e-11,
                3.098813541167177e-12,
                4.508747097900869e-12
            ],
            [
                2.3699335062381582e-07,
                0.005220123532050728,
                0.9947794499853515,
                1.8457060704854377e-07,
                4.9186400726668625e-09
            ],
            [
                1.463778452612326e-12,
                2.020683824105335e-11,
                1.2256066929052558e-11,
                4.139937544809118e-08,
                0.9999999585666979
            ],
            [
                6.101936582130621e-13,
                7.433680556040188e-12,
                2.7346982488030812e-12,
                1.5229979506414878e-08,
                0.999999984759242
            ]
        ],
        [
            [
                0.9999921106620997,
                7.88926503443764e-06,
                4.8473319683272064e-11,
                6.5601504487544986e-12,
                1.78323377568068e-11
            ],
            [
                0.9890130524640507,
                0.010986942341397929,
                4.89012828361342e-09,
                2.148572418070701e-10,
                8.956582376224889e-11
            ],
            [
                2.789452455136794e-10,
                6.144172049389147e-06,
                0.9999938435187629,
                1.1861053658014807e-08,
                1.6918884378511447e-10
            ],
            [
                2.6597436708027646e-11,
                6.859569336260615e-10,
                1.1309517872535234e-09,
                0.0953494700480419,
                0.9046505281084519
            ],
            [
                1.291779997070755e-12,
                8.423463704158954e-12,
                1.8795288053134733e-12,
                5.6027964040741964e-09,
                0.9999999943856088
            ]
        ],
        [
            [
                0.9999982396177359,
                1.7603431317675493e-06,
                2.2897307088194096e-11,
                3.9789553471113165e-12,
                1.2256045301264772e-11
            ],
            [
                0.9770226230473823,
                0.022977367576794052,
                9.025202890141393e-09,
                2.725375121378167e-10,
                7.808330455182678e-11
            ],
            [
                2.2133385787945964e-08,
                0.0011695008874368423,
                0.9988225367757173,
                7.880038679635825e-06,
                6.01647803896472e-08
            ],
            [
                2.1297850817416653e-12,
                1.7832472161165706e-11,
                9.545034523010681e-12,
                4.139937545368193e-08,
                0.9999999585711172
            ],
            [
                1.0060392771632356e-12,
                6.560200154329112e-12,
                1.87952881257825e-12,
                1.8189616837198491e-09,
                0.9999999981715926
            ]
        ],
        [
            [
                0.9999038973229439,
                9.61023991403696e-05,
                1.9169887708064294e-10,
                3.774774702071228e-11,
                4.846906659729354e-11
            ],
            [
                0.9947798724792426,
                0.005220125700960941,
                1.5968485562883545e-09,
                1.6830659957552512e-10,
                5.4641152824888014e-11
            ],
            [
                0.0,
                3.775134543544543e-11,
                0.9999999999547324,
                7.433680670905764e-12,
                8.258073283949089e-14
            ],
            [
                1.6586784398665533e-12,
                2.2897349573967865e-11,
                5.789356611282019e-12,
                1.4449803166319629e-07,
                0.999999855471623
            ],
            [
                1.2917799508173402e-12,
                1.3887943284746289e-11,
                5.789356086859916e-12,
                4.1399375458246984e-08,
                0.9999999585796555
            ]
        ],
        [
            [
                0.9999977396528139,
                2.260325270951808e-06,
                1.2256045017521643e-11,
                3.098813468394949e-12,
                6.560188164071688e-12
            ],
            [
                0.9999546020220385,
                4.539785568584703e-05,
                9.05566326661618e-11,
                1.7831658239144764e-11,
                1.388730940010761e-11
            ],
            [
                1.5737042583160323e-11,
                2.902312198830592e-06,
                0.9999970972090615,
                4.5990379832765577e-10,
                3.0988074178098363e-12
            ],
            [
                1.4637785848648211e-12,
                1.7832473769922758e-11,
                1.0815942079979484e-11,
                1.4449803159397074e-07,
                0.9999998554718562
            ],
            [
                4.75219302659921e-13,
                8.423463690352345e-12,
                2.734698270776359e-12,
                7.194132975566294e-09,
                0.9999999927942336
            ]
        ],
        [
            [
                0.8175531539134987,
                0.18242076019906064,
                1.3654534134702902e-05,
                3.04673838822846e-06,
                9.384614917666669e-06
            ],
            [
                0.9525741210015494,
                0.04742587520786759,
                3.668115528051025e-09,
                9.775196774802875e-11,
                2.4715568014530207e-11
            ],
            [
                1.1628211736252639e-10,
                1.7603430885573192e-06,
                0.9999982139707789,
                2.5109945575271793e-08,
                4.599046956724468e-10
            ],
            [
                7.433667078100153e-12,
                1.0261860865415819e-10,
                6.224133240579911e-11,
                2.2603252734314717e-06,
                0.9999977395024329
            ],
            [
                8.878265424989366e-13,
                9.545034865354647e-12,
                3.511422092228601e-12,
                5.602796403793834e-09,
                0.9999999943832594
            ]
        ],
        [
            [
                0.9999991684506621,
                8.315279894435727e-07,
                1.0815942381262488e-11,
                3.0988193747951298e-12,
                7.433681238662605e-12
            ],
            [
                0.9988304888813238,
                0.0011695103539389555,
                6.683754267234431e-10,
                7.044625169285608e-11,
                2.591572770539067e-11
            ],
            [
                0.0,
                3.775134542737912e-11,
                0.9999999999499283,
                1.2256067439095985e-11,
