{
    "[['A', 'B', 'C', 'D', 'E'], ['A', 'B', 'C', 'D', 'E']]": [
        [
            [
                0.9999999998384346,
                1.4930946738408005e-10,
                0.0,
                0.0,
                1.2256067424757273e-11
            ],
            [
                0.9999999950493035,
                4.944450473211816e-09,
                2.734698275703515e-12,
                0.0,
                3.511422092975454e-12
            ],
            [
                3.796512139190056e-09,
                3.674167419490547e-06,
                0.9859165106002358,
                0.014063344959866114,
                1.6466475966522995e-05
            ],
            [
                6.101925518797569e-13,
                1.0815921777825676e-11,
                8.423448350209699e-12,
                2.2603252734440073e-06,
                0.9999977396548769
            ],
            [
                5.384940133776927e-13,
                5.109088948388063e-12,
                1.0060392635943276e-12,
                1.522997950720402e-08,
                0.9999999847633669
            ]
        ],
        [
            [
                0.9999999996660796,
                3.160881450180712e-10,
                0.0,
                0.0,
                1.783247288482971e-11
            ],
            [
                0.999999999020865,
                9.73620029273499e-10,
                1.00603927718835e-12,
                0.0,
                4.508755232905834e-12
            ],
            [
                1.7832474786256745e-11,
                6.825604095205239e-08,
                0.9999999119242737,
                1.955568314744859e-08,
                2.461697211080522e-10
            ],
            [
                4.459219819726583e-12,
                1.014913752959522e-10,
                8.956582433772854e-11,
                0.010986942383383186,
                0.9890130574211005
            ],
            [
                1.0060393606104925e-12,
                1.5737103379033974e-11,
                4.5087556067779395e-12,
                1.1253518381648636e-07,
                0.9999998874435643
            ]
        ],
        [
            [
                0.9999999996670348,
                3.160881449309644e-10,
                1.1399918512396137e-12,
                0.0,
                1.573710208194921e-11
            ],
            [
                0.9999999985515771,
                1.4166087830284655e-09,
                2.4133627656750872e-12,
                0.0,
                2.9400777317823386e-11
            ],
            [
                0.022976749835902897,
                0.9769962686611833,
                2.69030078532708e-05,
                7.556508433798709e-08,
                2.9299762849427133e-09
            ],
            [
                4.015552722441913e-11,
                8.065453247361381e-10,
                3.189948639844318e-09,
                0.2689414087905729,
                0.7310585871727777
            ],
            [
                2.129781277294849e-12,
                1.783244030692252e-11,
                7.433667082140163e-12,
                1.0677030763050006e-06,
                0.9999989322695279
            ]
        ],
        [
            [
                0.9999999995867013,
                4.0586521213109956e-10,
                0.0,
                0.0,
                7.433680662892716e-12
            ],
            [
                0.9999999985607708,
                1.4166087820276144e-09,
                2.4133627639700176e-12,
                0.0,
                2.0206839024384433e-11
            ],
            [
                6.273721693056371e-09,
                1.971142881360828e-06,
                0.6791610593988442,
                0.320812949748305,
                2.4013436247861933e-05
            ],
            [
                4.503478211918567e-12,
                9.045477790826155e-11,
                4.2727811619479607e-11,
                0.00116951034647399,
                0.99883048951584
            ],
            [
                1.0060374946994906e-12,
                8.423448812331212e-12,
                3.978955477671289e-12,
                1.3709566544796229e-06,
                0.9999986290299371
            ]
        ],
        [
            [
                0.9999999997380931,
                2.4616969472190645e-10,
                0.0,
                0.0,
                1.5737102077479607e-11
            ],
            [
                0.999999997336027,
                2.646573627610362e-09,
                3.511422098385545e-12,
                0.0,
                1.3887943805673597e-11
            ],
            [
                3.5813997039276344e-10,
                2.382138047655021e-07,
                0.9999028276723295,
                9.610230784986047e-05,
                8.314478758334602e-07
            ],
            [
                1.6579635531771332e-12,
                3.3301088164638726e-11,
                1.7824788022241362e-11,
                0.00043055712133522743,
                0.999569442825881
            ],
            [
                7.835042781156233e-13,
                9.545036136328915e-12,
                2.129785441721621e-12,
                1.8553915984973247e-07,
                0.9999998144483819
            ]
        ],
        [
            [
                0.9999999985655241,
                1.416608782337125e-09,
                2.129785164481869e-12,
                0.0,
                1.573710205902677e-11
            ],
            [
                0.9999999956165346,
                4.363462227635297e-09,
                5.10908899843023e-12,
                1.0060392734482144e-12,
                1.3887943784412916e-11
            ],
            [
                7.0528806989328e-11,
                2.3823676818804795e-07,
                0.9999994501878403,
                3.0590206554299913e-07,
                5.602797111044624e-09
            ],
            [
                2.9344140200292355e-11,
                5.893928114721676e-10,
                4.355056548274303e-09,
                0.11920292318425894,
                0.8807970718419476
            ],
            [
                1.2917800551950184e-12,
                1.5737102720970512e-11,
                1.8795288898837777e-12,
                3.9278636987577274e-07,
                0.9999996071947217
            ]
        ],
        [
            [
                0.9999999993201565,
                6.69158607726419e-10,
                1.1399918506544167e-12,
                0.0,
                9.545034902829918e-12
            ],
            [
                0.9999999950347034,
                4.9444504683942154e-09,
                5.109088993401946e-12,
                0.0,
                1.5737102000098337e-11
            ],
            [
                2.2897347644155522e-11,
                2.5109990666644696e-08,
                0.999999964770446,
                9.237449334265382e-09,
                8.59216631436078e-10
            ],
            [
                2.1297853423184847e-12,
                2.0206840716066196e-11,
                4.508755605069662e-12,
                1.1253518377384902e-07,
                0.9999998874379707
            ],
            [
                1.1399919965214505e-12,
                9.545036124159638e-12,
                2.7346986357755333e-12,
                3.059023590020802e-07,
                0.9999996940842213
            ]
        ],
        [
            [
                0.9999999993171218,
                6.691586075981722e-10,
                1.4637785107766284e-12,
                0.0,
                1.2256067416056299e-11
            ],
            [
                0.999999991823345,
                8.152020636265682e-09,
                7.433680601038928e-12,
                1.4637785000834954e-12,
                1.573710195589273e-11
            ],
            [
                1.5226000889120694e-08,
                0.00026119005401207943,
                0.9997381251408716,
                6.474254149060456e-07,
                2.2153700572639712e-08
            ],
            [
                2.129448108094636e-12,
                4.8466015547342886e-11,
                2.5941988716494344e-11,
                0.0001584362475821475,
                0.9998415636758804
            ],
            [
                1.6586785697060798e-12,
                2.0206841658192592e-11,
                1.8795290553975405e-12,
                1.855391598406946e-07,
                0.9999998144370952
            ]
        ],
        [
            [
                0.9999999995807389,
                4.058652119024536e-10,
                1.1399918509514786e-12,
                0.0,
                1.2256067421598937e-11
            ],
            [
                0.9999999988791273,
                1.1032560291001638e-09,
                1.8795288110135798e-12,
                0.0,
                1.5737102060598427e-11
            ],
            [
                8.131630443816908e-09,
                2.7467573708389365e-05,
                0.9974984236442994,
                0.0024725510358915652,
                1.5496144701627812e-06
            ],
            [
                6.558862061930027e-12,
                9.054229791009405e-11,
                6.222875063070589e-11,
                0.0002034270620218424,
                0.9997965727786483
            ],
            [
                1.8795183033455815e-12,
                1.783237316174365e-11,
                5.789323945814892e-12,
                6.1441721259740675e-06,
                0.9999938558023728
            ]
        ],
        [
            [
                0.9999999996310092,
                3.5817479262456664e-10,
                0.0,
                0.0,
                1.0815941545093456e-11
            ],
            [
                0.9999999990106123,
                9.736200283308884e-10,
                1.879528810805503e-12,
                0.0,
                1.3887943822598274e-11
            ],
            [
                5.731788711907056e-10,
                6.625046973267876e-08,
                0.029310102078004715,
                0.9706171786364765,
                7.265246187031651e-05
            ],
            [
                1.6584727995830754e-12,
                3.3311316652128286e-11,
                5.108455860748047e-12,
                0.000123394628248443,
                0.9998766053316733
            ],
            [
                3.5112616995163703e-12,
                3.7749620831265365e-11,
                6.559900475608053e-12,
                4.5397855737275636e-05,
                0.9999546020964419
            ]
        ],
        [
            [
                0.9999999995281386,
                4.5990553707326775e-10,
                1.139991851081273e-12,
                0.0,
                1.0815941538660487e-11
            ],
            [
                0.9999999965859647,
                3.3982678024382706e-09,
                3.51142209575176e-12,
                0.0,
                1.2256067382583054e-11
            ],
            [
                2.129785056059549e-12,
                5.315784967651969e-08,
                0.9999999462443812,
                5.905303680368621e-10,
                5.109088752441583e-12
            ],
            [
                3.969123742086838e-12,
                1.4894026960800815e-10,
                1.9124309174500723e-10,
                0.002472622966408369,
                0.9975273766894392
            ],
            [
                1.0060393605208234e-12,
                7.433681272620681e-12,
                3.098819388950962e-12,
                1.1253518380645599e-07,
                0.9999998874532776
            ]
        ],
        [
            [
                0.999999999705316,
                2.789468088095328e-10,
                0.0,
                0.0,
                1.573710207993211e-11
            ],
            [
                0.9999999981766476,
                1.8189616824654601e-09,
                1.291780001172923e-12,
                0.0,
                3.098819130054514e-12
            ],
            [
                1.317651478812985e-10,
                2.3823674891608617e-07,
                0.9999992500901511,
                5.04347201413104e-07,
                7.194133313162574e-09
            ],
            [
                5.099246713981954e-12,
                1.0242110815412792e-10,
                9.038631070529974e-11,
                0.0019267343390997067,
                0.9980732654629936
            ],
            [
                1.4637729782566018e-12,
                2.020676266990364e-11,
                3.0988074192864106e-12,
                2.9023122002135374e-06,
                0.9999970976630305
            ]
        ],
        [
            [
                0.9999999997115081,
                2.78946808699025e-10,
                0.0,
                0.0,
                9.545034902724911e-12
            ],
            [
                0.9999998874499345,
                1.1253518371749568e-07,
                7.433681266744274e-12,
                1.6586784915410324e-12,
                5.789356791643673e-12
            ],
            [
                0.0,
                3.775134542506035e-11,
                0.9999999999361964,
                2.5946094970578597e-11,
                1.0603575986543678e-13
            ],
            [
                2.2042648824714043e-11,
                7.299522781971435e-10,
                1.2938713719471525e-08,
                0.9626731029185178,
                0.03732688339077358
            ],
            [
                7.835041459434787e-13,
                9.545034526142562e-12,
                1.658678289978444e-12,
                4.139937546726573e-08,
                0.9999999585886374
            ]
        ],
        [
            [
                0.999999998878877,
                1.1032560290998878e-09,
                2.1297851646940364e-12,
                0.0,
                1.573710206059449e-11
            ],
            [
                0.9999999991373616,
                8.592166603396671e-10,
                1.2917800024139541e-12,
                0.0,
                2.129785167044949e-12
            ],
            [
                4.6901984132496454e-08,
                0.00020342668197851193,
                0.9997947132834779,
                1.7599856486602382e-06,
                5.314691076550319e-08
            ],
            [
                1.568717436035994e-11,
                2.453886938221856e-10,
                7.558503892450842e-10,
                0.003172683070793509,
                0.9968273159122801
            ],
            [
                1.4637786323236648e-12,
                8.423464434649769e-12,
                3.0988193889464767e-12,
                1.125351838062931e-07,
                0.9999998874518301
            ]
        ],
        [
            [
                0.9999999995823128,
                4.0586521212931844e-10,
                1.0060392779987014e-12,
                0.0,
                1.0815941543474775e-11
            ],
            [
                0.9999999965703432,
                3.3982678030261627e-09,
                3.978962516554131e-12,
                1.4637785070320494e-12,
                2.5946094857023e-11
            ],
            [
                1.6049708540666901e-09,
                1.370739421514738e-06,
                0.9998393603248129,
                0.00015843593530899208,
                8.313954856254475e-07
            ],
            [
                1.6586690811913079e-12,
                2.2897220381441157e-11,
                5.1090604506648564e-12,
                6.144172126484435e-06,
                0.9999938557982085
            ],
            [
                6.914400429263499e-13,
                7.433681018882389e-12,
                5.789356598608643e-12,
                5.043472050954715e-07,
                0.9999994956388804
            ]
        ],
        [
            [
                0.9999999997090971,
                2.7894680889799634e-10,
                1.1399918514550258e-12,
                0.0,
                1.0815941542206552e-11
            ],
            [
                0.9999999990242003,
                9.736200296993924e-10,
                8.878265463855283e-13,
                0.0,
                1.2917800026610721e-12
            ],
            [
                1.6918914577936585e-10,
                8.31525541793255e-07,
                0.9999962245967313,
                2.90230931874773e-06,
                4.13992189988859e-08
            ],
            [
                2.129781276201939e-12,
                1.7832440297771696e-11,
                1.2256045031338579e-11,
                2.2603252735000013e-06,
                0.9999977396425083
            ],
            [
                8.878265909787201e-13,
                7.433681033498318e-12,
                2.734698424450111e-12,
                1.444980316309869e-07,
                0.9999998554909122
            ]
        ],
        [
            [
                0.999999999229636,
                7.582560408278188e-10,
                1.291780001441157e-12,
                0.0,
                1.0815941529279699e-11
            ],
            [
                0.9999999988952462,
                1.1032560303864744e-09,
                6.101936666781023e-13,
                0.0,
                8.878265462710394e-13
            ],
            [
                5.905225310388497e-10,
                1.3007124330989912e-05,
                0.9999869595225744,
                3.22414377476112e-08,
                5.211343045482006e-10
            ],
            [
                4.269547192899128e-11,
                9.717444620724568e-10,
                7.180274344078571e-09,
                0.11920292278360463,
                0.8807970690216811
            ],
            [
                6.914400985411321e-13,
                8.423464824665555e-12,
                1.2917801689060076e-12,
                1.8553915983425344e-07,
                0.9999998144504335
            ]
        ],
        [
            [
                0.9999999993901736,
                5.905303984601308e-10,
                1.4637785105707012e-12,
                0.0,
                1.7832472864835092e-11
            ],
            [
                0.9999999991390331,
                8.592166606702604e-10,
                6.10193666874838e-13,
                0.0,
                1.1399918513896605e-12
            ],
            [
                3.3982161883664288e-09,
                1.3007087624895125e-05,
                0.9999840189856174,
                2.902273544807509e-06,
                6.825499672440796e-08
            ],
            [
                1.3369542454212665e-11,
                3.448050444314882e-10,
                3.7070035793085733e-09,
                0.9626731122465291,
                0.037326883688292734
            ],
            [
                6.914400666261423e-13,
                1.2256068435520066e-11,
                3.098819389392205e-12,
                1.1253518382247996e-07,
                0.9999998874487699
            ]
        ],
        [
            [
                0.9999999988782722,
                1.1032560297267623e-09,
                2.7346982851054966e-12,
                0.0,
                1.5737102069536372e-11
            ],
            [
                0.9999999983787542,
                1.605228050576362e-09,
                2.129785164840323e-12,
                0.0,
                1.3887943825086198e-11
            ],
            [
                3.850514445286914e-09,
                5.8291220050791074e-05,
                0.999940617733972,
                1.0676409368340308e-06,
                1.9554525861881964e-08
            ],
            [
                3.7010119535521894e-13,
                5.789356758839703e-12,
                1.1399919377378491e-12,
                2.3823698444953729e-07,
                0.9999997617557161
            ],
            [
                5.38494011048082e-13,
                5.109088926285332e-12,
                1.4637784849660255e-12,
                1.955568069828242e-08,
                0.999999980437208
            ]
        ],
        [
            [
                0.9999999993955817,
                5.905303985895407e-10,
                0.0,
                0.0,
                1.3887943834276578e-11
            ],
            [
                0.9999999979328738,
                2.0611536164069157e-09,
                1.463778509842391e-12,
                0.0,
                4.508755229100661e-12
            ],
            [
                7.582156007782223e-10,
                7.888904045618583e-06,
                0.9999464746051469,
                4.539750833166913e-05,
                2.3822426024742396e-07
            ],
            [
                1.386708675543022e-11,
                2.7852788304324037e-10,
                1.602817301102842e-09,
                0.0015011820284403464,
                0.9984988160763474
            ],
            [
                1.0060393856311592e-12,
                1.0815942700632746e-11,
                2.7346985806752814e-12,
                8.764249145907349e-08,
                0.9999999123429519
            ]
        ],
        [
            [
                0.9999999993892628,
                5.905303984595929e-10,
                0.0,
                0.0,
                2.0206839041125638e-11
            ],
            [
                0.9999999950332084,
                4.944450469443619e-09,
                4.508755212663198e-12,
                0.0,
                1.783247279095103e-11
            ],
            [
                1.7832474131261053e-11,
                2.3823698309065959e-07,
                0.9999997560518268,
                5.602796821828471e-09,
                9.056077610821746e-11
            ],
            [
                1.0060393567927442e-12,
                1.2256068388357614e-11,
                2.7346985022843425e-12,
                8.315279901607141e-07,
                0.999999168456013
            ],
            [
                2.129785395844036e-12,
                1.3887945331419625e-11,
                3.978962955983805e-12,
                8.764249144878031e-08,
                0.999999912337512
            ]
        ],
        [
            [
                0.9999999997126297,
                2.789468090200718e-10,
                0.0,
                0.0,
                8.42346374641136e-12
            ],
            [
                0.9999999990164927,
                9.736200289641553e-10,
                1.4637785106126705e-12,
                0.0,
                8.423463734251356e-12
            ],
            [
                6.278953123307666e-09,
                1.00186463076362e-05,
                0.9889984627563093,
                0.010986779845010525,
                4.732473419469608e-06
            ],
            [
                5.109001637467081e-12,
                4.2777146977186204e-11,
                9.544871655712478e-12,
                1.6701415108868345e-05,
                0.9999832985274602
            ],
            [
                8.878266162529411e-13,
                7.433681245116779e-12,
                1.879528961356651e-12,
                8.315279901655335e-07,
                0.9999991684618088
            ]
        ],
        [
            [
                0.9999999993136406,
                6.691586075958428e-10,
                1.4637785107715326e-12,
                0.0,
                1.5737102070799955e-11
            ],
            [
                0.9999999983787542,
                1.605228050576362e-09,
                2.129785164840323e-12,
                0.0,
                1.3887943825086198e-11
            ],
            [
                9.05605998051962e-11,
                2.2603230060099874e-06,
                0.9999973333608064,
                3.927852422261197e-07,
                1.3440384707313352e-08
            ],
            [
                4.2273052198072066e-11,
                9.621302333112998e-10,
                9.128437493831608e-09,
                0.6791787055842454,
                0.32082128428291384
            ],
            [
                2.1297771375664893e-12,
                2.9400666495326226e-11,
                3.3315319758312586e-11,
                3.7266391154235166e-06,
                0.9999962732960388
            ]
        ],
        [
            [
                0.9999999993922688,
                5.90530398884014e-10,
                1.4637785116214027e-12,
                0.0,
                1.573710207993692e-11
            ],
            [
                0.9999999936442112,
                6.348800067755077e-09,
                1.8795288022434967e-12,
                0.0,
                5.109088989203892e-12
            ],
            [
                4.284929321494348e-09,
                1.1880932750444023e-06,
                0.9820028543332974,
                0.017986005505299857,
                9.94778319828017e-06
            ],
            [
                7.429570757525526e-12,
                1.4922691777371435e-10,
                1.6909625103121488e-10,
                0.0005527785843695541,
                0.9994472210898777
            ],
            [
                6.914400621209802e-13,
                8.423464380977276e-12,
                1.879528956332054e-12,
                2.3823698446943832e-07,
                0.9999997617520211
            ]
        ],
        [
            [
                0.9999999998661051,
                1.3176514257009717e-10,
                0.0,
                0.0,
                2.129785168840671e-12
            ],
            [
                0.9999999979358287,
                2.0611536166211013e-09,
                8.878265453401399e-13,
                0.0,
                2.1297851649446212e-12
            ],
            [
                0.01791396434797431,
                0.9780693380755492,
                0.0039971455213770974,
                1.6335420152148484e-05,
                3.2166349473239084e-06
            ],
            [
                5.384940895796076e-13,
                8.423464815104851e-12,
                2.413363075710574e-12,
                3.059023590193627e-07,
                0.9999996940862657
            ],
            [
                1.2917799720157472e-12,
                9.54503468069942e-12,
                1.2917799720157472e-12,
                2.510999092044229e-08,
                0.9999999748778805
            ]
        ],
        [
            [
                0.9999999997725195,
                2.1724399331311228e-10,
                6.914400100740482e-13,
                0.0,
                9.545034914282178e-12
            ],
            [
                0.9999999991252366,
                8.592166599486257e-10,
                1.6586783551135817e-12,
                0.0,
                1.3887943833141572e-11
            ],
            [
                1.3436899224914319e-08,
                0.00026119006570449015,
                0.9997382888845735,
                5.042154426808201e-07,
                3.3973801688964474e-09
            ],
            [
                4.5280363048400244e-11,
                1.3232861794437932e-09,
                4.61872259712823e-09,
                0.49999999721742727,
                0.4999999967952836
            ],
            [
                1.8795254231003017e-12,
                1.7832440712095654e-11,
                8.423448546131149e-12,
                1.7603431338981973e-06,
                0.9999982396287307
            ]
        ],
        [
            [
                0.9999999995833189,
                4.0586521182694675e-10,
                0.0,
                0.0,
                1.0815941535416842e-11
            ],
            [
                0.9999999996398419,
                3.581747926277303e-10,
                6.91440009920704e-13,
                0.0,
                1.2917800033412509e-12
            ],
            [
                1.252253036351326e-07,
                0.017986194132756966,
                0.9820128508717225,
                8.165715542931166e-07,
                1.3198662485886407e-08
            ],
            [
                2.853896530605185e-11,
                5.058652640374483e-10,
                3.298655886046234e-09,
                0.029312227860720297,
                0.9706877683062196
            ],
            [
                1.4637786971334562e-12,
                1.2256068976402916e-11,
                2.7346986334949846e-12,
                6.825604229699583e-08,
                0.9999999317275031
            ]
        ],
        [
            [
                0.9999999995857114,
                4.058652120842655e-10,
                0.0,
                0.0,
                8.423463742777648e-12
            ],
            [
                0.9999999804384858,
                1.955568068373684e-08,
                3.0988190746854405e-12,
                0.0,
                2.734698235079963e-12
            ],
            [
                2.061079164302641e-09,
                3.535625729684818e-05,
                0.9999644000548913,
                2.3822858775219183e-07,
                3.398145058782608e-09
            ],
            [
                1.1491007039064273e-10,
                1.5862845914338196e-09,
                2.6153411472808006e-09,
                0.32082128661106485,
                0.6791787090723993
            ],
            [
                1.2917727792572186e-12,
                2.0206726063935337e-11,
                6.560163473890882e-12,
                6.144172126337464e-06,
                0.999993855799815
            ]
        ],
        [
            [
                0.999999999670024,
                3.160881448196742e-10,
                0.0,
                0.0,
                1.3887943838088016e-11
            ],
            [
                0.9999999943836795,
                5.602796398133197e-09,
                3.978962507853477e-12,
                0.0,
                9.545034855711073e-12
            ],
            [
                7.052853843294522e-11,
                1.3709540309096314e-06,
                0.9999963581870054,
                2.26032107191279e-06,
                1.0467363195720887e-08
            ],
            [
                1.139924531522389e-12,
                2.289599626754035e-11,
                8.422966311966172e-12,
                5.8291277136085986e-05,
                0.9999417086904051
            ],
            [
                8.878266605892913e-13,
                7.433681616340495e-12,
                1.879529055216705e-12,
                1.855391598228433e-07,
                0.9999998144506391
            ]
        ],
        [
            [
                0.999999999671656,
                3.1608814487981035e-10,
                0.0,
                0.0,
                1.2256067422713222e-11
            ],
            [
                0.9999999991256034,
                8.592166599489409e-10,
                1.2917800018265212e-12,
                0.0,
                1.3887943833146667e-11
            ],
            [
                7.433681003424322e-12,
                1.4449803104639992e-07,
                0.9999998510933215,
                4.363462447278221e-09,
                3.7751347124114006e-11
            ],
            [
                6.913886374840499e-13,
                1.3886912006458294e-11,
                1.0815137945073415e-11,
                7.48461977939433e-05,
                0.9999251537768126
            ],
            [
                1.2917801093444997e-12,
                1.573710338064624e-11,
                2.7346985129422286e-12,
                1.1253518382801559e-07,
                0.9999998874450526
            ]
        ],
        [
            [
                0.9999999994678499,
                5.211412477732753e-10,
                1.4637785112733574e-12,
                0.0,
                9.545034904239656e-12
            ],
            [
                0.9999999969982405,
                2.998960813278391e-09,
                1.6586783525101135e-12,
                0.0,
                1.139991848642874e-12
            ],
            [
                3.84719595486705e-09,
                7.882059917435952e-06,
                0.9990788140231727,
                0.0009110418217385617,
                2.2582479754848344e-06
            ],
            [
                2.7337805874407774e-12,
                4.2763523381475776e-11,
                3.7738676927756297e-11,
                0.00033535005521739223,
                0.9996646498615467
            ],
            [
                6.914400970825244e-13,
                6.5602009877850845e-12,
                3.5114225520935354e-12,
                6.825604229125648e-08,
                0.9999999317331947
            ]
        ],
        [
            [
                0.9999999993167059,
                6.691586078354955e-10,
                1.879528812905114e-12,
                0.0,
                1.2256067420403027e-11
            ],
            [
                0.999999999224543,
                7.582560411290435e-10,
                1.46377851091721e-12,
                0.0,
                1.5737102072366138e-11
            ],
            [
                6.5602008883262714e-12,
                6.825604125643073e-08,
                0.9999999163157,
                1.5229981416645222e-08,
                1.917171724223565e-10
            ],
            [
                2.412870510513923e-12,
                6.222875064232524e-11,
                2.0202717436658377e-11,
                0.0002034270618077124,
                0.999796572853348
            ],
            [
                1.2917799509734461e-12,
                8.423463403566742e-12,
                2.4133626712981346e-12,
                4.139937546324992e-08,
                0.999999958588496
            ]
        ],
        [
            [
                0.9999999992200732,
                7.582560409826326e-10,
                1.4637785106345706e-12,
                0.0,
                2.0206839042025733e-11
            ],
            [
                0.9999999950337382,
                4.944450470378857e-09,
                3.9789625104400364e-12,
                0.0,
                1.783247279432402e-11
            ],
            [
                2.3355307793580936e-09,
                2.753568905597644e-05,
                0.9999724365079257,
                2.5109322205366047e-08,
                3.5816524523377037e-10
            ],
            [
                1.4637534764150236e-12,
                2.2896956800760926e-11,
                9.544871656456758e-12,
                1.6701415110170672e-05,
                0.9999832985509842
            ],
            [
                2.129785270460652e-12,
                1.783247374129044e-11,
                3.978962721736806e-12,
                5.043472051481142e-07,
                0.9999994956288537
            ]
        ],
        [
            [
                0.9999999997399422,
                2.4616969466974687e-10,
                0.0,
                0.0,
                1.3887943836090716e-11
            ],
            [
                0.9999999943773812,
                5.602796395843608e-09,
                6.560200119335522e-12,
                1.0060392717967948e-12,
                1.2256067352894972e-11
            ],
            [
                2.7894468848488913e-10,
                7.889264845528658e-06,
                0.9999920851772206,
                2.5109800648927423e-08,
                1.6918850593007482e-10
            ],
            [
                1.8793891695742037e-12,
                4.847008552000991e-11,
                2.939859294677937e-11,
                7.48461975736866e-05,
                0.9999251537226783
            ],
            [
                2.4133630264187895e-12,
                1.3887945330002855e-11,
                3.978962955577893e-12,
                8.76424914398395e-08,
                0.9999999123372283
            ]
        ],
        [
            [
                0.9999999995763025,
                4.05865211737352e-10,
                0.0,
                0.0,
                1.783247286815423e-11
            ],
            [
                0.9999999969982836,
                2.9989608142923947e-09,
                1.4637785089692254e-12,
                0.0,
                1.291780000235239e-12
            ],
            [
                4.5989238782789366e-10,
                2.7535662002548018e-05,
                0.9999718119380665,
                6.475767009528911e-07,
                4.3633374888632e-09
            ],
            [
                1.0723158047931343e-11,
                2.7655389104193376e-10,
                2.440579522422242e-10,
                0.008577485677801654,
                0.9914225137908633
            ],
            [
                3.701011953781048e-13,
                5.789356759197698e-12,
                1.0060393540872731e-12,
                2.382369844642691e-07,
                0.99999976175585
            ]
        ],
        [
            [
                0.9999999997115081,
                2.7894680889866884e-10,
                0.0,
                0.0,
                9.545034909556347e-12
            ],
            [
                0.9999999976541039,
                2.33559303040043e-09,
                1.8795288097802054e-12,
                0.0,
                8.42346372417746e-12
            ],
            [
                0.0,
                5.905303993949783e-10,
                0.9999999993715203,
                3.775134541086377e-11,
                1.9810087963735936e-13
            ],
            [
                2.5048054316071788e-11,
                8.294776393625909e-10,
                1.470284295697073e-08,
                0.8519527831192656,
                0.14804720132336582
            ],
            [
                1.463778466506026e-12,
                8.423463480435142e-12,
                1.463778466506026e-12,
                3.2241866323669615e-08,
                0.9999999677467827
            ]
        ],
        [
            [
                0.9999999997399422,
                2.4616969472236166e-10,
                0.0,
                0.0,
                1.3887943839059038e-11
            ],
            [
                0.999999998557358,
                1.4166087832202982e-09,
                2.129785165809666e-12,
                1.0060392768524623e-12,
                2.2897348401129535e-11
            ],
            [
                1.3434618283005419e-08,
                0.0004305569318569073,
                0.9995692398127581,
                1.8545918474924162e-07,
                4.361581973595304e-09
            ],
            [
                6.547562381910263e-12,
                1.6886385945849195e-10,
                6.678695198868133e-10,
                0.0019267343364175842,
                0.9980732648203015
            ],
            [
                8.878265302831085e-13,
                7.433680525300184e-12,
                6.101936556897688e-13,
