{
    "[['A', 'B', 'C', 'D', 'E'], ['A', 'B', 'C', 'D', 'E']]": [
        [
            [
                0.9999999999587372,
                3.7751345372565004e-11,
                0.0,
                0.0,
                3.5114221068444785e-12
            ],
            [
                0.9999999927885573,
                7.194132974196952e-09,
                2.1297851543392586e-12,
                1.2917799947075633e-12,
                1.3887943756610658e-11
            ],
            [
                4.94428097544194e-09,
                1.6701128152128874e-05,
                0.9999657612992057,
                1.6701128152128874e-05,
                8.315002091304975e-07
            ],
            [
                7.360296156007214e-10,
                8.966676346954689e-09,
                1.0364058817554725e-06,
                0.9706867540640852,
                0.029312199827327023
            ],
            [
                1.3692622656300388e-11,
                4.001570902170895e-10,
                1.087739746866161e-09,
                0.0140636272857737,
                0.9859363712126368
            ]
        ],
        [
            [
                0.9999999999326494,
                6.22414461470745e-11,
                0.0,
                0.0,
                5.109089021332083e-12
            ],
            [
                0.9999999997796571,
                2.1724399318844536e-10,
                0.0,
                0.0,
                3.0988191341650253e-12
            ],
            [
                3.037975383884578e-14,
                3.581747928445664e-10,
                0.9999999996032598,
                3.775134542342369e-11,
                7.835041781044837e-13
            ],
            [
                1.1014939899829558e-09,
                6.814702006269214e-08,
                9.595814934097946e-05,
                0.998402934595716,
                0.0015010380064288955
            ],
            [
                5.822218263298153e-10,
                1.1694237990233262e-08,
                6.0577652536645675e-06,
                0.985930389233608,
                0.014063540724678586
            ]
        ],
        [
            [
                0.9999999997925457,
                1.917171508286651e-10,
                0.0,
                0.0,
                1.5737102061948774e-11
            ],
            [
                0.9999999997649236,
                2.17243993149083e-10,
                0.0,
                0.0,
                1.7832472878692755e-11
            ],
            [
                2.8443312645211805e-08,
                0.0003353443108378732,
                0.9996475387878995,
                1.669581013045941e-05,
                3.926478195083267e-07
            ],
            [
                2.2076972307562356e-08,
                9.387376450525293e-07,
                0.0005510253211223639,
                0.9962770820611042,
                0.003170931803156172
            ],
            [
                9.96107824468502e-11,
                2.0007360487838235e-09,
                5.847007806100517e-08,
                0.9706877099269742,
                0.029312229502600935
            ]
        ],
        [
            [
                0.9999999997998594,
                1.917171509423023e-10,
                0.0,
                0.0,
                8.423463735420717e-12
            ],
            [
                0.9999999998199942,
                1.6918979165610565e-10,
                0.0,
                0.0,
                1.0815941518583294e-11
            ],
            [
                3.6524443942621266e-08,
                0.0002611843433877313,
                0.999716272414986,
                2.1439316467565833e-05,
                1.0674007147309714e-06
            ],
            [
                5.96785867184082e-08,
                2.2394203094858572e-06,
                0.0051989764152221216,
                0.9907497575825368,
                0.004048966903344754
            ],
            [
                3.9653821318575497e-10,
                1.313154214853856e-08,
                3.6410126908371096e-06,
                0.9770190609008377,
                0.022977284558391133
            ]
        ],
        [
            [
                0.9999999997904505,
                1.917171508282634e-10,
                0.0,
                0.0,
                1.7832472857214652e-11
            ],
            [
                0.9999999997087972,
                2.789468086307101e-10,
                0.0,
                0.0,
                1.2256067415268843e-11
            ],
            [
                2.6465081720258415e-09,
                1.760304446162856e-06,
                0.9999761445709454,
                2.1444898284378464e-05,
                6.475798159459967e-07
            ],
            [
                1.7242824602896808e-08,
                1.3697672198819066e-06,
                0.0001583235640788451,
                0.9991307324391676,
                0.0007095569867091284
            ],
            [
                6.459929725110336e-10,
                2.746832015560596e-08,
                8.630289646628678e-06,
                0.8519454311254661,
                0.1480459104705741
            ]
        ],
        [
            [
                0.9999999997649236,
                2.172439930090595e-10,
                0.0,
                0.0,
                1.783247286719893e-11
            ],
            [
                0.9999999997380931,
                2.4616969472190645e-10,
                0.0,
                0.0,
                1.5737102077479607e-11
            ],
            [
                2.0901878433410413e-06,
                0.4368103348751214,
                0.5608755733975856,
                0.002292170389343608,
                1.983115010598774e-05
            ],
            [
                9.222873176142267e-09,
                2.256762658498098e-06,
                7.473371539966452e-05,
                0.9984219334990017,
                0.0015010668000669607
            ],
            [
                9.632811364483841e-11,
                3.1899490196771004e-09,
                4.4035887891904536e-08,
                0.7310585441971472,
                0.26894140848068776
            ]
        ],
        [
            [
                0.999999999705316,
                2.789468086972977e-10,
                0.0,
                0.0,
                1.5737102073600243e-11
            ],
            [
                0.9999999996730959,
                3.1608814475308653e-10,
                0.0,
                0.0,
                1.0815941534076134e-11
            ],
            [
                1.2501434427069961e-09,
                4.785081321809078e-06,
                0.9999928657143445,
                2.260312368568372e-06,
                8.76418215434819e-08
            ],
            [
                4.9353768001358605e-09,
                3.0534065925381307e-07,
                0.0003348466915541368,
                0.9981641635495255,
                0.0015006794828841196
            ],
            [
                5.822240191748765e-10,
                1.03201676735767e-08,
                2.22853568965628e-06,
                0.9859341668577655,
                0.014063593704153086
            ]
        ],
        [
            [
                0.9999999997974669,
                1.917171510654139e-10,
                0.0,
                0.0,
                1.0815941539773149e-11
            ],
            [
                0.9999999999419733,
                5.4927883428548224e-11,
                0.0,
                0.0,
                3.0988191341521967e-12
            ],
            [
                1.3440026386618509e-08,
                2.7535663510258648e-05,
                0.9999712706909605,
                1.067673539731133e-06,
                1.1253196317288227e-07
            ],
            [
                6.670305074004735e-10,
                2.5030135129210952e-08,
                7.864234683286936e-06,
                0.9968194528658774,
                0.0031726572022738094
            ],
            [
                2.226976121487783e-10,
                4.473001111520013e-09,
                1.1536021911608353e-07,
                0.9046504323187152,
                0.09534944762536689
            ]
        ],
        [
            [
                0.9999999999346596,
                6.224144613683916e-11,
                0.0,
                0.0,
                3.098819134129533e-12
            ],
            [
                0.9999999997115081,
                2.7894680863146634e-10,
                0.0,
                0.0,
                9.545034900413179e-12
            ],
            [
                6.021954593122231e-08,
                0.0002611880772236771,
                0.999730679017634,
                7.88719651326151e-06,
                1.8548908311528535e-07
            ],
            [
                8.128358298641573e-09,
                1.0646058604454923e-06,
                0.0024715584195123493,
                0.9970978763932421,
                0.00042949245302681047
            ],
            [
                3.0514777447245697e-10,
                7.869864828619632e-09,
                9.096326955416785e-07,
                0.8519520201226596,
                0.1480470620696324
            ]
        ],
        [
            [
                0.999999999982133,
                1.5737102089219675e-11,
                0.0,
                0.0,
                2.129785168568034e-12
            ],
            [
                0.9999999998598115,
                1.3176514249582305e-10,
                0.0,
                0.0,
                8.423463741355022e-12
            ],
            [
                1.6398049602938378e-06,
                0.021907335877215932,
                0.9315236582187185,
                0.046377830416005565,
                0.0001895356830996966
            ],
            [
                1.1816951777874458e-08,
                1.0637291142115116e-06,
                0.0031709317990576288,
                0.9962769673317418,
                0.0005510253231346586
            ],
            [
                3.042893680969483e-10,
                8.892638844877876e-09,
                3.7812462551999575e-07,
                0.962672739800594,
                0.03732687287785225
            ]
        ],
        [
            [
                0.9999999997115081,
                2.7894680863146634e-10,
                0.0,
                0.0,
                9.545034900413179e-12
            ],
            [
                0.9999999998752942,
                1.1628233010104898e-10,
                0.0,
                0.0,
                8.423463739896614e-12
            ],
            [
                2.335352616745227e-09,
                4.784624820121188e-06,
                0.999897351116234,
                9.610175848814427e-05,
                1.7601651050411955e-06
            ],
            [
                7.570912944745205e-10,
                4.683957979166374e-08,
                3.530318860326246e-05,
                0.9984635201530571,
                0.0015011290616687184
            ],
            [
                1.545404481813311e-11,
                7.446175788492266e-10,
                2.79415685060896e-08,
                0.9820137602779834,
                0.017986211020376373
            ]
        ],
        [
            [
                0.9999999997743325,
                2.1724399311015067e-10,
                0.0,
                0.0,
                8.423463739046165e-12
            ],
            [
                0.9999999999475473,
                4.847368698234866e-11,
                0.0,
                0.0,
                3.9789625292413905e-12
            ],
            [
                1.2501410578525653e-09,
                4.785072193478678e-06,
                0.9999902430680883,
                4.785072193478678e-06,
                1.855373837197362e-07
            ],
            [
                2.1670597846913325e-10,
                5.588920846806867e-09,
                3.7174239390007974e-06,
                0.9975236633358324,
                0.0024726134346016305
            ],
            [
                1.3839085396875802e-10,
                3.569147165284896e-09,
                9.204951860718352e-08,
                0.43782345747141527,
                0.5621764467715281
            ]
        ],
        [
            [
                0.9999999997960269,
                1.9171715112521297e-10,
                0.0,
                0.0,
                1.2256067428077996e-11
            ],
            [
                0.9999999998624456,
                1.3176514244315405e-10,
                0.0,
                0.0,
                5.789356317403683e-12
            ],
            [
                3.1608756421770624e-10,
                1.7603430752827116e-06,
                0.9999982064298717,
                3.224180808716196e-08,
                6.691573786999439e-10
            ],
            [
                4.048608329942399e-10,
                1.1831767875330832e-08,
                2.8951353824988574e-06,
                0.9975244768858662,
                0.0024726157421226507
            ],
            [
                5.149911729851615e-10,
                9.128436959971006e-09,
                5.9524886267307023e-08,
                0.32082126596682714,
                0.6791786648648585
            ]
        ],
        [
            [
                0.9999999997904505,
                1.917171508282634e-10,
                0.0,
                0.0,
                1.7832472857214652e-11
            ],
            [
                0.9999999998169222,
                1.691897919227884e-10,
                0.0,
                0.0,
                1.388794383715981e-11
            ],
            [
                1.8795287155205496e-12,
                5.3157849687183305e-08,
                0.9999999463695493,
                4.599055131468115e-10,
                1.081594097596417e-11
            ],
            [
                6.081122599884626e-11,
                2.585759127221291e-09,
                2.988734037072712e-07,
                0.9770223351696459,
                0.022977363310379976
            ],
            [
                1.7106357447921007e-08,
                3.435900464683048e-07,
                0.0002016823514934797,
                0.9912222051132598,
                0.008575751838842774
            ]
        ],
        [
            [
                0.999999999914291,
                7.991959875796292e-11,
                0.0,
                0.0,
                5.7893563163016984e-12
            ],
            [
                0.999999999971924,
                2.5946094959742886e-11,
                0.0,
                0.0,
                2.129785169066042e-12
            ],
            [
                5.211392498800377e-10,
                2.9023120442611015e-06,
                0.9999966871238323,
                3.927852225511086e-07,
                1.725776179319134e-08
            ],
            [
                3.843147847078588e-09,
                1.1231324329626677e-07,
                4.5310396236268926e-05,
                0.9980279263684558,
                0.0019266470789167402
            ],
            [
                1.1581821991552574e-09,
                2.052927068995409e-08,
                1.516920774629728e-07,
                0.18242549899561827,
                0.8175743276248513
            ]
        ],
        [
            [
                0.9999999997987379,
                1.9171715098851964e-10,
                0.0,
                0.0,
                9.545034903557521e-12
            ],
            [
                0.9999999993645621,
                5.905303984450064e-10,
                2.1297851657284415e-12,
                0.0,
                4.277787858469597e-11
            ],
            [
                9.928562739946097e-08,
                0.00020341464786451254,
                0.9997359470615244,
                5.827927236480927e-05,
                2.2597326189546477e-06
            ],
            [
                1.1836735156129012e-08,
                2.89635635923239e-06,
                0.0015003490234697504,
                0.9979447952231196,
                0.000551947560316171
            ],
            [
                5.842594568129362e-11,
                2.1924174370284284e-09,
                3.0265389156286024e-08,
                0.7310585667330901,
                0.2689414007506773
            ]
        ],
        [
            [
                0.9999999998834932,
                1.0261879614033655e-10,
                0.0,
                0.0,
                1.3887943841052666e-11
            ],
            [
                0.9999999999426588,
                5.4927883445797686e-11,
                0.0,
                0.0,
                2.4133627690322717e-12
            ],
            [
                7.582517458021147e-10,
                4.785090275171148e-06,
                0.9999944983042784,
                6.475915477030481e-07,
                6.825564696071886e-08
            ],
            [
                4.9304373540427135e-09,
                2.0964753102742276e-07,
                0.0009092971524008044,
                0.9971655061828925,
                0.0019249820867383606
            ],
            [
                6.597462594522828e-10,
                1.1694282261339583e-08,
                1.735587029026615e-06,
                0.985934651391485,
                0.014063600667457505
            ]
        ],
        [
            [
                0.9999999998608013,
                1.3176514253724246e-10,
                0.0,
                0.0,
                7.433680663116177e-12
            ],
            [
                0.9999999998212652,
                1.6918979199159718e-10,
                0.0,
                0.0,
                9.545034907613018e-12
            ],
            [
                7.05285334186565e-11,
                6.825577721339138e-08,
                0.9999965250184275,
                2.9023094998686314e-06,
                5.043457669058613e-07
            ],
            [
                1.1001607872632457e-09,
                5.300871528440272e-08,
                0.00033452115014597584,
                0.9971936291962706,
                0.0024717955447074186
            ],
            [
                2.9203990533524305e-11,
                4.0314865384923745e-10,
                5.176531182458691e-10,
                0.006692851414606524,
                0.9933071476353877
            ]
        ],
        [
            [
                0.9999999998233766,
                1.6918979178385693e-10,
                0.0,
                0.0,
                7.433680651365443e-12
            ],
            [
                0.9999999999067046,
                9.056076981046844e-11,
                0.0,
                0.0,
                2.7346982889870416e-12
            ],
            [
                1.0466963114096708e-08,
                2.7535321578341104e-05,
                0.9999586159518628,
                1.3006764932576264e-05,
                8.314946633580065e-07
            ],
            [
                8.847997684535822e-11,
                1.7771678418902325e-09,
                1.0994948104795285e-07,
                0.9770225203460451,
                0.022977367838826066
            ],
            [
                4.250171045358852e-10,
                1.2420820474835506e-08,
                2.0888608219671288e-06,
                0.9241398855293351,
                0.07585801276400538
            ]
        ],
        [
            [
                0.9999999998624456,
                1.317651425374591e-10,
                0.0,
                0.0,
                5.7893563215471585e-12
            ],
            [
                0.999999998861965,
                1.1032560297087713e-09,
                1.4637785106301308e-12,
                0.0,
                3.331544534210058e-11
            ],
            [
                2.9988693311873186e-09,
                1.6701191247110686e-05,
                0.9999698961346908,
                1.3006900821475096e-05,
                3.927743712421529e-07
            ],
            [
                2.1418824758264926e-10,
                7.092940622939716e-09,
                2.2285356976886527e-06,
                0.9859341704113951,
                0.014063593745778266
            ],
            [
                3.323306638731698e-11,
                9.712125630235716e-10,
                1.1225690922089568e-07,
                0.997527263765053,
                0.002472622973592177
            ]
        ],
        [
            [
                0.9999999998185543,
                1.691897919592261e-10,
                0.0,
                0.0,
                1.2256067422201889e-11
            ],
            [
                0.9999999988691393,
                1.1032560277873033e-09,
                1.6586783520641856e-12,
                0.0,
                2.5946094875611923e-11
            ],
            [
                7.99194488751065e-11,
                8.315279508588325e-07,
                0.9999986444892887,
                5.043471966039019e-07,
                1.9555644370741383e-08
            ],
            [
                1.9495199590224655e-08,
                3.915719246262799e-07,
                0.0011672588996234615,
                0.9969078454570292,
                0.0019244845762232266
            ],
            [
                1.6681028761972036e-10,
                7.092953918332188e-09,
                4.972544592007333e-07,
                0.9859358753846658,
                0.014063620101110863
            ]
        ],
        [
            [
                0.9999999998212652,
                1.6918979199159718e-10,
                0.0,
                0.0,
                9.545034907613018e-12
            ],
            [
                0.9999999999326494,
                6.224144611167103e-11,
                0.0,
                0.0,
                5.109089018425988e-12
            ],
            [
                5.1090887929865106e-12,
                2.5109990402091614e-08,
                0.9999999540790675,
                1.955568018806441e-08,
                1.2501528088653425e-09
            ],
            [
                2.6414198465876402e-09,
                1.1231602989334631e-07,
                2.140362629276454e-05,
                0.9980517883779543,
                0.0019266930383030863
            ],
            [
                8.184657366221652e-10,
                3.4802048701152875e-08,
                1.6768582116556227e-06,
                0.9525724974107607,
                0.0474257901105132
            ]
        ],
        [
            [
                0.999999999980288,
                1.783247287916969e-11,
                0.0,
                0.0,
                1.8795288134849616e-12
            ],
            [
                0.9999999997823368,
                1.917171509389429e-10,
                0.0,
                0.0,
                2.594609492363827e-11
            ],
            [
                0.0,
                1.4930946757274656e-10,
                0.9999999998347289,
                1.5737102101912315e-11,
                2.244777054314811e-13
            ],
            [
                1.1024925512333866e-09,
                7.729069491336845e-08,
                0.00026107775976463014,
                0.9993083991859654,
                0.0004304446610826438
            ],
            [
                3.6193426722589287e-09,
                9.334407779435965e-08,
                5.774993599632944e-06,
                0.9399078275643801,
                0.06008630047859976
            ]
        ],
        [
            [
                0.9999999998878362,
                1.0261879606583304e-10,
                0.0,
                0.0,
                9.545034899476703e-12
            ],
            [
                0.9999999999020057,
                9.056076975956505e-11,
                0.0,
                0.0,
                7.433680661093113e-12
            ],
            [
                2.3355844901261813e-09,
                2.2603211337857655e-06,
                0.9999959087476289,
                1.7603398689852e-06,
                6.825578393449844e-08
            ],
            [
                6.335601956026995e-09,
                3.9196981330173584e-07,
                0.0009099863059215559,
                0.997921169843022,
                0.0011684455456410646
            ],
            [
                1.6337520483511918e-07,
                4.774523348918909e-06,
                0.000708602431309958,
                0.9977863483112813,
                0.0015001113588549628
            ]
        ],
        [
            [
                0.9999999996189279,
                3.581747923844341e-10,
                0.0,
                0.0,
                2.2897348415293404e-11
            ],
            [
                0.9999999997960269,
                1.9171715106513784e-10,
                0.0,
                0.0,
                1.2256067424237522e-11
            ],
            [
                2.0610200471992657e-09,
                3.7264152161652986e-06,
                0.9999357203972102,
                5.829094147411126e-05,
                2.2601850794239342e-06
            ],
            [
                2.707701646010696e-10,
                6.162700540777308e-09,
                1.0364058853084422e-06,
                0.9706867572491682,
                0.029312199911475666
            ],
            [
                5.445668818503043e-11,
                2.3155573037675287e-09,
                3.894172333838025e-07,
                0.9914221269260391,
                0.008577481286713508
            ]
        ],
        [
            [
                0.9999999999259599,
                7.052879842808833e-11,
                0.0,
                0.0,
                3.5114221092425284e-12
            ],
            [
                0.9999999998851252,
                1.0261879609371748e-10,
                0.0,
                0.0,
                1.2256067417429931e-11
            ],
            [
                3.3982098709053335e-09,
                1.67014000586186e-05,
                0.9999821592620768,
                1.0676847849050677e-06,
                6.825486983480989e-08
            ],
            [
                2.4977593266242524e-11,
                9.372772725088648e-10,
                1.8825717264241432e-08,
                0.9626730970996238,
                0.037326883112404126
            ],
            [
                1.1225759868184559e-10,
                4.2124353130978456e-09,
                1.5807061969954213e-07,
                0.8519526618276468,
                0.1480471757770405
            ]
        ],
        [
            [
                0.9999999998752942,
                1.1628233014233793e-10,
                0.0,
                0.0,
                8.423463742887576e-12
            ],
            [
                0.9999999998899476,
                1.0261879616035476e-10,
                0.0,
                0.0,
                7.433680661003475e-12
            ],
            [
                1.4166034990877647e-09,
                3.7266392621796167e-06,
                0.9999960745446147,
                1.8553844372850262e-07,
                1.1861075879184239e-08
            ],
            [
                9.848080674156266e-07,
                0.0001461584763948564,
                0.07571194715538374,
                0.922360335653212,
                0.0017805739069419548
            ],
            [
                1.1011286114118878e-09,
                2.2116759381691838e-08,
                1.990887233203802e-06,
                0.880795293044537,
                0.1192026928503419
            ]
        ],
        [
            [
                0.999999999773211,
                2.172439930108599e-10,
                0.0,
                0.0,
                9.545034901002134e-12
            ],
            [
                0.9999999996310092,
                3.581747921579016e-10,
                0.0,
                0.0,
                1.0815941531001393e-11
            ],
            [
                2.06110655094813e-09,
                2.144491855817363e-05,
                0.9999767324798622,
                1.760306110337304e-06,
                6.023436274827052e-08
            ],
            [
                2.6431534703495424e-09,
                6.816782645362318e-08,
                0.00012325032152943073,
                0.9987073129326703,
                0.0011693659348202287
            ],
            [
                2.456931228296207e-10,
                6.336509153092584e-09,
                1.0110472596454334e-05,
                0.9980631679077331,
                0.0019267150374682293
            ]
        ],
        [
            [
                0.9999999998453377,
                1.3176514244089983e-10,
                0.0,
                0.0,
                2.2897348411264776e-11
            ],
            [
                0.9999999997782472,
                2.1724399311100111e-10,
                0.0,
                0.0,
                4.508755234057416e-12
            ],
            [
                3.652674082994768e-08,
                0.00012338250649803064,
                0.9997791199182456,
                9.609039267797896e-05,
                1.3706558375662812e-06
            ],
            [
                1.816753238943679e-09,
                5.30933122153678e-08,
                4.5344765284912973e-05,
                0.9987851434144863,
                0.0011694569101632414
            ],
            [
                1.220715071271775e-10,
                4.042453129795212e-09,
                7.165419621675017e-08,
                0.8175744232047426,
                0.18242550097653665
            ]
        ],
        [
            [
                0.9999999997705,
                2.1724399306288572e-10,
                0.0,
                0.0,
                1.22560674189934e-11
            ],
            [
                0.999999999773211,
                2.1724399306347465e-10,
                0.0,
                0.0,
                9.545034903313867e-12
            ],
            [
                1.0547190749955519e-07,
                0.0014090765442973177,
                0.7299198096033708,
                0.26852249273448936,
                0.00014851564593501045
            ],
            [
                4.760181199158964e-11,
                1.391128862143208e-09,
                8.606609508575732e-08,
                0.9820137004260391,
                0.017986212069135178
            ],
            [
                2.1698974326781935e-10,
                4.938663793146865e-09,
                1.3693532864998358e-06,
                0.9988291167600656,
                0.001169508730994255
            ]
        ],
        [
            [
                0.9999999998741727,
                1.1628233004790244e-10,
                0.0,
                0.0,
                9.545034901965818e-12
            ],
            [
                0.9999999995739279,
                4.0586521140048934e-10,
                0.0,
                0.0,
                2.0206839028133713e-11
            ],
            [
                3.775134525190138e-11,
                1.4449802388027053e-07,
                0.9999998015481164,
                5.315785227545165e-08,
                7.582560389570706e-10
            ],
            [
                1.190158933168112e-07,
                0.00027630401482460135,
                0.49956932003225646,
                0.49956932133305176,
                0.0005849356039738296
            ],
            [
                1.3107706311554927e-10,
                6.315646584979828e-09,
                1.7511537568580863e-06,
                0.9947781266163928,
                0.0052201157831266495
            ]
        ],
        [
            [
                0.9999999999399631,
                5.492788339303433e-11,
                0.0,
                0.0,
                5.109089017225974e-12
            ],
            [
                0.9999999997981994,
                1.9171715117241598e-10,
                5.384940212040521e-13,
                0.0,
                9.545034912713181e-12
            ],
            [
                1.9171680137466057e-10,
                1.7603430984464645e-06,
                0.999998219630593,
                1.955564538676051e-08,
                2.7894630003819415e-10
            ],
            [
                2.0198132032528638e-11,
                5.902759423694686e-10,
                1.8545918808382372e-07,
                0.9995692569952462,
                0.00043055693509156875
            ],
            [
                7.51747148457457e-10,
                1.5099245107243292e-08,
                6.091476045547729e-06,
                0.9914164598010803,
                0.00857743287188194
            ]
        ],
        [
            [
                0.9999999999337794,
                6.224144611174135e-11,
                0.0,
                0.0,
                3.9789625283361706e-12
            ],
            [
                0.9999999994649706,
                5.211412474358759e-10,
                0.0,
                0.0,
                1.3887943828908376e-11
            ],
            [
                4.3630963410803105e-09,
                7.888663243031259e-06,
                0.9999164299617201,
                7.484555295187196e-05,
                8.314589886451767e-07
            ],
            [
                6.170751430123401e-11,
                1.803357909373876e-09,
                1.1156980314728519e-07,
                0.9914224008651435,
                0.008577485699987774
            ],
            [
                2.1735363646875696e-08,
                1.1867106454170682e-06,
                0.013991220661083832,
                0.9808604884548013,
                0.005147082438105858
            ]
        ],
        [
            [
                0.999999999705316,
                2.789468086972977e-10,
                0.0,
                0.0,
                1.5737102073600243e-11
            ],
            [
                0.9999999999678646,
                2.940077735514445e-11,
                0.0,
                0.0,
                2.734698288085203e-12
            ],
            [
                2.2157801081029635e-08,
                7.48461257080112e-05,
                0.9999237243298423,
                1.3708546106887369e-06,
                3.653203795423586e-08
            ],
            [
                1.0439846413755764e-08,
                1.3673513476999027e-06,
                0.00015804432722117906,
                0.9973683486386922,
                0.0024722292428925527
            ],
            [
                7.039293176578053e-11,
                2.3310937501212113e-09,
                1.9518009004979054e-08,
                0.11920292114757056,
                0.8807970569329339
            ]
        ],
        [
            [
                0.9999999997415743,
                2.461696946701486e-10,
                0.0,
                0.0,
                1.2256067418638883e-11
            ],
            [
                0.9999999997380931,
                2.4616969472190645e-10,
                0.0,
                0.0,
                1.5737102077479607e-11
            ],
            [
                1.6918947774121017e-10,
                2.260323049462659e-06,
                0.9999975906466887,
                1.4449761818837088e-07,
                4.36345414135818e-09
            ],
            [
                1.0429337638045496e-08,
                8.285041184792189e-07,
                0.0011666206659881456,
                0.9963628044312781,
                0.0024697359692775938
            ],
            [
                2.281824405201768e-09,
                4.583166834291085e-08,
                4.435480188593139e-05,
                0.9769792462892664,
                0.02297635079535504
            ]
        ],
        [
            [
                0.999999999768868,
                2.1724399321801393e-10,
                0.0,
                0.0,
                1.3887943846432117e-11
            ],
            [
                0.9999999987338293,
                1.250152861495214e-09,
                2.1297851626224805e-12,
                0.0,
                1.3887943810624047e-11
            ],
            [
                1.2500336671376253e-09,
                9.610239638225567e-05,
                0.9999037488707998,
                1.4448410926014924e-07,
                2.998674880723541e-09
            ],
            [
                4.3745122201616507e-07,
                3.6627342379973505e-06,
                0.003128190270766184,
                0.9828481333973432,
                0.014019576146430677
            ],
            [
                3.1337483662472087e-10,
                9.15815515541898e-09,
                6.091476085030543e-06,
                0.9914164661270004,
                0.008577432925384623
            ]
        ],
        [
            [
                0.9999999997925457,
                1.9171715076110641e-10,
                0.0,
                0.0,
                1.573710205640322e-11
            ],
            [
                0.9984988071377724,
                0.0015011820180234425,
                7.183328699357795e-09,
                2.0580581297894788e-09,
                1.6028172830865169e-09
            ],
            [
                6.691548192733712e-10,
                4.7850948544921875e-06,
                0.9999950973380157,
                1.1253453736349499e-07,
                4.3634375399788405e-09
            ],
            [
                1.339976360430217e-08,
                7.31603001387015e-07,
                0.0005514122640629537,
                0.9969765844160707,
                0.002471258317101306
            ],
            [
                2.898728148339518e-11,
                8.471325401172776e-10,
                3.178841404739043e-08,
                0.9859363405347071,
                0.014063626800759043
            ]
        ],
        [
            [
                0.9999999997998594,
                1.917171510658726e-10,
                0.0,
                0.0,
                8.423463740850017e-12
            ],
            [
                0.9999999995763025,
                4.058652120804467e-10,
                0.0,
                0.0,
                1.7832472883228762e-11
            ],
            [
                4.5990383830056175e-10,
                1.7603414856502159e-06,
                0.9999968268440588,
                1.3709553274974683e-06,
                4.139922419791562e-08
            ],
            [
                6.306089728788308e-09,
                1.2666107729503816e-07,
                3.511960626175649e-05,
                0.9932721319095018,
                0.006692615517069448
            ],
            [
                6.612617849536507e-10,
