{
    "[['A', 'B', 'C', 'D', 'E'], ['A', 'B', 'C', 'D', 'E']]": [
        [
            [
                0.9999982388405873,
                7.58254672772438e-10,
                3.098813539768316e-12,
                5.492778426572125e-11,
                1.7603431315584253e-06
            ],
            [
                2.9010502813684034e-06,
                0.999562172578635,
                0.0004305540369733035,
                3.725022296366154e-06,
                6.473118138803794e-07
            ],
            [
                1.3615261056024584e-13,
                1.6052280522532287e-09,
                0.9999999983649468,
                2.940077733913626e-11,
                2.8823507881789945e-13
            ],
            [
                0.9999034981509174,
                3.927485237028909e-07,
                1.1031487212400413e-09,
                5.602251466786289e-09,
                9.610239515878033e-05
            ],
            [
                0.9999038088873506,
                8.763413095077742e-08,
                2.1722329284450424e-10,
                8.591347892054587e-10,
                9.61024021602478e-05
            ]
        ],
        [
            [
                0.9999251326452813,
                1.1860238626459921e-08,
                6.223682041103019e-11,
                9.23676312970071e-09,
                7.484619548017039e-05
            ],
            [
                1.164702498628947e-06,
                0.03732675704888869,
                0.9626697446725355,
                2.1759507346747386e-06,
                1.5762534253833902e-07
            ],
            [
                8.151414595693537e-09,
                7.484619441965912e-05,
                0.9999251016114898,
                4.139629906271763e-08,
                2.6463768609527716e-09
            ],
            [
                0.9999998545133647,
                9.736200775824463e-10,
                6.560200479996004e-12,
                8.42346415488199e-12,
                1.4449803147970658e-07
            ],
            [
                0.9999999705160076,
                4.363462121371566e-09,
                3.978962415858982e-12,
                6.5601999703430736e-12,
                2.5109990800294455e-08
            ]
        ],
        [
            [
                0.999999989450799,
                7.991959803297254e-11,
                0.0,
                1.8795287954538532e-12,
                1.0467401677317582e-08
            ],
            [
                7.169586324684098e-07,
                0.022977329863577527,
                0.9770208243805558,
                1.0431686548779427e-06,
                8.562857926188813e-08
            ],
            [
                3.978962532012646e-12,
                7.582560420623521e-10,
                0.999999999141415,
                9.056076980968132e-11,
                5.789356323165901e-12
            ],
            [
                0.9999999404753823,
                6.3487997338854275e-09,
                9.545034348288933e-12,
                8.423463247428556e-12,
                5.315784934447234e-08
            ],
            [
                0.9999998853868157,
                2.0611537843206484e-09,
                8.423464416043751e-12,
                8.423464416043751e-12,
                1.1253518355772177e-07
            ]
        ],
        [
            [
                0.9999998546769623,
                7.582560785705226e-10,
                4.50875545504651e-12,
                6.224144916602425e-11,
                1.4449803142925828e-07
            ],
            [
                1.3828263144146271e-05,
                0.7306683771604303,
                0.2687978906676546,
                0.00040412127902611907,
                0.00011578262974478514
            ],
            [
                1.0484966350638184e-06,
                0.01798615997345978,
                0.982010902059034,
                1.7286787044872274e-06,
                1.6079216670723095e-07
            ],
            [
                0.9971933776937487,
                0.00033452114519798195,
                6.80644069016986e-08,
                2.3756834984588646e-07,
                0.0024717955282965234
            ],
            [
                0.9999999583170633,
                2.7894679751419954e-10,
                1.8795287372153023e-12,
                2.7346981761764546e-12,
                4.139937544062912e-08
            ]
        ],
        [
            [
                0.9999999466403497,
                1.9171714103265627e-10,
                5.384939927235538e-13,
                9.54503440788427e-12,
                5.3157849676368474e-08
            ],
            [
                2.8904953102768818e-06,
                0.9959254142844924,
                0.004070120460113813,
                1.3653733054295604e-06,
                2.093867779851006e-07
            ],
            [
                2.335508646676339e-09,
                3.535625699405463e-05,
                0.999964629230729,
                1.1860691572779808e-08,
                3.1607672419950036e-10
            ],
            [
                0.9999545481530063,
                5.315542121276275e-08,
                1.691820538663639e-10,
                6.69128003182751e-10,
                4.53978532625285e-05
            ],
            [
                0.9999920949830694,
                1.5229864102189586e-08,
                1.1628144736065057e-10,
                4.058621308787165e-10,
                7.88926492289021e-06
            ]
        ],
        [
            [
                0.9999998547277776,
                6.691586410815262e-10,
                2.4133628870710137e-12,
                1.0261880121705485e-10,
                1.4449803151068885e-07
            ],
            [
                1.6400980717784156e-05,
                0.9819947920457512,
                0.017985859386638995,
                2.8500630957840646e-06,
                9.75237962072523e-08
            ],
            [
                3.331544784190225e-11,
                2.382369840571751e-07,
                0.9999997600759987,
                1.6052281717992152e-09,
                4.847369058412826e-11
            ],
            [
                0.9999998232078069,
                3.224186789044217e-08,
                2.9400777865085446e-11,
                2.289734882423697e-11,
                1.4449802693187845e-07
            ],
            [
                0.9999646239904408,
                1.95549743787785e-08,
                4.847193530605208e-11,
                1.493040718293664e-10,
                3.53562568087711e-05
            ]
        ],
        [
            [
                0.9999986278939803,
                9.736183022966886e-10,
                6.560188518214659e-12,
                1.691894918056231e-10,
                1.3709566517647918e-06
            ],
            [
                1.2074477276663323e-06,
                0.777243620623431,
                0.22268401255283524,
                5.8178089564419735e-05,
                1.2981286441638671e-05
            ],
            [
                1.7482341274286158e-13,
                2.7894680915247324e-10,
                0.9999999996873086,
                3.331544540561003e-11,
                2.5436656461511783e-13
            ],
            [
                0.9984986555509336,
                1.4428114695652915e-07,
                9.72157794037993e-10,
                1.723190921230798e-08,
                0.0015011819638524363
            ],
            [
                0.999840190724959,
                1.3707395795899753e-06,
                5.210578078999641e-10,
                2.0608236073211695e-09,
                0.0001584359535800053
            ]
        ],
        [
            [
                0.9999970964286834,
                9.736163471788156e-10,
                6.560175344734055e-12,
                2.7894575376822686e-10,
                2.9023121942963604e-06
            ],
            [
                4.644042532325363e-06,
                0.9705182460065291,
                0.029307111082418427,
                0.00015378956737334434,
                1.6209301146855086e-05
            ],
            [
                1.463778435992825e-12,
                5.3157849706802e-08,
                0.9999999467915215,
                4.847368447529016e-11,
                6.914399737865647e-13
            ],
            [
                0.9999999580730907,
                5.211412266674239e-10,
                2.4133626693906686e-12,
                3.978962366938037e-12,
                4.139937543052881e-08
            ],
            [
                0.9999920570879941,
                5.315744688988865e-08,
                1.3176413718433782e-10,
                3.581720597507703e-10,
                7.88926462275581e-06
            ]
        ],
        [
            [
                0.9999999801110304,
                3.1608813890502595e-10,
                1.4637784839029435e-12,
                1.5737101781935402e-11,
                1.9555680684079935e-08
            ],
            [
                6.13491530014034e-06,
                0.9984865547599686,
                0.0015011635632579312,
                4.77787683982604e-06,
                1.3688846334173666e-06
            ],
            [
                6.825095972032089e-08,
                7.484619414494194e-05,
                0.9999249958579279,
                8.763596699422328e-08,
                2.061000399615746e-09
            ],
            [
                0.9999037795417587,
                1.1252444820772578e-07,
                5.904741123277739e-10,
                4.943979211913394e-09,
                9.610239933979461e-05
            ],
            [
                0.9914221127146391,
                3.894172273557483e-07,
                1.5914576846702967e-09,
                1.509933010689454e-08,
                0.008577481177345714
            ]
        ],
        [
            [
                0.9999999893343082,
                1.9171714916630858e-10,
                7.83504169476625e-13,
                5.78935626200885e-12,
                1.0467401674108811e-08
            ],
            [
                4.7249197869732585e-06,
                0.9874196486864724,
                0.010969243438687068,
                0.0014845256676660698,
                0.00012185728738751177
            ],
            [
                1.9554228532288627e-08,
                7.484619866959352e-05,
                0.9999249368616848,
                1.855251778674576e-07,
                1.1860239131860618e-08
            ],
            [
                0.9999991487138391,
                1.9555682203051785e-08,
                3.331544732154312e-11,
                1.691898019098947e-10,
                8.315279735158834e-07
            ],
            [
                0.999996257937015,
                1.5229922060270414e-08,
                6.224121048594695e-11,
                1.3176464363274268e-10,
                3.726639057161044e-06
            ]
        ],
        [
            [
                0.999569435606461,
                3.3968033120632293e-09,
                3.330108789600494e-11,
                3.849082418436721e-09,
                0.00043055711435209315
            ],
            [
                1.7511456217282764e-06,
                0.9947730548675056,
                0.005220089058532249,
                4.760107322529591e-06,
                3.448210179010048e-07
            ],
            [
                1.8545918435217364e-07,
                0.0004305569338587502,
                0.9995689999253962,
                2.3813430646636843e-07,
                1.954725421859495e-08
            ],
            [
                0.9999994420989622,
                5.043471778344804e-07,
                3.1608814308100105e-10,
                7.991959833527318e-11,
                5.315785214897306e-08
            ],
            [
                0.9999991488419244,
                1.955568220419963e-08,
                2.5946096463914854e-11,
                4.84736898298554e-11,
                8.315279735646911e-07
            ]
        ],
        [
            [
                0.9999999960770707,
                7.052879818096321e-11,
                0.0,
                1.6586783511496502e-12,
                3.85074190474158e-09
            ],
            [
                2.2559535042993516e-06,
                0.7772928281848326,
                0.22269813720274598,
                6.132317416585431e-06,
                6.463415004753197e-07
            ],
            [
                2.0611183465061983e-09,
                1.670141494640513e-05,
                0.9999832890138427,
                7.194009905223304e-09,
                3.160827356919318e-10
            ],
            [
                0.9999999970705333,
                5.90530397856715e-10,
                1.4637785090749831e-12,
                1.879528810053566e-12,
                2.335593030740121e-09
            ],
            [
                0.9999999844511769,
                3.160881403050575e-10,
                1.2917799838359318e-12,
                1.4637784903863758e-12,
                1.5229979497713097e-08
            ]
        ],
        [
            [
                0.9999999120595894,
                2.7894683845607694e-10,
                1.1399919722521454e-12,
                1.7832474772869967e-11,
                8.76424913591217e-08
            ],
            [
                1.8724373870952174e-06,
                0.731052761479824,
                0.268939273188772,
                5.767513188274742e-06,
                3.253808286195836e-07
            ],
            [
                4.3634373651786695e-09,
                4.785094662800342e-06,
                0.999995176481265,
                3.2241683475475334e-08,
                1.8189513127890494e-09
            ],
            [
                0.9999999582342418,
                3.5817477792350567e-10,
                3.0988190080395923e-12,
                5.1090888126047475e-12,
                4.139937544197273e-08
            ],
            [
                0.9975273699904376,
                6.333101369597741e-09,
                6.208754113442702e-11,
                6.675039734272829e-10,
                0.0024726229468695006
            ]
        ],
        [
            [
                0.9999999845419396,
                2.1724398998500436e-10,
                1.2917799838380827e-12,
                9.54503476805532e-12,
                1.5229979497738458e-08
            ],
            [
                9.61023060708063e-05,
                0.9999028092629934,
                1.0676001854576897e-06,
                1.5228498766659472e-08,
                5.602251616158685e-09
            ],
            [
                2.8823507722033813e-13,
                7.1941329773094126e-09,
                0.9999999927624308,
                4.27778783744455e-11,
                3.70101165131868e-13
            ],
            [
                0.9999982291116287,
                1.0467382779325441e-08,
                2.940072398244562e-11,
                4.8473599003841483e-11,
                1.7603431142543644e-06
            ],
            [
                0.9999646431130617,
                5.905090704220692e-10,
                9.544690164029977e-12,
                2.9399715460947347e-11,
                3.5356257484899306e-05
            ]
        ],
        [
            [
                0.9999998140678862,
                3.581748382034528e-10,
                1.4637786987463592e-12,
                3.33154496236062e-11,
                1.8553915966289696e-07
            ],
            [
                3.7071573656026822e-06,
                0.9947681440000993,
                0.005220063799688885,
                7.848052204566679e-06,
                2.3699064153967196e-07
            ],
            [
                4.193795593647576e-13,
                1.522997950963523e-08,
                0.9999999847141348,
                5.492788266172536e-11,
                5.384940134636543e-13
            ],
            [
                0.999997698055684,
                4.13992997389929e-08,
                7.052866656771265e-11,
                1.4930918829551748e-10,
                2.2603251784166435e-06
            ],
            [
                0.9999999986184394,
                4.0586521173811577e-10,
                1.2917800018914048e-12,
                7.835041767507805e-13,
                9.736200291192908e-10
            ]
        ],
        [
            [
                0.9999999315146061,
                2.1724402054567684e-10,
                1.291780165558484e-12,
                1.0815942903417253e-11,
                6.825604225836513e-08
            ],
            [
                4.501059902277659e-05,
                0.9914244906215771,
                0.004051725002148419,
                0.004051725103887297,
                0.00042704867336436147
            ],
            [
                7.582517455846001e-10,
                4.785094837218352e-06,
                0.999995212479451,
                1.6052189579991881e-09,
                6.224109349288076e-11
            ],
            [
                0.9975267100207574,
                0.002472621617337183,
                1.519231939027189e-08,
                7.176343538523207e-09,
                6.459932424974371e-07
            ],
            [
                0.9999996922590026,
                1.8189619122324564e-09,
                5.7893570438359646e-12,
                1.3887945580412489e-11,
                3.059023582870928e-07
            ]
        ],
        [
            [
                0.9999998140748398,
                3.5817483816978185e-10,
                1.879529053419745e-12,
                2.5946098252801334e-11,
                1.8553915964545499e-07
            ],
            [
                1.3709109090395517e-06,
                0.9999645483737212,
                2.7535481681914688e-05,
                4.784949236673811e-06,
                1.7602844512212811e-06
            ],
            [
                9.357622962550718e-14,
                4.599055375561194e-10,
                0.9999999995195958,
                2.0206839076640725e-11,
                1.9810087967175016e-13
            ],
            [
                0.999999794829658,
                1.9555683179854868e-08,
                3.7751349481309466e-11,
                3.7751349481309466e-11,
                1.8553915610998266e-07
            ],
            [
                0.9999970970832212,
                5.905281658750739e-10,
                4.508738185346753e-12,
                9.544998813281278e-12,
                2.902312196821092e-06
            ]
        ],
        [
            [
                0.9999993492893634,
                2.6465736893192117e-09,
                9.545035104647817e-12,
                4.599055466251926e-10,
                6.475946123245207e-07
            ],
            [
                2.2081731069865274e-06,
                0.9769251803403788,
                0.02297507691479076,
                9.389390975250754e-05,
                3.6406619708766774e-06
            ],
            [
                1.3394563887805845e-06,
                0.022977336167521345,
                0.9770210825882849,
                2.3276261875829473e-07,
                9.025186155189996e-09
            ],
            [
                0.9999994951823505,
                4.5990555896787426e-10,
                3.978962718410872e-12,
                6.560200469166809e-12,
                5.043472047265406e-07
            ],
            [
                0.9999416990802812,
                9.236904058720008e-09,
                9.05554209906735e-11,
                3.160694759147894e-10,
                5.829127618979006e-05
            ]
        ],
        [
            [
                0.9999997552807969,
                5.602796812890108e-09,
                2.0206840443955886e-11,
                8.592167194796332e-10,
                2.382369827105907e-07
            ],
            [
                7.887993137717171e-06,
                0.9998309132190428,
                0.0001584345774174692,
                2.259947871556232e-06,
                5.042625305074451e-07
            ],
            [
                1.1236616484041775e-07,
                0.0015011820031604092,
                0.9984985532098855,
                1.4428101163082083e-07,
                8.13977767991051e-09
            ],
            [
                0.9999997612938094,
                4.5990557173736816e-10,
                3.511422371993465e-12,
                5.789356755117924e-12,
                2.382369842963829e-07
            ],
            [
                0.9999723183078005,
                1.4449403511452022e-07,
                4.0585361992087185e-10,
                1.1032245200452297e-09,
                2.7535689086304368e-05
            ]
        ],
        [
            [
                0.9999999111458444,
                1.1032561465397569e-09,
                5.789356927977327e-12,
                1.0261880693892038e-10,
                8.76424912661644e-08
            ],
            [
                5.76730371303841e-06,
                0.7310263845218636,
                0.2689295700053799,
                3.318854138038861e-05,
                5.089627663021032e-06
            ],
            [
                7.83504158643608e-13,
                2.5109990920869482e-08,
                0.9999999748179134,
                7.052879672312653e-11,
                7.83504158643608e-13
            ],
            [
                0.9999948211938362,
                3.9278448964852133e-07,
                4.058628985900274e-10,
                5.211382774801544e-10,
                4.785094673001107e-06
            ],
            [
                0.9999999113723661,
                9.73620133167746e-10,
                3.0988194629414867e-12,
                8.423464635789061e-12,
                8.764249136419252e-08
            ]
        ],
        [
            [
                0.9706877288416365,
                8.96667597855724e-09,
                1.4493281865324689e-10,
                3.5463891444762833e-08,
                0.029312226582863345
            ],
            [
                3.963651150878359e-06,
                0.730997367714368,
                0.2689189029319425,
                7.025739771883844e-05,
                9.508304819746348e-06
            ],
            [
                8.756261654008374e-08,
                0.0009110510103502071,
                0.9990887455992369,
                1.1243262518914995e-07,
                3.395171092014586e-09
            ],
            [
                0.9999999791449128,
                5.602796316941301e-09,
                1.3887943566036506e-11,
                8.423463573159943e-12,
                1.5229979416898802e-08
            ],
            [
                0.9999038686131565,
                2.8450635142922692e-08,
                7.991197882000478e-11,
                4.598616871625128e-10,
                9.610239643459173e-05
            ]
        ],
        [
            [
                0.999999967465639,
                2.789467999718605e-10,
                1.2917799616488402e-12,
                1.2256067034825542e-11,
                3.224186629589603e-08
            ],
            [
                5.033669345196582e-07,
                0.9980552972215294,
                0.0019267002762264943,
                1.666922353767996e-05,
                8.299117719096791e-07
            ],
            [
                3.978962729603521e-12,
                1.444980316476444e-07,
                0.9999998553022933,
                1.9171716071201347e-10,
                3.978962729603521e-12
            ],
            [
                0.9999784863858505,
                6.825461098122979e-08,
                1.0261665725061827e-10,
                3.1608155664300104e-10,
                2.1444940840236736e-05
            ],
            [
                0.9999996037829213,
                3.3982679393917017e-09,
                9.545035259605588e-12,
                2.2897349264312673e-11,
                3.927863684062702e-07
            ]
        ],
        [
            [
                0.9999417048068129,
                2.6464173343706825e-09,
                2.0205645690344386e-11,
                1.2500790333507446e-09,
                5.829127648516615e-05
            ],
            [
                3.597584476435486e-06,
                0.8519323049820471,
                0.14804364534669748,
                1.8270041492993506e-05,
                2.1820452858643445e-06
            ],
            [
                1.8537005211718457e-07,
                0.0009110505394635419,
                0.9990883432346629,
                3.9242840341157204e-07,
                2.84274181964735e-08
            ],
            [
                0.999996264035264,
                9.237414726740337e-09,
                3.3315319425550524e-11,
                5.4927675777074315e-11,
                3.7266390782008774e-06
            ],
            [
                0.9999999573429813,
                1.25015281266379e-09,
                3.511421962479794e-12,
                3.978962364848858e-12,
                4.1399375408791814e-08
            ]
        ],
        [
            [
                0.999997095855798,
                1.605221979731567e-09,
                9.54499879687034e-12,
                2.1724317128460777e-10,
                2.9023121918310795e-06
            ],
            [
                9.947412375458237e-06,
                0.9819663296805478,
                0.017985343577841276,
                3.4719880729649425e-05,
                3.6594485057854657e-06
            ],
            [
                1.0643155270294876e-06,
                0.003172678400821862,
                0.9968260811046944,
                1.4403944330366041e-07,
                3.213951340139334e-08
            ],
            [
                0.9999379642984663,
                3.72642224929472e-06,
                2.9987721338169436e-09,
                1.52290214925411e-08,
                5.82910514907658e-05
            ],
            [
                0.9999999315478499,
                1.917171752713349e-10,
                1.2917801657926337e-12,
                3.0988195249566704e-12,
                6.82560422707373e-08
            ]
        ],
        [
            [
                0.9999989311682091,
                9.736182492316696e-10,
                5.789345732159327e-12,
                1.4930919433054e-10,
                1.0677030739990256e-06
            ],
            [
                1.4391197180278886e-06,
                0.8175210669695661,
                0.18241361235358214,
                6.119292753817109e-05,
                2.6886295954666028e-06
            ],
            [
                4.847369320120647e-11,
                1.8553915975749391e-07,
                0.9999998139886688,
                4.0586526404463334e-10,
                1.783247516637578e-11
            ],
            [
                0.9999992838857839,
                6.825603874098639e-08,
                1.3176515231005593e-10,
                1.3176515231005593e-10,
                6.475946472160554e-07
            ],
            [
                0.9999998549029504,
                5.905304280965616e-10,
                3.978962725861884e-12,
                4.508755457620956e-12,
                1.4449803151176495e-07
            ]
        ],
        [
            [
                0.999997736423434,
                1.8189583538496359e-09,
                1.57370732646771e-11,
                1.41660619035237e-09,
                2.260325264360622e-06
            ],
            [
                7.169558480968966e-07,
                0.977016661342565,
                0.022977229606336087,
                4.675139402702735e-06,
                7.169558480968966e-07
            ],
            [
                7.835041627318776e-13,
                1.9555680694129187e-08,
                0.9999999802248281,
                2.1724398913405303e-10,
                1.4637784846551483e-12
            ],
            [
                0.9999617349366591,
                2.9022099046541393e-06,
                2.3355041125857918e-09,
                4.363296116904736e-09,
                3.535615463614285e-05
            ],
            [
                0.9999999433308121,
                4.139937480621155e-08,
                2.594609349012722e-11,
                1.3887943066012769e-11,
                1.5229978868556194e-08
            ]
        ],
        [
            [
                0.9999251503386664,
                2.3354194973151025e-09,
                2.5944167111017058e-11,
                1.1031740571508884e-09,
                7.484619679598944e-05
            ],
            [
                1.511656956779337e-05,
                0.3772982382657509,
                0.6220596131545826,
                0.0005672448176708241,
                5.978719242798913e-05
            ],
            [
                7.582561225527503e-10,
                1.8553915577860797e-07,
                0.9999997930436488,
                1.9555683144928232e-08,
                1.1032561483959384e-09
            ],
            [
                0.9999991565422186,
                1.1861120919778004e-08,
                2.020684039934184e-11,
                4.847369020311739e-11,
                8.315279799677065e-07
            ],
            [
                0.9933067347432578,
                3.9015731292158475e-07,
                2.319960185848842e-09,
                2.4941922549233045e-08,
                0.0066928478375465955
            ]
        ],
        [
            [
                0.9999998865388494,
                8.592167302775177e-10,
                4.508755601015744e-12,
                6.224145118106736e-11,
                1.1253518367266622e-07
            ],
            [
                1.6694152604362364e-05,
                0.9995478625379838,
                0.00043054787029599926,
                4.782954800665853e-06,
                1.1248431544283824e-07
            ],
            [
                9.357622958180294e-14,
                8.59216660938621e-10,
                0.9999999991070043,
                3.331544538371232e-11,
                3.7010116743766077e-13
            ],
            [
                0.9999962694495628,
                3.850727381921213e-09,
                1.7832405570668376e-11,
                4.277771715547762e-11,
                3.7266390998057266e-06
            ],
            [
                0.9999958802271525,
                3.9278485881875575e-07,
                1.3176464093965692e-10,
                2.1724316624337726e-10,
                3.7266389809937327e-06
            ]
        ],
        [
            [
                0.9999251493774672,
                2.3354194947673762e-09,
                2.939859279588507e-11,
                2.0610004703678907e-09,
                7.484619671433918e-05
            ],
            [
                2.6817742526812373e-06,
                0.9240104491132887,
                0.07584739320387249,
                0.00011403194290391598,
                2.544396568218738e-05
            ],
            [
                3.3315445095434705e-11,
                9.237449571516219e-09,
                0.9999999903571722,
                3.581747895210214e-10,
                1.3887943728971368e-11
            ],
            [
                0.9999998830631519,
                4.363462584207027e-09,
                1.2256068374549989e-11,
                2.5946096952528402e-11,
                1.1253518326265288e-07
            ],
            [
                0.9999999780918793,
                2.335592986413709e-09,
                8.423463565536573e-12,
                8.423463565536573e-12,
                1.9555680649231e-08
            ]
        ],
        [
            [
                0.9999998872790016,
                1.6918980578282752e-10,
                8.878266187993124e-13,
                1.5737103364541062e-11,
                1.1253518371284831e-07
            ],
            [
                5.658255059178981e-05,
                0.9706297838081808,
                0.029310480109768305,
                2.81707931474156e-06,
                3.3645214440236095e-07
            ],
            [
                1.0467122733867269e-08,
                2.7535688968058887e-05,
                0.9999724333151554,
                1.955515973349444e-08,
                9.735940745959876e-10
            ],
            [
                0.9999713951344726,
                1.0676735451743137e-06,
                6.691395159878577e-10,
                8.591921458385425e-10,
                2.7535663650640125e-05
            ],
            [
                0.9999999956245185,
                9.736200265335064e-10,
                1.4637785069583376e-12,
                2.1297851605270304e-12,
                3.398267802855035e-09
            ]
        ],
        [
            [
                0.9999999940267728,
                3.581747905401325e-10,
                0.0,
                1.2256067358958454e-11,
                5.602796398615497e-09
            ],
            [
                5.914825324222736e-06,
                0.9626658577101779,
                0.0373266092041705,
                1.4955020442321551e-06,
                1.2275828324283427e-07
            ],
            [
                1.8795288111609435e-12,
                2.6465736313361326e-09,
                0.9999999972703353,
                7.9919598700855e-11,
                1.2917800010896584e-12
            ],
            [
                0.9999999262454544,
                4.1399374103068086e-08,
                7.052879325582322e-11,
                4.277787550219039e-11,
                3.224186497013546e-08
            ],
            [
                0.9999417012289017,
                7.193708128978402e-09,
                5.4924639347728905e-11,
                2.461551558569766e-10,
                5.829127631045985e-05
            ]
        ],
        [
            [
                0.9999991676186856,
                7.582561000238693e-10,
                4.5087555826127715e-12,
                9.056077673219735e-11,
                8.315279888595564e-07
            ],
            [
                0.0011225747353843575,
                0.9587448808950136,
                0.028951585065757613,
                0.010650692545896857,
                0.0005302667579476657
            ],
            [
                7.848073636960306e-06,
                0.005220080577056125,
                0.9947710823199027,
                6.442091136901431e-07,
                3.4482029045873857e-07
            ],
            [
                0.9999998358806143,
                1.9555681653062873e-08,
                2.2897349118251186e-11,
                4.277787992608704e-11,
                1.4449802878731045e-07
            ],
            [
                0.9999999301062872,
                1.6052282529461774e-09,
                9.545036098767936e-12,
                2.2897351277358495e-11,
                6.825604217234194e-08
            ]
        ],
        [
            [
                0.9998415609437665,
                1.818673809925809e-09,
                1.782965065519643e-11,
                9.734659415109631e-10,
                0.00015843624626412107
            ],
            [
                4.784100295923315e-06,
                0.9997875184075327,
                0.00020342512097947985,
                2.9017035086177726e-06,
                1.3706676834422844e-06
            ],
            [
                2.129785057180119e-12,
                5.315784970448828e-08,
                0.9999999467479961,
                9.056076505886424e-11,
                1.4637784359291133e-12
            ],
            [
                0.9998412553130926,
                3.058536311283403e-07,
                6.690527396153387e-10,
                2.0608275213779348e-09,
                0.00015843610339586072
            ],
            [
                0.9984958943996588,
                2.8979559425155776e-06,
                4.937015111033245e-09,
                2.507223152671696e-08,
                0.0015011776351519593
            ]
        ],
        [
            [
                0.9999724582792714,
                2.998880947100711e-09,
                3.331455805994261e-11,
                2.998880947100711e-09,
                2.753568965233179e-05
            ],
            [
                1.0396008274833857e-05,
                0.37753624525709945,
                0.6224520377339967,
                1.2416261263887867e-06,
                7.937450267840429e-08
            ],
            [
                6.348571077847003e-09,
                3.5356259017766286e-05,
                0.9999645675336696,
                6.825357137067611e-08,
                1.60517014526054e-09
            ],
            [
                0.9998415028663074,
                6.022620886839443e-08,
                1.91686821032906e-10,
                4.598327791549308e-10,
                0.00015843625596415655
            ],
            [
                0.9933060652977443,
                1.0605565586279265e-06,
                4.334256386143376e-09,
                2.4941923398195603e-08,
                0.006692844869517204
            ]
        ],
        [
            [
                0.9999998553629516,
                1.3176514902594127e-10,
                6.914400438845039e-13,
                6.56020048305632e-12,
                1.4449803154711455e-07
            ],
            [
                1.5942445324918158e-06,
                0.37752812423425014,
                0.6224386478450239,
                2.825866049173877e-05,
                3.37501570176984e-06
            ],
            [
                7.28772408794607e-14,
                5.211412482258155e-10,
                0.9999999994407462,
                3.775134540200461e-11,
                2.88235079033031e-13
            ],
            [
                0.9997379717616309,
                8.313107595636446e-07,
                1.2498263693986785e-09,
                5.601333179554363e-09,
                0.0002611900764499035
            ],
            [
                0.9947714072657567,
                7.848074335169149e-06,
                1.9453449893186598e-08,
                6.442091710026151e-07,
                0.005220080997287203
            ]
        ],
        [
            [
                0.9999999993600763,
                1.1628233015912964e-10,
                3.7010116740387475e-13,
                2.1297851683351824e-12,
                5.211412481476136e-10
            ],
            [
                2.817219087085477e-06,
                0.9706785512040947,
                0.029311955219428813,
                5.964052854161498e-06,
                7.123045352721088e-07
            ],
            [
                6.824952885686652e-08,
                9.61024008206049e-05,
                0.9999037950498986,
                3.223879467231644e-08,
