{
    "[['A', 'B', 'C', 'D', 'E'], ['A', 'B', 'C', 'D', 'E']]": [
        [
            [
                0.9999999976627483,
                2.3355930307637113e-09,
                0.0,
                0.0,
                1.6586783532075356e-12
            ],
            [
                0.9999986290353411,
                1.3709566535309394e-06,
                3.978955474917906e-12,
                1.2917777124411123e-12,
                2.734693438697718e-12
            ],
            [
                9.05595653742022e-11,
                1.3007124647775264e-05,
                0.999986983476938,
                9.237326797332655e-09,
                7.052786042803475e-11
            ],
            [
                2.129582164928177e-12,
                4.846906666681085e-11,
                1.7830773159487755e-11,
                9.610239927820555e-05,
                0.9999038975322924
            ],
            [
                3.0983287147679126e-12,
                3.331017286726883e-11,
                2.2893724686347807e-11,
                0.00015843624807066804,
                0.9998415636926271
            ]
        ],
        [
            [
                0.9999999928039435,
                7.194132969562229e-09,
                7.835041718887986e-13,
                0.0,
                1.1399918434157454e-12
            ],
            [
                0.9999999123523605,
                8.764249137190648e-08,
                2.4133630245481553e-12,
                0.0,
                2.7346985779554194e-12
            ],
            [
                2.2897351304505568e-11,
                3.059023585509963e-07,
                0.9999996926423981,
                1.4166089628458126e-09,
                1.5737104064297157e-11
            ],
            [
                6.554221852238532e-12,
                1.4917340177664942e-10,
                1.3164506501590047e-10,
                0.0009110514035887364,
                0.9990889483090386
            ],
            [
                3.5112147487685763e-12,
                4.847082448258874e-11,
                2.5944562754043697e-11,
                5.829127677062719e-05,
                0.9999417086453027
            ]
        ],
        [
            [
                0.9999999918454331,
                8.152020637802697e-09,
                8.878265394962059e-13,
                0.0,
                1.658678343314826e-12
            ],
            [
                0.999999967755399,
                3.224186625763731e-08,
                0.0,
                0.0,
                2.7346981970254773e-12
            ],
            [
                2.940078100536423e-11,
                3.0590235808852234e-07,
                0.9999996910433337,
                2.9989611933443143e-09,
                2.5946098170801938e-11
            ],
            [
                1.1398114364254471e-12,
                2.020364112913346e-11,
                9.543524312985355e-12,
                0.00015843624742688613,
                0.9998415637216862
            ],
            [
                2.7346984189602313e-12,
                1.573710283981719e-11,
                3.978962721157106e-12,
                5.043472050746352e-07,
                0.9999994956303441
            ]
        ],
        [
            [
                0.9999999976631151,
                2.3355930290929707e-09,
                0.0,
                0.0,
                1.2917799994175566e-12
            ],
            [
                0.9999989322905247,
                1.0677030751973267e-06,
                3.098813470263771e-12,
                8.878249238055425e-13,
                2.4133583572336427e-12
            ],
            [
                1.7832405592236924e-11,
                3.7266391043131494e-06,
                0.9999962703147129,
                2.9989495040620136e-09,
                2.9400666407672934e-11
            ],
            [
                3.5099088702194463e-12,
                4.845279738527929e-11,
                2.0198130977101074e-11,
                0.00043055711955691377,
                0.9995694428082822
            ],
            [
                1.463739536104674e-12,
                1.7831998058638095e-11,
                8.423239451443345e-12,
                2.7535689839168038e-05,
                0.9999724642824418
            ]
        ],
        [
            [
                0.9999999950538909,
                4.944450468489087e-09,
                0.0,
                0.0,
                1.6586783476931548e-12
            ],
            [
                0.9999996940921291,
                3.059023586464589e-07,
                2.413363072768615e-12,
                0.0,
                3.0988195251305294e-12
            ],
            [
                5.7893562340829635e-12,
                1.5229979495724264e-08,
                0.9999999837677138,
                9.736200153836629e-10,
                2.2897348082116663e-11
            ],
            [
                2.7344951068721217e-12,
                3.774854056425368e-11,
                1.2255156833361707e-11,
                7.484619710986776e-05,
                0.9999251537501519
            ],
            [
                6.5573730570169425e-12,
                1.3170835865582979e-10,
                7.049840420201097e-11,
                0.000430557119142502,
                0.9995694426720934
            ]
        ],
        [
            [
                0.9999999969991595,
                2.9989608121087446e-09,
                0.0,
                0.0,
                1.879528808549219e-12
            ],
            [
                0.9999999956353978,
                4.3634622259619544e-09,
                0.0,
                0.0,
                1.139991845995143e-12
            ],
            [
                2.940072288050862e-11,
                1.0677030486323846e-06,
                0.9999989063993511,
                2.5109945000701506e-08,
                7.582546368995129e-10
            ],
            [
                1.2121416202307832e-11,
                1.896108515677356e-10,
                3.542397069267032e-10,
                0.010986942373593695,
                0.9890130570704343
            ],
            [
                1.8792313598605077e-12,
                2.5941988719978128e-11,
                1.573461153258603e-11,
                0.00015843624723935713,
                0.9998415637092047
            ]
        ],
        [
            [
                0.999999992801888,
                7.194132961738641e-09,
                0.0,
                0.0,
                3.978962497902985e-12
            ],
            [
                0.999999980443369,
                1.9555680693859033e-08,
                4.752192967027952e-13,
                0.0,
                4.752192967027952e-13
            ],
            [
                5.789357025317247e-12,
                3.05902357308587e-07,
                0.9999996884513048,
                5.602797111676614e-09,
                3.7751349985106163e-11
            ],
            [
                3.975336504749615e-12,
                7.98467681482442e-11,
                5.487782769439672e-11,
                0.0009110514034906877,
                0.9990889484578093
            ],
            [
                5.0992467142173455e-12,
                5.4822068663607206e-11,
                4.838030578891337e-11,
                0.0019267343406260003,
                0.9980732655510723
            ]
        ],
        [
            [
                0.9999999907614104,
                9.237449565081364e-09,
                0.0,
                0.0,
                1.1399918410872744e-12
            ],
            [
                0.9999986290406235,
                1.3709566540111611e-06,
                1.463775917071585e-12,
                4.752184631370211e-13,
                7.835027884034315e-13
            ],
            [
                1.783247511110061e-11,
                3.059023582918066e-07,
                0.9999996917334,
                2.335593327329401e-09,
                1.0815942893444972e-11
            ],
            [
                1.1399680330509369e-12,
                2.2896870019098213e-11,
                6.5600630935559104e-12,
                2.1444939765849388e-05,
                0.9999785550296372
            ],
            [
                2.4123227359331946e-12,
                2.938810716177382e-11,
                2.0198130976247333e-11,
                0.00043055712029307404,
                0.9995694428277083
            ]
        ],
        [
            [
                0.9999997617596128,
                2.382369843575027e-07,
                1.4637786223090276e-12,
                4.752193413990317e-13,
                1.4637786223090276e-12
            ],
            [
                0.9999999585992307,
                4.1399375442494276e-08,
                7.835041454746664e-13,
                0.0,
                6.101936420353621e-13
            ],
            [
                6.224133425322035e-11,
                1.3709566199516895e-06,
                0.9999986037549102,
                2.5109946383154732e-08,
                1.1628212110376663e-10
            ],
            [
                9.540921500772854e-12,
                9.052174283476618e-11,
                7.049840420470423e-11,
                0.0004305571191589506,
                0.99956944271028
            ],
            [
                2.1297284577930975e-12,
                2.289673873249565e-11,
                1.2255741082381716e-11,
                2.753568983300815e-05,
                0.9999724642728848
            ]
        ],
        [
            [
                0.9999999950544096,
                4.944450472671401e-09,
                0.0,
                0.0,
                1.1399918462965037e-12
            ],
            [
                0.9999999895267976,
                1.0467401657414692e-08,
                1.2917799878381319e-12,
                0.0,
                4.5087551831409665e-12
            ],
            [
                1.879528807166646e-12,
                4.363462231184909e-09,
                0.9999999951039718,
                5.211412461901368e-10,
                9.545034875243463e-12
            ],
            [
                3.0928494742992078e-12,
                9.038631072956334e-11,
                4.2695470014302025e-11,
                0.001926734332326478,
                0.9980732655314989
            ],
            [
                6.555547174645735e-12,
                1.3167168482804552e-10,
                7.98629138642284e-11,
                0.0007096703431017159,
                0.9992903294388081
            ]
        ],
        [
            [
                0.9999999748875668,
                2.5109990899164084e-08,
                7.83504157966337e-13,
                0.0,
                1.658678315430835e-12
            ],
            [
                0.999999991845628,
                8.152020637804286e-09,
                8.87826539496379e-13,
                0.0,
                1.4637785003597674e-12
            ],
            [
                3.5114220548973054e-12,
                9.237449508130154e-09,
                0.9999999834622872,
                7.1941329105143275e-09,
                1.0261879460800598e-10
            ],
            [
                6.101925519582395e-13,
                1.225604503261133e-11,
                2.7346932909129337e-12,
                2.260325273734729e-06,
                0.9999977396591253
            ],
            [
                1.1399071531208187e-12,
                2.5944167221390543e-11,
                7.4331283594713e-12,
                7.484619711440535e-05,
                0.9999251537683683
            ]
        ],
        [
            [
                0.9999999936489525,
                6.34880006954083e-09,
                7.835041727675313e-13,
                0.0,
                1.463778503404218e-12
            ],
            [
                0.9999999634618619,
                3.653482075662197e-08,
                1.658678296235611e-12,
                0.0,
                1.658678296235611e-12
            ],
            [
                1.1030309547351033e-09,
                0.00020342685899615102,
                0.9997961769966349,
                3.9270622136893074e-07,
                2.3351165494985083e-09
            ],
            [
                3.254996427300445e-11,
                6.537835092538703e-10,
                2.0137949807485288e-09,
                0.022977367746563757,
                0.9770226295533078
            ],
            [
                6.552522134086732e-12,
                1.1614623389195228e-10,
                9.045477790584697e-11,
                0.0011695103456669568,
                0.9988304894411795
            ]
        ],
        [
            [
                0.9999999950545435,
                4.944450474177459e-09,
                0.0,
                0.0,
                1.0060392736347937e-12
            ],
            [
                0.9999999895317037,
                1.0467401676175027e-08,
                4.1937956108742697e-13,
                0.0,
                4.752193008940624e-13
            ],
            [
                1.0815921731022154e-11,
                2.260325263662947e-06,
                0.9999977352576884,
                4.363454254458123e-09,
                4.277780027529656e-11
            ],
            [
                3.969123743264936e-12,
                7.972198149804871e-11,
                9.033684000993605e-11,
                0.0024726229645146876,
                0.9975273768614573
            ],
            [
                1.6583400331069837e-12,
                2.594080267670497e-11,
                1.3885111097662349e-11,
                0.00020342706182241609,
                0.9997965728966933
            ]
        ],
        [
            [
                0.9999999950539333,
                4.944450472028068e-09,
                6.10193664069274e-13,
                0.0,
                1.0060392731974608e-12
            ],
            [
                0.9999994956476481,
                5.043472045935371e-07,
                2.129785268118753e-12,
                8.87826588349517e-13,
                2.129785268118753e-12
            ],
            [
                6.914399993136892e-13,
                1.5229979494044157e-08,
                0.9999999837872855,
                9.736200152762572e-10,
                8.423463615827832e-12
            ],
            [
                2.7314976109132924e-12,
                5.486359611959784e-11,
                3.7707161408917577e-11,
                0.001169510346489769,
                0.998830489558208
            ],
            [
                1.0059933199119138e-12,
                1.5736383181334416e-11,
                7.43334107597862e-12,
                4.539785573587716e-05,
                0.9999546021200885
            ]
        ],
        [
            [
                0.9999999943959117,
                5.60279639913435e-09,
                0.0,
                0.0,
                1.2917799959318245e-12
            ],
            [
                0.9998766053588464,
                0.00012339462760102923,
                9.543852007678878e-12,
                1.8792958867329583e-12,
                2.1295212269063014e-12
            ],
            [
                1.006039273291334e-12,
                5.602796404166941e-09,
                0.9999999941145159,
                2.789468076254817e-10,
                2.7346982753039766e-12
            ],
            [
                8.379492201565204e-12,
                1.4853005319522357e-10,
                2.1610995221183505e-10,
                0.005220125699069739,
                0.9947798739279108
            ],
            [
                5.106264329416793e-12,
                7.048980474910227e-11,
                3.773047358602918e-11,
                0.0005527785837215211,
                0.9994472213029519
            ]
        ],
        [
            [
                0.9999999983942294,
                1.6052280515338315e-09,
                2.5436656415902637e-13,
                0.0,
                2.8823507868872437e-13
            ],
            [
                0.9999999123559293,
                8.764249143003023e-08,
                8.878266414033962e-13,
                0.0,
                6.914400835566203e-13
            ],
            [
                4.0585829055207106e-10,
                1.6701415940092825e-05,
                0.9999832295174736,
                6.825486964587985e-08,
                4.0585829055207106e-10
            ],
            [
                2.129448108215267e-12,
                2.939612438523789e-11,
                1.3885745939800902e-11,
                0.00015843624759112273,
                0.9998415637069975
            ],
            [
                3.5107058776757945e-12,
                7.990329748012875e-11,
                4.8463799733837296e-11,
                0.00020342706130704725,
                0.9997965728068151
            ]
        ],
        [
            [
                0.9999999979379586,
                2.0611536152672676e-09,
                0.0,
                0.0,
                8.878265447569861e-13
            ],
            [
                0.999999912352034,
                8.764249140614049e-08,
                2.734698579023619e-12,
                6.101937318952236e-13,
                2.129785394807853e-12
            ],
            [
                2.940077802945926e-11,
                6.475946140119439e-07,
                0.9999991130359844,
                2.3823674470834982e-07,
                1.103256056232338e-09
            ],
            [
                1.2917628355182909e-12,
                1.7832235893716636e-11,
                5.7892793814112315e-12,
                1.3007124771862668e-05,
                0.9999869928503149
            ],
            [
                8.878266589128077e-13,
                7.43368160230347e-12,
                2.413363073744192e-12,
                6.825604230215859e-08,
                0.9999999317332228
            ]
        ],
        [
            [
                0.9999999979377063,
                2.0611536152680054e-09,
                0.0,
                0.0,
                1.1399918490784349e-12
            ],
            [
                0.9999999847673557,
                1.5229979488272177e-08,
                1.0060392623437562e-12,
                0.0,
                1.658678330985617e-12
            ],
            [
                1.060357598625418e-13,
                1.9171715128055338e-10,
                0.9999999997819762,
                2.5946094969870217e-11,
                2.5436656461127955e-13
            ],
            [
                3.978583270546255e-12,
                4.846906666558563e-11,
                1.5735602083538718e-11,
                9.610239927577624e-05,
                0.9999038975325409
            ],
            [
                6.516291089670426e-12,
                1.1550402326330975e-10,
                8.99546237653634e-11,
                0.006692851423150352,
                0.9933071483648748
            ]
        ],
        [
            [
                0.9999999943957398,
                5.602796399956421e-09,
                0.0,
                0.0,
                1.463778504307591e-12
            ],
            [
                0.9999999123536528,
                8.764249137201975e-08,
                1.6586785326046445e-12,
                5.384940781644248e-13,
                1.6586785326046445e-12
            ],
            [
                7.989735398631852e-11,
                3.397321940440293e-09,
                0.00020341173531407294,
                0.9997217537919516,
                7.483099551505449e-05
            ],
            [
                8.35120388733781e-12,
                1.306348081994266e-10,
                1.1528481360572669e-10,
                0.008577485677460235,
                0.9914225140682689
            ],
            [
                2.73469329041804e-12,
                1.7832440296396428e-11,
                9.545017467028757e-12,
                2.260325273325681e-06,
                0.9999977396446146
            ]
        ],
        [
            [
                0.9999999990260098,
                9.736200295161096e-10,
                0.0,
                0.0,
                3.701011671807952e-13
            ],
            [
                0.9999251537587581,
                7.484619703129202e-05,
                3.331297009006989e-11,
                5.788926180598175e-12,
                5.108709423668761e-12
            ],
            [
                1.2917801684510328e-12,
                1.8553915976890514e-07,
                0.9999998140501718,
                4.058652640695953e-10,
                3.511422558264207e-12
            ],
            [
                3.5094807277680974e-12,
                6.22070343457854e-11,
                2.593174997559444e-11,
                0.0005527785847617067,
                0.99944722132359
            ],
            [
                1.6583400332371734e-12,
                3.3308649968785514e-11,
                1.3885111098752415e-11,
                0.00020342706142586326,
                0.9997965728897221
            ]
        ],
        [
            [
                0.9999999961475994,
                3.85074189893925e-09,
                0.0,
                0.0,
                1.6586783486503401e-12
            ],
            [
                0.9999999585997299,
                4.139937544251494e-08,
                4.752192862425697e-13,
                0.0,
                4.1937954815753003e-13
            ],
            [
                5.789356138122492e-12,
                3.224186631103948e-08,
                0.9999999671560247,
                5.90530380451843e-10,
                5.789356138122492e-12
            ],
            [
                4.500069431517371e-12,
                1.0242110817492183e-10,
                6.212154230983433e-11,
                0.0019267343317886233,
                0.9980732654991686
            ],
            [
                4.752184633609691e-13,
                8.423448813422457e-12,
                1.879525482741054e-12,
                1.370956654657228e-06,
                0.9999986290325671
            ]
        ],
        [
            [
                0.9999999969993805,
                2.9989608125499454e-09,
                0.0,
                0.0,
                1.6586783521072218e-12
            ],
            [
                0.9999999847680372,
                1.5229979497901932e-08,
                6.914399994888319e-13,
                0.0,
                1.2917799838519483e-12
            ],
            [
                6.5601998872092385e-12,
                4.13993754148983e-08,
                0.9999999573237046,
                1.25015281284819e-09,
                2.0206838224852067e-11
            ],
            [
                1.0789196942692143e-11,
                2.455609905590725e-10,
                2.455609905590725e-10,
                0.0024726229630270486,
                0.9975273765350617
            ],
            [
                2.7344376265809506e-12,
                3.7747747073309965e-11,
                1.3886620098810218e-11,
                9.610239974945264e-05,
                0.9999038975458818
            ]
        ],
        [
            [
                0.999999998393766,
                1.6052280508362623e-09,
                0.0,
                0.0,
                1.0060392765574636e-12
            ],
            [
                0.9999999950531073,
                4.944450468485213e-09,
                7.835041732053638e-13,
                0.0,
                1.6586783476918551e-12
            ],
            [
                0.0,
                2.9400777387988045e-11,
                0.9999999999665761,
                3.978962535179959e-12,
                4.420228102911e-14
            ],
            [
                8.418806611836052e-12,
                9.051070089487622e-11,
                7.048980473327129e-11,
                0.0005527785854034152,
                0.9994472212451773
            ],
            [
                1.8673983992688345e-11,
                3.750769949881572e-10,
                8.997629366125114e-10,
                0.07585817585257369,
                0.9241418228539123
            ]
        ],
        [
            [
                0.9999999961479662,
                3.850741903120413e-09,
                0.0,
                0.0,
                1.2917799981950935e-12
            ],
            [
                0.9999999677571201,
                3.224186631142176e-08,
                4.752192906366792e-13,
                0.0,
                5.384940040524676e-13
            ],
            [
                2.7346981203440865e-12,
                5.315784921548042e-08,
                0.9999999375114063,
                9.237449083518183e-09,
                9.056076422578077e-11
            ],
            [
                9.530700073294602e-12,
                1.0246468216052915e-10,
                6.214797126807104e-11,
                0.0015011820290361602,
                0.9984988177968205
            ],
            [
                5.78817545546543e-12,
                7.051441252969968e-11,
                6.222875064503234e-11,
                0.00020342706146730076,
                0.9997965728000013
            ]
        ],
        [
            [
                0.999999958597205,
                4.139937543349448e-08,
                1.0060392366509789e-12,
                0.0,
                2.4133626695635514e-12
            ],
            [
                0.9997388096263976,
                0.0002611903263055118,
                3.330674466922956e-11,
                7.431739272068052e-12,
                6.558486888416353e-12
            ],
            [
                2.9400723500675145e-11,
                2.260325263755381e-06,
                0.99999773524413,
                4.363454254636563e-09,
                3.7751276243875474e-11
            ],
            [
                3.5099088703349595e-12,
                5.490421240569653e-11,
                2.938810716398319e-11,
                0.0004305571190526207,
                0.9995694427931452
            ],
            [
                1.463764666296165e-12,
                2.2897131839952447e-11,
                1.0815839234894866e-11,
                1.0129988103874732e-05,
                0.9999898699767193
            ]
        ],
        [
            [
                0.9999999677557823,
                3.224186628727943e-08,
                8.878265179609904e-13,
                0.0,
                1.4637784648539143e-12
            ],
            [
                0.9999997617615176,
                2.382369843579565e-07,
                8.878266134640353e-13,
                0.0,
                6.10193712859128e-13
            ],
            [
                2.46168776493923e-10,
                2.9023123452585877e-06,
                0.9999970287258031,
                6.825577903673478e-08,
                4.5990382153080783e-10
            ],
            [
                8.271954338434075e-12,
                2.417419410118149e-10,
                7.446175997947411e-10,
                0.017986211547886512,
                0.982013787457482
            ],
            [
                1.463753476175313e-12,
                2.0206493451975702e-11,
                9.544871654893649e-12,
                1.670141510743558e-05,
                0.9999832985536775
            ]
        ],
        [
            [
                0.9999999847681185,
                1.522997949964553e-08,
                6.101936579418462e-13,
                0.0,
                1.2917799839998373e-12
            ],
            [
                0.9999999677551141,
                3.224186629262474e-08,
                1.139991814860284e-12,
                0.0,
                1.879528753584193e-12
            ],
            [
                2.413362754978527e-12,
                5.602796398407893e-09,
                0.9999999931323813,
                1.2501528576557987e-09,
                1.2256067358504321e-11
            ],
            [
                4.501983937816662e-12,
                1.6893570093554061e-10,
                2.4579999448371966e-10,
                0.001501182028698028,
                0.9984988175520643
            ],
            [
                6.914374027597891e-13,
                9.544998921419064e-12,
                3.0988074507714856e-12,
                3.726639116099519e-06,
                0.9999962733475486
            ]
        ],
        [
            [
                0.9999999950529785,
                4.944450468484576e-09,
                6.914400060157489e-13,
                0.0,
                1.879528803822223e-12
            ],
            [
                0.9996646498894475,
                0.00033535005379971874,
                4.276352334601729e-11,
                7.431186087672597e-12,
                6.557998704900805e-12
            ],
            [
                6.431393938089905e-14,
                9.056076984938686e-11,
                0.9999999998831022,
                2.594609496920101e-11,
                3.266131341080035e-13
            ],
            [
                6.914308206378693e-13,
                9.544908058028716e-12,
                2.734661944214709e-12,
                1.3007124771685975e-05,
                0.9999869928622573
            ],
            [
                2.7346984189665668e-12,
                1.3887944511826083e-11,
                3.511422276928854e-12,
                5.043472050758036e-07,
                0.9999994956326608
            ]
        ],
        [
            [
                0.9999999979377063,
                2.061153613373838e-09,
                0.0,
                0.0,
                1.1399918480308004e-12
            ],
            [
                0.9999999907616558,
                9.237449570450537e-09,
                4.1937956168295026e-13,
                0.0,
                4.752193015688787e-13
            ],
            [
                9.404285565219173e-07,
                0.11920269619766294,
                0.8807954057206742,
                9.404285565219173e-07,
                1.722454984190898e-08
            ],
            [
                3.5110874130938045e-12,
                4.8469066667819833e-11,
                1.783077315985894e-11,
                9.610239960678813e-05,
                0.9999038975305823
            ],
            [
                2.4133492725327646e-12,
                1.783237316105807e-11,
                6.56016347325067e-12,
                6.1441721257378495e-06,
                0.9999938558010684
            ]
        ],
        [
            [
                0.9999999585982731,
                4.139937542817185e-08,
                8.878265101089136e-13,
                0.0,
                1.4637784519080284e-12
            ],
            [
                0.9999251537731343,
                7.484619704336277e-05,
                2.020533772897591e-11,
                5.108709424492663e-12,
                4.508420243319507e-12
            ],
            [
                6.224132910917381e-11,
                1.0677030191736123e-06,
                0.9999988787188128,
                5.3157752516963927e-08,
                3.58174119049805e-10
            ],
            [
                1.4637646663109363e-12,
                1.7832304207224118e-11,
                5.7893015595599906e-12,
                1.0129988103976957e-05,
                0.9999898699868106
            ],
            [
                3.0988074503067224e-12,
                2.2897262090100625e-11,
                7.43365263330197e-12,
                3.7266391155405927e-06,
                0.9999962733274547
            ]
        ],
        [
            [
                0.9999999988932327,
                1.1032560278138845e-09,
                0.0,
                0.0,
                3.511422098959567e-12
            ],
            [
                0.9999999961461592,
                3.850741897736198e-09,
                0.0,
                0.0,
                3.098819118578217e-12
            ],
            [
                1.0060392761510313e-12,
                2.646573630669057e-09,
                0.9999999969891364,
                3.581747919131472e-10,
                5.109089012156266e-12
            ],
            [
                7.83499796049648e-13,
                1.2255998890941153e-11,
                1.8795183035717605e-12,
                6.1441721267134485e-06,
                0.9999938558129543
            ],
            [
                4.752193248016846e-13,
                4.508755418051046e-12,
                1.2917800551409964e-12,
                3.927863698593465e-07,
                0.9999996072073544
            ]
        ],
        [
            [
                0.9999999634628813,
                3.653482076202607e-08,
                1.0060392414156216e-12,
                0.0,
                1.291779956162913e-12
            ],
            [
                0.9999999634622936,
                3.653482075663774e-08,
                1.0060392412672463e-12,
                0.0,
                1.8795287455157128e-12
            ],
            [
                1.1399918443499668e-12,
                7.1941329754578085e-09,
                0.9999999924438175,
                3.5817479029662237e-10,
                2.7346982707351204e-12
            ],
            [
                1.8792313596597512e-12,
                3.331017287232011e-11,
                1.3885745939395624e-11,
                0.0001584362475864985,
                0.9998415637033383
            ],
            [
                3.5102437581083414e-12,
                7.050513061287413e-11,
                3.3304265498158335e-11,
                0.00033535005487887374,
                0.9996646498378015
            ]
        ],
        [
            [
                0.9999999956358794,
                4.363462231324269e-09,
                2.8823507791633453e-13,
                0.0,
                3.701011660255451e-13
            ],
            [
                0.9999999123558606,
                8.764249141532431e-08,
                7.835042609391138e-13,
                2.543665914996636e-13,
                6.101937319591642e-13
            ],
            [
                1.139991896842977e-12,
                3.927863696390021e-07,
                0.9999996066174512,
                5.905304225826517e-10,
                4.5087554155217344e-12
            ],
            [
                6.488126554750969e-12,
                1.30317505477765e-10,
                1.30317505477765e-10,
                0.01098694237002359,
                0.9890130573628533
            ],
            [
                1.974255133983969e-11,
                3.0882546306379825e-10,
                4.4933839737331695e-10,
                0.022977367804908642,
                0.9770226314171849
            ]
        ],
        [
            [
                0.9999999956342904,
                4.363462228439098e-09,
                7.835041741063873e-13,
                0.0,
                1.4637785059055302e-12
            ],
            [
                0.9999999468382732,
                5.315784963295052e-08,
                1.4637784339592174e-12,
                0.0,
                2.4133626396606842e-12
            ],
            [
                3.5114222821025145e-12,
                1.4449803155414386e-07,
                0.9999998546296952,
                8.592167032033026e-10,
                9.545035381485456e-12
            ],
            [
                3.977247806493557e-12,
                7.049840420625129e-11,
                4.84527973828289e-11,
                0.00043055711934032346,
                0.9995694427577312
            ],
            [
                5.384940900915758e-13,
                4.508755814299133e-12,
                1.0060394069147296e-12,
                1.8553915980006452e-07,
                0.9999998144547869
            ]
        ],
        [
            [
                0.9999999981798984,
                1.8189616819683705e-09,
                0.0,
                0.0,
                1.1399918495442903e-12
            ],
            [
                0.9999999918463208,
                8.152020634915354e-09,
                0.0,
                0.0,
                1.6586783427273432e-12
            ],
            [
                2.129785128362979e-12,
                1.9555680696763476e-08,
                0.99999998008128,
                3.581747858653095e-10,
                2.7346982369016288e-12
            ],
            [
                3.097779243956868e-12,
                4.2763523385261426e-11,
                2.5937388050499235e-11,
                0.0003353500551131715,
                0.9996646498730881
            ],
            [
                8.878079967959578e-13,
                1.2255811354753418e-11,
                3.0987543891950765e-12,
                2.144493976535467e-05,
                0.9999785550439924
            ]
        ],
        [
            [
                0.9999999979373826,
                2.0611536159117815e-09,
                0.0,
                0.0,
                1.4637785094907593e-12
            ],
            [
                0.9998766053602177,
                0.0001233946275719398,
                8.422419833516854e-12,
                2.129521226404281e-12,
                1.6584727986908327e-12
            ],
            [
                3.098819076304168e-12,
                1.9555680693952128e-08,
                0.9999999799738815,
                4.5990552860162994e-10,
                7.433680522620012e-12
            ],
            [
                9.18874323257835e-12,
                2.091348320148369e-10,
                3.90715304469986e-10,
                0.037326883896294835,
                0.9626731154946663
            ],
            [
                1.4637479284195959e-12,
                2.2896870015510754e-11,
                1.5736773279531022e-11,
                2.1444939762489415e-05,
                0.9999785550201402
            ]
        ],
        [
            [
                0.9999999966004403,
                3.3982678036941024e-09,
                0.0,
                0.0,
                1.2917799987795903e-12
            ],
            [
                0.9999999865571205,
                1.3440409755628998e-08,
                1.0060392646493333e-12,
                0.0,
                1.4637784928335885e-12
            ],
            [
                1.463778697893591e-12,
                1.8553915955480557e-07,
                0.9999998128433325,
                1.6052282567113453e-09,
                1.0815942915155406e-11
            ],
            [
                1.7581675528918638e-11,
                3.531373930076004e-10,
                6.597475069046035e-10,
                0.014063627267883598,
                0.9859363717016498
            ],
            [
                2.1296878749452376e-12,
