{
    "[['A', 'B', 'C', 'D', 'E'], ['A', 'B', 'C', 'D', 'E']]": [
        [
            [
                0.9999999997873248,
                1.6918979191778083e-10,
                4.193795649859275e-13,
                2.8823507875884974e-13,
                4.277787860278087e-11
            ],
            [
                3.691847029764071e-07,
                0.060086565299351725,
                0.9399120302152346,
                7.815640223341992e-07,
                2.537366882493141e-07
            ],
            [
                3.331538441414739e-11,
                1.7603430885955736e-06,
                0.9999982141975629,
                2.510994557581746e-08,
                3.160875666081665e-10
            ],
            [
                0.9999999999311842,
                1.3887943827247705e-11,
                0.0,
                0.0,
                5.492788336037591e-11
            ],
            [
                0.9999999999613656,
                1.5737102006300156e-11,
                0.0,
                0.0,
                2.2897348310137597e-11
            ]
        ],
        [
            [
                0.999999999974734,
                1.7832472854206064e-11,
                0.0,
                0.0,
                7.433680649866516e-12
            ],
            [
                1.094500969336089e-06,
                0.09534889813314036,
                0.9046452222746986,
                4.328835307035174e-06,
                4.562558846175273e-07
            ],
            [
                7.99194527805433e-11,
                1.3709565793107665e-06,
                0.9999985742005207,
                5.3157755334462344e-08,
                1.605225119704556e-09
            ],
            [
                0.9999999997758824,
                5.492788338402172e-11,
                0.0,
                0.0,
                1.6918979187486846e-10
            ],
            [
                0.9999999999732327,
                2.0206839042486337e-11,
                0.0,
                0.0,
                6.560200152656222e-12
            ]
        ],
        [
            [
                0.9999999999477021,
                2.9400777330698e-11,
                0.0,
                0.0,
                2.2897348408055612e-11
            ],
            [
                3.364672333538586e-07,
                0.029311794671896506,
                0.9706733910600756,
                9.833013910620162e-06,
                4.644786884014091e-06
            ],
            [
                2.289735005587948e-11,
                2.382369833914934e-07,
                0.9999997571849395,
                4.363462557739956e-09,
                1.9171716476764398e-10
            ],
            [
                0.9999999999503923,
                2.940077733077582e-11,
                0.0,
                0.0,
                2.0206839047562877e-11
            ],
            [
                0.9999999999342561,
                1.0815941534281293e-11,
                0.0,
                0.0,
                5.4927883392720853e-11
            ]
        ],
        [
            [
                0.9999999999776885,
                8.423463731982251e-12,
                0.0,
                0.0,
                1.388794382789022e-11
            ],
            [
                2.896712661804425e-06,
                0.11920226293950963,
                0.8807922031243123,
                1.9908795561962404e-06,
                6.463439601324058e-07
            ],
            [
                3.0493153391503224e-07,
                0.0031726817585667625,
                0.9968268893082602,
                1.121781492735816e-07,
                1.1823489946220566e-08
            ],
            [
                0.9999999995346025,
                1.4930946710235167e-10,
                0.0,
                0.0,
                3.160881443361081e-10
            ],
            [
                0.9999999998658853,
                1.783247285855984e-11,
                0.0,
                0.0,
                1.1628232997886478e-10
            ]
        ],
        [
            [
                0.9999999999527966,
                3.331544534226787e-11,
                0.0,
                0.0,
                1.3887943831866738e-11
            ],
            [
                2.896701787157726e-06,
                0.11920175815630218,
                0.8807883828977703,
                5.4117514037441155e-06,
                1.5504927365875564e-06
            ],
            [
                6.44959182789843e-07,
                0.00407013434684665,
                0.995929138740335,
                7.702931615055329e-08,
                4.924319431720169e-09
            ],
            [
                0.999999999954815,
                3.775134532785454e-11,
                0.0,
                0.0,
                7.433680649719863e-12
            ],
            [
                0.9999999997494406,
                3.331544535983774e-11,
                0.0,
                0.0,
                2.1724399310474305e-10
            ]
        ],
        [
            [
                0.999999998705027,
                1.9171715085597444e-10,
                0.0,
                0.0,
                1.103256029351985e-09
            ],
            [
                1.2500385780433777e-09,
                4.53958226166552e-05,
                0.9999091078018639,
                4.53958226166552e-05,
                9.930286407390283e-08
            ],
            [
                1.0261822196505895e-10,
                6.144172104955639e-06,
                0.9999938526237145,
                2.9989440398326392e-09,
                1.0261822196505895e-10
            ],
            [
                0.9999999989248924,
                7.582560411394334e-10,
                4.752193052419149e-13,
                2.8823507871655796e-13,
                3.160881447428144e-10
            ],
            [
                0.9999999999802838,
                3.978962522234458e-12,
                0.0,
                0.0,
                1.5737102053062854e-11
            ]
        ],
        [
            [
                0.9999999999118123,
                2.5946094919877023e-11,
                0.0,
                0.0,
                6.22414460782182e-11
            ],
            [
                6.00345579963222e-08,
                0.003172149207692296,
                0.9966597624148276,
                0.0001579320826616374,
                1.0096260260479424e-05
            ],
            [
                4.5989942555586186e-10,
                1.300712478242164e-05,
                0.9999868755182348,
                1.1253367908646882e-07,
                4.3634042609670515e-09
            ],
            [
                0.9999999996812126,
                1.691897918588513e-10,
                2.882350786584562e-13,
                0.0,
                1.4930946726436866e-10
            ],
            [
                0.9999999983712646,
                2.2897348330990028e-11,
                0.0,
                6.1019366441699e-13,
                1.605228046389801e-09
            ]
        ],
        [
            [
                0.9999999999503923,
                2.9400777344191274e-11,
                0.0,
                0.0,
                2.0206839056783175e-11
            ],
            [
                1.8463626492315417e-07,
                0.0014961231507463614,
                0.9951339212276409,
                0.003167292734984654,
                0.00020247825036311218
            ],
            [
                5.691733667345271e-07,
                0.00407012832450363,
                0.995927668267741,
                1.3653759274435316e-06,
                2.6885846115638596e-07
            ],
            [
                0.9999999998606774,
                4.84736869677773e-11,
                2.882350787799925e-13,
                0.0,
                9.056076971938495e-11
            ],
            [
                0.9999999988055732,
                9.056076964318979e-11,
                0.0,
                6.101936660522008e-13,
                1.1032560292548179e-09
            ]
        ],
        [
            [
                0.9999999999000071,
                6.22414460774604e-11,
                0.0,
                0.0,
                3.7751345350830355e-11
            ],
            [
                1.9908076425347332e-06,
                0.11919789988852725,
                0.8807600456518732,
                3.1141471104399305e-05,
                8.922180852693404e-06
            ],
            [
                1.1032056240206457e-09,
                4.53978554168639e-05,
                0.9999545953070779,
                5.602540442950578e-09,
                1.317591222853244e-10
            ],
            [
                0.9999999999664304,
                1.5737102081067836e-11,
                0.0,
                0.0,
                1.783247287891675e-11
            ],
            [
                0.9999999999194709,
                4.277787860842291e-11,
                0.0,
                0.0,
                3.7751345371073035e-11
            ]
        ],
        [
            [
                0.9999999999393898,
                4.2777878500437546e-11,
                0.0,
                0.0,
                1.7832472829254238e-11
            ],
            [
                7.136995087689139e-06,
                0.9046398504987594,
                0.09534832836975164,
                4.328806338901917e-06,
                3.553300623718883e-07
            ],
            [
                5.600382049145216e-09,
                0.00043055713368227573,
                0.9995693482452225,
                8.760471480559405e-08,
                1.4159983336580343e-09
            ],
            [
                0.9999999997653917,
                1.0261879608143056e-10,
                0.0,
                2.2447770498675004e-13,
                1.3176514239845326e-10
            ],
            [
                0.9999999998941342,
                7.991959870956548e-11,
                0.0,
                0.0,
                2.5946094911349612e-11
            ]
        ],
        [
            [
                0.9999999999567113,
                2.940077733096288e-11,
                0.0,
                0.0,
                1.3887943835733108e-11
            ],
            [
                8.146177691570109e-09,
                0.0007096660492889714,
                0.9992840415956434,
                6.139814297734794e-06,
                1.4439459225721793e-07
            ],
            [
                1.2501410267256705e-09,
                1.0129988000149381e-05,
                0.9999898603176529,
                7.194064897780095e-09,
                1.2501410267256705e-09
            ],
            [
                0.9999999999793205,
                8.423463736928869e-12,
                0.0,
                0.0,
                1.2256067418579255e-11
            ],
            [
                0.9999999993014408,
                2.940077728413476e-11,
                0.0,
                0.0,
                6.691586066550508e-10
            ]
        ],
        [
            [
                0.9999999998453377,
                1.3176514217307876e-10,
                0.0,
                0.0,
                2.289734836472445e-11
            ],
            [
                9.670774883385394e-10,
                2.7351383519822585e-05,
                0.9932795913486117,
                0.006692666154258807,
                3.901465322614967e-07
            ],
            [
                5.905146490886511e-10,
                2.7535688629135184e-05,
                0.9999724209060123,
                4.139827297111957e-08,
                1.4165710024244156e-09
            ],
            [
                0.9999999999632148,
                2.2897348408410812e-11,
                0.0,
                0.0,
                1.3887943835823427e-11
            ],
            [
                0.9999999846509169,
                1.1628232824579435e-10,
                6.914399984661277e-13,
                2.1297851332912242e-12,
                1.5229979475375372e-08
            ]
        ],
        [
            [
                0.9999999998524978,
                1.3176514233268961e-10,
                0.0,
                0.0,
                1.573710206287991e-11
            ],
            [
                2.2409286650063457e-06,
                0.9914165151237215,
                0.008577432380201297,
                2.877409362852277e-06,
                9.341580492500088e-07
            ],
            [
                7.433680271521733e-12,
                5.315784967792708e-08,
                0.9999999462284492,
                5.905303680524968e-10,
                1.5737101258304817e-11
            ],
            [
                0.9999999999803104,
                1.2256067421562097e-11,
                0.0,
                0.0,
                7.433680658682573e-12
            ],
            [
                0.9999999999393514,
                2.2897348386343326e-11,
                0.0,
                0.0,
                3.77513453271955e-11
            ]
        ],
        [
            [
                0.9999999999632379,
                2.594609494937425e-11,
                0.0,
                0.0,
                1.0815941543366495e-11
            ],
            [
                4.361581915493191e-09,
                0.00043055672028625785,
                0.999568750220444,
                6.473161507630118e-07,
                4.138153704283801e-08
            ],
            [
                2.2897347489621242e-11,
                4.139937543977427e-08,
                0.99999995796699,
                5.90530374959419e-10,
                2.0206838236993906e-11
            ],
            [
                0.9999999934788742,
                1.6918979080947895e-10,
                1.0060392706492067e-12,
                2.1297851526773736e-12,
                6.348800061556503e-09
            ],
            [
                0.999999999919926,
                1.7832472865062473e-11,
                0.0,
                0.0,
                6.224144607870018e-11
            ]
        ],
        [
            [
                0.9999999999073208,
                3.775134533936466e-11,
                0.0,
                0.0,
                5.4927883359062435e-11
            ],
            [
                1.9134672981887353e-10,
                8.747314593799232e-08,
                0.0019267251757012624,
                0.9980684112833056,
                4.775876500422212e-06
            ],
            [
                8.149891558293312e-09,
                0.00026119032383884003,
                0.9997387903926179,
                1.0464667904097479e-08,
                6.689838373474311e-10
            ],
            [
                0.9999999999807605,
                8.423463740785004e-12,
                0.0,
                0.0,
                1.0815941539715548e-11
            ],
            [
                0.9999999997278282,
                5.49278833946853e-11,
                0.0,
                0.0,
                2.172439930536155e-10
            ]
        ],
        [
            [
                0.9999999999571396,
                3.33154453320486e-11,
                0.0,
                0.0,
                9.54503489716535e-12
            ],
            [
                3.3951646453540097e-09,
                0.000911048410188093,
                0.9990860163148716,
                2.899667350243989e-06,
                3.2212425276062726e-08
            ],
            [
                1.3428162395295275e-08,
                0.0009110510238525359,
                0.9990885258774548,
                3.924284285006166e-07,
                1.7242101814969675e-08
            ],
            [
                0.9999999998892324,
                2.0206839027376907e-11,
                0.0,
                0.0,
                9.056076961507574e-11
            ],
            [
                0.9999999999686793,
                2.2897348342493984e-11,
                0.0,
                0.0,
                8.423463712544538e-12
            ]
        ],
        [
            [
                0.9999999999601243,
                3.331544534251035e-11,
                0.0,
                0.0,
                6.560200152567477e-12
            ],
            [
                2.8190168803328933e-08,
                0.005198981531419403,
                0.9907504803075281,
                0.004048970839817873,
                1.5391310657838152e-06
            ],
            [
                3.850264656219405e-09,
                0.00012339462718041725,
                0.9998765941376201,
                7.193241379026069e-09,
                1.9169338967356567e-10
            ],
            [
                0.9999999999464777,
                3.331544536639552e-11,
                0.0,
                0.0,
                2.020683905670007e-11
            ],
            [
                0.9999999999734468,
                1.5737102069684425e-11,
                0.0,
                0.0,
                1.0815941531733325e-11
            ]
        ],
        [
            [
                0.9999999999010158,
                9.05607695389352e-11,
                0.0,
                0.0,
                8.42346372118867e-12
            ],
            [
                8.546459633214148e-08,
                0.0018824812125020386,
                0.9751496326108459,
                0.022933321865952705,
                3.447884610301381e-05
            ],
            [
                3.8507349947731755e-09,
                1.3709566198472144e-06,
                0.9999986040317741,
                1.9555645904591638e-08,
                1.6052251671678567e-09
            ],
            [
                0.9999999998714351,
                2.5946094932233958e-11,
                0.0,
                0.0,
                1.0261879611716607e-10
            ],
            [
                0.9999999995930249,
                4.847368689760428e-11,
                0.0,
                3.266131331663213e-13,
                3.581747918083977e-10
            ]
        ],
        [
            [
                0.9999999999538469,
                2.020683905252562e-11,
                0.0,
                0.0,
                2.594609493436134e-11
            ],
            [
                4.827994264318733e-10,
                3.211299989297774e-07,
                0.18242428814394918,
                0.8175689401748018,
                6.45006845064726e-06
            ],
            [
                1.87952895586412e-12,
                2.3823698441012609e-07,
                0.9999997614805306,
                2.7894682996456136e-10,
                1.6586784818681447e-12
            ],
            [
                0.9999999999444162,
                3.775134537201589e-11,
                0.0,
                0.0,
                1.7832472874714605e-11
            ],
            [
                0.9999999999685256,
                1.57371020777424e-11,
                0.0,
                0.0,
                1.57371020777424e-11
            ]
        ],
        [
            [
                0.9999999999885874,
                7.43368065874577e-12,
                0.0,
                0.0,
                3.978962528554249e-12
            ],
            [
                1.2499764850202705e-09,
                0.00012339251014030798,
                0.9998598075816426,
                1.6699360309115186e-05,
                9.929793141410988e-08
            ],
            [
                1.250126739073044e-09,
                2.1444939671173876e-05,
                0.9999784320401227,
                1.1253282281343138e-07,
                9.23725660578396e-09
            ],
            [
                0.999999946768887,
                7.052879459206859e-11,
                0.0,
                2.734698139633699e-12,
                5.315784959043746e-08
            ],
            [
                0.9999999999035252,
                2.5946094919662002e-11,
                0.0,
                0.0,
                7.052879833959077e-11
            ]
        ],
        [
            [
                0.9999999999891016,
                5.7893563034007796e-12,
                0.0,
                0.0,
                5.109089005709792e-12
            ],
            [
                1.7911713179220188e-07,
                0.14804694306887267,
                0.8519513469586926,
                1.4997293828634873e-06,
                3.112592001504035e-08
            ],
            [
                0.4999996187767916,
                0.4999996187767916,
                6.854791813419703e-07,
                2.069967766700047e-08,
                5.6267557657166905e-08
            ],
            [
                0.9999999999613656,
                1.5737102077625187e-11,
                0.0,
                0.0,
                2.2897348413914907e-11
            ],
            [
                0.9999999999719937,
                2.2897348402335374e-11,
                0.0,
                0.0,
                5.109089015987486e-12
            ]
        ],
        [
            [
                0.9999999995795836,
                6.224144589508035e-11,
                0.0,
                0.0,
                3.5817479110629534e-10
            ],
            [
                0.00020278144890207523,
                0.9966239557086706,
                0.003172035558117476,
                1.0640993841262994e-06,
                1.6318492577239747e-07
            ],
            [
                8.423464080332243e-12,
                3.927863697431326e-07,
                0.9999996068825584,
                3.1608815765931044e-10,
                6.560200421936602e-12
            ],
            [
                0.9999999999686793,
                2.2897348402251005e-11,
                0.0,
                0.0,
                8.423463734527917e-12
            ],
            [
                0.999999999984075,
                1.0815941537439666e-11,
                0.0,
                0.0,
                5.109089018688726e-12
            ]
        ],
        [
            [
                0.9999999999527966,
                3.3315445366605157e-11,
                0.0,
                0.0,
                1.388794384201203e-11
            ],
            [
                4.058420299111854e-10,
                2.144418336990205e-05,
                0.9999431676895076,
                3.535548125475146e-05,
                3.224002573970861e-08
            ],
            [
                5.492778576018017e-11,
                1.370956646632653e-06,
                0.9999986232164496,
                5.602786466830801e-09,
                1.6918949117226686e-10
            ],
            [
                0.9999999999407103,
                4.847368697165679e-11,
                0.0,
                0.0,
                1.0815941536970636e-11
            ],
            [
                0.9999999999035252,
                2.5946094892077412e-11,
                0.0,
                0.0,
                7.052879826460808e-11
            ]
        ],
        [
            [
                0.9999999999000071,
                6.224144601131798e-11,
                0.0,
                0.0,
                3.7751345310712955e-11
            ],
            [
                2.055519769838756e-09,
                0.0002605441979593005,
                0.9972661108040645,
                0.0024719757319837483,
                1.3672104725913864e-06
            ],
            [
                6.224145398748952e-11,
                3.0590235863262586e-07,
                0.9999996929092464,
                1.103256169864692e-09,
                2.2897351310615693e-11
            ],
            [
                0.9999999999902316,
                3.978962525265612e-12,
                0.0,
                0.0,
                5.789356313349024e-12
            ],
            [
                0.999999999941485,
                1.5737102064263067e-11,
                0.0,
                0.0,
                4.2777878573891624e-11
            ]
        ],
        [
            [
                0.9999999996545113,
                2.9400777254374866e-11,
                0.0,
                0.0,
                3.16088143942678e-10
            ],
            [
                2.3275196950814746e-07,
                0.022976290520790657,
                0.976976619733441,
                4.435467430556449e-05,
                2.5023194932673355e-06
            ],
            [
                6.560199887264021e-12,
                4.1399375415244015e-08,
                0.9999999573145109,
                1.2501528128586297e-09,
                2.940077613398417e-11
            ],
            [
                0.9999999999538469,
                2.020683904208801e-11,
                0.0,
                0.0,
                2.5946094920959182e-11
            ],
            [
                0.9999999999255802,
                4.847368684750165e-11,
                0.0,
                0.0,
                2.5946094867575922e-11
            ]
        ],
        [
            [
                0.9999999994455433,
                3.3315445334523894e-11,
                0.0,
                0.0,
                5.211412474257515e-10
            ],
            [
                1.1581778845284208e-09,
                1.1208570945436937e-06,
                0.8175713687364495,
                0.18242482045188574,
                2.6887963921686104e-06
            ],
            [
                2.3354194895205365e-09,
                7.484619723757559e-05,
                0.9999251468869772,
                4.363138020205167e-09,
                2.1722785091038117e-10
            ],
            [
                0.9999999999464062,
                4.277787860958603e-11,
                0.0,
                0.0,
                1.0815941537032244e-11
            ],
            [
                0.99999999989172,
                7.052879826380898e-11,
                0.0,
                0.0,
                3.775134531041408e-11
            ]
        ],
        [
            [
                0.999999999965905,
                1.3887943810995793e-11,
                0.0,
                0.0,
                2.0206839011698862e-11
            ],
            [
                4.784816323585784e-06,
                0.9999367751270936,
                5.82909959651592e-05,
                1.1252809426577429e-07,
                3.6532523450516586e-08
            ],
            [
                3.5816186684783186e-10,
                3.5356258550876684e-05,
                0.9999645541387979,
                8.763931926235639e-08,
                1.6051701240638052e-09
            ],
            [
                0.9999999999562215,
                1.7832472846753858e-11,
                0.0,
                0.0,
                2.5946094893439064e-11
            ],
            [
                0.9999999999000071,
                3.775134537034786e-11,
                0.0,
                0.0,
                6.224144610963932e-11
            ]
        ],
        [
            [
                0.9999999999621758,
                2.940077729180512e-11,
                0.0,
                0.0,
                8.423463725520315e-12
            ],
            [
                1.0741678872665479e-08,
                2.2007320848009464e-05,
                0.6224230322022045,
                0.3775186657972755,
                3.6283937993235585e-05
            ],
            [
                5.411756939830467e-06,
                0.11920190851666682,
                0.8807896388032055,
                2.8967047504112152e-06,
                1.4421843745023944e-07
            ],
            [
                0.9999999998068205,
                1.026187957221396e-10,
                0.0,
                0.0,
                9.056076937174953e-11
            ],
            [
                0.9999999999758393,
                1.5737102077857496e-11,
                0.0,
                0.0,
                8.423463738943173e-12
            ]
        ],
        [
            [
                0.9999999976465745,
                1.7832472777989274e-11,
                0.0,
                0.0,
                2.3355930217521195e-09
            ],
            [
                5.280134961529401e-08,
                0.006692762265355417,
                0.9932939967090751,
                1.292007658506427e-05,
                2.6814763480050063e-07
            ],
            [
                1.5226872365674424e-08,
                0.0002034270511577425,
                0.9997965162511602,
                3.6527367922406705e-08,
                4.943441683666873e-09
            ],
            [
                0.9999999999889309,
                6.56020015455683e-12,
                0.0,
                0.0,
                4.5087552329497884e-12
            ],
            [
                0.9999999999481077,
                2.5946094868173883e-11,
                0.0,
                0.0,
                2.5946094868173883e-11
            ]
        ],
        [
            [
                0.9999999995032041,
                9.056076966507878e-11,
                0.0,
                3.701011669125671e-13,
                4.0586521160938657e-10
            ],
            [
                4.728575095209117e-06,
                0.32081624694338184,
                0.6791679784802165,
                7.796102339574155e-06,
                3.249898966895227e-06
            ],
            [
                1.2669568373910568e-06,
                0.07585797186067128,
                0.924139322760152,
                1.1180854847059827e-06,
                3.2033685466801475e-07
            ],
            [
                0.9999999998716067,
                7.99195983441934e-11,
                0.0,
                0.0,
                4.847368670767231e-11
            ],
            [
                0.9999999999446532,
                2.940077733060949e-11,
                0.0,
                0.0,
                2.5946094927842265e-11
            ]
        ],
        [
            [
                0.9999999998892848,
                4.8473686944120974e-11,
                0.0,
                0.0,
                6.224144607681607e-11
            ],
            [
                4.3707839035822567e-07,
                0.01798614139833143,
                0.9820101343357628,
                2.850109124931027e-06,
                4.3707839035822567e-07
            ],
            [
                3.7116306605864065e-05,
                0.8175412099528687,
                0.18241811215242706,
                2.6886962325375755e-06,
                8.728918658704232e-07
            ],
            [
                0.9999999998459663,
                3.775134533704845e-11,
                0.0,
                0.0,
                1.1628232997649978e-10
            ],
            [
                0.9999999999558686,
                3.3315445359584746e-11,
                0.0,
                0.0,
                1.0815941537131471e-11
            ]
        ],
        [
            [
                0.9999999998022169,
                4.847368692479258e-11,
                0.0,
                0.0,
                1.4930946719492378e-10
            ],
            [
                7.266510431062936e-08,
                0.00024545312560258733,
                0.06006041445831122,
                0.9395029006645553,
                0.00019115908642661886
            ],
            [
                0.00023629141896437726,
                0.9044355706096247,
                0.09532680820663168,
                1.2399435685842467e-06,
                8.982121084442554e-08
            ],
            [
                0.9999999996505244,
                7.052879837325872e-11,
                0.0,
                0.0,
                2.7894680874163413e-10
            ],
            [
                0.9999999999619607,
                2.0206839028846516e-11,
                0.0,
                0.0,
                1.7832472853982564e-11
            ]
        ],
        [
            [
                0.999999999959251,
                3.331544530709174e-11,
                0.0,
                0.0,
                7.433680646787635e-12
            ],
            [
                2.036798521662098e-09,
                6.071616611485477e-06,
                0.32081652409704264,
                0.6791685680995045,
                8.834150042564624e-06
            ],
            [
                5.599698571748138e-09,
                0.0005527785646711581,
                0.9994470658178021,
                1.4441812959920498e-07,
                5.599698571748138e-09
            ],
            [
                0.9999999981140497,
                2.789468082534191e-10,
                8.878265445566467e-13,
                8.878265445566467e-13,
                1.605228049238383e-09
            ],
            [
                2.413363078199263e-12,
                1.0815942930323067e-11,
                2.1297854413228747e-12,
                1.8553915981499512e-07,
                0.9999998144454811
            ]
        ],
        [
            [
                0.9999999998577715,
                1.1628232963403226e-10,
                0.0,
                0.0,
                2.5946094833674128e-11
            ],
            [
                0.9999999996806384,
                3.1608814502267307e-10,
                1.748234126010622e-13,
                0.0,
                3.098819134715109e-12
            ],
            [
                2.4133627539896877e-12,
                7.194132977134582e-09,
                0.9999999927226462,
                7.991959833864289e-11,
                8.878265412816994e-13
            ],
            [
                0.9999999999221256,
                2.9400777337076273e-11,
                0.0,
                0.0,
                4.847368697075592e-11
            ],
            [
                0.9999999999538469,
                2.020683903580485e-11,
                0.0,
                0.0,
                2.5946094912891448e-11
            ]
        ],
        [
            [
                0.999999999913775,
                3.775134536171366e-11,
                0.0,
                0.0,
                4.847368695859722e-11
            ],
            [
                2.7159579234158225e-09,
                7.1448398164105e-06,
                0.3775242774518468,
                0.6224322905018376,
                3.6284490541261325e-05
            ],
            [
                5.905146587601274e-10,
                2.7535689080115972e-05,
                0.999972437194512,
                2.510932222737847e-08,
                1.4165710256250813e-09
            ],
            [
                0.9999999999035252,
                2.5946094919662002e-11,
                0.0,
                0.0,
                7.052879833959077e-11
            ],
            [
                0.9999999999803104,
                7.433680646926243e-12,
                0.0,
                0.0,
                1.2256067402179188e-11
            ]
        ],
        [
            [
                0.9999999994623698,
                1.3176514205516152e-10,
                0.0,
                0.0,
                4.058652106583864e-10
            ],
            [
                2.1583862451554547e-09,
                9.361500193827368e-06,
                0.9241279179144841,
                0.0758570403900474,
                5.678036888462059e-06
            ],
            [
                1.4163198285638145e-09,
                0.00020342706108311383,
                0.9997965675820983,
                3.849956453271247e-09,
                9.054229742473538e-11
            ],
            [
                0.9999999999090663,
                7.052879842689684e-11,
                1.9810087956832794e-13,
                0.0,
                2.0206839066091374e-11
            ],
            [
                0.9999999999527966,
                3.3315445359492004e-11,
                0.0,
                0.0,
                1.3887943839046825e-11
            ]
        ],
        [
            [
                0.9999999999194709,
                4.277787857301237e-11,
                0.0,
                0.0,
                3.775134533982335e-11
            ],
            [
                4.354848520976845e-09,
                4.531026441091481e-05,
                0.9980251472980901,
                0.001926641494355911,
                2.8965882945001836e-06
            ],
            [
                0.00012337933247057436,
                0.9997531729640473,
                0.00012337933247057436,
                5.3144777805693096e-08,
                1.522623376940004e-08
            ],
            [
                0.9999999999407385,
                2.5946094944464993e-11,
                0.0,
                0.0,
                3.3315445372486366e-11
            ],
            [
                0.9999999998424534,
                5.492788319297317e-11,
                0.0,
                0.0,
                1.0261879572558143e-10
            ]
        ],
        [
            [
                0.9999999999087485,
                4.847368697009515e-11,
                0.0,
                0.0,
                4.2777878607964234e-11
            ],
            [
                9.056025698826035e-11,
                4.7850902906894444e-06,
                0.9999941437229376,
                1.0676979628862323e-06,
                3.3982485727467917e-09
            ],
            [
                5.211273701586947e-10,
                2.7535689958355626e-05,
                0.9999724616850387,
                2.061098731391469e-09,
                4.277673946235246e-11
            ],
            [
                0.9999999997450046,
                3.775134537256504e-11,
                0.0,
                0.0,
                2.1724399310377936e-10
            ],
            [
                0.9999999998589426,
                7.052879840126127e-11,
                0.0,
                0.0,
                7.052879840126127e-11
            ]
        ],
        [
            [
                0.9999999999807605,
                8.423463725674797e-12,
                0.0,
                0.0,
                1.0815941520313658e-11
            ],
            [
                1.017063886086141e-06,
                0.047425707026692916,
                0.9525707925928572,
                2.153124263740512e-06,
                3.301923000789373e-07
            ],
            [
                5.602101950601768e-09,
                0.00012339462633065081,
                0.9998765822081719,
                1.522809193349576e-08,
                2.3353035335727645e-09
            ],
            [
                0.9999999999393514,
                2.2897348418311375e-11,
                0.0,
                0.0,
                3.7751345379901896e-11
            ],
            [
                0.9999999999811837,
                1.2256067421575552e-11,
                0.0,
                0.0,
                6.560200156097587e-12
