{
    "[['A', 'B', 'C', 'D', 'E'], ['A', 'B', 'C', 'D', 'E']]": [
        [
            [
                0.9999999997655051,
                1.9171715111936141e-10,
                0.0,
                0.0,
                4.2777878632463844e-11
            ],
            [
                2.5130033636133943e-05,
                0.17970361404830568,
                0.8053756719019526,
                0.014750970657294974,
                0.0001446133588106104
            ],
            [
                9.736163486588785e-10,
                3.726639076302762e-06,
                0.9999962629581762,
                9.237414722035379e-09,
                1.9171642622061044e-10
            ],
            [
                0.9999999996726188,
                2.461696947931974e-10,
                1.291780002748169e-12,
                0.0,
                7.991959880346343e-11
            ],
            [
                0.9999999992750273,
                3.1608814485348786e-10,
                1.1399918509601896e-12,
                1.879528813102875e-12,
                4.058652119055549e-10
            ]
        ],
        [
            [
                0.9999999993965072,
                5.211412478228427e-10,
                1.2917800023914936e-12,
                1.1399918509312145e-12,
                7.99195987813967e-11
            ],
            [
                1.5108673122946728e-05,
                0.0953461248040094,
                0.9046187807757335,
                1.9399920302290553e-05,
                5.858268317306888e-07
            ],
            [
                1.2015425727479346e-13,
                1.9171715130734134e-10,
                0.9999999997745208,
                3.331544540976237e-11,
                3.2661313416206405e-13
            ],
            [
                0.9999999985441441,
                8.592166594493414e-10,
                3.978962524407811e-12,
                2.1297851648380522e-12,
                5.905303981981262e-10
            ],
            [
                0.9999999995275464,
                1.91717151045578e-10,
                7.835041771567696e-13,
                1.006039277550307e-12,
                2.789468088063769e-10
            ]
        ],
        [
            [
                0.999999999929335,
                5.4927883436997104e-11,
                0.0,
                0.0,
                1.5737102086077054e-11
            ],
            [
                0.9241355236880064,
                0.07585767032288565,
                5.010892786856202e-06,
                1.2669521068496416e-06,
                5.28144214097283e-07
            ],
            [
                2.6810038668852285e-14,
                1.4930946756978468e-10,
                0.9999999998347722,
                1.5737102101600135e-11,
                1.5428112026759444e-13
            ],
            [
                0.9999993256870845,
                2.510999141955935e-08,
                3.5817479106155883e-10,
                1.2501528595220782e-09,
                6.475945964336082e-07
            ],
            [
                0.9999999992903887,
                5.905303987371036e-10,
                1.658678355663613e-12,
                1.1399918508102403e-12,
                1.1628233007432375e-10
            ]
        ],
        [
            [
                0.9999999996856079,
                2.7894680885046763e-10,
                2.1297851676236407e-12,
                0.0,
                3.331544536954061e-11
            ],
            [
                6.396978907493821e-05,
                0.09007617150691181,
                0.05463395889640066,
                0.854618971347362,
                0.0006069284602505875
            ],
            [
                8.15172612958299e-09,
                3.535625687506154e-05,
                0.999964388125698,
                2.382285849102158e-07,
                9.237115853561393e-09
            ],
            [
                0.004966152222918866,
                0.0008629878555518055,
                0.0006720956176848585,
                0.9463812232563659,
                0.04711754104747855
            ],
            [
                0.9999999989681234,
                3.581747921513323e-10,
                2.1297851657410374e-12,
                2.4133627659241304e-12,
                6.691586074908531e-10
            ]
        ],
        [
            [
                0.9999999997823368,
                1.917171510263517e-10,
                0.0,
                0.0,
                2.594609493546776e-11
            ],
            [
                5.634556416455168e-07,
                0.01406343354991708,
                0.9859227399834526,
                1.2824191293707752e-05,
                4.388196949395293e-07
            ],
            [
                1.1628189038464944e-10,
                2.902312196494836e-06,
                0.9999970964587247,
                1.1032518585219524e-09,
                9.544998812208301e-12
            ],
            [
                0.9999999996028912,
                2.7894680872834703e-10,
                1.8795288127756336e-12,
                0.0,
                1.1628233006937332e-10
            ],
            [
                0.999999999075214,
                4.599055370447589e-10,
                3.511422107112125e-12,
                1.4637785115145242e-12,
                4.599055370447589e-10
            ]
        ],
        [
            [
                0.9999999995092301,
                4.5990553698801764e-10,
                1.463778511333929e-12,
                0.0,
                2.940077733676631e-11
            ],
            [
                5.0962434004362485e-06,
                0.06008430452618813,
                0.9398765860147662,
                3.323168140742084e-05,
                7.815342377075864e-07
            ],
            [
                1.4637785133868968e-12,
                2.7894680914606166e-10,
                0.9999999996268989,
                9.056076985100761e-11,
                2.1297851698805287e-12
            ],
            [
                0.9999999983466821,
                9.73620027114496e-10,
                6.56020013994563e-12,
                3.9789625187281325e-12,
                6.691586062519688e-10
            ],
            [
                0.9999999994883801,
                4.0586521193252705e-10,
                2.1297851672035877e-12,
                1.0060392775109043e-12,
                1.026187961362279e-10
            ]
        ],
        [
            [
                0.9999999995300137,
                4.05865211881866e-10,
                1.8795288129931732e-12,
                0.0,
                6.224144611165342e-11
            ],
            [
                4.44563026092028e-07,
                0.001169506384993516,
                0.9988271032802568,
                2.8989150807327106e-06,
                4.6856642904931195e-08
            ],
            [
                8.423464805229906e-12,
                6.825604227775537e-08,
                0.9999999313212455,
                4.05865263276082e-10,
                8.423464805229906e-12
            ],
            [
                0.9999999986768058,
                4.599055369850992e-10,
                1.6586783557399777e-12,
                2.4133627672147022e-12,
                8.59216660273107e-10
            ],
            [
                0.9999999994071,
                7.052879842765569e-11,
                5.384940211381335e-13,
                6.914400098757492e-13,
                5.211412481721197e-10
            ]
        ],
        [
            [
                0.9999999996864459,
                2.789468088507014e-10,
                1.2917800027660308e-12,
                0.0,
                3.3315445369568525e-11
            ],
            [
                3.011514323265472e-05,
                0.8517325159462643,
                0.1480089164044268,
                0.00022252248277341744,
                5.930023302956288e-06
            ],
            [
                2.882350783172302e-13,
                3.3982678073843677e-09,
                0.999999996552495,
                4.847368688995265e-11,
                4.752193045835348e-13
            ],
            [
                0.999999999513143,
                1.6918979199248216e-10,
                8.878265464342214e-13,
                6.914400095945526e-13,
                3.1608814492875343e-10
            ],
            [
                0.9999999995371942,
                3.5817479246739426e-10,
                1.0060392777077974e-12,
                1.0060392777077974e-12,
                1.0261879615631154e-10
            ]
        ],
        [
            [
                0.9999999997399422,
                2.4616969476879395e-10,
                0.0,
                0.0,
                1.388794384167857e-11
            ],
            [
                0.02256382196137892,
                0.9594382456924196,
                0.006464643227434364,
                0.010658394796558562,
                0.0008748943222084797
            ],
            [
                5.905281626327011e-10,
                3.7266390534178483e-06,
                0.9999962568713403,
                1.5229922044972827e-08,
                6.691560739796405e-10
            ],
            [
                0.9999999985432302,
                8.592166597177942e-10,
                3.5114221043871806e-12,
                3.5114221043871806e-12,
                5.905303983826309e-10
            ],
            [
                0.9999999994036732,
                2.7894680881279927e-10,
                1.2917800025905091e-12,
                0.0,
                3.1608814489415133e-10
            ]
        ],
        [
            [
                0.9999999990205208,
                7.582560397745145e-10,
                3.978962520007176e-12,
                0.0,
                2.172439926436095e-10
            ],
            [
                0.9999920632391521,
                7.889264655683953e-06,
                1.344030744174876e-08,
                5.602753705267475e-09,
                2.8453131077461582e-08
            ],
            [
                1.7482341252150547e-13,
                1.6052280523795915e-09,
                0.9999999983682315,
                2.5946094937409575e-11,
                4.1937956510485766e-13
            ],
            [
                0.9999999983493777,
                6.691586073732438e-10,
                5.109089014655837e-12,
                2.7346982844153634e-12,
                9.736200287459416e-10
            ],
            [
                0.9999999993263786,
                5.905303987583568e-10,
                1.8795288129232942e-12,
                1.291780002300903e-12,
                7.991959877579205e-11
            ]
        ],
        [
            [
                0.9999999993634221,
                5.905303986819348e-10,
                2.1297851665829385e-12,
                1.1399918507037392e-12,
                4.277787860185901e-11
            ],
            [
                1.831185649044589e-05,
                0.013801729957719775,
                0.01772177205997282,
                0.9675758710486675,
                0.0008823150771495678
            ],
            [
                2.245193987054737e-06,
                0.006692829002729013,
                0.9933040715797263,
                8.259607092791791e-07,
                2.8262848224442152e-08
            ],
            [
                0.9999999988060371,
                9.736200290643383e-10,
                3.0988191316031597e-12,
                0.0,
                2.1724399300884472e-10
            ],
            [
                0.9999999998037981,
                7.991959874913237e-11,
                0.0,
                0.0,
                1.1628233003971913e-10
            ]
        ],
        [
            [
                0.9999999998629723,
                1.1628233009961615e-10,
                5.384940208372093e-13,
                0.0,
                2.0206839055016692e-11
            ],
            [
                0.005216601991686612,
                0.9941085827482345,
                0.00033348620809517594,
                0.00033348620809517594,
                7.842843888466516e-06
            ],
            [
                3.581741554887287e-10,
                1.3709566461210899e-06,
                0.999998622933084,
                5.6027864647401595e-09,
                1.4930920185367557e-10
            ],
            [
                0.9999999945166527,
                3.850741897404308e-09,
                1.7832472790690965e-11,
                9.54503485997127e-12,
                1.6052280446126114e-09
            ],
            [
                0.9999999997431732,
                2.1724399324059452e-10,
                1.139991851641656e-12,
                6.914400098432401e-13,
                3.775134539633995e-11
            ]
        ],
        [
            [
                0.9999999998596298,
                1.0261879613788773e-10,
                0.0,
                0.0,
                3.77513453768923e-11
            ],
            [
                3.1137313542162316e-05,
                0.8806419743335225,
                0.11918192974139105,
                0.0001395477577815983,
                5.410853762674495e-06
            ],
            [
                0.00012336226576624,
                0.9996148103188439,
                0.0002611579186765073,
                6.473457593730482e-07,
                2.2150953782782258e-08
            ],
            [
                0.9999999996370177,
                1.9171715119302647e-10,
                1.2917800035542676e-12,
                7.835041777593578e-13,
                1.6918979210018845e-10
            ],
            [
                0.9999999994023614,
                3.1608814479468953e-10,
                1.4637785111774967e-12,
                1.1399918507481297e-12,
                2.7894680872502455e-10
            ]
        ],
        [
            [
                0.9999999997205145,
                2.1724399320750944e-10,
                0.0,
                0.0,
                6.2241446143014e-11
            ],
            [
                0.999662178967548,
                0.0003353494211588942,
                8.312481076414123e-07,
                2.698667491327436e-07,
                1.3704964362976262e-06
            ],
            [
                2.5107598210855515e-08,
                9.610239957577502e-05,
                0.999903782212376,
                8.763412859404107e-08,
                2.6463213820350235e-09
            ],
            [
                0.9999999862919253,
                1.8189616606118029e-09,
                1.573710187377548e-11,
                1.2256067262570815e-11,
                1.1861119975664857e-08
            ],
            [
                0.9999999994231175,
                3.5817479217018713e-10,
                1.4637785106189236e-12,
                0.0,
                2.1724399298741896e-10
            ]
        ],
        [
            [
                0.9999999997283633,
                1.9171715101600406e-10,
                0.0,
                0.0,
                7.991959877954105e-11
            ],
            [
                0.06740766452328223,
                0.8211934036685662,
                0.01931261923106282,
                0.08655315452745496,
                0.005533158049633854
            ],
            [
                1.542811198801793e-13,
                2.646573631378248e-09,
                0.9999999973236733,
                2.940077730918433e-11,
                1.9810087924119864e-13
            ],
            [
                0.999999995923285,
                1.416608779305204e-09,
                8.42346371083535e-12,
                5.109089001598393e-12,
                2.6465736251999426e-09
            ],
            [
                0.9999999990196731,
                7.582560413095985e-10,
                2.413362767117631e-12,
                2.413362767117631e-12,
                2.1724399308341847e-10
            ]
        ],
        [
            [
                0.9999999995456612,
                4.058652117249158e-10,
                0.0,
                0.0,
                4.84736869525073e-11
            ],
            [
                2.5504385524741778e-05,
                0.8173730578899969,
                0.1823805849901883,
                0.0002135456054963398,
                7.3071287938101155e-06
            ],
            [
                1.361526106205162e-13,
                1.2501528646564027e-09,
                0.9999999987064581,
                4.277787863048101e-11,
                4.75219305619363e-13
            ],
            [
                0.9999999978633325,
                5.211412468387979e-10,
                5.7893563070674854e-12,
                4.5087552254235346e-12,
                1.605228049179016e-09
            ],
            [
                0.9999999995694457,
                2.7894680892711496e-10,
                1.0060392779857567e-12,
                1.2917800031198958e-12,
                1.493094674271414e-10
            ]
        ],
        [
            [
                0.999999999788449,
                1.4930946737661674e-10,
                0.0,
                0.0,
                6.22414461277388e-11
            ],
            [
                0.000173838834638097,
                0.054618538238239304,
                0.09005074576793344,
                0.8543777855539912,
                0.0007790916051978655
            ],
            [
                3.5817482869569745e-10,
                8.764249092195634e-08,
                0.9999999061175905,
                5.602796995468953e-09,
                2.7894683706467545e-10
            ],
            [
                0.9999999966692841,
                6.691586063255486e-10,
                8.423463719174902e-12,
                6.560200140666982e-12,
                2.6465736278201517e-09
            ],
            [
                0.9999999987753527,
                1.1032560276838327e-09,
                5.109089006484535e-12,
                0.0,
                1.1628232981107871e-10
            ]
        ],
        [
            [
                0.9999999994434134,
                5.211412476622433e-10,
                2.1297851663515848e-12,
                0.0,
                3.3315445349642306e-11
            ],
            [
                1.1880841313351803e-06,
                0.01798588431943869,
                0.9819958906652904,
                1.640099553030558e-05,
                6.359356093392123e-07
            ],
            [
                4.752192908585082e-13,
                3.2241866326472037e-08,
                0.9999999676865196,
                7.052879622279742e-11,
                6.10193647962649e-13
            ],
            [
                0.999999998647231,
                2.4616969457693954e-10,
                1.8795288119229138e-12,
                1.4637785105308323e-12,
                1.1032560296339296e-09
            ],
            [
                0.9999999996199354,
                2.4616969464020484e-10,
                2.1297851662723317e-12,
                0.0,
                1.3176514241119965e-10
            ]
        ],
        [
            [
                0.999999999195565,
                6.691586070281014e-10,
                3.511422102350548e-12,
                0.0,
                1.3176514228720843e-10
            ],
            [
                0.9999996035332106,
                8.764249561701964e-08,
                1.1032562013089416e-09,
                1.8189619661298744e-09,
                3.0590207562015286e-07
            ],
            [
                1.4637786972752314e-12,
                6.825604230360682e-08,
                0.9999999316245529,
                1.1628234485156249e-10,
                1.6586785664496026e-12
            ],
            [
                0.9999999995228797,
                3.5817479250869947e-10,
                1.879528813812375e-12,
                7.835041773697778e-13,
                1.1628233013351423e-10
            ],
            [
                0.9999999994905922,
                1.493094673982863e-10,
                1.1399918513537155e-12,
                7.835041773444804e-13,
                3.5817479249713487e-10
            ]
        ],
        [
            [
                0.9999999998388343,
                1.3176514249305897e-10,
                0.0,
                0.0,
                2.940077734645693e-11
            ],
            [
                6.517286916455846e-06,
                0.059841695795122135,
                0.9360816750614431,
                0.003825552469226596,
                0.0002445593872916953
            ],
            [
                2.2897348397367754e-11,
                2.0611536171196455e-09,
                0.9999999975512139,
                3.5817479210402974e-10,
                6.560200151224847e-12
            ],
            [
                0.9999999870138232,
                1.1032560169423238e-09,
                9.545034789593879e-12,
                1.225606727300727e-11,
                1.1861119985765002e-08
            ],
            [
                0.9999999995496058,
                3.5817479235960466e-10,
                1.6586783558174738e-12,
                0.0,
                9.056076972765144e-11
            ]
        ],
        [
            [
                0.9999999994761943,
                4.599055368860773e-10,
                1.6586783553828492e-12,
                0.0,
                6.22414460965637e-11
            ],
            [
                0.0005924495438698963,
                0.9453078778714737,
                0.01731391359611705,
                0.036653565626935655,
                0.00013219336160355416
            ],
            [
                2.882350783012647e-13,
                3.3982678071961353e-09,
                0.9999999965301316,
                7.052879825586533e-11,
                7.83504175670798e-13
            ],
            [
                0.9999999994604902,
                4.0586521135444893e-10,
                1.8795288105507476e-12,
                0.0,
                1.3176514228113992e-10
            ],
            [
                0.9999999992570614,
                5.905303987174228e-10,
                3.0988191325455955e-12,
                0.0,
                1.4930946732212898e-10
            ]
        ],
        [
            [
                0.999999999813189,
                1.1628233004081113e-10,
                0.0,
                0.0,
                7.052879835257535e-11
            ],
            [
                0.0018442757627805714,
                0.9553584532419203,
                0.013627457073083757,
                0.028849326850106827,
                0.00032048707210845755
            ],
            [
                1.060357596781242e-13,
                2.061153617829463e-09,
                0.9999999978955925,
                4.277787859403126e-11,
                3.701011670316571e-13
            ],
            [
                0.9999999970679518,
                5.905303975879881e-10,
                3.511422099662062e-12,
                2.4133627624074197e-12,
                2.3355930296772857e-09
            ],
            [
                0.9999999998892848,
                6.224144612227504e-11,
                0.0,
                0.0,
                4.8473686979524466e-11
            ]
        ],
        [
            [
                0.9999999998453377,
                1.3176514251584899e-10,
                0.0,
                0.0,
                2.2897348424288986e-11
            ],
            [
                6.503081711955793e-06,
                0.49995631491479275,
                0.4999563140132619,
                7.922375368186264e-05,
                1.6442365515361414e-06
            ],
            [
                9.930228346615178e-08,
                9.610239533519069e-05,
                0.9999032617645621,
                5.042990877268164e-07,
                3.223873134160443e-08
            ],
            [
                0.9999999995238453,
                1.1628233013362652e-10,
                1.0060392778247867e-12,
                6.914400096915881e-13,
                3.5817479250904534e-10
            ],
            [
                0.9999999997977063,
                7.05287983321275e-11,
                0.0,
                0.0,
                1.3176514236654966e-10
            ]
        ],
        [
            [
                0.9999999998304836,
                1.493094674944943e-10,
                0.0,
                0.0,
                2.02068390732752e-11
            ],
            [
                5.204616706769456e-05,
                0.09410163453731295,
                0.892811543169247,
                0.01273527111408868,
                0.00029950501228359644
            ],
            [
                3.442477106805819e-14,
                3.1608814527856636e-10,
                0.9999999996658908,
                1.783247289952584e-11,
                1.542811202446064e-13
            ],
            [
                0.9999999991677038,
                7.582560401533165e-10,
                3.511422101160731e-12,
                0.0,
                7.052879826576109e-11
            ],
            [
                0.9999999996397397,
                2.789468089467233e-10,
                7.835041775509736e-13,
                6.101936670164153e-13,
                7.991959883207921e-11
            ]
        ],
        [
            [
                0.9999999997377542,
                1.9171715105396596e-10,
                0.0,
                0.0,
                7.0528798392714e-11
            ],
            [
                1.985482497034065e-05,
                0.4373314967759469,
                0.5615447573784089,
                0.0010840361957036154,
                1.985482497034065e-05
            ],
            [
                2.4861870691910923e-06,
                0.029311927079910358,
                0.9706777486389331,
                7.65799530008454e-06,
                1.8009878723390042e-07
            ],
            [
                0.9999999433118634,
                3.3982676231044413e-09,
                2.9400775693732855e-11,
                1.0261879038653576e-10,
                5.3157849472177895e-08
            ],
            [
                0.999999999713236,
                1.6918979197331975e-10,
                0.0,
                1.2917800025856133e-12,
                1.1628233010413754e-10
            ]
        ],
        [
            [
                0.9999999990657458,
                8.592166591079037e-10,
                4.508755227551884e-12,
                0.0,
                7.05287982805032e-11
            ],
            [
                3.694592745812936e-06,
                0.008577264915270269,
                0.991396955203611,
                2.1260913301806483e-05,
                8.243750710564675e-07
            ],
            [
                4.752193005616556e-13,
                1.186112000869021e-08,
                0.9999999880756248,
                6.224144548050034e-11,
                5.384940152989392e-13
            ],
            [
                0.9999999997680302,
                6.22414461264679e-11,
                0.0,
                5.384940208876539e-13,
                1.6918979198259038e-10
            ],
            [
                0.9999999995504809,
                9.05607697277307e-11,
                0.0,
                7.8350417704432e-13,
                3.581747923599181e-10
            ]
        ],
        [
            [
                0.9999999997707709,
                1.4930946731390215e-10,
                0.0,
                0.0,
                7.991959876584874e-11
            ],
            [
                3.653308289786608e-08,
                4.539781179460799e-05,
                0.9999531582269102,
                1.3708951292960307e-06,
                3.653308289786608e-08
            ],
            [
                1.5428112009570246e-13,
                1.2501528645758142e-09,
                0.999999998700744,
                4.847368699248525e-11,
                4.75219305588729e-13
            ],
            [
                0.9999999917015775,
                5.6027963848615776e-09,
                3.331544510844302e-11,
                1.5737101958907728e-11,
                2.6465736140268828e-09
            ],
            [
                0.9999999997925468,
                1.1628233009142691e-10,
                6.101936666544459e-13,
                0.0,
                9.056076973257088e-11
            ]
        ],
        [
            [
                0.9999999995696378,
                3.5817479229922105e-10,
                1.658678355537842e-12,
                0.0,
                7.052879836755387e-11
            ],
            [
                3.274003675319587e-05,
                0.1823346170646344,
                0.8171670325545529,
                0.0004519622662140557,
                1.3648077845285826e-05
            ],
            [
                8.151975098367496e-09,
                3.7266358729137183e-06,
                0.9999951652714113,
                1.067699053741042e-06,
                3.2241686957381466e-08
            ],
            [
                0.9999999996289479,
                2.7894680899672903e-10,
                1.0060392782368242e-12,
                5.384940212152564e-13,
                9.05607698025264e-11
            ],
            [
                0.9999999995698641,
                2.789468088591577e-10,
                1.879528813657029e-12,
                0.0,
                1.493094673907665e-10
            ]
        ],
        [
            [
                0.9999999995365862,
                2.4616969467230157e-10,
                0.0,
                0.0,
                2.1724399305850172e-10
            ],
            [
                5.774916338330942e-06,
                0.9398956924534595,
                0.06008552558227956,
                1.222549798418341e-05,
                7.815499383157603e-07
            ],
            [
                4.752193061673403e-13,
                1.1628233027534865e-10,
                0.9999999998489211,
                3.3315445413968304e-11,
                1.0060392790509234e-12
            ],
            [
                0.9999999967525979,
                2.646573628040648e-09,
                5.789356304955972e-12,
                4.508755223779086e-12,
                5.905303974693207e-10
            ],
            [
                0.9999999997707709,
                7.991959876584874e-11,
                0.0,
                0.0,
                1.4930946731390215e-10
            ]
        ],
        [
            [
                0.9999999996859708,
                2.7894680889154526e-10,
                1.2917800029551754e-12,
                4.75219305603594e-13,
                3.3315445374446635e-11
            ],
            [
                0.30716209664828975,
                0.65026215832699,
                0.015292701207709624,
                0.025213401767612397,
                0.002069642049398271
            ],
            [
                1.0603575982639962e-13,
                5.90530399399646e-10,
                0.9999999993794244,
                2.940077736821218e-11,
                5.384940213242427e-13
            ],
            [
                0.9999999988033077,
                6.69158607753549e-10,
                3.978962527656855e-12,
                2.4133627668715596e-12,
                5.211412477174349e-10
            ],
            [
                0.9999999997707709,
                1.4930946739883067e-10,
                0.0,
                0.0,
                7.991959881130771e-11
            ]
        ],
        [
            [
                0.9999999993078998,
                6.691586075920012e-10,
                2.734698285309375e-12,
                0.0,
                2.0206839043800433e-11
            ],
            [
                2.208289025397507e-06,
                0.9769766558311226,
                0.02297628847321137,
                4.4354670756691735e-05,
                4.927358838909658e-07
            ],
            [
                5.384940133783676e-13,
                1.5229979507223106e-08,
                0.9999999845756351,
                1.917171483862793e-10,
                2.1297851377448636e-12
            ],
            [
                0.9999999992293456,
                5.211412479394608e-10,
                1.8795288134756933e-12,
                1.4637785117401387e-12,
                2.4616969478031357e-10
            ],
            [
                0.9999999998609657,
                9.05607697842259e-11,
                0.0,
                0.0,
                4.847368700248417e-11
            ]
        ],
        [
            [
                0.9999999998892324,
                9.056076977348266e-11,
                0.0,
                0.0,
                2.020683906272227e-11
            ],
            [
                0.5481290831635656,
                0.42688333951413693,
                0.004742246283789694,
                0.016552065919174946,
                0.0036932651193328737
            ],
            [
                2.087967911325992e-14,
                2.9400777388339616e-11,
                0.9999999999630513,
                7.433680671213119e-12,
                9.357622967406297e-14
            ],
            [
                0.9999999966624376,
                2.0611536118101696e-09,
                1.7832472816192814e-11,
                8.423463711032854e-12,
                1.2501528599402993e-09
            ],
            [
                0.9999999997179194,
                1.493094674493099e-10,
                0.0,
                1.006039278135127e-12,
                1.3176514255057147e-10
            ]
        ],
        [
            [
                0.9999999996815345,
                2.4616969486346616e-10,
                1.2917800031169058e-12,
                4.752193056630913e-13,
                7.052879841999235e-11
            ],
            [
                0.006600389970563479,
                0.9795848380678122,
                0.0051403888776514845,
                0.008475068482254362,
                0.00019931460171851653
            ],
            [
                5.211402916004895e-10,
                2.2603252553983245e-06,
                0.9999977317133153,
                7.194119816747596e-09,
                2.461692430377704e-10
            ],
            [
                0.9999999994020794,
                3.1608814484721514e-10,
                1.8795288130655757e-12,
                1.0060392774240825e-12,
                2.7894680877137825e-10
            ],
            [
                0.9999999992809157,
                3.58174792119254e-10,
                2.7346982846510844e-12,
                0.0,
                3.58174792119254e-10
            ]
        ],
        [
            [
                0.9999999997734448,
                2.1724399318709573e-10,
                8.878265465349052e-13,
                0.0,
                8.42346374202965e-12
            ],
            [
                4.606356126996795e-06,
                0.03732569976496528,
                0.9626423856649434,
                2.650774929505115e-05,
                8.004646691253526e-07
            ],
            [
                4.138856139991401e-08,
                0.00026119030223734974,
                0.9997383603994633,
                3.926837372092893e-07,
                1.522600083869029e-08
            ],
            [
                0.9999999785936373,
                1.8189616472364535e-09,
                1.388794355714304e-11,
                1.7832472512896425e-11,
                1.955568065440628e-08
            ],
            [
                0.9999999991947417,
                5.211412477176944e-10,
                3.5114221061590956e-12,
                1.6586783555049651e-12,
                2.789468087135421e-10
            ]
        ],
        [
            [
                0.9999999996133833,
                3.16088144570911e-10,
                0.0,
                0.0,
                7.052879831912741e-11
            ],
            [
                0.00795371034044326,
                0.9193240974258682,
                0.013113451419276362,
                0.05877042591213983,
                0.0008383149022724018
            ],
            [
                9.545036122070566e-12,
                3.059023589351289e-07,
                0.9999996937684964,
                3.1608818514441066e-10,
                3.511422554548551e-12
            ],
            [
                0.9999999996111144,
                3.160881449132886e-10,
                1.6586783561955937e-12,
                6.101936667604015e-13,
                7.052879839552219e-11
            ],
            [
                0.9999999997028364,
                7.99195988058784e-11,
                0.0,
                0.0,
                2.172439931717565e-10
            ]
        ],
        [
            [
                0.9999999992570379,
                5.90530398804156e-10,
                1.6586783558519492e-12,
                1.4637785114234545e-12,
                1.4930946734405857e-10
            ],
            [
                2.423556564795826e-05,
                0.22253089449037383,
                0.7767091404021603,
                0.0007082670480946812,
                2.746249372318342e-05
            ],
            [
                1.0467122742141876e-08,
                2.7535688989826756e-05,
                0.9999724337676003,
                1.9555159748953437e-08,
                5.21127355577841e-10
            ],
            [
                0.9999999995652162,
                3.1608814464243303e-10,
                2.4133627658096115e-12,
                0.0,
                1.1628233001197628e-10
            ],
            [
                0.9999999991961526,
                5.211412477949837e-10,
                1.8795288129546273e-12,
                1.8795288129546273e-12,
                2.789468087549121e-10
            ]
        ],
        [
            [
                0.9999999989496837,
                9.736200287154654e-10,
                4.5087552303216264e-12,
                1.6586783545095375e-12,
                7.052879832382926e-11
            ],
            [
                8.630239928966879e-06,
                0.14804511217655786,
                0.8519408201146063,
                5.234505117594592e-06,
                2.0296378932582517e-07
            ],
            [
                4.324376994824004e-05,
                0.9525069807672932,
                0.04742252979445184,
                2.6228672315167385e-05,
                1.0169959914984335e-06
            ],
            [
                0.999999997711772,
                1.4166087813948917e-09,
                8.423463723261089e-12,
                3.978962521095833e-12,
                8.592166587341534e-10
            ],
            [
                0.9999999997870854,
                7.991959886532833e-11,
