{
    "[['A', 'B', 'C', 'D', 'E'], ['A', 'B', 'C', 'D', 'E']]": [
        [
            [
                0.9999999998946465,
                1.0261879619299286e-10,
                0.0,
                0.0,
                2.7346982882866923e-12
            ],
            [
                0.9999999715286843,
                2.84533472132743e-08,
                9.545034628787609e-12,
                0.0,
                8.423463494967769e-12
            ],
            [
                4.1381539537783437e-08,
                0.00043055695413069716,
                0.9995692875731064,
                1.1248668695921623e-07,
                1.6045364144346365e-09
            ],
            [
                1.3164506499040762e-10,
                2.459453604842313e-10,
                1.3164506499040762e-10,
                0.0009110514040971444,
                0.9990889480866673
            ],
            [
                4.2777800463977945e-11,
                7.052866953872626e-11,
                2.289730658524916e-11,
                2.2603252736326344e-06,
                0.9999977395385227
            ]
        ],
        [
            [
                0.9999999995335342,
                4.5990553707574924e-10,
                0.0,
                0.0,
                6.5602001568924166e-12
            ],
            [
                0.9999999936368724,
                6.348800062559603e-09,
                3.5114220837953044e-12,
                0.0,
                1.081594146616916e-11
            ],
            [
                1.6918914724009162e-10,
                2.9023093438053537e-06,
                0.9999965908401431,
                5.0434573978613e-07,
                2.3355841345532735e-09
            ],
            [
                7.693769186115698e-08,
                5.684969212843292e-07,
                3.5171659085440276e-05,
                0.9947442433522455,
                0.0052199395540558115
            ],
            [
                3.7751134280976084e-11,
                7.052840400891456e-11,
                2.9400612939857935e-11,
                6.144172126189125e-06,
                0.9999938556901936
            ]
        ],
        [
            [
                0.9999999996804005,
                3.1608814475539545e-10,
                0.0,
                0.0,
                3.511422105867121e-12
            ],
            [
                0.9999982396055086,
                1.760343130611405e-06,
                3.331538520931828e-11,
                5.78934586539387e-12,
                1.2256045293215343e-11
            ],
            [
                1.9810087935600945e-13,
                2.061153617768068e-09,
                0.9999999978833503,
                5.492788338508249e-11,
                3.7010116702063305e-13
            ],
            [
                2.461194830101207e-10,
                3.1602367172704173e-10,
                1.691552819744328e-10,
                0.00020342706079462433,
                0.999796572207907
            ],
            [
                1.7832473307647137e-11,
                3.7751346288534066e-11,
                1.5737102459421072e-11,
                6.475946144976456e-07,
                0.9999993523340646
            ]
        ],
        [
            [
                0.9999999999075597,
                9.056076978844551e-11,
                0.0,
                0.0,
                1.8795288142917377e-12
            ],
            [
                0.9999999881361127,
                1.1861119999076613e-08,
                1.879528792410618e-12,
                0.0,
                8.87826536448486e-13
            ],
            [
                1.493088966704172e-10,
                2.902312078232752e-06,
                0.999997055823307,
                4.139921887943513e-08,
                3.1608693673169334e-10
            ],
            [
                8.109451773784976e-09,
                1.7167709539822477e-08,
                1.3638000913233239e-06,
                0.994778491976578,
                0.0052201189461694095
            ],
            [
                1.3176515283121223e-10,
                6.224145101427268e-11,
                1.3887944932685314e-11,
                8.315279900251983e-07,
                0.9999991682641154
            ]
        ],
        [
            [
                0.9999999994649706,
                5.211412474358759e-10,
                0.0,
                0.0,
                1.3887943828908376e-11
            ],
            [
                0.999999168461842,
                8.315279896557948e-07,
                7.433681240559825e-12,
                0.0,
                2.7346985006237826e-12
            ],
            [
                1.9810087949576546e-13,
                1.2501528644359039e-09,
                0.9999999986312369,
                1.1628233012075343e-10,
                2.1297851676322974e-12
            ],
            [
                1.493006502087422e-10,
                1.9170582959603095e-10,
                7.052463346109562e-11,
                5.8291276753652806e-05,
                0.9999417083117152
            ],
            [
                6.224038158055091e-11,
                1.0261704100834675e-10,
                7.052759210629026e-11,
                1.670141510534885e-05,
                0.9999832983495097
            ]
        ],
        [
            [
                0.9999999998398745,
                1.4930946738429504e-10,
                0.0,
                0.0,
                1.0815941540231827e-11
            ],
            [
                0.9999999995386684,
                4.599055372579042e-10,
                5.384940210642962e-13,
                0.0,
                8.87826546673548e-13
            ],
            [
                2.5946095319022856e-11,
                6.475946083823351e-07,
                0.9999993429926862,
                9.237449781686802e-09,
                1.4930946955474867e-10
            ],
            [
                3.95186879986126e-09,
                1.379337743440893e-08,
                3.308859234776686e-08,
                0.37754065695556194,
                0.6224592922105995
            ],
            [
                3.331538527235926e-11,
                5.492778434010849e-11,
                1.573707369434311e-11,
                1.7603431339424114e-06,
                0.9999982395528858
            ]
        ],
        [
            [
                0.9999999998471791,
                1.4930946735722307e-10,
                0.0,
                0.0,
                3.5114221072032604e-12
            ],
            [
                0.9999982396135583,
                1.7603431306255752e-06,
                2.594604808955143e-11,
                5.109079794242151e-12,
                1.2256045293314e-11
            ],
            [
                3.701011605073031e-13,
                1.9555680699381943e-08,
                0.9999999803269755,
                1.1628232799229124e-10,
                6.914399969587431e-13
            ],
            [
                7.55229700339594e-09,
                1.0988527300587859e-08,
                1.0425624425859145e-07,
                0.8175743693020184,
                0.1824255079009131
            ],
            [
                1.680978426268705e-09,
                4.569373110157904e-09,
                2.047850952609133e-08,
                0.07585817389488822,
                0.9241417993762507
            ]
        ],
        [
            [
                0.9999999994693136,
                5.211412480645181e-10,
                0.0,
                0.0,
                9.545034909573955e-12
            ],
            [
                0.999999998889491,
                1.1032560293474007e-09,
                1.4637785101506716e-12,
                0.0,
                5.789356313008283e-12
            ],
            [
                2.244777048417025e-13,
                2.6465736311231154e-09,
                0.9999999972497995,
                1.0261879601512286e-10,
                7.835041762014342e-13
            ],
            [
                3.3581643025433517e-09,
                1.5050248251107988e-08,
                4.635802824346196e-08,
                0.32082126739416145,
                0.6791786678393978
            ],
            [
                1.493083362616944e-10,
                1.1628144919969625e-10,
                4.2777554550189714e-11,
                7.889265047662639e-06,
                0.999992110426585
            ]
        ],
        [
            [
                0.9999999985596728,
                1.416608783039934e-09,
                3.5114221044449176e-12,
                0.0,
                2.0206839038824396e-11
            ],
            [
                0.9999999969951805,
                2.9989608110319556e-09,
                1.8795288078743663e-12,
                0.0,
                3.978962517494034e-12
            ],
            [
                3.70101165896423e-13,
                4.36346222980193e-09,
                0.9999999948656555,
                7.582560387697538e-10,
                1.225606737909901e-11
            ],
            [
                4.129661410234777e-08,
                9.906542729461531e-08,
                1.0104938663848262e-05,
                0.9975171565532001,
                0.0024725981460948527
            ],
            [
                6.224061896010364e-11,
                1.0261743238106455e-10,
                3.77508436787943e-11,
                1.3007124770331151e-05,
                0.9999869926726208
            ]
        ],
        [
            [
                0.9999999995890259,
                4.0586521197337566e-10,
                0.0,
                0.0,
                5.1090890195764795e-12
            ],
            [
                0.9999999881285818,
                1.1861119988960591e-08,
                4.508755180568254e-12,
                0.0,
                5.789356249472165e-12
            ],
            [
                1.0060392788286909e-12,
                2.7894680916083727e-10,
                0.9999999996386637,
                7.991959889342389e-11,
                1.4637785134644318e-12
            ],
            [
                1.2256021216677887e-11,
                4.2777717340134574e-11,
                1.3887891482432751e-11,
                3.726639115892369e-06,
                0.9999962732919625
            ],
            [
                4.274753735738975e-11,
                1.4920356596420228e-10,
                1.0254601124457783e-10,
                0.0007096703430474921,
                0.9992903293624554
            ]
        ],
        [
            [
                0.9999999999423375,
                5.492788346473015e-11,
                0.0,
                0.0,
                2.734698289360583e-12
            ],
            [
                0.9999993523834037,
                6.475946132490311e-07,
                1.573710242907867e-11,
                2.7346983475845796e-12,
                3.5114221852725683e-12
            ],
            [
                9.357622967442572e-14,
                4.277787868330091e-11,
                0.999999999912887,
                4.277787868330091e-11,
                1.463778513907287e-12
            ],
            [
                1.3414491361794943e-08,
                1.9517969762881663e-08,
                3.920292762060939e-07,
                0.7772995412313016,
                0.22270003380696105
            ],
            [
                1.3887944543423707e-11,
                2.5946096250294232e-11,
                5.109089277654696e-12,
                1.4449803167000286e-07,
                0.9999998554570252
            ]
        ],
        [
            [
                0.9999999997803426,
                2.1724399324866935e-10,
                0.0,
                0.0,
                2.4133627689534023e-12
            ],
            [
                0.9999989322829856,
                1.067703075892202e-06,
                9.545017468972647e-12,
                1.6586753258867636e-12,
                2.734693290974974e-12
            ],
            [
                8.258073284043153e-14,
                4.847368705382283e-11,
                0.9999999999073741,
                4.277787868185365e-11,
                1.2917800045493595e-12
            ],
            [
                1.1626392724586078e-10,
                3.160381207377078e-10,
                1.0260255567679289e-10,
                0.00015843624734388222,
                0.9998415632177515
            ],
            [
                5.198526199765673e-10,
                8.570920721845567e-10,
                1.2470616065658538e-09,
                0.0024726229577169455,
                0.9975273744182769
            ]
        ],
        [
            [
                0.999999999229636,
                7.582560406441752e-10,
                1.2917800011282982e-12,
                0.0,
                1.0815941526660163e-11
            ],
            [
                0.9999999981766861,
                1.818961683019334e-09,
                1.4637785104774814e-12,
                4.752193050926442e-13,
                2.413362765817974e-12
            ],
            [
                1.2256068400735435e-11,
                1.1253518350308758e-07,
                0.9999998847575129,
                2.6465738454849627e-09,
                4.8473690846271145e-11
            ],
            [
                5.789356775246392e-12,
                3.331544799118479e-11,
                8.423464404145215e-12,
                8.315279902296253e-07,
                0.9999991684244814
            ],
            [
                8.423463304563671e-12,
                2.2897347233487008e-11,
                4.508755001478045e-12,
                5.315784970503423e-08,
                0.9999999468063208
            ]
        ],
        [
            [
                0.9999999996295692,
                3.5817479244786587e-10,
                0.0,
                0.0,
                1.22560674242375e-11
            ],
            [
                0.9997965728638031,
                0.00020342706074783976,
                6.22287505896406e-11,
                7.432164394450154e-12,
                5.788175450313194e-12
            ],
            [
                0.0,
                3.3315445411851736e-11,
                0.9999999998746603,
                9.056076987005586e-11,
                1.463778513694783e-12
            ],
            [
                1.7829650713298092e-11,
                1.0260255570699269e-10,
                4.2771108596193636e-11,
                0.00015843624778629894,
                0.9998415635890103
            ],
            [
                6.224144361865644e-11,
                1.0261879201316164e-10,
                1.783247216024814e-11,
                4.1399375451551725e-08,
                0.9999999584179318
            ]
        ],
        [
            [
                0.9999999998642559,
                1.317651425831566e-10,
                0.0,
                0.0,
                3.9789625322800465e-12
            ],
            [
                0.9999999996824482,
                3.160881451443353e-10,
                0.0,
                0.0,
                1.463778512796678e-12
            ],
            [
                6.5602006860622125e-12,
                1.1253518360357889e-07,
                0.9999998856133483,
                1.8189618311547005e-09,
                2.5946097031132258e-11
            ],
            [
                7.433652558636272e-12,
                2.2897261860114084e-11,
                5.789334433746682e-12,
                2.902312200115212e-06,
                0.9999970976516797
            ],
            [
                2.2897220381156914e-11,
                7.052840401142887e-11,
                3.7751134282321894e-11,
                6.144172126408162e-06,
                0.9999938556966969
            ]
        ],
        [
            [
                0.9999999996773516,
                3.1608814516465733e-10,
                0.0,
                0.0,
                6.560200162618349e-12
            ],
            [
                0.9999999997517004,
                2.4616969477168846e-10,
                0.0,
                0.0,
                2.129785167409888e-12
            ],
            [
                8.14989189444525e-09,
                0.00026119033529722186,
                0.9997387130362234,
                8.76195952222777e-08,
                8.589922859375529e-10
            ],
            [
                4.8471936274244075e-11,
                1.162781303790317e-10,
                5.492589960631346e-11,
                3.5356257514986865e-05,
                0.999964643522809
            ],
            [
                3.978962842329354e-12,
                2.2897350220195872e-11,
                5.10908942160699e-12,
                8.315279901474192e-07,
                0.9999991684400245
            ]
        ],
        [
            [
                0.9999999988693342,
                1.1032560290893596e-09,
                1.4637785098083076e-12,
                0.0,
                2.5946094906233355e-11
            ],
            [
                0.9999997617543532,
                2.3823698433502335e-07,
                5.1090894051774326e-12,
                1.1399919371898866e-12,
                2.413362949969305e-12
            ],
            [
                8.258073273519752e-14,
                1.2501528645646407e-09,
                0.9999999987116865,
                3.775134538776827e-11,
                3.26613133802705e-13
            ],
            [
                2.57786395496292e-10,
                1.6809784567132014e-09,
                6.648398765877338e-09,
                0.07585817529929073,
                0.9241418161135456
            ],
            [
                1.0815922030232378e-11,
                3.3315385274105495e-11,
                7.4336672516178e-12,
                1.7603431340346804e-06,
                0.999998239605301
            ]
        ],
        [
            [
                0.9999999998479558,
                1.493094674687256e-10,
                0.0,
                0.0,
                2.734698288826381e-12
            ],
            [
                0.9999999881308598,
                1.186111998898761e-08,
                3.5114220653118086e-12,
                0.0,
                4.508755180578524e-12
            ],
            [
                7.835041662694067e-13,
                1.5229979506845677e-08,
                0.9999999845989072,
                1.6918978961904989e-10,
                1.1399918352395786e-12
            ],
            [
                2.615341092166193e-09,
                6.2738771312944075e-09,
                7.643147026218975e-08,
                0.6791786349178182,
                0.3208212797614934
            ],
            [
                2.1297853431355045e-12,
                1.2256068434925357e-11,
                2.1297853431355045e-12,
                1.1253518381701934e-07,
                0.9999998874483005
            ]
        ],
        [
            [
                0.9999999994693136,
                5.211412472951175e-10,
                0.0,
                0.0,
                9.545034895481891e-12
            ],
            [
                0.9999999992370925,
                7.582560411385592e-10,
                1.1399918505597245e-12,
                0.0,
                3.51142210572331e-12
            ],
            [
                6.431393936749023e-14,
                5.905303994625768e-10,
                0.9999999993713657,
                3.775134541518519e-11,
                2.8823507913366596e-13
            ],
            [
                1.5988212740246576e-08,
                3.8353728537267506e-08,
                1.7188964991885113e-07,
                0.8175742891722159,
                0.18242548459619304
            ],
            [
                5.905090702804687e-10,
                4.058505530325908e-10,
                2.1723614678144676e-10,
                3.535625747642109e-05,
                0.9999646425289278
            ]
        ],
        [
            [
                0.999999999466384,
                5.211412479358125e-10,
                1.6586783561991872e-12,
                0.0,
                1.0815941539581382e-11
            ],
            [
                0.9999986290215002,
                1.3709566541070925e-06,
                1.5737074186998805e-11,
                2.1297813924130694e-12,
                3.978955476590087e-12
            ],
            [
                5.492788579039197e-11,
                1.4449803061111228e-07,
                0.9999998481906667,
                7.1941333290571436e-09,
                6.224144881361396e-11
            ],
            [
                3.774854055882302e-11,
                9.055404132987549e-11,
                4.277470033976065e-11,
                7.48461970991001e-05,
                0.9999251536318237
            ],
            [
                3.3314875564678835e-11,
                7.052759212387428e-11,
                2.94002744958203e-11,
                1.6701415109512866e-05,
                0.9999832984516477
            ]
        ],
        [
            [
                0.9999999992241271,
                7.582560404319028e-10,
                1.8795288106909935e-12,
                0.0,
                1.5737102057897444e-11
            ],
            [
                0.9999999990244861,
                9.736200292770246e-10,
                1.0060392771919929e-12,
                0.0,
                8.878265460003788e-13
            ],
            [
                3.16086348415087e-10,
                4.785094751321148e-06,
                0.9999951949018281,
                1.9555569910389925e-08,
                1.3176439359311785e-10
            ],
            [
                1.1591341140582308e-10,
                2.78061818860873e-10,
                3.5703844282778374e-10,
                0.0031726830738193447,
                0.9968273161751671
            ],
            [
                4.847331977214334e-11,
                7.991899336978183e-11,
                2.289717496068022e-11,
                7.889265048901868e-06,
                0.9999921105836617
            ]
        ],
        [
            [
                0.9999999999410931,
                5.492788344571169e-11,
                0.0,
                0.0,
                3.978962531213038e-12
            ],
            [
                0.9999977396689272,
                2.260325272248118e-06,
                4.508746994603695e-12,
                0.0,
                1.291777641782924e-12
            ],
            [
                9.357622966633212e-14,
                4.277787867960097e-11,
                0.999999999913463,
                4.277787867960097e-11,
                8.878265476365751e-13
            ],
            [
                1.3494242773429537e-09,
                2.5210564510068712e-09,
                9.970971686546038e-09,
                0.047425874807760386,
                0.9525741113507872
            ],
            [
                2.788899113988282e-10,
                4.5981172910692214e-10,
                2.1719968138812211e-10,
                0.00020342706076275093,
                0.9997965719833359
            ]
        ],
        [
            [
                0.9999999995783977,
                4.0586521152851963e-10,
                0.0,
                0.0,
                1.5737102063472634e-11
            ],
            [
                0.9999996940019648,
                3.059023582426281e-07,
                5.4927890286293053e-11,
                7.433681589485057e-12,
                3.3315449531968477e-11
            ],
            [
                2.882350766144754e-13,
                9.237449574479858e-09,
                0.9999999906449738,
                1.1628232920086387e-10,
                1.0060392697548086e-12
            ],
            [
                2.413353669093094e-12,
                1.783240564748899e-11,
                4.508738236137395e-12,
                3.7266391158597975e-06,
                0.9999962733361297
            ],
            [
                8.423448814173251e-12,
                3.331538633164956e-11,
                9.545017993268012e-12,
                1.3709566547794234e-06,
                0.9999986289920614
            ]
        ],
        [
            [
                0.9999999995316711,
                4.599055367019086e-10,
                0.0,
                0.0,
                8.423463733161643e-12
            ],
            [
                0.9999982396457439,
                1.7603431332710344e-06,
                6.560188321551407e-12,
                1.4637758707916246e-12,
                3.0988135427831014e-12
            ],
            [
                5.6756852281565455e-14,
                5.905303994286772e-10,
                0.999999999360651,
                4.847368702447337e-11,
                2.882350791171197e-13
            ],
            [
                1.063324439331343e-06,
                2.890415501190792e-06,
                2.7423498732614067e-05,
                0.9958986127400425,
                0.004070010021284309
            ],
            [
                2.3570710324506098e-08,
                2.3570710324506098e-08,
                8.226986278351296e-08,
                0.26894138680225593,
                0.7310584837864605
            ]
        ],
        [
            [
                0.9999999997806261,
                2.1724399318865585e-10,
                0.0,
                0.0,
                2.1297851678260088e-12
            ],
            [
                0.9999999778294416,
                2.2159489241770458e-08,
                6.560200010777725e-12,
                0.0,
                4.508755134131951e-12
            ],
            [
                5.6756852248057875e-14,
                1.2501528646627453e-09,
                0.9999999987235897,
                2.5946094946984246e-11,
                2.5436656438691337e-13
            ],
            [
                1.8262471828718564e-10,
                1.3494242884754209e-09,
                4.156519429701217e-09,
                0.047425875199013895,
                0.9525741191124177
            ],
            [
                5.789345745890542e-12,
                2.940072364874805e-11,
                6.56018817622488e-12,
                1.067703076531412e-06,
                0.9999989322551732
            ]
        ],
        [
            [
                0.9999999995857114,
                4.058652120316508e-10,
                0.0,
                0.0,
                8.423463741685666e-12
            ],
            [
                0.9999646437149035,
                3.53562574966792e-05,
                1.7831828819833255e-11,
                3.97881882030878e-12,
                5.789147223870596e-12
            ],
            [
                4.1937956338715497e-13,
                5.602796404795256e-09,
                0.9999999943054398,
                9.056076936750335e-11,
                7.835041739277427e-13
            ],
            [
                8.184671920779635e-10,
                2.5210564353251733e-09,
                1.6439353006899668e-08,
                0.9525741058058751,
                0.047425874415248176
            ],
            [
                1.0261880108779501e-10,
                1.1628233570820727e-10,
                1.7832473737182965e-11,
                5.043472050319445e-07,
                0.9999994954160614
            ]
        ],
        [
            [
                0.9999999993079443,
                6.691586074490092e-10,
                0.0,
                0.0,
                2.289734839895989e-11
            ],
            [
                0.9999999936235594,
                6.3488000587583664e-09,
                7.433680605277982e-12,
                0.0,
                2.0206838907895573e-11
            ],
            [
                1.5428112001604823e-13,
                1.605228052031566e-09,
                0.9999999983512298,
                4.277787860563751e-11,
                6.101936665615883e-13
            ],
            [
                1.064087239762042e-06,
                6.938720418739616e-06,
                0.0009087934645574277,
                0.9966128469672554,
                0.002470356760528795
            ],
            [
                3.331531975850226e-11,
                7.991929747928499e-11,
                2.289726208951165e-11,
                3.726639115444734e-06,
                0.9999962732247526
            ]
        ],
        [
            [
                0.9999999998257012,
                1.6918979211880867e-10,
                0.0,
                0.0,
                5.109089023754027e-12
            ],
            [
                0.9999993523977169,
                6.475946143374749e-07,
                5.789356456997664e-12,
                0.0,
                1.879528858181285e-12
            ],
            [
                8.878265469193148e-13,
                7.582560419997763e-10,
                0.9999999990880353,
                1.4930946746387767e-10,
                3.5114221097115358e-12
            ],
            [
                1.0994864441365815e-07,
                3.837588426924654e-07,
                6.002998308540312e-06,
                0.9770162828302911,
                0.022977220463913203
            ],
            [
                3.5775558615767814e-10,
                4.0539018903058873e-10,
                4.593672655884799e-10,
                0.001169510347362417,
                0.9988304884301246
            ]
        ],
        [
            [
                0.9999999992294879,
                7.58256040644063e-10,
                0.0,
                0.0,
                1.2256067409394396e-11
            ],
            [
                0.9999999585828199,
                4.139937539790233e-08,
                1.0815941089646111e-11,
                1.879528735275509e-12,
                5.109088807166028e-12
            ],
            [
                1.879528737874467e-12,
                4.1399375455148194e-08,
                0.9999999583158192,
                2.789467976120283e-10,
                3.978962369304246e-12
            ],
            [
                3.9653974284013713e-10,
                1.2214283971618138e-09,
                1.7771678314413097e-09,
                0.022977367743826773,
                0.9770226288610372
            ],
            [
                2.0206802606474882e-11,
                5.492778433643955e-11,
                2.0206802606474882e-11,
                1.7603431338248277e-06,
                0.9999982395615248
            ]
        ],
        [
            [
                0.9999999993200255,
                6.691586072950286e-10,
                0.0,
                0.0,
                1.0815941527637811e-11
            ],
            [
                0.9999999965814861,
                3.3982677999410748e-09,
                4.508755216350965e-12,
                0.0,
                1.5737102016309933e-11
            ],
            [
                9.357622957831463e-14,
                9.73620030155548e-10,
                0.9999999989927466,
                3.331544538247039e-11,
                2.2447770523801216e-13
            ],
            [
                3.7735076536314e-11,
                1.916345310514644e-10,
                1.1623221854236583e-10,
                0.0004305571190835855,
                0.9995694425353145
            ],
            [
                2.0206840724081405e-11,
                4.2777882148570005e-11,
                8.423464435562507e-12,
                1.1253518381848702e-07,
                0.999999887393408
            ]
        ],
        [
            [
                0.9999999994010462,
                5.905303984665513e-10,
                0.0,
                0.0,
                8.423463734101425e-12
            ],
            [
                0.9999999585940402,
                4.139937542799661e-08,
                4.508755050631176e-12,
                7.835041452002909e-13,
                1.2917799498734413e-12
            ],
            [
                6.431393935579257e-14,
                7.582560420987991e-10,
                0.9999999992186281,
                2.2897348435547115e-11,
                1.54281120178309e-13
            ],
            [
                3.580812512545209e-10,
                3.580812512545209e-10,
                1.916670820723623e-10,
                0.0002611903264005953,
                0.9997388087657698
            ],
            [
                2.456954654094953e-10,
                6.67869518957419e-10,
                1.413879782727955e-09,
                0.0019267343307572933,
                0.9980732633417979
            ]
        ],
        [
            [
                0.999999998879715,
                1.1032560293366153e-09,
                1.2917800012652331e-12,
                0.0,
                1.5737102063971227e-11
            ],
            [
                0.999993855794909,
                6.144172122362928e-06,
                2.5945949837355725e-11,
                3.511402470081482e-12,
                3.511402470081482e-12
            ],
            [
                2.1724359427612895e-10,
                1.067703066143412e-06,
                0.9999989226730681,
                9.237432686203647e-09,
                1.6918948133949577e-10
            ],
            [
                1.0577309129333109e-07,
                6.415462284198872e-08,
                1.8748729038123752e-06,
                0.9399114308360534,
                0.060086524363328626
            ],
            [
                1.0462890727981203e-08,
                3.3968032905398975e-09,
                7.579292622108808e-10,
                0.00043055711308708064,
                0.9995694282692896
            ]
        ],
        [
            [
                0.9999999998043039,
                1.9171715115165323e-10,
                0.0,
                0.0,
                3.978962531184574e-12
            ],
            [
                0.9999999991290796,
                8.59216659789863e-10,
                8.878265456475755e-13,
                0.0,
                1.0815941530503818e-11
            ],
            [
                1.201542571894179e-13,
                7.582560419815297e-10,
                0.9999999991783761,
                6.224144616261681e-11,
                1.0060392782090747e-12
            ],
            [
                1.4158255703036518e-09,
                2.060014049388732e-09,
                5.902039067492562e-10,
                0.0005527785816708202,
                0.9994472173522857
            ],
            [
                3.331538526796696e-11,
                1.3176490478846722e-10,
                1.7832440710192518e-11,
                1.760343133710328e-06,
                0.9999982394739535
            ]
        ],
        [
            [
                0.9999999992278559,
                7.582560408264691e-10,
                0.0,
                0.0,
                1.3887943828978889e-11
            ],
            [
                0.999996273348586,
                3.7266391133347368e-06,
                8.423431977076309e-12,
                1.4637729920431294e-12,
                2.413353667457877e-12
            ],
            [
                6.101936619940178e-13,
                9.237449574673903e-09,
                0.9999999906990072,
                6.224144564087734e-11,
                6.914400041597032e-13
            ],
            [
                3.391721010893124e-09,
                9.219653591113524e-09,
                1.520063898415569e-08,
                0.2227001380151532,
                0.7772998341728331
            ],
            [
                8.423399929308671e-12,
                4.27775545587825e-11,
                1.388783863506516e-11,
                7.889265049247366e-06,
                0.999992110669862
            ]
        ],
        [
            [
                0.9999999998043039,
                1.9171715098958675e-10,
                0.0,
                0.0,
                3.978962527820992e-12
            ],
            [
                0.9999994956000609,
                5.043472041605103e-07,
                3.7751347132632926e-11,
                6.560200461804278e-12,
                8.423464131523352e-12
            ],
            [
                6.101936628056737e-13,
                7.1941329719080075e-09,
                0.9999999920291683,
                7.582560366340446e-10,
                1.7832472763344193e-11
            ],
            [
                2.0206762872883e-11,
                9.056042831431272e-11,
                1.7832405646580644e-11,
                3.72663911566997e-06,
                0.9999962732322847
            ],
            [
                1.493026466045309e-10,
                1.6918206303870723e-10,
                4.847147260329269e-11,
                4.5397855723810224e-05,
                0.99995460177732
            ]
        ],
        [
            [
                0.9999999993111295,
                6.691586072890758e-10,
                1.8795288113703337e-12,
                0.0,
                1.7832472859106657e-11
            ],
            [
                0.999999971531669,
                2.845334722805912e-08,
                6.560199969463076e-12,
                0.0,
                8.423463499344735e-12
            ],
            [
                1.542811197621233e-13,
                3.3982678072248877e-09,
                0.999999996521048,
                7.991959864097226e-11,
                6.101936655572957e-13
            ],
            [
                6.224109807504924e-11,
                1.4930863244161874e-10,
                5.4927576264694986e-11,
                6.144172125492902e-06,
                0.9999938555613972
            ],
            [
                2.592245028265148e-11,
                1.690356094489205e-10,
                1.690356094489205e-10,
                0.000911051403839681,
                0.9990889482321668
            ]
        ],
        [
            [
                0.9999999981519934,
                1.818961680442433e-09,
                3.0988191266080446e-12,
                0.0,
                2.594609488133722e-11
            ],
            [
                0.9999996072046002,
                3.927863696174681e-07,
                6.56020041983779e-12,
                1.00603931788031e-12,
                1.4637785702842028e-12
            ],
            [
                8.878265302343767e-13,
                1.955568069992943e-08,
                0.9999999803804986,
                6.22414449944101e-11,
                6.914399969781008e-13
            ],
            [
                0.9859363538758859,
                0.01406362701253831,
                1.7015112123147913e-08,
                1.582651962996771e-09,
                5.138118647564373e-10
            ],
            [
                2.9400778539758646e-11,
                3.7751346915457606e-11,
                7.43368096233744e-12,
