{
    "[['A', 'B', 'C', 'D', 'E'], ['A', 'B', 'C', 'D', 'E']]": [
        [
            [
                0.9999999987165318,
                3.331544533170985e-11,
                0.0,
                0.0,
                1.2501528630112336e-09
            ],
            [
                1.3058798223401364e-06,
                0.04742369420938793,
                0.9525304492304469,
                4.324480052053044e-05,
                1.3058798223401364e-06
            ],
            [
                8.151850030009215e-09,
                2.144493884783769e-05,
                0.9999785128491862,
                3.224119230242885e-08,
                1.8189236027019386e-09
            ],
            [
                0.9999999998941342,
                2.5946094943262395e-11,
                0.0,
                0.0,
                7.991959880786377e-11
            ],
            [
                0.9999999996545113,
                2.940077734593162e-11,
                0.0,
                0.0,
                3.1608814492700586e-10
            ]
        ],
        [
            [
                0.999999999698435,
                1.3176514244970581e-10,
                0.0,
                6.101936665970195e-13,
                1.6918979193890314e-10
            ],
            [
                9.8219724631198e-08,
                0.01098683201496438,
                0.9890028675726942,
                1.0018693838367779e-05,
                1.8349877848033042e-07
            ],
            [
                1.2501530167110954e-09,
                6.825604197078027e-08,
                0.9999999268782929,
                3.398268228119028e-09,
                2.172440196303573e-10
            ],
            [
                0.9999999999073208,
                5.492788343578791e-11,
                0.0,
                0.0,
                3.775134539209726e-11
            ],
            [
                0.9999999998666615,
                4.277787863050716e-11,
                0.0,
                0.0,
                9.056076977143864e-11
            ]
        ],
        [
            [
                0.999999999990705,
                6.560200157562185e-12,
                0.0,
                0.0,
                2.7346982871766413e-12
            ],
            [
                7.6736760916259e-08,
                0.006685030757487206,
                0.9921463007459009,
                0.0011616841367679326,
                6.907623082975637e-06
            ],
            [
                5.041298567505048e-07,
                0.00043055673533405343,
                0.9995685372846127,
                3.9261672720696834e-07,
                9.23346921498978e-09
            ],
            [
                0.9999999997883153,
                7.991959879940676e-11,
                0.0,
                0.0,
                1.3176514248640234e-10
            ],
            [
                0.9999999999488522,
                3.331544537276516e-11,
                0.0,
                0.0,
                1.783247288197266e-11
            ]
        ],
        [
            [
                0.9999999999662867,
                2.28973484270584e-11,
                0.0,
                0.0,
                1.0815941543399473e-11
            ],
            [
                5.300325304840234e-08,
                0.002471542061906465,
                0.9970910489590257,
                0.0004294896030890694,
                7.866372725665455e-06
            ],
            [
                5.602465446481286e-09,
                5.829127550354106e-05,
                0.9999416875768815,
                1.522908001773977e-08,
                3.1606947219378043e-10
            ],
            [
                0.9999999988339714,
                1.9171715091260778e-10,
                6.914400090233758e-13,
                0.0,
                9.736200289485138e-10
            ],
            [
                0.9999999985028614,
                7.991959872171684e-11,
                6.101936661737881e-13,
                0.0,
                1.4166087829594544e-09
            ]
        ],
        [
            [
                0.9999999998771743,
                2.0206839040545296e-11,
                0.0,
                0.0,
                1.0261879606473892e-10
            ],
            [
                0.0002589502032799993,
                0.9911647137542352,
                0.008575253016412427,
                6.418733800284944e-07,
                4.411526924349075e-07
            ],
            [
                2.6464780476135173e-09,
                3.53562574951521e-05,
                0.9999645247143139,
                1.1253111007394042e-07,
                3.850602838253207e-09
            ],
            [
                0.9999999977703935,
                9.736200280560148e-10,
                3.0988191283938875e-12,
                2.7346982824775014e-12,
                1.250152862220155e-09
            ],
            [
                0.9999999983325305,
                6.224144603712033e-11,
                0.0,
                0.0,
                1.6052280502349626e-09
            ]
        ],
        [
            [
                0.9999999943342706,
                6.224144579862331e-11,
                0.0,
                6.914400059121026e-13,
                5.602796398788987e-09
            ],
            [
                1.1727251632626312e-08,
                0.00025830966060972824,
                0.010983611497587484,
                0.9887131796261956,
                4.4887488355498583e-05
            ],
            [
                6.824210645627591e-08,
                0.00020342685470625785,
                0.99979638315541,
                1.1251221247184462e-07,
                9.235564805923173e-09
            ],
            [
                0.9999999999632148,
                2.2897348433319928e-11,
                0.0,
                0.0,
                1.3887943850931569e-11
            ],
            [
                0.9999999998892848,
                4.8473686969164e-11,
                0.0,
                0.0,
                6.224144610897195e-11
            ]
        ],
        [
            [
                0.9999999998866935,
                7.052879835775954e-11,
                0.0,
                0.0,
                4.277787859667119e-11
            ],
            [
                4.1274960300280364e-08,
                0.0014989202647512385,
                0.9969942526286999,
                0.0014989202164232287,
                7.865615165202523e-06
            ],
            [
                1.5229836140575827e-08,
                7.889250438415684e-06,
                0.9999909746684315,
                1.0676939426075577e-06,
                5.315735131655667e-08
            ],
            [
                0.9999999997513425,
                1.1628233012792453e-10,
                6.101936668459678e-13,
                0.0,
                1.317651425034637e-10
            ],
            [
                0.9999999998304836,
                3.775134540395492e-11,
                0.0,
                0.0,
                1.317651425654035e-10
            ]
        ],
        [
            [
                0.9999999999393514,
                3.7751345398852016e-11,
                0.0,
                0.0,
                2.2897348429805202e-11
            ],
            [
                6.008679338853714e-08,
                0.0024726206341176625,
                0.9975264367808739,
                8.294718058886123e-07,
                5.3026409051624576e-08
            ],
            [
                1.0261880008051577e-10,
                3.927863689533617e-07,
                0.9999996051757682,
                1.8189617542626239e-09,
                1.1628233456681034e-10
            ],
            [
                0.9999999994360835,
                2.4616969459494607e-10,
                1.658678354961803e-12,
                0.0,
                3.160881446781697e-10
            ],
            [
                0.9999999998277933,
                2.289734843283867e-11,
                0.0,
                0.0,
                1.4930946746571513e-10
            ]
        ],
        [
            [
                0.9999999997925457,
                1.5737102061948774e-11,
                0.0,
                0.0,
                1.917171508286651e-10
            ],
            [
                3.9697230633722624e-08,
                0.003918744597602501,
                0.9588851865808472,
                0.03718001411846021,
                1.6015005859565564e-05
            ],
            [
                4.0586522926336264e-10,
                1.4449803052655666e-07,
                0.9999998476847269,
                7.1941333248473675e-09,
                2.17244002401695e-10
            ],
            [
                0.9999999996411342,
                4.2777878627143515e-11,
                0.0,
                0.0,
                3.160881449692099e-10
            ],
            [
                0.999999999854317,
                2.940077735612495e-11,
                0.0,
                0.0,
                1.1628233015698016e-10
            ]
        ],
        [
            [
                0.9999999995933515,
                4.8473686954819024e-11,
                0.0,
                0.0,
                3.5817479223116063e-10
            ],
            [
                6.500132721992754e-07,
                0.13584061140662412,
                0.781708728986584,
                0.08239149726344902,
                5.8512330070644e-05
            ],
            [
                5.0406829575773e-07,
                0.0005527782816355675,
                0.9994465410080452,
                1.444179846797307e-07,
                3.22240387811253e-08
            ],
            [
                0.999999999388298,
                9.056076962981936e-11,
                0.0,
                0.0,
                5.211412472528969e-10
            ],
            [
                0.9999999998422888,
                2.5946094946236093e-11,
                0.0,
                0.0,
                1.3176514251544726e-10
            ]
        ],
        [
            [
                0.9999999917316972,
                1.1628232910107642e-10,
                0.0,
                0.0,
                8.152020630264223e-09
            ],
            [
                1.951398717201876e-08,
                0.0019263383224243367,
                0.9978677114691822,
                0.00020303456192339214,
                2.896132482886459e-06
            ],
            [
                6.343680028400046e-09,
                0.0007096019961324273,
                0.9991940517713507,
                9.60342329245276e-05,
                3.0565591235972287e-07
            ],
            [
                0.9999999998106033,
                2.020683905395848e-11,
                0.0,
                0.0,
                1.6918979195788086e-10
            ],
            [
                0.9999999997402496,
                9.056076974491629e-11,
                0.0,
                0.0,
                1.6918979197789016e-10
            ]
        ],
        [
            [
                0.9999999999483606,
                3.775134540408605e-11,
                0.0,
                0.0,
                1.3887943850725275e-11
            ],
            [
                4.5982659237648035e-10,
                2.699115104845659e-07,
                0.00015843412429791047,
                0.9998282904394901,
                1.300506487497259e-05
            ],
            [
                2.998909457166936e-09,
                1.6701414715220022e-05,
                0.9999832751718273,
                1.9555346128432955e-08,
                8.592019448277161e-10
            ],
            [
                0.9999999979094456,
                2.940077730611916e-11,
                0.0,
                0.0,
                2.0611536163586265e-09
            ],
            [
                0.9999999999289333,
                3.77513453795086e-11,
                0.0,
                0.0,
                3.3315445365817616e-11
            ]
        ],
        [
            [
                0.9999999999617979,
                2.594609492829458e-11,
                0.0,
                0.0,
                1.2256067418369637e-11
            ],
            [
                3.3188828134678604e-05,
                0.7310324186456326,
                0.2689317974222262,
                2.1216907986070052e-06,
                4.73413207678631e-07
            ],
            [
                1.162823354378828e-10,
                5.043472038594759e-07,
                0.9999994932581161,
                2.061153713470542e-09,
                2.1724400310260222e-10
            ],
            [
                0.9999999997758824,
                5.4927883428568276e-11,
                0.0,
                0.0,
                1.6918979201208154e-10
            ],
            [
                0.9999999999830214,
                7.433680658704395e-12,
                0.0,
                0.0,
                9.545034905316515e-12
            ]
        ],
        [
            [
                0.9999999999571396,
                3.331544539161102e-11,
                0.0,
                0.0,
                9.545034914230271e-12
            ],
            [
                4.1340122529776245e-08,
                0.0011692043059601067,
                0.9985692228165471,
                0.000260884868434682,
                6.466689354917845e-07
            ],
            [
                7.433680363203823e-12,
                4.1399375466154116e-08,
                0.9999999585442421,
                4.847368504680198e-11,
                4.752192865139214e-13
            ],
            [
                0.9999999994438751,
                1.4930946735002203e-10,
                4.752193054187372e-13,
                4.752193054187372e-13,
                4.05865211914464e-10
            ],
            [
                0.9999999917995058,
                4.847368658738305e-11,
                0.0,
                0.0,
                8.152020634533718e-09
            ]
        ],
        [
            [
                0.9999999981105097,
                7.052879826464332e-11,
                0.0,
                0.0,
                1.8189616811962871e-09
            ],
            [
                2.2451897070576268e-06,
                0.006692819511944228,
                0.9933023106677656,
                1.981372962193171e-06,
                6.432576209331352e-07
            ],
            [
                8.592150869110193e-10,
                2.26032526363349e-06,
                0.9999977354583918,
                2.99895532754484e-09,
                3.581741364679726e-10
            ],
            [
                0.9999999999239069,
                3.331544537747964e-11,
                0.0,
                0.0,
                4.277787863295599e-11
            ],
            [
                0.9999999999860851,
                1.0815941541813233e-11,
                0.0,
                0.0,
                3.098819134288891e-12
            ]
        ],
        [
            [
                0.999999999929335,
                5.4927883436997104e-11,
                0.0,
                0.0,
                1.5737102086077054e-11
            ],
            [
                7.446240091206344e-08,
                0.0027041420983225026,
                0.14764113922215977,
                0.8496160717017032,
                3.857251541364424e-05
            ],
            [
                4.644830750559323e-06,
                0.029312078367737283,
                0.9706826127283404,
                6.286094852130743e-07,
                3.5463686590355274e-08
            ],
            [
                0.9999999999035252,
                7.052879841614556e-11,
                0.0,
                0.0,
                2.5946094947824936e-11
            ],
            [
                0.9999999997823368,
                2.594609493546776e-11,
                0.0,
                0.0,
                1.917171510263517e-10
            ]
        ],
        [
            [
                0.9999999999286291,
                2.289734842955969e-11,
                0.0,
                0.0,
                4.8473687005764063e-11
            ],
            [
                3.0323069907679126e-07,
                0.008576130984019754,
                0.9912659884514229,
                0.00015707739095492464,
                4.999429034971755e-07
            ],
            [
                0.00011162988855175227,
                0.9045466997674121,
                0.09533853139038917,
                2.044572727903536e-06,
                1.0943809190486154e-06
            ],
            [
                0.9999999998031066,
                7.991959881389196e-11,
                0.0,
                6.914400096934747e-13,
                1.1628233013394379e-10
            ],
            [
                0.9999999996354383,
                4.847368697636265e-11,
                0.0,
                0.0,
                3.1608814486836237e-10
            ]
        ],
        [
            [
                0.9999999999542055,
                2.289734839480744e-11,
                0.0,
                0.0,
                2.289734839480744e-11
            ],
            [
                3.4282118098676505e-07,
                0.010986847846210913,
                0.9890045079566179,
                7.802574115097711e-06,
                4.988018750850157e-07
            ],
            [
                2.3777779776593995e-07,
                0.0019267343960458927,
                0.9980729322161931,
                8.747364678644073e-08,
                8.13631657523478e-09
            ],
            [
                0.9999999998059934,
                6.224144611709087e-11,
                0.0,
                0.0,
                1.3176514246387826e-10
            ],
            [
                0.9999999999613656,
                1.5737102088892854e-11,
                0.0,
                0.0,
                2.2897348430309268e-11
            ]
        ],
        [
            [
                0.9999999996990452,
                1.3176514221352605e-10,
                0.0,
                0.0,
                1.6918979163564232e-10
            ],
            [
                4.471457109668759e-09,
                0.00030337178053956086,
                0.09531662585730888,
                0.9043389409848491,
                4.105690584531698e-05
            ],
            [
                1.04667833265211e-08,
                5.829127497156705e-05,
                0.9999416781826089,
                1.9554525637092036e-08,
                5.211104570691245e-10
            ],
            [
                0.9999999999497886,
                4.277787864589264e-11,
                0.0,
                0.0,
                7.433680664741353e-12
            ],
            [
                0.999999999937284,
                2.940077735856424e-11,
                0.0,
                0.0,
                3.331544538281925e-11
            ]
        ],
        [
            [
                0.9999999998866935,
                4.2777878637648024e-11,
                0.0,
                0.0,
                7.052879842531892e-11
            ],
            [
                4.804223658577493e-07,
                0.047425242204854764,
                0.9525614631454103,
                1.2390256119293442e-05,
                4.239712498018271e-07
            ],
            [
                3.9256915335681985e-07,
                0.0005527782753220316,
                0.9994467678795542,
                5.3128457559502466e-08,
                8.147512847559689e-09
            ],
            [
                0.9999999999044431,
                3.331544538172514e-11,
                0.0,
                0.0,
                6.224144615446199e-11
            ],
            [
                0.9999999998351397,
                6.224144617162172e-11,
                0.0,
                0.0,
                1.026187962222898e-10
            ]
        ],
        [
            [
                0.999999987673337,
                4.599055311219789e-10,
                1.6586783345942644e-12,
                3.978962477496672e-12,
                1.1861119977433048e-08
            ],
            [
                4.7756943539742675e-06,
                0.11919780699845565,
                0.8807593272738502,
                3.114143905624797e-05,
                6.948594283873176e-06
            ],
            [
                3.266131339738367e-13,
                7.582560420833245e-10,
                0.99999999919822,
                4.2777878649754904e-11,
                4.1937956544644473e-13
            ],
            [
                0.9999999999420417,
                3.7751345393408023e-11,
                0.0,
                0.0,
                2.020683906378938e-11
            ],
            [
                0.9999999999791538,
                1.573710208917279e-11,
                0.0,
                0.0,
                5.1090890223201875e-12
            ]
        ],
        [
            [
                0.999999999976928,
                1.2256067428494753e-11,
                0.0,
                0.0,
                1.0815941543514567e-11
            ],
            [
                4.671493207944973e-08,
                0.004069634989268076,
                0.9958069827501626,
                0.00012289232670217049,
                4.4321893518324967e-07
            ],
            [
                0.00021355131617208377,
                0.18238535386145688,
                0.8173944420923704,
                5.022245580951313e-06,
                1.6304844195354125e-06
            ],
            [
                0.9999999999118123,
                6.224144609529972e-11,
                0.0,
                0.0,
                2.5946094926997653e-11
            ],
            [
                0.9999999999548621,
                1.5737102077527376e-11,
                0.0,
                0.0,
                2.940077733803875e-11
            ]
        ],
        [
            [
                0.9999999999312761,
                4.27778786261506e-11,
                0.0,
                0.0,
                2.5946094944226083e-11
            ],
            [
                4.125788474712327e-06,
                0.022977187766134277,
                0.9770149149133442,
                3.2131672948929368e-06,
                5.58364751799545e-07
            ],
            [
                3.2423983079483978e-06,
                0.01406314481045524,
                0.9859027904039618,
                2.7148268648129236e-05,
                3.6741186268782225e-06
            ],
            [
                0.9999999999336939,
                4.847368698167714e-11,
                0.0,
                0.0,
                1.7832472878338803e-11
            ],
            [
                0.9999999999411986,
                2.940077734392097e-11,
                0.0,
                0.0,
                2.940077734392097e-11
            ]
        ],
        [
            [
                0.9999999999116389,
                1.7832472864921294e-11,
                0.0,
                0.0,
                7.052879834016303e-11
            ],
            [
                4.435130653044777e-06,
                0.4378172150381492,
                0.5621684309587132,
                9.389171666175176e-06,
                5.297008185438522e-07
            ],
            [
                0.1480272069663691,
                0.8518377204619115,
                0.00013498330684857992,
                5.8143107976827225e-08,
                3.1121763034210436e-08
            ],
            [
                0.999999999835244,
                4.847368699411671e-11,
                0.0,
                0.0,
                1.162823301376808e-10
            ],
            [
                0.9999999999675371,
                2.0206839067272882e-11,
                0.0,
                0.0,
                1.2256067430180036e-11
            ]
        ],
        [
            [
                0.999999999941485,
                1.5737102080680408e-11,
                0.0,
                0.0,
                4.2777878618518587e-11
            ],
            [
                2.561910468048279e-07,
                0.022318421371613512,
                0.949003549640601,
                0.02865742102108587,
                2.0351775652901404e-05
            ],
            [
                2.095753535793016e-07,
                0.0031726662797697683,
                0.9968221692822146,
                4.769913061653675e-06,
                1.8494960039180505e-07
            ],
            [
                0.9999989309823029,
                1.2501505779320728e-09,
                9.54501745027361e-12,
                5.492778296186591e-11,
                1.0677030738005327e-06
            ],
            [
                0.9999999999833773,
                1.3887943847371112e-11,
                0.0,
                0.0,
                2.7346982881276256e-12
            ]
        ],
        [
            [
                0.9999999993089774,
                1.6918979193308597e-10,
                6.914400093518139e-13,
                0.0,
                5.211412477772274e-10
            ],
            [
                6.778133251572459e-08,
                0.00025944133112613965,
                0.993044655596668,
                0.006691083457139635,
                4.751833733718885e-06
            ],
            [
                0.00033533823335179694,
                0.9996293025227775,
                3.5344389286181374e-05,
                1.1856733019008155e-08,
                2.997851584090813e-09
            ],
            [
                0.9999999999000071,
                3.775134537034786e-11,
                0.0,
                0.0,
                6.224144610963932e-11
            ],
            [
                0.9999999999726226,
                1.7832472882396544e-11,
                0.0,
                0.0,
                9.54503490905773e-12
            ]
        ],
        [
            [
                0.999999989441254,
                9.056076875386085e-11,
                7.835041686186948e-13,
                0.0,
                1.0467401662647097e-08
            ],
            [
                8.66007692241628e-08,
                0.010976955901236103,
                0.9881141185506831,
                0.0009010433944975113,
                7.795552813977653e-06
            ],
            [
                4.9444316548577875e-09,
                3.7266389669544347e-06,
                0.9999962340692912,
                2.51098958440656e-08,
                9.237414450987975e-09
            ],
            [
                0.9999999999392704,
                4.847368701256381e-11,
                0.0,
                0.0,
                1.2256067431422423e-11
            ],
            [
                0.9999999998368025,
                1.3887943849175962e-11,
                0.0,
                0.0,
                1.493094674499788e-10
            ]
        ],
        [
            [
                0.9999999999592704,
                2.2897348418767465e-11,
                0.0,
                0.0,
                1.7832472878794896e-11
            ],
            [
                1.0278433625710625e-06,
                0.037326657783209066,
                0.9626672794302044,
                4.606474364054256e-06,
                4.2846886003452254e-07
            ],
            [
                2.510932205181287e-08,
                2.7535688887585095e-05,
                0.9999724302917512,
                8.15180335781647e-09,
                7.582358254730705e-10
            ],
            [
                0.9999999995236062,
                7.05287984169226e-11,
                0.0,
                0.0,
                4.058652121054915e-10
            ],
            [
                0.9999999998079128,
                4.2777878639823496e-11,
                0.0,
                0.0,
                1.4930946744566528e-10
            ]
        ],
        [
            [
                0.9999999987797703,
                1.162823299736589e-10,
                0.0,
                6.914400087403858e-13,
                1.1032560292263507e-09
            ],
            [
                8.100283778909119e-09,
                0.0031625812250486098,
                0.0031625812250486098,
                0.9936535201449445,
                2.1309304674680317e-05
            ],
            [
                8.592167254215757e-10,
                1.1253518303666333e-07,
                0.9999998805428977,
                5.60279685163644e-09,
                4.5990557185656163e-10
            ],
            [
                0.9999999997776743,
                1.3176514250693332e-10,
                0.0,
                0.0,
                9.056076976337988e-11
            ],
            [
                0.9999999998129392,
                3.775134538853423e-11,
                0.0,
                0.0,
                1.493094674051268e-10
            ]
        ],
        [
            [
                0.9999999999666203,
                2.940077736323815e-11,
                0.0,
                0.0,
                3.9789625318304254e-12
            ],
            [
                5.602540606000623e-09,
                1.6700938167183164e-05,
                0.9999543873708088,
                2.753519199688249e-05,
                1.3708964864710486e-06
            ],
            [
                1.0261879733932067e-10,
                6.475946064410104e-07,
                0.9999993398511241,
                1.1861120269505848e-08,
                5.905304057773444e-10
            ],
            [
                0.9999999997205145,
                6.224144613387091e-11,
                0.0,
                0.0,
                2.1724399317559694e-10
            ],
            [
                0.9999999997177222,
                9.056076974287619e-11,
                0.0,
                0.0,
                1.917171510501255e-10
            ]
        ],
        [
            [
                0.999999999965905,
                2.0206839064271583e-11,
                0.0,
                0.0,
                1.3887943847128459e-11
            ],
            [
                1.1234837919457474e-07,
                0.0015009429733493947,
                0.9983398056993777,
                0.00015819829743182024,
                9.406814619534243e-07
            ],
            [
                2.2447770468072168e-13,
                3.3982678070606303e-09,
                0.9999999965581914,
                4.2777878533163474e-11,
                5.384940198050256e-13
            ],
            [
                0.9999999998254572,
                4.277787861355517e-11,
                0.0,
                0.0,
                1.317651424664429e-10
            ],
            [
                0.999999999580683,
                1.026187961607743e-10,
                6.10193666831468e-13,
                0.0,
                3.16088144950102e-10
            ]
        ],
        [
            [
                0.9999999998459663,
                3.775134538978104e-11,
                0.0,
                0.0,
                1.1628233013892762e-10
            ],
            [
                3.2131089674692925e-06,
                0.02297676519175337,
                0.9769969020337927,
                1.631751374893009e-05,
                6.802151737510826e-06
            ],
            [
                6.914399999568404e-13,
                1.5229979508210502e-08,
                0.9999999846885217,
                7.991959768849007e-11,
                8.878265340591539e-13
            ],
            [
                0.9999999998949807,
                4.2777878643548077e-11,
                0.0,
                0.0,
                6.224144616194175e-11
            ],
            [
                0.9999999982246945,
                1.691897916895613e-10,
                8.878265448446385e-13,
                0.0,
                1.6052280497590845e-09
            ]
        ],
        [
            [
                0.9999999968984203,
                1.0261879581207888e-10,
                0.0,
                0.0,
                2.9989608101007968e-09
            ],
            [
                3.998567625801263e-05,
                0.11919567966084921,
                0.8807434516938585,
                1.666850976312613e-05,
                4.214459271176281e-06
            ],
            [
                0.00191890773342678,
                0.9940185850462612,
                0.004062327624101062,
                1.267562811784844e-07,
                5.283992977105978e-08
            ],
            [
                0.9999999950169105,
                3.775134520119376e-11,
                0.0,
                8.878265421641438e-13,
                4.944450470295653e-09
            ],
            [
                0.9999999801243542,
                3.160881386415197e-10,
                1.4637784826826675e-12,
                2.413362719992073e-12,
                1.955568066777738e-08
            ]
        ],
        [
            [
                0.9999999994851667,
                5.492788342778924e-11,
                0.0,
                0.0,
                4.599055371806837e-10
            ],
            [
                1.7139857803067977e-05,
                0.6224426305623956,
                0.3775305390291378,
                8.096295544906402e-06,
                1.594255118695773e-06
            ],
            [
                0.00048210200472289285,
                0.6788501212010446,
                0.3206660802924239,
                1.3541253120347726e-06,
                3.4237649656384815e-07
            ],
            [
                0.9999999983013219,
                2.789468086015385e-10,
                1.4637785105295015e-12,
                1.6586783548389676e-12,
                1.4166087831626815e-09
            ],
            [
                0.9999999999723594,
                2.0206839042468688e-11,
                0.0,
                0.0,
                7.433680654784664e-12
            ]
        ],
        [
            [
                0.9999999999833946,
                5.789356315112937e-12,
                0.0,
                0.0,
                1.0815941531844453e-11
            ],
            [
                1.8219114031997395e-07,
                0.017985139129743522,
                0.9819554771850889,
                5.724275467533618e-05,
                1.9587393519663275e-06
            ],
            [
                3.0988190380701938e-12,
                3.224186632533082e-08,
                0.9999999676511241,
                1.0261879298389462e-10,
                1.2917799628281536e-12
            ],
            [
                0.9999999992823678,
                4.8473686980721325e-11,
                0.0,
                0.0,
                6.691586079975621e-10
            ],
            [
                0.9999999998651525,
                5.492788344866106e-11,
                0.0,
                0.0,
                7.991959884095104e-11
            ]
        ],
        [
            [
                0.9999999988061834,
                9.056076962388916e-11,
                0.0,
                0.0,
                1.103256029019688e-09
            ],
            [
                1.7678339004665518e-05,
                0.4999885176081293,
                0.49998851658649474,
                5.06492892535727e-06,
                2.2253744600069865e-07
            ],
            [
                1.2501148465281962e-09,
                2.2602606654642106e-06,
                0.9999699926403218,
                2.753561190663336e-05,
                2.102369912811079e-07
            ],
            [
                0.9999999923966846,
                4.058652088233948e-10,
                1.658678343285704e-12,
                1.658678343285704e-12,
                7.194132962540268e-09
            ],
            [
                0.999999999871688,
                3.7751345390752076e-11,
                0.0,
                0.0,
                9.056076977189383e-11
            ]
        ],
        [
            [
                0.9999999999289333,
                3.77513453795086e-11,
                0.0,
                0.0,
                3.3315445365817616e-11
            ],
            [
                2.6204218921430297e-07,
                0.029311926968666316,
                0.9706777466771178,
                9.833060606402501e-06,
                2.3125142032810885e-07
            ],
            [
                3.3982487565381687e-09,
                6.144172027151733e-06,
                0.9999938398995156,
                1.1861053615086456e-08,
                6.691548554105002e-10
            ],
            [
                0.9999999999662867,
                2.2897348423247e-11,
                0.0,
                0.0,
                1.0815941541599095e-11
            ],
            [
                0.9999999999087485,
                4.8473687025842684e-11,
                0.0,
                0.0,
                4.277787865716126e-11
            ]
        ],
        [
            [
                0.9999999999030527,
                4.847368699740364e-11,
                0.0,
                0.0,
                4.847368699740364e-11
            ],
            [
                1.256123481699965e-07,
                0.014050950248701644,
                0.9850478180376666,
                0.0008982471774166339,
                2.8589238668006742e-06
            ],
            [
                0.029311441194576137,
                0.97066157506035,
                2.6728574292714877e-05,
                1.8009571694543115e-07,
                7.50750643013214e-08
            ],
            [
                0.999999999982635,
                1.2256067426524603e-11,
                0.0,
                0.0,
                5.109089020737025e-12
            ],
            [
                0.9999999998577715,
                2.594609494663781e-11,
                0.0,
                0.0,
                1.1628233014030035e-10
            ]
        ],
        [
            [
                0.9999999999392704,
                4.8473687023003296e-11,
                0.0,
                0.0,
                1.2256067434061939e-11
            ],
            [
                7.064277535077715e-07,
                0.0373267382959621,
                0.9626692757800989,
                2.793975964323662e-06,
                4.85520221226283e-07
            ],
            [
                3.9273768374483474e-07,
                0.00012339451217486378,
                0.9998761477392253,
                5.315126566729843e-08,
                1.1859650420436039e-08
            ],
            [
                0.9999999999740039,
                2.289734843356697e-11,
                0.0,
                0.0,
                3.0988191356241957e-12
            ],
            [
                0.9999999999083578,
