{
    "[['A', 'B', 'C', 'D', 'E'], ['A', 'B', 'C', 'D', 'E']]": [
        [
            [
                0.9999999881272107,
                1.1861119995691037e-08,
                5.1090889610170455e-12,
                0.0,
                6.560200082064652e-12
            ],
            [
                0.9999997617600638,
                2.382369843763423e-07,
                2.4133629503878696e-12,
                0.0,
                5.384940616163325e-13
            ],
            [
                1.725203682248357e-08,
                0.00033535005756105477,
                0.9996645420793755,
                8.761307222943234e-08,
                2.997954471195257e-09
            ],
            [
                1.658634190761504e-12,
                1.7831998055754013e-11,
                3.5113286093964544e-12,
                2.7535689834714518e-05,
                0.9999724642871632
            ],
            [
                1.2255811345671141e-11,
                4.8472674173769845e-11,
                6.560063088543183e-12,
                2.144493974946271e-05,
                0.999978554992962
            ]
        ],
        [
            [
                0.9999999987474049,
                1.2501528638728712e-09,
                7.835041769309286e-13,
                0.0,
                1.6586783555788758e-12
            ],
            [
                0.9706877505013739,
                0.02931222720459179,
                2.1509937964735165e-08,
                5.732204305211956e-10,
                2.10876011648191e-10
            ],
            [
                8.258073261801616e-14,
                2.6465736312962616e-09,
                0.9999999973152223,
                3.775134533419943e-11,
                3.7010116679467314e-13
            ],
            [
                5.107754730238956e-12,
                6.222519115389067e-11,
                1.7827815751131944e-11,
                0.000261190327892355,
                0.9997388095869468
            ],
            [
                1.4637785044608237e-12,
                5.789356290504498e-12,
                6.101936637315255e-13,
                6.348800074123613e-09,
                0.9999999936433366
            ]
        ],
        [
            [
                0.9999999988861907,
                1.103256028840757e-09,
                2.129785164193796e-12,
                0.0,
                8.423463727724462e-12
            ],
            [
                0.999999912349021,
                8.764249135702519e-08,
                4.508755713662926e-12,
                0.0,
                3.978962951818129e-12
            ],
            [
                4.59903798990722e-10,
                3.7266390818325794e-06,
                0.999996264557308,
                8.15198989218199e-09,
                1.9171642650509112e-10
            ],
            [
                8.420637024890145e-12,
                6.222055936564579e-11,
                9.541831818591512e-12,
                0.0003353500571042771,
                0.9996646498627128
            ],
            [
                1.6586720855763142e-12,
                1.0815900649983855e-11,
                2.4133536441804036e-12,
                2.9023121995553127e-06,
                0.9999970976729126
            ]
        ],
        [
            [
                0.9999999993967741,
                5.905303987016301e-10,
                1.8795288127427455e-12,
                0.0,
                1.0815941535439278e-11
            ],
            [
                0.7772996623512324,
                0.22270009492654427,
                2.3777778389810203e-07,
                4.355047872341826e-09,
                5.893916373123886e-10
            ],
            [
                1.78324743325412e-11,
                1.1253518370817051e-07,
                0.9999998864555311,
                9.73620109070278e-10,
                1.78324743325412e-11
            ],
            [
                1.2917776725660774e-12,
                9.545017689936816e-12,
                8.8782494493622e-13,
                1.7603431339720222e-06,
                0.9999982396451415
            ],
            [
                2.413353644176928e-12,
                1.0815900649968278e-11,
                3.0988074185791595e-12,
                2.902312199551133e-06,
                0.9999970976714724
            ]
        ],
        [
            [
                0.9999999979338678,
                2.0611536148713206e-09,
                1.879528809638656e-12,
                0.0,
                3.0988191273449446e-12
            ],
            [
                0.9999998362406505,
                1.6373771768435377e-07,
                1.0815941862815043e-11,
                0.0,
                1.0815941862815043e-11
            ],
            [
                7.287724093364325e-14,
                1.4930946756941132e-10,
                0.9999999998123912,
                3.775134543007186e-11,
                4.752193061170052e-13
            ],
            [
                1.4637785711326368e-12,
                7.43368096185624e-12,
                7.835042090199416e-13,
                3.927863698451346e-07,
                0.9999996072039492
            ],
            [
                7.835042418771033e-13,
                3.5114223973841255e-12,
                3.7010119779344946e-13,
                1.1253518382122561e-07,
                0.9999998874601511
            ]
        ],
        [
            [
                0.9999999992309279,
                7.582560413714866e-10,
                0.0,
                0.0,
                1.0815941537034703e-11
            ],
            [
                0.9999999397526749,
                6.023574631553187e-08,
                5.789357091536837e-12,
                0.0,
                5.789357091536837e-12
            ],
            [
                6.431393937144933e-14,
                4.5990553755723567e-10,
                0.999999999522023,
                1.7832472896204088e-11,
                1.748234127100275e-13
            ],
            [
                8.420637026528882e-12,
                4.8457420366536044e-11,
                1.0812311966764973e-11,
                0.00033535005595065816,
                0.999664649876359
            ],
            [
                8.878266162806444e-13,
                6.560200673821457e-12,
                4.75219342907559e-13,
                8.3152799019148e-07,
                0.9999991684640867
            ]
        ],
        [
            [
                0.9999999969813229,
                2.998960808800061e-09,
                3.978962514532799e-12,
                0.0,
                1.5737102022602206e-11
            ],
            [
                0.9999999530782905,
                4.6911637941865946e-08,
                6.560199849807355e-12,
                0.0,
                3.5114219429779506e-12
            ],
            [
                2.244777027720348e-13,
                1.1861120007090749e-08,
                0.9999999879874665,
                1.493094658038381e-10,
                1.879528793680549e-12
            ],
            [
                1.5732992178788202e-11,
                7.989872699256332e-11,
                1.081311684778335e-11,
                0.00026119032786853854,
                0.9997388095656866
            ],
            [
                2.7346983980741183e-12,
                1.2256067921319792e-11,
                2.12978525388424e-12,
                3.9278636984221245e-07,
                0.9999996071965096
            ]
        ],
        [
            [
                0.9999999995391142,
                4.599055373816796e-10,
                3.701011674701369e-13,
                0.0,
                6.10193667118965e-13
            ],
            [
                0.9999999468345426,
                5.315784967240856e-08,
                4.508754998710793e-12,
                0.0,
                3.0988189713091315e-12
            ],
            [
                1.7482341277165896e-13,
                6.224144620933742e-11,
                0.9999999998745586,
                6.224144620933742e-11,
                7.835041782579439e-13
            ],
            [
                2.7346411502442723e-12,
                2.020641686959917e-11,
                3.97887939566706e-12,
                2.1444939764642603e-05,
                0.9999785550333155
            ],
            [
                2.129785343149744e-12,
                6.560200698548511e-12,
                1.1399919452131397e-12,
                1.1253518381777173e-07,
                0.9999998874549862
            ]
        ],
        [
            [
                0.9999999804382105,
                1.9555680677603627e-08,
                3.978962452364979e-12,
                0.0,
                2.1297851262763033e-12
            ],
            [
                0.9999999950452514,
                4.944450470435783e-09,
                4.508755213567934e-12,
                0.0,
                5.789356291844594e-12
            ],
            [
                0.0,
                1.4930946756716715e-10,
                0.9999999998397684,
                1.0815941553479037e-11,
                1.0603575987791932e-13
            ],
            [
                3.5114024712685935e-12,
                2.2897220373822656e-11,
                6.560163471865066e-12,
                6.1441721244401095e-06,
                0.9999938557949067
            ],
            [
                2.4133583595314366e-12,
                7.43366708150591e-12,
                1.139989768820575e-12,
                1.0677030762139024e-06,
                0.9999989322859368
            ]
        ],
        [
            [
                0.9999999987378887,
                1.2501528628021302e-09,
                2.413362764913284e-12,
                0.0,
                9.545034895471774e-12
            ],
            [
                0.9999999748827655,
                2.5109990895354944e-08,
                4.5087551234107294e-12,
                0.0,
                2.7346982194850255e-12
            ],
            [
                9.05607760053401e-11,
                8.315279821855616e-07,
                0.99999915886506,
                9.237450285065899e-09,
                2.789468281027403e-10
            ],
            [
                1.1798579855596583e-11,
                2.369808113307634e-10,
                2.091348319713831e-10,
                0.03732688394748965,
                0.9626731155945961
            ],
            [
                8.878249448628348e-13,
                5.789345875967601e-12,
                4.752184482620746e-13,
                1.7603431338265167e-06,
                0.9999982396497138
            ]
        ],
        [
            [
                0.9999999981680925,
                1.8189616816441192e-09,
                2.129785164037143e-12,
                0.0,
                1.081594152214993e-11
            ],
            [
                0.9820137869525462,
                0.01798621148819431,
                1.391128818265643e-09,
                1.1419080713300127e-10,
                5.3939917920129884e-11
            ],
            [
                3.037975384641063e-14,
                1.3176514266616693e-10,
                0.9999999998522693,
                1.5737102102708102e-11,
                1.9810087975259674e-13
            ],
            [
                1.1399723535777857e-12,
                1.2255857805077272e-11,
                1.4637534763152217e-12,
                1.6701415109031934e-05,
                0.9999832985700313
            ],
            [
                1.6586783965471765e-12,
                9.545035139403275e-12,
                1.006039302108852e-12,
                6.475946146825473e-07,
                0.9999993523931756
            ]
        ],
        [
            [
                0.9999999979362626,
                2.0611536161780977e-09,
                1.2917800008623986e-12,
                0.0,
                1.2917800008623986e-12
            ],
            [
                0.9999952148954387,
                4.785094846190346e-06,
                8.423416032609312e-12,
                0.0,
                1.2917726864018398e-12
            ],
            [
                1.5226002474196223e-08,
                0.00026119033029319266,
                0.9997387055742835,
                8.761959458287946e-08,
                1.2498263921418765e-09
            ],
            [
                2.732758635331133e-12,
                3.7724569314044096e-11,
                1.0808270067958365e-11,
                0.0007096703464780604,
                0.9992903296022563
            ],
            [
                1.6586784823059517e-12,
                1.573710327757095e-11,
                1.139991937850162e-12,
                2.3823698447300854e-07,
                0.9999997617444797
            ]
        ],
        [
            [
                0.9999999976623792,
                2.3355930315686288e-09,
                8.878265450973641e-13,
                0.0,
                1.139991849515081e-12
            ],
            [
                0.9999999123426413,
                8.764249133993497e-08,
                7.433681448057241e-12,
                0.0,
                7.433681448057241e-12
            ],
            [
                2.646452700340389e-09,
                4.5397855154605026e-05,
                0.9999545900441311,
                9.237027544888949e-09,
                2.1723406626565409e-10
            ],
            [
                6.560025480724526e-12,
                4.847239628748802e-11,
                3.978856582555532e-12,
                2.7535689838926674e-05,
                0.9999724642511497
            ],
            [
                2.129781393397929e-12,
                8.423448813937503e-12,
                7.835027888205659e-13,
                1.3709566547410543e-06,
                0.9999986290320085
            ]
        ],
        [
            [
                0.9999999973444527,
                2.646573628131856e-09,
                2.413362762005624e-12,
                0.0,
                6.560200141439619e-12
            ],
            [
                0.9999999983932741,
                1.6052280512272114e-09,
                8.878265456566366e-13,
                0.0,
                6.101936662558299e-13
            ],
            [
                1.4930947675821105e-10,
                8.315279769900782e-07,
                0.9999991527766448,
                1.5229980676864424e-08,
                3.160881647775626e-10
            ],
            [
                1.2225761827801339e-11,
                1.0236505049844003e-10,
                2.2840730111319027e-11,
                0.0024726229691963654,
                0.997527376893372
            ],
            [
                1.879525482396606e-12,
                9.545017990667999e-12,
                1.658675416543822e-12,
                1.370956654405982e-06,
                0.9999986290302624
            ]
        ],
        [
            [
                0.9999999991373638,
                8.59216659796981e-10,
                1.0060392768005486e-12,
                0.0,
                2.4133627658773624e-12
            ],
            [
                0.9997388095713102,
                0.00026119032648634654,
                9.053711886217512e-11,
                6.5584868929571105e-12,
                5.107754727998543e-12
            ],
            [
                1.5428111961583552e-13,
                4.363462233051084e-09,
                0.999999995610283,
                2.5946094864478838e-11,
                1.5428111961583552e-13
            ],
            [
                2.734641150190971e-12,
                1.573677328080435e-11,
                2.4133123447239077e-12,
                2.1444939764224616e-05,
                0.9999785550393511
            ],
            [
                1.4637786269108402e-12,
                7.43368124512133e-12,
                6.914400639698495e-13,
                8.315279901660425e-07,
                0.999999168462421
            ]
        ],
        [
            [
                0.9999999997529425,
                2.461696949340607e-10,
                0.0,
                0.0,
                8.878265469534217e-13
            ],
            [
                0.9999999530652902,
                4.691163790699346e-08,
                1.225606684023933e-11,
                0.0,
                1.0815941024380978e-11
            ],
            [
                1.2015425714677708e-13,
                1.2501528646081779e-09,
                0.9999999987266317,
                2.289734842387998e-11,
                1.9810087952306424e-13
            ],
            [
                1.4637786265986001e-12,
                6.560200672221409e-12,
                1.1399919406381754e-12,
                8.315279899886684e-07,
                0.9999991684628461
            ],
            [
                2.413363075851962e-12,
                9.545036125258103e-12,
                7.835042772068757e-13,
                3.059023590372841e-07,
                0.9999996940848991
            ]
        ],
        [
            [
                0.9999999973438629,
                2.6465736289596067e-09,
                2.1297851629490856e-12,
                0.0,
                7.433680644406061e-12
            ],
            [
                0.999996273355767,
                3.7266391140697754e-06,
                3.97894752604477e-12,
                0.0,
                1.1399875526668126e-12
            ],
            [
                1.542811202817098e-13,
                5.492788349620339e-11,
                0.9999999999063829,
                3.7751345433620174e-11,
                7.83504178316105e-13
            ],
            [
                1.3886222733881582e-11,
                7.990969450400655e-11,
                1.081460113905092e-11,
                0.00012339462860980633,
                0.9998766052667797
            ],
            [
                1.6586784359695425e-12,
                1.081594205974944e-11,
                2.1297852698967634e-12,
                5.043472050145816e-07,
                0.9999994956381906
            ]
        ],
        [
            [
                0.99999999817087,
                1.8189616813060805e-09,
                2.734698282199942e-12,
                0.0,
                7.433680646822268e-12
            ],
            [
                0.9999999847674494,
                1.522997950117297e-08,
                1.8795287864839014e-12,
                0.0,
                6.914399996373368e-13
            ],
            [
                1.573710283517185e-11,
                5.0434720492576e-07,
                0.9999994952254034,
                4.0586523143090465e-10,
                5.7893565966605405e-12
            ],
            [
                1.1399898311189969e-12,
                8.423448814348746e-12,
                1.0060374949404506e-12,
                1.370956654807986e-06,
                0.9999986290327757
            ],
            [
                6.914400031355322e-13,
                3.0988191048470326e-12,
                4.1937956125349973e-13,
                1.046740168032008e-08,
                0.9999999895283888
            ]
        ],
        [
            [
                0.9999999988921815,
                1.1032560295584643e-09,
                1.4637785104307065e-12,
                0.0,
                3.098819130899082e-12
            ],
            [
                0.9999952148928737,
                4.7850948466044125e-06,
                9.544980847715495e-12,
                0.0,
                2.7346827988091328e-12
            ],
            [
                3.16086378894953e-10,
                6.144172155342899e-06,
                0.9999937415606116,
                1.1253454578873095e-07,
                1.416600869576247e-09
            ],
            [
                3.0987366220707885e-12,
                2.594540407930447e-11,
                2.1297284581462055e-12,
                2.7535689837573556e-05,
                0.9999724642789886
            ],
            [
                1.8795289615318715e-12,
                1.0815942391661581e-11,
                1.139991940986927e-12,
                8.315279902430533e-07,
                0.9999991684581743
            ]
        ],
        [
            [
                0.9999999950470255,
                4.9444504712675886e-09,
                2.734698274628193e-12,
                0.0,
                5.789356292818538e-12
            ],
            [
                0.8519527874080061,
                0.14804720209507014,
                1.0105106379776103e-08,
                3.918174949310986e-10,
                0.0
            ],
            [
                3.037975383133502e-14,
                5.905303994454521e-10,
                0.9999999993890576,
                2.0206839074859882e-11,
                1.7482341269419585e-13
            ],
            [
                3.978894475592956e-12,
                3.3314875560215704e-11,
                3.5113620504217414e-12,
                1.6701415107275408e-05,
                0.9999832985440875
            ],
            [
                2.413362951199545e-12,
                7.433681224839383e-12,
                1.1399919377710109e-12,
                2.3823698445646747e-07,
                0.9999997617520285
            ]
        ],
        [
            [
                0.9999999994783835,
                5.21141248168292e-10,
                0.0,
                0.0,
                4.75219305711236e-13
            ],
            [
                0.9626731123457232,
                0.03732688367553205,
                3.707003580852143e-09,
                1.8456084071980207e-10,
                8.71803681017964e-11
            ],
            [
                1.7832475147896512e-11,
                1.855391595652252e-07,
                0.9999998130004528,
                1.4166089645685868e-09,
                2.594609824158187e-11
            ],
            [
                3.977923383095499e-12,
                4.8461027590702036e-11,
                1.0813116847270823e-11,
                0.0002611903286939448,
                0.999738809608054
            ],
            [
                1.1399919374617998e-12,
                5.1090894063960635e-12,
                1.0060393537814502e-12,
                2.3823698439184815e-07,
                0.9999997617557604
            ]
        ],
        [
            [
                0.9999999988866619,
                1.1032560295523748e-09,
                1.658678354717863e-12,
                0.0,
                8.423463733157731e-12
            ],
            [
                0.9999999865492921,
                1.3440409748777072e-08,
                5.7893562415664745e-12,
                0.0,
                4.508755174411296e-12
            ],
            [
                1.7482341274761282e-13,
                2.789468091600543e-10,
                0.9999999996946056,
                2.5946094970966878e-11,
                3.266131341302325e-13
            ],
            [
                2.1297812763689033e-12,
                1.2256045032299394e-11,
                1.1399897684222177e-12,
                2.2603252736771997e-06,
                0.9999977396592005
            ],
            [
                1.1399919062557329e-12,
                5.789356598960325e-12,
                6.914400429683522e-13,
                5.043472051261087e-07,
                0.9999994956451741
            ]
        ],
        [
            [
                0.9999999994701332,
                5.211412480053249e-10,
                1.2917800028438219e-12,
                0.0,
                7.433680661175747e-12
            ],
            [
                0.9999999918436865,
                8.152020638985966e-09,
                1.8795287991354556e-12,
                0.0,
                2.4133627494865136e-12
            ],
            [
                2.4133627212177495e-12,
                1.955568067770914e-08,
                0.9999999791432794,
                1.250152840167283e-09,
                4.847368604606378e-11
            ],
            [
                1.463770222169283e-12,
                9.544980852491317e-12,
                8.878215185200432e-13,
                4.78509484899863e-06,
                0.9999952148932545
            ],
            [
                2.7346934402686316e-12,
                1.0815922369930057e-11,
                2.1297813927414443e-12,
                1.37095665431847e-06,
                0.9999986290276652
            ]
        ],
        [
            [
                0.999999986543485,
                1.3440409745826353e-08,
                6.560200067943594e-12,
                0.0,
                9.54503477703567e-12
            ],
            [
                0.9999982396294622,
                1.7603431317881917e-06,
                2.2897307088462594e-11,
                0.0,
                4.508747096454036e-12
            ],
            [
                2.2447770419406463e-13,
                5.6027964048897436e-09,
                0.9999999943047597,
                9.056076936903058e-11,
                1.6586783492491036e-12
            ],
            [
                9.544944624833225e-12,
                2.94004992554009e-11,
                1.6586626674733992e-12,
                1.0129988105132965e-05,
                0.9999898699712908
            ],
            [
                1.8795253788744646e-12,
                1.0815921774891678e-11,
                3.9789552583011855e-12,
                2.2603252728308563e-06,
                0.9999977396580527
            ]
        ],
        [
            [
                0.9999999990166646,
                9.73620028572584e-10,
                1.2917800011660447e-12,
                0.0,
                8.4234637308636e-12
            ],
            [
                0.9959298604659359,
                0.0040701377575714775,
                1.5986953346222532e-09,
                1.1580910161182735e-10,
                6.198814516424761e-11
            ],
            [
                4.193795618031402e-13,
                9.237449573097896e-09,
                0.9999999905108522,
                2.461696928131613e-10,
                5.109088978909225e-12
            ],
            [
                5.109040692360143e-12,
                2.940049924007785e-11,
                7.433610344319039e-12,
                1.0129988099853385e-05,
                0.999989869969957
            ],
            [
                1.658678567412798e-12,
                7.433681606777937e-12,
                1.00603940574409e-12,
                3.0590235895424486e-07,
                0.9999996940875426
            ]
        ],
        [
            [
                0.9999999998498028,
                1.4930946749737885e-10,
                0.0,
                0.0,
                8.878265471185201e-13
            ],
            [
                0.9999646436422552,
                3.535625746773439e-05,
                7.991671226056127e-11,
                9.544690159396177e-12,
                1.0815550889121937e-11
            ],
            [
                2.9989094899955042e-09,
                1.670141489804766e-05,
                0.999983286179714,
                9.237291539464333e-09,
                1.6918689614678814e-10
            ],
            [
                6.559574864515057e-12,
                4.846906665903718e-11,
                6.559574864515057e-12,
                9.610240004622174e-05,
                0.9999038975383655
            ],
            [
                1.1399919408816123e-12,
                7.433681245123052e-12,
                7.835042388760439e-13,
                8.315279901662352e-07,
                0.9999991684626527
            ]
        ],
        [
            [
                0.9999999990168165,
                9.736200289644705e-10,
                2.1297851658447428e-12,
                0.0,
                7.433680654512898e-12
            ],
            [
                0.9999546020170232,
                4.5397855659796644e-05,
                1.0261410816171965e-10,
                1.0815447429352525e-11,
                1.3887309392138738e-11
            ],
            [
                4.363437704610836e-09,
                6.14417192715993e-06,
                0.9999937046319813,
                1.444970738785729e-07,
                2.3355798990236195e-09
            ],
            [
                2.7335197763198403e-12,
                3.330108816647996e-11,
                9.540921500360622e-12,
                0.000430557120946608,
                0.9995694428334778
            ],
            [
                2.734698353514639e-12,
                1.5737102463203807e-11,
                1.4637785472707762e-12,
                6.475946146533081e-07,
                0.9999993523854498
            ]
        ],
        [
            [
                0.9999999804404447,
                1.955568069226422e-08,
                1.1399918299837863e-12,
                0.0,
                2.7346982362724452e-12
            ],
            [
                0.9999999226399149,
                7.734422793872459e-08,
                7.4336815246039e-12,
                0.0,
                8.423464720196356e-12
            ],
            [
                9.357622962100396e-14,
                5.211412484135047e-10,
                0.999999999448945,
                2.940077737166897e-11,
                4.1937956553589853e-13
            ],
            [
                1.0060393261526005e-12,
                7.433681018671954e-12,
                1.0060393261526005e-12,
                5.043472050811943e-07,
                0.9999994956433491
            ],
            [
                8.878265893397949e-13,
                6.560200474754009e-12,
                6.914400430094468e-13,
                5.043472051560837e-07,
                0.9999994956446554
            ]
        ],
        [
            [
                0.9999999969925151,
                2.9989608115896234e-09,
                2.734698279493313e-12,
                0.0,
                5.789356303117997e-12
            ],
            [
                0.991422512623835,
                0.008577485634910868,
                1.5914577582645124e-09,
                1.017384906866717e-10,
                4.805786012673694e-11
            ],
            [
                5.008774635322687e-14,
                3.1608814527228826e-10,
                0.9999999996659092,
                1.7832472899171654e-11,
                1.2015425725724656e-13
            ],
            [
                8.878266138827806e-13,
                5.789356759344776e-12,
                6.101937131469272e-13,
                2.382369844703215e-07,
                0.9999997617557281
            ],
            [
                1.8795254231803238e-12,
                8.423448546489784e-12,
                7.83502763944053e-13,
                1.7603431339731453e-06,
                0.9999982396457795
            ]
        ],
        [
            [
                0.9999999965935131,
                3.398267803670562e-09,
                1.6586783511903638e-12,
                0.0,
                6.56020013760529e-12
            ],
            [
                0.9984988175775301,
                0.0015011820241644664,
                3.5763688144224567e-10,
                2.2862960919239613e-11,
                1.7805691867234738e-11
            ],
            [
                3.459646583715028e-07,
                0.0019267335115629,
                0.9980724691161036,
                4.44227414624701e-07,
                7.180260564567921e-09
            ],
            [
                2.1286076609537337e-12,
                3.773047357859735e-11,
                1.0809961668074806e-11,
                0.0005527785868278361,
                0.9994472213625031
            ],
            [
                8.42341603751092e-12,
                4.277763636298346e-11,
                3.0988015846340823e-12,
                4.785094848974805e-06,
                0.9999952148508512
            ]
        ],
        [
            [
                0.9999999973441132,
                2.6465736293033598e-09,
                1.8795288097173203e-12,
                0.0,
                7.433680645371592e-12
            ],
            [
                0.9999989322732066,
                1.067703075178836e-06,
                2.0206802126882565e-11,
                0.0,
                3.511415690111225e-12
            ],
            [
                1.1628233628417388e-10,
                8.764248670306796e-08,
                0.9999998581097556,
                5.315785527886752e-08,
                9.736200813873295e-10
            ],
            [
                3.511214748618284e-12,
                2.594456275293318e-11,
                3.511214748618284e-12,
                5.829127730659435e-05,
                0.9999417086897263
            ],
            [
                1.0060394050304931e-12,
                4.508755805854571e-12,
                6.101937440300502e-13,
                6.825604229482822e-08,
                0.9999999317378327
            ]
        ],
        [
            [
                0.9999999981769663,
                1.8189616813171692e-09,
                1.6586783532278478e-12,
                0.0,
                2.413362763559575e-12
            ],
            [
                0.9999999865515701,
                1.3440409755554398e-08,
                4.508755176684835e-12,
                0.0,
                3.5114220622794e-12
            ],
            [
                9.545034879138481e-12,
                2.9989608111265003e-09,
                0.9999999956387224,
                1.2501528606628907e-09,
                1.0261879584717653e-10
            ],
            [
                1.6586626671663848e-12,
                1.3887812479567895e-11,
                1.2917677840404855e-12,
                1.0129988103257931e-05,
                0.9999898699950586
            ],
            [
                3.5114221926237636e-12,
                1.225606772069957e-11,
                2.129785219021673e-12,
                6.475946146047763e-07,
                0.999999352387488
            ]
        ],
        [
            [
                0.9999999998072768,
                1.917171511741563e-10,
                0.0,
                0.0,
                1.0060392782250241e-12
            ],
            [
                0.9999999317327997,
                6.825604223360178e-08,
                8.42346479978092e-12,
                0.0,
                2.734698630955083e-12
            ],
            [
                1.9171533617680557e-10,
                1.012998802507897e-05,
                0.9999898625099134,
                7.194064915484468e-09,
                1.1628122932834719e-10
            ],
            [
                4.505557290314581e-12,
                4.2747537366084064e-11,
                9.538264858445325e-12,
                0.0007096703447563195,
                0.9992903295984523
            ],
            [
                1.658678423722518e-12,
                9.545035295786569e-12,
                7.83504209119706e-13,
                3.927863698951485e-07,
                0.9999996072016429
            ]
        ],
        [
            [
                0.999999999638399,
                3.5817479265912604e-10,
                6.914400099813119e-13,
                0.0,
                2.7346982887730583e-12
            ],
            [
                0.9999999927991533,
                7.194132968330262e-09,
                2.7346982680257336e-12,
                0.0,
                3.978962501548707e-12
            ],
            [
                2.5436656164467676e-13,
                1.1861120007116428e-08,
                0.999999988057566,
                7.991959795774274e-11,
                1.1399918391824215e-12
            ],
            [
                1.4637759177578957e-12,
                1.0815922372576788e-11,
                8.878249730691618e-13,
                1.3709566546539524e-06,
                0.9999986290301778
            ],
            [
                3.0988195258818844e-12,
                8.4234648068788e-12,
                1.2917801661783202e-12,
                6.82560422911165e-08,
                0.9999999317311437
            ]
        ],
        [
            [
                0.9999999973414915,
                2.6465736256918595e-09,
                3.511422095840113e-12,
                0.0,
                8.423463712401014e-12
            ],
            [
                0.9999991684497137,
                8.3152798902538e-07,
                1.5737103297827546e-11,
                0.0,
                6.560200664621706e-12
            ],
            [
                1.9171679987628294e-10,
                2.2603252628303626e-06,
                0.9999977350490374,
                4.363454252850857e-09,
                7.05286692016642e-11
            ],
            [
                1.0060182580489797e-12,
                7.433525345272403e-12,
                7.83487807152676e-13,
                2.144493976235504e-05,
                0.9999785550510146
            ],
            [
                6.560175357899391e-12,
                2.5945996856305048e-11,
                1.65867208589954e-12,
                2.902312200120887e-06,
                0.9999970976536351
            ]
        ],
        [
            [
                0.9999999865505727,
                1.3440409748794282e-08,
                4.508755174417069e-12,
                0.0,
                4.508755174417069e-12
            ],
            [
                0.9241416638806169,
                0.07585816081369313,
                1.714644725269995e-07,
                3.1404813610518054e-09,
                7.007361090346482e-10
            ],
            [
                1.3615261042423784e-13,
                2.6465736314306727e-09,
                0.9999999973236013,
                2.940077730976671e-11,
                2.882350785299705e-13
            ],
            [
                5.108855626118604e-12,
                4.8471472606707354e-11,
                5.789091849678049e-12,
                4.539785620220596e-05,
                0.9999546020844284
            ],
            [
                3.0987543887168816e-12,
                1.7832100297594668e-11,
                2.734641149913069e-12,
                2.144493976204532e-05,
                0.9999785550365725
            ]
        ],
        [
            [
                0.9999999973422227,
                2.6465736281259542e-09,
                1.6586783521561351e-12,
                0.0,
                9.54503488395047e-12
            ],
            [
                0.9859363669715088,
                0.014063627160610026,
                5.523998210091477e-09,
                2.427075426926106e-10,
                1.0117555643804947e-10
            ],
            [
                0.0,
                1.0261879628023481e-10,
                0.999999999887716,
                9.545034919419175e-12,
                1.2015425727464813e-13
