{
    "[['A', 'B', 'C', 'D', 'E'], ['A', 'B', 'C', 'D', 'E']]": [
        [
            [
                0.9999999997943949,
                1.9171715117168658e-10,
                0.0,
                0.0,
                1.3887943850175836e-11
            ],
            [
                0.999999998887199,
                1.1032560288418693e-09,
                0.0,
                0.0,
                9.54503489254512e-12
            ],
            [
                0.0,
                7.052879849608463e-11,
                0.9999999999185618,
                1.08159415549797e-11,
                9.357622966845099e-14
            ],
            [
                9.054954660210532e-11,
                5.210766631875809e-10,
                7.581620712958303e-10,
                0.00012339462745378373,
                0.9998766040027579
            ],
            [
                0.9999999999135201,
                7.991959882271617e-11,
                0.0,
                0.0,
                6.5602001593852e-12
            ]
        ],
        [
            [
                0.9999999998212652,
                1.6918979201975984e-10,
                0.0,
                0.0,
                9.545034909201845e-12
            ],
            [
                0.9999999997191735,
                2.789468088133983e-10,
                0.0,
                0.0,
                1.8795288133487046e-12
            ],
            [
                5.492767568096449e-11,
                2.902312195108298e-06,
                0.9999970960137673,
                1.6052219815441434e-09,
                1.3887891317669265e-11
            ],
            [
                1.3887943588371901e-11,
                2.289734800043222e-11,
                7.433680524303095e-12,
                1.955568069837979e-08,
                0.9999999804001003
            ],
            [
                0.999999999934247,
                6.224144616438575e-11,
                0.0,
                0.0,
                3.511422109726834e-12
            ]
        ],
        [
            [
                0.9999999999173457,
                7.991959883476185e-11,
                0.0,
                0.0,
                2.734698288348768e-12
            ],
            [
                0.9999999998432569,
                1.4930946743158664e-10,
                0.0,
                0.0,
                7.433680662985759e-12
            ],
            [
                4.4202281005775784e-14,
                4.59905537546478e-10,
                0.9999999995241589,
                1.573710209595575e-11,
                1.5428112021225882e-13
            ],
            [
                7.848211708149826e-11,
                9.561079173685755e-10,
                6.23460678867601e-09,
                0.0179862114860285,
                0.9820137812447747
            ],
            [
                5.109089422026342e-12,
                2.940077965994536e-11,
                1.2256068389167632e-11,
                8.315279902156708e-07,
                0.9999991684252438
            ]
        ],
        [
            [
                0.9999999998878362,
                1.0261879616013809e-10,
                0.0,
                0.0,
                9.54503490824844e-12
            ],
            [
                0.9999999996773516,
                3.1608814498065783e-10,
                0.0,
                0.0,
                6.5602001587995614e-12
            ],
            [
                1.4165441120925602e-09,
                4.539785705187909e-05,
                0.9999545124187951,
                8.763848092167426e-08,
                6.691280590347442e-10
            ],
            [
                6.5602006740194184e-12,
                4.277788198834831e-11,
                1.3887944935881589e-11,
                8.315279902165722e-07,
                0.9999991684087837
            ],
            [
                0.999999999788076,
                1.9171715098647557e-10,
                0.0,
                0.0,
                2.020683904918439e-11
            ]
        ],
        [
            [
                0.9999999999078244,
                7.991959879388351e-11,
                0.0,
                0.0,
                1.225606742329599e-11
            ],
            [
                0.9999999993972137,
                5.90530398963488e-10,
                0.0,
                0.0,
                1.2256067424778941e-11
            ],
            [
                1.3176490455870178e-10,
                1.7603431306407242e-06,
                0.9999982378771015,
                1.6052251540190542e-09,
                4.2777801376219996e-11
            ],
            [
                9.544908057322629e-12,
                7.052786109469208e-11,
                5.492715344889746e-11,
                1.3007124770723768e-05,
                0.9999869927402293
            ],
            [
                0.9999999995222622,
                4.599055366975814e-10,
                0.0,
                0.0,
                1.7832472862871676e-11
            ]
        ],
        [
            [
                0.9999999998741727,
                1.1628233012285162e-10,
                0.0,
                0.0,
                9.545034908118022e-12
            ],
            [
                0.9999999981740497,
                1.8189616813118641e-09,
                1.8795288100900847e-12,
                0.0,
                5.10908901053313e-12
            ],
            [
                0.0,
                9.056076986931509e-11,
                0.9999999998890079,
                2.0206839084105374e-11,
                2.2447770543414595e-13
            ],
            [
                1.8795254231103095e-12,
                1.7832440712190605e-11,
                3.0988135439036254e-12,
                1.7603431339075706e-06,
                0.9999982396340553
            ],
            [
                2.020683843426133e-11,
                2.5946094140494274e-11,
                5.109088862210451e-12,
                3.224186632592158e-08,
                0.9999999677068715
            ]
        ],
        [
            [
                0.9999999998185543,
                1.6918979204415464e-10,
                0.0,
                0.0,
                1.2256067428354092e-11
            ],
            [
                0.9999999995932471,
                4.058652121747327e-10,
                0.0,
                0.0,
                8.878265468116399e-13
            ],
            [
                1.2501314486278852e-09,
                1.6701414654838018e-05,
                0.9999832717657546,
                2.5109561370253474e-08,
                4.5989765871207203e-10
            ],
            [
                3.0988189732660074e-12,
                1.2256066789709027e-11,
                2.7346981455776277e-12,
                5.315784970597725e-08,
                0.9999999468240608
            ],
            [
                1.139991847842289e-12,
                5.7893563023123795e-12,
                1.139991847842289e-12,
                4.3634622330321384e-09,
                0.9999999956284684
            ]
        ],
        [
            [
                0.9999999997705,
                2.1724399301027096e-10,
                0.0,
                0.0,
                1.2256067416025078e-11
            ],
            [
                0.9999999961308612,
                3.850741899931591e-09,
                4.508755215556588e-12,
                0.0,
                1.3887943782604452e-11
            ],
            [
                1.0261861081370194e-10,
                1.760343129989825e-06,
                0.9999982374702041,
                2.0611498965048356e-09,
                2.2897307065070705e-11
            ],
            [
                2.7346724208074107e-12,
                4.847322849207558e-11,
                1.2255951499287509e-11,
                1.0129988105235958e-05,
                0.999989869948431
            ],
            [
                0.9999999999627056,
                3.3315445398128325e-11,
                0.0,
                0.0,
                3.97896253302629e-12
            ]
        ],
        [
            [
                0.9999999998432569,
                1.4930946738480009e-10,
                0.0,
                0.0,
                7.433680660656392e-12
            ],
            [
                0.9999999987432868,
                1.2501528630446814e-09,
                0.0,
                0.0,
                6.5602001506162515e-12
            ],
            [
                1.4637784663217994e-12,
                3.224186631961175e-08,
                0.9999999674737441,
                2.789468001770417e-10,
                3.978962405892198e-12
            ],
            [
                3.978962956145769e-12,
                1.3887945331984935e-11,
                3.5114224842974865e-12,
                8.764249145234779e-08,
                0.9999999123361303
            ],
            [
                6.224133581632489e-11,
                1.0261861427716458e-10,
                7.991945715675822e-11,
                1.3709566543813586e-06,
                0.9999986287985662
            ]
        ],
        [
            [
                0.9999999996295692,
                3.5817479238824553e-10,
                0.0,
                0.0,
                1.2256067422197404e-11
            ],
            [
                0.9999999961415891,
                3.85074190090552e-09,
                1.879528805868298e-12,
                0.0,
                5.789356295862319e-12
            ],
            [
                5.0087746350328357e-14,
                3.5817479282732856e-10,
                0.9999999996080404,
                3.331544540296918e-11,
                4.193795656026199e-13
            ],
            [
                1.0815653545881574e-11,
                9.055835840676657e-11,
                2.5945404079322945e-11,
                2.7535689837593163e-05,
                0.9999724641828429
            ],
            [
                0.9999999996189279,
                3.581747923844341e-10,
                0.0,
                0.0,
                2.2897348415293404e-11
            ]
        ],
        [
            [
                0.9999999997032207,
                2.7894680880894833e-10,
                0.0,
                0.0,
                1.783247287759244e-11
            ],
            [
                0.9999999996808131,
                3.1608814498175193e-10,
                0.0,
                0.0,
                3.0988191343139323e-12
            ],
            [
                5.384940166914959e-13,
                9.237449574760079e-09,
                0.9999999906907918,
                7.05287978452611e-11,
                6.914400041661536e-13
            ],
            [
                1.783026292996846e-11,
                1.4929096369898163e-10,
                2.1721707046209582e-10,
                0.00012339462758920207,
                0.9998766049880725
            ],
            [
                0.9999999997087972,
                2.7894680889791264e-10,
                0.0,
                0.0,
                1.2256067427008902e-11
            ]
        ],
        [
            [
                0.9999999996334017,
                3.5817479254828565e-10,
                0.0,
                0.0,
                8.423463743179367e-12
            ],
            [
                0.9999999996378461,
                3.5817479254987756e-10,
                0.0,
                0.0,
                3.978962530522246e-12
            ],
            [
                0.00014685161229398402,
                0.562093295207211,
                0.4377586980965106,
                1.121225896056062e-06,
                3.385808828623753e-08
            ],
            [
                2.7346986336626143e-12,
                1.7832475138727807e-11,
                4.508755806274129e-12,
                6.825604230117974e-08,
                0.9999999317188818
            ],
            [
                1.0815942918518737e-11,
                4.847369316332581e-11,
                1.2256068986578601e-11,
                3.059023590009564e-07,
                0.9999996940260952
            ]
        ],
        [
            [
                0.9999999998199942,
                1.6918979204439827e-10,
                0.0,
                0.0,
                1.081594154340601e-11
            ],
            [
                0.9999999847656271,
                1.5229979495890874e-08,
                2.734698246913389e-12,
                0.0,
                1.65867833181536e-12
            ],
            [
                5.4927884655959555e-11,
                6.475946135056876e-07,
                0.9999993506903027,
                1.6052280886887022e-09,
                5.4927884655959555e-11
            ],
            [
                5.109060450606453e-12,
                4.277763941357312e-11,
                1.5737014082098743e-11,
                6.1441721264141986e-06,
                0.9999938557642498
            ],
            [
                9.736200679605203e-10,
                1.9171715859452731e-10,
                1.6918979863199001e-10,
                3.927863693376275e-07,
                0.9999996058791036
            ]
        ],
        [
            [
                0.9999999999010158,
                9.056076978785289e-11,
                0.0,
                0.0,
                8.423463744341622e-12
            ],
            [
                0.9999999976608134,
                2.3355930317730673e-09,
                1.463778509722358e-12,
                0.0,
                2.129785164548656e-12
            ],
            [
                3.442477107241886e-14,
                1.1628233026072642e-10,
                0.9999999998604978,
                2.289734844828699e-11,
                2.8823507924161196e-13
            ],
            [
                1.8795288897885744e-12,
                1.0815941978807411e-11,
                2.4133628658874223e-12,
                3.92786369855877e-07,
                0.9999996071985213
            ],
            [
                0.9999999996326181,
                3.581747924489579e-10,
                7.835041772390937e-13,
                0.0,
                8.423463740843403e-12
            ]
        ],
        [
            [
                0.9999999997987379,
                1.9171715109757004e-10,
                0.0,
                0.0,
                9.545034908986822e-12
            ],
            [
                0.9999999997136195,
                2.7894680889925784e-10,
                0.0,
                0.0,
                7.433680662022076e-12
            ],
            [
                1.6918948277138452e-10,
                1.067703075179624e-06,
                0.9999989311362847,
                9.736182503082348e-10,
                1.7832440288126838e-11
            ],
            [
                7.731826288326736e-08,
                1.5224868668222436e-08,
                4.138548384150451e-08,
                0.000335350048951026,
                0.9996645160224337
            ],
            [
                0.9999999997960269,
                1.9171715106513784e-10,
                0.0,
                0.0,
                1.2256067424237522e-11
            ]
        ],
        [
            [
                0.9999999998223867,
                1.6918979188273652e-10,
                0.0,
                0.0,
                8.423463735610475e-12
            ],
            [
                0.9999724641222439,
                2.7535689783280485e-05,
                1.317616337438706e-10,
                2.289673869114563e-11,
                3.3314558218373284e-11
            ],
            [
                2.061094794671868e-09,
                2.75356896869217e-05,
                0.9999722210199486,
                2.382303943789588e-07,
                2.9988752309618323e-09
            ],
            [
                3.775127847909839e-11,
                9.056060925918092e-11,
                3.775127847909839e-11,
                1.370956654563927e-06,
                0.9999986288772823
            ],
            [
                0.9999999998185543,
                1.691897919592261e-10,
                0.0,
                0.0,
                1.2256067422201889e-11
            ]
        ],
        [
            [
                0.9999999994586517,
                5.211412471274963e-10,
                0.0,
                0.0,
                2.0206839025804347e-11
            ],
            [
                0.9999996940626399,
                3.0590235851435735e-07,
                2.0206841601197266e-11,
                3.9789630302775524e-12,
                1.081594290131381e-11
            ],
            [
                1.6586782702082996e-12,
                5.3157849701368255e-08,
                0.9999999466893026,
                1.493094596346629e-10,
                1.879528716022094e-12
            ],
            [
                9.543852007296676e-12,
                1.1626791944073947e-10,
                1.691688245817966e-10,
                0.00012339462837949474,
                0.9998766050766399
            ],
            [
                1.573710191542603e-11,
                2.940077703519357e-11,
                1.2256067295008297e-11,
                1.1861120007057055e-08,
                0.9999999880814859
            ]
        ],
        [
            [
                0.9999999999415607,
                5.492788344573738e-11,
                0.0,
                0.0,
                3.5114221092973097e-12
            ],
            [
                0.9999999965742723,
                3.3982678023985366e-09,
                3.098819123131804e-12,
                1.463778506761704e-12,
                2.2897348341259986e-11
            ],
            [
                1.361526105621806e-13,
                1.6052280522760396e-09,
                0.9999999983566299,
                3.7751345374364406e-11,
                2.5436656427663763e-13
            ],
            [
                4.508755719145153e-12,
                2.5946097726848843e-11,
                9.545035932332782e-12,
                8.76424914635903e-08,
                0.9999999123175086
            ],
            [
                0.9999999999582696,
                3.775134540446013e-11,
                0.0,
                0.0,
                3.9789625317971984e-12
            ]
        ],
        [
            [
                0.999999999773211,
                2.1724399321895744e-10,
                0.0,
                0.0,
                9.545034910145303e-12
            ],
            [
                0.999999995049716,
                4.944450471280891e-09,
                2.7346982746355505e-12,
                0.0,
                3.098819119507793e-12
            ],
            [
                5.905270526667451e-10,
                4.7850948326822326e-06,
                0.9999952116303304,
                2.6465586376755027e-09,
                3.775113146168578e-11
            ],
            [
                1.783247517334939e-11,
                3.331544965362047e-11,
                7.433681616629286e-12,
                1.855391598300513e-07,
                0.9999998144022586
            ],
            [
                2.2897349348618256e-11,
                7.991960204349322e-11,
                1.7832473602963418e-11,
                3.927863698524675e-07,
                0.9999996070929807
            ]
        ],
        [
            [
                0.9999999999337794,
                6.224144615628792e-11,
                0.0,
                0.0,
                3.978962531183937e-12
            ],
            [
                0.9999999928006383,
                7.194132965446365e-09,
                2.1297851517486937e-12,
                0.0,
                3.0988191107756728e-12
            ],
            [
                2.6810038667353443e-14,
                2.4616969508545264e-10,
                0.9999999997414415,
                1.2256067439315652e-11,
                1.0603575987385021e-13
            ],
            [
                2.4133630786447055e-12,
                1.08159429323194e-11,
                1.879529055484113e-12,
                1.8553915984924068e-07,
                0.9999998144457314
            ],
            [
                3.774911605720771e-11,
                1.4930065022868958e-10,
                4.8470824474950033e-11,
                5.829127676144084e-05,
                0.999941708487718
            ]
        ],
        [
            [
                0.9999999998449012,
                1.4930946743183213e-10,
                0.0,
                0.0,
                5.789356321445588e-12
            ],
            [
                0.9999998554750732,
                1.4449803144116568e-07,
                8.423464152635261e-12,
                2.7346984208576483e-12,
                1.5737102850736066e-11
            ],
            [
                7.433681267847988e-12,
                1.1253518373420432e-07,
                0.9999998866868703,
                7.582561035334136e-10,
                1.2256068425906074e-11
            ],
            [
                5.789279380206711e-12,
                4.8473042780599746e-11,
                1.2255904544073024e-11,
                1.30071247691564e-05,
                0.9999869928087126
            ],
            [
                2.7346982372145353e-12,
                8.423463586974651e-12,
                1.2917799790999598e-12,
                1.9555680699001056e-08,
                0.9999999804318693
            ]
        ],
        [
            [
                0.9999999998223867,
                1.6918979199178695e-10,
                0.0,
                0.0,
                8.423463741039776e-12
            ],
            [
                0.9999999995917215,
                4.05865211906911e-10,
                0.0,
                0.0,
                2.4133627674290987e-12
            ],
            [
                0.0,
                1.7832472895360474e-11,
                0.9999999999521567,
                2.940077737176432e-11,
                6.101936673230224e-13
            ],
            [
                7.052867340262456e-11,
                7.991945716303943e-11,
                1.573707419138392e-11,
                1.370956654489108e-06,
                0.9999986288771603
            ],
            [
                3.978962515330872e-12,
                1.0815941501543606e-11,
                2.7346982774980675e-12,
                4.944450476456444e-09,
                0.9999999950380198
            ]
        ],
        [
            [
                0.9999999998714617,
                1.1628233010060332e-10,
                0.0,
                0.0,
                1.2256067422850328e-11
            ],
            [
                0.9999999996730959,
                3.160881448206452e-10,
                0.0,
                0.0,
                1.0815941536387867e-11
            ],
            [
                1.9171716617792742e-10,
                1.1253518340787394e-07,
                0.99999988381259,
                3.3982680818685045e-09,
                6.224145103461489e-11
            ],
            [
                1.782965070514162e-11,
                2.1720961203684017e-10,
                3.160381206861528e-10,
                0.00015843624739927012,
                0.9998415632015233
            ],
            [
                3.775134420773054e-11,
                4.847368547685356e-11,
                2.940077643097869e-11,
                3.224186631775314e-08,
                0.999999967642508
            ]
        ],
        [
            [
                0.9999999996660796,
                3.160881445875677e-10,
                0.0,
                0.0,
                1.783247286054236e-11
            ],
            [
                0.9999999998283968,
                1.6918979208710884e-10,
                0.0,
                0.0,
                2.4133627693454714e-12
            ],
            [
                1.542811191816461e-13,
                7.194132977281736e-09,
                0.9999999927431009,
                6.224144577016036e-11,
                3.7010116513044417e-13
            ],
            [
                3.978963036631079e-12,
                2.94007810932385e-11,
                6.560200993823234e-12,
                3.05902359002816e-07,
                0.9999996940577011
            ],
            [
                0.9999999996505966,
                3.160881448731537e-10,
                0.0,
                0.0,
                3.331544536282864e-11
            ]
        ],
        [
            [
                0.9999999998384346,
                1.493094674089335e-10,
                0.0,
                0.0,
                1.2256067426797369e-11
            ],
            [
                0.9999999748815211,
                2.5109990891143993e-08,
                4.50875512265461e-12,
                0.0,
                3.9789624302551205e-12
            ],
            [
                1.9810087954910857e-13,
                9.736200300438107e-10,
                0.9999999989877391,
                3.775134539404615e-11,
                6.914400098012276e-13
            ],
            [
                3.3315385265650106e-11,
                7.991945462276352e-11,
                6.224133384284784e-11,
                1.7603431335879082e-06,
                0.9999982394813902
            ],
            [
                0.999999998997164,
                9.736200289453366e-10,
                2.1297851658028873e-12,
                1.1399918502862079e-12,
                2.594609491998952e-11
            ]
        ],
        [
            [
                0.9999999995292785,
                4.59905536910491e-10,
                0.0,
                0.0,
                1.0815941534832345e-11
            ],
            [
                0.9999997617123543,
                2.3823698407231828e-07,
                2.0206840559455218e-11,
                4.50875557012503e-12,
                2.594609686929724e-11
            ],
            [
                8.423464819198033e-12,
                1.8553915971382322e-07,
                0.9999998137758244,
                6.691586937112097e-10,
                7.433681611972573e-12
            ],
            [
                7.155705511626553e-09,
                1.437260501973246e-07,
                0.0001227504925742986,
                0.9946576148515563,
                0.00521948377411361
            ],
            [
                2.2897348173217185e-11,
                2.0206838840265208e-11,
                5.7893562571167834e-12,
                1.1861120004622735e-08,
                0.9999999880899865
            ]
        ],
        [
            [
                0.9999999999541234,
                4.2777878646078073e-11,
                0.0,
                0.0,
                3.0988191355625898e-12
            ],
            [
                0.999999999896771,
                1.0261879625294677e-10,
                0.0,
                0.0,
                6.101936673795455e-13
            ],
            [
                1.917168004589335e-10,
                2.2603252696997647e-06,
                0.9999977380404613,
                1.4166061936985531e-09,
                2.5946047491326925e-11
            ],
            [
                1.225606804308478e-11,
                4.2777880780354096e-11,
                1.7832473779664855e-11,
                1.4449803167291175e-07,
                0.9999998554291019
            ],
            [
                2.7346983535162203e-12,
                1.3887944179441797e-11,
                2.7346983535162203e-12,
                6.475946146536826e-07,
                0.999999352386028
            ]
        ],
        [
            [
                0.9999999997399422,
                2.4616969461012654e-10,
                0.0,
                0.0,
                1.3887943832727167e-11
            ],
            [
                0.9999999634536005,
                3.6534820750238705e-08,
                5.78935610894927e-12,
                0.0,
                5.78935610894927e-12
            ],
            [
                8.258073281000598e-14,
                2.461696950457462e-10,
                0.9999999997273263,
                2.5946094968452268e-11,
                4.752193060149746e-13
            ],
            [
                1.3881958866553036e-11,
                2.171503723809312e-10,
                2.171503723809312e-10,
                0.00043055711960322633,
                0.999569442432214
            ],
            [
                0.9999999999267366,
                7.052879841778264e-11,
                0.0,
                0.0,
                2.7346982879727304e-12
            ]
        ],
        [
            [
                0.9999999998598115,
                1.3176514253711203e-10,
                0.0,
                0.0,
                8.423463743994537e-12
            ],
            [
                0.9999999998479558,
                1.4930946745164409e-10,
                0.0,
                0.0,
                2.7346982885135227e-12
            ],
            [
                5.3155423863399954e-08,
                4.5397855526328436e-05,
                0.9999544798769572,
                6.825291527541564e-08,
                8.591774059477284e-10
            ],
            [
                0.9999999983842187,
                1.6052280500151573e-09,
                2.1297851640957275e-12,
                0.0,
                8.423463727336593e-12
            ],
            [
                3.098819115391824e-12,
                1.2256067351827537e-11,
                3.098819115391824e-12,
                7.194132976163096e-09,
                0.9999999927874132
            ]
        ],
        [
            [
                0.9999999990126602,
                9.736200285686853e-10,
                1.4637785100181052e-12,
                0.0,
                1.2256067409705263e-11
            ],
            [
                0.9999999997136195,
                2.7894680889925784e-10,
                0.0,
                0.0,
                7.433680662022076e-12
            ],
            [
                1.5428112008158993e-13,
                1.2501528644614592e-09,
                0.9999999987061314,
                4.277787862381041e-11,
                7.835041772998124e-13
            ],
            [
                3.77513452125813e-11,
                3.77513452125813e-11,
                1.3887943780274614e-11,
                5.602796403371123e-09,
                0.9999999943078128
            ],
            [
                0.9999999992097395,
                7.582560409747971e-10,
                1.4637785106194445e-12,
                1.139991850313518e-12,
                2.9400777322415505e-11
            ]
        ],
        [
            [
                0.9999999994666027,
                5.211412477726253e-10,
                0.0,
                0.0,
                1.2256067420200077e-11
            ],
            [
                0.9999999995867013,
                4.058652119724322e-10,
                0.0,
                0.0,
                7.43368065998662e-12
            ],
            [
                0.0,
                5.211412483300526e-10,
                0.9999999993985689,
                7.991959885917987e-11,
                3.701011675334383e-13
            ],
            [
                2.0156873571381654e-11,
                2.1670681355599814e-10,
                1.314393265903422e-10,
                0.002472622967360878,
                0.9975273766643361
            ],
            [
                0.9999999999020057,
                9.056076978794253e-11,
                0.0,
                0.0,
                7.433680663422478e-12
            ]
        ],
        [
            [
                0.9999999995262066,
                4.599055370723792e-10,
                0.0,
                0.0,
                1.3887943841021952e-11
            ],
            [
                0.9999999317270947,
                6.825604220897635e-08,
                8.4234647967419e-12,
                1.879529049101681e-12,
                6.560200979877004e-12
            ],
            [
                7.991960471588824e-11,
                8.315279863007534e-07,
                0.9999991639260127,
                4.363462568867648e-09,
                1.0261880374683799e-10
            ],
            [
                6.5602003160403436e-12,
                2.594609556766738e-11,
                1.0815941801109418e-11,
                6.475946145883114e-07,
                0.9999993523620632
            ],
            [
                0.9999999990766621,
                8.592166597448251e-10,
                1.879528811786571e-12,
                0.0,
                6.224144607169623e-11
            ]
        ],
        [
            [
                0.9999999997987379,
                1.9171715102949607e-10,
                0.0,
                0.0,
                9.545034905597617e-12
            ],
            [
                0.9999999969893643,
                2.998960812079369e-09,
                2.129785161881221e-12,
                0.0,
                9.545034882171253e-12
            ],
            [
                1.6918915175099009e-10,
                2.9023121890456112e-06,
                0.999997094004085,
                3.3982549544973126e-09,
                1.1628189008619432e-10
            ],
            [
                5.7861555252938784e-12,
                1.0256206071857267e-10,
                5.4897515132074616e-11,
                0.0005527785838423061,
                0.999447221252912
            ],
            [
                2.5946096980173903e-11,
                6.22414510206135e-11,
                1.7832474280944342e-11,
                8.315279901099098e-07,
                0.9999991683659898
            ]
        ],
        [
            [
                0.9999999999135201,
                7.991959884481655e-11,
                0.0,
                0.0,
                6.56020016119931e-12
            ],
            [
                0.9999999123368457,
                8.76424913206949e-08,
                1.081594268355547e-11,
                2.41336302313797e-12,
                7.433681446425332e-12
            ],
            [
                4.058652626036907e-10,
                6.825604216467654e-08,
                0.9999999296900864,
                1.6052282527659045e-09,
                4.277788395502644e-11
            ],
            [
                5.4888924451135533e-11,
                4.0557734197940665e-10,
                1.9158117090067594e-10,
                0.0007096703414270378,
                0.9992903290065255
            ],
            [
                5.789356759000194e-12,
                2.594609691109897e-11,
                9.545035632235174e-12,
                2.3823698445614163e-07,
                0.999999761721735
            ]
        ],
        [
            [
                0.9999999998752942,
                1.1628233014233793e-10,
                0.0,
                0.0,
                8.423463742887576e-12
            ],
            [
                0.9999999995243574,
                4.599055371987077e-10,
                0.0,
                0.0,
                1.5737102084055706e-11
            ],
            [
                6.825356282053516e-08,
                3.53562545886794e-05,
                0.9999645618602149,
                1.3439923393646274e-08,
                1.9171021100600156e-10
            ],
            [
                2.7346986391574176e-12,
                2.5946098280374724e-11,
                4.508755815333529e-12,
                1.8553915984263084e-07,
                0.9999998144276506
            ],
            [
                0.9999999999254923,
                7.052879841769488e-11,
                0.0,
                0.0,
                3.978962530566465e-12
            ]
        ],
        [
            [
                0.9999999998250209,
                1.6918979204524871e-10,
                0.0,
                0.0,
                5.789356321330494e-12
            ],
            [
                0.9999986290061226,
                1.3709566528027003e-06,
                2.2897307811507404e-11,
                3.5114158802718394e-12,
                1.0815922357971659e-11
            ],
            [
                6.431393937910999e-14,
                3.5817479283111395e-10,
                0.9999999996186091,
                2.2897348443848693e-11,
                2.5436656459764293e-13
            ],
            [
                1.0815942061675783e-11,
                4.8473689323222115e-11,
                1.3887944512613717e-11,
                5.043472051044069e-07,
                0.9999994955796173
            ],
            [
                0.9999999998328581,
                1.493094673550848e-10,
                0.0,
                0.0,
                1.783247287654065e-11
            ]
        ],
        [
            [
                0.9999999997087972,
                2.7894680893407413e-10,
                0.0,
                0.0,
                1.2256067428597727e-11
            ],
            [
                0.9999999996394118,
                3.5817479259141474e-10,
                0.0,
                0.0,
                2.4133627688893823e-12
            ],
            [
                7.433680959478206e-12,
                3.927863697194823e-07,
                0.9999996067968199,
                4.0586522832411876e-10,
                3.5114222490052395e-12
            ],
            [
                0.9999999996734166,
                3.16088144979414e-10,
                4.75219305597628e-13,
                4.75219305597628e-13,
                9.545034909192762e-12
            ],
            [
                0.9999999985592356,
                4.5990553646436294e-10,
                2.1297851644684758e-12,
                5.1090890125010794e-12,
                9.736200283353173e-10
            ]
        ],
        [
            [
                0.9999999999236819,
                7.05287984175672e-11,
                0.0,
                0.0,
                5.789356321051239e-12
            ],
            [
                0.9999999936435922,
                6.348800066694351e-09,
                3.098819114634653e-12,
                0.0,
                4.5087552072481955e-12
            ],
            [
                5.008774635875869e-14,
                2.1724399342256e-10,
                0.9999999997564715,
                2.5946094972572054e-11,
                2.8823507923120905e-13
            ],
            [
                2.4133630756433077e-12,
                2.9400781094009356e-11,
                7.433681608153157e-12,
                3.059023590108364e-07,
                0.9999996940583932
            ],
            [
                0.9999999994559614,
                5.211412469424507e-10,
                0.0,
                0.0,
                2.2897348375330237e-11
            ]
        ],
        [
            [
                0.9999999997415743,
