{
    "[['A', 'B', 'C', 'D', 'E'], ['A', 'B', 'C', 'D', 'E']]": [
        [
            [
                0.9999999967144846,
                2.9989608132331982e-09,
                3.098819126710661e-12,
                4.508755224818684e-12,
                2.789468082056819e-10
            ],
            [
                0.9999952144939074,
                4.785094844695311e-06,
                1.3176439616430834e-10,
                3.33152566676402e-11,
                2.4616830046746687e-10
            ],
            [
                1.0815941509414211e-11,
                3.3982678044542983e-09,
                0.9999999957057535,
                8.59216658114508e-10,
                2.594609486792695e-11
            ],
            [
                0.9999991680419597,
                4.058652435002394e-10,
                3.978962838306174e-12,
                2.0206840626286164e-11,
                8.315279893066507e-07
            ],
            [
                0.9770226112286167,
                1.4880043790041262e-08,
                3.9653973533004157e-10,
                6.202925107221247e-09,
                0.02297736729187483
            ]
        ],
        [
            [
                0.9999999989915951,
                7.582560408093877e-10,
                3.9789625254376925e-12,
                0.0,
                2.4616969453814125e-10
            ],
            [
                0.9997965659118125,
                0.0002034270594035113,
                4.943441929710468e-09,
                6.690221137211135e-10,
                1.416319825861844e-09
            ],
            [
                0.0,
                2.5946094975483623e-11,
                0.9999999999655478,
                8.423463752104838e-12,
                8.258073283238523e-14
            ],
            [
                0.9999999960997783,
                4.8473686813044914e-11,
                0.0,
                1.0060392741018378e-12,
                3.850741902934854e-09
            ],
            [
                0.9999998871776667,
                2.7894683161157934e-10,
                2.4133629649796005e-12,
                5.789356792064746e-12,
                1.1253518372568061e-07
            ]
        ],
        [
            [
                0.999999991430592,
                4.0586520892986903e-10,
                3.0988191103368336e-12,
                8.42346367731024e-12,
                8.152020639798161e-09
            ],
            [
                0.9999970947291199,
                2.9023121889874387e-06,
                4.0586367613456534e-10,
                2.1724317107175626e-10,
                2.335584196777493e-09
            ],
            [
                0.998417928165077,
                7.47334327059965e-05,
                2.55723744217072e-06,
                3.720758523498607e-06,
                0.0015010604062513045
            ],
            [
                0.9988304825659002,
                4.938663498414528e-09,
                1.0249869089060311e-10,
                2.058741240461608e-09,
                0.0011695103341964157
            ],
            [
                0.9999999633286111,
                1.317651377042173e-10,
                1.2917799557997067e-12,
                3.511421980217971e-12,
                3.653482075175367e-08
            ]
        ],
        [
            [
                0.9999999905445774,
                9.237449559798392e-09,
                1.7832472710907637e-11,
                8.423463661299658e-12,
                1.917171492553148e-10
            ],
            [
                0.9999994944105054,
                5.043472041090559e-07,
                9.056077394120959e-11,
                4.847368922755719e-11,
                1.1032560816154183e-09
            ],
            [
                1.9810087889678201e-13,
                4.363462232941117e-09,
                0.9999999955652008,
                7.052879818780993e-11,
                6.101936649633384e-13
            ],
            [
                0.9999999892466628,
                2.789468060476076e-10,
                1.8795287947129534e-12,
                5.109088968733754e-12,
                1.046740167319139e-08
            ],
            [
                0.9999999955551544,
                7.991959844601988e-11,
                0.0,
                1.4637785052699412e-12,
                4.363462226544434e-09
            ]
        ],
        [
            [
                0.999999998239604,
                1.6052280505887971e-09,
                3.978962524442876e-12,
                1.879528811156767e-12,
                1.4930946719214605e-10
            ],
            [
                0.9890130481762113,
                0.010986942261479265,
                8.062458489506718e-09,
                7.499254581836448e-10,
                7.499254581836448e-10
            ],
            [
                4.8473689204151567e-11,
                1.44498030994494e-07,
                0.9999998508438632,
                4.363462445710798e-09,
                2.461697060567139e-10
            ],
            [
                0.999978553645118,
                1.2501267414631376e-09,
                1.5736773242608487e-11,
                1.4930634744254454e-10,
                2.144493971217405e-05
            ],
            [
                0.9999996939600869,
                1.3176515911407227e-10,
                0.0,
                5.789357049872711e-12,
                3.059023586060669e-07
            ]
        ],
        [
            [
                0.9999999988663928,
                6.691586078633216e-10,
                2.4133627672674612e-12,
                2.1297851669265225e-12,
                4.5990553699515326e-10
            ],
            [
                0.9999998874226704,
                1.1253518372901612e-07,
                1.5737103366801992e-11,
                3.511422394506923e-12,
                2.2897350289656092e-11
            ],
            [
                9.357622965287612e-14,
                1.3176514265093086e-10,
                0.9999999998120734,
                5.492788348869381e-11,
                1.1399918526115646e-12
            ],
            [
                0.9999938546097609,
                1.1032498592961957e-09,
                1.2255998867737751e-11,
                1.0261822213417202e-10,
                6.14417211508113e-06
            ],
            [
                0.9999038962304752,
                1.25003370185559e-09,
                1.7830773117400376e-11,
                1.0260901469664325e-10,
                9.610239905136747e-05
            ]
        ],
        [
            [
                0.9999999878126237,
                3.160881413924245e-10,
                2.7346982566481554e-12,
                7.433680577365311e-12,
                1.1861119999783545e-08
            ],
            [
                0.9998766044227952,
                0.00012339462747694907,
                4.598485413584857e-10,
                1.3174881292836767e-10,
                3.58130404104232e-10
            ],
            [
                2.413363073294113e-12,
                6.825604228942922e-08,
                0.9999999315467283,
                1.9171717532383665e-10,
                3.098819525805282e-12
            ],
            [
                0.9999982386488819,
                9.736182714964888e-10,
                8.423448529176775e-12,
                2.5946048085564113e-11,
                1.7603431303550505e-06
            ],
            [
                0.9999999465162153,
                3.1608812828610316e-10,
                2.413362640927492e-12,
                7.433680269134178e-12,
                5.315784966085381e-08
            ]
        ],
        [
            [
                0.9999999992869237,
                6.691586080006108e-10,
                1.1399918511215353e-12,
                0.0,
                4.277787861753669e-11
            ],
            [
                0.010984994366004145,
                0.9888376628851839,
                0.00015669245440891961,
                1.4574668610010835e-05,
                6.075625792914075e-06
            ],
            [
                6.46621987936973e-07,
                0.0015011797957825176,
                0.9984969632019361,
                1.0660994256140891e-06,
                1.4428086772387284e-07
            ],
            [
                0.9859363685166183,
                3.3504742849187633e-09,
                7.879560272981332e-11,
                8.471325639530571e-10,
                0.014063627206979352
            ],
            [
                0.9999869911180858,
                1.6052067155827384e-09,
                2.0206570464265805e-11,
                1.317633910396822e-10,
                1.3007124737474558e-05
            ]
        ],
        [
            [
                0.9999999909626188,
                8.152020632860278e-09,
                1.2256067321403976e-11,
                1.3887943725931798e-11,
                8.592166533157919e-10
            ],
            [
                0.999986991387649,
                1.3007124744155095e-05,
                6.691497138030047e-10,
                1.4930748280414043e-10,
                6.691497138030047e-10
            ],
            [
                6.914399969969807e-13,
                1.95556807004634e-08,
                0.9999999803398691,
                1.0261879428419798e-10,
                1.1399918304617548e-12
            ],
            [
                0.96267311096053,
                4.200585365795293e-09,
                9.878829907924474e-11,
                1.0620743060310147e-09,
                0.03732688367802196
            ],
            [
                0.9999982391751525,
                4.5990470690205504e-10,
                3.97895534659711e-12,
                1.7832440688207476e-11,
                1.7603431315400576e-06
            ]
        ],
        [
            [
                0.9999999684412163,
                6.34879990867892e-09,
                3.775134420975504e-11,
                6.224144419614524e-11,
                2.510999073729628e-08
            ],
            [
                0.9999417054624004,
                5.829127654617156e-05,
                1.6051332533706696e-09,
                4.0584124299499777e-10,
                1.2500790346590292e-09
            ],
            [
                6.139807495996779e-06,
                0.0007096652767518039,
                0.9992831785770446,
                8.309325864890019e-07,
                1.8540612109583998e-07
            ],
            [
                0.9999898695121293,
                4.599011865723582e-10,
                6.5601381002944255e-12,
                3.3315130215065584e-11,
                1.0129988094312994e-05
            ],
            [
                0.999925149599011,
                3.850455797318209e-09,
                3.7748540367588016e-11,
                3.1606465882424834e-10,
                7.484619671992747e-05
            ]
        ],
        [
            [
                0.9999999976350125,
                1.2501528626918934e-09,
                5.789356311620106e-12,
                5.789356311620106e-12,
                1.103256029082861e-09
            ],
            [
                0.00010835110841069927,
                0.6034247517430986,
                0.36599561537190733,
                0.030042745034147764,
                0.00042853674243550953
            ],
            [
                3.581741373421807e-10,
                2.260325269150345e-06,
                0.9999977376853857,
                1.6052251166042164e-09,
                2.5946047485020187e-11
            ],
            [
                0.9999646429125155,
                7.582286549273487e-10,
                9.54469016051487e-12,
                6.223919809631205e-11,
                3.535625747187835e-05
            ],
            [
                0.9999869911637571,
                1.6052067158641436e-09,
                1.573689290351653e-11,
                9.055956601459182e-11,
                1.3007124739754808e-05
            ]
        ],
        [
            [
                0.9999999975274718,
                2.3355930304477606e-09,
                3.5114221008204242e-12,
                1.6586783529831556e-12,
                1.3176514222979096e-10
            ],
            [
                0.9999998873564632,
                1.1253518374580151e-07,
                2.940077975110617e-11,
                8.423464430121863e-12,
                7.052880416829672e-11
            ],
            [
                0.6955249573063305,
                0.25586934144076945,
                0.02100303454006345,
                0.0006342365358247031,
                0.026968430177012
            ],
            [
                0.9999999117526509,
                5.905304614643114e-10,
                3.5114224794845643e-12,
                1.0815942684977886e-11,
                8.764249133222083e-08
            ],
            [
                0.9999417080876372,
                5.904955256618781e-10,
                7.433241670552555e-12,
                3.774911600769437e-11,
                5.829127668498353e-05
            ]
        ],
        [
            [
                0.9999999959216752,
                3.3982678023272096e-09,
                5.789356299483143e-12,
                5.109089002252489e-12,
                6.691586057487258e-10
            ],
            [
                0.047425738380923,
                0.9525713923802188,
                2.7646661421621773e-06,
                9.460176336399169e-08,
                9.970952500749709e-09
            ],
            [
                5.602465083349727e-09,
                5.829121613444908e-05,
                0.9999410271728169,
                6.475569182475289e-07,
                2.845166533441994e-08
            ],
            [
                0.9999993522272987,
                1.6918979592967977e-10,
                1.4637785458617693e-12,
                7.433680833520186e-12,
                6.475946140299453e-07
            ],
            [
                0.9999038949862393,
                2.335370407239712e-09,
                3.331226975302209e-11,
                2.461462299877909e-10,
                9.610239893178193e-05
            ]
        ],
        [
            [
                0.9999999989531865,
                9.736200294452074e-10,
                1.65867835575274e-12,
                1.0060392773657757e-12,
                7.052879837669158e-11
            ],
            [
                0.9999998873983782,
                1.1253518373915679e-07,
                2.2897350291719397e-11,
                5.789356792758026e-12,
                3.7751348468629555e-11
            ],
            [
                9.237451165572837e-09,
                5.043472636785277e-07,
                0.9999993736627931,
                8.764249646021726e-08,
                2.5109995644654475e-08
            ],
            [
                0.9999785543110443,
                6.691446262997295e-10,
                9.544835468489236e-12,
                7.052732473172999e-11,
                2.14449397389145e-05
            ],
            [
                0.9999999978347638,
                1.0261879600665319e-10,
                0.0,
                1.4637785096987797e-12,
                2.0611536162046956e-09
            ]
        ],
        [
            [
                0.9999999983685248,
                1.103256029805366e-09,
                3.978962526683104e-12,
                3.098819131592578e-12,
                5.211412475898989e-10
            ],
            [
                0.9999938551875247,
                6.144172118631031e-06,
                1.9171607877181598e-10,
                4.277763935938429e-11,
                4.058629419448513e-10
            ],
            [
                0.0011616054685240486,
                0.006684577937631379,
                0.9920794142153759,
                5.7832958454788414e-05,
                1.656942001391297e-05
            ],
            [
                0.9992903205433338,
                7.189030333201637e-09,
                1.1619985288486497e-10,
                1.8176715236747639e-09,
                0.0007096703337644782
            ],
            [
                0.9999646428072231,
                8.59185627224653e-10,
                1.3887442235875581e-11,
                6.22391980834748e-11,
                3.535625746458589e-05
            ]
        ],
        [
            [
                0.999999999626829,
                3.1608814500566453e-10,
                1.463778512154505e-12,
                6.914400097627951e-13,
                5.492788343557045e-11
            ],
            [
                0.9984988106397101,
                0.0015011820173915864,
                4.937024827737922e-09,
                5.896435295832302e-10,
                1.816229934677763e-09
            ],
            [
                1.74823412429607e-13,
                2.061153617752081e-09,
                0.9999999978954743,
                4.277787859242526e-11,
                4.193795648844047e-13
            ],
            [
                0.9999417061084814,
                2.3354551049253595e-09,
                3.3313477900621724e-11,
                2.461551570581804e-10,
                5.829127659491336e-05
            ],
            [
                0.999999997857463,
                7.991959868964036e-11,
                0.0,
                1.4637785097320063e-12,
                2.0611536162514822e-09
            ]
        ],
        [
            [
                0.9999999978158407,
                1.8189616818091661e-09,
                3.5114221022882154e-12,
                3.5114221022882154e-12,
                3.581747918972811e-10
            ],
            [
                0.9992903281328271,
                0.0007096703394624078,
                9.729294641520756e-10,
                1.4920356571749558e-10,
                4.0557734143116323e-10
            ],
            [
                4.2777802620830196e-11,
                1.3709566485050285e-06,
                0.9999986245821915,
                4.363454493709058e-09,
                5.492778583519745e-11
            ],
            [
                0.9999999994897171,
                1.493094674303115e-10,
                1.1399918515982312e-12,
                1.658678356810133e-12,
                3.5817479257395937e-10
            ],
            [
                0.9999999905887093,
                1.69189790523848e-10,
                1.1399918413360605e-12,
                3.511422077312425e-12,
                9.2374495670973e-09
            ]
        ],
        [
            [
                0.9999999990088286,
                6.69158607891075e-10,
                3.511422106879018e-12,
                2.413362767367556e-12,
                3.1608814484648355e-10
            ],
            [
                0.14804614633196608,
                0.851946746435227,
                6.721282198687439e-06,
                3.3463293634575836e-07,
                5.131767179884707e-08
            ],
            [
                1.493089035463782e-10,
                3.726639093228022e-06,
                0.9999962675538949,
                5.6027752708414095e-09,
                5.492767599856239e-11
            ],
            [
                0.997527375259308,
                1.6012587991448978e-09,
                3.765799748798804e-11,
                1.4894026929654306e-10,
                0.002472622952834965
            ],
            [
                4.5397855324190095e-05,
                1.6051547082318405e-09,
                7.991594719973735e-11,
                7.193804312084325e-09,
                0.9999545932658008
            ]
        ],
        [
            [
                0.9999999995298656,
                4.05865212108032e-10,
                1.139991851528906e-12,
                8.878265466657327e-13,
                6.22414461463371e-11
            ],
            [
                0.9933070935399553,
                0.00669285104580535,
                4.112227838122849e-08,
                7.145980477973061e-09,
                7.145980477973061e-09
            ],
            [
                3.058399056012006e-07,
                0.000203426854261716,
                0.9997955596192993,
                6.474630852385604e-07,
                6.022344815622498e-08
            ],
            [
                0.9999996939419309,
                1.4930948628164683e-10,
                1.2917801662433302e-12,
                5.1090896666394685e-12,
                3.059023587360243e-07
            ],
            [
                0.9999999467601008,
                7.991959460595968e-11,
                0.0,
                2.1297850557362907e-12,
                5.3157849668451396e-08
            ]
        ],
        [
            [
                0.9999999955126637,
                2.6465736250262706e-09,
                1.225606737980915e-11,
                9.545034872771266e-12,
                1.8189616780115144e-09
            ],
            [
                0.9999970959074078,
                2.9023121934085047e-06,
                4.599037974684654e-10,
                2.1724317140268082e-10,
                1.1032518573487496e-09
            ],
            [
                2.413363026429345e-12,
                8.764249144022284e-08,
                0.9999999120734137,
                2.7894683871420413e-10,
                2.734698580087087e-12
            ],
            [
                0.9999999926541442,
                1.4930946637753988e-10,
                0.0,
                2.4133627517553004e-12,
                7.194132970473967e-09
            ],
            [
                0.9999785528165633,
                2.0611105490273898e-09,
                3.331474920481581e-11,
                1.4930634739227677e-10,
                2.144493970495407e-05
            ]
        ],
        [
            [
                0.9999999838618691,
                1.3440409717429359e-08,
                3.33154448423657e-11,
                1.7832472598070288e-11,
                2.6465735928897434e-09
            ],
            [
                0.9990889457060129,
                0.0009110513982454031,
                2.059275284786083e-09,
                3.1580009302295044e-10,
                5.206663306560175e-10
            ],
            [
                5.602540258077476e-09,
                4.5397853918821645e-05,
                0.9999544439004753,
                1.4449141765557666e-07,
                8.151647975555572e-09
            ],
            [
                0.9999999949993299,
                5.49278831742711e-11,
                0.0,
                1.2917799969010666e-12,
                4.944450471758084e-09
            ],
            [
                0.9988304813775001,
                6.341369448247117e-09,
                1.316109241108776e-10,
                1.8168327655854561e-09,
                0.0011695103326868678
            ]
        ],
        [
            [
                0.9999999910445855,
                8.152020624662875e-09,
                2.940077706894906e-11,
                1.5737101933494042e-11,
                7.582560344378113e-10
            ],
            [
                5.827598919213835e-05,
                0.999679879606829,
                0.00026117486382554563,
                6.47387762198111e-07,
                2.215239104041968e-08
            ],
            [
                1.3176490633889072e-10,
                1.3709566271394572e-06,
                0.9999986090398745,
                1.9555646008609894e-08,
                3.160875784282536e-10
            ],
            [
                0.9999251482676413,
                4.944083104939169e-09,
                7.052355787438362e-11,
                5.21102525430003e-10,
                7.484619664953214e-05
            ],
            [
                0.9999952137330973,
                1.1032497800047517e-09,
                1.3887865159633832e-11,
                5.492757222392743e-11,
                4.785094837478128e-06
            ]
        ],
        [
            [
                0.9999999831139007,
                1.1861119936227564e-08,
                4.2777877913859585e-11,
                3.775134475812306e-11,
                4.944450412264843e-09
            ],
            [
                0.9999986282786166,
                1.37095665308863e-06,
                2.7894631418823506e-10,
                7.991945708139905e-11,
                4.058644922832734e-10
            ],
            [
                7.287724091986358e-14,
                3.1608814526510725e-10,
                0.9999999996657183,
                1.783247289876653e-11,
                2.8823507919282744e-13
            ],
            [
                0.9999999744212154,
                4.5990552579365724e-10,
                3.098819057384197e-12,
                5.789356176771956e-12,
                2.510999089835419e-08
            ],
            [
                0.9999999994298465,
                4.847368699830965e-11,
                0.0,
                5.38494021060063e-13,
                5.211412480965649e-10
            ]
        ],
        [
            [
                0.9999999993768909,
                4.0586521181971874e-10,
                0.0,
                0.0,
                2.1724399306478524e-10
            ],
            [
                0.9999991682649924,
                8.315279896501475e-07,
                7.052880390164657e-11,
                2.020684063463343e-11,
                1.1628233918968288e-10
            ],
            [
                9.056078120025506e-11,
                1.855391594200419e-07,
                0.9999998122468845,
                2.061153879705633e-09,
                6.224145399787033e-11
            ],
            [
                0.9999999999511566,
                2.289734842671196e-11,
                0.0,
                0.0,
                2.5946094949060786e-11
            ],
            [
                0.9999982386320497,
                9.736182717493378e-10,
                8.423448531364348e-12,
                4.2777801380387306e-11,
                1.7603431308122123e-06
            ]
        ],
        [
            [
                0.9999999996114202,
                2.1724399323682542e-10,
                1.1399918516218776e-12,
                1.0060392780279845e-12,
                1.691897920503986e-10
            ],
            [
                0.9859363168673516,
                0.014063626471333225,
                4.081713061322962e-08,
                1.0320186806158523e-08,
                5.523997932447245e-09
            ],
            [
                3.037975384609295e-14,
                1.3176514266478908e-10,
                0.999999999857295,
                1.0815941554317042e-11,
                9.357622966271788e-14
            ],
            [
                0.924141807595483,
                1.2420843989130745e-08,
                2.9211025225351525e-10,
                5.177778111420703e-09,
                0.07585817451378467
            ],
            [
                0.9999982392768828,
                3.581741459099826e-10,
                3.978955347001891e-12,
                1.783244069002158e-11,
                1.7603431317191381e-06
            ]
        ],
        [
            [
                0.9999999961019161,
                1.818961679083342e-09,
                9.5450348783957e-12,
                8.423463715246137e-12,
                2.0611536128411257e-09
            ],
            [
                0.9999724575965452,
                2.7535689633531938e-05,
                2.646503145229449e-09,
                6.691407855358042e-10,
                3.398177303818662e-09
            ],
            [
                0.0005195776865675193,
                0.060055031962671396,
                0.9394187332012074,
                5.771986721426519e-06,
                8.851628322937312e-07
            ],
            [
                0.9959298553167842,
                5.579994969951849e-09,
                1.1580910093992571e-10,
                1.245065171272789e-09,
                0.004070137742346521
            ],
            [
                0.9999999894277322,
                1.0261879515429417e-10,
                7.835041696289261e-13,
                1.4637784975405313e-12,
                1.0467401676143512e-08
            ]
        ],
        [
            [
                0.9999999878650698,
                1.1861119982962374e-08,
                2.0206838803364187e-11,
                7.433680566823033e-12,
                2.461696916868928e-10
            ],
            [
                0.9999986289580385,
                1.3709566536026858e-06,
                2.9400725220854285e-11,
                7.433667481207214e-12,
                4.847360104563219e-11
            ],
            [
                8.75940128910679e-08,
                0.0005527782457864581,
                0.9994464717021858,
                6.472364579294744e-07,
                1.5221557042729993e-08
            ],
            [
                0.9999999315462681,
                1.9171717513126756e-10,
                1.4637786955009038e-12,
                4.5087558009691405e-12,
                6.825604222086987e-08
            ],
            [
                0.9999898695209518,
                4.599011864773695e-10,
                5.109040688510627e-12,
                2.594584949426e-11,
                1.012998809222073e-05
            ]
        ],
        [
            [
                0.9999998433917401,
                1.1861120580065928e-08,
                7.99196018182461e-11,
                1.6918979837690532e-10,
                1.4449802983382884e-07
            ],
            [
                0.999999351990505,
                6.475946140160675e-07,
                1.026187985396754e-10,
                3.331544614325504e-11,
                2.789468153286992e-10
            ],
            [
                2.734698235478117e-12,
                1.9555680686584023e-08,
                0.9999999796500132,
                7.58256027232401e-10,
                3.331544473805861e-11
            ],
            [
                0.9999999677017422,
                5.4927881681993e-11,
                0.0,
                1.463778465423249e-12,
                3.224186629981986e-08
            ],
            [
                0.9999999955549594,
                7.99195984861217e-11,
                0.0,
                1.658678349711392e-12,
                4.363462228733919e-09
            ]
        ],
        [
            [
                0.9999999975797298,
                2.335593030569814e-09,
                3.0988191278030552e-12,
                1.6586783530698347e-12,
                7.991959864794053e-11
            ],
            [
                0.9999996071244075,
                3.927863696606217e-07,
                3.331544670348121e-11,
                7.433680958364241e-12,
                4.847368892773541e-11
            ],
            [
                5.675685229845097e-14,
                1.9171715128166888e-10,
                0.9999999997877946,
                2.0206839080297538e-11,
                2.244777053918447e-13
            ],
            [
                0.9999999955175207,
                1.1628232966776176e-10,
                0.0,
                2.734698276671089e-12,
                4.363462229136219e-09
            ],
            [
                0.9999977387747656,
                8.592150894174099e-10,
                7.433667067561472e-12,
                3.331538444922226e-11,
                2.260325270227017e-06
            ]
        ],
        [
            [
                0.9999999994423556,
                4.0586521223458125e-10,
                1.4637785126364414e-12,
                1.0060392782596217e-12,
                1.493094674677866e-10
            ],
            [
                0.5617600089460862,
                0.4374991314364643,
                0.00011430043213643445,
                0.0005122587531767096,
                0.00011430043213643445
            ],
            [
                4.0586518918909483e-10,
                5.3157849471790384e-08,
                0.9999999424474875,
                3.398267623079669e-09,
                5.90530365762525e-10
            ],
            [
                0.9999999996033071,
                1.1628233017827001e-10,
                0.0,
                1.4637785125657384e-12,
                2.789468089895766e-10
            ],
            [
                0.9999999993666919,
                4.277787863397322e-11,
                0.0,
                0.0,
                5.905303991252578e-10
            ]
        ],
        [
            [
                0.9999999306776585,
                6.825604217160862e-08,
                5.4927890275951144e-11,
                3.775135009326811e-11,
                9.736201512383426e-10
            ],
            [
                0.9999998734910749,
                1.1253518216122128e-07,
                2.1724400787426834e-10,
                3.1608816633430937e-10,
                1.3440410839950652e-08
            ],
            [
                0.5451235944312988,
                0.424542686101548,
                0.01646130566285114,
                0.001052336063695937,
                0.01282007774060622
            ],
            [
                0.9999989320044277,
                2.7894629907232373e-10,
                2.734693289624248e-12,
                1.0815921774119964e-11,
                1.0677030753648397e-06
            ],
            [
                0.9999999315186897,
                2.1724402052720812e-10,
                1.4637786961805635e-12,
                6.5602009840661346e-12,
                6.825604225256243e-08
            ]
        ],
        [
            [
                0.9999999564749981,
                2.061153531509669e-09,
                9.545034501756334e-12,
                5.492788108637402e-11,
                4.1399375361496115e-08
            ],
            [
                0.8807968479379956,
                0.1192028890657443,
                2.0983836553594692e-07,
                4.1319624079793324e-08,
                1.1838270503320604e-08
            ],
            [
                2.7346984244953652e-12,
                1.4449803163337808e-07,
                0.9999998551780364,
                3.1608816079292413e-10,
                5.109089276359735e-12
            ],
            [
                0.9999999954833536,
                1.4930946683212352e-10,
                1.1399918470310096e-12,
                2.7346982771666076e-12,
                4.3634622299268635e-09
            ],
            [
                0.9999982393257891,
                3.160875745041141e-10,
                2.7346933521032802e-12,
                1.2256045306847436e-11,
                1.7603431325693907e-06
            ]
        ],
        [
            [
                0.9999999982601036,
                9.73620028770408e-10,
                4.50875523057606e-12,
                3.5114221042499284e-12,
                7.582560408203974e-10
            ],
            [
                0.5621762189673498,
                0.437823279299583,
                4.674655585787366e-07,
                2.327376192015967e-08,
                1.0993746687540924e-08
            ],
            [
                1.463778466456604e-12,
                3.224186632258102e-08,
                0.9999999676513164,
                1.0261879297514261e-10,
                2.734698202533888e-12
            ],
            [
                0.9999999529836135,
                1.0261879132752736e-10,
                0.0,
                2.1297850674021917e-12,
                4.6911637937424495e-08
            ],
            [
                0.9999999467072864,
                1.3176513555054346e-10,
                0.0,
                3.0988189705602726e-12,
                5.315784965956246e-08
            ]
        ],
        [
            [
                0.9999999964016206,
                2.9989608111460602e-09,
                5.789356302261718e-12,
                3.0988191245540263e-12,
                5.905303971944992e-10
            ],
            [
                0.9998415632248653,
                0.00015843624665569917,
                4.058009794694454e-10,
                4.2771108562524574e-11,
                7.990695066683125e-11
            ],
            [
                0.0,
                9.056076983062522e-11,
                0.9999999998605955,
                4.8473687027319925e-11,
                3.701011675891175e-13
            ],
            [
                0.9999999998207847,
                6.224144617072825e-11,
                0.0,
                6.91440010045815e-13,
                1.1628233019319833e-10
            ],
            [
                0.9996646467321065,
                2.6456854972318943e-09,
                4.8457420180460505e-11,
                5.209663633233734e-10,
                0.00033535005278402253
            ]
        ],
        [
            [
                0.9999999982870051,
                1.6052280504290839e-09,
                2.7346982834885596e-12,
                2.4133627646820634e-12,
                1.0261879601294425e-10
            ],
            [
                0.9999991653176334,
                8.315279873224147e-07,
                1.91717165492115e-10,
                3.1608816870518664e-10,
                2.646573833778404e-09
            ],
            [
                3.160881559783817e-10,
                5.04347198413416e-07,
                0.9999994825019727,
                1.1861120547117553e-08,
                9.73620063788042e-10
            ],
            [
                0.9999999913779057,
                4.5990553359213305e-10,
                2.7346982661831015e-12,
                7.433680603283982e-12,
                8.152020638727682e-09
            ],
            [
                0.9999999747693276,
                1.162823272684166e-10,
                8.878265246826697e-13,
                3.511422021763898e-12,
                2.5109990902322925e-08
            ]
        ],
        [
            [
                0.9999999959209604,
                2.646573626106858e-09,
                8.423463713721863e-12,
                7.433680636393277e-12,
                1.4166087797906407e-09
            ],
            [
                0.0014959414243107126,
                0.9950128118382351,
                0.001920826810691016,
                0.0014959414243107126,
                7.447850245235129e-05
            ],
            [
                8.258073276339036e-14,
                9.736200302142935e-10,
                0.9999999990001764,
                2.594609495380608e-11,
                1.7482341263198426e-13
            ],
            [
                0.999993854608129,
                1.1032498592943954e-09,
                1.3887866157743145e-11,
                1.0261822213400455e-10,
                6.144172115071103e-06
            ],
            [
                0.9999999747977897,
                9.05607675144854e-11,
                0.0,
                1.6586783152819237e-12,
