{
    "[['A', 'B', 'C', 'D', 'E'], ['A', 'B', 'C', 'D', 'E']]": [
        [
            [
                0.9999999918356998,
                8.152020637723351e-09,
                2.7346982658461858e-12,
                0.0,
                9.545034832979344e-12
            ],
            [
                0.9984988176896893,
                0.0015011820247364377,
                2.457999944091467e-10,
                2.5907128808034652e-11,
                1.3867086774614113e-11
            ],
            [
                1.0261840695581595e-10,
                2.902312164385109e-06,
                0.9999970855549529,
                1.1861075147307765e-08,
                1.6918915031341576e-10
            ],
            [
                4.50875580965489e-12,
                3.775135019323864e-11,
                2.2897351337747685e-11,
                3.059023589951019e-07,
                0.9999996940324836
            ],
            [
                2.4133627689750904e-12,
                5.1090890220126774e-12,
                1.4637785123923694e-12,
                8.592166608998485e-10,
                0.9999999991317972
            ]
        ],
        [
            [
                0.9999999895264894,
                1.0467401674922942e-08,
                2.129785146575856e-12,
                0.0,
                3.9789624902895354e-12
            ],
            [
                0.9999994956260745,
                5.043472047798242e-07,
                1.7832473728268614e-11,
                3.0988192812376986e-12,
                5.789356594985355e-12
            ],
            [
                1.8513102106082715e-07,
                0.00026068388830883626,
                0.9977999453377863,
                0.0019262069563140932,
                1.2978686569632642e-05
            ],
            [
                4.508755172439319e-12,
                9.54503477495652e-12,
                3.098819090710885e-12,
                1.5229979508749953e-08,
                0.9999999847528678
            ],
            [
                1.4637785127289192e-12,
                3.5114221100253074e-12,
                1.291780003553157e-12,
                6.691586084906517e-10,
                0.9999999993245745
            ]
        ],
        [
            [
                0.9999999988947419,
                1.1032560302876207e-09,
                5.384940207719123e-13,
                0.0,
                1.4637785113981369e-12
            ],
            [
                0.9988304892698643,
                0.0011695103423232593,
                3.1571819686717995e-10,
                4.2727811595972445e-11,
                2.9366366816112445e-11
            ],
            [
                1.7245588689502235e-08,
                0.0007096703986260655,
                0.99929016562644,
                1.4439540851335108e-07,
                2.3339366298759092e-09
            ],
            [
                1.658678332655929e-12,
                6.560200064300179e-12,
                2.129785137239458e-12,
                1.5229979503608976e-08,
                0.9999999847596719
            ],
            [
                2.4133627628484172e-12,
                4.508755225509015e-12,
                1.658678352739077e-12,
                3.3982678068435355e-09,
                0.9999999965931514
            ]
        ],
        [
            [
                0.9999999976606166,
                2.3355930321183155e-09,
                6.914400087161391e-13,
                0.0,
                3.0988191298575768e-12
            ],
            [
                0.999999761748134,
                2.3823698430948915e-07,
                7.433681220253236e-12,
                1.6586784811674797e-12,
                5.789356755436416e-12
            ],
            [
                5.78935630889999e-12,
                2.646573629843635e-09,
                0.9999999966451631,
                6.691586068371653e-10,
                3.331544530754654e-11
            ],
            [
                1.463778466535818e-12,
                1.3887943413441811e-11,
                8.423463480606583e-12,
                3.224186632432583e-08,
                0.9999999677343584
            ],
            [
                6.9144000907169e-13,
                4.508755231715902e-12,
                1.0060392769228403e-12,
                2.0611536176024592e-09,
                0.9999999979326402
            ]
        ],
        [
            [
                0.9999999907510281,
                9.23744956170547e-09,
                3.0988191050866234e-12,
                0.0,
                8.423463663038687e-12
            ],
            [
                0.9999724642334603,
                2.7535689812719386e-05,
                5.492642081733262e-11,
                9.54478074504651e-12,
                1.2255741073351477e-11
            ],
            [
                4.401949381857455e-07,
                0.010986932885793041,
                0.9890123210170805,
                3.025412615931176e-07,
                3.3609266224824763e-09
            ],
            [
                5.789334492028563e-12,
                4.8473504226234494e-11,
                3.3315319760119846e-11,
                3.7266391156256763e-06,
                0.9999962732733062
            ],
            [
                3.978962514842434e-12,
                8.423463710022642e-12,
                3.5114220948486604e-12,
                4.944450475849487e-09,
                0.9999999950396357
            ]
        ],
        [
            [
                0.9999999994769198,
                5.211412481675291e-10,
                4.752193057105404e-13,
                0.0,
                1.4637785123807355e-12
            ],
            [
                0.9999999585924166,
                4.139937543803247e-08,
                3.0988190077446568e-12,
                0.0,
                5.109088812118481e-12
            ],
            [
                1.888854254212366e-05,
                0.11919970221355537,
                0.8807732300230545,
                7.873915992893097e-06,
                3.0530485515795666e-07
            ],
            [
                3.5114220927815946e-12,
                9.54503486685784e-12,
                3.098819120546875e-12,
                5.602796404676186e-09,
                0.9999999943810483
            ],
            [
                1.6586783476021648e-12,
                7.433680621655024e-12,
                2.129785156430804e-12,
                6.348800072745322e-09,
                0.9999999936399777
            ]
        ],
        [
            [
                0.9999999895238728,
                1.0467401674895553e-08,
                1.2917799899954415e-12,
                0.0,
                7.433680587238423e-12
            ],
            [
                0.9999417086188769,
                5.829127669768626e-05,
                7.991487923281766e-11,
                1.2255343655165215e-11,
                1.2255343655165215e-11
            ],
            [
                4.5990296176321353e-10,
                6.144172077767062e-06,
                0.9999938480833662,
                7.194092733309817e-09,
                9.056026263216477e-11
            ],
            [
                2.734698273657595e-12,
                1.0815941486354243e-11,
                3.978962509743017e-12,
                6.348800074407953e-09,
                0.9999999936336703
            ],
            [
                2.129785167998358e-12,
                5.109089020968826e-12,
                1.8795288139291632e-12,
                9.736200299489844e-10,
                0.9999999990172617
            ]
        ],
        [
            [
                0.9999999226326791,
                7.734422798701619e-08,
                1.2256068856877358e-11,
                2.413363050025672e-12,
                8.423464725455734e-12
            ],
            [
                0.9980732654296662,
                0.0019267343271937997,
                1.91347821154362e-10,
                2.589611157263429e-11,
                2.589611157263429e-11
            ],
            [
                1.9527911305053817e-08,
                0.0007091665915347749,
                0.9985807063806632,
                0.0007091665915347749,
                9.409083559864511e-07
            ],
            [
                2.129785138024439e-12,
                8.423463624222646e-12,
                4.508755172579164e-12,
                1.5229979509222336e-08,
                0.9999999847549585
            ],
            [
                2.129785167994734e-12,
                4.508755236026279e-12,
                1.46377851209081e-12,
                1.1032560308096914e-09,
                0.9999999988886417
            ]
        ],
        [
            [
                0.9999999961472303,
                3.850741905924814e-09,
                8.878265439626915e-13,
                0.0,
                1.1399918480581325e-12
            ],
            [
                0.9999977396480456,
                2.2603252722009183e-06,
                1.573707331926363e-11,
                3.511415689994876e-12,
                7.43366707405316e-12
            ],
            [
                5.6026254994396715e-09,
                2.7535582968520686e-05,
                0.9999687038260058,
                3.726535920129996e-06,
                2.845247999454499e-08
            ],
            [
                3.0988191159836613e-12,
                6.5602001200170845e-12,
                2.1297851553280884e-12,
                7.194132977537088e-09,
                0.9999999927940781
            ],
            [
                5.1090890128448005e-12,
                7.433680650209365e-12,
                3.511422102916983e-12,
                2.646573631025726e-09,
                0.9999999973373721
            ]
        ],
        [
            [
                0.99999998273226,
                1.7257827670916724e-08,
                3.5114220488681903e-12,
                1.2917799810547108e-12,
                5.109088934204271e-12
            ],
            [
                0.9999999778303424,
                2.215948925439493e-08,
                2.734698227545759e-12,
                0.0,
                7.433680498256797e-12
            ],
            [
                9.987394525414304e-06,
                0.9859135480562472,
                0.014063298730962718,
                1.2824068417119971e-05,
                3.417498474959123e-07
            ],
            [
                2.734693290566554e-12,
                2.940072362675556e-11,
                2.2897306583383185e-11,
                2.260325273448433e-06,
                0.9999977396196937
            ],
            [
                2.413362768428036e-12,
                7.433680661863503e-12,
                1.658678356573889e-12,
                1.250152864622817e-09,
                0.9999999987383414
            ]
        ],
        [
            [
                0.9999999979363765,
                2.0611536169679393e-09,
                1.0060392766131339e-12,
                0.0,
                1.4637785102408157e-12
            ],
            [
                0.9999546021045775,
                4.539785572546982e-05,
                2.9399434256392695e-11,
                4.508549265648756e-12,
                5.789091849481855e-12
            ],
            [
                1.011476473003897e-05,
                0.998486851000665,
                0.001501164187164404,
                1.7576825542123486e-06,
                1.1236488637113828e-07
            ],
            [
                2.1297851677995947e-12,
                8.423463741985671e-12,
                3.9789625299407e-12,
                1.2501528645341047e-09,
                0.999999998735315
            ],
            [
                2.4133627694347475e-12,
                4.5087552378139004e-12,
                1.6586783572657911e-12,
                6.6915860846425e-10,
                0.9999999993222606
            ]
        ],
        [
            [
                0.9999999936288586,
                6.348800068590226e-09,
                4.5087552085945975e-12,
                0.0,
                1.7832472774859403e-11
            ],
            [
                0.9999921106913426,
                7.88926504415075e-06,
                2.940055460215377e-11,
                5.789312458642476e-12,
                8.423399923866994e-12
            ],
            [
                9.318899374505661e-07,
                0.010986905672673046,
                0.9890098988090043,
                2.2354877476467073e-06,
                2.8140637748595146e-08
            ],
            [
                1.46377862298716e-12,
                9.545035632705155e-12,
                6.560200656036058e-12,
                2.38236984467872e-07,
                0.9999997617454465
            ],
            [
                7.83504177031805e-13,
                3.511422106767661e-12,
                1.2917800023547358e-12,
                1.4166087839769955e-09,
                0.9999999985778045
            ]
        ],
        [
            [
                0.9999999895278614,
                1.0467401680880222e-08,
                1.4637784982029208e-12,
                5.384940159176636e-13,
                2.7346982618438162e-12
            ],
            [
                0.9990889483696056,
                0.0009110514008474383,
                1.9154243930558154e-10,
                2.0188424573496263e-11,
                1.7816222154173186e-11
            ],
            [
                5.564555511907771e-06,
                0.6224489204403276,
                0.37753436596512424,
                1.0395958340028883e-05,
                7.530806962898925e-07
            ],
            [
                3.978962857667556e-12,
                1.3887944988262198e-11,
                7.433681273610376e-12,
                1.1253518382143852e-07,
                0.9999998874395156
            ],
            [
                2.413362751255619e-12,
                1.0815941465063312e-11,
                3.098819112299671e-12,
                8.15202064496177e-09,
                0.9999999918316512
            ]
        ],
        [
            [
                0.9999999928012527,
                7.1941329715322855e-09,
                1.8795288011788833e-12,
                0.0,
                2.7346982692429153e-12
            ],
            [
                0.9999921107171836,
                7.889265048307473e-06,
                1.2255974577579555e-11,
                2.4133444853312048e-12,
                3.0987956583884632e-12
            ],
            [
                1.1766781817140345e-05,
                0.904628990938207,
                0.09534719876997437,
                1.1766781817140345e-05,
                2.7672818431861567e-07
            ],
            [
                2.4133628263205237e-12,
                2.5946095568558454e-11,
                9.545035138342119e-12,
                6.475946146105519e-07,
                0.9999993523674808
            ],
            [
                2.1297851654372315e-12,
                5.109089014825004e-12,
                2.1297851654372315e-12,
                2.3355930327475084e-09,
                0.9999999976550382
            ]
        ],
        [
            [
                0.9999999969973339,
                2.998960813578449e-09,
                1.291779999927712e-12,
                0.0,
                2.4133627627567444e-12
            ],
            [
                0.9999998144301876,
                1.855391596901596e-07,
                1.3887945618634741e-11,
                4.5087558116283514e-12,
                1.2256068991708462e-11
            ],
            [
                1.3699776406194723e-06,
                0.0007096659873497636,
                0.999284083102447,
                4.781691809816365e-06,
                9.924075278542944e-08
            ],
            [
                1.6586785664854827e-12,
                1.2256068977855104e-11,
                8.423464808602443e-12,
                6.825604230508331e-08,
                0.9999999317216195
            ],
            [
                2.734698280569623e-12,
                6.560200141712772e-12,
                1.2917799995794532e-12,
                3.850741907247131e-09,
                0.9999999961386714
            ]
        ],
        [
            [
                0.9999999994760373,
                5.211412481206369e-10,
                6.914400098074429e-13,
                0.0,
                2.1297851682249348e-12
            ],
            [
                0.9046505260789532,
                0.09534946964383612,
                3.9474095952274545e-09,
                2.859493919929498e-10,
                4.385175952840627e-11
            ],
            [
                1.3307690723964445e-06,
                0.02931215370181723,
                0.9706851534633193,
                1.3307690723964445e-06,
                3.1296718684519136e-08
            ],
            [
                1.6586783412120655e-12,
                9.545034820971698e-12,
                2.1297851482257545e-12,
                1.046740168303181e-08,
                0.9999999895192647
            ],
            [
                4.508755204450636e-12,
                1.5737101974773702e-11,
                3.97896250243986e-12,
                8.152020646046269e-09,
                0.9999999918237547
            ]
        ],
        [
            [
                0.9999999748805151,
                2.510999090511484e-08,
                3.9789624324689595e-12,
                1.0060392531477227e-12,
                4.508755125163218e-12
            ],
            [
                0.9999997617439073,
                2.3823698428122705e-07,
                9.54503562522717e-12,
                2.129785327679407e-12,
                7.433681219371377e-12
            ],
            [
                1.3615261070127483e-13,
                5.211412483766548e-10,
                0.9999999994552151,
                2.2897348438344766e-11,
                6.101936672778968e-13
            ],
            [
                4.508755187571546e-12,
                2.0206838844969452e-11,
                5.1090889660537264e-12,
                1.1861120007384056e-08,
                0.9999999881090552
            ],
            [
                6.5602001534443424e-12,
                8.423463735581358e-12,
                2.4133627664219146e-12,
                1.8189616834745268e-09,
                0.9999999981636414
            ]
        ],
        [
            [
                0.9999999976615856,
                2.3355930319585146e-09,
                6.914400086688308e-13,
                0.0,
                2.1297851647177625e-12
            ],
            [
                0.9999038975413927,
                9.610239924075325e-05,
                4.846906664792185e-11,
                5.1086020399282834e-12,
                5.788804498878769e-12
            ],
            [
                4.952747023763817e-07,
                0.01798614992525952,
                0.9820104800326585,
                2.8501091276530677e-06,
                2.465825195213359e-08
            ],
            [
                1.291779951011205e-12,
                7.433680362899632e-12,
                3.098819009722808e-12,
                4.139937546446003e-08,
                0.9999999585888004
            ],
            [
                2.129785167513136e-12,
                4.508755235006737e-12,
                1.4637785117598133e-12,
                1.250152864365958e-09,
                0.9999999987417447
            ]
        ],
        [
            [
                0.999999996144088,
                3.850741904170335e-09,
                1.6586783509035908e-12,
                0.0,
                3.511422096417986e-12
            ],
            [
                0.999999971537352,
                2.8453347252273618e-08,
                3.511422010013349e-12,
                0.0,
                5.789356158313607e-12
            ],
            [
                3.282133240141731e-06,
                0.8807188107566659,
                0.11919231943126,
                8.46473319167735e-05,
                9.403469172348842e-07
            ],
            [
                2.129785163166948e-12,
                7.433680645166476e-12,
                3.098819127389134e-12,
                3.398267807067266e-09,
                0.9999999965890698
            ],
            [
                3.5114221013738234e-12,
                7.433680646942497e-12,
                2.413362763583895e-12,
                2.998960814606306e-09,
                0.9999999969876807
            ]
        ],
        [
            [
                0.9999999990248987,
                9.736200297766262e-10,
                4.752193055330969e-13,
                0.0,
                1.00603927770823e-12
            ],
            [
                0.9998766053034783,
                0.00012339462760842072,
                5.492107630608136e-11,
                7.43275941754314e-12,
                6.559387163638302e-12
            ],
            [
                2.2143141259533013e-08,
                0.0007096507914053147,
                0.9992626984794043,
                2.751613389899855e-05,
                1.1245215011538018e-07
            ],
            [
                6.560063091761163e-12,
                7.052732480101708e-11,
                7.991792899721413e-11,
                2.1444939759982333e-05,
                0.9999785549032347
            ],
            [
                1.658678352589902e-12,
                5.789356306656573e-12,
                1.2917799998606035e-12,
                3.3982678065379084e-09,
                0.9999999965929924
            ]
        ],
        [
            [
                0.9999999397504402,
                6.023574635344264e-08,
                6.560201036655244e-12,
                1.4637787079147799e-12,
                5.789357095180505e-12
            ],
            [
                0.9999962733070323,
                3.7266391111026817e-06,
                3.775120300378812e-11,
                6.560175415966551e-12,
                9.54499890862072e-12
            ],
            [
                6.560200481499449e-12,
                1.4449803151282216e-07,
                0.9999998543692548,
                1.103256085040193e-09,
                2.2897349550139383e-11
            ],
            [
                1.2255951497639474e-11,
                7.052813128531256e-11,
                6.224085740436804e-11,
                1.0129988103873798e-05,
                0.9999898698668712
            ],
            [
                3.0988191284116788e-12,
                6.560200146327197e-12,
                2.4133627638036634e-12,
                2.998960814879401e-09,
                0.9999999969889668
            ]
        ],
        [
            [
                0.999999999591866,
                4.0586521227040877e-10,
                6.101936671934944e-13,
                0.0,
                1.6586783573728624e-12
            ],
            [
                0.3775406473109665,
                0.6224592956033551,
                5.4553871175235104e-08,
                2.1152831389735546e-09,
                4.165239464264686e-10
            ],
            [
                2.689924803115139e-06,
                0.4377982843067882,
                0.5621441238937308,
                5.4028583953567445e-05,
                8.73290724339753e-07
            ],
            [
                1.3886911999151684e-11,
                1.6917722156248597e-10,
                4.058350571082454e-10,
                7.484619753835825e-05,
                0.9999251532135625
            ],
            [
                2.4133627514606104e-12,
                5.789356279859316e-12,
                2.4133627514606104e-12,
                8.152020645654203e-09,
                0.9999999918373633
            ]
        ],
        [
            [
                0.9999999994769118,
                5.211412482446629e-10,
                2.8823507904345515e-13,
                0.0,
                1.6586783571821902e-12
            ],
            [
                0.999996273300806,
                3.7266391116997993e-06,
                3.331531972502339e-11,
                6.560175417017684e-12,
                2.0206762851355744e-11
            ],
            [
                7.4052237312146556e-06,
                0.7310120910135376,
                0.26892432797414595,
                5.471761357507764e-05,
                1.4581750101753302e-06
            ],
            [
                2.413362671546224e-12,
                1.388794328785224e-11,
                7.433680363446513e-12,
                4.1399375467505696e-08,
                0.9999999585768895
            ],
            [
                2.7346982879248343e-12,
                5.109089021212392e-12,
                1.291780003053809e-12,
                9.736200299953998e-10,
                0.9999999990172443
            ]
        ],
        [
            [
                0.9999999973505935,
                2.646573630680094e-09,
                4.193795645339726e-13,
                0.0,
                2.413362764329316e-12
            ],
            [
                0.99883048952955,
                0.0011695103426989358,
                1.0249869163578435e-10,
                1.5718683457454257e-11,
                9.533863447263787e-12
            ],
            [
                1.5108903358510696e-05,
                0.9046323293555307,
                0.09534755479546338,
                4.905142754419354e-06,
                1.0180289295709884e-07
            ],
            [
                3.0988191239024257e-12,
                7.433680636802297e-12,
                2.4133627602918536e-12,
                4.363462232076433e-09,
                0.9999999956235919
            ],
            [
                2.4133627592016283e-12,
                5.1090890013222585e-12,
                3.098819122502549e-12,
                4.944450476059299e-09,
                0.9999999950449283
            ]
        ],
        [
            [
                0.9999994956303708,
                5.04347204724292e-07,
                1.2256068006411214e-11,
                2.734698417060581e-12,
                7.433681013411494e-12
            ],
            [
                0.9999724642178567,
                2.7535689815859337e-05,
                7.052692038518409e-11,
                9.544780746134922e-12,
                1.2255741074749026e-11
            ],
            [
                7.191719110973718e-09,
                0.00033535006950823987,
                0.9996644538647647,
                1.8547688046098567e-07,
                3.39712756473233e-09
            ],
            [
                1.8795288067637677e-12,
                6.560200134034575e-12,
                1.8795288067637677e-12,
                4.944450476222856e-09,
                0.9999999950452303
            ],
            [
                2.4133627674093074e-12,
                5.789356318118252e-12,
                2.4133627674093074e-12,
                1.6052280522430872e-09,
                0.9999999983841559
            ]
        ],
        [
            [
                0.999999999139302,
                8.592166606704915e-10,
                4.752193055874636e-13,
                0.0,
                1.0060392778233244e-12
            ],
            [
                0.9999997617494146,
                2.3823698428253913e-07,
                7.433681219412318e-12,
                1.6586784809798454e-12,
                4.508755574103566e-12
            ],
            [
                6.02023152698856e-08,
                0.0005527780064308037,
                0.9994460624546877,
                1.0671125889300524e-06,
                3.222397727150959e-08
            ],
            [
                1.965299421589668e-10,
                3.0742455394135114e-09,
                4.8089291294653055e-08,
                0.09534946534429259,
                0.9046504832956406
            ],
            [
                2.7346982790191133e-12,
                9.54503487895738e-12,
                4.508755221565846e-12,
                4.363462232882707e-09,
                0.9999999956197492
            ]
        ],
        [
            [
                0.9999999895167889,
                1.0467401676018908e-08,
                2.413362744459821e-12,
                1.13999184011408e-12,
                1.2256067305085923e-11
            ],
            [
                0.9999999847637744,
                1.5229979501116998e-08,
                2.734698247851793e-12,
                0.0,
                3.511422057213135e-12
            ],
            [
                1.0603575979447148e-13,
                9.736200301920744e-10,
                0.9999999990103825,
                1.573710208893949e-11,
                1.5428112014347386e-13
            ],
            [
                1.4637784965778694e-12,
                7.433680583235891e-12,
                1.8795287940069544e-12,
                1.1861120009150594e-08,
                0.9999999881281029
            ],
            [
                8.878265466422893e-13,
                3.978962530442736e-12,
                1.4637785121413819e-12,
                1.1032560308478075e-09,
                0.9999999988904134
            ]
        ],
        [
            [
                0.9999999993284914,
                6.691586083312061e-10,
                6.914400098693743e-13,
                0.0,
                1.6586783569360086e-12
            ],
            [
                0.9999938557771557,
                6.144172122253848e-06,
                2.9400612921027156e-11,
                7.433639087364311e-12,
                1.3887866173978532e-11
            ],
            [
                4.539712127801283e-05,
                0.9999378309605966,
                1.6700667606547558e-05,
                6.825174628775207e-08,
                2.9987724463266066e-09
            ],
            [
                3.098819105372051e-12,
                9.54503482011609e-12,
                3.098819105372051e-12,
                1.0467401682093524e-08,
                0.9999999895168555
            ],
            [
                1.8795287907157077e-12,
                1.2256067275709922e-11,
                5.789356249189055e-12,
                1.3440409766473445e-08,
                0.9999999865396654
            ]
        ],
        [
            [
                0.9999999927983346,
                7.194132971511292e-09,
                2.413362752103284e-12,
                6.101936627720249e-13,
                4.508755205434464e-12
            ],
            [
                0.9999970976522712,
                2.9023121974713605e-06,
                2.0206762650811788e-11,
                4.508738186356945e-12,
                1.0815900642217696e-11
            ],
            [
                6.819383744102226e-08,
                0.0009110510480942135,
                0.9990887913781437,
                8.756262053574471e-08,
                1.8173042117054052e-09
            ],
            [
                6.101936668772166e-13,
                3.978962530077297e-12,
                1.1399918513941042e-12,
                1.2501528645770223e-09,
                0.9999999987441179
            ],
            [
                1.2917800029912575e-12,
                3.978962530309056e-12,
                1.879528813927754e-12,
                1.1032560308107417e-09,
                0.9999999988895938
            ]
        ],
        [
            [
                0.9999999895266735,
                1.0467401676122376e-08,
                2.413362744483676e-12,
                0.0,
                3.511422073583169e-12
            ],
            [
                0.999996273317147,
                3.726639109640951e-06,
                2.2897262053851974e-11,
                5.109069749036556e-12,
                1.5737042723279817e-11
            ],
            [
                0.0004305544604766261,
                0.9995632749001979,
                6.1415295348015695e-06,
                2.8440924175260314e-08,
                6.688664266637975e-10
            ],
            [
                2.7346932925668656e-12,
                2.020680215214594e-11,
                1.7832440310408528e-11,
                1.0677030765137224e-06,
                0.9999989322561496
            ],
            [
                5.78935694094621e-12,
                2.0206841227064435e-11,
                3.978962956606429e-12,
                8.764249146249453e-08,
                0.9999999123275333
            ]
        ],
        [
            [
                0.9999999865334108,
                1.344040975109874e-08,
                4.508755175190128e-12,
                1.4637784923402035e-12,
                2.0206838789479783e-11
            ],
            [
                0.9999998554821204,
                1.4449803152437574e-07,
                8.423464157485963e-12,
                1.8795289064644015e-12,
                9.545035379519078e-12
            ],
            [
                2.5436656284911656e-13,
                7.194132976911662e-09,
                0.999999992724687,
                7.991959833616648e-11,
                1.0060392718138552e-12
            ],
            [
                2.129785141831871e-12,
                1.0815941409382252e-11,
                3.9789624814266045e-12,
                1.3440409767343081e-08,
                0.9999999865426656
            ],
            [
                1.8795288143843323e-12,
                4.508755237125846e-12,
                1.8795288143843323e-12,
                8.59216660932378e-10,
                0.9999999991325155
            ]
        ],
        [
            [
                0.9999999804280606,
                1.955568067740514e-08,
                3.9789624523245924e-12,
                1.463778483403323e-12,
                1.0815941330274782e-11
            ],
            [
                0.9999546020714104,
                4.539785568808851e-05,
                3.774962079036486e-11,
                1.2255507531434007e-11,
                2.289630240188174e-11
            ],
            [
                1.818951433876151e-09,
                3.7266357185408308e-06,
                0.9999948853627706,
                1.3709526655863372e-06,
                1.522989389172711e-08
            ],
            [
                5.789356257834598e-12,
                1.5737101914147444e-11,
                5.109088965497777e-12,
                1.186112000609338e-08,
                0.9999999881122444
            ],
            [
                2.734698425317824e-12,
                1.3887944544080427e-11,
                6.560200488945654e-12,
                1.4449803167683577e-07,
                0.9999998554787854
            ]
        ],
        [
            [
                0.9999999936379704,
                6.348800064104203e-09,
                2.4133627520895145e-12,
                0.0,
                1.081594146880057e-11
            ],
            [
                0.9999996940791566,
                3.0590235873834595e-07,
                1.0815942909233488e-11,
                1.8795290514723827e-12,
                5.78935705237616e-12
            ],
            [
                1.658962574589505e-05,
                0.9932892996125179,
                0.006692729577875099,
                1.3617594065227914e-06,
                1.94244547024211e-08
            ],
            [
                4.508755152785368e-12,
                1.0815941342563667e-11,
                2.413362723922254e-12,
                1.9555680699623966e-08,
                0.9999999804265813
            ],
            [
                3.0988191262181242e-12,
                9.545034884326517e-12,
                2.4133627620953218e-12,
                3.8507419072299156e-09,
                0.9999999961342008
            ]
        ],
        [
            [
                0.999999997338757,
                2.6465736289460935e-09,
                2.4133627627481123e-12,
                0.0,
                1.2256067397961531e-11
            ],
            [
                0.9975273767903263,
                0.0024726229579002017,
                2.16706813561323e-10,
                2.2840730106635947e-11,
                1.2225761825294667e-11
            ],
            [
                4.1069161393821846e-05,
                0.9046082472401886,
                0.09534501013700598,
                5.558106589523039e-06,
                1.1535482209699812e-07
            ],
            [
                1.2917799951589545e-12,
                7.433680616952389e-12,
                3.511422087207499e-12,
                7.194132976710822e-09,
                0.99999999279363
            ],
            [
                2.4133627591968967e-12,
                7.43368063342959e-12,
                2.7346982772730514e-12,
                4.944450476049604e-09,
                0.9999999950429677
            ]
        ],
        [
            [
                0.9999994956487229,
                5.043472050198935e-07,
                2.4133628839734485e-12,
                0.0,
                1.6586784359870122e-12
            ],
            [
                0.9999785550307355,
                2.144493975752279e-05,
                2.2896870010207864e-11,
                3.0987543880633843e-12,
                3.5113487412680634e-12
            ],
            [
                8.150901914633417e-09,
                0.00012339298475183447,
                0.9998635331119655,
                1.3005524909217302e-05,
                6.022747150410757e-08
            ],
            [
                1.879528956316547e-12,
                1.2256068355563042e-11,
                5.109089408017865e-12,
                2.382369844674728e-07,
                0.9999997617437708
            ],
            [
                3.9789625126048165e-12,
                1.081594149413342e-11,
                3.9789625126048165e-12,
                5.60279640482358e-09,
                0.9999999943784297
            ]
        ],
        [
            [
                0.9999999983930745,
                1.605228051658194e-09,
                6.914400091746115e-13,
                0.0,
                1.00603927707259e-12
            ],
            [
                0.9999999778320229,
                2.2159489260559994e-08,
                4.5087551379550276e-12,
                0.0,
                3.978962443757691e-12
            ],
            [
                3.927631454292403e-07,
                5.829121919221827e-05,
                0.9999411985449788,
                1.1252852519537379e-07,
                4.944158342249067e-09
            ],
            [
                8.87826534094139e-13,
                9.545034774994558e-12,
                2.734698249233266e-12,
                1.5229979508810645e-08,
                0.9999999847568528
            ],
            [
                3.098819532440228e-12,
                2.2897351365662892e-11,
                5.10908967719523e-12,
                1.8553915983514926e-07,
                0.999999814429735
