{
    "[['A', 'B', 'C', 'D', 'E'], ['A', 'B', 'C', 'D', 'E']]": [
        [
            [
                0.14804717513179735,
                2.7468528583306163e-08,
                5.70091123111315e-10,
                1.3949683151526922e-07,
                0.8519526573327515
            ],
            [
                5.829088900507812e-05,
                0.9999355349869472,
                6.143814500156938e-06,
                2.2158054890784925e-08,
                8.151492850668103e-09
            ],
            [
                2.1412751586672572e-05,
                0.9984772797710241,
                0.0015011497794608752,
                1.4427798529558301e-07,
                1.3419943106612272e-08
            ],
            [
                0.9999999973007627,
                3.5817479175376957e-10,
                2.7346982818605765e-12,
                2.7346982818605765e-12,
                2.335593030488237e-09
            ],
            [
                0.9999999847603003,
                1.5229979502421042e-08,
                3.5114220575137952e-12,
                4.193795591661044e-13,
                5.789356236628603e-12
            ]
        ],
        [
            [
                0.9999921096766052,
                8.592101500488588e-10,
                7.43362433365027e-12,
                1.9171569838155825e-10,
                7.889265035242596e-06
            ],
            [
                7.415223570346659e-06,
                0.9399061510803343,
                0.060086193555010416,
                2.2392034931597162e-07,
                1.6220735699473698e-08
            ],
            [
                5.358223431608744e-06,
                0.6791741174410358,
                0.3208191454059569,
                1.1955812524059283e-06,
                1.833483233231292e-07
            ],
            [
                0.9999999997678619,
                2.1724399327081143e-10,
                1.0060392781853712e-12,
                0.0,
                1.3887943849807347e-11
            ],
            [
                0.9999832983907843,
                1.670141509227108e-05,
                5.4926943917509844e-11,
                7.433553512397735e-12,
                1.3176288873683073e-10
            ]
        ],
        [
            [
                0.9999989321989297,
                9.0560604312901e-11,
                0.0,
                7.433667080403923e-12,
                1.067703076055623e-06
            ],
            [
                0.3208212848835082,
                0.6791787059102907,
                8.055817819561793e-09,
                7.493077796607012e-10,
                4.0107555254157964e-10
            ],
            [
                3.0988193888259636e-12,
                1.1253518380191661e-07,
                0.9999998873430216,
                1.1628233968729823e-10,
                2.4133629666145125e-12
            ],
            [
                0.999999999919926,
                6.224144614628259e-11,
                0.0,
                0.0,
                1.7832472884425156e-11
            ],
            [
                0.9999999976568845,
                2.335593031763891e-09,
                2.413362764563504e-12,
                0.0,
                5.1090890126733495e-12
            ]
        ],
        [
            [
                0.18242551032852264,
                1.0988527443471026e-08,
                2.2805961129621974e-10,
                1.4109548529387569e-08,
                0.8175744643453418
            ],
            [
                7.484619744836519e-05,
                0.9999250397467516,
                1.1252681400309144e-07,
                1.2500599872197786e-09,
                2.7892608514349337e-10
            ],
            [
                7.88898680060475e-06,
                0.9999567255551162,
                3.5355985920311574e-05,
                2.5108891747166448e-08,
                4.363271134575451e-09
            ],
            [
                0.99999999985161,
                1.3176514256818724e-10,
                8.878265469513859e-13,
                0.0,
                1.573710209100609e-11
            ],
            [
                0.9999999983846037,
                1.6052280515183802e-09,
                2.7346982853443066e-12,
                0.0,
                7.433680655369537e-12
            ]
        ],
        [
            [
                0.9998415567160531,
                4.3627716527977464e-09,
                2.939612416566372e-11,
                2.6461547687469934e-09,
                0.000158436245624304
            ],
            [
                2.7535688337548706e-05,
                0.9999724102278073,
                5.3156434138999816e-08,
                7.582358103270068e-10,
                1.6918527778853948e-10
            ],
            [
                5.3134947513571705e-08,
                0.00043055714722890076,
                0.9995693861519033,
                3.3968035498733036e-09,
                1.691168905697451e-10
            ],
            [
                0.999999999237291,
                7.582560418177034e-10,
                1.4637785122466364e-12,
                2.5436656441112365e-13,
                2.734698288080931e-12
            ],
            [
                0.999999997656188,
                2.3355930315541684e-09,
                1.658678353768898e-12,
                0.0,
                6.56020014780359e-12
            ]
        ],
        [
            [
                0.9968273137354281,
                2.328183098077579e-09,
                2.5863777976938077e-11,
                8.564906970655772e-10,
                0.003172683054034544
            ],
            [
                1.760124874738747e-06,
                0.9998742673422579,
                0.00012339428012522218,
                1.8551579692951255e-07,
                3.9273694518169163e-07
            ],
            [
                2.0130292717239928e-05,
                0.731041813899477,
                0.2689352452698254,
                2.1217172426004333e-06,
                6.888207378469849e-07
            ],
            [
                0.9999417080769136,
                5.829127711793856e-05,
                2.1723116404541207e-10,
                2.2895996241057574e-11,
                4.05841244056137e-10
            ],
            [
                0.9999999992394966,
                7.582560418658082e-10,
                7.835041775502435e-13,
                0.0,
                1.4637785123395007e-12
            ]
        ],
        [
            [
                0.9999724640031632,
                2.7893938122104044e-10,
                2.129728456973141e-12,
                2.5945404065013615e-11,
                2.7535689822406767e-05
            ],
            [
                0.0009110513520770012,
                0.9990888948863392,
                5.310940688633745e-08,
                5.899922172484249e-10,
                6.218472219551899e-11
            ],
            [
                1.8795287383429215e-12,
                4.139937546546659e-08,
                0.9999999585650596,
                3.3315444035603994e-11,
                3.7010115246153003e-13
            ],
            [
                0.9999999979279228,
                2.061153617093536e-09,
                2.1297851654327866e-12,
                3.70101166899514e-13,
                8.423463732624765e-12
            ],
            [
                0.9999999976614564,
                2.3355930323895154e-09,
                1.2917800012408238e-12,
                0.0,
                1.65867835436214e-12
            ]
        ],
        [
            [
                0.7772998428422242,
                1.0447236318625358e-08,
                2.1682547240313778e-10,
                6.336569136509623e-09,
                0.22270014015714484
            ],
            [
                0.006692851374241806,
                0.9933071420418378,
                6.306305947208832e-09,
                2.4452201744749977e-10,
                3.309245648884534e-11
            ],
            [
                1.2997898790085265e-05,
                0.9992772663220277,
                0.0007096612282566992,
                6.820671305166988e-08,
                6.344212575239369e-09
            ],
            [
                0.9999998541540635,
                1.4449803141642666e-07,
                7.99196026935562e-11,
                1.7832473748012078e-11,
                1.250152925265873e-09
            ],
            [
                0.999999999935345,
                6.224144618340422e-11,
                0.0,
                0.0,
                2.4133627700622557e-12
            ]
        ],
        [
            [
                0.00026119032421635,
                9.733657502571173e-10,
                2.2891368339490516e-11,
                8.149891645356927e-09,
                0.9997388005296349
            ],
            [
                7.889250064525133e-06,
                0.9999903313772792,
                1.7603296303485033e-06,
                1.3440282583961751e-08,
                5.602743343000177e-09
            ],
            [
                3.223344566663247e-08,
                0.0002611903173907018,
                0.9997387677543413,
                9.235036802822509e-09,
                4.597854086818639e-10
            ],
            [
                0.9999999995335216,
                4.5990553741101986e-10,
                7.835041777326347e-13,
                0.0,
                5.789356323012969e-12
            ],
            [
                0.9999999956217427,
                4.363462231262585e-09,
                3.97896251606662e-12,
                0.0,
                1.0815941503543576e-11
            ]
        ],
        [
            [
                0.9994472154829827,
                3.848612911656295e-09,
                2.938452219241679e-11,
                2.0600140449097793e-09,
                0.0005527785790059809
            ],
            [
                2.1444940407349598e-05,
                0.9999784664689858,
                8.76406535369208e-08,
                7.582402218037351e-10,
                1.917131512037577e-10
            ],
            [
                6.033664498314785e-06,
                0.9820076040050273,
                0.017986100438503166,
                2.3395056124454018e-07,
                2.7941409957100412e-08
            ],
            [
                0.9999938557917512,
                6.144172122343526e-06,
                2.2897220366009408e-11,
                2.4133492711995195e-12,
                1.0815881051643218e-11
            ],
            [
                0.9999999995887383,
                4.0586521217290274e-10,
                8.878265468076369e-13,
                0.0,
                4.5087552370217555e-12
            ]
        ],
        [
            [
                0.6224593054743648,
                1.2172613116764842e-08,
                1.9675196623666548e-10,
                1.771104757836175e-08,
                0.37754066444522255
            ],
            [
                0.010986942387339126,
                0.989012939113792,
                1.1129880738931989e-07,
                4.890128312628955e-09,
                2.3099330534977744e-09
            ],
            [
                7.87405141194507e-06,
                0.777293175777512,
                0.22269821635676695,
                6.463414993140195e-07,
                8.747280987723974e-08
            ],
            [
                0.9968273102899368,
                0.003172683055068872,
                2.9894462605646754e-09,
                2.7806181694915127e-10,
                3.3874864056852706e-09
            ],
            [
                0.9999999985592021,
                1.4166087836542133e-09,
                1.2917800020603966e-12,
                0.0,
                2.2897348408143122e-11
            ]
        ],
        [
            [
                0.9975273650597837,
                6.333101339839533e-09,
                9.03368388808677e-11,
                5.58894231616274e-09,
                0.0024726229278357503
            ],
            [
                2.260275552413538e-06,
                0.9999762211875286,
                2.1444897358678985e-05,
                3.2241129925942095e-08,
                4.1398430287641407e-08
            ],
            [
                1.3006541777673479e-05,
                0.9999415798344568,
                4.539729149463585e-05,
                1.5229080180857333e-08,
                1.1031908681564396e-09
            ],
            [
                0.9999999998294775,
                1.493094674488851e-10,
                1.0060392781322646e-12,
                0.0,
                2.0206839067102667e-11
            ],
            [
                0.9999999965958073,
                3.3982678065474743e-09,
                2.4133627626381623e-12,
                0.0,
                3.5114220999977907e-12
            ]
        ],
        [
            [
                1.3007124723056443e-05,
                2.461664223745772e-10,
                8.423351765172836e-12,
                3.398222639788578e-09,
                0.9999869892224645
            ],
            [
                3.535622553847618e-05,
                0.9999643356303851,
                3.058912868916856e-07,
                2.0610792785582248e-09,
                1.917102363177761e-10
            ],
            [
                3.04931546841251e-07,
                0.003172681860322041,
                0.9968269299869791,
                6.803948976847973e-08,
                1.5181662248458336e-08
            ],
            [
                0.9999999988677744,
                1.1032560302578685e-09,
                2.4133627672707954e-12,
                6.101936666069724e-13,
                2.594609493371405e-11
            ],
            [
                0.9999999992340749,
                7.582560416354711e-10,
                1.8795288136743407e-12,
                0.0,
                5.7893563199066234e-12
            ]
        ],
        [
            [
                0.998830488353132,
                1.101964783890059e-09,
                1.2241722969499596e-11,
                1.914927660400931e-10,
                0.001169510341168725
            ],
            [
                6.144137221373118e-06,
                0.9999877001526671,
                6.144137221373118e-06,
                9.237327896238099e-09,
                2.3355622516007496e-09
            ],
            [
                1.8270130774917303e-05,
                0.851936394763062,
                0.14804435082413547,
                9.096162499806228e-07,
                7.466577742106721e-08
            ],
            [
                0.9988304892471898,
                0.0011695103520527352,
                3.157181965772977e-10,
                2.2870549451351484e-11,
                6.216859898048273e-11
            ],
            [
                0.9999999995919797,
                4.0586521229530846e-10,
                6.914400100939017e-13,
                0.0,
                1.4637785128554578e-12
            ]
        ],
        [
            [
                0.7310583613403154,
                6.407171779003243e-08,
                1.5068223755439204e-09,
                2.2363248223337523e-07,
                0.2689413494486622
            ],
            [
                0.00043055709461364334,
                0.9995693892905396,
                5.3134941357679193e-08,
                4.597073172623293e-10,
                2.0198129884749657e-11
            ],
            [
                2.543665628682894e-13,
                7.1941329774539185e-09,
                0.9999999927825174,
                2.2897348288177247e-11,
                1.9810087834900556e-13
            ],
            [
                0.9999999995376523,
                4.599055373038692e-10,
                7.835041775500907e-13,
                0.0,
                1.658678356889642e-12
            ],
            [
                0.9999999994055873,
                5.905303993037094e-10,
                7.83504177722717e-13,
                0.0,
                3.0988191356221455e-12
            ]
        ],
        [
            [
                0.047425874573768644,
                4.156519381856858e-09,
                9.775196646808565e-11,
                1.2802981032849853e-08,
                0.952574108368979
            ],
            [
                0.010986942331206525,
                0.9890128163479217,
                1.42910360514781e-07,
                2.1916034499290268e-08,
                7.649447667008853e-08
            ],
            [
                9.606106364546679e-05,
                0.9994732639597254,
                0.00043051561373904696,
                1.1247594177400102e-07,
                4.688694825315238e-08
            ],
            [
                0.9999999999538252,
                3.7751345412422624e-11,
                0.0,
                0.0,
                8.423463747692552e-12
            ],
            [
                0.9999999965971889,
                3.3982678067142335e-09,
                2.4133627627565905e-12,
                0.0,
                2.1297851629456932e-12
            ]
        ],
        [
            [
                0.9997388043886525,
                3.8497362358007285e-09,
                2.0201561729359608e-11,
                1.4162388150838239e-09,
                0.0002611903251709935
            ],
            [
                3.535622546716271e-05,
                0.9999643337811777,
                3.058912862747032e-07,
                2.9988526491010104e-09,
                1.103216236706779e-09
            ],
            [
                3.0122009121658067e-05,
                0.14804271320586718,
                0.851926975568199,
                1.7911201345101396e-07,
                1.0104798700963259e-08
            ],
            [
                0.9999999998251627,
                1.6918979211871758e-10,
                5.384940213209169e-13,
                0.0,
                5.109089023751275e-12
            ],
            [
                0.9999999585875305,
                4.139937544569848e-08,
                3.9789623683960186e-12,
                6.91439981597099e-13,
                8.423463399995579e-12
            ]
        ],
        [
            [
                0.9999785539079455,
                9.73599685715122e-10,
                9.544835461735605e-12,
                1.6918625672883077e-10,
                2.1444939723740724e-05
            ],
            [
                5.8291218992262165e-05,
                0.9999413141954994,
                3.9276314408194663e-07,
                1.6051331993154466e-09,
                2.1723115616184627e-10
            ],
            [
                1.658678333276631e-12,
                1.5229979509308263e-08,
                0.9999999847125463,
                5.492788266054612e-11,
                8.878265341231474e-13
            ],
            [
                0.9999999993276705,
                5.905303990495996e-10,
                1.8795288138502563e-12,
                0.0,
                7.991959881520749e-11
            ],
            [
                0.9999999804370758,
                1.955568068370927e-08,
                2.734698235076107e-12,
                0.0,
                4.508755149116077e-12
            ]
        ],
        [
            [
                0.9998415634173391,
                2.789026626071976e-10,
                2.129448106896865e-12,
                5.4919190512893417e-11,
                0.00015843624670965016
            ],
            [
                1.0129988570115683e-05,
                0.999989678077049,
                1.8553721259724354e-07,
                2.998932591722553e-09,
                3.3982358271621e-09
            ],
            [
                2.5436656358831063e-13,
                4.363462233226946e-09,
                0.9999999956131616,
                2.289734835299149e-11,
                2.2447770448777168e-13
            ],
            [
                0.9999999748724606,
                2.5109990914939295e-08,
                4.508755126927299e-12,
                7.83504158458569e-13,
                1.2256067130498034e-11
            ],
            [
                0.9999962732960403,
                3.726639113847195e-06,
                2.9400666482890115e-11,
                2.12977713666562e-12,
                3.331531974422063e-11
            ]
        ],
        [
            [
                0.3775406722078312,
                4.478054204780327e-09,
                8.201842373893416e-11,
                5.074300194896224e-09,
                0.6224593181577959
            ],
            [
                0.0009110510141543802,
                0.9990888758143839,
                6.819383503990525e-08,
                2.3334647155217143e-09,
                2.644161932679453e-09
            ],
            [
                1.8495050041160974e-07,
                0.0031726817073766365,
                0.9968271226625409,
                1.0434193232514804e-08,
                2.453887046547733e-10
            ],
            [
                0.9999999996726034,
                2.461696949362168e-10,
                8.878265469611978e-13,
                4.1937956542001963e-13,
                7.991959884989504e-11
            ],
            [
                0.9999999585864903,
                4.139937544891057e-08,
                9.545034521910599e-12,
                6.101936421299332e-13,
                3.978962368704738e-12
            ]
        ],
        [
            [
                0.9990889459057506,
                1.8173040605481385e-09,
                2.018842451756296e-11,
                8.584336543633725e-10,
                0.000911051398323313
            ],
            [
                0.0001233945106004049,
                0.9998764918920653,
                1.1252122886493482e-07,
                9.734993760199956e-10,
                1.0260607934396632e-10
            ],
            [
                5.386960202211799e-05,
                0.9240911800878459,
                0.0758540305929028,
                7.684086038281903e-07,
                1.5130862542112483e-07
            ],
            [
                0.9999999988633568,
                1.1032560302529947e-09,
                3.098819132849875e-12,
                8.878265461636239e-13,
                2.940077733713321e-11
            ],
            [
                0.9999999996397513,
                3.5817479275391546e-10,
                6.101936672930546e-13,
                0.0,
                1.4637785130044879e-12
            ]
        ],
        [
            [
                0.03732688278790144,
                1.0076680219642865e-08,
                1.8456083610022934e-10,
                1.882571708468502e-08,
                0.9626730881251404
            ],
            [
                1.670141594515806e-05,
                0.9999831107080199,
                1.8553597191850572e-07,
                1.818930665424956e-09,
                5.211323608003474e-10
            ],
            [
                1.6558156726418027e-05,
                0.9914056621521551,
                0.008577337579563173,
                3.894105217358669e-07,
                5.2701033514038816e-08
            ],
            [
                0.9999999999437874,
                3.331544538735479e-11,
                0.0,
                0.0,
                2.2897348432875092e-11
            ],
            [
                0.9999999994020217,
                5.905303991925535e-10,
                8.878265467907763e-13,
                0.0,
                6.5602001603569244e-12
            ]
        ],
        [
            [
                0.9990889474520569,
                8.584336559533442e-10,
                1.0806084966833346e-11,
                2.7869260446870186e-10,
                0.000911051400010742
            ],
            [
                0.0005527785945018442,
                0.9994471254402624,
                6.821829805078267e-08,
                5.599698901623213e-09,
                2.2147238781173895e-08
            ],
            [
                1.955325708337199e-08,
                0.00012339462532002556,
                0.9998765812123622,
                4.362921384436212e-09,
                2.461391814683668e-10
            ],
            [
                0.9999999999808757,
                1.7832472898512116e-11,
                0.0,
                0.0,
                1.2917800040880918e-12
            ],
            [
                0.9999998142131414,
                1.8553915970637857e-07,
                2.5946098261320987e-11,
                4.508755812022485e-12,
                2.1724402095891767e-10
            ]
        ],
        [
            [
                0.9984988091472332,
                7.183328728018527e-09,
                5.484539164346493e-11,
                1.6028172894815906e-09,
                0.0015011820117753413
            ],
            [
                0.0001233945160721314,
                0.9998762982003357,
                3.0586442530248767e-07,
                1.2499979973684328e-09,
                1.691688330190555e-10
            ],
            [
                0.0002606858816119482,
                0.7770939492550181,
                0.22264114313683941,
                3.718484392086517e-06,
                5.032421384139524e-07
            ],
            [
                0.9999999999250273,
                6.224144617721646e-11,
                4.752193058811489e-13,
                0.0,
                1.2256067433887374e-11
            ],
            [
                0.9999982396304616,
                1.7603431323415593e-06,
                1.7832440696326764e-11,
                1.139989793811621e-12,
                7.433667244468001e-12
            ]
        ],
        [
            [
                0.9998415630872799,
                5.904369411778466e-10,
                5.108280451733595e-12,
                7.051763645919275e-11,
                0.00015843624665734852
            ],
            [
                0.014063627212624706,
                0.9859363680063286,
                4.302094137567749e-09,
                4.001570887420541e-10,
                7.87956026890312e-11
            ],
            [
                2.896717973046639e-06,
                0.22269947349869926,
                0.7772975125304771,
                1.1231794471679489e-07,
                4.934906081739361e-09
            ],
            [
                0.9999999999713192,
                2.594609496849893e-11,
                0.0,
                0.0,
                2.7346982900882767e-12
            ],
            [
                0.9999999981696137,
                1.8189616828444046e-09,
                1.8795288116736553e-12,
                0.0,
                9.545034898131947e-12
            ]
        ],
        [
            [
                0.9984988147941704,
                2.0580581496401132e-09,
                2.590712873087026e-11,
                1.1015991451515166e-09,
                0.0015011820202651665
            ],
            [
                1.3007124562110471e-05,
                0.9999869770539979,
                1.522977707486748e-08,
                4.598994177662095e-10,
                1.3176338926322756e-10
            ],
            [
                3.160863771562379e-10,
                6.144172121545286e-06,
                0.9999938552625249,
                2.4616831804748147e-10,
                3.0988018031624293e-12
            ],
            [
                0.9999986287631147,
                1.3709566537528567e-06,
                1.6918949205096981e-10,
                8.423448807865808e-12,
                1.0261861423012007e-10
            ],
            [
                0.9999999997405682,
                2.46169694989385e-10,
                1.0060392784980297e-12,
                0.0,
                1.2256067434532725e-11
            ]
        ],
        [
            [
                0.9999982372197153,
                2.061149894556714e-09,
                1.7832440655648923e-11,
                3.5817414521958933e-10,
                1.7603431283260148e-06
            ],
            [
                4.785095049333579e-06,
                0.9999950187743395,
                1.8553826993740427e-07,
                3.398248711389919e-09,
                7.194092578466458e-09
            ],
            [
                1.3887945627928976e-11,
                1.8553915981432805e-07,
                0.9999998143430417,
                1.0261880934366585e-10,
                1.291780168767281e-12
            ],
            [
                0.9999999976259766,
                7.582560404836796e-10,
                6.560200148189896e-12,
                3.978962523728533e-12,
                1.6052280503006107e-09
            ],
            [
                0.9999999123470489,
                8.764249141455203e-08,
                5.789356937779296e-12,
                6.914400834345077e-13,
                3.978962954429843e-12
            ]
        ],
        [
            [
                0.9046502762351347,
                3.745197722131774e-08,
                8.807860820959927e-10,
                2.442173362550243e-07,
                0.09534944121476575
            ],
            [
                3.7265784984082925e-06,
                0.9999795326202031,
                1.670136612607328e-05,
                3.224119057112148e-08,
                7.193982015510382e-09
            ],
            [
                0.00014333110693658658,
                0.9045181482328288,
                0.09533551039439685,
                2.044508435779256e-06,
                9.657574018589715e-07
            ],
            [
                0.9999999989197745,
                9.736200296742752e-10,
                3.0988191335444557e-12,
                8.878265463626245e-13,
                1.0261879614556796e-10
            ],
            [
                0.999999984763632,
                1.522997950366929e-08,
                1.879528786791972e-12,
                0.0,
                4.5087551709352146e-12
            ]
        ],
        [
            [
                0.9990889456607451,
                2.3334646027189143e-09,
                1.781622209813354e-11,
                5.899922469761336e-10,
                0.0009110513979817918
            ],
            [
                0.0011695097808298274,
                0.9988302465977427,
                2.379583597815709e-07,
                3.8462349924809735e-09,
                1.8168327644300999e-09
            ],
            [
                4.1069318997913224e-05,
                0.9046120788158883,
                0.09534542149046232,
                1.240185972673495e-06,
                1.901886787208892e-07
            ],
            [
                0.9999999982832279,
                4.599055367269525e-10,
                3.978962525989196e-12,
                2.734698284823419e-12,
                1.250152863292579e-09
            ],
            [
                0.9999999987089969,
                1.2501528639362409e-09,
                3.098819132647639e-12,
                0.0,
                3.775134536879224e-11
            ]
        ],
        [
            [
                0.9980732630877402,
                1.6021356873426563e-09,
                1.5706785599286698e-11,
                9.717444153930948e-10,
                0.0019267343226728197
            ],
            [
                6.144172150122852e-06,
                0.9999937407110239,
                1.1253454569312239e-07,
                2.061142101422986e-09,
                5.211383358199334e-10
            ],
            [
                6.914400105228064e-13,
                1.1628233027341596e-10,
                0.9999999998686631,
                1.3887943861525098e-11,
                4.752193061594419e-13
            ],
            [
                0.999999996905961,
                2.998960813001648e-09,
                3.5114220994949622e-12,
                1.0060392753061865e-12,
                9.056076953871879e-11
            ],
            [
                0.9999999961367154,
                3.850741905314348e-09,
                5.10908900490667e-12,
                0.0,
                7.433680638659455e-12
            ]
        ],
        [
            [
                0.9046505112430784,
                8.356666043427592e-09,
                1.530576775651668e-10,
                1.21588773480186e-08,
                0.09534946808832045
            ],
            [
                0.0003353500370020101,
                0.9996645960741601,
                5.314001106037075e-08,
                6.689340179924628e-10,
                7.989277534342306e-11
            ],
            [
                9.361552715950966e-06,
                0.07585744805050132,
                0.924132911124083,
                2.494769295468004e-07,
                2.9795770209841653e-08
            ],
            [
                0.9999999468282461,
                5.315784969004521e-08,
                6.560199815917638e-12,
                7.835041364378311e-13,
                6.560199815917638e-12
            ],
            [
                0.9999993523405216,
                6.475946141773549e-07,
                2.0206839532921822e-11,
                1.879528857716565e-12,
                4.277787962688515e-11
            ]
        ],
        [
            [
                0.9999785541030765,
                8.591987073536311e-10,
                7.433525334938862e-12,
                9.055887749962893e-11,
                2.1444939732543853e-05
            ],
            [
                3.7265998441158037e-06,
                0.9999860939524835,
                1.01299486381983e-05,
                3.2241436743102287e-08,
                1.7257597488617588e-08
            ],
            [
                6.142115743147319e-06,
                0.9996584048628769,
                0.00033534815686529453,
                8.761257565640015e-08,
                1.7251939041455945e-08
            ],
            [
                0.9999999983815897,
                1.6052280518494409e-09,
                3.098819132281501e-12,
                5.384940206562429e-13,
                9.545034903003033e-12
            ],
            [
                0.9999999991356643,
                8.592166605998071e-10,
                1.1399918512961845e-12,
                0.0,
                3.9789625297355235e-12
            ]
        ],
        [
            [
                0.9241418125034428,
                5.867191291709622e-09,
                9.483431469128244e-11,
                6.648398736047914e-09,
                0.07585817488613274
            ],
            [
                4.539759667063113e-05,
                0.9999484199180413,
                6.143896603681369e-06,
                3.2240210470486e-08,
                6.348473852679196e-09
            ],
            [
                1.8795287162795795e-12,
                5.31578497086506e-08,
                0.9999999468064169,
                3.331544364452189e-11,
                5.384939930505748e-13
            ],
            [
                0.9999999997154043,
                2.789468090208458e-10,
                1.1399918519570834e-12,
                0.0,
                4.508755237994581e-12
            ],
            [
                0.9999999928002293,
                7.1941329742809215e-09,
                1.6586783459926276e-12,
                0.0,
                3.978962504839924e-12
            ]
        ],
        [
            [
                0.320821285223172,
                2.1897983231148e-08,
                5.149912043892878e-10,
                4.635803086412438e-08,
                0.6791786460058227
            ],
            [
                0.2689414069273726,
                0.7310585824114324,
                9.825733472383509e-09,
                7.117737454227734e-10,
                1.2368773058660856e-10
            ],
            [
                8.729268993589587e-07,
                0.18242532443486853,
                0.8175735428431463,
                2.500977439746341e-07,
                9.697341903117262e-09
            ],
            [
                0.9999996027779909,
                4.3634624018631764e-09,
                2.940077839625626e-11,
                4.2777880149645145e-11,
                3.9278636795340786e-07
            ],
            [
                0.9999999987048427,
                1.2501528629966204e-09,
                5.789356313031271e-12,
                1.4637785101564838e-12,
                3.7751345340418155e-11
            ]
        ],
        [
            [
                0.5621764520005472,
                2.32737618895236e-08,
                4.830315178472094e-10,
                6.326464402417465e-08,
                0.43782346097801533
            ],
            [
                6.471346521239103e-07,
                0.9992885327626313,
                0.0007096689790905257,
                6.471346521239103e-07,
                5.039889738267425e-07
            ],
            [
                4.785012545528216e-06,
                0.9999784940596044,
                1.6701334839650966e-05,
                1.7257466310069394e-08,
                2.335544091019543e-09
            ],
            [
                0.9999999991147872,
                8.592166603202708e-10,
                3.0988191329616387e-12,
                0.0,
                2.2897348413893187e-11
            ],
            [
                0.9999999995376812,
                4.599055373038825e-10,
                0.0,
                0.0,
                2.4133627688875235e-12
            ]
        ],
        [
            [
                0.9933071456907239,
                2.047357793405596e-09,
                2.2744090639486174e-11,
                8.534657047635912e-10,
                0.006692851385708534
            ],
            [
                0.2689391874726941,
                0.7310525054680068,
                5.767512721789405e-06,
                4.1779722025837885e-07,
                2.1217493570410707e-06
            ],
            [
                3.431990385128603e-05,
                0.9706543013576808,
                0.0293112217294832,
                1.4025760283026868e-07,
                1.6751381827993643e-08
            ],
            [
                0.9999999803973019,
                1.955568069295816e-08,
                1.5737101789080004e-11,
                1.8795287785853286e-12,
                2.940077679914811e-11
            ],
            [
                0.9999999998949247,
                1.0261879625275731e-10,
                3.266131340742142e-13,
                0.0,
                2.1297851696220784e-12
            ]
        ],
        [
            [
                0.11920291922872843,
                8.136316532725698e-09,
                1.913478244206882e-10,
                2.839853510967949e-08,
                0.8807970440450721
            ],
            [
                0.029312227473198487,
                0.970687756854754,
                1.478354982916489e-08,
