{
    "[['A', 'B', 'C', 'D', 'E'], ['A', 'B', 'C', 'D', 'E']]": [
        [
            [
                0.9999999996322801,
                3.581747923216579e-10,
                0.0,
                0.0,
                9.545034904008773e-12
            ],
            [
                0.9999999994073399,
                5.905303989694678e-10,
                0.0,
                0.0,
                2.1297851676199447e-12
            ],
            [
                0.0,
                1.162823302216462e-10,
                0.9999999998283147,
                5.492788347149133e-11,
                4.752193059478706e-13
            ],
            [
                4.779194910950969e-11,
                3.5313739304740585e-10,
                5.138118750646287e-10,
                0.01406362727247471,
                0.985936371812784
            ],
            [
                1.0812311967006503e-11,
                7.050513060943009e-11,
                2.5937388048316693e-11,
                0.0003353500557373731,
                0.9996646498370079
            ]
        ],
        [
            [
                0.9999999997159441,
                2.7894680893606774e-10,
                0.0,
                0.0,
                5.1090890216377465e-12
            ],
            [
                0.9999999991333497,
                8.592166596098884e-10,
                0.0,
                0.0,
                7.433680652388207e-12
            ],
            [
                2.5436656469236905e-13,
                4.847368705406548e-11,
                0.999999999924438,
                2.594609497814157e-11,
                8.878265476877722e-13
            ],
            [
                2.4133214915884683e-12,
                1.7832167886102185e-11,
                3.9788944762196685e-12,
                1.6701415109906035e-05,
                0.9999832985606658
            ],
            [
                1.2917801045252418e-12,
                1.2256068390399097e-11,
                2.129785335398001e-12,
                8.315279902992211e-07,
                0.9999991684563321
            ]
        ],
        [
            [
                0.9999999998797386,
                1.1628233015993626e-10,
                0.0,
                0.0,
                3.97896253096891e-12
            ],
            [
                0.9999999468283283,
                5.315784964244845e-08,
                7.433680266560342e-12,
                1.879528713938837e-12,
                4.50875499616963e-12
            ],
            [
                0.0,
                2.789468091229653e-10,
                0.9999999996912823,
                2.940077737556693e-11,
                3.701011676417719e-13
            ],
            [
                1.1399832152726882e-12,
                1.3887838635362851e-11,
                3.0987956588240643e-12,
                7.889265049416475e-06,
                0.9999921107168239
            ],
            [
                1.291777642661848e-12,
                1.2256045032889554e-11,
                1.8795253796687277e-12,
                2.2603252737860405e-06,
                0.9999977396592988
            ]
        ],
        [
            [
                0.999999999917667,
                7.991959882304759e-11,
                0.0,
                0.0,
                2.413362768617442e-12
            ],
            [
                0.9999999990151762,
                9.73620028571135e-10,
                1.658678354263653e-12,
                0.0,
                9.545034896078398e-12
            ],
            [
                1.2015425709696389e-13,
                1.6052280522363986e-09,
                0.999999998331935,
                6.224144611472444e-11,
                4.752193054040163e-13
            ],
            [
                5.10870942885335e-12,
                4.277470034441829e-11,
                1.388691200732945e-11,
                7.484619752659832e-05,
                0.9999251537407031
            ],
            [
                7.835042612812165e-13,
                5.1090895678226776e-12,
                1.2917801412585325e-12,
                8.764249145359179e-08,
                0.9999999123503243
            ]
        ],
        [
            [
                0.9999999998467115,
                1.4930946741016933e-10,
                0.0,
                0.0,
                3.978962530252999e-12
            ],
            [
                0.9999999907516054,
                9.237449557499212e-09,
                3.511422073663914e-12,
                0.0,
                7.433680588280617e-12
            ],
            [
                5.008774634676156e-14,
                4.599055375744056e-10,
                0.9999999995169491,
                2.2897348441976153e-11,
                1.9810087967962683e-13
            ],
            [
                1.1399898311928645e-12,
                9.54501799408536e-12,
                1.6586754171376704e-12,
                1.3709566548968196e-06,
                0.9999986290310015
            ],
            [
                1.4637674231025156e-12,
                1.573698286712415e-11,
                3.9789323873098915e-12,
                7.889265049928339e-06,
                0.9999921107137705
            ]
        ],
        [
            [
                0.9999999998250209,
                1.6918979206718177e-10,
                0.0,
                0.0,
                5.789356322081002e-12
            ],
            [
                0.9999999985756909,
                1.416608782618727e-09,
                1.139991849805732e-12,
                0.0,
                6.560200149516788e-12
            ],
            [
                0.0,
                1.1628233023649277e-10,
                0.9999999998407154,
                4.277787866551408e-11,
                2.2447770537523392e-13
            ],
            [
                3.5109869442374463e-12,
                3.331131665182853e-11,
                1.2254548554559641e-11,
                0.00012339462824733263,
                0.9998766053226759
            ],
            [
                3.0987366222497653e-12,
                3.775034018636844e-11,
                9.544780754213074e-12,
                2.753568983916396e-05,
                0.9999724642597669
            ]
        ],
        [
            [
                0.9999999998779283,
                1.1628233012328835e-10,
                0.0,
                0.0,
                5.789356319822682e-12
            ],
            [
                0.9999999997152638,
                2.7894680881230767e-10,
                0.0,
                0.0,
                5.789356318880959e-12
            ],
            [
                9.357622966829098e-14,
                6.224144621570132e-11,
                0.9999999998650064,
                7.052879849596403e-11,
                2.1297851704980663e-12
            ],
            [
                7.42690635408689e-12,
                6.218472555669053e-11,
                2.5922450288715772e-11,
                0.0009110514058252524,
                0.9990889484986406
            ],
            [
                2.413349272534625e-12,
                1.7832373161071815e-11,
                5.7893239455967795e-12,
                6.144172125742585e-06,
                0.9999938558018392
            ]
        ],
        [
            [
                0.9999999998242499,
                1.691897920202648e-10,
                0.0,
                0.0,
                6.5602001587995695e-12
            ],
            [
                0.9999999123382693,
                8.76424912755408e-08,
                8.423464627268597e-12,
                0.0,
                1.0815942677983013e-11
            ],
            [
                7.582517054751803e-10,
                4.785094584100073e-06,
                0.999995159886366,
                5.3157548474916835e-08,
                1.1032497215859963e-09
            ],
            [
                6.914400620619544e-13,
                6.560200655519168e-12,
                1.879528956171605e-12,
                2.382369844491009e-07,
                0.9999997617538844
            ],
            [
                8.878266196714033e-13,
                5.789356797091338e-12,
                1.2917801092913909e-12,
                1.1253518382338893e-07,
                0.9999998874568472
            ]
        ],
        [
            [
                0.9999999997769666,
                2.1724399327278937e-10,
                0.0,
                0.0,
                5.7893563224651205e-12
            ],
            [
                0.9999999956168215,
                4.363462224824101e-09,
                3.978962510195483e-12,
                0.0,
                1.573710200544779e-11
            ],
            [
                4.420228101614655e-14,
                1.9171715128793565e-10,
                0.9999999997877052,
                2.0206839080958052e-11,
                3.266131341290042e-13
            ],
            [
                3.978947527429689e-12,
                2.9400666494879374e-11,
                1.3887891480474424e-11,
                3.7266391153668764e-06,
                0.9999962733136172
            ],
            [
                1.2917801412573662e-12,
                5.7893569403529e-12,
                1.006039385567327e-12,
                8.764249145351266e-08,
                0.9999999123494214
            ]
        ],
        [
            [
                0.9999999996343916,
                3.581747924495931e-10,
                0.0,
                0.0,
                7.433680660341135e-12
            ],
            [
                0.9999999976506873,
                2.3355930290639445e-09,
                1.4637785080244785e-12,
                0.0,
                1.2256067393012831e-11
            ],
            [
                1.6052006400719576e-09,
                1.6701415547894023e-05,
                0.9999832063393566,
                8.76409853799479e-08,
                2.998909606682051e-09
            ],
            [
                8.410813294308992e-12,
                9.042476463274228e-11,
                5.4845392147056776e-11,
                0.0015011820300612183,
                0.9984988178162578
            ],
            [
                4.5085923943399085e-12,
                4.277633363131224e-11,
                8.423159514435198e-12,
                3.535625752078416e-05,
                0.9999646436867712
            ]
        ],
        [
            [
                0.9999999998637261,
                1.3176514249633885e-10,
                0.0,
                0.0,
                4.508755235293257e-12
            ],
            [
                0.9995694427828712,
                0.0004305571175623417,
                7.988515761157949e-11,
                1.2250785696925657e-11,
                7.430477130754413e-12
            ],
            [
                8.151787861819564e-09,
                2.7535662804245875e-05,
                0.9999716025215836,
                8.315049674874866e-07,
                2.2158856814237136e-08
            ],
            [
                1.0795105379187544e-11,
                1.0242110816338435e-10,
                7.039292956258458e-11,
                0.0019267343329788017,
                0.998073265483412
            ],
            [
                1.6586753640048076e-12,
                9.545017688326847e-12,
                2.734693353821004e-12,
                1.7603431336751028e-06,
                0.999998239642928
            ]
        ],
        [
            [
                0.9999999998786087,
                1.1628233010143438e-10,
                0.0,
                0.0,
                5.109089019241874e-12
            ],
            [
                0.9999999976545599,
                2.3355930285073276e-09,
                2.4133627611985045e-12,
                0.0,
                7.433680639594978e-12
            ],
            [
                1.9553670027277133e-08,
                9.610176816355277e-05,
                0.9998975713767949,
                6.14358049687879e-06,
                1.6372087465505807e-07
            ],
            [
                1.4637758376177525e-12,
                1.2256045033971063e-11,
                2.7346932912163313e-12,
                2.260325273985498e-06,
                0.9999977396582715
            ],
            [
                3.97881882315398e-12,
                2.9399715491765996e-11,
                6.559963225996019e-12,
                3.5356257521961985e-05,
                0.9999646437025395
            ]
        ],
        [
            [
                0.9999999996764783,
                3.1608814498038176e-10,
                0.0,
                0.0,
                7.43368066174598e-12
            ],
            [
                0.9999999988893105,
                1.1032560297389402e-09,
                0.0,
                0.0,
                7.43368065480244e-12
            ],
            [
                0.0,
                4.8473687050696534e-11,
                0.9999999999440359,
                7.433680670511005e-12,
                5.675685231226962e-14
            ],
            [
                1.2244898481286756e-11,
                1.0252527973633923e-10,
                2.937398444389403e-11,
                0.0009110514058108007,
                0.9990889484500451
            ],
            [
                1.0060374947913846e-12,
                8.423448813100632e-12,
                2.4133584910596062e-12,
                1.3709566546048495e-06,
                0.9999986290315026
            ]
        ],
        [
            [
                0.9999999998242499,
                1.6918979204511828e-10,
                0.0,
                0.0,
                6.560200159763243e-12
            ],
            [
                0.9999999981660477,
                1.8189616812973086e-09,
                2.7346982821867542e-12,
                0.0,
                1.2256067401948658e-11
            ],
            [
                1.5428111976868856e-13,
                3.3982678073694975e-09,
                0.999999996563602,
                3.775134530808802e-11,
                2.2447770470112435e-13
            ],
            [
                3.0985889004220336e-12,
                2.9398592952676886e-11,
                1.388691200849227e-11,
                7.484619711351715e-05,
                0.9999251537565024
            ],
            [
                3.9785832707674405e-12,
                4.2773801205923545e-11,
                1.3886620099798634e-11,
                9.610239928111895e-05,
                0.9999038975400799
            ]
        ],
        [
            [
                0.9999999999249625,
                7.052879843716104e-11,
                0.0,
                0.0,
                4.508755237566685e-12
            ],
            [
                0.9999999928007189,
                7.194132968341525e-09,
                2.413362751039946e-12,
                0.0,
                2.7346982680300153e-12
            ],
            [
                7.574725209878027e-10,
                2.8423946651072354e-08,
                0.000910938830137645,
                0.9989657498238552,
                0.0001232821645879068
            ],
            [
                5.788440096949724e-12,
                4.277110860166109e-11,
                1.573461153066215e-11,
                0.00015843624780655192,
                0.9998415636878993
            ],
            [
                8.421263869364283e-12,
                7.051037909865708e-11,
                2.2891368548751637e-11,
                0.0002611903282622628,
                0.9997388095699147
            ]
        ],
        [
            [
                0.9999999998461817,
                1.4930946748353505e-10,
                0.0,
                0.0,
                4.508755238182505e-12
            ],
            [
                0.9999994956341469,
                5.043472046608149e-07,
                1.2256068004868667e-11,
                2.4133628822552134e-12,
                3.978962717892339e-12
            ],
            [
                2.5436656426785677e-13,
                1.6052280522206262e-09,
                0.9999999983221093,
                7.052879838084924e-11,
                1.879528813067442e-12
            ],
            [
                3.511087413045171e-12,
                3.774774707511535e-11,
                2.0204913022799777e-11,
                9.610239927887496e-05,
                0.9999038975392573
            ],
            [
                3.098813641924167e-12,
                2.02068032465989e-11,
                3.098813641924167e-12,
                1.3709566545271871e-06,
                0.999998629016941
            ]
        ],
        [
            [
                0.9999999998942823,
                1.0261879622835896e-10,
                0.0,
                0.0,
                3.098819136044527e-12
            ],
            [
                0.9999999976614564,
                2.335593030760694e-09,
                1.2917800003399484e-12,
                0.0,
                1.658678353205393e-12
            ],
            [
                3.2661313275655176e-13,
                4.3634622326076194e-09,
                0.9999999954420806,
                1.917171504823261e-10,
                2.4133627605856445e-12
            ],
            [
                5.788175455387554e-12,
                5.4916679695211324e-11,
                2.2892678011783527e-11,
                0.00020342706193201366,
                0.9997965728544704
            ],
            [
                3.51132861002153e-12,
                2.5945404081229267e-11,
                4.508635181610483e-12,
                2.753568983961633e-05,
                0.999972464276195
            ]
        ],
        [
            [
                0.9999999998024935,
                1.9171715115130615e-10,
                0.0,
                0.0,
                5.789356321950583e-12
            ],
            [
                0.9999999990259048,
                9.736200295160072e-10,
                4.7521930540589e-13,
                0.0,
                0.0
            ],
            [
                7.579278504279552e-10,
                1.7595843898189958e-06,
                0.9995668525898481,
                0.000430555899021669,
                8.311688124757008e-07
            ],
            [
                2.12976903360368e-12,
                1.7832337791751484e-11,
                5.1090503165680505e-12,
                7.889265049897637e-06,
                0.9999921107098789
            ],
            [
                2.1297650225598488e-12,
                2.289713184078514e-11,
                6.5601381067251376e-12,
                1.0129988104243125e-05,
                0.9999898699803087
            ]
        ],
        [
            [
                0.9999999998461817,
                1.4930946749683819e-10,
                0.0,
                0.0,
                4.5087552385842245e-12
            ],
            [
                0.9999999993290518,
                6.691586080288011e-10,
                7.835041772179129e-13,
                0.0,
                1.0060392776288167e-12
            ],
            [
                2.5847660483527e-05,
                0.7310376553602151,
                0.268933716114348,
                2.724323371702089e-06,
                5.654158165575058e-08
            ],
            [
                2.1296878751212873e-12,
                2.0205915973046477e-11,
                5.789091851231751e-12,
                4.5397855739192444e-05,
                0.9999546021161361
            ],
            [
                4.508635180670096e-12,
                3.331455827958367e-11,
                1.5736683050616568e-11,
                2.7535689833873085e-05,
                0.9999724642566062
            ]
        ],
        [
            [
                0.9999999998934022,
                1.0261879616070927e-10,
                0.0,
                0.0,
                3.978962529776458e-12
            ],
            [
                0.9999999928000335,
                7.1941329695341e-09,
                3.0988191125364337e-12,
                0.0,
                2.7346982684833474e-12
            ],
            [
                4.420228099644368e-14,
                7.582560421055696e-10,
                0.9999999992120745,
                2.940077736626031e-11,
                2.2447770529912293e-13
            ],
            [
                2.2645786813958655e-11,
                2.758821610964297e-10,
                4.0140617584162074e-10,
                0.01098694238315568,
                0.9890130569169101
            ],
            [
                1.658678270200944e-12,
                7.433680274766819e-12,
                1.2917799356960186e-12,
                5.315784970113252e-08,
                0.9999999468317662
            ]
        ],
        [
            [
                0.9999999998031739,
                1.9171715117336966e-10,
                0.0,
                0.0,
                5.109089022667909e-12
            ],
            [
                0.9999999979317651,
                2.0611536148669866e-09,
                1.2917800000406902e-12,
                0.0,
                5.789356307463666e-12
            ],
            [
                0.0,
                6.224144621274278e-11,
                0.9999999999292706,
                8.42346375225794e-12,
                6.431393939764103e-14
            ],
            [
                3.5112147489113688e-12,
                2.59445627550988e-11,
                7.433241681776036e-12,
                5.829127714307707e-05,
                0.999941708685968
            ],
            [
                3.0988018051229306e-12,
                2.28972203775209e-11,
                8.42341663686175e-12,
                6.144172125432485e-06,
                0.9999938557934551
            ]
        ],
        [
            [
                0.9999999999254923,
                7.052879842805535e-11,
                0.0,
                0.0,
                3.978962531150962e-12
            ],
            [
                0.9999999973504758,
                2.646573629320199e-09,
                1.2917800001056909e-12,
                0.0,
                1.6586783529046003e-12
            ],
            [
                9.357622955807374e-14,
                9.7362002994495e-10,
                0.999999998923341,
                1.0261879617409688e-10,
                3.2661313382385527e-13
            ],
            [
                1.6586626675141355e-12,
                1.2255951499463904e-11,
                2.1297650227992384e-12,
                1.0129988105381756e-05,
                0.9999898699958502
            ],
            [
                2.1297771160741196e-12,
                1.7832405465447926e-11,
                7.433652558052694e-12,
                2.9023121998873666e-06,
                0.9999970976604043
            ]
        ],
        [
            [
                0.9999999998942823,
                1.0261879616079959e-10,
                0.0,
                0.0,
                3.0988191340044113e-12
            ],
            [
                0.9999998874549691,
                1.1253518366157274e-07,
                7.4336812630502e-12,
                0.0,
                2.4133629636047807e-12
            ],
            [
                3.6529044442076954e-08,
                0.00015843611460540066,
                0.999841208064413,
                3.0585365276784306e-07,
                1.3438284455878053e-08
            ],
            [
                2.7345995192427173e-12,
                2.5945157856807926e-11,
                1.0815550905066672e-11,
                3.5356257519858057e-05,
                0.9999646437029848
            ],
            [
                1.2917726871803876e-12,
                1.2255998016590514e-11,
                2.413349100746118e-12,
                4.78509484907431e-06,
                0.9999952148891899
            ]
        ],
        [
            [
                0.9999999998797386,
                1.1628233010156578e-10,
                0.0,
                0.0,
                3.9789625289715826e-12
            ],
            [
                0.9999962733168347,
                3.726639110436296e-06,
                2.9400666455980424e-11,
                5.109069750126941e-12,
                9.544998906913914e-12
            ],
            [
                7.287724092309839e-14,
                3.160881452791375e-10,
                0.9999999996501534,
                3.3315445405619014e-11,
                3.7010116768102216e-13
            ],
            [
                1.0781626759835484e-11,
                1.6865301851681896e-10,
                1.4883576645263514e-10,
                0.0031726830719948835,
                0.9968273165997347
            ],
            [
                2.1297771376512e-12,
                1.783240564611061e-11,
                5.109069757167427e-12,
                3.726639115571742e-06,
                0.9999962733358132
            ]
        ],
        [
            [
                0.9999999998024935,
                1.9171715119259513e-10,
                0.0,
                0.0,
                5.7893563231974016e-12
            ],
            [
                0.9999999895282049,
                1.0467401668329606e-08,
                2.73469825856486e-12,
                0.0,
                1.6586783388823345e-12
            ],
            [
                0.0006670545586520516,
                0.9392829176415879,
                0.060046353143226476,
                3.500382738896618e-06,
                1.7427379473513678e-07
            ],
            [
                1.4015656115819797e-10,
                1.3297684280014101e-09,
                5.959608629854549e-09,
                0.2689414079677263,
                0.7310585846027401
            ],
            [
                7.432164400909195e-12,
                7.990329747526204e-11,
                2.9394780422954916e-11,
                0.0002034270619304654,
                0.9997965728213394
            ]
        ],
        [
            [
                0.9999999999059279,
                9.056076975992025e-11,
                0.0,
                0.0,
                3.5114221080718736e-12
            ],
            [
                0.999999997656188,
                2.3355930295759867e-09,
                1.658678352364044e-12,
                0.0,
                6.560200142247286e-12
            ],
            [
                9.357622961601707e-14,
                5.905303994376068e-10,
                0.9999999993757724,
                3.331544539589339e-11,
                2.882350791214782e-13
            ],
            [
                1.0060354745014535e-12,
                1.225602109236741e-11,
                1.463772978200963e-12,
                2.902312200103219e-06,
                0.9999970976730741
            ],
            [
                1.2917751193068908e-12,
                1.388789134111374e-11,
                3.5114088332674368e-12,
                2.902312200007759e-06,
                0.9999970976691089
            ]
        ],
        [
            [
                0.9999999998631259,
                1.3176514249625977e-10,
                0.0,
                0.0,
                5.109089020126442e-12
            ],
            [
                0.9999999317334253,
                6.825604223364448e-08,
                7.433681594841682e-12,
                0.0,
                3.098819523272659e-12
            ],
            [
                1.748234124361497e-13,
                2.0611536178292192e-09,
                0.9999999978954743,
                4.277787859402621e-11,
                4.193795649000998e-13
            ],
            [
                8.40723652271812e-12,
                1.1605832027767504e-10,
                1.0242110816421917e-10,
                0.0019267343359137968,
                0.9980732654371995
            ],
            [
                1.4637785822582664e-12,
                1.0815942060719504e-11,
                2.4133628841644808e-12,
                5.043472050598156e-07,
                0.9999994956381019
            ]
        ],
        [
            [
                0.9999999998242499,
                1.6918979211856313e-10,
                0.0,
                0.0,
                6.560200162611009e-12
            ],
            [
                0.999999953082116,
                4.6911637958702565e-08,
                3.5114219442382023e-12,
                0.0,
                2.7346981598668266e-12
            ],
            [
                1.5428112013177047e-13,
                9.736200301182179e-10,
                0.999999998934525,
                9.056076978671686e-11,
                1.139991851659511e-12
            ],
            [
                6.555547175548082e-12,
                7.986291387522121e-11,
                4.8439305839311154e-11,
                0.0007096703431993993,
                0.9992903295219427
            ],
            [
                1.0060354745712464e-12,
                9.544998824737572e-12,
                2.7346879493121912e-12,
                2.9023122003045646e-06,
                0.999997097674514
            ]
        ],
        [
            [
                0.9999999996773516,
                3.1608814498065783e-10,
                0.0,
                0.0,
                6.5602001587995614e-12
            ],
            [
                0.9999999997530467,
                2.4616969490923293e-10,
                0.0,
                0.0,
                7.835041776397501e-13
            ],
            [
                3.2661313395870157e-13,
                7.582560420481873e-10,
                0.9999999991694248,
                7.052879844201151e-11,
                1.463778512691575e-12
            ],
            [
                4.735991863241941e-11,
                3.965397437552961e-10,
                5.091671097086443e-10,
                0.022977367831669523,
                0.9770226312152638
            ],
            [
                1.2917801689033092e-12,
                9.545036135512663e-12,
                1.6586785696450326e-12,
                1.8553915983386587e-07,
                0.9999998144483447
            ]
        ],
        [
            [
                0.9999999998449012,
                1.4930946740989902e-10,
                0.0,
                0.0,
                5.789356320595149e-12
            ],
            [
                0.9999999979301561,
                2.0611536152524433e-09,
                2.12978516353039e-12,
                0.0,
                6.560200145281951e-12
            ],
            [
                0.00010868693266581987,
                0.11918966764744171,
                0.880699226290375,
                2.255725323002479e-06,
                1.6340419433430798e-07
            ],
            [
                7.419360189754836e-12,
                9.038631070397206e-11,
                1.160583202645354e-10,
                0.0019267343378029467,
                0.9980732654483331
            ],
            [
                1.6586720861118536e-12,
                1.388789134343275e-11,
                2.413353644959609e-12,
                2.902312200492389e-06,
                0.9999970976698396
            ]
        ],
        [
            [
                0.9999999997144928,
                2.78946808858525e-10,
                0.0,
                0.0,
                6.560200158079541e-12
            ],
            [
                0.9999999994036803,
                5.905303985943231e-10,
                0.0,
                0.0,
                5.789356315985108e-12
            ],
            [
                1.783244097605545e-11,
                3.0590206446223454e-07,
                0.999998850690981,
                8.315280231157997e-07,
                1.1861098911980716e-08
            ],
            [
                1.6586690812475551e-12,
                1.3887866184012013e-11,
                2.7346829953054834e-12,
                6.14417212669279e-06,
                0.9999938558095921
            ],
            [
                2.1297852703448437e-12,
                1.2256068016044024e-11,
                3.978962721520446e-12,
                5.043472051206899e-07,
                0.99999949563443
            ]
        ],
        [
            [
                0.9999999998938698,
                1.0261879611946829e-10,
                0.0,
                0.0,
                3.5114221066167017e-12
            ],
            [
                0.9999999987384225,
                1.2501528628027975e-09,
                1.8795288111508396e-12,
                0.0,
                9.54503489547687e-12
            ],
            [
                0.0,
                9.056076987450711e-11,
                0.9999999998863878,
                2.289734845083704e-11,
                1.542811202813317e-13
            ],
            [
                2.734359381468609e-12,
                3.3311316651134215e-11,
                8.422419837796696e-12,
                0.00012339462817306994,
                0.9998766053273588
            ],
            [
                1.4637758714723834e-12,
                1.573707369566e-11,
                3.0988135442242677e-12,
                1.7603431340897178e-06,
                0.9999982396365662
            ]
        ],
        [
            [
                0.9999999998467115,
                1.4930946743210244e-10,
                0.0,
                0.0,
                3.978962530837497e-12
            ],
            [
                0.9999999907570382,
                9.237449566397928e-09,
                3.098819106660768e-12,
                0.0,
                2.4133627468640372e-12
            ],
            [
                0.0,
                9.056076984735258e-11,
                0.999999999860639,
                4.847368703627344e-11,
                3.2661313410066674e-13
            ],
            [
                1.7759900975846927e-11,
                1.9093692957474067e-10,
                1.487018302700577e-10,
                0.0040701377800712885,
                0.9959298618625302
            ],
            [
                8.878266137330648e-13,
                7.433681224018114e-12,
                1.1399919376450652e-12,
                2.3823698443014714e-07,
                0.9999997617535541
            ]
        ],
        [
            [
                0.9999999998624456,
                1.317651425181032e-10,
                0.0,
                0.0,
                5.78935632069672e-12
            ],
            [
                0.9999999994036803,
                5.905303985943231e-10,
                0.0,
                0.0,
                5.789356315985108e-12
            ],
            [
                5.0087746353636473e-14,
                3.160881452748731e-10,
                0.9999999996542066,
                2.940077737828832e-11,
                2.543665646117547e-13
            ],
            [
                7.035440170053848e-11,
                3.5728913294542934e-10,
                2.1670681351354605e-10,
                0.0024726229657577024,
                0.9975273763898921
            ],
            [
                8.422419837571995e-12,
                6.223373266856585e-11,
                2.5942879492350726e-11,
                0.00012339462824146865,
                0.9998766052751595
            ]
        ],
        [
            [
                0.9999999997782472,
                2.1724399311100111e-10,
                0.0,
                0.0,
                4.508755234057416e-12
            ],
            [
                0.9999999969871245,
                2.9989608115734574e-09,
                1.6586783515671415e-12,
                0.0,
                1.2256067389811424e-11
            ],
            [
                1.748234121909758e-13,
                3.3982678071297954e-09,
                0.9999999965304902,
                7.052879825448849e-11,
                5.384940198159856e-13
            ],
            [
                9.54352431150656e-12,
                6.223159580580725e-11,
                1.7829650714628263e-11,
                0.00015843624679223893,
                0.999841563663603
            ],
            [
                7.835042389185888e-13,
                7.433681245526707e-12,
                1.2917801043887926e-12,
                8.315279902113878e-07,
                0.9999991684625008
            ]
        ],
        [
            [
                0.9999999998233766,
                1.6918979210334096e-10,
                0.0,
                0.0,
                7.433680665402593e-12
            ],
            [
                0.9999999895282049,
                1.0467401672046319e-08,
                2.7346982595358834e-12,
                0.0,
                1.65867833947129e-12
            ],
            [
                3.850712869173516e-09,
                7.889257778978083e-06,
                0.9999917857619225,
                3.0589972076012583e-07,
                1.5229864835518885e-08
            ],
            [
                7.432164400540047e-12,
                9.054229792453448e-11,
                4.276915314786228e-11,
                0.0002034270620542866,
                0.9997965727972021
            ],
            [
                2.12976903355296e-12,
                2.2897174963024966e-11,
                3.9789323871996495e-12,
                7.889265049709755e-06,
                0.9999921107059445
            ]
        ],
        [
            [
                0.9999999998031739,
                1.917171512098071e-10,
                0.0,
                0.0,
                5.109089023638932e-12
            ],
            [
                0.9999999988947164,
                1.1032560297449044e-09,
                8.878265457547468e-13,
                0.0,
                1.1399918503591769e-12
            ],
            [
                7.58232920527023e-10,
                2.9022319052750256e-06,
                0.9999694338850381,
                2.753560965310094e-05,
                1.2751517058180403e-07
            ],
            [
                7.42690635335509e-12,
                1.1617636212387203e-10,
                7.04645255620059e-11,
                0.0009110514057354831,
                0.9990889484001967
            ],
            [
                2.7343593815487208e-12,
                4.277257724464307e-11,
                1.783026293705692e-11,
                0.00012339462805758546,
                0.9998766053086052
            ]
        ],
        [
            [
                0.9999999997480409,
                2.461696949547872e-10,
                0.0,
                0.0,
                5.7893563233979735e-12
            ],
            [
                0.9999999996813655,
                3.160881450229029e-10,
                8.878265466986679e-13,
                0.0,
                1.6586783567707966e-12
            ],
            [
                3.266131323702201e-13,
                5.602796404797999e-09,
