{
    "[['A', 'B', 'C', 'D', 'E'], ['A', 'B', 'C', 'D', 'E']]": [
        [
            [
                0.9999999998031739,
                1.9171715117336966e-10,
                0.0,
                0.0,
                5.109089022667909e-12
            ],
            [
                0.9999999985821324,
                1.4166087835604801e-09,
                4.752193052429793e-13,
                0.0,
                7.835041768014369e-13
            ],
            [
                7.582561319075652e-10,
                3.0590235645393727e-07,
                0.9999996858663066,
                7.194133875838004e-09,
                2.7894684207097456e-10
            ],
            [
                9.038630486339659e-11,
                1.41387969435012e-09,
                9.219653744764758e-09,
                0.7772998478230635,
                0.22270014145301686
            ],
            [
                1.6585804066722157e-12,
                2.939904114781135e-11,
                5.108787313917079e-12,
                5.8291276765812127e-05,
                0.9999417086870678
            ]
        ],
        [
            [
                0.999999999917667,
                7.991959882304759e-11,
                0.0,
                0.0,
                2.413362768617442e-12
            ],
            [
                0.9999999936489019,
                6.348800065530557e-09,
                1.0060392712789405e-12,
                0.0,
                1.2917799945081734e-12
            ],
            [
                2.9986693902075486e-09,
                9.610240372123108e-05,
                0.9999037064300103,
                1.8552128276507576e-07,
                2.6463164487333993e-09
            ],
            [
                9.48114758702276e-12,
                2.157899244468821e-10,
                8.99546237312e-11,
                0.00669285143074917,
                0.9933071482540251
            ],
            [
                2.12970824661617e-12,
                3.331424212253658e-11,
                5.108904496165517e-12,
                3.535625751393556e-05,
                0.9999646437019333
            ]
        ],
        [
            [
                0.9999999996764783,
                3.160881449339494e-10,
                0.0,
                0.0,
                7.433680660653995e-12
            ],
            [
                0.9999999998964935,
                1.026187962182254e-10,
                0.0,
                0.0,
                8.878265469912346e-13
            ],
            [
                0.0,
                3.1608814526584577e-10,
                0.9999999996680546,
                1.5737102098621972e-11,
                1.2015425725479759e-13
            ],
            [
                3.966338827058118e-12,
                1.022932265765897e-10,
                3.763157502861955e-11,
                0.0031726830821453282,
                0.9968273167739635
            ],
            [
                6.101913661887942e-13,
                9.544998920201173e-12,
                8.878231990788465e-13,
                3.72663911562402e-06,
                0.9999962733498414
            ]
        ],
        [
            [
                0.9999999998263014,
                1.6918979199244926e-10,
                0.0,
                0.0,
                4.508755235124518e-12
            ],
            [
                0.9999999961459882,
                3.850741901745494e-09,
                1.1399918468208666e-12,
                0.0,
                2.1297851593287773e-12
            ],
            [
                7.287724086922283e-14,
                9.736200301122868e-10,
                0.9999999989708408,
                5.492788344248668e-11,
                5.384940211179689e-13
            ],
            [
                6.533502446294059e-12,
                1.3122890462277628e-10,
                4.827641609816744e-11,
                0.004070137786388974,
                0.9959298620275723
            ],
            [
                2.127844296467418e-12,
                5.487782769675524e-11,
                1.2244898482574936e-11,
                0.0009110514044979932,
                0.9990889485262514
            ]
        ],
        [
            [
                0.9999999998017226,
                1.9171715120952886e-10,
                0.0,
                0.0,
                6.560200162463225e-12
            ],
            [
                0.9999999918446362,
                8.152020640050501e-09,
                1.8795287993808948e-12,
                0.0,
                1.4637785007630983e-12
            ],
            [
                1.4165710150157295e-09,
                2.7535688873888535e-05,
                0.9999724297943537,
                3.224100769428868e-08,
                8.591937522672852e-10
            ],
            [
                9.373352265731701e-12,
                2.417419410968123e-10,
                1.4662389901366214e-10,
                0.017986211614270463,
                0.9820137879879903
            ],
            [
                1.2915165162045954e-12,
                2.9394780420373706e-11,
                6.558862062725914e-12,
                0.00020342706278591343,
                0.9997965728999689
            ]
        ],
        [
            [
                0.9999999999426588,
                5.492788346964174e-11,
                0.0,
                0.0,
                2.4133627700799064e-12
            ],
            [
                0.9999999965960833,
                3.398267802472656e-09,
                1.1399918473339714e-12,
                0.0,
                4.508755219709818e-12
            ],
            [
                3.037975383544082e-14,
                4.599055375777435e-10,
                0.9999999995242068,
                1.5737102097025597e-11,
                1.2015425724260912e-13
            ],
            [
                5.759135152114432e-12,
                1.1567532174342245e-10,
                7.016062920950915e-11,
                0.005220125708273314,
                0.9947798741001317
            ],
            [
                6.101832304871573e-13,
                1.081575655218845e-11,
                1.2917579090780876e-12,
                1.6701415110098213e-05,
                0.9999832985721723
            ]
        ],
        [
            [
                0.9999999997743325,
                2.1724399311015067e-10,
                0.0,
                0.0,
                8.423463739046165e-12
            ],
            [
                0.9999993524034024,
                6.475946143920761e-07,
                1.29178003351515e-12,
                0.0,
                6.914400260716283e-13
            ],
            [
                1.741001418452228e-06,
                0.010986922353894783,
                0.9890110269889231,
                3.025406820372622e-07,
                7.115081656723392e-09
            ],
            [
                2.274409069824127e-11,
                3.557774383331765e-10,
                1.6805736208847152e-10,
                0.006692851432202251,
                0.9933071480212189
            ],
            [
                1.291516516071418e-12,
                2.9394780417342606e-11,
                7.43216439949018e-12,
                0.0002034270632986617,
                0.9997965728985829
            ]
        ],
        [
            [
                0.9999999998946465,
                1.0261879616083695e-10,
                0.0,
                0.0,
                2.7346982874297667e-12
            ],
            [
                0.9999999992351836,
                7.582560408320254e-10,
                0.0,
                0.0,
                6.560200151203677e-12
            ],
            [
                1.879528809315427e-12,
                3.398267806434394e-09,
                0.9999999962729487,
                3.1608814421653707e-10,
                1.0815941515716421e-11
            ],
            [
                3.976762657965568e-12,
                7.987541320132134e-11,
                2.01956671885592e-11,
                0.0005527785851144609,
                0.9994472213108377
            ],
            [
                1.0060259078239716e-12,
                1.5736892942046607e-11,
                2.734661944196916e-12,
                1.3007124771601343e-05,
                0.9999869928557509
            ]
        ],
        [
            [
                0.9999999999059279,
                9.056076980003764e-11,
                0.0,
                0.0,
                3.511422109627394e-12
            ],
            [
                0.9999999999506386,
                4.847368702355436e-11,
                0.0,
                0.0,
                8.878265471289415e-13
            ],
            [
                0.000404172193713577,
                0.7307605018857313,
                0.26883175657098146,
                3.4967762969789724e-06,
                7.257327673624622e-08
            ],
            [
                5.0992467134557044e-12,
                1.1605832025426278e-10,
                3.767862002801195e-11,
                0.0019267343376324067,
                0.9980732655035314
            ],
            [
                1.4635971082609802e-12,
                2.939713375864661e-11,
                8.422419835792885e-12,
                0.00012339462861119994,
                0.9998766053321057
            ]
        ],
        [
            [
                0.9999999998928724,
                1.0261879617773641e-10,
                0.0,
                0.0,
                4.50875523617518e-12
            ],
            [
                0.9999999990189463,
                9.736200283390024e-10,
                0.0,
                0.0,
                7.43368064973739e-12
            ],
            [
                3.84995647939295e-09,
                0.0002034268692981164,
                0.9997964559094834,
                1.1251222069918374e-07,
                8.590414058114339e-10
            ],
            [
                1.5698188785062484e-11,
                3.1530655046954314e-10,
                8.131863114727106e-09,
                0.9975273685980807,
                0.002472622939051371
            ],
            [
                6.913991781622386e-13,
                1.5736172762723144e-11,
                2.4132202522934744e-12,
                5.829127676898695e-05,
                0.9999417087043903
            ]
        ],
        [
            [
                0.9999999996773516,
                3.160881448219904e-10,
                0.0,
                0.0,
                6.560200155506524e-12
            ],
            [
                0.9999999918433652,
                8.15202063489126e-09,
                1.8795287981913808e-12,
                0.0,
                2.734698264896125e-12
            ],
            [
                6.560200486826685e-12,
                1.4449803163016235e-07,
                0.9999998551332544,
                3.581748104272692e-10,
                3.978962729122128e-12
            ],
            [
                7.71534398306079e-11,
                1.3675774434271965e-09,
                2.554971030158354e-09,
                0.8519527929870071,
                0.14804720301329097
            ],
            [
                1.291516516141887e-12,
                2.939478041894647e-11,
                7.4321643998957e-12,
                0.00020342706277603622,
                0.9997965728991055
            ]
        ],
        [
            [
                0.9999999998242499,
                1.6918979206705133e-10,
                0.0,
                0.0,
                6.56020016061368e-12
            ],
            [
                0.9999998874557282,
                1.1253518366165816e-07,
                5.1090894340476136e-12,
                0.0,
                3.9789628520181214e-12
            ],
            [
                1.432584572595624e-07,
                0.008577477241783421,
                0.9914215433448875,
                8.243955015063303e-07,
                1.1759370267013045e-08
            ],
            [
                4.4904061842144324e-12,
                1.3122890462049491e-10,
                6.198814529556261e-11,
                0.004070137792034115,
                0.9959298620102585
            ],
            [
                3.9729868806125205e-12,
                1.0246468213754543e-10,
                4.8400888679016155e-11,
                0.0015011820359929814,
                0.9984988178091685
            ]
        ],
        [
            [
                0.9999999998938698,
                1.0261879619291316e-10,
                0.0,
                0.0,
                3.5114221091298465e-12
            ],
            [
                0.999999999134223,
                8.592166594025433e-10,
                0.0,
                0.0,
                6.560200148952527e-12
            ],
            [
                1.573710177554966e-11,
                1.9555680676144702e-08,
                0.9999999791161878,
                1.2501528400672718e-09,
                6.224144491870854e-11
            ],
            [
                2.152151983647642e-11,
                4.898275337314579e-10,
                2.0419049500543825e-10,
                0.06008665445885793,
                0.9399133448256025
            ],
            [
                8.878079966976764e-13,
                1.38876536761803e-11,
                2.413312344583922e-12,
                2.1444939762980687e-05,
                0.9999785550430482
            ]
        ],
        [
            [
                0.9999999999254923,
                7.052879843719841e-11,
                0.0,
                0.0,
                3.9789625316667786e-12
            ],
            [
                0.9975273768279342,
                0.002472622957255714,
                1.687714360544771e-10,
                2.5881937980505304e-11,
                2.0156873566623068e-11
            ],
            [
                2.2447770383706218e-13,
                7.194132976963803e-09,
                0.9999999927143903,
                9.056076922500551e-11,
                6.914400055653507e-13
            ],
            [
                8.304995464740101e-12,
                1.8902082552969993e-10,
                1.472095669393337e-10,
                0.014063627299422931,
                0.9859363723560417
            ],
            [
                1.1395005747406699e-12,
                2.593491354011106e-11,
                1.081128043851819e-11,
                0.00043055712233811607,
                0.9995694428397762
            ]
        ],
        [
            [
                0.9999999997761957,
                2.172439931515318e-10,
                0.0,
                0.0,
                6.56020015739234e-12
            ],
            [
                0.9999999973511791,
                2.6465736276504635e-09,
                7.835041751733738e-13,
                0.0,
                1.4637785078989236e-12
            ],
            [
                2.4616876159138424e-10,
                3.7266390388739025e-06,
                0.9999962529686572,
                1.9555606923598436e-08,
                5.905281603280482e-10
            ],
            [
                3.4990686668787295e-11,
                1.0225777569089143e-09,
                1.3130158304105847e-09,
                0.437823498455354,
                0.5621764991740618
            ],
            [
                3.5099088693289718e-12,
                6.221462333653592e-11,
                1.573032021755429e-11,
                0.00043055712129962543,
                0.9995694427972455
            ]
        ],
        [
            [
                0.9999999998908209,
                1.0261879621764328e-10,
                0.0,
                0.0,
                6.560200161800908e-12
            ],
            [
                0.9999999995390885,
                4.599055374135801e-10,
                0.0,
                0.0,
                1.006039278295333e-12
            ],
            [
                2.129785395646248e-12,
                8.764249144064117e-08,
                0.9999999120357791,
                3.160881787783907e-10,
                3.5114224838284573e-12
            ],
            [
                4.490406184445045e-12,
                9.01922192177812e-11,
                5.4704346223107294e-11,
                0.004070137789206805,
                0.9959298620614062
            ],
            [
                4.752148105563623e-13,
                9.544944623875447e-12,
                1.2917677841499672e-12,
                1.0129988104116482e-05,
                0.9999898700005839
            ]
        ],
        [
            [
                0.9999999999059279,
                9.056076978829773e-11,
                0.0,
                0.0,
                3.5114221091721878e-12
            ],
            [
                0.99999999902524,
                9.736200289726718e-10,
                0.0,
                0.0,
                1.1399918503182143e-12
            ],
            [
                1.3615261061435546e-13,
                1.250152864599835e-09,
                0.999999998686931,
                6.224144614011294e-11,
                5.384940210057064e-13
            ],
            [
                9.373352267362352e-12,
                1.8826881306015135e-10,
                1.0077303382415134e-10,
                0.017986211589589508,
                0.9820137881119954
            ],
            [
                1.6585551208906903e-12,
                3.774854055830365e-11,
                4.508420246614859e-12,
                7.484619709807031e-05,
                0.9999251537589864
            ]
        ],
        [
            [
                0.9999999997102371,
                2.7894680855455783e-10,
                0.0,
                0.0,
                1.0815941528889996e-11
            ],
            [
                0.9999999907592331,
                9.237449566418204e-09,
                1.6586783417568243e-12,
                0.0,
                1.6586783417568243e-12
            ],
            [
                1.6918884149084963e-10,
                6.144171966071847e-06,
                0.9999938300890917,
                2.510985045056208e-08,
                4.599029534026143e-10
            ],
            [
                1.6581217432175837e-12,
                3.773867692792787e-11,
                5.787413549053845e-12,
                0.00033535005595820567,
                0.9996646498988576
            ],
            [
                1.0060259076800854e-12,
                1.783223589080793e-11,
                2.734661943805793e-12,
                1.300712476974101e-05,
                0.9999869928536573
            ]
        ],
        [
            [
                0.9999999998637261,
                1.3176514255470934e-10,
                0.0,
                0.0,
                4.508755237290585e-12
            ],
            [
                0.9999999961461357,
                3.850741901746061e-09,
                1.658678349859353e-12,
                0.0,
                1.463778506135007e-12
            ],
            [
                3.978962526097209e-12,
                1.605228051256203e-09,
                0.9999999976838831,
                6.69158607491257e-10,
                3.775134535038014e-11
            ],
            [
                2.9344137166751866e-11,
                6.67869483525331e-10,
                8.575613918766398e-10,
                0.22270014401650792,
                0.7772998544287171
            ],
            [
                1.2912233136025553e-12,
                2.5934913541444854e-11,
                7.430477135778253e-12,
                0.0004305571218306946,
                0.9995694428435127
            ]
        ],
        [
            [
                0.9999999998432569,
                1.4930946738480009e-10,
                0.0,
                0.0,
                7.433680660656392e-12
            ],
            [
                0.9999999973509945,
                2.6465736281491695e-09,
                1.1399918484095883e-12,
                0.0,
                1.291779999534117e-12
            ],
            [
                4.420228097151903e-14,
                1.2501528645514122e-09,
                0.9999999987236323,
                2.59460949446736e-11,
                2.244777051725451e-13
            ],
            [
                5.088296821253268e-12,
                9.019221921259926e-11,
                5.470434621996428e-11,
                0.004070137792009296,
                0.9959298620580059
            ],
            [
                1.0059798681673317e-12,
                1.783141982091802e-11,
                5.1087873135208844e-12,
                5.829127676129155e-05,
                0.9999417086992926
            ]
        ],
        [
            [
                0.9999999999049305,
                9.05607698275196e-11,
                0.0,
                0.0,
                4.508755238849108e-12
            ],
            [
                0.9999999748864155,
                2.510999089126689e-08,
                2.129785114452173e-12,
                0.0,
                1.463778475291582e-12
            ],
            [
                9.234349632646401e-09,
                0.0003353500518770781,
                0.9996644002219482,
                2.3815701594015758e-07,
                2.3348092286380254e-09
            ],
            [
                7.299974085180844e-12,
                2.1333651426098588e-10,
                1.6614664436417975e-10,
                0.017986211588000105,
                0.9820137880252168
            ],
            [
                1.291656875333862e-12,
                2.939797497943123e-11,
                5.7888045008107855e-12,
                9.610239996420158e-05,
                0.9999038975635574
            ]
        ],
        [
            [
                0.9999999999059279,
                9.056076975992025e-11,
                0.0,
                0.0,
                3.5114221080718736e-12
            ],
            [
                0.9999999979292828,
                2.0611536152506433e-09,
                2.12978516352853e-12,
                0.0,
                7.43368064642852e-12
            ],
            [
                1.2501172529572643e-09,
                2.753569117182985e-05,
                0.9999722751891568,
                1.8553402769897515e-07,
                2.335526504153684e-09
            ],
            [
                7.834982418601398e-13,
                1.388783863539051e-11,
                1.46376742301046e-12,
                7.889265049432187e-06,
                0.9999921107188154
            ],
            [
                8.878113615647524e-13,
                2.2896956797100956e-11,
                3.5113620504691767e-12,
                1.670141510750103e-05,
                0.9999832985575964
            ]
        ],
        [
            [
                0.9999999999627056,
                3.331544539179646e-11,
                0.0,
                0.0,
                3.978962532270056e-12
            ],
            [
                0.9999999997530467,
                2.4616969488107027e-10,
                0.0,
                0.0,
                7.835041775501146e-13
            ],
            [
                2.6462455637536696e-09,
                0.0001233946249026932,
                0.9998765736099551,
                2.8449820949511757e-08,
                6.690756587395812e-10
            ],
            [
                5.73969289457635e-12,
                1.306348081496185e-10,
                5.445668996556444e-11,
                0.008577485699546767,
                0.9914225141096221
            ],
            [
                5.384940080560418e-13,
                7.43368048296224e-12,
                1.1399918240004662e-12,
                2.5109990917705586e-08,
                0.999999974880897
            ]
        ],
        [
            [
                0.999999999934247,
                6.224144614717394e-11,
                0.0,
                0.0,
                3.511422108755811e-12
            ],
            [
                0.9999999530835353,
                4.6911637950960426e-08,
                2.413362655187974e-12,
                0.0,
                2.413362655187974e-12
            ],
            [
                3.653461297512626e-08,
                4.785094560721756e-06,
                0.9999951554532118,
                2.2159362910149068e-08,
                7.582517017706249e-10
            ],
            [
                6.558486780420248e-12,
                1.492704710946467e-10,
                1.7253320602510985e-08,
                0.999738792268846,
                0.0002611903220045902
            ],
            [
                1.0059933198779209e-12,
                2.0205915970888123e-11,
                3.978780762862759e-12,
                4.539785573434314e-05,
                0.999954602119075
            ]
        ],
        [
            [
                0.9999999998017226,
                1.9171715109814227e-10,
                0.0,
                0.0,
                6.560200158651786e-12
            ],
            [
                0.9999999895295787,
                1.0467401668343986e-08,
                1.8795287938425526e-12,
                0.0,
                1.1399918392782137e-12
            ],
            [
                0.0,
                1.3176514265596097e-10,
                0.9999999998502482,
                1.7832472902057154e-11,
                1.5428112026650657e-13
            ],
            [
                3.0862080282710862e-12,
                9.019221922611977e-11,
                2.0124604320066396e-11,
                0.0040701377806103625,
                0.9959298621059867
            ],
            [
                3.700990976949829e-13,
                7.433639091991019e-12,
                7.834997959686148e-13,
                6.14417212607799e-06,
                0.9999938558192867
            ]
        ],
        [
            [
                0.9999999998616746,
                1.3176514247121512e-10,
                0.0,
                0.0,
                6.56020015671572e-12
            ],
            [
                0.9999999973411466,
                2.646573627623912e-09,
                2.7346982799308986e-12,
                0.0,
                9.545034882139823e-12
            ],
            [
                1.6918884499634685e-10,
                6.144172093375619e-06,
                0.9999938506237347,
                4.9444228187926115e-09,
                9.056026286222262e-11
            ],
            [
                2.594080193421662e-11,
                7.581013572383547e-10,
                5.042447747666663e-07,
                0.999796068110074,
                0.0002034268611091322
            ],
            [
                3.5094807276756087e-12,
                9.051070089959201e-11,
                2.2884689031457147e-11,
                0.0005527785858445909,
                0.9994472212972505
            ]
        ],
        [
            [
                0.9999999998771574,
                1.162823301596361e-10,
                0.0,
                0.0,
                6.560200160110327e-12
            ],
            [
                0.9999999990185278,
                9.73620028338595e-10,
                1.2917800008555927e-12,
                0.0,
                6.560200148193544e-12
            ],
            [
                4.277787953817744e-11,
                6.475946128344497e-07,
                0.9999993496537942,
                2.6465736914031775e-09,
                6.22414474636198e-11
            ],
            [
                3.9776272836680595e-12,
                7.989277967279347e-11,
                1.3883283376958886e-11,
                0.00033535005644749207,
                0.9996646498457988
            ],
            [
                6.101902546347931e-13,
                9.544981532571116e-12,
                1.4637703264628977e-12,
                6.144172126059362e-06,
                0.999993855816255
            ]
        ],
        [
            [
                0.9999999998647235,
                1.3176514256991514e-10,
                0.0,
                0.0,
                3.5114221098844266e-12
            ],
            [
                0.9999999715422594,
                2.8453347239808737e-08,
                2.734698209894542e-12,
                0.0,
                1.6586783093622943e-12
            ],
            [
                6.442134774677091e-07,
                0.0052201184544297145,
                0.9947782679335135,
                9.373250788968528e-07,
                3.2073500446184206e-08
            ],
            [
                2.1278442960377596e-12,
                6.218472554968957e-11,
                1.5722760873212605e-11,
                0.0009110514070021172,
                0.9990889485129626
            ],
            [
                1.291703719554254e-12,
                2.939904114897309e-11,
                3.098636139964105e-12,
                5.8291276768115575e-05,
                0.9999417086894425
            ]
        ],
        [
            [
                0.9999999999054603,
                9.056076982756757e-11,
                0.0,
                0.0,
                3.9789625327985135e-12
            ],
            [
                0.9999999992333204,
                7.58256041135699e-10,
                0.0,
                0.0,
                8.423463736077797e-12
            ],
            [
                6.691497026221921e-10,
                1.3007124526819243e-05,
                0.9999869744888258,
                1.7257598286114987e-08,
                4.598994165183999e-10
            ],
            [
                5.6306773982340524e-11,
                6.859569339865589e-10,
                6.05354869549564e-10,
                0.09534947006849996,
                0.9046505285838815
            ],
            [
                1.462065313029301e-12,
                3.770716140416295e-11,
                1.7811601846133493e-11,
                0.0011695103512485941,
                0.9988304895917706
            ]
        ],
        [
            [
                0.9999999998461817,
                1.4930946738523676e-10,
                0.0,
                0.0,
                4.508755235214153e-12
            ],
            [
                0.9999999996824482,
                3.1608814493583643e-10,
                0.0,
                0.0,
                1.4637785118311366e-12
            ],
            [
                5.3109415826864536e-08,
                0.000911051086744577,
                0.9990887074375359,
                1.853700755062091e-07,
                2.9962282122525106e-09
            ],
            [
                3.4971318526605363e-12,
                1.1580910185999263e-10,
                6.198814529708091e-11,
                0.004070137784053205,
                0.9959298620346523
            ],
            [
                1.0060374949554047e-12,
                1.3887919233076987e-11,
                6.914387843445765e-13,
                1.3709566548283645e-06,
                0.9999986290277598
            ]
        ],
        [
            [
                0.9999999997753224,
                2.1724399301131859e-10,
                0.0,
                0.0,
                7.433680655360049e-12
            ],
            [
                0.9999999907570382,
                9.237449563503347e-09,
                3.098819105689744e-12,
                0.0,
                2.4133627461078027e-12
            ],
            [
                1.2015425728692013e-13,
                3.775134543311462e-11,
                0.9999999999353988,
                2.594609497611421e-11,
                7.835041783056125e-13
            ],
            [
                4.500069430422256e-12,
                1.1605832026155935e-10,
                2.934413878471049e-11,
                0.00192673433775354,
                0.9980732655123439
            ],
            [
                1.6581217430146625e-12,
                2.939091113995212e-11,
                8.420637025687878e-12,
                0.00033535005713604665,
                0.9996646499033943
            ]
        ],
        [
            [
                0.9999999999155715,
                7.991959882288012e-11,
                0.0,
                0.0,
                4.508755236277525e-12
            ],
            [
                0.9999999990205906,
                9.736200285764064e-10,
                0.0,
                0.0,
                5.789356312529884e-12
            ],
            [
                2.6465182152557863e-09,
                2.1444938762577585e-05,
                0.9999781514851148,
                3.9277775436638903e-07,
                8.151849997599349e-09
            ],
            [
                3.4971318530143777e-12,
                1.0220117369288817e-10,
                2.5840503447280533e-11,
                0.004070137780536547,
                0.9959298620879246
            ],
            [
                1.878195711719441e-12,
                5.488892447598748e-11,
                1.5725940156867106e-11,
                0.0007096703442519596,
                0.9992903295832549
            ]
        ],
        [
            [
                0.9999999998942823,
                1.0261879616079959e-10,
                0.0,
                0.0,
                3.0988191340044113e-12
            ],
            [
                0.9999999983910313,
                1.6052280496830017e-09,
                1.0060392758346842e-12,
                0.0,
                2.734698282217519e-12
            ],
            [
                2.646376915167664e-09,
                7.484619466130866e-05,
                0.9999251219495291,
                2.8451233110295624e-08,
                7.58199680495608e-10
            ],
            [
                2.729430080472312e-12,
                7.039292955559254e-11,
                4.269547000245847e-11,
                0.001926734340519809,
                0.9980732655436624
            ],
            [
                5.384940632815986e-13,
                9.54503565855554e-12,
                6.914400639890297e-13,
                8.315279901891087e-07,
                0.9999991684612348
            ]
        ],
        [
            [
                0.9999999998574189,
                1.3176514247065437e-10,
                0.0,
                0.0,
                1.0815941538381493e-11
            ],
            [
                0.9999999991376844,
                8.592166597972564e-10,
                0.0,
                0.0,
                3.0988191310753546e-12
            ],
            [
                1.0466923424508165e-08,
                4.5397854942432745e-05,
                0.9999543471035451,
                2.3822607909378336e-07,
                6.348509969828553e-09
            ],
            [
                1.571868304966559e-11,
                4.5936725411071463e-10,
                2.5080602260250288e-08,
                0.998830464130076,
                0.0011695103142357424
            ],
            [
                1.2917209916312137e-12,
                2.5944909671865332e-11,
                3.978780762523571e-12,
                4.539785573047301e-05,
                0.9999546021130542
            ]
        ],
        [
            [
                0.9999999998449012,
                1.4930946746826949e-10,
                0.0,
                0.0,
                5.7893563228584175e-12
            ],
            [
                0.9999999988962056,
                1.1032560301778501e-09,
                5.384940207183338e-13,
                0.0,
                0.0
            ],
            [
                0.0,
                1.0261879627733867e-10,
                0.9999999998594937,
                3.7751345428193437e-11,
                1.3615261075631841e-13
            ],
            [
                3.97129733346354e-12,
                7.039292954807093e-11,
                3.3251265467963384e-11,
                0.0019267343403139342,
                0.9980732655520705
            ],
            [
                3.097483705935107e-12,
                4.275944360871522e-11,
                9.54092150027038e-12,
                0.0004305571205785718,
                0.9995694428240236
            ]
        ],
        [
            [
                0.9999999995316711,
                4.599055368132941e-10,
                0.0,
                0.0,
                8.423463735201738e-12
            ],
            [
                0.9999999994773949,
                5.211412477782495e-10,
                0.0,
                0.0,
                1.4637785112873292e-12
            ],
            [
                3.850507199563499e-09,
                5.829116595177874e-05,
                0.9999399274860766,
                1.7602406883798603e-06,
                1.7256776031541765e-08
            ],
            [
                4.490406184248682e-12,
                1.4870183026950208e-10,
                4.260378767410217e-11,
                0.00407013778634926,
                0.9959298620178547
            ],
            [
                5.739692894701014e-12,
                1.6773841397188026e-10,
                7.923401637014235e-11,
                0.00857748569408612,
                0.9914225140532017
            ]
        ],
        [
            [
                0.9999999999049305,
                9.056076974274842e-11,
                0.0,
                0.0,
                4.5087552346286e-12
            ],
            [
                0.9999999990250727,
                9.736200297002417e-10,
                4.1937956514845847e-13,
                0.0,
                8.878265463863029e-13
            ],
            [
                5.90509100925072e-10,
                3.535625931124217e-05,
                0.9999644563674507,
                1.855326212619714e-07,
                1.2501077764683133e-09
            ],
            [
                5.082418933389365e-12,
                1.1567532174529595e-10,
                5.464115297003319e-11,
                0.00522012570835786,
                0.9947798741162432
            ],
            [
                1.657963552979652e-12,
                4.275944360166235e-11,
                1.2250785702949027e-11,
                0.0004305571212839435,
                0.9995694428220478
            ]
        ],
        [
            [
                0.9999999998017226,
                1.9171715109814227e-10,
                0.0,
                0.0,
                6.560200158651786e-12
            ],
            [
                0.9999999991402448,
                8.592166606037429e-10,
                0.0,
                0.0,
                5.384940209520927e-13
            ],
            [
                5.634626074686247e-07,
                0.014063607411678466,
                0.9859348753761323,
                9.289927861776785e-07,
                2.475679557368968e-08
            ],
            [
                5.928956475154425e-11,
