{
    "[['A', 'B', 'C', 'D', 'E'], ['A', 'B', 'C', 'D', 'E']]": [
        [
            [
                0.9999999585945157,
                4.1399375314272096e-08,
                2.129785074569746e-12,
                0.0,
                3.978962355764412e-12
            ],
            [
                1.2706595702620615e-06,
                0.5621569812536991,
                0.4378082972094379,
                3.277074223609303e-05,
                6.801350567397973e-07
            ],
            [
                0.0,
                3.775134543469561e-11,
                0.9999999999547506,
                7.433680670758116e-12,
                6.431393940072858e-14
            ],
            [
                5.108952979694967e-12,
                6.223978882065195e-11,
                2.594540407214082e-11,
                2.7535690084330614e-05,
                0.9999724642166216
            ],
            [
                8.878265456919094e-13,
                5.109089015667586e-12,
                8.878265456919094e-13,
                2.0611536174377597e-09,
                0.9999999979319616
            ]
        ],
        [
            [
                0.9999999907548814,
                9.237449536262014e-09,
                1.8795287909613634e-12,
                0.0,
                5.7893562499457285e-12
            ],
            [
                1.0719049116499098e-07,
                0.04742247513389519,
                0.952505944158193,
                7.129679034635912e-05,
                1.7672707426036268e-07
            ],
            [
                1.5428112023283443e-13,
                2.1724399338630574e-10,
                0.9999999997563673,
                2.59460949682421e-11,
                2.8823507918310757e-13
            ],
            [
                7.835042417057461e-13,
                6.5602006973150984e-12,
                1.8795289681463397e-12,
                1.1253518379661348e-07,
                0.999999887455593
            ],
            [
                1.2917800014408238e-12,
                5.109089014832911e-12,
                8.878265455468647e-13,
                2.061153617101028e-09,
                0.9999999979315577
            ]
        ],
        [
            [
                0.9999999530817235,
                4.6911637893175765e-08,
                2.129785065393303e-12,
                0.0,
                4.508755018819048e-12
            ],
            [
                1.0278923394989583e-06,
                0.02565541544046186,
                0.31254698198338526,
                0.6616619473550557,
                0.00013462732875776335
            ],
            [
                7.052840614243056e-11,
                6.1441723120531e-06,
                0.999993767011915,
                8.764199461820164e-08,
                1.1032498946645571e-09
            ],
            [
                2.129781392854876e-12,
                1.5737074190263337e-11,
                5.789346058787605e-12,
                1.3709566543914867e-06,
                0.9999986290196895
            ],
            [
                8.87826546098285e-13,
                3.5114221064642998e-12,
                6.914400093329251e-13,
                1.6052280520257304e-09,
                0.9999999983896812
            ]
        ],
        [
            [
                0.9999998554955685,
                1.4449803140913092e-07,
                2.4133628853748237e-12,
                8.878265896155899e-13,
                3.0988192845121387e-12
            ],
            [
                1.6520230702208194e-06,
                0.26887463966726405,
                0.7308770684416614,
                0.0002451819627618096,
                1.4579052424681666e-06
            ],
            [
                1.783247413644728e-11,
                1.1253518247068294e-07,
                0.9999998754166742,
                1.186112096833789e-08,
                1.691898039153074e-10
            ],
            [
                3.978939995020606e-12,
                3.7751131581477215e-11,
                1.7832371887214845e-11,
                4.785094847866238e-06,
                0.9999952148455897
            ],
            [
                8.878265339584683e-13,
                4.508755171768294e-12,
                8.878265339584683e-13,
                1.522997950648332e-08,
                0.999999984763736
            ]
        ],
        [
            [
                0.9999999715347179,
                2.8453347170334923e-08,
                3.5114219999013106e-12,
                0.0,
                8.423463482255791e-12
            ],
            [
                1.363800032868496e-06,
                0.9947782122676264,
                0.005220116246898654,
                3.0430491974438134e-07,
                3.3805223000104354e-09
            ],
            [
                5.675685229760034e-14,
                7.052879847542418e-11,
                0.9999999998997255,
                2.940077737796383e-11,
                2.8823507919855157e-13
            ],
            [
                2.4133628893337994e-12,
                1.5737102873062964e-11,
                3.098819289595564e-12,
                1.444980316461712e-07,
                0.9999998554807191
            ],
            [
                2.4133627486232133e-12,
                1.5737101955514685e-11,
                3.5114220796061605e-12,
                9.237449573131397e-09,
                0.9999999907408886
            ]
        ],
        [
            [
                0.9999999847657817,
                1.5229979484993044e-08,
                1.1399918336038692e-12,
                0.0,
                3.0988190858771054e-12
            ],
            [
                3.0326686739376985e-07,
                0.006679894096124579,
                0.22120771278108858,
                0.7720908292071298,
                2.126064878972854e-05
            ],
            [
                4.420228102031579e-14,
                1.9171715130601878e-10,
                0.9999999997851667,
                2.2897348448117627e-11,
                1.7482341276344502e-13
            ],
            [
                1.4637759175522636e-12,
                1.7832441275403638e-11,
                7.433667485863157e-12,
                1.3709566544613596e-06,
                0.9999986290166156
            ],
            [
                4.1937956423983843e-13,
                5.109089008594287e-12,
                1.0060392754496359e-12,
                3.398267806545403e-09,
                0.9999999965951978
            ]
        ],
        [
            [
                0.9999999804400805,
                1.9555680665035687e-08,
                1.1399918283965081e-12,
                0.0,
                3.0988190717220304e-12
            ],
            [
                0.00020342686070948194,
                0.9997960661458851,
                5.042447737760324e-07,
                2.646033728080785e-09,
                1.0259786170235057e-10
            ],
            [
                1.317633842637668e-10,
                1.3007124068584847e-05,
                0.9999869389965024,
                5.315714314005108e-08,
                5.905225191256783e-10
            ],
            [
                1.879528903936232e-12,
                1.2256068014000484e-11,
                4.508755451949687e-12,
                5.043472050365966e-07,
                0.9999994956341507
            ],
            [
                8.878265251836238e-13,
                7.433680482602722e-12,
                1.4637784767620235e-12,
                2.510999091649118e-08,
                0.9999999748802237
            ]
        ],
        [
            [
                0.9999999895259596,
                1.0467401666068867e-08,
                2.1297851447743317e-12,
                0.0,
                4.5087551868686874e-12
            ],
            [
                5.280701775552474e-07,
                0.07584700033725959,
                0.9240057320772903,
                0.00014641922451928043,
                3.202907531671516e-07
            ],
            [
                2.2897262056692267e-11,
                3.7266391101032222e-06,
                0.9999962719011825,
                1.4166034412791232e-09,
                2.0206762842698707e-11
            ],
            [
                5.10804691080276e-12,
                9.054229792630084e-11,
                2.5940802674629638e-11,
                0.00020342706170184025,
                0.999796572816707
            ],
            [
                1.291779997713368e-12,
                6.56020013223601e-12,
                1.658678349832797e-12,
                4.94445047486727e-09,
                0.9999999950460388
            ]
        ],
        [
            [
                0.9999999956353347,
                4.3634622305900275e-09,
                4.193795636895059e-13,
                0.0,
                7.835041744926086e-13
            ],
            [
                1.6316011906790403e-06,
                0.437819516644041,
                0.5621713876629935,
                7.3123292234168275e-06,
                1.517625513465213e-07
            ],
            [
                8.258073281605311e-14,
                3.581747928569696e-10,
                0.9999999996121671,
                2.9400777378779586e-11,
                1.7482341274347129e-13
            ],
            [
                1.879528755237365e-12,
                1.0815941204518662e-11,
                2.734698202398401e-12,
                3.2241866320983634e-08,
                0.9999999677427035
            ],
            [
                6.101936603257991e-13,
                5.109088965813065e-12,
                1.2917799890466655e-12,
                1.1861120006825343e-08,
                0.999999988131869
            ]
        ],
        [
            [
                0.9999999881367502,
                1.1861119991592597e-08,
                0.0,
                0.0,
                2.129785142270821e-12
            ],
            [
                1.1129812125358858e-06,
                0.18114298292659717,
                0.8118265746047358,
                0.007023677302476716,
                5.6521849777660124e-06
            ],
            [
                4.847368962616943e-11,
                6.475946342367734e-07,
                0.9999992636111491,
                8.764248682929319e-08,
                1.1032560906877909e-09
            ],
            [
                7.433652556958666e-12,
                2.940066619430625e-11,
                1.08159006496295e-11,
                2.902312199460226e-06,
                0.9999970976401503
            ],
            [
                8.878265459534247e-13,
                3.5114221058913665e-12,
                8.878265459534247e-13,
                1.605228051763817e-09,
                0.999999998389485
            ]
        ],
        [
            [
                0.9999999865556113,
                1.3440409745989336e-08,
                0.0,
                0.0,
                3.9789624751049405e-12
            ],
            [
                1.067485139866564e-06,
                0.9997954368549123,
                0.00020342665973940985,
                6.824210694232619e-08,
                7.581013297846628e-10
            ],
            [
                5.492788752294919e-11,
                8.315279868534128e-07,
                0.9999991645114151,
                3.850742204128844e-09,
                5.492788752294919e-11
            ],
            [
                1.1399918476536193e-12,
                4.508755220974051e-12,
                1.4637785072040668e-12,
                4.363462232309982e-09,
                0.9999999956294252
            ],
            [
                1.8795288022296624e-12,
                9.545034850171393e-12,
                1.8795288022296624e-12,
                7.194132975554275e-09,
                0.9999999927925629
            ]
        ],
        [
            [
                0.9999999991386535,
                8.59216659798089e-10,
                0.0,
                0.0,
                2.1297851657025113e-12
            ],
            [
                3.919997765325451e-07,
                0.2226832766234843,
                0.777240983143719,
                7.470193465042395e-05,
                6.46298369678904e-07
            ],
            [
                7.433680948402143e-12,
                3.92786369134237e-07,
                0.9999996053612893,
                1.8189617551002429e-09,
                2.5946095946273685e-11
            ],
            [
                2.413339939658596e-12,
                2.940049924001533e-11,
                1.225595149274924e-11,
                1.0129988099831844e-05,
                0.9999898699678303
            ],
            [
                1.6586783385425541e-12,
                1.0815941424445671e-11,
                2.4133627421925985e-12,
                1.1861120005667057e-08,
                0.9999999881239919
            ]
        ],
        [
            [
                0.9999999976613081,
                2.3355930285230883e-09,
                0.0,
                0.0,
                3.0988191250875e-12
            ],
            [
                2.3193046389649315e-06,
                0.3774780346160521,
                0.6223560834412206,
                0.00016259580807222252,
                9.668300160486553e-07
            ],
            [
                3.7751275654921554e-11,
                1.0677030544969352e-06,
                0.9999989118443342,
                1.9555644936839128e-08,
                8.592150735528242e-10
            ],
            [
                1.29178016593921e-12,
                9.545036113610767e-12,
                2.4133630729070544e-12,
                6.82560422784822e-08,
                0.9999999317307076
            ],
            [
                3.5114221923187843e-12,
                2.2897348971223812e-11,
                8.423463943841315e-12,
                6.475946145485306e-07,
                0.9999993523705533
            ]
        ],
        [
            [
                0.9999999985806565,
                1.4166087817126933e-09,
                0.0,
                0.0,
                2.734698282073765e-12
            ],
            [
                4.5397680778901574e-05,
                0.9999508685406036,
                3.726468564264332e-06,
                7.193776653406612e-09,
                1.162765700058118e-10
            ],
            [
                4.5990296736551446e-10,
                6.1441721526122e-06,
                0.999993741014447,
                1.1253454573871642e-07,
                1.818951521029448e-09
            ],
            [
                8.878265104828961e-13,
                1.0815941102110321e-11,
                3.5114219656027043e-12,
                4.139937544561066e-08,
                0.9999999585854094
            ],
            [
                8.878265430895962e-13,
                5.109089000692308e-12,
                1.006039273893644e-12,
                4.9444504754496475e-09,
                0.9999999950485465
            ]
        ],
        [
            [
                0.9999999881316365,
                1.1861119986124154e-08,
                2.734698253498848e-12,
                0.0,
                4.508755179490042e-12
            ],
            [
                6.139814219898767e-06,
                0.9992840281976175,
                0.0007096660337368519,
                1.6362050677322177e-07,
                2.333918955122607e-09
            ],
            [
                2.5946048846514998e-11,
                1.370956648602571e-06,
                0.9999986245834223,
                4.363454494019514e-09,
                7.052867309979248e-11
            ],
            [
                4.508730021552109e-12,
                2.940061293294339e-11,
                1.0815881055869094e-11,
                6.144172124744116e-06,
                0.99999385578315
            ],
            [
                8.878265392300603e-13,
                5.109088978482211e-12,
                1.1399918419813135e-12,
                9.237449572325838e-09,
                0.9999999907554135
            ]
        ],
        [
            [
                0.9999999715381573,
                2.8453347234325175e-08,
                3.098819045549412e-12,
                8.878265211516224e-13,
                4.508755106729763e-12
            ],
            [
                6.99611057909784e-08,
                5.272992986243193e-05,
                0.09533797262941786,
                0.9045415209094504,
                6.770657016352454e-05
            ],
            [
                6.560200693451049e-12,
                1.1253518373032869e-07,
                0.9999998865924791,
                8.592167307177761e-10,
                6.560200693451049e-12
            ],
            [
                2.4133626426211693e-12,
                1.7832471953391342e-11,
                3.978962322802593e-12,
                5.3157849698159535e-08,
                0.9999999468179255
            ],
            [
                1.2917800011640111e-12,
                5.789356312498042e-12,
                1.2917800011640111e-12,
                2.3355930322506346e-09,
                0.9999999976560341
            ]
        ],
        [
            [
                0.9999997617545285,
                2.3823698380124622e-07,
                3.978962820619016e-12,
                0.0,
                4.5087555649948544e-12
            ],
            [
                8.243939481142717e-07,
                0.9914194528089265,
                0.008577456967496502,
                2.2409350886506338e-06,
                2.4894540142245606e-08
            ],
            [
                7.052813103973586e-11,
                1.0129988068601503e-05,
                0.9999898664946943,
                3.3982356589226743e-09,
                4.8473228316775237e-11
            ],
            [
                3.098819207989298e-12,
                1.3887944175399294e-11,
                2.7346983527202044e-12,
                6.475946144651808e-07,
                0.9999993523856641
            ],
            [
                1.4637785091275014e-12,
                6.560200145752471e-12,
                1.879528810121001e-12,
                2.9989608146166677e-09,
                0.9999999969911357
            ]
        ],
        [
            [
                0.9999999927992943,
                7.194132963694335e-09,
                1.463778500568598e-12,
                0.0,
                5.109088980743661e-12
            ],
            [
                1.0656410267721239e-06,
                0.7772961271922108,
                0.22269906265263462,
                3.7194526529764883e-06,
                2.506147484136341e-08
            ],
            [
                3.1602367379692457e-10,
                0.00020342686912978728,
                0.9997964599445236,
                1.1251222122748306e-07,
                3.5810173709548037e-10
            ],
            [
                3.97895526105883e-12,
                2.940072363909895e-11,
                8.423448353762633e-12,
                1.0677030761809998e-06,
                0.9999989322551207
            ],
            [
                3.978962519014638e-12,
                1.2256067392282222e-11,
                2.7346982800298808e-12,
                3.850741906487117e-09,
                0.9999999961302883
            ]
        ],
        [
            [
                0.9999999988943307,
                1.1032560288497374e-09,
                0.0,
                0.0,
                2.413362764190521e-12
            ],
            [
                1.0129930571987522e-05,
                0.9999837152714917,
                6.144113472670766e-06,
                1.0467223357372374e-08,
                2.1724029015838804e-10
            ],
            [
                3.3975746236731544e-09,
                0.0002034266705028829,
                0.9997954890090579,
                1.067485196348087e-06,
                1.3437668308475333e-08
            ],
            [
                1.8795290547533696e-12,
                9.545036132592596e-12,
                3.0988195314707864e-12,
                1.8553915977710476e-07,
                0.9999998144463168
            ],
            [
                1.879528805008344e-12,
                7.433680626747228e-12,
                1.6586783487383894e-12,
                5.602796403164618e-09,
                0.9999999943862317
            ]
        ],
        [
            [
                0.9999999987489594,
                1.250152863443512e-09,
                0.0,
                0.0,
                8.878265457557589e-13
            ],
            [
                7.529959941230868e-07,
                0.622379168896146,
                0.37749203687115906,
                0.0001266344549789282,
                1.4067817219831146e-06
            ],
            [
                7.56324797480231e-10,
                6.808218860061852e-08,
                0.0024724389021943257,
                0.9974528310737745,
                7.466118551781828e-05
            ],
            [
                3.978332818115518e-12,
                3.331017285973368e-11,
                1.573461152495971e-11,
                0.0001584362482067992,
                0.9998415636987701
            ],
            [
                3.098819009262817e-12,
                1.2256066932079172e-11,
                3.978962369608583e-12,
                4.139937545831468e-08,
                0.9999999585812906
            ]
        ],
        [
            [
                0.9999999865515679,
                1.3440409748807658e-08,
                2.129785138894723e-12,
                7.835041667118334e-13,
                5.109088951152835e-12
            ],
            [
                0.0011695092224226946,
                0.9988296557475785,
                8.30555497279762e-07,
                4.358355253516795e-09,
                1.1614623337738537e-10
            ],
            [
                1.5737073267829414e-11,
                2.2603252648133913e-06,
                0.9999977357377345,
                3.8507348660887885e-09,
                7.052866926354042e-11
            ],
            [
                7.433241679747004e-12,
                6.223777058899658e-11,
                2.5944562748016785e-11,
                5.829127723227739e-05,
                0.9999417086271521
            ],
            [
                1.8795287380234598e-12,
                1.2256066932113304e-11,
                2.4133626710171577e-12,
                4.139937545842998e-08,
                0.9999999585840755
            ]
        ],
        [
            [
                0.9999999847664671,
                1.5229979481314903e-08,
                1.1399918333285537e-12,
                0.0,
                2.413362730094861e-12
            ],
            [
                2.9790088861493963e-08,
                1.2018179607433876e-05,
                0.07584300121188942,
                0.9239569548588972,
                0.00018799595951714523
            ],
            [
                6.560200965303849e-12,
                3.059023576729562e-07,
                0.9999996896848414,
                4.363462783161401e-09,
                4.27778838877614e-11
            ],
            [
                3.5113620502510987e-12,
                2.594565117296151e-11,
                1.2255857803192694e-11,
                1.6701415106463764e-05,
                0.9999832985431807
            ],
            [
                5.38494020344228e-13,
                4.508755230311739e-12,
                1.0060392766095289e-12,
                2.0611536169605534e-09,
                0.9999999979327931
            ]
        ],
        [
            [
                0.9999999895287236,
                1.0467401649566566e-08,
                1.139991837233188e-12,
                0.0,
                2.7346982536628558e-12
            ],
            [
                9.610239395989793e-05,
                0.9999032470122987,
                6.475328369870235e-07,
                2.998669085626083e-09,
                6.2235391374502e-11
            ],
            [
                2.5083712213640088e-08,
                0.0007094314804831048,
                0.9989540620475802,
                0.0003351118626355088,
                1.369525588909291e-06
            ],
            [
                4.5085923930740434e-12,
                5.492589959989815e-11,
                2.0206109250649277e-11,
                3.5356257799081946e-05,
                0.9999646436625603
            ],
            [
                1.2917799993343092e-12,
                8.423463718919182e-12,
                1.6586783519141266e-12,
                3.850741906516367e-09,
                0.9999999961378843
            ]
        ],
        [
            [
                0.9999999847672858,
                1.522997948827111e-08,
                0.0,
                0.0,
                2.734698245545183e-12
            ],
            [
                2.0024863692716167e-07,
                0.047420255368556145,
                0.952461302413945,
                0.00011754303244217978,
                6.989364196400518e-07
            ],
            [
                5.905202997052233e-10,
                1.670139920351869e-05,
                0.9999822273266364,
                1.0676847302403592e-06,
                2.9989095318642927e-09
            ],
            [
                1.2232456956427543e-11,
                1.3151130603666396e-10,
                7.039292953558284e-11,
                0.0019267343416008538,
                0.9980732654442624
            ],
            [
                6.101936665331037e-13,
                3.0988191324884283e-12,
                6.914400093031613e-13,
                1.4166087837936315e-09,
                0.9999999985789907
            ]
        ],
        [
            [
                0.99999999793723,
                2.0611536166239898e-09,
                6.101936660391601e-13,
                0.0,
                1.006039276445254e-12
            ],
            [
                2.208383772321119e-06,
                0.9770182866960028,
                0.022977268737029835,
                2.208383772321119e-06,
                2.7799422540253292e-08
            ],
            [
                7.287724091762456e-14,
                1.9171715126909804e-10,
                0.999999999759366,
                4.847368703571619e-11,
                3.7010116765322376e-13
            ],
            [
                2.1297812760363064e-12,
                2.0206802136255058e-11,
                8.423448349763281e-12,
                2.2603252733242165e-06,
                0.9999977396439667
            ],
            [
                1.4637785078802643e-12,
                7.433680640634187e-12,
                1.291779999274234e-12,
                3.850741906337285e-09,
                0.9999999961390689
            ]
        ],
        [
            [
                0.9999999881343625,
                1.1861119993801512e-08,
                1.0060392659208555e-12,
                0.0,
                3.5114220667369386e-12
            ],
            [
                4.943187184474829e-09,
                9.608718696873992e-05,
                0.9997451810563935,
                0.00015842098899710168,
                3.058244534747394e-07
            ],
            [
                2.060010164906146e-09,
                0.0005527775413658084,
                0.9994454528813935,
                1.7593697322310366e-06,
                8.147498252200076e-09
            ],
            [
                2.1297812772135092e-12,
                1.2256045037159764e-11,
                3.511415693680799e-12,
                1.0677030762642231e-06,
                0.9999989322790265
            ],
            [
                8.878265338534213e-13,
                6.560200064762082e-12,
                1.8795287869168662e-12,
                1.522997950468132e-08,
                0.9999999847606929
            ]
        ],
        [
            [
                0.9999999961473784,
                3.8507418999951946e-09,
                0.0,
                0.0,
                1.879528805423972e-12
            ],
            [
                1.279890432382919e-06,
                0.4997057572047388,
                0.4997057575775214,
                0.0005850951447273094,
                2.1101825800353027e-06
            ],
            [
                1.5737102432247064e-11,
                5.043471920127104e-07,
                0.9999994697688228,
                2.510999207662013e-08,
                7.582560584690776e-10
            ],
            [
                1.6586783167163203e-12,
                1.0815941282120749e-11,
                2.129785116772595e-12,
                2.5109990918624474e-08,
                0.9999999748754047
            ],
            [
                4.752193044892968e-13,
                3.5114221001662205e-12,
                8.878265445058811e-13,
                2.998960813574942e-09,
                0.9999999969961646
            ]
        ],
        [
            [
                0.999999997347637,
                2.6465736257081243e-09,
                0.0,
                0.0,
                5.789356299853597e-12
            ],
            [
                2.2559489405336057e-06,
                0.7772917442220219,
                0.2226978204840518,
                7.874035496984973e-06,
                3.053094888344519e-07
            ],
            [
                9.736145707795427e-10,
                6.144172034138801e-06,
                0.9999938410979302,
                1.344033457096207e-08,
                3.160863726596192e-10
            ],
            [
                1.197446269018709e-11,
                4.4933839743424154e-10,
                1.873121118735422e-10,
                0.022977367801718183,
                0.9770226315496569
            ],
            [
                6.101936641455882e-13,
                3.978962512264843e-12,
                7.835041738647588e-13,
                5.6027964043448615e-09,
                0.999999994391831
            ]
        ],
        [
            [
                0.9999999981770593,
                1.8189616816604294e-09,
                0.0,
                0.0,
                3.978962522947194e-12
            ],
            [
                2.1114104271189684e-06,
                0.499996370504453,
                0.4999963712066221,
                5.065010309040211e-06,
                8.186818864354976e-08
            ],
            [
                5.109089562249457e-12,
                8.76424913579875e-08,
                0.9999999110927015,
                1.2501529970977793e-09,
                9.54503592083171e-12
            ],
            [
                7.835042763097886e-13,
                5.109089665821277e-12,
                1.4637786968466214e-12,
                6.825604228362073e-08,
                0.9999999317366013
            ],
            [
                4.75219305216988e-13,
                4.508755232236618e-12,
                1.0060392770390275e-12,
                1.8189616834952754e-09,
                0.9999999981750483
            ]
        ],
        [
            [
                0.9999999992393305,
                7.582560408351697e-10,
                0.0,
                0.0,
                2.413362765607628e-12
            ],
            [
                8.640690856095859e-08,
                0.01406313175296732,
                0.9859017803443458,
                3.4859034870184607e-05,
                1.4246090807989345e-07
            ],
            [
                2.0600100987454613e-09,
                0.0005527772596152567,
                0.9994449443567401,
                2.259075380981756e-06,
                1.7248253381302672e-08
            ],
            [
                3.5113754411675626e-12,
                4.8473042772731694e-11,
                1.38877592727968e-11,
                1.3007124767045107e-05,
                0.9999869928093609
            ],
            [
                3.098819059028965e-12,
                1.0815941279130279e-11,
                2.734698221263172e-12,
                2.510999091168188e-08,
                0.9999999748733597
            ]
        ],
        [
            [
                0.9999999943956244,
                5.602796399955774e-09,
                6.914400060560954e-13,
                0.0,
                8.878265418907525e-13
            ],
            [
                2.870423144382249e-06,
                0.9890099178506248,
                0.010986905824937488,
                3.025403735823174e-07,
                3.3609199628044982e-09
            ],
            [
                1.081594221636491e-11,
                1.1253518157669214e-07,
                0.999999867492455,
                1.9555682279493673e-08,
                4.0586523737933446e-10
            ],
            [
                1.383142477989024e-11,
                3.5671714661245655e-10,
                3.5671714661245655e-10,
                0.004070137781831027,
                0.9959298614909032
            ],
            [
                4.193795644792158e-13,
                1.879528810449639e-12,
                4.752193047374627e-13,
                2.646573630334541e-09,
                0.9999999973506521
            ]
        ],
        [
            [
                0.9999999987481885,
                1.2501528615131652e-09,
                0.0,
                0.0,
                1.658678352448064e-12
            ],
            [
                5.829116881607317e-05,
                0.9999403344244653,
                1.370876893866132e-06,
                3.3980673252602794e-09,
                1.317573686958258e-10
            ],
            [
                1.691888387308379e-10,
                6.144171865840729e-06,
                0.9999938135015497,
                4.139914386658829e-08,
                7.582517693631856e-10
            ],
            [
                7.369911562930206e-12,
                2.1538038695767708e-10,
                1.0173849091522374e-10,
                0.008577485674213393,
                0.9914225140012978
            ],
            [
                1.1399918454363597e-12,
                6.560200124372786e-12,
                1.1399918454363597e-12,
                6.348800073673514e-09,
                0.9999999936423598
            ]
        ],
        [
            [
                0.9999999987474337,
                1.250152863257961e-09,
                0.0,
                0.0,
                2.413362765793245e-12
            ],
            [
                5.797789470900111e-08,
                0.00011878397808279355,
                0.03732081650519434,
                0.9625166433553509,
                4.3698183477218947e-05
            ],
            [
                7.835041529426191e-13,
                3.224186632059427e-08,
                0.9999999675641695,
                1.917171451205707e-10,
                1.4637784663664057e-12
            ],
            [
                7.835042612756145e-13,
                1.0815942699878918e-11,
                2.7346985804846837e-12,
                8.764249145296515e-08,
                0.9999999123431744
            ],
            [
                8.878265455476513e-13,
                4.508755230623021e-12,
                1.0060392766789854e-12,
                2.061153617102854e-09,
                0.9999999979324437
            ]
        ],
        [
            [
                0.9999999865476319,
                1.344040971857413e-08,
                2.4133627300745322e-12,
                0.0,
                9.545034757681839e-12
            ],
            [
                4.1183191922231054e-08,
                0.0052201161701371495,
                0.9947780796936081,
                1.75115388074951e-06,
                1.179918203573303e-08
            ],
            [
                2.172427495410063e-10,
                4.785089991934738e-06,
                0.9999945578638593,
                6.475915093711684e-07,
                9.237396767152229e-09
            ],
            [
                1.8795289080601722e-12,
                1.0815942083953197e-11,
                2.4133628893486184e-12,
                1.4449803164705846e-07,
                0.9999998554868595
            ],
            [
                6.91439993108508e-13,
                5.109088898122988e-12,
                1.291779971931934e-12,
                2.51099909188131e-08,
                0.9999999748829167
            ]
        ],
        [
            [
                0.9999999990250881,
                9.736200283449821e-10,
                0.0,
                0.0,
                1.2917800008640673e-12
            ],
            [
                8.559199930544254e-08,
                0.00042066489116529413,
                0.9766040198155149,
                0.022967524955080813,
                7.704746239752193e-06
            ],
            [
                4.847331854259444e-11,
                7.889264848786892e-06,
                0.9999920853851615,
                2.5109800659297664e-08,
                1.9171569385052962e-10
            ],
            [
                3.098818972505131e-12,
                1.3887943120032478e-11,
                3.978962322410779e-12,
                5.3157849692925004e-08,
                0.9999999468211846
            ],
            [
                2.1297851609628694e-12,
                8.423463714945898e-12,
                1.879528807720366e-12,
                4.363462232470411e-09,
                0.999999995624105
            ]
        ],
        [
            [
                0.9999999881362168,
                1.1861119999077849e-08,
                7.835041684482799e-13,
                0.0,
                1.879528792410814e-12
            ],
            [
                5.265851274865935e-09,
                1.2885100946433842e-06,
                0.060083276700842084,
                0.9398606406798198,
                5.4788843392239996e-05
            ],
            [
                2.461678165389719e-10,
                7.889264619864666e-06,
                0.9999920565735152,
                5.315744687040828e-08,
                7.582502561647042e-10
            ],
            [
                1.1399918240892565e-12,
                7.433680483541226e-12,
                1.879528768800196e-12,
                2.5109990919661325e-08,
                0.9999999748795558
            ],
            [
                8.878265447129664e-13,
                6.56020014500387e-12,
                1.2917800002275088e-12,
                2.9989608142744486e-09,
                0.9999999969922995
            ]
        ],
        [
            [
                0.999999971544183,
                2.8453347244599698e-08,
                1.4637784706429485e-12,
                0.0,
                1.0060392493979444e-12
            ],
            [
                1.2020425840126294e-05,
                0.9241293511542795,
