{
    "[['A', 'B', 'C', 'D', 'E'], ['A', 'B', 'C', 'D', 'E']]": [
        [
            [
                0.9999999997454068,
                2.461696945439131e-10,
                0.0,
                0.0,
                8.423463732650308e-12
            ],
            [
                0.9975273658467322,
                0.0024726229352170985,
                9.214608073567569e-09,
                1.2470615935506447e-09,
                7.563810910385605e-10
            ],
            [
                7.052840315590839e-11,
                6.144172051878401e-06,
                0.9999938437800844,
                1.18610536628202e-08,
                1.162816784716602e-10
            ],
            [
                5.201373036788742e-10,
                1.2477445272659129e-09,
                1.8154575748087495e-09,
                0.0019267343274887076,
                0.9980732620891719
            ],
            [
                0.9999999999270579,
                7.05287983606064e-11,
                0.0,
                0.0,
                2.4133627666828667e-12
            ]
        ],
        [
            [
                0.999999999773211,
                2.172439930108599e-10,
                0.0,
                0.0,
                9.545034901002134e-12
            ],
            [
                0.9999999983918586,
                1.6052280492955563e-09,
                7.835041756315309e-13,
                0.0,
                2.129785163140975e-12
            ],
            [
                9.357622964972681e-14,
                1.9171715129659473e-10,
                0.9999999997784184,
                2.940077738069342e-11,
                3.701011677063049e-13
            ],
            [
                1.7187593946873605e-08,
                9.199856088807916e-09,
                1.5167998420997695e-08,
                0.004070137609656311,
                0.9959298208348953
            ],
            [
                0.9999999998482771,
                1.4930946708966918e-10,
                0.0,
                0.0,
                2.4133627632657985e-12
            ]
        ],
        [
            [
                0.9999999991299673,
                8.592166574207049e-10,
                0.0,
                0.0,
                1.0815941500680517e-11
            ],
            [
                0.9999869928112588,
                1.3007124734840494e-05,
                3.7750843575789045e-11,
                8.423351772804131e-12,
                1.7832235842960752e-11
            ],
            [
                0.0,
                2.461696950807351e-10,
                0.9999999997398221,
                1.3887943859277083e-11,
                1.2015425726851622e-13
            ],
            [
                3.774854054725274e-11,
                1.917029069409325e-10,
                1.492983740426629e-10,
                7.484619707615903e-05,
                0.9999251534241741
            ],
            [
                0.9999999999092644,
                7.991959861453801e-11,
                0.0,
                0.0,
                1.0815941514654901e-11
            ]
        ],
        [
            [
                0.999999999773211,
                2.1724399280712693e-10,
                0.0,
                0.0,
                9.545034892050733e-12
            ],
            [
                0.9999646436808065,
                3.5356257499043204e-05,
                4.847193625238599e-11,
                7.433412176894139e-12,
                5.7891472242576715e-12
            ],
            [
                1.818826620678407e-09,
                7.484620039130246e-05,
                0.9999249601072713,
                1.855251821351474e-07,
                6.348328686328998e-09
            ],
            [
                3.7554278607226085e-11,
                3.5630507495037125e-10,
                2.4488465799220395e-10,
                0.005220125693705352,
                0.9947798736675506
            ],
            [
                0.9999999998773026,
                7.991959868005764e-11,
                0.0,
                0.0,
                4.2777878556152064e-11
            ]
        ],
        [
            [
                0.9999999996322801,
                3.5817479088982967e-10,
                0.0,
                0.0,
                9.545034865851842e-12
            ],
            [
                0.9999417086263768,
                5.829127673061454e-05,
                7.991487927796094e-11,
                9.544471240843438e-12,
                7.433241676371372e-12
            ],
            [
                3.5114157722276315e-12,
                1.7603431332110908e-06,
                0.9999982391903518,
                4.5990470733862675e-10,
                3.0988135426775797e-12
            ],
            [
                4.2355579255521984e-09,
                5.438564030262228e-09,
                1.1513440142414232e-08,
                0.029312227297174615,
                0.9706877515152633
            ],
            [
                0.9999999998441302,
                1.4930946708905e-10,
                0.0,
                0.0,
                6.560200144837924e-12
            ]
        ],
        [
            [
                0.9999999999346596,
                6.224144603835129e-11,
                0.0,
                0.0,
                3.0988191292261104e-12
            ],
            [
                0.999999997349915,
                2.646573625714153e-09,
                0.0,
                0.0,
                3.5114220958696917e-12
            ],
            [
                2.129785128936873e-12,
                1.955568070203297e-08,
                0.999999980361382,
                7.991959735279128e-11,
                8.878265303298774e-13
            ],
            [
                1.815457591775043e-09,
                9.219654395263483e-09,
                3.6464440492078996e-08,
                0.11920291799777993,
                0.8807970345026677
            ],
            [
                0.9999999997126297,
                2.789468082584351e-10,
                0.0,
                0.0,
                8.423463723411925e-12
            ]
        ],
        [
            [
                0.9999999998714617,
                1.1628232977986941e-10,
                0.0,
                0.0,
                1.2256067389045222e-11
            ],
            [
                0.9999999985809778,
                1.4166087808838374e-09,
                0.0,
                0.0,
                2.4133627620214563e-12
            ],
            [
                3.037975384364916e-14,
                2.1724399343079932e-10,
                0.9999999997768536,
                5.789356326675943e-12,
                8.258073282625036e-14
            ],
            [
                7.581013752074315e-10,
                1.4163198295550924e-09,
                2.6460337959973956e-09,
                0.00020342706062527428,
                0.9997965681189197
            ],
            [
                0.9999999998934022,
                1.0261879603449176e-10,
                0.0,
                0.0,
                3.978962524882473e-12
            ]
        ],
        [
            [
                0.9999999998461817,
                1.4930946702179766e-10,
                0.0,
                0.0,
                4.508755224239243e-12
            ],
            [
                0.9999996940616673,
                3.05902358356021e-07,
                2.0206841590738123e-11,
                3.5114225479010295e-12,
                1.2256068960739073e-11
            ],
            [
                2.88235074878832e-13,
                1.5229979508755574e-08,
                0.9999999846987842,
                7.052879741842366e-11,
                4.1937955934053496e-13
            ],
            [
                6.678695092445687e-10,
                5.592002936350639e-09,
                5.3055446656236054e-08,
                0.777299815097936,
                0.22270012558674496
            ],
            [
                0.9999999994666027,
                5.211412465040982e-10,
                0.0,
                0.0,
                1.2256067390367176e-11
            ]
        ],
        [
            [
                0.9999999996343916,
                3.581747916801925e-10,
                0.0,
                0.0,
                7.433680644372733e-12
            ],
            [
                0.9999999804362991,
                1.955568065959489e-08,
                3.5114220364788467e-12,
                0.0,
                4.508755143556269e-12
            ],
            [
                8.071459938489923e-07,
                0.029311912845802986,
                0.9706772880205379,
                9.83305119547135e-06,
                1.5893646978315917e-07
            ],
            [
                1.4166062261883514e-09,
                2.7894630510343975e-10,
                7.052867103358118e-11,
                1.7603431304116496e-06,
                0.9999982378907885
            ],
            [
                0.999999999917667,
                7.99195987114462e-11,
                0.0,
                0.0,
                2.4133627652473723e-12
            ]
        ],
        [
            [
                0.9999999993972137,
                5.905303972644601e-10,
                0.0,
                0.0,
                1.225606738951674e-11
            ],
            [
                0.9999999827362475,
                1.7257827658634016e-08,
                2.413362725779702e-12,
                0.0,
                3.5114220463690475e-12
            ],
            [
                4.058629029541053e-10,
                4.7850947244532745e-06,
                0.9999951892869458,
                2.510984866176516e-08,
                1.0261821233505702e-10
            ],
            [
                4.816083878394501e-10,
                2.7714649174477047e-09,
                1.2420844029350764e-08,
                0.07585817471627272,
                0.9241418096098099
            ],
            [
                0.9999999998786087,
                1.1628232998034429e-10,
                0.0,
                0.0,
                5.109089013921546e-12
            ]
        ],
        [
            [
                0.9999999997144928,
                2.7894680825931515e-10,
                0.0,
                0.0,
                6.560200143987477e-12
            ],
            [
                0.9999999988932327,
                1.1032560293515287e-09,
                0.0,
                0.0,
                3.5114221038535513e-12
            ],
            [
                3.0379753827851144e-14,
                7.582560421277703e-10,
                0.9999999992276896,
                1.3887943852813053e-11,
                1.3615261068984147e-13
            ],
            [
                4.335300311755656e-08,
                7.147701838864447e-08,
                2.826970916526938e-07,
                0.07585815257260556,
                0.9241414499002814
            ],
            [
                1.8537005876139656e-07,
                1.9537860450438424e-08,
                9.229031788908606e-09,
                0.0009110509932295778,
                0.9990887348698194
            ]
        ],
        [
            [
                0.9999999998037741,
                1.9171715059964004e-10,
                0.0,
                0.0,
                4.508755224040559e-12
            ],
            [
                0.9999999847589514,
                1.5229979481200438e-08,
                4.5087551642834296e-12,
                0.0,
                6.560200054647868e-12
            ],
            [
                6.345289771048664e-09,
                0.0005527783008098555,
                0.9994467078887103,
                5.040688013247109e-07,
                3.396388867218444e-09
            ],
            [
                4.8380305752649526e-11,
                3.15479222799294e-10,
                6.67869519907059e-10,
                0.0019267343314494135,
                0.9980732646368216
            ],
            [
                0.9999999998574189,
                1.317651423334413e-10,
                0.0,
                0.0,
                1.081594152711836e-11
            ]
        ],
        [
            [
                0.9999999997761957,
                2.172439925113456e-10,
                0.0,
                0.0,
                6.560200138060392e-12
            ],
            [
                0.999999922646612,
                7.734422790397937e-08,
                4.5087557571861564e-12,
                1.1399919832292716e-12,
                3.511422514374284e-12
            ],
            [
                2.734698494053736e-12,
                2.3823698438792263e-07,
                0.999999761349907,
                4.0586524269557374e-10,
                4.508755576098002e-12
            ],
            [
                9.13935613616508e-10,
                5.259336327814496e-09,
                3.4295180886659526e-08,
                0.2689414164723344,
                0.7310585430592128
            ],
            [
                0.9999999999311981,
                6.224144612488379e-11,
                0.0,
                0.0,
                6.560200157171808e-12
            ]
        ],
        [
            [
                0.9999999999182008,
                7.991959868332621e-11,
                0.0,
                0.0,
                1.879528810748706e-12
            ],
            [
                0.9999999715416743,
                2.8453347204795475e-08,
                1.8795287580765288e-12,
                0.0,
                3.0988190423333684e-12
            ],
            [
                1.0447216954819215e-08,
                0.0019267333885294232,
                0.998072417018587,
                8.299260301372648e-07,
                9.219636603257228e-09
            ],
            [
                6.224133382115376e-11,
                1.3176490473337754e-10,
                1.1628212029655999e-10,
                1.7603431329743446e-06,
                0.9999982393465787
            ],
            [
                0.9999999999550924,
                4.2777878574554124e-11,
                0.0,
                0.0,
                2.1297851652235083e-12
            ]
        ],
        [
            [
                0.999999999855979,
                1.3176514217458415e-10,
                0.0,
                0.0,
                1.2256067395139399e-11
            ],
            [
                0.9999989322664495,
                1.0677030741904199e-06,
                1.7832440271605463e-11,
                3.0988134673414075e-12,
                9.54501745375911e-12
            ],
            [
                7.835041630110816e-13,
                1.9555680701097913e-08,
                0.9999999803723155,
                7.052879711627398e-11,
                6.914399970194154e-13
            ],
            [
                4.846102758739158e-11,
                1.492704736905651e-10,
                1.492704736905651e-10,
                0.000261190327330173,
                0.9997388093256679
            ],
            [
                0.99999999996395,
                3.331544536698421e-11,
                0.0,
                0.0,
                2.7346982871034746e-12
            ]
        ],
        [
            [
                0.9999999998899476,
                1.026187960660497e-10,
                0.0,
                0.0,
                7.433680654172041e-12
            ],
            [
                0.9999999804379269,
                1.9555680659626723e-08,
                2.4133627189862015e-12,
                0.0,
                3.978962448707247e-12
            ],
            [
                3.849449849946492e-09,
                0.0003353500696312514,
                0.9996643359192423,
                3.057996784442258e-07,
                4.361998142625195e-09
            ],
            [
                2.299911719049019e-07,
                2.6061414066306606e-07,
                7.084226828038821e-07,
                0.8519517861222397,
                0.14804701484976504
            ],
            [
                0.9999999996239928,
                3.581747915144031e-10,
                0.0,
                0.0,
                1.7832472832773e-11
            ]
        ],
        [
            [
                0.9999999997115081,
                2.789468081322664e-10,
                0.0,
                0.0,
                9.545034883331497e-12
            ],
            [
                0.9999999317378492,
                6.825604217859074e-08,
                2.1297854335356143e-12,
                0.0,
                3.978963026400945e-12
            ],
            [
                1.201542572654821e-13,
                3.1608814529395336e-10,
                0.9999999996678797,
                1.5737102100021367e-11,
                1.7482341275110312e-13
            ],
            [
                2.020641686647985e-11,
                9.055887762119748e-11,
                7.052732480545612e-11,
                2.1444939761332087e-05,
                0.999978554878946
            ],
            [
                0.9999999998647235,
                1.3176514217573638e-10,
                0.0,
                0.0,
                3.5114220993799187e-12
            ]
        ],
        [
            [
                0.9999999996295692,
                3.581747915164004e-10,
                0.0,
                0.0,
                1.2256067392364505e-11
            ],
            [
                0.9999999987447281,
                1.2501528618976125e-09,
                1.1399918489507987e-12,
                0.0,
                3.9789625215493225e-12
            ],
            [
                1.27248153756187e-07,
                7.469281236911227e-05,
                0.7771459753611147,
                0.22265605694984106,
                0.00012314762852136903
            ],
            [
                5.579994952324718e-09,
                2.3260879656219642e-09,
                3.3844380196266754e-09,
                0.0040701377333060154,
                0.995929850976173
            ],
            [
                0.9999999997743325,
                2.1724399251094085e-10,
                0.0,
                0.0,
                8.423463715812279e-12
            ]
        ],
        [
            [
                0.9999999999645548,
                3.331544535181499e-11,
                0.0,
                0.0,
                2.12978516649048e-12
            ],
            [
                0.999999998385227,
                1.6052280455891808e-09,
                0.0,
                0.0,
                9.545034865778165e-12
            ],
            [
                7.28772408673144e-14,
                8.592166608459135e-10,
                0.9999999991111117,
                2.94007773561801e-11,
                1.9810087955785366e-13
            ],
            [
                5.898392424811136e-10,
                1.2486896861313249e-09,
                2.995450837891965e-09,
                0.001169510340866162,
                0.9988304848251541
            ],
            [
                0.9999999993748625,
                5.905303977542637e-10,
                1.2917800001044584e-12,
                0.0,
                3.331544530092567e-11
            ]
        ],
        [
            [
                0.9999999998806188,
                1.1628233001673958e-10,
                0.0,
                0.0,
                3.0988191311143044e-12
            ],
            [
                0.9999952148525919,
                4.785094836949549e-06,
                2.9400610770411705e-11,
                7.433638543603571e-12,
                1.5737012920301377e-11
            ],
            [
                4.847322840973805e-11,
                1.0129988088028973e-05,
                0.9999898685394097,
                1.4165953828388044e-09,
                7.433610335642022e-12
            ],
            [
                1.8902082511891483e-10,
                9.59926956707384e-10,
                1.5826519918419049e-09,
                0.014063627240990178,
                0.9859363700274101
            ],
            [
                0.9999999999043303,
                9.056076944014131e-11,
                0.0,
                0.0,
                5.109089002304429e-12
            ]
        ],
        [
            [
                0.999999999917667,
                7.991959875811574e-11,
                0.0,
                0.0,
                2.4133627666566703e-12
            ],
            [
                0.9999999973490357,
                2.646573627079129e-09,
                1.2917799990118352e-12,
                0.0,
                3.0988191248703336e-12
            ],
            [
                1.0603575988012547e-13,
                5.492788349135786e-11,
                0.9999999999150269,
                2.940077738310887e-11,
                5.38494021597085e-13
            ],
            [
                7.991366094986988e-11,
                2.789260837013717e-10,
                2.1722785240566848e-10,
                7.484619706139054e-05,
                0.9999251532268709
            ],
            [
                0.9999999999255025,
                6.224144601292788e-11,
                0.0,
                0.0,
                1.2256067401537035e-11
            ]
        ],
        [
            [
                0.9999999997463966,
                2.461696944676028e-10,
                0.0,
                0.0,
                7.433680650793199e-12
            ],
            [
                0.9999999992366349,
                7.582560399383842e-10,
                0.0,
                0.0,
                5.1090890088412665e-12
            ],
            [
                3.442477107354989e-14,
                1.1628233026454689e-10,
                0.999999999867826,
                1.5737102101765794e-11,
                1.2015425727880097e-13
            ],
            [
                3.323306619648241e-11,
                3.572891328921308e-10,
                4.0486162823430575e-10,
                0.0024726229635301925,
                0.997527376241086
            ],
            [
                0.9999999998795488,
                1.026187957972648e-10,
                0.0,
                0.0,
                1.7832472817826667e-11
            ]
        ],
        [
            [
                0.9999999994704352,
                5.211412465060954e-10,
                0.0,
                0.0,
                8.423463717571292e-12
            ],
            [
                0.9999999969954014,
                2.998960808842282e-09,
                1.658678350056571e-12,
                0.0,
                3.978962514588817e-12
            ],
            [
                3.581734542279322e-10,
                2.2603231138404533e-06,
                0.9999969034288628,
                8.315264039865203e-07,
                4.363445943016087e-09
            ],
            [
                8.136315943046875e-09,
                1.3414517160437956e-08,
                7.719521634878106e-08,
                0.22270011694591704,
                0.7772997843080334
            ],
            [
                0.9999999998642559,
                1.3176514217567476e-10,
                0.0,
                0.0,
                3.978962519975161e-12
            ]
        ],
        [
            [
                0.9999999998815878,
                1.162823299397143e-10,
                0.0,
                0.0,
                2.1297851643164502e-12
            ],
            [
                0.9999999778364387,
                2.2159489241925508e-08,
                1.6586783191349395e-12,
                0.0,
                2.4133627139546856e-12
            ],
            [
                0.0,
                5.492788349188593e-11,
                0.9999999999246407,
                2.0206839083725084e-11,
                2.2447770542992131e-13
            ],
            [
                3.1482658220972824e-09,
                6.664878797681063e-09,
                1.5988213085042236e-08,
                0.18242551032757176,
                0.8175744638710706
            ],
            [
                0.9999999999249625,
                7.052879829431619e-11,
                0.0,
                0.0,
                4.508755228434919e-12
            ]
        ],
        [
            [
                0.9999999997159441,
                2.7894680825972e-10,
                0.0,
                0.0,
                5.109089009250005e-12
            ],
            [
                0.9999999992400852,
                7.582560406520984e-10,
                0.0,
                0.0,
                1.658678354234986e-12
            ],
            [
                6.560200690343293e-12,
                1.1253518367701752e-07,
                0.9999998861787023,
                1.2501529658984496e-09,
                2.940077973313576e-11
            ],
            [
                3.4118788976395967e-10,
                2.224824515197911e-09,
                8.799351652642315e-09,
                0.04742587487612254,
                0.9525741137585133
            ],
            [
                0.9999999996322801,
                3.5817479206005956e-10,
                0.0,
                0.0,
                9.545034897037412e-12
            ]
        ],
        [
            [
                0.9999999996788029,
                3.1608814467833645e-10,
                0.0,
                0.0,
                5.109089015891683e-12
            ],
            [
                0.09534942997859075,
                0.9046502892043969,
                2.767345295357511e-07,
                3.947409824536388e-09,
                1.3507293640061897e-10
            ],
            [
                2.5436656445324317e-13,
                7.582560419432598e-10,
                0.9999999991606823,
                7.991959884016807e-11,
                8.878265468531409e-13
            ],
            [
                2.334983056163304e-09,
                1.6048088206596173e-09,
                2.6458824380286984e-09,
                0.00026119032601352787,
                0.9997388030883121
            ],
            [
                0.9999999996279372,
                3.581747913321724e-10,
                0.0,
                0.0,
                1.3887943799197315e-11
            ]
        ],
        [
            [
                0.9999999999267366,
                7.052879834122785e-11,
                0.0,
                0.0,
                2.734698285004379e-12
            ],
            [
                0.999999989526957,
                1.0467401663544186e-08,
                2.1297851442606392e-12,
                0.0,
                3.5114220693636567e-12
            ],
            [
                8.878264999654557e-13,
                5.3157849677439766e-08,
                0.9999999463161422,
                5.21141220683692e-10,
                3.978962321251681e-12
            ],
            [
                1.9007252379068616e-10,
                1.0937918540410457e-09,
                2.043472209584479e-09,
                0.008577485648177775,
                0.9914225110244856
            ],
            [
                0.9999999999273415,
                7.052879836062639e-11,
                0.0,
                0.0,
                2.1297851664112233e-12
            ]
        ],
        [
            [
                0.9999999999278126,
                7.052879837774113e-11,
                0.0,
                0.0,
                1.6586783557774232e-12
            ],
            [
                0.9999898699234158,
                1.012998808773442e-05,
                7.052813117294519e-11,
                8.4233840522894e-12,
                9.544944608439509e-12
            ],
            [
                2.213355287911366e-08,
                0.0011695097233369886,
                0.9988301892743411,
                2.6964213142936584e-07,
                9.226637555848382e-09
            ],
            [
                5.789147227593797e-12,
                4.8471936280319026e-11,
                2.0206109255541753e-11,
                3.535625751941803e-05,
                0.9999646436680134
            ],
            [
                0.9999999993892628,
                5.905303962251234e-10,
                0.0,
                0.0,
                2.0206838964666297e-11
            ]
        ],
        [
            [
                0.9999999999346596,
                6.224144606028437e-11,
                0.0,
                0.0,
                3.0988191303180946e-12
            ],
            [
                0.9999977396513825,
                2.2603252728157795e-06,
                1.573707332354448e-11,
                3.098813470950377e-12,
                4.508746995736028e-12
            ],
            [
                2.6475331055346756e-07,
                0.0008943012910867745,
                0.017962521644530934,
                0.9807204742930892,
                0.00042243801798249843
            ],
            [
                2.4346515012822524e-10,
                1.5875922060901727e-09,
                9.135962357572347e-09,
                0.010986942254846865,
                0.9890130467781334
            ],
            [
                0.9999999995278386,
                4.599055362688433e-10,
                0.0,
                0.0,
                1.2256067401557174e-11
            ]
        ],
        [
            [
                0.9999999998043039,
                1.9171715094315437e-10,
                0.0,
                0.0,
                3.978962526857319e-12
            ],
            [
                0.9999999585939108,
                4.139937538833489e-08,
                2.73469817272208e-12,
                0.0,
                3.9789623628827096e-12
            ],
            [
                5.008774634880579e-14,
                2.7894680912188224e-10,
                0.9999999996873996,
                3.331544540195646e-11,
                2.8823507917393406e-13
            ],
            [
                8.226970900140783e-08,
                1.5370005126100548e-07,
                4.734294875737142e-07,
                0.26894123668416514,
                0.731058053916587
            ],
            [
                0.9999999999399631,
                5.492788336087845e-11,
                0.0,
                0.0,
                5.1090890142350116e-12
            ]
        ],
        [
            [
                0.9999999994010462,
                5.905303969639464e-10,
                0.0,
                0.0,
                8.423463712667915e-12
            ],
            [
                0.9999999881291117,
                1.1861119970234534e-08,
                3.978962475081839e-12,
                0.0,
                5.789356240332066e-12
            ],
            [
                1.7861242401569006e-07,
                0.037326654741816026,
                0.9626672119607945,
                5.914831146717166e-06,
                3.9853818775120177e-08
            ],
            [
                9.545035137396984e-12,
                4.277787965126486e-11,
                2.2897348971149473e-11,
                6.47594614546428e-07,
                0.9999993523301652
            ],
            [
                0.9999999999480149,
                4.847368693189347e-11,
                0.0,
                0.0,
                3.511422103900733e-12
            ]
        ],
        [
            [
                0.9999999991285273,
                8.592166574194677e-10,
                0.0,
                0.0,
                1.2256067379939768e-11
            ],
            [
                0.9999999927994786,
                7.194132963695661e-09,
                1.879528799131498e-12,
                0.0,
                4.508755200536199e-12
            ],
            [
                4.5990468463417955e-10,
                2.2603252135476657e-06,
                0.9999977136990723,
                2.5109944972602822e-08,
                4.058644596738086e-10
            ],
            [
                1.49290963669215e-10,
                2.461391873247548e-10,
                2.1721707041878562e-10,
                0.00012339462756459884,
                0.9998766047597882
            ],
            [
                1.16282326470968e-10,
                1.6918978668708926e-10,
                6.224144417836192e-11,
                3.2241866310270196e-08,
                0.9999999674104201
            ]
        ],
        [
            [
                0.9999999997792446,
                2.1724399262311272e-10,
                0.0,
                0.0,
                3.51142209907523e-12
            ],
            [
                0.9999999881321663,
                1.1861119989003107e-08,
                2.7346982541626187e-12,
                0.0,
                3.978962481377994e-12
            ],
            [
                7.287724089850849e-14,
                6.691586085812191e-10,
                0.999999999312738,
                1.783247289354111e-11,
                1.9810087964264798e-13
            ],
            [
                2.2897348962309413e-11,
                1.1628233287114768e-10,
                7.991960069514286e-11,
                6.475946142964089e-07,
                0.9999993521862864
            ],
            [
                0.9999999999595139,
                3.775134529589189e-11,
                0.0,
                0.0,
                2.73469828095054e-12
            ]
        ],
        [
            [
                0.9999999995171973,
                4.599055360803058e-10,
                0.0,
                0.0,
                2.2897348367589303e-11
            ],
            [
                0.9999999991386535,
                8.592166589033475e-10,
                0.0,
                0.0,
                2.129785163484669e-12
            ],
            [
                1.691888432693089e-10,
                6.144172030657428e-06,
                0.9999938403262679,
                1.5229894319156787e-08,
                1.0261822072415127e-10
            ],
            [
                1.798977651592032e-09,
                3.3609327250977264e-09,
                6.279048976865491e-09,
                0.010986942244707499,
                0.9890130463163331
            ],
            [
                0.9999999999405633,
                5.492788337799292e-11,
                0.0,
                0.0,
                4.508755231496222e-12
            ]
        ],
        [
            [
                0.9999999999275917,
                7.052879834128816e-11,
                0.0,
                0.0,
                1.8795288120131754e-12
            ],
            [
                0.999986992617889,
                1.300712473690882e-05,
                1.6918754307655903e-10,
                2.5945750059080613e-11,
                6.224061880017387e-11
            ],
            [
                0.0,
                8.592166610686444e-10,
                0.9999999991284447,
                1.2256067431992478e-11,
                8.258073277398286e-14
            ],
            [
                1.4930919797204997e-10,
                1.6918948671067691e-10,
                1.0261861099106871e-10,
                1.7603431330324153e-06,
                0.9999982392357497
            ],
            [
                0.9999999998129778,
                1.6918979157836458e-10,
                0.0,
                0.0,
                1.783247283614307e-11
            ]
        ],
        [
            [
                0.999999999777647,
                2.172439926230463e-10,
                0.0,
                0.0,
                5.10908900725352e-12
            ],
            [
                0.999999912350431,
                8.764249130065923e-08,
                3.0988194606951085e-12,
                0.0,
                3.978962949259119e-12
            ],
            [
                1.9547552006180502e-08,
                7.4820786159424e-05,
                0.9995850530338908,
                0.0003353234995647921,
                4.783132832976404e-06
            ],
            [
                5.4927887710045226e-11,
                1.4930947903785485e-10,
                1.6918980519995897e-10,
                8.315279896857734e-07,
                0.9999991680985831
            ],
            [
                1.101599142392906e-09,
                2.6425989665416854e-09,
                2.3320854027462902e-09,
                0.0015011820196000906,
                0.9984988119041164
            ]
        ],
        [
            [
                0.9999999994680426,
                5.211412462376488e-10,
                0.0,
                0.0,
                1.081594150433712e-11
            ],
            [
                0.99999999562977,
                4.363462223683097e-09,
                1.6586783477914278e-12,
                0.0,
                5.109088993802679e-12
            ],
            [
                1.605225195441401e-09,
                2.260323224548133e-06,
                0.9999976677544882,
                6.825591216393062e-08,
                2.0611499504543063e-09
            ],
            [
                1.2436268930942668e-09,
                2.983305828756898e-09,
                9.189228879212368e-09,
                0.005220125626685211,
                0.9947798609571532
            ],
            [
                0.9999999999740037,
                2.0206839057260284e-11,
                0.0,
                0.0,
                5.789356319286913e-12
            ]
        ],
        [
            [
                0.9999999999059279,
                9.056076964853369e-11,
                0.0,
                0.0,
                3.511422103752948e-12
            ],
            [
                0.9999952148568669,
                4.785094842855498e-06,
                3.77511315419459e-11,
                3.978939990854036e-12,
                6.560162997760422e-12
            ],
            [
                1.2256068365390426e-11,
                8.315279886024771e-07,
                0.9999991666148474,
                1.818961824284745e-09,
                2.594609693313761e-11
            ],
            [
                2.0503941240373848e-09,
                1.8094664635406466e-09,
                3.380528405618993e-09,
                0.005220125663028335,
                0.9947798670965826
            ],
            [
                4.2777880675381775e-11,
                1.0261880108044588e-10,
                3.331544696812244e-11,
                5.043472049958252e-07,
                0.9999994954740828
            ]
        ],
        [
            [
                0.9999999997144928,
                2.789468084689979e-10,
                0.0,
                0.0,
                6.560200148918742e-12
            ],
            [
                0.9999982396291979,
                1.7603431301699987e-06,
                1.573707366061859e-11,
                3.511415766161463e-12,
                8.423448528291282e-12
            ],
            [
