{
    "[['A', 'B', 'C', 'D', 'E'], ['A', 'B', 'C', 'D', 'E']]": [
        [
            [
                0.9999999995326609,
                4.5990553691204663e-10,
                0.0,
                0.0,
                7.433680656945387e-12
            ],
            [
                0.999999982733284,
                1.7257827665526607e-08,
                3.0988190808255812e-12,
                0.0,
                5.789356220566227e-12
            ],
            [
                3.3982224722764456e-09,
                1.3007124081882679e-05,
                0.999986583256352,
                3.927811131222838e-07,
                1.3440230599406188e-08
            ],
            [
                3.098819009926782e-12,
                8.42346340436742e-12,
                2.413362671527533e-12,
                4.139937546718507e-08,
                0.999999958586689
            ],
            [
                2.129785082499114e-12,
                1.2256066935066486e-11,
                3.0988190100181287e-12,
                4.139937546840544e-08,
                0.9999999585831397
            ]
        ],
        [
            [
                0.9999999992342958,
                7.582560411364387e-10,
                8.878265459084505e-13,
                0.0,
                6.560200153837369e-12
            ],
            [
                0.9999996940868044,
                3.0590235874068546e-07,
                8.423464807431071e-12,
                0.0,
                2.413363073511999e-12
            ],
            [
                1.4111405220633903e-08,
                3.276061784864739e-05,
                0.5619833369776372,
                0.437673064205125,
                0.0003108240879838586
            ],
            [
                3.0988135440340077e-12,
                3.331538527310162e-11,
                1.2256045316679924e-11,
                1.7603431339816368e-06,
                0.9999982396081958
            ],
            [
                6.560199955584847e-12,
                2.0206838435463767e-11,
                2.413362693633474e-12,
                3.2241866327840174e-08,
                0.9999999677289532
            ]
        ],
        [
            [
                0.9999999998942823,
                1.026187962179985e-10,
                0.0,
                0.0,
                3.0988191357316686e-12
            ],
            [
                0.9999999969940505,
                2.998960812093423e-09,
                1.8795288085396162e-12,
                0.0,
                5.109089006318519e-12
            ],
            [
                1.250148192915593e-09,
                1.7603397314187855e-06,
                0.9999959496359215,
                2.2603209571469927e-06,
                2.8453241722120907e-08
            ],
            [
                1.3887442255214311e-11,
                1.0261508989443852e-10,
                1.1627813037519635e-10,
                3.535625751382066e-05,
                0.9999646435097055
            ],
            [
                1.0815942701574708e-11,
                2.5946097727771314e-11,
                5.109089568587182e-12,
                8.764249146670628e-08,
                0.9999999123156373
            ]
        ],
        [
            [
                0.9999999993973618,
                5.905303987019772e-10,
                1.2917800021775731e-12,
                0.0,
                1.0815941535445635e-11
            ],
            [
                0.9999999918266357,
                8.152020631038165e-09,
                3.511422077438799e-12,
                0.0,
                1.7832472725639624e-11
            ],
            [
                1.6918948789488186e-10,
                2.2603231851128095e-06,
                0.9999976502600757,
                8.764232452861802e-08,
                1.6052251674354177e-09
            ],
            [
                1.0815942911965908e-11,
                1.3887945604407848e-11,
                3.511422553176786e-12,
                6.825604231231302e-08,
                0.9999999317157424
            ],
            [
                3.511421925877099e-12,
                1.3887943123389458e-11,
                4.508755001540813e-12,
                5.315784970577427e-08,
                0.9999999468202423
            ]
        ],
        [
            [
                0.9999999973384357,
                2.6465736285564695e-09,
                2.7346982808945083e-12,
                0.0,
                1.2256067396157214e-11
            ],
            [
                0.9999999778325915,
                2.2159489260572594e-08,
                2.1297851216703658e-12,
                0.0,
                5.789356194758992e-12
            ],
            [
                4.333304394016044e-06,
                0.6223948717115648,
                0.3775015829816476,
                9.86255534161236e-05,
                5.864489775146197e-07
            ],
            [
                4.508755209024767e-12,
                8.423463692311995e-12,
                2.7346982714125644e-12,
                7.194132977239951e-09,
                0.9999999927902001
            ],
            [
                6.560201000733443e-12,
                3.331544964985254e-11,
                7.433681615788546e-12,
                1.855391598090671e-07,
                0.9999998144135309
            ]
        ],
        [
            [
                0.9999999993986537,
                5.905303988010374e-10,
                0.0,
                0.0,
                1.0815941537259986e-11
            ],
            [
                0.999999999139167,
                8.592166604395156e-10,
                6.101936667109689e-13,
                0.0,
                1.0060392775528793e-12
            ],
            [
                9.053470089104217e-11,
                8.149674057362413e-09,
                2.7528496398723733e-05,
                0.9997112801615893,
                0.0002611831018032378
            ],
            [
                4.508755452896933e-12,
                2.594609619469612e-11,
                4.508755452896933e-12,
                5.04347205142555e-07,
                0.9999994956178313
            ],
            [
                5.109089667713029e-12,
                2.9400781073774625e-11,
                7.433681603037016e-12,
                6.825604230889401e-08,
                0.9999999317020142
            ]
        ],
        [
            [
                0.9999999996295692,
                3.5817479254691294e-10,
                0.0,
                0.0,
                1.2256067427626704e-11
            ],
            [
                0.9999999956276404,
                4.363462224871309e-09,
                1.4637785047086705e-12,
                0.0,
                7.433680624527505e-12
            ],
            [
                8.198113329724565e-07,
                0.014063224723090354,
                0.9859083098020559,
                2.7148422812240892e-05,
                4.972407086276774e-07
            ],
            [
                3.978955262411547e-12,
                2.0206802152718666e-11,
                5.789345745958713e-12,
                1.0677030765439846e-06,
                0.9999989322669484
            ],
            [
                5.78935602001849e-12,
                2.2897347235475243e-11,
                5.78935602001849e-12,
                5.3157849709650066e-08,
                0.9999999468076743
            ]
        ],
        [
            [
                0.9999999996322801,
                3.581747923216579e-10,
                0.0,
                0.0,
                9.545034904008773e-12
            ],
            [
                0.9999251537235234,
                7.484619698608144e-05,
                4.847008544720643e-11,
                1.0815137928243247e-11,
                2.0205337713512348e-11
            ],
            [
                5.634303593610367e-07,
                0.014062802618401114,
                0.9858784390332438,
                5.747145909380776e-05,
                7.234589019530791e-07
            ],
            [
                3.978962323905391e-12,
                1.783247195833374e-11,
                3.511421926347312e-12,
                5.3157849712892614e-08,
                0.9999999468168275
            ],
            [
                1.573710407682052e-11,
                2.5946098230675697e-11,
                3.9789630339205285e-12,
                6.82560423075834e-08,
                0.9999999316982955
            ]
        ],
        [
            [
                0.9999999998493987,
                1.4930946746894103e-10,
                0.0,
                0.0,
                1.2917800034815335e-12
            ],
            [
                0.9999998874551984,
                1.1253518371808805e-07,
                4.508755602835582e-12,
                0.0,
                5.109089436609527e-12
            ],
            [
                1.6193819092735227e-07,
                0.010986910976375304,
                0.9890100157179315,
                2.8704231156495508e-06,
                4.0944386739423615e-08
            ],
            [
                1.8795287877054593e-12,
                5.1090889496854094e-12,
                1.2917799849689557e-12,
                1.5229979511071356e-08,
                0.99999998476174
            ],
            [
                8.423464809178761e-12,
                1.7832475140967718e-11,
                3.098819526727993e-12,
                6.825604230975327e-08,
                0.9999999317146029
            ]
        ],
        [
            [
                0.9999999996743669,
                3.16088144933282e-10,
                0.0,
                0.0,
                9.545034907799696e-12
            ],
            [
                0.9999999748844968,
                2.5109990899086998e-08,
                3.0988190574746328e-12,
                0.0,
                2.4133627085578366e-12
            ],
            [
                8.661498502975129e-08,
                2.721364529007527e-05,
                0.008550269105382426,
                0.988276962413989,
                0.003145468220353535
            ],
            [
                2.1724400958670383e-10,
                1.3176515245324113e-10,
                4.847369065036825e-11,
                2.3823698438272936e-07,
                0.9999997613655328
            ],
            [
                6.560200655599054e-12,
                1.5737103276183328e-11,
                7.433681224700047e-12,
                2.38236984452002e-07,
                0.9999997617332846
            ]
        ],
        [
            [
                0.9999999988813923,
                1.103256029546561e-09,
                1.4637785104149136e-12,
                0.0,
                1.3887943829755077e-11
            ],
            [
                0.9999999677499258,
                3.224186629719369e-08,
                3.098819035365888e-12,
                0.0,
                5.109088857658192e-12
            ],
            [
                6.224145006986346e-11,
                2.3823698145127205e-07,
                0.9999997491704976,
                1.1861120883268016e-08,
                6.691586504216152e-10
            ],
            [
                3.978963034017289e-12,
                1.2256068978602064e-11,
                5.10908966773917e-12,
                6.825604230924325e-08,
                0.9999999317226136
            ],
            [
                9.54503482085736e-12,
                1.2256067313150373e-11,
                3.5114220758589636e-12,
                1.0467401682906423e-08,
                0.9999999895072859
            ]
        ],
        [
            [
                0.9999999992309279,
                7.582560415565308e-10,
                0.0,
                0.0,
                1.0815941539674217e-11
            ],
            [
                0.9999999468336624,
                5.315784965938917e-08,
                4.508754997606511e-12,
                0.0,
                3.978962319900561e-12
            ],
            [
                4.010866758447173e-08,
                0.008381965043481217,
                0.9688236316041368,
                0.02278454896698308,
                9.814276731406878e-06
            ],
            [
                3.774537084408169e-11,
                2.4613073590403864e-10,
                1.6916301596777798e-10,
                0.00015843624751272153,
                0.9998415632994481
            ],
            [
                5.789356759439213e-12,
                2.9400779580163286e-11,
                1.5737103277650155e-11,
                2.3823698447420765e-07,
                0.9999997617120883
            ]
        ],
        [
            [
                0.9999999996334017,
                3.581747924492386e-10,
                0.0,
                0.0,
                8.423463740850002e-12
            ],
            [
                0.9999999983865531,
                1.6052280492870396e-09,
                1.6586783528192507e-12,
                0.0,
                6.560200144047663e-12
            ],
            [
                1.2501268003137539e-09,
                2.144494072171002e-05,
                0.9999782429691535,
                3.0589565061909506e-07,
                4.944347408620108e-09
            ],
            [
                5.109088949049276e-12,
                9.54503477522295e-12,
                3.511422059071003e-12,
                1.5229979509175067e-08,
                0.999999984751855
            ],
            [
                9.545035932677777e-12,
                2.5946097727786636e-11,
                5.789356941227844e-12,
                8.764249146675804e-08,
                0.999999912316228
            ]
        ],
        [
            [
                0.9999999992310589,
                7.582560412602004e-10,
                1.1399918507426048e-12,
                0.0,
                9.545034903568305e-12
            ],
            [
                0.9999999979334036,
                2.061153615259137e-09,
                1.4637785090272678e-12,
                0.0,
                3.978962521977696e-12
            ],
            [
                1.0259844690763827e-10,
                9.23561786651449e-09,
                0.00012338533179977816,
                0.9998017683432886,
                7.483698669538162e-05
            ],
            [
                3.9789552599782086e-12,
                2.2897306586777675e-11,
                9.545017468962156e-12,
                2.2603252737835227e-06,
                0.9999977396383049
            ],
            [
                5.789356182650517e-12,
                1.2256067134847836e-11,
                1.879528769113807e-12,
                2.5109990923851085e-08,
                0.9999999748700841
            ]
        ],
        [
            [
                0.9999999976514611,
                2.335593029065752e-09,
                2.129785162079904e-12,
                0.0,
                1.0815941512210251e-11
            ],
            [
                0.9999998874448913,
                1.1253518373151675e-07,
                5.789356792364985e-12,
                1.8795289670591138e-12,
                1.2256068425613375e-11
            ],
            [
                2.646568808954777e-09,
                1.3709552769603338e-06,
                0.9999975055393553,
                1.0677010432525827e-06,
                5.315775553201799e-08
            ],
            [
                5.492673577165321e-11,
                2.7894098059292383e-10,
                1.1627990054106984e-10,
                2.144493975556651e-05,
                0.9999785546100969
            ],
            [
                1.0815941344625125e-11,
                1.225606720312349e-11,
                3.0988190777935527e-12,
                1.955568070335117e-08,
                0.9999999804181484
            ]
        ],
        [
            [
                0.9999999996295692,
                3.5817479244786587e-10,
                0.0,
                0.0,
                1.22560674242375e-11
            ],
            [
                0.9999999468203493,
                5.3157849631997725e-08,
                9.545034399917049e-12,
                0.0,
                1.2256066772652316e-11
            ],
            [
                5.9136845730853785e-08,
                0.0002564923650779909,
                0.9817572389186161,
                0.017981511757923823,
                4.697821536485855e-06
            ],
            [
                1.3887944898235072e-11,
                3.77513482515129e-11,
                1.0815942361997996e-11,
                2.3823698447514984e-07,
                0.9999997617005603
            ],
            [
                8.423463480799764e-12,
                1.783247232878936e-11,
                3.5114219992943482e-12,
                3.2241866325065254e-08,
                0.9999999677283663
            ]
        ],
        [
            [
                0.9999999997087972,
                2.789468088569362e-10,
                0.0,
                0.0,
                1.2256067425208523e-11
            ],
            [
                0.9999999973355593,
                2.6465736264024837e-09,
                2.1297851608912844e-12,
                0.0,
                1.573710203249574e-11
            ],
            [
                2.2149096860399597e-08,
                0.0002611360257147254,
                0.9995306860107259,
                0.00020337294131478266,
                4.782873147830113e-06
            ],
            [
                5.78935655488343e-12,
                2.289734935090712e-11,
                9.545035295703524e-12,
                3.9278636989173116e-07,
                0.9999996071753984
            ],
            [
                5.789356258978294e-12,
                9.545034807838431e-12,
                2.7346982586431935e-12,
                1.186112000843656e-08,
                0.9999999881208109
            ]
        ],
        [
            [
                0.9999999998811684,
                1.1628233021058037e-10,
                4.193795655074875e-13,
                0.0,
                2.1297851692775354e-12
            ],
            [
                0.9046505196122749,
                0.09534946894989248,
                1.0730171694098578e-08,
                5.342237917330045e-10,
                1.7343707210765305e-10
            ],
            [
                8.150668302221362e-09,
                0.00015843488544182912,
                0.9998335696599492,
                7.888008473347039e-06,
                9.929546736750896e-08
            ],
            [
                1.0815942919081054e-11,
                3.3315449616289136e-11,
                1.7832475153367365e-11,
                3.059023590168602e-07,
                0.9999996940356771
            ],
            [
                3.5114222507863366e-12,
                1.388794440843042e-11,
                3.97896269154297e-12,
                3.9278636991871514e-07,
                0.9999996071922518
            ]
        ],
        [
            [
                0.9999999996781226,
                3.160881447546754e-10,
                0.0,
                0.0,
                5.789356316336572e-12
            ],
            [
                0.9999999918106851,
                8.1520206286709e-09,
                3.978962493959026e-12,
                0.0,
                3.3315445071022123e-11
            ],
            [
                3.396589537204263e-09,
                1.0671756916751544e-06,
                0.00015838291571898693,
                0.9995052498767916,
                0.0003352966352082592
            ],
            [
                5.789356258956652e-12,
                1.3887943697584898e-11,
                2.129785145287365e-12,
                1.1861120008392223e-08,
                0.9999999881170728
            ],
            [
                2.0206841228387717e-11,
                2.5946097728223575e-11,
                7.433681458939336e-12,
                8.764249146823396e-08,
                0.9999999123039218
            ]
        ],
        [
            [
                0.9999999988871806,
                1.1032560297365906e-09,
                1.1399918503505862e-12,
                0.0,
                8.423463734564236e-12
            ],
            [
                0.9999999804346602,
                1.955568066492969e-08,
                3.0988190717052336e-12,
                0.0,
                6.560200026279653e-12
            ],
            [
                9.146058080001495e-07,
                0.029311585846099497,
                0.9706664519672877,
                2.0816332242013647e-05,
                2.3124856281543135e-07
            ],
            [
                4.847147260847639e-11,
                1.6918206305680013e-10,
                6.223860281356734e-11,
                4.539785572866522e-05,
                0.9999546018643792
            ],
            [
                2.7346986340623614e-12,
                1.5737104077644482e-11,
                3.978963034128858e-12,
                6.825604231115714e-08,
                0.9999999317215069
            ]
        ],
        [
            [
                0.9999999994734621,
                5.211412480070597e-10,
                8.878265465140857e-13,
                0.0,
                4.50875523553098e-12
            ],
            [
                0.9999999973500069,
                2.6465736285870938e-09,
                1.0060392753596168e-12,
                0.0,
                2.4133627624207467e-12
            ],
            [
                6.1098344341748685e-09,
                1.319358125792073e-06,
                0.037314783707569237,
                0.9623610545353221,
                0.00032283628914856274
            ],
            [
                2.0206301011940056e-11,
                1.0261606373002751e-10,
                9.055835839717273e-11,
                2.7535689834676005e-05,
                0.9999724640967846
            ],
            [
                6.5602004889987585e-12,
                2.5946096251731178e-11,
                5.109089277937646e-12,
                1.4449803167800544e-07,
                0.9999998554643529
            ]
        ],
        [
            [
                0.9999999992278559,
                7.582560409885339e-10,
                0.0,
                0.0,
                1.3887943831947212e-11
            ],
            [
                0.999999946838612,
                5.3157849686907675e-08,
                1.879528715510804e-12,
                0.0,
                1.6586782697570877e-12
            ],
            [
                6.80218402728135e-08,
                7.862263238190731e-06,
                0.22236471009900646,
                0.7761290781634101,
                0.001498281452505032
            ],
            [
                5.10908889899156e-12,
                1.3887943514110587e-11,
                2.413362710864029e-12,
                2.510999092308193e-08,
                0.9999999748685988
            ],
            [
                2.0206838435040403e-11,
                2.5946094141494626e-11,
                3.978962406824301e-12,
                3.224186632716466e-08,
                0.9999999677080017
            ]
        ],
        [
            [
                0.9999999996352649,
                3.581747925025207e-10,
                0.0,
                0.0,
                6.560200158523463e-12
            ],
            [
                0.9999999927965538,
                7.19413297149848e-09,
                1.8795288011700517e-12,
                0.0,
                7.433680611566488e-12
            ],
            [
                1.1859673490611482e-08,
                4.5394435777997725e-05,
                0.9998789195046167,
                7.484277183861577e-05,
                8.314280932676414e-07
            ],
            [
                6.560200862250469e-12,
                2.020684122819049e-11,
                7.43368145886678e-12,
                8.764249146737853e-08,
                0.9999999123233078
            ],
            [
                5.109088926764367e-12,
                1.5737101794840144e-11,
                4.508755152898809e-12,
                1.955568070011599e-08,
                0.9999999804189642
            ]
        ],
        [
            [
                0.9999999988893105,
                1.103256028541422e-09,
                0.0,
                0.0,
                7.433680646733624e-12
            ],
            [
                0.9999999881277218,
                1.186111998895039e-08,
                2.7346982541504646e-12,
                0.0,
                8.423463639140986e-12
            ],
            [
                1.3513129032234223e-06,
                0.117721493558793,
                0.869850743865359,
                0.012407756963723681,
                1.865429922113744e-05
            ],
            [
                8.423431981249273e-12,
                7.991929747362724e-11,
                7.052853247721291e-11,
                3.7266391151809124e-06,
                0.9999962732020136
            ],
            [
                6.5602009897461924e-12,
                1.7832475141466117e-11,
                2.7346986340825474e-12,
                6.825604231166096e-08,
                0.9999999317168303
            ]
        ],
        [
            [
                0.9999999995243574,
                4.5990553699497474e-10,
                0.0,
                0.0,
                1.5737102077084347e-11
            ],
            [
                0.9999999123493006,
                8.764249138451272e-08,
                5.109089563795736e-12,
                0.0,
                3.098819463659958e-12
            ],
            [
                1.5228034497484456e-08,
                0.00012339415926291414,
                0.9998728112809003,
                3.726180739336853e-06,
                5.3151062964280846e-08
            ],
            [
                2.939999449497653e-11,
                1.0261606373495823e-10,
                3.331455828215586e-11,
                2.7535689835999098e-05,
                0.9999724641448334
            ],
            [
                3.098819077766533e-12,
                7.433680526128041e-12,
                1.6586783262872142e-12,
                1.9555680703180654e-08,
                0.9999999804321281
            ]
        ],
        [
            [
                0.999999999773211,
                2.172439930108599e-10,
                0.0,
                0.0,
                9.545034901002134e-12
            ],
            [
                0.9999999950505745,
                4.944450469529484e-09,
                1.463778504531348e-12,
                0.0,
                3.5114220903603566e-12
            ],
            [
                3.157892993201869e-10,
                1.184990603375439e-08,
                3.5324038349369927e-05,
                0.9990536448396771,
                0.0009110189562782137
            ],
            [
                2.2887480860996283e-11,
                1.6911688004510312e-10,
                2.7882659736480353e-10,
                0.00043055711982940945,
                0.9995694424093396
            ],
            [
                8.423463480791363e-12,
                1.783247232877157e-11,
                4.5087550958059304e-12,
                3.224186632503309e-08,
                0.9999999677273689
            ]
        ],
        [
            [
                0.9999999993955817,
                5.905303984633244e-10,
                0.0,
                0.0,
                1.3887943831308257e-11
            ],
            [
                0.9999999956315626,
                4.363462227700871e-09,
                1.4637785056578827e-12,
                0.0,
                3.5114220930627726e-12
            ],
            [
                4.0536002705361245e-10,
                1.4431816608126021e-07,
                0.001169422769654312,
                0.9987556738459569,
                7.475866086270852e-05
            ],
            [
                5.789356274539225e-12,
                1.225606732937623e-11,
                2.413362749242866e-12,
                9.237449575503196e-09,
                0.9999999907420917
            ],
            [
                3.978962509843451e-12,
                8.423463699439796e-12,
                2.413362756067184e-12,
                6.348800074568203e-09,
                0.9999999936363841
            ]
        ],
        [
            [
                0.9999999988946686,
                1.1032560301761544e-09,
                7.835041769672073e-13,
                0.0,
                1.2917800022482322e-12
            ],
            [
                0.6224593140146367,
                0.3775406694579133,
                1.562994483695487e-08,
                7.781691321834141e-10,
                1.1933610146573424e-10
            ],
            [
                1.9171680856384366e-10,
                1.4449762842834263e-07,
                0.9999975418296876,
                2.2603232096427676e-06,
                5.315775749198127e-08
            ],
            [
                4.508755095841366e-12,
                1.3887943413855608e-11,
                4.508755095841366e-12,
                3.224186632528649e-08,
                0.9999999677352281
            ],
            [
                6.560200039138572e-12,
                1.0815941344575578e-11,
                2.7346982378103347e-12,
                1.9555680703261585e-08,
                0.9999999804242085
            ]
        ],
        [
            [
                0.9999999976474201,
                2.3355930295555086e-09,
                3.098819126457295e-12,
                0.0,
                1.3887943809998208e-11
            ],
            [
                0.9999999956323393,
                4.363462228430585e-09,
                1.4637785059026742e-12,
                0.0,
                2.7346982762288494e-12
            ],
            [
                1.6052004913800087e-09,
                1.6701414000818868e-05,
                0.9999826375357846,
                6.475840975513825e-07,
                1.186091648083793e-08
            ],
            [
                3.9789323873274545e-12,
                2.2897174963760436e-11,
                7.433624347520657e-12,
                7.889265049963163e-06,
                0.9999921107006403
            ],
            [
                5.10908956848674e-12,
                1.3887945333987168e-11,
                5.10908956848674e-12,
                8.764249146498326e-08,
                0.9999999123334024
            ]
        ],
        [
            [
                0.9999999993999247,
                5.905303985921054e-10,
                0.0,
                0.0,
                9.545034901790932e-12
            ],
            [
                0.999796572792929,
                0.00020342706070353636,
                1.0259786472388928e-10,
                1.7828835542665557e-11,
                2.5940802647218223e-11
            ],
            [
                2.002637306944158e-07,
                0.04742379595168516,
                0.9525325017164292,
                4.324492443459936e-05,
                2.571437202523389e-07
            ],
            [
                3.331525669222488e-11,
                7.99191461911503e-11,
                7.99191461911503e-11,
                4.785094848226427e-06,
                0.9999952147119983
            ],
            [
                1.225606897848761e-11,
                2.9400781073650496e-11,
                4.508755806764672e-12,
                6.825604230860583e-08,
                0.9999999316977921
            ]
        ],
        [
            [
                0.9999999991320578,
                8.59216659400683e-10,
                1.2917800010022486e-12,
                0.0,
                7.433680650578226e-12
            ],
            [
                0.999999963459538,
                3.6534820756537064e-08,
                2.129785090469894e-12,
                0.0,
                3.5114219806777115e-12
            ],
            [
                3.153059573582189e-10,
                7.176330511837074e-09,
                1.7559901795080953e-06,
                0.9975256182295162,
                0.0024726182886679157
            ],
            [
                5.1090888158360405e-12,
                1.388794328807045e-11,
                4.508755055004904e-12,
                4.139937546815617e-08,
                0.9999999585771188
            ],
            [
                9.545035389625587e-12,
                2.2897349576214436e-11,
                9.545035389625587e-12,
                1.4449803167737369e-07,
                0.9999998554599808
            ]
        ],
        [
            [
                0.9999999993214119,
                6.691586078386446e-10,
                1.0060392773429277e-12,
                0.0,
                8.423463738221969e-12
            ],
            [
                0.9999952148853747,
                4.7850948469447715e-06,
                1.2255998011136156e-11,
                2.4133490996720914e-12,
                5.1090600840980005e-12
            ],
            [
                1.250117185186555e-09,
                2.7535689679079217e-05,
                0.9999722209791775,
                2.3823039431110804e-07,
                3.85063201693361e-09
            ],
            [
                1.782883555813094e-11,
                1.4927901246090858e-10,
                1.9167804617785272e-10,
                0.00020342706176764187,
                0.9997965725794465
            ],
            [
                3.5114225530666157e-12,
                1.5737104077417233e-11,
                3.978963034071401e-12,
                6.82560423101715e-08,
                0.9999999317207302
            ]
        ],
        [
            [
                0.9999999992321988,
                7.58256040991827e-10,
                0.0,
                0.0,
                9.545034900189982e-12
            ],
            [
                0.9999999936448114,
                6.348800069514539e-09,
                1.879528802764376e-12,
                0.0,
                4.508755209251021e-12
            ],
            [
                2.1724027409764325e-10,
                1.6701414842283417e-05,
                0.9999832829888916,
                1.522971899392277e-08,
                1.4930691130892234e-10
            ],
            [
                3.511422559917368e-12,
                1.2256069002680216e-11,
                2.734698639358243e-12,
                1.855391598562561e-07,
                0.9999998144423379
            ],
            [
                1.3887944179214096e-11,
                4.847368815954309e-11,
                1.0815941802023897e-11,
                6.475946146430649e-07,
                0.9999993523322078
            ]
        ],
        [
            [
                0.9999999998493987,
                1.4930946748401539e-10,
                0.0,
                0.0,
                1.2917800036119522e-12
            ],
            [
                0.9999998874537473,
                1.1253518371792475e-07,
                4.50875560282904e-12,
                0.0,
                6.560200692727966e-12
            ],
            [
                0.0,
                6.22414462139934e-11,
                0.9999999999268363,
                1.0815941554664413e-11,
                1.0603575988954033e-13
            ],
            [
                3.0988190384241443e-12,
                1.5737101597509245e-11,
                3.0988190384241443e-12,
                3.224186632901352e-08,
                0.9999999677361989
            ],
            [
                5.109089568711019e-12,
                2.289735087947039e-11,
                5.109089568711019e-12,
                8.76424914688306e-08,
                0.999999912324393
            ]
        ],
        [
            [
                0.9999999993212965,
                6.691586077271819e-10,
                0.0,
                0.0,
                9.545034902840799e-12
            ],
            [
                0.9999999634575629,
                3.653482076183176e-08,
                3.098819022064632e-12,
                1.0060392414102712e-12,
                3.511421981186593e-12
            ],
            [
                2.811172257357304e-08,
                3.0828247114722e-05,
                0.32075448588459177,
                0.679037253443228,
                0.00017740431334294516
            ],
            [
                5.789356599032713e-12,
                2.594609619417446e-11,
                5.789356599032713e-12,
                5.043472051324149e-07,
                0.99999949561527
            ],
            [
                9.545034412383159e-12,
                2.59460935951974e-11,
                6.560199817321832e-12,
                5.315784970142351e-08,
                0.9999999468000991
            ]
        ],
        [
            [
                0.9999999997521716,
                2.461696949922414e-10,
                0.0,
                0.0,
                1.6586783576387577e-12
            ],
            [
                0.9999999956280978,
                4.363462224873305e-09,
                1.8795288044479694e-12,
                0.0,
                6.560200125951645e-12
            ],
            [
                1.605191496398868e-09,
                1.0129853226944503e-05,
                0.9999766760178372,
                1.3006989010713077e-05,
                1.8553473370059414e-07
            ],
            [
                5.789356775358692e-12,
                1.7832474283857604e-11,
                4.508755590129093e-12,
                8.315279902457551e-07,
                0.9999991684438791
            ],
            [
                8.423464167167825e-12,
                2.9400778833306395e-11,
                1.2256068044573243e-11,
                1.444980316904606e-07,
                0.999999855451888
            ]
        ],
        [
            [
                0.9999999997442852,
                2.4616969487891345e-10,
                0.0,
                0.0,
                9.545034911106583e-12
            ],
            [
                0.9999999715213868,
                2.8453347233847994e-08,
                7.43368044871852e-12,
                0.0,
                1.7832472371677107e-11
            ],
            [
                1.3435873542856925e-08,
                0.00033534940703583617,
                0.9996623554385797,
                2.2595665004127028e-06,
                2.21520105005453e-08
            ],
            [
                2.734698398473966e-12,
                1.2256067923111783e-11,
                3.098819259835102e-12,
                3.9278636989964277e-07,
                0.9999996071955406
            ],
            [
                5.109088755490639e-12,
                1.3887943124034642e-11,
                4.508755001750274e-12,
                5.315784970824379e-08,
