{
    "[['A', 'B', 'C', 'D', 'E'], ['A', 'B', 'C', 'D', 'E']]": [
        [
            [
                0.9999999995278386,
                4.5990553681153147e-10,
                0.0,
                0.0,
                1.2256067416019325e-11
            ],
            [
                0.9999999991323598,
                8.592166604336668e-10,
                0.0,
                0.0,
                8.42346373992253e-12
            ],
            [
                1.185869995274628e-08,
                0.0002034268523701379,
                0.9997959066331857,
                6.474630792180819e-07,
                7.192665105673376e-09
            ],
            [
                3.0985889001895845e-12,
                3.774854056326243e-11,
                1.2255156833039897e-11,
                7.484619747797604e-05,
                0.9999251537494197
            ],
            [
                6.914400666681916e-13,
                6.56020069922193e-12,
                8.878266197182245e-13,
                1.125351838293237e-07,
                0.9999998874566767
            ]
        ],
        [
            [
                0.9999999994680218,
                5.211412478601119e-10,
                1.2917800024838747e-12,
                0.0,
                9.545034905830124e-12
            ],
            [
                0.999999999322418,
                6.691586077279324e-10,
                0.0,
                0.0,
                8.423463736828307e-12
            ],
            [
                3.3977172433849958e-09,
                0.00015843565173607262,
                0.9998378097952313,
                3.7260493920601237e-06,
                2.510592331967574e-08
            ],
            [
                1.5725940148040187e-11,
                2.1708990741927172e-10,
                3.5792074801647484e-10,
                0.0007096703448502497,
                0.9992903290644132
            ],
            [
                6.914399970514381e-13,
                4.508755153334014e-12,
                6.101936557209958e-13,
                1.9555680702003593e-08,
                0.9999999804385088
            ]
        ],
        [
            [
                0.999999999530665,
                4.599055372542234e-10,
                1.0060392779467417e-12,
                0.0,
                8.42346374327764e-12
            ],
            [
                0.9999999969972506,
                2.998960812932331e-09,
                1.6586783523187133e-12,
                0.0,
                2.1297851624869723e-12
            ],
            [
                5.6013334501891245e-09,
                0.00026119034003903454,
                0.9997386165073233,
                1.8549068877435422e-07,
                2.060615419470482e-09
            ],
            [
                2.129765022688247e-12,
                1.7832304208767733e-11,
                5.789301560061129e-12,
                1.0129988104853838e-05,
                0.9999898699861437
            ],
            [
                8.878249244041485e-13,
                9.545017469196245e-12,
                1.4637758375228532e-12,
                2.2603252738389568e-06,
                0.9999977396628296
            ]
        ],
        [
            [
                0.999999999671656,
                3.1608814501983383e-10,
                0.0,
                0.0,
                1.2256067428142523e-11
            ],
            [
                0.9999998362445456,
                1.6373771771587563e-07,
                7.433680883770326e-12,
                1.87952886999396e-12,
                8.423463994036782e-12
            ],
            [
                4.3631545871263826e-09,
                5.829049780941744e-05,
                0.9999285862436847,
                1.3006368111347011e-05,
                1.1252723991324956e-07
            ],
            [
                5.287756499744917e-11,
                1.751064463365658e-09,
                2.4172699289116996e-08,
                0.9626730911405555,
                0.037326882882803177
            ],
            [
                8.878266163199332e-13,
                9.545035659005154e-12,
                1.2917801044150307e-12,
                8.315279902282775e-07,
                0.9999991684602851
            ]
        ],
        [
            [
                0.9999999994666027,
                5.211412477726253e-10,
                0.0,
                0.0,
                1.2256067420200077e-11
            ],
            [
                0.9999999991308961,
                8.592166602227265e-10,
                1.4637785112388109e-12,
                0.0,
                8.423463737854545e-12
            ],
            [
                9.724786597898001e-10,
                1.0664533612382585e-06,
                0.9988285938893543,
                0.0011695081300930569,
                8.305547128414875e-07
            ],
            [
                9.526647056814175e-12,
                1.6886385953750551e-10,
                2.456954658663644e-10,
                0.0019267343361997174,
                0.9980732652397143
            ],
            [
                3.511415885371591e-12,
                3.3315386331998645e-11,
                3.9789554785830985e-12,
                1.3709566547937884e-06,
                0.9999986290025394
            ]
        ],
        [
            [
                0.9999999995305495,
                4.599055370743766e-10,
                0.0,
                0.0,
                9.545034906426954e-12
            ],
            [
                0.9999999995845898,
                4.0586521190401656e-10,
                0.0,
                0.0,
                9.545034905353943e-12
            ],
            [
                1.9810087829456674e-13,
                7.194132975476945e-09,
                0.9999999926548958,
                1.493094664813734e-10,
                1.4637785029659867e-12
            ],
            [
                3.7498666080386076e-11,
                4.568272730587396e-10,
                1.24178527510007e-09,
                0.006692851414190125,
                0.9933071468496987
            ],
            [
                3.7010118232834477e-13,
                5.789356555065105e-12,
                6.914400377258159e-13,
                3.9278636990405713e-07,
                0.9999996072067793
            ]
        ],
        [
            [
                0.9999999999081475,
                9.056076981974218e-11,
                0.0,
                0.0,
                1.2917800036878428e-12
            ],
            [
                0.9999999998675435,
                1.31765142622902e-10,
                0.0,
                0.0,
                6.914400102844376e-13
            ],
            [
                3.653378007593129e-08,
                2.7535690203839323e-05,
                0.9999722399064686,
                1.8553402117670626e-07,
                2.335526422050514e-09
            ],
            [
                3.975336504040597e-12,
                6.218472554848258e-11,
                3.328508502914214e-11,
                0.0009110514069844339,
                0.9990889484935704
            ],
            [
                8.878265427327572e-13,
                5.109088998638841e-12,
                1.1399918464788655e-12,
                5.602796405269403e-09,
                0.9999999943900666
            ]
        ],
        [
            [
                0.9999999995857114,
                4.058652119720304e-10,
                0.0,
                0.0,
                8.423463740448285e-12
            ],
            [
                0.9999999997525384,
                2.4616969488094516e-10,
                0.0,
                0.0,
                1.2917800032086273e-12
            ],
            [
                4.266963461262722e-05,
                0.939861483620709,
                0.06008333418394507,
                1.2225054996789297e-05,
                2.875057364902249e-07
            ],
            [
                1.0772773426235392e-10,
                2.163769384177859e-09,
                5.881734997986692e-09,
                0.18242551366799795,
                0.8175744781787699
            ],
            [
                1.8795289043636503e-12,
                1.3887944513904674e-11,
                1.8795289043636503e-12,
                5.043472051512887e-07,
                0.9999994956351479
            ]
        ],
        [
            [
                0.9999999996824482,
                3.160881451662683e-10,
                0.0,
                0.0,
                1.4637785128982479e-12
            ],
            [
                0.9999999998674514,
                1.3176514258357766e-10,
                0.0,
                0.0,
                7.835041778084897e-13
            ],
            [
                1.4356378857833561e-06,
                0.0758573405629173,
                0.9241314992781186,
                9.361534975486407e-06,
                3.6298610276344455e-07
            ],
            [
                1.5454045249520713e-11,
                3.5173244864970653e-10,
                5.117676930279603e-10,
                0.01798621157626938,
                0.9820137875447764
            ],
            [
                1.4637758383213498e-12,
                8.423448356276571e-12,
                1.6586753268304343e-12,
                1.0677030764996507e-06,
                0.9999989322853776
            ]
        ],
        [
            [
                0.9999999997743325,
                2.172439932473637e-10,
                0.0,
                0.0,
                8.423463744366492e-12
            ],
            [
                0.9999999997810973,
                2.1724399327368676e-10,
                0.0,
                0.0,
                1.658678357125978e-12
            ],
            [
                1.3307702685482924e-06,
                0.029312159160035742,
                0.9706854382009421,
                1.036404927233554e-06,
                3.5463826418871375e-08
            ],
            [
                2.0156873568027844e-11,
                3.1530655316078213e-10,
                2.782570565290153e-10,
                0.00247262296694947,
                0.9975273764193302
            ],
            [
                6.914400640375454e-13,
                6.560200674263053e-12,
                1.2917801044448211e-12,
                8.315279902474538e-07,
                0.9999991684634663
            ]
        ],
        [
            [
                0.9999999998667712,
                1.3176514259522798e-10,
                0.0,
                0.0,
                1.4637785129513916e-12
            ],
            [
                0.999999999641215,
                3.581747926882973e-10,
                0.0,
                0.0,
                6.101936671812663e-13
            ],
            [
                1.134124018018325e-05,
                0.32075902770721143,
                0.6790468669848319,
                0.0001774068452487705,
                5.3572225277210455e-06
            ],
            [
                3.548298748273557e-11,
                8.075890727119836e-10,
                1.5087750203606005e-09,
                0.0600866543253779,
                0.939913343322775
            ],
            [
                6.914400986018753e-13,
                6.560201002200285e-12,
                7.835042781190889e-13,
                1.8553915985055314e-07,
                0.9999998144528051
            ]
        ],
        [
            [
                0.999999999964805,
                3.331544540311555e-11,
                0.0,
                0.0,
                1.879528815492645e-12
            ],
            [
                0.9999999999441844,
                5.492788345928605e-11,
                0.0,
                0.0,
                8.878265470335759e-13
            ],
            [
                5.90527113136971e-10,
                6.144172296502395e-06,
                0.9999937645962379,
                8.764199439638253e-08,
                2.9989441333257892e-09
            ],
            [
                1.0246370519213292e-10,
                3.39313190679969e-09,
                1.0114783658660665e-05,
                0.9984887147203519,
                0.0015011670003938962
            ],
            [
                5.109069757283788e-12,
                3.775120304991991e-11,
                1.3887891481554187e-11,
                3.726639115656617e-06,
                0.9999962733041361
            ]
        ],
        [
            [
                0.9999999995867013,
                4.058652119724322e-10,
                0.0,
                0.0,
                7.43368065998662e-12
            ],
            [
                0.9999999996832205,
                3.160881450596508e-10,
                0.0,
                0.0,
                6.914400098808894e-13
            ],
            [
                1.3982982380263902e-07,
                0.0030799582997208916,
                0.9676939913704014,
                0.029221824073602028,
                4.086426451888403e-06
            ],
            [
                2.7170485967094026e-11,
                1.019564964027027e-09,
                1.4074660183425924e-08,
                0.9241418102501014,
                0.07585817462850288
            ],
            [
                8.878266589634551e-13,
                5.7893570533077e-12,
                1.463778697327677e-12,
                6.825604230605236e-08,
                0.9999999317358167
            ]
        ],
        [
            [
                0.9999999995262066,
                4.599055370723792e-10,
                0.0,
                0.0,
                1.3887943841021952e-11
            ],
            [
                0.9999998554905414,
                1.4449803158208208e-07,
                5.789356608032154e-12,
                1.6586784389354515e-12,
                3.978962727798168e-12
            ],
            [
                9.649524007296462e-06,
                0.9525598510789117,
                0.047425157641879184,
                5.165018004673796e-06,
                1.7673719716581316e-07
            ],
            [
                2.5772431178032697e-11,
                3.55777438152461e-10,
                6.646797605739277e-10,
                0.006692851437097323,
                0.993307147516673
            ],
            [
                1.1399919379028828e-12,
                7.433681225699297e-12,
                1.1399919379028828e-12,
                2.3823698448402624e-07,
                0.9999997617533019
            ]
        ],
        [
            [
                0.9999999998962412,
                1.0261879622851121e-10,
                0.0,
                0.0,
                1.1399918520611238e-12
            ],
            [
                0.9999999973507616,
                2.6465736289778646e-09,
                1.0060392755081603e-12,
                0.0,
                1.6586783526900501e-12
            ],
            [
                2.4616924894205167e-10,
                1.3709566012037753e-06,
                0.9999982326133253,
                3.927856425320243e-07,
                3.3982616593489706e-09
            ],
            [
                1.567429224819997e-10,
                5.190612719317695e-09,
                2.2071067955468265e-07,
                0.8175742892252736,
                0.1824254847166911
            ],
            [
                1.658678436323138e-12,
                1.0815942062055172e-11,
                3.0988192833407023e-12,
                5.043472051220978e-07,
                0.9999994956372215
            ]
        ],
        [
            [
                0.9999999996295692,
                3.5817479254691294e-10,
                0.0,
                0.0,
                1.2256067427626704e-11
            ],
            [
                0.9999999981709562,
                1.8189616816493282e-09,
                1.6586783535307375e-12,
                0.0,
                8.42346372712901e-12
            ],
            [
                1.1356603421305215e-06,
                0.26893199357101844,
                0.7310329930957055,
                3.318886011751672e-05,
                6.888128165219002e-07
            ],
            [
                5.7689891686271143e-11,
                1.4878419163749829e-09,
                2.0539024111738688e-08,
                0.4378234898070349,
                0.5621764881084091
            ],
            [
                2.7346985806794354e-12,
                8.423464644921024e-12,
                1.8795290152258647e-12,
                8.764249145920662e-08,
                0.9999999123444709
            ]
        ],
        [
            [
                0.9999999995250666,
                4.599055371990339e-10,
                1.1399918513930161e-12,
                0.0,
                1.3887943844846591e-11
            ],
            [
                0.9999999995326609,
                4.599055370753476e-10,
                0.0,
                0.0,
                7.433680659584901e-12
            ],
            [
                1.1854540126455206e-08,
                0.000552777811491242,
                0.9994458205892904,
                1.3701998456389398e-06,
                1.954483246085489e-08
            ],
            [
                4.0749082283434434e-11,
                9.274448379284563e-10,
                1.2802981068668348e-08,
                0.9525741115223745,
                0.047425874706450516
            ],
            [
                8.878266590301502e-13,
                6.560200989699954e-12,
                1.0060394052715034e-12,
                6.825604231117987e-08,
                0.9999999317355036
            ]
        ],
        [
            [
                0.9999999997087972,
                2.7894680889791264e-10,
                0.0,
                0.0,
                1.2256067427008902e-11
            ],
            [
                0.9999999997523636,
                2.4616969497520725e-10,
                3.266131340049885e-13,
                0.0,
                1.1399918520888523e-12
            ],
            [
                1.8189584487074486e-09,
                1.0677031271201683e-06,
                0.999998860616777,
                6.82559122265643e-08,
                1.6052251969144041e-09
            ],
            [
                1.383908592981504e-10,
                3.5691473027317373e-09,
                1.7197114764401241e-07,
                0.5621764024585972,
                0.43782342186271694
            ],
            [
                2.7346411501044994e-12,
                1.573677328030674e-11,
                5.108982273710534e-12,
                2.144493976354651e-05,
                0.999978555036656
            ]
        ],
        [
            [
                0.999999998573504,
                1.4166087828514319e-09,
                1.4637785102078878e-12,
                0.0,
                8.423463731921993e-12
            ],
            [
                0.9999999991320578,
                8.59216659792422e-10,
                1.2917800015912045e-12,
                0.0,
                7.433680653967432e-12
            ],
            [
                3.398067227376763e-09,
                5.82912783186425e-05,
                0.9999416162697802,
                8.76373088555205e-08,
                1.4165251674076266e-09
            ],
            [
                4.679592672244974e-11,
                1.206882856912037e-09,
                3.717460910530786e-09,
                0.1480472031542452,
                0.8519527918746151
            ],
            [
                5.109001637367155e-12,
                3.33148755627416e-11,
                5.789257302098474e-12,
                1.670141510854169e-05,
                0.9999832985406784
            ]
        ],
        [
            [
                0.9999999995833189,
                4.058652119035007e-10,
                0.0,
                0.0,
                1.0815941537456936e-11
            ],
            [
                0.99999997783612,
                2.215948925777812e-08,
                3.0988190666211796e-12,
                0.0,
                1.2917799747299752e-12
            ],
            [
                3.4577264679651317e-07,
                0.0024726028955131844,
                0.9975190543800246,
                7.86974916729971e-06,
                1.2720264807587176e-07
            ],
            [
                2.4133444856078414e-12,
                2.9400554621014556e-11,
                1.225597457898443e-11,
                7.889265049211803e-06,
                0.9999921106908809
            ],
            [
                1.2917800341130268e-12,
                1.0815941802837916e-11,
                1.2917800341130268e-12,
                6.475946146918035e-07,
                0.9999993523919859
            ]
        ],
        [
            [
                0.999999999902879,
                9.056076982733382e-11,
                0.0,
                0.0,
                6.560200163126832e-12
            ],
            [
                0.9999999847584982,
                1.5229979488137277e-08,
                3.098819086516857e-12,
                0.0,
                8.42346361256083e-12
            ],
            [
                5.675685231447624e-14,
                3.3315445414707764e-11,
                0.9999999999229623,
                4.277787868075784e-11,
                8.878265476605852e-13
            ],
            [
                2.763417843681793e-11,
                6.289510022177744e-10,
                1.3314892821435869e-09,
                0.06008665444648362,
                0.9399133435654419
            ],
            [
                1.2917801689676766e-12,
                8.423464825067689e-12,
                1.0060394071481383e-12,
                1.85539159843111e-07,
                0.9999998144501189
            ]
        ],
        [
            [
                0.9999999990101405,
                9.73620029500659e-10,
                1.463778511419271e-12,
                8.878265462043069e-13,
                1.3887943839284154e-11
            ],
            [
                0.9999999987375674,
                1.2501528634292704e-09,
                1.463778510663065e-12,
                0.0,
                1.0815941531698544e-11
            ],
            [
                9.23234183036808e-09,
                0.0005527782840355825,
                0.9994465560147671,
                6.47236513690395e-07,
                9.23234183036808e-09
            ],
            [
                7.383925165835528e-12,
                1.3088320524556873e-10,
                1.9043393995001444e-10,
                0.006692851431335293,
                0.9933071482399636
            ],
            [
                7.835041718672134e-13,
                3.97896250212047e-12,
                8.878265403227377e-13,
                8.152020645391909e-09,
                0.9999999918423291
            ]
        ],
        [
            [
                0.9999999999079756,
                9.056076981058355e-11,
                0.0,
                0.0,
                1.4637785127335026e-12
            ],
            [
                0.9999999995929318,
                4.0586521221076636e-10,
                4.1937956538660697e-13,
                0.0,
                7.835041776632109e-13
            ],
            [
                1.0466783461403571e-08,
                5.829122013188417e-05,
                0.9999406188117268,
                1.0676409383193026e-06,
                1.18604194878749e-08
            ],
            [
                4.269546739815172e-11,
                9.71744358951024e-10,
                6.3365691959207645e-09,
                0.2227001426492417,
                0.7772998499997492
            ],
            [
                5.384940178078275e-13,
                3.511422087504666e-12,
                5.384940178078275e-13,
                7.1941329773196506e-09,
                0.9999999928012786
            ]
        ],
        [
            [
                0.9999999994666027,
                5.211412478593724e-10,
                0.0,
                0.0,
                1.2256067422240172e-11
            ],
            [
                0.9999999981714749,
                1.8189616826641464e-09,
                1.1399918499803516e-12,
                0.0,
                8.423463731828552e-12
            ],
            [
                1.5761693003054378e-07,
                0.03732478294060027,
                0.9626187415442953,
                5.611551403009429e-05,
                2.0238414425951159e-07
            ],
            [
                2.4387076705207818e-11,
                7.126948502277372e-10,
                7.662191732447115e-09,
                0.939913337760776,
                0.06008665383995035
            ],
            [
                1.4637785473569996e-12,
                1.0815941802832087e-11,
                1.6586783965699902e-12,
                6.475946146914545e-07,
                0.999999352391447
            ]
        ],
        [
            [
                0.9999999979259004,
                2.061153615243672e-09,
                2.129785163521326e-12,
                0.0,
                1.0815941519530396e-11
            ],
            [
                0.9999999996402806,
                3.5817479262788746e-10,
                5.384940211733805e-13,
                0.0,
                1.0060392781585896e-12
            ],
            [
                1.1180769591543653e-06,
                0.07585733942435695,
                0.9241315824914507,
                9.361543762836555e-06,
                5.984634703511343e-07
            ],
            [
                7.43216440009024e-12,
                1.3173826613202805e-10,
                6.222875063686446e-11,
                0.00020342706190804963,
                0.9997965727366929
            ],
            [
                1.4637729930737995e-12,
                1.388789148268007e-11,
                2.734687976908591e-12,
                3.7266391159587334e-06,
                0.9999962733427977
            ]
        ],
        [
            [
                0.9999999996310092,
                3.581747925884051e-10,
                0.0,
                0.0,
                1.0815941544001473e-11
            ],
            [
                0.9999999993289619,
                6.69158607941994e-10,
                0.0,
                0.0,
                1.8795288132042464e-12
            ],
            [
                3.3980670053908195e-09,
                5.829121891977634e-05,
                0.9999411938714462,
                5.043178591122837e-07,
                7.193707906863347e-09
            ],
            [
                7.410096480215395e-12,
                1.3134710289276798e-10,
                9.027345561845412e-11,
                0.003172683075475431,
                0.9968273166954938
            ],
            [
                5.109001637804402e-12,
                3.331487556559281e-11,
                7.433553520275735e-12,
                1.670141510997106e-05,
                0.9999832985390326
            ]
        ],
        [
            [
                0.9999999998824258,
                1.1628233021072659e-10,
                0.0,
                0.0,
                1.2917800037697106e-12
            ],
            [
                0.9999999998069911,
                1.917171512105389e-10,
                0.0,
                0.0,
                1.2917800036722655e-12
            ],
            [
                2.088819092302177e-06,
                0.07585648018086226,
                0.9241212015234211,
                1.9818163757705247e-05,
                4.1131286666372566e-07
            ],
            [
                5.4903901224868845e-11,
                1.8181675033569324e-09,
                6.141529704000316e-06,
                0.9995633021248862,
                0.00043055447233837396
            ],
            [
                2.4132202523066055e-12,
                2.9399041149572536e-11,
                1.3887123721714816e-11,
                5.829127724449538e-05,
                0.9999417086770561
            ]
        ],
        [
            [
                0.9999999993156616,
                6.69158607933094e-10,
                1.2917800024768176e-12,
                0.0,
                1.3887943840138012e-11
            ],
            [
                0.9999999988911064,
                1.1032560295572781e-09,
                1.658678354725235e-12,
                0.0,
                3.97896252578836e-12
            ],
            [
                1.2015425697321855e-13,
                2.6465736313210146e-09,
                0.9999999972821674,
                7.052879830890551e-11,
                6.101936660110205e-13
            ],
            [
                1.4852863491165165e-10,
                3.830603981808165e-09,
                1.0077107385164543e-05,
                0.9947698455476277,
                0.005220073365854445
            ],
            [
                2.734687976915267e-12,
                2.5945997119837773e-11,
                4.508738236268102e-12,
                3.7266391159678314e-06,
                0.9999962733276947
            ]
        ],
        [
            [
                0.9999999995681887,
                4.058652119649186e-10,
                0.0,
                0.0,
                2.5946094939124266e-11
            ],
            [
                0.9999999999081475,
                9.056076983493156e-11,
                0.0,
                0.0,
                1.2917800039045075e-12
            ],
            [
                1.1081352908083693e-05,
                0.8519335913403099,
                0.1480438667708292,
                1.1081352908083693e-05,
                3.7918304486213233e-07
            ],
            [
                1.78198247581268e-11,
                2.1708990749667398e-10,
                7.986291385383652e-11,
                0.0007096703436943428,
                0.9992903293415331
            ],
            [
                1.0060374949412938e-12,
                7.433667487748881e-12,
                1.2917777136454863e-12,
                1.370956654809135e-06,
                0.9999986290336137
            ]
        ],
        [
            [
                0.9999999996743669,
                3.1608814488066725e-10,
                0.0,
                0.0,
                9.545034906210868e-12
            ],
            [
                0.9999999988955903,
                1.103256030473601e-09,
                3.7010116723196795e-13,
                0.0,
                7.835041771784464e-13
            ],
            [
                3.8374750346376984e-07,
                0.022976558192095032,
                0.976988079368106,
                3.454384940554561e-05,
                4.3484288991822733e-07
            ],
            [
                5.479206033132132e-11,
                1.2470615450990605e-09,
                6.459932574445594e-07,
                0.9975267310507729,
                0.002472621654115868
            ],
            [
                1.1399919063147428e-12,
                1.225606801681012e-11,
                2.413362884606625e-12,
                5.043472051522154e-07,
                0.9999994956369854
            ]
        ],
        [
            [
                0.9999999995305495,
                4.5990553714193527e-10,
                0.0,
                0.0,
                9.54503490782909e-12
            ],
            [
                0.9999999936476616,
                6.348800068709602e-09,
                1.6586783465477983e-12,
                0.0,
                1.879528802526079e-12
            ],
            [
                0.0,
                4.277787867645541e-11,
                0.9999999999367908,
                2.0206839083970598e-11,
                2.2447770543264873e-13
            ],
            [
                4.11810922352188e-11,
                1.7510645997858874e-09,
                5.7987295630776337e-08,
                0.962673054429629,
                0.03732688579082971
            ],
            [
                5.384940618413979e-13,
                5.1090894081988955e-12,
                6.914400621397754e-13,
                2.382369844759143e-07,
                0.9999997617566765
            ]
        ],
        [
            [
                0.9999999999190743,
                7.991959886247224e-11,
                0.0,
                0.0,
                1.006039278439067e-12
            ],
            [
                0.999999999531521,
                4.599055369982693e-10,
                1.1399918508953706e-12,
                0.0,
                7.433680658339048e-12
            ],
            [
                3.0379753839499325e-14,
                3.160881452760087e-10,
                0.9999999996577993,
                2.5946094970011898e-11,
                1.3615261074204498e-13
            ],
            [
                7.897645805907271e-11,
                1.399891214707891e-09,
                1.932490212585866e-08,
                0.6791786982374337,
                0.3208212809587965
            ],
            [
                6.914400971479045e-13,
                4.508755806044966e-12,
                7.83504276471524e-13,
                6.825604229771053e-08,
                0.999999931737974
            ]
        ],
        [
            [
                0.999999998886193,
                1.103256030278189e-09,
                1.0060392773999478e-12,
                0.0,
                9.545034904971719e-12
            ],
            [
                0.9999999956324657,
                4.3634622290721155e-09,
                1.6586783498399499e-12,
                0.0,
                2.4133627586302125e-12
            ],
            [
                3.2661313419640103e-13,
                1.1628233027289331e-10,
                0.9999999998184148,
                6.22414462133859e-11,
                2.734698290902419e-12
            ],
            [
                1.75816755258216e-11,
                3.1164265546111e-10,
                5.138118749162035e-10,
                0.014063627304197026,
                0.9859363718527667
            ],
            [
                6.101936962891067e-13,
                5.1090892669301536e-12,
                1.0060393263189842e-12,
                5.043472051646057e-07,
                0.9999994956460696
            ]
        ],
        [
            [
                0.9999999994010462,
                5.905303988891974e-10,
                0.0,
                0.0,
                8.423463740130145e-12
            ],
            [
                0.9999999969885645,
                2.9989608125175087e-09,
                1.6586783520892815e-12,
                0.0,
                1.0815941512781431e-11
            ],
            [
                5.501533751438445e-07,
                0.03732586641016017,
                0.9626467418774867,
                2.650787408838556e-05,
                3.3368488956912785e-07
            ],
            [
                1.2225761826935499e-11,
                1.4894026962164078e-10,
                9.033683999139128e-11,
                0.002472622967753488,
                0.9975273767807437
            ],
            [
                2.7346775706780084e-12,
                2.289717496236786e-11,
                9.544962599744841e-12,
                7.88926504948335e-06,
                0.9999921106997738
            ]
        ],
        [
            [
                0.999999999670024,
                3.160881448792945e-10,
                0.0,
                0.0,
                1.3887943840707549e-11
            ],
            [
                0.999999999781616,
                2.1724399329573252e-10,
                0.0,
                0.0,
                1.1399918519309937e-12
            ],
            [
                1.7087379190547495e-06,
                0.029312095522491387,
                0.9706832821065475,
                2.8172325531974393e-06,
                9.640048875141333e-08
            ],
            [
                2.010135679796616e-11,
                3.144381247633081e-10,
                9.685376098381317e-10,
                0.005220125697706753,
                0.9947798729992161
            ],
            [
                8.878266139352511e-13,
                6.560200656491215e-12,
                6.914400621644074e-13,
                2.3823698448440127e-07,
                0.999999761754876
            ]
        ],
        [
            [
                0.9999999993960738,
                5.905303989628149e-10,
                1.1399918512459654e-12,
                0.0,
                1.2256067424764968e-11
            ],
            [
                0.9999999961396946,
                3.850741902447582e-09,
                2.1297851597170914e-12,
                0.0,
                7.433680633125293e-12
            ],
            [
                2.1724403159375942e-10,
                1.8553916878915834e-07,
                0.999999743651948,
                6.825604572956948e-08,
                2.3355934482608954e-09
            ],
            [
                2.2371241499632643e-11,
                4.493383971584197e-10,
                5.769619226451418e-10,
                0.02297736780106518,
                0.9770226311502632
            ],
            [
                3.978962691188557e-12,
                1.5737102721289283e-11,
                1.4637785712764649e-12,
                3.9278636988372903e-07,
                0.9999996071924503
            ]
        ],
        [
            [
                0.9999999996295692,
                3.5817479232068695e-10,
                0.0,
                0.0,
                1.2256067419885677e-11
            ],
            [
                0.9999999979268879,
                2.061153615245707e-09,
                2.4133627634112514e-12,
                0.0,
                9.54503488953112e-12
            ],
            [
                6.691306116468383e-10,
                6.1439552805279475e-06,
                0.9999584461984619,
                3.5356021498585665e-05,
                5.315562842873133e-08
            ],
            [
                7.385704228006583e-11,
                1.9047982256813976e-09,
                6.307825413355467e-08,
                0.9241417562007522,
                0.07585817874233838
            ],
            [
                7.835042151120151e-13,
                5.1090892667616656e-12,
                7.835042151120151e-13,
                5.043472051479734e-07,
                0.9999994956461188
            ]
        ],
        [
            [
                0.9999999999280076,
                7.052879845884911e-11,
                0.0,
                0.0,
                1.4637785130410282e-12
            ],
            [
                0.9999999990203832,
                9.736200292730298e-10,
                8.878265459967361e-13,
                0.0,
                5.109089017421743e-12
            ],
            [
