{
    "[['A', 'B', 'C', 'D', 'E'], ['A', 'B', 'C', 'D', 'E']]": [
        [
            [
                0.9999999988842694,
                1.103256029105837e-09,
                1.6586783540465207e-12,
                0.0,
                1.0815941525544233e-11
            ],
            [
                0.9999999928008919,
                7.194132972352722e-09,
                1.4637785023303061e-12,
                0.0,
                3.511422085080332e-12
            ],
            [
                7.287724093644867e-14,
                2.5946094975021752e-11,
                0.9999999999477467,
                2.5946094975021752e-11,
                2.8823507925842275e-13
            ],
            [
                5.630677212272102e-11,
                9.980614167857233e-10,
                3.3051254899391995e-08,
                0.9046504991157145,
                0.09534946677866248
            ],
            [
                2.1297812775332893e-12,
                2.0206802150458033e-11,
                5.10907968822829e-12,
                1.0677030764245353e-06,
                0.9999989322694779
            ]
        ],
        [
            [
                0.9999999956166772,
                4.363462226812887e-09,
                4.5087552152939155e-12,
                1.463778505359997e-12,
                1.3887943781795364e-11
            ],
            [
                0.999999997656188,
                2.3355930295759867e-09,
                1.658678352364044e-12,
                0.0,
                6.560200142247286e-12
            ],
            [
                2.84438002667241e-08,
                0.0003353500643625393,
                0.9996644339544987,
                1.8547687663410526e-07,
                2.0604619804522708e-09
            ],
            [
                3.320974736332026e-11,
                1.4121143908371096e-09,
                2.6910137009855936e-07,
                0.9968270479959391,
                0.003172681457366548
            ],
            [
                1.879514575336479e-12,
                3.3315192990307956e-11,
                1.0815859604823076e-11,
                7.88926504973244e-06,
                0.9999921106889397
            ]
        ],
        [
            [
                0.9999999998951841,
                1.0261879621809103e-10,
                5.384940212562777e-13,
                0.0,
                1.6586783573152111e-12
            ],
            [
                0.9999999985704453,
                1.4166087823440963e-09,
                2.12978516449235e-12,
                0.0,
                1.081594152446166e-11
            ],
            [
                0.0,
                6.224144621380033e-11,
                0.9999999999237343,
                1.388794386155515e-11,
                1.3615261077554597e-13
            ],
            [
                3.271621404337278e-11,
                5.117676929247877e-10,
                7.446175994845302e-10,
                0.01798621156546134,
                0.9820137871454372
            ],
            [
                1.1399918241894084e-12,
                6.560200002105023e-12,
                2.1297851170476467e-12,
                2.5109990921867314e-08,
                0.9999999748801791
            ]
        ],
        [
            [
                0.9999999993201565,
                6.691586080228488e-10,
                1.1399918511594204e-12,
                0.0,
                9.545034907058261e-12
            ],
            [
                0.9999999918421459,
                8.1520206400302e-09,
                2.734698266620048e-12,
                0.0,
                3.0988191104250386e-12
            ],
            [
                2.335352614515507e-09,
                2.7533614767264614e-05,
                0.9998973499951254,
                7.484412469364703e-05,
                2.6993006106747194e-07
            ],
            [
                1.5654952416868014e-11,
                3.563050747020687e-10,
                8.547314408178939e-10,
                0.005220125700673688,
                0.9947798730726348
            ],
            [
                2.4133536690069926e-12,
                2.5945997118159927e-11,
                9.544998920464528e-12,
                3.7266391157268412e-06,
                0.9999962733229799
            ]
        ],
        [
            [
                0.9999999998296702,
                1.6918979215488367e-10,
                0.0,
                0.0,
                1.1399918523258925e-12
            ],
            [
                0.9999999994769755,
                5.211412482766086e-10,
                4.193795654257337e-13,
                0.0,
                1.463778512687117e-12
            ],
            [
                0.0,
                1.0815941554921777e-11,
                0.9999999999731586,
                1.5737102103423422e-11,
                2.882350792814425e-13
            ],
            [
                3.4151784775496295e-11,
                5.342237974311106e-10,
                8.807861381388684e-10,
                0.0953494700351455,
                0.9046505285156927
            ],
            [
                2.1297568635860803e-12,
                2.5945750128404194e-11,
                1.2255904546434029e-11,
                1.3007124771662121e-05,
                0.9999869928348969
            ]
        ],
        [
            [
                0.9999999979271714,
                2.0611536148575183e-09,
                2.129785163122315e-12,
                0.0,
                9.54503488773345e-12
            ],
            [
                0.9999999994722983,
                5.211412480064533e-10,
                0.0,
                0.0,
                6.560200158304807e-12
            ],
            [
                7.582488479113408e-10,
                1.0129987816287532e-05,
                0.9999897226962852,
                1.4449651570683794e-07,
                2.061134064727404e-09
            ],
            [
                6.550347977880874e-12,
                1.3156725616945396e-10,
                7.979957468103996e-11,
                0.0015011820335129903,
                0.9984988177485699
            ],
            [
                1.1399614968621166e-12,
                2.0206301014017284e-11,
                1.2255741084383955e-11,
                2.7535689837506698e-05,
                0.9999724642765605
            ]
        ],
        [
            [
                0.9999999999369749,
                6.224144617796009e-11,
                0.0,
                0.0,
                7.835041778629616e-13
            ],
            [
                0.9999999965981385,
                3.398267804185476e-09,
                1.4637785075314148e-12,
                0.0,
                2.129785161360853e-12
            ],
            [
                0.0,
                7.991959891185025e-11,
                0.9999999999104292,
                9.54503492072797e-12,
                1.0603575989176895e-13
            ],
            [
                1.2551601074236372e-10,
                1.9634007516146035e-09,
                4.709953555204704e-09,
                0.047425875148227326,
                0.9525741180529024
            ],
            [
                1.8794429533366026e-12,
                2.9399434266375925e-11,
                1.2255507545687014e-11,
                4.539785593897749e-05,
                0.9999546021005267
            ]
        ],
        [
            [
                0.9999999983801027,
                1.60522805000855e-09,
                2.4133627640498167e-12,
                0.0,
                1.225606740457213e-11
            ],
            [
                0.9999999976521272,
                2.335593029067308e-09,
                2.7346982801968396e-12,
                0.0,
                9.545034883068048e-12
            ],
            [
                1.4165440094802796e-09,
                4.539785376332802e-05,
                0.9999545590161348,
                4.139748412166004e-08,
                3.160736916926337e-10
            ],
            [
                2.924730082215322e-11,
                8.547314190617516e-10,
                1.437437227435739e-07,
                0.9947797298188389,
                0.005220125553459559
            ],
            [
                5.789147227307802e-12,
                6.223919817692355e-11,
                3.331424212605663e-11,
                3.535625751767137e-05,
                0.9999646436411398
            ]
        ],
        [
            [
                0.9999999969904858,
                2.998960811017876e-09,
                2.1297851611273758e-12,
                0.0,
                8.423463715596534e-12
            ],
            [
                0.9999999936352748,
                6.348800065444041e-09,
                5.109088987344125e-12,
                0.0,
                1.0815941471083146e-11
            ],
            [
                6.346669587680205e-09,
                0.0003353500565562121,
                0.9996645298496306,
                1.1249741020041372e-07,
                1.2497333404776207e-09
            ],
            [
                1.315110630022929e-10,
                2.641470311740214e-09,
                1.368315497462114e-06,
                0.9980718972221665,
                0.001926731689354674
            ],
            [
                2.129785219001337e-12,
                2.0206839546065674e-11,
                5.1090891433186125e-12,
                6.475946145985929e-07,
                0.9999993523779397
            ]
        ],
        [
            [
                0.9999999994649706,
                5.211412479350759e-10,
                0.0,
                0.0,
                1.3887943842211607e-11
            ],
            [
                0.9999999976527321,
                2.3355930295679154e-09,
                2.129785162537818e-12,
                0.0,
                9.545034885113917e-12
            ],
            [
                5.6756852276152594e-14,
                6.691586085377234e-10,
                0.9999999993076893,
                2.2897348436213638e-11,
                1.981008796297713e-13
            ],
            [
                1.671931600167161e-10,
                2.615341055695658e-09,
                3.610366962521774e-08,
                0.3208212757246391,
                0.679178685389157
            ],
            [
                1.6586689628419096e-12,
                1.7832371890848963e-11,
                2.734682800087577e-12,
                4.785094848841409e-06,
                0.9999952148829254
            ]
        ],
        [
            [
                0.9999999993266027,
                6.69158607842118e-10,
                1.1399918508515238e-12,
                0.0,
                3.0988191327610914e-12
            ],
            [
                0.9999999985670898,
                1.416608782339343e-09,
                2.413362764501084e-12,
                0.0,
                1.3887943822770528e-11
            ],
            [
                2.789452450426607e-10,
                6.144172039014281e-06,
                0.9999938418914383,
                1.344033458162715e-08,
                2.172427752732691e-10
            ],
            [
                2.127844296247507e-12,
                4.842951295795247e-11,
                2.2876482086874306e-11,
                0.0009110514048160638,
                0.9990889485217502
            ],
            [
                7.835027463219625e-13,
                8.423448357034456e-12,
                1.4637758384530507e-12,
                1.0677030765957156e-06,
                0.9999989322862527
            ]
        ],
        [
            [
                0.9999999993234079,
                6.691586077285947e-10,
                0.0,
                0.0,
                7.433680656792002e-12
            ],
            [
                0.9999999991252366,
                8.592166603292491e-10,
                1.6586783558483576e-12,
                0.0,
                1.3887943839293776e-11
            ],
            [
                2.1724316801629994e-10,
                2.9023121481673383e-06,
                0.9999970800211299,
                1.725776241103982e-08,
                1.9171642288204955e-10
            ],
            [
                6.975380139409495e-11,
                2.3099286590023167e-09,
                8.223923512890971e-07,
                0.9890122432931838,
                0.010986931934782358
            ],
            [
                4.752193666676259e-13,
                5.109089677322501e-12,
                6.101937453034829e-13,
                1.8553915983977117e-07,
                0.9999998144546457
            ]
        ],
        [
            [
                0.9999999990147803,
                9.736200293937909e-10,
                7.835041769716798e-13,
                0.0,
                1.0815941536098996e-11
            ],
            [
                0.999999995624258,
                4.363462229036301e-09,
                2.7346982766084683e-12,
                0.0,
                9.545034870543402e-12
            ],
            [
                3.398145167949913e-09,
                3.535625843268766e-05,
                0.9999645508852071,
                8.763931896939536e-08,
                1.8188960369117745e-09
            ],
            [
                4.3851759518391767e-11,
                8.80786134953404e-10,
                3.947409594325979e-09,
                0.09534946976921556,
                0.904650525358737
            ],
            [
                1.291779950613659e-12,
                1.2256066930126657e-11,
                2.1297850816407004e-12,
                4.1399375451719345e-08,
                0.9999999585849471
            ]
        ],
        [
            [
                0.9999999991313537,
                8.59216659791817e-10,
                1.0060392767945023e-12,
                0.0,
                8.423463733630058e-12
            ],
            [
                0.99999998272924,
                1.7257827665456816e-08,
                4.508755158038053e-12,
                0.0,
                8.423463597056274e-12
            ],
            [
                2.2153616230477292e-08,
                0.00026118930871530375,
                0.9997350344264682,
                3.7256653940449107e-06,
                2.844580631147892e-08
            ],
            [
                1.5375514443939157e-11,
                3.0882546307674523e-10,
                3.9653974391090253e-10,
                0.022977367821114383,
                0.9770226314581449
            ],
            [
                1.006039302106814e-12,
                1.0815941802661413e-11,
                2.4133628265839375e-12,
                6.475946146812356e-07,
                0.99999935239115
            ]
        ],
        [
            [
                0.9999999992334225,
                7.582560411357764e-10,
                8.878265459076751e-13,
                0.0,
                7.433680656123079e-12
            ],
            [
                0.9999999956217427,
                4.36346222683499e-09,
                3.978962512029176e-12,
                0.0,
                1.0815941492568667e-11
            ],
            [
                1.5229893856324294e-08,
                4.785094970219566e-06,
                0.999994883306906,
                3.059008871171109e-07,
                1.0467342764576181e-08
            ],
            [
                2.2744089952414735e-11,
                5.865778109799914e-10,
                3.202606332999889e-08,
                0.993307116172722,
                0.00669285119189268
            ],
            [
                1.2917751193297486e-12,
                2.0206762668828506e-11,
                8.423431897292136e-12,
                2.9023122000591148e-06,
                0.9999970976578779
            ]
        ],
        [
            [
                0.999999999229636,
                7.582560411329053e-10,
                1.2917800019609084e-12,
                0.0,
                1.0815941533631523e-11
            ],
            [
                0.9999999995335342,
                4.599055373019753e-10,
                0.0,
                0.0,
                6.560200160119358e-12
            ],
            [
                1.5428111917346726e-13,
                7.194132976900357e-09,
                0.9999999927429959,
                6.224144576686078e-11,
                4.752193027480446e-13
            ],
            [
                4.179498044934145e-11,
                9.512493704630122e-10,
                2.4533044610256993e-08,
                0.9770226072884657,
                0.022977367185445283
            ],
            [
                1.4637729783432954e-12,
                1.3887891342920938e-11,
                3.098807419469941e-12,
                2.90231220038543e-06,
                0.9999970976693491
            ]
        ],
        [
            [
                0.9999999997812923,
                2.172439932737291e-10,
                0.0,
                0.0,
                1.4637785125480663e-12
            ],
            [
                0.9999999990233603,
                9.736200292759284e-10,
                1.1399918506732914e-12,
                0.0,
                1.8795288126298596e-12
            ],
            [
                6.3487891205223205e-09,
                1.3709567120126062e-06,
                0.9999985517920141,
                6.825591555035358e-08,
                2.6465690552938757e-09
            ],
            [
                5.751992007483616e-11,
                8.997629357385873e-10,
                8.997629357385873e-10,
                0.07585817589869726,
                0.924141822244257
            ],
            [
                1.4636697570761063e-12,
                2.2895647209960655e-11,
                1.388691200680515e-11,
                7.48461971044241e-05,
                0.9999251537646493
            ]
        ],
        [
            [
                0.9999999993169535,
                6.691586079339585e-10,
                0.0,
                0.0,
                1.3887943840155953e-11
            ],
            [
                0.9999999987357115,
                1.2501528627994085e-09,
                1.8795288111457445e-12,
                0.0,
                1.2256067408930497e-11
            ],
            [
                3.5817416398168624e-10,
                1.7603432205373842e-06,
                0.9999981701834763,
                6.825591388827939e-08,
                8.592151529129872e-10
            ],
            [
                2.8538965013915362e-11,
                5.73220435536558e-10,
                1.304643697827776e-08,
                0.97068775886852,
                0.029312227483283767
            ],
            [
                3.978332819409499e-12,
                4.8466015546124643e-11,
                2.0203641126327505e-11,
                0.00015843624768247089,
                0.9998415636796696
            ]
        ],
        [
            [
                0.9999999988870287,
                1.1032560300415094e-09,
                1.2917800020905792e-12,
                0.0,
                8.423463736892321e-12
            ],
            [
                0.9999999992337198,
                7.582560411360019e-10,
                1.4637785109306429e-12,
                0.0,
                6.56020015383359e-12
            ],
            [
                9.73603351316821e-10,
                1.6701414657981262e-05,
                0.9999832721440086,
                2.5109561374979147e-08,
                3.5816865680507557e-10
            ],
            [
                1.0140778110549918e-10,
                1.2353996808860836e-09,
                3.358164503436744e-09,
                0.3208212866745003,
                0.6791787086305278
            ],
            [
                1.2917801091480913e-12,
                6.56020069814823e-12,
                1.2917801091480913e-12,
                1.125351838109052e-07,
                0.9999998874556724
            ]
        ],
        [
            [
                0.9999999996754885,
                3.160881449336365e-10,
                0.0,
                0.0,
                8.423463741204519e-12
            ],
            [
                0.9999999950473468,
                4.944450469513526e-09,
                2.413362756006668e-12,
                0.0,
                5.789356290764741e-12
            ],
            [
                3.0988190060237475e-12,
                4.1399375415041594e-08,
                0.9999999573271658,
                1.250152812852517e-09,
                2.0206838224922006e-11
            ],
            [
                5.4155375774807106e-11,
                1.7933797447755541e-09,
                6.729607844273858e-08,
                0.9859363029277942,
                0.014063627928592205
            ],
            [
                2.129777116378656e-12,
                2.5945996857927437e-11,
                3.511408833623873e-12,
                2.9023122003023674e-06,
                0.9999970976562125
            ]
        ],
        [
            [
                0.9999999992351836,
                7.582560411371118e-10,
                0.0,
                0.0,
                6.560200153843192e-12
            ],
            [
                0.9999999976459351,
                2.3355930299925776e-09,
                2.7346982812802196e-12,
                0.0,
                1.5737102047523422e-11
            ],
            [
                1.3887945540026536e-11,
                6.825604199589376e-08,
                0.9999999272172978,
                4.3634627792326995e-09,
                1.493094856283356e-10
            ],
            [
                2.7634178442019807e-11,
                8.075890728508717e-10,
                1.0369648957798072e-09,
                0.06008665438543995,
                0.9399133437423719
            ],
            [
                3.976762657317827e-12,
                1.025620607022267e-10,
                9.051070089240832e-11,
                0.0005527785850244234,
                0.999447221217926
            ]
        ],
        [
            [
                0.9999999996310092,
                3.5817479262456664e-10,
                0.0,
                0.0,
                1.0815941545093456e-11
            ],
            [
                0.9999999997519506,
                2.4616969484888803e-10,
                0.0,
                0.0,
                1.879528813999266e-12
            ],
            [
                5.7893563010414626e-12,
                3.3982678032419204e-09,
                0.9999999953198437,
                1.2501528604075426e-09,
                2.594609485867033e-11
            ],
            [
                6.150692823926252e-11,
                1.3998912342506917e-09,
                5.536677235205467e-09,
                0.3208212859721622,
                0.6791787070297624
            ],
            [
                2.733984093392993e-12,
                3.774148624077096e-11,
                2.593931885891887e-11,
                0.00026119032825539917,
                0.9997388096053298
            ]
        ],
        [
            [
                0.9999999988791273,
                1.1032560297277057e-09,
                1.8795288120826723e-12,
                0.0,
                1.573710206954983e-11
            ],
            [
                0.9999999956259844,
                4.363462226853499e-09,
                2.129785158221281e-12,
                0.0,
                8.423463704102707e-12
            ],
            [
                0.0,
                2.7894680915360456e-10,
                0.9999999996913642,
                2.9400777378796284e-11,
                2.8823507920671266e-13
            ],
            [
                1.4902182269781944e-10,
                2.0571828067749858e-09,
                1.3414516980432695e-08,
                0.7772998439879657,
                0.22270014039131272
            ],
            [
                6.101913600419269e-13,
                1.3887891341530654e-11,
                3.0988074191597268e-12,
                2.9023122000948863e-06,
                0.9999970976702031
            ]
        ],
        [
            [
                0.9999999998671247,
                1.3176514258353462e-10,
                3.2661313398768954e-13,
                0.0,
                7.835041778082338e-13
            ],
            [
                0.9999999981719461,
                1.8189616816511285e-09,
                1.6586783535323793e-12,
                0.0,
                7.433680648232401e-12
            ],
            [
                9.736107666143157e-10,
                1.0129987542876161e-05,
                0.9999898147782541,
                5.315734670949298e-08,
                1.1032455340782186e-09
            ],
            [
                6.539387189381879e-12,
                1.6865301846429643e-10,
                1.4883576640628418e-10,
                0.0031726830837394693,
                0.9968273165922323
            ],
            [
                8.878265452978129e-13,
                4.508755229354237e-12,
                8.878265452978129e-13,
                2.6465736313131804e-09,
                0.9999999973471418
            ]
        ],
        [
            [
                0.9999999991333497,
                8.592166599555966e-10,
                0.0,
                0.0,
                7.433680655379169e-12
            ],
            [
                0.9999999983852086,
                1.605228049673655e-09,
                2.129785163642629e-12,
                0.0,
                7.433680646826765e-12
            ],
            [
                0.0,
                7.991959888249314e-11,
                0.9999999998712366,
                4.8473687034167604e-11,
                3.701011676414002e-13
            ],
            [
                5.850155564349087e-11,
                1.3314892692539685e-09,
                9.83844890564175e-09,
                0.9399133350865024,
                0.0600866536850579
            ],
            [
                3.5113620509147318e-12,
                2.9400274496009354e-11,
                8.423319672112987e-12,
                1.6701415109620263e-05,
                0.9999832985435554
            ]
        ],
        [
            [
                0.9999999997753224,
                2.1724399318750364e-10,
                0.0,
                0.0,
                7.433680661388769e-12
            ],
            [
                0.9999999990178063,
                9.736200296064197e-10,
                1.1399918510602569e-12,
                0.0,
                7.43368065941424e-12
            ],
            [
                0.0,
                1.0261879628702959e-10,
                0.9999999998769498,
                2.0206839084316925e-11,
                2.2447770543649605e-13
            ],
            [
                1.4637702222144704e-12,
                1.3887865193498715e-11,
                3.0988015847451725e-12,
                4.785094849146349e-06,
                0.9999952148867004
            ],
            [
                1.0060335802476053e-12,
                1.573701295894517e-11,
                9.544980851895277e-12,
                4.785094848699823e-06,
                0.9999952148788632
            ]
        ],
        [
            [
                0.9999999961254531,
                3.850741901666418e-09,
                4.508755217587862e-12,
                1.4637785061047323e-12,
                1.7832472810428454e-11
            ],
            [
                0.9999999985698433,
                1.4166087835430713e-09,
                1.2917800019590482e-12,
                0.0,
                1.2256067417278148e-11
            ],
            [
                1.006039253318689e-12,
                2.5109990909382035e-08,
                0.9999999743604282,
                5.211412353388437e-10,
                7.433680480498096e-12
            ],
            [
                5.766250022941613e-11,
                1.487135481391865e-09,
                1.8117019020804246e-08,
                0.8175744691480763,
                0.1824255111901068
            ],
            [
                3.2661312070070347e-13,
                3.098819009896957e-12,
                2.543665541631031e-13,
                4.139937546678662e-08,
                0.9999999585969448
            ]
        ],
        [
            [
                0.9999999994005078,
                5.905303991452271e-10,
                5.384940210922427e-13,
                0.0,
                8.423463743782214e-12
            ],
            [
                0.999999997340197,
                2.646573628120593e-09,
                2.4133627619953533e-12,
                0.0,
                1.081594151319546e-11
            ],
            [
                1.2015425712872898e-13,
                1.2501528644203955e-09,
                0.9999999987060615,
                4.277787862240528e-11,
                8.878265464495164e-13
            ],
            [
                1.6333383001464866e-10,
                2.5549709771537143e-09,
                2.1392510076848395e-08,
                0.8519527759224045,
                0.14804719996678073
            ],
            [
                4.508592393745319e-12,
                4.847193627579948e-11,
                3.774998192857987e-11,
                3.53562575161214e-05,
                0.9999646436517534
            ]
        ],
        [
            [
                0.99999999888872,
                1.1032560297382888e-09,
                1.4637785106692942e-12,
                0.0,
                6.560200152662307e-12
            ],
            [
                0.9999999927976643,
                7.194132966962598e-09,
                2.4133627505773673e-12,
                0.0,
                5.789356277740527e-12
            ],
            [
                0.0,
                4.2777878680209006e-11,
                0.9999999999475571,
                9.545034920725136e-12,
                1.2015425729108776e-13
            ],
            [
                1.9922648420366975e-11,
                4.001570904549674e-10,
                8.471325671408455e-10,
                0.014063627282154854,
                0.9859363714506328
            ],
            [
                1.2917727793490368e-12,
                1.783237316406586e-11,
                5.789323946568803e-12,
                6.144172126774188e-06,
                0.9999938558029597
            ]
        ],
        [
            [
                0.9999999993222679,
                6.691586076016158e-10,
                1.1399918504417996e-12,
                0.0,
                7.433680655381392e-12
            ],
            [
                0.9999999965902098,
                3.398267802452696e-09,
                3.0988191231811912e-12,
                0.0,
                8.423463712224824e-12
            ],
            [
                1.9810087973439589e-13,
                4.2777878674465775e-11,
                0.9999999998613542,
                9.056076986449903e-11,
                5.109089026245053e-12
            ],
            [
                9.483431397064691e-11,
                1.6809784363975714e-09,
                1.8072221335220302e-08,
                0.9241418058422711,
                0.0758581743096948
            ],
            [
                1.879518303434149e-12,
                2.5945949853827673e-11,
                1.2255998890043812e-11,
                6.144172126263594e-06,
                0.9999938557877923
            ]
        ],
        [
            [
                0.9999999998068192,
                1.9171715115213545e-10,
                0.0,
                0.0,
                1.4637785124179708e-12
            ],
            [
                0.9999999961457047,
                3.850741902470725e-09,
                1.1399918470355676e-12,
                0.0,
                2.41336275911261e-12
            ],
            [
                7.582286588887819e-10,
                3.535625765660027e-05,
                0.9999645290364466,
                1.1253111058779409e-07,
                1.4165576267782224e-09
            ],
            [
                2.853896489297532e-11,
                8.340308088550119e-10,
                1.6751956606333417e-08,
                0.9706877550234474,
                0.02931222736202624
            ],
            [
                8.878265341479567e-13,
                5.109088949236725e-12,
                1.0060392637614391e-12,
                1.5229979509733848e-08,
                0.9999999847630174
            ]
        ],
        [
            [
                0.999999999322418,
                6.691586077279324e-10,
                0.0,
                0.0,
                8.423463736828307e-12
            ],
            [
                0.9999546020891685,
                4.539785570664239e-05,
                4.2775924419943557e-11,
                6.559900471181609e-12,
                5.789091847080999e-12
            ],
            [
                0.0,
                2.172439933354882e-10,
                0.9999999997275015,
                5.492788346595388e-11,
                3.2661313401953155e-13
            ],
            [
                3.2716214046047565e-11,
                3.517324486075538e-10,
                4.516334038859139e-10,
                0.017986211591474042,
                0.9820137875724438
            ],
            [
                1.1399875530916438e-12,
                1.5737042747846696e-11,
                5.789334491768941e-12,
                3.726639115458556e-06,
                0.9999962733382182
            ]
        ],
        [
            [
                0.9999999988844643,
                1.1032560291060521e-09,
                1.463778509830455e-12,
                0.0,
                1.0815941525546342e-11
            ],
            [
                0.9999999634554109,
                3.6534820756386285e-08,
                5.789356109923423e-12,
                0.0,
                3.978962385453378e-12
            ],
            [
                8.42346433439894e-12,
                1.1253518246696942e-07,
                0.9999998754260833,
                1.1861120967946488e-08,
                1.6918980390972438e-10
            ],
            [
                2.1294481078364693e-12,
                7.051763651358685e-11,
                2.5941988713349226e-11,
                0.00015843624791937047,
                0.9998415636534915
            ],
            [
                1.0060316565019757e-12,
                1.3887838635713492e-11,
                3.5113955072553413e-12,
                7.889265049615663e-06,
                0.999992110716545
            ]
        ],
        [
            [
                0.9999999976594285,
                2.3355930304128664e-09,
                1.879528809790213e-12,
                0.0,
                3.09881912759482e-12
            ],
            [
                0.9999999996388076,
                3.581747926273599e-10,
                8.878265468520898e-13,
                0.0,
                2.1297851685716e-12
            ],
            [
                1.0465266327503268e-08,
                0.00020342685918373573,
                0.9997964163884139,
                1.444685453949688e-07,
                1.8185905989894004e-09
            ],
            [
                5.4822069869951695e-11,
                2.0571829949062407e-09,
                2.8398535267498883e-08,
                0.880797049598284,
                0.11920291989117572
            ],
            [
                1.4637785856348643e-12,
                1.2256068042836635e-11,
                2.4133628897315493e-12,
                1.4449803166998613e-07,
                0.999999855485835
            ]
        ],
        [
            [
                0.9999999994704352,
                5.211412480651026e-10,
                0.0,
                0.0,
                8.423463742770297e-12
            ],
            [
                0.9999999827349287,
                1.7257827665554993e-08,
                2.734698240503116e-12,
                0.0,
                4.508755158063702e-12
            ],
            [
                3.4424771068290464e-14,
                3.581747928575864e-10,
                0.9999999996259474,
                1.5737102099361474e-11,
                1.0603575986469425e-13
            ],
            [
                9.878829891222118e-11,
                4.7598868011784375e-09,
                3.3369382692017146e-07,
                0.9626727867532388,
                0.03732687469425924
            ],
            [
                2.413063684425092e-12,
                3.331131664735058e-11,
                2.2894510794135287e-11,
                0.00012339462876047753,
                0.9998766053126206
            ]
        ],
        [
            [
                0.9999999993296749,
                6.691586081057721e-10,
                4.752193055502475e-13,
                0.0,
                6.914400096364338e-13
            ],
            [
                0.9999999965918851,
                3.398267803099368e-09,
                2.413362760189405e-12,
                0.0,
                7.433680636486732e-12
            ],
            [
                2.3659776074077595e-14,
                5.905303994633571e-10,
                0.9999999993863506,
                2.289734843974203e-11,
                1.9810087966029787e-13
            ],
            [
                5.156071587719053e-11,
                1.7074564095868871e-09,
                3.429517875949087e-08,
                0.731058564247425,
                0.26894139969837927
            ],
            [
                1.6586689627024798e-12,
                1.3887865191446248e-11,
                3.5114022215960773e-12,
                4.785094848439167e-06,
                0.9999952148860937
            ]
        ],
        [
            [
                0.9999999973341778,
                2.6465736270398065e-09,
                3.5114220976285427e-12,
                0.0,
                1.57371020362854e-11
            ],
            [
                0.999999997337659,
                2.646573628113876e-09,
                3.511422099053597e-12,
                0.0,
                1.2256067394107598e-11
            ],
            [
                1.3887944962083363e-11,
                1.1253518360930923e-07,
                0.9999998856025659,
                1.8189618312473228e-09,
                2.9400779715446394e-11
            ],
            [
                1.255160112579512e-10,
                2.224824533581339e-09,
                1.214713036818941e-07,
                0.9525740122487909,
                0.047425863929564854
            ],
            [
                3.098588899959345e-12,
                4.2774700341612814e-11,
                2.020533774489755e-11,
                7.484619710234095e-05,
                0.999925153736819
            ]
        ],
        [
            [
