{
    "[['A', 'B', 'C', 'D', 'E'], ['A', 'B', 'C', 'D', 'E']]": [
        [
            [
                0.9999999827315161,
                1.7257827676857837e-08,
                5.789356224367431e-12,
                8.878265318413475e-13,
                3.978962464109517e-12
            ],
            [
                0.9999970976097058,
                2.902312195890944e-06,
                6.224121074522539e-11,
                7.433652547816712e-12,
                8.423431885194781e-12
            ],
            [
                6.431393918292605e-14,
                3.3982678072579377e-09,
                0.9999999965681983,
                3.3315445301695486e-11,
                1.5428111976362377e-13
            ],
            [
                5.1090503153293944e-12,
                7.05282640983141e-11,
                6.224097461143053e-11,
                7.889265047984937e-06,
                0.9999921105970737
            ],
            [
                2.413362723709724e-12,
                1.573710179305833e-11,
                8.423463586501163e-12,
                1.955568069790182e-08,
                0.9999999804177455
            ]
        ],
        [
            [
                0.9999993521526149,
                6.475946136947031e-07,
                1.1628233276310515e-10,
                2.0206839517861678e-11,
                1.1628233276310515e-10
            ],
            [
                0.9999938556604537,
                6.144172116953182e-06,
                1.1628167970323457e-10,
                1.7832373135562128e-11,
                3.331525902193691e-11
            ],
            [
                0.9706876723704702,
                0.029312228393905588,
                9.64008574639741e-08,
                2.000735967121688e-09,
                8.340308360977807e-10
            ],
            [
                1.4637785091842445e-12,
                1.2256067402723434e-11,
                5.1090890108152215e-12,
                2.9989608147329217e-09,
                0.9999999969822102
            ],
            [
                2.4133627171775695e-12,
                1.5737101750463332e-11,
                9.545034706673362e-12,
                2.2159489271518016e-08,
                0.9999999778128154
            ]
        ],
        [
            [
                0.99999999183933,
                8.1520206431302e-09,
                3.978962501016541e-12,
                6.914400046430902e-13,
                3.978962501016541e-12
            ],
            [
                0.999999953056997,
                4.691163795752419e-08,
                2.0206838116390827e-11,
                2.734698159798134e-12,
                8.423463348515346e-12
            ],
            [
                1.9553781148230578e-08,
                9.610231429735229e-05,
                0.999903014445255,
                8.314479316151942e-07,
                3.223873490170293e-08
            ],
            [
                3.3141534481149186e-11,
                5.184208239657459e-10,
                2.050394133544228e-09,
                0.00522012568907144,
                0.9947798717089721
            ],
            [
                1.8795288018621167e-12,
                1.3887943756515093e-11,
                8.423463688691048e-12,
                7.194132974147448e-09,
                0.9999999927816762
            ]
        ],
        [
            [
                0.9999999950505869,
                4.944450474546668e-09,
                2.4133627584633208e-12,
                4.193795635146154e-13,
                2.129785159156896e-12
            ],
            [
                0.9999999677418581,
                3.22418663134648e-08,
                6.560199952659913e-12,
                1.2917799623527382e-12,
                8.423463477769047e-12
            ],
            [
                1.185802237621831e-08,
                0.0002611903277743303,
                0.999738682662537,
                1.1250578384718774e-07,
                2.645882431849256e-09
            ],
            [
                1.3887866181386421e-11,
                1.0261822230870604e-10,
                4.277763940742537e-11,
                6.144172125531195e-06,
                0.9999938556685907
            ],
            [
                2.4133627575037933e-12,
                1.2256067371328679e-11,
                3.978962512212019e-12,
                5.60279640427048e-09,
                0.9999999943785551
            ]
        ],
        [
            [
                0.31941005228988945,
                0.6761911078102163,
                0.0013053558176202226,
                0.0003300457946865327,
                0.002763438287587463
            ],
            [
                0.9999997616557651,
                2.3823698419434796e-07,
                5.492788753147148e-11,
                9.545035621746333e-12,
                4.277788182196804e-11
            ],
            [
                9.579749218253494e-05,
                0.9967313030668398,
                0.003172377250133939,
                5.02699102823287e-07,
                1.949174090090878e-08
            ],
            [
                3.0988190093370412e-12,
                2.594609389943913e-11,
                8.42346340276434e-12,
                4.13993754593063e-08,
                0.9999999585631563
            ],
            [
                1.6586783460831112e-12,
                1.2256067349289618e-11,
                6.560200117405715e-12,
                7.194132974673374e-09,
                0.9999999927853921
            ]
        ],
        [
            [
                0.9999999990234942,
                9.736200297752589e-10,
                1.006039277706817e-12,
                0.0,
                1.879528813593794e-12
            ],
            [
                0.9999997617123352,
                2.382369841681691e-07,
                3.331544785742383e-11,
                5.1090894015991744e-12,
                1.2256068340165403e-11
            ],
            [
                0.0,
                1.3176514265945354e-10,
                0.9999999998542268,
                1.3887943860589833e-11,
                1.2015425727987372e-13
            ],
            [
                1.6586784928610905e-12,
                2.5946097078046078e-11,
                1.573710337771532e-11,
                1.1253518380705672e-07,
                0.9999998874214743
            ],
            [
                1.879529015023227e-12,
                3.331544893987975e-11,
                1.5737103768750287e-11,
                8.764249144975763e-08,
                0.9999999123065765
            ]
        ],
        [
            [
                0.9999999895130615,
                1.046740167879234e-08,
                4.508755192349229e-12,
                1.1399918404161313e-12,
                1.3887943711120756e-11
            ],
            [
                0.09534858082841614,
                0.9046422180637054,
                9.1641095669474e-06,
                3.305093973856158e-08,
                3.947371836980888e-09
            ],
            [
                6.560200488065599e-12,
                1.4449803165745123e-07,
                0.999999855302227,
                1.9171716072502502e-10,
                1.4637785855078846e-12
            ],
            [
                2.7346933540656867e-12,
                4.847359954295676e-11,
                6.224133385149977e-11,
                1.760343133832607e-06,
                0.9999982395434165
            ],
            [
                3.978962532209519e-12,
                1.783247289188807e-11,
                3.511422110175059e-12,
                6.691586085191892e-10,
                0.9999999993055186
            ]
        ],
        [
            [
                0.9999999969963191,
                2.9989608138426057e-09,
                1.658678352822172e-12,
                3.2661313307914715e-13,
                2.734698281547767e-12
            ],
            [
                0.999998628973347,
                1.3709566530163552e-06,
                4.8473601024901e-11,
                5.789346052980628e-12,
                1.5737074174478337e-11
            ],
            [
                5.6016533970123814e-09,
                0.00020342685891940594,
                0.9997960576930044,
                5.042447693388776e-07,
                5.6016533970123814e-09
            ],
            [
                1.6586784398626785e-12,
                2.020684007637614e-11,
                1.0815942085135876e-11,
                1.4449803166285872e-07,
                0.9999998554692868
            ],
            [
                1.879528773976336e-12,
                1.5737101750489382e-11,
                8.423463563715648e-12,
                2.21594892715547e-08,
                0.9999999778144707
            ]
        ],
        [
            [
                0.9999999918367936,
                8.152020643675183e-09,
                4.508755203139226e-12,
                8.878265401357713e-13,
                5.789356278453868e-12
            ],
            [
                0.99984156353981,
                0.00015843624670560573,
                1.9168680983128953e-10,
                1.2254127774051226e-11,
                9.543524306288147e-12
            ],
            [
                2.8823507721472795e-13,
                7.194132977169388e-09,
                0.999999992742967,
                6.224144576918836e-11,
                3.7010116512466445e-13
            ],
            [
                1.8795288021020464e-12,
                1.5737101985983072e-11,
                9.545034849523305e-12,
                7.194132975065808e-09,
                0.9999999927787053
            ],
            [
                1.4637784982486985e-12,
                1.2256067311161228e-11,
                7.43368059172106e-12,
                1.0467401681207576e-08,
                0.9999999895114448
            ]
        ],
        [
            [
                0.9999999317058842,
                6.82560422075286e-08,
                2.020684159007713e-11,
                3.978963028087868e-12,
                1.3887945583087533e-11
            ],
            [
                0.9999999123285179,
                8.764249136981685e-08,
                1.7832474775046095e-11,
                2.734698577890217e-12,
                8.423464636329625e-12
            ],
            [
                4.363304650923332e-09,
                3.53562575063504e-05,
                0.9999645247869997,
                1.1253111010958214e-07,
                2.0610791765154907e-09
            ],
            [
                5.789345743903884e-12,
                6.224133243146567e-11,
                4.277780047781119e-11,
                1.0677030761650216e-06,
                0.9999989321861154
            ],
            [
                1.2917799987218969e-12,
                8.423463714925753e-12,
                5.109089004079347e-12,
                4.363462232459975e-09,
                0.9999999956217134
            ]
        ],
        [
            [
                0.9999999803960133,
                1.955568066891015e-08,
                1.2256067181538383e-11,
                2.7346982330065746e-12,
                3.3315444707949055e-11
            ],
            [
                0.9999994956419399,
                5.043472049233371e-07,
                7.433681016345263e-12,
                1.2917800645630293e-12,
                2.129785269511451e-12
            ],
            [
                6.34842480000159e-09,
                5.829127317095325e-05,
                0.9999416478071691,
                5.315471006149814e-08,
                1.4165250423146181e-09
            ],
            [
                5.109088812841507e-12,
                3.775134385250489e-11,
                1.3887943279930464e-11,
                4.139937544389121e-08,
                0.9999999585438761
            ],
            [
                6.560199976834247e-12,
                7.991959659879029e-11,
                3.331544445006337e-11,
                2.8453347260029865e-08,
                0.9999999714268575
            ]
        ],
        [
            [
                0.9999994955122273,
                5.043472044412863e-07,
                9.0560774000865e-11,
                1.2256067999533935e-11,
                3.7751347153649536e-11
            ],
            [
                0.9999994955619238,
                5.043472044663506e-07,
                6.22414490528999e-11,
                8.423464136631409e-12,
                2.0206840006982977e-11
            ],
            [
                4.5990555307420366e-10,
                8.315279535948034e-07,
                0.9999991245516087,
                4.1399378556919696e-08,
                2.0611536906004415e-09
            ],
            [
                4.508755589491782e-12,
                6.224145102198398e-11,
                4.2777881983802994e-11,
                8.315279901282191e-07,
                0.9999991683624818
            ],
            [
                3.978962420750517e-12,
                4.27778774523911e-11,
                1.783247239236348e-11,
                2.8453347266855005e-08,
                0.9999999714820634
            ]
        ],
        [
            [
                0.9999999990207422,
                9.736200296960253e-10,
                1.6586783561800388e-12,
                0.0,
                3.978962529278253e-12
            ],
            [
                0.9999977396166173,
                2.260325270443651e-06,
                4.2777800403624825e-11,
                5.789345733863851e-12,
                9.545017454858374e-12
            ],
            [
                6.823274293813055e-08,
                0.00033534784417503684,
                0.9996581719476837,
                6.142109922481175e-06,
                2.698654759717275e-07
            ],
            [
                2.4133630783346456e-12,
                2.020684165652724e-11,
                6.5602010013110514e-12,
                1.8553915982540332e-07,
                0.9999998144316598
            ],
            [
                1.1399918511439832e-12,
                7.433680659960205e-12,
                2.413362767810126e-12,
                1.2501528643027315e-09,
                0.9999999987388601
            ]
        ],
        [
            [
                0.9999999927902069,
                7.194132973002177e-09,
                5.109088987353852e-12,
                1.0060392712671464e-12,
                9.54503484678532e-12
            ],
            [
                0.999972463962553,
                2.7535689785552092e-05,
                2.7893938084769883e-10,
                2.5945404030287433e-11,
                4.2776739501643726e-11
            ],
            [
                1.1766893693105175e-05,
                0.09534817390914865,
                0.9046382255183248,
                1.8045115921739418e-06,
                2.9167241170421616e-08
            ],
            [
                7.431186092109645e-12,
                1.1624330850177003e-10,
                2.4608708602935944e-10,
                0.0003353500551395604,
                0.9996646495750989
            ],
            [
                3.978962464361433e-12,
                2.0206838727238073e-11,
                1.2256067223938498e-11,
                1.7257827677950463e-08,
                0.9999999827057305
            ]
        ],
        [
            [
                0.9999999468093272,
                5.315784960717578e-08,
                1.2256066766929373e-11,
                2.7346981404947995e-12,
                1.7832471922869693e-11
            ],
            [
                9.32370048307657e-07,
                0.008561014920652001,
                0.9895189859983015,
                0.0019102206302781784,
                8.846080720075888e-06
            ],
            [
                2.1724317359602986e-10,
                3.7266391071228178e-06,
                0.9999962710397261,
                2.0611458433313088e-09,
                4.2777717239469776e-11
            ],
            [
                2.129781393192886e-12,
                2.5946048960190966e-11,
                1.78324412773249e-11,
                1.3709566546090662e-06,
                0.9999986289974372
            ],
            [
                2.1297851667418153e-12,
                9.545034903954927e-12,
                3.5114221064288505e-12,
                1.605228052009525e-09,
                0.9999999983795858
            ]
        ],
        [
            [
                0.9999999827193978,
                1.7257827670694752e-08,
                9.54503474736606e-12,
                2.4133627274662952e-12,
                1.0815941358446958e-11
            ],
            [
                0.9999724640662095,
                2.75356897817375e-05,
                1.9171204586265685e-10,
                2.2896738689862592e-11,
                2.939999443704115e-11
            ],
            [
                1.1860373634066823e-08,
                5.829105036166813e-05,
                0.9999378261780195,
                3.726422177113921e-06,
                1.444890679641532e-07
            ],
            [
                3.978666903263575e-12,
                6.2236821757555e-11,
                7.052355829836925e-11,
                7.484619709950534e-05,
                0.9999251536661614
            ],
            [
                3.098819124848991e-12,
                2.2897348353948374e-11,
                9.545034880109289e-12,
                3.850741905528564e-09,
                0.9999999961137169
            ]
        ],
        [
            [
                0.9999999979296308,
                2.0611536166083267e-09,
                2.7346982838564377e-12,
                6.914400087381956e-13,
                5.789356312354732e-12
            ],
            [
                0.9999921105714783,
                7.889265037319618e-06,
                1.317641441082585e-10,
                1.3887838614068195e-11,
                1.783233776332102e-11
            ],
            [
                2.764510621029814e-06,
                0.04742302576317983,
                0.9525170062855951,
                5.552668015323881e-05,
                1.676760450755795e-06
            ],
            [
                5.789356086759977e-12,
                2.2897347499442946e-11,
                9.54503452389843e-12,
                4.139937545753233e-08,
                0.9999999585623929
            ],
            [
                2.734698270190037e-12,
                2.2897348277260137e-11,
                1.573710198370383e-11,
                7.194132974023865e-09,
                0.9999999927644979
            ]
        ],
        [
            [
                0.9999999881224056,
                1.1861120003457906e-08,
                5.789356256548236e-12,
                1.139991838830795e-12,
                9.545034803831943e-12
            ],
            [
                0.9999921105161708,
                7.88926503328636e-06,
                1.691885099566154e-10,
                2.0206685940742025e-11,
                2.9400554561665956e-11
            ],
            [
                7.193240995937008e-09,
                0.0001233945019246756,
                0.9998759451878134,
                6.47514919207558e-07,
                5.6021017204570745e-09
            ],
            [
                5.108787313593835e-12,
                9.055542187979338e-11,
                1.0261273621990171e-10,
                5.8291276762123915e-05,
                0.9999417085249609
            ],
            [
                1.6586783168625625e-12,
                1.7832472456048343e-11,
                5.7893561819559065e-12,
                2.510999092083837e-08,
                0.9999999748647286
            ]
        ],
        [
            [
                0.9999999936425694,
                6.348800071932466e-09,
                3.5114220889792885e-12,
                6.101936635209306e-13,
                4.5087552109681705e-12
            ],
            [
                0.9999546015070961,
                4.5397855636646e-05,
                4.0584667042671017e-10,
                6.223860268741275e-11,
                1.6918206271387638e-10
            ],
            [
                1.201542572842813e-13,
                9.05607698715274e-11,
                0.9999999998710292,
                3.7751345432285525e-11,
                5.384940216255513e-13
            ],
            [
                2.7346879489246535e-12,
                5.492767577152247e-11,
                5.492767577152247e-11,
                2.9023121998932725e-06,
                0.99999709757521
            ],
            [
                4.508755111099093e-12,
                2.940077653734109e-11,
                2.0206838502243693e-11,
                2.845334726189865e-08,
                0.9999999714925364
            ]
        ],
        [
            [
                0.9999832968443095,
                1.6701415040666753e-05,
                1.1032371567242005e-09,
                1.1628034082656674e-10,
                5.211323325776092e-10
            ],
            [
                0.9999989322704709,
                1.0677030761973893e-06,
                2.0206802146159182e-11,
                2.7346932917566458e-12,
                3.5114156934609987e-12
            ],
            [
                0.004048968776256392,
                0.9907498678236637,
                0.005198978820088268,
                1.976281458500908e-06,
                2.08298533241986e-07
            ],
            [
                3.9789628567271524e-12,
                4.8473690971941975e-11,
                2.020684071983561e-11,
                1.1253518379484151e-07,
                0.9999998873921567
            ],
            [
                1.2917800015741711e-12,
                1.2256067413626535e-11,
                5.789356314336251e-12,
                2.0611536173137964e-09,
                0.9999999979195091
            ]
        ],
        [
            [
                0.9999999987431998,
                1.2501528639789997e-09,
                2.1297851668539067e-12,
                5.384940207382863e-13,
                3.978962528173922e-12
            ],
            [
                0.9820137702909052,
                0.017986211166496645,
                1.6947418123963732e-08,
                1.0834121936407936e-09,
                5.117676831076824e-10
            ],
            [
                2.41336302633861e-12,
                8.764249143692775e-08,
                0.9999999119934089,
                3.581748308002679e-10,
                3.511422483679678e-12
            ],
            [
                5.109088814128732e-12,
                4.2777876898437565e-11,
                2.020683824409444e-11,
                4.13993754543217e-08,
                0.9999999585325308
            ],
            [
                1.2917799844882856e-12,
                1.2256067251520167e-11,
                9.545034772859707e-12,
                1.5229979505404295e-08,
                0.9999999847469276
            ]
        ],
        [
            [
                0.9999991682392214,
                8.315279893755497e-07,
                9.056077678839361e-11,
                2.594609695725973e-11,
                1.1628233915128265e-10
            ],
            [
                0.9626730921257766,
                0.037326882872782685,
                2.417269930929644e-08,
                6.441806167758938e-10,
                1.8456083675064942e-10
            ],
            [
                0.017983407269687793,
                0.9818607843914826,
                0.00015558695536831087,
                2.0642972770574472e-07,
                1.4953733580635686e-08
            ],
            [
                3.0988195286251142e-12,
                2.940078109214413e-11,
                1.5737104086955185e-11,
                3.0590235899142955e-07,
                0.9999996940494043
            ],
            [
                2.4133627536333627e-12,
                1.7832472773666667e-11,
                1.0815941475719618e-11,
                7.194132976072391e-09,
                0.9999999927748051
            ]
        ],
        [
            [
                0.999999984758116,
                1.5229979503585282e-08,
                5.109088947174111e-12,
                1.0060392633552864e-12,
                5.789356237071164e-12
            ],
            [
                0.999999946791847,
                5.3157849649357626e-08,
                2.2897347209504725e-11,
                4.508754996755653e-12,
                2.2897347209504725e-11
            ],
            [
                1.0603575961822805e-13,
                2.6465736314959583e-09,
                0.9999999973152423,
                3.775134533704795e-11,
                3.266131333638883e-13
            ],
            [
                2.1297853291200094e-12,
                4.8473690662503705e-11,
                4.8473690662503705e-11,
                2.382369844423723e-07,
                0.9999997616639384
            ],
            [
                2.4133627295531693e-12,
                2.9400776877768334e-11,
                1.2256067229383699e-11,
                1.7257827685617878e-08,
                0.9999999826981022
            ]
        ],
        [
            [
                0.9999999468026948,
                5.315784964993427e-08,
                2.020683799001115e-11,
                3.5114219221885035e-12,
                1.5737101250017695e-11
            ],
            [
                0.9999996071936337,
                3.927863697700046e-07,
                1.3887944403172387e-11,
                2.1297852534927112e-12,
                3.9789626900365184e-12
            ],
            [
                5.602540702330225e-09,
                4.539785751863895e-05,
                0.9999542843030725,
                3.058883578326229e-07,
                6.348510330089425e-09
            ],
            [
                2.2896738731989175e-11,
                1.1627923386587234e-10,
                7.991747078204219e-11,
                2.7535689832399062e-05,
                0.9999724640910741
            ],
            [
                2.1297851664600743e-12,
                8.423463736687767e-12,
                2.413362766738906e-12,
                1.8189616837134447e-09,
                0.9999999981680716
            ]
        ],
        [
            [
                0.9999999847563379,
                1.5229979504614993e-08,
                5.109088947519541e-12,
                1.139991835072608e-12,
                7.433680555161674e-12
            ],
            [
                0.9999998874054905,
                1.1253518363195208e-07,
                2.9400779721362034e-11,
                3.978962850967789e-12,
                2.5946097037673977e-11
            ],
            [
                0.09534640071384812,
                0.9046215458784285,
                3.198515388376978e-05,
                6.174587261280315e-08,
                6.507967093285109e-09
            ],
            [
                3.5114222496567007e-12,
                5.492788564132767e-11,
                4.8473688943992536e-11,
                3.927863697923545e-07,
                0.9999996071067172
            ],
            [
                2.734698275227019e-12,
                1.3887943781856425e-11,
                6.560200128896531e-12,
                5.602796404009271e-09,
                0.9999999943740208
            ]
        ],
        [
            [
                0.9999999121474694,
                8.764249136682372e-08,
                4.847369213580664e-11,
                1.225606872678107e-11,
                1.493094832459771e-10
            ],
            [
                0.9999999715214509,
                2.8453347243952895e-08,
                1.2256067079742506e-11,
                2.1297851076400364e-12,
                1.081594123574179e-11
            ],
            [
                3.775134621315106e-11,
                6.475946132045094e-07,
                0.9999993502580082,
                2.0611536644987932e-09,
                4.847368805186448e-11
            ],
            [
                1.879528807946921e-12,
                1.2256067388071548e-11,
                2.12978516121959e-12,
                4.363462232996375e-09,
                0.9999999956202723
            ],
            [
                1.4637785062536563e-12,
                1.783247281224272e-11,
                8.423463709166962e-12,
                4.944450475347214e-09,
                0.9999999950278298
            ]
        ],
        [
            [
                0.9999999988871602,
                1.1032560301678706e-09,
                2.413362767073926e-12,
                6.10193666557196e-13,
                6.560200155216693e-12
            ],
            [
                0.9997388094329589,
                0.00026119032642692966,
                2.171872575760276e-10,
                1.388431685818574e-11,
                9.542542119967814e-12
            ],
            [
                2.244777041984403e-13,
                5.602796404998956e-09,
                0.9999999943417968,
                5.492788319055246e-11,
                2.5436656326045524e-13
            ],
            [
                4.0107553500971884e-10,
                7.109233962789404e-09,
                4.6358028755457356e-08,
                0.32082127079116085,
                0.6791786753405009
            ],
            [
                2.734698280948618e-12,
                2.0206839011578552e-11,
                1.0815941515190798e-11,
                3.398267806269248e-09,
                0.9999999965679747
            ]
        ],
        [
            [
                0.9999996069817391,
                3.927863693109951e-07,
                1.3176514765335292e-10,
                2.0206839849697042e-11,
                7.991960193332071e-11
            ],
            [
                0.9984988164459276,
                0.001501182022096824,
                1.4144813031019063e-09,
                7.979957452128192e-11,
                3.769464992681764e-11
            ],
            [
                9.357622955388015e-14,
                1.2501528645895709e-09,
                0.9999999987117478,
                3.775134538852109e-11,
                2.543665643720247e-13
            ],
            [
                1.6586783532425187e-12,
                8.423463725665314e-12,
                4.508755226877512e-12,
                2.99896081460261e-09,
                0.9999999969864484
            ],
            [
                2.734698278301745e-12,
                2.2897348345178638e-11,
                1.0815941504722212e-11,
                4.36346223173808e-09,
                0.9999999956000898
            ]
        ],
        [
            [
                0.9999999847579453,
                1.5229979504639474e-08,
                6.560200064744057e-12,
                1.0060392634249224e-12,
                4.508755171222432e-12
            ],
            [
                0.9997388091642633,
                0.00026119032635673066,
                4.5978542777293705e-10,
                2.939309901153499e-11,
                2.020156182106952e-11
            ],
            [
                1.5428111885191075e-13,
                9.237449574118582e-09,
                0.9999999906587712,
                1.026187953410712e-10,
                1.0060392697154624e-12
            ],
            [
                2.4133627103728413e-12,
                2.594609432200339e-11,
                1.2256067131977957e-11,
                2.5109990917971333e-08,
                0.9999999748493935
            ],
            [
                1.463778509831087e-12,
                5.789356311744302e-12,
                1.2917800009958291e-12,
                2.646573631143897e-09,
                0.9999999973448814
            ]
        ],
        [
            [
                0.999999992797593,
                7.194132974261955e-09,
                3.511422086012219e-12,
                7.8350417240064e-13,
                3.978962504829434e-12
            ],
            [
                0.9999952147547834,
                4.785094840441721e-06,
                1.1628167138256597e-10,
                1.388786516823512e-11,
                2.0206724587157262e-11
            ],
            [
                2.215674342361588e-08,
                0.00012339450921806662,
                0.9998764810358145,
                9.929963483590408e-08,
                2.9985891468360104e-09
            ],
            [
                1.2917799976000493e-12,
                1.5737102019320147e-11,
                1.0815941497118498e-11,
                4.944450474433529e-09,
                0.9999999950277048
            ],
            [
                1.1399918487923875e-12,
                1.0815941516944145e-11,
                3.5114221002795285e-12,
                3.3982678068201333e-09,
                0.9999999965862649
            ]
        ],
        [
            [
                0.999999999405079,
                5.905303990953117e-10,
                1.291780003037989e-12,
                0.0,
                3.0988191345285744e-12
            ],
            [
                0.9999999123257794,
                8.764249138245126e-08,
                2.020684120860967e-11,
                3.09881946358707e-12,
                8.423464637543938e-12
            ],
            [
                3.775134331111602e-11,
                5.3157849542622376e-08,
                0.9999999437255188,
                2.9989606555173906e-09,
                7.99195944167834e-11
            ],
            [
                1.0777890096421713e-10,
                2.1647970948573703e-09,
                1.5995807176703204e-08,
                0.4378234913236825,
                0.5621764904079344
            ],
            [
                1.4637785088441115e-12,
                1.0815941518258197e-11,
                6.560200144482405e-12,
                2.998960814036064e-09,
                0.9999999969821993
            ]
        ],
        [
            [
                0.9999999918416075,
                8.152020642507788e-09,
                2.734698267451186e-12,
                5.384940170218201e-13,
                3.0988191113668415e-12
            ],
            [
                0.9992903290118846,
                0.0007096703400866919,
                5.901115502651278e-10,
                3.7724569281824126e-11,
                2.0192506844052802e-11
            ],
            [
                0.008567535709991244,
                0.990272438797015,
                0.0011594898719514586,
                4.994416132161499e-07,
                3.617942911417249e-08
            ],
            [
                2.5943621846462854e-11,
                2.7892022056590073e-10,
                3.160580164633084e-10,
                9.610239921672752e-05,
                0.9999038969798615
            ],
            [
                1.8795288006628894e-12,
                9.545034842214665e-12,
                4.5087552042098165e-12,
                8.152020645610857e-09,
                0.999999991832046
            ]
        ],
        [
            [
                0.9999999961434909,
                3.850741905340439e-09,
                2.1297851613170853e-12,
                5.384940193383586e-13,
                3.0988191246976003e-12
            ],
            [
                0.9820137728225655,
                0.017986211235030688,
                1.4956044058192023e-08,
                7.446175880379917e-10,
                2.417419371949572e-10
            ],
            [
                0.014061917404181355,
                0.9858163305160325,
                0.00012165942171728346,
                8.639932306815506e-08,
                6.258745970980951e-09
            ],
            [
                5.854590026808758e-10,
                1.71096200366247e-08,
                1.0043097690447047e-05,
                0.9914125395161743,
                0.008577399691056318
            ],
            [
                1.0060392750363774e-12,
                8.423463718909458e-12,
                3.0988191256403313e-12,
                3.850741906511922e-09,
                0.9999999961367299
            ]
        ],
        [
            [
                0.9999997616223665,
                2.3823698422138743e-07,
                7.991960479047588e-11,
                1.2256068342903214e-11,
                4.8473690617540274e-11
            ],
            [
                0.9999986290227444,
                1.3709566541087984e-06,
                1.5737074187018386e-11,
                2.1297813924157193e-12,
                2.7346934398503924e-12
            ],
            [
                2.3659776081291952e-14,
                1.6918979218960553e-10,
                0.9999999998211588,
                9.545034918783884e-12,
                8.25807328204615e-14
            ],
            [
                1.0815921784393062e-11,
                5.4927783094512485e-11,
                3.331538451686709e-11,
                1.0677030763789576e-06,
                0.9999989321978645
            ],
            [
                1.1399918470312004e-12,
                9.545034872493098e-12,
                3.5114220948546902e-12,
                4.944450475857978e-09,
                0.999999995041353
            ]
        ],
        [
            [
                0.9999999973354334,
                2.646573630639972e-09,
                3.098819129039652e-12,
                1.0060392761399753e-12,
                1.3887943821571528e-11
            ],
            [
                0.9999646433964479,
                3.535625746571212e-05,
                2.7893673380620007e-10,
                2.939971544499266e-11,
                3.774998187475773e-11
            ],
            [
                5.4028123725559954e-05,
                0.5621391697291988,
                0.4377944255802093,
                1.2055303899403374e-05,
                3.212629670345464e-07
            ],
            [
                3.722040715567734e-11,
                7.475918622214357e-10,
                6.259510025338243e-09,
                0.01406362721213482,
                0.9859363657435428
            ],
            [
                2.7346982785808595e-12,
                2.5946094859319596e-11,
                7.433680636984584e-12,
                4.363462232183433e-09,
                0.9999999956004233
            ]
        ],
        [
            [
                0.9999999847540746,
                1.522997950352373e-08,
                9.545034771681105e-12,
                1.2917799843287793e-12,
                5.109088947153463e-12
            ],
            [
                0.9999921106887156,
                7.889265045629445e-06,
                3.7751059380956916e-11,
                3.978932385141754e-12,
                4.5087210770808754e-12
            ],
            [
                2.6885766941941265e-07,
                0.0040701163280720395,
                0.9959247502908306,
