{
    "[['A', 'B', 'C', 'D', 'E'], ['A', 'B', 'C', 'D', 'E']]": [
        [
            [
                0.9999993523721995,
                6.475946130403859e-07,
                1.783247326751934e-11,
                3.0988192011714803e-12,
                1.2256067691092659e-11
            ],
            [
                0.4999999286957261,
                0.4999999284374106,
                1.349788653769039e-07,
                6.720201998736619e-09,
                1.1677960021040253e-09
            ],
            [
                5.6756852301314196e-14,
                2.789468091639592e-10,
                0.9999999997086044,
                1.2256067438698173e-11,
                1.3615261074896224e-13
            ],
            [
                0.9999999744041073,
                4.5990552569838036e-10,
                5.7893561755725965e-12,
                2.020683855564803e-11,
                2.5109990893152245e-08
            ],
            [
                2.1442893886720122e-05,
                8.151057133406868e-09,
                2.6462608099394165e-09,
                9.610038417445286e-05,
                0.9998824459246209
            ]
        ],
        [
            [
                0.9999999123484208,
                8.764249121829128e-08,
                3.978962945519619e-12,
                0.0,
                5.109089554105913e-12
            ],
            [
                0.622455688745246,
                0.3775384588557506,
                4.910754786313506e-06,
                6.645983899112898e-07,
                2.770458270935051e-07
            ],
            [
                1.6676204495428025e-05,
                0.9984731468065191,
                0.0011690916350632057,
                0.0003349505211315478,
                6.134832790638756e-06
            ],
            [
                0.43681976864785776,
                2.828823758074033e-07,
                4.3381458734722205e-08,
                0.0022922196327993093,
                0.5608876854555084
            ],
            [
                0.9999998138312909,
                5.211413142827524e-10,
                5.789357056302143e-12,
                1.0261880921353216e-10,
                1.855391595790408e-07
            ]
        ],
        [
            [
                0.9999999634579358,
                3.653482071682217e-08,
                2.734698185273212e-12,
                0.0,
                4.5087550670049846e-12
            ],
            [
                0.9996646497829298,
                0.0003353500552707468,
                1.3172092513254248e-10,
                1.7826488711001292e-11,
                1.2251954569559486e-11
            ],
            [
                0.00016530065797667334,
                0.06668701321223114,
                0.29887049700328217,
                0.6327088608978884,
                0.0015683282286215734
            ],
            [
                4.17299680490954e-06,
                2.3542436989459373e-07,
                7.251581107952385e-07,
                0.6791752061317088,
                0.3208196602890055
            ],
            [
                0.9999991681065846,
                3.1608816940274205e-10,
                6.560200665663749e-12,
                4.277788193386251e-11,
                8.315279891574624e-07
            ]
        ],
        [
            [
                0.9999999317338862,
                6.825604215958808e-08,
                3.511422545319873e-12,
                0.0,
                6.560200975130217e-12
            ],
            [
                0.00016416137360677086,
                0.6283481784682465,
                0.23115637840457112,
                0.14020343274726055,
                0.00012784900631503059
            ],
            [
                6.1256883880684516e-06,
                0.00020285493952900015,
                0.0024712790757109126,
                0.996985289042704,
                0.00033445125366805074
            ],
            [
                4.775876284865146e-06,
                1.0447176991473653e-08,
                4.934896981337656e-09,
                0.0019267251009717635,
                0.9980684836406694
            ],
            [
                0.9999869913647875,
                9.73607087929018e-10,
                1.5736892896740622e-11,
                5.211343207011005e-10,
                1.3007124734154269e-05
            ]
        ],
        [
            [
                0.9999982396073048,
                1.7603431274642776e-06,
                2.5946048042956434e-11,
                5.789345855043723e-12,
                1.7832440646919444e-11
            ],
            [
                0.9999832985367096,
                1.6701415074126516e-05,
                2.9400274433528067e-11,
                6.560087942760905e-12,
                1.2255857779462924e-11
            ],
            [
                2.4133627399113725e-12,
                1.1861119994455358e-08,
                0.9999999868754978,
                1.2501528498508194e-09,
                1.0815941414221926e-11
            ],
            [
                0.6847960062892191,
                5.4025768391561955e-06,
                1.5478641798240136e-06,
                0.11899970284247656,
                0.1961973404272853
            ],
            [
                0.9999999893310342,
                1.9171714911889438e-10,
                2.413362743422572e-12,
                7.433680584841252e-12,
                1.0467401671520083e-08
            ]
        ],
        [
            [
                0.9999986289638596,
                1.3709566502865809e-06,
                3.775127836131546e-11,
                8.423448786568272e-12,
                3.3315386222469754e-11
            ],
            [
                0.9975273766335981,
                0.0024726229654423813,
                3.5728913273820204e-10,
                2.5881937966533774e-11,
                1.778837847873168e-11
            ],
            [
                2.6810038665006797e-14,
                2.461696950639057e-10,
                0.9999999996913376,
                6.224144619933562e-11,
                2.2447770539483026e-13
            ],
            [
                0.9999999947679823,
                2.7894680758776205e-10,
                3.5114220919876168e-12,
                5.109088996942667e-12,
                4.9444504718208376e-09
            ],
            [
                0.9999994949632813,
                5.905304260949634e-10,
                8.423464128199556e-12,
                9.05607739147146e-11,
                5.043472039615012e-07
            ]
        ],
        [
            [
                0.9999999123488882,
                8.764249134048247e-08,
                3.511422479815569e-12,
                0.0,
                5.109089561229008e-12
            ],
            [
                0.00026671648091343344,
                0.7950706995940373,
                0.024009052482397663,
                0.17740425952470357,
                0.003249271917947986
            ],
            [
                2.882350748739007e-13,
                1.5229979508495012e-08,
                0.9999999847072025,
                6.224144526371041e-11,
                2.882350748739007e-13
            ],
            [
                0.9975222099115265,
                3.9181321491637045e-07,
                1.5192232537933624e-08,
                4.773262124442495e-06,
                0.002472609820901449
            ],
            [
                0.9999999977654581,
                1.691897917187248e-10,
                1.4637785094298705e-12,
                2.7346982828185195e-12,
                2.0611536158260434e-09
            ]
        ],
        [
            [
                0.9999996940630446,
                3.0590235815351645e-07,
                1.2256068952625667e-11,
                4.5087557972505945e-12,
                1.7832475103039034e-11
            ],
            [
                0.013140909553653612,
                0.9212487771111983,
                0.0005095283581312264,
                0.05889345883127596,
                0.006207326145740822
            ],
            [
                2.3659776079961992e-14,
                3.160881452792604e-10,
                0.9999999996680866,
                1.573710209928985e-11,
                6.431393938357066e-14
            ],
            [
                0.26892666007619553,
                1.741556602504606e-07,
                1.6198999781342443e-08,
                5.471808188658324e-05,
                0.7310184314872579
            ],
            [
                0.9999970964922992,
                8.592134105080921e-10,
                2.0206762624404138e-11,
                3.16086949304726e-10,
                2.90231219367841e-06
            ]
        ],
        [
            [
                0.9999999965982207,
                3.3982677963866896e-09,
                0.0,
                0.0,
                3.511422089498676e-12
            ],
            [
                0.9999996940865185,
                3.059023586447426e-07,
                3.0988195251131432e-12,
                1.4637786966442437e-12,
                6.5602009861442045e-12
            ],
            [
                1.22560682998201e-11,
                2.3823698338392545e-07,
                0.9999997571955808,
                4.363462557601344e-09,
                1.9171716476155379e-10
            ],
            [
                0.9999998546423358,
                7.582560786425642e-10,
                1.081594206867807e-11,
                9.056077417856463e-11,
                1.4449803144298696e-07
            ],
            [
                0.9999997614361821,
                2.789468297277971e-10,
                5.1090894024515526e-12,
                4.277788182440423e-11,
                2.382369842079155e-07
            ]
        ],
        [
            [
                0.9999999317303568,
                6.82560421140683e-08,
                4.508755793914202e-12,
                1.6586785618436594e-12,
                7.433681581818788e-12
            ],
            [
                0.9997965727075425,
                0.00020342706033040823,
                1.6915528158842415e-10,
                2.020271737809828e-11,
                4.2769153025055236e-11
            ],
            [
                0.0,
                9.056076987432606e-11,
                0.9999999999019329,
                7.43368067051327e-12,
                7.28772409401688e-14
            ],
            [
                5.043471908355536e-07,
                5.905292843797469e-10,
                1.317648937959906e-10,
                5.043471908355536e-07,
                0.9999989905833241
            ],
            [
                0.9999999675726425,
                1.6918978656362208e-10,
                2.4133626905571643e-12,
                1.3887943397252647e-11,
                3.224186628674151e-08
            ]
        ],
        [
            [
                0.9999999865476554,
                1.3440409730022734e-08,
                3.511422055609034e-12,
                0.0,
                8.423463615891672e-12
            ],
            [
                1.7597001557670759e-06,
                0.9996324732107136,
                0.0003353394922906016,
                2.7526341763212952e-05,
                2.9012550768675063e-06
            ],
            [
                4.508755402620069e-12,
                3.92786368515056e-07,
                0.9999996037849087,
                3.398267940332883e-09,
                2.5946095905372748e-11
            ],
            [
                0.9399130235771176,
                2.3601212105093488e-08,
                1.7096660706068067e-09,
                3.258046833858678e-07,
                0.06008662530732082
            ],
            [
                0.9999986282456519,
                6.691574212235496e-10,
                1.2256045686847124e-11,
                1.162821238751468e-10,
                1.3709566526260333e-06
            ]
        ],
        [
            [
                0.9999998144363285,
                1.8553915931551885e-07,
                1.2256068966961001e-11,
                0.0,
                1.2256068966961001e-11
            ],
            [
                3.350695465568984e-05,
                0.9476621327469852,
                0.04718131718228957,
                0.004972875363608908,
                0.00015016775246071831
            ],
            [
                2.0608903767855786e-09,
                3.7261736592148514e-06,
                0.9998715070579655,
                0.00012339392480147416,
                1.370782683459708e-06
            ],
            [
                0.9999991601415302,
                4.363462550167907e-09,
                1.1628233822296649e-10,
                3.850742185067058e-09,
                8.31527982737217e-07
            ],
            [
                0.9999038905343242,
                2.0609571416006825e-09,
                6.223551302188137e-11,
                4.9439791689109265e-09,
                9.610239850390108e-05
            ]
        ],
        [
            [
                0.999999963446535,
                3.6534820677581007e-08,
                4.50875506216224e-12,
                1.8795287414486503e-12,
                1.2256066954448352e-11
            ],
            [
                1.0705799164814533e-05,
                0.7263486403893458,
                0.26720871667636353,
                0.006284148136334045,
                0.00014778899879181736
            ],
            [
                3.037975384162223e-14,
                2.789468091692798e-10,
                0.9999999997101339,
                1.0815941552725354e-11,
                7.28772409274696e-14
            ],
            [
                0.8834851885892359,
                6.970104364257306e-06,
                8.324602533520668e-07,
                0.04398613427115504,
                0.07252087457499146
            ],
            [
                0.9999991677215077,
                6.691586597822981e-10,
                1.0815942376015507e-11,
                7.052880384991062e-11,
                8.315279890401856e-07
            ]
        ],
        [
            [
                0.9999993523604435,
                6.475946134118878e-07,
                2.5946095520533576e-11,
                5.109089133956301e-12,
                1.3887944152810975e-11
            ],
            [
                0.9890099861417597,
                0.010986910610372276,
                3.025403610936797e-07,
                5.65219806573352e-07,
                2.2354877003119354e-06
            ],
            [
                2.1361495998026956e-05,
                0.7757534243846168,
                0.2222570912419724,
                0.0019229005900299639,
                4.5222287382694656e-05
            ],
            [
                0.9999938521130681,
                2.0611420837159405e-09,
                4.8473415697956534e-11,
                1.6052190688194015e-09,
                6.144172097338944e-06
            ],
            [
                0.9999999583573844,
                2.1724398406613512e-10,
                3.0988190040422585e-12,
                2.2897347461300656e-11,
                4.1399375388569445e-08
            ]
        ],
        [
            [
                0.9999999123505866,
                8.764249132189918e-08,
                2.4133630231711314e-12,
                0.0,
                4.508755711855874e-12
            ],
            [
                0.2689391546082118,
                0.7310524355812938,
                7.405632871903839e-06,
                8.84476715785067e-07,
                1.1970090684696103e-07
            ],
            [
                6.822792687499318e-08,
                0.0003353248088339297,
                0.9995889546978425,
                7.482107829685635e-05,
                8.311870997873337e-07
            ],
            [
                0.9999996050028798,
                2.0611536973689767e-09,
                3.331544663280154e-11,
                1.1628233452949465e-10,
                3.927863688273142e-07
            ],
            [
                0.11920289970179933,
                1.044723800446849e-08,
                5.201373527838193e-10,
                1.6342229831040122e-07,
                0.880796925908527
            ]
        ],
        [
            [
                0.9999998874551987,
                1.125351834088992e-07,
                4.508755590447839e-12,
                0.0,
                5.1090894225723744e-12
            ],
            [
                0.9999869927922719,
                1.3007124734593527e-05,
                4.277730999906087e-11,
                1.081579776977689e-11,
                2.940038653787239e-11
            ],
            [
                2.461682998633795e-10,
                4.7850948329528765e-06,
                0.9999949734242114,
                2.3823584359493734e-07,
                2.9989438264022626e-09
            ],
            [
                0.7053811424289853,
                3.375331064335026e-06,
                1.4070473245623083e-06,
                0.035118862247010864,
                0.259495212945615
            ],
            [
                0.06008656930711768,
                4.409278594375911e-08,
                3.1940707007291685e-09,
                1.2885813180119851e-06,
                0.9399120948247076
            ]
        ],
        [
            [
                0.999999814448298,
                1.8553915915970086e-07,
                5.109089658595779e-12,
                0.0,
                7.433681589771495e-12
            ],
            [
                0.99999773965589,
                2.2603252700493123e-06,
                6.560188161452356e-12,
                2.7346932864540695e-12,
                9.54501745319314e-12
            ],
            [
                0.00014669679706205062,
                0.43729683493608323,
                0.0006574491185503493,
                0.5615002561007025,
                0.00039876304760183274
            ],
            [
                0.8807959561121741,
                6.812442353979481e-08,
                3.391715332297084e-09,
                1.2075354518679456e-06,
                0.11920276483623506
            ],
            [
                0.999997739040155,
                5.211402950305175e-10,
                1.0815921762662926e-11,
                1.0261860851086712e-10,
                2.260325270275276e-06
            ]
        ],
        [
            [
                0.9999999677455911,
                3.2241866235932864e-08,
                5.109088847950721e-12,
                0.0,
                7.433680410289896e-12
            ],
            [
                0.9890130533816752,
                0.01098694232533189,
                3.808435740945285e-09,
                3.5423970513566035e-10,
                1.3031750476604326e-10
            ],
            [
                2.5105299398819085e-08,
                2.7531277517134267e-05,
                0.9998122520382214,
                0.00015843156327395726,
                1.7600156879587082e-06
            ],
            [
                0.9963983157268054,
                1.0638588986554052e-06,
                1.1212979602616116e-07,
                0.00042919110727674336,
                0.0031713171772231397
            ],
            [
                0.9996646460036767,
                1.2497333367080865e-09,
                4.8457420131750766e-11,
                2.6456854945724325e-09,
                0.0003353500524469263
            ]
        ],
        [
            [
                0.9999999123428547,
                8.764249121780345e-08,
                5.109089554077475e-12,
                0.0,
                9.545035905564437e-12
            ],
            [
                0.9990889482270859,
                0.0009110514036403197,
                3.1580009381983153e-10,
                3.328508500517425e-11,
                2.018842456677942e-11
            ],
            [
                9.357622960841782e-14,
                5.905303993896503e-10,
                0.9999999993914235,
                1.7832472892904148e-11,
                1.2015425721501645e-13
            ],
            [
                0.11899970702791264,
                5.40257705274861e-06,
                1.5478642410192652e-06,
                0.19619734942962172,
                0.6847959931011717
            ],
            [
                0.037326864098567426,
                2.1332331675892215e-08,
                1.7510644162601653e-09,
                4.855216310436241e-07,
                0.9626726272964055
            ]
        ],
        [
            [
                0.9999994956202944,
                5.043472036977344e-07,
                1.2256067981464989e-11,
                4.5087554399805475e-12,
                1.573710279685387e-11
            ],
            [
                0.0005024586059133624,
                0.17888765916328725,
                0.014683992887535795,
                0.8017188549439237,
                0.00420703439933992
            ],
            [
                5.3865804753502776e-05,
                0.9240266223079115,
                0.07584872021858151,
                6.916506239383693e-05,
                1.6266063594932697e-06
            ],
            [
                0.9999994948565389,
                6.691586391275975e-10,
                1.0815942042163365e-11,
                1.1628233551513595e-10,
                5.043472041945431e-07
            ],
            [
                0.0009110487524228514,
                6.343002056899772e-09,
                5.20665315112005e-10,
                2.899667091226196e-06,
                0.9990860447168186
            ]
        ],
        [
            [
                0.999999495624773,
                5.043472034986037e-07,
                1.2256067976625944e-11,
                3.511422265947897e-12,
                1.2256067976625944e-11
            ],
            [
                0.9999724642555708,
                2.7535689793620762e-05,
                3.331455823088366e-11,
                7.433482713331262e-12,
                1.3887574028823437e-11
            ],
            [
                2.2447770536399612e-13,
                1.3176514261989122e-10,
                0.9999999998446938,
                2.2897348442368815e-11,
                4.1937956557994726e-13
            ],
            [
                0.999999813500247,
                8.592167693765541e-10,
                1.0815942909996673e-11,
                9.056078122283905e-11,
                1.855391594663115e-07
            ],
            [
                0.9999996928272434,
                1.1032561690078186e-09,
                1.7832475117118492e-11,
                1.4930948611521339e-10,
                3.059023583950387e-07
            ]
        ],
        [
            [
                0.9999999677372571,
                3.224186622278976e-08,
                5.109088845868047e-12,
                1.8795287495131863e-12,
                1.3887943369705906e-11
            ],
            [
                0.9525677613016559,
                0.04742555442334336,
                2.7646580367114003e-06,
                1.479814810096651e-06,
                2.4398021541034192e-06
            ],
            [
                6.560200344996432e-12,
                3.9278636513640603e-07,
                0.999999595154237,
                1.1861120471082848e-08,
                1.9171715654393107e-10
            ],
            [
                0.9999544468715312,
                1.0466923219603756e-08,
                3.160736937143431e-10,
                1.444914180848883e-07,
                4.539785405370735e-05
            ],
            [
                3.927859975146306e-07,
                3.1608815955976327e-10,
                2.940077870699008e-11,
                1.1253517974931581e-07,
                0.9999994943333338
            ]
        ],
        [
            [
                0.999999495620511,
                5.043472044007693e-07,
                1.3887944493238017e-11,
                4.508755446265528e-12,
                1.3887944493238017e-11
            ],
            [
                0.9399133377288037,
                0.060086653996535865,
                7.662191732186475e-09,
                4.3227127766772173e-10,
                1.8019747785757577e-10
            ],
            [
                4.420228100162848e-14,
                3.160881451826361e-10,
                0.9999999996729947,
                1.0815941548774512e-11,
                5.675685228166465e-14
            ],
            [
                0.9829896888220162,
                1.0495420636485573e-06,
                2.0666708595030426e-07,
                0.00850452754156926,
                0.008504527427264924
            ],
            [
                0.9988304396067396,
                1.7237628608235436e-08,
                6.683753941817577e-10,
                3.2204129963053875e-08,
                0.001169510283126457
            ]
        ],
        [
            [
                0.9999998874524669,
                1.125351835441031e-07,
                5.789356782723517e-12,
                0.0,
                6.560200682595091e-12
            ],
            [
                0.047425853521288606,
                0.9525738118278516,
                3.301932429964785e-07,
                4.1565195103302445e-09,
                3.0109726343644877e-10
            ],
            [
                1.361526103155904e-13,
                3.398267807180799e-09,
                0.9999999965680262,
                3.331544530093924e-11,
                2.5436656381594645e-13
            ],
            [
                0.9999982382196971,
                1.1032540373586048e-09,
                1.783244066221796e-11,
                3.160875738586116e-10,
                1.7603431289744825e-06
            ],
            [
                0.9997388017842662,
                3.3973802925346906e-09,
                1.3173072954613664e-10,
                4.362322645768577e-09,
                0.00026119032430016453
            ]
        ],
        [
            [
                0.9999999973506917,
                2.6465736248931756e-09,
                0.0,
                0.0,
                2.7346982771092353e-12
            ],
            [
                5.007966028278481e-07,
                0.006690505979001427,
                0.9929593084483257,
                0.00033310067022798354,
                1.658410584202192e-05
            ],
            [
                0.00012324103477019847,
                0.9986322866404349,
                0.0011692783820991192,
                7.474946612283607e-05,
                4.444765728466307e-07
            ],
            [
                0.9947633036677243,
                4.1182557831123875e-08,
                2.632712841165295e-09,
                1.6614245463326725e-05,
                0.005220038271541766
            ],
            [
                0.9999999844376974,
                3.1608814011715145e-10,
                3.97896246894111e-12,
                1.2256067238044895e-11,
                1.5229979488659274e-08
            ]
        ],
        [
            [
                0.9999999804350244,
                1.955568064659735e-08,
                2.734698229886316e-12,
                0.0,
                6.560200020129839e-12
            ],
            [
                0.0001555633575150587,
                9.435394586072081e-05,
                5.722856102939308e-05,
                0.9817121660705558,
                0.017980688065039
            ],
            [
                3.701011661463026e-13,
                4.36346223274799e-09,
                0.9999999955033965,
                1.3176514209109701e-10,
                1.0060392746269963e-12
            ],
            [
                0.9999832841646298,
                3.850675997499199e-09,
                1.026170394681239e-10,
                1.0467222591285479e-08,
                1.67014148546702e-05
            ],
            [
                0.9241417209837595,
                1.0961356541199027e-08,
                4.250179166460566e-10,
                9.17783146502727e-08,
                0.07585817585155143
            ]
        ],
        [
            [
                0.9999998874568586,
                1.1253518350494135e-07,
                3.978962846477007e-12,
                0.0,
                3.978962846477007e-12
            ],
            [
                0.9995694427719708,
                0.00043055712053606694,
                9.052174274454153e-11,
                9.540921491263246e-12,
                7.430477128618612e-12
            ],
            [
                8.258073273703252e-14,
                1.25015286459242e-09,
                0.9999999987339072,
                1.5737102084275713e-11,
                1.2015425714526255e-13
            ],
            [
                0.9999991670262302,
                9.736201037810403e-10,
                1.2256068356489088e-11,
                4.5990557210239904e-10,
                8.315279879985548e-07
            ],
            [
                0.9998766011567545,
                2.3353035770971447e-09,
                6.223373233600096e-11,
                1.8187362545527091e-09,
                0.00012339462697195385
            ]
        ],
        [
            [
                0.9999997617294123,
                2.3823698387921428e-07,
                1.5737103238346972e-11,
                3.9789628219212154e-12,
                1.3887944863495209e-11
            ],
            [
                2.3545268424507009e-07,
                0.010979160278097875,
                0.9883126576394659,
                0.000701874224990965,
                6.0724047610958844e-06
            ],
            [
                2.6966760210531172e-05,
                0.9793112333970228,
                0.006598548662820766,
                0.013969127938359551,
                9.412324158638968e-05
            ],
            [
                0.9999999947624538,
                8.592166566789707e-10,
                7.433680627030801e-12,
                7.433680627030801e-12,
                4.363462226340707e-09
            ],
            [
                0.00020342608674823749,
                3.39756163379962e-09,
                5.210329517049417e-10,
                4.784123008627512e-06,
                0.9997917858716485
            ]
        ],
        [
            [
                0.9999986289971564,
                1.3709566517891097e-06,
                2.5946048906821857e-11,
                4.508747235496545e-12,
                1.5737074160390912e-11
            ],
            [
                6.1369394545626135e-06,
                0.9988162514677267,
                0.0011694936516125373,
                7.879986240332201e-06,
                2.379549658619055e-07
            ],
            [
                1.3176491377433275e-10,
                1.3709567045020025e-06,
                0.9999983077797882,
                3.059017890320954e-07,
                1.5229953284392824e-08
            ],
            [
                0.9999982377146661,
                1.2501506055851651e-09,
                2.289730704843024e-11,
                6.691573990093962e-10,
                1.7603431287105072e-06
            ],
            [
                0.9988303862987271,
                1.5212154846417303e-08,
                5.898392535833218e-10,
                8.753990698700656e-08,
                0.001169510359371877
            ]
        ],
        [
            [
                0.9999999715381287,
                2.845334720469459e-08,
                2.7346982065196637e-12,
                0.0,
                5.7893561486327796e-12
            ],
            [
                0.9947798711389187,
                0.005220125684781621,
                2.98330585589762e-09,
                1.3107731136889637e-10,
                6.19165377138862e-11
            ],
            [
                2.7390264436218994e-08,
                3.5874132695286535e-06,
                0.03732548606723677,
                0.9626368626997921,
                3.4036429437135114e-05
            ],
            [
                0.9999999983685799,
                5.211412463757714e-10,
                3.5114220971172897e-12,
                3.5114220971172897e-12,
                1.1032560272350583e-09
            ],
            [
                0.999999984507228,
                2.4616969118102785e-10,
                2.734698247150216e-12,
                1.3887943639270655e-11,
                1.52299794972098e-08
            ]
        ],
        [
            [
                0.9999970976560763,
                2.9023121947022887e-06,
                2.0206762631532683e-11,
                3.098807413402034e-12,
                8.423431881744926e-12
            ],
            [
                0.2227000499195488,
                0.7772995959638018,
                3.4596464640024713e-07,
                7.180260316112673e-09,
                9.717425635937189e-10
            ],
            [
                5.0075963707411245e-06,
                0.07580778624774427,
                0.9235278984815662,
                0.0006558660070205955,
                3.441667298122957e-06
            ],
            [
                4.195416845430194e-05,
                3.6297467796699907e-07,
                5.984440722897206e-07,
                0.07585491635960286,
                0.9241021680531927
            ],
            [
                0.9999417067480376,
                1.416525125099651e-09,
                3.7749115938173735e-11,
                5.211104714269671e-10,
                5.8291276577631445e-05
            ]
        ],
        [
            [
                0.9999999585949868,
                4.139937538837943e-08,
                1.6586782868178411e-12,
                0.0,
                3.978962362886991e-12
            ],
            [
                0.320820781579599,
                0.6791775987676307,
                1.5351656440122494e-06,
                7.643132398380833e-08,
                8.055802280130021e-09
            ],
            [
                2.2449028013704547e-06,
                0.0007053274934397878,
                0.005211704417144732,
                0.9931750647579488,
                0.0009056584286653437
            ],
            [
                0.9999999312945518,
                4.058652629479007e-10,
                5.7893570462263445e-12,
                3.775135012145061e-11,
                6.825604222256375e-08
            ],
            [
                0.9890112989279058,
                3.613336320660962e-08,
                2.6174920515171626e-09,
                1.7410029376267621e-06,
                0.01098692131830143
            ]
        ],
        [
            [
                0.9999991684393852,
                8.315279875258273e-07,
                1.7832474225527587e-11,
                3.9789628297847175e-12,
                1.081594235631778e-11
            ],
            [
                0.9241416800511949,
                0.07585817270633124,
                1.3353665360981555e-07,
                9.673362742662037e-09,
                4.032457529988932e-09
            ],
            [
                5.905270978933131e-10,
                2.902304180078332e-06,
                0.9999948116786735,
                2.2603167681564165e-06,
                2.510985115278067e-08
            ],
            [
                0.9046474299362077,
                6.174764132103152e-08,
                5.743425317439006e-09,
                3.3713069850384566e-06,
                0.09534913126574068
            ],
            [
                0.999999992739108,
                6.224144570848116e-11,
                1.0060392708686555e-12,
                3.5114220840064576e-12,
                7.1941329701525905e-09
            ]
        ],
        [
            [
                0.9999999317278526,
                6.825604215917625e-08,
                6.560200975090635e-12,
                0.0,
                9.545036096926826e-12
            ],
            [
                0.9997965728891564,
                0.00020342706075299834,
                3.774364514918475e-11,
                5.7881754504599725e-12,
                6.5588620577680985e-12
            ],
            [
                1.201542558656501e-13,
                1.1861120008001842e-08,
                0.9999999880467355,
                9.05607688022991e-11,
                1.4637784964361024e-12
            ],
            [
                0.9990886970750921,
                1.3428161498772475e-08,
                5.206663247513317e-10,
                2.3801985773722412e-07,
                0.0009110509562226583
            ],
            [
                0.999999693622101,
                4.0586526319353305e-10,
                7.433681598133807e-12,
                6.224145398055241e-11,
                3.0590235859853157e-07
            ]
        ],
        [
            [
                0.9999997617460189,
                2.382369839572577e-07,
                7.433681209262598e-12,
                2.129785324783193e-12,
                7.433681209262598e-12
            ],
            [
                0.9999952148586413,
                4.785094839779783e-06,
                2.289721870431721e-11,
                5.7893235222524435e-12,
                1.783237185707946e-11
            ],
            [
                4.058621654093754e-10,
                6.1441662225488994e-06,
                0.9999927758708904,
                1.0676959937073476e-06,
                1.1861031097990104e-08
            ],
            [
                0.6181842457730394,
                5.824815026821692e-07,
                7.883029914557915e-08,
                0.006867405614380059,
                0.37494768730077865
            ],
            [
                0.014063613677434575,
                1.5015783848109067e-08,
                8.471325563334877e-10,
                1.05268671445966e-06,
                0.9859353177729345
            ]
        ],
        [
            [
                0.9999999123401327,
                8.764249118256863e-08,
                6.560200840931927e-12,
                0.0,
                1.0815942666509336e-11
            ],
            [
                0.9999938557998577,
                6.144172118968619e-06,
                1.2255998875492264e-11,
                3.5114024681416294e-12,
                1.2255998875492264e-11
            ],
            [
                1.3887945617158694e-11,
                1.8553915967044e-07,
                0.9999998135675288,
                8.592167703218566e-10,
                2.0206841639650376e-11
            ],
            [
                0.09534832823778719,
                4.8088740795025784e-08,
                5.068515989952209e-09,
                1.1766915683477479e-05,
                0.9046398516892725
            ],
            [
                0.999997732339787,
                2.3355887487016852e-09,
                5.492778261612056e-11,
