{
    "[['A', 'B', 'C', 'D', 'E'], ['A', 'B', 'C', 'D', 'E']]": [
        [
            [
                0.9999999969376878,
                2.9989608102185583e-09,
                8.423463713351413e-12,
                0.0,
                5.4927883241428796e-11
            ],
            [
                0.0007021194639629728,
                0.7699674335814269,
                0.22059935722371377,
                0.008553566129421276,
                0.00017752360147504332
            ],
            [
                3.850705349033161e-09,
                1.0129987723898827e-05,
                0.9999898329463989,
                3.224156114443798e-08,
                9.736107840127198e-10
            ],
            [
                5.309563776775709e-08,
                3.220413220314072e-08,
                1.521215491281348e-08,
                0.001169510367983727,
                0.9988303891200914
            ],
            [
                1.8189617547649363e-09,
                1.9171715845991233e-10,
                5.492788553917006e-11,
                3.9278636906183094e-07,
                0.9999996051480242
            ]
        ],
        [
            [
                0.9999999993873832,
                5.905303988811289e-10,
                1.879528813314051e-12,
                0.0,
                2.0206839055549807e-11
            ],
            [
                0.9999367275335973,
                2.753471872826865e-05,
                1.1252810206482996e-07,
                2.699408839203286e-07,
                3.535527868844491e-05
            ],
            [
                4.363370910208023e-09,
                2.1444938936660837e-05,
                0.9999785174829002,
                3.224119243596918e-08,
                9.735996499817165e-10
            ],
            [
                1.0677020622180295e-06,
                9.736182551219872e-10,
                2.4616924609316575e-10,
                1.0677020622180295e-06,
                0.9999978633760881
            ],
            [
                4.9444504693661584e-09,
                7.052879804650004e-11,
                9.545034859960938e-12,
                1.10325602507565e-09,
                0.9999999938722197
            ]
        ],
        [
            [
                0.9999999987361177,
                1.2501528634274578e-09,
                2.1297851659142893e-12,
                7.835041766517762e-13,
                1.0815941531682863e-11
            ],
            [
                0.22268946517076338,
                0.7772625766919027,
                4.531026166515996e-05,
                2.255865095289124e-06,
                3.9201057350060525e-07
            ],
            [
                1.8795290516949262e-12,
                6.825604230315135e-08,
                0.9999999316509072,
                9.056078122717171e-11,
                6.101937441044571e-13
            ],
            [
                3.8507348670344206e-09,
                2.172435954506734e-10,
                1.4930919403925105e-10,
                1.067703071916032e-06,
                0.9999989280796404
            ],
            [
                4.539785404502867e-05,
                8.151647998217331e-09,
                9.73575516692559e-10,
                5.04324603429853e-07,
                0.999954088696128
            ]
        ],
        [
            [
                0.9999999993988911,
                5.905303989644786e-10,
                1.4637785118208544e-12,
                6.914400096051897e-13,
                8.423463741203974e-12
            ],
            [
                0.9999898505522457,
                1.0129987865726931e-05,
                6.3487399050372786e-09,
                1.2501410101366065e-09,
                1.1861007662374529e-08
            ],
            [
                3.398209691773787e-09,
                1.6701415105932336e-05,
                0.9999831800069061,
                1.1253324979349746e-07,
                2.646528368994263e-09
            ],
            [
                7.582518006542504e-10,
                1.691888457128182e-10,
                1.3176440552808993e-10,
                6.144172119394611e-06,
                0.9999938547686755
            ],
            [
                1.955564600734681e-08,
                4.5990471285086146e-10,
                1.3176490633038012e-10,
                1.3709566270509081e-06,
                0.9999986088960573
            ]
        ],
        [
            [
                0.9999999989836501,
                9.73620029094244e-10,
                3.0988191316983436e-12,
                1.879528812279126e-12,
                3.775134535722745e-11
            ],
            [
                0.9999970954594828,
                2.9023121883270702e-06,
                4.058636760422185e-10,
                2.1724317102232653e-10,
                1.6052219777935562e-09
            ],
            [
                8.423463741539525e-12,
                1.2501528644678908e-09,
                0.999999998567725,
                1.6918979200182468e-10,
                4.508755235374365e-12
            ],
            [
                4.058598175974523e-10,
                4.058598175974523e-10,
                5.905225501428023e-10,
                1.3007124751782471e-05,
                0.999986991473006
            ],
            [
                2.6465735205741012e-09,
                3.581747770134152e-10,
                6.2241443446105e-11,
                4.1399375336780574e-08,
                0.999999955533635
            ]
        ],
        [
            [
                0.9999999972918598,
                2.6465736269278087e-09,
                4.5087552218832315e-12,
                2.129785161314031e-12,
                5.4927883260882714e-11
            ],
            [
                0.006491702685473413,
                0.9634542294427293,
                0.02909379297337046,
                0.0008785564216264236,
                8.171847680033011e-05
            ],
            [
                1.5428112004441474e-13,
                1.2501528641602255e-09,
                0.9999999986789097,
                7.05287983855101e-11,
                2.543665642846665e-13
            ],
            [
                5.6027646588191565e-09,
                1.1032497747429346e-09,
                2.461682989221102e-10,
                4.785094814656195e-06,
                0.9999952079530027
            ],
            [
                1.4166088988318317e-09,
                1.3176515313612329e-10,
                5.492788785957231e-11,
                1.1253518363150632e-07,
                0.9999998858615144
            ]
        ],
        [
            [
                0.9999999993846489,
                5.905303991358619e-10,
                1.139991851580025e-12,
                7.835041775000203e-13,
                2.2897348427043666e-11
            ],
            [
                0.0008536360331926412,
                0.7290553359348035,
                0.26820448001595465,
                0.001807147496449999,
                7.94005195992305e-05
            ],
            [
                3.927773801085882e-07,
                2.1444918328794024e-05,
                0.999977437381418,
                6.475804212348988e-07,
                7.734245189949659e-08
            ],
            [
                3.224186607778074e-08,
                1.1628232563248011e-10,
                1.5737101474883723e-11,
                7.194132741419444e-09,
                0.9999999604319818
            ],
            [
                2.461697210963066e-10,
                1.0261880711990149e-10,
                3.3315448928846606e-11,
                8.764249142073289e-08,
                0.9999999119754046
            ]
        ],
        [
            [
                0.9999999991174775,
                8.592166600849807e-10,
                3.0988191321130503e-12,
                0.0,
                2.0206839047127544e-11
            ],
            [
                0.09370624275461117,
                0.889059953379059,
                0.012681756453522335,
                0.003633384056546822,
                0.0009186633562607086
            ],
            [
                5.675685229404861e-14,
                7.052879847101064e-11,
                0.9999999998911879,
                3.775134542132112e-11,
                4.752193060068498e-13
            ],
            [
                6.1323349785764485e-06,
                3.053109808330291e-07,
                2.3777643095306175e-07,
                0.001926721472986055,
                0.9980666031046236
            ],
            [
                8.592167520280741e-10,
                7.052880590785527e-11,
                1.5737103757297267e-11,
                8.764249138597389e-08,
                0.9999999114120259
            ]
        ],
        [
            [
                0.9999999987340378,
                1.2501528637299441e-09,
                2.4133627667043863e-12,
                1.1399918506216688e-12,
                1.2256067418053147e-11
            ],
            [
                0.017943526212267375,
                0.9796834139593926,
                0.001891233560856209,
                0.00025595062962506266,
                0.00022587563785869477
            ],
            [
                3.3315446919024824e-11,
                5.04347204252559e-07,
                0.9999994940003643,
                1.6052281273324906e-09,
                1.3887944489156828e-11
            ],
            [
                1.955564600924533e-08,
                3.5817415054125317e-10,
                1.69189488772113e-10,
                1.3709566271840048e-06,
                0.9999986089603632
            ],
            [
                1.8553862107845289e-07,
                8.592134567359371e-10,
                2.4616877688167145e-10,
                2.9023123498301147e-06,
                0.9999969110436469
            ]
        ],
        [
            [
                0.9999999993804247,
                5.905303987902726e-10,
                3.098819132927876e-12,
                0.0,
                2.5946094934252524e-11
            ],
            [
                0.0014933235871282162,
                0.9932716207826422,
                0.005212211465544624,
                2.1301116948622703e-05,
                1.5430477363164047e-06
            ],
            [
                5.384940186330445e-13,
                5.602796404842387e-09,
                0.9999999943337321,
                6.224144586587051e-11,
                6.914400066591514e-13
            ],
            [
                1.8189618310859245e-09,
                1.0261880441458981e-10,
                2.9400779712837634e-11,
                1.1253518359932388e-07,
                0.999999885513835
            ],
            [
                1.2501529966544378e-09,
                1.691898098913285e-10,
                3.3315448893180614e-11,
                8.764249132690685e-08,
                0.9999999109048504
            ]
        ],
        [
            [
                0.99999999938887,
                5.905303990261195e-10,
                1.879528813775524e-12,
                8.87826546540553e-13,
                1.783247288192647e-11
            ],
            [
                0.8145021064444887,
                0.14153923527070109,
                0.009048302487517819,
                0.03158167133463417,
                0.003328684462658226
            ],
            [
                8.592166629122983e-10,
                6.475946007394391e-07,
                0.9999993313999711,
                1.955568111049403e-08,
                5.905304005781793e-10
            ],
            [
                3.223104640617598e-08,
                3.397127298028413e-09,
                4.942791052996469e-09,
                0.00033535004190986365,
                0.9996646093871253
            ],
            [
                8.592166332371084e-10,
                7.991959626185564e-11,
                2.940077641145874e-11,
                3.224186629634692e-08,
                0.9999999667895967
            ]
        ],
        [
            [
                0.999999999004521,
                9.736200293838023e-10,
                2.7346982862069825e-12,
                1.2917800022423533e-12,
                1.783247287303248e-11
            ],
            [
                0.00012324984175908634,
                0.9987035545633165,
                0.0011693613828881093,
                3.721822728339212e-06,
                1.1238930795755873e-07
            ],
            [
                3.701011650419549e-13,
                7.194132975561657e-09,
                0.9999999926338937,
                1.6918979097359363e-10,
                2.41336275346203e-12
            ],
            [
                8.592166944970735e-10,
                1.026188002081047e-10,
                3.775134687424145e-11,
                3.927863694417244e-07,
                0.9999996062140438
            ],
            [
                7.052880596578481e-11,
                4.277788321117178e-11,
                1.0815942700495323e-11,
                8.764249145795994e-08,
                0.9999999122333859
            ]
        ],
        [
            [
                0.9999999969668809,
                2.9989608131843445e-09,
                3.0988191266601808e-12,
                1.658678352458098e-12,
                2.940077727840703e-11
            ],
            [
                0.029262896035383196,
                0.9690539520742658,
                0.0011346455442878098,
                0.00032508139117449884,
                0.0002234249548886872
            ],
            [
                5.039895011518482e-07,
                0.0007096697418116796,
                0.99928958005468,
                2.3806778327676224e-07,
                8.146223805512195e-09
            ],
            [
                1.0677020567366944e-06,
                3.3982616025754263e-09,
                6.691573849452163e-10,
                8.315271978734872e-07,
                0.9999980967033264
            ],
            [
                1.6052281303322698e-09,
                1.31765148869368e-10,
                4.277788069228059e-11,
                1.4449803137541107e-07,
                0.9999998537221975
            ]
        ],
        [
            [
                0.9999999992297566,
                7.582560414688956e-10,
                1.6586783560217226e-12,
                7.835041771401146e-13,
                9.54503490619539e-12
            ],
            [
                1.7783567559795476e-05,
                0.060070558067639515,
                0.9396616673970947,
                0.0002454945776721328,
                4.496390033785089e-06
            ],
            [
                1.2917799718159229e-12,
                2.5109990916558045e-08,
                0.9999999746687387,
                2.1724398796318795e-10,
                2.734698221794229e-12
            ],
            [
                6.475933959816886e-07,
                1.416606152884096e-09,
                4.5990468280884143e-10,
                1.760341360527107e-06,
                0.9999975901887327
            ],
            [
                6.475909418395591e-07,
                2.3355753906769343e-09,
                1.1032476959608121e-09,
                6.144171786192355e-06,
                0.9999932047984489
            ]
        ],
        [
            [
                0.9999999995968001,
                3.5817479253517587e-10,
                1.4637785121105494e-12,
                7.835041774276948e-13,
                4.2777878630792545e-11
            ],
            [
                0.9999999926368802,
                7.1941329711728e-09,
                1.3887943750772673e-11,
                5.789356281128616e-12,
                1.4930946639204371e-10
            ],
            [
                6.101936676093192e-13,
                1.317651426683017e-10,
                0.9999999998227169,
                4.277787867908912e-11,
                2.1297851704279995e-12
            ],
            [
                3.160489723567621e-10,
                4.0581491342412394e-10,
                4.598485413779941e-10,
                0.0001233946274821839,
                0.9998766041908054
            ],
            [
                0.14804139851718234,
                4.868727275226453e-07,
                3.5268942088343734e-08,
                3.867709135677079e-05,
                0.8519194022497913
            ]
        ],
        [
            [
                0.9999999991095663,
                8.592166604140821e-10,
                3.978962528875446e-12,
                1.2917800025258327e-12,
                2.594609493736807e-11
            ],
            [
                0.014791972300937848,
                0.8076144130753902,
                0.10929871314545804,
                0.06629302571723845,
                0.002001875760975553
            ],
            [
                5.905281675828812e-10,
                3.7266390846568905e-06,
                0.999996265384565,
                7.194105835203739e-09,
                1.917164266503874e-10
            ],
            [
                8.151414943470271e-09,
                1.2500599683951379e-09,
                9.73547682272349e-10,
                7.484619632125706e-05,
                0.9999251434286561
            ],
            [
                1.3707395558374571e-06,
                1.1859220839966636e-08,
                8.150715338123537e-09,
                0.00015843595197439678,
                0.9998401732985336
            ]
        ],
        [
            [
                0.9999999935598249,
                6.348800063608073e-09,
                1.5737101976888024e-11,
                5.109088985866661e-12,
                7.052879792861462e-11
            ],
            [
                0.5587720664184993,
                0.4351721128351139,
                0.0022835739104439504,
                0.002932166941895049,
                0.0008400798940478057
            ],
            [
                1.9171714192219296e-10,
                4.139937514643424e-08,
                0.9999999509686053,
                7.194132675580226e-09,
                2.461696830428267e-10
            ],
            [
                4.1399218842290055e-08,
                1.2501480847651056e-09,
                1.9171641809040358e-10,
                2.902312075628679e-06,
                0.9999970548468411
            ],
            [
                4.785085995102014e-06,
                1.8189514873203834e-09,
                3.5817278448341704e-10,
                1.3709500909852434e-06,
                0.9999938417867897
            ]
        ],
        [
            [
                0.9999999983743835,
                1.6052280499993695e-09,
                3.511422102031653e-12,
                1.139991849361219e-12,
                1.573710205601877e-11
            ],
            [
                0.006690754625698863,
                0.9929958575515352,
                0.0002594287104079031,
                4.5081950051844864e-05,
                8.877162306180574e-06
            ],
            [
                2.998932342127431e-09,
                1.0129987727017127e-05,
                0.999989833912571,
                3.2241561154362855e-08,
                8.592085014786737e-10
            ],
            [
                3.924283891184063e-07,
                7.187576664780392e-09,
                6.343014143758012e-09,
                0.0009110509263957679,
                0.9990885431146244
            ],
            [
                5.905303678625651e-10,
                1.0261879075071996e-10,
                3.331544361455143e-11,
                5.315784966082998e-08,
                0.9999999461156857
            ]
        ],
        [
            [
                0.9999999996187847,
                3.160881450031219e-10,
                1.879528813992631e-12,
                1.0060392779202994e-12,
                6.224144614475091e-11
            ],
            [
                0.9999999585547859,
                4.139937540559018e-08,
                2.289734747071456e-11,
                5.1090888081147845e-12,
                1.7832472140450547e-11
            ],
            [
                2.413362693434058e-12,
                3.224186632517603e-08,
                0.9999999676638677,
                9.056076695482206e-11,
                1.2917799628219521e-12
            ],
            [
                3.5817483787472234e-10,
                1.0261880916572884e-10,
                4.277788404582915e-11,
                3.059023588032903e-07,
                0.9999996935940696
            ],
            [
                1.3709526866214956e-06,
                1.41660082280716e-09,
                3.5817277945523363e-10,
                3.72663577572032e-06,
                0.9999949006367641
            ]
        ],
        [
            [
                0.9999999987190977,
                1.250152863568245e-09,
                3.511422105459932e-12,
                1.2917800018736493e-12,
                2.5946094924268616e-11
            ],
            [
                0.14803036202540765,
                0.851855945923511,
                8.187331519430376e-05,
                3.0119509440533826e-05,
                1.699226446382495e-06
            ],
            [
                5.384940216374731e-13,
                1.317651426672042e-10,
                0.9999999998237785,
                4.277787867873281e-11,
                1.1399918527523566e-12
            ],
            [
                2.5109994061335587e-08,
                2.7894683710266186e-10,
                3.331544874378403e-11,
                6.825604056964306e-08,
                0.9999999063217031
            ],
            [
                5.3157856351549926e-08,
                2.1724400906748995e-10,
                4.277788175355456e-11,
                6.8256038652026e-08,
                0.9999998783260832
            ]
        ],
        [
            [
                0.9999999965697426,
                3.3982678040889786e-09,
                7.433680638651498e-12,
                1.6586783513945908e-12,
                2.2897348352650095e-11
            ],
            [
                7.92068301715204e-05,
                0.49984949314582466,
                0.49984949184431315,
                0.00021530648714508552,
                6.5016925456326365e-06
            ],
            [
                2.3822788473193378e-07,
                3.5356152959390764e-05,
                0.9999620460677595,
                2.260243239191056e-06,
                9.93081571730928e-08
            ],
            [
                1.1253453782720324e-07,
                8.59211799186557e-10,
                3.1608635653266015e-10,
                4.785094874209583e-06,
                0.9999951011952899
            ],
            [
                4.9444506691856784e-09,
                1.9171715786070246e-10,
                5.492788536749356e-11,
                3.927863678341815e-07,
                0.9999996020225365
            ]
        ],
        [
            [
                0.9999999935823841,
                6.348800060471306e-09,
                1.3887943743399946e-11,
                0.0,
                5.4927883028751593e-11
            ],
            [
                0.9398997452076486,
                0.06008577945697869,
                3.9690567197638976e-06,
                3.091104481406945e-06,
                7.415174171518099e-06
            ],
            [
                1.8189547431599365e-09,
                2.902312096092675e-06,
                0.9999970623770567,
                3.224174428025421e-08,
                1.2501480935798109e-09
            ],
            [
                8.152021669370327e-09,
                5.211413098335789e-10,
                9.056078050471125e-11,
                3.0590235633418994e-07,
                0.9999996853339199
            ],
            [
                0.006692784416226561,
                9.864628267598495e-08,
                1.3350322606193385e-08,
                1.0062194387250343e-05,
                0.9932970413927809
            ]
        ],
        [
            [
                0.9999999988615491,
                1.1032560295246688e-09,
                1.8795288117367747e-12,
                0.0,
                3.331544533654117e-11
            ],
            [
                0.9999970860769951,
                2.902312161798999e-06,
                2.9989494433828005e-09,
                4.59903792459586e-10,
                8.151989776414835e-09
            ],
            [
                1.1399918524586554e-12,
                3.581747928442966e-10,
                0.999999999576785,
                6.224144619709968e-11,
                1.6586783580620425e-12
            ],
            [
                2.510985045869312e-08,
                4.058629319987407e-10,
                1.317644022826853e-10,
                6.144171968061445e-06,
                0.9999938301805541
            ],
            [
                7.889257536162326e-06,
                1.2501410111317666e-09,
                1.4930805171142505e-10,
                8.315216266803538e-07,
                0.9999912778213881
            ]
        ],
        [
            [
                0.9999999992227369,
                7.582560416268739e-10,
                2.129785167685459e-12,
                1.139991851293876e-12,
                1.5737102082698276e-11
            ],
            [
                0.0066354096538008625,
                0.9847818093913918,
                0.008520033686812036,
                5.7407535412162246e-05,
                5.339732583205347e-06
            ],
            [
                1.7257795586462054e-08,
                2.260323007609243e-06,
                0.99999757297714,
                1.4449761551277152e-07,
                4.944441218753996e-09
            ],
            [
                6.825604580954364e-08,
                2.789468585169379e-10,
                5.492789320351755e-11,
                3.059020827580272e-07,
                0.9999996255079967
            ],
            [
                2.3823676912293595e-07,
                1.4166089624915766e-09,
                2.1724402047512426e-10,
                3.059020667434191e-07,
                0.9999994542273112
            ]
        ],
        [
            [
                0.9999999992036253,
                7.582560413507842e-10,
                3.5114221067061067e-12,
                1.2917800023320911e-12,
                3.331544535837708e-11
            ],
            [
                0.010937843581254509,
                0.9845931278004961,
                0.004023807431636422,
                0.00042410618308074576,
                2.1115003532274913e-05
            ],
            [
                1.3439616441246188e-08,
                5.8291277656467176e-05,
                0.9999416053099641,
                8.76373078599811e-08,
                2.335455147456788e-09
            ],
            [
                4.2777881869623235e-11,
                5.492788759266196e-11,
                2.940077957837876e-11,
                2.382369844597475e-07,
                0.999999761635909
            ],
            [
                1.9555683178292155e-08,
                4.0586525603330184e-10,
                1.0261880728664997e-10,
                1.855391560951561e-07,
                0.9999997943966766
            ]
        ],
        [
            [
                0.999999998537102,
                1.4166087827998644e-09,
                3.5114221038498448e-12,
                0.0,
                4.277787857363142e-11
            ],
            [
                0.06633841186579015,
                0.8081674065091549,
                0.03133604692735692,
                0.0851802069383742,
                0.008977927759323778
            ],
            [
                1.658678325933203e-12,
                1.9555680699006893e-08,
                0.9999999803077968,
                1.3176514008094705e-10,
                3.0988190771051526e-12
            ],
            [
                2.0606153158569717e-09,
                1.6048088215983397e-09,
                2.334983057529137e-09,
                0.0002611903264900115,
                0.9997388036731029
            ],
            [
                5.043471883699439e-07,
                8.592166734768891e-10,
                4.2777879265202515e-11,
                3.2241867806333556e-08,
                0.9999994625089493
            ]
        ],
        [
            [
                0.9999999979184577,
                2.061153616141399e-09,
                3.511422102648547e-12,
                1.1399918495614952e-12,
                1.57371020587835e-11
            ],
            [
                0.6224338946122279,
                0.3775252363210942,
                2.8258444281606065e-05,
                6.305311198100242e-06,
                6.305311198100242e-06
            ],
            [
                5.675685229379986e-14,
                3.5817479282304806e-10,
                0.9999999996186169,
                2.2897348443333053e-11,
                2.543665645919147e-13
            ],
            [
                6.144171961736273e-06,
                1.1032498317615357e-09,
                1.1628167676567315e-10,
                1.4449707469173057e-07,
                0.999993710111432
            ],
            [
                1.6052282528939746e-09,
                1.3176515892984537e-10,
                4.84736930329778e-11,
                6.82560421701222e-08,
                0.9999999299584907
            ]
        ],
        [
            [
                0.9999999748547093,
                2.5109990904466858e-08,
                8.423463535420621e-12,
                3.978962432366279e-12,
                2.2897347861021263e-11
            ],
            [
                0.0003316119348838668,
                0.988521429421281,
                0.010981479098575695,
                0.00015664238652887002,
                8.837158730617345e-06
            ],
            [
                3.850661555362723e-09,
                2.144494028593633e-05,
                0.999978460921881,
                8.764065304073205e-08,
                2.646518403253369e-09
            ],
            [
                1.2501530218396398e-09,
                1.4930948618591735e-10,
                5.492789033967046e-11,
                3.0590235853989555e-07,
                0.9999996926432511
            ],
            [
                3.2241868931374436e-08,
                1.4930947483842543e-10,
                2.2897349563480414e-11,
                1.1253518016003052e-07,
                0.9999998550507441
            ]
        ],
        [
            [
                0.9999999996203264,
                3.581747925436024e-10,
                1.2917800030378383e-12,
                0.0,
                2.0206839062876384e-11
            ],
            [
                0.9999999879642546,
                1.1861119993758196e-08,
                3.33154449790385e-11,
                9.545034796026266e-12,
                1.317651409503364e-10
            ],
            [
                2.020683902677613e-11,
                2.646573630599325e-09,
                0.9999999969627886,
                3.5817479190371007e-10,
                1.2256067405617512e-11
            ],
            [
                5.905303749388247e-10,
                6.224144359877912e-11,
                1.573710144181924e-11,
                4.1399375438330494e-08,
                0.9999999579321157
            ],
            [
                6.691586041694577e-10,
                6.224144576774265e-11,
                1.5737101990219103e-11,
                6.348800068986214e-09,
                0.9999999929040628
            ]
        ],
        [
            [
                0.9999999956206662,
                4.36346222958629e-09,
                5.789356297740495e-12,
                1.6586783500354026e-12,
                8.423463709378234e-12
            ],
            [
                0.9933071233133958,
                0.006692851257433241,
                1.9424789425213275e-08,
                2.6288593786727975e-09,
                3.3755222591138163e-09
            ],
            [
                8.763396090784798e-08,
                9.610239898631536e-05,
                0.9999036573317114,
                1.4448411317519465e-07,
                8.151228111350732e-09
            ],
            [
                3.224187041390178e-08,
                1.9171716946026687e-10,
                5.4927888690824406e-11,
                1.8553915376326917e-07,
                0.9999997819723307
            ],
            [
                1.250152892720623e-09,
                1.9171715541426255e-10,
                7.991960061300797e-11,
                6.475946136308638e-07,
                0.9999993508835967
            ]
        ],
        [
            [
                0.999999997573948,
                2.335593027678072e-09,
                6.560200136916434e-12,
                3.978962516890833e-12,
                7.991959854899056e-11
            ],
            [
                0.00012051791377476854,
                0.9765667489502782,
                0.022966649460258164,
                0.00032760165501774735,
                1.8482020671149576e-05
            ],
            [
                7.052879759471479e-11,
                1.1861119997227899e-08,
                0.9999999871758192,
                8.592166507532904e-10,
                3.331544498878419e-11
            ],
            [
                1.8189617685029933e-09,
                2.172440031759942e-10,
                9.056077392698924e-11,
                5.043472040298605e-07,
                0.9999994935260295
            ],
            [
                7.194133511840877e-09,
                1.3176515152021857e-10,
                4.277788155288577e-11,
                2.38236982695785e-07,
                0.9999997543943407
            ]
        ],
        [
            [
                0.9999999906879452,
                9.237449564402732e-09,
                1.3887943718276674e-11,
                5.789356267582268e-12,
                5.4927882929387123e-11
            ],
            [
                0.00010742571510458558,
                0.3202314360271406,
                0.6779299738280454,
                0.001680420114989762,
                5.074431471969145e-05
            ],
            [
                1.250150545147083e-09,
                2.2603252100812956e-06,
                0.999997712064544,
                2.510994493409493e-08,
                1.250150545147083e-09
            ],
            [
                9.734214366341842e-10,
                5.210349487238212e-10,
                8.590414027391146e-10,
                0.00020342706158404906,
                0.9997965705849181
            ],
            [
                1.0261879596593171e-10,
                3.3315445307682794e-11,
                7.433680646919517e-12,
                2.9989608145970354e-09,
                0.9999999968576712
            ]
        ],
        [
            [
                0.9999999992208919,
                7.582560413638768e-10,
                1.879528813001126e-12,
                1.1399918508984758e-12,
                1.7832472874579183e-11
            ],
            [
                0.0007586743596317856,
                0.16382808340387892,
                0.7342265138671417,
                0.09936676319186061,
                0.0018199651774869993
            ],
            [
                6.691548096656134e-10,
                4.78509478578756e-06,
                0.9999952021832905,
                1.1861052804238938e-08,
                1.9171606281126573e-10
            ],
            [
                6.915840059407109e-05,
                0.9239373603277826,
                0.07584139606919911,
                0.0001464083352065545,
                5.6768672175953665e-06
            ],
            [
                1.4449734000405574e-07,
                8.592117716875761e-10,
                4.058629026665601e-10,
                4.785094721063138e-06,
                0.9999950691428643
            ]
        ],
        [
            [
                0.999999999216967,
                7.582560413609007e-10,
                1.8795288129937488e-12,
                0.0,
                2.2897348413264517e-11
            ],
            [
                0.002092667272410392,
                0.8442423044099424,
                0.1467073020367491,
                0.005688459419604122,
                0.001269266861294112
            ],
            [
                1.3439795008356666e-08,
                4.5397852566994026e-05,
                0.9999545334911583,
                5.315542039837561e-08,
                2.0610593179091713e-09
            ],
            [
                1.955556989467272e-08,
                1.1032497592537245e-09,
                2.789452232013956e-10,
                4.785094747475271e-06,
                0.9999951939674876
            ],
            [
                5.602796997409305e-09,
                1.3176515586788294e-10,
                2.940078033078354e-11,
                8.764249095230853e-08,
                0.9999999065935461
            ]
        ],
        [
            [
                0.9999999995206035,
                4.5990553706980233e-10,
                1.658678356045465e-12,
                0.0,
                1.7832472877304246e-11
            ],
            [
                0.02820646119434894,
                0.9340696857247628,
                0.036217807854961315,
                0.0014043168089776438,
                0.00010172841694933351
            ],
            [
                2.2158688190175533e-08,
                3.535625556915662e-05,
                0.9999644707442368,
                1.444929354310654e-07,
                6.348570458614533e-09
            ],
            [
                5.2103494865184e-10,
                7.581013770044625e-10,
                1.2498978656143143e-09,
                0.00020342706130383164,
                0.999796570409662
            ],
            [
                8.151989892300202e-09,
                5.211392783934504e-10,
                2.7894575461023396e-10,
                3.7266390818866197e-06,
                0.9999962644088431
            ]
        ],
        [
            [
                0.9999999996284292,
                3.5817479244745755e-10,
                1.1399918511956037e-12,
                0.0,
                1.2256067424223528e-11
            ],
            [
                1.2824031305917886e-05,
                0.014063265114105848,
                0.9859107450744239,
                1.2824031305917886e-05,
                3.417488585158757e-07
            ],
            [
                3.26613131205491e-13,
                9.237449575051167e-09,
                0.9999999907068208,
                5.492788299270503e-11,
                4.752193018055575e-13
            ],
            [
                3.581741380638105e-10,
                1.162821176663663e-10,
                5.492778306748649e-11,
