{
    "[['A', 'B', 'C', 'D', 'E'], ['A', 'B', 'C', 'D', 'E']]": [
        [
            [
                0.9999999468379055,
                5.3157849651805995e-08,
                1.1399917910148367e-12,
                6.914399730712155e-13,
                2.413362640516722e-12
            ],
            [
                0.9999998724737592,
                1.2751906727817665e-07,
                1.6586784646563186e-12,
                1.0060393434191349e-12,
                4.50875552973162e-12
            ],
            [
                2.9983375924978506e-09,
                3.725878713529542e-06,
                0.9997917775558183,
                0.00020342608500658439,
                1.067482123945488e-06
            ],
            [
                1.4927700990420842e-10,
                5.6015784707484376e-09,
                5.8282046897438565e-05,
                0.9997832851732403,
                0.00015842702900670513
            ],
            [
                4.752175088496018e-13,
                7.433652555855255e-12,
                3.511408832083781e-12,
                2.902312199029423e-06,
                0.9999970976763808
            ]
        ],
        [
            [
                0.9999999956348791,
                4.3634622284416665e-09,
                0.0,
                0.0,
                1.6586783496002981e-12
            ],
            [
                0.9999724642806892,
                2.7535689809974993e-05,
                1.78319980397328e-11,
                5.1089529759849545e-12,
                6.5600254738271585e-12
            ],
            [
                2.0611302907139943e-09,
                1.0129978928597834e-05,
                0.9999884877790284,
                1.3709435674827063e-06,
                9.237345096435625e-09
            ],
            [
                1.0260764290555714e-10,
                6.3481100789108735e-09,
                9.61012058971423e-05,
                0.9998908864594657,
                1.3005883919469787e-05
            ],
            [
                1.0059933197573777e-12,
                1.3887309413278636e-11,
                2.7345733606476696e-12,
                4.539785620410094e-05,
                0.999954602126168
            ]
        ],
        [
            [
                0.9999999976629814,
                2.335593031778131e-09,
                4.1937956457722523e-13,
                0.0,
                1.0060392762589847e-12
            ],
            [
                0.9999986290334473,
                1.3709566530987501e-06,
                4.5087472398036376e-12,
                1.8795254806044447e-12,
                3.5114158810301083e-12
            ],
            [
                1.713997338822658e-05,
                0.6224469764989717,
                0.3775331756536899,
                2.628500050674443e-06,
                7.937389955261307e-08
            ],
            [
                5.4845392364002695e-11,
                1.8162299559857616e-09,
                1.0661005234035434e-06,
                0.9984977514261323,
                0.0015011806022689693
            ],
            [
                1.658555120648385e-12,
                1.7831147971925246e-11,
                6.559712751357156e-12,
                7.484619809310024e-05,
                0.9999251537758574
            ]
        ],
        [
            [
                0.9999999979367165,
                2.0611536159118336e-09,
                0.0,
                0.0,
                2.1297851642117364e-12
            ],
            [
                0.9999986290371925,
                1.3709566533320884e-06,
                2.7346934383010633e-12,
                1.0060374938574052e-12,
                2.413358488819106e-12
            ],
            [
                1.5227541723540505e-08,
                0.0001584358074680151,
                0.9998392694470224,
                2.2599654172849387e-06,
                1.9552550606699067e-08
            ],
            [
                7.661928702202959e-09,
                6.086629672298314e-07,
                0.06008461986694812,
                0.9398815319361515,
                3.3231872004433085e-05
            ],
            [
                1.0060374394146129e-12,
                1.573707332647405e-11,
                5.1090796844390736e-12,
                2.2603252732365554e-06,
                0.9999977396528745
            ]
        ],
        [
            [
                0.9999999918463208,
                8.152020633172992e-09,
                0.0,
                0.0,
                1.6586783423728277e-12
            ],
            [
                0.9999998144553282,
                1.855391595776361e-07,
                2.413363075111864e-12,
                0.0,
                3.0988195281393205e-12
            ],
            [
                1.4710565677425666e-05,
                0.8807827359171329,
                0.11920097797373952,
                1.5504822152670417e-06,
                2.5061234795760832e-08
            ],
            [
                1.3171338692588503e-10,
                4.361748337060798e-09,
                5.827171071060382e-05,
                0.9996063932534369,
                0.0003353305423906725
            ],
            [
                1.1399767009813988e-12,
                1.3887759275048561e-11,
                3.978909649941009e-12,
                1.3007124769154082e-05,
                0.9999869928562243
            ]
        ],
        [
            [
                0.9999999950534197,
                4.944450472662632e-09,
                0.0,
                0.0,
                2.1297851583453614e-12
            ],
            [
                0.9999991684639371,
                8.315279888594815e-07,
                3.098819372618422e-12,
                1.463778624610838e-12,
                3.5114223784160784e-12
            ],
            [
                3.5171658272813773e-05,
                0.994744222654894,
                0.005219939452423949,
                6.441913920428172e-07,
                2.204301726827796e-08
            ],
            [
                2.457859286706249e-10,
                9.22304892989064e-09,
                5.820378520218405e-05,
                0.9984406920569092,
                0.0015010946890537218
            ],
            [
                4.752166141619878e-13,
                6.560163004650784e-12,
                1.6586689625091554e-12,
                4.785094847881446e-06,
                0.999995214896458
            ]
        ],
        [
            [
                0.9999999991386535,
                8.59216660340183e-10,
                0.0,
                0.0,
                2.129785167046228e-12
            ],
            [
                0.9999999634611528,
                3.6534820735814733e-08,
                1.2917799552361457e-12,
                0.0,
                2.7346981866948405e-12
            ],
            [
                1.920247942655666e-06,
                0.9626589873463438,
                0.037326341475301686,
                1.252158950024363e-05,
                2.293409115994278e-07
            ],
            [
                9.053919365052128e-11,
                2.998246317712578e-09,
                3.534904315859655e-05,
                0.9997612281697011,
                0.00020341969835470177
            ],
            [
                4.507242202226948e-12,
                1.0258435968380173e-10,
                7.989277965262344e-11,
                0.0003353500566840561,
                0.9996646497563315
            ]
        ],
        [
            [
                0.999999814454856,
                1.8553915957754851e-07,
                1.879529052731846e-12,
                1.0060394057081923e-12,
                3.098819528137857e-12
            ],
            [
                0.9999832985668359,
                1.670141509521144e-05,
                9.544871647907544e-12,
                2.734651512540339e-12,
                5.789257297477773e-12
            ],
            [
                2.844884904406291e-08,
                0.00015843611975970617,
                0.9998413485053845,
                1.8550962188206424e-07,
                1.4163847923438008e-09
            ],
            [
                2.788298006698431e-10,
                1.3434772160242271e-08,
                0.00015839485602598102,
                0.9995804424620727,
                0.0002611489682995193
            ],
            [
                2.882350933826014e-13,
                3.9789627296280975e-12,
                6.10193697479323e-13,
                1.444980316485369e-07,
                0.999999855497091
            ]
        ],
        [
            [
                0.9999999981783037,
                1.8189616813175282e-09,
                0.0,
                0.0,
                2.734698282217153e-12
            ],
            [
                0.999998629035745,
                1.3709566535314931e-06,
                2.7346934386988225e-12,
                8.878249723422626e-13,
                3.978955474919513e-12
            ],
            [
                4.420228102728478e-14,
                6.224144621622611e-11,
                0.9999999999252835,
                1.2256067441568832e-11,
                1.748234127910079e-13
            ],
            [
                3.284689284397761e-11,
                1.2325705606233391e-09,
                4.0817131186020644e-08,
                0.9859363312526509,
                0.014063626664800497
            ],
            [
                8.878147474104214e-13,
                1.0815797798550938e-11,
                3.978909649954235e-12,
                1.300712476919732e-05,
                0.9999869928595483
            ]
        ],
        [
            [
                0.9999999965990689,
                3.3982678031237804e-09,
                7.835041747318763e-13,
                0.0,
                1.879528807484378e-12
            ],
            [
                0.9999898699985913,
                1.0129988097059261e-05,
                5.789301555606518e-12,
                2.413339938998064e-12,
                5.109040690950932e-12
            ],
            [
                1.756707222926247e-06,
                0.1191860141409682,
                0.8806722324467351,
                0.00013955253992955967,
                4.4416514419195095e-07
            ],
            [
                1.6908011831162603e-10,
                7.189469575308966e-09,
                9.604925797653884e-05,
                0.9993512178029335,
                0.0005527255805401873
            ],
            [
                6.914387463954022e-13,
                1.3887918470847445e-11,
                8.423448352158368e-12,
                1.0677030759776533e-06,
                0.9999989322739212
            ]
        ],
        [
            [
                0.9999999999084332,
                9.056076974306564e-11,
                0.0,
                0.0,
                1.0060392775762748e-12
            ],
            [
                0.999997739665827,
                2.260325270981222e-06,
                4.508746992076575e-12,
                1.6586753238285516e-12,
                2.7346932875815563e-12
            ],
            [
                2.1297851449164214e-12,
                1.1861120006326376e-08,
                0.9999999879654305,
                1.6918979019295017e-10,
                2.1297851449164214e-12
            ],
            [
                3.767861749690931e-11,
                1.8154574588792982e-09,
                1.0447236351041372e-08,
                0.7772998467218447,
                0.222700140977783
            ],
            [
                4.752175137786132e-13,
                7.433652632957964e-12,
                1.8795217270699814e-12,
                3.7266391153681355e-06,
                0.9999962733510962
            ]
        ],
        [
            [
                0.9999999956355317,
                4.363462226895157e-09,
                0.0,
                0.0,
                1.006039273277568e-12
            ],
            [
                0.9997965728540219,
                0.0002034270606821052,
                6.222875056953226e-11,
                1.0813735382461754e-11,
                1.2253567520510542e-11
            ],
            [
                7.290798400182657e-06,
                0.9241345248390308,
                0.07585757347664401,
                5.98465176646117e-07,
                1.2420748481756912e-08
            ],
            [
                7.904156236002368e-11,
                2.30993304892151e-09,
                2.356193519211379e-07,
                0.9890128196528445,
                0.010986942338828935
            ],
            [
                5.384940338463915e-13,
                8.423463943290668e-12,
                1.463778546938256e-12,
                6.475946145061969e-07,
                0.9999993523949597
            ]
        ],
        [
            [
                0.9999999907598157,
                9.237449555039934e-09,
                0.0,
                0.0,
                2.734698259935616e-12
            ],
            [
                0.9994472212733568,
                0.0005527785854679062,
                1.0256206064047714e-10,
                2.2884689015862638e-11,
                1.5728401409067914e-11
            ],
            [
                7.715091055995493e-08,
                0.002472554639117213,
                0.9974997564726756,
                2.7467600557391912e-05,
                1.441367393062789e-07
            ],
            [
                3.730583786838323e-11,
                1.3998912382480403e-09,
                2.0368297330501418e-09,
                0.32082128737434995,
                0.6791787091516233
            ],
            [
                6.914373956135258e-13,
                8.423431896266316e-12,
                1.658672085662241e-12,
                2.902312199705666e-06,
                0.9999970976770267
            ]
        ],
        [
            [
                0.999999994392446,
                5.6027963971255195e-09,
                1.658678346950546e-12,
                0.0,
                3.098819116370719e-12
            ],
            [
                0.9999994956469327,
                5.043472041841502e-07,
                1.463778579716802e-12,
                8.878265876288535e-13,
                3.5114222707208845e-12
            ],
            [
                2.7467601355372558e-05,
                0.9974997854517449,
                0.0024725546955048664,
                1.8507524212450846e-07,
                7.176152746351264e-09
            ],
            [
                7.984615653312364e-11,
                4.359452433965405e-09,
                7.88207490441317e-06,
                0.9990810694973806,
                0.0009110439884162974
            ],
            [
                3.2661315021407545e-13,
                7.433681035038645e-12,
                1.1399919086641248e-12,
                1.444980316609282e-07,
                0.999999855493068
            ]
        ],
        [
            [
                0.9999999990245003,
                9.7362002834441e-10,
                0.0,
                0.0,
                1.8795288108316057e-12
            ],
            [
                0.999999761756763,
                2.3823698417875343e-07,
                2.7346984916527035e-12,
                7.835042358248261e-13,
                2.7346984916527035e-12
            ],
            [
                0.0,
                1.0261879627015978e-10,
                0.9999999998594551,
                3.775134542555247e-11,
                1.7482341274727556e-13
            ],
            [
                2.939702109996515e-11,
                8.591068869483326e-10,
                4.784506037464884e-06,
                0.9998718205684166,
                0.0001233940370420818
            ],
            [
                3.700990977064234e-13,
                8.423416638007096e-12,
                1.6586690811328573e-12,
                6.1441721262679185e-06,
                0.9999938558174216
            ]
        ],
        [
            [
                0.9999999677562541,
                3.224186630524371e-08,
                0.0,
                0.0,
                1.8795287543198117e-12
            ],
            [
                0.9525741228126399,
                0.04742587530114265,
                1.732695090160618e-09,
                1.2551601134567563e-10,
                2.8006407712752737e-11
            ],
            [
                1.0603575985631195e-13,
                4.058652124220207e-10,
                0.999999999576042,
                1.7832472898236474e-11,
                1.542811202334512e-13
            ],
            [
                2.0192507902298997e-11,
                7.577182689318253e-10,
                1.8540737051849688e-07,
                0.9992901434374396,
                0.000709670377279
            ],
            [
                4.752193665652835e-13,
                5.789357063190898e-12,
                1.1399919976681528e-12,
                1.8553915979981382e-07,
                0.9999998144534357
            ]
        ],
        [
            [
                0.9999999979388463,
                2.061153613373838e-09,
                0.0,
                0.0,
                0.0
            ],
            [
                0.9999038975506991,
                9.610239920483185e-05,
                3.77477470460322e-11,
                5.7888044967150145e-12,
                6.559574860558906e-12
            ],
            [
                4.0586291183840997e-10,
                4.7850948291985936e-06,
                0.9999952110461318,
                3.3982485550558403e-09,
                5.492757212888758e-11
            ],
            [
                2.935662440320718e-11,
                9.721578850937817e-10,
                3.054429278195593e-07,
                0.9984985114556011,
                0.0015011820999565437
            ],
            [
                4.193787989497665e-13,
                9.545017468545924e-12,
                2.129781276376212e-12,
                2.2603252736849564e-06,
                0.9999977396626321
            ]
        ],
        [
            [
                0.999999999782756,
                2.1724399322103102e-10,
                0.0,
                0.0,
                0.0
            ],
            [
                0.9999977396546191,
                2.26032527004644e-06,
                1.0815921761567918e-11,
                2.734693286450594e-12,
                6.560188161444019e-12
            ],
            [
                0.0,
                1.917171513146909e-10,
                0.9999999997973734,
                1.0815941553836394e-11,
                9.357622965855946e-14
            ],
            [
                2.2824704154495075e-11,
                9.705311169804588e-10,
                1.121781447675586e-07,
                0.9968272037414727,
                0.0031726830870267625
            ],
            [
                6.914361430277697e-13,
                9.544981531354945e-12,
                1.879518303132195e-12,
                6.1441721252765046e-06,
                0.9999938558157588
            ]
        ],
        [
            [
                0.9999999995376812,
                4.599055365784565e-10,
                0.0,
                0.0,
                2.4133627650808375e-12
            ],
            [
                0.9999996940920002,
                3.0590235869733876e-07,
                2.1297854368845854e-12,
                0.0,
                3.5114225518189817e-12
            ],
            [
                2.4398001789546416e-06,
                0.04742553871020157,
                0.9525673561455619,
                4.5581468212744225e-06,
                1.0719723628580785e-07
            ],
            [
                3.769464799709572e-11,
                1.8162298516332352e-09,
                6.466226166278621e-07,
                0.9984981702940319,
                0.0015011812294268654
            ],
            [
                1.4636697568186839e-12,
                2.0205337741906305e-11,
                1.0815137943441438e-11,
                7.484619778264921e-05,
                0.9999251537697332
            ]
        ],
        [
            [
                0.9999999969993805,
                2.998960811042201e-09,
                0.0,
                0.0,
                1.658678351273312e-12
            ],
            [
                0.9999998144550069,
                1.855391595775765e-07,
                2.7346986352507288e-12,
                0.0,
                3.098819528138325e-12
            ],
            [
                0.0,
                6.224144620475974e-11,
                0.9999999999253824,
                1.2256067439310968e-11,
                1.2015425727077292e-13
            ],
            [
                2.01884238538368e-11,
                8.58433626141018e-10,
                3.9242839388262545e-07,
                0.9990885557571582,
                0.0009110509358258416
            ],
            [
                5.384930665845099e-13,
                7.433667486348636e-12,
                1.1399898309052177e-12,
                1.3709566545508941e-06,
                0.9999986290342333
            ]
        ],
        [
            [
                0.9999999988948645,
                1.103256029353329e-09,
                0.0,
                0.0,
                1.879528811444877e-12
            ],
            [
                0.9999962733494605,
                3.726639112428549e-06,
                5.789334487061826e-12,
                1.6586721011713413e-12,
                3.978947524292426e-12
            ],
            [
                2.079307656856772e-07,
                0.010986800754646333,
                0.9890000861496439,
                1.2864220948724417e-05,
                4.094399539765745e-08
            ],
            [
                1.0254464090835361e-10,
                2.9967936861505596e-09,
                1.2997898192099769e-05,
                0.9992773378068618,
                0.0007096611956077974
            ],
            [
                1.139811436167213e-12,
                3.331017286764758e-11,
                1.3885745937447823e-11,
                0.00015843624766857998,
                0.9998415637039957
            ]
        ],
        [
            [
                0.9999999992406039,
                7.582560413788235e-10,
                0.0,
                0.0,
                1.1399918509209472e-12
            ],
            [
                0.9999982396383497,
                1.7603431318038366e-06,
                9.545017678180376e-12,
                2.413358411700286e-12,
                6.56018831608367e-12
            ],
            [
                0.0,
                4.0586521227637683e-10,
                0.9999999995453346,
                4.8473687018369934e-11,
                3.266131339800339e-13
            ],
            [
                4.2642158642925613e-11,
                1.6001351980035706e-09,
                6.455399967206307e-07,
                0.996826671436785,
                0.0031726813804407576
            ],
            [
                6.101937146459158e-13,
                7.433681243533088e-12,
                1.4637786265980969e-12,
                8.315279899883826e-07,
                0.9999991684625024
            ]
        ],
        [
            [
                0.9999999907608917,
                9.237449559822231e-09,
                0.0,
                0.0,
                1.6586783405724501e-12
            ],
            [
                0.999998239647365,
                1.760343132599519e-06,
                5.109079799971168e-12,
                1.6586753629913436e-12,
                2.734693352150084e-12
            ],
            [
                0.0,
                2.1724399342158924e-10,
                0.9999999997718831,
                1.0815941552988448e-11,
                5.6756852303777354e-14
            ],
            [
                2.7879629555046714e-10,
                1.1854720144415153e-08,
                0.0002033587757653576,
                0.9994613471515303,
                0.00033528193918788284
            ],
            [
                7.834982416702993e-13,
                1.2255974576357192e-11,
                2.734677569997665e-12,
                7.889265047520627e-06,
                0.9999921107191783
            ]
        ],
        [
            [
                0.9999999970000588,
                2.998960813283844e-09,
                3.701011664309884e-13,
                0.0,
                6.101936654056987e-13
            ],
            [
                0.9999994956455914,
                5.043472047896674e-07,
                3.098819281298178e-12,
                1.0060393255710816e-12,
                3.098819281298178e-12
            ],
            [
                1.0526857795970255e-06,
                0.014063594600095201,
                0.98593398778747,
                1.3516752967883309e-06,
                1.3251358330154887e-08
            ],
            [
                5.28775659081815e-11,
                1.5453089917616498e-09,
                7.84772660208792e-09,
                0.03732688362825466,
                0.9626731069258322
            ],
            [
                6.91425562827548e-13,
                1.5736773274937665e-11,
                3.978879394106176e-12,
                2.1444939756229923e-05,
                0.9999785550398367
            ]
        ],
        [
            [
                0.9999999983928924,
                1.6052280503304322e-09,
                0.0,
                0.0,
                1.8795288108542526e-12
            ],
            [
                0.9999986290321146,
                1.370956653325127e-06,
                5.789346054284526e-12,
                1.4637759163391035e-12,
                3.978955474320572e-12
            ],
            [
                3.2673162593630844e-05,
                0.9240802549445619,
                0.07585313185425381,
                3.2673162593630844e-05,
                1.2668759969250877e-06
            ],
            [
                7.764971192658821e-09,
                5.443665073214993e-07,
                0.047423218587086396,
                0.9525207023881149,
                5.5526893320136664e-05
            ],
            [
                3.094165293973889e-12,
                9.042476461714116e-11,
                4.271363434461665e-11,
                0.0015011820310808952,
                0.9984988178326866
            ]
        ],
        [
            [
                0.9999999993300579,
                6.691586080294744e-10,
                0.0,
                0.0,
                7.835041772187011e-13
            ],
            [
                0.9999785550349579,
                2.1444939741979722e-05,
                1.3887653662580163e-11,
                3.978879391462204e-12,
                7.433525338209645e-12
            ],
            [
                1.3615261072602164e-13,
                2.1724399337555733e-10,
                0.9999999997489779,
                3.3315445401368456e-11,
                3.26613134079773e-13
            ],
            [
                6.218437254044651e-11,
                2.9962108605376244e-09,
                6.138578280150541e-06,
                0.999082812568369,
                0.0009110457949556033
            ],
            [
                3.078819456148239e-11,
                1.019564977895642e-09,
                1.9047981482930062e-09,
                0.07585817575384522,
                0.9241418212910034
            ]
        ],
        [
            [
                0.9999999991393196,
                8.592166601037479e-10,
                0.0,
                0.0,
                1.4637785110361165e-12
            ],
            [
                0.9999546021145365,
                4.539785569004643e-05,
                1.783165824079423e-11,
                4.50854926213079e-12,
                7.4333410684744e-12
            ],
            [
                2.8447488987509454e-08,
                0.00020342647088357395,
                0.999794269990823,
                2.2598639608324723e-06,
                1.5226843593232555e-08
            ],
            [
                3.2716213373287736e-11,
                1.083412192233437e-09,
                1.9203940605700203e-08,
                0.9820137685079265,
                0.01798621117200444
            ],
            [
                2.1288673423435412e-12,
                7.049840420180652e-11,
                1.3881958870600114e-11,
                0.0004305571199788973,
                0.9995694427935119
            ]
        ],
        [
            [
                0.9999999998072768,
                1.9171715112736976e-10,
                0.0,
                0.0,
                1.006039277979511e-12
            ],
            [
                0.9999986290316989,
                1.370956653324557e-06,
                5.789346054282119e-12,
                1.8795254809140166e-12,
                3.978955474318918e-12
            ],
            [
                1.5428112022655043e-13,
                3.160881452415736e-10,
                0.9999999996457181,
                3.775134542012312e-11,
                2.882350791713675e-13
            ],
            [
                7.03049078582663e-11,
                2.328178798640707e-09,
                1.3666070354294656e-06,
                0.9968259522865637,
                0.003172678707917181
            ],
            [
                1.0060259072828422e-12,
                1.2255904539784458e-11,
                3.09877795006066e-12,
                1.3007124764604968e-05,
                0.9999869928588747
            ]
        ],
        [
            [
                0.9999999985802923,
                1.4166087817121773e-09,
                0.0,
                0.0,
                3.0988191279352656e-12
            ],
            [
                0.9999785550349579,
                2.1444939741979722e-05,
                1.3887653662580163e-11,
                3.978879391462204e-12,
                7.433525338209645e-12
            ],
            [
                1.3615261059957223e-13,
                9.736200298035973e-10,
                0.9999999989832116,
                4.277787862390061e-11,
                2.5436656434649436e-13
            ],
            [
                5.482206659772686e-11,
                1.4138797325183716e-09,
                3.920292896078835e-07,
                0.9980728722462209,
                0.001926734255787699
            ],
            [
                2.73468279961704e-12,
                5.4927572344914274e-11,
                1.2255998013885186e-11,
                4.7850948480180715e-06,
                0.9999952148352338
            ]
        ],
        [
            [
                0.9999999973519627,
                2.6465736276525372e-09,
                0.0,
                0.0,
                1.4637785079000706e-12
            ],
            [
                0.999999495643546,
                5.043472045075165e-07,
                3.978962716682917e-12,
                1.2917800634979916e-12,
                3.978962716682917e-12
            ],
            [
                6.43252070017118e-07,
                0.006692758536737399,
                0.9932934415087773,
                1.2920063203245722e-05,
                2.3663921205027088e-07
            ],
            [
                3.3251264523731254e-11,
                1.247744495959677e-09,
                5.033755765356257e-07,
                0.9980727619887978,
                0.001926733354629961
            ],
            [
                1.1398505741706034e-12,
                3.7746666929034463e-11,
                8.4224198369449e-12,
                0.0001233946276221632,
                0.999876605325069
            ]
        ],
        [
            [
                0.9999999981793797,
                1.818961681967427e-09,
                0.0,
                0.0,
                1.6586783538208062e-12
            ],
            [
                0.9999724642899142,
                2.7535689810229015e-05,
                1.2255741072243048e-11,
                3.511328606274083e-12,
                4.508635176798666e-12
            ],
            [
                1.9908701223813348e-06,
                0.22269793026465684,
                0.7772921276268031,
                7.87404407938846e-06,
                7.719433827288682e-08
            ],
            [
                7.511748700920578e-11,
                1.9373055236927515e-09,
                9.334460754576703e-08,
                0.9399132631661903,
                0.06008664147677915
            ],
            [
                7.835042367113272e-13,
                9.545035631921329e-12,
                2.1297853291730754e-12,
                2.3823698444830824e-07,
                0.9999997617505573
            ]
        ],
        [
            [
                0.9999999907606708,
                9.237449561794544e-09,
                0.0,
                0.0,
                1.8795287961564256e-12
            ],
            [
                0.999999761760896,
                2.382369843578084e-07,
                1.1399919372989157e-12,
                2.8823510064732774e-13,
                6.914400617969944e-13
            ],
            [
                6.343014899114024e-09,
                0.0009110510409161197,
                0.9990885445899421,
                3.92428435850628e-07,
                5.597691001516066e-09
            ],
            [
                5.7689889156100055e-11,
                1.9104267528511164e-09,
                3.569147057984465e-09,
                0.43782349728664627,
                0.56217649717609
            ],
            [
                3.266125445618336e-13,
                6.560188323372987e-12,
                1.006037462827351e-12,
                1.760343133759832e-06,
                0.9999982396489734
            ]
        ],
        [
            [
                0.9999999997806261,
                2.172439929528505e-10,
                0.0,
                0.0,
                2.1297851655142546e-12
            ],
            [
                0.9999938558131161,
                6.1441721209753754e-06,
                6.560163468165752e-12,
                2.413349270662128e-12,
                5.789323941104893e-12
            ],
            [
                1.3414389602181377e-08,
                0.001926715000621543,
                0.9980631415948573,
                1.0110472309909842e-05,
                1.9517821703517573e-08
            ],
            [
                7.229932608867332e-11,
                2.3942248597352912e-09,
                3.7451978128811215e-08,
                0.9046504939040102,
                0.09534946617748753
            ],
            [
                6.914347714908162e-13,
                1.3887838632754617e-11,
                2.7346775701412356e-12,
                7.889265047934814e-06,
                0.9999921107176382
            ]
        ],
        [
            [
                0.9999999973522864,
                2.646573627653394e-09,
                0.0,
                0.0,
                1.1399918481960367e-12
            ],
            [
                0.9999938558138062,
                6.144172121776122e-06,
                7.433639086786325e-12,
                2.1297732564916856e-12,
                4.5087300193741285e-12
            ],
            [
                1.7482341270892208e-13,
                2.789468090983197e-10,
                0.999999999640071,
                7.991959887551232e-11,
                8.8782654724578e-13
            ],
            [
                7.048980096944407e-11,
                1.2494616184208141e-09,
                6.472365250196992e-07,
                0.9994465731543184,
                0.0005527782892052165
            ],
            [
                7.835042164502653e-13,
                1.3887944537534436e-11,
                2.413362888708427e-12,
                1.4449803160872757e-07,
                0.9999998554848836
            ]
        ],
        [
            [
                0.9999999987485553,
                1.2501528625472857e-09,
                0.0,
                0.0,
                1.2917800008186943e-12
            ],
            [
                0.9999938558110926,
                6.144172119037648e-06,
                9.54498152166287e-12,
                2.734682991898289e-12,
                4.5087300173645756e-12
            ],
            [
                1.2015425725311662e-13,
                1.9171715127275397e-10,
                0.9999999997784355,
                2.9400777377037324e-11,
                3.2661313410314036e-13
            ],
            [
                2.939775224821943e-11,
                1.416463027012429e-09,
                6.143586013682797e-06,
                0.9998977531136647,
                9.610185446088702e-05
            ],
            [
                1.0060182577625757e-12,
                1.5736773274952296e-11,
                2.7346411491740367e-12,
                2.144493975624986e-05,
                0.9999785550407664
            ]
        ],
        [
            [
                0.999999999408006,
                5.905303981655747e-10,
                0.0,
                0.0,
                1.46377850984057e-12
            ],
            [
                0.9999977396630821,
                2.260325270065569e-06,
                5.7893457328954726e-12,
                1.8795253765750487e-12,
                3.978955253433322e-12
            ],
            [
                0.0,
                1.6918979217922535e-10,
                0.9999999997925837,
                3.7751345424430114e-11,
                4.752193060459862e-13
            ],
            [
                1.1623066483066932e-10,
                2.997628354784299e-09,
                1.3001530773107992e-05,
                0.9995564437876615,
                0.00043055156770631744
            ],
            [
                2.4130636843532877e-12,
                4.8467679730081234e-11,
                3.774666692744132e-11,
                0.0001233946285046717,
                0.9998766052828678
            ]
        ],
        [
            [
                0.9999999987487072,
                1.2501528632585734e-09,
                0.0,
                0.0,
                1.1399918501918343e-12
            ],
            [
                0.999997097666253,
                2.902312196055062e-06,
                1.2256021075272662e-11,
                2.7346879453081205e-12,
                6.560175348709297e-12
            ],
            [
                1.0815921765007875e-11,
                2.2603252707653266e-06,
                0.9999977383998749,
                1.250150578710472e-09,
                1.388791845117625e-11
            ],
            [
                3.284689333832057e-11,
                1.5826519515202038e-09,
                4.972544616505753e-07,
                0.9859358809477523,
