{
    "[['A', 'B', 'C', 'D', 'E'], ['A', 'B', 'C', 'D', 'E']]": [
        [
            [
                0.9999999996620463,
                3.160881448171526e-10,
                1.658678355691118e-12,
                0.0,
                2.020683905095661e-11
            ],
            [
                6.812441750525918e-08,
                0.0019267317232349792,
                0.9980717850156626,
                1.3683155031725352e-06,
                4.682118177524465e-08
            ],
            [
                1.185870110559979e-08,
                0.00020342687214645078,
                0.9997964809423584,
                7.732844491167494e-08,
                2.9983491943091507e-09
            ],
            [
                0.0014895956219960755,
                0.6009456461760992,
                0.02991932073289809,
                0.3644919635124948,
                0.0031534739565118593
            ],
            [
                0.999999999773211,
                2.1724399318704494e-10,
                0.0,
                0.0,
                9.545034908743167e-12
            ]
        ],
        [
            [
                0.9999999998631259,
                1.3176514256970462e-10,
                0.0,
                0.0,
                5.109089022974209e-12
            ],
            [
                0.9999938541832492,
                6.144172101478717e-06,
                7.582517984432513e-10,
                2.1724277748185753e-10,
                6.691548635053683e-10
            ],
            [
                3.7751348364272624e-11,
                1.1253518342807318e-07,
                0.9999998839665557,
                3.3982680824784683e-09,
                6.224145104578676e-11
            ],
            [
                0.99999999322581,
                4.363462213193507e-09,
                2.020683890614225e-11,
                5.4927883009165734e-11,
                2.335593017522591e-09
            ],
            [
                0.999999999871688,
                9.056076972038206e-11,
                0.0,
                0.0,
                3.775134536927878e-11
            ]
        ],
        [
            [
                0.9999999998971834,
                9.056076977420271e-11,
                0.0,
                0.0,
                1.2256067427517397e-11
            ],
            [
                0.5621404691529889,
                0.4377954337553034,
                5.402827052596988e-05,
                9.388705627105243e-06,
                6.801155544936132e-07
            ],
            [
                1.4436621790874e-07,
                0.000911050622864443,
                0.9990882018189616,
                5.709794680269372e-07,
                3.2212488042208136e-08
            ],
            [
                8.88018118468981e-05,
                0.9239445837674679,
                0.07584198477324934,
                0.00011402378345933975,
                1.0605863976337787e-05
            ],
            [
                0.9999999997788822,
                1.9171715109376338e-10,
                0.0,
                0.0,
                2.9400777349588227e-11
            ]
        ],
        [
            [
                0.9999999998169222,
                1.691897919908624e-10,
                0.0,
                0.0,
                1.3887943842747664e-11
            ],
            [
                0.0013405044668308547,
                0.89162556485573,
                0.09397664580112138,
                0.01271835226874978,
                0.0003389326075679705
            ],
            [
                2.061118307401885e-09,
                1.6701414629539597e-05,
                0.9999832705554889,
                2.510956133221883e-08,
                8.592019404198986e-10
            ],
            [
                0.9999998981226046,
                6.8256039820136e-08,
                4.0586524866254304e-10,
                9.736201176963873e-10,
                3.224187023359107e-08
            ],
            [
                0.9999999998635107,
                1.1628233007482531e-10,
                0.0,
                0.0,
                2.020683905070869e-11
            ]
        ],
        [
            [
                0.999999999855979,
                1.317651424704646e-10,
                0.0,
                0.0,
                1.2256067422660569e-11
            ],
            [
                0.9990889076295919,
                0.0009110513707473242,
                3.221248391867173e-08,
                4.939944403340694e-09,
                3.847232569650936e-09
            ],
            [
                6.348328089528231e-09,
                7.484619335507735e-05,
                0.9999251046455143,
                4.1396299188324423e-08,
                1.4165034632912097e-09
            ],
            [
                0.9999999745677461,
                2.510999086708059e-08,
                4.2777877513580334e-11,
                3.3315444505709005e-11,
                2.4616968841349473e-10
            ],
            [
                0.9999999998714617,
                1.1628233010060332e-10,
                0.0,
                0.0,
                1.2256067422850328e-11
            ]
        ],
        [
            [
                0.9999999997421265,
                2.4616969487838204e-10,
                8.878265467526131e-13,
                0.0,
                1.081594154396593e-11
            ],
            [
                0.0004295789610673195,
                0.7766969991789007,
                0.2225274173722268,
                0.000334556590799205,
                1.1447897005914836e-05
            ],
            [
                1.725430701051172e-08,
                0.00020342685697684315,
                0.9997964058185189,
                1.4446854382769021e-07,
                5.6016533435211e-09
            ],
            [
                0.9999989238623835,
                1.067703064509084e-06,
                6.691573783845691e-10,
                1.4166061811566267e-09,
                6.348788439062998e-09
            ],
            [
                0.9999999996295454,
                3.5817479238823706e-10,
                1.463778511510044e-12,
                0.0,
                1.081594153795692e-11
            ]
        ],
        [
            [
                0.999999999902879,
                9.056076975964414e-11,
                0.0,
                0.0,
                6.560200158223408e-12
            ],
            [
                0.9999970975085376,
                2.902312196144753e-06,
                1.1628189037062327e-10,
                2.020676264157555e-11,
                4.277771684790381e-11
            ],
            [
                9.924150815322188e-08,
                0.0007096703832954884,
                0.9992901401501761,
                8.758032355304217e-08,
                2.6446966105819263e-09
            ],
            [
                0.06990402934789726,
                0.8516053533827106,
                0.03302031923921583,
                0.04239892917029634,
                0.0030713688598800163
            ],
            [
                0.9999999995717437,
                1.4930946728418548e-10,
                0.0,
                0.0,
                2.789468086600382e-10
            ]
        ],
        [
            [
                0.9999999997649236,
                2.1724399318524458e-10,
                0.0,
                0.0,
                1.7832472881661077e-11
            ],
            [
                0.9999921101843849,
                7.889265035753781e-06,
                2.7894469521077404e-10,
                7.991899323659047e-11,
                1.9171569839398044e-10
            ],
            [
                8.878265252671826e-13,
                2.5109990918854437e-08,
                0.9999999747857189,
                1.0261879370726641e-10,
                7.835041585807328e-13
            ],
            [
                0.9999999997590752,
                2.1724399306040374e-10,
                7.835041768925093e-13,
                0.0,
                2.289734840928959e-11
            ],
            [
                0.9999999995933515,
                3.5817479166549296e-10,
                0.0,
                0.0,
                4.8473686878264234e-11
            ]
        ],
        [
            [
                0.999999999730933,
                2.4616969437704907e-10,
                0.0,
                0.0,
                2.2897348381626358e-11
            ],
            [
                0.9999998874061848,
                1.1253518369604123e-07,
                2.0206840702095012e-11,
                5.109089435608603e-12,
                3.331544807919316e-11
            ],
            [
                3.45532694838557e-07,
                0.003172680253157906,
                0.9968266541009527,
                3.0493153293673476e-07,
                1.5181661556192576e-08
            ],
            [
                0.9999952725761942,
                2.260318879262339e-06,
                2.845318843032536e-08,
                1.3709527009999065e-06,
                1.067699037092585e-06
            ],
            [
                0.9999999995230655,
                4.5990553680933634e-10,
                1.2917800018202034e-12,
                0.0,
                1.573710207073215e-11
            ]
        ],
        [
            [
                0.9999999998729017,
                1.162823300759173e-10,
                0.0,
                0.0,
                1.0815941536237223e-11
            ],
            [
                0.999997096640718,
                2.90231219245831e-06,
                6.691560766478487e-10,
                1.3176464402579396e-10,
                2.4616876353368543e-10
            ],
            [
                2.5108844763971765e-08,
                4.5397856311253994e-05,
                0.999954259285916,
                3.0588834969732706e-07,
                1.186057844446662e-08
            ],
            [
                0.999999760556907,
                2.382369835998801e-07,
                3.1608816778721923e-10,
                1.3176515202025943e-10,
                7.582560964200868e-10
            ],
            [
                0.999999999871688,
                9.05607696454329e-11,
                0.0,
                0.0,
                3.775134533803531e-11
            ]
        ],
        [
            [
                0.999999999855979,
                1.317651424103895e-10,
                0.0,
                0.0,
                1.2256067417072713e-11
            ],
            [
                0.9999999976433989,
                2.3355930295461167e-09,
                3.97896252007327e-12,
                1.2917799996681846e-12,
                1.5737102044515193e-11
            ],
            [
                1.9810087973309014e-13,
                1.4930946756559455e-10,
                0.9999999998067086,
                4.277787867418381e-11,
                1.0060392789186466e-12
            ],
            [
                0.0006414627224912902,
                0.9032465808769916,
                0.09520148946314186,
                0.0008236544395365319,
                8.68124978386528e-05
            ],
            [
                0.9999999994455433,
                5.211412467289262e-10,
                0.0,
                0.0,
                3.331544528997734e-11
            ]
        ],
        [
            [
                0.9999999997649236,
                2.1724399288188054e-10,
                0.0,
                0.0,
                1.7832472856759444e-11
            ],
            [
                0.14798951007781744,
                0.8516207843216728,
                0.00036682926309767764,
                2.0695090880986426e-05,
                2.1812465310932794e-06
            ],
            [
                3.0988193888946955e-12,
                1.1253518380441264e-07,
                0.9999998873107492,
                1.4930947967372032e-10,
                1.658678492822119e-12
            ],
            [
                0.9999999927546847,
                7.194132965115769e-09,
                1.3887943739079851e-11,
                3.978962499770821e-12,
                3.331544511968369e-11
            ],
            [
                0.9999999995812932,
                3.160881447240688e-10,
                0.0,
                0.0,
                1.0261879608739205e-10
            ]
        ],
        [
            [
                0.9999999998878362,
                1.026187961772196e-10,
                0.0,
                0.0,
                9.545034909837268e-12
            ],
            [
                0.9999999976371188,
                2.3355930303607598e-09,
                5.78935630781351e-12,
                1.2917800001187509e-12,
                2.0206839017214173e-11
            ],
            [
                4.139424828713352e-08,
                0.00012339451504911905,
                0.9998765295175258,
                3.2237872980671744e-08,
                2.3353036860209214e-09
            ],
            [
                0.0031709089596843806,
                0.9962699408415571,
                0.0005510213542467033,
                7.859893737938229e-06,
                2.6895077384189334e-07
            ],
            [
                0.9999999996989024,
                2.461696942708668e-10,
                0.0,
                0.0,
                5.492788330634852e-11
            ]
        ],
        [
            [
                0.9999999978616789,
                2.0611536142819904e-09,
                4.508755224452406e-12,
                2.1297851625276233e-12,
                7.05287982320192e-11
            ],
            [
                0.9525671169054256,
                0.047425526526899346,
                5.165056870763887e-06,
                1.9001182352353373e-06,
                2.9139256896595914e-07
            ],
            [
                1.5737102441976337e-11,
                6.475946137797804e-07,
                0.9999993511135501,
                1.2501528930081001e-09,
                2.5946095535273317e-11
            ],
            [
                0.00114198734234482,
                0.9753242900630954,
                0.022937429768493924,
                0.0005394366241772956,
                5.685620188855679e-05
            ],
            [
                0.9999999997494406,
                2.1724399300569593e-10,
                0.0,
                0.0,
                3.331544534464837e-11
            ]
        ],
        [
            [
                0.9999999996730959,
                3.1608814493288024e-10,
                0.0,
                0.0,
                1.0815941540228337e-11
            ],
            [
                0.9999998874216731,
                1.1253518371431527e-07,
                2.2897350286664936e-11,
                4.508755602684425e-12,
                1.5737103364746202e-11
            ],
            [
                9.922143807826903e-08,
                0.00091105096633314,
                0.9990885737573822,
                2.6971183212173306e-07,
                6.343014322197512e-09
            ],
            [
                0.00010167409862336771,
                0.4997048219917371,
                0.49970482346611805,
                0.00045567169653682154,
                3.300874698451252e-05
            ],
            [
                0.9999999998892324,
                9.056076974132679e-11,
                0.0,
                0.0,
                2.0206839055547325e-11
            ]
        ],
        [
            [
                0.9999999996047708,
                2.789468085251383e-10,
                0.0,
                0.0,
                1.1628232998466332e-10
            ],
            [
                0.9998414202075043,
                0.0001584362418462528,
                6.824522933211898e-08,
                5.314943804474188e-08,
                2.2155982088108848e-08
            ],
            [
                1.046466830149337e-08,
                0.00026119033134481325,
                0.9997387097659053,
                8.761959493565885e-08,
                1.8184866776513746e-09
            ],
            [
                0.9999999988831803,
                5.211412473702826e-10,
                2.413362765263925e-12,
                2.7346982841478953e-12,
                5.90530398286952e-10
            ],
            [
                0.9999999996411342,
                3.160881446664298e-10,
                0.0,
                0.0,
                4.277787858616668e-11
            ]
        ],
        [
            [
                0.9999999997998594,
                1.9171715115080115e-10,
                0.0,
                0.0,
                8.423463744581517e-12
            ],
            [
                0.5612560613370273,
                0.43710664925351417,
                0.0005117992868876529,
                0.001083479098843516,
                4.201102372746343e-05
            ],
            [
                6.823820609109658e-08,
                0.0002611903196430192,
                0.9997385467164382,
                1.8549067562407118e-07,
                9.235036948896906e-09
            ],
            [
                0.00015537047001218374,
                0.6738832092549405,
                0.31831988489477425,
                0.007486164910260812,
                0.00015537047001218374
            ],
            [
                0.999999999919926,
                6.22414461108791e-11,
                0.0,
                0.0,
                1.783247287428189e-11
            ]
        ],
        [
            [
                0.9999999992737838,
                6.691586068723468e-10,
                2.1297851637724675e-12,
                0.0,
                5.492788332428663e-11
            ],
            [
                0.26805720387407544,
                0.7286550165554772,
                0.002319148790159274,
                0.0008531671609172204,
                0.00011546361937090873
            ],
            [
                1.95532580712291e-08,
                0.00012339451318450122,
                0.9998765133230592,
                6.82475766043484e-08,
                4.362921604856927e-09
            ],
            [
                0.0015879968828662668,
                0.5653662162161496,
                0.20798659662269173,
                0.20798661485114897,
                0.017072575427143383
            ],
            [
                0.9999999994440796,
                5.211412471199022e-10,
                0.0,
                1.463778509438167e-12,
                3.3315445314971606e-11
            ]
        ],
        [
            [
                0.9999999985416133,
                1.4166087823032526e-09,
                2.734698283213813e-12,
                1.29178000082848e-12,
                3.77513453271354e-11
            ],
            [
                0.004065296247717729,
                0.9947451595611495,
                0.0011647268756288607,
                2.4173123580733734e-05,
                6.441919232267233e-07
            ],
            [
                1.3439128066498846e-08,
                9.61023937225556e-05,
                0.9999038409529325,
                4.1395428705196955e-08,
                1.8187882033327327e-09
            ],
            [
                0.9999999994142037,
                5.211412471043327e-10,
                2.413362764032333e-12,
                0.0,
                6.224144602789045e-11
            ],
            [
                0.9999999998771743,
                1.0261879611775502e-10,
                0.0,
                0.0,
                2.0206839050984784e-11
            ]
        ],
        [
            [
                0.999999999807913,
                1.6918979172162032e-10,
                0.0,
                0.0,
                2.2897348383388996e-11
            ],
            [
                1.5255215097238725e-06,
                0.01798576459057833,
                0.9819896919046663,
                2.105917485342427e-05,
                1.9588083921893074e-06
            ],
            [
                1.7257697416148188e-08,
                7.889265136986653e-06,
                0.9999920034997711,
                8.764181909606045e-08,
                2.3355753678261737e-09
            ],
            [
                1.339419370974541e-06,
                0.022976701279748518,
                0.9769941357750757,
                2.6902957231341942e-05,
                9.205685734757499e-07
            ],
            [
                0.9999999998658853,
                1.1628233019844273e-10,
                0.0,
                0.0,
                1.783247289223321e-11
            ]
        ],
        [
            [
                0.9999999997093494,
                2.789468088980667e-10,
                8.878265466084186e-13,
                0.0,
                1.0815941542209281e-11
            ],
            [
                0.5620876321955469,
                0.43775427967005714,
                0.00014685019849937302,
                1.063779269972618e-05,
                6.001431969600165e-07
            ],
            [
                1.29177993564675e-12,
                5.315784969910508e-08,
                0.9999999466692553,
                1.6918978320605886e-10,
                2.413362642664097e-12
            ],
            [
                5.625627430646763e-05,
                0.8516388350949392,
                0.14799264211399119,
                0.0002856929343987899,
                2.657358236419903e-05
            ],
            [
                0.9999999996411335,
                2.7894680867939427e-10,
                0.0,
                0.0,
                7.991959875548817e-11
            ]
        ],
        [
            [
                0.999999999773211,
                2.172439931508834e-10,
                0.0,
                0.0,
                9.545034907154339e-12
            ],
            [
                0.9999038918135327,
                9.610239852253441e-05,
                3.39794387801721e-09,
                9.735272205136472e-10,
                1.4164737477444771e-09
            ],
            [
                1.3887944401324037e-11,
                3.9278636971772857e-07,
                0.9999996067324031,
                4.5990555562703606e-10,
                7.433680959445017e-12
            ],
            [
                4.963173383151688e-05,
                0.8513943936815843,
                0.14795016854016194,
                0.0004708930042331189,
                0.00013491304018912833
            ],
            [
                0.9999999997122273,
                2.1724399293799125e-10,
                0.0,
                0.0,
                7.052879832609877e-11
            ]
        ],
        [
            [
                0.9999999999544875,
                4.2777878646093654e-11,
                0.0,
                0.0,
                2.7346982888048547e-12
            ],
            [
                2.1531201514980928e-06,
                0.0474256281875459,
                0.9525692772924382,
                2.764660999706112e-06,
                1.7673886467280972e-07
            ],
            [
                1.1253002839769629e-07,
                4.539785358818584e-05,
                0.9999539601829418,
                5.043245983547875e-07,
                2.510884325788533e-08
            ],
            [
                0.9999999988366461,
                1.1032560290532964e-09,
                3.511422102904343e-12,
                1.658678353967529e-12,
                5.492788334573456e-11
            ],
            [
                0.9999999997649236,
                2.172439930090595e-10,
                0.0,
                0.0,
                1.783247286719893e-11
            ]
        ],
        [
            [
                0.9999999998422671,
                1.493094674507947e-10,
                0.0,
                0.0,
                8.423463744938737e-12
            ],
            [
                0.9999998871230898,
                1.1253518362422462e-07,
                6.224145115427507e-11,
                3.331544805793223e-11,
                2.461697146610714e-10
            ],
            [
                1.981008783256939e-13,
                7.194132976607344e-09,
                0.9999999927022665,
                1.0261879555077223e-10,
                7.835041726560734e-13
            ],
            [
                0.9999998122694382,
                1.1253518836246221e-07,
                5.905304714873631e-10,
                6.348800885740529e-09,
                6.825604203836967e-08
            ],
            [
                0.9999999998014095,
                2.9400777333527126e-11,
                0.0,
                0.0,
                1.691897919201638e-10
            ]
        ],
        [
            [
                0.9999999992913078,
                5.905303985279637e-10,
                1.8795288121900035e-12,
                0.0,
                1.1628233003314168e-10
            ],
            [
                0.9999999316758754,
                6.825604221835472e-08,
                2.289735129279407e-11,
                7.433681593176493e-12,
                3.775135011912266e-11
            ],
            [
                7.51509220853265e-06,
                0.04742540366899633,
                0.9525647721580658,
                2.153109966591244e-06,
                1.55970762847895e-07
            ],
            [
                0.9999999997788822,
                1.917171507584869e-10,
                0.0,
                0.0,
                2.940077729817191e-11
            ],
            [
                0.9999999998834932,
                1.0261879614033655e-10,
                0.0,
                0.0,
                1.3887943841052666e-11
            ]
        ],
        [
            [
                0.9999999996124245,
                3.5817479181534614e-10,
                0.0,
                0.0,
                2.9400777293277926e-11
            ],
            [
                0.0002857018831535116,
                0.8516652444562088,
                0.14799722475695448,
                4.964754288680401e-05,
                2.181360796382781e-06
            ],
            [
                4.5990380104357344e-10,
                3.7266390984670067e-06,
                0.9999962689597099,
                3.8507273805379175e-09,
                9.05604278962664e-11
            ],
            [
                0.9999999960032802,
                3.850741899440309e-09,
                8.42346370344037e-12,
                5.789356293659464e-12,
                1.317651419027381e-10
            ],
            [
                0.9999999990994384,
                8.592166597643947e-10,
                2.1297851656189915e-12,
                1.463778510457988e-12,
                3.7751345348194047e-11
            ]
        ],
        [
            [
                0.9999999994591948,
                5.211412479320658e-10,
                1.1399918511701392e-12,
                6.914400095572507e-13,
                1.7832472878828714e-11
            ],
            [
                0.05993616866307695,
                0.9375593111042226,
                0.0023239767265539153,
                0.00016834838969956927,
                1.219511644694428e-05
            ],
            [
                1.4432904437859903e-07,
                0.0011695098143623998,
                0.9988301523919522,
                1.8532216134837411e-07,
                8.142479736832416e-09
            ],
            [
                0.9999999730503973,
                2.5109990822088804e-08,
                1.0261879331180737e-10,
                1.3176513884218668e-10,
                1.605228008176194e-09
            ],
            [
                0.999999999919926,
                6.224144607872322e-11,
                0.0,
                0.0,
                1.783247286506907e-11
            ]
        ],
        [
            [
                0.9999999999538252,
                3.775134539939842e-11,
                0.0,
                0.0,
                8.42346374478646e-12
            ],
            [
                0.07569119603995328,
                0.9221075861043907,
                0.0010796771251875225,
                0.0010796771251875225,
                4.1863605281049805e-05
            ],
            [
                4.1937955933177676e-13,
                1.5229979508437517e-08,
                0.9999999846779004,
                9.056076849178549e-11,
                1.1399918353587308e-12
            ],
            [
                3.712175944448208e-05,
                0.5619697272083549,
                0.4376624644998036,
                0.0003108166864075686,
                1.9869845989391797e-05
            ],
            [
                0.9999999996387827,
                3.160881448694195e-10,
                1.4637785115235652e-12,
                8.878265462675647e-13,
                4.277787861363835e-11
            ]
        ],
        [
            [
                0.9999999980951939,
                1.818961680339117e-09,
                3.511422099450353e-12,
                2.4133627622619143e-12,
                7.99195986125814e-11
            ],
            [
                0.0031689227936318558,
                0.995645950413734,
                0.001165781546436733,
                1.8843094731723892e-05,
                5.021514656238773e-07
            ],
            [
                1.1231837665389081e-07,
                0.0019267333435123385,
                0.9980727339102968,
                3.920292810790194e-07,
                2.8398532954615027e-08
            ],
            [
                0.0005259570302097305,
                0.9509526303119188,
                0.047345145006881265,
                0.0011134510416915527,
                6.281660929869684e-05
            ],
            [
                0.9999999995595277,
                4.0586521173054366e-10,
                1.2917800018673045e-12,
                0.0,
                3.331544534639007e-11
            ]
        ],
        [
            [
                0.9999999994612419,
                5.21141247290911e-10,
                1.8795288111366572e-12,
                0.0,
                1.5737102061628943e-11
            ],
            [
                0.9999999467122235,
                5.315784955216214e-08,
                3.775134331789092e-11,
                1.2256066754245436e-11,
                7.991959443112586e-11
            ],
            [
                1.2740285967552033e-07,
                0.0009110510495304468,
                0.9990885436911615,
                2.6971185604957875e-07,
                8.144592330674304e-09
            ],
            [
                0.9999998858282299,
                1.1253518339631552e-07,
                2.1724401025856114e-10,
                1.6918980530693974e-10,
                1.2501529627801321e-09
            ],
            [
                0.9999999996833018,
                2.7894680836199995e-10,
                0.0,
                0.0,
                3.7751345317620385e-11
            ]
        ],
        [
            [
                0.9999999998878362,
                1.026187961772196e-10,
                0.0,
                0.0,
                9.545034909837268e-12
            ],
            [
                1.939971766160491e-05,
                0.09534512998665598,
                0.9046094661079505,
                2.4909730554066784e-05,
                1.094457177930996e-06
            ],
            [
                1.981008788395226e-13,
                4.363462231679894e-09,
                0.9999999955327148,
                1.0261879581694208e-10,
                1.0060392743807364e-12
            ],
            [
                0.0114330714080568,
                0.8015203770541229,
                0.03990534978544505,
                0.13928337434996632,
                0.007857827402409041
            ],
            [
                0.9999999996579658,
                3.160881442491041e-10,
                0.0,
                0.0,
                2.5946094885718435e-11
            ]
        ],
        [
            [
                0.9999999997943949,
                1.9171715102866344e-10,
                0.0,
                0.0,
                1.3887943839815273e-11
            ],
            [
                0.9999999907341245,
                9.237449564829312e-09,
                6.560200099166528e-12,
                1.6586783414715225e-12,
                2.0206838877726477e-11
            ],
            [
                4.689938408109482e-08,
                0.0002611903066669912,
                0.9997385947366918,
                1.636949349367473e-07,
                4.3623222545977575e-09
            ],
            [
                0.9999991617956914,
                8.315279816251601e-07,
                9.736200963185552e-10,
                7.582560934269475e-10,
                4.944450832125256e-09
            ],
            [
                0.9999999992490423,
                6.691586070638861e-10,
                1.879528810737822e-12,
                0.0,
                7.991959868286343e-11
            ]
        ],
        [
            [
                0.9999999997823368,
                1.9171715106251322e-10,
                0.0,
                0.0,
                2.594609494036169e-11
            ],
            [
                0.9999999960914894,
                3.850741900712599e-09,
                6.560200130580414e-12,
                2.734698275928966e-12,
                4.847368678507086e-11
            ],
            [
                3.6856717619513494e-06,
                0.010986833131250632,
                0.9890030617306803,
                6.076645430748009e-06,
                3.428208763360709e-07
            ],
            [
                1.2742788431153025e-07,
                0.0007096666415316286,
                0.9992849794674838,
                4.781696081603835e-06,
                4.4476701859101185e-07
            ],
            [
                0.999999999902879,
                9.056076977471851e-11,
                0.0,
                0.0,
                6.5602001593153926e-12
            ]
        ],
        [
            [
                0.9999999998242499,
                1.6918979199210218e-10,
                0.0,
                0.0,
                6.560200157707585e-12
            ],
            [
                0.004067887022611899,
                0.9953789228676023,
                0.0005505286423797227,
                2.5494521876690563e-06,
                1.1201521837165203e-07
            ],
            [
                6.101936522537736e-13,
                2.5109990919323425e-08,
                0.999999974756342,
                1.3176513935242714e-10,
                1.2917799719581874e-12
            ],
            [
                0.9999999419513039,
                4.13993746605167e-08,
                1.6918978193287267e-10,
                1.2501527900678394e-09,
                1.5229978814958054e-08
            ],
            [
                0.9999999996915887,
                2.4616969459822336e-10,
                0.0,
                0.0,
                6.224144608159267e-11
            ]
        ],
        [
            [
                0.9999999992902044,
                6.691586079160592e-10,
                1.879528813131401e-12,
                1.0060392774593158e-12,
                3.7751345374345846e-11
            ],
            [
                0.9890104558012036,
                0.01098691592248565,
                1.7410012259665517e-06,
                4.988052025788888e-07,
                3.884698823685293e-07
            ],
            [
                1.1247295550855924e-07,
                0.0005527785866495754,
                0.9994469758921406,
                1.2744855554637785e-07,
                5.599698725440358e-09
            ],
            [
                0.9999999104925301,
                8.764249105563639e-08,
                1.6918980936765327e-10,
                9.056077905298574e-11,
                1.6052282174841514e-09
            ],
            [
                0.9999999998133071,
                1.3176514246484195e-10,
                0.0,
                0.0,
                5.4927883411120413e-11
            ]
        ],
        [
            [
                0.999999999381644,
                5.905303981500072e-10,
                1.879528810987051e-12,
                0.0,
                2.5946094906121223e-11
            ],
            [
                0.9706855425636384,
                0.029312165772127346,
                1.9362592906984662e-06,
                2.96934979328248e-07,
                5.8469964206248045e-08
            ],
            [
                2.0610791160240657e-09,
                3.5356256468665666e-05,
                0.9999646147544724,
                2.5109083883495237e-08,
                1.8188959358730341e-09
            ],
            [
                0.9999999988314037,
                1.1032560277456713e-09,
                3.0988191258073196e-12,
                0.0,
                6.224144596968305e-11
            ],
            [
                0.999999999695107,
                2.7894680846359024e-10,
                0.0,
                0.0,
                2.5946094906185633e-11
            ]
        ],
        [
            [
                0.9999999997568099,
                2.1724399305991162e-10,
                0.0,
                0.0,
                2.5946094929259882e-11
            ],
            [
                0.9770213736509679,
                0.0229773401943692,
                9.205939596824698e-07,
                2.9887310044610695e-07,
                6.66876027665976e-08
            ],
            [
                1.8188784875471422e-09,
                4.53978531522681e-05,
                0.9999545460693426,
                5.315542108366109e-08,
                1.103205568989085e-09
            ],
            [
                0.999999999854347,
                1.3176514247024957e-10,
                0.0,
                0.0,
                1.3887943840647884e-11
            ],
            [
                0.9999999997450046,
                2.1724399314475574e-10,
                0.0,
                0.0,
                3.775134537968567e-11
            ]
        ],
        [
            [
                0.9999999992000135,
                7.582560401778156e-10,
                3.978962522123506e-12,
                0.0,
                3.77513453126787e-11
            ],
            [
                0.0001487232838094261,
                0.7309404837827732,
                0.2688979771848021,
                1.2207950546838452e-05,
                6.077980685069481e-07
            ],
            [
                1.0261880391579977e-10,
                8.315279876698636e-07,
                0.9999991656202009,
                2.6465738348842585e-09,
                1.0261880391579977e-10
            ],
            [
                0.002887656637740666,
