{
    "[['A', 'B', 'C', 'D', 'E'], ['A', 'B', 'C', 'D', 'E']]": [
        [
            [
                0.9999999997115081,
                2.7894680881126004e-10,
                0.0,
                0.0,
                9.545034906565383e-12
            ],
            [
                0.9999999993234079,
                6.691586077285947e-10,
                0.0,
                0.0,
                7.433680656792002e-12
            ],
            [
                6.431980671246102e-07,
                0.0066921966890333045,
                0.9932101581038767,
                9.545905707063452e-05,
                1.5429519523526186e-06
            ],
            [
                2.939859294256687e-11,
                1.6917722161809848e-10,
                1.4929837406583957e-10,
                7.484619708777795e-05,
                0.9999251534550381
            ],
            [
                1.4637786690710332e-12,
                1.0815942702183909e-11,
                2.413363027294536e-12,
                8.76424914716427e-08,
                0.9999999123428154
            ]
        ],
        [
            [
                0.9999999999415607,
                5.492788346958143e-11,
                0.0,
                0.0,
                3.511422110821609e-12
            ],
            [
                0.9999999995349855,
                4.599055372035957e-10,
                0.0,
                0.0,
                5.109089020713213e-12
            ],
            [
                3.4800053936081476e-08,
                2.622894724875055e-05,
                0.9525170306805038,
                0.04742302693727311,
                3.3678634920357716e-05
            ],
            [
                1.1605831230993336e-10,
                1.8154574565644322e-09,
                1.3414516991776544e-08,
                0.22270014076360473,
                0.7772998438903624
            ],
            [
                3.09881347209427e-12,
                1.7832440298956296e-11,
                6.56018817190315e-12,
                2.2603252736501536e-06,
                0.9999977396472349
            ]
        ],
        [
            [
                0.9999999998928724,
                1.0261879617773641e-10,
                0.0,
                0.0,
                4.50875523617518e-12
            ],
            [
                0.9999999998291516,
                1.6918979204594758e-10,
                0.0,
                0.0,
                1.658678356800902e-12
            ],
            [
                6.5602008527758064e-12,
                8.764249134079964e-08,
                0.9999999108965881,
                1.4166089344803894e-09,
                3.775134938251873e-11
            ],
            [
                4.0207492035537866e-11,
                1.0369648868143543e-09,
                9.838448917674012e-09,
                0.06008665379203471,
                0.939913335292344
            ],
            [
                2.7346934412150013e-12,
                1.5737074194871166e-11,
                3.0988136425247747e-12,
                1.3709566547929041e-06,
                0.9999986290217746
            ]
        ],
        [
            [
                0.9999999998631259,
                1.3176514251819285e-10,
                0.0,
                0.0,
                5.109089020976881e-12
            ],
            [
                0.9999999992351836,
                7.582560409940902e-10,
                0.0,
                0.0,
                6.560200152605813e-12
            ],
            [
                1.5225942811838025e-08,
                0.0002611895559211012,
                0.9997358614309424,
                2.901553872552559e-06,
                3.2233321185604726e-08
            ],
            [
                3.5113487419269944e-12,
                4.2776984842449356e-11,
                3.775055662536974e-11,
                2.144493976154709e-05,
                0.9999785549761996
            ],
            [
                2.4133628662881348e-12,
                1.5737102722786354e-11,
                6.560200424908873e-12,
                3.9278636992109483e-07,
                0.9999996071889194
            ]
        ],
        [
            [
                0.9999999998752942,
                1.1628233020989731e-10,
                0.0,
                0.0,
                8.42346374778156e-12
            ],
            [
                0.999999999134223,
                8.592166596106387e-10,
                0.0,
                0.0,
                6.560200150541355e-12
            ],
            [
                3.2424909312710977e-06,
                0.014063559979685917,
                0.9859315985893028,
                1.5316442634985308e-06,
                6.72958165182689e-08
            ],
            [
                1.782478802329602e-11,
                1.3170835865568146e-10,
                1.0257457285809418e-10,
                0.0004305571193139415,
                0.9995694426285784
            ],
            [
                2.1297731061041433e-12,
                1.5737012958997293e-11,
                5.109060085988796e-12,
                4.785094848715672e-06,
                0.9999952148821754
            ]
        ],
        [
            [
                0.9999999998928724,
                1.0261879622821426e-10,
                0.0,
                0.0,
                4.508755238393021e-12
            ],
            [
                0.9999999998637261,
                1.3176514255470934e-10,
                0.0,
                0.0,
                4.508755237290585e-12
            ],
            [
                4.420228100849448e-14,
                1.162823302287682e-10,
                0.9999999998283262,
                5.4927883474855526e-11,
                4.1937956557308303e-13
            ],
            [
                6.620527140454385e-11,
                1.173516514722016e-09,
                9.825733478391831e-09,
                0.26894140695288354,
                0.7310585819816612
            ],
            [
                6.560175358170863e-12,
                3.7751202671196904e-11,
                8.423431897819997e-12,
                2.90231220024099e-06,
                0.999997097635065
            ]
        ],
        [
            [
                0.9999999999155715,
                7.99195988621923e-11,
                0.0,
                0.0,
                4.5087552384953664e-12
            ],
            [
                0.9999999998263014,
                1.691897920867543e-10,
                0.0,
                0.0,
                4.5087552376376625e-12
            ],
            [
                6.431393939890638e-14,
                9.056076987474306e-11,
                0.9999999998889932,
                2.020683908531652e-11,
                1.7482341278466348e-13
            ],
            [
                5.789334433918244e-12,
                3.77512026706796e-11,
                2.2897261860792627e-11,
                2.9023122002012202e-06,
                0.999997097621362
            ],
            [
                1.658678347960801e-12,
                5.7893562904994245e-12,
                1.2917799962554561e-12,
                6.348800074118048e-09,
                0.9999999936424602
            ]
        ],
        [
            [
                0.9999999999173457,
                7.991959886233409e-11,
                0.0,
                0.0,
                2.734698289292238e-12
            ],
            [
                0.9999999996360358,
                3.5817479254922915e-10,
                0.0,
                0.0,
                5.7893563209868995e-12
            ],
            [
                7.193392330644239e-09,
                1.3708166266965673e-06,
                0.9998963767512213,
                9.610166486625853e-05,
                6.1435738933037e-06
            ],
            [
                4.179498036903827e-11,
                1.221428366935918e-09,
                1.4117778925580344e-07,
                0.9770224904238637,
                0.022977367135123793
            ],
            [
                2.019813097522456e-11,
                1.025745728600371e-10,
                9.052174283292065e-11,
                0.00043055711932209694,
                0.9995694426673835
            ]
        ],
        [
            [
                0.9999999999332496,
                6.224144617772822e-11,
                0.0,
                0.0,
                4.508755238575073e-12
            ],
            [
                0.9999999991323598,
                8.592166605204137e-10,
                0.0,
                0.0,
                8.42346374077297e-12
            ],
            [
                1.1399918509225262e-12,
                1.6052280521978537e-09,
                0.9999999982186527,
                1.6918979194660567e-10,
                5.7893563179551145e-12
            ],
            [
                7.502040095314489e-11,
                1.1735165159142449e-09,
                8.671179369111999e-09,
                0.7310585832342108,
                0.26894140684607293
            ],
            [
                2.4133627428984926e-12,
                8.423463653476547e-12,
                1.139991839376561e-12,
                1.1861120009136363e-08,
                0.9999999881269032
            ]
        ],
        [
            [
                0.9999999999332496,
                6.224144617772822e-11,
                0.0,
                0.0,
                4.508755238575073e-12
            ],
            [
                0.9999999996794031,
                3.160881449348739e-10,
                0.0,
                0.0,
                4.5087552352126985e-12
            ],
            [
                5.611139647885393e-05,
                0.9625481014756314,
                0.03732204425129126,
                7.204845924469148e-05,
                1.6944173538336845e-06
            ],
            [
                2.8383164364042027e-11,
                5.700910958308705e-10,
                2.5549710332822628e-09,
                0.14804720345265657,
                0.8519527933938982
            ],
            [
                1.87949666744663e-12,
                1.5736832925807453e-11,
                9.544871656277486e-12,
                1.670141510985699e-05,
                0.9999832985577289
            ]
        ],
        [
            [
                0.9999999998762841,
                1.16282330187912e-10,
                0.0,
                0.0,
                7.43368066504538e-12
            ],
            [
                0.9999999987414074,
                1.2501528632504273e-09,
                1.0060392767594204e-12,
                0.0,
                7.433680653702976e-12
            ],
            [
                6.431393937252937e-14,
                4.058652123825796e-10,
                0.9999999995643432,
                2.9400777373648933e-11,
                3.2661313406549874e-13
            ],
            [
                8.379492200375025e-12,
                1.4853005317412716e-10,
                3.56305074971033e-10,
                0.005220125700167805,
                0.9947798737866176
            ],
            [
                1.4637785033652236e-12,
                5.109088990504843e-12,
                1.2917799952897246e-12,
                7.194132977439102e-09,
                0.9999999927980023
            ]
        ],
        [
            [
                0.9999999999155715,
                7.99195988621923e-11,
                0.0,
                0.0,
                4.5087552384953664e-12
            ],
            [
                0.9999999987493087,
                1.250152863749035e-09,
                5.384940206392307e-13,
                0.0,
                0.0
            ],
            [
                2.2113890676574353e-08,
                6.947984539269798e-06,
                0.7771987030940211,
                0.2226711708348009,
                0.00012315597274791543
            ],
            [
                1.850814725524381e-10,
                2.5549709183166724e-09,
                4.528794314516335e-08,
                0.8519527553995756,
                0.14804719657242893
            ],
            [
                2.7346983984270615e-12,
                2.59460959963887e-11,
                6.5602004244380694e-12,
                3.927863698929059e-07,
                0.9999996071783891
            ]
        ],
        [
            [
                0.9999999998624456,
                1.3176514258291806e-10,
                0.0,
                0.0,
                5.7893563235444854e-12
            ],
            [
                0.9999999778363123,
                2.215948925452722e-08,
                2.7346982275620847e-12,
                0.0,
                1.4637784798532322e-12
            ],
            [
                2.2447770447492188e-13,
                4.363462232977168e-09,
                0.9999999955559185,
                7.99195985638395e-11,
                4.752193041025847e-13
            ],
            [
                2.413353669034337e-12,
                1.5737042749157936e-11,
                8.423431982578695e-12,
                3.7266391157690663e-06,
                0.9999962733343104
            ],
            [
                1.0060392740852091e-12,
                3.5114220952333333e-12,
                6.914400071214166e-13,
                4.944450476391146e-09,
                0.9999999950503407
            ]
        ],
        [
            [
                0.999999999773211,
                2.172439933132625e-10,
                0.0,
                0.0,
                9.545034914288778e-12
            ],
            [
                0.9999999992351836,
                7.582560409940902e-10,
                0.0,
                0.0,
                6.560200152605813e-12
            ],
            [
                2.696323886823548e-07,
                0.0011694680264661074,
                0.998794376655588,
                3.531487378588173e-05,
                5.708117713198603e-07
            ],
            [
                5.076115087039074e-11,
                1.019564970070733e-09,
                9.673363104035902e-09,
                0.07585817510194001,
                0.9241418141543708
            ],
            [
                2.7346775708947212e-12,
                2.0206685983828493e-11,
                8.423399930228155e-12,
                7.889265050108543e-06,
                0.9999921107035852
            ]
        ],
        [
            [
                0.9999999997152638,
                2.7894680902080656e-10,
                0.0,
                0.0,
                5.7893563232082155e-12
            ],
            [
                0.9999999996352649,
                3.581747923902856e-10,
                0.0,
                0.0,
                6.5602001564678055e-12
            ],
            [
                9.7361086843734e-10,
                1.01299886022995e-05,
                0.9999896811650026,
                1.8553721318671069e-07,
                2.3355710582321858e-09
            ],
            [
                6.560163006048866e-12,
                3.331525669692307e-11,
                1.225599801614721e-11,
                4.785094848901231e-06,
                0.9999952148530197
            ],
            [
                1.2917799988227257e-12,
                4.5087552214809664e-12,
                8.87826543747474e-13,
                4.363462232800562e-09,
                0.9999999956298493
            ]
        ],
        [
            [
                0.9999999997087972,
                2.7894680901900273e-10,
                0.0,
                0.0,
                1.225606743232923e-11
            ],
            [
                0.9999999996773516,
                3.1608814508970815e-10,
                0.0,
                0.0,
                6.5602001610628286e-12
            ],
            [
                0.0,
                1.0815941553499834e-11,
                0.9999999999660623,
                2.2897348448440867e-11,
                2.2447770542352442e-13
            ],
            [
                5.788926186479207e-12,
                5.492380243349307e-11,
                2.5944167218937675e-11,
                7.484619710732908e-05,
                0.9999251537162358
            ],
            [
                7.433624346381299e-12,
                5.492746731378811e-11,
                1.081585960348163e-11,
                7.889265048753968e-06,
                0.9999921106617743
            ]
        ],
        [
            [
                0.9999999999410931,
                5.492788343764295e-11,
                0.0,
                0.0,
                3.97896253062854e-12
            ],
            [
                0.9999999995890259,
                4.0586521213204307e-10,
                0.0,
                0.0,
                5.109089021573807e-12
            ],
            [
                4.5990468132934924e-10,
                2.2603251973051885e-06,
                0.9999977061138756,
                3.2241807324766103e-08,
                8.592150616977111e-10
            ],
            [
                6.170751381605284e-11,
                7.517514143940898e-10,
                2.6238702549923895e-09,
                0.008577485655955355,
                0.9914225109067155
            ],
            [
                1.8795217273070987e-12,
                1.7832405647386037e-11,
                1.0815900761572344e-11,
                3.7266391158382824e-06,
                0.9999962733303563
            ]
        ],
        [
            [
                0.9999999998922722,
                1.0261879623729576e-10,
                0.0,
                0.0,
                5.109089024094143e-12
            ],
            [
                0.9999999988901838,
                1.103256029348165e-09,
                0.0,
                0.0,
                6.560200150342545e-12
            ],
            [
                9.751822008578967e-06,
                0.03732632622780347,
                0.962658606572601,
                5.219774178974907e-06,
                9.56034077682853e-08
            ],
            [
                2.4133444857525422e-12,
                2.0206685982743245e-11,
                9.54496259998861e-12,
                7.889265049684832e-06,
                0.9999921107027854
            ],
            [
                3.0988195327011263e-12,
                1.5737104107654882e-11,
                3.511422559813547e-12,
                1.8553915985077032e-07,
                0.9999998144384928
            ]
        ],
        [
            [
                0.9999999997974669,
                1.9171715115034246e-10,
                0.0,
                0.0,
                1.0815941544564489e-11
            ],
            [
                0.9999999991323598,
                8.592166605204137e-10,
                0.0,
                0.0,
                8.42346374077297e-12
            ],
            [
                2.5946094416820743e-11,
                1.9555680661296175e-08,
                0.9999999783194682,
                2.0611535774800632e-09,
                3.7751344619347425e-11
            ],
            [
                1.7798119855386485e-11,
                1.6886385957175456e-10,
                1.490218330305535e-10,
                0.0019267343339614657,
                0.9980732653303547
            ],
            [
                1.2917801008587648e-12,
                1.0815942361693136e-11,
                3.0988193691884168e-12,
                2.3823698446843483e-07,
                0.9999997617478089
            ]
        ],
        [
            [
                0.9999999998449012,
                1.4930946749664698e-10,
                0.0,
                0.0,
                5.7893563239587325e-12
            ],
            [
                0.9999999997487212,
                2.461696949549547e-10,
                0.0,
                0.0,
                5.109089023360729e-12
            ],
            [
                1.3436899263709768e-08,
                0.0002611903179617158,
                0.9997386491389756,
                1.4446028116412338e-07,
                2.645882343567092e-09
            ],
            [
                8.410813291912052e-12,
                1.0246468213332309e-10,
                2.169177337784574e-10,
                0.0015011820309120847,
                0.9984988176412948
            ],
            [
                3.978939996067486e-12,
                2.5945948005003084e-11,
                8.423416037775703e-12,
                4.7850948491252215e-06,
                0.9999952148668027
            ]
        ],
        [
            [
                0.999999999916569,
                7.991959886939267e-11,
                0.0,
                0.0,
                3.5114221107338523e-12
            ],
            [
                0.9999999997144928,
                2.789468090425246e-10,
                0.0,
                0.0,
                6.5602001624067975e-12
            ],
            [
                1.0088626660205136e-05,
                0.9959065236176537,
                0.004070042524127929,
                1.2954053051176958e-05,
                3.9117850685944544e-07
            ],
            [
                1.0519490188074064e-10,
                1.4521708270087333e-09,
                9.46934329474414e-09,
                0.0953494691034952,
                0.9046505198697958
            ],
            [
                2.734693291129037e-12,
                1.783244030103271e-11,
                5.109079685968843e-12,
                2.260325273913346e-06,
                0.9999977396490498
            ]
        ],
        [
            [
                0.9999999998598115,
                1.317651425541935e-10,
                0.0,
                0.0,
                8.42346374508652e-12
            ],
            [
                0.999999999322418,
                6.691586074586945e-10,
                0.0,
                0.0,
                8.423463733439102e-12
            ],
            [
                1.6918948409874163e-10,
                1.760343105856363e-06,
                0.999998223941665,
                1.5229952004783972e-08,
                3.1608756970751733e-10
            ],
            [
                7.404011359752258e-11,
                1.6851452181924157e-09,
                4.9247162069046224e-08,
                0.8175744434859898,
                0.1824255055076627
            ],
            [
                6.560163474048203e-12,
                3.331525907361981e-11,
                1.2255998890485078e-11,
                6.14417212648481e-06,
                0.9999938557757422
            ]
        ],
        [
            [
                0.9999999998598115,
                1.317651425692679e-10,
                0.0,
                0.0,
                8.423463746050194e-12
            ],
            [
                0.9999999992343103,
                7.582560408313631e-10,
                0.0,
                0.0,
                7.433680653138715e-12
            ],
            [
                2.9988750946917446e-09,
                2.7535688435688966e-05,
                0.9999719374238413,
                5.04333725940773e-07,
                1.9555122056947704e-08
            ],
            [
                4.508729701268848e-12,
                2.9400610844434185e-11,
                1.5737012959922757e-11,
                4.785094848997073e-06,
                0.9999952148555047
            ],
            [
                2.7346879770090258e-12,
                2.0206762875190866e-11,
                5.109069757885615e-12,
                3.7266391160955996e-06,
                0.9999962733328334
            ]
        ],
        [
            [
                0.9999999995833189,
                4.0586521212972675e-10,
                0.0,
                0.0,
                1.0815941543485656e-11
            ],
            [
                0.9999999995335342,
                4.599055373019753e-10,
                0.0,
                0.0,
                6.560200160119358e-12
            ],
            [
                6.3487640899419995e-09,
                3.7266355792767947e-06,
                0.9999950867821508,
                1.0676989696126548e-06,
                1.1253453614132739e-07
            ],
            [
                5.1627440419784205e-11,
                1.331489237480867e-09,
                3.433956003071576e-08,
                0.9399133120375229,
                0.060086652239800385
            ],
            [
                2.7346981455849002e-12,
                1.0815940979816908e-11,
                1.8795287161900554e-12,
                5.315784970611863e-08,
                0.9999999468267202
            ]
        ],
        [
            [
                0.9999999998762841,
                1.1628233019965193e-10,
                0.0,
                0.0,
                7.43368066579589e-12
            ],
            [
                0.9999999996367162,
                3.581747925494728e-10,
                0.0,
                0.0,
                5.1090890212329636e-12
            ],
            [
                3.867676081899107e-05,
                0.8519120895941215,
                0.14804011682465734,
                8.629951835563992e-06,
                4.868685666660576e-07
            ],
            [
                1.87951816935023e-12,
                1.0815880286944225e-11,
                7.43363856190339e-12,
                4.785094848729294e-06,
                0.9999952148850222
            ],
            [
                3.5114219993445526e-12,
                9.545034612869627e-12,
                2.413362693460271e-12,
                3.2241866325526225e-08,
                0.9999999677426638
            ]
        ],
        [
            [
                0.9999999998637261,
                1.3176514258308678e-10,
                0.0,
                0.0,
                4.508755238261608e-12
            ],
            [
                0.9999999998031739,
                1.9171715106650804e-10,
                0.0,
                0.0,
                5.109089019820142e-12
            ],
            [
                4.1937956550861707e-13,
                4.5990553750406936e-10,
                0.9999999993173221,
                2.1724399333730072e-10,
                5.109089024051174e-12
            ],
            [
                1.5564206472324832e-11,
                2.7588216083595595e-10,
                1.4010452176076955e-09,
                0.01098694236110682,
                0.9890130559464015
            ],
            [
                2.4133444857459995e-12,
                2.0206685982688464e-11,
                1.2255974579686057e-11,
                7.889265049663444e-06,
                0.9999921107000743
            ]
        ],
        [
            [
                0.9999999998631259,
                1.3176514253754875e-10,
                0.0,
                0.0,
                5.109089021727391e-12
            ],
            [
                0.9999999996781226,
                3.1608814493446915e-10,
                0.0,
                0.0,
                5.7893563196296084e-12
            ],
            [
                0.0,
                9.056076986972438e-11,
                0.9999999998935274,
                1.573710210217026e-11,
                1.7482341277497516e-13
            ],
            [
                2.277782136941982e-11,
                3.1443812489114026e-10,
                7.542978492826972e-10,
                0.005220125692849047,
                0.9947798732156371
            ],
            [
                1.1399918423373307e-12,
                3.5114220803965538e-12,
                7.835041711476156e-13,
                9.237449575210674e-09,
                0.9999999907571154
            ]
        ],
        [
            [
                0.9999999999054603,
                9.056076981949883e-11,
                0.0,
                0.0,
                3.978962532443997e-12
            ],
            [
                0.9999999985812116,
                1.4166087826265475e-09,
                8.878265453286249e-13,
                0.0,
                1.2917800011232866e-12
            ],
            [
                2.1717895729085863e-10,
                1.7252661521313227e-08,
                9.608287916800925e-05,
                0.9997004921941967,
                0.0002034074567948692
            ],
            [
                1.3831424781013377e-11,
                2.4516787044755684e-10,
                5.190203858103718e-10,
                0.004070137776607818,
                0.9959298614453724
            ],
            [
                5.109088755334611e-12,
                2.2897347234170233e-11,
                3.5114219259329906e-12,
                5.315784970662039e-08,
                0.9999999468106324
            ]
        ],
        [
            [
                0.9999999998024935,
                1.9171715115130615e-10,
                0.0,
                0.0,
                5.789356321950583e-12
            ],
            [
                0.9999999973398757,
                2.646573627620548e-09,
                2.734698279927423e-12,
                0.0,
                1.0815941511151892e-11
            ],
            [
                8.142091221128337e-09,
                4.5344587554461415e-05,
                0.9987814722758744,
                0.0011694528840729388,
                3.7221104070092234e-06
            ],
            [
                1.5687174367274302e-11,
                2.1655476232280823e-10,
                3.1508531997437113e-10,
                0.0031726830721919173,
                0.9968273163804808
            ],
            [
                1.006039354171718e-12,
                6.5602006564874966e-12,
                1.1399919379040313e-12,
                2.3823698448426624e-07,
                0.9999997617543093
            ]
        ],
        [
            [
                0.9999999997430142,
                2.461696949316167e-10,
                0.0,
                0.0,
                1.0815941546304896e-11
            ],
            [
                0.999999998386748,
                1.6052280503219942e-09,
                1.4637785096908637e-12,
                0.0,
                6.560200148277285e-12
            ],
            [
                9.236305173983824e-09,
                0.00012339451403981647,
                0.999876282234224,
                3.0586442026488256e-07,
                8.151010707366798e-09
            ],
            [
                2.1297406692162544e-12,
                2.0206416869473242e-11,
                1.0815715558804471e-11,
                2.144493976450896e-05,
                0.9999785550270835
            ],
            [
                1.6586626675037323e-12,
                2.5945849527806487e-11,
                1.2255951499387034e-11,
                1.012998810531822e-05,
                0.9999898699720342
            ]
        ],
        [
            [
                0.9999999998779283,
                1.1628233021020361e-10,
                0.0,
                0.0,
                5.789356324149938e-12
            ],
            [
                0.9999999996773516,
                3.160881448219904e-10,
                0.0,
                0.0,
                6.560200155506524e-12
            ],
            [
                9.89720533832311e-06,
                0.9770100690060881,
                0.02297707360434,
                2.8355968049398515e-06,
                1.245874286013884e-07
            ],
            [
                6.560138107029677e-12,
                3.7750988305680143e-11,
                1.783230420852049e-11,
                1.0129988104713386e-05,
                0.9999898699497518
            ],
            [
                2.1297771378948554e-12,
                1.783240564815071e-11,
                5.109069757751926e-12,
                3.726639115998085e-06,
                0.9999962733358128
            ]
        ],
        [
            [
                0.9999999999155715,
                7.991959883462006e-11,
                0.0,
                0.0,
                4.508755236939847e-12
            ],
            [
                0.9999999995335342,
                4.5990553681415094e-10,
                0.0,
                0.0,
                6.5602001531609176e-12
            ],
            [
                7.420377005139473e-05,
                0.9913424113568973,
                0.008576793875618972,
                6.09101636255684e-06,
                4.999810697386231e-07
            ],
            [
                1.1225759227859673e-10,
                1.5496682605591613e-09,
                5.40887369964481e-09,
                0.14804720276210087,
                0.8519527901670995
            ],
            [
                3.511408833361443e-12,
                3.3315319424389246e-11,
                9.544998824016987e-12,
                2.902312200085459e-06,
                0.9999970976414282
            ]
        ],
        [
            [
                0.99999999990365,
                9.056076981933488e-11,
                0.0,
                0.0,
                5.7893563237830325e-12
            ],
            [
                0.9999999998637261,
                1.317651425697837e-10,
                0.0,
                0.0,
                4.508755237806402e-12
            ],
            [
                1.8505689574420972e-07,
                0.00029527527102697523,
                0.8802028797154172,
                0.11912251918453051,
                0.0003791407721295462
            ],
            [
                3.098677573736772e-12,
                3.774962082821552e-11,
                3.331392345464313e-11,
                4.5397855733607875e-05,
                0.9999546020701041
            ],
            [
                1.8795289686192665e-12,
                9.545035695167526e-12,
                2.734698512867235e-12,
                1.1253518382492955e-07,
                0.9999998874506569
            ]
        ],
        [
            [
                0.9999999999470175,
                4.847368702337883e-11,
                0.0,
                0.0,
                4.508755238637149e-12
            ],
            [
                0.9999999998938698,
                1.0261879622831662e-10,
                0.0,
                0.0,
                3.5114221103412864e-12
            ],
            [
                8.258073270547698e-14,
                1.6052280522682701e-09,
                0.9999999983319094,
                6.224144611596022e-11,
                5.384940207967445e-13
            ],
            [
                2.1297812764172235e-12,
                1.2256045032577458e-11,
                3.978955259881317e-12,
                2.2603252737284817e-06,
                0.9999977396563615
            ],
            [
                2.1297853963038466e-12,
                8.42346464573752e-12,
                2.4133630271860213e-12,
                8.764249146770191e-08,
                0.9999999123445419
            ]
        ],
        [
            [
                0.9999999998432569,
                1.4930946748309838e-10,
                0.0,
                0.0,
                7.433680665550376e-12
            ],
            [
                0.9999999991372719,
                8.592166601019884e-10,
                0.0,
                0.0,
                3.5114221059572946e-12
            ],
            [
                5.0831788498245634e-05,
                0.6790987964158535,
                0.3207835675002336,
                6.526930840744299e-05,
                1.5349870073237228e-06
            ],
            [
                1.8795253797477852e-12,
                1.783244030077843e-11,
                6.560188172573476e-12,
                2.2603252738811153e-06,
                0.9999977396484541
            ],
            [
                1.2917799359543754e-12,
                7.43368027625356e-12,
                1.4637784361294643e-12,
                5.315784971176413e-08,
                0.9999999468319611
            ]
        ],
        [
            [
                0.9999999998441302,
                1.4930946749653187e-10,
                0.0,
                0.0,
                6.5602001627414284e-12
            ],
            [
                0.9999999987416281,
                1.2501528630426079e-09,
                1.6586783544772986e-12,
                0.0,
                6.56020015060537e-12
            ],
            [
                1.954721835548627e-08,
                0.00043055654710126123,
                0.999568000403722,
                1.3703671099254043e-06,
                5.313484845263943e-08
            ],
            [
                1.2249291342839872e-11,
                7.987541319888435e-11,
                4.275422777237945e-11,
                0.0005527785847764377,
                0.9994472212803446
            ],
            [
                2.7345995193065556e-12,
                2.020610925626493e-11,
                1.5736533711605487e-11,
                3.535625752068343e-05,
                0.9999646437038021
            ]
        ],
        [
            [
                0.999999999922911,
                7.052879845220571e-11,
                0.0,
                0.0,
                6.5602001626737475e-12
            ],
            [
                0.9999999988873145,
                1.1032560297367383e-09,
                1.0060392769062086e-12,
                0.0,
                8.423463734565363e-12
            ],
            [
                9.235565695474215e-09,
                0.00020342667788416266,
                0.999795168303506,
                1.3706781737835196e-06,
                2.5104870405547285e-08
            ],
            [
                5.162744146564754e-11,
                1.0369648818079736e-09,
                1.431485863926447e-08,
                0.9399133311520929,
                0.06008665344445623
            ],
            [
                2.939904114713083e-11,
                1.162754633172014e-10,
                3.774911605916472e-11,
                5.8291277018814356e-05,
                0.9999417085395575
            ]
        ],
        [
            [
                0.9999999997454068,
                2.461696949734947e-10,
                0.0,
                0.0,
                8.42346374734978e-12
            ],
            [
                0.9999999994029094,
                5.905303989668516e-10,
                0.0,
                0.0,
                6.560200157849602e-12
            ],
            [
                1.026186158730312e-10,
                1.7603432167787167e-06,
                0.9999979292889274,
                3.059017826058794e-07,
                4.363454580270103e-09
            ],
            [
                1.5731821083963548e-11,
                1.0258435972192189e-10,
                7.050513060851335e-11,
                0.00033535005508059264,
                0.9996646497560981
            ],
            [
                4.508661032339588e-12,
