{
    "[['A', 'B', 'C', 'D', 'E'], ['A', 'B', 'C', 'D', 'E']]": [
        [
            [
                0.9999999969567384,
                2.0611536128573066e-09,
                3.978962517341074e-12,
                4.508755221335923e-12,
                9.73620026775094e-10
            ],
            [
                2.133297355280813e-05,
                0.9947572941021317,
                0.005220006519578132,
                1.0621062127634918e-06,
                3.0429852473175005e-07
            ],
            [
                4.780733873655991e-06,
                0.9990838305279197,
                0.0009110466147963937,
                3.056220915412856e-07,
                3.650131875027204e-08
            ],
            [
                0.7770867525608126,
                0.22263908174316652,
                0.0002030206351891625,
                1.297867498847039e-05,
                5.8166385843297754e-05
            ],
            [
                0.839833295491911,
                0.14594114551760776,
                0.0012626381532323129,
                0.0009833435824731578,
                0.011979577254775763
            ]
        ],
        [
            [
                0.9999999987088282,
                3.1608814475165696e-10,
                0.0,
                1.4637785109782165e-12,
                9.736200292072952e-10
            ],
            [
                0.00043040006569867897,
                0.9992047186486941,
                0.00033519590820011526,
                1.2996955808894082e-05,
                1.6688421598187385e-05
            ],
            [
                1.783247423161805e-11,
                2.3823698443140165e-07,
                0.9999997615923623,
                1.4930947870100897e-10,
                3.5114223739835337e-12
            ],
            [
                0.377517157626299,
                0.6224205854392518,
                4.658932383649826e-05,
                2.3195458510602918e-06,
                1.3348064761629546e-05
            ],
            [
                0.1480143737452282,
                3.0116235981022166e-05,
                1.826642047763072e-05,
                0.00017330697216761022,
                0.8517639366261455
            ]
        ],
        [
            [
                0.9999999985795174,
                1.6918979183452226e-10,
                0.0,
                1.139991850167314e-12,
                1.2501528632316836e-09
            ],
            [
                4.422059348466668e-06,
                0.07585701877161063,
                0.9241275708846048,
                9.361499714166169e-06,
                1.6267847219408702e-06
            ],
            [
                4.508755417967911e-12,
                3.927863698521041e-07,
                0.9999996070920556,
                1.162823348328783e-10,
                7.835042090338438e-13
            ],
            [
                0.14754196054962393,
                0.001639043510586411,
                0.00013454082015691815,
                0.001639043510586411,
                0.8490454116090462
            ],
            [
                0.8781059927102451,
                0.11883872854771298,
                0.0002294127683087384,
                3.1047641977158515e-05,
                0.002794818331755922
            ]
        ],
        [
            [
                0.999999998923526,
                3.1608814464333533e-10,
                0.0,
                2.1297851656460542e-12,
                7.582560409007955e-10
            ],
            [
                5.273223922525201e-05,
                0.9045808701056476,
                0.09534212612648277,
                1.5108039487213778e-05,
                9.16348915714429e-06
            ],
            [
                0.00033247135756301347,
                0.9910829201668786,
                0.008574549324280754,
                7.818976891569283e-06,
                2.2401743859735783e-06
            ],
            [
                0.9993768357602519,
                0.00026109568162891014,
                1.6691288496843677e-05,
                1.0123778223444485e-05,
                0.00033525349139893124
            ],
            [
                0.9999933086754614,
                2.9023012004994295e-06,
                5.315745003976825e-08,
                9.23737971718055e-09,
                3.7266285083246124e-06
            ]
        ],
        [
            [
                0.9999999992165227,
                1.9171715103896548e-10,
                5.384940208292172e-13,
                6.914400094790929e-13,
                5.905303988567845e-10
            ],
            [
                6.37650091992356e-05,
                0.14803512303615277,
                0.8518832866822791,
                1.4227896714491541e-05,
                3.5973756544437217e-06
            ],
            [
                9.521308529812214e-06,
                0.06008602416963157,
                0.9399036449449759,
                6.897212765477428e-07,
                1.198555861073763e-07
            ],
            [
                0.9992829018692111,
                0.0007096652304644236,
                2.2587088674727746e-06,
                3.925047470072329e-07,
                4.781686709963059e-06
            ],
            [
                0.9999788053474573,
                1.3007026006412014e-05,
                2.3823199134981672e-07,
                6.023448040064751e-08,
                7.889160064568459e-06
            ]
        ],
        [
            [
                0.9999999919322645,
                8.592166542472248e-10,
                2.129785151943295e-12,
                1.2256067334690155e-11,
                7.194132966103702e-09
            ],
            [
                4.525119035998021e-05,
                0.9967241780641172,
                0.0031723548720612002,
                4.525119035998021e-05,
                1.2964683101767924e-05
            ],
            [
                1.7532534294429525e-05,
                0.18241831974747197,
                0.8175422115840103,
                8.281782785473293e-06,
                1.3654351437727974e-05
            ],
            [
                0.9302369878634883,
                0.05946806586630659,
                0.0013985545160893915,
                0.0008482661932877814,
                0.008048125560827912
            ],
            [
                0.99865452531433,
                0.0004301630691812955,
                1.7579773067430582e-06,
                2.8984145790354036e-06,
                0.0009106552246029618
            ]
        ],
        [
            [
                0.9999999966768343,
                6.691586059576173e-10,
                0.0,
                7.433680637118218e-12,
                2.6465736263649545e-09
            ],
            [
                4.521171720324953e-05,
                0.9958546446772994,
                0.004069831024453171,
                2.7422292662027953e-05,
                2.890288382286249e-06
            ],
            [
                3.998567287821038e-05,
                0.8807434671360378,
                0.1191956685271981,
                1.8887894456510124e-05,
                1.9907694293225036e-06
            ],
            [
                0.9711220359028225,
                0.02283860304738466,
                0.0006896660530520063,
                0.0002537138412114705,
                0.005095981155529357
            ],
            [
                0.9968170478085108,
                0.003172649895446804,
                2.2531346893697875e-06,
                1.8494855787637764e-07,
                7.864212795254812e-06
            ]
        ],
        [
            [
                0.9999999977194725,
                2.1724399274088259e-10,
                0.0,
                2.1297851634361944e-12,
                2.061153615161283e-09
            ],
            [
                0.00010818621186236702,
                0.8766421193809583,
                0.11864061690637176,
                0.003582635301521123,
                0.0010264421992864552
            ],
            [
                9.606088613178079e-05,
                0.9994720105007023,
                0.0004305150234637913,
                1.067140051498441e-06,
                3.4644965073588527e-07
            ],
            [
                0.0275437886960274,
                0.004786391638109646,
                0.010132791177392885,
                0.04541203099043458,
                0.9121249974980354
            ],
            [
                0.9912488628559347,
                0.00012232978997014425,
                7.820281834657071e-06,
                4.500261477283658e-05,
                0.008575984457487766
            ]
        ],
        [
            [
                0.9999999968316113,
                2.0611536121588626e-09,
                0.0,
                3.97896251599276e-12,
                1.1032560268412295e-09
            ],
            [
                5.962898581602741e-06,
                0.9704899375555647,
                0.029306254172410767,
                0.00015378518131128305,
                4.4060192131696656e-05
            ],
            [
                1.6700443528139775e-05,
                0.9999248911518263,
                5.8290275454931846e-05,
                1.1252681066770376e-07,
                5.602380015930649e-09
            ],
            [
                0.9998668433373248,
                0.00012339333425212946,
                1.370776123049082e-06,
                5.042803541184524e-07,
                7.888271945903008e-06
            ],
            [
                0.9968272721681772,
                0.0031726829298725856,
                3.2139574942001876e-08,
                2.3281829999827324e-09,
                1.04341923047695e-08
            ]
        ],
        [
            [
                0.999999999529336,
                1.917171510459211e-10,
                0.0,
                0.0,
                2.789468088068761e-10
            ],
            [
                0.00026111660621068824,
                0.9994568815189776,
                0.00026111660621068824,
                1.3000230325396143e-05,
                7.885038275678706e-06
            ],
            [
                1.0043088762333855e-05,
                0.008577388175677086,
                0.9914110831274685,
                1.3591842622208943e-06,
                1.2642382989364896e-07
            ],
            [
                0.029312115795750382,
                0.9706840466215084,
                3.617401579239704e-06,
                9.640048678984493e-08,
                1.2378067521923177e-07
            ],
            [
                0.9028721696111125,
                0.0017429533694753214,
                0.00011142322796283361,
                0.00011142322796283361,
                0.0951620305634866
            ]
        ],
        [
            [
                0.9999999994083295,
                1.3176514247762244e-10,
                0.0,
                0.0,
                4.599055370857256e-10
            ],
            [
                1.607691922317383e-05,
                0.9625915648156638,
                0.037323723586044286,
                5.611396178828767e-05,
                1.25207172803835e-05
            ],
            [
                1.543447416043198e-05,
                0.07585687356984072,
                0.9241259316400247,
                1.626781608029663e-06,
                1.3353436605649873e-07
            ],
            [
                0.19582130806686535,
                0.6834835390638748,
                0.09249943483601625,
                0.0016941862458684724,
                0.02650153178737523
            ],
            [
                0.9998173849002243,
                5.828399349206446e-05,
                8.313765163213978e-07,
                1.1251457631262473e-07,
                0.0001233872151909535
            ]
        ],
        [
            [
                0.9999999985777703,
                3.1608814458666085e-10,
                1.0060392765947951e-12,
                1.8795288115162632e-12,
                1.1032560293952318e-09
            ],
            [
                1.2965473535542587e-05,
                0.9967848727704489,
                0.0031725482849210766,
                1.6647997559028954e-05,
                1.2965473535542587e-05
            ],
            [
                5.981861951866079e-05,
                0.37749656591022,
                0.6223866337651325,
                4.658678772338345e-05,
                1.0394917405519454e-05
            ],
            [
                0.910587046816207,
                0.010115706167774819,
                0.0008303477268615605,
                0.0037213603320555124,
                0.07474553895710119
            ],
            [
                0.0758165914756108,
                2.5433632968756814e-05,
                1.2013997529131876e-05,
                0.0005108481740847681,
                0.9236351127198066
            ]
        ],
        [
            [
                0.9999999961355777,
                4.599055356401892e-10,
                1.1399918475290265e-12,
                5.1090890033453355e-12,
                3.3982678030541074e-09
            ],
            [
                3.49654808440322e-05,
                0.9889130975648368,
                0.010985832752045292,
                4.48965661104457e-05,
                2.12076361635003e-05
            ],
            [
                5.558160080811134e-06,
                0.9046173022786868,
                0.09534597305135448,
                1.939988489450468e-05,
                1.1766624983413074e-05
            ],
            [
                0.878463845565417,
                0.05615832090117857,
                0.004609755693893709,
                0.004609755693893709,
                0.05615832214561712
            ],
            [
                0.9856797910184354,
                0.014059966379995495,
                5.7459896061736224e-05,
                2.227961951886905e-06,
                0.00020055474355557042
            ]
        ],
        [
            [
                0.9999999967185809,
                2.7894680809996283e-10,
                0.0,
                3.511422098435273e-12,
                2.9989608120966115e-09
            ],
            [
                2.7535086025651974e-05,
                0.9999508961772796,
                2.1444346558716254e-05,
                1.1252960312528553e-07,
                1.1860532909659442e-08
            ],
            [
                6.825082821030909e-08,
                7.48461213056294e-05,
                0.9999241416359714,
                8.314653024851007e-07,
                1.1252659221323696e-07
            ],
            [
                0.0018105432012083351,
                0.0003146253818864024,
                3.316127127830725e-05,
                0.059956956887521735,
                0.9378847132581052
            ],
            [
                0.877729571219646,
                0.11878776762184579,
                0.0006233409917089205,
                6.569965716374372e-05,
                0.0027936205096355596
            ]
        ],
        [
            [
                0.9999999997876623,
                1.691897920608611e-10,
                3.7010116742034284e-13,
                0.0,
                4.2777878638957224e-11
            ],
            [
                5.133552410570537e-05,
                0.8806209260988472,
                0.11917908092528946,
                0.00010867730538459863,
                3.998014637290432e-05
            ],
            [
                0.00012165929773788793,
                0.9858156883676621,
                0.014061902986277075,
                6.38409403311053e-07,
                1.1093891954920734e-07
            ],
            [
                0.9475862467406388,
                0.04717754441442452,
                0.0001928037477266699,
                7.092853496944706e-05,
                0.004972476562240583
            ],
            [
                0.9984923367515388,
                0.0015011726317670153,
                1.0660943563123012e-06,
                6.466189132500152e-07,
                4.777903424633934e-06
            ]
        ],
        [
            [
                0.9999999971325599,
                2.1724399267345447e-10,
                8.878265444357707e-13,
                2.734698281087734e-12,
                2.6465736287434685e-09
            ],
            [
                4.759156123956011e-05,
                0.8163962699144783,
                0.18216262569738786,
                0.0012274019562871646,
                0.00016611087060711255
            ],
            [
                5.134227751012979e-05,
                0.8807369047495422,
                0.1191947873419202,
                1.4709808788379242e-05,
                2.2558222390371364e-06
            ],
            [
                0.4649192029611296,
                0.0180268693881833,
                0.003132600181650725,
                0.04900212316491847,
                0.46491920430411793
            ],
            [
                0.8517735152848053,
                8.1865352248094e-05,
                2.345481611572808e-05,
                0.00010511719303264765,
                0.14801604735379825
            ]
        ],
        [
            [
                0.9999999964884203,
                8.59216657337321e-10,
                0.0,
                5.789356297870248e-12,
                2.646573624801447e-09
            ],
            [
                1.1763954403650012e-05,
                0.9044121863760319,
                0.0953243335778341,
                0.00018401920823867153,
                6.769688349165375e-05
            ],
            [
                1.0128741252487756e-05,
                0.9998663242146587,
                0.00012339332913796023,
                1.4447873442921544e-07,
                9.236216481911646e-09
            ],
            [
                0.04064465098589504,
                0.8163696042627513,
                0.14186376887885388,
                0.00016610531670367316,
                0.0009558705557962278
            ],
            [
                0.9983932760507411,
                0.0004300504739831071,
                4.777429226747801e-06,
                2.8976573006297596e-06,
                0.0011689983887484797
            ]
        ],
        [
            [
                0.9999999957875718,
                3.5817479107175926e-10,
                0.0,
                3.511422094195084e-12,
                3.850741901732627e-09
            ],
            [
                5.401281782386474e-05,
                0.4376702200470392,
                0.5619796856620136,
                0.00024206865529937562,
                5.401281782386474e-05
            ],
            [
                4.328835843752164e-06,
                0.0953489326880674,
                0.9046454282747401,
                1.2402322340553236e-06,
                6.996911473354657e-08
            ],
            [
                0.00521905091592377,
                0.9945749729302142,
                0.00020236456489836738,
                2.2480672509188737e-06,
                1.363521712778191e-06
            ],
            [
                0.9393386550988236,
                0.06004991746373588,
                0.00019112572330159998,
                1.5688554734203495e-05,
                0.00040461315940459663
            ]
        ],
        [
            [
                0.9999999971045219,
                2.4616969416100976e-10,
                0.0,
                2.7346982802548246e-12,
                2.6465736279373996e-09
            ],
            [
                1.6558158378878486e-05,
                0.9914055267134458,
                0.008577338435558886,
                5.000130573344693e-07,
                7.667955895684997e-08
            ],
            [
                1.664837796985753e-05,
                0.9968073365646807,
                0.003172619265604612,
                2.8930542918756595e-06,
                5.027374529154684e-07
            ],
            [
                0.913179419869648,
                0.07495833069133245,
                0.0010692234086156437,
                0.0006485167794078371,
                0.010144509250996058
            ],
            [
                0.6223809309295963,
                5.981804682474199e-05,
                6.3047757501330965e-06,
                5.981804682474199e-05,
                0.3774931282010041
            ]
        ],
        [
            [
                0.9999999945292382,
                5.211412452863081e-10,
                1.6586783477663955e-12,
                3.5114220897765432e-12,
                4.944450468707414e-09
            ],
            [
                1.661375445951241e-05,
                0.9947339496916748,
                0.005219883994423357,
                1.661375445951241e-05,
                1.293880498282431e-05
            ],
            [
                2.2512135092126837e-05,
                0.8175395453525973,
                0.1824177213527561,
                1.7532468438357634e-05,
                2.6886911160740897e-06
            ],
            [
                0.9979880596110968,
                0.001926569957172315,
                3.52863596294522e-05,
                4.7754894748408886e-06,
                4.5308582626600855e-05
            ],
            [
                0.6783784067443798,
                0.3204432694477847,
                0.0003752004914340333,
                8.823869802595317e-06,
                0.0007942994465989321
            ]
        ],
        [
            [
                0.9999999976198726,
                3.1608814443936345e-10,
                1.0060392761259798e-12,
                1.879528810640401e-12,
                2.0611536159698673e-09
            ],
            [
                2.7530020967157056e-05,
                0.9997669833434347,
                0.0002034208693310605,
                1.7599353594061656e-06,
                3.0583090762188586e-07
            ],
            [
                2.3456025456329085e-05,
                0.8518176052711512,
                0.1480236979576109,
                0.00010512261292120146,
                3.011813286040122e-05
            ],
            [
                0.9984570303171948,
                0.0015011196439242134,
                2.7493965326901126e-05,
                1.368843931434107e-06,
                1.298722962264927e-05
            ],
            [
                0.4349946479983705,
                0.006204864623895403,
                6.892985249542334e-05,
                0.00018737076547667162,
                0.558544186759762
            ]
        ],
        [
            [
                0.9999999955529384,
                5.905303963203429e-10,
                0.0,
                5.789356293691791e-12,
                3.850741899461812e-09
            ],
            [
                6.526694025548657e-05,
                0.6790742352568491,
                0.32077196547144343,
                8.380441015748507e-05,
                4.727921294476453e-06
            ],
            [
                2.7894575412132477e-10,
                2.9023121979701947e-06,
                0.9999970969381365,
                4.5990379819131614e-10,
                1.0815900644076674e-11
            ],
            [
                0.7126842857130553,
                0.010165894048903019,
                0.004802028327410715,
                0.010165894048903019,
                0.26218189786172785
            ],
            [
                0.9914036702963802,
                0.00857732224160888,
                2.2408988245761543e-06,
                2.0843605954072718e-07,
                1.6558127126820955e-05
            ]
        ],
        [
            [
                0.9999999990913695,
                3.1608814483641216e-10,
                1.006039277389699e-12,
                1.006039277389699e-12,
                5.905303987828777e-10
            ],
            [
                4.53775930743441e-05,
                0.9995081900003887,
                0.00043053061597914897,
                1.3000898085769325e-05,
                2.9008924719511248e-06
            ],
            [
                1.2390196770927316e-05,
                0.047425026604567266,
                0.952557127557154,
                4.55809866409295e-06,
                8.975428436925418e-07
            ],
            [
                0.3773335929087032,
                9.858163577751405e-05,
                8.092073437138931e-06,
                0.0004418122396001326,
                0.622117921142482
            ],
            [
                0.9992499401922786,
                0.0007096416307965749,
                4.781527696651899e-06,
                3.056728389475907e-07,
                3.533097638915153e-05
            ]
        ],
        [
            [
                0.9999999990920898,
                3.1608814469661636e-10,
                0.0,
                1.291780001783229e-12,
                5.905303985217047e-10
            ],
            [
                7.884872259052899e-06,
                0.9994356111648969,
                0.0005527722210218637,
                2.9006824003685886e-06,
                8.31059421873531e-07
            ],
            [
                3.524404901961204e-05,
                0.9967909809631834,
                0.003172566675362406,
                1.0642780616002133e-06,
                1.4403437290917799e-07
            ],
            [
                0.2315616729311964,
                0.10938197467996544,
                0.014803240524293122,
                0.014803240524293122,
                0.629449871340252
            ],
            [
                0.924138056122285,
                0.0758578677912694,
                3.44394267372691e-06,
                1.0399805740301625e-07,
                5.281457145452245e-07
            ]
        ],
        [
            [
                0.9999999995621132,
                1.9171715105220502e-10,
                0.0,
                0.0,
                2.4616969476599425e-10
            ],
            [
                1.2772962545170961e-05,
                0.9819840931084088,
                0.017985662056177677,
                1.2772962545170961e-05,
                4.698910323221256e-06
            ],
            [
                4.606197697845123e-06,
                0.03732439793808169,
                0.9626089664136663,
                5.6114975635804464e-05,
                5.9144749183217e-06
            ],
            [
                0.8632375036240219,
                0.1168264951018035,
                0.00581644726464638,
                0.0045298536844001315,
                0.009589700325128065
            ],
            [
                0.20728508420052916,
                0.00803731390284046,
                0.0017933671383039932,
                0.059388177472046604,
                0.7234960572862797
            ]
        ],
        [
            [
                0.9999999989229775,
                1.0261879615301725e-10,
                0.0,
                7.835041772542709e-13,
                9.736200297449522e-10
            ],
            [
                1.2919755299739569e-05,
                0.9932700525946903,
                0.006692602128122495,
                1.6589294182251757e-05,
                7.836227705276834e-06
            ],
            [
                2.0816134418741093e-05,
                0.029311307131934427,
                0.9706572681038773,
                5.9639223630558285e-06,
                4.6447074065249425e-06
            ],
            [
                0.4836008939197908,
                0.0015391958151130276,
                0.00034344100872596287,
                0.030915574376468656,
                0.4836008948799016
            ],
            [
                0.9984819468041587,
                0.0015011569820081293,
                6.13488547872174e-06,
                6.466121722331133e-07,
                1.011471618207787e-05
            ]
        ],
        [
            [
                0.9999999947715317,
                8.592166558621418e-10,
                0.0,
                5.789356287930569e-12,
                4.363462222192507e-09
            ],
            [
                4.957359434039934e-05,
                0.8503971439288877,
                0.14777687471150483,
                0.001641652764600048,
                0.00013475500066690768
            ],
            [
                0.00012203894558998335,
                0.9888921369793054,
                0.01098560110632421,
                2.079079635659689e-07,
                1.5060816729312043e-08
            ],
            [
                0.04378866534131611,
                0.07219530463069816,
                0.0016978708106179133,
                0.0027993157203666224,
                0.8795188434970012
            ],
            [
                0.43777679669262787,
                3.276840012166434e-05,
                1.987503934352061e-05,
                5.4025958287400663e-05,
                0.5621165339096196
            ]
        ],
        [
            [
                0.9999999983650072,
                2.1724399298798276e-10,
                0.0,
                1.1399918503160712e-12,
                1.4166087832528986e-09
            ],
            [
                2.1331141374160455e-05,
                0.9946717196680612,
                0.00521955820024458,
                7.445299906992385e-05,
                1.293799125009299e-05
            ],
            [
                5.5526627569913554e-05,
                0.9525163680100684,
                0.047423003095312034,
                4.557903147666095e-06,
                5.443639019979862e-07
            ],
            [
                0.9923575110780277,
                0.006686452960582685,
                0.00033289873194851323,
                7.427974737288097e-05,
                0.0005488574820681938
            ],
            [
                0.9882680408897461,
                0.0007018427538315944,
                3.4942676506532954e-05,
                1.6505751644935416e-05,
                0.010978667928270897
            ]
        ],
        [
            [
                0.9999999994409663,
                2.789468088593636e-10,
                0.0,
                1.1399918512971425e-12,
                2.789468088593636e-10
            ],
            [
                4.775853169878974e-06,
                0.9980641416849775,
                0.001926716682222729,
                3.719438188535796e-06,
                6.463414414420455e-07
            ],
            [
                0.00014641893994195814,
                0.9240044810748494,
                0.07584690744821947,
                2.088554008039805e-06,
                1.0398298118825402e-07
            ],
            [
                0.9032062560561468,
                0.001057546007256839,
                0.00023597029744411812,
                0.00030299185950161405,
                0.09519723577965064
            ],
            [
                0.8514643642445742,
                0.0004709316640501423,
                3.865640656269085e-05,
                6.373363974874044e-05,
                0.14796231404506424
            ]
        ],
        [
            [
                0.9999999982246008,
                5.211412475558705e-10,
                1.006039276903099e-12,
                3.0988191313902382e-12,
                1.250152863428969e-09
            ],
            [
                7.884819461354421e-06,
                0.999428561442063,
                0.0005527682560369338,
                7.884819461354421e-06,
                2.900662977180777e-06
            ],
            [
                3.431984018080174e-05,
                0.9706526636881986,
                0.02931116753004853,
                1.7086842294557403e-06,
                1.4025734262355202e-07
            ],
            [
                0.0015011497103888918,
                0.9984773521553711,
                2.1412750601413643e-05,
                6.815209141463017e-08,
                1.7231547246523225e-08
            ],
            [
                0.9976529706654318,
                0.0011681315089263622,
                7.870808195107559e-06,
                2.8955085203837775e-06,
                0.0011681315089263622
            ]
        ],
        [
            [
                0.9999999977878782,
                1.4930946712469911e-10,
                0.0,
                1.6586783534150859e-12,
                2.061153615605055e-09
            ],
            [
                1.0128374292524556e-05,
                0.9998304613339742,
                0.00015843443064323642,
                8.313875898642102e-07,
                1.444735000264651e-07
            ],
            [
                0.00012335309575576913,
                0.9995404196767363,
                0.00033530847867707577,
                8.311466213754868e-07,
                8.760220939018977e-08
            ],
            [
                0.26892830866320366,
                0.7310229326939485,
                4.261473083307527e-05,
                1.6523524300145525e-06,
                4.491559584718704e-06
            ],
            [
                0.9066117085573326,
                0.04513754139050133,
                0.001750172410888253,
                0.00136303564410974,
                0.04513754199716811
            ]
        ],
        [
            [
                0.9999999955318408,
                1.0261879578069046e-10,
                4.193795636461027e-13,
                1.6586783502452894e-12,
                4.363462230138436e-09
            ],
            [
                6.721102203743244e-06,
                0.8519240230732404,
                0.1480421993260457,
                2.3458951743216492e-05,
                3.597546766797742e-06
            ],
            [
                0.0002030340030450202,
                0.7771381982762688,
                0.2226538216294365,
                4.213836299046132e-06,
                7.322549507398755e-07
            ],
            [
                0.07585132039684464,
                0.92405822778942,
                8.881274344922539e-05,
                8.706894995611505e-07,
                7.683807864756469e-07
            ],
            [
                0.017985310688553476,
                4.698816314566775e-06,
                4.952515959139752e-07,
                4.458112793618129e-05,
                0.9819649141155997
            ]
        ],
        [
            [
                0.9999999949049483,
                1.493094666723173e-10,
                0.0,
                1.2917799965893877e-12,
                4.944450470565095e-09
            ],
            [
                5.960868498385871e-06,
                0.9701601247906295,
                0.029296297952529825,
                0.0004178891440237235,
                0.00011972724431859563
            ],
            [
                6.22414509865986e-11,
                8.315279896554805e-07,
                0.9999991678811939,
                5.211412886230876e-10,
                7.433681240557015e-12
            ],
            [
                0.4915593218708626,
                0.49155931984632556,
                0.003312100623003178,
                0.0020088905759047416,
                0.01156036708390412
            ],
            [
                0.8159623293040059,
                0.18206580731696287,
                0.000955393556186804,
                6.107626665769278e-05,
                0.000955393556186804
            ]
        ],
        [
            [
                0.9999999891178358,
                4.0586520778310424e-10,
                1.4637784965819086e-12,
                7.433680583256403e-12,
                1.046740166928845e-08
            ],
            [
                1.011035764464784e-05,
                0.9980517178674724,
                0.0019266931291227222,
                1.011035764464784e-05,
                1.3682881154618677e-06
            ],
            [
                0.00012315667093084186,
                0.7772029961725115,
                0.22267237990138244,
                1.3681470310321692e-06,
                9.910814399816628e-08
            ],
            [
                0.9805422275157126,
                0.017959258865533526,
                0.0002561750692902388,
                9.424154133254855e-05,
                0.0011480970081311594
            ],
            [
                0.11897449253607194,
                0.0004862215563498656,
                0.0001084906937359643,
                0.0013216872212309155,
                0.8791091079926113
            ]
        ],
        [
            [
                0.9999999893686534,
                3.3982677771855892e-09,
                9.545034804002002e-12,
                2.9400777026795985e-11,
                7.19413294075621e-09
            ],
            [
                4.4489011246522267e-07,
                0.00043055369123603875,
                0.9995614895420689,
                6.141518562173899e-06,
                1.3703580203324166e-06
            ],
            [
                0.0005505294687526509,
                0.9953807698174361,
                0.004067893128727826,
                6.446037356074706e-07,
                1.629813479652225e-07
            ],
            [
                0.9997301146860958,
                7.887196769451142e-06,
                5.042116203874649e-07,
                3.0581980674838495e-07,
                0.00026118808570751246
            ],
            [
                0.9999922271072603,
                4.785081118540537e-06,
                6.825551634839802e-08,
                1.725769716497322e-08,
                2.9022984076068576e-06
            ]
        ],
        [
            [
                0.9999999996045208,
                2.4616969473545733e-10,
                0.0,
                0.0,
                1.493094673491545e-10
            ],
            [
                9.163891229976204e-06,
                0.9046202771915682,
                0.09534628632357864,
                1.5108702393244125e-05,
                9.163891229976204e-06
            ],
            [
                1.3617817610757693e-06,
                0.006692842609114351,
                0.993305726402943,
                6.779905698253933e-08,
                1.407124536133843e-09
            ],
            [
                0.045806798733373115,
                0.010220875793431398,
                0.0022805856526455577,
                0.021637599383295437,
                0.9200541404372544
            ],
            [
                0.5573503989512802,
                0.004822025174391646,
                0.0008379423299713566,
                0.002924706110174691,
                0.434064927434182
            ]
        ],
        [
            [
                0.9999999988927339,
                2.4616969474423656e-10,
                0.0,
                1.8795288132002422e-12,
