{
    "[['A', 'B', 'C', 'D', 'E'], ['A', 'B', 'C', 'D', 'E']]": [
        [
            [
                0.09534105930158605,
                1.0944102120136957e-06,
                1.6783324177811143e-07,
                8.693977164672428e-05,
                0.9045707386833134
            ],
            [
                0.0002025920143402392,
                0.9956929633566373,
                0.0031690723030005333,
                2.7417847642212173e-05,
                0.0009079544783797898
            ],
            [
                2.6492862486832784e-05,
                0.0373047373087798,
                0.9621018956383216,
                0.00015245589736177976,
                0.0004144182930499373
            ],
            [
                0.9990872603837079,
                8.307701352034762e-07,
                2.8427363665731795e-08,
                8.307701352034762e-07,
                0.0009110496486578688
            ],
            [
                0.5615570990847825,
                1.204282410781134e-05,
                5.6886273090732284e-06,
                0.001084060478941943,
                0.43734110898485884
            ]
        ],
        [
            [
                1.6700172817058504e-05,
                9.236604563882773e-09,
                1.4164791866539576e-09,
                7.484498198696794e-05,
                0.9999084441921122
            ],
            [
                0.00946914645106871,
                0.04243776003723346,
                0.025739802592109638,
                0.06996804186882806,
                0.8523852490507602
            ],
            [
                3.5817478865093237e-10,
                3.927863497477176e-07,
                0.9999995562186491,
                4.1399376681894676e-08,
                9.23744954907633e-09
            ],
            [
                0.9872456805106328,
                0.001484263772020115,
                4.482088222354814e-05,
                0.00025792636878456784,
                0.010967308466338963
            ],
            [
                0.4844427422273212,
                9.856876251016124e-05,
                4.656058655487263e-05,
                0.030969384576611338,
                0.4844427438470025
            ]
        ],
        [
            [
                0.9999869831575656,
                8.151912272296015e-09,
                1.4930748143201432e-10,
                1.4165899422189574e-09,
                1.3007124624620463e-05
            ],
            [
                3.711419718862761e-06,
                0.002468619772717423,
                0.9959122429386043,
                0.000707271406507454,
                0.0009081544624520585
            ],
            [
                8.30948470094633e-07,
                0.0003352285387449119,
                0.9993022633767981,
                0.0002033263867594535,
                0.0001583507492273417
            ],
            [
                0.09528593087247633,
                1.9387677482068393e-05,
                4.9019725381589575e-06,
                0.0006420317022480566,
                0.9040477477752554
            ],
            [
                0.07563434535132028,
                1.5389189515738868e-05,
                2.6742401486561893e-06,
                0.0029326618190188215,
                0.9214149293999965
            ]
        ],
        [
            [
                0.9999545971695974,
                4.363262888838101e-09,
                9.055663222672114e-11,
                5.211174381419562e-10,
                4.5397855465546606e-05
            ],
            [
                0.005175377178771616,
                0.9862525537276604,
                0.005175377178771616,
                0.0002576669802941466,
                0.003139024934502056
            ],
            [
                0.00028543146128886285,
                0.8508592310755044,
                0.14785716006314975,
                0.00022229424556498178,
                0.0007758831544920272
            ],
            [
                0.9980726362768282,
                3.053127546730581e-07,
                1.951797279157858e-08,
                3.053127546730581e-07,
                0.0019267335796897991
            ],
            [
                0.008575255944461235,
                5.664517317493456e-07,
                1.838999523518351e-07,
                0.0002589504144912315,
                0.9911650432893635
            ]
        ],
        [
            [
                0.0085773217496329,
                2.240898698206139e-06,
                5.000120854071438e-07,
                1.6558126193065827e-05,
                0.9914033792133904
            ],
            [
                4.027164093282109e-06,
                7.138319156014689e-05,
                0.017466882745178616,
                0.02879802861893427,
                0.9536596782802337
            ],
            [
                4.847368542332275e-11,
                2.510999070822005e-08,
                0.9999999663972499,
                7.194132787019847e-09,
                1.25015282410658e-09
            ],
            [
                0.880678618631011,
                2.4250757371782528e-05,
                1.550299051420854e-06,
                0.00010868435426053801,
                0.11918689595830509
            ],
            [
                0.9968267182480546,
                3.455326768796057e-07,
                1.7203075413259334e-08,
                2.3748090429129829e-07,
                0.0031726815352887835
            ]
        ],
        [
            [
                0.6568703672586655,
                0.00010408850120434571,
                3.82920196554277e-05,
                0.3102836017046209,
                0.032703650515853715
            ],
            [
                3.622009753089496e-08,
                2.126064928217826e-05,
                0.9913849789387759,
                0.006679900621294229,
                0.0019138235705501608
            ],
            [
                5.0087746368263564e-14,
                4.2777878681002925e-11,
                0.9999999999462359,
                1.0815941555089262e-11,
                1.201542572933177e-13
            ],
            [
                0.9999543320695612,
                2.38226075218558e-07,
                3.398112460140362e-09,
                2.84520472818832e-08,
                4.5397854203945505e-05
            ],
            [
                0.037325842103301865,
                1.3197481761748442e-06,
                1.786084932236256e-07,
                2.650785072186942e-05,
                0.9626461516893069
            ]
        ],
        [
            [
                0.022934110034546016,
                2.0502576238710868e-07,
                1.682955547331678e-08,
                0.0018825459387701539,
                0.9751831221713659
            ],
            [
                5.039611191387946e-07,
                0.0002610583228481058,
                0.9992332310497402,
                7.479446175625849e-05,
                0.00043041220453639197
            ],
            [
                3.055119573907072e-07,
                0.0011693860228866127,
                0.9987242022949905,
                1.0117166547778017e-05,
                9.598900361776117e-05
            ],
            [
                0.9968200517747973,
                1.0643084309459503e-06,
                9.89961050670403e-08,
                6.1246721448170265e-06,
                0.003172660248521869
            ],
            [
                0.04741041086767218,
                5.850912284249795e-06,
                6.987918211761659e-07,
                0.000319448986726237,
                0.9522635904414961
            ]
        ],
        [
            [
                4.3707840053729885e-07,
                3.003992986803918e-07,
                2.850109191306922e-06,
                0.9820102707552967,
                0.01798614165781283
            ],
            [
                4.361165706715686e-09,
                2.3811135249387695e-07,
                0.0004305156299582286,
                0.9994731809218701,
                9.606097565352813e-05
            ],
            [
                2.543665616813009e-13,
                1.1861120008824212e-08,
                0.999999988100586,
                3.7751344989182274e-11,
                2.8823507588109354e-13
            ],
            [
                0.9769448395172712,
                2.0950984591680533e-05,
                1.7197615413774213e-06,
                5.695068070389064e-05,
                0.022975539055891895
            ],
            [
                0.11920073352470298,
                3.282364951312017e-06,
                3.920225890698408e-07,
                1.4710539127155801e-05,
                0.8807808815486295
            ]
        ],
        [
            [
                1.6211868428245166e-05,
                7.507591680787623e-08,
                2.7618886320715202e-08,
                0.029311752852214837,
                0.9706719325845539
            ],
            [
                4.731128622251674e-06,
                0.005188310049971525,
                0.9887170555439291,
                0.0009015930972271278,
                0.005188310180250008
            ],
            [
                1.7952776174555784e-05,
                0.03678129783859076,
                0.9486021016228918,
                0.008207016716698202,
                0.00639163104564467
            ],
            [
                0.9959281153260295,
                6.449584405874867e-07,
                4.672063273334724e-08,
                1.063356699714174e-06,
                0.0040701296381974545
            ],
            [
                0.9999919618415571,
                1.4449692525446187e-07,
                2.335575269357103e-09,
                2.061137940960826e-09,
                7.889264804371137e-06
            ]
        ],
        [
            [
                0.00043054974361135767,
                1.6366450339124825e-07,
                2.5098740555220904e-08,
                1.669423320111023e-05,
                0.9995525672599436
            ],
            [
                4.6909225756671296e-08,
                7.888926300643646e-06,
                0.9999491755144554,
                2.144432500909226e-05,
                2.144432500909226e-05
            ],
            [
                3.331544824505838e-11,
                8.764248962190065e-08,
                0.9999998913519033,
                1.9555682745141793e-08,
                1.416608906696975e-09
            ],
            [
                0.43045912438299466,
                0.000112461115777133,
                1.7246470681345892e-05,
                0.016690709468684926,
                0.552720458561862
            ],
            [
                5.828860716286339e-05,
                2.3821221494104217e-07,
                4.139503649096798e-08,
                4.539521290257951e-05,
                0.9998960365726831
            ]
        ],
        [
            [
                0.014053491688300567,
                1.6454939109097292e-05,
                4.714418986798717e-06,
                0.0006996821487983339,
                0.9852256568048051
            ],
            [
                2.53364198258974e-06,
                0.0031484270669253833,
                0.9892061631514395,
                0.002451997465164695,
                0.0051908786744878956
            ],
            [
                3.0562472868131773e-07,
                7.478390540875972e-05,
                0.9990920830533097,
                0.0001232978155534485,
                0.0007095296009993767
            ],
            [
                0.6789063110923765,
                1.8694675295636542e-05,
                6.87738670064034e-06,
                0.0003754924118687348,
                0.3206926244337585
            ],
            [
                0.5621600063572929,
                3.4540304452490515e-06,
                3.6405213054232103e-07,
                2.5522024727359653e-05,
                0.43781065353540405
            ]
        ],
        [
            [
                3.8245070598310866e-06,
                1.904109944611886e-07,
                1.904109944611886e-07,
                0.6224567210639873,
                0.377539073606964
            ],
            [
                4.997045958343223e-07,
                7.416273768584802e-05,
                0.9907934924392885,
                0.0024559314058811683,
                0.006675913712548657
            ],
            [
                4.951864829416756e-05,
                0.11496107531898282,
                0.8494538776366807,
                0.015558289385227306,
                0.019977239010814957
            ],
            [
                0.1817997131961366,
                7.83088326959177e-05,
                2.2435856203902507e-05,
                0.003329777884153759,
                0.8147697642308098
            ],
            [
                0.9477306243282828,
                9.108793559549577e-05,
                2.0324465657012834e-05,
                0.004973232773852258,
                0.04718473049661262
            ]
        ],
        [
            [
                2.793973615503787e-06,
                3.3369256215851575e-07,
                1.3197796852048733e-06,
                0.9626688282047876,
                0.03732672434934945
            ],
            [
                9.82095786405919e-05,
                0.5469449124204561,
                0.2012097702523818,
                0.09504476555192916,
                0.15670234219659238
            ],
            [
                5.905271039010308e-10,
                4.785095247838345e-06,
                0.9999949411339545,
                1.8553827763426936e-07,
                8.764199302564748e-08
            ],
            [
                0.996797657640153,
                6.1245385009843225e-06,
                2.2530918011750956e-06,
                2.1376739824614535e-05,
                0.0031725879897201684
            ],
            [
                0.9241151244053128,
                1.5434297240964377e-05,
                1.4356132741938547e-06,
                1.2020242777419882e-05,
                0.07585598544139455
            ]
        ],
        [
            [
                0.9399124717104447,
                5.371606448859536e-07,
                3.433956390071928e-08,
                3.691847522185605e-07,
                0.06008658760459426
            ],
            [
                1.435732961137543e-07,
                7.437280866683015e-05,
                0.9936006560103305,
                0.0031624138038533166,
                0.0031624138038533166
            ],
            [
                3.160851635641784e-10,
                1.0129988374086535e-05,
                0.9999897776904643,
                8.764165540530821e-08,
                4.363421089536852e-09
            ],
            [
                9.931156912853034e-08,
                2.061145860460807e-09,
                8.592134262436891e-10,
                2.9023122468312293e-06,
                0.9999969954558248
            ],
            [
                0.962598902836749,
                4.606149870304826e-06,
                4.284386774141672e-07,
                7.205230682457948e-05,
                0.037324010267878724
            ]
        ],
        [
            [
                1.0484985424646628e-06,
                1.418988472176307e-07,
                2.0646160444587254e-07,
                0.017986183972907143,
                0.9820124191680987
            ],
            [
                3.211635433912364e-06,
                0.0012956662082417821,
                0.8618013658053838,
                0.1166321316428113,
                0.02026762470812923
            ],
            [
                1.2015425705457245e-13,
                2.061153617924501e-09,
                0.9999999979125556,
                2.5946094925941078e-11,
                2.2447770501047705e-13
            ],
            [
                0.9995591882722467,
                3.7250116137128803e-06,
                3.926133355692765e-07,
                6.141505881133435e-06,
                0.0004305525969229423
            ],
            [
                0.93976013029008,
                1.2223736873276503e-05,
                1.8745707629224475e-06,
                0.00014891560063591934,
                0.06007685580164794
            ]
        ],
        [
            [
                0.06008540198206812,
                6.086704534091099e-07,
                6.415339380303856e-08,
                2.0156397158544846e-05,
                0.9398937687969262
            ],
            [
                4.373032085348078e-05,
                0.01764206216857715,
                0.963223995962792,
                0.0014481486488303924,
                0.017642062898947188
            ],
            [
                1.9810087952242697e-13,
                1.2501528646041561e-09,
                0.9999999987234147,
                2.5946094945768268e-11,
                2.8823507893344584e-13
            ],
            [
                0.49961155564610427,
                2.2682338921585567e-05,
                3.069720762421627e-06,
                0.0007511355466991187,
                0.4996115567475127
            ],
            [
                0.9932910638464026,
                1.292002737295252e-05,
                3.901510204078977e-07,
                2.882847776848993e-06,
                0.006692743127427164
            ]
        ],
        [
            [
                0.2603729784696368,
                0.010095755783516798,
                0.0003914549329683898,
                0.7077670956524554,
                0.021372715161422567
            ],
            [
                0.004065406640713409,
                0.9947722484258321,
                0.0004284907029746628,
                2.7392494188128802e-05,
                0.0007064617362915772
            ],
            [
                1.4166062057091286e-09,
                1.760343104963181e-06,
                0.9999982233802349,
                1.1861098541447459e-08,
                2.9989553610198436e-09
            ],
            [
                0.18242473870210554,
                3.211306006595436e-07,
                3.384691629260162e-08,
                3.9121716031319694e-06,
                0.8175709941487744
            ],
            [
                4.539659672772413e-05,
                6.0231373614655e-08,
                1.522887615949404e-08,
                2.7534427761974887e-05,
                0.9999269935152605
            ]
        ],
        [
            [
                0.07585694599590145,
                7.684379607402438e-07,
                9.177673905487165e-08,
                1.54344890336272e-05,
                0.924126759300365
            ],
            [
                1.0352170761429074e-07,
                2.2354464323606673e-05,
                0.8118138291052935,
                0.1811401456534113,
                0.007023567255264026
            ],
            [
                9.926432909190813e-06,
                0.017947403378955125,
                0.9798950217326386,
                0.00025600607889324266,
                0.0018916423766038456
            ],
            [
                0.9968178472321906,
                7.864220070396132e-06,
                2.690988127977934e-07,
                1.366596533794873e-06,
                0.00317265285239248
            ],
            [
                0.99142191825073,
                5.000211598095646e-07,
                1.332511255800245e-08,
                8.689064874877326e-08,
                0.008577481512348741
            ]
        ],
        [
            [
                3.0577050580499163e-07,
                6.346064389288865e-09,
                1.102780634317167e-09,
                0.0004305569343955307,
                0.9995691298462536
            ],
            [
                0.03179554562569204,
                0.23493904231742954,
                0.23493904231742954,
                0.11097736233140816,
                0.38734900740804074
            ],
            [
                1.3615261074201446e-13,
                3.1608814527593784e-10,
                0.999999999657575,
                2.5946094970006078e-11,
                2.543665646126115e-13
            ],
            [
                0.7301832171657395,
                9.011177544122652e-05,
                9.497711255398127e-06,
                0.0010977861601010098,
                0.2686193871874629
            ],
            [
                0.9820083199273969,
                1.728675518705038e-06,
                1.8220105919058962e-07,
                3.65960610181649e-06,
                0.0179861095899233
            ]
        ],
        [
            [
                0.9968267666928137,
                3.049315320464019e-07,
                9.208143172325658e-09,
                2.3748091594090102e-07,
                0.003172681686595238
            ],
            [
                0.05244184630180447,
                0.8203284959196782,
                0.007097232122705618,
                0.009113026433686704,
                0.11101939922212498
            ],
            [
                0.0003992114875123777,
                0.9267985966167359,
                0.04614258516040077,
                0.004863391535662992,
                0.021796215199687937
            ],
            [
                0.999985144269965,
                1.760319657020913e-06,
                4.1398750319154946e-08,
                4.691092988305021e-08,
                1.3007100697777888e-05
            ],
            [
                0.9997963703371877,
                1.8550129760871086e-07,
                3.849956606580916e-09,
                1.3437668928313388e-08,
                0.00020342687388921808
            ]
        ],
        [
            [
                0.03732663935474339,
                6.234185089929467e-07,
                1.0833389272770115e-07,
                5.914830128821581e-06,
                0.962666714062726
            ],
            [
                0.26477086240844333,
                0.5605198816036476,
                0.021733715501368572,
                0.12506889738372282,
                0.027906643102817607
            ],
            [
                4.26201372423379e-05,
                0.04673867863163976,
                0.9387713446170952,
                0.008121964388320514,
                0.006325392225702079
            ],
            [
                2.900707259978338e-06,
                7.730115639527311e-08,
                7.730115639527311e-08,
                0.000552776958424929,
                0.9994441677320023
            ],
            [
                0.9999869919182917,
                8.592052406350688e-10,
                1.783223586699371e-11,
                7.991853658479613e-11,
                1.3007124752370527e-05
            ]
        ],
        [
            [
                0.3207936567212869,
                2.2334631847575174e-06,
                1.4278052448546966e-07,
                8.381008769518663e-05,
                0.6791201569473087
            ],
            [
                0.002413124179568655,
                0.029397870744022666,
                0.048468894808963166,
                0.45986005590246115,
                0.4598600543649843
            ],
            [
                4.752193024925289e-13,
                7.19413297303222e-09,
                0.9999999922053165,
                5.905303951914946e-10,
                9.545034846825179e-12
            ],
            [
                0.9626385411613902,
                1.6945773017955572e-06,
                1.786071335693881e-07,
                3.40364949644104e-05,
                0.03732554915920985
            ],
            [
                0.9770091151606086,
                1.2708250524094321e-05,
                2.0540973857125468e-07,
                9.205825802957914e-07,
                0.022977050596548452
            ]
        ],
        [
            [
                0.9999962655692312,
                7.194105831786859e-09,
                1.9171642655933064e-10,
                4.058636782110256e-10,
                3.7266390828869025e-06
            ],
            [
                8.898165053879366e-06,
                0.0010284880413574708,
                0.6840903448806263,
                0.11887708766900963,
                0.1959951812439528
            ],
            [
                1.955542280440027e-08,
                1.0129959804491094e-05,
                0.9999867192207311,
                1.370940979316304e-06,
                1.7603230622209178e-06
            ],
            [
                0.18140331170191723,
                7.813815103016848e-05,
                4.7393184293053466e-05,
                0.005477904685908607,
                0.8129932522768509
            ],
            [
                0.9999998097190488,
                1.8553915873386693e-07,
                3.1608818371557175e-10,
                6.224145376768427e-11,
                4.363462781440815e-09
            ]
        ],
        [
            [
                0.8807951303767985,
                1.7569518547152498e-06,
                5.3055348811390025e-08,
                3.920289487156945e-07,
                0.11920266758704935
            ],
            [
                3.166631218470232e-05,
                0.09439594766479488,
                0.895603915033656,
                0.002219979873207502,
                0.007748491116156836
            ],
            [
                0.00043040355431601,
                0.9992129280821574,
                0.0003351984653029028,
                4.781349315018176e-06,
                1.6688548908838694e-05
            ],
            [
                0.9997356267895056,
                1.3705971684779938e-06,
                5.3143768782263906e-08,
                1.7598816003659945e-06,
                0.0002611895879568155
            ],
            [
                0.010979175613837449,
                3.6831030925756027e-06,
                1.3549379074735237e-06,
                0.0007018752127005726,
                0.9883139111324619
            ]
        ],
        [
            [
                0.008800658110382551,
                7.0821834692931765e-06,
                4.867508768875852e-06,
                0.3742135516261021,
                0.6169738405712772
            ],
            [
                0.0024638805995889647,
                0.9940001586808047,
                0.0014944191255218536,
                0.00012266939186198942,
                0.0019188722022223496
            ],
            [
                5.770577983313887e-06,
                0.060040344571358845,
                0.9391890627550378,
                0.0002453712196162467,
                0.0005194508760038664
            ],
            [
                0.00015842415160334357,
                8.313336504132463e-07,
                1.8549561055348645e-07,
                7.483427036379129e-05,
                0.9997657247487719
            ],
            [
                0.9524999719849472,
                5.852363339028307e-06,
                6.989651249554811e-07,
                7.129638103355477e-05,
                0.04742218030555529
            ]
        ],
        [
            [
                5.041302932805746e-07,
                9.23346840459866e-09,
                5.600381682876981e-09,
                0.00043055689630987215,
                0.9995689241395467
            ],
            [
                0.006416992814627017,
                0.9523660855579015,
                0.010579832547405448,
                0.008239581872683697,
                0.022397507207382282
            ],
            [
                1.4448825223515432e-07,
                2.7534587064562664e-05,
                0.9999321810212789,
                4.78479377548867e-06,
                3.535510962889997e-05
            ],
            [
                0.9932493693812124,
                3.5118804230733324e-05,
                1.7484623072331492e-06,
                2.13006314983855e-05,
                0.006692462720751235
            ],
            [
                0.9999991390334388,
                2.8453349416259415e-08,
                3.160881601666246e-10,
                6.691586403238139e-10,
                8.31527964860159e-07
            ]
        ],
        [
            [
                7.928583734608045e-08,
                6.996950587674203e-08,
                4.5625805663931185e-07,
                0.904649997660092,
                0.09534939682650807
            ],
            [
                1.3501921502956993e-06,
                0.00020038628242088566,
                0.9848520314261525,
                0.0008980690117713599,
                0.014048163087505111
            ],
            [
                3.708089415989047e-05,
                0.18224395969539825,
                0.8167607842840306,
                0.00021338581276119094,
                0.0007447893136499895
            ],
            [
                0.9238214447463602,
                0.00014638990413963702,
                5.385383612803067e-05,
                0.016920380400247712,
                0.05905793111312437
            ],
            [
                0.036931208080079755,
                9.648594142409323e-06,
                9.648594142409323e-06,
                0.010580968394286797,
                0.9524685263373486
            ]
        ],
        [
            [
                0.06007181214305191,
                1.2882642299237106e-06,
                2.5367426761991884e-07,
                0.00024549970708529205,
                0.9396811462113652
            ],
            [
                0.18239162177690016,
                0.8174224875263022,
                0.00010087795475193265,
                6.448911890198078e-06,
                7.856383015544691e-05
            ],
            [
                9.013437145789617e-05,
                0.7303662982790995,
                0.26868674495642453,
                0.00019081446587373917,
                0.0006660079271442483
            ],
            [
                2.9022100090705635e-06,
                6.023344710868367e-08,
                2.845226577043714e-08,
                3.535615590819531e-05,
                0.9999616529483699
            ],
            [
                0.6784766852539597,
                1.133171489799051e-05,
                2.231346963499634e-06,
                0.0010200484678324908,
                0.32048970321634646
            ]
        ],
        [
            [
                1.2751906440748596e-07,
                9.736200714520274e-10,
                1.1628233509757126e-10,
                2.2159490687200137e-08,
                0.9999998492315425
            ],
            [
                3.2384639356876626e-06,
                0.0005446258926547298,
                0.9847067348557264,
                0.0006993134887549227,
                0.014046087298928384
            ],
            [
                2.2447770538700274e-13,
                2.461696950553218e-10,
                0.9999999997045219,
                4.847368703784903e-11,
                6.101936674476726e-13
            ],
            [
                0.0014998045585589927,
                6.129358433197099e-06,
                1.756090592786428e-06,
                0.0009096774483428007,
                0.9975826325440722
            ],
            [
                0.999738631773137,
                8.761959843747843e-08,
                2.6458826093261156e-09,
                8.761959843747843e-08,
                0.0002611903417835903
            ]
        ],
        [
            [
                2.7535477172574982e-05,
                6.023355430671424e-08,
                1.0467022259914276e-08,
                7.889046293776997e-06,
                0.9999645047759572
            ],
            [
                2.6154287655504055e-05,
                0.047288061837857456,
                0.9498061270181256,
                0.002354333945957125,
                0.0005253229104042981
            ],
            [
                1.0603575986828504e-13,
                3.581747928697157e-10,
                0.9999999996121205,
                2.9400777379825846e-11,
                1.9810087971717744e-13
            ],
            [
                0.9395201140349241,
                1.2220612492763368e-05,
                1.4595440240480846e-06,
                0.0004046912988817033,
                0.060061514509677345
            ],
            [
                0.010986874739879204,
                2.3561801429634905e-07,
                1.706809543110831e-08,
                6.076668679316896e-06,
                0.9890067959053317
            ]
        ],
        [
            [
                0.9984985016363268,
                2.0992764725026744e-07,
                7.183329070499345e-09,
                9.916279905664059e-08,
                0.0015011820898978064
            ],
            [
                4.448824537171689e-07,
                0.0003353097794582398,
                0.9995440483693232,
                4.537924397498702e-05,
                7.481772478985174e-05
            ],
            [
                1.238284996518298e-05,
                0.9519928870304608,
                0.04739693930819349,
                7.125838154621944e-05,
                0.0005265324298341877
            ],
            [
                0.9999951434544864,
                6.825565028424392e-08,
                8.59211834627893e-10,
                2.33557991686596e-09,
                4.785095071588338e-06
            ],
            [
                0.9999990549559916,
                1.1253496927468199e-07,
                5.211402973917131e-10,
                4.599046982602017e-10,
                8.315279940685754e-07
            ]
        ],
        [
            [
                0.0015011819459834015,
                1.5207106370071334e-08,
                1.8162298525253592e-09,
                2.695524100696954e-07,
                0.9984985314782702
            ],
            [
                0.0018318652387804553,
                0.271872874727829,
                0.02231668720826552,
                0.12842367395282678,
                0.5755548988722983
            ],
            [
                1.6347979964983025e-07,
                0.00020314787338537947,
                0.9984245060350606,
                0.0011690347383690426,
                0.00020314787338537947
            ],
            [
                0.970983600234736,
                0.00032572874922447837,
                0.00011982891023817396,
                0.010786654985534914,
                0.017784187120266484
            ],
            [
                1.522989417619781e-08,
                5.602764958639854e-09,
                3.398248726578656e-09,
                6.144171972983715e-06,
                0.9999938315971192
            ]
        ],
        [
            [
                1.286380479238193e-05,
                5.362431646502407e-06,
                2.723267495917475e-05,
                0.9889680958072044,
                0.010986445281397637
            ],
            [
                0.14737962539436994,
                0.8481112185822138,
                0.001637239921482524,
                0.00017256381814598567,
                0.0026993522837876448
            ],
            [
                4.420228101892451e-14,
                2.789468091765361e-10,
                0.9999999997070008,
                1.38879438594697e-11,
                1.2015425727018267e-13
            ],
            [
                0.9398702276038216,
                2.7278041984461786e-06,
                4.7402129252467305e-07,
                4.267003692843655e-05,
                0.06008390053375909
            ],
            [
                0.006691785127430737,
                1.3615659527991353e-06,
                5.675851330093403e-07,
                0.00015737562649086663,
                0.9931489100949926
            ]
        ],
        [
            [
                0.1192023500715958,
                5.033736747048467e-07,
                5.305524557614792e-08,
                4.214696176525602e-06,
                0.8807928788033074
            ],
            [
                0.00015328176948651838,
                0.02921034876235807,
                0.5867055078559977,
                0.21583691045723127,
                0.16809395115492645
            ],
            [
                5.55507014232915e-06,
                0.0952929679902555,
                0.904114529305446,
                8.689591732729969e-05,
                0.0005000517168288343
            ],
            [
                0.13818090861959428,
                0.0009310557495547863,
                0.00043979959482689596,
                0.06527203438044932,
                0.7951762016555748
            ],
            [
                3.850742387467487e-09,
                1.4166089575967248e-09,
                3.5817483625213917e-10,
                1.8553915865209149e-07,
                0.9999998088353151
            ]
        ],
        [
            [
                0.9399115098891481,
                2.875210961851253e-07,
                1.838060873092311e-08,
                1.6545696695150231e-06,
                0.06008652963947756
            ],
            [
                0.07778701982517215,
                0.7380227018701615,
                0.07778701698323935,
                0.028616244338187588,
                0.07778701698323935
            ],
            [
                5.4028171051158845e-05,
                0.4377948578288069,
                0.5621397249454753,
                5.694527333287909e-06,
                5.694527333287909e-06
            ],
            [
                0.9974670128200014,
                4.528494872064281e-05,
                2.2546048379898567e-06,
                1.2974355034031896e-05,
                0.002472473271405861
            ],
            [
                0.7310345377796048,
                1.2209521900075056e-05,
                5.36448953297137e-07,
                2.013009846173279e-05,
                0.2689325861510803
            ]
        ],
        [
            [
                0.010986852549244933,
                2.669896491637264e-07,
                2.1915865884788156e-08,
                7.802581273813096e-06,
                0.9890050559639662
            ],
            [
                7.284272428539179e-06,
                5.3823897614369805e-05,
                0.0008419474169538208,
                0.07578967441836315,
                0.9233072699946402
            ],
            [
                0.0002740724893147822,
                0.18229700306782992,
                0.8169984853176842,
                7.85230828760983e-05,
                0.0003519160422950598
            ],
            [
                0.001926546007121163,
                1.7567825544363339e-06,
                3.4593099576356175e-07,
                9.591707748272534e-05,
                0.9979754342018459
