{
    "[['A', 'B', 'C', 'D', 'E'], ['A', 'B', 'C', 'D', 'E']]": [
        [
            [
                0.9999999998800386,
                9.05607697404942e-11,
                0.0,
                0.0,
                2.940077734212282e-11
            ],
            [
                0.32081144534651,
                0.6791578273832136,
                2.7210656865273873e-05,
                3.249849517906851e-06,
                2.6676389320526205e-07
            ],
            [
                8.258073266988433e-14,
                2.061153617804251e-09,
                0.9999999978833607,
                5.492788338604674e-11,
                4.752193052086302e-13
            ],
            [
                6.625502204646356e-08,
                1.4026188277303648e-07,
                3.617401634142097e-06,
                0.9706840599983895,
                0.02931211608307158
            ],
            [
                4.911346656435787e-09,
                2.8262848611917176e-08,
                1.7485621943521768e-06,
                0.9933053796400281,
                0.006692838623582239
            ]
        ],
        [
            [
                0.9999999997943949,
                1.9171715098768703e-10,
                0.0,
                0.0,
                1.3887943836846951e-11
            ],
            [
                0.679141108998463,
                0.3208035407314514,
                3.9590292258511695e-05,
                1.456445459187536e-05,
                1.1955232351319255e-06
            ],
            [
                4.568012252737394e-06,
                0.03701500465817314,
                0.9546295125098267,
                0.008259163840979473,
                9.17509787679306e-05
            ],
            [
                1.1165893981552837e-06,
                0.0005104429402588008,
                0.4359481900995466,
                0.559768558849921,
                0.0037716915208753847
            ],
            [
                9.1075326005203e-09,
                3.178841227208015e-08,
                6.384873284203779e-07,
                0.9859357012942823,
                0.014063619322444291
            ]
        ],
        [
            [
                0.9999999998247444,
                1.4930946724482293e-10,
                0.0,
                0.0,
                2.594609491761795e-11
            ],
            [
                0.9999996940135989,
                3.059023586224363e-07,
                6.224145398541627e-11,
                9.545036112313654e-12,
                1.2256068971413081e-11
            ],
            [
                6.431393936842229e-14,
                5.211412484153203e-10,
                0.9999999994524289,
                2.594609496416752e-11,
                4.193795655373596e-13
            ],
            [
                3.22116278604583e-08,
                4.780634009772884e-06,
                2.1425315190885574e-05,
                0.9990627346894743,
                0.0009110271496971356
            ],
            [
                1.0208310822027292e-10,
                1.4092138405710732e-09,
                4.666675323695567e-08,
                0.9947798263808417,
                0.005220125441108093
            ]
        ],
        [
            [
                0.9999999999116569,
                7.991959877710829e-11,
                0.0,
                0.0,
                8.423463738402535e-12
            ],
            [
                0.7309953095019384,
                0.2689181269190722,
                4.828701630402874e-05,
                3.318714861056383e-05,
                5.089414074850729e-06
            ],
            [
                3.2027608918532727e-07,
                0.07584356409364332,
                0.9239636969570036,
                0.00018799739823077455,
                4.4212750331822915e-06
            ],
            [
                4.959629341343091e-07,
                0.219420670903688,
                0.014027092475585937,
                0.7658533728457075,
                0.0006983678120843469
            ],
            [
                2.097247919949678e-10,
                1.7560041840926789e-09,
                8.917725077864137e-09,
                0.8519527871618982,
                0.14804720195464782
            ]
        ],
        [
            [
                0.9999999995739279,
                4.058652115267055e-10,
                0.0,
                0.0,
                2.020683903441765e-11
            ],
            [
                0.9996642711842076,
                0.0003353500436999437,
                1.636827612453119e-07,
                8.761306860809845e-08,
                1.274762626331387e-07
            ],
            [
                8.59210122384083e-10,
                7.889264781224709e-06,
                0.9999920769652332,
                3.2241621978389606e-08,
                6.691535161356014e-10
            ],
            [
                1.7128133310981277e-08,
                0.0007048376780007425,
                0.006687313696383377,
                0.9924853491330881,
                0.0001224823643944876
            ],
            [
                2.568990954286058e-09,
                3.1296716785691755e-08,
                1.3307715298991642e-06,
                0.9706864417463971,
                0.029312193616365365
            ]
        ],
        [
            [
                0.9999999999509475,
                3.331544534221859e-11,
                0.0,
                0.0,
                1.573710206933549e-11
            ],
            [
                0.005218956112869679,
                0.9945570095713482,
                0.00020236088898504493,
                2.1328680780673252e-05,
                3.447460163711296e-07
            ],
            [
                1.343761569959612e-08,
                0.00020342606808341853,
                0.9997925287771736,
                3.7258784035709475e-06,
                3.0583872362993546e-07
            ],
            [
                1.8178450628833134e-09,
                2.2589439896777605e-06,
                0.00055274510614143,
                0.9993867351986762,
                5.82589333476897e-05
            ],
            [
                4.590195467715858e-10,
                4.355056203493823e-09,
                6.812454102620396e-08,
                0.7772998046415527,
                0.22270012241983056
            ]
        ],
        [
            [
                0.9999999999635858,
                3.3315445378801567e-11,
                0.0,
                0.0,
                3.098819134734987e-12
            ],
            [
                3.2569875114527307e-07,
                0.9396078351444298,
                0.060067117616128235,
                0.0003152032279600893,
                9.518312730663278e-06
            ],
            [
                7.193227760760154e-09,
                0.00012339415720752887,
                0.9998736284496906,
                2.901952429323099e-06,
                6.82474448048531e-08
            ],
            [
                3.037045005220061e-07,
                0.22152695601956798,
                0.7732050504344206,
                0.005209814008132427,
                5.787583337857075e-05
            ],
            [
                8.271443074218147e-10,
                1.293871391610122e-08,
                9.56048829740866e-08,
                0.9626730067070527,
                0.03732688392220613
            ]
        ],
        [
            [
                0.9999999998865652,
                1.0261879609386524e-10,
                0.0,
                0.0,
                1.0815941533765472e-11
            ],
            [
                0.9995694414398242,
                0.000430557116515589,
                1.1027805819336768e-09,
                1.9163453048319174e-10,
                1.4924512240383073e-10
            ],
            [
                5.211402853256132e-10,
                1.760343057704585e-06,
                0.9999981964863508,
                4.1399300650486405e-08,
                1.2501505551585777e-09
            ],
            [
                4.6738286151881666e-08,
                0.0031710178635097085,
                0.0004291505994194384,
                0.9963040284024686,
                9.575639631603517e-05
            ],
            [
                2.3764313269721522e-07,
                2.8950860288864786e-06,
                1.6660069809096932e-05,
                0.9975076324223741,
                0.0024725747786552574
            ]
        ],
        [
            [
                0.999999999615879,
                3.5817479215248236e-10,
                0.0,
                0.0,
                2.594609491931934e-11
            ],
            [
                1.804964044657986e-06,
                0.6219036971214311,
                0.29376651553575583,
                0.08416550469336782,
                0.00016247768540069885
            ],
            [
                2.860324383095846e-07,
                0.7282135927980302,
                0.26789481792141784,
                0.0038213134180934962,
                6.998983002021866e-05
            ],
            [
                5.059111917884747e-06,
                0.14308449421246913,
                0.031926469805822255,
                0.8233944519137961,
                0.0015895249559946898
            ],
            [
                7.1459805988310254e-09,
                3.6290283912422994e-08,
                1.0605565441322153e-06,
                0.99330605123261,
                0.006692844774581512
            ]
        ],
        [
            [
                0.9999999993652282,
                5.905303984453997e-10,
                1.4637785105341867e-12,
                0.0,
                4.277787858472447e-11
            ],
            [
                7.91576268804624e-06,
                0.7814109288992229,
                0.08236011235682902,
                0.13578885677630895,
                0.00043218620495110636
            ],
            [
                7.709133920820665e-08,
                0.0031723731036872645,
                0.9967299978028176,
                9.579741136289292e-05,
                1.754590792998267e-06
            ],
            [
                2.3281786336672238e-09,
                4.1267953712276614e-08,
                1.7547580437745092e-06,
                0.9968255246690323,
                0.0031726769767916364
            ],
            [
                9.921595615683933e-08,
                1.0120302662049164e-05,
                4.535604982901896e-05,
                0.9990334238122384,
                0.0009110006193144607
            ]
        ],
        [
            [
                0.9999999998915918,
                1.0261879614116763e-10,
                0.0,
                0.0,
                5.789356318809801e-12
            ],
            [
                8.111826877278991e-07,
                0.9755317570121538,
                0.017867487724577944,
                0.0065730813992553394,
                2.686268132517615e-05
            ],
            [
                3.850455788870229e-09,
                7.484619655571335e-05,
                0.9999249087352134,
                2.3821903708931245e-07,
                2.998737983553958e-09
            ],
            [
                2.3126774505302014e-07,
                0.017779845752299742,
                0.010784021532204738,
                0.9707465020159894,
                0.0006893994317609305
            ],
            [
                9.961077589051976e-11,
                1.3750843455123836e-09,
                8.96667629228377e-09,
                0.9706877619819646,
                0.029312227576664074
            ]
        ],
        [
            [
                0.9999999997380931,
                2.4616969460967133e-10,
                0.0,
                0.0,
                1.5737102070304658e-11
            ],
            [
                0.999999972117979,
                2.510999082593118e-08,
                7.052879645646439e-11,
                5.4927881909378186e-11,
                2.646573561808674e-09
            ],
            [
                9.388110416990477e-07,
                0.8792798545630808,
                0.11899758499683066,
                0.0016974093731635031,
                2.4212255883432547e-05
            ],
            [
                2.455609914647132e-10,
                2.3298178187314895e-09,
                1.1225690903316531e-07,
                0.9975272621975712,
                0.0024726229701409015
            ],
            [
                1.3031750509620446e-10,
                9.629233558285355e-10,
                1.798977666843731e-09,
                0.01098694235316746,
                0.989013054754614
            ]
        ],
        [
            [
                0.9999999999514328,
                4.277787861894414e-11,
                0.0,
                0.0,
                5.789356319156243e-12
            ],
            [
                0.43781804376739647,
                0.5621694904243447,
                1.0639345391040947e-05,
                1.6315964596948268e-06,
                1.9486640819482434e-07
            ],
            [
                6.395446854662558e-07,
                0.3206165380032951,
                0.6787451966248558,
                0.0006189355917848427,
                1.8690235378846502e-05
            ],
            [
                4.569372956967046e-09,
                5.566635845245282e-08,
                9.867088718676797e-07,
                0.9241408540602793,
                0.07585809899511722
            ],
            [
                1.3143933324467755e-10,
                2.0560571050496274e-09,
                1.8508036238662308e-07,
                0.9975271896469965,
                0.00247262308514463
            ]
        ],
        [
            [
                0.9999999995222622,
                4.599055366975814e-10,
                0.0,
                0.0,
                1.7832472862871676e-11
            ],
            [
                0.00033260265046185494,
                0.9914750063972236,
                0.006680506002114407,
                0.0014906223741243344,
                2.1262576075708533e-05
            ],
            [
                2.461692522019399e-10,
                2.2603231839305065e-06,
                0.9999976499693639,
                8.76423244827751e-08,
                1.8189584143519416e-09
            ],
            [
                1.0821633273448208e-06,
                0.4225072759859706,
                0.5425100811014885,
                0.034681506851213476,
                0.0003000538980000545
            ],
            [
                8.575614755902934e-10,
                9.21965473194234e-09,
                1.8518153893450804e-07,
                0.9980730703311685,
                0.0019267344100762785
            ]
        ],
        [
            [
                0.9999999999000071,
                6.224144610963932e-11,
                0.0,
                0.0,
                3.775134537034786e-11
            ],
            [
                1.268196566566606e-07,
                0.9945151996437811,
                0.0052187373881694915,
                0.00025982563513872215,
                6.110513254068618e-06
            ],
            [
                3.457914891365035e-07,
                0.1191430854334728,
                0.8803549546744525,
                0.00048691067232103187,
                1.4703428264497085e-05
            ],
            [
                1.2874290771372247e-06,
                0.20953530087333244,
                0.34546530854845203,
                0.44358626506080806,
                0.0014118380883303317
            ],
            [
                1.2158854753999704e-08,
                1.1536000197860122e-07,
                1.2402369024177361e-06,
                0.9046492958589276,
                0.09534933638531332
            ]
        ],
        [
            [
                0.9999999997853857,
                1.9171715106309773e-10,
                0.0,
                0.0,
                2.2897348419104845e-11
            ],
            [
                1.6086726510943562e-06,
                0.9138383285382509,
                0.027595525577546177,
                0.058419729114298845,
                0.00014480809725311917
            ],
            [
                5.336577979013004e-07,
                0.4998180801100731,
                0.4998180804004613,
                0.000354958019182929,
                8.347812484696531e-06
            ],
            [
                4.3861592279073207e-07,
                0.869670110056901,
                0.012405179138504247,
                0.11769706351556265,
                0.00022720867310933851
            ],
            [
                4.4933841957150164e-10,
                4.26320422602124e-09,
                1.812758835994265e-07,
                0.977022450583693,
                0.022977363427880735
            ]
        ],
        [
            [
                0.9999999998328581,
                1.493094671469873e-10,
                0.0,
                0.0,
                1.7832472851686947e-11
            ],
            [
                1.3005028173481185e-05,
                0.9998259467289874,
                0.0001233882718543897,
                2.753164485930797e-05,
                1.0128326125372828e-05
            ],
            [
                3.0636816380217506e-06,
                0.9315613867240676,
                0.021908223386859115,
                0.046379709759410456,
                0.00014761644802478144
            ],
            [
                1.1033476534364678e-07,
                0.005144915700673577,
                0.01398533085809462,
                0.9804473227082566,
                0.00042232039820986586
            ],
            [
                1.0173848942290024e-10,
                1.2394285329655763e-09,
                1.3325112501112185e-08,
                0.9914224998002918,
                0.008577485533428632
            ]
        ],
        [
            [
                0.9999999995513571,
                4.058652113913286e-10,
                0.0,
                0.0,
                4.277787855728319e-11
            ],
            [
                5.659711193462718e-07,
                0.8739582092426674,
                0.09211451214106732,
                0.03388703500644782,
                3.967763869808688e-05
            ],
            [
                2.3708040535555493e-07,
                0.00279515709821025,
                0.11885310469466638,
                0.8782123383828125,
                0.00013916274390546543
            ],
            [
                1.5704158622289697e-06,
                0.3718850173059429,
                0.014419546887604988,
                0.6131347588827306,
                0.0005591065078592561
            ],
            [
                2.1637693421457804e-09,
                2.6360106943046296e-08,
                6.798361183147249e-07,
                0.8175738904874217,
                0.1824254011525837
            ]
        ],
        [
            [
                0.9999999997987379,
                1.9171715098851964e-10,
                0.0,
                0.0,
                9.545034903557521e-12
            ],
            [
                2.6637268791329264e-05,
                0.6648461340953004,
                0.02007661212569606,
                0.31405106084971507,
                0.0009995556604971158
            ],
            [
                3.651106627455187e-08,
                0.0005527247407431387,
                0.9993498195226947,
                9.604915784156011e-05,
                1.3700676542144035e-06
            ],
            [
                2.1997906841265665e-08,
                0.0031595755563387645,
                0.004056975320284285,
                0.9927091210305232,
                7.430609494683366e-05
            ],
            [
                8.564906682746094e-10,
                1.043419239365431e-08,
                5.027470645575321e-07,
                0.9968268045232259,
                0.003172681439026372
            ]
        ],
        [
            [
                0.9999999999407103,
                4.847368699116031e-11,
                0.0,
                0.0,
                1.0815941541322461e-11
            ],
            [
                2.8544505289007764e-06,
                0.9835064125257857,
                0.01402896451561692,
                0.002437868486405116,
                2.3900021663416854e-05
            ],
            [
                2.0905755265844393e-07,
                0.0024647724836220253,
                0.9943601149246264,
                0.0031648305772136965,
                1.0072956985217306e-05
            ],
            [
                7.191732039617705e-09,
                6.14216762380029e-06,
                0.00012336873459624858,
                0.9996670812491798,
                0.0002034006568681938
            ],
            [
                8.437622777989345e-10,
                1.0279128853554927e-08,
                1.1051104984594694e-07,
                0.9820136669087567,
                0.01798621145730229
            ]
        ],
        [
            [
                0.9999999995171973,
                4.5990553642601417e-10,
                0.0,
                0.0,
                2.289734838480111e-11
            ],
            [
                8.280258985972894e-06,
                0.18238480062045817,
                0.8173919295334485,
                0.0002135506938506333,
                1.4388932567834938e-06
            ],
            [
                0.0,
                2.2897348451818927e-11,
                0.9999999999468143,
                2.940077738689121e-11,
                8.878265476661853e-13
            ],
            [
                4.976914151822596e-07,
                0.24950277560444648,
                0.07148375031921107,
                0.6782188636500905,
                0.0007941127348366932
            ],
            [
                8.497769070509565e-10,
                2.191603528662514e-08,
                1.8350054180125492e-07,
                0.9890128510406007,
                0.010986942693045364
            ]
        ],
        [
            [
                0.9999999998878362,
                1.0261879609399568e-10,
                0.0,
                0.0,
                9.545034902096237e-12
            ],
            [
                7.888490028992002e-06,
                0.999894357390518,
                9.610148213726464e-05,
                1.5533357864403964e-06,
                9.93015292642465e-08
            ],
            [
                1.2701870679830098e-06,
                0.4376453915875116,
                0.5619478067696576,
                0.00039908091357593176,
                6.450542186824867e-06
            ],
            [
                7.72890742298338e-08,
                0.000261072285309691,
                2.1430118180384102e-05,
                0.9992869848774553,
                0.0004304354299803802
            ],
            [
                2.0473577187775735e-09,
                1.3350449358760242e-08,
                5.009719162437508e-07,
                0.9933066356715609,
                0.00669284795871584
            ]
        ],
        [
            [
                0.9999999993666919,
                5.905303984462641e-10,
                0.0,
                0.0,
                4.2777878584787085e-11
            ],
            [
                0.0007095986036301876,
                0.9991894009937132,
                9.603377379905717e-05,
                4.78124006175764e-06,
                1.8538879584794612e-07
            ],
            [
                1.1298312713139075e-06,
                0.4998523678904328,
                0.4998523681467171,
                0.0002764605969103407,
                1.7673534668407786e-05
            ],
            [
                7.58545742480724e-07,
                0.7104459529925168,
                0.027546976507307346,
                0.2613584690073753,
                0.000647842947058084
            ],
            [
                8.497768699112141e-10,
                4.890128249598846e-09,
                1.2611794952031592e-07,
                0.9890129259280305,
                0.010986942214114842
            ]
        ],
        [
            [
                0.9999999998489075,
                1.0261879615614328e-10,
                0.0,
                0.0,
                4.8473686986710294e-11
            ],
            [
                0.8175667398499683,
                0.18242379419979932,
                8.282028363456337e-06,
                9.891472307167525e-07,
                1.9477463822402513e-07
            ],
            [
                1.9537524495935038e-08,
                0.0009110357659881203,
                0.9990720484381966,
                1.668620990702489e-05,
                2.100483837967407e-07
            ],
            [
                1.951216374400107e-08,
                0.00020301558994675263,
                0.0019261582880772726,
                0.9977749088354364,
                9.589777437583095e-05
            ],
            [
                1.9134780973565818e-10,
                1.602135595494346e-09,
                4.934925055493009e-09,
                0.7772998508840566,
                0.22270014238753486
            ]
        ],
        [
            [
                0.9999999998169222,
                1.6918979195894997e-10,
                0.0,
                0.0,
                1.3887943840128131e-11
            ],
            [
                1.5243459651562443e-05,
                0.8054451022744854,
                0.17971909308228246,
                0.01475224473706611,
                6.831644651454669e-05
            ],
            [
                4.363121336952413e-09,
                7.484591035812485e-05,
                0.9999213240638806,
                3.7263584560549785e-06,
                9.930418390936502e-08
            ],
            [
                1.3429674243189436e-08,
                0.0002610496245640269,
                0.0003351943529570032,
                0.9992004369407737,
                0.00020330565203096043
            ],
            [
                4.5485276697969224e-10,
                3.360932611966777e-09,
                4.094454124761661e-08,
                0.9890130133740983,
                0.010986941865574999
            ]
        ],
        [
            [
                0.9999999998328581,
                1.4930946732317234e-10,
                0.0,
                0.0,
                1.7832472872729252e-11
            ],
            [
                0.0004294039698239992,
                0.9968925008962619,
                0.0024710492338366695,
                0.00020283616967886885,
                4.209730398522336e-06
            ],
            [
                1.6052067640030299e-09,
                1.3007125129828243e-05,
                0.9999869015672173,
                8.764131973525537e-08,
                2.0611262840189714e-09
            ],
            [
                3.634403666597454e-08,
                1.845700716726351e-07,
                2.2485237834784844e-06,
                0.9947774172762495,
                0.005220113285858785
            ],
            [
                1.1605831362764664e-10,
                1.413879704858235e-09,
                2.0571828318716485e-09,
                0.7772998533564752,
                0.22270014305640404
            ]
        ],
        [
            [
                0.9999999995712376,
                4.0586521152561364e-10,
                0.0,
                0.0,
                2.289734839315912e-11
            ],
            [
                2.5577675357487778e-05,
                0.4971861972290676,
                0.4971862003582842,
                0.005523239950698252,
                7.878478659228937e-05
            ],
            [
                4.64182875551098e-08,
                0.0019101540736487707,
                0.9894841602658719,
                0.008560716724141803,
                4.49225180498923e-05
            ],
            [
                5.021189151641986e-07,
                0.6842517760177661,
                0.19604141533428912,
                0.11890513007208543,
                0.0008011764569442444
            ],
            [
                3.4480502732507306e-10,
                2.887017147183757e-09,
                5.1173603379764345e-08,
                0.9626730637669882,
                0.03732688182758633
            ]
        ],
        [
            [
                0.999999999626088,
                3.581747919464563e-10,
                0.0,
                0.0,
                1.573710205932921e-11
            ],
            [
                1.0617699289970695e-06,
                0.8775920756437929,
                0.003586518593974487,
                0.11876918505216014,
                5.115894014342721e-05
            ],
            [
                6.008312709283013e-08,
                0.0024724721073571946,
                0.9974664258720429,
                5.8146970287734275e-05,
                2.89496718509958e-06
            ],
            [
                6.616990433600012e-08,
                0.029274451925678017,
                0.0011350936792686415,
                0.9694367700005652,
                0.00015361822458391042
            ],
            [
                2.5072137194289825e-08,
                6.466189406912336e-07,
                6.134949696064405e-06,
                0.9984920213795669,
                0.0015011719796590396
            ]
        ],
        [
            [
                0.9999999998388343,
                1.317651424400429e-10,
                0.0,
                0.0,
                2.9400777334627444e-11
            ],
            [
                4.432561750977361e-07,
                0.11894213271281756,
                0.8788700203938857,
                0.002178500598850248,
                8.903038271356517e-06
            ],
            [
                4.8473684578719146e-11,
                2.5109990270704555e-08,
                0.9999999489732896,
                2.5109990270704555e-08,
                7.582560039351525e-10
            ],
            [
                3.318680169066813e-07,
                0.9574055103700033,
                0.028911141240874516,
                0.01365665297908974,
                2.6363542015593908e-05
            ],
            [
                1.183822471611888e-08,
                6.463457855798163e-07,
                2.255968460783653e-06,
                0.9980703571312574,
                0.001926728716271688
            ]
        ],
        [
            [
                0.9999999999243623,
                7.052879843711871e-11,
                0.0,
                0.0,
                5.1090890227025735e-12
            ],
            [
                0.9999999995376523,
                4.5990553720482214e-10,
                7.835041773813521e-13,
                0.0,
                1.6586783565324226e-12
            ],
            [
                1.522850035939266e-08,
                9.610222447178176e-05,
                0.9999020809780321,
                1.7601736398292276e-06,
                4.139535580161911e-08
            ],
            [
                2.0889632088743138e-07,
                0.0040605887501158735,
                0.0019180863099911808,
                0.9935931331380451,
                0.00042798290552684294
            ],
            [
                1.5181545252679537e-08,
                3.0492919692045716e-07,
                7.864227639255292e-06,
                0.9968191582731111,
                0.0031726573885075913
            ]
        ],
        [
            [
                0.9999999997494406,
                2.172439930583107e-10,
                0.0,
                0.0,
                3.3315445352717104e-11
            ],
            [
                2.2566613393373296e-06,
                0.9983773096866786,
                0.001168979514709974,
                0.0004300435306123691,
                2.141060665975561e-05
            ],
            [
                5.005144058414682e-07,
                0.9923999794918315,
                0.006686738924837361,
                0.0009049517063221473,
                7.829362603311249e-06
            ],
            [
                5.267919929890492e-07,
                0.6335221391880789,
                0.06677274404722597,
                0.29925467886959556,
                0.00044991110310652955
            ],
            [
                4.126787569315322e-08,
                1.632176145583702e-07,
                3.7148157847641864e-06,
                0.9968234097191666,
                0.0031726709795583835
            ]
        ],
        [
            [
                0.999999999705316,
                2.7894680862973903e-10,
                0.0,
                0.0,
                1.573710206978884e-11
            ],
            [
                0.000900161238314153,
                0.9871466030267145,
                0.0051800702708392566,
                0.006651341887986158,
                0.00012182357614586591
            ],
            [
                1.6918979512332612e-10,
                6.475946109435281e-07,
                0.9999991083966591,
                2.3823674357954273e-07,
                5.602796532307501e-09
            ],
            [
                2.5702578546392003e-07,
                0.036916767764895914,
                0.010576831003064715,
                0.9520960359627401,
                0.00041010824351383205
            ],
            [
                3.380515623487378e-09,
                3.634396804384993e-08,
                2.887161743506641e-06,
                0.9947769622167231,
                0.005220110897049771
            ]
        ],
        [
            [
                0.9999999998022169,
                1.4930946735050978e-10,
                0.0,
                0.0,
                4.8473686975303965e-11
            ],
            [
                0.00521933168703426,
                0.9946285489111738,
                0.00012274685762361025,
                2.7388525999272675e-05,
                1.9840181689135918e-06
            ],
            [
                2.1297850767622262e-12,
                4.139937535689016e-08,
                0.9999999559225208,
                2.646573521859664e-09,
                2.9400776092542756e-11
            ],
            [
                9.197715665143687e-09,
                7.452986197663414e-05,
                0.004069192586149803,
                0.9956984886351151,
                0.00015777971904267483
            ],
            [
                6.259498274304592e-09,
                2.3488593986128e-07,
                1.735585386485049e-06,
                0.9859344224903926,
                0.014063600778782806
            ]
        ],
        [
            [
                0.9999999998698297,
                1.1628232993834704e-10,
                0.0,
                0.0,
                1.3887943821506822e-11
            ],
            [
                0.43782049909985804,
                0.5621726460563834,
                6.453120412133227e-06,
                2.835303232117531e-07,
                1.1819302317415168e-07
            ],
            [
                1.0465287521045144e-08,
                0.00015842931806962348,
                0.9997983221262396,
                3.5350359113081616e-05,
                7.887731290206406e-06
            ],
            [
                3.4186885021934203e-07,
                0.986256594553448,
                0.0051753999783168475,
                0.00853279202863197,
                3.4871570752966995e-05
            ],
            [
                6.859568972612525e-10,
                5.743446782042313e-09,
                4.808929113455471e-08,
                0.9046504806765945,
                0.09534946480471074
            ]
        ],
        [
            [
                0.9999999998795488,
                1.0261879615928766e-10,
                0.0,
                0.0,
                1.7832472880736806e-11
            ],
            [
                3.6625734903585796e-06,
                0.9828047124759596,
                0.014018954179857915,
                0.0031280514912651967,
                4.4619279426926036e-05
            ],
            [
                1.317651502042668e-10,
                8.315279734473808e-07,
                0.999999148468491,
                1.9555682201440758e-08,
                3.160881634308794e-10
            ],
            [
                3.384425279983805e-09,
                4.1230740533854873e-08,
                3.7114729842537607e-06,
                0.9959261215057262,
                0.0040701224061238115
            ],
            [
                1.2364180114916914e-09,
                1.1730807476348867e-08,
                3.88470620945069e-07,
                0.9890126619267207,
                0.010986936635432838
            ]
        ],
        [
            [
                0.9999999995739279,
                4.0586521196724796e-10,
                0.0,
                0.0,
                2.0206839056350963e-11
            ],
            [
                9.509189141211325e-05,
                0.9893901139163103,
                0.0019099726067994458,
                0.008559903356538178,
                4.491822893996283e-05
            ],
            [
                2.6465083299267015e-09,
                2.1444899563863605e-05,
                0.9999762045378234,
                2.260275784838287e-06,
                8.764031945796671e-08
            ],
            [
                1.8127398383711343e-07,
                1.0431597524792723e-06,
                9.897224166644482e-06,
                0.9770117666382713,
                0.022977111703825708
            ],
            [
                2.5989658965910895e-09,
                3.5877617526550077e-08,
                1.3462989492399583e-06,
                0.9820124290090751,
                0.01798618621539212
            ]
        ],
        [
            [
                0.9999999998666615,
                9.05607696449777e-11,
                0.0,
                0.0,
                4.277787857077124e-11
            ],
            [
                0.09532096481071561,
                0.9043800428344799,
                0.00018401270019313885,
                0.00011160934444364754,
                3.3703101676784377e-06
            ],
            [
                6.334829292375489e-07,
                0.9782085094939664,
                0.010866916296669053,
                0.010866916410417487,
                5.702431601781561e-05
            ],
            [
                1.6596741594443223e-06,
                0.9428111619827939,
                0.028470430279975593,
                0.028470430577987028,
                0.00024631748508404527
            ],
            [
                1.8609742846344055e-10,
                1.765643241086752e-09,
