{
    "[['A', 'B', 'C', 'D', 'E'], ['A', 'B', 'C', 'D', 'E']]": [
        [
            [
                0.9999999992873723,
                4.277787862676869e-11,
                0.0,
                6.914400096769923e-13,
                6.691586081450236e-10
            ],
            [
                1.3007124727294625e-05,
                0.9999868703460212,
                1.1253367860952669e-07,
                9.237326853805268e-09,
                7.582459620831087e-10
            ],
            [
                2.735138272776658e-05,
                0.993279564290041,
                0.006692665918564109,
                3.901465209634246e-07,
                2.826214613921902e-08
            ],
            [
                0.00026119031894335904,
                0.9997386619845152,
                1.444602830414995e-07,
                2.6458823779524354e-09,
                5.903761587264352e-10
            ],
            [
                0.0019267342843169405,
                0.9980732397657583,
                2.506161819020952e-08,
                7.567952936735088e-10,
                1.3151130256638334e-10
            ]
        ],
        [
            [
                0.9999999998541849,
                5.4927883454342565e-11,
                0.0,
                3.266131339504881e-13,
                9.056076980571222e-11
            ],
            [
                0.00033535003570146543,
                0.9996645953573831,
                5.31400110348687e-08,
                1.2497332743035615e-09,
                2.1717107933696672e-10
            ],
            [
                9.606106759570657e-05,
                0.9994733044795565,
                0.00043051563144278507,
                1.1247594639925628e-07,
                6.345458682879826e-09
            ],
            [
                0.001169509781606665,
                0.9988302493706752,
                2.3795836055923701e-07,
                2.6434760826819304e-09,
                2.4588157757126536e-10
            ],
            [
                0.9999996286700868,
                1.8553899246310793e-07,
                1.493094942928868e-10,
                1.0261881464920294e-10,
                1.8553899246310793e-07
            ]
        ],
        [
            [
                0.9999999995785775,
                6.2241446149369e-11,
                0.0,
                1.0060392779949435e-12,
                3.5817479256962546e-10
            ],
            [
                1.012998765920925e-05,
                0.9999894687859044,
                3.927822468309586e-07,
                7.194050934076614e-09,
                1.2501386001978516e-09
            ],
            [
                2.7535689106939053e-05,
                0.9999723188894385,
                1.444940352228011e-07,
                7.582343852946079e-10,
                1.691849598208321e-10
            ],
            [
                0.0007096703410402718,
                0.9992900888993393,
                2.3806776322123982e-07,
                2.3339364515849347e-09,
                3.5792074715097767e-10
            ],
            [
                0.9999996070061458,
                3.9278636949458177e-07,
                1.225606791047271e-11,
                3.511422246994679e-12,
                1.9171715867113592e-10
            ]
        ],
        [
            [
                0.9999999996755118,
                1.3176514251282776e-10,
                0.0,
                1.0060392778469503e-12,
                1.9171715110210816e-10
            ],
            [
                3.5356257158050074e-05,
                0.9999643955483565,
                2.3822858681697753e-07,
                4.3633046079396975e-09,
                5.602594017345312e-09
            ],
            [
                7.484183945598232e-05,
                0.9998667115706837,
                5.828688317482339e-05,
                1.444787385406912e-07,
                1.5227947007865196e-08
            ],
            [
                0.0052201259504199345,
                0.9947798040259435,
                6.78997318702486e-08,
                1.8094665637226932e-09,
                3.1443814031981857e-10
            ],
            [
                0.9999869928571113,
                1.3007124901891736e-05,
                8.423351792815107e-12,
                1.139976700682262e-12,
                8.423351792815107e-12
            ]
        ],
        [
            [
                0.9999999996378013,
                1.917171511197318e-10,
                0.0,
                1.2917800030604121e-12,
                1.6918979203550613e-10
            ],
            [
                9.61023936303475e-05,
                0.9999032437130945,
                6.475328347665302e-07,
                4.943969488308968e-09,
                1.4164709739309388e-09
            ],
            [
                7.681155432450277e-05,
                0.6224103323840583,
                0.3775109477149366,
                1.8064346134086935e-06,
                1.0191206715451697e-07
            ],
            [
                0.00015843624433847895,
                0.9998415482906792,
                1.5227569189774004e-08,
                2.1720960878840665e-10,
                2.0203640813101688e-11
            ],
            [
                0.9890130563205282,
                0.01098694236941042,
                8.497768794775222e-10,
                1.4766907939982267e-10,
                3.1261544354260297e-10
            ]
        ],
        [
            [
                0.9999999965453406,
                5.4927883287353126e-11,
                0.0,
                1.4637785082046472e-12,
                3.398267805748433e-09
            ],
            [
                5.829122367354577e-05,
                0.9999410367206386,
                6.47557001999328e-07,
                1.9554527077180772e-08,
                4.9441587223473575e-09
            ],
            [
                2.7526447136316112e-05,
                0.9996368841628257,
                0.00033534077599779445,
                2.3815043064821983e-07,
                1.0463609642647742e-08
            ],
            [
                0.00043055673210370206,
                0.9995687863872152,
                6.473161745093822e-07,
                8.148508080552331e-09,
                1.415998382395396e-09
            ],
            [
                0.9999785548395274,
                2.1444939746172244e-05,
                9.055887755717965e-11,
                1.3887653665295223e-11,
                1.1627990049013176e-10
            ]
        ],
        [
            [
                0.9999999992335467,
                3.5817479240506765e-10,
                0.0,
                2.4133627676337855e-12,
                4.0586521194133404e-10
            ],
            [
                0.0007096696509768366,
                0.9992894787910273,
                8.309381280448447e-07,
                1.3430851127089656e-08,
                7.189016560511898e-09
            ],
            [
                4.988061566912571e-07,
                0.010986936915929639,
                0.9890123231173383,
                2.3561934472224352e-07,
                5.5412305834053165e-09
            ],
            [
                0.010986942081826436,
                0.9890129112918783,
                1.4291035719774842e-07,
                2.966012667541943e-09,
                7.499254440130627e-10
            ],
            [
                0.9820137873306858,
                0.017986211556242113,
                9.561079225792955e-10,
                7.84821175092202e-11,
                7.84821175092202e-11
            ]
        ],
        [
            [
                0.999999999620979,
                6.224144615829205e-11,
                0.0,
                6.914400099076613e-13,
                3.1608814507188944e-10
            ],
            [
                4.539781210453812e-05,
                0.9999535226502078,
                1.0676542074933814e-06,
                9.237027594673826e-09,
                2.6464527146039954e-09
            ],
            [
                1.8270113005107756e-05,
                0.8519355185372584,
                0.1480441898212391,
                1.9256557433959906e-06,
                9.587275414942604e-08
            ],
            [
                0.01798621119957542,
                0.982013768860879,
                1.9203940631033304e-08,
                6.571227125629081e-10,
                7.848211607686651e-11
            ],
            [
                0.9770226305970316,
                0.022977367795147564,
                1.2214283980392714e-09,
                1.4587881910309448e-10,
                2.4051351199988806e-10
            ]
        ],
        [
            [
                0.9999999995827609,
                1.6918979202619386e-10,
                0.0,
                1.879528813924923e-12,
                2.461696948391511e-10
            ],
            [
                0.00012339439470956566,
                0.9998748378257056,
                1.7601265091966247e-06,
                7.1932278858682695e-09,
                4.5984767391600525e-10
            ],
            [
                6.144125006231107e-06,
                0.9999859493714184,
                7.889212671307468e-06,
                1.5229777757146522e-08,
                2.0611262863940886e-09
            ],
            [
                0.00033535004287819036,
                0.9996646167509035,
                3.223104663988242e-08,
                8.589282991588401e-10,
                1.1624330464660362e-10
            ],
            [
                0.9947798697756379,
                0.005220125685789109,
                3.380528410365166e-09,
                4.03746542359887e-10,
                7.542978455910964e-10
            ]
        ],
        [
            [
                0.9999999997745481,
                3.331544537250369e-11,
                0.0,
                4.1937956521911597e-13,
                1.9171715109293245e-10
            ],
            [
                3.535625744209934e-05,
                0.9999644035033629,
                2.3822858873088646e-07,
                1.8188959859511454e-09,
                1.917102264779384e-10
            ],
            [
                3.3679472203252114e-05,
                0.9525411109847453,
                0.0474242285324535,
                8.975275329815444e-07,
                8.348306503278529e-08
            ],
            [
                0.0003353500496419926,
                0.9996644024487176,
                2.3815701655282056e-07,
                6.346669515452139e-09,
                2.9979544004006136e-09
            ],
            [
                0.9995694416101185,
                0.00043055711880787714,
                5.90275910498456e-10,
                9.052174268385067e-11,
                5.90275910498456e-10
            ]
        ],
        [
            [
                0.9999999996121025,
                1.691897920092251e-10,
                0.0,
                1.4637785119431905e-12,
                2.172439931839576e-10
            ],
            [
                0.0002611903393599856,
                0.9997385015314737,
                3.0582244550413807e-07,
                2.0606154289375857e-09,
                2.461054171342155e-10
            ],
            [
                5.829110935939971e-05,
                0.9999394340093843,
                2.260191589043e-06,
                1.3439590455719731e-08,
                1.2500766414392788e-09
            ],
            [
                0.00522012595110933,
                0.9947798040622016,
                6.789973185810025e-08,
                1.809466563398951e-09,
                2.774906848370528e-10
            ],
            [
                0.7310585856621213,
                0.2689414081001536,
                5.259336159052771e-09,
                4.891944664214664e-10,
                4.891944664214664e-10
            ]
        ],
        [
            [
                0.9999999983382848,
                5.49278833930107e-11,
                4.193795649481901e-13,
                1.1399918506257251e-12,
                1.6052280517799267e-09
            ],
            [
                5.829122078071687e-05,
                0.9999406298123196,
                1.0676409502030879e-06,
                1.0466783577908103e-08,
                8.591659155892333e-10
            ],
            [
                1.888866890009338e-05,
                0.8807793507188361,
                0.11920052803891985,
                1.2075122038246234e-06,
                2.5061140164946342e-08
            ],
            [
                0.0024726229240662327,
                0.9975273612934065,
                1.519232028385656e-08,
                5.198526129017275e-10,
                7.035440060834847e-11
            ],
            [
                0.9999999316028977,
                6.825604226975841e-08,
                6.56020098571887e-12,
                2.7346986324037096e-12,
                1.317651591221885e-10
            ]
        ],
        [
            [
                0.9999999997165685,
                9.056076978288912e-11,
                3.70101167394031e-13,
                7.835041775215338e-13,
                1.9171715113483285e-10
            ],
            [
                0.0002611900673136391,
                0.9997382952323663,
                5.042154457872084e-07,
                8.149891401589592e-09,
                2.334982980445036e-09
            ],
            [
                2.1391911863109573e-05,
                0.9975057177505207,
                0.0024725700063791523,
                3.0513923457609105e-07,
                1.5192002421773133e-08
            ],
            [
                0.010986942405110358,
                0.9890129409000541,
                1.1129880756934422e-07,
                3.808435765355172e-09,
                1.587592224961823e-09
            ],
            [
                0.37754065087476835,
                0.6224593018447742,
                4.248659794578599e-08,
                2.396929836750363e-09,
                2.396929836750363e-09
            ]
        ],
        [
            [
                0.9999999997177222,
                9.056076970643881e-11,
                0.0,
                0.0,
                1.9171715097298757e-10
            ],
            [
                5.829122345412823e-05,
                0.999941271350335,
                3.927631741457637e-07,
                2.5108509683896297e-08,
                1.9554527003574387e-08
            ],
            [
                2.042788409885453e-05,
                0.9525524963572108,
                0.04742480120690789,
                2.153083143458906e-06,
                1.2146863898460912e-07
            ],
            [
                0.00020342686146455598,
                0.9997964270845133,
                1.4446854701474893e-07,
                1.416319798459006e-09,
                1.691552775448812e-10
            ],
            [
                0.9999999984324033,
                1.4930946731699113e-10,
                5.384940206836057e-13,
                1.1399918507330195e-12,
                1.4166087837710187e-09
            ]
        ],
        [
            [
                0.9999999993173645,
                9.056076974673689e-11,
                5.384940208835198e-13,
                1.0060392776170587e-12,
                5.905303989163346e-10
            ],
            [
                1.6701143349093627e-05,
                0.9999665524647361,
                1.6701143349093627e-05,
                4.139795594919653e-08,
                3.850609726980063e-09
            ],
            [
                2.1429728877709556e-05,
                0.9992687215644495,
                0.0007096551571375921,
                1.854034825354555e-07,
                8.146052737023904e-09
            ],
            [
                0.00020342705411672806,
                0.9997965397608141,
                3.223528981774773e-08,
                7.581013535285892e-10,
                1.9167803980519973e-10
            ],
            [
                0.9968273167642382,
                0.0031726830706835826,
                1.0229322656932769e-10,
                2.0142730605808485e-11,
                4.26421610271212e-11
            ]
        ],
        [
            [
                0.9999999997122273,
                7.052879837761054e-11,
                0.0,
                0.0,
                2.1724399309665868e-10
            ],
            [
                0.00012339450499735356,
                0.9998762081155081,
                3.9273766090039305e-07,
                4.3629213153798465e-09,
                2.789122283053889e-10
            ],
            [
                7.484597902963281e-05,
                0.9999222410550069,
                2.90209354626369e-06,
                1.0466583601223786e-08,
                4.0583348784194453e-10
            ],
            [
                0.0009110509313960612,
                0.9990885468918571,
                3.9242839029193643e-07,
                8.14459140335096e-09,
                1.6037651370875153e-09
            ],
            [
                0.9997388094309275,
                0.00026119032733726505,
                1.0259199616939521e-10,
                2.2891368535224255e-11,
                1.1625196175638796e-10
            ]
        ],
        [
            [
                0.9999999984646954,
                1.1628233005501267e-10,
                0.0,
                2.413362766702803e-12,
                1.4166087836317198e-09
            ],
            [
                7.48462006310474e-05,
                0.9999250819284785,
                6.825096563488912e-08,
                2.6463771262429076e-09,
                9.735477383311282e-10
            ],
            [
                1.7140022092570383e-05,
                0.37753393539619684,
                0.6224482443612548,
                6.645907788576309e-07,
                1.5629677035420914e-08
            ],
            [
                0.0015011819666564152,
                0.9984987760637851,
                4.133720135450124e-08,
                5.896435092640065e-10,
                4.2713632547908027e-11
            ],
            [
                0.8807970376526731,
                0.11920291869334614,
                2.5061619040789713e-08,
                3.3917213112533612e-09,
                1.520064033027688e-08
            ]
        ],
        [
            [
                0.9999999996207827,
                6.22414461519959e-11,
                0.0,
                8.878265467464513e-13,
                3.1608814503991493e-10
            ],
            [
                7.889250057707264e-06,
                0.9999906880067915,
                1.370946093394443e-06,
                1.9555495752807074e-08,
                3.2241561806739035e-08
            ],
            [
                2.0427865730674885e-05,
                0.952551791725019,
                0.04742475864937623,
                2.76461099458038e-06,
                2.571488795270784e-07
            ],
            [
                0.0009110510023719011,
                0.9990887450251121,
                1.8537006062157017e-07,
                8.144592049296937e-09,
                1.0457863199850166e-08
            ],
            [
                0.7772998477889546,
                0.22270014172874716,
                9.219653742621182e-09,
                8.575613835690912e-10,
                4.050833145203467e-10
            ]
        ],
        [
            [
                0.999999999276046,
                1.31765142517391e-10,
                0.0,
                1.6586783566035056e-12,
                5.905303990717287e-10
            ],
            [
                3.535618772695989e-05,
                0.9999626707852456,
                1.760280935589184e-06,
                6.825343374717528e-08,
                1.4449265817551346e-07
            ],
            [
                1.2997899305672968e-05,
                0.9992771875582868,
                0.000709660918014058,
                1.443936183911431e-07,
                9.230775195643292e-09
            ],
            [
                1.0129988157506917e-05,
                0.9999897561476718,
                1.125341106950198e-07,
                1.2501410461451515e-09,
                7.991884328677546e-11
            ],
            [
                0.9999991679803695,
                4.599055728849702e-10,
                5.7893567695641015e-12,
                2.5946096958443122e-11,
                8.315279894134754e-07
            ]
        ],
        [
            [
                0.9999999986444883,
                1.0261879611731841e-10,
                6.101936665730699e-13,
                2.1297851668111337e-12,
                1.2501528639538925e-09
            ],
            [
                7.484619501440168e-05,
                0.9999250070396107,
                1.4448714674645744e-07,
                2.061000423557603e-09,
                2.1722784646464526e-10
            ],
            [
                7.889257280985513e-06,
                0.9999916034367352,
                5.043433444828491e-07,
                2.6465535036273255e-09,
                3.1608574061489803e-10
            ],
            [
                0.0007096703620707642,
                0.999290240692141,
                8.75803221108179e-08,
                1.249266200414206e-09,
                1.1619985751967372e-10
            ],
            [
                0.9999546011334318,
                4.5397855667835414e-05,
                3.581584298219063e-10,
                6.223860273017216e-11,
                5.90503421527936e-10
            ]
        ],
        [
            [
                0.9999999994484494,
                1.9171715092136335e-10,
                0.0,
                1.6586783549823138e-12,
                3.5817479217926037e-10
            ],
            [
                1.012997880322551e-05,
                0.9999884756714884,
                1.3709435505154074e-06,
                1.955545948058571e-08,
                3.85069828570987e-09
            ],
            [
                5.8291166760533796e-05,
                0.9999399415749957,
                1.7602407128021465e-06,
                6.3484132109847586e-09,
                6.691178296360888e-10
            ],
            [
                0.00026119032115272996,
                0.9997387890776145,
                1.9550573487238025e-08,
                8.58992249608326e-10,
                1.9166707822136579e-10
            ],
            [
                0.999738809333066,
                0.00026119032932688625,
                1.0259199608267036e-10,
                1.782781572573825e-11,
                2.1718725741134065e-10
            ]
        ],
        [
            [
                0.9999999995495945,
                1.6918979205701983e-10,
                6.101936670230147e-13,
                1.6586783569094504e-12,
                2.7894680894974016e-10
            ],
            [
                2.1444940844202347e-05,
                0.99997789064323,
                6.475811011413168e-07,
                1.522963323367903e-08,
                1.6051915331913682e-09
            ],
            [
                1.3767981313846258e-05,
                0.49999101844661403,
                0.49999101681000857,
                3.944592689498415e-06,
                2.52169373971248e-07
            ],
            [
                0.014063626522084526,
                0.985936319355118,
                5.2410233275894396e-08,
                1.582651909485339e-09,
                1.2991197981221485e-10
            ],
            [
                0.9947798737675151,
                0.005220125704284526,
                4.575047718283665e-10,
                3.7554278565958594e-11,
                3.314153451325752e-11
            ]
        ],
        [
            [
                0.9999999997165823,
                9.056076977115044e-11,
                0.0,
                1.1399918514635587e-12,
                1.9171715110998206e-10
            ],
            [
                4.539781411354294e-05,
                0.9999532090894883,
                1.3708951993217985e-06,
                1.9554751138977472e-08,
                2.646447784014991e-09
            ],
            [
                4.732514540563263e-06,
                0.9890069598520171,
                0.010986875251424971,
                1.3558881170819735e-06,
                7.649390021450783e-08
            ],
            [
                0.014063626899672652,
                0.9859363460966685,
                2.475684189236645e-08,
                1.7933796116184039e-09,
                4.5343737612607047e-10
            ],
            [
                0.9999999990156017,
                9.73620029835133e-10,
                1.879528813709378e-12,
                4.752193055616537e-13,
                8.423463741786787e-12
            ]
        ],
        [
            [
                0.9999999973089899,
                4.2777878552280955e-11,
                0.0,
                1.6586783535863052e-12,
                2.6465736304079218e-09
            ],
            [
                2.144493895136405e-05,
                0.999978160072874,
                3.9277775782413375e-07,
                2.0611104765985392e-09,
                1.4930634214554845e-10
            ],
            [
                8.83419236317868e-06,
                0.320818215494154,
                0.6791722058340975,
                7.251546679747792e-07,
                1.9324717330772436e-08
            ],
            [
                0.0004305571391510217,
                0.999569373529318,
                6.822662227492136e-08,
                9.732004989504173e-10,
                1.317083651714675e-10
            ],
            [
                0.9399133402202464,
                0.060086654086465664,
                4.101275701377684e-09,
                5.550473086773864e-10,
                1.0369648906201617e-09
            ]
        ],
        [
            [
                0.9999999994701456,
                1.691897920071405e-10,
                6.101936668431218e-13,
                1.8795288137132598e-12,
                3.581747924898114e-10
            ],
            [
                7.484619692467895e-05,
                0.9999249134491458,
                2.3821903826364904e-07,
                1.8188265364364936e-09,
                3.160646596888842e-10
            ],
            [
                2.6507874522791726e-05,
                0.9626469799065318,
                0.037325875875121726,
                6.234054562099946e-07,
                1.2938367470490157e-08
            ],
            [
                0.00055277860022893,
                0.9994471320521743,
                8.75940292252153e-08,
                1.6043406080982717e-09,
                1.49226922182186e-10
            ],
            [
                0.4378234955387292,
                0.5621764962012227,
                7.555884365854121e-09,
                5.473464276413717e-10,
                1.5681737706354196e-10
            ]
        ],
        [
            [
                0.9999999993750113,
                2.1724399310053847e-10,
                0.0,
                1.8795288130147005e-12,
                4.0586521188651456e-10
            ],
            [
                0.005220125680196661,
                0.9947796330912052,
                2.369933383196717e-07,
                3.380528412666394e-09,
                8.547314374650321e-10
            ],
            [
                1.0364049286062742e-06,
                0.029312159198859752,
                0.9706854381621147,
                1.3307702703109e-06,
                3.5463826465843276e-08
            ],
            [
                0.029312227028671953,
                0.970687626695891,
                1.4026241354454806e-07,
                4.799515861347175e-09,
                1.2135076504414892e-09
            ],
            [
                0.9706877143480221,
                0.02931222624338539,
                2.4373951976287202e-08,
                3.737866597203402e-09,
                3.1296773842679174e-08
            ]
        ],
        [
            [
                0.9999999997049458,
                1.573710209583246e-11,
                0.0,
                3.701011675998562e-13,
                2.7894680909137323e-10
            ],
            [
                0.0024726228848028185,
                0.9975273443091933,
                3.216214173959403e-08,
                5.890701739906894e-10,
                5.479206134298063e-11
            ],
            [
                6.823820090354244e-08,
                0.0002611903019162317,
                0.9997387078102005,
                3.2233443726055136e-08,
                1.4162386774455227e-09
            ],
            [
                6.144171790569154e-06,
                0.9999932054414051,
                6.475909423008704e-07,
                2.646553642851789e-09,
                1.4930833951935665e-10
            ],
            [
                0.9999921106902475,
                7.88926504414211e-06,
                2.2897174946865876e-11,
                3.97893238439162e-12,
                1.7832337778742098e-11
            ]
        ],
        [
            [
                0.9999999918085695,
                3.7751345116191404e-11,
                0.0,
                1.6586783445644474e-12,
                8.152020643944297e-09
            ],
            [
                6.144166231843645e-06,
                0.9999927779267798,
                1.067695995322532e-06,
                9.237380321123062e-09,
                9.736127228293961e-10
            ],
            [
                1.0129978449674026e-05,
                0.9999890365927824,
                8.31519267101617e-07,
                1.8189410113827293e-09,
                9.055974049082351e-11
            ],
            [
                0.00015843608612863612,
                0.9998409079788506,
                6.47492071612543e-07,
                7.192994041853484e-09,
                1.249954939868436e-09
            ],
            [
                0.7310585839910125,
                0.2689414075921033,
                6.753121286418079e-09,
                6.281381270338363e-10,
                1.035624690978425e-09
            ]
        ],
        [
            [
                0.9999999995981597,
                4.277787864723847e-11,
                0.0,
                8.878265469649129e-13,
                3.5817479267287595e-10
            ],
            [
                1.6701415091033792e-05,
                0.9999824633932622,
                8.31514494977374e-07,
                3.398209688742405e-09,
                2.7894203762413985e-10
            ],
            [
                0.0001233262712402444,
                0.9993234272369773,
                0.0005527102654556803,
                5.040062829169032e-07,
                3.2220043701620376e-08
            ],
            [
                0.006692851133980095,
                0.993307106224876,
                4.1122278911707015e-08,
                1.2417852234963391e-09,
                2.770797357886919e-10
            ],
            [
                0.8807970471192523,
                0.11920291989603159,
                2.506161931014552e-08,
                2.3310937189252865e-09,
                5.592003130251752e-09
            ]
        ],
        [
            [
                0.9999999993893214,
                1.493094673831656e-10,
                0.0,
                1.4637785118068465e-12,
                4.5990553713660393e-10
            ],
            [
                5.829127427618537e-05,
                0.9999416659095345,
                4.1396930604735024e-08,
                1.250078985978295e-09,
                1.691797936355101e-10
            ],
            [
                4.536561097612817e-05,
                0.999244439413806,
                0.000709637891082494,
                5.03966415289055e-07,
                5.311772003367007e-08
            ],
            [
                0.000552778611458469,
                0.9994471511062497,
                6.821829984572845e-08,
                1.6043406385008667e-09,
                4.5965128872823847e-10
            ],
            [
                0.9990889471312933,
                0.0009110514049730084,
                7.575650417698347e-10,
                1.1617636186348987e-10,
                5.899922477578688e-10
            ]
        ],
        [
            [
                0.9999999995676296,
                1.1628233010656198e-10,
                0.0,
                0.0,
                3.160881448995436e-10
            ],
            [
                1.0129978295376343e-05,
                0.9999884254378164,
                1.3709434817854964e-06,
                3.2241500387583554e-08,
                4.139890596980496e-08
            ],
            [
                1.6699805675582934e-05,
                0.9998869416844798,
                9.610074642948526e-05,
                2.3820993439134832e-07,
                1.9553480784356378e-08
            ],
            [
                2.753569124156347e-05,
                0.9999722772088566,
                1.8553402816883656e-07,
                1.4165684349281072e-09,
                1.4930521458023627e-10
            ],
            [
                0.22270013772611583,
                0.7772998339845341,
                1.5200638960745653e-08,
                2.641474975175248e-09,
                1.0447236188492832e-08
            ]
        ],
        [
            [
                0.9999999956095855,
                2.5946094856917806e-11,
                0.0,
                1.0060392744037046e-12,
                4.363462231779514e-09
            ],
            [
                9.610240215156327e-05,
                0.9999038084446346,
                8.763413094285815e-08,
                1.4164738012335074e-09,
                1.0260901800673787e-10
            ],
            [
                1.6211867050901208e-05,
                0.9706714083260352,
                0.029311736421316344,
                6.286023023718896e-07,
                1.4783295093228726e-08
            ],
            [
                0.0007096703786154728,
                0.9992902604389526,
                6.82076247690408e-08,
                8.5860728261125e-10,
                1.1619985978121187e-10
            ],
            [
                0.9999999997694207,
                1.917171512184104e-10,
                6.914400101262723e-13,
                4.1937956549359786e-13,
                3.7751345411792985e-11
            ]
        ],
        [
            [
                0.9999999988946149,
                1.3176514234379035e-10,
                0.0,
                0.0,
                9.736200286618494e-10
            ],
            [
                1.012998860847716e-05,
                0.9999896815115443,
                1.8553721329985849e-07,
                2.6465487332774195e-09,
                3.160851708778491e-10
            ],
            [
                5.49278832529113e-11,
                4.363462232556616e-09,
                0.9999999954440555,
                1.3176514208531802e-10,
                5.789356301681466e-12
            ],
            [
                0.7772998500468359,
                0.22270014240078018,
                6.33656919212487e-09,
                7.567952672429228e-10,
                4.590195327082487e-10
            ],
            [
                0.0011695102831686744,
                0.9988304347041326,
                5.3095633813866426e-08,
                1.2486896220982343e-09,
                6.68375390901139e-10
            ]
        ],
        [
            [
                0.9999999998577715,
                2.5946094950449212e-11,
                0.0,
                0.0,
                1.1628233015738188e-10
            ],
            [
                1.0129987497026725e-05,
                0.9999892146394938,
                6.475884347356075e-07,
                7.194050818898849e-09,
                5.9052365156957e-10
            ],
            [
                7.37936163913599e-05,
                0.9858627806234803,
                0.014062574201049524,
                8.197730290359979e-07,
                3.178604980268207e-08
            ],
            [
                0.0011695103063670083,
                0.998830455296314,
                3.2204130479005844e-08,
                1.6033492458858752e-09,
                5.898392245791492e-10
            ],
            [
                0.006692851604181062,
                0.9933070572132005,
                8.705587119752577e-08,
                2.3199603852440905e-09,
                1.8067869647227356e-09
            ]
        ],
        [
            [
                0.9999999993459363,
                6.224144614671857e-11,
                0.0,
                1.2917800030766841e-12,
                5.90530399113001e-10
            ],
            [
                1.300712482227054e-05,
                0.9999868779222019,
                1.1253367943122938e-07,
                2.0611262352829704e-09,
                3.5817003385429174e-10
            ],
            [
                7.877416000953284e-06,
                0.9984908006218074,
                0.0015011704990112848,
                1.4427990684979684e-07,
                7.183273586439876e-09
            ],
            [
                0.03732688302067794,
                0.9626730933717287,
                2.133233227959216e-08,
                1.5453089673075758e-09,
                7.299522698068571e-10
            ],
            [
                0.8807970723695305,
                0.11920292320550861,
                1.8154576676470554e-09,
                2.784094504303854e-10,
                2.331093788179466e-09
            ]
        ],
        [
            [
                0.999999999918211,
                4.8473687005259057e-11,
                0.0,
                0.0,
                3.331544538218382e-11
            ],
            [
                0.0005527785521359625,
                0.9994471669008447,
                5.312845986989315e-08,
                1.1026460068490603e-09,
                3.159133702009898e-10
            ],
            [
                8.630281226395805e-06,
                0.8519448079575159,
                0.14804580202715603,
                7.084166225925593e-07,
                5.1317479079444894e-08
            ],
            [
                0.0007096703017385637,
                0.9992902748045904,
                5.312014603174156e-08,
                1.4156039421212984e-09,
                3.579207285455548e-10
            ],
            [
                0.5621764738227243,
                0.43782347836656826,
                4.3481113191444385e-08,
                2.1647971551732725e-09,
                2.1647971551732725e-09
            ]
        ],
        [
            [
                0.9999999997020528,
                7.991959880581579e-11,
                0.0,
