{
    "[['A', 'B', 'C', 'D', 'E'], ['A', 'B', 'C', 'D', 'E']]": [
        [
            [
                0.9999999999705993,
                2.940077735520182e-11,
                0.0,
                0.0,
                0.0
            ],
            [
                0.9999999990263799,
                9.73620028582043e-10,
                0.0,
                0.0,
                0.0
            ],
            [
                2.3155088369412323e-09,
                2.1260995235027114e-05,
                0.9914003845387781,
                0.008577293627854735,
                1.0585226233351245e-06
            ],
            [
                5.770988699784105e-12,
                3.570384280642716e-10,
                4.1268031256520596e-08,
                0.9968272754342229,
                0.0031726829349365054
            ],
            [
                7.352010555784574e-12,
                3.5423970644234185e-10,
                1.4010452172843245e-09,
                0.9890130558971011,
                0.01098694234026193
            ]
        ],
        [
            [
                0.9999999998280755,
                1.6918979165747293e-10,
                0.0,
                0.0,
                2.7346982818284756e-12
            ],
            [
                0.9999999991407833,
                8.59216659799919e-10,
                0.0,
                0.0,
                0.0
            ],
            [
                1.4930889645800836e-10,
                3.7266389163075866e-06,
                0.9999962198368825,
                5.3157649196590917e-08,
                2.1724316247252012e-10
            ],
            [
                4.2727569347583506e-11,
                2.058729582586618e-09,
                6.136986392370662e-06,
                0.9988243577581125,
                0.0011695031540378943
            ],
            [
                1.0498898574718795e-11,
                6.495438543596617e-10,
                6.162700504294605e-09,
                0.9706877654816483,
                0.02931222769560851
            ]
        ],
        [
            [
                0.9999999999200804,
                7.991959871146886e-11,
                0.0,
                0.0,
                0.0
            ],
            [
                0.9999999996387263,
                3.58174791950983e-10,
                0.0,
                0.0,
                3.0988191294010506e-12
            ],
            [
                2.465658713906405e-06,
                0.9626633237842706,
                0.037326507460018046,
                7.5947635142560726e-06,
                1.0833348325088183e-07
            ],
            [
                2.739263578907885e-10,
                3.587727276686966e-08,
                0.01798597905223607,
                0.9820012116148836,
                1.277318168115664e-05
            ],
            [
                1.3407257515773091e-11,
                7.320114573791799e-10,
                1.5496682674323921e-09,
                0.8519527944084782,
                0.14804720329643495
            ]
        ],
        [
            [
                0.9999999999377585,
                6.224144611187203e-11,
                0.0,
                0.0,
                0.0
            ],
            [
                0.9999999961475994,
                3.8507419009286646e-09,
                0.0,
                0.0,
                1.6586783495072655e-12
            ],
            [
                1.0459957444758024e-08,
                0.0007096696622588948,
                0.9992894850916468,
                8.309381335790374e-07,
                3.84800329945465e-09
            ],
            [
                5.788782235242702e-12,
                4.5985993197066103e-10,
                3.7262800700280797e-06,
                0.9999001712246486,
                9.610202963268614e-05
            ],
            [
                2.9394779324533897e-11,
                1.8185906002069209e-09,
                4.539066769854744e-05,
                0.9997961784869799,
                0.00015842899733611575
            ]
        ],
        [
            [
                0.9999999999200804,
                7.991959880982039e-11,
                0.0,
                0.0,
                0.0
            ],
            [
                0.9999999988952804,
                1.1032560285480082e-09,
                0.0,
                0.0,
                1.4637785090900531e-12
            ],
            [
                9.822085974945284e-08,
                0.010986937946935072,
                0.9890126598899012,
                3.0254125858951393e-07,
                1.4010453182092051e-09
            ],
            [
                7.432958323596344e-12,
                3.5813998831615426e-10,
                1.8552128390113734e-07,
                0.9999037117088334,
                9.610240430972555e-05
            ],
            [
                2.2744090123183517e-11,
                1.2417852449129276e-09,
                5.009719231323031e-07,
                0.9933066497104261,
                0.006692848053121481
            ]
        ],
        [
            [
                0.9999999999273415,
                7.052879829448398e-11,
                0.0,
                0.0,
                2.1297851644138956e-12
            ],
            [
                0.9999999991407833,
                8.592166594067549e-10,
                0.0,
                0.0,
                0.0
            ],
            [
                4.363129683920027e-09,
                7.484612492257361e-05,
                0.9999240714227107,
                1.0676226330777686e-06,
                1.0466604003130227e-08
            ],
            [
                4.505557101788613e-12,
                2.1708989846879836e-10,
                4.1370011871261755e-08,
                0.9992902880965243,
                0.0007096703118684019
            ],
            [
                6.367903913174134e-12,
                3.476757732481277e-10,
                1.0709167747194878e-09,
                0.9706877707244651,
                0.029312227850574434
            ]
        ],
        [
            [
                0.9999999998082829,
                1.917171509436366e-10,
                0.0,
                0.0,
                0.0
            ],
            [
                0.999999999880983,
                1.1628232998062037e-10,
                0.0,
                0.0,
                2.7346982840288184e-12
            ],
            [
                7.889227130253499e-06,
                0.9999873057534537,
                4.785058135935461e-06,
                1.9555420271820195e-08,
                4.058597995835536e-10
            ],
            [
                5.108455859259757e-12,
                3.581304044682589e-10,
                2.3820744207085558e-07,
                0.999876366919395,
                0.00012339450992414434
            ],
            [
                1.0795104769337617e-11,
                6.678694827071164e-10,
                1.815457478625097e-09,
                0.7772998542200839,
                0.22270014328579396
            ]
        ],
        [
            [
                0.9999999999200804,
                7.991959877764893e-11,
                0.0,
                0.0,
                0.0
            ],
            [
                0.9999999778392189,
                2.2159489241987116e-08,
                0.0,
                0.0,
                1.291779973809444e-12
            ],
            [
                4.597512012064413e-10,
                0.000335350054346193,
                0.9996644102259984,
                2.381570183816119e-07,
                1.1028857979458283e-09
            ],
            [
                1.3886673444926511e-11,
                8.591380638128625e-10,
                7.484498270676018e-05,
                0.9999084539712908,
                1.670017297766586e-05
            ],
            [
                1.0799697688071016e-11,
                4.0525566595224787e-10,
                3.2193445080891384e-08,
                0.9984987854126648,
                0.001501181977834821
            ]
        ],
        [
            [
                0.999999999476979,
                5.211412476789729e-10,
                0.0,
                0.0,
                1.879528812536227e-12
            ],
            [
                0.9999999998658216,
                1.3176514233454847e-10,
                0.0,
                0.0,
                2.4133627651222503e-12
            ],
            [
                8.591774064028895e-10,
                4.5397855550378575e-05,
                0.9999543600603662,
                2.3822608228399028e-07,
                2.998823809648656e-09
            ],
            [
                9.544580264322217e-12,
                7.582199247914369e-10,
                2.9021793947266576e-06,
                0.9999516993289073,
                4.539772393358514e-05
            ],
            [
                6.442204484411416e-12,
                3.5173244698408914e-10,
                4.855516658038769e-09,
                0.9820137833388227,
                0.017986211447486064
            ]
        ],
        [
            [
                0.9999999998485607,
                1.4930946708971152e-10,
                0.0,
                0.0,
                2.1297851633956714e-12
            ],
            [
                0.6791787069099825,
                0.32082128526701154,
                7.10923428805704e-09,
                5.835614867521362e-10,
                1.3021016799545997e-10
            ],
            [
                1.343459267304176e-08,
                0.00043055590128871835,
                0.999566501161626,
                2.901061459692626e-06,
                2.8441032912013927e-08
            ],
            [
                8.351203857885523e-12,
                3.1337661281654606e-10,
                2.6238702542894886e-09,
                0.9914225114215417,
                0.008577485632860196
            ],
            [
                3.774343122782046e-11,
                1.8185803593209107e-09,
                6.1429242769214385e-06,
                0.999790429505621,
                0.0002034257137782766
            ]
        ],
        [
            [
                0.9999999997175417,
                2.7894680799092776e-10,
                0.0,
                0.0,
                3.5114220970627236e-12
            ],
            [
                0.9999999995373599,
                4.5990553608957867e-10,
                0.0,
                0.0,
                2.734698281033456e-12
            ],
            [
                2.1723903828664397e-10,
                1.0676796562677487e-06,
                0.999977475323097,
                2.144491915810218e-05,
                1.1860849605430152e-08
            ],
            [
                1.8778159970545963e-12,
                1.1617636191306316e-10,
                1.4153178273823928e-09,
                0.9990889470661634,
                0.0009110514004646977
            ],
            [
                1.5275807295773677e-11,
                7.360296140852292e-10,
                5.438564108950036e-09,
                0.9706877661107616,
                0.02931222769936885
            ]
        ],
        [
            [
                0.9999999998490319,
                1.493094672017693e-10,
                0.0,
                0.0,
                1.6586783542712582e-12
            ],
            [
                0.999999997351013,
                2.646573626443383e-09,
                0.0,
                0.0,
                2.4133627604659355e-12
            ],
            [
                0.0,
                4.847368704583943e-11,
                0.9999999999310649,
                2.0206839083192577e-11,
                2.5436656464920273e-13
            ],
            [
                1.2255343738520409e-11,
                7.58211268712471e-10,
                1.300654199327567e-05,
                0.9999415953952929,
                4.5397292247161434e-05
            ],
            [
                2.0142692344233895e-11,
                9.705292679926477e-10,
                2.2531539761443922e-06,
                0.9968250703261466,
                0.003172675529205106
            ]
        ],
        [
            [
                0.9999999999515263,
                4.847368701312833e-11,
                0.0,
                0.0,
                0.0
            ],
            [
                0.9999999966017321,
                3.3982678017605537e-09,
                0.0,
                0.0,
                0.0
            ],
            [
                1.4291035227851294e-07,
                0.010986936495755316,
                0.9890124100569659,
                4.988061416236985e-07,
                1.1730784882769037e-08
            ],
            [
                2.2884645481812498e-11,
                1.249459307471315e-09,
                2.2590754230450367e-06,
                0.9994449623854222,
                0.0005527772668106974
            ],
            [
                1.3861189554860684e-11,
                7.567953069541355e-10,
                1.2727340115315664e-07,
                0.998073137642504,
                0.0019267343134383183
            ]
        ],
        [
            [
                0.9999999998506905,
                1.4930946735752882e-10,
                0.0,
                0.0,
                0.0
            ],
            [
                0.9999999991407833,
                8.592166591712671e-10,
                0.0,
                0.0,
                0.0
            ],
            [
                1.5737102482149284e-11,
                8.315279459260057e-07,
                0.9999991151821809,
                5.315785381191206e-08,
                1.1628233307522185e-10
            ],
            [
                7.986779281059215e-11,
                5.599164548206395e-09,
                0.0005527255818321521,
                0.9993512194809345,
                9.604925820104856e-05
            ],
            [
                5.78408026991133e-12,
                2.78692594536635e-10,
                3.6501526575561785e-08,
                0.999088911846454,
                0.0009110513675426276
            ]
        ],
        [
            [
                0.9999999999622486,
                3.775134538069534e-11,
                0.0,
                0.0,
                0.0
            ],
            [
                0.999999989528055,
                1.0467401660683011e-08,
                2.1297851436784806e-12,
                0.0,
                2.4133627409239785e-12
            ],
            [
                7.991945677879549e-11,
                8.315280330933623e-07,
                0.9999989817498102,
                1.8553898319203084e-07,
                1.1032540700130651e-09
            ],
            [
                2.5931701210462534e-11,
                1.6043375440264301e-09,
                1.7593697480910603e-06,
                0.9994454614571433,
                0.0005527775428394057
            ],
            [
                5.725751566570571e-12,
                2.7588216022185624e-10,
                2.966012742348406e-09,
                0.9890130544319499,
                0.010986942320429573
            ]
        ],
        [
            [
                0.9999999998647235,
                1.3176514210817773e-10,
                0.0,
                0.0,
                3.511422097579541e-12
            ],
            [
                0.9999999999094393,
                9.056076977525e-11,
                0.0,
                0.0,
                0.0
            ],
            [
                2.7535111073139747e-05,
                0.9999509727543715,
                2.1444366065719346e-05,
                4.690931556759274e-08,
                8.591740844537053e-10
            ],
            [
                1.924850361670998e-11,
                6.374228967958746e-10,
                8.79935166671644e-09,
                0.9525741156184339,
                0.04742587492554308
            ],
            [
                1.2250785268287476e-11,
                5.902758904109334e-10,
                3.92617069694643e-07,
                0.9995690498832116,
                0.00043055689719216265
            ]
        ],
        [
            [
                0.9999999999515263,
                4.847368684883976e-11,
                0.0,
                0.0,
                0.0
            ],
            [
                0.9999999990236452,
                9.736200261020037e-10,
                0.0,
                0.0,
                2.734698276989086e-12
            ],
            [
                0.0,
                7.991959891325825e-11,
                0.9999999999125642,
                7.433680670837813e-12,
                8.2580732838736e-14
            ],
            [
                1.4922890348821694e-10,
                1.1854720149663844e-08,
                0.00020335877585539493,
                0.9994613472808592,
                0.00033528193933632925
            ],
            [
                1.5735572883967355e-11,
                8.591331691763259e-10,
                2.144334484987767e-05,
                0.9999037111526002,
                7.484462768119617e-05
            ]
        ],
        [
            [
                0.9999999999666846,
                3.331544535989207e-11,
                0.0,
                0.0,
                0.0
            ],
            [
                0.9999999985819275,
                1.4166087817144936e-09,
                0.0,
                0.0,
                1.4637785090330924e-12
            ],
            [
                1.1032077469693429e-09,
                1.6700953892232492e-05,
                0.9999556853841429,
                2.753521792310581e-05,
                7.734083400534627e-08
            ],
            [
                4.2695466075382234e-11,
                1.8154574140222268e-09,
                3.646443692181824e-08,
                0.7772998263163782,
                0.22270013536103198
            ],
            [
                6.987014516098068e-12,
                2.9709541717463496e-10,
                5.550473121081514e-10,
                0.060086654439177406,
                0.9399133447016929
            ]
        ],
        [
            [
                0.9999999999294713,
                7.052879837772556e-11,
                0.0,
                0.0,
                0.0
            ],
            [
                0.9999999985833912,
                1.4166087813257206e-09,
                0.0,
                0.0,
                0.0
            ],
            [
                4.401945198136184e-07,
                0.01098692240278954,
                0.9890112734456701,
                1.3558945767312893e-06,
                8.062443865705977e-09
            ],
            [
                6.222293895828777e-11,
                3.3972573567477712e-09,
                3.534702113388171e-05,
                0.9997034683972975,
                0.0002611811220883392
            ],
            [
                3.328502245893142e-11,
                1.8173006500693133e-09,
                1.7587388009981001e-06,
                0.9990871897220323,
                0.0009110496885810799
            ]
        ],
        [
            [
                0.9999999999094393,
                9.056076970171755e-11,
                0.0,
                0.0,
                0.0
            ],
            [
                0.9999999998973812,
                1.0261879614164475e-10,
                0.0,
                0.0,
                0.0
            ],
            [
                2.4616691025100385e-10,
                1.3709435766528049e-06,
                0.9999884944678472,
                1.0129978996356207e-05,
                4.3634128888688266e-09
            ],
            [
                2.5939615483588395e-11,
                2.0606388920636157e-09,
                4.53886353574428e-05,
                0.9997511915270649,
                0.00020341775099901125
            ],
            [
                8.367083328362807e-12,
                3.5577743630667316e-10,
                5.565295468845492e-09,
                0.9933071426991678,
                0.006692851371392163
            ]
        ],
        [
            [
                0.9999999999187885,
                7.991959884523761e-11,
                0.0,
                0.0,
                1.2917800034233859e-12
            ],
            [
                0.9999999998837177,
                1.1628233017547331e-10,
                0.0,
                0.0,
                0.0
            ],
            [
                3.221887711077981e-08,
                0.0007096676627872056,
                0.9992865510303898,
                3.7239958591188673e-06,
                2.5092086723556678e-08
            ],
            [
                1.0813714318592596e-11,
                5.210339344188823e-10,
                2.9017227574630644e-06,
                0.9997936712749671,
                0.00020342647042771625
            ],
            [
                1.4236581947803715e-11,
                6.859569326875303e-10,
                2.3942249491280478e-09,
                0.904650527176543,
                0.09534946972903856
            ]
        ],
        [
            [
                0.9999999998661051,
                1.317651424114761e-10,
                0.0,
                0.0,
                2.1297851662768e-12
            ],
            [
                0.9999999943959117,
                5.602796395947431e-09,
                0.0,
                0.0,
                1.2917799951970487e-12
            ],
            [
                8.817778372393382e-10,
                3.557349082611833e-07,
                0.6224572549184387,
                0.3775394099329554,
                2.978531919819244e-06
            ],
            [
                7.05166958866553e-11,
                3.3976846823918816e-09,
                9.609525110535762e-05,
                0.9998290622238829,
                7.483905681029581e-05
            ],
            [
                6.21830647880132e-11,
                3.395080300816673e-09,
                2.751059438221558e-05,
                0.9990614597473241,
                0.0009110262010303718
            ]
        ],
        [
            [
                0.9999999999294713,
                7.052879829450162e-11,
                0.0,
                0.0,
                0.0
            ],
            [
                0.9999999992417439,
                7.582560409979547e-10,
                0.0,
                0.0,
                0.0
            ],
            [
                3.3978466567584043e-09,
                0.00012339450935018982,
                0.9998763627822428,
                2.382074409628627e-07,
                1.1031193008219357e-09
            ],
            [
                2.937975767891276e-11,
                1.4155960001086472e-09,
                6.139813771033543e-06,
                0.9992841927593982,
                0.000709665981855086
            ],
            [
                1.1087461195795005e-11,
                3.2402311239934374e-10,
                5.342237976112565e-10,
                0.09534947014621073,
                0.904650528984455
            ]
        ],
        [
            [
                0.9999999999666846,
                3.331544537888448e-11,
                0.0,
                0.0,
                0.0
            ],
            [
                0.9999999966002684,
                3.3982678031244376e-09,
                0.0,
                0.0,
                1.4637785070743806e-12
            ],
            [
                9.658974631910516e-07,
                0.09534931348219795,
                0.9046491898348955,
                5.170076559505111e-07,
                1.3777787347066158e-08
            ],
            [
                1.78197918284961e-11,
                9.729276678116278e-10,
                1.3699841659980406e-06,
                0.999288959657507,
                0.0007096693675795478
            ],
            [
                7.049652151468914e-11,
                2.645362453553566e-09,
                2.752384749212039e-05,
                0.9995419282275931,
                0.00043054520905577216
            ]
        ],
        [
            [
                0.9999999998837177,
                1.162823299397143e-10,
                0.0,
                0.0,
                0.0
            ],
            [
                0.999999999683912,
                3.1608814498241347e-10,
                0.0,
                0.0,
                0.0
            ],
            [
                0.0,
                4.0586521228889037e-10,
                0.9999999995761664,
                1.7832472892387134e-11,
                1.36152610688642e-13
            ],
            [
                3.284689481705915e-11,
                1.2325706346626777e-09,
                9.791521345443204e-08,
                0.9859362733128086,
                0.014063627506560346
            ],
            [
                2.4387075801363957e-11,
                1.3314892234725306e-09,
                4.409286741342112e-08,
                0.9399133029253217,
                0.06008665162593459
            ]
        ],
        [
            [
                0.9999999999294713,
                7.052879841789511e-11,
                0.0,
                0.0,
                0.0
            ],
            [
                0.9999999847681409,
                1.522997947716069e-08,
                0.0,
                0.0,
                1.8795287835205507e-12
            ],
            [
                2.5080603385034305e-08,
                0.001169509816675172,
                0.9988301561638403,
                3.055445906588692e-07,
                3.394290562858765e-09
            ],
            [
                1.2252797192673282e-11,
                8.589873995926999e-10,
                6.142567052705965e-06,
                0.9997326679643681,
                0.00026118859733899433
            ],
            [
                7.428408513536046e-12,
                3.5792076619073713e-10,
                6.820762481682256e-08,
                0.9992902610499551,
                0.0007096703770708118
            ]
        ],
        [
            [
                0.9999999999515263,
                4.84736870131579e-11,
                0.0,
                0.0,
                0.0
            ],
            [
                0.9999999804426607,
                1.955568067767533e-08,
                0.0,
                0.0,
                1.6586783241238976e-12
            ],
            [
                0.0,
                5.211412483131114e-10,
                0.9999999994452888,
                3.331544539125092e-11,
                2.543665645054846e-13
            ],
            [
                7.329132755584303e-12,
                3.531373922977282e-10,
                1.7933796557849132e-09,
                0.9859363706184522,
                0.014063627227701582
            ],
            [
                6.525954972917366e-12,
                3.144381195213734e-10,
                1.7167739625767687e-08,
                0.9947798569138674,
                0.005220125597428923
            ]
        ],
        [
            [
                0.9999999999450722,
                5.492788343781275e-11,
                0.0,
                0.0,
                0.0
            ],
            [
                0.999999999408006,
                5.905303987073985e-10,
                0.0,
                0.0,
                1.4637785111836168e-12
            ],
            [
                3.7751278355803365e-11,
                1.3709566500864064e-06,
                0.9999983873707935,
                2.3823654338512685e-07,
                3.398261780516899e-09
            ],
            [
                1.4912618059137556e-10,
                8.142013581797684e-09,
                0.00116944229032807,
                0.9987723263152714,
                5.8223103260835024e-05
            ],
            [
                1.1674807636507947e-11,
                6.37422898946159e-10,
                5.337076589461094e-09,
                0.9525741189167223,
                0.04742587509710344
            ]
        ],
        [
            [
                0.9999999999515263,
                4.84736870068444e-11,
                0.0,
                0.0,
                0.0
            ],
            [
                0.9999999981810384,
                1.8189616809337293e-09,
                0.0,
                0.0,
                0.0
            ],
            [
                7.888008363145266e-06,
                0.9998333186743563,
                0.00015843488322836736,
                3.4657489987239613e-07,
                1.1859152237450972e-08
            ],
            [
                2.594025868457473e-11,
                1.818552531461862e-09,
                0.00020342260096444857,
                0.9997751349701427,
                2.1440584400010437e-05
            ],
            [
                4.237838525432066e-12,
                1.238477956862769e-10,
                9.645276026213983e-11,
                0.060086654480001084,
                0.9399133452954606
            ]
        ],
        [
            [
                0.9999999999666846,
                3.331544537886177e-11,
                0.0,
                0.0,
                0.0
            ],
            [
                0.9999999918465158,
                8.15202063644637e-09,
                0.0,
                0.0,
                1.4637785001159396e-12
            ],
            [
                1.017038703207406e-06,
                0.04742455547220272,
                0.9525475808500738,
                2.6229773864660232e-05,
                6.168651556096692e-07
            ],
            [
                2.5944020140700973e-11,
                1.6050996892525907e-09,
                3.535463968574917e-05,
                0.9999192474733162,
                4.539625595433903e-05
            ],
            [
                1.3407257513714775e-11,
                5.700910961366238e-10,
                1.756004199738178e-09,
                0.8519527943751505,
                0.14804720328534704
            ]
        ],
        [
            [
                0.9999999999515263,
                4.847368687356064e-11,
                0.0,
                0.0,
                0.0
            ],
            [
                0.9999999991407833,
                8.59216660104141e-10,
                0.0,
                0.0,
                0.0
            ],
            [
                8.591511524533294e-10,
                7.484619432036238e-05,
                0.9999246404854388,
                5.043096904138533e-07,
                8.151399177980182e-09
            ],
            [
                6.5542217714600645e-12,
                2.459453575006686e-10,
                1.1850310956551152e-08,
                0.9990889365072402,
                0.0009110513899491865
            ],
            [
                8.367083349133195e-12,
                4.568272720357971e-10,
                2.9788880101792714e-09,
                0.9933071451649462,
                0.006692851390971306
            ]
        ],
        [
            [
                0.9999999998973812,
                1.0261879595751446e-10,
                0.0,
                0.0,
                0.0
            ],
            [
                0.9999999981795746,
                1.8189616813219138e-09,
                0.0,
                0.0,
                1.4637785091115112e-12
            ],
            [
                1.1194772438317829e-07,
                0.005220120637552161,
                0.994779028235329,
                7.299901654620706e-07,
                9.18922880194179e-09
            ],
            [
                2.4451363277958603e-10,
                1.714172905039949e-08,
                0.006692615479777929,
                0.9932722474943643,
                3.511963961512599e-05
            ],
            [
                5.037234372213077e-12,
                2.427075439778952e-10,
                9.599269576641957e-10,
                0.9859363715435502,
                0.014063627248778141
            ]
        ],
        [
            [
                0.9999999998973812,
                1.0261879611965842e-10,
                0.0,
                0.0,
                0.0
            ],
            [
                0.9999999998837177,
                1.162823301887764e-10,
                0.0,
                0.0,
                0.0
            ],
            [
                6.431393936898586e-14,
                2.789468090893987e-10,
                0.9999999996978672,
                2.2897348440244257e-11,
                2.2447770534316767e-13
            ],
            [
                2.2894818587687973e-11,
                1.2500147402322073e-09,
                3.535359429165405e-05,
                0.999889801573096,
                7.484355970274937e-05
            ],
            [
                1.1519639394818316e-11,
                5.550473093827871e-10,
                4.647354222522935e-09,
                0.9399133407420662,
                0.06008665404401261
            ]
        ],
        [
            [
                0.9999999998837177,
                1.1628233007692736e-10,
                0.0,
                0.0,
                0.0
            ],
            [
                0.9999999998082829,
                1.917171508909845e-10,
                0.0,
                0.0,
                0.0
            ],
            [
                1.3176439569134135e-10,
                8.315240049588844e-07,
                0.9999943760598742,
                4.785090264099399e-06,
                7.194092244982438e-09
            ],
            [
                5.182863604705005e-10,
                4.6654651361742627e-08,
                0.005218769234008018,
                0.9945213564962999,
                0.00025982709675441813
            ],
            [
                8.415787470736957e-12,
                5.899922508581037e-10,
                8.307701565519579e-07,
                0.999088118096305,
                0.0009110505351303232
            ]
        ],
        [
            [
                0.9999999998818381,
                1.162823299807198e-10,
                0.0,
                0.0,
                1.879528811342683e-12
            ],
            [
                0.9999999987483834,
                1.2501528619021823e-09,
                0.0,
                0.0,
                1.4637785088750286e-12
            ],
            [
                8.144452127064107e-09,
                0.0009110357871887296,
                0.9990721925856194,
                1.6686210329422965e-05,
                7.727241031345256e-08
            ],
            [
                8.294096296777412e-10,
                6.588816790470026e-08,
                0.14803506282006912,
                0.851882994573193,
                8.187588916028296e-05
            ],
            [
                1.1598063510900733e-10,
                8.130870248547702e-09,
                0.0024723186817065183,
                0.9974045835722093,
                0.00012308949923326971
            ]
        ],
        [
            [
                0.9999999998837177,
                1.1628233007692736e-10,
                0.0,
                0.0,
                0.0
            ],
            [
                0.9999999998268312,
                1.6918979183705614e-10,
                0.0,
                0.0,
                3.9789625258549704e-12
            ],
            [
                4.36245557589196e-09,
                0.000203421427631078,
                0.9997690118789595,
                2.7530096524848047e-05,
                3.223442897935851e-08
            ],
            [
                1.4852693495162187e-10,
                1.9453189534287015e-08,
                0.005220013604709805,
                0.9947586337808931,
                2.1333012680492606e-05
            ],
            [
                1.0743547614658939e-11,
                4.568272690944917e-10,
                9.1756209809164e-09,
                0.9933071390118939,
                0.006692851344914188
            ]
        ],
        [
            [
                0.9999999999450722,
                5.4927883445930254e-11,
                0.0,
                0.0,
                0.0
            ],
            [
                0.9999999991401731,
                8.592166602306974e-10,
                0.0,
                0.0,
                6.101936665626717e-13
            ],
            [
                5.6018784384415146e-09,
                0.0001584352106721795,
                0.9998353837510783,
                6.1431997864657484e-06,
                3.223658465251434e-08
            ],
            [
                1.6906011256769418e-10,
                1.1852028902935667e-08,
                0.00033520582396533237,
                0.9992343693571523,
                0.0004304127977932436
            ],
            [
                4.49040616922663e-12,
                2.1635988565633552e-10,
                2.986756092431878e-09,
                0.9959298590370614,
                0.004070137755332124
            ]
        ],
        [
            [
                0.9999999999200804,
                7.991959880978716e-11,
                0.0,
                0.0,
                0.0
            ],
            [
                0.9999999999450722,
                5.49278833198701e-11,
                0.0,
                0.0,
                0.0
            ],
            [
                6.224121345657209e-11,
                1.8553861931986923e-07,
                0.9999969016194544,
                2.902312322321238e-06,
                1.0467362648428305e-08
            ],
            [
                2.0176491682750227e-11,
                8.579262573158071e-10,
                1.442811495218272e-07,
                0.9984986728522968,
                0.0015011819884509902
            ],
            [
                4.4700773163399694e-12,
                2.7655389074171766e-10,
                9.652679249090257e-10,
                0.9914225131014782,
                0.008577485652229905
            ]
        ],
        [
            [
                0.9999999999515263,
                4.8473686960337896e-11,
                0.0,
                0.0,
                0.0
            ],
            [
                0.9999999994075901,
                5.905303984704157e-10,
                0.0,
                0.0,
                1.879528812006841e-12
            ],
            [
                8.258073255850675e-14,
                3.3982678072711085e-09,
                0.9999999965720741,
                2.9400777287086725e-11,
                1.7482341219824564e-13
            ],
            [
                1.7828802036422373e-11,
                8.590397894126675e-10,
                1.759985617675932e-06,
                0.9997948124591164,
                0.00020342667839721304
            ],
