{
    "[['A', 'B', 'C', 'D', 'E'], ['A', 'B', 'C', 'D', 'E']]": [
        [
            [
                0.9999999996239928,
                3.5817479244586854e-10,
                0.0,
                0.0,
                1.7832472879147934e-11
            ],
            [
                0.9999999969801929,
                2.998960809619705e-09,
                5.109089002104245e-12,
                0.0,
                1.5737102026903303e-11
            ],
            [
                3.511422069379117e-12,
                1.1861120002726442e-08,
                0.9999999876019713,
                5.211412422590616e-10,
                1.2256067290533486e-11
            ],
            [
                4.5086610321666186e-12,
                2.9400163065639386e-11,
                9.544835479997648e-12,
                2.1444939764771125e-05,
                0.9999785550167816
            ],
            [
                9.545034900854567e-12,
                1.225606741586882e-11,
                2.734698285292762e-12,
                1.818961683363244e-09,
                0.9999999981565024
            ]
        ],
        [
            [
                0.9999999999161013,
                7.99195988346624e-11,
                0.0,
                0.0,
                3.978962531113596e-12
            ],
            [
                0.9999999998676965,
                1.3176514257030686e-10,
                0.0,
                0.0,
                5.384940212414758e-13
            ],
            [
                4.847368954443822e-11,
                8.764248668151969e-08,
                0.9999998579010314,
                5.315785526579783e-08,
                1.250152930391549e-09
            ],
            [
                7.582546559692539e-10,
                1.9171680073233327e-10,
                1.2256045028210615e-11,
                1.0677030754846051e-06,
                0.999998931334697
            ],
            [
                6.560200697226063e-12,
                1.2256068432536639e-11,
                3.9789628567358015e-12,
                1.1253518379508615e-07,
                0.999999887442021
            ]
        ],
        [
            [
                0.9999999995783977,
                4.058652119015034e-10,
                0.0,
                0.0,
                1.5737102077934786e-11
            ],
            [
                0.9999999995896174,
                4.058652118295031e-10,
                1.0060392772555335e-12,
                0.0,
                3.5114221062988523e-12
            ],
            [
                3.4424771072983e-14,
                2.1724399343396083e-10,
                0.9999999997622602,
                2.02068390833446e-11,
                2.5436656465111644e-13
            ],
            [
                1.7759900976757006e-11,
                1.4870183027767768e-10,
                1.6850124894735624e-10,
                0.004070137780279856,
                0.9959298618847571
            ],
            [
                8.423464822750168e-12,
                3.33154496467995e-11,
                7.433681615107321e-12,
                1.8553915979206421e-07,
                0.9999998144116676
            ]
        ],
        [
            [
                0.999999999396995,
                5.905303985903753e-10,
                1.6586783552514832e-12,
                0.0,
                1.0815941533401575e-11
            ],
            [
                0.999999999329297,
                6.69158608285313e-10,
                5.38494021096237e-13,
                0.0,
                1.0060392780144667e-12
            ],
            [
                2.2158688765505596e-08,
                3.535625648714944e-05,
                0.9999643770076713,
                2.382285822964847e-07,
                6.348570623449357e-09
            ],
            [
                7.433680617294535e-12,
                1.081594147717728e-11,
                2.4133627539586107e-12,
                7.194132977041943e-09,
                0.9999999927852039
            ],
            [
                3.331544433384178e-11,
                1.5737101593012013e-11,
                3.0988190375385864e-12,
                3.2241866319799674e-08,
                0.9999999677059822
            ]
        ],
        [
            [
                0.9999999993955817,
                5.905303987009259e-10,
                0.0,
                0.0,
                1.3887943836896109e-11
            ],
            [
                0.9999999996378461,
                3.5817479239121015e-10,
                0.0,
                0.0,
                3.9789625287596095e-12
            ],
            [
                1.0815941254601096e-11,
                2.5109990854735608e-08,
                0.999999972184146,
                2.646573564844638e-09,
                4.8473685706164305e-11
            ],
            [
                2.289734799843348e-11,
                1.5737101792069257e-11,
                3.0988190767352813e-12,
                1.955568069667275e-08,
                0.9999999804025861
            ],
            [
                2.1297851654384283e-12,
                5.7893563137329206e-12,
                8.878265455459892e-13,
                2.3355930327488203e-09,
                0.9999999976556
            ]
        ],
        [
            [
                0.9999999998934022,
                1.0261879620616823e-10,
                0.0,
                0.0,
                3.978962531539093e-12
            ],
            [
                0.9999999961457047,
                3.85074190417656e-09,
                2.4133627601817024e-12,
                0.0,
                1.1399918475405712e-12
            ],
            [
                2.5436656467584316e-13,
                6.224144621394385e-11,
                0.9999999998731328,
                6.224144621394385e-11,
                2.129785170437929e-12
            ],
            [
                6.56016300583877e-12,
                2.940061084290372e-11,
                5.789323533102763e-12,
                4.785094848747983e-06,
                0.9999952148634011
            ],
            [
                1.879528812239434e-12,
                6.560200153146528e-12,
                7.835041767140785e-13,
                2.06115361772342e-09,
                0.9999999979296232
            ]
        ],
        [
            [
                0.9999999999169815,
                7.9919598862305e-11,
                0.0,
                0.0,
                3.0988191361148677e-12
            ],
            [
                0.9999999996819098,
                3.1608814509114894e-10,
                5.384940211957974e-13,
                0.0,
                1.4637785125503762e-12
            ],
            [
                5.492788863515639e-11,
                8.76424903728171e-08,
                0.9999999001625136,
                1.1861121258167303e-08,
                2.789468353168856e-10
            ],
            [
                2.734698222525703e-12,
                9.545034681776004e-12,
                1.4637784771574514e-12,
                2.510999092327444e-08,
                0.9999999748762656
            ],
            [
                1.2255974579437994e-11,
                3.3315192989342287e-11,
                9.544962599769542e-12,
                7.889265049503763e-06,
                0.9999921106798343
            ]
        ],
        [
            [
                0.9999999997974669,
                1.9171715082960858e-10,
                0.0,
                0.0,
                1.0815941526469921e-11
            ],
            [
                0.9999999995864346,
                4.0586521197232395e-10,
                1.1399918511477302e-12,
                0.0,
                6.5602001572394536e-12
            ],
            [
                6.431393938114208e-14,
                3.160881452673245e-10,
                0.9999999996502056,
                3.331544540437393e-11,
                3.266131341092377e-13
            ],
            [
                4.508755000702109e-12,
                1.0815940977734896e-11,
                3.978962322632417e-12,
                5.315784969588602e-08,
                0.9999999468228467
            ],
            [
                2.5946096246289593e-11,
                6.224144926011655e-11,
                1.2256068040946395e-11,
                1.4449803164770037e-07,
                0.9999998554015248
            ]
        ],
        [
            [
                0.9999999999440927,
                4.847368699132427e-11,
                0.0,
                0.0,
                7.433680661405973e-12
            ],
            [
                0.9999999991383135,
                8.592166604387823e-10,
                1.0060392775520206e-12,
                0.0,
                1.4637785116068879e-12
            ],
            [
                7.052880333809399e-11,
                1.1253518242113682e-07,
                0.9999998750732622,
                1.1861120963115767e-08,
                4.5990556934104547e-10
            ],
            [
                5.109089676003091e-12,
                3.7751350230454253e-11,
                7.433681615098985e-12,
                1.8553915979185613e-07,
                0.9999998144105461
            ],
            [
                3.5114220756978565e-12,
                1.0815941441227264e-11,
                2.4133627459370784e-12,
                1.046740168242617e-08,
                0.9999999895158577
            ]
        ],
        [
            [
                0.9999999996730959,
                3.1608814493288024e-10,
                0.0,
                0.0,
                1.0815941540228337e-11
            ],
            [
                0.9999999987438746,
                1.2501528638684578e-09,
                1.4637785111773004e-12,
                0.0,
                4.508755233212472e-12
            ],
            [
                9.35762296580234e-14,
                1.3176514265817877e-10,
                0.999999999824672,
                4.277787867580268e-11,
                6.914400104695529e-13
            ],
            [
                1.57371024627395e-11,
                4.8473688158879654e-11,
                5.109089143599541e-12,
                6.475946146342015e-07,
                0.9999993523360655
            ],
            [
                5.789356320665346e-12,
                6.56020015901459e-12,
                1.2917800029863831e-12,
                9.736200299445807e-10,
                0.9999999990127386
            ]
        ],
        [
            [
                0.9999999999054603,
                9.056076982756757e-11,
                0.0,
                0.0,
                3.9789625327985135e-12
            ],
            [
                0.9999999990100785,
                9.736200285661717e-10,
                2.41336276505436e-12,
                0.0,
                1.388794382595441e-11
            ],
            [
                6.431393932158587e-14,
                1.2501528645802624e-09,
                0.9999999986867576,
                6.224144613913848e-11,
                7.835041773742696e-13
            ],
            [
                2.7346982891996848e-12,
                5.1090890235941264e-12,
                1.1399918520471423e-12,
                4.5990553746292726e-10,
                0.9999999995311106
            ],
            [
                1.2256068015396931e-11,
                2.5946096192201377e-11,
                7.433681018861607e-12,
                5.043472050940615e-07,
                0.9999994956071591
            ]
        ],
        [
            [
                0.9999999996610147,
                3.160881449754939e-10,
                0.0,
                0.0,
                2.289734842343203e-11
            ],
            [
                0.9999832985019915,
                1.6701415088894993e-05,
                6.22403815192331e-11,
                8.423319661660247e-12,
                1.2255857790300352e-11
            ],
            [
                3.037975384587733e-14,
                1.3176514266385385e-10,
                0.9999999998501974,
                1.783247290312534e-11,
                1.7482341277788107e-13
            ],
            [
                2.5581186949757286e-11,
                4.001570906156517e-10,
                5.138118750183165e-10,
                0.014063627282846308,
                0.9859363717776036
            ],
            [
                3.978962532706187e-12,
                5.7893563241749966e-12,
                1.1399918521472936e-12,
                4.5990553750333115e-10,
                0.9999999995291862
            ]
        ],
        [
            [
                0.9999999998922722,
                1.0261879616059331e-10,
                0.0,
                0.0,
                5.109089020275353e-12
            ],
            [
                0.9999999936444322,
                6.34880006550218e-09,
                5.109088987390911e-12,
                0.0,
                1.6586783457098316e-12
            ],
            [
                2.940077643058658e-11,
                2.5109990735614817e-08,
                0.9999999675171662,
                7.1941327948685775e-09,
                1.493094627329663e-10
            ],
            [
                1.1399918445548846e-12,
                4.508755208718317e-12,
                1.0060392717913852e-12,
                7.194132976750981e-09,
                0.9999999927992123
            ],
            [
                7.052826410702525e-11,
                4.277755455722087e-11,
                1.0815859603763217e-11,
                7.889265048959362e-06,
                0.9999921106108294
            ]
        ],
        [
            [
                0.9999999996981559,
                2.789468087549208e-10,
                0.0,
                0.0,
                2.2897348412788636e-11
            ],
            [
                0.9999999123508202,
                8.764249139600751e-08,
                5.109089564465821e-12,
                6.91440083288204e-13,
                8.878266410587429e-13
            ],
            [
                0.0,
                5.49278834986124e-11,
                0.9999999999326961,
                1.225606744165968e-11,
                1.2015425729379887e-13
            ],
            [
                6.224144926389636e-11,
                7.052880195002152e-11,
                5.789356611012747e-12,
                1.4449803165647545e-07,
                0.9999998553634086
            ],
            [
                1.0815942361197206e-11,
                2.0206840592126606e-11,
                4.508755577415002e-12,
                2.3823698445751123e-07,
                0.999999761727484
            ]
        ],
        [
            [
                0.9999999998461817,
                1.493094674684607e-10,
                0.0,
                0.0,
                4.5087552377272985e-12
            ],
            [
                0.9999999994748796,
                5.211412480077985e-10,
                0.0,
                0.0,
                3.978962529873808e-12
            ],
            [
                3.0988190565154555e-12,
                2.5109990891314703e-08,
                0.9999999736210203,
                1.250152833222326e-09,
                1.5737101689384506e-11
            ],
            [
                3.331544958462916e-11,
                7.991960891597331e-11,
                8.423464807031045e-12,
                6.825604229235015e-08,
                0.9999999316222992
            ],
            [
                1.0815942086307424e-11,
                2.020684007856488e-11,
                3.098819290289089e-12,
                1.444980316785103e-07,
                0.9999998554678466
            ]
        ],
        [
            [
                0.9999999997126297,
                2.789468088115729e-10,
                0.0,
                0.0,
                8.42346374011524e-12
            ],
            [
                0.9999999991360258,
                8.592166596121877e-10,
                1.6586783544641035e-12,
                0.0,
                3.0988191304078926e-12
            ],
            [
                0.0,
                1.0261879624020911e-10,
                0.9999999998420339,
                5.4927883468433516e-11,
                4.1937956552405037e-13
            ],
            [
                7.050513059431322e-11,
                1.6913301588062173e-10,
                1.3172092521105658e-10,
                0.00033535005400734953,
                0.9996646495746335
            ],
            [
                2.940078108906689e-11,
                4.8473693156742656e-11,
                5.109089670370426e-12,
                3.059023589594122e-07,
                0.9999996940146575
            ]
        ],
        [
            [
                0.9999999998792088,
                1.1628233017494901e-10,
                0.0,
                0.0,
                4.508755237360393e-12
            ],
            [
                0.7772947758610212,
                0.2226986741822797,
                6.13232852466743e-06,
                3.053106595118196e-07,
                1.1231751480489269e-07
            ],
            [
                6.22414518471511e-11,
                8.764249010527258e-08,
                0.9999998968191177,
                1.5229981119409836e-08,
                2.461697174014493e-10
            ],
            [
                3.3315319420717165e-11,
                7.991929666898067e-11,
                1.7832405464699528e-11,
                2.9023121997655607e-06,
                0.9999970975567333
            ],
            [
                7.835041778214625e-13,
                3.098819136012691e-12,
                8.878265470697859e-13,
                5.905303993781344e-10,
                0.9999999994046995
            ]
        ],
        [
            [
                0.9999999999254923,
                7.052879842805535e-11,
                0.0,
                0.0,
                3.978962531150962e-12
            ],
            [
                0.9999999997514168,
                2.4616969500713e-10,
                0.0,
                0.0,
                2.4133627701233738e-12
            ],
            [
                3.900837609013803e-14,
                1.317651426615379e-10,
                0.9999999998501654,
                1.783247290281191e-11,
                1.9810087974563727e-13
            ],
            [
                3.5114221100118197e-12,
                5.109089023167727e-12,
                8.878265469952384e-13,
                5.905303993285497e-10,
                0.9999999993999613
            ],
            [
                2.129785168187725e-12,
                6.560200159627552e-12,
                1.2917800031070826e-12,
                9.736200300355524e-10,
                0.9999999990163981
            ]
        ],
        [
            [
                0.9999999998263014,
                1.6918979211891023e-10,
                0.0,
                0.0,
                4.5087552384945885e-12
            ],
            [
                0.9999999993236026,
                6.691586078401105e-10,
                2.129785166852647e-12,
                0.0,
                5.109089018220408e-12
            ],
            [
                6.431393933856832e-14,
                9.73620030151158e-10,
                0.9999999989882378,
                3.775134539820845e-11,
                3.266131338930303e-13
            ],
            [
                3.3315446719875276e-11,
                3.775134691385694e-11,
                3.511422250206961e-12,
                3.9278636985390643e-07,
                0.9999996071390519
            ],
            [
                3.5114221053325232e-12,
                7.433680655323065e-12,
                1.4637785107726756e-12,
                2.0611536177168538e-09,
                0.9999999979264376
            ]
        ],
        [
            [
                0.9999999999410931,
                5.49278834646618e-11,
                0.0,
                0.0,
                3.978962532585779e-12
            ],
            [
                0.9999999983857983,
                1.6052280513772758e-09,
                2.4133627661076126e-12,
                0.0,
                6.56020015258998e-12
            ],
            [
                1.1628232746072257e-10,
                1.1861119861504263e-08,
                0.999999975755613,
                1.1861119861504263e-08,
                4.0586520272980473e-10
            ],
            [
                1.0815921778925321e-11,
                2.594604753694462e-11,
                5.789345742137226e-12,
                2.2603252736738125e-06,
                0.999997739632175
            ],
            [
                8.423463745665538e-12,
                7.433680664583471e-12,
                1.879528814574844e-12,
                6.691586084299605e-10,
                0.9999999993131048
            ]
        ],
        [
            [
                0.9999999998598115,
                1.3176514251775613e-10,
                0.0,
                0.0,
                8.423463742757158e-12
            ],
            [
                0.9999998874413426,
                1.1253518368126557e-07,
                1.7832474328277807e-11,
                2.1297853405662956e-12,
                3.511422393016968e-12
            ],
            [
                3.4424771070011354e-14,
                2.78946809167871e-10,
                0.9999999997050835,
                1.573710210014817e-11,
                1.9810087972037196e-13
            ],
            [
                3.3315386331818074e-11,
                2.5946048963546295e-11,
                4.508747245353774e-12,
                1.3709566547863576e-06,
                0.999998628979575
            ],
            [
                5.109079803563647e-12,
                2.2897307115116144e-11,
                5.789345876003111e-12,
                1.7603431338373143e-06,
                0.9999982396230704
            ]
        ],
        [
            [
                0.999999999916569,
                7.991959885420329e-11,
                0.0,
                0.0,
                3.5114221100664775e-12
            ],
            [
                0.9999999993264481,
                6.691586081036129e-10,
                1.6586783563718611e-12,
                0.0,
                2.7346982874002147e-12
            ],
            [
                0.0,
                7.05287984758976e-11,
                0.999999999906438,
                2.289734844501997e-11,
                1.3615261074096705e-13
            ],
            [
                6.224145413183736e-11,
                7.052880746612135e-11,
                5.7893570638017935e-12,
                1.8553915981939198e-07,
                0.9999998143222806
            ],
            [
                2.2897348284493863e-11,
                1.2256067352055034e-11,
                1.87952880242361e-12,
                7.194132976296633e-09,
                0.9999999927688341
            ]
        ],
        [
            [
                0.9999999999059279,
                9.056076982760993e-11,
                0.0,
                0.0,
                3.511422110696487e-12
            ],
            [
                0.9999998144313386,
                1.8553915969037314e-07,
                2.020684164182127e-11,
                2.7346986369132612e-12,
                6.560200996536722e-12
            ],
            [
                0.0,
                5.109089027393466e-12,
                0.9999999999851712,
                9.545034921589169e-12,
                1.748234128041844e-13
            ],
            [
                3.0988191292226284e-12,
                8.423463728647153e-12,
                1.4637785096388059e-12,
                2.6465736307962446e-09,
                0.9999999973404403
            ],
            [
                4.508738235633083e-12,
                1.7832405645494398e-11,
                4.508738235633083e-12,
                3.7266391154429653e-06,
                0.9999962733340346
            ]
        ],
        [
            [
                0.9999999999155715,
                7.991959884498051e-11,
                0.0,
                0.0,
                4.508755237524343e-12
            ],
            [
                0.9999997617200823,
                2.38236984244667e-07,
                2.9400779551835717e-11,
                5.109089403239703e-12,
                8.423464373029923e-12
            ],
            [
                4.1937956572860435e-13,
                1.1628233027188995e-10,
                0.999999999801499,
                7.991959890870088e-11,
                1.8795288160490102e-12
            ],
            [
                9.056077686441402e-11,
                1.1628233924889478e-10,
                1.0815942389457035e-11,
                8.315279900735683e-07,
                0.9999991682543509
            ],
            [
                4.508755719242436e-12,
                1.2256068740577507e-11,
                1.6586785343734519e-12,
                8.764249146548131e-08,
                0.999999912339085
            ]
        ],
        [
            [
                0.9999999999423375,
                5.492788346473015e-11,
                0.0,
                0.0,
                2.734698289360583e-12
            ],
            [
                0.9525741158092509,
                0.04742587499788685,
                8.799351653815564e-09,
                3.411878898094515e-10,
                5.232285752961954e-11
            ],
            [
                2.0206841184232192e-11,
                8.76424912767196e-08,
                0.9999999102333702,
                2.061153836033387e-09,
                4.277788312270923e-11
            ],
            [
                1.783247515131502e-11,
                5.4927890418992644e-11,
                7.433681607443993e-12,
                3.0590235898165373e-07,
                0.9999996940174469
            ],
            [
                3.5114219993503663e-12,
                8.423463480934144e-12,
                1.8795287555052855e-12,
                3.224186632557961e-08,
                0.9999999677443193
            ]
        ],
        [
            [
                0.9999999999487916,
                4.8473687006741416e-11,
                0.0,
                0.0,
                2.734698288434763e-12
            ],
            [
                0.9999999961474826,
                3.850741905925786e-09,
                8.878265439629155e-13,
                0.0,
                8.878265439629155e-13
            ],
            [
                3.397574557962988e-09,
                0.00020342686454957734,
                0.9997964242959081,
                1.4446854638047125e-07,
                9.73421408546536e-10
            ],
            [
                3.397574651289785e-09,
                3.5810173363698994e-10,
                1.3173826565290054e-10,
                0.0002034270601623584,
                0.999796569052423
            ],
            [
                2.2897348099488244e-11,
                1.7832472630139987e-11,
                3.098819090411557e-12,
                1.5229979507278825e-08,
                0.9999999847261918
            ]
        ],
        [
            [
                0.9999999999407103,
                4.847368698201725e-11,
                0.0,
                0.0,
                1.0815941539282367e-11
            ],
            [
                0.9999999996378461,
                3.581747924508305e-10,
                0.0,
                0.0,
                3.9789625294219315e-12
            ],
            [
                0.0,
                5.492788349869355e-11,
                0.9999999999341735,
                1.0815941555148556e-11,
                8.258073283924195e-14
            ],
            [
                2.2897220382125316e-11,
                4.277763941534031e-11,
                9.544981533516667e-12,
                6.1441721266680205e-06,
                0.9999938557526535
            ],
            [
                2.9400777271947083e-11,
                1.2256067393701846e-11,
                2.413362761909331e-12,
                3.8507419069331504e-09,
                0.999999996105188
            ]
        ],
        [
            [
                0.9999999998637261,
                1.3176514255470934e-10,
                0.0,
                0.0,
                4.508755237290585e-12
            ],
            [
                2.1262981608931194e-05,
                0.5307079778131109,
                0.4133157892791384,
                0.05593620541073221,
                1.8764515409595e-05
            ],
            [
                4.420228101613988e-14,
                3.160881452864064e-10,
                0.999999999657667,
                2.594609497086539e-11,
                2.543665646210359e-13
            ],
            [
                2.5946098221430807e-11,
                4.2777884029347735e-11,
                5.1090896657945e-12,
                6.825604228326299e-08,
                0.9999999316701246
            ],
            [
                1.7832441279673728e-11,
                3.775127848531383e-11,
                5.789346060468963e-12,
                1.370956654789644e-06,
                0.9999986289819721
            ]
        ],
        [
            [
                0.9999999997670188,
                2.1724399318569974e-10,
                0.0,
                0.0,
                1.573710208352267e-11
            ],
            [
                0.9999999847539027,
                1.5229979476943842e-08,
                9.545034755022781e-12,
                1.4637784883902085e-12,
                5.109088938236904e-12
            ],
            [
                1.2015425718156262e-13,
                9.736200301976791e-10,
                0.9999999989831119,
                4.2777878641215356e-11,
                3.701011674398795e-13
            ],
            [
                7.433680275606346e-12,
                1.2256066789976173e-11,
                2.129785057286198e-12,
                5.3157849707135934e-08,
                0.9999999468203309
            ],
            [
                1.081594270059221e-11,
                3.3315448943296114e-11,
                3.0988194662846268e-12,
                8.764249145874502e-08,
                0.9999999123102784
            ]
        ],
        [
            [
                0.9999999999350238,
                6.224144616443409e-11,
                0.0,
                0.0,
                2.734698288751627e-12
            ],
            [
                0.9999999998064033,
                1.9171715119334468e-10,
                0.0,
                0.0,
                1.8795288147500483e-12
            ],
            [
                1.0060392684948687e-12,
                9.237449562911095e-09,
                0.9999999894935591,
                1.2501528529804971e-09,
                1.7832472716916568e-11
            ],
            [
                2.020641686835661e-11,
                7.052732481200665e-11,
                2.020641686835661e-11,
                2.144493976332388e-05,
                0.9999785549492965
            ],
            [
                3.331544811012074e-11,
                2.594609707653679e-11,
                5.109089440351501e-12,
                1.1253518380051053e-07,
                0.9999998874004455
            ]
        ],
        [
            [
                0.9999999999049305,
                9.05607697749043e-11,
                0.0,
                0.0,
                4.508755236229547e-12
            ],
            [
                0.9999999985807264,
                1.416608783253402e-09,
                1.6586783549451903e-12,
                0.0,
                1.006039276875972e-12
            ],
            [
                5.008774633906905e-14,
                5.90530399430282e-10,
                0.9999999993832489,
                2.594609496237257e-11,
                2.244777053256712e-13
            ],
            [
                2.28973472325054e-11,
                2.28973472325054e-11,
                3.978962323146599e-12,
                5.315784970275536e-08,
                0.9999999467923766
            ],
            [
                3.978962530491003e-12,
                6.560200159339324e-12,
                1.291780003050327e-12,
                9.736200299927755e-10,
                0.999999999014549
            ]
        ],
        [
            [
                0.9999999999713192,
                2.5946094949583926e-11,
                0.0,
                0.0,
                2.7346982880946502e-12
            ],
            [
                0.9999832983153162,
                1.67014150857772e-05,
                2.4616548412646117e-10,
                1.388770629349332e-11,
                9.54487164251587e-12
            ],
            [
                8.423463504030765e-12,
                2.5109990810895012e-08,
                0.9999999704382039,
                4.363462123213667e-09,
                7.991959655345085e-11
            ],
            [
                3.3315449617687026e-11,
                2.940078109582195e-11,
                3.978963036980711e-12,
                3.0590235902969564e-07,
                0.9999996940309458
            ],
            [
                1.0261880030514111e-10,
                4.2777880352186664e-11,
                7.433680961250793e-12,
                3.927863698131435e-07,
                0.9999996070607998
            ]
        ],
        [
            [
                0.9999999999063405,
                9.056076981043547e-11,
                0.0,
                0.0,
                3.0988191357690343e-12
            ],
            [
                0.9999999994059163,
                5.905303990361858e-10,
                1.1399918513876047e-12,
                0.0,
                2.4133627683258727e-12
            ],
            [
                2.0879679113496425e-14,
                3.3315445416936525e-11,
                0.9999999999486566,
                1.7832472905615888e-11,
                1.7482341280229754e-13
            ],
            [
                2.5946096982999096e-11,
                4.277788198751903e-11,
                1.388794493561236e-11,
                8.315279902004524e-07,
                0.999999168389398
            ],
            [
                2.734698280052335e-12,
                6.560200140471863e-12,
                1.4637785079492386e-12,
                3.8507419065187354e-09,
                0.9999999961384993
            ]
        ],
        [
            [
                0.999999999929335,
                6.224144613650775e-11,
                0.0,
                0.0,
                8.42346374194065e-12
            ],
            [
                0.9999999992399542,
                7.58256041476628e-10,
                1.006039277539181e-12,
                0.0,
                7.835041771481045e-13
            ],
            [
                5.0087746351324114e-14,
                3.581747928344492e-10,
                0.9999999996080404,
                3.33154454036315e-11,
                4.193795656109573e-13
            ],
            [
                9.033683994560301e-11,
                5.198526208928684e-10,
                2.782570564784578e-10,
                0.0024726229604815166,
                0.9975273761510719
            ],
            [
                3.331538526655915e-11,
                1.0261861102625104e-10,
                1.2256045314273084e-11,
                1.7603431336359409e-06,
                0.9999982395086763
            ]
        ],
        [
            [
                0.9999999994680218,
                5.21141247936666e-10,
                1.2917800026736333e-12,
                0.0,
                9.545034907232262e-12
            ],
            [
                0.9999999990234294,
                9.736200295135972e-10,
                1.6586783558692506e-12,
                0.0,
                1.2917800024145628e-12
            ],
            [
                2.129785137290506e-12,
                1.522997950397402e-08,
                0.9999999842957292,
                4.5990553059555563e-10,
                1.2256067250369179e-11
            ],
            [
                5.1090889583026854e-12,
                1.3887943675334943e-11,
                3.098819096409859e-12,
                1.3440409767616671e-08,
                0.9999999865374944
            ],
            [
                2.940077733062258e-11,
                1.783247287040675e-11,
                3.9789625274163885e-12,
                1.818961683703498e-09,
                0.9999999981298262
            ]
        ],
        [
            [
                0.9999999998449012,
                1.4930946748334387e-10,
                0.0,
                0.0,
                5.789356323442914e-12
            ],
            [
                0.9999999998051841,
                1.9171715115182197e-10,
                0.0,
                0.0,
                3.0988191351010537e-12
            ],
            [
                4.847368625838262e-11,
                1.186111995453323e-08,
                0.9999999835097002,
                4.363462180541128e-09,
                2.172439899031898e-10
            ],
            [
                4.508695315566388e-12,
                2.940038662148812e-11,
                1.2255904546362534e-11,
                1.3007124771586242e-05,
                0.9999869928290634
            ],
            [
                1.2256067133138656e-11,
                2.940077664688848e-11,
                3.0988190600986157e-12,
                2.510999092034935e-08,
                0.9999999748452535
            ]
        ],
        [
            [
                0.999999999902879,
                9.056076970127366e-11,
                0.0,
                0.0,
                6.560200153995065e-12
            ],
            [
                0.999999996597855,
                3.3982678046250495e-09,
                2.4133627612729055e-12,
                0.0,
                1.463778507720758e-12
            ],
            [
                0.0,
                1.5737102102211816e-11,
                0.9999999999506208,
                3.3315445411817776e-11,
                3.2661313418221456e-13
            ],
            [
                7.991959688908692e-11,
                2.020683857431501e-11,
                5.109088897621567e-12,
                2.510999091634873e-08,
                0.9999999747847736
            ],
            [
                7.991959558947429e-11,
                6.224144362783256e-11,
                5.109088814540111e-12,
                4.1399375457655147e-08,
                0.9999999584533545
            ]
        ],
        [
            [
                0.9999999999399631,
                5.492788344564963e-11,
                0.0,
                0.0,
                5.109089022119959e-12
            ],
            [
                0.9999999973515028,
                2.6465736303367925e-09,
                1.1399918493518904e-12,
