{
    "[['A', 'B', 'C', 'D', 'E'], ['A', 'B', 'C', 'D', 'E']]": [
        [
            [
                0.999999999848028,
                1.3176514249427038e-10,
                0.0,
                0.0,
                2.020683905852611e-11
            ],
            [
                0.9994472124028262,
                0.0005527785751784422,
                5.599698705875342e-09,
                1.6043405402050843e-09,
                1.8179560013257877e-09
            ],
            [
                0.0,
                2.940077738352741e-11,
                0.9999999999620397,
                8.423463751799192e-12,
                1.3615261076581764e-13
            ],
            [
                3.7751277278797296e-11,
                5.492778433152124e-11,
                3.7751277278797296e-11,
                1.7603431336672042e-06,
                0.9999982395264361
            ],
            [
                9.056077190100372e-11,
                1.493094709242073e-10,
                5.49278847252011e-11,
                6.475946143220389e-07,
                0.9999993521105875
            ]
        ],
        [
            [
                0.9999999998398745,
                1.493094674091485e-10,
                0.0,
                0.0,
                1.0815941542032205e-11
            ],
            [
                0.9999999847368839,
                1.5229979495453114e-08,
                1.3887943637668765e-11,
                3.511422055907271e-12,
                1.5737101849303635e-11
            ],
            [
                3.701011667730835e-13,
                2.6465736311418754e-09,
                0.9999999972343605,
                1.1628232996094092e-10,
                2.4133627647504064e-12
            ],
            [
                5.211413035638535e-10,
                4.847369215757116e-11,
                1.5737103760924564e-11,
                8.764249140617488e-08,
                0.9999999117721564
            ],
            [
                5.789356316471037e-12,
                1.0815941534381718e-11,
                3.0988191321597266e-12,
                1.8189616837011894e-09,
                0.9999999981613341
            ]
        ],
        [
            [
                0.9999999998545115,
                9.056076971882655e-11,
                0.0,
                0.0,
                5.492788340164375e-11
            ],
            [
                0.999999999633973,
                3.581747924494432e-10,
                1.2917800026982474e-12,
                0.0,
                6.560200157551315e-12
            ],
            [
                1.081594151248686e-11,
                2.6465736279472042e-09,
                0.9999999959898387,
                1.2501528612087015e-09,
                1.0261879589197941e-10
            ],
            [
                6.224133384843791e-11,
                4.8473599540572183e-11,
                2.940072430798925e-11,
                1.7603431337460096e-06,
                0.9999982395167506
            ],
            [
                4.8473598436696296e-11,
                1.162821176994729e-10,
                4.277780047751397e-11,
                1.067703076157603e-06,
                0.9999989320893903
            ]
        ],
        [
            [
                0.9999999996833018,
                2.7894680836199995e-10,
                0.0,
                0.0,
                3.7751345317620385e-11
            ],
            [
                0.9999723342225435,
                2.7535692691630156e-05,
                4.139820011796386e-08,
                2.845253910231972e-08,
                6.023402575228362e-08
            ],
            [
                2.5946094760415662e-11,
                5.602796389523252e-09,
                0.9999999916220651,
                2.646573616228902e-09,
                1.0261879543761153e-10
            ],
            [
                7.582560227518899e-10,
                6.224144458415185e-11,
                3.7751344445092936e-11,
                2.5109990893829315e-08,
                0.9999999740317602
            ],
            [
                1.1628211764544241e-10,
                5.492778305760275e-11,
                1.2256045030241112e-11,
                2.2603252732976007e-06,
                0.9999977394912608
            ]
        ],
        [
            [
                0.9999999983191343,
                1.6052280476734228e-09,
                5.109089004153675e-12,
                0.0,
                7.052879818105906e-11
            ],
            [
                0.9999999465446486,
                5.315784957851743e-08,
                9.05607648442578e-11,
                3.7751343336607765e-11,
                1.6918978282225475e-10
            ],
            [
                1.081594108660917e-11,
                4.1399375386278056e-08,
                0.9999999567003185,
                1.8189616083974257e-09,
                7.052879544192513e-11
            ],
            [
                2.4616970657526887e-10,
                7.052880177548002e-11,
                2.9400778753631764e-11,
                5.043472049279351e-07,
                0.9999994953066959
            ],
            [
                6.348800056809647e-09,
                4.847368661044513e-11,
                6.560200106947392e-12,
                2.335593017008354e-09,
                0.9999999912605732
            ]
        ],
        [
            [
                0.9999999996782754,
                2.789468086221962e-10,
                0.0,
                0.0,
                4.27778785877555e-11
            ],
            [
                3.524331157953245e-05,
                0.9967704350856584,
                0.0031725018059199734,
                2.1376149022791706e-05,
                4.4364781925757574e-07
            ],
            [
                1.879528767608701e-12,
                2.5109990903743273e-08,
                0.9999999741159855,
                7.582560230512655e-10,
                1.388794350341468e-11
            ],
            [
                1.7832472162815346e-11,
                4.2777876901733757e-11,
                2.0206838245651453e-11,
                4.139937545751168e-08,
                0.9999999585198074
            ],
            [
                1.2501527976855449e-09,
                1.0261879067768117e-10,
                3.775134336819457e-11,
                5.315784962299495e-08,
                0.9999999454516274
            ]
        ],
        [
            [
                0.9999999998106033,
                1.6918979192171932e-10,
                0.0,
                0.0,
                2.0206839049639598e-11
            ],
            [
                0.9999646414314274,
                3.5356257352746974e-05,
                1.6051700696688524e-09,
                2.461608028145384e-10,
                4.598889247365318e-10
            ],
            [
                1.2015425716756863e-13,
                9.736200300842847e-10,
                0.9999999989965325,
                2.940077735610442e-11,
                3.266131338705968e-13
            ],
            [
                1.6052280885387718e-09,
                9.056077177838521e-11,
                4.2777879578521593e-11,
                6.475946134452013e-07,
                0.9999993506668198
            ],
            [
                5.492788241538283e-11,
                2.5946094465918187e-11,
                4.508755152480374e-12,
                1.9555680698301126e-08,
                0.9999999803589366
            ]
        ],
        [
            [
                0.9999999997533553,
                2.172439928793674e-10,
                0.0,
                0.0,
                2.940077730778186e-11
            ],
            [
                0.9999998528328494,
                1.4449803102437322e-07,
                2.172440031501319e-10,
                1.162823354633236e-10,
                2.335593142463081e-09
            ],
            [
                0.0,
                7.991959890706079e-11,
                0.9999999999104527,
                9.54503492015595e-12,
                8.258073283233218e-14
            ],
            [
                6.224144926614336e-11,
                2.9400778827452904e-11,
                1.0815942085048547e-11,
                1.4449803166169206e-07,
                0.9999998553995101
            ],
            [
                1.493094862195166e-10,
                1.493094862195166e-10,
                2.5946098214925293e-11,
                6.825604226614902e-08,
                0.9999999314193927
            ]
        ],
        [
            [
                0.999999999848028,
                1.3176514251620348e-10,
                0.0,
                0.0,
                2.0206839061889658e-11
            ],
            [
                0.9999724638455775,
                2.753568976810519e-05,
                4.0585440407516485e-10,
                2.9399994422485864e-11,
                2.9399994422485864e-11
            ],
            [
                3.16088166865578e-10,
                8.315279824829863e-07,
                0.9999991596457333,
                8.152021267265696e-09,
                3.5817481731645857e-10
            ],
            [
                4.363462434005816e-09,
                4.599055569490381e-10,
                2.7894682086180614e-10,
                5.0434720251262e-07,
                0.9999994905504828
            ],
            [
                8.592167028931274e-10,
                7.991960274087467e-11,
                2.594609622012409e-11,
                1.4449803150198043e-07,
                0.9999998545368861
            ]
        ],
        [
            [
                0.9999999998906797,
                7.991959870928938e-11,
                0.0,
                0.0,
                2.94007773118193e-11
            ],
            [
                0.9999999991194395,
                8.592166603242681e-10,
                3.511422106865701e-12,
                0.0,
                1.7832472875081763e-11
            ],
            [
                1.3615261075833825e-13,
                6.224144620593391e-11,
                0.999999999845403,
                9.056076986305446e-11,
                1.6586783582974667e-12
            ],
            [
                1.2501529655390214e-09,
                7.991960526813245e-11,
                2.940077972468282e-11,
                1.1253518364466282e-07,
                0.9999998861053431
            ],
            [
                8.423463673748217e-12,
                1.5737101956057283e-11,
                5.109088979103909e-12,
                9.237449573449894e-09,
                0.9999999907332807
            ]
        ],
        [
            [
                0.9999999998059934,
                1.317651423266652e-10,
                0.0,
                0.0,
                6.224144605227601e-11
            ],
            [
                0.9999999976319462,
                2.3355930306917706e-09,
                7.433680646547581e-12,
                2.129785163562641e-12,
                2.289734837697174e-11
            ],
            [
                1.317651582591687e-10,
                3.059023566213463e-07,
                0.9999996864135694,
                7.194133879775087e-09,
                3.581748353199286e-10
            ],
            [
                1.1627923383922599e-10,
                1.6918528693445606e-10,
                1.91712046171446e-10,
                2.753568982608903e-05,
                0.9999724638329973
            ],
            [
                9.736200260590567e-10,
                3.331544524229617e-11,
                5.109089000556359e-12,
                3.8507419020355e-09,
                0.9999999951372136
            ]
        ],
        [
            [
                0.9999999998388343,
                1.3176514255142944e-10,
                0.0,
                0.0,
                2.940077735948114e-11
            ],
            [
                0.9999999931503629,
                4.9444504626159585e-09,
                4.847368667719651e-11,
                3.775134514255857e-11,
                1.8189616730870383e-09
            ],
            [
                1.060357598991279e-13,
                4.84736870553377e-11,
                0.9999999999279845,
                2.2897348452976618e-11,
                5.384940216935874e-13
            ],
            [
                1.2500957523854406e-09,
                3.5815842959297716e-10,
                5.211174401309194e-10,
                4.5397855638817834e-05,
                0.9999546000149895
            ],
            [
                7.991960896017498e-11,
                4.8473693146590616e-11,
                2.0206841626364036e-11,
                3.0590235889534584e-07,
                0.999999693949041
            ]
        ],
        [
            [
                0.9999999996833016,
                2.461696944520707e-10,
                0.0,
                0.0,
                7.052879830212558e-11
            ],
            [
                0.9999999988815746,
                1.1032560301617083e-09,
                2.1297851667438324e-12,
                7.835041769569481e-13,
                1.2256067419861369e-11
            ],
            [
                1.3887945582263827e-11,
                6.825604220348028e-08,
                0.9999999302875147,
                1.4166089618125387e-09,
                2.594609819110309e-11
            ],
            [
                2.0206840589405402e-11,
                3.33154478933994e-11,
                1.7832474231170946e-11,
                2.3823698442542848e-07,
                0.9999997616916608
            ],
            [
                3.775134942249932e-11,
                3.331544893374441e-11,
                2.0206841220406545e-11,
                8.764249143361748e-08,
                0.999999912266235
            ]
        ],
        [
            [
                0.9999999997568099,
                2.1724399294767655e-10,
                0.0,
                0.0,
                2.5946094915855313e-11
            ],
            [
                0.9999999990188575,
                9.736200292715443e-10,
                2.4133627668028042e-12,
                0.0,
                5.109089017413948e-12
            ],
            [
                0.0,
                1.573710210421782e-11,
                0.9999999999636857,
                2.020683908682582e-11,
                3.7010116779706085e-13
            ],
            [
                2.1724402074758476e-10,
                1.3176515922265759e-10,
                2.2897351327497e-11,
                3.0590235885815553e-07,
                0.9999996937257346
            ],
            [
                5.211412351301741e-10,
                4.847368579224742e-11,
                8.423463533696649e-12,
                2.5109990899327767e-08,
                0.9999999743119707
            ]
        ],
        [
            [
                0.9999999997460414,
                1.9171715101939325e-10,
                0.0,
                0.0,
                6.224144611335937e-11
            ],
            [
                0.9999999467777798,
                5.3157849639761404e-08,
                3.33154436013472e-11,
                5.1090887489086835e-12,
                2.594609356510042e-11
            ],
            [
                3.978962432148468e-12,
                2.510999090309232e-08,
                0.9999999741099417,
                7.582560230316083e-10,
                1.7832472443445552e-11
            ],
            [
                2.0206838733063153e-11,
                2.940077687318142e-11,
                9.545034754130654e-12,
                1.7257827682925425e-08,
                0.9999999826830196
            ],
            [
                1.0815941536631273e-11,
                1.5737102076810896e-11,
                6.56020015562624e-12,
                1.416608783938001e-09,
                0.9999999985502779
            ]
        ],
        [
            [
                0.9999999996916524,
                2.789468085493737e-10,
                0.0,
                0.0,
                2.9400777315110815e-11
            ],
            [
                0.9999999985598831,
                1.4166087835289616e-09,
                2.413362766527742e-12,
                8.878265458941919e-13,
                2.02068390458e-11
            ],
            [
                2.4133627225712197e-12,
                1.9555680688676423e-08,
                0.9999999797570103,
                6.691585954702924e-10,
                1.5737101785634347e-11
            ],
            [
                6.224144418970219e-11,
                3.7751344205847126e-11,
                1.7832472323855485e-11,
                3.22418663161446e-08,
                0.9999999676403084
            ],
            [
                6.224145406122675e-11,
                2.2897351337742102e-11,
                5.7893570572339834e-12,
                3.0590235899502727e-07,
                0.9999996940067128
            ]
        ],
        [
            [
                0.9999999995619056,
                3.581747921331504e-10,
                0.0,
                0.0,
                7.991959872980041e-11
            ],
            [
                0.9999999578169149,
                4.139937533193172e-08,
                1.0261879171665329e-10,
                9.056076583692027e-11,
                5.905303734211277e-10
            ],
            [
                1.9810087924185648e-13,
                2.6465736313870364e-09,
                0.999999997326994,
                2.5946094909020785e-11,
                2.882350785252182e-13
            ],
            [
                1.605228029512733e-09,
                1.6918978955561154e-10,
                2.0206838767048325e-11,
                1.3440409736178641e-08,
                0.9999999847649657
            ],
            [
                6.22414512549731e-11,
                5.492788794488385e-11,
                2.0206840721891473e-11,
                1.1253518380629095e-07,
                0.99999988732744
            ]
        ],
        [
            [
                0.9999999997776743,
                9.056076971186811e-11,
                0.0,
                0.0,
                1.3176514243198414e-10
            ],
            [
                1.566633696315818e-05,
                0.2687439294233903,
                0.0003146667895246134,
                0.7305216972945847,
                0.00040404015553713557
            ],
            [
                0.0,
                7.991959887504468e-11,
                0.999999999839273,
                7.991959887504468e-11,
                8.87826547240585e-13
            ],
            [
                3.331474928929153e-11,
                1.1627990056148559e-10,
                7.052732479887727e-11,
                2.1444939759331686e-05,
                0.9999785548401187
            ],
            [
                2.461697210941214e-10,
                4.2777883192621703e-11,
                1.2256068734211021e-11,
                8.76424914199549e-08,
                0.9999999120563049
            ]
        ],
        [
            [
                0.9999999999313194,
                4.8473686959461633e-11,
                0.0,
                0.0,
                2.0206839047184952e-11
            ],
            [
                0.9999999943210471,
                5.602796396725486e-09,
                1.081594147850042e-11,
                3.098819116149467e-12,
                6.224144577569989e-11
            ],
            [
                1.1032519233239338e-09,
                3.7266392923530656e-06,
                0.9999962021827212,
                6.825577954730664e-08,
                1.8189549129249966e-09
            ],
            [
                7.99195978225797e-11,
                3.775134491990028e-11,
                1.3887943672603283e-11,
                1.3440409764973038e-08,
                0.9999999864280313
            ],
            [
                5.4927883438795324e-11,
                1.2256067428312686e-11,
                2.7346982880693643e-12,
                7.582560418144961e-10,
                0.9999999991718254
            ]
        ],
        [
            [
                0.9999999998247444,
                1.493094673219609e-10,
                0.0,
                0.0,
                2.5946094931022516e-11
            ],
            [
                0.9999999985624228,
                1.4166087830438297e-09,
                2.1297851655443566e-12,
                1.006039276727139e-12,
                1.783247286283705e-11
            ],
            [
                0.0,
                4.277787867366012e-11,
                0.9999999999413649,
                1.5737102100965843e-11,
                1.201542572726933e-13
            ],
            [
                1.0261861101263416e-10,
                9.05606063661831e-11,
                5.492778432325715e-11,
                1.760343133402354e-06,
                0.9999982394087596
            ],
            [
                2.4133627516068857e-12,
                6.560200113172919e-12,
                2.734698268672442e-12,
                8.152020646148303e-09,
                0.9999999918362711
            ]
        ],
        [
            [
                0.9999999996216704,
                3.1608814473683156e-10,
                0.0,
                0.0,
                6.224144609231525e-11
            ],
            [
                0.9980732356721416,
                0.0019267342829497771,
                2.211680015925167e-08,
                2.9931834138398856e-09,
                4.934925161504644e-09
            ],
            [
                0.0,
                6.224144620106968e-11,
                0.999999999908183,
                2.940077737961462e-11,
                1.748234127484366e-13
            ],
            [
                2.7892022045401354e-10,
                4.598617002909011e-10,
                2.4614623061887945e-10,
                9.610239917817662e-05,
                0.9999038966158937
            ],
            [
                4.058544041716027e-10,
                5.905146736546675e-10,
                1.2501195739369593e-09,
                2.7535689774648132e-05,
                0.9999724620637367
            ]
        ],
        [
            [
                0.9999999999194709,
                4.2777878639050166e-11,
                0.0,
                0.0,
                3.77513453981015e-11
            ],
            [
                0.999996271924439,
                3.7266390968791007e-06,
                6.691560817835521e-10,
                2.461687654230051e-10,
                5.211392804900233e-10
            ],
            [
                1.2917799925066158e-12,
                9.237449574161404e-09,
                0.9999999906259821,
                1.3176514144842382e-10,
                3.511422079997695e-12
            ],
            [
                4.59905559049553e-10,
                5.4927886039653215e-11,
                2.0206840020996292e-11,
                5.043472048161121e-07,
                0.999999495117755
            ],
            [
                2.2897348421344133e-11,
                1.2256067425305707e-11,
                3.511422107992005e-12,
                9.73620029807982e-10,
                0.9999999989877151
            ]
        ],
        [
            [
                0.9999999998834932,
                1.0261879617677393e-10,
                0.0,
                0.0,
                1.3887943845983929e-11
            ],
            [
                0.9999993653108783,
                2.38236747254323e-07,
                1.6052281070982363e-09,
                2.0611536890956874e-09,
                3.9278599266061273e-07
            ],
            [
                2.734698236453362e-12,
                1.9555680693557943e-08,
                0.9999999800291592,
                4.058652044642885e-10,
                6.560200035883363e-12
            ],
            [
                2.0206802607250832e-11,
                3.3315385271413255e-11,
                2.5946048137702193e-11,
                1.7603431338924256e-06,
                0.9999982395773979
            ],
            [
                7.991960891233101e-11,
                1.3176515915979566e-10,
                4.277788403309332e-11,
                6.825604228923942e-08,
                0.9999999314894951
            ]
        ],
        [
            [
                0.9999999997053566,
                2.4616969460161263e-10,
                0.0,
                0.0,
                4.8473686948508386e-11
            ],
            [
                0.9999999995084015,
                3.5817479240446665e-10,
                1.6586783560252258e-12,
                0.0,
                1.3176514247145255e-10
            ],
            [
                1.36152610560386e-13,
                1.6052280522548812e-09,
                0.9999999983235686,
                7.052879838235429e-11,
                5.384940207922531e-13
            ],
            [
                9.056060432616548e-11,
                1.0261860870099134e-10,
                3.331538451165786e-11,
                1.0677030762120103e-06,
                0.9999989320704291
            ],
            [
                1.8189616658006496e-09,
                1.3176514112521636e-10,
                1.225606729753299e-11,
                9.23744955150281e-09,
                0.9999999887995675
            ]
        ],
        [
            [
                0.9999999996411342,
                3.160881447429838e-10,
                0.0,
                0.0,
                4.2777878596527143e-11
            ],
            [
                0.9999999965863977,
                3.3982678030807203e-09,
                5.789356300766839e-12,
                0.0,
                9.545034876736095e-12
            ],
            [
                3.978962453837693e-12,
                1.955568068484168e-08,
                0.9999999795609167,
                8.592166442104394e-10,
                2.0206838673794112e-11
            ],
            [
                2.1724360811573209e-10,
                9.056060924137048e-11,
                5.4927786067146444e-11,
                1.3709566542943026e-06,
                0.9999986286806137
            ],
            [
                3.581747857170011e-10,
                2.9400776792695284e-11,
                9.545034728000631e-12,
                1.9555680688666116e-08,
                0.9999999800471988
            ]
        ],
        [
            [
                0.9999999997342823,
                2.172439929427826e-10,
                0.0,
                0.0,
                4.8473686936607434e-11
            ],
            [
                0.999999958230942,
                4.139937537330821e-08,
                7.052879541982944e-11,
                2.020683820455214e-11,
                2.789467970605948e-10
            ],
            [
                1.1032413731052765e-09,
                1.3007124822857036e-05,
                0.999986878135015,
                1.1253367943630354e-07,
                1.1032413731052765e-09
            ],
            [
                2.1724359612481718e-10,
                2.1724359612481718e-10,
                5.4927783035368367e-11,
                2.2603252723826365e-06,
                0.9999977391853127
            ],
            [
                1.0261880106348449e-10,
                1.4930947452578308e-10,
                5.492788605014678e-11,
                5.043472049124639e-07,
                0.9999994953459389
            ]
        ],
        [
            [
                0.9999999997990758,
                1.9171715109763484e-10,
                7.83504177369514e-13,
                0.0,
                8.423463742245553e-12
            ],
            [
                0.999983297994201,
                1.6701415069649226e-05,
                3.5816866563346315e-10,
                1.1628034102835156e-10,
                1.1628034102835156e-10
            ],
            [
                6.43139393367671e-14,
                9.7362003012389e-10,
                0.9999999990082853,
                1.7832472886587665e-11,
                1.981008795654022e-13
            ],
            [
                1.9171460310485755e-10,
                2.461664231368397e-10,
                2.172411059385899e-10,
                1.3007124763333436e-05,
                0.9999869922201146
            ],
            [
                2.5946094845986178e-11,
                1.5737102023902553e-11,
                6.56020013357076e-12,
                4.944450475873278e-09,
                0.9999999950073062
            ]
        ],
        [
            [
                0.9999999996545113,
                3.1608814467065814e-10,
                0.0,
                0.0,
                2.940077732208757e-11
            ],
            [
                0.9999999111488164,
                8.764249125183626e-08,
                2.789468381146109e-10,
                7.052880579991028e-11,
                8.59216750713035e-10
            ],
            [
                4.8473686531199347e-11,
                9.237449560684011e-09,
                0.9999999892269392,
                1.4166087711103955e-09,
                7.0528797737789e-11
            ],
            [
                3.331544457203087e-11,
                2.940077664304602e-11,
                1.388794351078419e-11,
                2.510999091706766e-08,
                0.999999974813405
            ],
            [
                2.289734817665402e-11,
                1.5737101914558323e-11,
                3.978962487215028e-12,
                1.186112000640306e-08,
                0.9999999880962666
            ]
        ],
        [
            [
                0.999999999539207,
                4.058652115126135e-10,
                0.0,
                0.0,
                5.492788335594727e-11
            ],
            [
                0.9999999979171366,
                2.061153615225608e-09,
                4.508755226516561e-12,
                1.4637785090034567e-12,
                1.5737102051791348e-11
            ],
            [
                7.2877240889599e-14,
                7.582560420774591e-10,
                0.9999999992080291,
                3.331544539030495e-11,
                3.266131339713102e-13
            ],
            [
                1.081594120375664e-11,
                1.783247232527552e-11,
                9.545034610852333e-12,
                3.2241866318712077e-08,
                0.9999999677199403
            ],
            [
                1.1627546330112919e-10,
                1.4930065021579262e-10,
                1.1627546330112919e-10,
                5.829127675640549e-05,
                0.9999417083413921
            ]
        ],
        [
            [
                0.9999999997494406,
                2.1724399294607562e-10,
                0.0,
                0.0,
                3.3315445335505305e-11
            ],
            [
                0.9999999907407494,
                9.237449563352881e-09,
                9.545034820939177e-12,
                0.0,
                1.225606731325543e-11
            ],
            [
                0.0,
                2.594609497694564e-11,
                0.9999999999674434,
                6.560200166682498e-12,
                5.0087746367201694e-14
            ],
            [
                1.2501529229373358e-09,
                5.49278859942065e-11,
                2.020684000427738e-11,
                5.043472043988209e-07,
                0.999999494327508
            ],
            [
                7.991959838570553e-11,
                1.3887943770459877e-11,
                3.978962508761349e-12,
                6.34880007284161e-09,
                0.9999999935534134
            ]
        ],
        [
            [
                0.9999999997960269,
                1.9171715106513784e-10,
                0.0,
                0.0,
                1.2256067424237522e-11
            ],
            [
                0.9999999878799795,
                1.1861119986011887e-08,
                2.940077698302781e-11,
                1.2256067273262377e-11,
                2.1724399047974155e-10
            ],
            [
                5.905281647286067e-10,
                3.7266390666444545e-06,
                0.9999962605511565,
                1.1861075256838679e-08,
                3.5817343733173246e-10
            ],
            [
                2.9400499252273233e-11,
                5.492736387454854e-11,
                4.2777473997546404e-11,
                1.0129988104055323e-05,
                0.9999898698847905
            ],
            [
                2.0206838971721026e-11,
                1.5737102014574117e-11,
                8.42346370507002e-12,
                5.602796404680185e-09,
                0.9999999943528362
            ]
        ],
        [
            [
                0.9999999994245812,
                3.58174791985667e-10,
                0.0,
                0.0,
                2.1724399287550186e-10
            ],
            [
                0.9999991682284017,
                8.315279886636271e-07,
                1.6918980499198433e-10,
                2.594609693504567e-11,
                4.847369071004364e-11
            ],
            [
                2.7346982476587548e-12,
                1.5229979500041938e-08,
                0.9999999840842393,
                6.691585983791982e-10,
                1.388794364185323e-11
            ],
            [
                1.3887944177895946e-11,
                4.2777879653588176e-11,
                2.5946095567398472e-11,
                6.475946145815996e-07,
                0.9999993523227736
            ],
            [
                2.0206838953959035e-11,
                1.2256067361451713e-11,
                3.978962509005438e-12,
                6.348800073231076e-09,
                0.9999999936147581
            ]
        ],
        [
            [
                0.9999999999282134,
                6.22414461467984e-11,
                0.0,
                0.0,
                9.54503491022267e-12
            ],
            [
                0.9999996935464843,
                3.059023585304641e-07,
                4.847369308877098e-11,
                4.27778840076767e-11,
                4.59905595038977e-10
            ],
            [
                2.244777050910877e-13,
                1.6052280522465033e-09,
                0.999999998360757,
                3.331544536066487e-11,
                4.752193054070077e-13
            ],
            [
                1.9171715011208626e-10,
                2.9400777199043165e-11,
                9.545034859922473e-12,
                5.602796400605228e-09,
                0.9999999941665405
            ],
            [
                5.905303901681736e-10,
                4.847368626432495e-11,
                1.0815941379143569e-11,
                1.522997949386984e-08,
                0.9999999841202005
            ]
        ],
        [
            [
                0.999999999315188,
                4.05865211421692e-10,
                0.0,
                0.0,
                2.789468084443601e-10
            ],
            [
                0.9999999990034383,
                9.736200291135103e-10,
                2.734698285447788e-12,
                0.0,
                2.020683904482317e-11
            ],
            [
                2.413362767278906e-12,
                1.605228052156352e-09,
                0.9999999982291612,
                1.4930946733795137e-10,
                1.3887943838755789e-11
            ],
            [
                2.94007780565169e-11,
                4.2777879655327304e-11,
                1.7832473310683914e-11,
                6.475946146079276e-07,
                0.9999993523153742
            ],
            [
                5.492788336944595e-11,
                2.2897348398052792e-11,
                5.789356313964127e-12,
                2.061153617181311e-09,
                0.9999999978552319
            ]
        ],
        [
            [
                0.9999999998795488,
                1.0261879611799869e-10,
                0.0,
                0.0,
                1.783247287356186e-11
            ],
            [
                0.9999998144001474,
                1.855391595673979e-07,
                3.7751350184784106e-11,
                5.109089669822308e-12,
                1.7832475148105337e-11
            ],
            [
                3.9008376081852363e-14,
                3.1608814526967396e-10,
                0.9999999996576385,
                2.594609496949191e-11,
                2.882350791969917e-13
            ],
            [
                1.2501528239390043e-09,
                7.052879611638408e-11,
                3.331544429047021e-11,
                3.224186627782574e-08,
                0.9999999664041366
            ],
            [
                2.1724399226597312e-10,
                2.940077722476797e-11,
                4.50875521651942e-12,
                4.9444504736724805e-09,
                0.999999994804396
            ]
        ],
        [
            [
                0.999999999807913,
                1.6918979178124063e-10,
                0.0,
                0.0,
                2.289734839145773e-11
            ],
            [
                0.9999999995870537,
                4.058652117417155e-10,
                1.291780001902862e-12,
                0.0,
                5.789356315809341e-12
            ],
            [
                1.5428112027102486e-13,
                1.1628233026590836e-10,
                0.999999999857007,
                2.5946094974664743e-11,
                6.101936675700404e-13
            ],
            [
                2.461697071183684e-10,
                1.0261880129302994e-10,
                2.940077881849576e-11,
                1.4449803161766975e-07,
                0.9999998551237791
            ],
            [
                1.4166089638097245e-09,
                2.4616972596846477e-10,
                2.940078106981872e-11,
                1.8553915946583387e-07,
                0.999999812768661
            ]
        ],
        [
            [
                0.9999999997402496,
                1.6918979182240742e-10,
                0.0,
                0.0,
                9.056076966169237e-11
            ],
            [
                0.9999996064738906,
                3.927863689534803e-07,
                2.7894681951722183e-10,
                1.0261880008054676e-10,
                3.5817480616432104e-10
            ],
            [
                2.6810038666618585e-14,
                1.1628233025363468e-10,
                0.9999999998284363,
                5.492788348660162e-11,
                3.2661313414230754e-13
            ],
            [
                1.6052280454898803e-09,
                4.277787843130749e-11,
                2.0206838968170925e-11,
                3.850741899508766e-09,
                0.9999999944810454
            ],
            [
                1.1032560270285628e-09,
