{
    "[['A', 'B', 'C', 'D', 'E'], ['A', 'B', 'C', 'D', 'E']]": [
        [
            [
                0.9933067950310709,
                3.038548386511368e-07,
                6.3063059859242136e-09,
                4.659764870701618e-08,
                0.00669284821013578
            ],
            [
                0.001348779299869638,
                0.3300353857975902,
                0.4237738082879403,
                0.044665436107711655,
                0.2001765905068882
            ],
            [
                7.504871618234991e-06,
                0.0473609048912775,
                0.951269241316053,
                0.0002485272155298143,
                0.001113821705521521
            ],
            [
                1.669214671973834e-05,
                1.0670932387414314e-06,
                1.7593393205332883e-06,
                0.0005527677300144416,
                0.9994277136907066
            ],
            [
                0.9706610337787737,
                2.6728546014692412e-05,
                4.3202670885802337e-07,
                3.812622324010224e-07,
                0.029311424386270362
            ]
        ],
        [
            [
                9.610231302993984e-05,
                2.998669420132963e-09,
                2.1722288422047156e-10,
                1.3708258722549289e-06,
                0.9999025236452055
            ],
            [
                0.0009555301625169519,
                0.8160791208079469,
                0.18209186444553427,
                0.00012931694518535824,
                0.0007441676388165488
            ],
            [
                6.914400090593989e-13,
                2.06115361756582e-09,
                0.999999997882087,
                5.492788337969278e-11,
                1.1399918503493204e-12
            ],
            [
                0.9523555279843333,
                0.00011753002633440895,
                2.042365614996491e-05,
                9.153247654364053e-05,
                0.04741498585663884
            ],
            [
                0.999664418670762,
                2.1017283274384653e-07,
                3.849449708758621e-09,
                1.7252036686559554e-08,
                0.0003353500549189246
            ]
        ],
        [
            [
                0.8175744200507302,
                4.3460466699617116e-08,
                1.9095196406233855e-09,
                3.3847045498310525e-08,
                0.1824255007322379
            ],
            [
                1.9612272937149777e-06,
                0.0051593760177953505,
                0.9832029700310527,
                0.0031293197397789536,
                0.008506372984079318
            ],
            [
                6.101936631158838e-13,
                7.194132975565359e-09,
                0.9999999926344084,
                1.6918979097368072e-10,
                1.6586783462887674e-12
            ],
            [
                0.022973139693073266,
                2.6898774485526583e-05,
                2.5019757691640826e-06,
                0.00015479175963568594,
                0.9768426677970364
            ],
            [
                0.9914213031145103,
                9.341624852559527e-07,
                2.1969395916467348e-08,
                2.67642033072667e-07,
                0.008577473111575496
            ]
        ],
        [
            [
                0.7310570700965572,
                1.6524297381113274e-06,
                4.9899101967658365e-08,
                3.687069120988084e-07,
                0.26894085886769065
            ],
            [
                0.005214229823414987,
                0.9936561859485059,
                0.00020217762248543624,
                2.1309364633726325e-05,
                0.0009060972409599148
            ],
            [
                1.06723265830365e-06,
                0.00043055258901891004,
                0.9995588141684424,
                4.7830049402273076e-06,
                4.7830049402273076e-06
            ],
            [
                4.539785268142506e-05,
                1.2751322505551118e-07,
                5.602540105370606e-09,
                6.475655896141361e-07,
                0.9999538214659638
            ],
            [
                0.9914211181626533,
                1.0585438150010363e-06,
                4.650921369179042e-08,
                3.032778806844826e-07,
                0.008577473506437238
            ]
        ],
        [
            [
                0.995716471373704,
                0.0005507151177932895,
                1.295158435511991e-05,
                0.0031691468063542306,
                0.0005507151177932895
            ],
            [
                0.008582558511416614,
                0.13425380341859613,
                0.7725772377265563,
                0.0031573468290011504,
                0.08142905351442983
            ],
            [
                3.9227389545962363e-07,
                0.000910692688923094,
                0.9986956714713954,
                5.821860805863663e-05,
                0.0003350249577275591
            ],
            [
                0.6219725983601763,
                4.655578689707425e-05,
                7.1395611560403776e-06,
                0.0007282550365096436,
                0.377245451255261
            ],
            [
                1.1861119730875239e-08,
                5.211412303147534e-10,
                1.4930946232679798e-10,
                2.2159488987827234e-08,
                0.9999999653089405
            ]
        ],
        [
            [
                0.9990889337372725,
                5.5976905208744575e-09,
                4.8429512228003396e-11,
                9.229031428562199e-09,
                0.0009110513875761089
            ],
            [
                1.966135892714216e-06,
                0.010949735914916853,
                0.9856636335481029,
                0.001481885611411383,
                0.0019027787896760695
            ],
            [
                5.315714578146689e-08,
                1.0129958913485551e-05,
                0.999986988871219,
                1.0676898143249228e-06,
                1.7603229073873707e-06
            ],
            [
                0.9998415357270598,
                2.5106016832441245e-08,
                2.7890265408064285e-10,
                2.6461547059764207e-09,
                0.00015843624186596982
            ],
            [
                0.1824245649018845,
                2.688791034200469e-06,
                1.9477536923335568e-07,
                2.3728497593791444e-06,
                0.8175701786819527
            ]
        ],
        [
            [
                0.9999417068555122,
                1.8188542642002266e-09,
                1.573617271275661e-11,
                3.3313477894325664e-11,
                5.8291276583896636e-05
            ],
            [
                0.001029948757251326,
                0.879636653548418,
                0.1190458636368785,
                0.00010855580035274562,
                0.00017897825709944817
            ],
            [
                3.4601609803760287e-07,
                0.0015007653614835714,
                0.9982214228424602,
                1.6671989255609087e-05,
                0.0002607937907026333
            ],
            [
                0.9889655200292248,
                4.489896155005269e-05,
                9.31848218188047e-07,
                2.235387668338568e-06,
                0.010986413773338645
            ],
            [
                0.49999507041756636,
                5.064995944662198e-06,
                3.237943577629017e-07,
                4.469843232767927e-06,
                0.49999507094889845
            ]
        ],
        [
            [
                0.9770223903955962,
                1.8127589274982474e-07,
                4.830834303580018e-09,
                5.8851609728522736e-08,
                0.022977364646066888
            ],
            [
                1.9602866588493193e-06,
                0.00012127864108573067,
                0.0031278173782962504,
                0.01401790531031324,
                0.982731038383646
            ],
            [
                0.00012054584147528467,
                0.9767926647900822,
                0.022971960446465926,
                2.0947726239712442e-05,
                9.388119573695314e-05
            ],
            [
                0.9980217791771925,
                4.531013810272847e-05,
                2.556223072138947e-06,
                3.719282623811131e-06,
                0.001926635179008824
            ],
            [
                0.9997386858735099,
                1.1250578418731444e-07,
                2.0606153160687113e-09,
                9.23503714019636e-09,
                0.00026119032505345405
            ]
        ],
        [
            [
                0.9999929005835292,
                5.31574473414836e-08,
                8.592101124247826e-10,
                2.260314332923942e-06,
                4.785085480349852e-06
            ],
            [
                6.454323133924508e-07,
                0.0019240056922644206,
                0.9966597445976603,
                0.0007078021388809092,
                0.0007078021388809092
            ],
            [
                4.1937956274221173e-13,
                7.194132977220304e-09,
                0.9999999927500445,
                5.492788310408455e-11,
                4.752193027691792e-13
            ],
            [
                1.6701383435209963e-05,
                8.764081686804747e-08,
                2.2159068712914927e-08,
                2.2602864576474115e-06,
                0.9999809285302216
            ],
            [
                0.9980731904529428,
                6.011970087841465e-08,
                1.6021357605414486e-09,
                1.3414518485076358e-08,
                0.001926734410701959
            ]
        ],
        [
            [
                0.7181124169806979,
                0.0006548337534842291,
                0.00016556790155025747,
                0.26417879627265783,
                0.016888385091609674
            ],
            [
                0.0010793959996139647,
                0.43545948128583095,
                0.0013859718981754023,
                0.0029341025314620272,
                0.5591410482849176
            ],
            [
                5.384940186110563e-13,
                5.602796404613609e-09,
                0.9999999943409537,
                5.4927883186774646e-11,
                7.83504173902341e-13
            ],
            [
                0.8175707873498581,
                2.688793957483682e-06,
                1.947755809952814e-07,
                1.6308359728639202e-06,
                0.18242469824463062
            ],
            [
                0.998830418961281,
                6.016524153341092e-08,
                1.248689751037163e-09,
                9.226638620573344e-09,
                0.0011695103981490121
            ]
        ],
        [
            [
                0.9959099222566778,
                1.1431954893807966e-05,
                7.308204257726971e-07,
                0.0031697627385105396,
                0.0009081522294919621
            ],
            [
                4.009088299077122e-06,
                0.0030216667395176274,
                0.44845521714285086,
                0.4484552234245719,
                0.10006388360476053
            ],
            [
                2.9140539213545202e-05,
                0.4998837192545726,
                0.4998837192545726,
                0.00010171047582063813,
                0.00010171047582063813
            ],
            [
                0.9959278752084804,
                1.7531773410135225e-06,
                3.211059370894876e-08,
                2.0938717373519994e-07,
                0.004070130116411081
            ],
            [
                0.6224590436444594,
                3.1393582846521037e-07,
                1.074229332069346e-08,
                1.4829278507400593e-07,
                0.3775404833846338
            ]
        ],
        [
            [
                0.9984982780488562,
                3.647995134300481e-08,
                6.681536154770696e-10,
                5.035901946186278e-07,
                0.001501181212844297
            ],
            [
                6.176509979318072e-05,
                0.18411912365148636,
                0.5004876441985907,
                0.011770338976025021,
                0.3035611280741048
            ],
            [
                3.2661313416306334e-13,
                1.026187962806729e-10,
                0.9999999998150051,
                7.991959890123302e-11,
                2.1297851702014477e-12
            ],
            [
                0.4233089196275797,
                0.006038178073179152,
                0.006038178073179152,
                0.021075312313621364,
                0.5435394119124407
            ],
            [
                0.3208179849693656,
                1.3547672789302711e-06,
                1.2601298644901964e-07,
                8.834192376046112e-06,
                0.6791717000579931
            ]
        ],
        [
            [
                0.9993932785362953,
                1.0123952161875034e-05,
                2.3809253400137102e-07,
                0.00033525925144867186,
                0.0002611001675601587
            ],
            [
                0.02125615017730819,
                0.4269412211811332,
                0.0022403817458588183,
                0.0013588602183238906,
                0.5482033866773759
            ],
            [
                6.101936675738138e-13,
                1.1628233026662745e-10,
                0.9999999998257663,
                5.492788349273897e-11,
                2.4133627710947278e-12
            ],
            [
                1.0677030471499628e-06,
                1.4166061581249064e-09,
                1.9171679564456395e-10,
                2.510994496583832e-08,
                0.999998905578685
            ],
            [
                1.1253496836265509e-07,
                8.15200576604791e-09,
                2.9989553256400805e-09,
                1.0677030704183458e-06,
                0.9999988086110001
            ]
        ],
        [
            [
                0.11920186579421316,
                4.1319230058956856e-08,
                2.0571633318527838e-09,
                8.922477772037865e-06,
                0.8807891683516214
            ],
            [
                0.0002078868739144839,
                0.20118769946905146,
                0.5468849201534132,
                0.09503434005209112,
                0.1566851534515298
            ],
            [
                8.258073283748995e-14,
                2.2897348451445426e-11,
                0.9999999999503826,
                2.5946094977087474e-11,
                6.914400105427282e-13
            ],
            [
                0.14767949664146954,
                0.0003660609594274642,
                1.1054077876776575e-05,
                0.002106535376702511,
                0.8498368529445238
            ],
            [
                0.060081942201169164,
                7.414700687641393e-06,
                5.371191162944397e-07,
                7.034872143000743e-05,
                0.9398397572575969
            ]
        ],
        [
            [
                0.9999921079301579,
                1.818947899684911e-09,
                1.225597454217476e-11,
                9.736126511869625e-10,
                7.889265025517134e-06
            ],
            [
                7.332298518128886e-05,
                0.28065301829784267,
                0.4627186009538455,
                0.03798225572254878,
                0.21857280204058166
            ],
            [
                1.5450902614034091e-06,
                0.005219110935606172,
                0.9945865743905467,
                3.516609225957138e-05,
                0.00015760349132622108
            ],
            [
                0.9626712499014306,
                1.1647048111396798e-06,
                6.570808644183252e-08,
                7.06429177471028e-07,
                0.037326813256494416
            ],
            [
                0.996824175057676,
                2.8931040040556094e-06,
                2.2089100590107637e-08,
                2.3748043819170077e-07,
                0.0031726722687811333
            ]
        ],
        [
            [
                2.902312161583632e-06,
                8.592134010066112e-10,
                1.16281888985923e-10,
                1.0467362068718532e-08,
                0.9999970862449811
            ],
            [
                0.00021433741299958805,
                0.4975997192966272,
                0.49759971538939574,
                0.0012334266504155748,
                0.0033528012505617644
            ],
            [
                2.8823507926857546e-13,
                9.056076987289315e-11,
                0.9999999998530831,
                5.4927883495089857e-11,
                1.1399918527443103e-12
            ],
            [
                0.047371792585218606,
                2.0405046142984963e-05,
                5.846143600118712e-06,
                0.0011140777707479242,
                0.9514878784542904
            ],
            [
                0.7310497168463702,
                4.491722545853334e-06,
                2.236296974798758e-07,
                7.405598503431723e-06,
                0.268938162202883
            ]
        ],
        [
            [
                0.9999563910697559,
                1.012965013297474e-05,
                7.73408331693495e-08,
                1.670096963898584e-05,
                1.670096963898584e-05
            ],
            [
                0.00016006126236397803,
                0.4771360204522877,
                0.37159389994691344,
                0.014408255670345482,
                0.13670176266808942
            ],
            [
                1.4637784769534403e-12,
                2.5109990919774785e-08,
                0.9999999747968447,
                9.056076759694947e-11,
                1.1399918240944076e-12
            ],
            [
                0.9994440162275012,
                2.9007075094455457e-06,
                6.821803695193671e-08,
                2.3810457192117054e-07,
                0.00055277674238041
            ],
            [
                0.9999951416953158,
                6.825565017553155e-08,
                1.1032498322239472e-09,
                3.850720282223813e-09,
                4.785095063967005e-06
            ]
        ],
        [
            [
                5.8291168119968333e-05,
                7.733950740654139e-08,
                2.5108461903813027e-08,
                1.7602407538535126e-06,
                0.9999398461431568
            ],
            [
                5.964573119638637e-07,
                0.0003501119192477747,
                0.8128101530752019,
                0.005476671871059555,
                0.18136246667717895
            ],
            [
                1.4982091563400342e-05,
                0.09454728615329912,
                0.8970397614410409,
                0.0006370547438997947,
                0.007760915570196748
            ],
            [
                0.6771613619245445,
                0.0027674032718018543,
                6.508308682732411e-05,
                0.00013778089589464926,
                0.3198683708209317
            ],
            [
                0.9999724512844423,
                1.1860804140467245e-08,
                1.9171204353573774e-10,
                9.73594091548587e-10,
                2.7535689447521033e-05
            ]
        ],
        [
            [
                0.9848203237336925,
                2.1119875961146025e-05,
                2.5224094754646077e-06,
                0.008520366207486238,
                0.00663566777338443
            ],
            [
                0.014798526689287843,
                0.8079721768688687,
                0.06632239532048748,
                0.0015597532377089921,
                0.10934714788364688
            ],
            [
                1.8189547562945102e-09,
                2.9023121170501134e-06,
                0.9999970695088842,
                2.510989587436716e-08,
                1.2501481026070627e-09
            ],
            [
                0.9769248906255358,
                9.389382453736478e-05,
                3.6406586667270214e-06,
                2.502185669378917e-06,
                0.022975072705590693
            ],
            [
                0.0015011663296289302,
                5.706365203698113e-07,
                1.1236510031837089e-07,
                1.011477434274999e-05,
                0.9984880358944076
            ]
        ],
        [
            [
                0.017986203038374157,
                1.1647779058809375e-08,
                3.5173245025731887e-10,
                3.403980006357708e-07,
                0.9820134445641138
            ],
            [
                1.1245301127926538e-07,
                0.0004304280496711892,
                0.9992700982036357,
                0.0002033198140262179,
                9.604147965550875e-05
            ],
            [
                1.1861076149346443e-08,
                2.902312409576123e-06,
                0.9999969318925334,
                1.1253475723993164e-07,
                4.139922360578997e-08
            ],
            [
                0.9988211593277269,
                6.136968899582338e-06,
                3.0554169017496065e-07,
                2.898898843374528e-06,
                0.0011694992628400712
            ],
            [
                0.9999920812968188,
                2.845313163517505e-08,
                3.160857408373123e-10,
                6.691535186036197e-10,
                7.88926481032244e-06
            ]
        ],
        [
            [
                0.9997740444663419,
                1.0674628026701226e-06,
                2.510429496260639e-08,
                2.1440563537160138e-05,
                0.00020342240302323618
            ],
            [
                0.00019162415927173398,
                0.9417883408734371,
                0.04688887462152712,
                0.0006688340347936429,
                0.010462326310970363
            ],
            [
                2.2159196722175837e-08,
                1.3007125637288487e-05,
                0.9999868216471405,
                1.1253368648251623e-07,
                3.653433897747986e-08
            ],
            [
                1.8552516058680554e-07,
                8.763596412924084e-08,
                3.6532105003388644e-08,
                7.48461916980809e-05,
                0.9999248441150722
            ],
            [
                0.9999999939320865,
                2.6465736208431567e-09,
                1.2256067360437487e-11,
                1.0815941483454242e-11,
                3.3982677962979186e-09
            ]
        ],
        [
            [
                2.9023123306363146e-06,
                4.3634459468324035e-09,
                5.90528193102213e-10,
                6.82557786928522e-08,
                0.9999970244779165
            ],
            [
                4.528171348817152e-05,
                0.776772974782194,
                0.22254918400809848,
                0.00042962093579344417,
                0.00020293856042611806
            ],
            [
                6.37568572688212e-05,
                0.14801619835679652,
                0.8517744225034445,
                8.186542522129898e-05,
                6.37568572688212e-05
            ],
            [
                0.9889950910819819,
                1.6517892523523907e-05,
                1.1129668436009418e-07,
                1.5364033359122136e-06,
                0.01098674332547418
            ],
            [
                0.999841371227469,
                1.8550978079643802e-07,
                2.6461549056875697e-09,
                4.362771878574588e-09,
                0.00015843625382350347
            ]
        ],
        [
            [
                0.8519527591246113,
                3.112591789189652e-08,
                9.399212769532028e-10,
                1.145058528001909e-08,
                0.14804719735896435
            ],
            [
                3.6908841498206437e-06,
                0.00856865891360278,
                0.9904022949004699,
                0.00012222529674848443,
                0.00090313000502884
            ],
            [
                1.1963125017991851e-06,
                0.010984538136187834,
                0.9887965621384921,
                1.6514584680806376e-05,
                0.0002011888281374498
            ],
            [
                0.005218806413215217,
                4.5151522411229295e-05,
                5.392580343334428e-06,
                0.0002023550844995305,
                0.9945282943995306
            ],
            [
                0.6791603119627121,
                7.796013442470296e-06,
                5.647413196083067e-07,
                1.870166403857738e-05,
                0.3208126256184874
            ]
        ],
        [
            [
                5.829127541356661e-05,
                4.94415839572549e-09,
                2.4615515206953347e-10,
                1.72568084370963e-08,
                0.9999416862774644
            ],
            [
                0.002465913996796742,
                0.9948205927682137,
                0.0024659139067051018,
                4.516478864591839e-05,
                0.0002024145396385412
            ],
            [
                6.914400055460934e-13,
                7.1941329767634394e-09,
                0.999999992723964,
                7.991959833451987e-11,
                1.2917799951684025e-12
            ],
            [
                0.9996579537106004,
                6.142110044115239e-06,
                1.6368168841623371e-07,
                3.9265195841652355e-07,
                0.0003353478457086861
            ],
            [
                0.9914224307462411,
                5.971901395620582e-08,
                1.5914578157501007e-09,
                2.196939748151856e-08,
                0.008577485973889718
            ]
        ],
        [
            [
                0.0031726572395656895,
                1.1823398803580378e-08,
                5.88652364574377e-10,
                7.864234788348206e-06,
                0.9968194661135948
            ],
            [
                0.0008817177913574137,
                0.9669210496335267,
                0.0018665965789513355,
                0.001132148054448698,
                0.029198487941715864
            ],
            [
                7.843480215880184e-06,
                0.005217027727213772,
                0.9941893485672789,
                0.0004282397138091843,
                0.0001575405114823534
            ],
            [
                0.9859223310180392,
                1.282419041713818e-05,
                6.729517516853819e-08,
                1.3516597256000557e-06,
                0.014063425836642858
            ],
            [
                0.9959211858877247,
                7.857142710868372e-06,
                2.0938576088756723e-07,
                6.449535486094067e-07,
                0.004070102630254908
            ]
        ],
        [
            [
                0.9996092126881675,
                6.141811170310163e-06,
                1.2746922418508036e-07,
                0.00026115645640166003,
                0.00012336157503651125
            ],
            [
                0.00025765178374044306,
                0.9861948419549201,
                0.006644927082937142,
                0.00025765178374044306,
                0.0066449273946618675
            ],
            [
                4.1398042503640415e-08,
                2.1444737384336364e-05,
                0.9999686433078635,
                6.144020128019415e-06,
                3.7265365815353145e-06
            ],
            [
                0.999999692208015,
                1.8189619117479728e-09,
                1.5737104046529075e-11,
                5.4927890279647e-11,
                3.0590235820561517e-07
            ],
            [
                0.9995585471821027,
                1.012562246804977e-05,
                1.2746277592099611e-07,
                6.473093877690055e-07,
                0.00043055242326562243
            ]
        ],
        [
            [
                0.9766105436569288,
                1.0427310209416339e-06,
                6.665950041120146e-08,
                0.00042066771771593134,
                0.02296767923483389
            ],
            [
                2.2280991003656236e-05,
                0.058614310982009366,
                0.9168821733508912,
                0.0029182353209244484,
                0.021562999355171357
            ],
            [
                0.00011152859127683257,
                0.09525197229602027,
                0.9037255495409025,
                8.685855422124786e-05,
                0.0008240910175792234
            ],
            [
                0.04742552394852079,
                1.4798135154114524e-06,
                7.367550640100735e-08,
                5.852775989067106e-06,
                0.9525670697864683
            ],
            [
                0.5615863853341508,
                0.0005121005248786758,
                2.549597168592406e-05,
                0.0005121005248786758,
                0.4373639176444059
            ]
        ],
        [
            [
                0.9968094880756567,
                1.2060067750573413e-06,
                3.2139022586953044e-08,
                1.66484099951786e-05,
                0.003172625368550544
            ],
            [
                7.061432036248477e-06,
                0.0028487850067146704,
                0.8950615479233076,
                0.007743800516939068,
                0.09433880512100237
            ],
            [
                1.8531705500066384e-07,
                0.0011694775932865368,
                0.9988027804924136,
                6.136858032000825e-06,
                2.1419739212937213e-05
            ],
            [
                0.9968241072104888,
                1.7547563699293494e-06,
                9.899648575062521e-08,
                1.3666056350005133e-06,
                0.0031726724310207513
            ],
            [
                0.9990848587640384,
                2.8996643044280126e-06,
                1.2740235807381743e-07,
                1.0667268838977563e-06,
                0.0009110474424150955
            ]
        ],
        [
            [
                4.5397855063602055e-05,
                1.8188785641253059e-09,
                1.4930264443326476e-10,
                1.1860578118506875e-08,
                0.9999545883161771
            ],
            [
                3.6567000490580143e-06,
                0.0010139010929523407,
                0.8659312982697528,
                0.01586008156402952,
                0.11719106237321629
            ],
            [
                6.101936632267122e-13,
                7.194132976872018e-09,
                0.9999999927016319,
                1.0261879555454758e-10,
                1.006039271808311e-12
            ],
            [
                0.07585694375460936,
                1.0607958554815692e-05,
                5.984600696787704e-07,
                5.010844814157845e-06,
                0.924126838981952
            ],
            [
                0.2689409790493687,
                7.80553261761585e-07,
                3.886145860808323e-08,
                7.80553261761585e-07,
                0.731057420982649
            ]
        ],
        [
            [
                0.18213578788091228,
                9.369949024268411e-06,
                2.6845353417883574e-06,
                0.18213579032889163,
                0.63571636730583
            ],
            [
                4.1148216550433065e-06,
                0.013899324113126605,
                0.974417709661073,
                0.006565575816747676,
                0.005113275587397769
            ],
            [
                7.194092495671825e-09,
                4.785094994263368e-06,
                0.9999950075343843,
                1.1253454065059496e-07,
                8.76419883812642e-08
            ],
            [
                2.260312403996995e-06,
                1.4449693764651945e-07,
                1.6373648136704715e-07,
                4.785081396811473e-06,
                0.9999926463727802
            ],
            [
                1.3440409839534249e-08,
                1.7257827844661985e-08,
                1.3440409839534249e-08,
                3.9278635128665126e-07,
                0.9999995630750013
            ]
        ],
        [
            [
                0.99999709415754,
                3.3982549507809923e-09,
                2.940066605665286e-11,
                1.026184077155257e-10,
                2.902312185871652e-06
            ],
            [
                3.152446725997276e-06,
                0.0018504411823391947,
                0.9585520885269614,
                0.010648553779680337,
                0.02894576406429306
            ],
            [
                2.892756528195781e-06,
                0.003172292728079882,
                0.9967049590157309,
                7.460517415984847e-05,
                4.525032550114881e-05
            ],
            [
                0.9999992385908083,
                1.1253517763233315e-07,
                5.211412622790631e-10,
                7.582560624193291e-10,
                6.475946167531566e-07
            ],
            [
                0.9241398781932912,
                1.6268064287455318e-06,
                7.147688607792491e-08,
                4.1132107989658337e-07,
                0.07585801220231413
            ]
        ],
        [
            [
                0.9999600576071754,
                1.7602759134204103e-06,
                3.653336105806263e-08,
                2.1444550684415938e-05,
                1.6701032865637564e-05
            ],
            [
                2.2747068133026735e-05,
                0.05984041446066963,
                0.9360615453635847,
                0.0010960151208606955,
                0.002979277986751973
            ],
            [
                6.168499038692225e-05,
                0.4998385707274498,
                0.4998385700308155,
                0.00013058712567386708,
                0.00013058712567386708
            ],
            [
                0.9999982365907651,
                2.9989553995809e-09,
                2.940072420530635e-11,
                3.775127714863986e-11,
                1.7603431275979595e-06
            ],
            [
                0.998498649314904,
                1.4428114564032056e-07,
                2.332085292680786e-09,
                2.2126209204812156e-08,
                0.0015011819456558803
            ]
        ],
        [
            [
                6.475946430365608e-07,
                4.944450830606644e-09,
                7.582560931940608e-10,
                6.825603830047048e-08,
                0.9999992784466117
            ],
            [
                9.409488527341447e-07,
                0.0009106275541722204,
                0.9986243440838478,
                0.00020318837511023005,
                0.0002608990380170183
            ],
            [
                5.023986584106358e-05,
                0.671191196766851,
                0.3170482805671176,
                0.0021362544737452875,
                0.009574028326445048
            ],
            [
                0.8519431900751709,
                8.630264238389233e-06,
                1.7911541994283813e-07,
                2.4726121024694705e-06,
                0.14804552793306822
            ],
            [
                0.9999970839396793,
                1.344035892554043e-08,
                9.056042608897671e-11,
                2.1724316875597968e-10,
                2.902312158049267e-06
            ]
        ],
        [
            [
                0.9983674856738817,
                7.876447221489705e-06,
                4.443587452417027e-07,
                0.0001232083644410002,
                0.0015009851557106376
            ],
            [
                0.01405989981602534,
                0.9856751764972129,
                0.0002575161661911824,
                1.351320820174881e-06,
                6.056199750298033e-06
            ],
            [
                2.0611460374968537e-09,
                2.9023097282572167e-06,
                0.9999966041894773,
                1.8553845348690453e-07,
                3.059011947966659e-07
            ],
            [
                0.9273827102796918,
                0.04617167093939043,
                0.0037900015455229717,
                0.0008456636518153371,
                0.02180995358357956
            ],
            [
                0.9890129415982903,
                7.649447723863436e-08,
                3.360932768991127e-09,
                3.613343251693972e-08,
                0.010986942412867063
            ]
        ],
        [
            [
                0.008577485470315144,
                1.5099330480125956e-08,
                5.166706767958951e-10,
                7.132418687594428e-09,
                0.991422491781265
            ],
            [
                3.198057729305513e-05,
                0.9044917028110495,
                0.09533271285163405,
                3.198057729305513e-05,
                0.00011162318273037907
            ],
            [
                5.043082669757641e-07,
                7.484598306341875e-05,
                0.9999220580360949,
                8.314637667528613e-07,
                1.7602088080286442e-06
            ],
            [
                0.8173900215009876,
                7.856068514146705e-05,
                1.7529258256985914e-05,
                0.0001295246726335122,
                0.18238436388298035
            ],
            [
                0.04742540240191607,
                2.1531099273586243e-06,
                1.767380254243355e-07,
                7.515092071597351e-06,
                0.9525647526580596
            ]
        ],
        [
            [
                0.9999975121772355,
                1.275187055411996e-07,
                6.691573917251519e-10,
                9.931176244277015e-08,
                2.2603231391375437e-06
            ],
            [
                0.003985503341457214,
                0.975220340409254,
                0.01786178676520463,
                0.0014661847420421959,
                0.0014661847420421959
            ],
            [
                1.9171681040407483e-10,
                1.3709566481133078e-06,
                0.999998624172093,
                4.363454492462297e-09,
                3.160875832639818e-10
            ],
            [
                0.09532886935317816,
                0.00014332112291346114,
