{
    "[['A', 'B', 'C', 'D', 'E'], ['A', 'B', 'C', 'D', 'E']]": [
        [
            [
                0.9999999998998943,
                9.056076967614992e-11,
                0.0,
                0.0,
                9.545034899591798e-12
            ],
            [
                0.0031716061802731827,
                0.9964891557829586,
                0.00033428483201641,
                4.7683170361125945e-06,
                1.8488771576577047e-07
            ],
            [
                2.1297851366293484e-12,
                1.5229979499246117e-08,
                0.9999999841616232,
                5.905303903766344e-10,
                1.5737101853222933e-11
            ],
            [
                2.9300489055371705e-09,
                1.6861267272631865e-08,
                2.988733986604688e-07,
                0.9770223184090491,
                0.0229773629262361
            ],
            [
                4.058652021224511e-10,
                4.277787758035068e-11,
                1.5737101698759778e-11,
                2.510999090627381e-08,
                0.9999999744256289
            ]
        ],
        [
            [
                0.9999999998762841,
                1.1628233010116407e-10,
                0.0,
                0.0,
                7.433680659499771e-12
            ],
            [
                0.9999999979345866,
                2.061153616174643e-09,
                2.1297851644832968e-12,
                0.0,
                2.1297851644832968e-12
            ],
            [
                2.2447770486429343e-13,
                2.6465736313894605e-09,
                0.9999999972904852,
                6.224144605223245e-11,
                4.752193049268842e-13
            ],
            [
                5.211402956868742e-10,
                1.493091945514273e-10,
                1.493091945514273e-10,
                1.0677030755785805e-06,
                0.9999989314771658
            ],
            [
                3.58174790919393e-10,
                4.847368677729058e-11,
                1.5737102014203198e-11,
                4.9444504728258314e-09,
                0.9999999946331639
            ]
        ],
        [
            [
                0.999999999902879,
                9.056076974256264e-11,
                0.0,
                0.0,
                6.5602001569860285e-12
            ],
            [
                0.5621763065533149,
                0.4378233469784191,
                3.2128407660177105e-07,
                2.3273762643585226e-08,
                1.9104267745716406e-09
            ],
            [
                1.5428111987537623e-13,
                2.646573631295855e-09,
                0.999999997272661,
                7.991959869963873e-11,
                6.914400087049905e-13
            ],
            [
                9.469343538179435e-09,
                2.004660042763699e-08,
                7.928584272503673e-08,
                0.904650442457341,
                0.09534944874087223
            ],
            [
                1.1628232958570375e-10,
                2.9400777211683654e-11,
                7.433680626547495e-12,
                5.602796403014078e-09,
                0.9999999942440867
            ]
        ],
        [
            [
                0.999999999848028,
                1.317651423731803e-10,
                0.0,
                0.0,
                2.0206839039956344e-11
            ],
            [
                0.9999999990236126,
                9.736200285793487e-10,
                8.878265453641808e-13,
                0.0,
                1.879528811285144e-12
            ],
            [
                6.56019994706792e-12,
                3.2241866285981446e-08,
                0.9999999664681054,
                1.2501528242552355e-09,
                3.331544429889748e-11
            ],
            [
                1.8553899193269585e-07,
                2.3355934493610134e-09,
                4.0586528399249086e-10,
                3.059020825436951e-07,
                0.9999995058174669
            ],
            [
                1.2256067350352341e-11,
                2.289734828131281e-11,
                1.3887943758734592e-11,
                7.194132975297177e-09,
                0.9999999927568257
            ]
        ],
        [
            [
                0.9999999998199942,
                1.6918979192330815e-10,
                0.0,
                0.0,
                1.0815941535664979e-11
            ],
            [
                0.9990889481451601,
                0.0009110513993745918,
                3.5784838733084587e-10,
                5.487782757463298e-11,
                4.2738895088381703e-11
            ],
            [
                7.582517273856975e-10,
                4.785094722370644e-06,
                0.9999951887210908,
                2.5109848650836528e-08,
                3.160863465027197e-10
            ],
            [
                2.940077956929255e-11,
                6.224145083661791e-11,
                5.492788757568668e-11,
                2.3823698438612117e-07,
                0.9999997616164454
            ],
            [
                1.3176514060359673e-10,
                2.9400776924860916e-11,
                5.109088946739933e-12,
                1.5229979502291012e-08,
                0.9999999846037455
            ]
        ],
        [
            [
                0.9999999996461606,
                3.1608814466801856e-10,
                0.0,
                0.0,
                3.775134535162174e-11
            ],
            [
                0.9999999979332086,
                2.061153616171803e-09,
                1.6586783538711665e-12,
                0.0,
                3.978962523739556e-12
            ],
            [
                5.6756852314177305e-14,
                2.5946094977210395e-11,
                0.9999999999352398,
                3.775134543470956e-11,
                1.0060392790679545e-12
            ],
            [
                3.3609325845096756e-09,
                2.483411941166597e-08,
                4.988061466990306e-07,
                0.9890125364595986,
                0.010986936539202652
            ],
            [
                1.2256067415113848e-11,
                9.545034900266593e-12,
                3.0988191313931095e-12,
                1.8189616832511963e-09,
                0.9999999981561385
            ]
        ],
        [
            [
                0.9999999994586517,
                5.211412472895612e-10,
                0.0,
                0.0,
                2.020683903208828e-11
            ],
            [
                0.9859363685471655,
                0.01406362722431669,
                3.796584748434838e-09,
                3.5313739112066175e-10,
                7.879560263515195e-11
            ],
            [
                7.582546309262438e-10,
                1.0677030402213873e-06,
                0.9999988987063685,
                3.2241807338542155e-08,
                5.905293003328778e-10
            ],
            [
                7.937541506849957e-08,
                6.181763541196525e-08,
                2.444934908838545e-07,
                0.37754051626495017,
                0.6224590980485085
            ],
            [
                1.4930946728538882e-10,
                2.0206839044975853e-11,
                4.5087552321990065e-12,
                1.6052280515912513e-09,
                0.9999999982207468
            ]
        ],
        [
            [
                0.9999999999666203,
                2.940077734466838e-11,
                0.0,
                0.0,
                3.978962529317281e-12
            ],
            [
                0.9999970976004158,
                2.902312193744236e-06,
                5.492767565514895e-11,
                1.2256021065514396e-11,
                2.0206762624862438e-11
            ],
            [
                7.287724079494528e-14,
                2.0611536178213862e-09,
                0.9999999979092185,
                2.940077732698431e-11,
                1.5428111997358502e-13
            ],
            [
                1.493063477188967e-10,
                2.172394540789945e-10,
                1.317623893981449e-10,
                2.1444939751866636e-05,
                0.99997855456194
            ],
            [
                4.058652100622344e-10,
                3.775134520231737e-11,
                7.433680625000127e-12,
                5.60279640184782e-09,
                0.9999999939461532
            ]
        ],
        [
            [
                0.999999999922911,
                7.05287983924698e-11,
                0.0,
                0.0,
                6.560200157117443e-12
            ],
            [
                0.9999999468220335,
                5.315784964211384e-08,
                1.0815940966793958e-11,
                3.511421921671913e-12,
                5.789356012663202e-12
            ],
            [
                9.357622966737419e-14,
                2.5946094976934307e-11,
                0.999999999924599,
                4.847368705181001e-11,
                8.878265476464619e-13
            ],
            [
                1.4353084842475597e-07,
                2.2011168501402905e-08,
                5.280204830936222e-08,
                0.006692850760148112,
                0.9933069308957867
            ],
            [
                9.056076971383869e-11,
                4.8473686964808606e-11,
                3.978962527801615e-12,
                1.4166087837823155e-09,
                0.9999999984403778
            ]
        ],
        [
            [
                0.999999999182523,
                7.582560406084516e-10,
                2.4133627648860337e-12,
                1.879528811128614e-12,
                5.492788335142975e-11
            ],
            [
                0.9999999677318432,
                3.224186626572626e-08,
                1.3887943388200485e-11,
                3.9789623992422e-12,
                8.423463465296945e-12
            ],
            [
                9.357622957740571e-14,
                9.73620030146091e-10,
                0.9999999989830335,
                4.277787863894873e-11,
                4.752193057134309e-13
            ],
            [
                1.1861121509001135e-08,
                3.581748340260163e-10,
                2.789468412159319e-10,
                1.8553915749893128e-07,
                0.9999998019625993
            ],
            [
                7.99196020105641e-11,
                1.162823347850743e-10,
                7.99196020105641e-11,
                3.927863696906285e-07,
                0.9999996069375088
            ]
        ],
        [
            [
                0.9999999999449662,
                4.277787861866751e-11,
                0.0,
                0.0,
                1.2256067423751203e-11
            ],
            [
                0.9820137648745453,
                0.017986211126661173,
                2.1760915475255418e-08,
                1.786244716841119e-09,
                4.5163339221447233e-10
            ],
            [
                1.9810087977205507e-13,
                4.847368705466617e-11,
                0.999999999924772,
                2.59460949784631e-11,
                6.101936676593692e-13
            ],
            [
                4.508755238344158e-12,
                8.42346374708783e-12,
                2.413362769718574e-12,
                6.691586085429471e-10,
                0.9999999993154958
            ],
            [
                5.043433446521636e-07,
                1.818947849400389e-09,
                1.2501433555727834e-09,
                7.889257283634036e-06,
                0.9999916033302805
            ]
        ],
        [
            [
                0.9999999999487916,
                4.847368697204852e-11,
                0.0,
                0.0,
                2.734698286477524e-12
            ],
            [
                0.005219424161369358,
                0.9946459666013475,
                0.00012274909094179802,
                1.1417443995024624e-05,
                4.4270234637013116e-07
            ],
            [
                3.900837608430767e-14,
                2.789468091617546e-10,
                0.9999999997007012,
                2.0206839081157215e-11,
                1.0603575986766995e-13
            ],
            [
                3.159133869267014e-10,
                6.687886453719931e-10,
                8.587416190498036e-10,
                0.0005527785830600211,
                0.9994472195734964
            ],
            [
                1.250152960562535e-09,
                2.1724400987320055e-10,
                1.4930947886741085e-10,
                8.315279887365438e-07,
                0.9999991668553049
            ]
        ],
        [
            [
                0.9999999998937021,
                9.056076975881307e-11,
                0.0,
                0.0,
                1.5737102082896764e-11
            ],
            [
                0.9975271001874159,
                0.0024726228823059825,
                7.715296636749059e-08,
                3.644448075675498e-08,
                1.633328310816947e-07
            ],
            [
                4.420228100692371e-14,
                4.599055375584217e-10,
                0.9999999995020745,
                3.775134541760648e-11,
                2.244777053523449e-13
            ],
            [
                3.1608758449456487e-10,
                4.0586449239045537e-10,
                1.3176490886770547e-10,
                1.3709566534506767e-06,
                0.9999986281896296
            ],
            [
                2.940077727793413e-11,
                1.5737102045355692e-11,
                5.109089008094858e-12,
                3.3982678062132123e-09,
                0.9999999965514852
            ]
        ],
        [
            [
                0.99999999996395,
                3.331544537326814e-11,
                0.0,
                0.0,
                2.7346982876192908e-12
            ],
            [
                0.9999999973476681,
                2.646573628580904e-09,
                2.7346982809197563e-12,
                6.101936653792609e-13,
                2.4133627624151022e-12
            ],
            [
                0.0,
                1.4930946756825393e-10,
                0.9999999998245199,
                2.594609497382183e-11,
                2.2447770542472672e-13
            ],
            [
                5.592002455257738e-09,
                1.1838269290678748e-08,
                3.21797522932568e-08,
                0.22270013301261546,
                0.7772998173773604
            ],
            [
                5.21141273850894e-10,
                1.3176514903763076e-10,
                5.492788615106643e-11,
                1.444980315599336e-07,
                0.9999998547941341
            ]
        ],
        [
            [
                0.9999999992980975,
                6.691586070967119e-10,
                1.879528810830023e-12,
                1.4637785096796881e-12,
                2.9400777303539993e-11
            ],
            [
                2.249772127162074e-06,
                0.9953292149539401,
                0.0014964171066382695,
                0.0031679150396127075,
                4.203127681714237e-06
            ],
            [
                0.0,
                9.056076986741614e-11,
                0.999999999893566,
                1.5737102101769148e-11,
                1.3615261076489577e-13
            ],
            [
                1.3176515331085906e-10,
                7.052880419019419e-11,
                3.7751348482579484e-11,
                1.1253518378074094e-07,
                0.9999998872247708
            ],
            [
                6.224144596654798e-11,
                2.020683900499121e-11,
                5.7893563043115725e-12,
                3.85074190652547e-09,
                0.9999999960610204
            ]
        ],
        [
            [
                0.9999999997987379,
                1.9171715098851964e-10,
                0.0,
                0.0,
                9.545034903557521e-12
            ],
            [
                0.9999999979368341,
                2.0611536161792756e-09,
                1.006039276228191e-12,
                0.0,
                1.006039276228191e-12
            ],
            [
                1.361526100224303e-13,
                5.602796405170677e-09,
                0.9999999943257551,
                7.052879810368635e-11,
                7.835041739802421e-13
            ],
            [
                6.664878978915475e-09,
                2.052927252685505e-08,
                1.5169209103594998e-07,
                0.8175743277264226,
                0.18242549338733488
            ],
            [
                2.6465738269069043e-09,
                2.172440089396998e-10,
                9.05607763296592e-11,
                2.382369836732033e-07,
                0.9999997588086378
            ]
        ],
        [
            [
                0.9999999995681887,
                4.058652116357616e-10,
                0.0,
                0.0,
                2.594609491808196e-11
            ],
            [
                0.999999958583611,
                4.139937539793508e-08,
                1.225606691420411e-11,
                1.658678287200691e-12,
                3.0988190047432937e-12
            ],
            [
                2.882350791047202e-13,
                5.905303994032733e-10,
                0.9999999993375126,
                7.052879845246441e-11,
                1.13999185209625e-12
            ],
            [
                8.751019066574142e-08,
                4.777894519397209e-06,
                3.7210279931391195e-06,
                0.9984902444471587,
                0.0015011691201379921
            ],
            [
                1.2501528468192138e-09,
                3.160881404839232e-10,
                5.492788264980962e-11,
                1.3440409740764261e-08,
                0.9999999849384213
            ]
        ],
        [
            [
                0.9999999999031748,
                9.056076979978833e-11,
                4.75219305768419e-13,
                0.0,
                5.789356322533462e-12
            ],
            [
                0.9999996071169582,
                3.9278636900314273e-07,
                7.052880110667134e-11,
                1.2256067895138396e-11,
                1.3887944376058067e-11
            ],
            [
                3.900837607688551e-14,
                4.599055375714076e-10,
                0.9999999995104303,
                2.940077737406118e-11,
                2.2447770535868329e-13
            ],
            [
                3.1605801593784605e-10,
                5.904741105899298e-10,
                1.2500337019282356e-09,
                9.610239905695245e-05,
                0.9999038954443772
            ],
            [
                1.9171715094923146e-10,
                1.783247286846643e-11,
                4.5087552322621614e-12,
                1.6052280516137357e-09,
                0.9999999981807135
            ]
        ],
        [
            [
                0.9999999998574189,
                1.317651424955078e-10,
                0.0,
                0.0,
                1.0815941540421587e-11
            ],
            [
                0.22270009643165647,
                0.7772997114608694,
                1.8518152521697077e-07,
                6.336557295994243e-09,
                5.893916402410076e-10
            ],
            [
                1.1249334435325437e-07,
                0.000335338253142196,
                0.9996288990727609,
                3.534439184711762e-05,
                3.0578890540092355e-07
            ],
            [
                4.886100141502135e-09,
                3.610366805055226e-08,
                4.398327179850959e-07,
                0.679178372686176,
                0.3208211464913378
            ],
            [
                1.4930948329440515e-10,
                9.056077940390798e-11,
                7.991960731959561e-11,
                8.764249139525029e-08,
                0.9999999120377188
            ]
        ],
        [
            [
                0.9999999996124245,
                3.5817479194156237e-10,
                0.0,
                0.0,
                2.940077730363838e-11
            ],
            [
                0.9399132588067348,
                0.06008664125238619,
                9.33446068700701e-08,
                5.967321072384524e-09,
                6.289510137410016e-10
            ],
            [
                7.287724094329413e-14,
                4.2777878680942256e-11,
                0.9999999999272733,
                2.940077738683251e-11,
                4.752193061799368e-13
            ],
            [
                6.344296964714282e-09,
                2.9968336867873686e-09,
                6.344296964714282e-09,
                0.0007096703315124981,
                0.9992903139830599
            ],
            [
                2.4616969013134796e-10,
                7.991959728998251e-11,
                4.277787781209846e-11,
                1.955568068666417e-08,
                0.9999999800754522
            ]
        ],
        [
            [
                0.9999999989843356,
                9.736200292379331e-10,
                2.4133627667194904e-12,
                1.8795288125565115e-12,
                3.7751345362798883e-11
            ],
            [
                0.9947798673101802,
                0.005220125665023943,
                6.3156585068149024e-09,
                5.184208198409159e-10,
                1.9071636149471713e-10
            ],
            [
                2.5946098159133518e-11,
                6.825604211937837e-08,
                0.9999999290009091,
                2.6465739629075483e-09,
                7.052880714538732e-11
            ],
            [
                6.515530786252249e-09,
                3.74942908981649e-08,
                6.646015744896774e-07,
                0.6224588903751612,
                0.37754040101344266
            ],
            [
                1.6052279854527443e-09,
                1.0261879185914583e-10,
                5.492788112341933e-11,
                4.139937538941731e-08,
                0.99999995683785
            ]
        ],
        [
            [
                0.9999999998422671,
                1.493094673245772e-10,
                0.0,
                0.0,
                8.423463737818031e-12
            ],
            [
                0.9999999907577731,
                9.237449567602222e-09,
                3.0988191070647636e-12,
                5.38494016274231e-13,
                1.1399918413983731e-12
            ],
            [
                4.0586528479075795e-10,
                1.8553899229761908e-07,
                0.9999996266971881,
                1.8553899229761908e-07,
                1.8189620108763858e-09
            ],
            [
                4.058652074496679e-10,
                6.224144543195383e-11,
                1.783247267976654e-11,
                1.1861119999438883e-08,
                0.9999999876529407
            ],
            [
                3.1608814409658316e-10,
                3.775134528337351e-11,
                1.0815941511611825e-11,
                3.398267805144768e-09,
                0.9999999962370767
            ]
        ],
        [
            [
                0.9999999987085844,
                1.2501528624982955e-09,
                3.511422102454664e-12,
                0.0,
                3.775134532537005e-11
            ],
            [
                0.9999898699133997,
                1.012998807924925e-05,
                7.052813111386879e-11,
                1.5736953190407e-11,
                1.2255951467847014e-11
            ],
            [
                3.5817480042134657e-10,
                5.043471919948543e-07,
                0.9999994696634998,
                2.5109992075731127e-08,
                5.211412595456469e-10
            ],
            [
                5.315714298506671e-08,
                1.8189374077731609e-09,
                1.8189374077731609e-09,
                1.300712403066142e-05,
                0.9999869360809516
            ],
            [
                7.582561373468868e-10,
                1.4930948623883695e-10,
                1.0261880911374082e-10,
                3.059023586483162e-07,
                0.9999996930874568
            ]
        ],
        [
            [
                0.9999999999326494,
                6.224144616428631e-11,
                0.0,
                0.0,
                5.109089022744913e-12
            ],
            [
                0.9999977396210558,
                2.2603252680999024e-06,
                4.277780035926819e-11,
                5.789345727860833e-12,
                5.109079672828545e-12
            ],
            [
                2.1724400196693975e-10,
                1.4449803023738284e-07,
                0.9999998456414104,
                9.237450021658045e-09,
                4.058652284511329e-10
            ],
            [
                1.0412760418832284e-08,
                3.3805283619852643e-09,
                6.315658446263942e-09,
                0.005220125592594278,
                0.9947798542984584
            ],
            [
                2.3354194863388115e-09,
                3.398015302155021e-09,
                2.9987379790868638e-09,
                7.484619644421812e-05,
                0.9999251450713831
            ]
        ],
        [
            [
                0.999999999670024,
                3.160881448196742e-10,
                0.0,
                0.0,
                1.3887943838088016e-11
            ],
            [
                0.9999999998282052,
                1.6918979210415793e-10,
                4.752193058351371e-13,
                0.0,
                2.1297851689749764e-12
            ],
            [
                5.384940152702191e-13,
                1.1861120008057609e-08,
                0.9999999880888618,
                4.847368647712452e-11,
                1.0060392671300326e-12
            ],
            [
                5.602647200186906e-09,
                9.73594097738074e-10,
                1.1032266457668911e-09,
                2.7535689622575292e-05,
                0.9999724566309095
            ],
            [
                1.2501505790951186e-09,
                1.6918948271025324e-10,
                1.0261860856468909e-10,
                1.067703074793843e-06,
                0.9999989307749665
            ]
        ],
        [
            [
                0.9999999996735833,
                3.160881448207993e-10,
                7.835041769929873e-13,
                0.0,
                9.545034904403013e-12
            ],
            [
                2.25486069838175e-06,
                0.9975803974438915,
                0.0009096757310423354,
                0.0014998017272091872,
                7.870237158654229e-06
            ],
            [
                1.0467281712318226e-08,
                1.0129987046520436e-05,
                0.9999891705583636,
                6.47588405935704e-07,
                4.139890225264205e-08
            ],
            [
                7.595262344946804e-08,
                2.8501011681867077e-06,
                3.659602340083156e-06,
                0.982007323348895,
                0.017986090994973315
            ],
            [
                1.2256067349629988e-11,
                2.5946094782772745e-11,
                1.573710198556167e-11,
                7.194132974873166e-09,
                0.9999999927519277
            ]
        ],
        [
            [
                0.9999999987910264,
                1.1032560284329893e-09,
                3.0988191277378546e-12,
                0.0,
                1.0261879595327975e-10
            ],
            [
                0.9999998874343115,
                1.1253518363519546e-07,
                2.020684069116953e-11,
                4.508755599514466e-12,
                5.78935678740975e-12
            ],
            [
                1.5428111988114847e-13,
                2.6465736313948736e-09,
                0.9999999973100748,
                4.277787856823355e-11,
                4.1937956464723746e-13
            ],
            [
                6.359465866619115e-07,
                1.8220174762550224e-07,
                8.165715809297079e-07,
                0.017986177473819497,
                0.9820121878062652
            ],
            [
                7.582560303172976e-10,
                4.277787798596109e-11,
                1.38879436364967e-11,
                1.5229979494167788e-08,
                0.9999999839550986
            ]
        ],
        [
            [
                0.9999999998792088,
                1.1628233015987465e-10,
                0.0,
                0.0,
                4.508755236775896e-12
            ],
            [
                0.9999999317230002,
                6.825604215884505e-08,
                9.545036096880509e-12,
                3.978963025249876e-12,
                7.433681586695367e-12
            ],
            [
                3.900837607368758e-14,
                5.905303994687142e-10,
                0.9999999993954225,
                1.388794385495276e-11,
                1.2015425723110349e-13
            ],
            [
                5.602764659824923e-09,
                6.691548138227682e-10,
                5.905270505481645e-10,
                4.7850948155151795e-06,
                0.9999952080427379
            ],
            [
                1.3176514062642596e-10,
                4.84736862995261e-11,
                1.783247262738946e-11,
                1.5229979504929712e-08,
                0.9999999845719492
            ]
        ],
        [
            [
                0.9999999997494406,
                2.172439927152159e-10,
                0.0,
                0.0,
                3.331544530010182e-11
            ],
            [
                4.432217542259413e-06,
                0.5617995545647884,
                0.43752993302422366,
                0.0006577997209398521,
                8.280472505786329e-06
            ],
            [
                4.420228101662544e-14,
                2.4616969507134544e-10,
                0.9999999997440867,
                9.54503491856798e-12,
                1.5428112025012785e-13
            ],
            [
                2.1724398437080989e-10,
                5.4927881199328235e-11,
                2.9400776156273816e-11,
                4.139937544663018e-08,
                0.999999958299052
            ],
            [
                1.1628233014983067e-10,
                1.5737102086240642e-11,
                3.0988191346610622e-12,
                8.592166607914738e-10,
                0.9999999990056652
            ]
        ],
        [
            [
                0.9999999998411455,
                1.4930946732440972e-10,
                0.0,
                0.0,
                9.545034903962304e-12
            ],
            [
                6.451889254651201e-06,
                0.4377367875623091,
                0.5620651610492474,
                0.00018855184250302708,
                3.0476566858863827e-06
            ],
            [
                3.0379753843345804e-14,
                2.1724399342863007e-10,
                0.9999999997668683,
                1.5737102101120484e-11,
                1.2015425727387396e-13
            ],
            [
                4.9963766697894e-08,
                4.9963766697894e-08,
                4.740430198190656e-07,
                0.9399128147616028,
                0.06008661126784394
            ],
            [
                1.573710188893496e-11,
                2.2897348139372247e-11,
                1.0815941407506156e-11,
                1.3440409765011754e-08,
                0.9999999865101399
            ]
        ],
        [
            [
                0.999999999433951,
                5.211412474197103e-10,
                2.129785165360408e-12,
                0.0,
                4.277787857730383e-11
            ],
            [
                0.9999999992365738,
                7.582560414740649e-10,
                1.65867835603303e-12,
                0.0,
                3.511422107277009e-12
            ],
            [
                1.5229544275633278e-08,
                2.7535688263247667e-05,
                0.9999719313084441,
                5.043337227824003e-07,
                1.3440025651021322e-08
            ],
            [
                5.3140014429240626e-08,
                1.5224869039197155e-08,
                4.1385484849918344e-08,
                0.00033535005900118604,
                0.9996645401906306
            ],
            [
                1.31765139278419e-10,
                1.162823272818326e-10,
                2.594609430882744e-11,
                2.5109990905219973e-08,
                0.9999999746160155
            ]
        ],
        [
            [
                0.9999999999135201,
                7.991959883445611e-11,
                0.0,
                0.0,
                6.560200160348873e-12
            ],
            [
                0.9770226289402262,
                0.022977367760082554,
                2.93005439780114e-09,
                3.0882546145232055e-10,
                6.081133896028469e-11
            ],
            [
                1.060357596723124e-13,
                2.061153617716491e-09,
                0.9999999979007346,
                3.7751345356303305e-11,
                2.5436656415494293e-13
            ],
            [
                2.7894631424841654e-10,
                2.1724360797154895e-10,
                3.1608758447928597e-10,
                1.370956653384408e-06,
                0.9999986282310691
            ],
            [
                6.224144525345633e-11,
                1.783247262862615e-11,
                6.560200065324029e-12,
                1.522997950598592e-08,
                0.9999999846833865
            ]
        ],
        [
            [
                0.999999998720944,
                1.1032560289256473e-09,
                3.098819129121629e-12,
                3.511422102498064e-12,
                1.691897917373601e-10
            ],
            [
                0.9999999847472696,
                1.522997949083893e-08,
                1.0815941376991095e-11,
                3.5114220548434256e-12,
                8.423463614055073e-12
            ],
            [
                1.060357598902498e-13,
                4.2777878679608835e-11,
                0.9999999999136469,
                4.2777878679608835e-11,
                6.914400105310738e-13
            ],
            [
                7.05269204192942e-11,
                1.493054916992866e-10,
                1.1627923385226555e-10,
                2.7535689829176884e-05,
                0.9999724639740591
            ],
            [
                1.6052282528749553e-09,
                1.6918981309781656e-10,
                2.289735127634257e-11,
                6.825604216931349e-08,
                0.9999999299466423
            ]
        ],
        [
            [
                0.9999999998752942,
                1.1628233012298205e-10,
                0.0,
                0.0,
                8.42346374148544e-12
            ],
            [
                0.9999994955983486,
                5.043472042817957e-07,
                4.2777880614818984e-11,
                5.109089257987196e-12,
                6.560200463381873e-12
            ],
            [
                9.235987672572304e-09,
                0.00015843624581509622,
                0.9998414403958592,
                1.1251736404224383e-07,
                1.604973999522588e-09
            ],
            [
                7.58254696996356e-10,
                2.1724360793122599e-10,
                1.4930920261700104e-10,
                1.3709566531299421e-06,
                0.9999986279185394
            ],
            [
                1.4930945953648895e-10,
                9.05607649940034e-11,
                7.052879469287532e-11,
                5.315784966641591e-08,
                0.9999999465317513
            ]
        ],
        [
            [
                0.999999999671656,
                3.1608814482019006e-10,
                0.0,
                0.0,
                1.2256067420401495e-11
            ],
            [
                0.9994472196968491,
                0.0005527785794960726,
                1.4158255684805819e-09,
                1.9161115432395772e-10,
                1.1621803984040928e-10
            ],
            [
                7.835041629521072e-13,
                1.9555680699625955e-08,
                0.9999999803394533,
                1.0261879427980348e-10,
                1.4637784850665915e-12
            ],
            [
                5.211343215735472e-10,
                3.5817003202750575e-10,
                3.160839438628992e-10,
                1.300712475592989e-05,
                0.9999869916798557
            ],
            [
                3.160875672200754e-10,
                1.3176490166662692e-10,
                1.493091944920408e-10,
                2.2603252722230453e-06,
                0.9999977390775661
            ]
        ],
        [
            [
                0.9999999998934022,
                1.0261879619286517e-10,
                0.0,
                0.0,
                3.978962531023277e-12
            ],
            [
                0.9820137835318736,
                0.017986211456615272,
                4.284978406173467e-09,
                5.799087662622554e-10,
                1.4662389806537787e-10
            ],
            [
                2.789468187198803e-10,
                5.043471986399309e-07,
                0.9999994830528284,
                1.186112055244468e-08,
                4.5990555341759937e-10
            ],
            [
                5.893927816561671e-10,
                9.71744415913639e-10,
                1.101130681668867e-09,
                0.001926734327209591,
                0.9980732630105226
            ],
            [
                1.783247286239435e-11,
                2.0206839038378322e-11,
                6.560200151322545e-12,
                2.0611536171503413e-09,
                0.9999999978942469
            ]
        ],
        [
            [
                0.9999999994506326,
                5.211412478510497e-10,
                1.139991850992917e-12,
                1.139991850992917e-12,
                2.594609493607414e-11
            ],
            [
                0.9999785545506156,
                2.144493968552659e-05,
                4.0585673062234427e-10,
                7.052732455614979e-11,
                3.3314749174635186e-11
            ],
            [
                3.701011665030014e-13,
                3.3982678070418425e-09,
                0.9999999964671837,
                1.317651422180906e-10,
                2.41336276298925e-12
            ],
