{
    "[['E', 'D', 'C', 'B', 'A'], ['E', 'D', 'C', 'B', 'A']]": [
        [
            [
                1.0815941500241454e-11,
                0.0,
                2.734698277168832e-12,
                3.160881437642922e-10,
                0.9999999996703612
            ],
            [
                2.7346986279751894e-12,
                3.0988195198940585e-12,
                9.545036096933762e-12,
                6.825604215922585e-08,
                0.9999999317285793
            ],
            [
                3.4479582178490426e-10,
                4.515934078890616e-08,
                2.6507900393911307e-05,
                0.9626475520435586,
                0.03732589455191081
            ],
            [
                5.4560236720262385e-11,
                7.531808354142442e-10,
                6.30630592494552e-09,
                0.00669285137931043,
                0.9933071415066426
            ],
            [
                5.789356286671727e-12,
                3.5114220878664842e-12,
                6.560200120494773e-12,
                3.850741894792475e-09,
                0.9999999961333972
            ]
        ],
        [
            [
                3.331544530339415e-11,
                5.7893563081784124e-12,
                5.109089009926037e-12,
                8.592166588671881e-10,
                0.9999999990965693
            ],
            [
                8.423463699130581e-12,
                3.978962509697388e-12,
                7.433680623516516e-12,
                4.944450469456005e-09,
                0.9999999950357135
            ],
            [
                2.311136189987566e-09,
                1.6202315558843146e-07,
                0.9895284954379308,
                0.0019102396873498576,
                0.008561100540427496
            ],
            [
                5.302673504538841e-11,
                1.989813552635712e-09,
                5.131796789431254e-08,
                0.8519527525622628,
                0.1480471940769291
            ],
            [
                7.052879805272124e-11,
                1.7832472792244627e-11,
                1.3887943774699638e-11,
                2.998960805365628e-09,
                0.99999999689879
            ]
        ],
        [
            [
                1.0815941526270438e-11,
                0.0,
                0.0,
                5.211412472944553e-10,
                0.9999999994680429
            ],
            [
                3.331544403776919e-11,
                1.081594110800079e-11,
                1.5737101453157223e-11,
                3.653482061958539e-08,
                0.9999999634053109
            ],
            [
                1.602098913076745e-09,
                8.747163682410144e-08,
                2.14036242448805e-05,
                0.22269536245383884,
                0.7772831448481805
            ],
            [
                3.415178363755722e-11,
                1.281536226405926e-09,
                3.3051254895205714e-08,
                0.9046504987256999,
                0.0953494669073572
            ],
            [
                3.850741827442929e-09,
                2.289734788963422e-11,
                4.8473685862741834e-11,
                1.5229979367696177e-08,
                0.9999999808479076
            ]
        ],
        [
            [
                2.5946094884464384e-11,
                3.5114221000730152e-12,
                2.734698281231101e-12,
                3.581747916713246e-10,
                0.9999999996096329
            ],
            [
                6.560162991162124e-12,
                2.5945947944910342e-11,
                1.0261821477102388e-10,
                4.7850948380425865e-06,
                0.9999952147700376
            ],
            [
                5.109089436884221e-12,
                5.905304471476746e-10,
                0.9999998866518777,
                2.5109993566700017e-08,
                8.764248920744354e-08
            ],
            [
                0.0,
                1.10113060773086e-09,
                1.5200639162969803e-08,
                0.7772998431899973,
                0.2227001405082329
            ],
            [
                1.0815941409788766e-11,
                7.433680570979131e-12,
                1.7832472664965066e-11,
                9.23744953599955e-09,
                0.9999999907264684
            ]
        ],
        [
            [
                1.317651422457823e-10,
                4.508755226719684e-12,
                3.0988191280171976e-12,
                3.1608814433946754e-10,
                0.9999999995445392
            ],
            [
                1.4166087755575147e-09,
                6.560200116816889e-12,
                5.109088988082115e-12,
                2.9989608013889194e-09,
                0.9999999955727612
            ],
            [
                2.1682550501746638e-10,
                4.934925747798488e-09,
                8.747365188764945e-08,
                0.11920289841198604,
                0.8807970089626108
            ],
            [
                5.156071695838776e-11,
                1.329768416731001e-09,
                1.429635778270287e-08,
                0.2689414053379188,
                0.7310585789843943
            ],
            [
                6.224144900715448e-11,
                1.225606799113521e-11,
                4.277788059903228e-11,
                1.444980310604306e-07,
                0.9999998553846936
            ]
        ],
        [
            [
                1.3887943822311488e-11,
                2.1297851644148076e-12,
                2.734698283193093e-12,
                4.0586521140107964e-10,
                0.9999999995753823
            ],
            [
                7.433638540363902e-12,
                2.5945947927676072e-11,
                1.0261821470286102e-10,
                4.785094834864148e-06,
                0.9999952147691673
            ],
            [
                1.2409074081595361e-08,
                6.775124884793451e-07,
                0.011622198706629285,
                0.49418855474977263,
                0.49418855662203537
            ],
            [
                0.0,
                6.170751398044642e-11,
                1.9007252426741602e-10,
                0.008577485661808803,
                0.9914225140864111
            ],
            [
                7.991959847009059e-11,
                9.545034867967302e-12,
                1.3887943785123802e-11,
                2.9989608076166208e-09,
                0.9999999968976867
            ]
        ],
        [
            [
                7.991959874780389e-11,
                0.0,
                1.1399918504520386e-12,
                1.3176514240132358e-10,
                0.9999999997871754
            ],
            [
                0.0,
                6.560200410018457e-12,
                2.2897349300646207e-11,
                3.9278636902954395e-07,
                0.9999996071841735
            ],
            [
                9.293905410218777e-11,
                2.716077291441883e-09,
                6.181763421912748e-08,
                0.3775406442474862,
                0.6224592911258632
            ],
            [
                0.0,
                1.2255904540646099e-11,
                2.2897044112737292e-11,
                1.3007124765519421e-05,
                0.9999869928400815
            ],
            [
                4.847368677310315e-11,
                6.56020012896076e-12,
                7.43368062794068e-12,
                2.0611536101244777e-09,
                0.9999999978763787
            ]
        ],
        [
            [
                3.7751345308674427e-11,
                5.109089009912624e-12,
                3.978962521701459e-12,
                8.592166588649323e-10,
                0.9999999990939439
            ],
            [
                0.0,
                3.9789626216736734e-12,
                5.789356453621926e-12,
                6.475946139598665e-07,
                0.9999993523956177
            ],
            [
                5.342227773842338e-10,
                7.374717962287461e-09,
                2.0448048971172355e-06,
                0.09534926529109634,
                0.9046486819950658
            ],
            [
                3.5073123555200134e-12,
                5.486359608026448e-11,
                2.458815789123636e-10,
                0.0011695103421439997,
                0.9988304893536035
            ],
            [
                4.5087552181779e-12,
                2.4133627589243544e-12,
                7.433680632590101e-12,
                2.9989608088161365e-09,
                0.9999999969866833
            ]
        ],
        [
            [
                1.0261879584678228e-10,
                0.0,
                0.0,
                1.162823297693618e-10,
                0.9999999997810989
            ],
            [
                6.560200149751383e-12,
                0.0,
                3.0988191300291493e-12,
                4.5990553657512413e-10,
                0.9999999995304354
            ],
            [
                2.787829850805207e-10,
                3.2222931868885614e-08,
                0.9994118717689843,
                0.000552759027451244,
                3.533670184948002e-05
            ],
            [
                1.0173849062330332e-10,
                3.1337661300138805e-10,
                1.8033578957753996e-09,
                0.008577485629568334,
                0.9914225121519586
            ],
            [
                8.423463612376374e-12,
                5.789356231072156e-12,
                1.5737101841399588e-11,
                1.3440409724413753e-08,
                0.9999999865296403
            ]
        ],
        [
            [
                4.0586521026371813e-10,
                5.109088998055067e-12,
                6.560200129622413e-12,
                1.6052280457572974e-09,
                0.9999999979772374
            ],
            [
                1.026187932152898e-10,
                2.02068384794555e-11,
                4.847368559754948e-11,
                2.5109990798471736e-08,
                0.9999999747187099
            ],
            [
                8.180275930080408e-09,
                6.49839807378813e-07,
                0.253716009259981,
                0.6896716381143694,
                0.05661169460556638
            ],
            [
                6.612618037156103e-10,
                3.805298945202227e-09,
                5.2530531589207006e-08,
                0.3208212888736543,
                0.6791786541292534
            ],
            [
                7.052879812885904e-11,
                7.43368063206201e-12,
                7.43368063206201e-12,
                2.3355930261405397e-09,
                0.9999999975790108
            ]
        ],
        [
            [
                1.6052280494756633e-09,
                0.0,
                1.1399918489892963e-12,
                1.3176514223225355e-10,
                0.9999999982618668
            ],
            [
                0.0,
                5.789257299455018e-12,
                1.573683291738246e-11,
                1.670141510091559e-05,
                0.9999832985633731
            ],
            [
                7.28772409536185e-14,
                3.9789625355872665e-12,
                0.9999999999856499,
                4.508755242011568e-12,
                5.789356328366943e-12
            ],
            [
                1.373536378115356e-11,
                5.840425296391229e-10,
                1.706822462648405e-08,
                0.9890130401503571,
                0.010986942183640436
            ],
            [
                4.508755223649154e-12,
                3.5114220988552483e-12,
                5.109089006935011e-12,
                2.0611536139147876e-09,
                0.999999997925717
            ]
        ],
        [
            [
                1.7832472835254816e-11,
                0.0,
                6.560200141338468e-12,
                1.4166087808527013e-09,
                0.9999999985589985
            ],
            [
                1.3887943830504615e-11,
                0.0,
                0.0,
                1.3176514237401292e-10,
                0.999999999854347
            ],
            [
                1.930393858430709e-08,
                1.533500321403494e-06,
                0.22025767753485173,
                0.7687747852717141,
                0.010965984389174298
            ],
            [
                2.1493704819619617e-11,
                6.281381291586609e-10,
                5.259336163829511e-09,
                0.26894140799401356,
                0.7310585860970185
            ],
            [
                2.789468058076232e-10,
                2.9400777026132444e-11,
                2.5946094659142214e-11,
                7.194132940593847e-09,
                0.9999999924715733
            ]
        ],
        [
            [
                2.1724399291123865e-10,
                5.109089014031154e-12,
                3.098819130210884e-12,
                4.5990553660209595e-10,
                0.9999999993146425
            ],
            [
                0.0,
                6.560200304271613e-12,
                1.573710243339261e-11,
                6.475946134265531e-07,
                0.9999993523830892
            ],
            [
                1.6918883119844638e-10,
                1.955557000406355e-08,
                0.9999936505657434,
                6.144171592298406e-06,
                1.8553790538515213e-07
            ],
            [
                0.0,
                6.191653786726294e-11,
                4.575047717527698e-10,
                0.0052201256898034044,
                0.9947798737907754
            ],
            [
                2.289734833857707e-11,
                0.0,
                3.5114220952992646e-12,
                7.582560388875923e-10,
                0.9999999992153352
            ]
        ],
        [
            [
                6.224144594842952e-11,
                2.4133627609512983e-12,
                3.0988191247491694e-12,
                5.90530397231687e-10,
                0.9999999993417159
            ],
            [
                1.006039275133629e-12,
                0.0,
                1.4637785080881488e-12,
                2.0611536139367583e-09,
                0.9999999979363765
            ],
            [
                5.108046905690259e-12,
                7.051441245551164e-11,
                4.0578242661345907e-10,
                0.00020342706071489145,
                0.9997965724578802
            ],
            [
                1.2917800326333172e-12,
                3.5114221890733784e-12,
                2.0206839525827563e-11,
                6.47594613949996e-07,
                0.999999352380376
            ],
            [
                7.433680647659317e-12,
                0.0,
                5.109089011092179e-12,
                9.736200280668286e-10,
                0.9999999990138373
            ]
        ],
        [
            [
                7.433680569109978e-12,
                5.789356248325538e-12,
                9.545034790275007e-12,
                1.0467401649368802e-08,
                0.9999999895098303
            ],
            [
                1.2256067365360765e-11,
                6.56020012600798e-12,
                8.42346370035237e-12,
                2.998960805590578e-09,
                0.9999999969737994
            ],
            [
                4.50875520633128e-12,
                8.592166550639724e-10,
                0.9999999921262389,
                2.64657361779904e-09,
                4.363462218139069e-09
            ],
            [
                3.511402468476304e-12,
                1.5737014064528354e-11,
                7.991915181367149e-11,
                6.144172119554224e-06,
                0.9999938557287129
            ],
            [
                2.5946094850440223e-11,
                3.0988191229179244e-12,
                1.0815941502124658e-11,
                2.061153611926725e-09,
                0.9999999978989855
            ]
        ],
        [
            [
                2.59460948568438e-11,
                5.789356300633908e-12,
                6.560200136315997e-12,
                1.4166087797681496e-09,
                0.9999999985450956
            ],
            [
                2.020684120540597e-11,
                7.433681450484823e-12,
                1.57371037541697e-11,
                8.764249136855595e-08,
                0.999999912314131
            ],
            [
                5.109089218377884e-12,
                9.73620067568492e-10,
                0.9999996054764536,
                8.764248545913586e-08,
                3.059023318967467e-07
            ],
            [
                0.0,
                5.490945072076997e-11,
                2.171710904140718e-10,
                0.0003353500528064482,
                0.999664649675113
            ],
            [
                6.224144546793853e-11,
                1.2256067294222267e-11,
                1.5737101914416746e-11,
                7.194132942349641e-09,
                0.9999999927156326
            ]
        ],
        [
            [
                2.461696939849295e-10,
                5.1090890032284995e-12,
                0.0,
                2.461696939849295e-10,
                0.9999999995025515
            ],
            [
                2.4133627607099877e-12,
                0.0,
                2.4133627607099877e-12,
                2.9989608110350505e-09,
                0.9999999969962126
            ],
            [
                4.021633292948622e-10,
                5.267300150683818e-08,
                0.0005480397056663997,
                0.9908791237557757,
                0.008572783463393097
            ],
            [
                0.0,
                1.7832337751636637e-11,
                7.052826395675592e-11,
                7.889265032150291e-06,
                0.9999921106466073
            ],
            [
                7.991959489362508e-11,
                5.492788073570624e-11,
                5.492788073570624e-11,
                4.691163784932131e-08,
                0.9999999528985867
            ]
        ],
        [
            [
                7.991959812486968e-11,
                8.42346366965709e-12,
                1.3887943725133403e-11,
                5.602796381125571e-09,
                0.9999999942949728
            ],
            [
                2.413362765817513e-12,
                0.0,
                2.1297851656469476e-12,
                6.69158607461291e-10,
                0.9999999993262982
            ],
            [
                4.339434671898857e-09,
                3.906234606303562e-07,
                0.00358670345051358,
                0.11877533509206019,
                0.877637566494531
            ],
            [
                2.887195638113868e-11,
                1.2276668247846338e-09,
                4.0654741757435876e-08,
                0.9820137472730016,
                0.017986210815717822
            ],
            [
                3.7751345243902236e-11,
                3.978962514874521e-12,
                3.978962514874521e-12,
                8.592166573907241e-10,
                0.9999999990950741
            ]
        ],
        [
            [
                4.277787814606355e-11,
                1.3887943688474358e-11,
                1.5737101906873912e-11,
                9.237449544579972e-09,
                0.9999999906901474
            ],
            [
                1.026187959805789e-10,
                5.109089011312964e-12,
                3.098819128562218e-12,
                5.211412470802706e-10,
                0.999999999368032
            ],
            [
                1.879528809914238e-12,
                1.4930946709343978e-10,
                0.9999999965375044,
                1.2501528619802824e-09,
                2.061153615173533e-09
            ],
            [
                2.3472155100715357e-11,
                1.1309517674596441e-09,
                1.7691062177143196e-08,
                0.09534946821972347,
                0.9046505129347904
            ],
            [
                1.0060392772575936e-12,
                0.0,
                1.4637785111784988e-12,
                4.058652118303342e-10,
                0.9999999995916651
            ]
        ],
        [
            [
                1.3176514231750441e-10,
                0.0,
                0.0,
                1.3176514231750441e-10,
                0.9999999997364697
            ],
            [
                2.413363071715684e-12,
                5.789357048111301e-12,
                1.0815942901265683e-11,
                1.855391593165381e-07,
                0.999999814441822
            ],
            [
                1.2917799907295366e-12,
                2.1724399114396872e-10,
                0.9999999891890633,
                7.194132952042674e-09,
                3.3982677825169374e-09
            ],
            [
                1.225534360616891e-11,
                1.0261273569622819e-10,
                4.5987837604727447e-10,
                5.8291276464640394e-05,
                0.9999417081487889
            ],
            [
                5.492788776978473e-11,
                2.5946096995158554e-11,
                3.775134837080681e-11,
                1.1253518344755128e-07,
                0.9999998873461912
            ]
        ],
        [
            [
                1.2256067402176414e-11,
                0.0,
                3.5114221013653513e-12,
                7.582560401975023e-10,
                0.9999999992259765
            ],
            [
                2.1297851583416738e-12,
                2.1297851583416738e-12,
                6.56020012929958e-12,
                3.850741899960768e-09,
                0.9999999961384383
            ],
            [
                4.0583968422753486e-10,
                3.6532524142072314e-08,
                0.9999378652779782,
                4.539711745708285e-05,
                1.670066620090597e-05
            ],
            [
                2.2134777898281687e-08,
                9.411947060660129e-07,
                0.0009108650507493979,
                0.9988849301551194,
                0.00020324146464732084
            ],
            [
                1.0815941513951229e-11,
                2.413362762163988e-12,
                4.508755224230333e-12,
                5.905303975284223e-10,
                0.9999999993917315
            ]
        ],
        [
            [
                9.545034892166173e-12,
                3.5114221020920104e-12,
                5.7893563101256546e-12,
                8.592166591561845e-10,
                0.9999999991219375
            ],
            [
                0.0,
                0.0,
                3.5114220947777075e-12,
                2.64657362489112e-09,
                0.999999997349915
            ],
            [
                0.0,
                5.89392745701071e-10,
                9.219653756212785e-09,
                0.22270014174705371,
                0.7772998484438999
            ],
            [
                1.0815302775396806e-11,
                5.49246395074417e-11,
                2.4615515657275974e-10,
                5.829127647996234e-05,
                0.999941708411625
            ],
            [
                3.5114220741816655e-12,
                3.098819104132495e-12,
                4.508755191967646e-12,
                8.152020623476493e-09,
                0.9999999918368604
            ]
        ],
        [
            [
                1.3176514229667458e-10,
                5.789356310967825e-12,
                4.508755228461122e-12,
                5.905303980825464e-10,
                0.9999999992674062
            ],
            [
                0.0,
                1.3887891296880331e-11,
                3.775120254792433e-11,
                2.9023121907637956e-06,
                0.9999970976361702
            ],
            [
                2.12978516793642e-12,
                5.905303990572176e-10,
                0.9999999986250925,
                5.905303990572176e-10,
                1.917171511040366e-10
            ],
            [
                7.431186083573539e-12,
                7.050513051176942e-11,
                2.1717109093751697e-10,
                0.0003353500536147389,
                0.9996646496512778
            ],
            [
                1.5737101975137096e-11,
                4.50875520455475e-12,
                7.433680610129323e-12,
                4.944450460551626e-09,
                0.99999999502787
            ]
        ],
        [
            [
                7.052879815615404e-11,
                8.423463712073818e-12,
                0.0,
                5.905303969222969e-10,
                0.9999999993305173
            ],
            [
                2.5946094129781128e-11,
                1.225606704117859e-11,
                2.0206838425917922e-11,
                2.8453347154423968e-08,
                0.9999999714882437
            ],
            [
                1.081491055562514e-11,
                1.0260901444561674e-10,
                5.904741091110567e-10,
                9.6102398816259e-05,
                0.9999038968972858
            ],
            [
                4.276915292535234e-11,
                4.598117270577791e-10,
                2.060733191568118e-09,
                0.00020342705985618173,
                0.9997965703768298
            ],
            [
                1.3176514142009792e-10,
                1.081594145214657e-11,
                9.545034830055679e-12,
                1.4166087728726885e-09,
                0.9999999984312651
            ]
        ],
        [
            [
                3.0988191291941133e-12,
                0.0,
                2.413362764413024e-12,
                1.2501528625429891e-09,
                0.9999999987443349
            ],
            [
                6.560200637311977e-12,
                2.020684053533116e-11,
                3.7751348142610004e-11,
                2.3823698378789762e-07,
                0.9999997616984978
            ],
            [
                8.42341661286117e-12,
                4.2777639284853125e-11,
                1.9171607843779047e-10,
                6.144172107926086e-06,
                0.999993855584975
            ],
            [
                0.0,
                6.198814521736517e-11,
                4.042134825671944e-10,
                0.004070137773265363,
                0.9959298617605329
            ],
            [
                5.109089020535021e-12,
                0.0,
                1.006039277800906e-12,
                2.1724399318779007e-10,
                0.9999999997766409
            ]
        ],
        [
            [
                1.1399918511700728e-12,
                0.0,
                0.0,
                3.775134538072326e-11,
                0.9999999999611087
            ],
            [
                6.560200005248663e-12,
                3.978962437030293e-12,
                1.5737101716073844e-11,
                2.2159489223094013e-08,
                0.9999999778142344
            ],
            [
                7.991945094885755e-11,
                1.0467382413100172e-08,
                0.9999978363240183,
                1.760343052664744e-06,
                3.927856272572602e-07
            ],
            [
                0.005220125650658041,
                0.9947798663323358,
                2.9833058441543196e-09,
                2.9833058441543196e-09,
                2.050394122041715e-09
            ],
            [
                7.43368065460733e-12,
                0.0,
                2.4133627660723024e-12,
                3.1608814467683873e-10,
                0.9999999996740647
            ]
        ],
        [
            [
                2.7894680751920336e-10,
                5.7893562920434355e-12,
                7.43368062524487e-12,
                2.64657362213775e-09,
                0.9999999970612565
            ],
            [
                1.3887943756605159e-11,
                1.0815941472895727e-11,
                1.2256067348473123e-11,
                6.348800066508e-09,
                0.9999999936142399
            ],
            [
                2.289735031515517e-11,
                4.363462607149156e-09,
                0.9999997686751082,
                1.85539151322797e-07,
                4.1399380548459446e-08
            ],
            [
                6.380393315289843e-11,
                9.980614390741398e-10,
                1.073017169200042e-08,
                0.09534946888985703,
                0.9046505193181059
            ],
            [
                9.056076766452797e-11,
                2.0206838592150868e-11,
                3.7751344512271285e-11,
                1.955568060582936e-08,
                0.9999999802958004
            ]
        ],
        [
            [
                7.433680443287635e-12,
                5.789356150334998e-12,
                1.2256067066435881e-11,
                2.8453347213060598e-08,
                0.9999999715211736
            ],
            [
                2.413362725188262e-12,
                1.8795287802119583e-12,
                4.508755155150582e-12,
                1.725782765440466e-08,
                0.9999999827333707
            ],
            [
                2.5945849622648008e-11,
                6.3487400784026345e-09,
                0.9999909471781008,
                6.144154250378198e-06,
                2.9022929627602026e-06
            ],
            [
                2.435555828465905e-11,
                9.139355820293575e-10,
                7.652288939083735e-09,
                0.2689414072615407,
                0.7310585841478792
            ],
            [
                1.0815941524565464e-11,
                4.5087552286550045e-12,
                5.1090890126073835e-12,
                6.691586071049492e-10,
                0.9999999993104076
            ]
        ],
        [
            [
                2.289734832593985e-11,
                0.0,
                7.43368062997995e-12,
                3.850741900818254e-09,
                0.999999996118927
            ],
            [
                8.423463715201813e-12,
                1.6586783511821332e-12,
                3.098819124276365e-12,
                1.2501528605590277e-09,
                0.9999999987366661
            ],
            [
                1.0060392531041071e-12,
                9.05607675401513e-11,
                0.9999999740401861,
                7.582560230598099e-10,
                2.510999090402623e-08
            ],
            [
                0.0,
                1.7832405602840788e-11,
                3.3315319678799016e-11,
                3.7266391065291586e-06,
                0.9999962733097458
            ],
            [
                2.0206838883172476e-11,
                6.560200100934584e-12,
                2.0206838883172476e-11,
                6.3488000509905995e-09,
                0.9999999936042262
            ]
        ],
        [
            [
                1.6918979141491274e-10,
                4.508755219733691e-12,
                5.789356299761582e-12,
                9.736200264291082e-10,
                0.9999999988468922
            ],
            [
                2.7346981411823962e-12,
                5.109088747061425e-12,
                1.5737101241316113e-11,
                5.3157849620541486e-08,
                0.9999999468185694
            ],
            [
                1.3902250221594132e-08,
                1.4180680746921776e-06,
                0.26152772127498514,
                0.7109060302026408,
                0.027564816552049176
            ],
            [
                2.2816793286839033e-10,
                4.58287544031546e-09,
                2.3273761881123076e-08,
                0.5621764848617032,
                0.43782348705349144
            ],
            [
                4.277787839348735e-11,
                1.3887943768801107e-11,
                1.7832472784670764e-11,
                3.850741896104306e-09,
                0.9999999960747599
            ]
        ],
        [
            [
                3.775134523464942e-11,
                4.508755217435861e-12,
                4.508755217435861e-12,
                1.1032560262607659e-09,
                0.999999998849975
            ],
            [
                5.789356308753046e-12,
                2.129785163606435e-12,
                3.978962522106846e-12,
                1.1032560285364963e-09,
                0.9999999988848458
            ],
            [
                4.752193061985459e-13,
                3.775134543654944e-11,
                0.9999999998640678,
                4.2777878682617394e-11,
                5.492788350046545e-11
            ],
            [
                2.8335284011498336e-08,
                5.399749339786718e-06,
                0.0040698118834979645,
                0.9958502187915309,
                7.454124034725257e-05
            ],
            [
                3.0988194643935913e-12,
                3.9789629540080644e-12,
                8.423464639736291e-12,
                8.764249140526173e-08,
                0.9999999123420074
            ]
        ],
        [
            [
                9.545034893075033e-12,
                0.0,
                2.413362764307293e-12,
                4.59905536431045e-10,
                0.9999999995281361
            ],
            [
                6.224144529788624e-11,
                1.5737101871420796e-11,
                2.289734811388929e-11,
                1.1861119973890125e-08,
                0.9999999880380042
            ],
            [
                1.39622463593254e-09,
                1.424187847115019e-07,
                0.00033063552190865363,
                0.985610247097844,
                0.014058973565238
            ],
            [
                0.0,
                9.13935564675822e-10,
                2.670911229984942e-08,
                0.2689414021101948,
                0.7310585702667575
            ],
            [
                4.363462196217066e-09,
                2.2897348158781465e-11,
                1.2256067284766037e-11,
                2.9989607858696984e-09,
                0.9999999926024236
            ]
        ],
        [
            [
                3.0988193835027656e-12,
                5.789356786041654e-12,
                1.5737103349963086e-11,
                1.12535183608602e-07,
                0.9999998874401911
            ],
            [
                2.2897350134781153e-11,
                5.492788753564071e-11,
                7.991960478747134e-11,
                8.315279870455438e-07,
                0.9999991683142682
            ],
            [
                7.991853811019006e-11,
                1.3440231548751515e-08,
                0.9999868917135304,
                1.3007125000635701e-05,
                8.764131886476287e-08
            ],
            [
                3.4557750842559574e-07,
                0.0005514006492480969,
                0.9969556672180838,
                0.002471206431787086,
                2.138012337249216e-05
            ],
            [
                5.109088772921149e-12,
                7.433680301122512e-12,
                1.573710132096967e-11,
                4.691163787562947e-08,
                0.9999999530600822
            ]
        ],
        [
            [
                2.0206838297523196e-11,
                7.433680380734533e-12,
                2.0206838297523196e-11,
                3.653482070397709e-08,
                0.9999999634173319
            ],
            [
                5.789356237202094e-12,
                5.109088947289657e-12,
                2.2897348094453063e-11,
                1.3440409738644847e-08,
                0.9999999865257945
            ],
            [
                7.03929301422325e-11,
                2.99318355480256e-09,
                4.131962443478796e-08,
                0.11920291825499081,
                0.8807970373618083
            ],
            [
                3.5114088273271135e-12,
                1.7832405436020197e-11,
                1.1628189032867913e-10,
                2.9023121950978577e-06,
                0.9999970975501792
            ],
            [
                1.0815941507240903e-11,
                7.433680637956939e-12,
                4.508755221433052e-12,
                1.605228047758306e-09,
                0.9999999983720136
            ]
        ],
        [
            [
                1.2256067374352069e-11,
                3.0988191210869177e-12,
                5.7893562957843065e-12,
                1.8189616772016117e-09,
                0.9999999981598942
            ],
            [
                1.0815941280427838e-11,
                8.423463538851534e-12,
                2.0206838572983604e-11,
                2.2159489206145016e-08,
                0.9999999778010645
            ],
            [
                1.1399918488999854e-12,
                1.9171715067885535e-10,
                0.9999999964023132,
                7.582560400345977e-10,
                2.6465736292876624e-09
            ],
            [
                3.292228607388174e-11,
                8.490769486964814e-10,
                1.1721145727960063e-08,
                0.6791787033666468,
                0.32082128403020815
            ],
            [
                1.2256067367994852e-11,
                7.433680626192397e-12,
                7.433680626192397e-12,
                1.8189616762581173e-09,
                0.9999999981539149
            ]
        ],
        [
            [
                1.2247374498226107e-11,
                7.04787740615363e-11,
                1.9158117082354483e-10,
                0.0007096703401359969,
                0.9992903293855567
            ],
            [
                3.0988190636222536e-12,
                2.734698225316735e-12,
                8.423463550326846e-12,
                2.2159489236332963e-08,
                0.9999999778262537
            ],
            [
                6.224014530288687e-11,
                4.5989592524862617e-10,
                3.3981967913317158e-09,
                2.1444939628505445e-05,
                0.9999785511400386
            ],
            [
                1.4930947284882344e-10,
                6.224144840889394e-11,
                1.4930947284882344e-10,
                3.927863683042436e-07,
                0.9999996068527713
            ],
            [
                1.5737073642612797e-11,
                2.2897307041216005e-11,
                7.0528670943203e-11,
                1.7603431281558776e-06,
                0.9999982395477087
            ]
        ],
        [
            [
                4.277787852258159e-11,
                2.7346982809089924e-12,
                2.7346982809089924e-12,
                4.599055360686471e-10,
                0.9999999994918471
            ],
            [
                4.8473686826520926e-11,
                4.5087552203265115e-12,
