{
    "[['E', 'D', 'C', 'B', 'A'], ['E', 'D', 'C', 'B', 'A']]": [
        [
            [
                0.9999999961332968,
                3.850741904958092e-09,
                2.4133627606715093e-12,
                1.225606738741567e-11,
                1.2917799988115662e-12
            ],
            [
                0.9999999865541012,
                1.344040976247966e-08,
                1.1399918370429404e-12,
                3.978962479986814e-12,
                3.701011626643684e-13
            ],
            [
                7.28772409518438e-14,
                5.109089027617937e-12,
                0.999999999992744,
                1.4637785139983032e-12,
                6.101936677073384e-13
            ],
            [
                0.0,
                9.71744458385534e-10,
                1.0447237485599499e-08,
                0.8807970661799008,
                0.11920292240111724
            ],
            [
                5.1090889953285514e-12,
                2.4133627563704015e-12,
                2.4133627563704015e-12,
                2.998960805642472e-09,
                0.9999999969911033
            ]
        ],
        [
            [
                0.9999999943861169,
                5.6027964023346646e-09,
                1.8795288047299257e-12,
                8.423463701543674e-12,
                7.835041735836496e-13
            ],
            [
                0.9999999847578123,
                1.5229979501026193e-08,
                1.879528786465788e-12,
                9.545034770115834e-12,
                7.835041659700243e-13
            ],
            [
                1.8795288099867283e-12,
                8.592166589220365e-10,
                0.9999999965566089,
                2.061153615253028e-09,
                5.211412469720675e-10
            ],
            [
                9.481147577025767e-12,
                1.904339397325423e-10,
                4.0314865357740915e-10,
                0.006692851405303671,
                0.9933071479916326
            ],
            [
                6.560200117164295e-12,
                2.1297851544019236e-12,
                2.1297851544019236e-12,
                3.398267793081865e-09,
                0.9999999965909123
            ]
        ],
        [
            [
                0.9999999985704267,
                1.416608783966544e-09,
                2.413362767273216e-12,
                9.545034904805487e-12,
                1.006039277382427e-12
            ],
            [
                0.9999999907544109,
                9.237449571109938e-09,
                1.6586783425992728e-12,
                5.789356271785852e-12,
                6.914400038929338e-13
            ],
            [
                1.8426252145525503e-14,
                1.2917800046661074e-12,
                0.9999999999977518,
                7.835041784337228e-13,
                1.5428112030487013e-13
            ],
            [
                0.0,
                1.7822613729525795e-11,
                3.773047356148739e-11,
                0.0005527785820709003,
                0.999447221362376
            ],
            [
                1.2256067386064738e-11,
                1.291779998669179e-12,
                0.0,
                3.581747913322942e-10,
                0.9999999996282773
            ]
        ],
        [
            [
                0.9999999993246351,
                6.691586083286257e-10,
                1.0060392780795847e-12,
                4.508755236900071e-12,
                6.91440009866708e-13
            ],
            [
                0.9999999956277086,
                4.363462230945526e-09,
                1.6586783505520873e-12,
                6.5602001350808585e-12,
                6.101936646842716e-13
            ],
            [
                2.365977608888828e-14,
                2.7346982913076144e-12,
                0.999999999925455,
                9.545034921848462e-12,
                6.22414462226081e-11
            ],
            [
                1.3229290282950609e-11,
                2.0694091798526397e-10,
                1.8262471914000823e-10,
                0.0474258753267031,
                0.952574124270502
            ],
            [
                3.511422095032638e-12,
                1.6586783502491989e-12,
                1.6586783502491989e-12,
                1.818961678050684e-09,
                0.9999999981742096
            ]
        ],
        [
            [
                0.9999999985759866,
                1.4166087838876729e-09,
                1.1399918508268948e-12,
                5.789356317469458e-12,
                4.752193053527402e-13
            ],
            [
                0.9999999881278855,
                1.1861120004345934e-08,
                1.8795287932456017e-12,
                8.423463650074505e-12,
                6.914400021248274e-13
            ],
            [
                1.201542573088283e-13,
                5.789356328302329e-12,
                0.999999999988257,
                2.734698291389549e-12,
                3.098819138492561e-12
            ],
            [
                0.0,
                3.5110874112366386e-12,
                6.559574862234017e-12,
                9.61023992293734e-05,
                0.9999038975907
            ],
            [
                1.3887943749206644e-11,
                0.0,
                0.0,
                1.691897908512995e-10,
                0.9999999998169222
            ]
        ],
        [
            [
                0.9999999961302,
                3.850741904946167e-09,
                3.5114220971254533e-12,
                1.3887943800689837e-11,
                1.6586783512377746e-12
            ],
            [
                0.9999999979221996,
                2.0611536170817395e-09,
                3.0988191306681754e-12,
                1.2256067412246678e-11,
                1.2917800014287352e-12
            ],
            [
                1.842625214607414e-14,
                1.8795288164206086e-12,
                0.9999999999663665,
                5.789356328365724e-12,
                2.5946094981129176e-11
            ],
            [
                3.972986876982448e-12,
                3.326541184264892e-11,
                2.935662291433859e-11,
                0.0015011820273278193,
                0.9984988179060772
            ],
            [
                0.0,
                1.1399918047362953e-12,
                1.6586782886264184e-12,
                4.139937543352018e-08,
                0.9999999585978259
            ]
        ],
        [
            [
                0.9999999961366082,
                3.850741905313935e-09,
                2.4133627608945257e-12,
                9.545034879577278e-12,
                6.914400075600337e-13
            ],
            [
                0.999999977831037,
                2.21594892719218e-08,
                2.1297851227611565e-12,
                6.560200019703871e-12,
                7.83504160776626e-13
            ],
            [
                2.0879679115289427e-14,
                7.835041784625385e-13,
                0.9999999999988969,
                2.5436656472343987e-13,
                4.420228103393503e-14
            ],
            [
                1.5149676375953644e-11,
                5.016883802176288e-10,
                1.9842160347584718e-09,
                0.03732688377631493,
                0.962673113722631
            ],
            [
                1.0060392734665382e-12,
                0.0,
                7.835041739763271e-13,
                4.363462227714772e-09,
                0.9999999956347483
            ]
        ],
        [
            [
                0.9999999881309568,
                1.1861120001569916e-08,
                1.6586783379696031e-12,
                5.789356255626717e-12,
                4.752193002763789e-13
            ],
            [
                0.9999999865514462,
                1.3440409763376591e-08,
                1.8795287902826387e-12,
                5.789356247855109e-12,
                4.752192996384464e-13
            ],
            [
                3.9008376098172974e-14,
                2.129785170757366e-12,
                0.9999999999973967,
                3.7010116782478715e-13,
                6.431393940852826e-14
            ],
            [
                2.412980827119299e-12,
                2.5941988690109014e-11,
                3.3310172837525904e-11,
                0.00015843624663762344,
                0.9998415636916973
            ],
            [
                0.0,
                0.0,
                1.6586783518591088e-12,
                1.6052280483578379e-09,
                0.9999999983931134
            ]
        ],
        [
            [
                0.9999999976378491,
                2.3355930310083334e-09,
                7.433680647555133e-12,
                1.7832472848661343e-11,
                1.2917800004769138e-12
            ],
            [
                0.9999999804332327,
                1.9555680690380818e-08,
                1.879528778337616e-12,
                8.423463583261549e-12,
                7.835041625816981e-13
            ],
            [
                2.543665647094762e-13,
                1.3887943863423476e-11,
                0.9999999999596019,
                8.42346375353426e-12,
                1.783247290616829e-11
            ],
            [
                1.4252664964168631e-11,
                7.781691400858172e-10,
                5.0743002075224394e-09,
                0.37754067339628755,
                0.6224593207369904
            ],
            [
                6.914400086037013e-13,
                0.0,
                6.101936659158324e-13,
                1.6052280503327847e-09,
                0.9999999983934702
            ]
        ],
        [
            [
                0.9999999983804446,
                1.6052280505790755e-09,
                3.5114221032997547e-12,
                1.0815941526247096e-11,
                0.0
            ],
            [
                0.9999999907462224,
                9.237449570307971e-09,
                2.4133627478855693e-12,
                1.2256067322483308e-11,
                1.6586783424552717e-12
            ],
            [
                1.361526107946225e-13,
                8.423463753581284e-12,
                0.9999999999651845,
                8.423463753581284e-12,
                1.7832472906267842e-11
            ],
            [
                2.0033497809528578e-11,
                2.0434723311181046e-09,
                5.971901530369717e-08,
                0.991422452041769,
                0.00857748617570983
            ],
            [
                3.09881912217357e-12,
                0.0,
                0.0,
                9.73620026101649e-10,
                0.9999999990232811
            ]
        ],
        [
            [
                0.9999999993921622,
                5.905303992277074e-10,
                2.4133627691085775e-12,
                1.3887943849284822e-11,
                1.0060392781475196e-12
            ],
            [
                0.9999999585886827,
                4.1399375449001335e-08,
                2.734698176729494e-12,
                8.423463400667607e-12,
                7.835041455978159e-13
            ],
            [
                5.008774637451521e-14,
                5.789356328277579e-12,
                0.9999999999550557,
                5.789356328277579e-12,
                3.331544541905687e-11
            ],
            [
                0.0,
                8.575614796452559e-10,
                4.355056543782786e-09,
                0.11920292289896983,
                0.8807970718884122
            ],
            [
                1.291779934494479e-12,
                1.6586782686581367e-12,
                3.511421922304358e-12,
                5.315784965168814e-08,
                0.9999999468356884
            ]
        ],
        [
            [
                0.9999999979313949,
                2.0611536171006927e-09,
                1.2917800014406136e-12,
                5.789356313737687e-12,
                3.7010116690079904e-13
            ],
            [
                0.9999999973399472,
                2.646573630098114e-09,
                1.8795288102817345e-12,
                1.0815941521277138e-11,
                7.83504175897988e-13
            ],
            [
                4.752193062179388e-13,
                4.84736870566664e-11,
                0.9999999999048763,
                3.775134543809001e-11,
                8.423463753419721e-12
            ],
            [
                1.4637702203426768e-12,
                5.1090600799154296e-12,
                5.789323526181645e-12,
                4.785094843027417e-06,
                0.9999952148927949
            ],
            [
                1.4637785084762548e-12,
                0.0,
                0.0,
                4.5990553609016313e-10,
                0.9999999995386306
            ]
        ],
        [
            [
                0.9999999981636343,
                1.8189616829955934e-09,
                2.413362765786475e-12,
                1.225606741339161e-11,
                2.7346982847400217e-12
            ],
            [
                0.9999999981721233,
                1.8189616831540561e-09,
                1.8795288119936175e-12,
                6.560200152288544e-12,
                4.752193051278415e-13
            ],
            [
                5.492757594606369e-11,
                6.023540109455086e-08,
                0.999995042079965,
                4.785095161737407e-06,
                1.1253454458920309e-07
            ],
            [
                0.0,
                2.6929196566557917e-10,
                1.756004198663389e-09,
                0.14804720340081332,
                0.8519527945738905
            ],
            [
                6.914400090593348e-13,
                0.0,
                0.0,
                7.582560409985402e-10,
                0.9999999992410524
            ]
        ],
        [
            [
                0.9999999965891635,
                3.3982678061331573e-09,
                2.413362762343925e-12,
                9.545034885309762e-12,
                6.101936653612644e-13
            ],
            [
                0.9999999936398907,
                6.348800071416264e-09,
                1.879528803327372e-12,
                8.423463695257865e-12,
                1.0060392722115974e-12
            ],
            [
                3.900837609919005e-14,
                2.7346982914084016e-12,
                0.9999999999951508,
                1.2917800046993296e-12,
                7.83504178453873e-13
            ],
            [
                0.0,
                5.550473103211616e-10,
                2.818762827270587e-09,
                0.06008665415701631,
                0.9399133424691736
            ],
            [
                1.2256067392348673e-11,
                1.2917799993315007e-12,
                0.0,
                3.581747915159377e-10,
                0.9999999996282773
            ]
        ],
        [
            [
                0.9999999976544836,
                2.3355930319419267e-09,
                1.879528811020699e-12,
                7.433680650526554e-12,
                6.101936659689753e-13
            ],
            [
                0.9999998144411189,
                1.8553915973214624e-07,
                2.7346986375289635e-12,
                1.3887945621777518e-11,
                3.0988195307199027e-12
            ],
            [
                5.008774637421901e-14,
                3.5114221130809437e-12,
                0.999999999953578,
                5.109089027633276e-12,
                3.775134543961332e-11
            ],
            [
                0.0,
                1.4902184081842203e-10,
                3.1547923948825087e-10,
                0.11920292353127403,
                0.8807970760042249
            ],
            [
                0.0,
                0.0,
                4.752193057886809e-13,
                3.58174792660183e-10,
                0.99999999964135
            ]
        ],
        [
            [
                0.9999999936412765,
                6.3488000723647935e-09,
                1.879528803608179e-12,
                7.43368062120947e-12,
                6.101936635624824e-13
            ],
            [
                0.9999999987378123,
                1.250152864233863e-09,
                1.8795288133023594e-12,
                9.545034906403189e-12,
                6.101936667097221e-13
            ],
            [
                1.081594114723476e-11,
                2.9989607111615483e-09,
                0.9999999622045638,
                1.955568034646102e-08,
                1.5229979167317923e-08
            ],
            [
                5.082418930907244e-12,
                5.464115294334787e-11,
                5.464115294334787e-11,
                0.005220125690425541,
                0.9947798741952097
            ],
            [
                3.51142209585261e-12,
                2.1297851603270014e-12,
                2.7346982779442463e-12,
                2.6465736257012786e-09,
                0.9999999973450504
            ]
        ],
        [
            [
                0.9999999976544023,
                2.335593031941737e-09,
                1.879528811020546e-12,
                7.43368065052595e-12,
                6.914400086638639e-13
            ],
            [
                0.9999999677484686,
                3.224186631591517e-08,
                2.4133626927408654e-12,
                6.560199953158485e-12,
                6.914399880336831e-13
            ],
            [
                4.193795655362821e-13,
                4.847368702783397e-11,
                0.9999999993139852,
                2.7894680908623763e-10,
                3.5817479277067217e-10
            ],
            [
                0.0,
                6.19930311272205e-10,
                2.1637693960660676e-09,
                0.8175744827207626,
                0.18242551449553765
            ],
            [
                1.3887943729232904e-11,
                6.560200104038939e-12,
                5.789356272149504e-12,
                6.348800053994918e-09,
                0.9999999936249625
            ]
        ],
        [
            [
                0.9999999993222073,
                6.691586081683338e-10,
                1.4637785120238515e-12,
                6.5602001587330106e-12,
                6.101936668842645e-13
            ],
            [
                0.9999999918372448,
                8.152020642472223e-09,
                2.413362750518602e-12,
                7.433680606698561e-12,
                8.878265400047583e-13
            ],
            [
                1.8426252145854367e-14,
                1.6586783587898944e-12,
                0.9999999999955673,
                1.2917800046891625e-12,
                1.463778514016182e-12
            ],
            [
                1.2917530122638261e-12,
                1.2255811346179578e-11,
                1.2255811346179578e-11,
                2.1444939750352358e-05,
                0.9999785550344463
            ],
            [
                1.463778509994884e-12,
                0.0,
                1.2917800011403793e-12,
                7.582560406512667e-10,
                0.9999999992389883
            ]
        ],
        [
            [
                0.9999999993237048,
                6.691586083689796e-10,
                1.1399918517490958e-12,
                5.109089022258374e-12,
                8.878265468372167e-13
            ],
            [
                0.999999998574562,
                1.4166087836759723e-09,
                1.6586783554399693e-12,
                6.560200154412806e-12,
                6.101936664824228e-13
            ],
            [
                1.2015425730824906e-13,
                8.423463753804833e-12,
                0.9999999999834361,
                3.5114221130997928e-12,
                4.508755241939511e-12
            ],
            [
                1.2902681096690717e-12,
                2.5915727757569698e-11,
                3.770716139084652e-11,
                0.001169510344078709,
                0.9988304895910081
            ],
            [
                1.5737102057879507e-11,
                1.879528810688851e-12,
                1.1399918494960103e-12,
                7.582560404310386e-10,
                0.9999999992229873
            ]
        ],
        [
            [
                0.9999999976488334,
                2.3355930317450867e-09,
                3.0988191293623844e-12,
                1.0815941524618033e-11,
                1.6586783539044833e-12
            ],
            [
                0.9999999881125056,
                1.1861120001351064e-08,
                4.5087551852782316e-12,
                2.0206838834691526e-11,
                1.6586783379389984e-12
            ],
            [
                4.420228103384011e-14,
                2.4133627716928084e-12,
                0.9999999999967495,
                5.384940217440749e-13,
                2.5436656472289365e-13
            ],
            [
                0.0,
                6.559161936873076e-12,
                1.2254127772706432e-11,
                0.00015843624668821863,
                0.9998415637344985
            ],
            [
                3.978962473017773e-12,
                2.1297851373309478e-12,
                5.789356237328868e-12,
                1.344040973893916e-08,
                0.9999999865476921
            ]
        ],
        [
            [
                0.9999999881276352,
                1.1861120005069292e-08,
                2.1297851446906992e-12,
                8.423463650588217e-12,
                6.914400021669953e-13
            ],
            [
                0.9999999881285607,
                1.1861120002598293e-08,
                1.8795287929686682e-12,
                7.433680579129389e-12,
                1.006039266666983e-12
            ],
            [
                1.361526107948898e-13,
                6.560200167475579e-12,
                0.9999999999765388,
                4.508755241828706e-12,
                1.2256067442832441e-11
            ],
            [
                7.834997396736397e-13,
                7.433638557879167e-12,
                1.2255998009072008e-11,
                4.785094846138869e-06,
                0.9999952148846807
            ],
            [
                2.1297851651343796e-12,
                8.878265454192429e-13,
                0.0,
                6.691586073002469e-10,
                0.9999999993278237
            ]
        ],
        [
            [
                0.9999999969823885,
                2.998960814244726e-09,
                3.978962521756675e-12,
                1.388794381581802e-11,
                7.835041757338113e-13
            ],
            [
                0.9999999983890429,
                1.6052280517631074e-09,
                1.1399918506137805e-12,
                3.9789625273537e-12,
                6.101936664595394e-13
            ],
            [
                7.28772409503915e-14,
                7.433680671556014e-12,
                0.999999999972816,
                1.3887943863476571e-11,
                5.78935632811059e-12
            ],
            [
                1.874881298880888e-12,
                2.9328077984942314e-11,
                7.972198145009846e-11,
                0.002472622961750049,
                0.9975273769273251
            ],
            [
                2.7346982771001634e-12,
                1.658678350124564e-12,
                1.658678350124564e-12,
                2.646573624884396e-09,
                0.9999999973473743
            ]
        ],
        [
            [
                0.9999999985683767,
                1.4166087836672102e-09,
                2.73469828584687e-12,
                1.081594153456376e-11,
                1.4637785110508296e-12
            ],
            [
                0.9999999969920608,
                2.998960814065638e-09,
                1.879528809775656e-12,
                6.560200144547098e-12,
                5.384940198376493e-13
            ],
            [
                1.573710371874578e-11,
                2.646573909986137e-09,
                0.9999995513938108,
                3.927860201893829e-07,
                5.315785798897171e-08
            ],
            [
                9.533863438498385e-12,
                1.4913471620255072e-10,
                2.458815788029724e-10,
                0.001169510341623692,
                0.9988304892538261
            ],
            [
                7.433680627984973e-12,
                0.0,
                0.0,
                3.581747908905859e-10,
                0.9999999996343916
            ]
        ],
        [
            [
                0.9999999969875075,
                2.998960814443722e-09,
                3.0988191279614926e-12,
                9.545034889696469e-12,
                8.878265447630787e-13
            ],
            [
                0.9999998144458259,
                1.8553915973301959e-07,
                2.7346986375418357e-12,
                1.0815942925544331e-11,
                1.4637786992995793e-12
            ],
            [
                4.1937956564720294e-13,
                3.331544540651085e-11,
                0.9999999995879356,
                3.1608814528759907e-10,
                6.224144620076779e-11
            ],
            [
                5.074892597660599e-12,
                1.0193194265152373e-10,
                4.568272732996604e-10,
                0.006692851409487821,
                0.9933071480266781
            ],
            [
                1.6586783493190222e-12,
                1.6586783493190222e-12,
                1.4637785056581666e-12,
                4.363462227701718e-09,
                0.9999999956317567
            ]
        ],
        [
            [
                0.9999999996308553,
                3.5817479262451153e-10,
                1.6586783570442358e-12,
                8.423463744972027e-12,
                8.878265468450294e-13
            ],
            [
                0.9999999804353168,
                1.955568069216394e-08,
                1.6586783253527958e-12,
                6.560200035415727e-12,
                7.835041626531394e-13
            ],
            [
                5.6756852322985436e-14,
                2.4133627716911173e-12,
                0.9999999999960487,
                1.0060392792240822e-12,
                4.752193062491348e-13
            ],
            [
                3.233888294611785e-11,
                2.5689956725389623e-09,
                4.553653786195269e-08,
                0.9706877252956947,
                0.029312226566432814
            ],
            [
                0.0,
                0.0,
                1.463778508355277e-12,
                1.6052280488573454e-09,
                0.9999999983933081
            ]
        ],
        [
            [
                0.9999999985671086,
                1.4166087836654138e-09,
                2.7346982858434023e-12,
                1.2256067418336618e-11,
                1.2917800020706102e-12
            ],
            [
                0.9999999895134178,
                1.0467401677040417e-08,
                4.508755191594601e-12,
                1.3887943708796338e-11,
                7.835041696960612e-13
            ],
            [
                1.1399918528742831e-12,
                4.84736870554709e-11,
                0.9999999999213414,
                2.594609497889384e-11,
                3.098819138259521e-12
            ],
            [
                1.1605833073228116e-10,
                1.044723799604714e-08,
                1.6342229817866912e-07,
                0.8807969258568825,
                0.11920290015752302
            ],
            [
                1.6586783526847462e-12,
                6.914400080971846e-13,
                1.1399918487628972e-12,
                2.335593030027569e-09,
                0.9999999976609169
            ]
        ],
        [
            [
                0.9999999979309109,
                2.061153617435594e-09,
                1.1399918502772943e-12,
                5.789356314678356e-12,
                1.0060392768413941e-12
            ],
            [
                0.9999999585872048,
                4.139937545434794e-08,
                2.7346981770826718e-12,
                9.545034523164238e-12,
                1.1399918053098177e-12
            ],
            [
                6.560200075384915e-12,
                7.194132928591971e-09,
                0.9999999859906015,
                6.348800026264259e-09,
                4.599055313616322e-10
            ],
            [
                8.878265815632677e-13,
                2.7346983954484758e-12,
                2.4133628634863428e-12,
                3.927863694650898e-07,
                0.9999996072075947
            ],
            [
                0.0,
                0.0,
                0.0,
                5.211412477790124e-10,
                0.9999999994788586
            ]
        ],
        [
            [
                0.9999999976583536,
                2.3355930319509657e-09,
                1.006039276333432e-12,
                4.508755229074358e-12,
                5.384940201964439e-13
            ],
            [
                0.9999999748789223,
                2.5109990907609966e-08,
                1.8795287678981296e-12,
                8.423463536475016e-12,
                7.835041582298728e-13
            ],
            [
                8.258073284933199e-14,
                3.0988191384881507e-12,
                0.999999999995121,
                1.0060392792074538e-12,
                6.914400106418805e-13
            ],
            [
                0.0,
                9.775196804353347e-11,
                3.41187893238782e-10,
                0.04742587535123626,
                0.9525741242098238
            ],
            [
                5.38494019270947e-13,
                8.87826543716815e-13,
                1.006039274604376e-12,
                3.398267803690227e-09,
                0.9999999965992998
            ]
        ],
        [
            [
                0.9999999979331888,
                2.061153617230607e-09,
                1.139991850163919e-12,
                3.978962525783529e-12,
                5.384940204147817e-13
            ],
            [
                0.9999999804362953,
                1.9555680692183076e-08,
                1.4637784845094785e-12,
                6.5602000354221464e-12,
                0.0
            ],
            [
                7.28772409509758e-14,
                5.109089027557086e-12,
                0.9999999999914746,
                1.4637785139808688e-12,
                1.879528816352848e-12
            ],
            [
                3.4990686564551274e-11,
                2.1647971219150685e-09,
                3.149761226776616e-09,
                0.43782349654164493,
                0.562176498108806
            ],
            [
                0.0,
                0.0,
                2.413362757238994e-12,
                3.3982677989448792e-09,
                0.9999999965993187
            ]
        ],
        [
            [
                0.9999999961396784,
                3.850741905895734e-09,
                1.1399918480495234e-12,
                7.433680639781792e-12,
                1.006039274875393e-12
            ],
            [
                0.9999999927973046,
                7.1941329742598805e-09,
                1.4637785027183524e-12,
                6.560200117028658e-12,
                5.38494017578798e-13
            ],
            [
                8.878265476567002e-13,
                9.056076987742305e-11,
                0.9999999998573501,
                4.277787868057065e-11,
                8.423463752672945e-12
            ],
            [
                5.10804690627851e-12,
                5.49166796444968e-11,
                6.222875058672801e-11,
                0.00020342706073831848,
                0.9997965728170082
            ],
            [
                8.878265454211338e-13,
                0.0,
                0.0,
                6.69158607301672e-10,
                0.9999999993299535
            ]
        ],
        [
            [
                0.999999998390531,
                1.6052280518637937e-09,
                8.878265460087203e-13,
                3.0988191323092084e-12,
                2.5436656421131263e-13
            ],
            [
                0.99999991234697,
                8.764249144542953e-08,
                2.4133630265727186e-12,
                7.433681457005103e-12,
                6.914400836781104e-13
            ],
            [
                6.431393940883964e-14,
                3.511422113066375e-12,
                0.9999999999915974,
                2.41336277162006e-12,
                2.41336277162006e-12
            ],
            [
                6.588253625091754e-11,
                4.0760081857022134e-09,
                4.9655945106095135e-08,
                0.49999997266388035,
                0.49999997353828385
            ],
            [
                5.492788314635836e-11,
                3.978962509527955e-12,
                3.5114220901586494e-12,
                1.6052280445716887e-09,
                0.9999999983323538
            ]
        ],
        [
            [
                0.9999999895198562,
                1.0467401678863465e-08,
                2.4133627451156614e-12,
                9.545034817170657e-12,
                7.835041698325195e-13
            ],
            [
                0.999999982729109,
                1.7257827678353925e-08,
                2.7346982425312516e-12,
                9.545034751602228e-12,
                7.835041644503351e-13
            ],
            [
                3.266131342268237e-13,
                2.020683908700993e-11,
                0.9999999999209517,
                1.5737102104361206e-11,
                4.277787868288967e-11
            ],
            [
                6.467936963042935e-12,
                2.1418865577149855e-10,
                7.475918662402685e-10,
                0.014063627253503998,
                0.9859363717782476
            ],
            [
                1.463778506798284e-12,
                1.0060392742471188e-12,
                0.0,
                3.398267802483459e-09,
                0.9999999965992623
            ]
        ],
        [
            [
                0.9999999927900174,
                7.194132975879053e-09,
                2.129785154837236e-12,
                1.2256067351343635e-11,
                1.4637785030478027e-12
            ],
            [
                0.9999999973394134,
                2.646573630650505e-09,
                2.4133627643023346e-12,
                1.0815941523534634e-11,
                7.835041760615203e-13
            ],
            [
                8.502195243295014e-10,
                1.261837655364313e-07,
                0.00856110048404544,
                0.9895285327599176,
                0.0019102397220518593
            ],
            [
                3.935247675344841e-12,
                1.3031750533843769e-10,
                4.0140617565242116e-10,
                0.010986942363286269,
                0.9890130571010548
            ],
            [
                8.423463687440585e-12,
                2.7346982698310488e-12,
                2.7346982698310488e-12,
                2.998960800993664e-09,
                0.9999999969871463
            ]
        ],
        [
            [
                0.9999999965820434,
                3.398267805873159e-09,
                4.5087552242215386e-12,
                1.3887943809294381e-11,
                1.291779999607913e-12
            ],
            [
                0.9999999987437937,
                1.2501528641647863e-09,
                1.0060392774952354e-12,
                4.5087552342811995e-12,
                5.384940208183125e-13
            ],
            [
                6.431393940901607e-14,
                3.978962535496724e-12,
                0.9999999999943405,
                1.006039279197221e-12,
                6.101936677083126e-13
            ],
            [
                4.015552617103692e-11,
                2.4843344334978676e-09,
                2.6709112253159103e-08,
                0.2689414016005505,
                0.7310585691658474
            ],
            [
                1.6586783531944445e-12,
                0.0,
                0.0,
                4.8473686895545885e-11,
                0.9999999999498677
            ]
        ],
        [
            [
                0.9999999983779535,
                1.6052280516339212e-09,
                3.0988191318654503e-12,
                1.2256067416981993e-11,
                1.4637785108871866e-12
            ],
            [
                0.9999999895234329,
                1.046740167714525e-08,
                2.1297851470280253e-12,
                6.560200094451089e-12,
                4.752193009381104e-13
            ],
            [
                2.3659776089895515e-14,
                2.1297851708250712e-12,
                0.9999999999935536,
                1.8795288164237287e-12,
                2.4133627716850956e-12
            ],
            [
                5.842594615957708e-11,
                1.9348016131886186e-09,
                2.0801077655832644e-08,
                0.26894140320956883,
                0.7310585739961261
            ],
            [
                2.1297851602880714e-12,
                0.0,
                0.0,
                6.224144591732153e-11,
                0.9999999999356288
            ]
        ],
        [
            [
                0.9999999987392911,
                1.2501528640724105e-09,
                1.6586783558436209e-12,
                7.433680658590667e-12,
                1.4637785114161048e-12
            ],
            [
                0.9999999585707022,
                4.139937543239728e-08,
                8.423463397289206e-12,
                2.0206838233393234e-11,
                1.2917799500107547e-12
            ],
            [
                1.0603575990780882e-13,
                7.433680671831331e-12,
                0.9999999999784064,
                4.508755241978909e-12,
                9.545034922171833e-12
            ],
            [
                2.129626927935761e-12,
                1.7831147955561513e-11,
                2.939859291533537e-11,
                7.484619701844898e-05,
                0.9999251537536222
            ],
            [
                7.433680642060978e-12,
                0.0,
                0.0,
                6.691586064025504e-10,
                0.9999999993234077
            ]
        ],
        [
            [
                0.9999999987407158,
                1.2501528642374926e-09,
                1.879528813307817e-12,
                6.56020015687555e-12,
                6.914400095053038e-13
            ],
            [
                0.9999999895245401,
                1.0467401678089459e-08,
