{
    "[['E', 'D', 'C', 'B', 'A'], ['E', 'D', 'C', 'B', 'A']]": [
        [
            [
                0.9999999894908479,
                1.0467401678559822e-08,
                5.7893562644706356e-12,
                2.940077706650544e-11,
                6.5602000953376404e-12
            ],
            [
                0.9999999847357106,
                1.522997950430084e-08,
                3.9789624730276024e-12,
                2.2897348095011022e-11,
                7.433680555008337e-12
            ],
            [
                3.850661162021465e-09,
                2.699519311245449e-07,
                0.9999782398503545,
                1.6701334581581792e-05,
                4.785012471590159e-06
            ],
            [
                3.7881036044879905e-07,
                0.0009965311839748936,
                0.8510961410807847,
                0.1478983272408159,
                8.621684064155714e-06
            ],
            [
                0.9999999991050839,
                8.59216660799758e-10,
                3.97896253066148e-12,
                1.783247288495024e-11,
                1.3887943846898844e-11
            ]
        ],
        [
            [
                0.9999999906727822,
                9.237449570996872e-09,
                8.423463671511351e-12,
                7.052879781652866e-11,
                1.0815941450766416e-11
            ],
            [
                0.9999999918202999,
                8.152020643540727e-09,
                4.50875520306486e-12,
                1.573710196993687e-11,
                7.43368060767291e-12
            ],
            [
                9.357622968410305e-14,
                4.508755242087702e-12,
                0.9999999999873774,
                3.5114221132152043e-12,
                4.508755242087702e-12
            ],
            [
                3.088248578061225e-10,
                1.4880014948463891e-08,
                3.8376100947664164e-07,
                0.9770222399303132,
                0.022977361119837524
            ],
            [
                0.9999999989982149,
                9.7362002993044e-10,
                3.978962530236252e-12,
                2.0206839061778008e-11,
                3.978962530236252e-12
            ]
        ],
        [
            [
                0.999999984717449,
                1.522997950577837e-08,
                7.433680555729512e-12,
                2.9400776931593093e-11,
                1.5737101859972694e-11
            ],
            [
                0.9999999956048755,
                4.363462231758962e-09,
                5.109089003258545e-12,
                1.57371020304588e-11,
                1.0815941504773974e-11
            ],
            [
                1.29178000431374e-12,
                1.691897921996597e-10,
                0.9999999996573117,
                1.4930946756513102e-10,
                2.289734844808459e-11
            ],
            [
                1.9043394895140278e-10,
                1.9424790882132354e-08,
                6.432607292648984e-07,
                0.9933064917621806,
                0.00669284536186539
            ],
            [
                0.9999999981551857,
                1.818961683545893e-09,
                4.508755232362086e-12,
                1.7832472868861646e-11,
                3.511422105640887e-12
            ]
        ],
        [
            [
                0.9999999950315042,
                4.944450474795405e-09,
                2.413362758584728e-12,
                1.0815941497910098e-11,
                1.0815941497910098e-11
            ],
            [
                0.9999999881009914,
                1.1861120005959905e-08,
                3.978962487066366e-12,
                2.9400777032474005e-11,
                4.5087551870301856e-12
            ],
            [
                2.882350792585548e-13,
                2.020683908420124e-11,
                0.9999999997725637,
                3.77513454315424e-11,
                1.6918979221110042e-10
            ],
            [
                2.1538039516213793e-10,
                1.7109784034382883e-08,
                3.0327846786479724e-07,
                0.9914221974797861,
                0.008577481916581548
            ],
            [
                0.9999999986947194,
                1.2501528643071691e-09,
                6.560200157241178e-12,
                3.77513453799933e-11,
                1.0815941539293857e-11
            ]
        ],
        [
            [
                0.9999999927787172,
                7.194132972919519e-09,
                3.978962504086953e-12,
                1.5737101981288082e-11,
                7.433680613034844e-12
            ],
            [
                0.9999999927773097,
                7.194132973550373e-09,
                2.4133627527873197e-12,
                1.2256067347376451e-11,
                1.3887943755362467e-11
            ],
            [
                3.266131341589977e-13,
                2.0206839082813686e-11,
                0.9999999997038962,
                2.9400777382065444e-11,
                2.4616969509128463e-10
            ],
            [
                1.9149277439156793e-10,
                1.5212155273083532e-08,
                1.3693532726634168e-06,
                0.9988291065239021,
                0.0011695087191771348
            ],
            [
                0.9999999973265763,
                2.6465736307595525e-09,
                4.508755228411065e-12,
                1.7832472853235054e-11,
                4.508755228411065e-12
            ]
        ],
        [
            [
                0.9999999969712481,
                2.9989608143949606e-09,
                4.508755226565323e-12,
                1.5737102051961544e-11,
                9.545034889541272e-12
            ],
            [
                0.9999999955918291,
                4.3634622311320574e-09,
                3.978962515947595e-12,
                1.7832472819007186e-11,
                2.2897348341998526e-11
            ],
            [
                6.431393941114217e-14,
                4.508755242058021e-12,
                0.9999999999902569,
                3.511422113192089e-12,
                1.658678358827116e-12
            ],
            [
                7.897645788785246e-11,
                1.5862845609690366e-09,
                2.1897982902109934e-08,
                0.679178695987102,
                0.32082128044965413
            ],
            [
                0.9999999918089769,
                8.152020643448422e-09,
                6.560200111000236e-12,
                2.2897348256970065e-11,
                9.545034839682714e-12
            ]
        ],
        [
            [
                0.9999999955932266,
                4.3634622317081325e-09,
                5.1090890031990296e-12,
                2.5946094856493356e-11,
                1.2256067384453138e-11
            ],
            [
                0.999999996116743,
                3.850741906251314e-09,
                5.109089006149818e-12,
                2.2897348358246004e-11,
                4.508755222956223e-12
            ],
            [
                7.991960008981651e-11,
                2.5109991921988072e-08,
                0.9999998210746119,
                1.4449802670875483e-07,
                9.237449796080403e-09
            ],
            [
                7.580001079897892e-10,
                4.689580609287054e-08,
                2.259566476090655e-06,
                0.9996623433807988,
                0.0003353493989188907
            ],
            [
                0.9999999880638258,
                1.1861120003586114e-08,
                8.423463649534903e-12,
                3.331544500664311e-11,
                3.331544500664311e-11
            ]
        ],
        [
            [
                0.9999999865135842,
                1.3440409761935095e-08,
                5.789356247234195e-12,
                2.940077697897157e-11,
                1.0815941405030267e-11
            ],
            [
                0.999999997639369,
                2.3355930325476107e-09,
                5.789356313234171e-12,
                1.57371020647391e-11,
                3.5114221039774212e-12
            ],
            [
                3.653481943670335e-08,
                0.9999999263012661,
                3.653481943670335e-08,
                4.599055038708641e-10,
                1.691897797556841e-10
            ],
            [
                2.657174001158245e-10,
                1.2802981320475959e-08,
                3.3019324020854827e-07,
                0.9525738035524919,
                0.04742585318556916
            ],
            [
                0.9999999907212699,
                9.237449570803798e-09,
                5.789356271593986e-12,
                2.59460947266959e-11,
                9.545034828638193e-12
            ]
        ],
        [
            [
                0.999999998711625,
                1.2501528640378238e-09,
                4.508755233823301e-12,
                2.2897348413433582e-11,
                1.0815941536963563e-11
            ],
            [
                0.9999999827001208,
                1.7257827680408106e-08,
                6.560200051244317e-12,
                2.5946094520378776e-11,
                9.545034752738365e-12
            ],
            [
                3.3315444413140386e-11,
                7.194132812544897e-09,
                0.9999999698186035,
                1.9555680495861757e-08,
                3.3982677166228534e-09
            ],
            [
                1.6830660621478815e-10,
                1.7167740562046328e-08,
                3.043054826694914e-07,
                0.9947795549543303,
                0.005220123404139746
            ],
            [
                0.9999999973256235,
                2.646573629824402e-09,
                3.098819128084718e-12,
                1.081594152015854e-11,
                1.3887943817291812e-11
            ]
        ],
        [
            [
                0.9999999981607619,
                1.818961683259606e-09,
                4.508755231652452e-12,
                1.3887943832183204e-11,
                1.879528812102682e-12
            ],
            [
                0.9999999748586526,
                2.5109990909338234e-08,
                3.9789624331382036e-12,
                1.783247244788124e-11,
                9.545034676478447e-12
            ],
            [
                1.2256067125033538e-11,
                2.5109990903743743e-08,
                0.9999999740572554,
                7.582560230512796e-10,
                6.224144460872726e-11
            ],
            [
                4.050825611937236e-10,
                2.5061570626583767e-08,
                2.2559685422302084e-06,
                0.998070987944593,
                0.0019267306202115926
            ],
            [
                0.9999999961075077,
                3.850741905504653e-09,
                5.789356302776837e-12,
                2.940077726104038e-11,
                6.560200138744253e-12
            ]
        ],
        [
            [
                0.9999999969713871,
                2.9989608137678357e-09,
                3.098819127263101e-12,
                1.5737102048670693e-11,
                1.0815941517290814e-11
            ],
            [
                0.9999999846675622,
                1.5229979505018594e-08,
                1.0815941387061129e-11,
                6.224144524950309e-11,
                2.9400776930126386e-11
            ],
            [
                4.752193059887383e-13,
                2.5946094967019817e-11,
                0.9999999995249358,
                4.2777878663731116e-11,
                4.058652124012784e-10
            ],
            [
                4.5596026691046015e-10,
                4.104423521429986e-08,
                1.0585447778180187e-06,
                0.991421422724814,
                0.008577477230212733
            ],
            [
                0.9999999968924711,
                2.9989608137669725e-09,
                1.0815941517287701e-11,
                7.991959863399192e-11,
                1.783247284220085e-11
            ]
        ],
        [
            [
                0.9999999961255628,
                3.850741905841378e-09,
                3.9789625183473976e-12,
                1.5737102037689234e-11,
                3.9789625183473976e-12
            ],
            [
                0.999999988115679,
                1.1861120002445501e-08,
                3.5114220692959467e-12,
                1.2256067290243193e-11,
                7.433680579033631e-12
            ],
            [
                2.461696948484794e-10,
                3.653482208778011e-08,
                0.9999998052805739,
                1.4449802441542367e-07,
                1.3440409932950614e-08
            ],
            [
                7.984676352964942e-11,
                7.187576596570168e-09,
                6.470050262260146e-07,
                0.9990882952477315,
                0.000911050479818832
            ],
            [
                0.9999999981440231,
                1.8189616832291588e-09,
                6.560200152559407e-12,
                2.594609492108773e-11,
                4.5087552315769804e-12
            ]
        ],
        [
            [
                0.9999999969679239,
                2.9989608142013474e-09,
                5.10908900990962e-12,
                2.289734837509627e-11,
                5.10908900990962e-12
            ],
            [
                0.9999999935758237,
                6.348800071949247e-09,
                6.560200122591105e-12,
                5.492788312805524e-11,
                1.388794376850784e-11
            ],
            [
                3.266131342197213e-13,
                2.94007773875316e-11,
                0.9999999998570377,
                7.991959891509676e-11,
                3.3315445415643564e-11
            ],
            [
                2.934414025435733e-11,
                4.050833610676336e-10,
                2.3310937936051995e-09,
                0.1192029232569857,
                0.880797073977493
            ],
            [
                0.9999999965520854,
                3.398267806007156e-09,
                4.5087552243993234e-12,
                2.94007772761514e-11,
                1.5737102044401462e-11
            ]
        ],
        [
            [
                0.9999999826992391,
                1.725782768144969e-08,
                5.1090889373225e-12,
                2.9400776870667325e-11,
                8.423463604862317e-12
            ],
            [
                0.9999999918285875,
                8.152020643042627e-09,
                2.413362750687467e-12,
                9.545034839207578e-12,
                7.433680607218702e-12
            ],
            [
                1.5737102025507103e-11,
                3.39826780192711e-09,
                0.9999999949008476,
                1.6052280468870944e-09,
                7.991959851638048e-11
            ],
            [
                3.3973348077141546e-09,
                2.69883732030125e-07,
                1.3003726434083276e-05,
                0.9997255361650683,
                0.00026118682743081115
            ],
            [
                0.9999999993650852,
                5.905303992797918e-10,
                6.560200161326054e-12,
                2.940077736224499e-11,
                8.423463745701675e-12
            ]
        ],
        [
            [
                0.9999999987108446,
                1.2501528639385508e-09,
                9.545034904148453e-12,
                2.2897348411615332e-11,
                6.560200155306847e-12
            ],
            [
                0.9999999956128691,
                4.363462232029644e-09,
                3.978962516766088e-12,
                1.2256067385356202e-11,
                7.433680636722587e-12
            ],
            [
                1.9810087979184594e-13,
                9.545034922211746e-12,
                0.9999999999825879,
                5.789356328349216e-12,
                1.879528816415249e-12
            ],
            [
                2.526345445818436e-10,
                1.2172614039496124e-08,
                1.0192004951523977e-07,
                0.37754062547342987,
                0.6224592601812721
            ],
            [
                0.9999999978906637,
                2.0611536173526383e-09,
                7.433680654009499e-12,
                3.331544533945789e-11,
                7.433680654009499e-12
            ]
        ],
        [
            [
                0.9999999955760819,
                4.363462229391748e-09,
                5.109089000486822e-12,
                2.594609484271963e-11,
                2.940077723415291e-11
            ],
            [
                0.999999974860764,
                2.5109990911365604e-08,
                3.978962433459464e-12,
                1.783247244932103e-11,
                7.433680481085322e-12
            ],
            [
                1.2501459128995586e-09,
                1.8553810427259806e-07,
                0.999994722220354,
                4.7850907767819145e-06,
                3.0590061903961073e-07
            ],
            [
                3.814773408781462e-10,
                2.0827957091509935e-08,
                1.6545695695509327e-06,
                0.9399117698014094,
                0.06008655441958664
            ],
            [
                0.9999999985649579,
                1.416608783662367e-09,
                3.0988191322012884e-12,
                9.54503490275596e-12,
                5.7893563165486846e-12
            ]
        ],
        [
            [
                0.9999999965730626,
                3.3982678049295715e-09,
                4.5087552229696056e-12,
                1.5737102039411256e-11,
                8.423463718364383e-12
            ],
            [
                0.9999999881062144,
                1.1861120004815217e-08,
                3.978962486682366e-12,
                2.289734817358876e-11,
                5.789356257210732e-12
            ],
            [
                4.4202281034138236e-14,
                3.098819138562442e-12,
                0.9999999999863176,
                3.978962535632587e-12,
                6.560200167816363e-12
            ],
            [
                8.437606294265088e-10,
                5.915218684784629e-08,
                2.2196694357504232e-06,
                0.9820115525441354,
                0.01798616779048139
            ],
            [
                2.2897348348532936e-11,
                8.423463714766143e-12,
                1.0815941506306668e-11,
                2.335593027790933e-09,
                0.9999999976222702
            ]
        ],
        [
            [
                0.9999999973233618,
                2.6465736300542198e-09,
                3.511422101628007e-12,
                1.5737102054209756e-11,
                1.0815941521097751e-11
            ],
            [
                0.9999999943839155,
                5.602796402762869e-09,
                2.734698274618656e-12,
                8.423463702187453e-12,
                2.129785157737029e-12
            ],
            [
                8.423463692912986e-12,
                4.5990553450440645e-10,
                0.9999999927351353,
                3.398267794661745e-09,
                3.398267794661745e-09
            ],
            [
                2.335259093865457e-09,
                8.314106193663765e-07,
                9.609800158776857e-05,
                0.9998576747707985,
                4.53934817353148e-05
            ],
            [
                0.9999999965516311,
                3.3982678060056123e-09,
                5.789356305749742e-12,
                3.7751345292936624e-11,
                6.560200142112996e-12
            ]
        ],
        [
            [
                0.9999999895009787,
                1.0467401679392187e-08,
                3.9789624919884255e-12,
                2.0206838867539518e-11,
                7.433680590431818e-12
            ],
            [
                0.9999999969627869,
                2.9989608143695856e-09,
                5.789356308484586e-12,
                2.0206839019556457e-11,
                1.2256067401238562e-11
            ],
            [
                1.7482341281313495e-13,
                9.545034922077851e-12,
                0.999999999957838,
                9.545034922077851e-12,
                2.2897348454625726e-11
            ],
            [
                1.2991199019305712e-10,
                8.037370228599722e-09,
                2.0728651023591452e-07,
                0.9859361635970738,
                0.014063620949133746
            ],
            [
                1.2256067382747628e-11,
                7.433680635140407e-12,
                3.978962515919209e-12,
                2.335593027107743e-09,
                0.9999999976407383
            ]
        ],
        [
            [
                0.9999999927611319,
                7.1941329739996495e-09,
                5.789356283403474e-12,
                2.9400777162654326e-11,
                9.545034848108747e-12
            ],
            [
                0.9999999943653173,
                5.602796402658667e-09,
                4.508755214226863e-12,
                1.7832472797135448e-11,
                9.545034863420754e-12
            ],
            [
                3.900837609952147e-14,
                2.4133627716918043e-12,
                0.9999999999963334,
                8.878265477939441e-13,
                3.26613134259607e-13
            ],
            [
                3.53136062018103e-10,
                4.0816979069111e-08,
                3.6742308681727563e-06,
                0.9859327103123117,
                0.014063574286705
            ],
            [
                0.999999998989938,
                9.736200298101463e-10,
                3.978962529744639e-12,
                2.020683905928139e-11,
                1.225606742533295e-11
            ]
        ],
        [
            [
                0.9999999927760422,
                7.194132974606109e-09,
                4.508755207374068e-12,
                2.0206838933718197e-11,
                5.109088988492924e-12
            ],
            [
                0.9999999981541883,
                1.8189616836881915e-09,
                4.5087552327148086e-12,
                1.783247287025669e-11,
                4.5087552327148086e-12
            ],
            [
                8.423463732963048e-12,
                4.0586521161137154e-10,
                0.9999999974763418,
                8.592166597237802e-10,
                1.2501528631950287e-09
            ],
            [
                4.5978279842532083e-10,
                5.3143665793898853e-08,
                6.142566729928855e-06,
                0.9997326152462073,
                0.00026118858361416235
            ],
            [
                0.9999999894611901,
                1.0467401678975704e-08,
                8.423463661305549e-12,
                4.277787821656873e-11,
                2.0206838866735515e-11
            ]
        ],
        [
            [
                0.9999999985473271,
                1.416608783368153e-09,
                7.43368065516634e-12,
                2.020683904350619e-11,
                8.42346373499453e-12
            ],
            [
                0.9999999927695548,
                7.194132972127279e-09,
                6.5602001150839764e-12,
                2.0206838926755672e-11,
                9.545034845624522e-12
            ],
            [
                2.1724358754956476e-10,
                4.691155255575273e-08,
                0.9999987726332062,
                1.0677030330838724e-06,
                1.125349644276343e-07
            ],
            [
                2.7940556086637193e-08,
                2.1058894740278816e-05,
                0.017985533711441452,
                0.9819769787695478,
                1.6400683714347432e-05
            ],
            [
                1.1628232980365382e-10,
                9.545034881916669e-12,
                5.1090890061583086e-12,
                7.58256039540198e-10,
                0.9999999991108075
            ]
        ],
        [
            [
                0.9999999987041821,
                1.2501528642593786e-09,
                6.560200156990397e-12,
                3.331544536497179e-11,
                5.7893563188790026e-12
            ],
            [
                0.9999999949705334,
                4.944450475299718e-09,
                1.2256067378068186e-11,
                5.492788321361509e-11,
                1.783247281207142e-11
            ],
            [
                4.752193060620151e-13,
                4.847368704076174e-11,
                0.9999999995901443,
                1.917171512890536e-10,
                1.6918979218493207e-10
            ],
            [
                9.042476864251613e-11,
                7.1833291125118326e-09,
                3.054429262265538e-07,
                0.9984985051911927,
                0.0015011820921272863
            ],
            [
                0.9999999965303239,
                3.3982678054302027e-09,
                8.423463719605324e-12,
                4.2777878512639417e-11,
                2.0206839006589406e-11
            ]
        ],
        [
            [
                0.9999999981502989,
                1.8189616833519601e-09,
                3.0988191315647725e-12,
                2.0206839043552324e-11,
                7.433680655183311e-12
            ],
            [
                0.9999999981274299,
                1.8189616834954063e-09,
                7.433680655769543e-12,
                3.7751345358577354e-11,
                8.423463735678049e-12
            ],
            [
                3.701011671320446e-13,
                9.056076971878316e-11,
                0.999999998068386,
                5.905303987340535e-10,
                1.2501528639302806e-09
            ],
            [
                3.844907311211932e-09,
                3.921915820124242e-07,
                1.298760149273597e-05,
                0.9984854544515657,
                0.0015011619104521715
            ],
            [
                0.9999999978960532,
                2.0611536171540645e-09,
                8.423463732872131e-12,
                2.5946094916242715e-11,
                8.423463732872131e-12
            ]
        ],
        [
            [
                0.9999999956025714,
                4.36346223083584e-09,
                4.508755219450824e-12,
                2.2897348340444118e-11,
                6.560200134915953e-12
            ],
            [
                0.9999999943700537,
                5.6027964017454704e-09,
                3.978962510418822e-12,
                1.5737102006331108e-11,
                7.433680624864333e-12
            ],
            [
                1.783247276172356e-11,
                1.4166087750113898e-09,
                0.9999999918595065,
                5.602796391532582e-09,
                1.1032560232846941e-09
            ],
            [
                1.0256206660568448e-10,
                1.0461615206872365e-08,
                6.47236596816314e-07,
                0.9994465638487021,
                0.0005527783505237737
            ],
            [
                0.999999998556709,
                1.4166087839471114e-09,
                3.5114221066935855e-12,
                1.5737102076912103e-11,
                7.433680658204434e-12
            ]
        ],
        [
            [
                0.9999999936163388,
                6.348800071765933e-09,
                5.1090889924315606e-12,
                2.0206838949295807e-11,
                9.545034856271727e-12
            ],
            [
                0.9999999748362454,
                2.5109990916584386e-08,
                6.5602000007248124e-12,
                3.331544457138967e-11,
                1.3887943510516897e-11
            ],
            [
                2.461697181591126e-10,
                3.059020573237916e-07,
                0.9999994233731407,
                2.382367617869227e-07,
                3.2241870382035646e-08
            ],
            [
                3.5810103086392245e-10,
                1.725427392784784e-08,
                2.9017227076416266e-06,
                0.9997936541979825,
                0.0002034264669349638
            ],
            [
                0.9999999975680705,
                2.3355930319021654e-09,
                1.3887943823951938e-11,
                6.224144604527443e-11,
                2.0206839030549943e-11
            ]
        ],
        [
            [
                0.9999999927638487,
                7.1941329734535325e-09,
                3.978962504382308e-12,
                2.0206838930480844e-11,
                1.7832472767175164e-11
            ],
            [
                0.9999999976194638,
                2.335593032022199e-09,
                5.109089013238396e-12,
                2.5946094907477467e-11,
                1.3887943824665686e-11
            ],
            [
                3.511422108085946e-12,
                5.211412480036643e-10,
                0.9999999985266421,
                5.905303990046676e-10,
                3.581747924886657e-10
            ],
            [
                3.397153539110868e-09,
                1.3705095535930726e-06,
                0.00012336933843440714,
                0.9996718551024294,
                0.00020340165242900993
            ],
            [
                0.9999999960730823,
                3.850741905069313e-09,
                5.1090890045815626e-12,
                3.7751345269282916e-11,
                3.3315445268543793e-11
            ]
        ],
        [
            [
                0.9999999976253402,
                2.3355930314821206e-09,
                6.5602001476012234e-12,
                2.5946094901477732e-11,
                6.5602001476012234e-12
            ],
            [
                0.9999999006525161,
                9.931195241676368e-08,
                4.508755664296309e-12,
                2.0206840981501607e-11,
                1.0815942569614627e-11
            ],
            [
                3.978962508327309e-12,
                3.1608814324598476e-10,
                0.9999999932179198,
                8.592166559769199e-10,
                5.6027963988004006e-09
            ],
            [
                4.0538861854743014e-10,
                4.135076326800261e-08,
                4.779498386985194e-06,
                0.9988256740498961,
                0.0011695046955651318
            ],
            [
                0.999999997328999,
                2.6465736302772343e-09,
                3.978962522859729e-12,
                1.3887943819668058e-11,
                6.560200146757481e-12
            ]
        ],
        [
            [
                0.9999999979199801,
                2.0611536172033814e-09,
                3.0988191308510562e-12,
                1.2256067412969986e-11,
                3.5114221044577615e-12
            ],
            [
                0.9999999973181795,
                2.6465736304322425e-09,
                5.789356310187564e-12,
                2.2897348383116194e-11,
                6.560200147141708e-12
            ],
            [
                2.7892606885540393e-10,
                5.315390011760922e-08,
                0.9999248621550701,
                7.484619307766765e-05,
                2.3821902601945533e-07
            ],
            [
                2.0600100699945575e-09,
                2.6980833183245004e-07,
                0.000123341452493108,
                0.9994458829143728,
                0.0004305037647921931
            ],
            [
                0.9999999943469096,
                5.6027964038573726e-09,
                7.433680627666362e-12,
                3.775134521585763e-11,
                5.109088997351236e-12
            ]
        ],
        [
            [
                0.9999999972705831,
                2.646573630122632e-09,
                8.423463726503193e-12,
                4.8473686901772474e-11,
                2.5946094896625002e-11
            ],
            [
                0.9999999950407759,
                4.944450475144027e-09,
                3.098819121928923e-12,
                9.545034871114847e-12,
                2.1297851594142035e-12
            ],
            [
                5.874354509206101e-10,
                8.718315103997434e-08,
                2.1333013688854697e-05,
                0.9947585653441761,
                0.005220013871548691
            ],
            [
                1.476690776988236e-10,
                6.2790489617053206e-09,
                1.261179494873288e-07,
                0.9890129252218389,
                0.010986942233493434
            ],
            [
                0.9999999969672817,
                2.998960813185547e-09,
                5.1090890081790826e-12,
                1.7832472838743564e-11,
                1.0815941515190751e-11
            ]
        ],
        [
            [
                0.9999999955906798,
                4.3634622299546394e-09,
                5.109089001145901e-12,
                3.3315445246140466e-11,
                7.433680633187568e-12
            ],
            [
                0.9999999943603124,
                5.6027964036652665e-09,
                6.560200128493743e-12,
                2.2897348318028402e-11,
                7.43368062741148e-12
            ],
            [
                2.1297851703224843e-12,
                1.9171715131882325e-10,
                0.9999999997454234,
                4.8473687048288695e-11,
                1.2256067440455088e-11
            ],
            [
                4.5682726097824743e-10,
                3.202606350208802e-08,
                1.0605565559033944e-06,
                0.9933060620907691,
                0.006692844869784211
            ],
            [
                0.9999999981424346,
                1.8189616831000535e-09,
                4.508755231256961e-12,
                2.0206839040753894e-11,
                1.3887943830965004e-11
            ]
        ],
        [
            [
                0.9999999961278796,
                3.850741906782928e-09,
                3.5114220988003623e-12,
                1.3887943807314232e-11,
                3.9789625193202985e-12
            ],
            [
                0.9999999894975963,
                1.046740167863046e-08,
                3.978962491698871e-12,
                2.020683886606904e-11,
                1.0815941437305168e-11
            ],
            [
                4.1937956579546436e-13,
                2.289734845413565e-11,
                0.9999999999536113,
                1.081594155618986e-11,
                1.2256067442857741e-11
            ],
            [
                2.7749013643559033e-10,
                3.6344035644005965e-08,
                1.7511537041160804e-06,
                0.9947780965862083,
                0.005220115638561887
            ],
            [
                1.5737102032377904e-11,
                4.508755220954516e-12,
                5.109089003881587e-12,
                2.0611536126829485e-09,
                0.9999999979134915
            ]
        ],
        [
            [
                0.99999999696074,
                2.9989608143634475e-09,
                5.1090890101857775e-12,
                2.940077728996654e-11,
                5.789356308472737e-12
            ],
            [
                0.9999999918027217,
                8.15202064283177e-09,
                7.433680607026425e-12,
                3.331544512889436e-11,
                4.508755202672747e-12
            ],
            [
                2.543665641898731e-13,
                1.7832472869741298e-11,
                0.9999999978722858,
                4.8473686958306695e-11,
                2.0611536179995332e-09
            ],
            [
                7.715343847297856e-11,
                2.895161419509829e-09,
                1.8878823940781766e-08,
                0.8519527775588149,
                0.14804720059004625
            ],
            [
                0.9999999949516412,
                4.944450475206306e-09,
                7.433680632161744e-12,
                7.052879812980528e-11,
                2.594609484248623e-11
            ]
        ],
        [
            [
                0.9999999960922672,
                3.850741905948969e-09,
                1.0815941510045573e-11,
                3.775134527790676e-11,
                8.423463717678004e-12
            ],
            [
                0.9999999955745205,
                4.3634622318623115e-09,
                8.423463713771991e-12,
                4.2777878483015306e-11,
                1.0815941505030152e-11
            ],
            [
                1.8187292267651182e-09,
                3.927357824530341e-07,
                0.9998714270293837,
                0.00012339391480673754,
                4.784501297886241e-06
            ],
            [
                2.4326461895115484e-10,
                4.886100486048599e-09,
                6.745053664023639e-08,
                0.6791786430651984,
                0.32082128435489987
            ],
            [
                0.9999999978841163,
                2.061153617240846e-09,
                7.433680653606313e-12,
                3.775134534759157e-11,
                9.545034898770448e-12
            ]
        ],
        [
            [
                0.9999999846543539,
                1.522997950306178e-08,
                1.5737101857165647e-11,
                7.052879739205614e-11,
                2.940077692634884e-11
            ],
            [
                0.9999999955829764,
                4.363462231396205e-09,
                8.423463712872193e-12,
                2.940077724765884e-11,
                1.5737102029150494e-11
            ],
            [
                3.850646593890384e-09,
                2.902248558874056e-06,
                0.999975410792311,
                2.144487741456103e-05,
                2.3823106896138914e-07
            ],
            [
                4.1181088911535045e-11,
                2.2484112709202427e-09,
                2.7391256729163478e-08,
                0.9626730875221988,
                0.037326882796952045
            ],
            [
                0.9999999987261907,
                1.2501528642868929e-09,
                3.978962529153878e-12,
                1.3887943841636797e-11,
                5.789356319006418e-12
            ]
        ],
        [
            [
                0.9999999979152654,
                2.061153616924426e-09,
                2.7346982842758324e-12,
                1.5737102064761983e-11,
                5.109089014395158e-12
            ],
            [
                0.9999999585764336,
                4.139937546139359e-08,
                3.5114219669413847e-12,
                1.2256066932990668e-11,
                8.423463403189039e-12
            ],
            [
                1.201542572968682e-13,
