{
    "[['E', 'D', 'C', 'B', 'A'], ['E', 'D', 'C', 'B', 'A']]": [
        [
            [
                0.9999998554827236,
                1.4449803164646082e-07,
                5.109089276822307e-12,
                1.2256068040841259e-11,
                1.879528908052399e-12
            ],
            [
                0.9995694427821855,
                0.00043055712056055034,
                1.0811280438410888e-11,
                7.988515766068961e-11,
                6.557373056647644e-12
            ],
            [
                6.560199809088959e-12,
                5.3157849634711844e-08,
                0.99999994535674,
                1.416608709106785e-09,
                6.224144282236567e-11
            ],
            [
                8.878113612973656e-13,
                5.789257299994167e-12,
                1.0815756547249087e-11,
                1.670141510247098e-05,
                0.9999832985674048
            ],
            [
                1.2256067346502483e-11,
                3.511422085414503e-12,
                3.978962504152133e-12,
                4.944450462565204e-09,
                0.999999995035803
            ]
        ],
        [
            [
                0.9999999778178513,
                2.2159489257373294e-08,
                4.508755137306635e-12,
                1.5737101740418112e-11,
                2.4133627156370854e-12
            ],
            [
                0.9999999123373746,
                8.764249143985233e-08,
                2.7346985800755257e-12,
                1.3887945330004888e-11,
                3.5114224837968524e-12
            ],
            [
                4.420228103433127e-14,
                2.734698291463161e-12,
                0.999999999995711,
                1.1399918529906997e-12,
                3.7010116784184775e-13
            ],
            [
                6.914400370555749e-13,
                1.879528888197218e-12,
                2.1297852521550895e-12,
                3.927863695233133e-07,
                0.9999996072089297
            ],
            [
                2.594609482846025e-11,
                3.0988191202927912e-12,
                0.0,
                9.73620025510726e-10,
                0.9999999989973352
            ]
        ],
        [
            [
                0.9999999881315237,
                1.1861120005115414e-08,
                1.4637784960798887e-12,
                5.109088965076526e-12,
                7.835041688471003e-13
            ],
            [
                0.9999998874496097,
                1.1253518377515881e-07,
                3.098819388089149e-12,
                1.0815942427663173e-11,
                1.291780108737762e-12
            ],
            [
                7.28772409512227e-14,
                3.97896253545646e-12,
                0.9999999999948623,
                8.878265477610023e-13,
                1.9810087978594003e-13
            ],
            [
                1.3735363989845584e-11,
                2.758821605714658e-10,
                1.4010452162645037e-09,
                0.010986942350573561,
                0.9890130559587637
            ],
            [
                2.289734833633695e-11,
                2.734698277245756e-12,
                3.0988191224655435e-12,
                1.818961678010845e-09,
                0.9999999981523076
            ]
        ],
        [
            [
                0.9999999677407074,
                3.224186631089258e-08,
                3.098819036682511e-12,
                1.081594120113349e-11,
                3.5114219977508203e-12
            ],
            [
                0.9999996071949819,
                3.927863696883424e-07,
                3.978962689209272e-12,
                1.2256067916518603e-11,
                2.413362864858054e-12
            ],
            [
                1.0815941196624826e-11,
                3.224186629745244e-08,
                0.999999966725224,
                9.736199988353e-10,
                4.847368544633269e-11
            ],
            [
                2.0321501039203976e-09,
                6.057748306027458e-06,
                0.9859279066313968,
                0.014063508342953437,
                2.525245193554669e-06
            ],
            [
                1.3887943802716063e-11,
                0.0,
                2.734698279334525e-12,
                1.8189616794001722e-09,
                0.9999999981644156
            ]
        ],
        [
            [
                0.9999998144340341,
                1.8553915978618747e-07,
                6.560200999924476e-12,
                1.7832475169133564e-11,
                2.4133630778245535e-12
            ],
            [
                0.9999999827304477,
                1.725782768374393e-08,
                2.4133627292911134e-12,
                8.423463605982126e-12,
                8.878265321956016e-13
            ],
            [
                3.442477108313905e-14,
                1.6586783588390317e-12,
                0.9999999999974407,
                6.914400106626725e-13,
                1.7482341281917972e-13
            ],
            [
                7.238100384383807e-11,
                3.487512070214513e-09,
                2.0069246291858723e-08,
                0.3775406667051871,
                0.6224593096656734
            ],
            [
                2.020683899873441e-11,
                3.0988191246917228e-12,
                2.734698279210352e-12,
                1.1032560273484912e-09,
                0.9999999988707036
            ]
        ],
        [
            [
                0.9999999895120716,
                1.0467401679508302e-08,
                4.508755192657624e-12,
                1.3887943712070679e-11,
                2.1297851475088317e-12
            ],
            [
                0.9999999397417487,
                6.023574638711825e-08,
                5.109089707309252e-12,
                1.5737104199087647e-11,
                1.6586785794330971e-12
            ],
            [
                1.4637785119365078e-12,
                9.736200298446947e-10,
                0.9999999985527548,
                4.5990553717734227e-10,
                1.2256067425767852e-11
            ],
            [
                1.7202876896730672e-08,
                4.769885526441905e-06,
                0.002470860696698339,
                0.996816438772921,
                0.0007079134419773853
            ],
            [
                1.2256067384827875e-11,
                3.511422096394912e-12,
                2.413362760161942e-12,
                1.8189616787563593e-09,
                0.9999999981628576
            ]
        ],
        [
            [
                0.999999991832406,
                8.152020640883419e-09,
                3.0988191107493714e-12,
                1.0815941459652236e-11,
                1.6586783439416555e-12
            ],
            [
                0.9999999907505334,
                9.237449571715095e-09,
                2.129785150146489e-12,
                8.423463672166285e-12,
                1.4637784998239028e-12
            ],
            [
                1.291780003650851e-12,
                6.691586085412585e-10,
                0.9999999991545705,
                1.691897921128384e-10,
                5.789356323643285e-12
            ],
            [
                1.291745606288058e-12,
                8.423239448085583e-12,
                1.7831998051529715e-11,
                2.7535689828191466e-05,
                0.9999724642826248
            ],
            [
                1.0815941487891818e-11,
                2.7346982740463555e-12,
                5.10908899528398e-12,
                2.998960805616309e-09,
                0.9999999969823794
            ]
        ],
        [
            [
                0.9999999907462916,
                9.23744957274077e-09,
                2.7346982651758552e-12,
                9.545034830639662e-12,
                3.9789624974021586e-12
            ],
            [
                0.999995214883241,
                4.785094847266595e-06,
                6.560163003807849e-12,
                1.388786518804307e-11,
                1.4637702216394498e-12
            ],
            [
                1.6586783528676664e-12,
                5.905303977416778e-10,
                0.9999999964030624,
                2.6465736292612675e-09,
                3.581747917226237e-10
            ],
            [
                3.488759497988474e-11,
                7.940380018076266e-10,
                3.5586314341343162e-09,
                0.07585817549658068,
                0.9241418201158622
            ],
            [
                4.508755222365774e-12,
                0.0,
                0.0,
                1.4166087803816744e-09,
                0.9999999985788826
            ]
        ],
        [
            [
                0.9999999881262581,
                1.1861120005052958e-08,
                2.7346982578630705e-12,
                8.423463650576617e-12,
                1.4637784960721811e-12
            ],
            [
                0.999999887450468,
                1.125351837899553e-07,
                3.5114223964084013e-12,
                9.54503569220107e-12,
                1.2917801089076094e-12
            ],
            [
                1.8795288135798793e-12,
                9.736200297680508e-10,
                0.9999999984740344,
                4.5990553714113833e-10,
                9.056076975414624e-11
            ],
            [
                2.4976769530724168e-08,
                5.798537914862717e-05,
                0.005219679977269285,
                0.9946949193131547,
                2.7390353657817733e-05
            ],
            [
                1.2256067388778291e-11,
                0.0,
                0.0,
                1.103256027363699e-09,
                0.9999999988844879
            ]
        ],
        [
            [
                0.9999998144380803,
                1.8553915974811355e-07,
                3.511422557870716e-12,
                1.5737104098947717e-11,
                3.511422557870716e-12
            ],
            [
                0.9999869928270564,
                1.300712476138983e-05,
                7.433581864053072e-12,
                3.331500259358992e-11,
                7.433581864053072e-12
            ],
            [
                8.87826547424205e-13,
                2.4616969506459585e-10,
                0.999999999554352,
                1.6918979218113965e-10,
                2.9400777378877923e-11
            ],
            [
                6.537120807789162e-11,
                2.4530364857315556e-09,
                7.168823438474225e-08,
                0.43782346632147,
                0.5621764594718879
            ],
            [
                1.0815941494625695e-11,
                2.4133627578518788e-12,
                0.0,
                1.4166087784363562e-09,
                0.999999998570162
            ]
        ],
        [
            [
                0.9999999969858298,
                2.9989608144386903e-09,
                2.7346982820913255e-12,
                1.0815941519710293e-11,
                1.658678353151857e-12
            ],
            [
                0.9999724642813528,
                2.7535689820757973e-05,
                5.108952977985621e-12,
                2.0206301001726695e-11,
                3.5113286076167273e-12
            ],
            [
                1.006039278868315e-12,
                2.461696950799908e-10,
                0.99999999961689,
                1.0261879627468755e-10,
                3.331544540792114e-11
            ],
            [
                4.719834427939195e-10,
                1.5629945025140246e-08,
                1.4829278953533675e-07,
                0.6224592284796782,
                0.3775406071256039
            ],
            [
                5.789356304085171e-12,
                0.0,
                2.1297851618892196e-12,
                1.2501528610648006e-09,
                0.9999999987419279
            ]
        ],
        [
            [
                0.9999999804346367,
                1.9555680693688267e-08,
                1.463778484622145e-12,
                6.560200035927082e-12,
                1.6586783254820866e-12
            ],
            [
                0.9999921107089129,
                7.889265046956537e-06,
                5.109050314663407e-12,
                1.7832337785103628e-11,
                3.098795657857834e-12
            ],
            [
                3.511422105068928e-12,
                2.061153617562127e-09,
                0.9999999977367444,
                1.6918979186123125e-10,
                2.940077732328618e-11
            ],
            [
                6.80876706073724e-11,
                2.2547539849777077e-09,
                1.666050368428772e-08,
                0.14804720076940278,
                0.8519527802472519
            ],
            [
                1.2256067394098618e-11,
                0.0,
                0.0,
                6.691586063993234e-10,
                0.9999999993185853
            ]
        ],
        [
            [
                0.9999999865487372,
                1.3440409762407566e-08,
                2.4133627379452733e-12,
                7.433680567969982e-12,
                1.0060392651567216e-12
            ],
            [
                0.9999998874537889,
                1.1253518377562911e-07,
                2.1297853423521737e-12,
                7.433681270584366e-12,
                1.4637786319248092e-12
            ],
            [
                6.560200984149784e-12,
                3.0590235855174274e-07,
                0.9999996924564521,
                1.605228254853251e-09,
                2.9400781049885106e-11
            ],
            [
                1.0259785894208274e-10,
                2.2154968559295744e-08,
                3.9270621411116503e-07,
                0.999796158180983,
                0.00020342685523653533
            ],
            [
                9.545034874040972e-12,
                2.12978516006711e-12,
                0.0,
                1.2501528599952489e-09,
                0.9999999987381722
            ]
        ],
        [
            [
                0.9999999976530962,
                2.3355930321007507e-09,
                2.4133627649115806e-12,
                7.433680651032057e-12,
                1.4637785099277262e-12
            ],
            [
                0.9999989322818665,
                1.067703076144175e-06,
                3.098813473011826e-12,
                9.545017471225228e-12,
                2.41335835937383e-12
            ],
            [
                1.4637785130446752e-12,
                3.160881451978878e-10,
                0.9999999993041184,
                3.160881451978878e-10,
                6.22414461831026e-11
            ],
            [
                1.5323059569437404e-10,
                7.38306356130737e-09,
                5.455387083647087e-08,
                0.37754064491108547,
                0.6224592929987496
            ],
            [
                5.789356309485348e-12,
                2.734698282501037e-12,
                0.0,
                6.691586069048235e-10,
                0.9999999993223174
            ]
        ],
        [
            [
                0.9999999918320445,
                8.152020643070809e-09,
                3.978962500987553e-12,
                1.0815941462554422e-11,
                1.1399918430597528e-12
            ],
            [
                0.9999998554915309,
                1.4449803164773346e-07,
                2.413362889359892e-12,
                6.5602004876244125e-12,
                1.4637785854094426e-12
            ],
            [
                3.098819119177137e-12,
                5.602796402199642e-09,
                0.9999999937551007,
                5.905303961698456e-10,
                4.847368675697219e-11
            ],
            [
                4.118108996894267e-11,
                8.271443031083113e-10,
                2.5477838189207838e-09,
                0.03732688372378034,
                0.9626731128601105
            ],
            [
                6.224144517826822e-11,
                6.560200057399262e-12,
                8.423463612257032e-12,
                1.1861119951094966e-08,
                0.999999988061655
            ]
        ],
        [
            [
                0.9999999827265987,
                1.7257827680865057e-08,
                3.0988190835797562e-12,
                1.081594136482096e-11,
                1.6586783293988084e-12
            ],
            [
                0.9999970976578256,
                2.9023121993546836e-06,
                5.789334432229632e-12,
                2.0206762663924045e-11,
                3.978947486606847e-12
            ],
            [
                3.442477108247927e-14,
                1.6586783588072418e-12,
                0.9999999999977387,
                3.7010116783539464e-13,
                1.9810087979211988e-13
            ],
            [
                8.878266592247479e-13,
                2.7346986346626757e-12,
                3.51142255388814e-12,
                1.8553915953767926e-07,
                0.9999998144537064
            ],
            [
                4.5087551690955245e-12,
                3.098819088412731e-12,
                2.7346982471942545e-12,
                1.186111995877944e-08,
                0.9999999881285377
            ]
        ],
        [
            [
                0.999999855470863,
                1.4449803162808984e-07,
                5.789356609875469e-12,
                2.0206840071514002e-11,
                5.109089276172755e-12
            ],
            [
                0.9999997617402395,
                2.382369844027391e-07,
                3.0988193683338928e-12,
                1.3887944894013913e-11,
                5.789356757702468e-12
            ],
            [
                1.291780003546401e-12,
                1.6918979209915812e-10,
                0.9999999990697983,
                5.905303993277296e-10,
                1.6918979209915812e-10
            ],
            [
                3.9786669008647195e-12,
                4.277470031420214e-11,
                7.991366094238297e-11,
                7.484619705437838e-05,
                0.9999251536762787
            ],
            [
                2.020683899226613e-11,
                3.0988191236997805e-12,
                0.0,
                9.736200265811702e-10,
                0.9999999990030743
            ]
        ],
        [
            [
                0.999999939742683,
                6.023574638023079e-08,
                3.0988195503509807e-12,
                1.5737104197288238e-11,
                2.7346986548533292e-12
            ],
            [
                0.9999999715294182,
                2.8453347266664777e-08,
                3.0988190490714782e-12,
                1.2256067089525481e-11,
                1.8795287621633987e-12
            ],
            [
                4.508754999495466e-12,
                5.315784968165979e-08,
                0.9999999462292788,
                5.905303680939635e-10,
                1.7832471947856295e-11
            ],
            [
                9.196750978723986e-09,
                2.250372913658659e-06,
                0.0003339849532749514,
                0.9955949858008225,
                0.0040687696762379275
            ],
            [
                1.2256067384846642e-11,
                2.7346982783707786e-12,
                1.6586783508952312e-12,
                1.8189616787591444e-09,
                0.9999999981643888
            ]
        ],
        [
            [
                0.9999999918298649,
                8.1520206452903e-09,
                3.978962502070876e-12,
                1.2256067340091759e-11,
                1.8795288005889824e-12
            ],
            [
                0.9999996940873219,
                3.0590235887363527e-07,
                1.8795290523036294e-12,
                6.560200991052901e-12,
                1.8795290523036294e-12
            ],
            [
                5.008774637507904e-14,
                2.4133627716715118e-12,
                0.9999999999952387,
                1.0060392792159094e-12,
                1.2917800046994433e-12
            ],
            [
                2.641142582523544e-09,
                4.441714632009169e-07,
                0.000551949117794541,
                0.9979472508124647,
                0.0015003532571349018
            ],
            [
                7.433680624538386e-12,
                0.0,
                0.0,
                2.061153609181116e-09,
                0.9999999979314127
            ]
        ],
        [
            [
                0.9999999715338358,
                2.8453347265048105e-08,
                2.7346982123203397e-12,
                8.42346351029513e-12,
                1.658678310833615e-12
            ],
            [
                0.9770226318284189,
                0.02297736784869539,
                7.808330524572079e-11,
                2.1225242975546366e-10,
                3.254996432790464e-11
            ],
            [
                2.1297851697183763e-12,
                3.160881452477215e-10,
                0.9999999994567497,
                1.917171512644432e-10,
                3.331544540230779e-11
            ],
            [
                1.80942605198947e-08,
                2.8871054264465465e-05,
                0.18219630759982405,
                0.8165471742004644,
                0.0012276290511866069
            ],
            [
                6.560200144202503e-12,
                0.0,
                0.0,
                2.461696942827735e-10,
                0.9999999997472702
            ]
        ],
        [
            [
                0.9999999123376959,
                8.76424914398805e-08,
                3.5114224837979804e-12,
                1.388794533000935e-11,
                2.413363026419918e-12
            ],
            [
                0.9999994956271187,
                5.043472050089974e-07,
                5.109089265353825e-12,
                1.7832473736371614e-11,
                2.7346984186043267e-12
            ],
            [
                2.413362768393062e-12,
                9.736200299131003e-10,
                0.9999999986230139,
                3.5817479251775436e-10,
                4.2777878628711836e-11
            ],
            [
                3.526438196411512e-11,
                1.4994796771776743e-09,
                1.1079739453872257e-08,
                0.49999999351050534,
                0.499999993875011
            ],
            [
                2.020683901728631e-11,
                3.5114221007021592e-12,
                0.0,
                1.2501528618743604e-09,
                0.9999999987261288
            ]
        ],
        [
            [
                0.9999999865477474,
                1.3440409764149913e-08,
                2.4133627382581293e-12,
                8.423463637280088e-12,
                1.0060392652871394e-12
            ],
            [
                0.9999785550168505,
                2.1444939755736973e-05,
                7.433525342978364e-12,
                2.940016305325392e-11,
                6.560063090462497e-12
            ],
            [
                3.9789624877920106e-12,
                9.237449550430115e-09,
                0.9999999879957154,
                2.646573606952235e-09,
                1.1628232889812228e-10
            ],
            [
                9.652678979300697e-10,
                0.008577473194553537,
                0.9914209607734881,
                1.5401721033569312e-06,
                2.489458719877092e-08
            ],
            [
                5.109089003414014e-12,
                2.734698278398049e-12,
                1.8795288074711085e-12,
                1.4166087798086254e-09,
                0.9999999985736678
            ]
        ],
        [
            [
                0.9999999973358966,
                2.6465736304791325e-09,
                3.9789625231632706e-12,
                1.0815941522834272e-11,
                2.7346982828811914e-12
            ],
            [
                0.9999999317276296,
                6.825604228300835e-08,
                2.4133630730670872e-12,
                1.0815942907322251e-11,
                3.0988195255137753e-12
            ],
            [
                3.9789625107356735e-12,
                3.3982677980568582e-09,
                0.9999999937819899,
                2.64657362221302e-09,
                1.6918979119416726e-10
            ],
            [
                2.1297284556370702e-12,
                1.3887574034629329e-11,
                2.289673870931617e-11,
                2.7535689805132434e-05,
                0.9999724642712808
            ],
            [
                1.5737102049576853e-11,
                2.1297851632029617e-12,
                2.1297851632029617e-12,
                9.736200277567943e-10,
                0.9999999990063833
            ]
        ],
        [
            [
                0.9999999530711576,
                4.6911637985443885e-08,
                4.508755027687089e-12,
                1.0815941042468499e-11,
                1.8795287270772693e-12
            ],
            [
                0.9999982396405389,
                1.7603431329666171e-06,
                2.4133584132944105e-12,
                1.0815922023669973e-11,
                3.0988135422472217e-12
            ],
            [
                1.8795288154415895e-12,
                2.7894680912400995e-10,
                0.9999999994866091,
                1.1628233023431016e-10,
                1.1628233023431016e-10
            ],
            [
                9.293905575808343e-11,
                5.0743005102185975e-09,
                4.248659799601219e-08,
                0.622459301300821,
                0.37754065104534146
            ],
            [
                6.560200128392278e-12,
                5.109088997097037e-12,
                4.508755214967172e-12,
                2.646573622868183e-09,
                0.9999999973372484
            ]
        ],
        [
            [
                0.9999999847538135,
                1.5229979505509168e-08,
                3.511422058225793e-12,
                1.081594138740952e-11,
                1.8795287870190307e-12
            ],
            [
                0.9997388095834031,
                0.0002611903292440269,
                8.421263866334358e-12,
                7.051037907328784e-11,
                8.421263866334358e-12
            ],
            [
                5.675685232210841e-14,
                2.413362771653825e-12,
                0.9999999999961973,
                1.0060392792085366e-12,
                3.266131342544671e-13
            ],
            [
                4.0508335662716385e-10,
                3.217975685575335e-08,
                8.29926076282942e-07,
                0.8807963289459231,
                0.11920280854316044
            ],
            [
                1.0815941502974634e-11,
                3.978962515857318e-12,
                3.098819123161447e-12,
                1.605228047125136e-09,
                0.9999999983768781
            ]
        ],
        [
            [
                0.9999999865447022,
                1.3440409764108985e-08,
                2.4133627382507804e-12,
                1.0815941406779668e-11,
                1.6586783358333848e-12
            ],
            [
                0.9999999468277407,
                5.3157849690018344e-08,
                2.1297850566003766e-12,
                1.081594097654101e-11,
                1.4637784355306627e-12
            ],
            [
                6.101936676368869e-13,
                1.3176514267425467e-10,
                0.9999999998233129,
                3.77513454351413e-11,
                6.560200166824464e-12
            ],
            [
                8.407236516633766e-12,
                9.038631064879226e-11,
                1.9134782114505162e-10,
                0.001926734328755534,
                0.9980732653811031
            ],
            [
                1.2917799973144577e-12,
                8.878265427108576e-13,
                1.658678349320586e-12,
                4.3634622277058315e-09,
                0.9999999956326995
            ]
        ],
        [
            [
                0.999999995040171,
                4.9444504751410355e-09,
                3.098819121927049e-12,
                1.0815941498666162e-11,
                1.4637785061926182e-12
            ],
            [
                0.999999761745122,
                2.3823698440390227e-07,
                3.978962830684397e-12,
                1.2256068352292664e-11,
                1.6586784818248127e-12
            ],
            [
                7.43368039533111e-12,
                3.22418661710526e-08,
                0.9999999628660967,
                4.363462090336365e-09,
                5.21141229368177e-10
            ],
            [
                1.7739385080656364e-11,
                4.03746543459412e-10,
                1.4092139045631199e-09,
                0.00522012568457325,
                0.9947798724847269
            ],
            [
                9.54503487776496e-12,
                2.7346982786774793e-12,
                2.4133627604363004e-12,
                2.6465736264108837e-09,
                0.9999999973387332
            ]
        ],
        [
            [
                0.9999999530694674,
                4.6911637981184884e-08,
                4.5087550272777495e-12,
                1.2256066859622473e-11,
                2.1297850693889103e-12
            ],
            [
                0.9999998144360855,
                1.8553915976233206e-07,
                4.508755813382202e-12,
                1.783247516684078e-11,
                2.413363077514259e-12
            ],
            [
                2.413362762915803e-12,
                2.6465736291299885e-09,
                0.999999996375514,
                8.592166587425927e-10,
                1.1628232987254478e-10
            ],
            [
                1.8793891687899804e-12,
                1.5735932850575215e-11,
                3.7748540542770136e-11,
                7.48461970672711e-05,
                0.9999251537475689
            ],
            [
                1.0815941514003064e-11,
                2.12978516243293e-12,
                0.0,
                5.905303975312524e-10,
                0.9999999993965238
            ]
        ],
        [
            [
                0.9999999827179474,
                1.7257827681772554e-08,
                3.9789624652426535e-12,
                1.78324725917634e-11,
                2.413362729015433e-12
            ],
            [
                0.9999999530688328,
                4.691163799515123e-08,
                3.5114219469664515e-12,
                1.3887943206799465e-11,
                2.1297850700229814e-12
            ],
            [
                1.4637785126936229e-12,
                3.5817479267784927e-10,
                0.9999999990764423,
                5.211412482789248e-10,
                4.2777878647832446e-11
            ],
            [
                1.4637784346899903e-12,
                2.7346981431860405e-12,
                2.413362640865525e-12,
                5.31578496594889e-08,
                0.9999999468355385
            ],
            [
                1.0815941477476157e-11,
                2.1297851552403556e-12,
                3.511422087466149e-12,
                2.998960802728335e-09,
                0.9999999969845821
            ]
        ],
        [
            [
                0.9999998874447306,
                1.1253518380075792e-07,
                3.0988193887940574e-12,
                1.3887944985710009e-11,
                3.0988193887940574e-12
            ],
            [
                0.9999996071993277,
                3.927863697722411e-07,
                3.0988192588299893e-12,
                9.545035292799818e-12,
                1.6586784232034985e-12
            ],
            [
                4.752193061609663e-13,
                4.8473687050855036e-11,
                0.9999999997815348,
                1.3176514266874975e-10,
                3.775134543356412e-11
            ],
            [
                3.511395503963873e-12,
                1.7832337774398676e-11,
                2.2897174941288815e-11,
                7.889265042220522e-06,
                0.9999921106907169
            ],
            [
                8.423463714698959e-12,
                2.7346982786805473e-12,
                2.4133627604390073e-12,
                2.0611536127072362e-09,
                0.9999999979252749
            ]
        ],
        [
            [
                0.9999999585843391,
                4.13993754542293e-08,
                2.7346981770748345e-12,
                1.0815941104362015e-11,
                2.7346981770748345e-12
            ],
            [
                0.9999999634406331,
                3.6534820782480684e-08,
                3.978962388295287e-12,
                1.7832472246909232e-11,
                2.7346981901878723e-12
            ],
            [
                5.109088995842675e-12,
                4.363462225425373e-09,
                0.9999999937639934,
                1.8189616760816998e-09,
                4.847368675700154e-11
            ],
            [
                3.6716558373098155e-10,
                2.574029464697281e-08,
                8.524023036982095e-07,
                0.9046497432887002,
                0.09534937820153587
            ],
            [
                1.2256067130545821e-11,
                5.1090888973547125e-12,
                8.423463538966576e-12,
                2.2159489206447658e-08,
                0.999999977814722
            ]
        ],
        [
            [
                0.9999999847559322,
                1.5229979505541435e-08,
                2.129785137509696e-12,
                9.545034772945656e-12,
                2.4133627339338294e-12
            ],
            [
                0.9999999468318308,
                5.315784969023576e-08,
                1.879528715628477e-12,
                6.560199815941154e-12,
                1.879528715628477e-12
            ],
            [
                1.0060392787405453e-12,
                3.58174792835078e-10,
                0.999999999498238,
                1.3176514262986562e-10,
                1.0815941551450349e-11
            ],
            [
                9.070277569091593e-09,
                1.858300749586483e-05,
                0.017984177146872022,
                0.9819028584763193,
                9.437229903506011e-05
            ],
            [
                4.508755221964255e-12,
                3.0988191247488427e-12,
                0.0,
                1.1032560273688275e-09,
                0.9999999988891364
            ]
        ],
        [
            [
                0.9999999936320216,
                6.3488000718655e-09,
                4.508755210920613e-12,
                1.2256067358815532e-11,
                2.4133627550398084e-12
            ],
            [
                0.9999999715236766,
                2.8453347264759042e-08,
                5.1090888799126965e-12,
                1.5737101650526838e-11,
                2.1297851091974147e-12
            ],
            [
                4.752193061885494e-13,
                6.224144621747799e-11,
                0.9999999998564093,
                5.492788349931001e-11,
                2.5946094977929134e-11
            ],
            [
                5.108455852967182e-12,
                4.277257717951794e-11,
                1.0260607865524648e-10,
                0.00012339462745037833,
                0.9998766052220626
            ],
            [
                7.433680621342545e-12,
                2.4133627552728076e-12,
                2.4133627552728076e-12,
                2.9989608042785483e-09,
                0.9999999969887787
            ]
        ],
        [
            [
                0.9999999634367696,
                3.6534820773676583e-08,
                5.789356112663268e-12,
                2.0206838336072898e-11,
                2.4133626817629278e-12
            ],
            [
                0.9999999778309329,
                2.2159489273117e-08,
                2.129785122876029e-12,
                6.5602000200577035e-12,
                8.878265278033416e-13
            ],
            [
                5.675685232328805e-14,
                3.978962535624177e-12,
                0.9999999999949263,
                7.835041784644844e-13,
                2.543665647240716e-13
            ],
            [
                6.67030557628283e-10,
                6.803896660898438e-08,
                7.86423527546867e-06,
                0.9968194095967797,
                0.0031726574619475984
            ],
            [
                3.331544517867e-11,
                7.43368061813287e-12,
                3.978962506815731e-12,
                3.850741894681315e-09,
                0.99999999610453
            ]
        ],
        [
            [
                0.9999999715229616,
                2.8453347266481067e-08,
                3.978962420698225e-12,
                1.7832472392129122e-11,
                1.8795287621512637e-12
            ],
            [
                0.9999999827280647,
                1.7257827679692853e-08,
                3.098819083369275e-12,
                9.54503475234277e-12,
                1.4637784879792154e-12
            ],
            [
                9.357622968050148e-14,
                6.560200167599927e-12,
                0.9999999999861027,
                2.734698291360995e-12,
                4.5087552419141685e-12
            ],
            [
                2.639601514174324e-09,
                9.397632333899885e-07,
                0.001925368554313531,
                0.9973653855350417,
                0.0007083035078099296
            ],
            [
                1.0815941473783836e-11,
                3.9789625051186236e-12,
                3.9789625051186236e-12,
                3.850741893038897e-09,
                0.9999999961304842
            ]
        ],
        [
            [
                0.9999999927911738,
                7.1941329761901495e-09,
                2.7346982710135047e-12,
                9.545034851015059e-12,
                2.413362753672866e-12
            ],
            [
                0.9999986290138441,
                1.3709566542043922e-06,
                6.560188529888432e-12,
                2.020680324184116e-11,
                2.7346934400410765e-12
            ],
            [
                5.384940216349366e-13,
                1.3176514266658355e-10,
                0.9999999997876223,
                6.224144621284207e-11,
                1.7832472903494764e-11
            ],
            [
                1.2917800533782157e-12,
                3.978962685511813e-12,
                6.560200414925432e-12,
                3.9278636932334484e-07,
                0.9999996072017997
