{
    "[['E', 'D', 'C', 'B', 'A'], ['E', 'D', 'C', 'B', 'A']]": [
        [
            [
                5.211412469487469e-10,
                0.0,
                0.0,
                1.0815941519095491e-11,
                0.9999999994680429
            ],
            [
                5.789356311531259e-12,
                0.0,
                2.41336276466344e-12,
                3.1608814449231423e-10,
                0.9999999996757092
            ],
            [
                5.366469302441264e-11,
                2.0137527491860547e-09,
                2.0952202834223893e-05,
                0.022976885961852628,
                0.9770021597678957
            ],
            [
                5.109060081424103e-12,
                2.4133490984090315e-12,
                2.2897218726618905e-11,
                4.7850948444404254e-06,
                0.999995214874736
            ],
            [
                1.250152862938905e-09,
                0.0,
                6.101936660776593e-13,
                9.056076964696816e-11,
                0.9999999986586761
            ]
        ],
        [
            [
                7.582560412142294e-10,
                0.0,
                7.835041768769687e-13,
                7.052879836444136e-11,
                0.9999999991704316
            ],
            [
                1.0815941527949426e-11,
                0.0,
                0.0,
                5.4927883360564976e-11,
                0.9999999999342561
            ],
            [
                0.0,
                2.1297813920323385e-12,
                8.423448808536487e-12,
                1.3709566538620132e-06,
                0.9999986290327929
            ],
            [
                3.978962438313357e-12,
                0.0,
                1.0815941292188295e-11,
                2.215948923023961e-08,
                0.9999999778257159
            ],
            [
                1.3176514214376247e-10,
                0.0,
                0.0,
                2.461696941405664e-10,
                0.9999999996220652
            ]
        ],
        [
            [
                2.1724399269719184e-10,
                0.0,
                0.0,
                1.1628232986826797e-10,
                0.9999999996664737
            ],
            [
                2.289734842604835e-11,
                0.0,
                0.0,
                5.4927883436603806e-11,
                0.9999999999221747
            ],
            [
                0.0,
                1.081579779433076e-11,
                1.3176339130962442e-10,
                1.3007124764122115e-05,
                0.9999869927326567
            ],
            [
                0.0,
                1.6586784813338382e-12,
                1.388794488997084e-11,
                2.382369843333833e-07,
                0.9999997617474691
            ],
            [
                1.8795288120546286e-12,
                0.0,
                0.0,
                4.847368694704694e-11,
                0.9999999999496467
            ]
        ],
        [
            [
                2.4616969472080615e-10,
                0.0,
                0.0,
                2.0206839052402963e-11,
                0.9999999997336235
            ],
            [
                1.1628232965241127e-10,
                0.0,
                5.109088999513175e-12,
                1.1032560261784383e-09,
                0.9999999987753525
            ],
            [
                0.0,
                4.269546992268229e-11,
                7.567953124446527e-10,
                0.0019267343246872626,
                0.9980732648758219
            ],
            [
                0.0,
                2.129785252654214e-12,
                1.225606791424148e-11,
                3.9278636961536443e-07,
                0.9999996071992445
            ],
            [
                2.413362765427914e-12,
                0.0,
                0.0,
                5.905303983270788e-10,
                0.9999999994070563
            ]
        ],
        [
            [
                8.152020625864852e-09,
                0.0,
                0.0,
                7.05287977445354e-11,
                0.9999999917774506
            ],
            [
                6.691586070714277e-10,
                0.0,
                0.0,
                7.052879829422576e-11,
                0.9999999992603126
            ],
            [
                0.0,
                1.2256045291621019e-11,
                1.6918948645598066e-10,
                1.7603431303824113e-06,
                0.9999982394754241
            ],
            [
                0.0,
                0.0,
                2.1297851566687983e-12,
                5.602796399952689e-09,
                0.9999999943950737
            ],
            [
                5.492788337662565e-11,
                0.0,
                0.0,
                2.9400777321697144e-11,
                0.9999999999156712
            ]
        ],
        [
            [
                1.046740167174358e-08,
                0.0,
                0.0,
                3.331544503017865e-11,
                0.9999999894992829
            ],
            [
                2.594609489986812e-11,
                1.29178000065882e-12,
                0.0,
                5.211412471238323e-10,
                0.9999999994516209
            ],
            [
                4.508755564689126e-12,
                9.545035605349368e-12,
                6.224145067959386e-11,
                2.3823698378509192e-07,
                0.999999761686721
            ],
            [
                0.0,
                1.879528954871102e-12,
                4.508755574136086e-12,
                2.3823698428425747e-07,
                0.9999997617566274
            ],
            [
                8.592166593547013e-10,
                0.0,
                0.0,
                6.224144604343576e-11,
                0.999999999078542
            ]
        ],
        [
            [
                7.991959881264722e-11,
                0.0,
                7.835041773604692e-13,
                1.3176514250823218e-10,
                0.9999999997875317
            ],
            [
                6.56020013558849e-12,
                0.0,
                3.511422095945569e-12,
                3.850741903652267e-09,
                0.9999999961391866
            ],
            [
                0.0,
                2.5931749950805495e-11,
                9.051070081545541e-11,
                0.0005527785818212603,
                0.9994472213017364
            ],
            [
                0.0,
                0.0,
                2.4133627078090814e-12,
                2.5109990891296528e-08,
                0.9999999748875958
            ],
            [
                5.4927883334565604e-11,
                0.0,
                0.0,
                1.317651422811965e-10,
                0.9999999998133069
            ]
        ],
        [
            [
                7.582560412486288e-10,
                0.0,
                0.0,
                2.5946094929981102e-11,
                0.999999999215798
            ],
            [
                5.109089009565251e-12,
                0.0,
                0.0,
                2.1724399272134357e-10,
                0.999999999777647
            ],
            [
                0.0,
                0.0,
                3.0988193869395423e-12,
                1.1253518373341028e-07,
                0.9999998874617174
            ],
            [
                0.0,
                0.0,
                1.4637785056630225e-12,
                4.363462227716193e-09,
                0.999999995635074
            ],
            [
                1.573710206949944e-11,
                0.0,
                0.0,
                2.2897348402092015e-11,
                0.9999999999613656
            ]
        ],
        [
            [
                2.699578614036793e-07,
                0.0,
                0.0,
                4.277788044344135e-11,
                0.9999997299993607
            ],
            [
                1.0261879594485133e-10,
                3.978962521406737e-12,
                0.0,
                5.21141246898831e-10,
                0.999999999372261
            ],
            [
                0.0,
                2.2884689004052625e-11,
                3.57976765874524e-10,
                0.0005527785851826359,
                0.9994472210339559
            ],
            [
                0.0,
                0.0,
                7.433680524333966e-12,
                1.725782764432519e-08,
                0.9999999827347387
            ],
            [
                2.461696938028739e-10,
                3.9789625135532025e-12,
                0.0,
                4.058652103745357e-10,
                0.9999999993439861
            ]
        ],
        [
            [
                1.6052280491719439e-09,
                0.0,
                0.0,
                7.991959863013643e-11,
                0.9999999983148524
            ],
            [
                5.109089017098288e-12,
                0.0,
                0.0,
                7.99195987580173e-11,
                0.9999999999149713
            ],
            [
                6.934314202889317e-10,
                1.1661723390151117e-07,
                0.6285316373165394,
                0.14024436938790744,
                0.23122387598488786
            ],
            [
                0.0,
                0.0,
                7.43366747709095e-12,
                1.3709566528435425e-06,
                0.9999986290359135
            ],
            [
                6.560200152759215e-12,
                0.0,
                0.0,
                2.7894680863229895e-10,
                0.999999999714493
            ]
        ],
        [
            [
                1.818961678855456e-09,
                0.0,
                0.0,
                3.1608814391995477e-10,
                0.9999999978649501
            ],
            [
                1.4930946712102467e-10,
                0.0,
                0.0,
                1.9171715073549832e-10,
                0.9999999996589735
            ],
            [
                1.2917777130314376e-12,
                1.917168112492973e-10,
                0.9999981518214756,
                8.764232670738955e-08,
                1.7603431891153493e-06
            ],
            [
                0.0,
                0.0,
                2.1297851606763943e-12,
                9.736200266017873e-10,
                0.9999999990242501
            ],
            [
                2.5946094901930448e-11,
                0.0,
                0.0,
                9.056076961458953e-11,
                0.9999999998834932
            ]
        ],
        [
            [
                3.581747916756175e-10,
                0.0,
                0.0,
                2.0206839013908022e-11,
                0.9999999996216185
            ],
            [
                8.423463734050708e-12,
                0.0,
                0.0,
                7.991959873581932e-11,
                0.9999999999116569
            ],
            [
                0.0,
                4.274753725774304e-11,
                1.4156040164111992e-09,
                0.0007096703389815628,
                0.9992903282026669
            ],
            [
                0.0,
                3.5114024697205876e-12,
                1.7832373149430185e-11,
                6.144172121731444e-06,
                0.9999938558065345
            ],
            [
                2.734698285423474e-12,
                0.0,
                0.0,
                1.9171715094339293e-10,
                0.9999999998055482
            ]
        ],
        [
            [
                4.8473686843203124e-11,
                0.0,
                0.0,
                1.1628232977565793e-10,
                0.999999999835244
            ],
            [
                4.058652113400223e-10,
                0.0,
                0.0,
                1.6918979171644636e-10,
                0.9999999994249449
            ],
            [
                2.0650285851654616e-10,
                8.780724980229423e-09,
                0.015364312817986196,
                0.14577255859292532,
                0.8388631196018607
            ],
            [
                0.0,
                0.0,
                1.879529050316969e-12,
                6.825604225311013e-08,
                0.9999999317420782
            ],
            [
                3.978962527259816e-12,
                0.0,
                0.0,
                9.056076970150742e-11,
                0.9999999999054603
            ]
        ],
        [
            [
                3.850741900857241e-09,
                0.0,
                0.0,
                2.020683897524707e-11,
                0.9999999961290513
            ],
            [
                1.879528809998197e-12,
                0.0,
                0.0,
                7.991959865141375e-11,
                0.9999999999182008
            ],
            [
                1.2917800001501898e-12,
                0.0,
                1.6586783529617382e-12,
                2.335593030417603e-09,
                0.9999999976614564
            ],
            [
                1.1399918774452377e-12,
                1.879528856769337e-12,
                8.423463934768136e-12,
                6.47594613850986e-07,
                0.9999993523939431
            ],
            [
                9.237449564696737e-09,
                0.0,
                0.0,
                4.277787823922265e-11,
                0.9999999907197726
            ]
        ],
        [
            [
                6.825604220582552e-08,
                0.0,
                7.835042754167852e-13,
                6.224145392762018e-11,
                0.9999999316809328
            ],
            [
                7.433680653957897e-12,
                0.0,
                0.0,
                4.0586521164327507e-10,
                0.999999999586701
            ],
            [
                3.0959951775302928e-12,
                4.2738895107922895e-11,
                7.575650422705954e-10,
                0.0009110514048955783,
                0.9990889477917045
            ],
            [
                0.0,
                2.7346932896400994e-12,
                7.433667075637572e-12,
                1.0677030753710286e-06,
                0.9999989322867563
            ],
            [
                5.789356304978653e-12,
                0.0,
                0.0,
                2.461696941715778e-10,
                0.9999999997480409
            ]
        ],
        [
            [
                8.15202063442148e-09,
                0.0,
                0.0,
                6.224144561789856e-11,
                0.999999991785738
            ],
            [
                5.109089013632607e-12,
                0.0,
                0.0,
                7.582560406494822e-10,
                0.9999999992366349
            ],
            [
                0.0,
                7.433681209183478e-12,
                2.0206840549480913e-11,
                2.3823698395472205e-07,
                0.9999997617353755
            ],
            [
                0.0,
                8.878265406916673e-13,
                3.9789625037738985e-12,
                7.194132972353502e-09,
                0.9999999928010003
            ],
            [
                4.599055368830287e-10,
                0.0,
                0.0,
                7.05287983604959e-11,
                0.9999999994695656
            ]
        ],
        [
            [
                7.734422788118755e-08,
                0.0,
                0.0,
                2.940078074169414e-11,
                0.9999999226263714
            ],
            [
                1.917171506336279e-10,
                0.0,
                2.4133627624902533e-12,
                2.789468082069931e-10,
                0.9999999995269226
            ],
            [
                1.2917800332199494e-12,
                6.560200312553309e-12,
                5.4927884718589296e-11,
                6.475946142440863e-07,
                0.999999352342606
            ],
            [
                0.0,
                0.0,
                2.413363024554755e-12,
                8.764249137214615e-08,
                0.9999999123550952
            ],
            [
                2.5946094890500896e-11,
                0.0,
                0.0,
                1.3176514223240058e-10,
                0.9999999998422888
            ]
        ],
        [
            [
                7.194132960819331e-09,
                0.0,
                0.0,
                1.3176514142790692e-10,
                0.999999992674102
            ],
            [
                1.2256067383232738e-11,
                0.0,
                0.0,
                1.1032560268645041e-09,
                0.9999999988844879
            ],
            [
                0.0,
                9.54499888521587e-12,
                6.224121123424525e-11,
                3.726639101964763e-06,
                0.9999962732891119
            ],
            [
                0.0,
                0.0,
                3.0988191195540095e-12,
                4.363462225953407e-09,
                0.9999999956334389
            ],
            [
                1.0261879610929802e-10,
                0.0,
                0.0,
                1.0261879610929802e-10,
                0.9999999997947624
            ]
        ],
        [
            [
                1.0261879616013809e-10,
                0.0,
                0.0,
                9.54503490824844e-12,
                0.9999999998878362
            ],
            [
                9.736200244502525e-10,
                0.0,
                0.0,
                4.5990553462918825e-10,
                0.9999999985664745
            ],
            [
                0.0,
                7.848211726801276e-11,
                4.284978413517781e-09,
                0.017986211487443053,
                0.9820137841490965
            ],
            [
                0.0,
                1.4637785702856754e-12,
                6.5602004198443905e-12,
                3.927863696178633e-07,
                0.9999996072056063
            ],
            [
                1.2256067406214305e-11,
                0.0,
                0.0,
                7.991959868249693e-11,
                0.9999999999078244
            ]
        ],
        [
            [
                1.6052280476081786e-09,
                0.0,
                0.0,
                1.162823297533023e-10,
                0.9999999982784895
            ],
            [
                2.129785166280803e-12,
                0.0,
                0.0,
                1.3176514241172377e-10,
                0.9999999998661051
            ],
            [
                3.978955475239898e-12,
                1.783244126474445e-11,
                1.493092026727558e-10,
                1.3709566536418823e-06,
                0.9999986288722258
            ],
            [
                0.0,
                1.139991995829102e-12,
                6.560200989823263e-12,
                3.0590235881629723e-07,
                0.999999694089941
            ],
            [
                1.1628233000986233e-10,
                0.0,
                0.0,
                6.224144607259556e-11,
                0.9999999998214761
            ]
        ],
        [
            [
                7.991959860346967e-11,
                0.0,
                0.0,
                1.493094670105381e-10,
                0.9999999997707709
            ],
            [
                2.129785080903073e-12,
                3.9789623675966245e-12,
                1.783247215414426e-11,
                4.139937543738113e-08,
                0.9999999585766834
            ],
            [
                3.758158136704637e-11,
                9.195909762247597e-09,
                0.9955027936443889,
                0.00042880532939928415,
                0.00406839179272044
            ],
            [
                0.0,
                0.0,
                1.1399919955583776e-12,
                3.0590235874365177e-07,
                0.9999996940965014
            ],
            [
                1.5737102057070592e-11,
                0.0,
                0.0,
                1.4930946714730014e-10,
                0.9999999998349534
            ]
        ],
        [
            [
                2.998960810971714e-09,
                0.0,
                0.0,
                2.5946094862630745e-11,
                0.999999996975093
            ],
            [
                2.5946094886682104e-11,
                0.0,
                0.0,
                2.7894680825390756e-10,
                0.999999999695107
            ],
            [
                1.287118278732116e-10,
                4.2623503524508125e-09,
                0.00019875370775988688,
                0.022972805222140055,
                0.9768284366790378
            ],
            [
                1.57371020396554e-11,
                0.0,
                5.789356304006394e-12,
                1.2501528610477895e-09,
                0.9999999987283206
            ],
            [
                4.139937541789776e-08,
                0.0,
                1.0060392362719658e-12,
                1.026187919297418e-10,
                0.9999999584969999
            ]
        ],
        [
            [
                3.92786369132108e-07,
                0.0,
                0.0,
                4.2777880278015925e-11,
                0.999999607170853
            ],
            [
                3.511422001441267e-12,
                4.5087550985671255e-12,
                1.783247233969231e-11,
                2.8453347182813316e-08,
                0.9999999715208001
            ],
            [
                6.555547165313628e-12,
                4.84393057636882e-11,
                8.586072388105347e-10,
                0.0007096703431887497,
                0.9992903287432092
            ],
            [
                0.0,
                0.0,
                3.978962517089538e-12,
                2.061153612727008e-09,
                0.9999999979348675
            ],
            [
                2.2897348347818275e-11,
                0.0,
                0.0,
                3.5817479132894553e-10,
                0.9999999996189279
            ]
        ],
        [
            [
                1.3887943820104672e-11,
                0.0,
                0.0,
                2.1724399280618343e-10,
                0.999999999768868
            ],
            [
                1.573710207358456e-11,
                0.0,
                0.0,
                3.775134536296039e-11,
                0.9999999999465115
            ],
            [
                3.978962847695184e-12,
                7.433681254979533e-12,
                4.277788204247886e-11,
                1.1253518353939451e-07,
                0.999999887410626
            ],
            [
                0.0,
                0.0,
                6.560200988229794e-12,
                3.0590235874199375e-07,
                0.9999996940910811
            ],
            [
                1.5737102063986346e-11,
                0.0,
                0.0,
                6.224144605949776e-11,
                0.9999999999220215
            ]
        ],
        [
            [
                1.344040974840809e-08,
                0.0,
                0.0,
                3.775134487337275e-11,
                0.999999986521839
            ],
            [
                0.0,
                0.0,
                3.978962515912686e-12,
                3.3982678024783314e-09,
                0.9999999965977533
            ],
            [
                0.0,
                1.5737104071575677e-11,
                7.991960890717408e-11,
                1.8553915942539945e-07,
                0.9999998143651838
            ],
            [
                0.0,
                2.73469841708091e-12,
                1.2256068006502323e-11,
                5.043472047280411e-07,
                0.9999994956378045
            ],
            [
                9.056076979391324e-11,
                0.0,
                6.101936670677674e-13,
                7.052879843104886e-11,
                0.9999999998383002
            ]
        ],
        [
            [
                1.8189616785178414e-09,
                0.0,
                0.0,
                1.4930946687806164e-10,
                0.9999999980317289
            ],
            [
                2.289734841220824e-11,
                0.0,
                0.0,
                9.056076972172725e-11,
                0.9999999998865419
            ],
            [
                0.0,
                1.7832371831397557e-11,
                1.3176439583918725e-10,
                4.785094832888365e-06,
                0.9999952147555704
            ],
            [
                0.0,
                0.0,
                3.0988191293480973e-12,
                1.4166087823580457e-09,
                0.9999999985802923
            ],
            [
                2.4616969444713944e-10,
                0.0,
                0.0,
                9.056076962655837e-11,
                0.9999999996632696
            ]
        ],
        [
            [
                2.8453347212222687e-08,
                0.0,
                0.0,
                5.492788181535844e-11,
                0.9999999714917249
            ],
            [
                2.1724399254634488e-10,
                0.0,
                0.0,
                3.581747914429789e-10,
                0.9999999994245812
            ],
            [
                2.924730211241488e-11,
                5.874477664825338e-10,
                9.879352389349388e-08,
                0.005220125803799949,
                0.994779774785981
            ],
            [
                0.0,
                4.5087551170643235e-12,
                1.388794347922692e-11,
                2.510999086001078e-08,
                0.9999999748716124
            ],
            [
                9.056076966881306e-11,
                0.0,
                0.0,
                9.056076966881306e-11,
                0.9999999998188784
            ]
        ],
        [
            [
                1.2501528627564805e-09,
                0.0,
                0.0,
                4.847368692194202e-11,
                0.9999999987013735
            ],
            [
                3.3315445340080324e-11,
                0.0,
                0.0,
                7.991959873382997e-11,
                0.999999999886765
            ],
            [
                3.4891355339817265e-09,
                3.5590116071356425e-07,
                0.3333332122168274,
                0.33333321274325756,
                0.3333332156496188
            ],
            [
                0.0,
                0.0,
                0.0,
                8.152020628974925e-09,
                0.9999999918479795
            ],
            [
                1.5229979480717513e-08,
                0.0,
                0.0,
                4.2777877948182036e-11,
                0.9999999847272425
            ]
        ],
        [
            [
                1.3176514232557322e-10,
                0.0,
                0.0,
                7.052879831019439e-11,
                0.999999999797706
            ],
            [
                6.224144611890497e-11,
                0.0,
                0.0,
                1.0261879613537458e-10,
                0.9999999998351397
            ],
            [
                7.835027635410003e-13,
                4.508747099730925e-12,
                4.2777801435194665e-11,
                1.7603431330675824e-06,
                0.9999982396087969
            ],
            [
                0.0,
                5.789257295584609e-12,
                2.5945651146996443e-11,
                1.6701415089749853e-05,
                0.9999832985531754
            ],
            [
                1.0815941508255625e-11,
                0.0,
                2.413362760893127e-12,
                6.691586060958953e-10,
                0.9999999993176121
            ]
        ],
        [
            [
                1.725782759443727e-08,
                5.789356196718411e-12,
                3.978962445106642e-12,
                5.905303864287893e-10,
                0.9999999821418737
            ],
            [
                8.423463684059025e-12,
                3.098819112819573e-12,
                4.5087552046072695e-12,
                4.944450460609222e-09,
                0.9999999950395184
            ],
            [
                0.0,
                2.0205337728464963e-11,
                2.78926083627135e-10,
                7.484619704147008e-05,
                0.9999251535038272
            ],
            [
                1.291779999482738e-12,
                0.0,
                1.879528808822888e-12,
                2.9989608125454095e-09,
                0.9999999969978679
            ],
            [
                8.15202063442148e-09,
                0.0,
                0.0,
                6.224144561789856e-11,
                0.999999991785738
            ]
        ],
        [
            [
                2.940077731989328e-11,
                0.0,
                0.0,
                1.1628233001368114e-10,
                0.999999999854317
            ],
            [
                5.789356318146196e-12,
                0.0,
                0.0,
                2.1724399311072292e-10,
                0.9999999997769666
            ],
            [
                0.0,
                1.3886222729398403e-11,
                6.223373263462484e-11,
                0.00012339462756405368,
                0.999876605296316
            ],
            [
                0.0,
                0.0,
                1.0060392755074422e-12,
                2.3355930300333708e-09,
                0.9999999976634009
            ],
            [
                1.8553915952745467e-07,
                0.0,
                0.0,
                6.22414540339033e-11,
                0.999999814398599
            ]
        ],
        [
            [
                5.905303966151824e-10,
                4.508755217257659e-12,
                3.978962513742019e-12,
                5.905303966151824e-10,
                0.9999999988104515
            ],
            [
                1.1032560283629631e-09,
                0.0,
                0.0,
                1.6918979165106967e-10,
                0.9999999987275541
            ],
            [
                0.0,
                1.8795288886546e-12,
                3.511422248106034e-12,
                3.927863696188975e-07,
                0.9999996072082394
            ],
            [
                6.560200100227191e-12,
                1.291779991410458e-12,
                5.789356268785648e-12,
                9.237449566322837e-09,
                0.9999999907489091
            ],
            [
                3.160881439495571e-10,
                0.0,
                0.0,
                5.211412463457587e-10,
                0.9999999991627706
            ]
        ],
        [
            [
                1.0261879605957496e-10,
                0.0,
                0.0,
                7.052879833418314e-11,
                0.9999999998268525
            ],
            [
                6.69158606319353e-10,
                0.0,
                0.0,
                1.3176514214764758e-10,
                0.9999999991990762
            ],
            [
                0.0,
                1.162799001945399e-10,
                8.591987057155123e-10,
                2.1444939691657667e-05,
                0.9999785540848297
            ],
            [
                0.0,
                2.4133630766233136e-12,
                8.423464818290624e-12,
                1.8553915969383624e-07,
                0.9999998144500035
            ],
            [
                1.573710203672249e-11,
                0.0,
                0.0,
                5.905303972624044e-10,
                0.9999999993937325
            ]
        ],
        [
            [
                1.0261879599775903e-10,
                0.0,
                0.0,
                9.545034893144835e-12,
                0.9999999998878362
            ],
            [
                2.6465736210555994e-09,
                0.0,
                2.4133627555529132e-12,
                2.4616969352090266e-10,
                0.9999999971048432
            ],
            [
                0.0,
                3.328508500337999e-11,
                1.4917340166492152e-10,
                0.0009110514004952137,
                0.9990889484170462
            ],
            [
                0.0,
                0.0,
                3.0988191036998947e-12,
                9.23744955757169e-09,
                0.9999999907594516
            ],
            [
                1.5737102069641224e-11,
                0.0,
                0.0,
                1.3887943832116005e-11,
                0.999999999970375
            ]
        ],
        [
            [
                1.5737102072920956e-11,
                0.0,
                0.0,
                7.991959875716791e-11,
                0.9999999999043434
            ],
            [
                3.160881440925788e-10,
                0.0,
                0.0,
                5.211412465815616e-10,
                0.9999999991627706
            ],
            [
                0.0,
                9.544690163242863e-12,
                4.277633358436878e-11,
                3.5356257481983615e-05,
                0.999964643690197
            ],
            [
                0.0,
                0.0,
                1.4637785040925665e-12,
                5.602796399133387e-09,
                0.9999999943957398
            ],
            [
                3.581747921950438e-10,
                0.0,
                0.0,
                1.49309467272356e-10,
                0.9999999994925157
            ]
        ],
        [
            [
                7.05287982749604e-11,
                0.0,
                0.0,
                2.789468083528568e-10,
                0.9999999996505244
            ],
            [
                5.789356305640983e-12,
                0.0,
                0.0,
                1.3176514217543622e-10,
                0.9999999998624456
            ],
            [
                5.108046903928753e-12,
                3.774364512909858e-11,
                9.734214375933605e-10,
                0.00020342706064473986,
                0.9997965719230821
            ],
            [
                0.0,
                1.6586785650003547e-12,
                4.508755802494989e-12,
                6.825604224396901e-08,
                0.9999999317377903
            ],
            [
                1.7832472834736807e-11,
                0.0,
                1.8795288088017703e-12,
                2.4616969416815044e-10,
                0.9999999997341182
            ]
        ],
        [
            [
                5.211412476653933e-10,
                0.0,
                0.0,
                2.9400777329463414e-11,
                0.9999999994494579
            ],
            [
                5.492788325153206e-11,
                0.0,
                0.0,
                2.7894680797658533e-10,
                0.9999999996661253
            ],
            [
                1.2206189395497253e-11,
                1.909369274224449e-10,
                1.0424803010278218e-08,
                0.004070137736033162,
                0.9959298516360208
            ],
            [
                5.109089261455574e-12,
                6.560200467835359e-12,
                2.289734950244702e-11,
                1.4449803121185054e-07,
                0.9999998554674022
            ],
            [
                1.4166087796498082e-09,
                0.0,
                0.0,
                5.211412462161303e-10,
                0.99999999806225
            ]
        ],
        [
            [
                1.3440409754435725e-08,
                0.0,
                6.914400005748525e-13,
                9.056076857137923e-11,
                0.999999986468338
            ],
            [
                6.560200152380469e-12,
                0.0,
                0.0,
                6.224144607942483e-11,
                0.9999999999311984
            ],
            [
                3.977247801657108e-12,
                3.773507649786032e-11,
                7.579292722970846e-10,
                0.00043055711735360587,
                0.9995694420830048
            ],
            [
                0.0,
                1.4637784549959174e-12,
                8.42346341419904e-12,
                3.653482066136988e-08,
                0.999999963455292
            ],
            [
                1.2256067418557495e-11,
                4.508755232898452e-12,
                2.129785166517253e-12,
                4.5990553690677563e-10,
                0.9999999995211999
            ]
        ],
        [
            [
                3.2241866215357315e-08,
                3.0988190275004585e-12,
                2.129785094514532e-12,
                2.461696863461309e-10,
                0.9999999675067356
            ],
            [
                8.423463733108988e-12,
                0.0,
                0.0,
                1.9171715088968756e-10,
                0.9999999997998594
            ],
            [
                0.0,
                4.845279733806929e-11,
                3.580204376811116e-10,
                0.0004305571174794367,
                0.9995694424760473
            ],
            [
                0.0,
                1.2917801082557295e-12,
                3.9789628545464555e-12,
                1.1253518373316587e-07,
                0.9999998874595456
            ],
            [
                1.317651422467847e-10,
                0.0,
                0.0,
                3.1608814434187215e-10,
                0.9999999995521467
            ]
        ],
        [
            [
                1.1032560285209978e-09,
                0.0,
                0.0,
                2.5946094892866765e-11,
                0.9999999988707979
            ],
            [
                3.09881913219252e-12,
                0.0,
                0.0,
                4.27778785995557e-11,
                0.9999999999541234
            ],
            [
                0.0,
                9.055663241392303e-11,
                6.691280370367191e-10,
                4.539785555939467e-05,
                0.999954601384756
            ],
            [
                0.0,
                0.0,
                1.0815941202224016e-11,
                2.845334715577815e-08,
                0.9999999715358368
            ],
            [
                2.5946094900406145e-11,
                0.0,
                0.0,
                1.4930946714577583e-10,
                0.9999999998247444
            ]
        ],
        [
            [
                4.847368693095375e-11,
                0.0,
                0.0,
                2.28973483942218e-11,
