{
    "[['E', 'D', 'C', 'B', 'A'], ['E', 'D', 'C', 'B', 'A']]": [
        [
            [
                0.9999999988886858,
                1.1032560306697167e-09,
                1.6586783563977188e-12,
                5.78935631994716e-12,
                6.101936668347592e-13
            ],
            [
                0.999999946830457,
                5.315784969016274e-08,
                2.129785056606162e-12,
                8.423463302207114e-12,
                1.1399917918374127e-12
            ],
            [
                5.492778765290475e-11,
                7.734408409521318e-08,
                0.9999975849335971,
                2.260323306784898e-06,
                7.734408409521318e-08
            ],
            [
                2.2269718798140557e-10,
                5.449220523697845e-08,
                1.2402368746085573e-06,
                0.9046493703007186,
                0.09534933474750439
            ],
            [
                6.91440096784077e-13,
                1.6586785654335412e-12,
                1.6586785654335412e-12,
                3.0590235858921977e-07,
                0.9999996940936327
            ]
        ],
        [
            [
                0.9999999983816736,
                1.6052280520804354e-09,
                2.41336276716477e-12,
                9.545034904376576e-12,
                1.1399918508391387e-12
            ],
            [
                0.9999999965935005,
                3.3982678056448937e-09,
                1.6586783521540256e-12,
                5.789356305135215e-12,
                7.835041753131438e-13
            ],
            [
                6.431393941022592e-14,
                3.0988191385149254e-12,
                0.9999999999954741,
                8.878265477866879e-13,
                4.752193062453861e-13
            ],
            [
                3.8661653242867363e-10,
                8.348592464582019e-08,
                3.7415795601223963e-07,
                0.9525736891135398,
                0.04742585285596302
            ],
            [
                0.0,
                4.752193045561749e-13,
                6.914400081900669e-13,
                2.6465736293249203e-09,
                0.9999999973522598
            ]
        ],
        [
            [
                0.9999999991328388,
                8.592166605973795e-10,
                1.463778511877077e-12,
                5.7893563198363494e-12,
                6.914400096317473e-13
            ],
            [
                0.9999999943879785,
                5.602796403820274e-09,
                1.658678348932493e-12,
                6.560200128675238e-12,
                1.0060392732290867e-12
            ],
            [
                5.675685232349246e-14,
                5.109089027808147e-12,
                0.999999999992832,
                1.4637785140527994e-12,
                5.384940217485081e-13
            ],
            [
                1.916583058770241e-10,
                3.2231971081315376e-08,
                4.5385994746793726e-05,
                0.9996934032148008,
                0.0002611783668230812
            ],
            [
                0.0,
                0.0,
                1.2917799740855409e-12,
                2.2159489246723344e-08,
                0.9999999778392189
            ]
        ],
        [
            [
                0.9999999985652643,
                1.4166087839592308e-09,
                3.0988191328506753e-12,
                1.3887943838651352e-11,
                1.13999185088448e-12
            ],
            [
                0.9999999943937286,
                5.6027964035497135e-09,
                6.914400064996229e-13,
                2.4133627571933283e-12,
                3.7010116561416807e-13
            ],
            [
                6.914400101642735e-13,
                6.691586086166023e-10,
                0.9999999992671653,
                4.277787865691571e-11,
                2.02068390747407e-11
            ],
            [
                1.31708364643829e-10,
                2.2149941172344206e-08,
                6.473161665582469e-07,
                0.9995687736753688,
                0.0004305567268150735
            ],
            [
                7.835041762620119e-13,
                0.0,
                0.0,
                2.172439928855843e-10,
                0.9999999997819724
            ]
        ],
        [
            [
                0.999999999627708,
                3.5817479274960187e-10,
                2.4133627699552384e-12,
                1.0815941548869192e-11,
                8.878265471550974e-13
            ],
            [
                0.9999999468277119,
                5.315784967204545e-08,
                2.734698143832011e-12,
                1.0815940972884094e-11,
                8.878264998753615e-13
            ],
            [
                7.287724095466704e-14,
                3.511422113206433e-12,
                0.9999999999943419,
                1.4637785140550095e-12,
                6.101936677309771e-13
            ],
            [
                1.3156726180641771e-10,
                2.5072282133768656e-08,
                6.466226787296602e-07,
                0.9984981467998713,
                0.0015011813736006867
            ],
            [
                8.878181478742018e-13,
                3.978924889775595e-12,
                3.5113888908437143e-12,
                1.012998809430799e-05,
                0.9999898700035276
            ]
        ],
        [
            [
                0.999999997930983,
                2.0611536169568224e-09,
                1.4637785102329209e-12,
                5.789356313333585e-12,
                6.101936661376935e-13
            ],
            [
                0.9999999847389205,
                1.5229979502095427e-08,
                5.789356236504828e-12,
                2.289734809169532e-11,
                2.4133627333877706e-12
            ],
            [
                6.101936676364068e-13,
                6.224144621641668e-11,
                0.9999999998764997,
                3.77513454351116e-11,
                2.2897348451797753e-11
            ],
            [
                6.68900951344163e-10,
                3.9263511318207255e-07,
                0.00012336228546202366,
                0.9996150864501513,
                0.0002611579603724816
            ],
            [
                7.835027450819889e-13,
                2.4133583565750717e-12,
                1.8795253779325846e-12,
                2.260325271698147e-06,
                0.9999977396696519
            ]
        ],
        [
            [
                0.9999999950384268,
                4.9444504736572315e-09,
                3.978962513078254e-12,
                1.225606737399687e-11,
                8.878265427677496e-13
            ],
            [
                0.9999999983869805,
                1.6052280515221956e-09,
                1.4637785107853059e-12,
                5.78935631551831e-12,
                5.384940205464644e-13
            ],
            [
                5.675685232297381e-14,
                2.734698291430298e-12,
                0.999999999995844,
                1.1399918529770003e-12,
                2.244777054888344e-13
            ],
            [
                0.0,
                5.190612729970502e-09,
                3.835372864957561e-08,
                0.8175744490536102,
                0.1824255074020485
            ],
            [
                1.658678354067525e-12,
                0.0,
                0.0,
                8.592166594067549e-10,
                0.9999999991391246
            ]
        ],
        [
            [
                0.9999999992354047,
                7.582560418162731e-10,
                1.2917800031251073e-12,
                4.5087552364977535e-12,
                5.384940210830421e-13
            ],
            [
                0.9999999827314375,
                1.7257827679751063e-08,
                2.4133627287327443e-12,
                7.433680539593395e-12,
                8.878265319901891e-13
            ],
            [
                1.0249868859281977e-10,
                3.462273634242646e-07,
                0.9988301074155224,
                0.0011695097625545857,
                3.6492060825458515e-08
            ],
            [
                1.9167256231732242e-10,
                7.732623056133848e-08,
                7.483434968315303e-05,
                0.9997666638128914,
                0.00015842431952243366
            ],
            [
                0.0,
                8.878265312647288e-13,
                8.878265312647288e-13,
                1.7257827665649354e-08,
                0.9999999827403966
            ]
        ],
        [
            [
                0.9999999994025293,
                5.905303991928532e-10,
                1.1399918516900438e-12,
                5.109089021993722e-12,
                6.914400098725889e-13
            ],
            [
                0.9999999961410264,
                3.850741905633726e-09,
                1.6586783515339356e-12,
                5.789356302970889e-12,
                7.83504175020234e-13
            ],
            [
                2.0206841432851242e-11,
                3.05902355965842e-07,
                0.9999996840817303,
                9.23745073289109e-09,
                7.582561306976981e-10
            ],
            [
                7.05051280705753e-11,
                1.0463888789885832e-08,
                1.4444952907473481e-07,
                0.9996644949740735,
                0.00033535004200346217
            ],
            [
                0.0,
                1.139991838094839e-12,
                1.2917799878459747e-12,
                1.1861119995800604e-08,
                0.9999999881364482
            ]
        ],
        [
            [
                0.9999999985688699,
                1.4166087839643386e-09,
                2.413362767269459e-12,
                1.0815941536832363e-11,
                1.2917800023431942e-12
            ],
            [
                0.9999999918292882,
                8.152020640858003e-09,
                3.511422081668621e-12,
                1.388794373955688e-11,
                1.291779993121315e-12
            ],
            [
                1.879528815909835e-12,
                1.9171715131164614e-10,
                0.9999999997357383,
                5.4927883491157505e-11,
                1.573710210159427e-11
            ],
            [
                3.325126503479652e-11,
                4.934925287971198e-09,
                1.2727340064272905e-07,
                0.9980731334554409,
                0.0019267343029817565
            ],
            [
                0.0,
                0.0,
                6.101936656617962e-13,
                2.33559303076616e-09,
                0.9999999976637968
            ]
        ],
        [
            [
                0.999999998385263,
                1.6052280518553374e-09,
                1.2917800021060145e-12,
                7.433680656929958e-12,
                7.83504176880948e-13
            ],
            [
                0.999999991840795,
                8.152020643707804e-09,
                1.2917799935728983e-12,
                5.109088983714663e-12,
                7.835041717053513e-13
            ],
            [
                1.6586783542538434e-12,
                2.64657363147304e-09,
                0.9999999972280518,
                1.1628232997549128e-10,
                7.43368065146578e-12
            ],
            [
                2.1670680270474767e-10,
                3.216214118843039e-08,
                7.320062613359669e-07,
                0.997526613959902,
                0.002472621654988602
            ],
            [
                7.835041714420928e-13,
                1.006039270212517e-12,
                1.4637785009279726e-12,
                7.194132965460578e-09,
                0.9999999928026139
            ]
        ],
        [
            [
                0.9999999994720712,
                5.211412483270688e-10,
                1.1399918520342045e-12,
                5.109089023536143e-12,
                5.38494021298242e-13
            ],
            [
                0.9999999748812936,
                2.5109990917715545e-08,
                1.4637784768333975e-12,
                6.560200001020338e-12,
                6.914399930782852e-13
            ],
            [
                2.5946096784905887e-11,
                8.315279838519041e-07,
                0.9999991607920309,
                7.194133530009196e-09,
                4.599055698089491e-10
            ],
            [
                7.976548641329543e-11,
                1.1838247825950827e-08,
                8.299260367793322e-07,
                0.9980724247627955,
                0.001926733393154379
            ],
            [
                0.0,
                1.2917801030306682e-12,
                1.1399919397449742e-12,
                8.315279893371536e-07,
                0.9999991684695788
            ]
        ],
        [
            [
                0.9999999979279932,
                2.06115361695066e-09,
                2.413362765407546e-12,
                7.433680652559739e-12,
                1.0060392766047001e-12
            ],
            [
                0.999999946833019,
                5.315784969355409e-08,
                1.879528715745805e-12,
                6.5601998163506685e-12,
                6.914399736142453e-13
            ],
            [
                8.878265476164183e-13,
                1.4930946758111243e-10,
                0.9999999998119786,
                3.331544541305041e-11,
                4.508755241129086e-12
            ],
            [
                4.8276416183406226e-11,
                4.924328325201956e-09,
                1.1207719608767868e-07,
                0.9959297451767485,
                0.004070137773450768
            ],
            [
                0.0,
                4.75219304834507e-13,
                4.1937956456485715e-13,
                2.061153616181579e-09,
                0.9999999979379517
            ]
        ],
        [
            [
                0.9999999973353697,
                2.646573630477738e-09,
                4.5087552279309606e-12,
                1.2256067405054451e-11,
                1.29178000067068e-12
            ],
            [
                0.9999999950455449,
                4.944450474864829e-09,
                1.879528806247542e-12,
                7.433680631648353e-12,
                6.914400069079738e-13
            ],
            [
                6.101936675258166e-13,
                2.4616969508684737e-10,
                0.9999999996355491,
                7.991959889879762e-11,
                3.775134542826963e-11
            ],
            [
                2.3026923682468263e-09,
                2.114331445769888e-05,
                0.0140632988210086,
                0.9859133270728929,
                2.2284889485091173e-06
            ],
            [
                0.0,
                1.2917800332974877e-12,
                1.4637785464336615e-12,
                6.475946142829577e-07,
                0.9999993524026302
            ]
        ],
        [
            [
                0.9999999990149198,
                9.736200297669106e-10,
                2.734698287283055e-12,
                7.433680660639603e-12,
                1.291780002750654e-12
            ],
            [
                0.9999998554899513,
                1.4449803160945983e-07,
                2.1297852741085918e-12,
                8.423464162445913e-12,
                1.4637785850217271e-12
            ],
            [
                1.2917800036489503e-12,
                7.582560421237613e-10,
                0.999999999153099,
                7.991959885919278e-11,
                7.433680665808941e-12
            ],
            [
                7.989262787331601e-11,
                1.7252003861523268e-08,
                1.7597522351088168e-06,
                0.9996628734990121,
                0.00033534941685642094
            ],
            [
                0.0,
                7.835041575743395e-13,
                0.0,
                2.510999088660123e-08,
                0.9999999748892257
            ]
        ],
        [
            [
                0.9999999985720751,
                1.4166087837838348e-09,
                3.098819132466998e-12,
                7.433680657347638e-12,
                7.835041769249709e-13
            ],
            [
                0.9999999881281453,
                1.1861120003525984e-08,
                2.413362741756958e-12,
                7.433680579710798e-12,
                8.878265367815296e-13
            ],
            [
                1.2015425730881585e-13,
                7.43368067180144e-12,
                0.9999999999881533,
                2.413362771654412e-12,
                1.879528816399832e-12
            ],
            [
                4.277755726680665e-11,
                1.7257698316714193e-08,
                2.260310267798534e-06,
                0.9999915782289288,
                6.144160327636152e-06
            ],
            [
                0.0,
                4.752193042572562e-13,
                7.835041751762543e-13,
                2.9989608121106066e-09,
                0.9999999969997804
            ]
        ],
        [
            [
                0.9999999994679067,
                5.2114124823997e-10,
                2.7346982887115957e-12,
                7.433680664522778e-12,
                7.835041776812252e-13
            ],
            [
                0.9999999979290579,
                2.061153617333478e-09,
                1.879528811883853e-12,
                7.433680653940395e-12,
                4.752193051000887e-13
            ],
            [
                5.109089025838752e-12,
                3.160881452937398e-10,
                0.999999999619513,
                4.8473687041596397e-11,
                1.0815941552576271e-11
            ],
            [
                1.2494473783170365e-09,
                1.5526234944973355e-06,
                1.012437696959198e-05,
                0.9994355494973106,
                0.0005527722527778931
            ],
            [
                4.752192804204553e-13,
                7.835041358760136e-13,
                6.914399730728021e-13,
                5.3157849651927974e-08,
                0.9999999468402001
            ]
        ],
        [
            [
                0.9999999994749702,
                5.211412482755636e-10,
                7.835041777347381e-13,
                2.7346982888983737e-12,
                3.7010116749474153e-13
            ],
            [
                0.9999998554875299,
                1.4449803163049817e-07,
                2.7346984244408614e-12,
                1.081594208271363e-11,
                8.878265909757172e-13
            ],
            [
                2.7346982848231012e-12,
                2.3355930330184067e-09,
                0.9999999975733291,
                7.991959873172677e-11,
                8.423463733619356e-12
            ],
            [
                2.750231525943234e-10,
                7.625629781658252e-08,
                2.8614937358089617e-06,
                0.9859334749182637,
                0.01406358705667965
            ],
            [
                0.0,
                4.752193027499268e-13,
                0.0,
                5.602796395952006e-09,
                0.9999999943967284
            ]
        ],
        [
            [
                0.9999999992365705,
                7.582560418635895e-10,
                1.2917800032057164e-12,
                3.5114221090808663e-12,
                3.701011674065095e-13
            ],
            [
                0.9999999973464859,
                2.646573630669223e-09,
                1.1399918494950825e-12,
                5.109089012156588e-12,
                6.914400085412775e-13
            ],
            [
                1.2256067747907939e-11,
                3.224186817179204e-08,
                0.9999997122510748,
                2.38236972655698e-07,
                1.7257828415754372e-08
            ],
            [
                5.210985667229021e-10,
                5.043063559159076e-07,
                7.484569943698823e-05,
                0.9999185057639732,
                6.143709135289921e-06
            ],
            [
                0.0,
                5.38494019370121e-13,
                6.101936650349901e-13,
                2.6465736270877094e-09,
                0.9999999973522777
            ]
        ],
        [
            [
                0.99999999932582,
                6.691586083703951e-10,
                1.1399918517515072e-12,
                3.5114221093942587e-12,
                3.7010116743954086e-13
            ],
            [
                0.9999997617431552,
                2.3823698437231406e-07,
                4.508755575802602e-12,
                1.3887944892240294e-11,
                1.4637786224000316e-12
            ],
            [
                4.752193060268064e-13,
                1.9171715127484937e-10,
                0.9999999995110285,
                2.789468091399648e-10,
                1.7832472898753617e-11
            ],
            [
                5.903750659570409e-10,
                2.6988684024804467e-07,
                1.3705984674000491e-06,
                0.9997371690888297,
                0.0002611898354875446
            ],
            [
                4.752193054865057e-13,
                4.193795651402439e-13,
                0.0,
                2.4616969477199255e-10,
                0.9999999997529356
            ]
        ],
        [
            [
                0.9999999979209491,
                2.061153616936141e-09,
                3.511422104002485e-12,
                1.2256067411380916e-11,
                2.1297851652701507e-12
            ],
            [
                0.9999999778306055,
                2.2159489274166536e-08,
                2.734698229985769e-12,
                6.560200020368415e-12,
                6.101936540143523e-13
            ],
            [
                6.315658340641609e-09,
                0.9947798391150378,
                0.00522012551018898,
                2.8304816957242937e-08,
                7.542978221812924e-10
            ],
            [
                6.293712788460241e-09,
                9.527780045354984e-05,
                0.008576630183795174,
                0.9913238995076442,
                4.186214394311876e-06
            ],
            [
                5.384919901871129e-13,
                1.8795217255992005e-12,
                2.734687974335224e-12,
                3.7266391124519315e-06,
                0.9999962733557348
            ]
        ],
        [
            [
                0.999999999532303,
                4.599055374634756e-10,
                1.4637785128472074e-12,
                5.78935632367329e-12,
                5.384940213049956e-13
            ],
            [
                0.9999999936442605,
                6.348800073115605e-09,
                1.2917799960514905e-12,
                5.109088993517685e-12,
                5.384940181343199e-13
            ],
            [
                2.129785170505592e-12,
                7.991959891264595e-11,
                0.9999999998591491,
                2.940077738663e-11,
                2.940077738663e-11
            ],
            [
                5.484538930727499e-11,
                7.183328422038027e-09,
                1.6349195722594058e-07,
                0.9984986473220379,
                0.0015011819478311116
            ],
            [
                0.0,
                0.0,
                1.0060394060704207e-12,
                1.8553915964435257e-07,
                0.9999998144598343
            ]
        ],
        [
            [
                0.9999999997808113,
                2.1724399333199513e-10,
                3.266131340142799e-13,
                1.4637785129406597e-12,
                1.5428112019426443e-13
            ],
            [
                0.9999999317309932,
                6.825604226705343e-08,
                2.413363072502961e-12,
                9.545036112012546e-12,
                1.0060394046211149e-12
            ],
            [
                8.258073284997973e-14,
                3.978962535568406e-12,
                0.9999999999946778,
                1.0060392792153451e-12,
                2.543665647205063e-13
            ],
            [
                0.0,
                5.393658664813304e-09,
                5.798729542660282e-08,
                0.9626730508570893,
                0.03732688576195662
            ],
            [
                0.0,
                5.384940195379107e-13,
                0.0,
                1.8189616799950906e-09,
                0.9999999981804999
            ]
        ],
        [
            [
                0.9999999990162816,
                9.736200296916824e-10,
                1.65867835617264e-12,
                7.43368066006523e-12,
                1.0060392776204577e-12
            ],
            [
                0.9999999956243735,
                4.363462230101661e-09,
                2.7346982772761578e-12,
                8.423463710373135e-12,
                1.006039274016859e-12
            ],
            [
                5.384940214467475e-13,
                2.789468091166444e-10,
                0.9999999994156217,
                2.789468091166444e-10,
                2.594609496692913e-11
            ],
            [
                3.1608274438933085e-10,
                6.475841520348019e-07,
                6.144107366318438e-06,
                0.9999830780718946,
                1.0129920504314554e-05
            ],
            [
                8.878265452523954e-13,
                0.0,
                0.0,
                8.592166594074173e-10,
                0.9999999991398956
            ]
        ],
        [
            [
                0.9999999996341338,
                3.581747927325475e-10,
                1.2917800037192809e-12,
                5.7893563239499655e-12,
                6.101936672566518e-13
            ],
            [
                0.9999999895262591,
                1.046740168086345e-08,
                1.2917799907319386e-12,
                4.508755193241344e-12,
                5.384940159168007e-13
            ],
            [
                2.3659776089638498e-14,
                1.1399918529620055e-12,
                0.9999999999982914,
                3.7010116783253207e-13,
                1.7482341281447692e-13
            ],
            [
                4.7791951663962445e-11,
                4.3020943880431e-09,
                5.938858113520389e-08,
                0.9859363082207698,
                0.014063628040762725
            ],
            [
                6.914400076528418e-13,
                0.0,
                8.878265439410153e-13,
                2.3355930285266377e-09,
                0.9999999976628278
            ]
        ],
        [
            [
                0.9999999991343724,
                8.592166608249232e-10,
                1.2917800031435072e-12,
                4.5087552365619755e-12,
                6.101936669846757e-13
            ],
            [
                0.999999855491649,
                1.4449803164775053e-07,
                1.8795289080691743e-12,
                7.43368103436072e-12,
                1.0060393282758443e-12
            ],
            [
                1.1399918516988433e-12,
                9.736200301518103e-10,
                0.9999999988530333,
                1.4930946744348912e-10,
                2.2897348429430198e-11
            ],
            [
                7.57832456033038e-10,
                1.2091912757333453e-06,
                0.0005527753990323863,
                0.9994412322075913,
                4.782444268211591e-06
            ],
            [
                0.0,
                1.1399919076060024e-12,
                1.8795289064960314e-12,
                1.4449803152680744e-07,
                0.999999855498949
            ]
        ],
        [
            [
                0.9999999992329147,
                7.582560418608175e-10,
                1.6586783568790483e-12,
                6.5602001601044736e-12,
                6.101936670118304e-13
            ],
            [
                0.9999999965960746,
                3.398267805920841e-09,
                1.1399918484907085e-12,
                3.978962519943451e-12,
                5.384940196244131e-13
            ],
            [
                3.900837609952477e-14,
                2.7346982914318676e-12,
                0.999999999996418,
                6.1019366772483e-13,
                1.981008797933071e-13
            ],
            [
                0.0,
                1.9373054226882585e-09,
                2.6743676428570134e-08,
                0.9399133185206087,
                0.06008665279840956
            ],
            [
                0.0,
                0.0,
                1.2917799967929436e-12,
                3.8507418989406625e-09,
                0.9999999961479662
            ]
        ],
        [
            [
                0.9999999995313371,
                4.5990553748496443e-10,
                1.6586783575427735e-12,
                6.560200162729558e-12,
                5.384940213301564e-13
            ],
            [
                0.9999998874578756,
                1.1253518379078891e-07,
                1.1399919449398013e-12,
                5.109089439910141e-12,
                6.914400664314257e-13
            ],
            [
                3.978963033100897e-12,
                6.825604229352326e-08,
                0.9999999314154671,
                3.160881849339144e-10,
                8.423464807175818e-12
            ],
            [
                3.759770884607262e-11,
                3.835070563855356e-09,
                1.630711944048366e-07,
                0.9959296954863623,
                0.004070137569775039
            ],
            [
                4.1937956498371463e-13,
                2.8823507875732887e-13,
                0.0,
                2.1724399306539454e-10,
                0.9999999997820483
            ]
        ],
        [
            [
                0.9999999993252833,
                6.691586084061975e-10,
                8.878265468865966e-13,
                3.9789625315376455e-12,
                6.914400099468627e-13
            ],
            [
                0.9999996072014222,
                3.9278636972175616e-07,
                1.8795288891467905e-12,
                9.545035291572991e-12,
                7.835042087738344e-13
            ],
            [
                7.991747010367084e-11,
                2.753568959866515e-05,
                0.9999724556728259,
                8.151803568328174e-09,
                4.05854401577752e-10
            ],
            [
                1.2206189499225646e-11,
                3.5671714581290025e-10,
                1.4108436800712673e-09,
                0.004070137767154388,
                0.9959298604530786
            ],
            [
                0.0,
                6.914400659904864e-13,
                6.101937165594924e-13,
                1.1253518371902393e-07,
                0.9999998874635146
            ]
        ],
        [
            [
                0.9999999969910593,
                2.9989608148856764e-09,
                2.4133627638087133e-12,
                6.560200146340925e-12,
                1.0060392759382074e-12
            ],
            [
                0.9999999969973585,
                2.9989608146353293e-09,
                6.914400083372425e-13,
                2.7346982822706375e-12,
                2.543665638706822e-13
            ],
            [
                7.835041783278775e-13,
                1.1628233027570884e-10,
                0.9999999998270268,
                4.847368705165535e-11,
                7.433680670658045e-12
            ],
            [
                5.210518622841021e-10,
                1.6370962865413263e-07,
                9.609516692485318e-05,
                0.9998289016111441,
                7.483899125045302e-05
            ],
            [
                0.0,
                1.291780165457899e-12,
                1.463778696191027e-12,
                6.825604225305034e-08,
                0.9999999317412023
            ]
        ],
        [
            [
                0.9999999973408578,
                2.646573630100524e-09,
                2.4133627638008167e-12,
                9.545034891071881e-12,
                6.101936657296244e-13
            ],
            [
                0.9999999865437892,
                1.3440409761284266e-08,
                3.978962479632925e-12,
                1.0815941404506524e-11,
                1.0060392650726406e-12
            ],
            [
                5.675685232205498e-14,
                3.511422113112197e-12,
                0.9999999999952558,
                8.878265477791366e-13,
                2.8823507932274246e-13
            ],
            [
                1.4917339938978706e-10,
                2.2139295457508672e-08,
                1.066729976093169e-06,
                0.9990878608982234,
                0.0009110500833316832
            ],
            [
                4.752193019392526e-13,
                1.0060392701000616e-12,
                1.0060392701000616e-12,
                8.15202064005748e-09,
                0.9999999918454922
            ]
        ],
        [
            [
                0.9999999943829658,
                5.602796403792189e-09,
                2.1297851581283036e-12,
                1.0815941492142367e-11,
                1.2917799970057352e-12
            ],
            [
                0.9999999943908633,
                5.60279640353366e-09,
                1.1399918461256968e-12,
                4.508755214931e-12,
                6.914400064976418e-13
            ],
            [
                3.266131342316804e-13,
                3.775134543735108e-11,
                0.9999999998818481,
                6.224144622010895e-11,
                1.7832472905576765e-11
            ],
            [
                7.976563925674072e-11,
                5.592003031190961e-09,
                4.682126813345884e-08,
                0.8807970298529517,
                0.11920291765401154
            ],
            [
                5.384940199019275e-13,
                4.752193046237784e-13,
                3.266131331424241e-13,
                1.4166087817146686e-09,
                0.9999999985820509
            ]
        ],
        [
            [
                0.999999998884594,
                1.1032560306652024e-09,
                2.1297851677158043e-12,
                9.545034908320043e-12,
                4.752193055541779e-13
            ],
            [
                0.999999912337254,
                8.764249141369358e-08,
                3.5114224827487943e-12,
                1.5737103762274623e-11,
                1.0060393851102476e-12
            ],
            [
                5.384940212961351e-13,
                2.17243993314551e-10,
                0.9999999991584574,
                5.211412483250298e-10,
                1.026187962256865e-10
            ],
            [
                3.3291817204457984e-11,
                3.8480108721871935e-09,
                1.8540737005713235e-07,
                0.9992901403358142,
                0.0007096703755130683
            ],
            [
                1.6586783528301322e-12,
                0.0,
                0.0,
                1.6052280492975705e-09,
                0.9999999983931134
            ]
        ],
        [
            [
                0.9999999985789851,
                1.4166087838919206e-09,
                8.87826546121668e-13,
                3.0988191327034347e-12,
                4.1937956502345383e-13
            ],
            [
                0.9999999530723158,
                4.691163798549822e-08,
                3.098818991227819e-12,
                1.225606686074937e-11,
                6.914399777836589e-13
            ],
            [
                4.1937956571070874e-13,
                1.917171513176615e-10,
                0.9999999997299012,
                7.052879848972217e-11,
                7.433680670096704e-12
            ],
            [
                0.0,
                2.0137949378852156e-09,
                2.1650335931257767e-08,
                0.9770226090544476,
                0.02297736728142145
            ],
            [
                0.0,
                1.2917800671177867e-12,
                1.463778584757081e-12,
                1.444980315833351e-07,
                0.9999998554992129
            ]
        ],
        [
            [
                0.9999999988884849,
                1.1032560306098748e-09,
                1.4637785118256973e-12,
                5.7893563196331385e-12,
                1.0060392777024061e-12
            ],
            [
                0.9999999927986027,
                7.1941329759408166e-09,
                1.4637785030603697e-12,
                5.1090889894407986e-12,
                6.914400054670298e-13
            ],
            [
                1.542811203019961e-13,
                6.560200167422728e-12,
                0.9999999999911815,
                1.8795288163296337e-12,
                2.2447770547708222e-13
            ],
            [
                1.315670062532091e-10,
                2.2126168346336423e-08,
                1.7577009396127316e-06,
                0.9984970401519483,
                0.0015011798893767034
            ],
            [
                0.0,
                0.0,
                0.0,
                4.0586521174458955e-10,
                0.9999999995941349
            ]
        ],
        [
            [
                0.9999999985732944,
                1.4166087841743393e-09,
                1.8795288132634525e-12,
                7.433680659396816e-12,
                7.835041771409528e-13
            ],
            [
                0.9999999865401124,
                1.344040976322426e-08,
                2.7346982533579783e-12,
                1.5737101886842018e-11,
                1.0060392652178526e-12
            ],
            [
                1.4637785094204775e-12,
                6.69158606978215e-10,
                0.9999999968083184,
                2.061153615812817e-09,
                4.599055363868291e-10
            ],
            [
                3.1561104135119936e-10,
                6.815300796919794e-08,
                7.877416664495464e-06,
                0.9984908835000561,
                0.0015011706146604875
            ],
            [
                0.0,
                0.0,
                8.878265434029411e-13,
                1.6052280471524345e-09,
                0.9999999983938841
            ]
        ],
        [
            [
                0.9999999991333242,
                8.592166606653551e-10,
                1.658678356497195e-12,
                5.10908902061833e-12,
                6.914400096864497e-13
            ],
            [
