{
    "[['E', 'D', 'C', 'B', 'A'], ['E', 'D', 'C', 'B', 'A']]": [
        [
            [
                0.9999999774810383,
                2.215948926127143e-08,
                2.5946094383163594e-11,
                1.1628232761498412e-10,
                2.1724398848750338e-10
            ],
            [
                1.1861119982386712e-08,
                1.2256067269516492e-11,
                1.7832472654129637e-11,
                1.2501528485787934e-09,
                0.9999999868586387
            ],
            [
                1.9810087977486937e-13,
                2.0206839087159173e-11,
                0.9999999999189464,
                2.2897348452984696e-11,
                3.775134543706854e-11
            ],
            [
                7.733213389350516e-08,
                1.3707448714800376e-06,
                5.82855550813682e-05,
                0.999844169733476,
                9.609663443721568e-05
            ],
            [
                0.999999605732045,
                3.9278636923587075e-07,
                6.224144855652083e-11,
                3.1608815725110006e-10,
                1.1032560735984681e-09
            ]
        ],
        [
            [
                0.9999999223518,
                7.734422801614811e-08,
                2.289735110449644e-11,
                1.493094848871122e-10,
                1.3176515793937796e-10
            ],
            [
                2.2159488345825037e-08,
                1.026187897061928e-10,
                9.056076406269512e-11,
                4.139937452085407e-08,
                0.9999999362479576
            ],
            [
                1.0261879769045537e-10,
                9.237449785603406e-09,
                0.99999910482858,
                2.3823674273834288e-07,
                6.475946086569099e-07
            ],
            [
                2.213878891986767e-08,
                1.0667076043474658e-06,
                0.0009110305421329139,
                0.9990664552165004,
                2.1425394973366085e-05
            ],
            [
                0.9999996926093294,
                3.059023583942586e-07,
                1.691898132192254e-10,
                8.592167683494564e-10,
                4.599055948342003e-10
            ]
        ],
        [
            [
                0.9999998143246361,
                1.8553915975452824e-07,
                2.289735135571347e-11,
                7.052880744146476e-11,
                4.2777884106216905e-11
            ],
            [
                1.0261879577756796e-10,
                6.560200133667834e-12,
                2.594609484637011e-11,
                4.363462230005664e-09,
                0.9999999955014127
            ],
            [
                1.981008797697535e-13,
                1.3887943862500202e-11,
                0.9999999999131537,
                1.7832472904982785e-11,
                5.4927883499802246e-11
            ],
            [
                3.219234038216513e-08,
                3.921826182719685e-07,
                3.530315424277022e-05,
                0.9984631441543809,
                0.0015011283164176965
            ],
            [
                0.9999998143183871,
                1.855391597914142e-07,
                2.5946098273212507e-11,
                9.056078138152011e-11,
                2.5946098273212507e-11
            ]
        ],
        [
            [
                0.9999982393983567,
                1.760343133065492e-06,
                2.594604812551385e-11,
                1.1628212030258085e-10,
                1.1628212030258085e-10
            ],
            [
                1.0129978476588396e-05,
                1.9171497263288098e-10,
                8.59206897468944e-10,
                1.0676918762607927e-06,
                0.9999888012787252
            ],
            [
                7.433680660536046e-12,
                5.211412479604784e-10,
                0.9999999984903782,
                5.211412479604784e-10,
                4.5990553713419276e-10
            ],
            [
                2.0592752551705237e-09,
                2.2139295422099052e-08,
                1.0667299743870394e-06,
                0.9990878589895805,
                0.0009110500818745483
            ],
            [
                0.9999999118965169,
                8.764249140121446e-08,
                1.2256068731590327e-11,
                9.056077941007074e-11,
                3.581748306543159e-10
            ]
        ],
        [
            [
                0.9999982387782571,
                1.7603431321529827e-06,
                1.0261861093980248e-10,
                4.5990470706218697e-10,
                3.160875744293438e-10
            ],
            [
                0.9975273760917134,
                0.002472622967124053,
                1.3143932643399677e-10,
                4.0486162789243407e-10,
                4.0486162789243407e-10
            ],
            [
                8.258073284700054e-14,
                3.9789625354248604e-12,
                0.9999999999869207,
                4.5087552418275375e-12,
                4.5087552418275375e-12
            ],
            [
                2.14233612551011e-06,
                3.797381643539557e-05,
                0.04718809534308486,
                0.9477982000525451,
                0.004973588451809002
            ],
            [
                0.9999998129787362,
                1.8553915952619926e-07,
                1.0261880918430633e-10,
                4.058652635386783e-10,
                9.736201533823807e-10
            ]
        ],
        [
            [
                0.9999994947184329,
                5.043472044575686e-07,
                1.1628233557577912e-10,
                4.599055587226033e-10,
                3.581748092720555e-10
            ],
            [
                2.9989607713240184e-09,
                7.052879725213932e-11,
                9.056076828016342e-11,
                1.3440409711215467e-08,
                0.99999998339954
            ],
            [
                9.35762296749444e-14,
                4.508755241646414e-12,
                0.999999999904662,
                1.0815941555730235e-11,
                7.991959891804596e-11
            ],
            [
                1.8094596343966294e-09,
                4.118311145483851e-08,
                3.707185551194222e-06,
                0.9947761438194058,
                0.005220106002471928
            ],
            [
                0.999999693643678,
                3.059023587379235e-07,
                7.052880732683123e-11,
                1.9171717533941448e-10,
                1.9171717533941448e-10
            ]
        ],
        [
            [
                0.9999999582111243,
                4.139937543337065e-08,
                4.8473685008416494e-11,
                1.917171432509722e-10,
                1.4930946129206987e-10
            ],
            [
                5.905304738317863e-10,
                6.22414540220206e-11,
                3.160881850071982e-10,
                1.8553915949203284e-07,
                0.9999998134919804
            ],
            [
                2.940077680552557e-11,
                1.6052280231190724e-09,
                0.9999999801554513,
                1.1861119914402372e-08,
                6.3487999892180575e-09
            ],
            [
                1.0462871161511453e-08,
                2.1015238503709373e-07,
                2.2593510626191905e-06,
                0.9995669639325397,
                0.0004305561011413795
            ],
            [
                6.825604200931464e-08,
                9.545036075969936e-12,
                1.7832475062475554e-11,
                3.850742387973182e-09,
                0.9999999278658381
            ]
        ],
        [
            [
                0.9999977381155534,
                2.260325269761702e-06,
                1.317649015231437e-10,
                6.691573843272918e-10,
                7.582546549087145e-10
            ],
            [
                3.224186970191201e-08,
                2.1724400920290267e-10,
                4.0586524196969143e-10,
                8.764248852625167e-08,
                0.9999998794925326
            ],
            [
                6.5601999719027775e-12,
                6.691585891111318e-10,
                0.9999999703635485,
                3.850741807571138e-09,
                2.510999080626442e-08
            ],
            [
                1.5938795834194306e-06,
                9.860983803504916e-05,
                0.6222957589391664,
                0.3774414572057464,
                0.00016258013746868005
            ],
            [
                4.944450869974479e-09,
                9.056077663754013e-11,
                3.581748196887446e-10,
                1.1253518309571611e-07,
                0.9999998820716305
            ]
        ],
        [
            [
                0.9999994940814331,
                5.043472041362995e-07,
                6.224144901216832e-11,
                4.0586523079559903e-10,
                1.1032560816750133e-09
            ],
            [
                1.725782765928098e-08,
                6.560200043213285e-12,
                8.423463594041877e-12,
                1.1032560113317934e-09,
                0.9999999816239326
            ],
            [
                4.508755458854822e-12,
                5.211412738197863e-10,
                0.9999998546973009,
                3.224186892117628e-08,
                1.1253518012443544e-07
            ],
            [
                1.838050102565486e-08,
                2.5373498998573483e-07,
                7.41522335257192e-06,
                0.9399061205389404,
                0.06008619212221603
            ],
            [
                5.043472201650978e-07,
                2.78946830625125e-10,
                2.461697140124626e-10,
                8.764248889870973e-08,
                0.9999994074851745
            ]
        ],
        [
            [
                0.9999999113544754,
                8.76424913275604e-08,
                5.492788923351952e-11,
                2.789468383556243e-10,
                6.691586788615408e-10
            ],
            [
                2.2159489225946357e-08,
                1.081594129009278e-11,
                1.2256067141330247e-11,
                2.061153571520601e-09,
                0.9999999757562851
            ],
            [
                1.9171715818457746e-10,
                1.9555681782361496e-08,
                0.9999997232193925,
                1.4449802974270522e-07,
                1.1253517871589399e-07
            ],
            [
                1.2746106776082075e-07,
                2.143565566470374e-05,
                0.0004305468586268355,
                0.9995456307231557,
                2.2593014850349087e-06
            ],
            [
                0.9999986287693529,
                1.3709566541223725e-06,
                2.594604895098004e-11,
                1.1628212400206366e-10,
                1.317649089322633e-10
            ]
        ],
        [
            [
                0.9999545567602394,
                4.5397853660910555e-05,
                5.90503395423267e-10,
                3.3981124194932017e-09,
                4.13974840282674e-08
            ],
            [
                3.5817482171980944e-10,
                2.289735029064121e-11,
                1.3176515325596446e-10,
                1.1253518373385774e-07,
                0.999999886951979
            ],
            [
                7.287724094902561e-14,
                5.789356328002084e-12,
                0.9999999999767728,
                1.2256067442557106e-11,
                5.109089027420367e-12
            ],
            [
                3.2032375075817453e-07,
                2.088773238639762e-06,
                4.1954132008865216e-05,
                0.924100821788167,
                0.0758548149828348
            ],
            [
                0.9999999494210275,
                4.6911637817898875e-08,
                2.2897347284809597e-11,
                2.461696825851576e-10,
                3.398267645607397e-09
            ]
        ],
        [
            [
                0.9998766000120526,
                0.0001233946269411822,
                3.5813040254926633e-10,
                1.6050291108608183e-09,
                3.3978466543561788e-09
            ],
            [
                2.215948862560337e-08,
                1.3176513587610872e-10,
                1.9171714144573895e-10,
                2.845334661607764e-08,
                0.9999999490636826
            ],
            [
                4.752193051241707e-13,
                4.277787858590522e-11,
                0.9999999976166463,
                2.789468086101308e-10,
                2.061153617437928e-09
            ],
            [
                1.5530484885640447e-06,
                2.752844314099266e-05,
                5.827771458680253e-05,
                0.9997092315830987,
                0.00020340921068501744
            ],
            [
                0.9999998323000958,
                1.6373771717781753e-07,
                4.277787976574508e-11,
                5.211412618978886e-10,
                3.398267904976715e-09
            ]
        ],
        [
            [
                0.9999921092822437,
                7.889265035701075e-06,
                7.052826398849915e-11,
                2.789446952089105e-10,
                1.1032476710029371e-09
            ],
            [
                2.0611536137639748e-09,
                8.423463719017609e-12,
                3.9789625190913545e-12,
                3.1608814410107884e-10,
                0.9999999976103557
            ],
            [
                7.287724095306338e-14,
                5.789356328322844e-12,
                0.9999999999723368,
                1.2256067443236153e-11,
                9.545034922168266e-12
            ],
            [
                1.4702758487461433e-08,
                3.791895007351411e-07,
                5.234549593475999e-06,
                0.8519480026005959,
                0.1480463689575515
            ],
            [
                0.9999982395924965,
                1.7603431331773005e-06,
                5.109079801648075e-12,
                3.3315385257879145e-11,
                2.5946048127161818e-11
            ]
        ],
        [
            [
                0.9999991682465714,
                8.315279898537659e-07,
                1.38879449298221e-11,
                6.224145100144064e-11,
                1.4930947906801965e-10
            ],
            [
                1.7255688597406242e-08,
                1.4164331747725177e-09,
                1.7255688597406242e-08,
                0.00012339462309758184,
                0.999876569449092
            ],
            [
                1.9810087977974744e-13,
                1.3887943863200832e-11,
                0.9999999999636024,
                1.3887943863200832e-11,
                8.423463753399219e-12
            ],
            [
                6.345846511894575e-09,
                2.381259064774942e-07,
                0.0004305417388921073,
                0.9995338727713104,
                3.534101804448962e-05
            ],
            [
                0.999999814166134,
                1.8553915973648151e-07,
                4.277788410205606e-11,
                1.493094865107302e-10,
                1.0261880930061016e-10
            ]
        ],
        [
            [
                0.9999996932838962,
                3.059023586918764e-07,
                3.775135015581764e-11,
                3.160881848930584e-10,
                4.5990559528165054e-10
            ],
            [
                7.99196047765542e-11,
                4.847369060909634e-11,
                3.160881685567617e-10,
                2.3823698417988747e-07,
                0.9999997613185344
            ],
            [
                2.2447770486395802e-13,
                1.5737102062125874e-11,
                0.9999999972056997,
                1.3176514232637613e-10,
                2.646573631385506e-09
            ],
            [
                1.972391539124135e-06,
                5.7641730067070484e-05,
                0.010984564168531627,
                0.9887991352424599,
                0.00015668646740225908
            ],
            [
                0.9999962726984791,
                3.726639112601491e-06,
                3.331531973308431e-11,
                1.691891539622366e-10,
                4.5990380278790736e-10
            ]
        ],
        [
            [
                0.999999351993669,
                6.475946141267347e-07,
                6.224144758782356e-11,
                2.7894681537636835e-10,
                7.052880005078223e-11
            ],
            [
                1.1253518334227192e-07,
                3.775134833548951e-11,
                4.2777881967546853e-11,
                3.398268079887495e-09,
                0.9999998839860194
            ],
            [
                3.5114221095548343e-12,
                1.3176514255754726e-10,
                0.9999999989493953,
                6.691586084009954e-10,
                2.461696949136182e-10
            ],
            [
                6.021862753936698e-08,
                1.7598462601269505e-06,
                0.00012337474773297638,
                0.9997163888755127,
                0.00015841631186657996
            ],
            [
                1.6918979144338243e-10,
                9.545034876684858e-12,
                8.423463713736322e-12,
                3.3982678030624784e-09,
                0.9999999964145738
            ]
        ],
        [
            [
                0.9999967898227902,
                2.9023123438174704e-06,
                3.581734561678769e-10,
                1.605222063792784e-09,
                3.059014704746884e-07
            ],
            [
                0.9933070889195906,
                0.0066928510423869825,
                5.565295165353917e-09,
                1.3350449075802045e-08,
                4.1122278183907613e-08
            ],
            [
                1.2015425730737069e-13,
                7.433680671712031e-12,
                0.9999999999623579,
                1.783247290661073e-11,
                1.2256067443044042e-11
            ],
            [
                3.3844252094303377e-09,
                5.294131769068523e-08,
                2.8904980062283858e-06,
                0.9959269269791678,
                0.004070126197083143
            ],
            [
                0.9999999391264405,
                6.023574634311096e-08,
                7.991960949634529e-11,
                2.7894684616866927e-10,
                2.7894684616866927e-10
            ]
        ],
        [
            [
                0.9999999100454677,
                8.764249123361704e-08,
                1.1628234229521774e-10,
                5.905304607999243e-10,
                1.605228220743981e-09
            ],
            [
                2.3823676911782673e-07,
                1.416608962461196e-09,
                1.250153021545583e-09,
                1.8553898234536494e-07,
                0.9999995735574865
            ],
            [
                6.101936662435104e-13,
                3.775134534893615e-11,
                0.9999999975843967,
                3.1608814464553243e-10,
                2.061153617314258e-09
            ],
            [
                1.4441481902846858e-07,
                1.3701696537976325e-06,
                2.1433059513241912e-05,
                0.999424286465702,
                0.0005527658903119374
            ],
            [
                0.9999998552497519,
                1.4449803160498816e-07,
                1.7832473771282416e-11,
                1.317651490787152e-10,
                1.0261880128402379e-10
            ]
        ],
        [
            [
                0.9999970944401881,
                2.9023121896369546e-06,
                7.991929639007507e-11,
                5.211392759837308e-10,
                2.646563620178023e-09
            ],
            [
                1.3709566505693315e-06,
                1.5737074146389196e-11,
                2.0206803188263277e-11,
                1.818958455761698e-09,
                0.9999986271884471
            ],
            [
                1.5428112029601893e-13,
                1.081594155566136e-11,
                0.9999999999203493,
                2.020683908718752e-11,
                4.8473687055422805e-11
            ],
            [
                1.0465605866431667e-08,
                4.45008885226879e-07,
                9.609516185298098e-05,
                0.9998286103763555,
                7.483898730047498e-05
            ],
            [
                3.9278563018247127e-07,
                4.5990468972027444e-10,
                2.33558873156384e-09,
                1.7603430657746306e-06,
                0.9999978440758106
            ]
        ],
        [
            [
                0.9999996934105371,
                3.0590235873061614e-07,
                5.492789037391629e-11,
                3.160881849330881e-10,
                3.160881849330881e-10
            ],
            [
                4.599011861349474e-10,
                1.3176389590935359e-10,
                8.592085318148997e-10,
                1.0129988084678389e-05,
                0.9999898685610417
            ],
            [
                1.9810087977665412e-13,
                1.3887943862983973e-11,
                0.9999999999279556,
                3.7751345437408655e-11,
                2.020683908734122e-11
            ],
            [
                3.280647964422792e-09,
                2.4240891849962652e-08,
                3.346351898792387e-07,
                0.8519524950134852,
                0.1480471428297851
            ],
            [
                1.8553881644922837e-07,
                3.1608760059268566e-10,
                1.8189585522228995e-09,
                1.3709567232725453e-06,
                0.9999984413694142
            ]
        ],
        [
            [
                0.9999994955180557,
                5.043472047762644e-07,
                1.5737102830507148e-11,
                4.847368929168376e-11,
                7.052880175427012e-11
            ],
            [
                1.5229978946612524e-08,
                6.22414429674251e-11,
                1.1628232420864019e-10,
                3.653482022266783e-08,
                0.9999999480566771
            ],
            [
                8.258073284749487e-14,
                5.109089027564403e-12,
                0.9999999999822657,
                5.109089027564403e-12,
                7.43368067162626e-12
            ],
            [
                1.5200089072677567e-08,
                1.6341651389594952e-07,
                3.528814114413704e-05,
                0.9980378669363807,
                0.001926666305872059
            ],
            [
                5.043472313016884e-07,
                6.224145236464684e-11,
                2.4616971944818464e-10,
                1.8553897760762928e-07,
                0.9999993098053799
            ]
        ],
        [
            [
                0.9999998873014951,
                1.1253518374964226e-07,
                1.783247433911287e-11,
                5.492788791723389e-11,
                9.056077716377609e-11
            ],
            [
                0.0031726830386999377,
                1.9110890547819115e-10,
                1.0229322574895728e-10,
                7.171308771403479e-09,
                0.9968273094965892
            ],
            [
                2.4616970543120607e-10,
                1.3440410510747913e-08,
                0.9999997292802096,
                1.1253517940484049e-07,
                1.4449803062733005e-07
            ],
            [
                1.6899177225475914e-10,
                3.157181953542606e-10,
                3.3942904813378864e-09,
                0.0011695103412224521,
                0.9988304857797771
            ],
            [
                1.3007000625484173e-05,
                3.850653989020811e-09,
                4.9443375927727604e-09,
                1.0129862272537327e-05,
                0.9999768543421104
            ]
        ],
        [
            [
                0.999999494993523,
                5.043472046894451e-07,
                5.4927886025858046e-11,
                2.461697064588629e-10,
                3.5817480943672835e-10
            ],
            [
                5.211413145447486e-10,
                2.9400781102538454e-11,
                1.91717175566073e-10,
                1.8553915967231792e-07,
                0.999999813718581
            ],
            [
                4.1937956536086183e-13,
                3.775134539984447e-11,
                0.9999999989246262,
                2.789468089695583e-10,
                7.58256041928587e-10
            ],
            [
                1.1994071831325566e-06,
                1.0042513390892381e-05,
                0.008576892469495846,
                0.991354074935497,
                5.779067443305268e-05
            ],
            [
                0.9999938538168501,
                6.144172112286514e-06,
                2.289722032853038e-11,
                1.6918884551708625e-10,
                1.8189515090912297e-09
            ]
        ],
        [
            [
                0.9999986289325375,
                1.3709566539851284e-06,
                1.0815922367300219e-11,
                6.224133579833607e-11,
                3.775127846316033e-11
            ],
            [
                1.6052251142314525e-09,
                5.211402940008298e-10,
                1.41660619126026e-09,
                1.0677030721242425e-06,
                0.9999989287539562
            ],
            [
                1.7482341279976715e-13,
                9.545034921347995e-12,
                0.9999999999141507,
                1.3887943862792252e-11,
                6.224144621934464e-11
            ],
            [
                7.693592187274502e-08,
                6.441765869950622e-07,
                5.798692841225653e-05,
                0.9947214723729543,
                0.005219819586124596
            ],
            [
                0.9999998722564881,
                1.2751906748965643e-07,
                3.7751347912077255e-11,
                1.3176515131961065e-10,
                5.4927887102337176e-11
            ]
        ],
        [
            [
                0.9999998860604628,
                1.1253518361883089e-07,
                5.492788785338548e-11,
                2.4616971464927264e-10,
                1.1032561195918855e-09
            ],
            [
                2.9023121535201063e-06,
                9.056042594765398e-11,
                1.0261840657165699e-10,
                1.5229921901372218e-08,
                0.9999970822647457
            ],
            [
                4.752193056620022e-13,
                2.594609494918063e-11,
                0.9999999988973398,
                1.0261879618419147e-10,
                9.73620030040725e-10
            ],
            [
                7.54296403616363e-10,
                1.5150448265864128e-08,
                1.0621294358406473e-06,
                0.9947788012619647,
                0.005220120703854667
            ],
            [
                0.9999994953494522,
                5.043472046912296e-07,
                3.7751347172358275e-11,
                1.4930947446028777e-10,
                1.1628233562965202e-10
            ]
        ],
        [
            [
                0.9999998139672789,
                1.8553915970961268e-07,
                2.289735135017045e-11,
                1.9171717560460956e-10,
                2.78946844539557e-10
            ],
            [
                4.139937480177136e-08,
                1.1628232360020118e-10,
                1.3176513510658407e-10,
                1.5229978866922738e-08,
                0.999999943122599
            ],
            [
                2.9400777172497084e-11,
                1.605228043155038e-09,
                0.9999999925853001,
                4.363462220241212e-09,
                1.4166087760262523e-09
            ],
            [
                4.902042795995823e-06,
                0.0003436597315543979,
                0.09528732157793811,
                0.9040608379990717,
                0.00030327864863980965
            ],
            [
                0.999999682870522,
                3.0590235552293074e-07,
                9.056078026454224e-11,
                6.691586857376342e-10,
                1.0467402993100971e-08
            ]
        ],
        [
            [
                0.9999999710827638,
                2.8453347248002014e-08,
                5.4927881884428797e-11,
                2.1724398708043517e-10,
                1.9171714570361189e-10
            ],
            [
                5.6027971394605755e-09,
                3.5817483790077387e-10,
                3.160881850311725e-10,
                6.023574592525153e-08,
                0.999999933487194
            ],
            [
                5.211413173587321e-10,
                1.1253518952622985e-07,
                0.9999993428048292,
                3.059020690202596e-07,
                2.3823677089614112e-07
            ],
            [
                5.1906129462161324e-09,
                3.3847048145919174e-08,
                2.5009773753340343e-07,
                0.18242547088985914,
                0.8175742399747422
            ],
            [
                0.0004305571310022305,
                1.9163453693097914e-10,
                2.4606361613456284e-10,
                8.760471543773259e-08,
                0.9995693548265842
            ]
        ],
        [
            [
                0.9999996870265467,
                3.059023567137268e-07,
                1.3176515829896092e-10,
                5.905304697998181e-10,
                6.34880086759771e-09
            ],
            [
                1.103256016500778e-09,
                5.492788272078147e-11,
                9.056076859627444e-11,
                1.1861119981017938e-08,
                0.9999999868901355
            ],
            [
                1.981008797769637e-13,
                9.54503492149468e-12,
                0.9999999999616085,
                1.0815941555760534e-11,
                1.7832472905631828e-11
            ],
            [
                0.029312226464937485,
                0.9706877242417414,
                1.0160574971204998e-08,
                1.1513439810890458e-08,
                2.7619306310922332e-08
            ],
            [
                0.9999991682843568,
                8.315279898851856e-07,
                2.2897350212974882e-11,
                1.1628233922255102e-10,
                4.847369078125405e-11
            ]
        ],
        [
            [
                0.999999607050401,
                3.9278636971374477e-07,
                1.783247359666542e-11,
                1.0261880027917235e-10,
                4.2777880341361274e-11
            ],
            [
                1.4449803760924216e-07,
                7.991960611870568e-11,
                7.991960611870568e-11,
                7.734422602891374e-08,
                0.9999997779978972
            ],
            [
                2.0206840454784016e-11,
                2.9989610273762414e-09,
                0.9999995165523375,
                8.764248811290716e-08,
                3.9278600648274496e-07
            ],
            [
                4.489298677194089e-06,
                0.00035662916661847744,
                0.2687929769334573,
                0.7306550147640712,
                0.00019088983717574322
            ],
            [
                1.5229979237120082e-08,
                2.0206838416758312e-11,
                6.224144415466309e-11,
                1.7257827412782504e-08,
                0.9999999674297451
            ]
        ],
        [
            [
                0.9999996060680779,
                3.927863693279015e-07,
                7.052880116498509e-11,
                4.058652279194993e-10,
                6.691586343084339e-10
            ],
            [
                1.8189616064079575e-09,
                1.0261879173912628e-10,
                3.1608813133046727e-10,
                4.139937534099797e-08,
                0.9999999563629562
            ],
            [
                7.287724095185132e-14,
                4.508755241902237e-12,
                0.9999999999928473,
                1.8795288163754283e-12,
                6.91440010633815e-13
            ],
            [
                1.6051270707782818e-09,
                4.6908689021366886e-08,
                1.6700666018331905e-05,
                0.9999378537032048,
                4.5397116960795086e-05
            ],
            [
                0.9999998550689876,
                1.4449803155999302e-07,
                7.05288019029289e-11,
                2.461697070201092e-10,
                1.1628233589435455e-10
            ]
        ],
        [
            [
                0.9999997600292609,
                2.382369839951206e-07,
                1.1628233871938231e-10,
                7.582560976780508e-10,
                8.592167241123716e-10
            ],
            [
                1.41657917542597e-09,
                3.581673061401233e-10,
                2.9988981379099475e-09,
                2.144493959408653e-05,
                0.9999785502867613
            ],
            [
                7.287724095146299e-14,
                3.97896253546958e-12,
                0.9999999999409144,
                1.225606744296701e-11,
                4.277787868573727e-11
            ],
            [
                3.651949633483527e-08,
                8.311791127747345e-07,
                0.00015839470194223596,
                0.9995795888851903,
                0.0002611487142583713
            ],
            [
                8.315279792128068e-07,
                7.991960403465333e-11,
                7.052880301636891e-11,
                1.1861120909009927e-08,
                0.9999991564604515
            ]
        ],
        [
            [
                0.9999977381848599,
                2.2603252697962087e-06,
                7.052866941901871e-11,
                3.1608756688070266e-10,
                1.1032540130033093e-09
            ],
            [
                0.9998415634664575,
                0.0001584362467271355,
                3.774537084355617e-11,
                1.6916301596542276e-10,
                7.990695070285998e-11
            ],
            [
                6.101936615411225e-13,
                1.1628232911699997e-10,
                0.9999999898874018,
                7.582560350626525e-10,
                9.237449567817724e-09
            ],
            [
                0.22270013764096164,
                0.7772998340049588,
                8.136315728017604e-09,
                1.7224580531379236e-08,
                2.9931832832175336e-09
            ],
            [
                1.6052280432913668e-09,
                6.5602001195447175e-12,
                1.7832472776013262e-11,
                4.3634622206117916e-09,
                0.9999999940069171
            ]
        ],
        [
            [
                0.999998932049863,
                1.0677030759618453e-06,
                1.783244030119125e-11,
                7.991945279530486e-11,
                1.4930919460502364e-10
            ],
            [
                5.211413135851945e-10,
                1.493094861841788e-10,
                5.211413135851945e-10,
                3.059023585363336e-07,
                0.9999996929060493
            ],
            [
                6.101936675943067e-13,
                4.8473687049497606e-11,
                0.9999999998181459,
                6.224144621212234e-11,
                7.052879849190852e-11
            ],
            [
                1.1027806059549156e-09,
                1.185600883597057e-08,
                8.760471439840402e-08,
                0.999569342310602,
                0.0004305571258941684
            ],
            [
                0.9999998728803147,
                7.734422417869053e-08,
                2.1724400785318576e-10,
                2.6465738136704536e-09,
                4.6911643316062984e-08
            ]
        ],
        [
            [
                0.9999999671146251,
                3.224186628457869e-08,
                4.847368542697779e-11,
                2.789467998739463e-10,
                3.160881347651039e-10
            ],
            [
                1.6052279647677273e-09,
                1.0261879053679694e-10,
                3.581747728533611e-10,
                5.3157849550015114e-08,
                0.999999944776129
            ],
            [
                3.978962533211091e-12,
                3.160881452227484e-10,
                0.9999999993827693,
                2.1724399336451881e-10,
                7.991959887679171e-11
            ],
            [
                1.343838550206229e-08,
                3.9272756600791617e-07,
                7.484062677496889e-05,
                0.9998499125804985,
                7.484062677496889e-05
            ],
            [
                7.582560322366182e-10,
                1.2256067273500708e-11,
                3.775134491730976e-11,
                1.1861119986242539e-08,
                0.9999999873306167
            ]
        ],
        [
            [
                0.9999950993181778,
                4.785094863058052e-06,
                4.0586291471030666e-10,
                2.6465586544758776e-09,
                1.1253453756494461e-07
            ],
            [
                8.315279794802596e-07,
                6.224145022496397e-11,
                7.99196040603587e-11,
                1.186112091282494e-08,
                0.9999991564687385
            ],
            [
                4.058644405535485e-10,
                1.186109758744906e-08,
                0.9999977852494224,
                8.31527137252421e-07,
                1.3709564783524512e-06
            ],
            [
                1.7567692129216688e-06,
                4.530767515730956e-05,
                0.0019265322892381299,
                0.9979682270599187,
                5.817620647301723e-05
            ],
            [
                1.522997949413804e-08,
                1.2917799835327016e-12,
                1.658678331624461e-12,
                2.461696911313774e-10,
                0.9999999845209002
            ]
        ],
        [
            [
                0.9999997615768981,
                2.3823698431397326e-07,
                3.331544787781332e-11,
                9.056077657323442e-11,
                6.224145081776865e-11
            ],
            [
                8.15202063021278e-09,
                3.0988191066931523e-12,
                3.51142207708327e-12,
                3.581747893263068e-10,
                0.9999999914831944
            ],
            [
                2.461697034696028e-10,
