{
    "[['E', 'D', 'C', 'B', 'A'], ['E', 'D', 'C', 'B', 'A']]": [
        [
            [
                0.999995214883778,
                4.785094847562182e-06,
                3.978939994767775e-12,
                1.573701295520375e-11,
                1.6586689623984883e-12
            ],
            [
                0.9933071483193979,
                0.00669285148136368,
                5.4560237251448855e-11,
                1.30883205175484e-10,
                1.3794988333667402e-11
            ],
            [
                3.900837609893906e-14,
                2.1297851707991927e-12,
                0.9999999999970037,
                6.914400106431822e-13,
                1.3615261079895477e-13
            ],
            [
                0.0,
                6.914400371476102e-13,
                5.384940423774801e-13,
                3.927863695755958e-07,
                0.9999996072124006
            ],
            [
                5.7893562857019894e-12,
                2.4133627538961985e-12,
                2.4133627538961985e-12,
                1.8189616740338419e-09,
                0.9999999981704222
            ]
        ],
        [
            [
                0.9999938557944448,
                6.14417211893536e-06,
                6.560163465987618e-12,
                2.2897220353308347e-11,
                3.978940274848186e-12
            ],
            [
                0.9999993523724168,
                6.475946143210907e-07,
                6.560200313333371e-12,
                2.2897348963182098e-11,
                3.5114221910855477e-12
            ],
            [
                7.835041783894438e-13,
                4.847368705546432e-11,
                0.9999999999129185,
                2.9400777388454516e-11,
                8.42346375321083e-12
            ],
            [
                8.878198193310508e-13,
                2.7346775663068653e-12,
                2.7346775663068653e-12,
                7.889265036873049e-06,
                0.9999921107286059
            ],
            [
                7.835041765723837e-13,
                3.2661313347251056e-13,
                0.0,
                1.317651423756966e-10,
                0.9999999998671247
            ]
        ],
        [
            [
                0.9999993523871571,
                6.475946142729374e-07,
                4.5087553417399445e-12,
                1.2256067714419344e-11,
                1.4637785464110124e-12
            ],
            [
                0.9999996940657596,
                3.059023588397842e-07,
                9.545036119095535e-12,
                2.020684162269383e-11,
                2.129785437876334e-12
            ],
            [
                3.900837609817848e-14,
                1.6586783587599362e-12,
                0.9999999999975377,
                6.101936677037704e-13,
                1.5428112030483708e-13
            ],
            [
                1.2256067359696962e-11,
                2.7346982727591264e-12,
                1.6586783474915922e-12,
                5.211412451999674e-10,
                0.9999999994622093
            ],
            [
                1.879528805984611e-12,
                0.0,
                0.0,
                6.691586053716257e-10,
                0.9999999993289619
            ]
        ],
        [
            [
                0.9999962733403603,
                3.7266391133040826e-06,
                4.50873823304532e-12,
                1.3887891472787106e-11,
                2.129777136355231e-12
            ],
            [
                0.9999869928468277,
                1.3007124763135062e-05,
                5.789279377526703e-12,
                2.02065705041294e-11,
                2.4133306937989195e-12
            ],
            [
                3.9008376098598246e-14,
                1.658678358777785e-12,
                0.9999999999976577,
                5.38494021731106e-13,
                1.0603575990651576e-13
            ],
            [
                4.193795616557537e-13,
                4.75219301538061e-13,
                4.75219301538061e-13,
                8.152020633175346e-09,
                0.9999999918466095
            ],
            [
                1.2917800017614324e-12,
                0.0,
                0.0,
                2.789468086337686e-10,
                0.9999999997197615
            ]
        ],
        [
            [
                0.9999994956414842,
                5.043472049231072e-07,
                2.4133628835103142e-12,
                7.433681016341875e-12,
                1.4637785818614943e-12
            ],
            [
                0.9626731155023801,
                0.037326883977006786,
                1.4373612781061263e-10,
                3.448050458553757e-10,
                3.2071865217497173e-11
            ],
            [
                3.978962524465538e-12,
                2.0611536165478705e-09,
                0.9999999972125722,
                5.905303982066937e-10,
                1.3176514232437562e-10
            ],
            [
                7.835012145382136e-13,
                1.8795217063489354e-12,
                1.658672084193449e-12,
                2.902312197135602e-06,
                0.9999970976834812
            ],
            [
                1.1399918503681686e-12,
                0.0,
                0.0,
                1.081594153189474e-11,
                0.999999999988044
            ]
        ],
        [
            [
                0.9999999123494504,
                8.76424914294624e-08,
                1.6586785336917757e-12,
                5.789356938764224e-12,
                6.101937320575978e-13
            ],
            [
                0.9999417086584513,
                5.829127774434931e-05,
                9.544471242113206e-12,
                4.8470824455765524e-11,
                5.7890144390871806e-12
            ],
            [
                4.193795657827964e-13,
                5.4927883502322556e-11,
                0.9999999999062283,
                3.331544541728237e-11,
                5.109089027391362e-12
            ],
            [
                0.0,
                0.0,
                5.384940127094551e-13,
                1.522997948830456e-08,
                0.999999984769482
            ],
            [
                1.0060392768895703e-12,
                0.0,
                0.0,
                4.2777878587905285e-11,
                0.9999999999562161
            ]
        ],
        [
            [
                0.9999996072054893,
                3.927863696924695e-07,
                1.463778570563707e-12,
                5.7893565519464734e-12,
                8.878265820772208e-13
            ],
            [
                0.9999832985486541,
                1.670141510215781e-05,
                5.7892572998856136e-12,
                2.594565116627221e-11,
                4.508678118552763e-12
            ],
            [
                5.675685232100778e-14,
                2.413362771607025e-12,
                0.9999999999968372,
                5.38494021724934e-13,
                1.5428112030472902e-13
            ],
            [
                4.752184369026966e-13,
                1.2917776415813116e-12,
                1.6586753244993516e-12,
                1.0677030749991136e-06,
                0.9999989322934993
            ],
            [
                1.8795288081405573e-12,
                0.0,
                1.00603927478791e-12,
                1.8189616794251594e-09,
                0.9999999981781527
            ]
        ],
        [
            [
                0.9999921107090973,
                7.889265046410562e-06,
                6.560150458710326e-12,
                1.7832337783869545e-11,
                1.4637674224498303e-12
            ],
            [
                0.982013788131534,
                0.017986211608745487,
                5.393991801495483e-11,
                1.882688129695667e-10,
                1.7511727472662183e-11
            ],
            [
                5.008774637428631e-14,
                2.1297851707793755e-12,
                0.9999999999970899,
                6.101936677099902e-13,
                1.2015425730776552e-13
            ],
            [
                6.914400256144969e-13,
                1.6586783947065938e-12,
                1.1399918776440624e-12,
                6.475946139639322e-07,
                0.9999993524018959
            ],
            [
                1.87952880023262e-12,
                0.0,
                7.835041717088939e-13,
                5.211412442675237e-10,
                0.9999999994761957
            ]
        ],
        [
            [
                0.9999038975518999,
                9.610240087446194e-05,
                1.0814910600603547e-11,
                3.3312269851521265e-11,
                3.0985237646870354e-12
            ],
            [
                0.9997388095907215,
                0.0002611903299786515,
                1.7827815742069873e-11,
                5.491353842812974e-11,
                6.558486892500108e-12
            ],
            [
                1.6586783567218431e-12,
                4.0586521211110966e-10,
                0.9999999987267056,
                4.5990553725734325e-10,
                4.0586521211110966e-10
            ],
            [
                1.1398114347827672e-12,
                7.432504197502369e-12,
                8.422130633812501e-12,
                0.00015843624658845302,
                0.9998415637364171
            ],
            [
                2.7346982810242e-12,
                0.0,
                0.0,
                1.081594151548973e-11,
                0.9999999999864493
            ]
        ],
        [
            [
                0.999999352375884,
                6.47594614265637e-07,
                6.56020031277162e-12,
                2.0206839535676482e-11,
                2.7346983518775597e-12
            ],
            [
                0.9999999397470192,
                6.023574636012776e-08,
                3.098819549316783e-12,
                1.2256069068034042e-11,
                1.8795290655775138e-12
            ],
            [
                3.900837609891571e-14,
                2.1297851707979176e-12,
                0.9999999999964051,
                8.878265477801569e-13,
                5.384940217354885e-13
            ],
            [
                5.78892617953669e-12,
                2.594416718782347e-11,
                2.939859291498928e-11,
                7.484619701756788e-05,
                0.9999251537418508
            ],
            [
                2.4133627541847052e-12,
                0.0,
                0.0,
                1.1628232945185693e-10,
                0.9999999998813043
            ]
        ],
        [
            [
                0.9999996072035517,
                3.9278636981385877e-07,
                2.7346983978767117e-12,
                6.560200423117849e-12,
                7.835042089575547e-13
            ],
            [
                0.9999982396373415,
                1.7603431331178305e-06,
                3.978955350163397e-12,
                1.3887918784497928e-11,
                1.6586753634797204e-12
            ],
            [
                6.431393940836889e-14,
                3.978962535456684e-12,
                0.9999999999949187,
                7.835041784315031e-13,
                2.5436656471336416e-13
            ],
            [
                5.384940894471191e-13,
                1.4637786980767038e-12,
                1.4637786980767038e-12,
                1.8553915957801576e-07,
                0.9999998144573744
            ],
            [
                8.423463735772112e-12,
                6.914400091593152e-13,
                0.0,
                1.493094672883124e-10,
                0.9999999998415756
            ]
        ],
        [
            [
                0.9999952148652138,
                4.785094846472057e-06,
                6.560163002718571e-12,
                2.940061082891996e-11,
                3.978939993861305e-12
            ],
            [
                0.9999977396507865,
                2.2603252724353177e-06,
                3.9789552576049e-12,
                1.7832440289372062e-11,
                2.1297812751987457e-12
            ],
            [
                2.7346982674829225e-12,
                5.905303946883199e-10,
                0.999999991238982,
                7.194132966902296e-09,
                9.73620022717575e-10
            ],
            [
                1.879442950176456e-12,
                8.423078928129752e-12,
                1.2255507525080269e-11,
                4.539785566455247e-05,
                0.9999546021217773
            ],
            [
                1.6586783515569153e-12,
                0.0,
                0.0,
                7.052879819828056e-11,
                0.9999999999278126
            ]
        ],
        [
            [
                0.9999999585932466,
                4.1399375454598066e-08,
                1.6586782894709103e-12,
                5.1090888141628375e-12,
                6.101936422137623e-13
            ],
            [
                0.9996646498782009,
                0.00033535005742188544,
                1.0812311961602456e-11,
                4.8457420343399246e-11,
                5.107374528462591e-12
            ],
            [
                1.1399918527852097e-12,
                1.317651426710015e-10,
                0.999999999810429,
                4.2777878679965614e-11,
                1.3887943861806981e-11
            ],
            [
                1.2917628341672761e-12,
                6.5601129685567914e-12,
                4.508695310946701e-12,
                1.3007124758258919e-05,
                0.9999869928628812
            ],
            [
                1.4637785096312625e-12,
                0.0,
                0.0,
                1.2501528625480505e-09,
                0.9999999987483834
            ]
        ],
        [
            [
                0.9999999895137252,
                1.0467401677043635e-08,
                3.978962491095672e-12,
                1.3887943708800606e-11,
                1.006039267970877e-12
            ],
            [
                0.9999785550027865,
                2.1444939747220027e-05,
                1.5736773268326004e-11,
                3.7750556600149116e-11,
                3.978879392434487e-12
            ],
            [
                4.752193062117197e-13,
                2.940077738879885e-11,
                0.9999999998957041,
                4.847368705603203e-11,
                2.5946094979194194e-11
            ],
            [
                6.101936343410393e-13,
                1.8795287135997974e-12,
                3.0988189690036354e-12,
                5.315784963285955e-08,
                0.9999999468365619
            ],
            [
                2.9400777177450145e-11,
                0.0,
                0.0,
                1.0261879556521795e-10,
                0.9999999998679805
            ]
        ],
        [
            [
                0.999964643693274,
                3.535625748728612e-05,
                1.0815550895102852e-11,
                3.33142420974263e-11,
                5.10890449231473e-12
            ],
            [
                0.9994472212765019,
                0.000552778586585476,
                2.59317499629065e-11,
                1.0256206066288805e-10,
                8.418806608377389e-12
            ],
            [
                4.4202281033049564e-14,
                2.734698291383865e-12,
                0.9999999999944655,
                1.2917800046877393e-12,
                1.4637785140145693e-12
            ],
            [
                0.0,
                5.108602034988764e-12,
                6.559574856668292e-12,
                9.61023991478316e-05,
                0.9999038975891841
            ],
            [
                5.384940201991236e-13,
                5.384940201991236e-13,
                0.0,
                5.90530398165803e-10,
                0.9999999994083926
            ]
        ],
        [
            [
                0.9999999530702475,
                4.691163798122147e-08,
                3.9789623460884406e-12,
                1.2256066859632033e-11,
                1.8795287269080967e-12
            ],
            [
                0.998498817853651,
                0.0015011820369688186,
                1.571346792714216e-11,
                7.979957466131737e-11,
                1.3867086774565338e-11
            ],
            [
                2.0206837879329374e-11,
                2.3355928988391594e-09,
                0.9999999402923447,
                3.224186544047668e-08,
                2.5109990052726105e-08
            ],
            [
                0.0,
                6.101937122880079e-13,
                7.835042356808493e-13,
                2.3823698413497498e-07,
                0.9999997617616221
            ],
            [
                2.4133627561450938e-12,
                0.0,
                0.0,
                1.493094666491268e-10,
                0.9999999998482771
            ]
        ],
        [
            [
                0.9999998874540391,
                1.1253518377565728e-07,
                1.8795289677963357e-12,
                7.433681270586226e-12,
                1.4637786319251755e-12
            ],
            [
                0.9999993523793504,
                6.475946142678819e-07,
                5.7893564563755174e-12,
                1.7832473301320256e-11,
                2.4133628250435103e-12
            ],
            [
                5.008774637368937e-14,
                3.09881913842822e-12,
                0.9999999999958131,
                7.835041784322038e-13,
                2.5436656471359165e-13
            ],
            [
                0.0,
                0.0,
                3.2661312023276976e-13,
                4.1399375407474354e-08,
                0.9999999586002979
            ],
            [
                1.1399918368568785e-12,
                7.835041673809597e-13,
                1.0060392649979186e-12,
                1.1861119982920163e-08,
                0.9999999881359505
            ]
        ],
        [
            [
                0.9999986290201607,
                1.3709566542130518e-06,
                5.789346058034101e-12,
                1.57370741882151e-11,
                1.6586754163104024e-12
            ],
            [
                0.9999724642769706,
                2.753568982994645e-05,
                8.423239448622437e-12,
                2.289673872994976e-11,
                1.879478767139696e-12
            ],
            [
                4.420228103313189e-14,
                2.413362771654141e-12,
                0.999999999996328,
                8.878265477800886e-13,
                3.266131342545098e-13
            ],
            [
                7.835042079847974e-13,
                1.6586784213199165e-12,
                2.129785251086271e-12,
                3.9278636932619606e-07,
                0.9999996072090587
            ],
            [
                3.978962513210093e-12,
                0.0,
                0.0,
                7.991959847506094e-11,
                0.9999999999161013
            ]
        ],
        [
            [
                0.9990889484931691,
                0.0009110514116850263,
                1.3875287765523977e-11,
                7.046452553478884e-11,
                1.0806084977131157e-11
            ],
            [
                0.9999993523620704,
                6.475946141172227e-07,
                1.081594179324143e-11,
                2.940077803423892e-11,
                3.098819206324276e-12
            ],
            [
                7.287724094938349e-14,
                3.098819138347069e-12,
                0.999999999995347,
                1.0060392791616513e-12,
                4.752193062196445e-13
            ],
            [
                6.1019369083362e-13,
                1.4637785694753688e-12,
                2.129785251488774e-12,
                3.927863694004278e-07,
                0.9999996072094268
            ],
            [
                8.87826544821907e-13,
                4.1937956440949023e-13,
                0.0,
                7.582560402084667e-10,
                0.9999999992404367
            ]
        ],
        [
            [
                0.9999724642809873,
                2.7535689833231265e-05,
                6.560025479367668e-12,
                2.0206301010879875e-11,
                2.4132985074202004e-12
            ],
            [
                0.9999998554928357,
                1.44498031647922e-07,
                1.8795289080714046e-12,
                5.78935661067005e-12,
                1.4637785854113524e-12
            ],
            [
                3.7010116782272475e-13,
                3.3315445418374675e-11,
                0.999999999934579,
                2.5946094980202843e-11,
                5.789356328159032e-12
            ],
            [
                0.0,
                1.6586436998673242e-12,
                1.463747927624367e-12,
                2.144493975083875e-05,
                0.9999785550571267
            ],
            [
                3.0988191181740335e-12,
                0.0,
                0.0,
                2.7894680743723917e-10,
                0.9999999997179543
            ]
        ],
        [
            [
                0.9999996940808225,
                3.0590235884439194e-07,
                3.0988195271356095e-12,
                1.2256068980305798e-11,
                1.463778697599589e-12
            ],
            [
                0.9999646437042697,
                3.5356257505802954e-05,
                9.544690169673075e-12,
                2.5945157846494e-11,
                2.7345995181556376e-12
            ],
            [
                7.835041780866173e-13,
                9.056076984820389e-11,
                0.9999999995126481,
                3.1608814526200113e-10,
                7.991959888671635e-11
            ],
            [
                8.87823189080043e-13,
                3.098807415476841e-12,
                2.7346879458644875e-12,
                2.902312196645532e-06,
                0.999997097681082
            ],
            [
                1.463778507604063e-12,
                0.0,
                0.0,
                9.056076949323635e-11,
                0.9999999999079754
            ]
        ],
        [
            [
                0.9999970976511838,
                2.9023121991576824e-06,
                1.2256021088374554e-11,
                2.2897261852559828e-11,
                1.4637729777240845e-12
            ],
            [
                0.9999938557779393,
                6.144172122878983e-06,
                1.3887866175391542e-11,
                3.33152590540681e-11,
                2.734682993608012e-12
            ],
            [
                3.900837609854201e-14,
                2.1297851707775148e-12,
                0.9999999999962161,
                1.1399918529489342e-12,
                4.752193062373378e-13
            ],
            [
                0.0,
                6.101936547169469e-13,
                8.878265288676609e-13,
                1.9555680669825512e-08,
                0.9999999804428212
            ],
            [
                3.098819121316645e-12,
                0.0,
                0.0,
                1.2501528593649914e-09,
                0.9999999987467483
            ]
        ],
        [
            [
                0.999999946833503,
                5.315784969357982e-08,
                1.8795287157467144e-12,
                5.109088754081261e-12,
                1.6586782699652781e-12
            ],
            [
                0.9999970976501857,
                2.9023121989533967e-06,
                6.560175355260481e-12,
                2.5945996845867954e-11,
                5.109069703762594e-12
            ],
            [
                5.675685232153794e-14,
                2.7346982913611138e-12,
                0.9999999999955371,
                7.835041784403249e-13,
                8.878265477710488e-13
            ],
            [
                3.7010114751177303e-13,
                5.384939921699742e-13,
                4.752192801504156e-13,
                5.3157849621721436e-08,
                0.9999999468407665
            ],
            [
                7.433680617700645e-12,
                1.0060392718870346e-12,
                0.0,
                1.493094665220108e-10,
                0.9999999998422509
            ]
        ],
        [
            [
                0.9999991684587244,
                8.315279898112412e-07,
                2.734698501135009e-12,
                9.545035654218032e-12,
                1.0060393563699281e-12
            ],
            [
                0.9999646436925642,
                3.535625749945893e-05,
                1.3887442249573222e-11,
                3.331424210889606e-11,
                2.7345995176649644e-12
            ],
            [
                9.357622967375867e-14,
                4.508755241589282e-12,
                0.9999999999928266,
                1.8795288162449692e-12,
                6.914400105858218e-13
            ],
            [
                1.0059645307503555e-12,
                9.544325728505737e-12,
                2.9398592920505234e-11,
                7.484619703161099e-05,
                0.9999251537630195
            ],
            [
                2.7346982741312357e-12,
                0.0,
                0.0,
                3.331544520894999e-11,
                0.99999999996395
            ]
        ],
        [
            [
                0.9999038975440042,
                9.610240087370308e-05,
                1.0814910600518147e-11,
                3.7747747050097926e-11,
                6.559574861265424e-12
            ],
            [
                0.9999977396507878,
                2.2603252724353203e-06,
                5.7893457389650905e-12,
                1.573707332089561e-11,
                2.4133583573621546e-12
            ],
            [
                1.1399918525101423e-12,
                1.1628233024771848e-10,
                0.9999999995741664,
                2.461696950661805e-10,
                6.224144619991078e-11
            ],
            [
                1.2917579077402426e-12,
                5.789257296642211e-12,
                8.423319663630194e-12,
                1.6701415092800926e-05,
                0.9999832985694029
            ],
            [
                1.879528809050314e-12,
                0.0,
                0.0,
                1.317651421759514e-10,
                0.9999999998663553
            ]
        ],
        [
            [
                0.999998629016751,
                1.3709566539784328e-06,
                4.508747242696703e-12,
                2.0206803238510702e-11,
                1.879525481810454e-12
            ],
            [
                0.9999977396535475,
                2.260325272642948e-06,
                3.978955257970401e-12,
                1.5737073322341172e-11,
                1.4637758367483233e-12
            ],
            [
                2.3659776089157368e-14,
                1.4637785139904032e-12,
                0.999999999997988,
                3.7010116782500596e-13,
                1.5428112030490655e-13
            ],
            [
                2.12952122456666e-12,
                1.2254548537502301e-11,
                1.3886222718303071e-11,
                0.00012339462746545923,
                0.9998766053442643
            ],
            [
                1.8795288089376323e-12,
                0.0,
                0.0,
                1.9171715060046212e-10,
                0.9999999998064033
            ]
        ],
        [
            [
                0.9999991684437834,
                8.31527989545649e-07,
                4.5087555863329396e-12,
                2.020684063209403e-11,
                3.511422381313665e-12
            ],
            [
                0.9999546020868642,
                4.539785570653777e-05,
                9.54459886629714e-12,
                4.277592441984498e-11,
                5.108855623814943e-12
            ],
            [
                5.00877463731863e-14,
                1.6586783587404163e-12,
                0.9999999999978275,
                3.7010116782048383e-13,
                9.357622967859578e-14
            ],
            [
                1.291767782678256e-12,
                5.109040688689497e-12,
                6.560138099169158e-12,
                1.0129988092575385e-05,
                0.9999898699989465
            ],
            [
                1.2917800005051402e-12,
                7.835041759099686e-13,
                5.384940199908773e-13,
                1.2501528622438358e-09,
                0.9999999987472334
            ]
        ],
        [
            [
                0.999999953065386,
                4.691163798517313e-08,
                5.109088784851414e-12,
                1.5737101357717473e-11,
                2.1297850695699764e-12
            ],
            [
                0.9997388095778695,
                0.00026119033094599664,
                1.2252866622390973e-11,
                7.051037905395239e-11,
                8.421263864025068e-12
            ],
            [
                5.6756852318682206e-14,
                2.1297851706689078e-12,
                0.9999999999970672,
                6.101936676783406e-13,
                1.361526107906259e-13
            ],
            [
                1.0060316548761979e-12,
                3.0987956538945545e-12,
                3.0987956538945545e-12,
                7.88926503686637e-06,
                0.9999921107277595
            ],
            [
                7.835041751279929e-13,
                5.384940194534338e-13,
                0.0,
                4.5990553588213304e-10,
                0.9999999995387725
            ]
        ],
        [
            [
                0.9999869928507661,
                1.3007124763186291e-05,
                4.508695312654689e-12,
                1.7832235881821678e-11,
                2.1297568621982675e-12
            ],
            [
                0.9999785550184477,
                2.1444939750009262e-05,
                8.423287740979212e-12,
                2.9400163045401456e-11,
                3.978879392951999e-12
            ],
            [
                4.420228103228798e-14,
                1.879528816363737e-12,
                0.999999999997268,
                6.101936677036058e-13,
                1.981008797864166e-13
            ],
            [
                1.4236581939339466e-11,
                2.8594939220258955e-10,
                1.86462426412142e-09,
                0.09534946986089479,
                0.904650527974295
            ],
            [
                1.2917800001138813e-12,
                0.0,
                0.0,
                2.1724399272217282e-10,
                0.9999999997814641
            ]
        ],
        [
            [
                0.9999998874535052,
                1.125351837755972e-07,
                2.4133629660500817e-12,
                7.433681270582258e-12,
                1.463778631924394e-12
            ],
            [
                0.9933071483547341,
                0.006692851436750952,
                4.249155550665276e-11,
                1.4831010151424436e-10,
                1.7713115647784713e-11
            ],
            [
                5.0087746373130324e-14,
                2.4133627715776175e-12,
                0.99999999999671,
                5.384940217183723e-13,
                2.882350793139121e-13
            ],
            [
                8.878265330637356e-13,
                1.291779983277978e-12,
                1.139991834063596e-12,
                1.522997949113487e-08,
                0.9999999847667009
            ],
            [
                6.914400090753021e-13,
                2.882350786696566e-13,
                0.0,
                5.211412475688192e-10,
                0.999999999477879
            ]
        ],
        [
            [
                0.9999993523824099,
                6.475946142044815e-07,
                5.109089140209337e-12,
                1.5737102452296937e-11,
                2.129785217705198e-12
            ],
            [
                0.9975273768987019,
                0.002472622980022222,
                2.932807798410077e-11,
                7.972198144781091e-11,
                1.2225761821741044e-11
            ],
            [
                4.4202281033180667e-14,
                1.8795288164016953e-12,
                0.9999999999974316,
                5.384940217360412e-13,
                1.0603575990748756e-13
            ],
            [
                4.752193026342479e-13,
                6.914400053936796e-13,
                5.384940176474941e-13,
                5.602796394588163e-09,
                0.9999999943954985
            ],
            [
                4.752193054430163e-13,
                1.748234125202578e-13,
                0.0,
                1.4930946735765029e-10,
                0.9999999998500404
            ]
        ],
        [
            [
                0.9999921107104858,
                7.889265043399219e-06,
                4.508721075806299e-12,
                1.783233777706292e-11,
                2.129769031849381e-12
            ],
            [
                0.9933071484107566,
                0.006692851436452715,
                4.249155550475931e-11,
                1.0193194270259875e-10,
                8.367083376474149e-12
            ],
            [
                5.008774637421545e-14,
                3.0988191384607673e-12,
                0.9999999999956752,
                8.878265477711714e-13,
                2.8823507932015656e-13
            ],
            [
                3.098795653709891e-12,
                2.594589834516723e-11,
                3.775105933677492e-11,
                7.889265036396233e-06,
                0.9999921106681678
            ],
            [
                1.4637785038678141e-12,
                8.878265416241169e-13,
                0.0,
                2.061153607994085e-09,
                0.9999999979364949
            ]
        ],
        [
            [
                0.999941708665678,
                5.829127675261242e-05,
                1.0815302825984018e-11,
                4.277535245838652e-11,
                3.978727559722922e-12
            ],
            [
                0.9999785550193238,
                2.1444939754103836e-05,
                8.423287742587507e-12,
                2.9400163051014956e-11,
                3.098754387569352e-12
            ],
            [
                7.835041778768944e-13,
                1.0261879623456484e-10,
                0.9999999992449751,
                4.599055374956982e-10,
                1.9171715122178672e-10
            ],
            [
                3.700948370990445e-13,
                1.2917579082616374e-12,
                1.139972352930051e-12,
                1.6701415099542153e-05,
                0.9999832985820987
            ],
            [
                2.734698279596384e-12,
                0.0,
                0.0,
                2.0206839001586818e-11,
                0.9999999999770586
            ]
        ],
        [
            [
                0.9999970976671458,
                2.902312198515829e-06,
                5.1090697029923234e-12,
                1.3887891333974685e-11,
                1.6586720849822488e-12
            ],
            [
                0.9990889485145199,
                0.0009110514074526327,
                1.5722760867696557e-11,
                5.48778276664213e-11,
                7.426906350645147e-12
            ],
            [
                3.900837609654888e-14,
                2.1297851706686937e-12,
                0.9999999999969666,
                6.101936676782792e-13,
                2.5436656470340406e-13
            ],
            [
                5.384940156899271e-13,
                8.878265378127113e-13,
                8.878265378127113e-13,
                9.237449557578939e-09,
                0.9999999907602363
            ],
            [
                2.594609478492831e-11,
                0.0,
                0.0,
                1.2501528568544532e-09,
                0.999999998723901
            ]
        ],
        [
            [
                0.9999921107038517,
                7.88926504334688e-06,
                5.109050312325811e-12,
                2.2897174944557865e-11,
                3.0987956564400102e-12
            ],
            [
                0.9999251537454867,
                7.484619820702242e-05,
                8.422837896660258e-12,
                4.277470032148128e-11,
                5.1087094261139154e-12
            ],
            [
                3.900837609895048e-14,
                1.8795288164014413e-12,
                0.9999999999972966,
                6.101936677158467e-13,
                1.74823412814303e-13
            ],
            [
                4.752193039089778e-13,
                6.101936647197835e-13,
                0.0,
                2.6465736257205738e-09,
                0.999999997352341
            ],
            [
                4.508755199359916e-12,
                1.6586783431193608e-12,
                0.0,
                2.789468066306037e-10,
                0.9999999997148858
            ]
        ],
        [
            [
                0.9999991684562095,
                8.315279896511113e-07,
                3.97896283995446e-12,
                1.0815942383962007e-11,
                1.006039356176192e-12
            ],
            [
                0.9999417086909211,
                5.829127803715956e-05,
                8.422966308996621e-12,
                2.020564578056923e-11,
                2.413220251319302e-12
            ],
            [
                8.258073284650488e-14,
                4.5087552418004756e-12,
                0.9999999999929767,
                1.2917800046443626e-12,
                1.1399918529193643e-12
            ],
            [
                1.2917800322014952e-12,
                1.4637785451917393e-12,
                1.4637785451917393e-12,
                6.475946137335152e-07,
                0.9999993524011669
            ],
            [
                2.0206838970155745e-11,
                2.129785158300877e-12,
                1.4637785054283261e-12,
                9.736200255158321e-10,
                0.9999999990025796
            ]
        ],
        [
            [
                0.9999999123494719,
                8.764249141476439e-08,
                1.463778668121069e-12,
                5.7893569377933245e-12,
                7.835042609341083e-13
            ],
            [
                0.9999646437219705,
                3.535625750364881e-05,
                4.508592392154827e-12,
                1.388744225121895e-11,
                2.1297082459965408e-12
            ],
            [
                6.431393940826819e-14,
