{
    "[['E', 'D', 'C', 'B', 'A'], ['E', 'D', 'C', 'B', 'A']]": [
        [
            [
                0.9999999976584726,
                2.33559303225633e-09,
                1.0060392764649653e-12,
                4.50875522966385e-12,
                4.1937956466309076e-13
            ],
            [
                0.9999999918325121,
                8.152020642433643e-09,
                3.511422082347316e-12,
                1.0815941461709041e-11,
                1.1399918429706504e-12
            ],
            [
                3.442477108295775e-14,
                1.4637785140518363e-12,
                0.9999999999978699,
                5.384940217481538e-13,
                9.357622968366644e-14
            ],
            [
                0.0,
                2.830332170964287e-11,
                4.118109009270733e-11,
                0.037326883875554474,
                0.9626731160549611
            ],
            [
                5.109089011601342e-12,
                7.835041759819121e-13,
                0.0,
                2.1724399280792038e-10,
                0.9999999997768634
            ]
        ],
        [
            [
                0.9999999992298021,
                7.582560419355953e-10,
                2.7346982885061156e-12,
                8.423463744963841e-12,
                7.835041776223542e-13
            ],
            [
                0.999999997932778,
                2.0611536169605224e-09,
                1.1399918500145394e-12,
                4.50875523031167e-12,
                4.1937956472334746e-13
            ],
            [
                3.3315450268011473e-11,
                3.05902073269883e-07,
                0.9999995945609945,
                8.764249494365542e-08,
                1.1861121876763001e-08
            ],
            [
                7.047877116374171e-11,
                1.045997707807849e-08,
                2.6976610710056163e-07,
                0.9992900493924797,
                0.0007096703109572988
            ],
            [
                1.4637785081733514e-12,
                7.835041753202645e-13,
                1.139991848408499e-12,
                2.6465736281466408e-09,
                0.9999999973500391
            ]
        ],
        [
            [
                0.999999997344295,
                2.6465736308064462e-09,
                1.879528810784774e-12,
                6.560200148069266e-12,
                6.914400085771282e-13
            ],
            [
                0.999999999021443,
                9.736200298408202e-10,
                1.0060392777745615e-12,
                3.5114221081104376e-12,
                4.193795652090116e-13
            ],
            [
                3.900837609894281e-14,
                1.8795288164010717e-12,
                0.9999999999970999,
                7.835041784489072e-13,
                1.9810087979035165e-13
            ],
            [
                0.0,
                5.786155519081128e-12,
                6.556573175650859e-12,
                0.0005527785836642933,
                0.999447221403993
            ],
            [
                2.1297851650009693e-12,
                7.835041763157847e-13,
                4.752193049484163e-13,
                9.73620028578744e-10,
                0.9999999990229915
            ]
        ],
        [
            [
                0.9999999827259297,
                1.725782767965601e-08,
                3.0988190833626593e-12,
                1.2256067225149733e-11,
                8.878265319852991e-13
            ],
            [
                0.9999999943849953,
                5.602796401829185e-09,
                1.879528804560356e-12,
                9.545034862007632e-12,
                7.835041735129625e-13
            ],
            [
                2.779606923512445e-09,
                1.7541215628757105e-05,
                0.5621665712276274,
                0.43781576658535565,
                1.1819178120609504e-07
            ],
            [
                0.0,
                1.8902082527560788e-10,
                1.3966854818276353e-09,
                0.9859363711443474,
                0.014063627269946298
            ],
            [
                2.1297851652688473e-12,
                6.101936661311974e-13,
                6.914400088477419e-13,
                1.416608782860577e-09,
                0.9999999985799597
            ]
        ],
        [
            [
                0.9999999804269444,
                1.955568069489479e-08,
                3.978962455883182e-12,
                1.2256067197823649e-11,
                1.1399918301371344e-12
            ],
            [
                0.9999999973449425,
                2.6465736305030728e-09,
                1.1399918494235146e-12,
                6.560200147317278e-12,
                7.835041760178738e-13
            ],
            [
                5.0087746375159174e-14,
                2.129785170816491e-12,
                0.9999999999968385,
                7.835041784551954e-13,
                1.9810087979194156e-13
            ],
            [
                0.0,
                5.991813250760095e-11,
                1.8456084130561568e-10,
                0.03732688387094753,
                0.9626731158845735
            ],
            [
                2.129785160171324e-12,
                7.835041745390575e-13,
                6.101936646707326e-13,
                2.9989608096716555e-09,
                0.9999999969975157
            ]
        ],
        [
            [
                0.9999999965917521,
                3.3982678065336935e-09,
                1.6586783525878445e-12,
                7.43368064399929e-12,
                8.87826544459695e-13
            ],
            [
                0.9999999943826468,
                5.60279640275576e-09,
                2.734698274615186e-12,
                1.0815941490141588e-11,
                1.0060392730379423e-12
            ],
            [
                2.0879679115116465e-14,
                1.4637785140317662e-12,
                0.9999999999979268,
                5.384940217407704e-13,
                5.008774637521368e-14
            ],
            [
                0.0,
                1.0771924449637733e-11,
                2.2804164238833556e-11,
                0.00407013777486798,
                0.995929862191556
            ],
            [
                1.006039276168983e-12,
                7.835041760809931e-13,
                0.0,
                7.58256040443904e-10,
                0.9999999992399544
            ]
        ],
        [
            [
                0.9999999918423385,
                8.152020643720386e-09,
                1.291779993574892e-12,
                3.9789625013046085e-12,
                3.701011646472321e-13
            ],
            [
                0.9999999961282922,
                3.850741906087692e-09,
                3.0988191252989396e-12,
                1.573710203869586e-11,
                2.1297851617303795e-12
            ],
            [
                9.357622968091898e-14,
                6.560200167629196e-12,
                0.9999999999822771,
                4.508755241934285e-12,
                6.560200167629196e-12
            ],
            [
                0.0,
                3.3621811399731196e-10,
                3.809850357690999e-10,
                0.2689414093111675,
                0.7310585899716293
            ],
            [
                4.508755229387116e-12,
                7.835041762634153e-13,
                7.835041762634153e-13,
                5.211412472969256e-10,
                0.9999999994727831
            ]
        ],
        [
            [
                0.9999999827330409,
                1.7257827682965652e-08,
                1.8795287833225007e-12,
                6.560200052216514e-12,
                6.914399984743225e-13
            ],
            [
                0.9999999895175838,
                1.0467401678016646e-08,
                2.7346982610956822e-12,
                1.0815941436670913e-11,
                1.4637784978024735e-12
            ],
            [
                1.2255811025774583e-11,
                9.237256398398942e-09,
                0.9999785285538312,
                2.1444939189714992e-05,
                1.7257466924073754e-08
            ],
            [
                0.0,
                1.998483671139839e-11,
                2.9077765837631303e-11,
                0.010986942366800976,
                0.9890130575841364
            ],
            [
                3.9789624294943906e-12,
                3.0988190559019314e-12,
                3.9789624294943906e-12,
                2.5109990886343265e-08,
                0.9999999748789523
            ]
        ],
        [
            [
                0.9999999979276555,
                2.061153617092985e-09,
                1.879528811664552e-12,
                8.423463732622513e-12,
                8.878265455434003e-13
            ],
            [
                0.9999996071917258,
                3.9278636971794753e-07,
                4.5087554164279415e-12,
                1.5737102714647197e-11,
                1.6586784229742246e-12
            ],
            [
                9.357622967906407e-14,
                5.78935632815295e-12,
                0.9999999999907738,
                1.879528816351531e-12,
                1.463778513979843e-12
            ],
            [
                9.37335219606215e-12,
                7.446175945220136e-10,
                7.064735035929591e-09,
                0.9820137807420202,
                0.01798621143925382
            ],
            [
                2.734698281323459e-12,
                1.2917799999355403e-12,
                1.0060392755057781e-12,
                1.1032560282009796e-09,
                0.9999999988917114
            ]
        ],
        [
            [
                0.9999999677464091,
                3.2241866313611535e-08,
                2.4133626925684346e-12,
                8.423463477807383e-12,
                8.878265186860831e-13
            ],
            [
                0.9999999881302443,
                1.186112000437391e-08,
                1.2917799887796831e-12,
                6.560200086867014e-12,
                7.835041687981194e-13
            ],
            [
                1.20154257306058e-13,
                9.54503492191437e-12,
                0.9999999999734879,
                8.423463753651228e-12,
                8.423463753651228e-12
            ],
            [
                2.4035412278323577e-12,
                3.317986318888258e-11,
                1.7759900968545946e-11,
                0.004070137769057062,
                0.9959298621775997
            ],
            [
                3.978962527154331e-12,
                4.193795649227825e-13,
                3.701011670516308e-13,
                1.1628233004845788e-10,
                0.9999999998789493
            ]
        ],
        [
            [
                0.999999912337972,
                8.764249143453785e-08,
                4.508755717650554e-12,
                1.3887945329162747e-11,
                1.1399919732331057e-12
            ],
            [
                0.999999814448542,
                1.8553915977751764e-07,
                2.7346986381977015e-12,
                8.423464822089755e-12,
                1.1399919975311603e-12
            ],
            [
                7.433681191701132e-12,
                9.237450307338609e-09,
                0.9999998764009717,
                1.1253518258145105e-07,
                1.8189618146335427e-09
            ],
            [
                1.2237661094062672e-11,
                4.0525567804719045e-10,
                2.6425989740324634e-09,
                0.9984988149151734,
                0.001501182024734201
            ],
            [
                1.2256067399553632e-11,
                1.1399918489009459e-12,
                1.0060392756267709e-12,
                9.736200277622412e-10,
                0.9999999990119779
            ]
        ],
        [
            [
                0.9999999956189445,
                4.363462232056155e-09,
                2.4133627602806378e-12,
                1.3887943798483536e-11,
                1.2917799986023479e-12
            ],
            [
                0.9999999927744457,
                7.1941329704068145e-09,
                5.789356280512202e-12,
                2.289734826574786e-11,
                2.7346982688150913e-12
            ],
            [
                4.1937956375898255e-13,
                1.691897914227959e-10,
                0.9999999951226635,
                2.6465736257893737e-09,
                2.0611536122208912e-09
            ],
            [
                5.211293578056408e-10,
                4.78500820915661e-06,
                1.670131970422687e-05,
                0.9999767528448112,
                1.7603061459852974e-06
            ],
            [
                7.433680532047054e-12,
                1.8795287810643897e-12,
                1.8795287810643897e-12,
                1.7257827662231685e-08,
                0.9999999827309797
            ]
        ],
        [
            [
                0.9999999677482577,
                3.224186631962509e-08,
                1.6586783047457648e-12,
                7.433680429585963e-12,
                7.835041529190672e-13
            ],
            [
                0.999999992800525,
                7.194132975222782e-09,
                8.878265410457646e-13,
                3.978962505360852e-12,
                4.752193026372299e-13
            ],
            [
                2.3659776089995186e-14,
                1.463778514042237e-12,
                0.9999999999977662,
                6.101936677256528e-13,
                1.3615261080118266e-13
            ],
            [
                0.0,
                4.779194907972409e-11,
                8.928711566600115e-11,
                0.014063627270975475,
                0.9859363725919454
            ],
            [
                8.878265456209429e-13,
                4.752193050861463e-13,
                0.0,
                1.6918979183749874e-10,
                0.9999999998294471
            ]
        ],
        [
            [
                0.9999999634534547,
                3.653482078294912e-08,
                2.413362682375439e-12,
                8.423463442230332e-12,
                8.878265149362895e-13
            ],
            [
                0.999999988132369,
                1.1861120002643464e-08,
                1.4637784957748258e-12,
                4.50875518576951e-12,
                5.384940150244174e-13
            ],
            [
                8.258073284858663e-14,
                7.433680671724538e-12,
                0.9999999999860953,
                4.508755241914135e-12,
                1.879528816380388e-12
            ],
            [
                0.0,
                2.2995265870940246e-10,
                1.030576317233108e-09,
                0.49999999918323274,
                0.49999999955623825
            ],
            [
                5.109089013747118e-12,
                8.878265453581821e-13,
                6.101936660507052e-13,
                4.5990553657652775e-10,
                0.9999999995334874
            ]
        ],
        [
            [
                0.9999999979197882,
                2.0611536170767694e-09,
                3.511422104242063e-12,
                1.3887943828836575e-11,
                1.6586783545994231e-12
            ],
            [
                0.9999999981723229,
                1.818961683490318e-09,
                1.4637785108564977e-12,
                6.560200153501294e-12,
                6.914400091496599e-13
            ],
            [
                1.291779977341797e-12,
                9.237449465718596e-09,
                0.999999978857361,
                1.1861119899351275e-08,
                4.277787778086292e-11
            ],
            [
                0.0,
                8.026136406560678e-10,
                2.801396868226715e-09,
                0.4999999978575016,
                0.49999999853848776
            ],
            [
                1.6586784336416401e-12,
                1.6586784336416401e-12,
                1.6586784336416401e-12,
                5.043472043067463e-07,
                0.9999994956478196
            ]
        ],
        [
            [
                0.9999999918332888,
                8.152020644586348e-09,
                2.7346982681484645e-12,
                1.0815941464565209e-11,
                1.1399918432716882e-12
            ],
            [
                0.9999999969957274,
                2.998960814468373e-09,
                1.0060392757982178e-12,
                3.978962522053405e-12,
                3.266131331472987e-13
            ],
            [
                1.5428112030969043e-13,
                9.545034922252986e-12,
                0.9999999999812126,
                5.109089027748783e-12,
                3.978962535592274e-12
            ],
            [
                0.0,
                1.850814812624025e-10,
                3.918174989072045e-10,
                0.1480472035114167,
                0.8519527959116843
            ],
            [
                3.098819131213689e-12,
                4.752193051257052e-13,
                0.0,
                3.5817479216049547e-10,
                0.9999999996382511
            ]
        ],
        [
            [
                0.9999999979272514,
                2.061153617428051e-09,
                1.8795288119700926e-12,
                8.423463733991851e-12,
                1.2917800016457778e-12
            ],
            [
                0.9999999950459189,
                4.944450475436655e-09,
                1.6586783500238045e-12,
                7.43368063250806e-12,
                5.384940188891045e-13
            ],
            [
                1.542811203008791e-13,
                2.5946094979685455e-11,
                0.9999999999146381,
                3.331544541771033e-11,
                2.5946094979685455e-11
            ],
            [
                1.2232457565931758e-11,
                4.5901958372315594e-10,
                2.9931836781479245e-09,
                0.8807970732250954,
                0.1192029233104689
            ],
            [
                1.2917751306088389e-12,
                3.0988074461786646e-12,
                2.1297771347962287e-12,
                3.726639110576173e-06,
                0.999996273354369
            ]
        ],
        [
            [
                0.9999999918297008,
                8.152020644557099e-09,
                3.0988191121458433e-12,
                1.3887943745858732e-11,
                1.2917799937074785e-12
            ],
            [
                0.9999999927943076,
                7.194132973672658e-09,
                2.1297851541840443e-12,
                8.423463688135126e-12,
                1.0060392713609076e-12
            ],
            [
                8.258073285085687e-14,
                4.5087552420380865e-12,
                0.9999999999915314,
                2.4133627716957916e-12,
                1.4637785140425582e-12
            ],
            [
                0.0,
                9.539757679777231e-12,
                1.3880265521613924e-11,
                0.000552778584191414,
                0.9994472213923886
            ],
            [
                6.914400090160024e-13,
                0.0,
                0.0,
                9.056076967695171e-11,
                0.9999999999087479
            ]
        ],
        [
            [
                0.9999999979325873,
                2.0611536173407525e-09,
                1.1399918502248388e-12,
                4.508755231143421e-12,
                6.10193666251354e-13
            ],
            [
                0.9999999936363573,
                6.348800072722337e-09,
                2.7346982729315293e-12,
                1.0815941483482595e-11,
                1.291779995971473e-12
            ],
            [
                1.0815942697191352e-11,
                2.382369918582748e-07,
                0.9999996735885595,
                8.764249143118758e-08,
                5.211413037125844e-10
            ],
            [
                0.0,
                3.098435100162287e-12,
                2.413063682302316e-12,
                0.0001233946275120765,
                0.9998766053669764
            ],
            [
                2.413362706248382e-12,
                1.0060392519434913e-12,
                1.1399918220642743e-12,
                2.5109990875058125e-08,
                0.9999999748854498
            ]
        ],
        [
            [
                0.9999999985748287,
                1.4166087838860326e-09,
                1.4637785112769383e-12,
                6.560200155385578e-12,
                5.384940207273258e-13
            ],
            [
                0.9999999950450924,
                4.9444504751653695e-09,
                2.413362758765306e-12,
                7.433680632100197e-12,
                6.101936644564478e-13
            ],
            [
                7.287724095167611e-14,
                5.78935632821264e-12,
                0.9999999999654512,
                5.78935632821264e-12,
                2.2897348454406752e-11
            ],
            [
                3.2071864467899537e-11,
                2.5477837674718107e-09,
                2.133233230695614e-08,
                0.9626730930023638,
                0.037326883085448306
            ],
            [
                3.97896251928023e-12,
                1.4637785080349253e-12,
                1.1399918483006927e-12,
                1.8189616799840963e-09,
                0.9999999981744556
            ]
        ],
        [
            [
                0.9999999715303701,
                2.8453347266691862e-08,
                2.734698212478324e-12,
                1.2256067089537147e-11,
                1.291779967415401e-12
            ],
            [
                0.9999999895203132,
                1.0467401680235551e-08,
                2.1297851476568037e-12,
                9.545034818421839e-12,
                6.101936610852625e-13
            ],
            [
                3.442477108243761e-14,
                2.1297851708158305e-12,
                0.9999999999965286,
                8.878265477876241e-13,
                4.1937956581039577e-13
            ],
            [
                0.0,
                6.867318589030218e-10,
                1.6473840899025583e-09,
                0.6224593225077775,
                0.3775406751581066
            ],
            [
                6.560200143470887e-12,
                1.8795288094673163e-12,
                1.8795288094673163e-12,
                1.4166087813131756e-09,
                0.9999999985730719
            ]
        ],
        [
            [
                0.9999999918422101,
                8.152020644218537e-09,
                1.4637785015115116e-12,
                3.978962501547753e-12,
                3.2661313146409225e-13
            ],
            [
                0.9999999907489004,
                9.23744957033271e-09,
                3.09881910798074e-12,
                9.545034828151419e-12,
                1.0060392693031476e-12
            ],
            [
                2.4133627696035194e-12,
                4.5990553744032713e-10,
                0.9999999991310327,
                3.581747926974021e-10,
                4.847368701791795e-11
            ],
            [
                0.0,
                2.1294481056941426e-12,
                2.4129808268534017e-12,
                0.00015843624750785064,
                0.9998415637479497
            ],
            [
                2.413362758197773e-12,
                1.1399918466034293e-12,
                8.878265428297675e-13,
                2.998960807913252e-09,
                0.999999996996598
            ]
        ],
        [
            [
                0.9999999985773378,
                1.416608783889587e-09,
                1.006039277327774e-12,
                4.5087552335306906e-12,
                5.38494020728677e-13
            ],
            [
                0.9999999976565437,
                2.3355930319467384e-09,
                1.4637785098312023e-12,
                5.789356311744758e-12,
                6.101936659702323e-13
            ],
            [
                3.7010116748477447e-13,
                7.052879843975591e-11,
                0.9999999990907529,
                1.6918979209031566e-10,
                6.691586084521793e-10
            ],
            [
                9.481147525411345e-12,
                1.241785268607599e-09,
                5.565295466025495e-09,
                0.9933071417992095,
                0.006692851384228621
            ],
            [
                1.0060392702135402e-12,
                5.384940169207019e-13,
                6.9144000446046e-13,
                7.194132965467895e-09,
                0.999999992803631
            ]
        ],
        [
            [
                0.9999999969899473,
                2.998960814451039e-09,
                2.1297851635655197e-12,
                8.42346372523958e-12,
                5.384940199068518e-13
            ],
            [
                0.9999999961382882,
                3.850741906126184e-09,
                1.6586783517460581e-12,
                8.423463718065661e-12,
                8.878265440091193e-13
            ],
            [
                1.2015425730759525e-13,
                6.5602001676011024e-12,
                0.9999999999779947,
                4.508755241914977e-12,
                1.0815941556374484e-11
            ],
            [
                0.0,
                1.3815447023747742e-11,
                2.2777821372283682e-11,
                0.0052201256935053755,
                0.9947798742699014
            ],
            [
                5.384939920389907e-13,
                8.878264988189094e-13,
                1.0060392237283837e-12,
                5.315784960879129e-08,
                0.999999946839718
            ]
        ],
        [
            [
                0.9999999979275094,
                2.061153617428583e-09,
                2.12978516577899e-12,
                8.423463733994026e-12,
                7.835041766020024e-13
            ],
            [
                0.9999999865422153,
                1.344040976231991e-08,
                4.5087551789544115e-12,
                1.2256067271922388e-11,
                6.101936591883395e-13
            ],
            [
                1.7482341281142376e-13,
                1.573710210545126e-11,
                0.9999999999587721,
                2.0206839088409585e-11,
                5.1090890276050315e-12
            ],
            [
                0.0,
                3.733659041106925e-11,
                6.155763078614831e-11,
                0.010986942356267583,
                0.9890130575448381
            ],
            [
                7.433680637284482e-12,
                7.835041748103299e-13,
                1.4637785072206682e-12,
                2.646573626424149e-09,
                0.9999999973437455
            ]
        ],
        [
            [
                0.9999999827282203,
                1.7257827680893042e-08,
                2.1297851330606856e-12,
                1.0815941364838498e-11,
                1.0060392613829394e-12
            ],
            [
                0.9999999956228083,
                4.363462232073014e-09,
                2.1297851607689016e-12,
                1.081594150555243e-11,
                7.835041747588939e-13
            ],
            [
                1.0603575989262279e-13,
                4.2777878680566173e-11,
                0.9999999998096138,
                1.3176514267285136e-10,
                1.5737102103506438e-11
            ],
            [
                1.317440354278715e-10,
                2.5105969223171016e-08,
                1.067533994108774e-06,
                0.9998404711357776,
                0.00015843609251507457
            ],
            [
                2.129785160169872e-12,
                1.2917799982440092e-12,
                7.835041745385234e-13,
                2.998960809669611e-09,
                0.9999999969968341
            ]
        ],
        [
            [
                0.9999999778324223,
                2.2159489271952498e-08,
                1.8795287740100767e-12,
                5.789356197732089e-12,
                4.193795563484504e-13
            ],
            [
                0.9999999881287064,
                1.1861120001543224e-08,
                2.1297851440575575e-12,
                7.433680578468148e-12,
                6.101936600540611e-13
            ],
            [
                1.2214238371580674e-09,
                1.3394538803224587e-06,
                0.9770196408488123,
                0.022977298583056735,
                1.7198928268150573e-06
            ],
            [
                0.0,
                1.4637116427689147e-12,
                1.4637116427689147e-12,
                4.539785570901204e-05,
                0.9999546021413636
            ],
            [
                3.5114221026398863e-12,
                1.1399918495586835e-12,
                5.384940201288887e-13,
                4.0586521140658416e-10,
                0.9999999995889448
            ]
        ],
        [
            [
                0.9999999943859588,
                5.6027964035061814e-09,
                2.1297851580195835e-12,
                8.423463703304979e-12,
                6.914400064942506e-13
            ],
            [
                0.9999999748681567,
                2.5109990901931854e-08,
                5.109088894688189e-12,
                1.5737101696038557e-11,
                1.0060392530201953e-12
            ],
            [
                2.0206801348753417e-11,
                3.9278599550830795e-07,
                0.9999987736046889,
                8.315279590163138e-07,
                2.061149772704085e-09
            ],
            [
                6.724885152858874e-12,
                1.7343707399631517e-10,
                5.342237975504934e-10,
                0.09534946993932292,
                0.9046505293462913
            ],
            [
                3.0988194621093054e-12,
                1.879529012683505e-12,
                1.6586785320110755e-12,
                8.764249134065632e-08,
                0.9999999123508717
            ]
        ],
        [
            [
                0.999999995028704,
                4.944450473109963e-09,
                4.50875521600647e-12,
                2.0206838972405938e-11,
                2.1297851585380456e-12
            ],
            [
                0.9999999950480905,
                4.944450474877415e-09,
                1.6586783498362003e-12,
                5.109089000101021e-12,
                6.914400069097339e-13
            ],
            [
                1.5428112030453012e-13,
                1.0815941556258042e-11,
                0.9999999999672289,
                1.2256067442935002e-11,
                9.54503492193373e-12
            ],
            [
                0.0,
                7.419360183088515e-12,
                9.52664705064667e-12,
                0.0019267343330926846,
                0.9980732656499612
            ],
            [
                4.2777877208406904e-11,
                3.978962398056451e-12,
                3.098819031418039e-12,
                3.224186625611804e-08,
                0.999999967708278
            ]
        ],
        [
            [
                0.9999999988856574,
                1.1032560305391963e-09,
                1.879528813465144e-12,
                8.423463740692208e-12,
                7.835041772250305e-13
            ],
            [
                0.9999999778238556,
                2.2159489267125724e-08,
                3.51142203315701e-12,
                1.225606716410591e-11,
                8.878265275632994e-13
            ],
            [
                9.357622968072482e-14,
                1.0815941556398361e-11,
                0.9999999999802023,
                5.7893563282556974e-12,
                3.098819138467601e-12
            ],
            [
                1.763655614776598e-11,
                1.4010451906329775e-09,
                1.9340832272125455e-08,
                0.9890130370836254,
                0.010986942156860514
            ],
            [
                5.789356298042256e-12,
                1.0060392739504732e-12,
                8.878265431397479e-13,
                2.646573624880079e-09,
                0.9999999973457432
            ]
        ],
        [
            [
                0.9999999992348847,
                7.582560417632642e-10,
                1.1399918514989304e-12,
                5.109089021137211e-12,
                6.10193666933326e-13
            ],
            [
                0.999999994381825,
                5.602796401811422e-09,
                3.0988191189624186e-12,
                1.0815941488318587e-11,
                1.463778504792226e-12
            ],
            [
                5.008774637456261e-14,
                3.9789625355296135e-12,
                0.9999999999932154,
                1.2917800046861244e-12,
                1.4637785140127395e-12
            ],
            [
                4.9916986886383135e-12,
                3.088254623039867e-10,
                2.5857639375947914e-09,
                0.9770226293583479,
                0.022977367742070907
            ],
            [
                1.8795288127554097e-12,
                5.38494020691363e-13,
                0.0,
                1.91717150989886e-10,
                0.9999999998058648
            ]
        ],
        [
            [
                0.9999999976566343,
                2.3355930317633065e-09,
                1.2917800008944775e-12,
                5.789356311290075e-12,
                6.914400086110405e-13
            ],
            [
                0.9999999961374912,
                3.850741905887311e-09,
                1.8795288082998865e-12,
                8.42346371754313e-12,
                1.463778507709216e-12
            ],
            [
                1.7482341280887932e-13,
                1.783247290628725e-11,
                0.9999999999506719,
                2.2897348454068345e-11,
                8.423463753590451e-12
            ],
            [
                5.1031093620443876e-12,
                4.272781155910018e-11,
                1.1614623373092437e-10,
                0.0011695103452883276,
                0.9988304894907345
            ],
            [
                7.433680349179163e-12,
                3.0988190040032655e-12,
                3.0988190040032655e-12,
                4.139937538804851e-08,
                0.9999999585869932
            ]
        ],
        [
            [
                0.9999999981756831,
                1.818961683286747e-09,
                1.0060392769236937e-12,
                3.978962526504749e-12,
                3.701011669912104e-13
            ],
            [
                0.9999999907509315,
                9.23744957278363e-09,
                1.4637784999932244e-12,
                9.54503483068395e-12,
                6.10193661869153e-13
            ],
            [
                9.357622968092535e-14,
                6.5602001676296426e-12,
                0.999999999957855,
                9.545034922078015e-12,
                2.594609498069167e-11
            ],
            [
                3.862328965395866e-12,
                1.4493282517778803e-10,
                3.9396826502801284e-10,
                0.9706877715548043,
                0.029312227902432163
            ],
            [
                1.29177999941641e-12,
                0.0,
                8.878265441555068e-13,
                1.8189616799921055e-09,
                0.9999999981788588
            ]
        ],
        [
            [
                0.9999999927933043,
                7.194132975902699e-09,
                2.1297851548442362e-12,
                9.545034850633675e-12,
                8.878265411296731e-13
            ],
            [
                0.999999958585926,
                4.139937545175987e-08,
                3.098819008772178e-12,
                1.0815941103716854e-11,
                7.835041456500225e-13
            ],
            [
                1.2255997587161035e-11,
                1.9555569624690205e-08,
                0.9999951801076001,
                4.785094681412665e-06,
                1.5229892937116112e-08
            ],
            [
                0.0,
                2.4346515232475636e-10,
                1.5875922204133548e-09,
                0.9890130558149721,
                0.010986942353970542
            ],
            [
                7.835041772028318e-13,
                0.0,
                2.54366564314473e-13,
                2.461696947719573e-10,
                0.9999999997527924
            ]
        ],
        [
            [
                0.9999999927877806,
                7.194132974690557e-09,
                2.734698270443466e-12,
                1.3887943757563541e-11,
                1.4637785028059816e-12
            ],
            [
                0.9999999981726477,
                1.8189616830119885e-09,
                1.2917800015610534e-12,
                6.560200151776168e-12,
                5.384940204310475e-13
            ],
            [
                1.3615261079640537e-13,
                9.545034921960103e-12,
                0.9999999999626783,
                7.433680671666435e-12,
                2.02068390883581e-11
            ],
            [
                2.1155299780812146e-12,
                1.5631769687011625e-11,
                2.0071589585931908e-11,
                0.006692851416172805,
                0.9933071485460083
            ],
            [
                3.5114221027046928e-12,
                0.0,
                8.878265451477074e-13,
                9.73620028341957e-10,
                0.9999999990219808
            ]
        ],
        [
            [
                0.9999999979268115,
                2.0611536173288473e-09,
                1.8795288118796306e-12,
                9.545034899177975e-12,
                6.101936662478296e-13
            ],
            [
                0.9999999993151594,
                6.691586083222849e-10,
                2.7346982882938776e-12,
                1.2256067429318887e-11,
                6.914400098601561e-13
            ],
            [
                1.2015425730850084e-13,
                8.423463753822483e-12,
                0.9999999999855316,
                3.5114221131071506e-12,
                2.413362771648085e-12
            ],
            [
                0.0,
                1.6333383394755677e-10,
                5.031036273236443e-10,
                0.14804720350677145,
                0.8519527958267911
            ],
            [
                5.7893567669187625e-12,
                2.734698498577282e-12,
                3.978962836999231e-12,
                8.315279890335242e-07,
                0.999999168459508
