{
    "[['E', 'D', 'C', 'B', 'A'], ['E', 'D', 'C', 'B', 'A']]": [
        [
            [
                7.194132958131119e-09,
                2.734698264148744e-12,
                0.0,
                1.917171494519192e-10,
                0.9999999926114153
            ],
            [
                1.0815941515158971e-11,
                0.0,
                0.0,
                3.331544529190468e-11,
                0.9999999999558686
            ],
            [
                8.87826547242091e-13,
                6.224144618674293e-11,
                0.9999999994890176,
                1.3176514261133168e-10,
                3.160881452163749e-10
            ],
            [
                9.056076943622019e-11,
                5.789356299291329e-12,
                6.560200134794656e-12,
                2.3355930269226667e-09,
                0.9999999975614966
            ],
            [
                1.3176514216896146e-10,
                0.0,
                0.0,
                5.492788328777907e-11,
                0.9999999998133069
            ]
        ],
        [
            [
                5.602796386829575e-09,
                8.878265398107577e-13,
                0.0,
                4.847368662399505e-11,
                0.9999999943478421
            ],
            [
                6.22414460896218e-11,
                8.878265458567325e-13,
                0.0,
                1.1628233004167155e-10,
                0.9999999998205884
            ],
            [
                3.9789625029376165e-12,
                4.599055340625522e-10,
                0.9999999917743855,
                4.363462216864884e-09,
                3.3982677913968595e-09
            ],
            [
                4.508755211346465e-12,
                2.4133627552677504e-12,
                7.433680621326969e-12,
                3.850741896335898e-09,
                0.9999999961349022
            ],
            [
                7.991959845801688e-11,
                0.0,
                0.0,
                2.1724399222617082e-10,
                0.9999999997028364
            ]
        ],
        [
            [
                1.1861119984406656e-08,
                2.7346982531028618e-12,
                0.0,
                1.493094655182875e-10,
                0.999999987986836
            ],
            [
                2.289734841611534e-11,
                1.0060392775108928e-12,
                8.87826546281807e-13,
                1.317651424688129e-10,
                0.9999999998434437
            ],
            [
                1.2015425729495863e-13,
                6.560200166911167e-12,
                0.999999999901144,
                1.225606744177798e-11,
                7.991959891440122e-11
            ],
            [
                0.0,
                2.882350784693715e-13,
                8.878265451505691e-13,
                2.061153616180999e-09,
                0.9999999979376704
            ],
            [
                9.237449492242564e-09,
                1.0815941358554601e-11,
                0.0,
                9.736200134117536e-10,
                0.9999999897781147
            ]
        ],
        [
            [
                6.348800067491697e-09,
                0.0,
                0.0,
                4.8473686692003594e-11,
                0.9999999936027262
            ],
            [
                3.331544532896364e-11,
                0.0,
                0.0,
                1.026187960314813e-10,
                0.9999999998640658
            ],
            [
                1.4637785128432727e-12,
                1.0261879622709916e-10,
                0.9999999991570652,
                4.5990553746223935e-10,
                2.7894680904246525e-10
            ],
            [
                1.6586025821940781e-12,
                3.774962077258976e-11,
                1.4930264641674885e-10,
                4.53978556667121e-05,
                0.9999546019556225
            ],
            [
                1.2501528604107795e-09,
                0.0,
                0.0,
                1.317651420710928e-10,
                0.9999999986180821
            ]
        ],
        [
            [
                0.9999999815240891,
                1.725782764465853e-08,
                7.991959733973713e-11,
                2.789468037379376e-10,
                8.592166448254265e-10
            ],
            [
                9.056076936126721e-11,
                2.1297851583629386e-12,
                0.0,
                2.1724399222339643e-10,
                0.9999999996900655
            ],
            [
                8.878265474801224e-13,
                5.49278834869129e-11,
                0.999999999625685,
                1.49309467558191e-10,
                1.6918979219179562e-10
            ],
            [
                1.8795288146399965e-12,
                0.0,
                0.0,
                1.4930946746885327e-10,
                0.9999999998488109
            ],
            [
                2.28973483663343e-11,
                0.0,
                0.0,
                6.224144598410292e-11,
                0.9999999999148612
            ]
        ],
        [
            [
                0.9999999941263631,
                4.363462225040328e-09,
                4.2777878416134936e-11,
                2.1724399211867454e-10,
                1.2501528583922922e-09
            ],
            [
                2.940077729023866e-11,
                0.0,
                0.0,
                6.224144601186078e-11,
                0.9999999999083578
            ],
            [
                4.752193045067133e-13,
                3.775134530215053e-11,
                0.9999999963173358,
                2.4616969426444755e-10,
                3.3982678068350217e-09
            ],
            [
                0.0,
                1.2917799994806297e-12,
                3.511422098955031e-12,
                2.998960812540515e-09,
                0.9999999969962359
            ],
            [
                1.4930946706140434e-10,
                0.0,
                0.0,
                1.917171506589443e-10,
                0.9999999996589735
            ]
        ],
        [
            [
                7.991959882141052e-11,
                0.0,
                0.0,
                2.289734842547611e-11,
                0.9999999998971831
            ],
            [
                2.461696939861873e-10,
                0.0,
                0.0,
                2.461696939861873e-10,
                0.9999999995076607
            ],
            [
                8.878264995567367e-13,
                7.991959458268145e-11,
                0.9999999456580871,
                1.1032559723370317e-09,
                5.3157849652968064e-08
            ],
            [
                8.87826545753616e-13,
                0.0,
                2.4133627661456173e-12,
                1.1032560297434992e-09,
                0.9999999988934427
            ],
            [
                8.592166579492097e-10,
                2.73469827896196e-12,
                0.0,
                3.5817479137412577e-10,
                0.9999999987798738
            ]
        ],
        [
            [
                2.789468087965606e-10,
                0.0,
                0.0,
                6.224144611967e-11,
                0.9999999996588118
            ],
            [
                2.4616969397811857e-10,
                0.0,
                0.0,
                2.7894680792323906e-10,
                0.9999999994748836
            ],
            [
                9.357622967665221e-14,
                6.560200167330072e-12,
                0.9999999999366804,
                1.3887943863220235e-11,
                4.277787868431874e-11
            ],
            [
                1.139991839990763e-12,
                1.879528795017348e-12,
                6.560200093035541e-12,
                1.0467401674886612e-08,
                0.9999999895230186
            ],
            [
                5.6027963995694635e-09,
                0.0,
                0.0,
                7.052879803317748e-11,
                0.9999999943266749
            ]
        ],
        [
            [
                0.9999999812522996,
                1.7257827651329772e-08,
                7.052879713538992e-11,
                3.1608813926576763e-10,
                1.1032560108234897e-09
            ],
            [
                4.599055362895591e-10,
                3.511422101346103e-12,
                0.0,
                3.1608814434842637e-10,
                0.9999999992204949
            ],
            [
                4.4202281030524894e-14,
                5.789356327959628e-12,
                0.9999999999573812,
                1.3887943863114432e-11,
                2.2897348453406074e-11
            ],
            [
                6.101936666781659e-13,
                0.0,
                7.835041771166528e-13,
                6.691586079423192e-10,
                0.9999999993294477
            ],
            [
                3.850741878664479e-09,
                2.4133627441925997e-12,
                0.0,
                4.058652079991328e-10,
                0.9999999957409795
            ]
        ],
        [
            [
                8.592166574719587e-10,
                3.978962515250712e-12,
                0.0,
                4.599055354857526e-10,
                0.9999999986768988
            ],
            [
                8.592166600363372e-10,
                0.0,
                0.0,
                7.99195987545722e-11,
                0.9999999990608637
            ],
            [
                1.3615261077231318e-13,
                1.3887943861225396e-11,
                0.9999999998107203,
                2.5946094975779996e-11,
                1.493094675795224e-10
            ],
            [
                5.7893235257682576e-12,
                1.5737012939166304e-11,
                6.22410935639966e-11,
                4.7850948426857366e-06,
                0.99999521482139
            ],
            [
                1.1032560279349437e-09,
                0.0,
                0.0,
                2.461696941978445e-10,
                0.9999999986505743
            ]
        ],
        [
            [
                8.152020628013465e-09,
                1.658678341323027e-12,
                0.0,
                1.1628232906897107e-10,
                0.9999999917300383
            ],
            [
                1.2256067408936943e-11,
                0.0,
                0.0,
                5.211412472937047e-10,
                0.9999999994666027
            ],
            [
                1.4281559191904033e-08,
                1.4567600307928949e-06,
                0.9377272412910962,
                0.0023243932957733287,
                0.059946894371540584
            ],
            [
                2.413362765228023e-12,
                1.4637785101196583e-12,
                2.734698284107213e-12,
                2.061153616797337e-09,
                0.9999999979322345
            ],
            [
                1.9171715097841682e-10,
                0.0,
                0.0,
                6.224144610005628e-11,
                0.9999999997460414
            ]
        ],
        [
            [
                1.4166087816565138e-09,
                3.978962521830675e-12,
                1.6586783530754266e-12,
                2.789468083049565e-10,
                0.9999999982988068
            ],
            [
                5.492788342586614e-11,
                1.139991851307618e-12,
                0.0,
                2.1724399317693816e-10,
                0.9999999997266882
            ],
            [
                2.244777051054739e-13,
                1.5737102079057444e-11,
                0.9999999982625281,
                1.1628233009675363e-10,
                1.605228052349378e-09
            ],
            [
                2.12978513746143e-12,
                3.0988190899878263e-12,
                9.545034772729343e-12,
                1.1861119964808317e-08,
                0.9999999881241064
            ],
            [
                4.599055363587334e-10,
                0.0,
                0.0,
                1.6918979170730332e-10,
                0.9999999993709048
            ]
        ],
        [
            [
                1.1032560298767696e-09,
                0.0,
                0.0,
                2.940077732710715e-11,
                0.9999999988673431
            ],
            [
                6.560200158499507e-12,
                0.0,
                0.0,
                4.8473686991366604e-11,
                0.999999999944966
            ],
            [
                5.384940216822503e-13,
                3.7751345436260425e-11,
                0.9999999998754852,
                3.7751345436260425e-11,
                4.847368705431717e-11
            ],
            [
                0.0,
                9.042476432879989e-11,
                5.896435321865826e-10,
                0.0015011820343804375,
                0.9984988172855512
            ],
            [
                2.2897348422515156e-11,
                0.0,
                0.0,
                4.277787862628101e-11,
                0.9999999999343248
            ]
        ],
        [
            [
                9.736200273332604e-10,
                0.0,
                0.0,
                1.0261879589882681e-10,
                0.9999999989237611
            ],
            [
                9.545034911810588e-12,
                0.0,
                0.0,
                4.277787864025678e-11,
                0.9999999999476772
            ],
            [
                5.3849401050459e-13,
                3.3315444724363576e-11,
                0.9999999791603125,
                1.2501528402207328e-09,
                1.9555680678545237e-08
            ],
            [
                0.0,
                0.0,
                6.914400093537042e-13,
                5.211412477786521e-10,
                0.9999999994781672
            ],
            [
                4.2777878597025694e-11,
                0.0,
                0.0,
                6.224144609425209e-11,
                0.9999999998949807
            ]
        ],
        [
            [
                1.3176514246866074e-10,
                0.0,
                0.0,
                2.5946094937023282e-11,
                0.9999999998422888
            ],
            [
                2.020683906395812e-11,
                0.0,
                0.0,
                2.940077735463076e-11,
                0.9999999999503923
            ],
            [
                1.0603575990216947e-13,
                8.423463753430448e-12,
                0.9999999999673099,
                8.423463753430448e-12,
                1.573710210492329e-11
            ],
            [
                7.058404930091381e-09,
                1.187042322600508e-06,
                0.000894678372408559,
                0.017970095757073618,
                0.9811340317697903
            ],
            [
                1.3887943827944747e-11,
                0.0,
                0.0,
                3.1608814458881446e-10,
                0.999999999670024
            ]
        ],
        [
            [
                1.955568065864895e-08,
                1.4637784819993879e-12,
                0.0,
                5.4927882304008026e-11,
                0.9999999803879276
            ],
            [
                2.0206839034261367e-11,
                0.0,
                0.0,
                1.026187960328265e-10,
                0.9999999998771745
            ],
            [
                3.442477108281933e-14,
                3.511422113184702e-12,
                0.9999999999938491,
                2.1297851708394467e-12,
                4.752193062511566e-13
            ],
            [
                5.1014161278576405e-12,
                1.6893570070336787e-10,
                1.4144813040742482e-09,
                0.9984988163883528,
                0.0015011820231287656
            ],
            [
                2.1724399209641986e-10,
                3.5114220905620328e-12,
                4.508755213000454e-12,
                6.691586047816081e-10,
                0.9999999991055772
            ]
        ],
        [
            [
                6.691586072770046e-10,
                0.0,
                0.0,
                3.7751345338292856e-11,
                0.9999999992930901
            ],
            [
                1.57371020635298e-11,
                6.914400087900967e-13,
                0.0,
                9.05607696473639e-11,
                0.9999999998930107
            ],
            [
                6.431393939869113e-14,
                8.423463752395476e-12,
                0.999999999833801,
                2.594609497637885e-11,
                1.317651426685248e-10
            ],
            [
                4.22730524760316e-11,
                2.9635697749853695e-09,
                5.952489013991161e-08,
                0.32082128692704914,
                0.6791786505422179
            ],
            [
                4.847368682332858e-11,
                2.413362759915485e-12,
                2.7346982780873186e-12,
                5.211412462153411e-10,
                0.9999999994252371
            ]
        ],
        [
            [
                1.4166087815379977e-09,
                6.560200144512019e-12,
                3.5114221007219897e-12,
                3.581747917375218e-10,
                0.9999999982151448
            ],
            [
                1.7832472859769034e-11,
                0.0,
                0.0,
                4.8473686931199276e-11,
                0.9999999999336939
            ],
            [
                3.442477108234703e-14,
                3.978962535565301e-12,
                0.9999999999801295,
                7.43368067184414e-12,
                8.423463753892952e-12
            ],
            [
                1.0060392365154953e-12,
                1.658678288402014e-12,
                5.789356082618831e-12,
                4.1399375427919215e-08,
                0.9999999585921706
            ],
            [
                4.847368681428997e-11,
                0.0,
                0.0,
                1.3176514202569924e-10,
                0.9999999998197611
            ]
        ],
        [
            [
                1.2501528610330516e-09,
                0.0,
                0.0,
                3.331544527899309e-11,
                0.9999999987165318
            ],
            [
                4.8473686931683526e-11,
                0.0,
                2.7346982842002867e-12,
                3.160881445770179e-10,
                0.9999999996327034
            ],
            [
                5.675685232160793e-14,
                3.978962535506391e-12,
                0.9999999999717784,
                3.978962535506391e-12,
                2.0206839088541983e-11
            ],
            [
                1.1399918490762924e-12,
                0.0,
                1.8795288099968532e-12,
                2.0611536152641317e-09,
                0.999999997935827
            ],
            [
                1.2501528633134822e-09,
                1.1399918502419048e-12,
                1.1399918502419048e-12,
                1.0261879606475033e-10,
                0.9999999986449484
            ]
        ],
        [
            [
                9.056076967062718e-11,
                0.0,
                0.0,
                7.052879833503358e-11,
                0.9999999998389104
            ],
            [
                6.560200158499507e-12,
                0.0,
                0.0,
                4.8473686991366604e-11,
                0.999999999944966
            ],
            [
                1.5428112027507726e-13,
                1.2256067440595273e-11,
                0.999999999747399,
                4.847368704884313e-11,
                1.917171513210161e-10
            ],
            [
                0.0,
                3.9789552556644794e-12,
                1.5737073313221076e-11,
                2.260325271333023e-06,
                0.9999977396550126
            ],
            [
                1.1032560259609752e-09,
                2.4133627578713797e-12,
                0.0,
                3.1608814360272987e-10,
                0.9999999985782424
            ]
        ],
        [
            [
                1.162823300990114e-10,
                0.0,
                0.0,
                2.5946094937424998e-11,
                0.9999999998577715
            ],
            [
                4.8473686868718886e-11,
                0.0,
                0.0,
                1.0261879590635547e-10,
                0.9999999998489075
            ],
            [
                1.1399918525360052e-12,
                7.052879847967108e-11,
                0.9999999996339952,
                1.0261879627125868e-10,
                1.9171715129033983e-10
            ],
            [
                6.101936668464995e-13,
                0.0,
                1.0060392777763316e-12,
                2.461696948127913e-10,
                0.999999999752214
            ],
            [
                1.4930946722902313e-10,
                0.0,
                0.0,
                1.3176514235616906e-10,
                0.9999999997189253
            ]
        ],
        [
            [
                0.9999999949007781,
                4.944450474149036e-09,
                1.5737102018414672e-11,
                9.056076938774425e-11,
                4.847368679026283e-11
            ],
            [
                4.5990553526554414e-10,
                2.1297851589168434e-12,
                0.0,
                2.4616969379002597e-10,
                0.999999999291795
            ],
            [
                3.9789625123134406e-12,
                4.058652102480765e-10,
                0.9999999941307343,
                2.061153610252928e-09,
                3.398267799404364e-09
            ],
            [
                5.789356446892754e-12,
                2.5946095512330464e-11,
                5.492788463063764e-11,
                6.475946132071445e-07,
                0.9999993523187235
            ],
            [
                1.2256067417429931e-11,
                0.0,
                0.0,
                1.0261879609371748e-10,
                0.9999999998851252
            ]
        ],
        [
            [
                2.789468084340724e-10,
                0.0,
                0.0,
                1.31765142298111e-10,
                0.9999999995892881
            ],
            [
                2.46169693958615e-10,
                0.0,
                0.0,
                3.581747912489749e-10,
                0.9999999993956554
            ],
            [
                4.752193059724509e-13,
                2.020683907726751e-11,
                0.9999999995506144,
                7.05287984659054e-11,
                3.5817479279869126e-10
            ],
            [
                0.0,
                1.6586785683925903e-12,
                9.545036128305354e-12,
                1.8553915969376816e-07,
                0.9999998144496366
            ],
            [
                2.5946094830333633e-11,
                0.0,
                0.0,
                2.461696937353131e-10,
                0.9999999997278841
            ]
        ],
        [
            [
                4.139937537388912e-08,
                1.2917799481851314e-12,
                0.0,
                7.991959542776782e-11,
                0.9999999585194133
            ],
            [
                1.78324728530918e-11,
                0.0,
                0.0,
                7.052879829337648e-11,
                0.9999999999116387
            ],
            [
                1.2015425730365998e-13,
                7.433680671482458e-12,
                0.9999999999452429,
                1.388794386333915e-11,
                3.331544541776626e-11
            ],
            [
                3.098819488375693e-12,
                6.560200908371022e-12,
                2.5946097910380656e-11,
                7.734422779851592e-08,
                0.999999922620167
            ],
            [
                4.2777878354848647e-11,
                0.0,
                0.0,
                5.905303952720619e-10,
                0.9999999993666917
            ]
        ],
        [
            [
                0.9999999915759726,
                8.152020639616001e-09,
                4.277787829689137e-11,
                1.4930946624871454e-10,
                7.99195981956949e-11
            ],
            [
                2.5946094927187413e-11,
                0.0,
                0.0,
                5.492788339188979e-11,
                0.999999999919126
            ],
            [
                1.0603575990542436e-13,
                4.508755241877519e-12,
                0.999999999987365,
                3.5114221130515134e-12,
                4.508755241877519e-12
            ],
            [
                1.0060392756736041e-12,
                0.0,
                1.2917800001510331e-12,
                2.3355930304191273e-09,
                0.9999999976621092
            ],
            [
                7.991959849555711e-11,
                0.0,
                0.0,
                4.058652104436258e-10,
                0.9999999995142153
            ]
        ],
        [
            [
                5.602796383271116e-09,
                1.0815941452527377e-11,
                4.508755198625061e-12,
                6.691586026481106e-10,
                0.9999999937127203
            ],
            [
                3.5817479185165823e-10,
                3.511422101840944e-12,
                3.098819128541723e-12,
                8.592166590947507e-10,
                0.9999999987759982
            ],
            [
                2.244777054495897e-13,
                1.7832472903975182e-11,
                0.999999999846009,
                3.3315445413871284e-11,
                1.0261879629301527e-10
            ],
            [
                1.2917801677499383e-12,
                5.78935705908437e-12,
                1.2256068990258317e-11,
                1.8553915966820653e-07,
                0.9999998144415031
            ],
            [
                2.3355930277761326e-09,
                0.0,
                0.0,
                4.847368683392325e-11,
                0.9999999976159333
            ]
        ],
        [
            [
                7.582560407953504e-10,
                0.0,
                0.0,
                5.4927883364968647e-11,
                0.999999999186816
            ],
            [
                2.789468085204591e-10,
                1.2917800012367055e-12,
                0.0,
                1.3176514233891717e-10,
                0.9999999995879962
            ],
            [
                7.835041782955118e-13,
                4.8473687049652955e-11,
                0.9999999997567361,
                1.3176514266548216e-10,
                6.224144621232181e-11
            ],
            [
                2.4133628818845125e-12,
                5.1090892610419265e-12,
                1.783247372132161e-11,
                5.043472045833454e-07,
                0.9999994956274405
            ],
            [
                7.582560395262664e-10,
                0.0,
                0.0,
                1.493094669768147e-10,
                0.9999999990924344
            ]
        ],
        [
            [
                8.592166580726496e-10,
                0.0,
                0.0,
                2.172439925357938e-10,
                0.9999999989235393
            ],
            [
                7.991959866380264e-11,
                0.0,
                0.0,
                2.4616969436301186e-10,
                0.9999999996739106
            ],
            [
                2.2447770547196154e-13,
                1.0815941555833665e-11,
                0.9999999999456708,
                1.388794386309958e-11,
                2.9400777388897704e-11
            ],
            [
                1.1399897938339933e-12,
                2.1297813238443505e-12,
                3.511415770562059e-12,
                1.7603431323761058e-06,
                0.9999982396500864
            ],
            [
                8.592166597305776e-10,
                7.835041765123051e-13,
                0.0,
                7.991959872613215e-11,
                0.9999999990600803
            ]
        ],
        [
            [
                4.139937536914952e-08,
                3.978962361038771e-12,
                0.0,
                1.9171714295356934e-10,
                0.9999999584049284
            ],
            [
                6.691586063540458e-10,
                0.0,
                0.0,
                7.991959859808509e-11,
                0.9999999992509219
            ],
            [
                5.6756852321328184e-14,
                3.97896253548678e-12,
                0.9999999999741633,
                9.545034921999919e-12,
                1.2256067443019991e-11
            ],
            [
                6.914084228153483e-13,
                3.098677571671226e-12,
                9.54459886562612e-12,
                4.539785570334614e-05,
                0.999954602130962
            ],
            [
                2.998960810884799e-09,
                0.0,
                0.0,
                5.492788325363142e-11,
                0.9999999969461113
            ]
        ],
        [
            [
                3.3982678022483028e-09,
                1.1399918472587092e-12,
                0.0,
                7.052879815317634e-11,
                0.9999999965300634
            ],
            [
                5.492788337003933e-11,
                0.0,
                0.0,
                1.493094672404957e-10,
                0.9999999997957627
            ],
            [
                8.878265473821651e-13,
                4.277787866734281e-11,
                0.9999999995938822,
                1.1628233024146379e-10,
                2.461696950529394e-10
            ],
            [
                8.878265425899453e-13,
                0.0,
                1.1399918462954915e-12,
                4.944450472667011e-09,
                0.9999999950535217
            ],
            [
                2.646573619843511e-09,
                2.1297851556130626e-12,
                0.0,
                1.9171714999472332e-10,
                0.9999999971595794
            ]
        ],
        [
            [
                1.493094674002328e-10,
                0.0,
                0.0,
                7.052879840744489e-11,
                0.9999999997801616
            ],
            [
                7.433680635447493e-12,
                0.0,
                3.09881912333766e-12,
                5.905303969627009e-10,
                0.999999999398937
            ],
            [
                2.244777054178309e-13,
                1.3887943859750636e-11,
                0.9999999997938005,
                2.2897348447860112e-11,
                1.69189792198001e-10
            ],
            [
                0.0,
                1.1399918448243068e-12,
                1.4637785035711576e-12,
                6.348800070264892e-09,
                0.9999999936485962
            ],
            [
                1.7832472877778046e-11,
                0.0,
                0.0,
                7.991959879343784e-11,
                0.999999999902248
            ]
        ],
        [
            [
                5.211412475798241e-10,
                1.8795288121786406e-12,
                0.0,
                1.9171715093105395e-10,
                0.9999999992852622
            ],
            [
                2.789468083525388e-10,
                1.1399918492258655e-12,
                0.0,
                7.052879827488001e-11,
                0.9999999996493845
            ],
            [
                2.4133627702002846e-12,
                1.6918979214703587e-10,
                0.9999999993939088,
                2.172439933609101e-10,
                2.172439933609101e-10
            ],
            [
                3.5114156885503763e-12,
                1.3887918454283725e-11,
                4.847359837071354e-11,
                1.0677030747042347e-06,
                0.9999989322310523
            ],
            [
                7.582560408117381e-10,
                0.0,
                0.0,
                3.3315445334693046e-11,
                0.9999999992084285
            ]
        ],
        [
            [
                4.0586521196821157e-10,
                0.0,
                0.0,
                1.7832472878297492e-11,
                0.9999999995763023
            ],
            [
                2.4616969402449347e-10,
                0.0,
                0.0,
                9.05607694710756e-11,
                0.9999999996632696
            ],
            [
                6.101936666492024e-13,
                7.052879838266932e-11,
                0.9999999982950081,
                2.1724399311224082e-10,
                1.4166087840631632e-09
            ],
            [
                1.1399918511475018e-12,
                0.0,
                0.0,
                2.461696947719321e-10,
                0.9999999997526903
            ],
            [
                2.6465736144434542e-09,
                2.734698266311563e-12,
                0.0,
                2.4616969290587733e-10,
                0.9999999971045219
            ]
        ],
        [
            [
                1.1253518360091036e-07,
                2.4133629623038514e-12,
                0.0,
                9.056077704408662e-11,
                0.9999998873718423
            ],
            [
                4.847368694973633e-11,
                2.1297851659923953e-12,
                1.4637785107146244e-12,
                2.172439930016222e-10,
                0.9999999997306888
            ],
            [
                5.789356296432412e-12,
                5.211412458814591e-10,
                0.9999999944695737,
                1.6052280462302048e-09,
                3.398267800536475e-09
            ],
            [
                0.0,
                1.0060392727799664e-12,
                1.2917799964355287e-12,
                5.6027964013190506e-09,
                0.9999999943949058
            ],
            [
                7.194132941418555e-09,
                2.4133627420082956e-12,
                0.0,
                2.1724399082314814e-10,
                0.9999999925862096
            ]
        ],
        [
            [
                0.9999999920513182,
                7.194132967686514e-09,
                4.847368664064517e-11,
                2.461696930381542e-10,
                4.599055338608627e-10
            ],
            [
                1.0261879606178947e-10,
                4.752193050951685e-13,
                0.0,
                4.8473686942140704e-11,
                0.9999999998484324
            ],
            [
                7.287724094195688e-14,
                5.10908902692481e-12,
                0.9999999998677196,
                1.0815941554875457e-11,
                1.1628233027629722e-10
            ],
            [
                2.1297853328310712e-12,
                1.0815942379356228e-11,
                3.775134831209908e-11,
                8.315279892970197e-07,
                0.9999991684213136
            ],
            [
                1.2501528559261795e-09,
                5.109088985313395e-12,
                5.109088985313395e-12,
                7.582560364465384e-10,
                0.999999997981373
            ]
        ],
        [
            [
                1.6918979195690986e-10,
                0.0,
                0.0,
                2.5946094936052256e-11,
                0.9999999998048641
            ],
            [
                1.783247288477224e-11,
                0.0,
                0.0,
                4.277787863361831e-11,
                0.9999999999393896
            ],
            [
                1.7482341278057365e-13,
                2.0206839084843797e-11,
                0.9999999998831435,
                2.59460949758587e-11,
                7.052879849234923e-11
            ],
            [
                1.8795288143248625e-12,
                0.0,
                8.87826546800042e-13,
                3.1608814505899457e-10,
                0.9999999996811444
            ],
            [
                3.1608814322476535e-10,
                0.0,
                0.0,
                3.1608814322476535e-10,
                0.9999999993678237
            ]
        ],
        [
            [
                6.69158607030451e-10,
                0.0,
                0.0,
                1.3176514228767108e-10,
                0.9999999991990762
            ],
            [
                2.594609491000443e-11,
                0.0,
                0.0,
                1.3176514233144768e-10,
                0.9999999998422888
            ],
            [
                1.2917800039207971e-12,
                7.052879846388333e-11,
                0.9999999993531246,
                1.6918979214819434e-10,
                4.0586521237573187e-10
            ],
            [
                1.6586785319968568e-12,
                2.734698576956881e-12,
                1.0815942685926187e-11,
                8.764249133990501e-08,
                0.9999999123422993
            ],
            [
                6.348800031144046e-09,
                5.789356251312207e-12,
                0.0,
                6.691586001809226e-10,
                0.9999999929762521
            ]
        ],
        [
            [
                0.9999999733523454,
                2.2159489168039336e-08,
                1.16282327125747e-10,
                5.211412345529358e-10,
                3.850741817577619e-09
            ],
            [
                3.331544536546039e-11,
                0.0,
                0.0,
                4.8473686980926615e-11,
                0.9999999999182108
            ],
            [
                9.357622966622716e-14,
                8.423463752472554e-12,
                0.9999999997963471,
                2.5946094976616266e-11,
                1.6918979222142043e-10
            ],
            [
                8.42213063852522e-12,
                3.7745370831637825e-11,
                4.277110856830411e-11,
                0.0001584362466771082,
                0.9998415636643843
            ],
            [
                3.1608814368040363e-10,
                0.0,
                0.0,
                2.7894680774167074e-10,
                0.9999999994049651
            ]
        ],
        [
            [
                0.9999999522872683,
                4.691163792830613e-08,
                6.224144319070017e-11,
                2.789467956698285e-10,
                4.5990551541448867e-10
            ],
            [
                6.224144600972611e-11,
                3.0988191278009465e-12,
                0.0,
                4.5990553624442947e-10,
                0.9999999994747542
            ],
            [
