{
    "[['E', 'D', 'C', 'B', 'A'], ['E', 'D', 'C', 'B', 'A']]": [
        [
            [
                0.9999999936398891,
                6.348800071416254e-09,
                2.413362754869037e-12,
                7.433680620098845e-12,
                1.4637785038366155e-12
            ],
            [
                0.9999999748655817,
                2.510999089492346e-08,
                6.56019999506571e-12,
                1.573710169164621e-11,
                2.1297851147623167e-12
            ],
            [
                7.287724095302432e-14,
                5.109089027700697e-12,
                0.9999999999912645,
                2.4133627716619204e-12,
                1.1399918529634421e-12
            ],
            [
                7.039293442036306e-11,
                4.355056639292678e-09,
                9.912063223666841e-08,
                0.8807969990179598,
                0.11920289743595831
            ],
            [
                2.7346982854829365e-12,
                0.0,
                7.835041767561989e-13,
                1.6918979188356644e-10,
                0.9999999998272919
            ]
        ],
        [
            [
                0.9999999965807662,
                3.3982678052988415e-09,
                3.978962519215164e-12,
                1.3887943806947276e-11,
                3.09881912577654e-12
            ],
            [
                0.9999999226357755,
                7.734422799610411e-08,
                3.97896299496659e-12,
                1.3887945467482916e-11,
                2.129785416710017e-12
            ],
            [
                1.3414288300380615e-08,
                1.4710567375999912e-05,
                0.7772878512688933,
                0.22269669235341877,
                7.323960236789765e-07
            ],
            [
                7.016063023838198e-11,
                1.1799203768092404e-08,
                2.0914589108498616e-07,
                0.9947796531607819,
                0.005220125823962736
            ],
            [
                2.129785165812585e-12,
                1.1399918502913985e-12,
                2.129785165812585e-12,
                5.90530398468337e-10,
                0.99999999940407
            ]
        ],
        [
            [
                0.9999999991295612,
                8.59216660662122e-10,
                1.6586783564909533e-12,
                7.433680661491811e-12,
                2.1297851678442346e-12
            ],
            [
                0.9999999123262329,
                8.764249139385262e-08,
                6.56020085674692e-12,
                2.0206841211238366e-11,
                4.5087557155575086e-12
            ],
            [
                1.4637785035954623e-12,
                1.4166087764520893e-09,
                0.9999999928765122,
                5.602796397230658e-09,
                1.0261879557877759e-10
            ],
            [
                1.479150979206587e-11,
                6.289510007731645e-10,
                3.1940767357799025e-09,
                0.06008665413559663,
                0.939913342026584
            ],
            [
                3.5114219956860664e-12,
                3.0988190348603723e-12,
                1.7832472310464992e-11,
                3.224186629193402e-08,
                0.999999967733691
            ]
        ],
        [
            [
                0.9999999634203416,
                3.6534820776331555e-08,
                8.423463440704588e-12,
                3.3315444180703196e-11,
                3.098819023294479e-12
            ],
            [
                0.9999999226382452,
                7.734422801099504e-08,
                3.9789629957326515e-12,
                1.225606886067708e-11,
                1.2917801540921762e-12
            ],
            [
                8.575352803236778e-10,
                3.9201734598448844e-07,
                0.11919916793200074,
                0.8807692973980513,
                3.1141795066711075e-05
            ],
            [
                5.484539456350578e-11,
                7.183329110468404e-09,
                3.05442926139665e-07,
                0.9984985052176684,
                0.001501182101230948
            ],
            [
                2.9400776716704534e-11,
                7.433680501397175e-12,
                4.27778777059118e-11,
                2.2159489263756266e-08,
                0.9999999777608984
            ]
        ],
        [
            [
                0.9999999748654089,
                2.5109990904735526e-08,
                5.109088895258647e-12,
                1.7832472444612517e-11,
                1.6586783157988647e-12
            ],
            [
                0.9999999397447281,
                6.023574635309858e-08,
                3.978963062587278e-12,
                1.3887945703502307e-11,
                1.658678578496316e-12
            ],
            [
                9.545034727046328e-12,
                1.955568068671096e-08,
                0.9999999795422423,
                8.592166442925697e-10,
                3.3315444738274867e-11
            ],
            [
                1.7830262919785102e-11,
                3.850264698163073e-09,
                8.31425667283399e-07,
                0.9998757701963973,
                0.00012339450984049703
            ],
            [
                1.8795288091231885e-12,
                7.835041754150341e-13,
                2.1297851625524755e-12,
                2.335593029583989e-09,
                0.9999999976596141
            ]
        ],
        [
            [
                0.9999998874237461,
                1.1253518372913717e-07,
                6.56020069338159e-12,
                2.9400779746752466e-11,
                5.109089437111156e-12
            ],
            [
                0.9999999123335688,
                8.764249142117932e-08,
                5.789356938217072e-12,
                1.5737103763618762e-11,
                2.413363025904954e-12
            ],
            [
                9.357622968120879e-14,
                8.423463753821157e-12,
                0.9999999999853741,
                3.978962535531387e-12,
                2.129785170792074e-12
            ],
            [
                3.294942558720105e-11,
                2.0385087771381455e-09,
                1.1129880805806985e-07,
                0.9890129441707453,
                0.010986942458988496
            ],
            [
                5.789356312870575e-12,
                1.2917800012471347e-12,
                2.129785165121189e-12,
                6.691586072961026e-10,
                0.9999999993216304
            ]
        ],
        [
            [
                0.9999999881188831,
                1.1861120003416125e-08,
                3.978962486213023e-12,
                1.3887943691758487e-11,
                2.129785144393856e-12
            ],
            [
                0.9999999397520624,
                6.023574635354036e-08,
                3.0988195489778956e-12,
                7.433681656505339e-12,
                1.6586785785084813e-12
            ],
            [
                1.6586783484526817e-12,
                3.160881434377508e-10,
                0.9999999937633688,
                5.602796402199535e-09,
                3.160881434377508e-10
            ],
            [
                3.173541647401981e-11,
                1.9634006928956397e-09,
                3.480211000194687e-08,
                0.9525740894895933,
                0.04742587371316058
            ],
            [
                4.5087551782053446e-12,
                2.413362737528587e-12,
                1.0815941403543022e-11,
                1.1861119982744519e-08,
                0.9999999881211421
            ]
        ],
        [
            [
                0.9999999918353576,
                8.152020644162674e-09,
                2.734698268006338e-12,
                8.42346368182008e-12,
                1.463778501501481e-12
            ],
            [
                0.9999999585841672,
                4.139937543295472e-08,
                3.5114219645292497e-12,
                1.0815941098803849e-11,
                2.1297850806753572e-12
            ],
            [
                8.817795000041607e-10,
                8.533652918137733e-07,
                0.6224583374451301,
                0.3775400552155719,
                7.530922267988542e-07
            ],
            [
                2.8383164233570305e-11,
                7.320114535092946e-10,
                6.129056860368361e-09,
                0.14804720257047713,
                0.8519527905400716
            ],
            [
                1.879528808069135e-12,
                8.878265438450457e-13,
                2.1297851613580763e-12,
                1.1032560273718177e-09,
                0.9999999988918469
            ]
        ],
        [
            [
                0.9999998144341196,
                1.8553915971211545e-07,
                5.789357060454455e-12,
                1.783247516201438e-11,
                3.098819530385354e-12
            ],
            [
                0.9999999530680856,
                4.69116379922435e-08,
                4.508755028340611e-12,
                1.3887943205938648e-11,
                1.8795287273496976e-12
            ],
            [
                1.707127615571781e-09,
                6.077795300556596e-07,
                0.7309185308839571,
                0.26888990097752885,
                0.00019095865185631662
            ],
            [
                5.342227675293685e-10,
                4.808920100841931e-08,
                1.8045339548073399e-06,
                0.9046488600228123,
                0.09534928681980911
            ],
            [
                6.560200142612859e-12,
                2.1297851626638625e-12,
                4.508755224740825e-12,
                2.0611536144138393e-09,
                0.9999999979256475
            ]
        ],
        [
            [
                0.9999999778066685,
                2.2159489257125487e-08,
                7.433680499172796e-12,
                2.2897347923025448e-11,
                3.5114220315723595e-12
            ],
            [
                0.9999999973421156,
                2.6465736303119486e-09,
                2.413362763993611e-12,
                7.433680648204511e-12,
                1.4637785093709494e-12
            ],
            [
                6.560199876137592e-12,
                4.139937534502859e-08,
                0.9999999555893144,
                2.9989606913636512e-09,
                5.789356071027271e-12
            ],
            [
                8.42126381320952e-12,
                9.733657526645185e-10,
                5.601333165015569e-09,
                0.9997388030920176,
                0.0002611903248623455
            ],
            [
                6.101936656606794e-13,
                5.384940199222898e-13,
                1.2917800003406071e-12,
                2.3355930307618853e-09,
                0.9999999976619665
            ]
        ],
        [
            [
                0.9999999895078436,
                1.0467401679464046e-08,
                4.508755192638561e-12,
                1.7832472711752056e-11,
                2.4133627452541313e-12
            ],
            [
                0.9999999936307391,
                6.348800071358163e-09,
                5.109088992103414e-12,
                1.3887943767214849e-11,
                1.463778503823222e-12
            ],
            [
                9.980081097544198e-10,
                2.4420453279117113e-07,
                0.9046026012767172,
                0.09534442002511336,
                5.273349562859867e-05
            ],
            [
                2.0167912921725883e-11,
                4.5901958235386317e-10,
                4.9349255825536445e-09,
                0.11920292284069271,
                0.8807970717451942
            ],
            [
                7.433680614970968e-12,
                2.734698270482503e-12,
                7.433680614970968e-12,
                3.850741893043409e-09,
                0.9999999961316559
            ]
        ],
        [
            [
                0.9999999865403113,
                1.3440409761237522e-08,
                3.511422063764165e-12,
                1.3887943668743383e-11,
                1.879528789983508e-12
            ],
            [
                0.9999997897244012,
                2.1024340656473828e-07,
                6.5602008336037785e-12,
                2.289735077910425e-11,
                2.7346985689927054e-12
            ],
            [
                1.006039273764255e-12,
                8.592166572038078e-10,
                0.9999999945845979,
                4.36346222900605e-09,
                1.9171715032408418e-10
            ],
            [
                1.2873735576973537e-10,
                1.1588567457606259e-08,
                4.92758897059415e-07,
                0.977022139465541,
                0.02297735605825712
            ],
            [
                5.109089006288971e-12,
                1.4637785078874519e-12,
                3.5114220984112312e-12,
                1.6052280483443129e-09,
                0.9999999983846877
            ]
        ],
        [
            [
                0.9999999979304859,
                2.061153616793733e-09,
                1.879528811391669e-12,
                5.7893563128755e-12,
                6.914400088003924e-13
            ],
            [
                0.9999999956153578,
                4.363462230891633e-09,
                3.978962515728356e-12,
                1.5737102027330722e-11,
                1.463778506728264e-12
            ],
            [
                3.2661313423361396e-13,
                1.2256067442405963e-11,
                0.9999999999781042,
                7.433680671325016e-12,
                1.8795288162793736e-12
            ],
            [
                5.4913540836590777e-11,
                8.149892073066785e-09,
                3.0582244382245776e-07,
                0.999738495634827,
                0.0002611903379237318
            ],
            [
                3.0988190877568664e-12,
                1.0060392627374172e-12,
                3.0988190877568664e-12,
                1.344040973008632e-08,
                0.9999999865523865
            ]
        ],
        [
            [
                0.9999999965703108,
                3.398267804531447e-09,
                5.789356303238326e-12,
                2.2897348355631422e-11,
                2.7346982795501524e-12
            ],
            [
                0.9999999936331432,
                6.3488000708077625e-09,
                4.508755210169435e-12,
                1.2256067356773618e-11,
                1.2917799955819177e-12
            ],
            [
                2.0206840786780535e-11,
                3.0590234618526585e-07,
                0.9999996521569251,
                4.13993806637273e-08,
                5.211412925436708e-10
            ],
            [
                5.4919923952889845e-11,
                1.5227772780254556e-08,
                2.1442300679235934e-05,
                0.9998551504957596,
                0.0001233919208684506
            ],
            [
                1.4637785021543665e-12,
                2.7346982692260885e-12,
                6.5602001145010476e-12,
                6.348800064119889e-09,
                0.9999999936404411
            ]
        ],
        [
            [
                0.9999999847546419,
                1.522997950353237e-08,
                3.0988190896492715e-12,
                9.54503477168652e-12,
                2.7346982482854976e-12
            ],
            [
                0.9999999907507074,
                9.237449570349401e-09,
                2.4133627478963934e-12,
                8.423463670920934e-12,
                1.0060392693049655e-12
            ],
            [
                7.042233726019907e-11,
                1.9526162333594018e-08,
                0.0015011705158827877,
                0.9984909324714207,
                7.877416111785124e-06
            ],
            [
                4.8057861993312626e-11,
                4.3260308730743794e-09,
                7.668073198778038e-08,
                0.9914224329440877,
                0.008577486001091561
            ],
            [
                1.6586783560735704e-12,
                0.0,
                8.878265463254697e-13,
                4.5990553707759514e-10,
                0.9999999995375479
            ]
        ],
        [
            [
                0.9999999907434923,
                9.237449569459717e-09,
                3.5114220782104487e-12,
                1.3887943725879543e-11,
                1.6586783423029592e-12
            ],
            [
                0.9999999847558612,
                1.522997950355094e-08,
                2.734698248288832e-12,
                9.54503477169816e-12,
                1.8795287867773663e-12
            ],
            [
                3.159495209232846e-10,
                8.760404546038884e-08,
                7.885864862664703e-06,
                0.9995614725822294,
                0.00043055363291286786
            ],
            [
                6.212153920105372e-11,
                3.843323537630042e-09,
                8.747364052694179e-08,
                0.7772997896955658,
                0.22270011892534858
            ],
            [
                2.41336276632438e-12,
                8.878265458193792e-13,
                3.511422105361206e-12,
                8.592166599561302e-10,
                0.9999999991339708
            ]
        ],
        [
            [
                0.9999999895033126,
                1.0467401678690295e-08,
                4.508755192305274e-12,
                2.2897348202587644e-11,
                1.879528795700338e-12
            ],
            [
                0.9999998144310699,
                1.8553915976140146e-07,
                7.433681613878809e-12,
                2.0206841649556875e-11,
                2.1297854407076785e-12
            ],
            [
                1.2256067255666744e-11,
                5.602796351396237e-09,
                0.999999984741633,
                9.237449519948046e-09,
                4.05865206407534e-10
            ],
            [
                2.4715567894096173e-11,
                1.5290980399864586e-09,
                6.852941973282668e-09,
                0.9525741165649957,
                0.04742587502824869
            ],
            [
                3.511422013228142e-12,
                2.413362703002313e-12,
                6.560199981051991e-12,
                2.510999084128419e-08,
                0.9999999748775241
            ]
        ],
        [
            [
                0.9999999530740138,
                4.6911637976661933e-08,
                3.511421945582494e-12,
                9.545034466729198e-12,
                1.2917799430580266e-12
            ],
            [
                0.9999999585725738,
                4.139937542102648e-08,
                5.109088810019775e-12,
                2.02068382278432e-11,
                2.734698174881572e-12
            ],
            [
                6.431393940964075e-14,
                3.9789625355353714e-12,
                0.9999999999946625,
                1.0060392792069925e-12,
                2.882350793225714e-13
            ],
            [
                1.2176966616655195e-10,
                1.0961356027735216e-08,
                6.78154437110515e-07,
                0.92414117439921,
                0.0758581363632273
            ],
            [
                3.0988191113940803e-12,
                2.4133627505503446e-12,
                1.3887943742489564e-11,
                7.194132966882044e-09,
                0.999999992786467
            ]
        ],
        [
            [
                0.999999982726986,
                1.7257827678317288e-08,
                3.5114220503739704e-12,
                9.545034751581965e-12,
                2.129785132742812e-12
            ],
            [
                0.9999999927939321,
                7.194132970547003e-09,
                3.511422084198968e-12,
                8.423463684475359e-12,
                0.0
            ],
            [
                1.2015425730450739e-13,
                1.783247290618578e-11,
                0.9999999999522955,
                2.020683908800051e-11,
                9.54503492179119e-12
            ],
            [
                3.7220405772522556e-11,
                2.609351894393735e-09,
                4.0817131140310246e-08,
                0.9859363298395722,
                0.01406362669672434
            ],
            [
                2.4133627638287228e-12,
                8.878265449012782e-13,
                2.129785163891847e-12,
                1.2501528622403136e-09,
                0.9999999987444161
            ]
        ],
        [
            [
                0.9999999881278528,
                1.1861120004345547e-08,
                2.129785144560743e-12,
                7.433680580224439e-12,
                1.4637784959848796e-12
            ],
            [
                0.9999999530704682,
                4.6911637985411545e-08,
                3.098818991222093e-12,
                1.0815941042461041e-11,
                3.978962346443834e-12
            ],
            [
                7.299369836281749e-10,
                3.336871513137885e-07,
                0.03732610142801505,
                0.9626529196618698,
                2.0644493026780115e-05
            ],
            [
                3.476757827064777e-10,
                2.1509939005456714e-08,
                2.969355487386055e-07,
                0.9706874593617257,
                0.02931222184511071
            ],
            [
                3.0988191209324337e-12,
                1.006039273507947e-12,
                2.734698275892791e-12,
                3.398267799986634e-09,
                0.9999999965948927
            ]
        ],
        [
            [
                0.9999999123414641,
                8.764249144021074e-08,
                3.0988194656293014e-12,
                1.0815942698304899e-11,
                2.1297853956357883e-12
            ],
            [
                0.9999999950477774,
                4.944450474875867e-09,
                1.879528806251738e-12,
                5.1090890000994214e-12,
                7.835041742180355e-13
            ],
            [
                1.0603575990534365e-13,
                8.423463753682604e-12,
                0.9999999999866038,
                3.97896253546594e-12,
                8.878265477631176e-13
            ],
            [
                0.0,
                4.2627382784420945e-10,
                4.582875544032338e-09,
                0.5621764979462196,
                0.4378234970446311
            ],
            [
                2.4133627568957323e-12,
                1.1399918459883886e-12,
                3.5114220916426045e-12,
                4.363462225936102e-09,
                0.999999995629473
            ]
        ],
        [
            [
                0.999999996584501,
                3.398267805881511e-09,
                3.511422099309652e-12,
                1.2256067395001318e-11,
                1.4637785082619694e-12
            ],
            [
                0.9999999634515293,
                3.6534820774215826e-08,
                3.0988190231150268e-12,
                9.545034566746619e-12,
                1.0060392417512844e-12
            ],
            [
                3.9008376097693246e-14,
                2.1297851707311737e-12,
                0.9999999999971567,
                5.384940217186128e-13,
                1.3615261079460644e-13
            ],
            [
                2.1724028148107852e-10,
                6.825486747919013e-08,
                3.7265894951212e-06,
                0.9999831978629975,
                1.300707539964756e-05
            ],
            [
                5.109089011856366e-12,
                7.835041760210212e-13,
                1.879528810576876e-12,
                1.1032560288438251e-09,
                0.9999999988889718
            ]
        ],
        [
            [
                0.9999999987384041,
                1.2501528639730043e-09,
                2.129785166843693e-12,
                7.433680657999576e-12,
                1.8795288129101744e-12
            ],
            [
                0.999999939740909,
                6.023574634505981e-08,
                4.508755838579099e-12,
                1.5737104188099518e-11,
                3.0988195485416144e-12
            ],
            [
                7.287724095110581e-14,
                5.1090890275662e-12,
                0.9999999999932585,
                1.1399918529334318e-12,
                4.193795657971479e-13
            ],
            [
                1.3724050768697265e-11,
                5.149912057236742e-10,
                4.88610051795399e-09,
                0.6791787083011233,
                0.32082128628406104
            ],
            [
                1.7832472807091187e-11,
                1.1399918465841126e-12,
                2.4133627581568794e-12,
                2.9989608078624353e-09,
                0.9999999969796534
            ]
        ],
        [
            [
                0.9999999981674668,
                1.8189616830025644e-09,
                2.7346982847505024e-12,
                9.545034898961893e-12,
                1.2917800015543608e-12
            ],
            [
                0.9999999715294215,
                2.8453347264922506e-08,
                3.511422011574346e-12,
                1.225606708877501e-11,
                1.4637784716884525e-12
            ],
            [
                5.49166767814135e-11,
                2.510486846092062e-08,
                0.9997960437376645,
                0.00020342685778792003,
                5.042447624235906e-07
            ],
            [
                7.987526202527973e-11,
                1.3432953630317664e-08,
                1.7593697268510476e-06,
                0.9994454495812783,
                0.0005527775361659921
            ],
            [
                1.388794382886226e-11,
                1.6586783546024907e-12,
                5.1090890147822295e-12,
                9.736200287700276e-10,
                0.9999999990057242
            ]
        ],
        [
            [
                0.9999999778263514,
                2.215948926718103e-08,
                1.879528773605369e-12,
                9.545034704805236e-12,
                2.734698229123689e-12
            ],
            [
                0.9999999748742079,
                2.5109990913445536e-08,
                3.9789624337890525e-12,
                1.0815941279889959e-11,
                1.0060392534814945e-12
            ],
            [
                3.978962483611443e-12,
                3.3982677748911714e-09,
                0.9999999869544387,
                9.237449540724624e-09,
                4.058652073203932e-10
            ],
            [
                5.156071541082426e-11,
                4.641347689085006e-09,
                1.0563658649615744e-07,
                0.7310584915730007,
                0.26894139809750445
            ],
            [
                3.098819126744837e-12,
                1.006039275394958e-12,
                2.7346982810222192e-12,
                8.59216658596524e-10,
                0.9999999991339439
            ]
        ],
        [
            [
                0.9999999881265819,
                1.1861119998963567e-08,
                2.734698256459101e-12,
                7.43368057685141e-12,
                2.1297851435943537e-12
            ],
            [
                0.9999999715289539,
                2.8453347264909202e-08,
                3.978962420478413e-12,
                1.225606708876928e-11,
                1.463778471687768e-12
            ],
            [
                7.287724095316997e-14,
                4.508755241983818e-12,
                0.9999999999932632,
                1.4637785140249398e-12,
                6.914400106463258e-13
            ],
            [
                3.4974074175495275e-11,
                2.4518718915167437e-09,
                2.052927200169039e-08,
                0.8175744659705169,
                0.18242551101336524
            ],
            [
                6.560200137124978e-12,
                0.0,
                1.6586783510689217e-12,
                3.58174791334203e-10,
                0.9999999996336064
            ]
        ],
        [
            [
                0.9999999943762377,
                5.6027964031086235e-09,
                3.978962511386898e-12,
                1.3887943779623944e-11,
                3.0988191196798807e-12
            ],
            [
                0.9999997617463691,
                2.3823698433312124e-07,
                3.0988193674283525e-12,
                1.2256068348651344e-11,
                1.2917801001250608e-12
            ],
            [
                1.75100420655765e-09,
                2.598723137305544e-07,
                0.9626400943703182,
                0.03732560745013023,
                3.403655623379555e-05
            ],
            [
                1.9968376064781793e-11,
                6.61261798266383e-10,
                3.3581645048759337e-09,
                0.3208212864637606,
                0.6791787094968448
            ],
            [
                5.1090889458029944e-12,
                2.1297851366645774e-12,
                6.560200062529423e-12,
                1.3440409734733904e-08,
                0.9999999865457911
            ]
        ],
        [
            [
                0.9999999973429732,
                2.646573630497861e-09,
                1.8795288105656247e-12,
                7.433680648726702e-12,
                1.1399918494212696e-12
            ],
            [
                0.9999999585827273,
                4.139937544875479e-08,
                3.5114219658693832e-12,
                1.2256066929249015e-11,
                2.1297850814881894e-12
            ],
            [
                1.2917799616429966e-12,
                4.058651990924418e-10,
                0.9999999666818182,
                3.224186629575018e-08,
                6.691585867806511e-10
            ],
            [
                4.556105574024577e-11,
                2.4875493569743857e-09,
                4.409286737544017e-08,
                0.9399133016993232,
                0.06008665167469899
            ],
            [
                5.78935630281098e-12,
                1.2917799990025355e-12,
                4.508755222108564e-12,
                2.6465736270600757e-09,
                0.9999999973418365
            ]
        ],
        [
            [
                0.9999999634464052,
                3.653482077034004e-08,
                3.9789623869730645e-12,
                1.0815941152630912e-11,
                3.9789623869730645e-12
            ],
            [
                0.9999997617451769,
                2.382369843727957e-07,
                3.5114223731197286e-12,
                1.0815942357351126e-11,
                3.5114223731197286e-12
            ],
            [
                7.433681551013501e-12,
                5.602797099788e-09,
                0.9999996864262587,
                3.059023566594906e-07,
                2.061153866066987e-09
            ],
            [
                1.0242110636562192e-10,
                6.336569471839937e-09,
                5.3055446614112516e-08,
                0.7772998145592731,
                0.22270012594628968
            ],
            [
                4.752193055046886e-13,
                0.0,
                5.384940209001295e-13,
                5.211412479417852e-10,
                0.999999999477845
            ]
        ],
        [
            [
                0.9999999907450957,
                9.237449570297563e-09,
                4.508755197549655e-12,
                1.0815941449947609e-11,
                2.1297851498196633e-12
            ],
            [
                0.9999999677447351,
                3.224186630120603e-08,
                3.51142199669587e-12,
                8.42346347456634e-12,
                1.463778465486181e-12
            ],
            [
                1.5067849160565091e-09,
                3.25374942372802e-07,
                0.7310394489222157,
                0.26893437646284063,
                2.584773321642167e-05
            ],
            [
                4.490406141508016e-12,
                4.042134792327966e-10,
                9.199856382727895e-09,
                0.9959298526531836,
                0.00407013773825612
            ],
            [
                7.052879781689944e-11,
                4.508755197914687e-12,
                1.0815941450823277e-11,
                1.605228039385188e-09,
                0.9999999983089185
            ]
        ],
        [
            [
                0.9999999865446025,
                1.344040976328461e-08,
                3.978962480225115e-12,
                9.545034789434076e-12,
                1.4637784936673516e-12
            ],
            [
                0.999999931697413,
                6.825604227620965e-08,
                1.081594290624492e-11,
                3.331544957675106e-11,
                2.4133630728267024e-12
            ],
            [
                3.331392335321801e-11,
                5.602540464982807e-09,
                8.31489936437142e-07,
                0.9999537650619086,
                4.539781230064465e-05
            ],
            [
                5.895996892313297e-10,
                1.1235781266118239e-07,
                7.473385899875133e-05,
                0.9984240835092572,
                0.001501069684331721
            ],
            [
                1.6586783553793678e-12,
                6.914400092204699e-13,
                2.4133627666900177e-12,
                5.211412476782329e-10,
                0.9999999994740953
            ]
        ],
        [
            [
                0.9999999936267947,
                6.348800067644503e-09,
                5.10908898911491e-12,
                1.783247277220306e-11,
                1.4637785029670011e-12
            ],
            [
                0.9999999907472169,
                9.237449570317158e-09,
                3.5114220785363865e-12,
                1.0815941449970552e-11,
                1.006039269301454e-12
            ],
            [
                3.774364529079052e-11,
                2.8447544452833946e-08,
                0.9997964570211296,
                0.00020342686897662014,
                8.762460573396379e-08
            ],
            [
                7.987526455930911e-11,
                1.3432954056475881e-08,
                1.370199871176842e-06,
                0.9994458384700118,
                0.0005527778172877081
            ],
            [
                3.098819127919849e-12,
                1.4637785090234164e-12,
                3.5114221011362683e-12,
                2.0611536152537134e-09,
                0.9999999979307723
            ]
        ],
        [
            [
                0.9999999865488869,
                1.3440409763342194e-08,
                2.1297851411978847e-12,
                7.43368056848691e-12,
                1.139991837116099e-12
            ],
            [
                0.9999999943767428,
                5.6027964022821436e-09,
                5.109088995914813e-12,
                1.3887943777575305e-11,
                1.4637785049152061e-12
            ],
            [
                2.413362701392937e-12,
                9.736200028833206e-10,
                0.9999999709150149,
                2.510999082453933e-08,
                2.9989607373248265e-09
            ],
            [
                3.3209748380131733e-11,
                2.6381770828886354e-09,
                2.3748113286441391e-07,
                0.9968270782802899,
                0.003172681567190289
            ],
            [
                1.3887943820332669e-11,
                1.879528810498887e-12,
                3.098819128763225e-12,
                8.59216659156167e-10,
                0.9999999991219171
            ]
        ],
        [
            [
                0.999999998171281,
                1.8189616833901258e-09,
                2.413362766309933e-12,
                6.560200153139945e-12,
                7.835041767132921e-13
            ],
            [
                0.9999999865234759,
                1.344040976300066e-08,
                7.433680568298013e-12,
                2.5946094619579907e-11,
                2.7346982533124826e-12
            ],
            [
                6.560200124279187e-12,
                5.602796400065788e-09,
                0.9999999933742456,
                9.736200247893897e-10,
                4.2777878403591705e-11
            ],
            [
                3.9532822415769674e-11,
                2.4458091163475063e-09,
                4.9125389313466836e-08,
                0.9241417762983004,
                0.0758581720909684
            ],
            [
                1.879528810762797e-12,
                6.101936658852468e-13,
                1.6586783538166764e-12,
                1.250152862544694e-09,
                0.9999999987456987
            ]
        ],
        [
            [
                0.9999999123379831,
                8.764249143453881e-08,
                3.978962955337243e-12,
                1.38879453291629e-11,
                1.6586785337878496e-12
            ],
            [
                0.9999991684380439,
                8.315279898594264e-07,
                6.560200671201776e-12,
                2.2897350212265565e-11,
                4.50875558803432e-12
            ],
            [
                1.6586785302484821e-12,
                5.211413026204753e-10,
                0.999999909773555,
                8.764249124752308e-08,
                2.0611538353467507e-09
            ],
            [
                2.9077764747394393e-11,
                2.3099329660714115e-09,
                3.613343106540601e-08,
                0.9890130195560529,
                0.01098694197150525
            ],
            [
                7.43368063866592e-12,
                1.139991847878399e-12,
                3.0988191246793e-12,
                6.69158606096937e-10,
                0.9999999993191688
            ]
        ],
        [
            [
                0.9999999927876385,
                7.194132971434342e-09,
                4.508755205386238e-12,
                1.225606734377154e-11,
                1.4637785021434449e-12
            ],
            [
                0.9999999991272117,
                8.592166608959085e-10,
                2.7346982883406565e-12,
                9.545034911492762e-12,
                1.2917800032502295e-12
            ],
            [
                6.560199812974091e-12,
                4.139937494642344e-08,
                0.9999999459746893,
                1.186111950916389e-08,
                7.582560017380007e-10
            ],
            [
