{
    "[['E', 'D', 'C', 'B', 'A'], ['E', 'D', 'C', 'B', 'A']]": [
        [
            [
                0.9999251535101046,
                7.484619820715079e-05,
                6.223682173072842e-11,
                1.9170290691809756e-10,
                3.7748540542756274e-11
            ],
            [
                0.02931222753851511,
                0.9706877603448012,
                8.966676279286692e-09,
                2.9110535780740113e-09,
                2.389538289503009e-10
            ],
            [
                3.02632836395192e-10,
                7.40518135041412e-08,
                0.9574309932064853,
                0.028911914182410386,
                0.013657018256657917
            ],
            [
                0.0,
                1.291767782690902e-12,
                1.879511033495653e-12,
                1.0129988092674554e-05,
                0.9999898700087361
            ],
            [
                1.4637785076656693e-12,
                0.0,
                0.0,
                4.84736868487688e-11,
                0.9999999999500626
            ]
        ],
        [
            [
                0.999569442300683,
                0.0004305571215530738,
                1.492451227713434e-10,
                3.5802043776126205e-10,
                7.0498404156909e-11
            ],
            [
                0.0019267268256359755,
                0.9980693844342019,
                3.7194595435059493e-06,
                1.4421909736158154e-07,
                2.5061521269385712e-08
            ],
            [
                7.287724042215055e-14,
                1.0815941477729357e-11,
                0.9999999927150585,
                7.991959834169309e-11,
                7.194132977409152e-09
            ],
            [
                0.0,
                6.914387454478734e-13,
                6.914387454478734e-13,
                1.0677030745145023e-06,
                0.9999989322955426
            ],
            [
                3.5114221049700537e-12,
                0.0,
                0.0,
                5.492788337804771e-11,
                0.9999999999415607
            ]
        ],
        [
            [
                0.9999994956133249,
                5.043472049747855e-07,
                9.545035365510168e-12,
                2.594609618606523e-11,
                3.978962720369358e-12
            ],
            [
                1.3007124234350078e-05,
                0.9999865941337561,
                3.927811177264003e-07,
                5.6027217382875465e-09,
                3.581700176650497e-10
            ],
            [
                2.1245188408242237e-12,
                5.47920630653377e-11,
                3.572891324787875e-10,
                0.0024726229625283026,
                0.9975273766232661
            ],
            [
                0.0,
                0.0,
                0.0,
                1.725782766568e-08,
                0.9999999827421723
            ],
            [
                1.006039276599419e-12,
                0.0,
                0.0,
                2.020683903631464e-11,
                0.9999999999787872
            ]
        ],
        [
            [
                0.9997965727409509,
                0.00020342706273286353,
                6.222875062202898e-11,
                1.1625861178566353e-10,
                1.7828835555827842e-11
            ],
            [
                4.1937956397519976e-13,
                0.0,
                0.0,
                5.9053039727145e-10,
                0.9999999994090503
            ],
            [
                7.437900725987759e-10,
                1.1038823438351913e-07,
                0.04309872798913211,
                0.0912400079811986,
                0.8656611528976449
            ],
            [
                0.0,
                2.8823507841175074e-13,
                0.0,
                1.4166087820592503e-09,
                0.999999998583103
            ],
            [
                2.7346982794330874e-12,
                0.0,
                0.0,
                7.991959857420748e-11,
                0.9999999999173457
            ]
        ],
        [
            [
                0.9999996071640798,
                3.927863697583962e-07,
                1.2256067918704484e-11,
                3.331544671177427e-11,
                3.978962689918925e-12
            ],
            [
                0.00043039189665697596,
                0.9991857692808086,
                0.0003798195156972906,
                3.2860826820098512e-06,
                7.332241550978399e-07
            ],
            [
                1.060357571935386e-13,
                1.783247245042685e-11,
                0.999999974412165,
                4.5990552606048917e-10,
                2.510999091292272e-08
            ],
            [
                2.1297851586993523e-12,
                0.0,
                5.384940186764921e-13,
                1.4930946676047415e-10,
                0.9999999998480222
            ],
            [
                8.878265454870051e-13,
                0.0,
                0.0,
                9.54503489747941e-12,
                0.9999999999895672
            ]
        ],
        [
            [
                0.994779873512629,
                0.005220125710285439,
                2.161099520372889e-10,
                5.184208247226668e-10,
                4.255457268396059e-11
            ],
            [
                0.37754067404373,
                0.6224593215189766,
                1.8667307294567925e-09,
                2.3969297027345696e-09,
                1.736330052942728e-10
            ],
            [
                8.87826517601426e-13,
                1.0060392450117634e-12,
                3.0988190331580088e-12,
                3.2241866274221664e-08,
                0.999999967753141
            ],
            [
                2.2447770510443102e-13,
                0.0,
                0.0,
                5.211412478656426e-10,
                0.9999999994786344
            ],
            [
                3.5114221026833533e-12,
                0.0,
                0.0,
                4.277787855942064e-11,
                0.9999999999537108
            ]
        ],
        [
            [
                0.9999996940622691,
                3.059023589853383e-07,
                1.0815942917966521e-11,
                2.2897351337016865e-11,
                1.6586785675813945e-12
            ],
            [
                0.6791787085567025,
                0.3208212865515817,
                2.3080304593776052e-09,
                2.3080304593776052e-09,
                2.7565492861346783e-10
            ],
            [
                8.994947536203643e-11,
                1.7141335869554758e-08,
                0.9932496193846028,
                5.790116873981431e-05,
                0.0066924622153721166
            ],
            [
                0.0,
                0.0,
                0.0,
                2.8453347139554844e-08,
                0.9999999715466529
            ],
            [
                3.978962521939489e-12,
                0.0,
                0.0,
                9.056076958041733e-11,
                0.9999999999054603
            ]
        ],
        [
            [
                0.9626731147448722,
                0.03732688387975178,
                5.684874130181175e-10,
                7.299522873823245e-10,
                7.693640505725616e-11
            ],
            [
                0.0015011820242487957,
                0.9984988164645789,
                9.721578354917411e-10,
                4.5921484547140024e-10,
                7.9799574588552e-11
            ],
            [
                1.2719657718896278e-09,
                1.1449881909248917e-07,
                0.0447035966131115,
                0.0574005542685912,
                0.8978957333475124
            ],
            [
                0.0,
                1.006037461726421e-12,
                6.914387615066521e-13,
                1.7603431318334476e-06,
                0.9999982396551707
            ],
            [
                2.7346982833343765e-12,
                0.0,
                0.0,
                1.7832472854300737e-11,
                0.9999999999794329
            ]
        ],
        [
            [
                0.9968273163100901,
                0.0031726830736746505,
                2.1655476226123079e-10,
                3.5703844281150053e-10,
                4.264216101030493e-11
            ],
            [
                0.02931222777349749,
                0.9706877681304267,
                2.267130824815784e-09,
                1.558174709512422e-09,
                2.7077016385672534e-10
            ],
            [
                2.4105381723189094e-12,
                1.0249869128945381e-10,
                8.582110348337998e-10,
                0.0011695103461722835,
                0.9988304886907075
            ],
            [
                5.38494062422914e-13,
                1.463778624617298e-12,
                1.6586784841173777e-12,
                8.315279888631511e-07,
                0.9999991684683502
            ],
            [
                1.0815941534467074e-11,
                0.0,
                0.0,
                3.775134536314617e-11,
                0.9999999999514326
            ]
        ],
        [
            [
                0.9999970975536997,
                2.902312199209319e-06,
                3.7751202657777656e-11,
                9.056042737328786e-11,
                5.789334431939668e-12
            ],
            [
                1.3007125412734149e-05,
                0.9999869229437227,
                6.825512992378221e-08,
                1.6052067989163923e-09,
                7.052786457583181e-11
            ],
            [
                3.4424771055304046e-14,
                7.43368066600448e-12,
                0.9999999992083297,
                2.594609496060899e-11,
                7.582560421437069e-10
            ],
            [
                7.834997394132153e-13,
                3.0988015817675457e-12,
                3.978939992261705e-12,
                4.78509484454837e-06,
                0.9999952148972943
            ],
            [
                2.734698285844524e-12,
                0.0,
                0.0,
                3.775134536345125e-11,
                0.9999999999595139
            ]
        ],
        [
            [
                0.9999999634339636,
                3.653482078644861e-08,
                9.545034569942538e-12,
                2.0206838343136908e-11,
                1.4637784600072338e-12
            ],
            [
                0.0040701377648093414,
                0.9959298609934727,
                8.55719949652315e-10,
                3.5671714649125556e-10,
                2.928112647885582e-11
            ],
            [
                0.0,
                3.5112616946886457e-12,
                5.78909184302775e-12,
                4.539785567485695e-05,
                0.9999546021350247
            ],
            [
                0.0,
                4.752193025863914e-13,
                4.752193025863914e-13,
                6.348800066736618e-09,
                0.9999999936502495
            ],
            [
                2.1297851652113773e-12,
                0.0,
                0.0,
                4.847368693196044e-11,
                0.9999999999493965
            ]
        ],
        [
            [
                0.9859363713373633,
                0.014063627283271065,
                4.534373878876964e-10,
                8.471325668698153e-10,
                7.87956030011141e-11
            ],
            [
                0.0019267343281520136,
                0.9980732645285022,
                6.678695198175276e-10,
                4.0508334045688473e-10,
                7.039292949727209e-11
            ],
            [
                6.925784174675082e-11,
                5.501831836097792e-09,
                0.014007186842357902,
                0.004013126227883693,
                0.9819796813586688
            ],
            [
                3.2661313364574346e-13,
                0.0,
                0.0,
                5.211412477788423e-10,
                0.9999999994785322
            ],
            [
                3.9789625264111856e-12,
                0.0,
                0.0,
                2.9400777323195084e-11,
                0.9999999999666203
            ]
        ],
        [
            [
                0.9999998874224697,
                1.1253518381085732e-07,
                1.0815942431094215e-11,
                2.940077976810255e-11,
                2.1297853430188853e-12
            ],
            [
                0.0002611903256899735,
                0.9997388061002138,
                2.998177601017289e-09,
                5.210051448935697e-10,
                5.491353826452401e-11
            ],
            [
                1.6718583861194344e-10,
                5.9522281460776807e-08,
                0.9881564242431993,
                0.005185369610380121,
                0.006658146456953204
            ],
            [
                2.882350769901202e-13,
                0.0,
                0.0,
                6.348800064186364e-09,
                0.9999999936509116
            ],
            [
                0.0,
                0.0,
                0.0,
                5.789356309016752e-12,
                0.9999999999942106
            ]
        ],
        [
            [
                0.9999785549749898,
                2.1444939753153076e-05,
                2.2896870005542297e-11,
                5.4926735765471705e-11,
                7.433525342082699e-12
            ],
            [
                4.993368762605335e-05,
                0.9706251877259182,
                0.02931034110657654,
                1.4306241029782604e-05,
                2.312388494618877e-07
            ],
            [
                2.943209963907411e-10,
                3.8548443274441713e-08,
                0.7251692048543508,
                0.008055903359413847,
                0.2667748529434712
            ],
            [
                2.8823507868750617e-13,
                0.0,
                0.0,
                4.599055368170354e-10,
                0.9999999995398061
            ],
            [
                1.1399918503374626e-12,
                0.0,
                0.0,
                3.7751345353151e-11,
                0.9999999999611087
            ]
        ],
        [
            [
                0.999999953013718,
                4.6911637997338054e-08,
                1.573710136179835e-11,
                5.492788090901603e-11,
                3.97896234745542e-12
            ],
            [
                0.0009110513795985607,
                0.9990889247146383,
                1.9537859516503374e-08,
                3.3951708947635987e-09,
                9.727327475098746e-10
            ],
            [
                6.047143970756919e-10,
                6.98954809292835e-08,
                0.00105811599320656,
                0.9036932455711569,
                0.09524856793544112
            ],
            [
                5.384930489965986e-13,
                1.006037461893247e-12,
                7.835027631216295e-13,
                1.7603431321253565e-06,
                0.9999982396545398
            ],
            [
                1.7832472870399727e-11,
                0.0,
                0.0,
                3.775134536288129e-11,
                0.9999999999444162
            ]
        ],
        [
            [
                0.9999832984415373,
                1.670141509719454e-05,
                3.331487554010706e-11,
                1.0261704095824495e-10,
                7.433553514589096e-12
            ],
            [
                3.0298848229697223e-07,
                5.0954827940688685e-05,
                0.11829535743048707,
                0.874091017766884,
                0.0075623669862058445
            ],
            [
                3.9008375995074496e-14,
                3.978962524950213e-12,
                0.9999999973066307,
                4.2777878572643415e-11,
                2.6465736316677025e-09
            ],
            [
                0.0,
                0.0,
                0.0,
                1.6918979139633734e-10,
                0.9999999998308102
            ],
            [
                4.508755228344599e-12,
                0.0,
                0.0,
                9.056076961653091e-11,
                0.9999999999049305
            ]
        ],
        [
            [
                0.9999724641490397,
                2.7535689830911082e-05,
                4.277673957210899e-11,
                1.0261606371599695e-10,
                1.5736683048923778e-11
            ],
            [
                0.01098694234229118,
                0.9890130561444851,
                6.618068997836008e-10,
                7.499254647187394e-10,
                1.01491375174059e-10
            ],
            [
                5.0087746369446413e-14,
                3.511422112746359e-12,
                0.9999999998538573,
                1.0815941555344686e-11,
                1.3176514267730836e-10
            ],
            [
                0.0,
                6.914400964702322e-13,
                1.2917801650370573e-12,
                3.059023584503707e-07,
                0.9999996940956583
            ],
            [
                4.508755219733523e-12,
                0.0,
                0.0,
                5.492788323469391e-11,
                0.9999999999405633
            ]
        ],
        [
            [
                0.9992903294633746,
                0.0007096703498107147,
                5.4888924439590955e-11,
                1.1619985395046588e-10,
                1.5725940146439328e-11
            ],
            [
                0.0003353500595213479,
                0.9996641932909593,
                4.4493589651666125e-07,
                1.0463889336494408e-08,
                1.2497333630720022e-09
            ],
            [
                6.10193689447015e-13,
                1.917171581895215e-10,
                0.9999996036230362,
                3.3982679402706213e-09,
                3.927863685078595e-07
            ],
            [
                0.0,
                0.0,
                6.101936413886045e-13,
                4.139937539861417e-08,
                0.9999999586000143
            ],
            [
                5.789356314857558e-12,
                0.0,
                0.0,
                5.4927883377922586e-11,
                0.9999999999392828
            ]
        ],
        [
            [
                0.9999999123303629,
                8.764249143923781e-08,
                7.433681456479932e-12,
                1.783247478917106e-11,
                1.879529014797625e-12
            ],
            [
                0.0009110497305871381,
                0.9990873553418531,
                1.5520830960795667e-06,
                3.650146099048456e-08,
                6.3430028180190925e-09
            ],
            [
                0.0,
                3.7010119570744773e-13,
                0.0,
                8.315279886644981e-07,
                0.9999991684716412
            ],
            [
                0.0,
                0.0,
                5.384940186874638e-13,
                3.398267800008046e-09,
                0.9999999966011937
            ],
            [
                5.109089015934258e-12,
                0.0,
                0.0,
                3.3315445342572665e-11,
                0.9999999999615754
            ]
        ],
        [
            [
                0.9994472203487558,
                0.0005527785874449624,
                2.7879258557721166e-10,
                6.68788645682381e-10,
                1.1621804029510986e-10
            ],
            [
                0.07585817566839197,
                0.9241418219135097,
                1.1553184776258501e-09,
                1.1553184776258501e-09,
                1.0746135807200979e-10
            ],
            [
                1.542811365275138e-13,
                2.289735086198425e-11,
                0.9999999115762008,
                7.582561224513615e-10,
                8.764249140190021e-08
            ],
            [
                6.101936664821283e-13,
                0.0,
                0.0,
                3.3315445351865625e-11,
                0.9999999999660745
            ],
            [
                2.4133627645345498e-12,
                0.0,
                0.0,
                2.2897348387207733e-11,
                0.9999999999746894
            ]
        ],
        [
            [
                0.9999996940408095,
                3.059023589545377e-07,
                9.545036122676175e-12,
                4.277788406697984e-11,
                4.508755809057006e-12
            ],
            [
                0.0019267343195142597,
                0.9980732603518098,
                4.35505631648698e-09,
                8.575614348880578e-10,
                1.160583196833713e-10
            ],
            [
                7.28772409508551e-14,
                4.508755241840603e-12,
                0.9999999999697864,
                2.734698291316375e-12,
                2.2897348454148798e-11
            ],
            [
                2.882350786176979e-13,
                0.0,
                0.0,
                4.5990553670564997e-10,
                0.9999999995398061
            ],
            [
                1.6586783495694765e-12,
                0.0,
                0.0,
                2.940077722720499e-11,
                0.9999999999689406
            ]
        ],
        [
            [
                0.9999998724175874,
                1.2751906744469124e-07,
                1.7832474068266632e-11,
                4.2777881472673773e-11,
                2.734698469502076e-12
            ],
            [
                0.18242551436547164,
                0.8175744827073024,
                1.6851452992519585e-09,
                1.1581822973808756e-09,
                8.389844422364181e-11
            ],
            [
                6.101902533772027e-13,
                3.0988017990525243e-12,
                1.2255998864377044e-11,
                6.1441721133963415e-06,
                0.9999938558119217
            ],
            [
                0.0,
                2.882350784732732e-13,
                2.882350784732732e-13,
                1.4166087823616191e-09,
                0.9999999985828147
            ],
            [
                7.835041772456944e-13,
                0.0,
                0.0,
                3.0988191337354843e-12,
                0.9999999999961178
            ]
        ],
        [
            [
                0.9999251535555165,
                7.484619807141381e-05,
                9.055404128916244e-11,
                1.4929837402129977e-10,
                6.559712749456502e-12
            ],
            [
                0.0010264412524269636,
                0.773633125642996,
                0.22164961499585611,
                0.0035826319966567642,
                0.00010818611206411082
            ],
            [
                2.882345675222755e-13,
                4.8473600987449576e-11,
                0.9999986269334362,
                2.0611499624256677e-09,
                1.3709566519571337e-06
            ],
            [
                1.4637785053424688e-12,
                0.0,
                1.1399918462038054e-12,
                2.9989608068619665e-09,
                0.9999999969984354
            ],
            [
                1.291779996553496e-12,
                0.0,
                0.0,
                2.2897348310530976e-11,
                0.9999999999758109
            ]
        ],
        [
            [
                0.9999989322475906,
                1.0677030763661701e-06,
                1.3887918475900992e-11,
                3.331538451646808e-11,
                2.129781277416866e-12
            ],
            [
                0.0031726830211901234,
                0.9968273030640681,
                1.1823489244918314e-08,
                1.8131908011458162e-09,
                2.780618151932459e-10
            ],
            [
                0.0,
                1.006039352480779e-12,
                1.2917800987733978e-12,
                2.3823698408384034e-07,
                0.9999997617607181
            ],
            [
                3.7010116707203765e-13,
                3.2661313358401707e-13,
                0.0,
                5.211412476803522e-10,
                0.9999999994781621
            ],
            [
                5.384940203454136e-13,
                0.0,
                0.0,
                8.42346373209984e-12,
                0.9999999999910381
            ]
        ],
        [
            [
                0.9999785549720067,
                2.1444939757576522e-05,
                2.020641686294118e-11,
                6.224014567749285e-11,
                5.789235358589283e-12
            ],
            [
                0.0052201259249339245,
                0.9947797996598456,
                6.789973158833606e-08,
                4.918640058949953e-09,
                1.596848631185721e-09
            ],
            [
                1.6575018945038651e-12,
                5.488892435888424e-11,
                4.0557734129775673e-10,
                0.0007096703427379075,
                0.9992903291951383
            ],
            [
                3.266131336989704e-13,
                0.0,
                0.0,
                3.5817479239251834e-10,
                0.9999999996414985
            ],
            [
                1.8795288126127865e-12,
                0.0,
                0.0,
                2.5946094928563813e-11,
                0.9999999999721745
            ]
        ],
        [
            [
                0.9975273766577393,
                0.002472622971273742,
                1.3143932656805277e-10,
                2.1670681351924907e-10,
                2.284073010220139e-11
            ],
            [
                2.54366560503209e-13,
                0.0,
                3.2661312884156055e-13,
                1.5229979491176577e-08,
                0.9999999847694394
            ],
            [
                2.2447771045180153e-13,
                3.331544615626535e-11,
                0.9999993517026872,
                6.691586238841382e-10,
                6.475946142689654e-07
            ],
            [
                5.384940200975738e-13,
                0.0,
                0.0,
                1.1628232993989936e-10,
                0.9999999998831792
            ],
            [
                1.463778510226733e-12,
                0.0,
                0.0,
                1.573710206494281e-11,
                0.9999999999827991
            ]
        ],
        [
            [
                0.9999999748444139,
                2.5109990916789497e-08,
                9.54503467931089e-12,
                3.3315444571661815e-11,
                2.7346982218194363e-12
            ],
            [
                0.14804720262539395,
                0.8519527904162059,
                3.7174609044250287e-09,
                2.895161463403545e-09,
                3.4577772718570516e-10
            ],
            [
                7.287724094221745e-14,
                5.789356327461245e-12,
                0.9999999998712952,
                6.560200166715353e-12,
                1.16282330276713e-10
            ],
            [
                3.701011660770018e-13,
                3.701011660770018e-13,
                0.0,
                3.3982678031303155e-09,
                0.999999996600992
            ],
            [
                2.413362764509407e-12,
                0.0,
                0.0,
                3.3315445320562087e-11,
                0.9999999999642712
            ]
        ],
        [
            [
                0.9999977395461274,
                2.260325272873123e-06,
                2.020680213222238e-11,
                9.056060426246495e-11,
                1.7832440292826048e-11
            ],
            [
                0.00043055588133950545,
                0.99956645389061,
                2.901061325275951e-06,
                7.731073936524662e-08,
                1.18559858721143e-08
            ],
            [
                0.0,
                7.835042358280992e-13,
                1.2917800992934367e-12,
                2.3823698417974866e-07,
                0.9999997617609405
            ],
            [
                3.2661313362308005e-13,
                0.0,
                0.0,
                5.905303987089344e-10,
                0.9999999994091431
            ],
            [
                5.109089005463274e-12,
                0.0,
                0.0,
                5.492788326657339e-11,
                0.9999999999399631
            ]
        ],
        [
            [
                0.9999994956003742,
                5.043472050195615e-07,
                1.2256068013586516e-11,
                3.7751347196934534e-11,
                2.4133628839718596e-12
            ],
            [
                0.0007096703394285123,
                0.999290327607996,
                1.4156040173027448e-09,
                5.207716148053826e-10,
                1.1619985381228142e-10
            ],
            [
                2.7213756497624116e-10,
                9.688768422643836e-08,
                0.9755894981501116,
                0.02294366520196763,
                0.0014667394880989678
            ],
            [
                3.701011668018496e-13,
                0.0,
                0.0,
                5.211412472998991e-10,
                0.9999999994784887
            ],
            [
                1.6586783493705865e-12,
                0.0,
                0.0,
                1.493094667606249e-10,
                0.9999999998490319
            ]
        ],
        [
            [
                0.9999832983623995,
                1.6701415103444414e-05,
                7.052759209824811e-11,
                1.3176288882498078e-10,
                2.0206493447146922e-11
            ],
            [
                0.0007096686413735437,
                0.9992876998484194,
                2.55946476076419e-06,
                6.019278436672354e-08,
                1.1852662004856351e-08
            ],
            [
                1.992242012409454e-11,
                3.796541261713813e-09,
                0.9859237257040758,
                1.2824202749099849e-05,
                0.014063446276711371
            ],
            [
                4.1937956026923346e-13,
                3.2661312994182047e-13,
                0.0,
                1.1861119993846244e-08,
                0.999999988138134
            ],
            [
                3.0988191311143044e-12,
                0.0,
                0.0,
                1.1628233001673958e-10,
                0.9999999998806188
            ]
        ],
        [
            [
                0.9992903291708389,
                0.0007096703485538364,
                1.0254601117240194e-10,
                3.1586395140256915e-10,
                6.219729980729602e-11
            ],
            [
                0.008577481466196434,
                0.9914219118882308,
                5.665982003610431e-07,
                3.1965283114157796e-08,
                8.082089262367944e-09
            ],
            [
                3.3416522533718123e-10,
                5.6197949940975973e-08,
                0.4993810478434757,
                0.0012378416318641406,
                0.4993810539925449
            ],
            [
                0.0,
                0.0,
                6.914400611507459e-13,
                2.382369841351423e-07,
                0.9999997617623244
            ],
            [
                2.734698283302741e-12,
                0.0,
                0.0,
                2.940077730372814e-11,
                0.9999999999678646
            ]
        ],
        [
            [
                0.9525741228976797,
                0.04742587537645134,
                7.222947750299431e-10,
                9.274448494792012e-10,
                7.612930919324226e-11
            ],
            [
                2.5612818377463034e-06,
                0.9999968616053471,
                5.714992266415974e-07,
                4.94443240234182e-09,
                6.691561596152157e-10
            ],
            [
                7.287724088154524e-14,
                7.433680664533504e-12,
                0.9999999990031361,
                1.5737102090310745e-11,
                9.73620030276911e-10
            ],
            [
                0.0,
                0.0,
                0.0,
                1.4166087756426496e-09,
                0.9999999985833912
            ],
            [
                1.2917800024050508e-12,
                0.0,
                0.0,
                2.2897348414252264e-11,
                0.9999999999758109
            ]
        ],
        [
            [
                0.9999970976113461,
                2.902312199637188e-06,
                1.573704258753388e-11,
                5.492767576667595e-11,
                5.7893344327931526e-12
            ],
            [
                0.9525741229881696,
                0.04742587547719266,
                4.964254549185924e-10,
                9.274448493181123e-10,
                1.1076749125774267e-10
            ],
            [
                7.433681204840061e-12,
                1.1032561113717614e-09,
                0.9999996398291114,
                5.3157856352036494e-08,
                3.059023424141574e-07
            ],
            [
                0.0,
                3.701011665021981e-13,
                0.0,
                1.6052280492996388e-09,
                0.9999999983944019
            ],
            [
                2.7346982851419943e-12,
                0.0,
                0.0,
                2.0206839042563643e-11,
                0.9999999999770586
            ]
        ],
        [
            [
                0.9399133437714732,
                0.060086654403749586,
                7.126948553180877e-10,
                1.0369648957303787e-09,
                7.511748509975653e-11
            ],
            [
                0.010986937056433057,
                0.9890126978125897,
                3.428241321291329e-07,
                1.9340832508304985e-08,
                2.9660127280644256e-09
            ],
            [
                0.0,
                7.432504198894751e-12,
                1.0814229798505595e-11,
                0.000158436246618134,
                0.9998415637351351
            ],
            [
                6.101936662218257e-13,
                0.0,
                0.0,
                4.59905536705502e-10,
                0.9999999995394844
            ],
            [
                2.02068390419457e-11,
                0.0,
                0.0,
                3.331544534206968e-11,
                0.9999999999464777
            ]
        ],
        [
            [
                0.9999986289853484,
                1.3709566545924932e-06,
                1.5737074192570667e-11,
                3.7751278479884994e-11,
                4.5087472447161994e-12
            ],
            [
                4.752193017479539e-13,
                4.752193017479539e-13,
                0.0,
                7.1941329617604296e-09,
                0.9999999928049167
            ],
            [
                2.0205838470714225e-11,
                3.850551238441841e-09,
                0.9999498136150521,
                4.784875875385692e-06,
                4.53976383154242e-05
            ],
            [
                0.0,
                0.0,
                0.0,
                1.7257827658736265e-08,
                0.9999999827421723
            ],
            [
                1.6586783550079041e-12,
                0.0,
                0.0,
                1.7832472866149415e-11,
                0.9999999999805089
            ]
        ],
        [
            [
                0.9999977395690449,
                2.260325272924924e-06,
                2.289730657807999e-11,
                7.052866951664365e-11,
                1.2256045028220368e-11
            ],
            [
                9.610239904651484e-05,
                0.9999038950792472,
                2.060957153237267e-09,
                4.058265255680171e-10,
                5.492264778267804e-11
            ],
            [
                2.3659776081505496e-14,
                1.879528815757227e-12,
                0.9999999996324884,
                7.433680669259887e-12,
                3.5817479287932266e-10
            ],
            [
                4.1937956497170476e-13,
                0.0,
                0.0,
                2.4616969467306247e-10,
                0.999999999753411
            ],
            [
                0.0,
                0.0,
                0.0,
                3.978962529434266e-12,
                0.999999999996021
            ]
        ],
        [
            [
                0.9999998143556543,
                1.855391597983287e-07,
                1.783247517030048e-11,
                7.991960906781058e-11,
                7.43368161535831e-12
            ],
            [
                0.11920292325096876,
                0.8807970738188505,
                1.4138798564160194e-09,
                1.4138798564160194e-09,
                1.0242111327439879e-10
            ],
            [
                0.0,
                2.1297771358637832e-12,
                5.109069752879637e-12,
                3.7266391124441574e-06,
                0.9999962733536487
            ],
            [
                2.882350780769523e-13,
                3.7010116623178244e-13,
                0.0,
                2.3355930285287884e-09,
                0.9999999976637486
            ],
            [
                2.413362764396934e-12,
                0.0,
                0.0,
                7.991959868328356e-11,
                0.999999999917667
            ]
        ],
        [
            [
                0.9999996071623463,
                3.9278636979767377e-07,
                9.545035293417853e-12,
                3.3315446715105726e-11,
                8.4234640815019e-12
            ],
            [
                0.0009110513983118888,
                0.9990889451991823,
                2.9962278599178586e-09,
                3.5784838691343083e-10,
                4.8429512798694125e-11
            ],
            [
                2.5841552491472046e-10,
                3.384575455223471e-08,
                0.0005123760201864525,
                0.43759915298676183,
                0.5618884368888817
            ],
            [
                0.0,
                3.70101161759814e-13,
                0.0,
                1.522997949371491e-08,
                0.9999999847696504
            ],
            [
                2.7346982839384994e-12,
                0.0,
                0.0,
                1.4930946720185627e-10,
                0.9999999998479558
            ]
        ],
