{
    "[['E', 'D', 'C', 'B', 'A'], ['E', 'D', 'C', 'B', 'A']]": [
        [
            [
                0.9999999804141373,
                1.955568069328739e-08,
                5.789356211922323e-12,
                1.7832472548351405e-11,
                6.560200035792601e-12
            ],
            [
                0.9968273166728204,
                0.0031726830748291415,
                7.030503791189233e-11,
                1.4883576642743082e-10,
                3.3209748398766936e-11
            ],
            [
                2.5105873467429877e-08,
                4.22215872080486e-06,
                0.9998359466640253,
                0.00015843533713409748,
                1.3707342462878718e-06
            ],
            [
                3.2240024720144325e-08,
                3.5355480136663456e-05,
                0.9999426637783082,
                2.144418269174739e-05,
                5.043188386343445e-07
            ],
            [
                0.9999999906937157,
                9.237449571190245e-09,
                1.0815941450992831e-11,
                4.8473686586331e-11,
                9.545034829037507e-12
            ]
        ],
        [
            [
                0.9999999467938927,
                5.315784967561454e-08,
                8.423463299901788e-12,
                2.5946093582600167e-11,
                1.3887943115509971e-11
            ],
            [
                0.9999999826700513,
                1.7257827681878588e-08,
                8.423463605071662e-12,
                3.7751344773240145e-11,
                2.5946094522589555e-11
            ],
            [
                2.6460287314106396e-09,
                3.927054831048362e-07,
                0.9997944181880508,
                0.00020342647656588207,
                1.7599838714927738e-06
            ],
            [
                3.7191835105266927e-06,
                6.592410510963222e-05,
                0.7772396118744399,
                0.22268287132538647,
                7.873511553570595e-06
            ],
            [
                0.9999999862679438,
                1.3440409757576793e-08,
                2.940077696943782e-11,
                1.9171714861487134e-10,
                7.052879749542123e-11
            ]
        ],
        [
            [
                0.9999999917764338,
                8.152020641976492e-09,
                1.0815941461102503e-11,
                4.8473686631639404e-11,
                1.225606733510965e-11
            ],
            [
                0.9999998143743272,
                1.8553915975087348e-07,
                2.0206841648410286e-11,
                4.847369319947682e-11,
                1.7832475165739477e-11
            ],
            [
                7.964653465852488e-09,
                1.948886446374365e-06,
                0.9770155399171747,
                0.022977205609112622,
                5.29762261290956e-06
            ],
            [
                3.91027723213628e-06,
                0.0004519665961794237,
                0.8171749897249505,
                0.18233639305122304,
                3.2740350414835096e-05
            ],
            [
                0.9999999714980125,
                2.845334726577118e-08,
                1.0815941244035552e-11,
                2.940077654134256e-11,
                8.423463510509192e-12
            ]
        ],
        [
            [
                0.9999999918062291,
                8.152020642860363e-09,
                6.5602001105270045e-12,
                2.940077713457944e-11,
                5.789356277875202e-12
            ],
            [
                0.9999997616956393,
                2.382369844049881e-07,
                1.5737103273077753e-11,
                3.775134824039498e-11,
                1.3887944894145016e-11
            ],
            [
                1.225606739013401e-11,
                7.582560394524651e-10,
                0.999999995699455,
                3.3982678045319412e-09,
                1.3176514212077116e-10
            ],
            [
                4.213590818441626e-06,
                0.00013953496432169072,
                0.11917112211779408,
                0.8805619901532497,
                0.00012313917381614407
            ],
            [
                0.9999999634204537,
                3.6534820781743434e-08,
                1.0815941156006825e-11,
                2.940077630205567e-11,
                4.508755075016906e-12
            ]
        ],
        [
            [
                0.9999999226364684,
                7.734422801085761e-08,
                3.978962995725582e-12,
                1.0815942807391817e-11,
                4.508755763416588e-12
            ],
            [
                0.9999999863766773,
                1.344040976009501e-08,
                3.331544494812328e-11,
                1.1628232864938974e-10,
                3.331544494812328e-11
            ],
            [
                7.582561482962869e-10,
                8.764249438916743e-08,
                0.9999995884393477,
                3.059020713345316e-07,
                1.7257830389245137e-08
            ],
            [
                1.3678117448745061e-06,
                0.00010865874555052938,
                0.8804705825679667,
                0.11915873209456315,
                0.00026065878017462226
            ],
            [
                0.999999761709429,
                2.3823698440827328e-07,
                7.433681223335587e-12,
                2.5946096905885688e-11,
                2.020684058795033e-11
            ]
        ],
        [
            [
                0.9999999880250626,
                1.1861120002303309e-08,
                1.3887943690455512e-11,
                7.052879762489426e-11,
                2.940077702341021e-11
            ],
            [
                0.9999898699494449,
                1.01299881004421e-05,
                1.0815839231229828e-11,
                3.7750988289762526e-11,
                1.3887812475707503e-11
            ],
            [
                1.2015425730602225e-13,
                8.42346375364872e-12,
                0.9999999999649032,
                1.573710210533108e-11,
                1.0815941556232888e-11
            ],
            [
                3.0461846184556066e-07,
                0.0001228918585379673,
                0.9958029787664041,
                0.004069619628440991,
                4.205128154992691e-06
            ],
            [
                0.9999999826809879,
                1.725782767752346e-08,
                9.545034751142912e-12,
                3.775134476371333e-11,
                1.3887943615145317e-11
            ]
        ],
        [
            [
                0.9999999530102635,
                4.691163798953097e-08,
                7.433680319171494e-12,
                5.492788089987487e-11,
                1.5737101359179363e-11
            ],
            [
                0.9999998553861048,
                1.4449803162469088e-07,
                1.573710287072357e-11,
                7.991960280874389e-11,
                2.0206840071038687e-11
            ],
            [
                3.733757144822195e-08,
                3.3610210714972096e-06,
                0.37596255572556153,
                0.6198574792418663,
                0.004176566673929225
            ],
            [
                1.804370292761578e-06,
                1.9398808810044177e-05,
                0.6216990881669539,
                0.3770795468507991,
                0.0012001618031441692
            ],
            [
                0.9999999969442908,
                2.9989608143141165e-09,
                5.109089010101737e-12,
                3.775134531007179e-11,
                1.3887943816139362e-11
            ]
        ],
        [
            [
                0.9999999893713339,
                1.0467401679241786e-08,
                1.081594143793685e-11,
                7.991959804766402e-11,
                7.052879773286938e-11
            ],
            [
                0.9999999633474472,
                3.6534820776541044e-08,
                1.3887943347734175e-11,
                7.05287958844117e-11,
                3.331544418089422e-11
            ],
            [
                6.431393940850994e-14,
                1.0815941556274956e-11,
                0.9999999999550249,
                2.0206839088333866e-11,
                1.3887943863666208e-11
            ],
            [
                2.0981075389315514e-07,
                0.0005519462528429738,
                0.9979420873763528,
                0.0015003454693891174,
                5.411090661187008e-06
            ],
            [
                0.9999999777931415,
                2.2159489271082056e-08,
                9.545034706485574e-12,
                3.3315444666510783e-11,
                4.508755140095934e-12
            ]
        ],
        [
            [
                0.9999998144206812,
                1.8553915974488535e-07,
                5.789357061476971e-12,
                2.5946098266705836e-11,
                8.42346482060825e-12
            ],
            [
                0.999997739598937,
                2.26032527251951e-06,
                1.783244029003628e-11,
                3.775127639025134e-11,
                2.020680212906116e-11
            ],
            [
                3.331544480034079e-11,
                2.6465735895512913e-09,
                0.9999999814996013,
                1.522997946067795e-08,
                5.905303888811844e-10
            ],
            [
                2.1238246030423723e-06,
                0.00013139637542226377,
                0.9396081519629222,
                0.06006714723890099,
                0.00019118059815134383
            ],
            [
                0.9999999676800349,
                3.2241866308936383e-08,
                1.5737101587709692e-11,
                4.84736854635981e-11,
                1.3887943406812923e-11
            ]
        ],
        [
            [
                0.9999999880571565,
                1.1861120000694562e-08,
                9.54503480160819e-12,
                4.2777878146363887e-11,
                2.9400777019422523e-11
            ],
            [
                0.9999999396843058,
                6.0235746349459e-08,
                1.5737104189248844e-11,
                4.847369347690282e-11,
                1.5737104189248844e-11
            ],
            [
                1.5428112028358353e-13,
                2.289734845117124e-11,
                0.9999999998241462,
                6.224144621471364e-11,
                9.056076987582891e-11
            ],
            [
                1.7556804743424216e-06,
                0.001925338341841949,
                0.9973499134517875,
                0.0007082923932627675,
                1.4700132633575746e-05
            ],
            [
                0.9999996071860495,
                3.927863697429731e-07,
                4.5087554167152074e-12,
                1.2256067918223238e-11,
                1.0815941975698438e-11
            ]
        ],
        [
            [
                0.9999999926955924,
                7.19413297077215e-09,
                2.940077714946427e-11,
                5.492788305485229e-11,
                2.5946094767982174e-11
            ],
            [
                0.9999999676985813,
                3.2241866314306705e-08,
                9.545034609548146e-12,
                3.7751344203695177e-11,
                1.2256067041823973e-11
            ],
            [
                1.91716786576886e-10,
                2.8453293948870108e-08,
                0.9999981427561229,
                1.7603429625733425e-06,
                6.825590388592803e-08
            ],
            [
                5.712174619733178e-07,
                0.00015838277064084824,
                0.9995039902101687,
                0.00033529632807783715,
                1.7594736507664083e-06
            ],
            [
                0.9999999906447253,
                9.237449570737698e-09,
                9.545034828569893e-12,
                7.052879781454985e-11,
                3.7751345069942987e-11
            ]
        ],
        [
            [
                0.9999999880959468,
                1.18611199986002e-08,
                5.1090889622701466e-12,
                2.9400777014231125e-11,
                8.423463645994033e-12
            ],
            [
                0.9999999530225123,
                4.6911637990105584e-08,
                1.0815941043543299e-11,
                4.2777876657799396e-11,
                1.2256066861953082e-11
            ],
            [
                1.0603575987415518e-13,
                2.0206839082393084e-11,
                0.9999999996384987,
                6.224144620496254e-11,
                2.7894680917881527e-10
            ],
            [
                1.2703046499294848e-06,
                0.0001468272540936591,
                0.5619997118330645,
                0.43768581353234753,
                0.00016637707584427964
            ],
            [
                0.9999999950043374,
                4.9444504717828435e-09,
                7.433680627014776e-12,
                2.594609482452155e-11,
                1.783247279938759e-11
            ]
        ],
        [
            [
                0.9999998554611548,
                1.4449803161666043e-07,
                7.433681032761294e-12,
                2.594609624071605e-11,
                7.433681032761294e-12
            ],
            [
                0.9999999633494154,
                3.653482077661295e-08,
                2.0206838337696958e-11,
                6.224144391113698e-11,
                3.331544418095979e-11
            ],
            [
                1.103256095513069e-09,
                8.76424872126125e-08,
                0.9999993873513641,
                5.043472104622873e-07,
                1.955568220755694e-08
            ],
            [
                1.1247188068643269e-07,
                4.782426061369082e-06,
                0.999437549381389,
                0.0005527732946075213,
                4.782426061369082e-06
            ],
            [
                0.9999999803576711,
                1.9555680690645526e-08,
                1.3887943582879224e-11,
                5.4927882393879823e-11,
                1.783247254594234e-11
            ]
        ],
        [
            [
                0.9999999917677694,
                8.152020643611694e-09,
                1.573710197007387e-11,
                5.49278830321062e-11,
                9.545034839873886e-12
            ],
            [
                0.9999991684444093,
                8.315279899224186e-07,
                3.9789628412526986e-12,
                1.783247427692351e-11,
                5.789356773107522e-12
            ],
            [
                1.4930948225482464e-10,
                9.237450567412679e-09,
                0.9999997855184025,
                1.8553915444788824e-07,
                1.9555683004671405e-08
            ],
            [
                2.8452482991035504e-08,
                1.3709187109990256e-06,
                0.9999701227726855,
                2.753563838845977e-05,
                9.422177321635695e-07
            ],
            [
                0.9999999894568242,
                1.046740167738065e-08,
                1.5737101930413253e-11,
                5.4927882893677045e-11,
                5.109088970778511e-12
            ]
        ],
        [
            [
                0.9999999865057336,
                1.3440409758218325e-08,
                6.5602000739920565e-12,
                3.775134490092768e-11,
                9.545034785836132e-12
            ],
            [
                0.9999998873971311,
                1.1253518377706184e-07,
                8.423464432461756e-12,
                3.331544810317889e-11,
                2.5946097071130467e-11
            ],
            [
                4.8473597892389745e-11,
                6.348788437037468e-09,
                0.9999990401060446,
                6.475946438872853e-07,
                3.05902049506582e-07
            ],
            [
                5.827882760096206e-05,
                0.9997280814503513,
                0.0002034130954861507,
                1.012734169188782e-05,
                9.9284869691689e-08
            ],
            [
                0.999999761723119,
                2.3823698438407175e-07,
                7.433681222580429e-12,
                2.0206840585897597e-11,
                1.2256068351272487e-11
            ]
        ],
        [
            [
                0.9999999927036359,
                7.194132975257612e-09,
                8.423463689990915e-12,
                7.991959831779164e-11,
                1.3887943758658213e-11
            ],
            [
                0.9999999776672269,
                2.2159489268291853e-08,
                1.573710174817219e-11,
                1.0261879397806166e-10,
                5.492788225759324e-11
            ],
            [
                2.543665646223831e-13,
                3.33154454065616e-11,
                0.9999999995799964,
                2.172439934094209e-10,
                1.691897921848161e-10
            ],
            [
                2.5060709175960624e-08,
                0.0019266662293996074,
                0.9980377153018628,
                3.528810609011806e-05,
                3.0530193818708645e-07
            ],
            [
                0.9999999927174815,
                7.194132973119961e-09,
                1.2256067346643192e-11,
                6.224144573415395e-11,
                1.3887943754531577e-11
            ]
        ],
        [
            [
                0.9999999677249383,
                3.2241866315156504e-08,
                4.508755094424772e-12,
                2.289734770550944e-11,
                5.789356138861746e-12
            ],
            [
                0.9999991684056103,
                8.315279899410753e-07,
                1.081594238773366e-11,
                3.7751348341339183e-11,
                1.7832474277323614e-11
            ],
            [
                5.905281955697591e-10,
                6.825577897806175e-08,
                0.9999967906050453,
                2.9023123427637444e-06,
                2.3823630466188645e-07
            ],
            [
                2.0611144452027994e-09,
                2.9022624751802915e-06,
                0.9999803260542679,
                1.670136740614352e-05,
                6.825473639148008e-08
            ],
            [
                0.9999999936292165,
                6.348800072288227e-09,
                2.7346982727445397e-12,
                1.5737101998403977e-11,
                3.511422089176055e-12
            ]
        ],
        [
            [
                0.99999999431189,
                5.602796403393966e-09,
                1.2256067369411313e-11,
                6.224144584978001e-11,
                1.0815941491373615e-11
            ],
            [
                0.9999989322223874,
                1.067703076080669e-06,
                2.289730659084459e-11,
                3.775127641806771e-11,
                1.3887918472187398e-11
            ],
            [
                2.5103193866495953e-08,
                1.7598697572295442e-06,
                0.9997291400077133,
                0.0002611878302795212,
                7.887189056194152e-06
            ],
            [
                3.2218876710989363e-08,
                3.7239922614319072e-06,
                0.9992861839561157,
                0.0007096673268496505,
                3.9250589662930657e-07
            ],
            [
                0.9999999676517608,
                3.2241866312797126e-08,
                1.0815941201772394e-11,
                6.224144418324004e-11,
                3.331544432660607e-11
            ]
        ],
        [
            [
                0.9999999585438761,
                4.139937545001903e-08,
                9.545034522166166e-12,
                3.331544402317283e-11,
                1.3887943281986118e-11
            ],
            [
                0.7772998535936292,
                0.22270014347890052,
                7.567952710684198e-10,
                1.413879705777398e-09,
                7.567952710684198e-10
            ],
            [
                2.4371675539951522e-08,
                1.330647128684789e-06,
                0.9705959055566867,
                0.029309453858864718,
                9.328556564438335e-05
            ],
            [
                1.3556538435689056e-06,
                0.00015669227957544396,
                0.9888357737777203,
                0.01098497229482328,
                2.1205994037333208e-05
            ],
            [
                0.9999999879911233,
                1.1861120000968132e-08,
                2.940077702010064e-11,
                1.026187950160142e-10,
                1.5737101907347367e-11
            ]
        ],
        [
            [
                0.9999999677117544,
                3.224186630014267e-08,
                7.4336804250941e-12,
                2.940077641492002e-11,
                9.545034605354959e-12
            ],
            [
                0.9999997617023227,
                2.3823698432262777e-07,
                9.545035626885902e-12,
                3.3315447879023585e-11,
                1.7832474223476127e-11
            ],
            [
                7.193968632776799e-09,
                3.466248201487132e-07,
                0.9999775536825377,
                2.144491825440366e-05,
                6.475804189885046e-07
            ],
            [
                3.549106213741571e-06,
                0.00019377463354142675,
                0.952357857185105,
                0.04741510277263772,
                2.9716302502133665e-05
            ],
            [
                4.508729695519363e-12,
                9.54498084031655e-12,
                2.5945947971222227e-11,
                4.78509484289517e-06,
                0.9999952148651575
            ]
        ],
        [
            [
                0.9999999396436041,
                6.023574636534677e-08,
                2.28973514923486e-11,
                7.991960952584732e-11,
                1.783247527250229e-11
            ],
            [
                0.9999999776971623,
                2.215948926759825e-08,
                2.289734793384693e-11,
                1.0261879397484964e-10,
                1.78324725011384e-11
            ],
            [
                1.573710171716037e-11,
                2.0611535713975986e-09,
                0.999999975368468,
                1.9555680603587357e-08,
                2.9989607505931497e-09
            ],
            [
                1.1772517570625793e-05,
                8.698779275500075e-05,
                0.6220447784523915,
                0.3772892298455279,
                0.0005672313917550527
            ],
            [
                1.3031750345125392e-10,
                9.629233436739037e-10,
                1.3292746733242184e-08,
                0.010986942210611618,
                0.9890130434034008
            ]
        ],
        [
            [
                0.9999998554069274,
                1.4449803161885125e-07,
                1.2256068038499466e-11,
                7.052880193165732e-11,
                1.2256068038499466e-11
            ],
            [
                0.9820137871638491,
                0.017986211546344246,
                3.985650799506232e-10,
                7.446175993914023e-10,
                1.466238988826865e-10
            ],
            [
                4.8473689047832745e-11,
                8.152021048317733e-09,
                0.9999997284525363,
                2.3823697650663779e-07,
                2.5109992585762715e-08
            ],
            [
                9.416319521401474e-07,
                9.604907034157099e-05,
                0.9993489149940847,
                0.000552724237215467,
                1.3700664060940913e-06
            ],
            [
                8.198074394915642e-07,
                1.1928127861003565e-06,
                3.076304721110229e-05,
                0.01406316463929694,
                0.9859040596932663
            ]
        ],
        [
            [
                0.9999999396840437,
                6.02357463725189e-08,
                1.5737104195273442e-11,
                5.492789079881586e-11,
                9.545036189525652e-12
            ],
            [
                0.9999999935759589,
                6.348800072984747e-09,
                2.0206838953175026e-11,
                4.8473686733943544e-11,
                6.560200123661085e-12
            ],
            [
                2.7894628897936993e-10,
                9.237432431751828e-09,
                0.9999990144577673,
                8.315279610951845e-07,
                1.4449789288881854e-07
            ],
            [
                6.285783634782667e-07,
                3.0286601639785976e-05,
                0.97063486241502,
                0.029310635175903068,
                2.358722907363701e-05
            ],
            [
                0.999999931659523,
                6.825604226217514e-08,
                1.2256068970150505e-11,
                4.277788401613142e-11,
                2.940078105365082e-11
            ]
        ],
        [
            [
                0.9999999894602941,
                1.0467401679607307e-08,
                6.560200095994127e-12,
                5.492788290536147e-11,
                1.081594143831454e-11
            ],
            [
                0.9999996071597173,
                3.92786369705375e-07,
                1.225606791705007e-11,
                2.94007785273942e-11,
                1.225606791705007e-11
            ],
            [
                9.357622967870703e-14,
                9.545034921851739e-12,
                0.9999999999297129,
                2.2897348454083308e-11,
                3.775134543887985e-11
            ],
            [
                4.671823451763942e-08,
                7.856798989493628e-06,
                0.004069920696709087,
                0.9958769630295772,
                4.521275648977915e-05
            ],
            [
                0.9999999714949546,
                2.8453347257195094e-08,
                6.5601999761806624e-12,
                2.940077653248091e-11,
                1.5737101646343336e-11
            ]
        ],
        [
            [
                0.9999994955833235,
                5.04347204809182e-07,
                1.3887944504484263e-11,
                3.775134718118723e-11,
                1.7832473729306635e-11
            ],
            [
                0.99994170850527,
                5.8291276752761e-05,
                3.774911605158669e-11,
                1.3175736136106536e-10,
                4.847082446773251e-11
            ],
            [
                5.3154409719828896e-08,
                9.421835576732215e-07,
                0.9999345700208498,
                5.829083262495986e-05,
                6.143808557736193e-06
            ],
            [
                1.725466884842343e-08,
                2.1441503065835334e-05,
                0.9998178488554699,
                0.00015843246899885079,
                2.2599177965798812e-06
            ],
            [
                0.9999832982504953,
                1.6701415097178054e-05,
                6.224038155010119e-11,
                2.1724027741313364e-10,
                5.49269439336477e-11
            ]
        ],
        [
            [
                0.9999999748461958,
                2.5109990909025444e-08,
                3.978962433088639e-12,
                2.5946094312759625e-11,
                1.3887943506336165e-11
            ],
            [
                0.999999974775349,
                2.5109990912500823e-08,
                1.0815941279483031e-11,
                7.052879669962069e-11,
                3.331544456597168e-11
            ],
            [
                3.1633573359854784e-08,
                1.7271345843858263e-06,
                0.9811334775713061,
                0.017970085795896214,
                0.0008946778646400848
            ],
            [
                2.5104343224104858e-08,
                2.144056386068594e-05,
                0.99977454055403,
                0.00020342240609276353,
                5.713716732697654e-07
            ],
            [
                0.9999999827214691,
                1.7257827681833328e-08,
                2.7346982430826026e-12,
                8.423463605049572e-12,
                9.545034753526633e-12
            ]
        ],
        [
            [
                0.9999999747765198,
                2.510999090727588e-08,
                1.783247244641661e-11,
                7.991959686021002e-11,
                1.5737101699387802e-11
            ],
            [
                0.999999946776698,
                5.3157849690560194e-08,
                9.545034410432539e-12,
                4.847368446047956e-11,
                7.433680273288367e-12
            ],
            [
                1.6918980655553837e-10,
                9.237450442397933e-09,
                0.999999891089749,
                8.764248959892479e-08,
                1.1861121153432369e-08
            ],
            [
                1.4597862609499357e-06,
                0.0002454983014304123,
                0.9396757977919803,
                0.06007147055366711,
                5.773566661122354e-06
            ],
            [
                0.9999998723331758,
                1.275190674727518e-07,
                2.940077931202929e-11,
                1.0261880301563122e-10,
                1.573710313412837e-11
            ]
        ],
        [
            [
                0.999999998105431,
                1.8189616832703472e-09,
                8.423463734635818e-12,
                5.492788338022054e-11,
                1.2256067415242887e-11
            ],
            [
                0.9999991684403906,
                8.315279899699961e-07,
                3.978962841480363e-12,
                2.0206840642406024e-11,
                7.433681243368717e-12
            ],
            [
                1.605225021634122e-09,
                3.6534753093896785e-08,
                0.9999985135594535,
                1.370956495552853e-06,
                7.734407290671946e-08
            ],
            [
                7.48452639764137e-05,
                0.99991197438952,
                1.3006156669770953e-05,
                1.6372335018645844e-07,
                1.0466483607017095e-08
            ],
            [
                0.9999999880955576,
                1.1861119998595584e-08,
                6.560200083671111e-12,
                2.5946094648629237e-11,
                1.0815941417997322e-11
            ]
        ],
        [
            [
                0.9999999880606544,
                1.1861120003548497e-08,
                9.545034803904845e-12,
                4.847368645869681e-11,
                2.0206838838435116e-11
            ],
            [
                0.9999999530427264,
                4.691163798779871e-08,
                7.433680318896998e-12,
                2.594609374908483e-11,
                1.2256066861350392e-11
            ],
            [
                2.506133064254919e-08,
                3.92025543633836e-07,
                0.9980627584001244,
                0.0019267140409747379,
                1.011047202653903e-05
            ],
            [
                2.1025273323788116e-06,
                0.010333432209397662,
                0.9301859584183164,
                0.0594647966445236,
                1.3710200429992421e-05
            ],
            [
                0.0004501350112269036,
                0.0003972427531526245,
                0.0012235938213713004,
                0.07570107499556841,
                0.9222279534186808
            ]
        ],
        [
            [
                0.9999999714668584,
                2.8453347258930787e-08,
                8.42346350848413e-12,
                4.84736856471594e-11,
                2.2897347787800288e-11
            ],
            [
                0.9999998873592861,
                1.1253518375614578e-07,
                1.3887944980204433e-11,
                6.22414512272386e-11,
                2.94007797538087e-11
            ],
            [
                7.991960634081493e-11,
                1.1861121251274656e-08,
                0.9999998993132128,
                8.764249032188693e-08,
                1.103256134653058e-09
            ],
            [
                1.3439104499900579e-08,
                1.3708246194171916e-06,
                0.9999023279901387,
                9.610222519923366e-05,
                1.8552093813654743e-07
            ],
            [
                0.999999990600115,
                9.237449570891276e-09,
                2.0206838890986974e-11,
                1.1628232915569029e-10,
                2.5946094726941608e-11
            ]
        ],
        [
            [
                0.9999999935592063,
                6.348800072575612e-09,
                9.545034857489032e-12,
                6.224144580293189e-11,
                2.020683895187284e-11
            ],
            [
                0.9999999748141579,
                2.5109990905983732e-08,
                9.545034675203305e-12,
                4.847368580509646e-11,
                1.783247244549896e-11
            ],
            [
                4.2777876721561515e-11,
                2.0611535276088176e-09,
                0.9999999541611003,
                4.139937528314542e-08,
                2.3355929313431637e-09
            ],
            [
                2.1525473749119286e-06,
                0.00024880064824007124,
                0.9523156222195902,
                0.04741300178392632,
                2.0422800868411378e-05
            ],
            [
                0.9999999827026697,
                1.725782768150889e-08,
                5.7893562259276864e-12,
                2.2897348049861915e-11,
                1.0815941365224468e-11
            ]
        ],
        [
            [
                0.9999999846562031,
                1.5229979499478687e-08,
                1.3887943641339613e-11,
                7.052879737546315e-11,
                2.940077691943185e-11
            ],
            [
                0.9999989322077207,
                1.0677030759909222e-06,
                1.7832440301676884e-11,
                4.847359842912901e-11,
                2.2897306588919937e-11
            ],
            [
                2.54366564662518e-13,
                3.3315445411818235e-11,
                0.9999999997338656,
                1.1628233026784418e-10,
                1.1628233026784418e-10
            ],
            [
                4.660709371664013e-07,
                1.202012789504622e-05,
                0.9241067684942114,
                0.07585529869600294,
                2.5446610953499322e-05
            ],
            [
                0.9999999585476196,
                4.1399375452709136e-08,
                7.43368036078964e-12,
                3.331544402533765e-11,
                1.2256066930419681e-11
            ]
        ],
        [
            [
                0.9999999881093723,
                1.1861120002370698e-08,
                5.789356256017574e-12,
                2.0206838836428593e-11,
                3.511422069273801e-12
            ],
            [
                0.9999999864941984,
                1.3440409763430193e-08,
                7.433680568535582e-12,
                3.775134491556675e-11,
                2.0206838808019375e-11
            ],
            [
                7.582560492791464e-10,
                2.5109991772291407e-08,
                0.9999994579234459,
                5.043471859001105e-07,
                1.1861120252832535e-08
            ],
            [
                1.0654885794389579e-06,
                9.591222535456315e-05,
                0.7771845790610652,
                0.22266710511024512,
                5.1338114755718785e-05
            ],
            [
                0.9999998873812399,
                1.1253518377527353e-07,
                1.08159424276742e-11,
                5.49278879297444e-11,
                1.7832474343174432e-11
            ]
        ],
        [
            [
                0.9999997616625721,
                2.3823698428910512e-07,
                1.2256068346386941e-11,
                6.224145081127164e-11,
                2.594609689290723e-11
            ],
            [
                4.111726113191973e-08,
                6.431815665866252e-07,
                0.00012256871108578906,
                0.9931847221128554,
                0.00669202487723102
            ],
            [
                1.918673207686018e-08,
                2.2176846995187256e-06,
                0.01797007667629769,
                0.981133009016212,
                0.0008946774360585904
            ],
            [
                4.4123892394296966e-07,
                5.779089442708324e-05,
                0.991357940206742,
                0.008576925521846772,
                6.902138060215177e-06
            ],
            [
                2.927596939473527e-05,
                4.8267913461466e-05,
                0.00040414229137865284,
                0.2688118747985312,
                0.730706439027234
            ]
        ],
        [
            [
                0.9999999677191105,
                3.224186630732358e-08,
                6.56019995141037e-12,
                2.020683842260547e-11,
                1.2256067039169485e-11
            ],
            [
                0.9999999530328174,
                4.691163798733386e-08,
                1.2256066861228947e-11,
                2.9400775994610995e-11,
                1.3887943204485175e-11
            ],
            [
                1.6586783258839748e-12,
                1.6918978889233527e-10,
                0.99999998023571,
                4.363462166051462e-09,
                1.5229979441428912e-08
            ],
            [
                2.8451505937565768e-08,
                6.143808700007275e-06,
                0.9999345947222397,
                5.8290833974790315e-05,
                9.421835794911987e-07
            ],
            [
                0.9999999865231606,
                1.344040976100701e-08,
                5.109088955790162e-12,
                2.2897348132549687e-11,
                8.423463635310346e-12
            ]
        ],
        [
            [
                0.9999999864516775,
                1.3440409762858695e-08,
                1.2256067272413696e-11,
                7.991959781000736e-11,
                1.5737101886413988e-11
            ],
            [
                0.9999999949544469,
                4.944450474984377e-09,
                8.423463708548824e-12,
                5.492788321011197e-11,
                3.775134523699261e-11
            ],
            [
                6.6915867086522e-10,
                3.653482550787867e-08,
