{
    "[['E', 'D', 'C', 'B', 'A'], ['E', 'D', 'C', 'B', 'A']]": [
        [
            [
                0.9999999943637738,
                5.602796403038791e-09,
                3.0988191196412572e-12,
                2.2897348315468142e-11,
                7.433680626580285e-12
            ],
            [
                0.9999999936275046,
                6.348800071836822e-09,
                3.978962508131622e-12,
                1.5737101997285054e-11,
                3.978962508131622e-12
            ],
            [
                2.129785165328262e-12,
                1.0261879604586965e-10,
                0.9999999974282325,
                4.0586521157515323e-10,
                2.0611536169923796e-09
            ],
            [
                0.0,
                4.322712808027742e-10,
                1.0369648958092888e-09,
                0.06008665427975197,
                0.9399133442510119
            ],
            [
                1.7832472791782973e-11,
                5.109088994724648e-12,
                5.109088994724648e-12,
                3.850741897640115e-09,
                0.9999999961212074
            ]
        ],
        [
            [
                0.9999999987188033,
                1.2501528639485003e-09,
                2.4133627671262993e-12,
                2.0206839050811658e-11,
                8.423463738039902e-12
            ],
            [
                0.9999999530366639,
                4.691163797964602e-08,
                6.560199855090582e-12,
                2.9400775989792816e-11,
                1.5737101355863332e-11
            ],
            [
                6.431393940929679e-14,
                3.0988191384701575e-12,
                0.9999999999893145,
                2.4133627716372145e-12,
                5.109089027648395e-12
            ],
            [
                1.0140777732780185e-10,
                3.3581643783365894e-09,
                9.813994877654289e-08,
                0.32082127472309274,
                0.6791786236773862
            ],
            [
                3.331544522029024e-11,
                5.789356293737118e-12,
                7.433680627419602e-12,
                2.998960806730208e-09,
                0.9999999969545006
            ]
        ],
        [
            [
                0.9999999894437609,
                1.0467401679434246e-08,
                4.5087551926257256e-12,
                2.940077706896151e-11,
                5.492788290445333e-11
            ],
            [
                0.9999646434670344,
                3.535625748791517e-05,
                1.573653369702083e-11,
                9.055749892393042e-11,
                1.6918368127980584e-10
            ],
            [
                5.0087746373715464e-14,
                3.0988191384298344e-12,
                0.999999999985693,
                2.7346982913341932e-12,
                8.423463753674932e-12
            ],
            [
                1.658675324494747e-12,
                2.4133583567789164e-12,
                2.1297812746840422e-12,
                1.0677030749961494e-06,
                0.9999989322907232
            ],
            [
                2.289734838627146e-11,
                3.511422102613436e-12,
                3.978962523641077e-12,
                9.736200283166539e-10,
                0.9999999989959922
            ]
        ],
        [
            [
                0.9999999906944682,
                9.23744957055622e-09,
                7.433680598788023e-12,
                3.7751345069201316e-11,
                2.2897348229861948e-11
            ],
            [
                0.9999999847431251,
                1.5229979504413763e-08,
                2.7346982484437605e-12,
                1.573710185856265e-11,
                8.4234636215631e-12
            ],
            [
                2.6810038676424908e-14,
                2.1297851708451154e-12,
                0.9999999999965108,
                1.0060392792310402e-12,
                3.26613134261773e-13
            ],
            [
                4.1523949043953516e-11,
                1.2135076705780368e-09,
                1.3046436967789274e-08,
                0.029312227484545275,
                0.9706877582139861
            ],
            [
                1.493094670802553e-10,
                2.1297851632607856e-12,
                2.7346982817112995e-12,
                4.5990553620357445e-10,
                0.9999999993859205
            ]
        ],
        [
            [
                0.9999999936044341,
                6.348800072130889e-09,
                5.1090889927252525e-12,
                2.9400777189488156e-11,
                1.2256067359327854e-11
            ],
            [
                0.9999999677063918,
                3.224186630978618e-08,
                4.508755093673778e-12,
                2.9400776423713755e-11,
                1.7832472320338743e-11
            ],
            [
                3.4424771082436866e-14,
                1.879528816415533e-12,
                0.9999999999965068,
                6.914400106485687e-13,
                8.878265477876048e-13
            ],
            [
                1.2121416192418605e-11,
                2.4346515249414873e-10,
                4.5485278692281296e-10,
                0.010986942338968988,
                0.9890130569505917
            ],
            [
                7.052879798632317e-11,
                3.978962506230139e-12,
                3.978962506230139e-12,
                2.9989608025423102e-09,
                0.9999999969225524
            ]
        ],
        [
            [
                0.9999999918103598,
                8.152020642894035e-09,
                1.6586783443507525e-12,
                6.560200110554103e-12,
                2.940077713470089e-11
            ],
            [
                0.9999999994735125,
                5.211412482428914e-10,
                7.835041776856174e-13,
                3.098819135475413e-12,
                1.4637785125924122e-12
            ],
            [
                5.008774637294844e-14,
                5.1090890275036744e-12,
                0.9999999999389335,
                7.433680671537902e-12,
                4.847368705739274e-11
            ],
            [
                0.0,
                2.9931833257570146e-09,
                9.219653711897264e-09,
                0.22270014084307257,
                0.7772998469440904
            ],
            [
                4.277787855208187e-11,
                4.508755227791036e-12,
                5.10908901162838e-12,
                1.1032560287945938e-09,
                0.9999999988443482
            ]
        ],
        [
            [
                0.9999999950195959,
                4.944450474736525e-09,
                3.5114220940582635e-12,
                2.2897348330484727e-11,
                9.545034870328185e-12
            ],
            [
                0.9999999918061763,
                8.152020641492626e-09,
                3.97896250021725e-12,
                2.9400777129646615e-11,
                8.423463679061127e-12
            ],
            [
                5.789356311450038e-12,
                2.7894680845426585e-10,
                0.9999999970635798,
                2.061153616286233e-09,
                5.905303981317333e-10
            ],
            [
                0.0,
                2.331093495598835e-09,
                2.2116799296095333e-08,
                0.7772998368468129,
                0.22270013870529431
            ],
            [
                2.1724399304801601e-10,
                7.835041768478322e-13,
                0.0,
                7.991959876035683e-11,
                0.999999999702053
            ]
        ],
        [
            [
                0.9999999907372378,
                9.237449568469324e-09,
                1.879528797514532e-12,
                9.545034826225986e-12,
                1.3887943724390545e-11
            ],
            [
                0.9999999847123124,
                1.5229979503944487e-08,
                6.560200064444697e-12,
                3.3315444894985946e-11,
                1.7832472626235875e-11
            ],
            [
                3.9008376099685744e-14,
                2.7346982914431525e-12,
                0.9999999999940903,
                2.12978517083996e-12,
                1.006039279228605e-12
            ],
            [
                0.0,
                1.0815550896817224e-11,
                9.544690166187244e-12,
                3.535625749289044e-05,
                0.9999646437221469
            ],
            [
                7.433680662008238e-12,
                1.1399918514580592e-12,
                1.0060392778834155e-12,
                1.3176514251760375e-10,
                0.9999999998586551
            ]
        ],
        [
            [
                0.9999999826880558,
                1.7257827676107806e-08,
                4.508755160820714e-12,
                2.940077686156679e-11,
                2.020683872508054e-11
            ],
            [
                0.9999999827313978,
                1.7257827676855792e-08,
                1.0060392611475894e-12,
                5.789356224366746e-12,
                3.978962464109046e-12
            ],
            [
                3.0988191151333794e-12,
                3.581747903018644e-10,
                0.999999992430702,
                1.605228042966494e-09,
                5.6027963948883566e-09
            ],
            [
                1.8262472965171014e-10,
                2.391911932148741e-08,
                3.741579785400003e-07,
                0.9525737461687721,
                0.04742585557150537
            ],
            [
                1.9171715011039744e-10,
                5.789356290517863e-12,
                5.789356290517863e-12,
                2.9989608050625927e-09,
                0.9999999967977433
            ]
        ],
        [
            [
                0.9999999985546137,
                1.4166087836477136e-09,
                3.5114221059514526e-12,
                1.7832472870438827e-11,
                7.433680656633338e-12
            ],
            [
                0.9999999936265744,
                6.348800072271454e-09,
                3.0988191173568098e-12,
                1.57371019983624e-11,
                5.789356288815547e-12
            ],
            [
                4.752193062030425e-13,
                2.940077738826201e-11,
                0.9999999998774447,
                5.492788350098519e-11,
                3.7751345436906653e-11
            ],
            [
                0.0,
                1.1735165210442503e-09,
                4.09597512469192e-09,
                0.26894140807140937,
                0.731058586659099
            ],
            [
                1.2256067289000228e-11,
                2.41336274129236e-12,
                4.508755185236998e-12,
                9.237449545071634e-09,
                0.9999999907433722
            ]
        ],
        [
            [
                0.9999999881044249,
                1.1861120003244634e-08,
                2.7346982574461436e-12,
                1.3887943691557692e-11,
                1.7832472685488254e-11
            ],
            [
                0.9999999827292111,
                1.7257827668328986e-08,
                1.2917799808610138e-12,
                6.5602000466526936e-12,
                5.109088933438185e-12
            ],
            [
                8.258073284856293e-14,
                5.109089027630481e-12,
                0.9999999999637532,
                5.109089027630481e-12,
                2.5946094980566502e-11
            ],
            [
                2.0124604284373824e-11,
                4.042134824183312e-10,
                5.881271465915972e-10,
                0.004070137759560228,
                0.9959298612279747
            ],
            [
                4.2777878387512064e-11,
                4.508755210445506e-12,
                6.5602001218132935e-12,
                4.363462222120716e-09,
                0.9999999955826908
            ]
        ],
        [
            [
                0.9999999943544926,
                5.602796402598018e-09,
                4.508755214178058e-12,
                2.5946094820963842e-11,
                1.2256067367670185e-11
            ],
            [
                0.9999999895075066,
                1.0467401678734195e-08,
                1.6586783405310596e-12,
                1.388794371104361e-11,
                9.54503481705278e-12
            ],
            [
                3.900837609977218e-14,
                1.879528816441033e-12,
                0.9999999999963061,
                8.878265477996501e-13,
                8.878265477996501e-13
            ],
            [
                0.0,
                3.93968264378626e-10,
                1.5581747120133238e-09,
                0.029312227832248905,
                0.9706877702156081
            ],
            [
                7.052879827914202e-11,
                2.4133627638953092e-12,
                0.0,
                2.172439927933543e-10,
                0.9999999997098139
            ]
        ],
        [
            [
                0.9999999778040688,
                2.215948926996724e-08,
                3.978962445446859e-12,
                2.020683863118194e-11,
                1.2256067165677508e-11
            ],
            [
                0.9999999965424204,
                3.39826780547131e-09,
                5.789356304839495e-12,
                3.331544528418e-11,
                2.0206839006833838e-11
            ],
            [
                1.3615261080129906e-13,
                9.545034922303179e-12,
                0.9999999999696394,
                8.42346375399435e-12,
                1.2256067443409383e-11
            ],
            [
                3.977247802630514e-12,
                2.5934913517683985e-11,
                3.3301088136304713e-11,
                0.0004305571174589819,
                0.9995694428193277
            ],
            [
                1.3887943845531826e-11,
                1.4637785120777707e-12,
                1.6586783565933866e-12,
                2.789468088965864e-10,
                0.9999999997040427
            ]
        ],
        [
            [
                0.9999999917665937,
                8.152020640346916e-09,
                3.5114220814484743e-12,
                2.9400777125514544e-11,
                4.8473686621949597e-11
            ],
            [
                0.999999995031192,
                4.944450473122265e-09,
                3.511422092911857e-12,
                1.573710201514668e-11,
                5.109088998287428e-12
            ],
            [
                8.258073284934981e-14,
                5.789356328295339e-12,
                0.9999999999732818,
                5.1090890276791635e-12,
                1.57371021056796e-11
            ],
            [
                1.4637703258477177e-12,
                1.0815881053638784e-11,
                2.9400612926880783e-11,
                6.144172123477146e-06,
                0.9999938557861963
            ],
            [
                3.77513453585422e-11,
                1.006039277038163e-12,
                0.0,
                1.3176514240689754e-10,
                0.9999999998294775
            ]
        ],
        [
            [
                0.999999997290959,
                2.6465736301765585e-09,
                7.43368064782423e-12,
                4.2777878548541323e-11,
                1.2256067403659715e-11
            ],
            [
                0.9999999956147305,
                4.3634622312319875e-09,
                2.1297851603584007e-12,
                1.3887943795860393e-11,
                5.789356299923974e-12
            ],
            [
                3.4424771083569664e-14,
                2.4133627717539875e-12,
                0.9999999999965725,
                6.914400106713216e-13,
                2.882350793349765e-13
            ],
            [
                0.0,
                3.0682279284988604e-10,
                1.0709167742123732e-09,
                0.02931222787996999,
                0.9706877707422904
            ],
            [
                1.2256067374585712e-11,
                6.560200130945738e-12,
                7.433680630189954e-12,
                2.646573623898322e-09,
                0.9999999973271765
            ]
        ],
        [
            [
                0.9999999927356832,
                7.194132972609926e-09,
                4.508755206123007e-12,
                2.289734827275988e-11,
                4.277787834650133e-11
            ],
            [
                0.9999999943641762,
                5.6027964017125395e-09,
                1.2917799965262516e-12,
                5.789356291713045e-12,
                2.5946094816863262e-11
            ],
            [
                2.8823507932407693e-13,
                1.3887943863982935e-11,
                0.9999999999450941,
                1.7832472906886648e-11,
                2.289734845483799e-11
            ],
            [
                0.0,
                2.4458091905371324e-09,
                1.8072221316159034e-08,
                0.07585817428627617,
                0.9241418051956933
            ],
            [
                1.5737102052647406e-11,
                2.4133627635189986e-12,
                2.7346982821706343e-12,
                1.8189616812865867e-09,
                0.9999999981601531
            ]
        ],
        [
            [
                0.9999999881100013,
                1.1861120002378159e-08,
                2.734698257246369e-12,
                1.3887943690543151e-11,
                1.2256067290173606e-11
            ],
            [
                0.9999999895108665,
                1.0467401678769367e-08,
                2.734698261292337e-12,
                1.3887943711090273e-11,
                5.109088971456337e-12
            ],
            [
                4.193795657424863e-13,
                2.594609497685826e-11,
                0.9999999998208322,
                6.224144621490909e-11,
                9.056076987611329e-11
            ],
            [
                0.0,
                9.019221915169219e-11,
                4.580338827454716e-10,
                0.004070137769186012,
                0.9959298616825879
            ],
            [
                2.5946094903188874e-11,
                3.5114221026070996e-12,
                2.734698283204648e-12,
                9.73620028314897e-10,
                0.9999999989941877
            ]
        ],
        [
            [
                0.9999999927862399,
                7.194132972973638e-09,
                1.6586783456912202e-12,
                9.545034846747455e-12,
                8.423463687316657e-12
            ],
            [
                0.9999999993201876,
                6.691586081669822e-10,
                2.129785167893008e-12,
                5.7893563204051605e-12,
                2.734698287659191e-12
            ],
            [
                1.0603575990291667e-13,
                6.560200167391456e-12,
                0.9999999999460374,
                9.545034921731455e-12,
                3.7751345438404115e-11
            ],
            [
                2.1297487396563346e-12,
                8.423319665884204e-12,
                1.3887706303049985e-11,
                1.6701415097270086e-05,
                0.9999832985604619
            ],
            [
                1.317651422923748e-10,
                3.978962523499196e-12,
                2.4133627643498122e-12,
                3.160881444512371e-10,
                0.9999999995457545
            ]
        ],
        [
            [
                0.9999999990147006,
                9.736200295050986e-10,
                1.139991850941622e-12,
                6.560200156053384e-12,
                3.97896252849798e-12
            ],
            [
                0.9999999748660782,
                2.5109990911499045e-08,
                2.1297851161682285e-12,
                1.2256067128818862e-11,
                9.545034677299834e-12
            ],
            [
                4.420228103375337e-14,
                3.0988191385354603e-12,
                0.9999999999883329,
                2.7346982914274078e-12,
                5.789356328382475e-12
            ],
            [
                2.2042649052310827e-11,
                7.299522857341138e-10,
                2.5477838197952378e-09,
                0.037326883744630585,
                0.9626731129555907
            ],
            [
                6.224144576611368e-11,
                5.109088990060914e-12,
                8.423463691813264e-12,
                4.363462220487409e-09,
                0.9999999955607637
            ]
        ],
        [
            [
                0.9999999988815251,
                1.1032560306021962e-09,
                1.0060392776954044e-12,
                5.789356319592846e-12,
                8.423463741173218e-12
            ],
            [
                0.9999999927839932,
                7.1941329704755e-09,
                4.508755204785306e-12,
                1.2256067342138037e-11,
                5.109088985559471e-12
            ],
            [
                1.2015425730524614e-13,
                8.423463753594311e-12,
                0.999999999976122,
                5.78935632812973e-12,
                9.545034921849876e-12
            ],
            [
                0.0,
                2.9931833355484185e-09,
                8.136315870267698e-09,
                0.22270014140511954,
                0.7772998474653813
            ],
            [
                3.77513452589194e-11,
                8.423463713441353e-12,
                9.545034876350614e-12,
                3.3982678029434794e-09,
                0.9999999965460122
            ]
        ],
        [
            [
                0.9999999917886678,
                8.152020642076223e-09,
                5.7893562773183265e-12,
                3.331544512580662e-11,
                2.0206838910775525e-11
            ],
            [
                0.9999999907176073,
                9.237449569220606e-09,
                5.109088976764756e-12,
                2.5946094722249038e-11,
                1.3887943725520052e-11
            ],
            [
                2.734698290660655e-12,
                1.3176514265608598e-10,
                0.9999999997144078,
                1.0261879628207515e-10,
                4.8473687046196296e-11
            ],
            [
                2.7346619413716527e-12,
                9.544908048105475e-12,
                7.433581862209097e-12,
                1.3007124758163282e-05,
                0.9999869928555287
            ],
            [
                4.8473686952148775e-11,
                1.879528812252448e-12,
                0.0,
                1.6918979187564244e-10,
                0.999999999780457
            ]
        ],
        [
            [
                0.9999999961188515,
                3.850741905815534e-09,
                2.4133627612088915e-12,
                1.5737102037583616e-11,
                1.2256067390144721e-11
            ],
            [
                0.0,
                6.441806312041178e-10,
                2.2484113294566164e-09,
                0.037326883761700035,
                0.9626731133457079
            ],
            [
                3.701011677801318e-13,
                3.775134543471895e-11,
                0.9999999998090763,
                9.056076987736488e-11,
                6.22414462157693e-11
            ],
            [
                3.098328713228102e-12,
                2.02036411142856e-11,
                3.331017285071431e-11,
                0.00015843624670035266,
                0.9998415636966875
            ],
            [
                1.4637785110813863e-12,
                7.835041768768234e-13,
                7.835041768768234e-13,
                9.736200292759177e-10,
                0.9999999990233492
            ]
        ],
        [
            [
                0.9999999987205521,
                1.2501528641357308e-09,
                3.978962528672763e-12,
                2.0206839053837953e-11,
                5.109089018863955e-12
            ],
            [
                0.9999999827066405,
                1.7257827677966166e-08,
                4.508755161306228e-12,
                2.020683872725646e-11,
                1.0815941363004148e-11
            ],
            [
                3.2661313424976807e-13,
                9.545034921993807e-12,
                0.999999999973523,
                1.0815941556326118e-11,
                5.789356328217028e-12
            ],
            [
                4.506262451234857e-12,
                4.275422774661776e-11,
                7.987541315075519e-11,
                0.0005527785820313309,
                0.9994472212908329
            ],
            [
                7.991959877339168e-11,
                0.0,
                0.0,
                5.4927883402228235e-11,
                0.9999999998651525
            ]
        ],
        [
            [
                0.9999999994636675,
                5.211412481606229e-10,
                1.6586783569147093e-12,
                8.423463744314238e-12,
                5.1090890219043644e-12
            ],
            [
                0.9999999634207613,
                3.653482075512037e-08,
                2.7346981881399024e-12,
                1.5737101511537902e-11,
                2.594609400123968e-11
            ],
            [
                7.287724095390578e-14,
                4.508755242029341e-12,
                0.999999999983896,
                3.0988191385393616e-12,
                8.423463753972659e-12
            ],
            [
                0.0,
                6.441806309879257e-10,
                2.248411328702032e-09,
                0.03732688374295957,
                0.9626731133644484
            ],
            [
                1.2256067390323754e-11,
                1.6586783516364777e-12,
                1.8795288082923082e-12,
                3.398267804584552e-09,
                0.9999999965859379
            ]
        ],
        [
            [
                0.9999999976434961,
                2.335593031524525e-09,
                3.5114221024392744e-12,
                1.3887943821706409e-11,
                3.5114221024392744e-12
            ],
            [
                0.999999993622988,
                6.3488000707432895e-09,
                1.6586783470791164e-12,
                1.081594148011105e-11,
                1.5737101994574457e-11
            ],
            [
                1.626111044543452e-14,
                1.463778514058966e-12,
                0.9999999999970448,
                7.835041784706069e-13,
                6.914400106623987e-13
            ],
            [
                3.173541752727278e-11,
                1.3494242909833953e-09,
                1.9634007580580936e-09,
                0.04742587518635689,
                0.9525741214690826
            ],
            [
                1.2256067415960167e-11,
                2.413362766292254e-12,
                2.413362766292254e-12,
                4.599055368093116e-10,
                0.9999999995230118
            ]
        ],
        [
            [
                0.9999999847151786,
                1.5229979502931346e-08,
                5.789356236822584e-12,
                3.331544489276971e-11,
                1.573710185703087e-11
            ],
            [
                8.592166584891858e-10,
                0.0,
                0.0,
                1.3176514217521932e-10,
                0.9999999990090183
            ],
            [
                3.900837609917682e-14,
                1.879528816412347e-12,
                0.9999999999948117,
                1.139991852967486e-12,
                2.129785170812174e-12
            ],
            [
                2.376493203871003e-10,
                7.869864652294898e-09,
                1.2310551313674373e-07,
                0.8519526862358471,
                0.14804718255112592
            ],
            [
                3.331544529539299e-11,
                3.511422100067632e-12,
                3.511422100067632e-12,
                1.1032560281620283e-09,
                0.9999999988564057
            ]
        ],
        [
            [
                0.9999999943378919,
                5.602796403236872e-09,
                5.789356293288134e-12,
                3.3315445217706514e-11,
                2.020683896651563e-11
            ],
            [
                0.9999999985731256,
                1.4166087836739375e-09,
                1.2917800020783827e-12,
                6.560200154403383e-12,
                2.413362766774726e-12
            ],
            [
                3.511422102664842e-12,
                2.7894680843595915e-10,
                0.9999999969872295,
                2.0611536161509636e-09,
                6.691586070879952e-10
            ],
            [
                7.976563400611423e-11,
                3.39172106436098e-09,
                8.136315865323344e-09,
                0.22270014126978696,
                0.7772998471224105
            ],
            [
                2.594609489600234e-11,
                1.658678353367701e-12,
                1.2917800004663541e-12,
                3.160881443743877e-10,
                0.9999999996550153
            ]
        ],
        [
            [
                0.9999999950210152,
                4.9444504744004524e-09,
                3.5114220938195936e-12,
                2.0206838977679877e-11,
                1.0815941497046144e-11
            ],
            [
                0.9999999936231492,
                6.348800072249707e-09,
                2.734698272727947e-12,
                2.0206838950835552e-11,
                5.109088992820869e-12
            ],
            [
                5.109089019614925e-12,
                3.581747924360395e-10,
                0.9999999983841492,
                9.736200296909764e-10,
                2.7894680882562543e-10
            ],
            [
                1.2917800635037007e-12,
                1.6586784343092563e-12,
                1.8795289019728394e-12,
                5.043472045097455e-07,
                0.9999994956479655
            ],
            [
                2.7894680787725645e-10,
                2.7346982777722892e-12,
                2.4133627596374725e-12,
                4.05865210596561e-10,
                0.9999999993100399
            ]
        ],
        [
            [
                0.9999999943475391,
                5.602796401619325e-09,
                3.511422090865778e-12,
                2.5946094816431593e-11,
                2.0206838960681842e-11
            ],
            [
                0.9999999881154286,
                1.1861120001385734e-08,
                2.1297851440292787e-12,
                1.3887943689381142e-11,
                7.433680578369446e-12
            ],
            [
                3.7010116780588796e-13,
                4.277787868352018e-11,
                0.9999999998817173,
                5.492788350162465e-11,
                2.020683908730776e-11
            ],
            [
                0.0,
                1.173516516547219e-09,
                7.652288939124294e-09,
                0.2689414071786925,
                0.7310585839955019
            ],
            [
                1.0815941536778703e-11,
                1.0060392773758697e-12,
                0.0,
                2.7894680875801024e-10,
                0.9999999997092313
            ]
        ],
        [
            [
                0.9999999936195803,
                6.348800071287317e-09,
                3.978962507787233e-12,
                2.020683894777248e-11,
                7.433680619947875e-12
            ],
            [
                0.9999999881130711,
                1.1861120003347188e-08,
                3.5114220695628857e-12,
                1.5737101910503852e-11,
                6.560200086299149e-12
            ],
            [
                3.0988191309777413e-12,
                2.172439929649995e-10,
                0.9999999975558842,
                9.736200288678376e-10,
                1.250152863262556e-09
            ],
            [
                2.2816792843254077e-10,
                1.4116249873316024e-08,
                1.5176398852596926e-07,
                0.5621764071401688,
                0.43782342675142477
            ],
            [
                3.3315445244749646e-11,
                4.508755218352055e-12,
                5.109089000932611e-12,
                3.850741902319083e-09,
                0.9999999961063248
            ]
        ],
        [
            [
                0.9999999804017059,
                1.9555680685552704e-08,
                3.978962453982364e-12,
                1.5737101783120587e-11,
                2.2897347985413242e-11
            ],
            [
                0.99999995305825,
                4.691163799465477e-08,
                2.7346981619626482e-12,
                1.7832472062857652e-11,
                9.545034470390172e-12
            ],
            [
                2.3659776085364995e-14,
                1.8795288160638248e-12,
                0.9999999997700368,
                1.0815941554550769e-11,
                2.1724399345296931e-10
            ],
            [
                5.096455763291353e-12,
                7.97219814192159e-11,
                1.6877143598887538e-10,
                0.0024726229620696425,
                0.9975273767843406
            ],
            [
                4.847368692873722e-11,
                3.978962524840695e-12,
                2.7346982840340675e-12,
                1.103256029294517e-09,
                0.9999999988415567
            ]
        ],
        [
            [
                0.9999999865140674,
                1.3440409759687285e-08,
                5.109088955288497e-12,
                2.020683880239214e-11,
                2.020683880239214e-11
            ],
            [
                0.9999999988687434,
                1.103256030357235e-09,
                2.7346982866682823e-12,
                1.7832472876040533e-11,
                7.433680658968477e-12
            ],
            [
                1.1399918527716511e-12,
                4.277787867945683e-11,
                0.9999999997985354,
                5.4927883496407206e-11,
                1.0261879629247084e-10
            ],
            [
                1.8795289016147264e-12,
                2.734698415376205e-12,
                2.1297852673591187e-12,
                5.043472044136506e-07,
                0.9999994956460515
            ],
            [
                1.783247286513767e-11,
                1.8795288120059974e-12,
                1.8795288120059974e-12,
                9.7362002895276e-10,
                0.9999999990047885
            ]
        ],
        [
            [
                0.9999999826954066,
                1.7257827682316167e-08,
                5.109088937579015e-12,
                2.9400776872143474e-11,
                1.2256067227038908e-11
            ],
            [
                0.9999999467665748,
                5.3157849655822936e-08,
                8.423463296765584e-12,
                2.940077579530406e-11,
                3.7751343391508156e-11
            ],
            [
                1.2015425730873606e-13,
                5.7893563282978845e-12,
                0.9999999999801756,
                3.098819138490182e-12,
                1.0815941556477177e-11
            ],
            [
                1.1920144019405506e-10,
                3.947409566153165e-09,
                7.374731964294934e-09,
                0.09534946889266006,
                0.904650519665997
            ],
            [
                5.789356285708e-12,
                1.658678346588035e-12,
                2.129785155128636e-12,
                5.602796395901005e-09,
                0.9999999943876257
            ]
        ],
        [
            [
                0.9999999983808279,
                1.605228051512319e-09,
                8.878265458143251e-13,
                3.511422105341217e-12,
                9.545034900998433e-12
            ],
            [
                0.9999999907405762,
                9.23744957098214e-09,
                2.7346982646552218e-12,
                1.0815941450749165e-11,
                8.423463671497916e-12
            ],
            [
                2.6810038675855666e-14,
                1.4637785140187672e-12,
                0.9999999999973335,
                8.878265477809812e-13,
                2.882350793233413e-13
            ],
            [
                1.7974924012948525e-09,
                1.1120691701229565e-07,
                1.5351655999473483e-06,
                0.6791775790615243,
                0.3208207727684663
            ],
            [
                2.0206839030668753e-11,
                0.0,
                1.4637785098118738e-12,
                2.789468084647829e-10,
                0.9999999996993825
            ]
        ],
        [
            [
                0.9999999988645842,
                1.1032560303526464e-09,
                3.51142210703989e-12,
                1.7832472875966368e-11,
                1.0815941537767523e-11
            ],
            [
                0.9999999936166333,
                6.3488000700619665e-09,
                5.109088991060322e-12,
                2.2897348290619575e-11,
                6.560200120640982e-12
            ],
            [
                8.258073284929242e-14,
                5.1090890276756125e-12,
                0.999999999979041,
                3.511422113110041e-12,
                1.2256067443169409e-11
            ],
            [
                1.1011285461213007e-09,
                1.2727315517589291e-07,
                1.0656450812782653e-06,
                0.7772989220035561,
                0.22269988397707896
            ],
            [
                3.58174792083238e-10,
                1.1399918500363727e-12,
                8.878265455033465e-13,
                2.1724399293468165e-10,
                0.9999999994225535
            ]
        ],
        [
            [
                0.9999999847411418,
                1.5229979500772302e-08,
                2.7346982477898997e-12,
                1.3887943642519237e-11,
                1.225606724779265e-11
            ],
            [
                0.9999999881119547,
                1.1861119998790073e-08,
                2.4133627407933494e-12,
                1.2256067286466045e-11,
                1.2256067286466045e-11
            ],
            [
                7.835041783790049e-13,
                6.224144621895448e-11,
                0.9999999998858273,
                3.3315445416245487e-11,
                1.7832472905246003e-11
            ],
            [
                1.6586025835264298e-12,
                5.78909184663949e-12,
                9.54459886559121e-12,
                4.539785570318009e-05,
                0.9999546021273045
            ],
            [
