{
    "[['E', 'D', 'C', 'B', 'A'], ['E', 'D', 'C', 'B', 'A']]": [
        [
            [
                3.398267792810884e-09,
                0.0,
                0.0,
                9.056076918561918e-11,
                0.9999999965111714
            ],
            [
                5.109089016912508e-12,
                0.0,
                0.0,
                1.1628233004841828e-10,
                0.9999999998786087
            ],
            [
                2.099818883717381e-09,
                1.6680927521131724e-07,
                0.899052115202764,
                0.027149021990220047,
                0.07379869389792182
            ],
            [
                4.8473686863162585e-11,
                0.0,
                0.0,
                2.1724399261362558e-10,
                0.9999999997342823
            ],
            [
                7.052879798523214e-11,
                0.0,
                0.0,
                1.9171714994631544e-10,
                0.999999999737754
            ]
        ],
        [
            [
                1.103256026778114e-09,
                0.0,
                0.0,
                9.056076943988955e-11,
                0.9999999988061832
            ],
            [
                1.0261879582627847e-10,
                0.0,
                0.0,
                3.160881439197823e-10,
                0.9999999995812932
            ],
            [
                1.6911461702290636e-10,
                1.725015990515518e-08,
                0.999556429477785,
                1.3001530586975133e-05,
                0.0004305515723535794
            ],
            [
                3.0988190060178142e-12,
                1.4637784514409726e-12,
                3.511421963003167e-12,
                4.139937541496233e-08,
                0.9999999585925505
            ],
            [
                3.775134532427701e-11,
                0.0,
                0.0,
                1.0261879599486453e-10,
                0.9999999998596298
            ]
        ],
        [
            [
                1.0261879564568884e-10,
                0.0,
                0.0,
                9.056076930428196e-11,
                0.9999999998068205
            ],
            [
                4.847368683163237e-11,
                4.50875522080195e-12,
                3.978962516869844e-12,
                8.592166578215939e-10,
                0.999999999083822
            ],
            [
                2.4133306864602846e-12,
                2.940038651298279e-11,
                2.6465384530252623e-09,
                1.3007124723582034e-05,
                0.9999869901969243
            ],
            [
                3.0988191261064124e-12,
                1.6586783521616873e-12,
                3.0988191261064124e-12,
                2.646573628134813e-09,
                0.99999999734557
            ],
            [
                3.1608814369990715e-10,
                0.0,
                0.0,
                2.1724399231788638e-10,
                0.999999999466668
            ]
        ],
        [
            [
                1.4166087765540744e-09,
                0.0,
                0.0,
                1.0261879558616537e-10,
                0.9999999984807724
            ],
            [
                5.4927883338786125e-11,
                0.0,
                0.0,
                5.4927883338786125e-11,
                0.9999999998901443
            ],
            [
                6.914400942016897e-13,
                1.1628234434604031e-10,
                0.9999999272635215,
                4.363462779934558e-09,
                6.825604200687267e-08
            ],
            [
                2.0206838968359816e-11,
                0.0,
                1.8795288052041183e-12,
                4.0586521019989846e-10,
                0.9999999995720483
            ],
            [
                1.0261879603223752e-10,
                0.0,
                0.0,
                2.594609491076066e-11,
                0.9999999998714351
            ]
        ],
        [
            [
                2.0611536109461757e-09,
                0.0,
                0.0,
                1.1628232965385386e-10,
                0.999999997822564
            ],
            [
                4.8473686905688935e-11,
                0.0,
                0.0,
                1.9171715075483029e-10,
                0.9999999997598092
            ],
            [
                5.109089665563189e-12,
                9.545036113847172e-12,
                1.4930948625019334e-10,
                1.8553915941272586e-07,
                0.9999998142968769
            ],
            [
                4.847368676647135e-11,
                0.0,
                0.0,
                4.599055350546682e-10,
                0.9999999994916209
            ],
            [
                3.331544529083985e-11,
                0.0,
                0.0,
                4.27778785217083e-11,
                0.9999999999239066
            ]
        ],
        [
            [
                2.061153606402304e-09,
                0.0,
                0.0,
                1.1628232939750615e-10,
                0.999999997822564
            ],
            [
                3.5817479010867106e-10,
                5.109088986416797e-12,
                3.511422084753299e-12,
                5.905303950807197e-10,
                0.9999999990426742
            ],
            [
                2.2447770532354826e-13,
                1.783247289396247e-11,
                0.9999999993208841,
                7.052879845502312e-11,
                5.905303994246971e-10
            ],
            [
                5.789356284698038e-12,
                0.0,
                0.0,
                4.0586520956064475e-10,
                0.9999999995883455
            ],
            [
                1.0815941523622203e-11,
                0.0,
                0.0,
                1.0261879599762861e-10,
                0.9999999998865652
            ]
        ],
        [
            [
                2.594609484450905e-11,
                0.0,
                0.0,
                3.5817479111975817e-10,
                0.999999999615879
            ],
            [
                3.3315445306081695e-11,
                0.0,
                0.0,
                3.775134531181893e-11,
                0.9999999999289333
            ],
            [
                8.258073274217458e-14,
                9.545034909735147e-12,
                0.9999999986602999,
                7.991959881980848e-11,
                1.2501528646702634e-09
            ],
            [
                1.0220864424955237e-09,
                7.165379150510795e-08,
                6.450068758095518e-06,
                0.8175691360573089,
                0.18242434119805515
            ],
            [
                7.582560401545539e-10,
                1.8795288100035143e-12,
                0.0,
                7.052879826587618e-11,
                0.9999999991693356
            ]
        ],
        [
            [
                2.9400777301458846e-11,
                0.0,
                0.0,
                7.991959868112674e-11,
                0.9999999998906797
            ],
            [
                2.4616969328053033e-10,
                3.098819114791665e-12,
                0.0,
                2.7894680713276805e-10,
                0.9999999994717848
            ],
            [
                9.700944207690591e-10,
                4.124946441332457e-08,
                0.0016974523756697329,
                0.11900057095163326,
                0.8793019344531382
            ],
            [
                4.508755224149608e-12,
                0.0,
                0.0,
                1.6918979158061878e-10,
                0.9999999998263014
            ],
            [
                5.211412467289262e-10,
                0.0,
                0.0,
                3.331544528997734e-11,
                0.9999999994455433
            ]
        ],
        [
            [
                1.5737102063986346e-11,
                0.0,
                0.0,
                6.224144605949776e-11,
                0.9999999999220215
            ],
            [
                6.560200152541129e-12,
                0.0,
                0.0,
                3.775134535294638e-11,
                0.9999999999556886
            ],
            [
                9.357622967647917e-14,
                6.560200167317942e-12,
                0.9999999999153675,
                1.573710210485783e-11,
                6.224144622114762e-11
            ],
            [
                1.0815447432370897e-11,
                1.7831658233888988e-11,
                3.33139234097761e-11,
                4.539785567246627e-05,
                0.9999546020823665
            ],
            [
                9.736200269562271e-10,
                0.0,
                0.0,
                9.056076949260589e-11,
                0.9999999989358193
            ]
        ],
        [
            [
                1.1628232962185993e-10,
                0.0,
                0.0,
                1.3176514193001737e-10,
                0.9999999997519524
            ],
            [
                2.1724399217410182e-10,
                3.5114220918176445e-12,
                0.0,
                3.160881434907019e-10,
                0.9999999994631565
            ],
            [
                2.9267033121930823e-09,
                1.810687222511815e-07,
                0.9759060364918724,
                0.0011426682322574057,
                0.02295111128044473
            ],
            [
                3.098819126401913e-12,
                0.0,
                0.0,
                9.736200274301551e-10,
                0.9999999990232811
            ],
            [
                1.0815941519548835e-11,
                0.0,
                0.0,
                7.991959865069956e-11,
                0.9999999999092644
            ]
        ],
        [
            [
                1.1628232993066872e-10,
                0.0,
                0.0,
                7.991959867418319e-11,
                0.9999999998037981
            ],
            [
                4.2777878568258084e-11,
                0.0,
                0.0,
                1.4930946719587744e-10,
                0.9999999998079125
            ],
            [
                6.182484630841042e-11,
                1.5944838016221235e-09,
                3.9015732238291725e-07,
                0.0066928480025209595,
                0.993306760183848
            ],
            [
                2.413362765231035e-12,
                1.2917800012521044e-12,
                1.6586783543766245e-12,
                6.691586072986769e-10,
                0.9999999993254776
            ],
            [
                9.7362002699092e-10,
                0.0,
                0.0,
                5.492788326639121e-11,
                0.9999999989714521
            ]
        ],
        [
            [
                3.850741895160484e-09,
                3.5114220882020655e-12,
                0.0,
                3.160881431652378e-10,
                0.9999999958296586
            ],
            [
                4.0586521105232576e-10,
                4.5087552245732705e-12,
                0.0,
                5.211412467405207e-10,
                0.9999999990684847
            ],
            [
                1.879529035582243e-12,
                2.4616972387053084e-10,
                0.9999996846121438,
                9.237450738517091e-09,
                3.059023561521496e-07
            ],
            [
                6.224144591321335e-11,
                3.9789625156447e-12,
                5.10908900213559e-12,
                1.6052280470393595e-09,
                0.9999999983234424
            ],
            [
                1.7832472806301753e-11,
                0.0,
                0.0,
                9.056076937951894e-11,
                0.9999999998916067
            ]
        ],
        [
            [
                2.940077730197859e-11,
                0.0,
                0.0,
                6.224144603671422e-11,
                0.9999999999083578
            ],
            [
                1.3887943826590515e-11,
                0.0,
                0.0,
                1.0261879603347492e-10,
                0.9999999998834932
            ],
            [
                4.021119269173981e-10,
                4.1016531635202476e-08,
                0.9907519930156528,
                0.005198988909468059,
                0.004048976656235583
            ],
            [
                0.0,
                4.50875579115365e-12,
                1.7832475078925152e-11,
                3.059023577398614e-07,
                0.9999996940753011
            ],
            [
                9.545034896508384e-12,
                0.0,
                0.0,
                1.0261879603392059e-10,
                0.9999999998878362
            ]
        ],
        [
            [
                1.783247283708654e-11,
                0.0,
                0.0,
                1.1628232983884128e-10,
                0.9999999998658853
            ],
            [
                2.1724399276755115e-10,
                0.0,
                0.0,
                1.917171507224741e-10,
                0.9999999995910389
            ],
            [
                7.287724089535419e-14,
                8.423463747205016e-12,
                0.999999999171006,
                6.224144617540644e-11,
                7.582560421373394e-10
            ],
            [
                2.734437622062907e-12,
                2.939797493130159e-11,
                3.1605801613036546e-10,
                9.6102399115491e-05,
                0.9999038972526941
            ],
            [
                5.905303975136356e-10,
                0.0,
                0.0,
                4.2777878517227703e-11,
                0.9999999993666917
            ]
        ],
        [
            [
                2.7894680781452054e-10,
                0.0,
                0.0,
                5.492788321961961e-11,
                0.9999999996661253
            ],
            [
                2.2897348374245916e-11,
                0.0,
                0.0,
                1.691897916540616e-10,
                0.9999999998079128
            ],
            [
                2.0204875019106155e-11,
                1.1031487976940857e-09,
                0.9999021364829384,
                1.7601735307924423e-06,
                9.610222017709213e-05
            ],
            [
                0.0,
                1.8795288570926924e-12,
                3.978962621689231e-12,
                6.475946139623985e-07,
                0.9999993523995275
            ],
            [
                2.129785165806726e-12,
                0.0,
                0.0,
                7.99195987363223e-11,
                0.9999999999179505
            ]
        ],
        [
            [
                3.1608814385184446e-10,
                0.0,
                1.463778506811258e-12,
                3.1608814385184446e-10,
                0.99999999936636
            ],
            [
                3.775134536244457e-11,
                0.0,
                0.0,
                2.9400777330270884e-11,
                0.9999999999328479
            ],
            [
                1.0603575989712112e-13,
                7.433680671082065e-12,
                0.9999999998840672,
                1.783247290509952e-11,
                9.05607698812554e-11
            ],
            [
                5.785250063890811e-12,
                4.274753726843133e-11,
                7.57718228230933e-10,
                0.0007096703391590038,
                0.99929032885459
            ],
            [
                7.43368064972298e-12,
                0.0,
                0.0,
                3.7751345327870374e-11,
                0.999999999954815
            ]
        ],
        [
            [
                2.789468082506145e-10,
                0.0,
                0.0,
                3.775134530254601e-11,
                0.9999999996833018
            ],
            [
                6.224144608967706e-11,
                0.0,
                0.0,
                1.1628233004177478e-10,
                0.9999999998214761
            ],
            [
                1.588127360456842e-10,
                1.113363234638839e-08,
                3.318889026775261e-05,
                0.26893249216778026,
                0.7310343076495068
            ],
            [
                1.8795288059171273e-12,
                0.0,
                3.9789625133505594e-12,
                2.6465736239522895e-09,
                0.999999997347568
            ],
            [
                6.224144594541438e-11,
                0.0,
                0.0,
                1.3176514210043914e-10,
                0.9999999998059934
            ]
        ],
        [
            [
                2.289734836708626e-11,
                0.0,
                0.0,
                2.940077727809231e-11,
                0.9999999999477018
            ],
            [
                3.775134519239683e-11,
                0.0,
                0.0,
                2.461696935487635e-10,
                0.9999999997160789
            ],
            [
                6.914400017199987e-13,
                9.056076872136379e-11,
                0.9999999871118186,
                5.602796364820018e-09,
                7.194132936954586e-09
            ],
            [
                0.0,
                0.0,
                1.6586782886283093e-12,
                4.1399375433567376e-08,
                0.9999999585989658
            ],
            [
                1.6918979138440456e-10,
                0.0,
                0.0,
                7.052879814548838e-11,
                0.9999999997602813
            ]
        ],
        [
            [
                2.9400777302550834e-11,
                0.0,
                0.0,
                4.2777878558313144e-11,
                0.9999999999278213
            ],
            [
                1.9555680641917908e-08,
                2.4133627168007605e-12,
                0.0,
                2.461696895680756e-10,
                0.9999999801957362
            ],
            [
                6.280638832510159e-10,
                3.429112612813815e-08,
                0.0014111085094545492,
                0.060001860903319236,
                0.9385869956680363
            ],
            [
                2.940077724394708e-11,
                0.0,
                0.0,
                9.056076943809162e-11,
                0.9999999998800384
            ],
            [
                2.1724399231736208e-10,
                0.0,
                2.413362758607513e-12,
                3.1608814369914434e-10,
                0.9999999994642546
            ]
        ],
        [
            [
                1.6052280445265135e-09,
                0.0,
                0.0,
                9.05607692953835e-11,
                0.9999999983042112
            ],
            [
                1.7832472828591906e-11,
                0.0,
                0.0,
                7.991959857300086e-11,
                0.999999999902248
            ],
            [
                2.0607683462882847e-09,
                6.474741674161742e-07,
                0.9998133874577824,
                0.000158431705116231,
                2.753130216562552e-05
            ],
            [
                1.6586783560740309e-12,
                0.0,
                6.101936667156811e-13,
                4.5990553707772284e-10,
                0.9999999995378255
            ],
            [
                1.7832472845971167e-11,
                0.0,
                0.0,
                7.052879826521383e-11,
                0.9999999999116387
            ]
        ],
        [
            [
                1.1861119962365143e-08,
                3.5114220574303675e-12,
                0.0,
                2.1724399004663632e-10,
                0.9999999879181247
            ],
            [
                2.1724399258740072e-10,
                0.0,
                0.0,
                1.6918979154462616e-10,
                0.9999999996135662
            ],
            [
                7.990588228719883e-11,
                7.192898297530817e-09,
                0.9998285535285667,
                1.3005065204804524e-05,
                0.00015843413342429813
            ],
            [
                2.4133627586342155e-12,
                0.0,
                0.0,
                1.1032560263097015e-09,
                0.9999999988943307
            ],
            [
                7.991959851267174e-11,
                0.0,
                0.0,
                1.9171715037581783e-10,
                0.9999999997283633
            ]
        ],
        [
            [
                2.1724399270016015e-10,
                0.0,
                0.0,
                1.026187959354688e-10,
                0.9999999996801372
            ],
            [
                2.020683903450502e-11,
                0.0,
                0.0,
                9.056076964702173e-11,
                0.9999999998892324
            ],
            [
                3.581700699208352e-10,
                6.023494407431793e-08,
                0.9999859060681432,
                6.144125472564305e-06,
                7.889213270091147e-06
            ],
            [
                6.560200154747686e-12,
                7.835041769053095e-13,
                0.0,
                2.172439930639529e-10,
                0.9999999997754123
            ],
            [
                1.3887943810312758e-11,
                0.0,
                0.0,
                7.052879823357959e-11,
                0.9999999999155833
            ]
        ],
        [
            [
                5.3157849620415754e-08,
                0.0,
                0.0,
                2.5946093555657903e-11,
                0.9999999468162042
            ],
            [
                3.775134530965784e-11,
                0.0,
                0.0,
                9.056076957735888e-11,
                0.999999999871688
            ],
            [
                6.431393939693479e-14,
                5.1090890266663584e-12,
                0.9999999998428546,
                2.020683908469706e-11,
                1.3176514266492642e-10
            ],
            [
                1.4637785035702533e-12,
                6.101936633602805e-13,
                1.1399918448236026e-12,
                5.602796397134168e-09,
                0.9999999943939897
            ],
            [
                1.5737102058826193e-11,
                0.0,
                0.0,
                3.7751345327556905e-11,
                0.9999999999465115
            ]
        ],
        [
            [
                2.461696942780012e-10,
                0.0,
                0.0,
                2.5946094887532543e-11,
                0.9999999997278841
            ],
            [
                1.1628232973409962e-10,
                0.0,
                0.0,
                4.058652106646703e-10,
                0.9999999994778526
            ],
            [
                1.6586783563255356e-12,
                6.224144613193774e-11,
                0.9999999984687029,
                2.172439931688495e-10,
                1.2501528644356317e-09
            ],
            [
                2.4133627652700357e-12,
                0.0,
                0.0,
                7.052879831931743e-11,
                0.9999999999270579
            ],
            [
                1.5737102043666027e-11,
                0.0,
                0.0,
                1.4930946702012115e-10,
                0.9999999998349534
            ]
        ],
        [
            [
                2.5946094920512447e-11,
                0.0,
                0.0,
                3.775134535221453e-11,
                0.9999999999363025
            ],
            [
                2.02068390201661e-11,
                0.0,
                0.0,
                4.847368689464678e-11,
                0.9999999999313194
            ],
            [
                2.3659776089949328e-14,
                1.8795288164280035e-12,
                0.999999999995828,
                1.6586783588162037e-12,
                6.101936677244701e-13
            ],
            [
                7.433680640252952e-12,
                0.0,
                0.0,
                4.599055358793222e-10,
                0.9999999995326607
            ],
            [
                9.545034896893785e-12,
                0.0,
                0.0,
                6.224144605988315e-11,
                0.9999999999282134
            ]
        ],
        [
            [
                1.3176514232557322e-10,
                0.0,
                0.0,
                7.052879831019439e-11,
                0.999999999797706
            ],
            [
                7.99195986778398e-11,
                0.0,
                0.0,
                7.052879828899755e-11,
                0.9999999998495517
            ],
            [
                2.787797884379434e-10,
                2.843631150007856e-08,
                0.9994018450098535,
                4.537278958989497e-05,
                0.000552753485465336
            ],
            [
                0.0009109246678519812,
                0.998950120184993,
                1.8905629319179023e-05,
                8.47291522876275e-05,
                3.532036554826831e-05
            ],
            [
                2.789468077166277e-10,
                0.0,
                0.0,
                4.0586521036284756e-10,
                0.999999999315188
            ]
        ],
        [
            [
                2.289734840062241e-11,
                0.0,
                0.0,
                7.991959873466258e-11,
                0.9999999998971831
            ],
            [
                1.783247287009342e-11,
                0.0,
                0.0,
                5.4927883392335445e-11,
                0.9999999999272395
            ],
            [
                2.7737162474397974e-10,
                2.4968197963617886e-08,
                0.9943537755416326,
                0.00042831038505783257,
                0.005217888827739956
            ],
            [
                2.2816793780326366e-10,
                9.701947593117799e-09,
                5.297078851337021e-07,
                0.5621761968731023,
                0.43782326348889694
            ],
            [
                2.8453347167672562e-08,
                1.8795287556243187e-12,
                1.006039246677993e-12,
                1.0261879299118545e-10,
                0.9999999714411485
            ]
        ],
        [
            [
                9.05607695440222e-11,
                0.0,
                0.0,
                4.0586521106684857e-10,
                0.999999999503574
            ],
            [
                1.225606740453125e-11,
                0.0,
                0.0,
                2.1724399280653798e-10,
                0.9999999997705
            ],
            [
                6.559900302608164e-12,
                7.991594581934085e-11,
                2.5108843784334463e-08,
                4.5397854540028195e-05,
                0.9999545769501403
            ],
            [
                1.783247283370729e-11,
                0.0,
                0.0,
                7.582560396259597e-10,
                0.9999999992239115
            ],
            [
                2.020683902619726e-11,
                0.0,
                0.0,
                1.4930946714663276e-10,
                0.9999999998304836
            ]
        ],
        [
            [
                6.224144603215703e-11,
                0.0,
                0.0,
                1.0261879599235138e-10,
                0.9999999998351397
            ],
            [
                5.7893563130148405e-12,
                0.0,
                0.0,
                6.224144606011693e-11,
                0.9999999999319693
            ],
            [
                1.913474598207302e-10,
                6.3365576131111985e-09,
                2.556349792754656e-06,
                0.11920260709054897,
                0.8807948300317532
            ],
            [
                2.5946096787923416e-11,
                9.545035586921419e-12,
                2.5946096787923416e-11,
                2.3823698332514403e-07,
                0.9999997617015794
            ],
            [
                2.0206839049616563e-11,
                0.0,
                1.1399918507535437e-12,
                1.6918979192152643e-10,
                0.9999999998094633
            ]
        ],
        [
            [
                1.1032560284192602e-09,
                1.879528809853579e-12,
                0.0,
                1.1628232988859219e-10,
                0.9999999987785821
            ],
            [
                1.1628232988965563e-10,
                0.0,
                0.0,
                3.33154453034654e-11,
                0.9999999998504023
            ],
            [
                6.560163019073066e-12,
                5.905270558407277e-10,
                0.9999943827886075,
                8.315240103253737e-07,
                4.785090294981412e-06
            ],
            [
                1.0815941484626458e-11,
                0.0,
                0.0,
                3.581747906221747e-10,
                0.9999999996310092
            ],
            [
                3.775134531994975e-11,
                0.0,
                0.0,
                2.1724399280099926e-10,
                0.9999999997450046
            ]
        ],
        [
            [
                9.736200268796722e-10,
                0.0,
                0.0,
                1.6918979149320905e-10,
                0.9999999988571902
            ],
            [
                4.0586521137625403e-10,
                0.0,
                0.0,
                7.991959867920249e-11,
                0.9999999995142153
            ],
            [
                3.6444466134074677e-09,
                1.5496566550670447e-07,
                0.145139162647139,
                0.01964244973672111,
                0.8352182290060278
            ],
            [
                6.5602001473298985e-12,
                0.0,
                0.0,
                5.211412471346083e-10,
                0.9999999994722986
            ],
            [
                4.8473686841602174e-11,
                0.0,
                0.0,
                1.493094669386793e-10,
                0.9999999998022169
            ]
        ],
        [
            [
                3.33154452646529e-11,
                0.0,
                0.0,
                3.160881439416882e-10,
                0.9999999996505964
            ],
            [
                2.5946094900406145e-11,
                0.0,
                0.0,
                1.4930946714577583e-10,
                0.9999999998247444
            ],
            [
                3.4424771082643554e-14,
                2.7346982914285294e-12,
                0.999999999988743,
                3.978962535599574e-12,
                4.508755242025514e-12
            ],
            [
                3.331544526325076e-11,
                0.0,
                0.0,
                3.58174791325214e-10,
                0.9999999996085098
            ],
            [
                3.7751345293921525e-11,
                0.0,
                0.0,
                5.492788329294306e-11,
                0.9999999999073208
            ]
        ],
        [
            [
                1.4166087770514749e-09,
                3.978962508896069e-12,
                0.0,
                4.058652098994952e-10,
                0.999999998173547
            ],
            [
                5.211412463457587e-10,
                0.0,
                0.0,
                3.160881439495571e-10,
                0.9999999991627706
            ],
            [
                3.9008376091735415e-14,
                5.789356327235874e-12,
                0.9999999997795572,
                2.289734845054357e-11,
                1.9171715132633095e-10
            ],
            [
                9.056076913622484e-11,
                3.9789625024230334e-12,
                5.789356280113269e-12,
                1.1032560230787206e-09,
                0.9999999987964148
            ],
            [
                1.0815941513689362e-11,
                0.0,
                0.0,
                1.6918979157955166e-10,
                0.9999999998199942
            ]
        ],
        [
            [
                1.3440409701115119e-08,
                0.0,
                0.0,
                2.1724398946670635e-10,
                0.9999999863423463
            ],
            [
                6.224144581462013e-11,
                0.0,
                1.658678347869308e-12,
                2.461696935423265e-10,
                0.9999999996899303
            ],
            [
                3.037975385199586e-14,
                3.098819138473406e-12,
                0.9999999999820757,
                3.978962535518263e-12,
                1.0815941556418624e-11
            ],
            [
                0.0,
                6.914400058360416e-13,
                5.789356288055294e-12,
                5.602796398172658e-09,
                0.9999999943907227
            ],
            [
                5.789356299853394e-12,
                0.0,
                0.0,
                3.77513452544876e-11,
                0.9999999999564593
            ]
        ],
        [
            [
                3.5817479164120564e-10,
                0.0,
                0.0,
                1.162823298518802e-10,
                0.9999999995255429
            ],
            [
                8.423463726786355e-12,
                0.0,
                0.0,
                2.7894680837018087e-10,
                0.9999999997126297
            ],
            [
                2.1297813813818574e-12,
                1.493092019500736e-10,
                0.9999986232891275,
                5.602786468357469e-09,
                1.3709566470062164e-06
            ],
            [
                2.5934913235669463e-11,
                2.788265941764285e-10,
                9.233468684255318e-09,
                0.00043055711587461614,
                0.9995694333458952
            ],
            [
                7.991959861042813e-11,
                0.0,
                0.0,
                6.224144598055378e-11,
                0.999999999857839
            ]
        ],
        [
            [
                3.224186620396033e-08,
                3.098819026405075e-12,
                0.0,
                1.493094622079923e-10,
                0.9999999676057255
            ],
            [
                5.492788328681541e-11,
                0.0,
                0.0,
                1.4930946701426962e-10,
                0.9999999997957627
            ],
            [
                4.420228103312814e-14,
                3.978962535541661e-12,
                0.9999999999806424,
                5.7893563283005865e-12,
                9.545034922131571e-12
            ],
            [
                4.847368679551311e-11,
                4.5087552174423354e-12,
                3.0988191216409757e-12,
                1.6052280463375123e-09,
                0.9999999983386907
            ],
            [
                1.1628232941970098e-10,
                0.0,
                0.0,
                2.789468071698641e-10,
                0.9999999996047708
            ]
        ],
        [
            [
                8.592166581711374e-10,
                0.0,
                0.0,
                1.0261879586959034e-10,
                0.9999999990381645
            ],
            [
                1.7832472868999323e-11,
                0.0,
                0.0,
                1.1628233004693878e-10,
                0.9999999998658853
            ],
            [
                3.775134756627537e-11,
                8.152021173015114e-09,
                0.9999998627683608,
                8.764248712425914e-08,
                4.139937951653506e-08
            ],
            [
                2.7894680816123345e-10,
                0.0,
                0.0,
                3.581747915829433e-10,
                0.9999999993628783
            ],
            [
                1.1399918509491255e-12,
                0.0,
                0.0,
                1.783247287537148e-11,
                0.9999999999810276
            ]
        ],
        [
            [
                2.2897348352145525e-11,
                0.0,
                0.0,
                1.6918979149076057e-10,
                0.9999999998079128
            ],
            [
                1.0261879593808834e-10,
                0.0,
                0.0,
                1.9171715066789572e-10,
                0.9999999997056641
            ],
            [
                6.992364099444395e-11,
                4.90202568469726e-09,
                0.9914202887173912,
                2.2409372631910493e-06,
                0.008577465373396369
            ],
            [
                3.978962513223817e-12,
                2.129785158851692e-12,
                7.433680630104751e-12,
                3.8507419008829025e-09,
                0.9999999961357156
            ],
            [
                6.22414461108791e-11,
                0.0,
                0.0,
                1.783247287428189e-11,
                0.999999999919926
            ]
        ],
        [
            [
                4.8473686888388705e-11,
                0.0,
                0.0,
                1.4930946708279195e-10,
                0.9999999998022169
            ],
            [
                1.0261879594424055e-10,
                0.0,
                0.0,
                1.3176514222229779e-10,
                0.9999999997656162
            ],
            [
                6.2656608887163514e-09,
                3.876427126905938e-07,
                0.3204009818967262,
                0.15134670761386726,
                0.528251916581033
            ],
            [
                3.9753364960768325e-12,
                4.2738895088412606e-11,
                8.584336553545554e-10,
                0.0009110514044796836,
                0.9990889476903724
            ],
            [
                4.277787849778159e-11,
                0.0,
                0.0,
                7.991959857100724e-11,
                0.9999999998773026
            ]
        ],
        [
            [
                4.9444504712098224e-09,
                0.0,
                0.0,
                2.0206838964640502e-11,
                0.9999999950353426
            ],
            [
                2.17243992685698e-10,
                0.0,
                0.0,
                1.6918979162118015e-10,
                0.9999999996135662
            ],
            [
                2.940050020003015e-11,
                2.9989325504215413e-09,
                0.9999907367750601,
                1.3709461608752534e-06,
                7.889250446032516e-06
            ],
            [
