{
    "[['E', 'D', 'C', 'B', 'A'], ['E', 'D', 'C', 'B', 'A']]": [
        [
            [
                0.9999999973103426,
                2.646573630227859e-09,
                5.789356309740477e-12,
                3.331544531238321e-11,
                3.978962522785496e-12
            ],
            [
                0.9999999847419698,
                1.522997950532879e-08,
                2.734698248608063e-12,
                2.0206838772612374e-11,
                5.109088947758993e-12
            ],
            [
                1.5681737539279863e-10,
                6.668044478111819e-09,
                7.168823410952378e-08,
                0.43782346458386323,
                0.5621764569030409
            ],
            [
                6.969648015040902e-11,
                2.0368297144687614e-09,
                1.172114572544992e-08,
                0.6791787026477752,
                0.32082128352455286
            ],
            [
                3.5114223713442064e-12,
                2.734698492497317e-12,
                4.508755573531902e-12,
                2.3823698425233309e-07,
                0.9999997617522608
            ]
        ],
        [
            [
                0.9999999976130463,
                2.335593031217604e-09,
                5.7893563099374144e-12,
                3.3315445313516505e-11,
                1.2256067404314199e-11
            ],
            [
                0.999999814416105,
                1.8553915974403628e-07,
                5.789357061450478e-12,
                2.940078111390304e-11,
                9.54503613089139e-12
            ],
            [
                4.275944193373356e-11,
                4.361581652709497e-09,
                3.9261706830989773e-07,
                0.999569046082917,
                0.00043055689567360507
            ],
            [
                1.653023588232858e-10,
                2.779958230813145e-08,
                2.05412477304926e-07,
                0.9770224042389172,
                0.02297736238372086
            ],
            [
                5.1088556198909674e-12,
                2.5944909638258732e-11,
                4.847147254762118e-11,
                4.5397855671668895e-05,
                0.9999546020648031
            ]
        ],
        [
            [
                0.9999999950064715,
                4.944450473000036e-09,
                5.7893562948470244e-12,
                2.940077722076947e-11,
                1.3887943783681425e-11
            ],
            [
                0.9999998554636726,
                1.4449803163589927e-07,
                5.7893566101883565e-12,
                2.5946096244170585e-11,
                6.560200487087141e-12
            ],
            [
                7.58243124678378e-10,
                2.1023980340353341e-07,
                0.9999830102428021,
                1.670141624987566e-05,
                7.734290138808577e-08
            ],
            [
                3.7657999670948914e-11,
                2.991545451719292e-09,
                6.008679662790197e-08,
                0.9975273137878318,
                0.002472623096168109
            ],
            [
                9.544980843610807e-12,
                3.7751131555287915e-11,
                9.056025680728187e-11,
                4.785094844546648e-06,
                0.9999952147672991
            ]
        ],
        [
            [
                0.9999999972917297,
                2.6465736306673285e-09,
                7.4336806492027e-12,
                4.847368691174893e-11,
                5.7893563107018125e-12
            ],
            [
                0.999999887428331,
                1.1253518374252754e-07,
                6.560200694162177e-12,
                2.594609706316824e-11,
                3.978962854877461e-12
            ],
            [
                4.8439304313103574e-11,
                4.360367216458577e-09,
                5.039894443481514e-07,
                0.9992898216217185,
                0.0007096699800306225
            ],
            [
                2.288966527053227e-11,
                2.9979545260870474e-09,
                8.761307383360559e-08,
                0.9996645593023807,
                0.0003353500637012297
            ],
            [
                3.978939993545854e-12,
                1.2255998008953742e-11,
                1.3887865184636036e-11,
                4.785094846092694e-06,
                0.9999952148750311
            ]
        ],
        [
            [
                0.9999999960773516,
                3.850741906099628e-09,
                9.545034881524816e-12,
                5.492788327179075e-11,
                7.4336806401754e-12
            ],
            [
                0.99999916840514,
                8.315279896925972e-07,
                4.50875558712973e-12,
                5.492788771049599e-11,
                7.433681240888831e-12
            ],
            [
                3.701011676134389e-13,
                2.940077737331617e-11,
                0.9999999993785587,
                1.3176514261343373e-10,
                4.599055375597536e-10
            ],
            [
                7.991488366520503e-11,
                1.343961696560294e-08,
                6.475570094015794e-07,
                0.9999410476991188,
                5.829122433987522e-05
            ],
            [
                1.783247371439757e-11,
                2.289734949170254e-11,
                1.783247371439757e-11,
                5.043472043875162e-07,
                0.9999994955942334
            ]
        ],
        [
            [
                0.9999999894994028,
                1.0467401676893716e-08,
                4.508755191531412e-12,
                2.289734819865764e-11,
                5.789356263549139e-12
            ],
            [
                0.9999999530141948,
                4.691163797859195e-08,
                1.0815941040888716e-11,
                5.49278808870666e-11,
                8.423463352298277e-12
            ],
            [
                1.2500909113140855e-09,
                6.475631240620313e-07,
                0.9999503717565615,
                2.144434552509691e-05,
                2.7535084698458462e-05
            ],
            [
                4.0525490344215473e-10,
                3.6479883853332734e-08,
                1.7577009136728764e-06,
                0.998497025546725,
                0.0015011798672225427
            ],
            [
                2.7346932884113012e-12,
                6.5601881661475106e-12,
                9.545017460024552e-12,
                2.2603252716670372e-06,
                0.9999977396558883
            ]
        ],
        [
            [
                0.9999999881029057,
                1.1861120004049644e-08,
                3.5114220697708445e-12,
                2.0206838839288883e-11,
                1.225606729190075e-11
            ],
            [
                0.9999999804051503,
                1.955568069311164e-08,
                3.978962455520368e-12,
                2.940077679937886e-11,
                5.789356211870294e-12
            ],
            [
                7.529294890503525e-10,
                1.1174464405145168e-07,
                0.0003331064068691832,
                0.9929761600185585,
                0.006690621076998729
            ],
            [
                1.1580909773812719e-10,
                1.042480275688796e-08,
                1.4390982578940643e-07,
                0.995929707917361,
                0.00407013763220131
            ],
            [
                3.314153448273846e-11,
                3.5630507423072535e-10,
                1.243626906549131e-09,
                0.00522012568106169,
                0.9947798726858647
            ]
        ],
        [
            [
                0.9999999994483537,
                5.211412482616926e-10,
                3.0988191355872097e-12,
                2.2897348433293678e-11,
                4.508755237733986e-12
            ],
            [
                0.999999887398374,
                1.1253518377720172e-07,
                9.545035691119335e-12,
                4.8473690964343766e-11,
                8.423464432472225e-12
            ],
            [
                7.287724095408696e-14,
                5.109089027775194e-12,
                0.9999999999920779,
                2.1297851708356743e-12,
                6.101936677261201e-13
            ],
            [
                1.0929529341303676e-10,
                4.1012756279715665e-09,
                2.08279962258135e-08,
                0.9399133220243243,
                0.06008665293710852
            ],
            [
                2.7346775682320466e-12,
                5.789312457377551e-12,
                9.544962591207597e-12,
                7.889265042427e-06,
                0.9999921107168886
            ]
        ],
        [
            [
                0.9999999777632714,
                2.215948926752557e-08,
                1.388794354794033e-11,
                5.4927882255693815e-11,
                8.42346356218406e-12
            ],
            [
                0.9999998144081051,
                1.8553915978137664e-07,
                6.5602009997543775e-12,
                3.775135022832201e-11,
                8.423464822264952e-12
            ],
            [
                3.7741486304678836e-11,
                4.943159209673017e-09,
                1.1250578504275837e-07,
                0.9997386921862749,
                0.0002611903270394291
            ],
            [
                7.385703674450029e-11,
                2.7714648572258525e-09,
                3.3763353885455857e-08,
                0.9241417902174627,
                0.07585817317386147
            ],
            [
                5.109088952929216e-12,
                4.5087551759892065e-12,
                5.7893562435925525e-12,
                1.3440409753480758e-08,
                0.9999999865441831
            ]
        ],
        [
            [
                0.9999996940654918,
                3.059023589620881e-07,
                4.508755809168293e-12,
                2.0206841630772795e-11,
                7.433681606968533e-12
            ],
            [
                0.9999999804073041,
                1.9555680691616133e-08,
                4.508755150939083e-12,
                2.594609445704867e-11,
                6.560200035231958e-12
            ],
            [
                5.211372713259173e-10,
                7.889257090378156e-06,
                0.9999914599855615,
                6.475896574072748e-07,
                2.64655343968562e-09
            ],
            [
                6.537120806362608e-11,
                1.6859456767584683e-09,
                1.4116250322050002e-08,
                0.4378234920405654,
                0.5621764920918674
            ],
            [
                2.5946093870585243e-11,
                1.2256066918743122e-11,
                1.0815941093660332e-11,
                4.1399375413267265e-08,
                0.9999999585516064
            ]
        ],
        [
            [
                0.9999999983632544,
                1.6052280518200085e-09,
                3.511422106014285e-12,
                2.289734840844778e-11,
                5.109089017351348e-12
            ],
            [
                0.9999999826612481,
                1.7257827682549696e-08,
                5.7893562262768374e-12,
                5.4927882537492104e-11,
                2.020683873262322e-11
            ],
            [
                1.0261880008689727e-10,
                3.653482347938012e-08,
                0.9999992475118977,
                6.475946237800928e-07,
                6.825603627085175e-08
            ],
            [
                1.1194180448730715e-10,
                4.7598866478397835e-09,
                3.5171069465439115e-08,
                0.9626730775253822,
                0.03732688243171986
            ],
            [
                3.3315444554152967e-11,
                1.388794350333157e-11,
                2.2897347860224416e-11,
                2.5109990903593008e-08,
                0.9999999748199084
            ]
        ],
        [
            [
                0.9999999994377886,
                5.211412483092027e-10,
                5.10908902336099e-12,
                2.9400777365784656e-11,
                6.560200162115861e-12
            ],
            [
                0.9999999907047888,
                9.23744957235739e-09,
                8.423463672751983e-12,
                4.2777878274698516e-11,
                6.560200104512776e-12
            ],
            [
                3.581734477890771e-10,
                2.215940654636123e-08,
                0.9999968856329577,
                2.260323073206808e-06,
                8.315263890382376e-07
            ],
            [
                1.161076907003747e-10,
                1.9526311222713472e-08,
                5.035902037626821e-07,
                0.998498295522773,
                0.0015011812446043223
            ],
            [
                8.878265420023638e-13,
                1.8795288041681775e-12,
                2.7346982735923133e-12,
                5.6027964006601185e-09,
                0.9999999943917015
            ]
        ],
        [
            [
                0.9999998874067286,
                1.1253518377033318e-07,
                5.789356794361891e-12,
                2.940077975751528e-11,
                2.289735029806281e-11
            ],
            [
                0.9999999949922087,
                4.944450474601111e-09,
                7.433680631251868e-12,
                4.847368679469481e-11,
                7.433680631251868e-12
            ],
            [
                1.6028782536882871e-09,
                4.444341390578245e-07,
                0.000552275004931564,
                0.9985367314101445,
                0.0009105475479066877
            ],
            [
                9.053037855965551e-11,
                9.234349661311442e-09,
                2.381570166794387e-07,
                0.9996644024682829,
                0.00033535004982028423
            ],
            [
                3.098819365907766e-12,
                6.5602006491064186e-12,
                5.789356753169866e-12,
                2.3823698421621867e-07,
                0.9999997617475674
            ]
        ],
        [
            [
                0.9999999969728119,
                2.9989608132021318e-09,
                4.508755224771977e-12,
                2.0206839011690215e-11,
                3.511422099729704e-12
            ],
            [
                0.9999999530500663,
                4.6911637988143035e-08,
                6.560199856278819e-12,
                2.5946093749275274e-11,
                5.789356053501966e-12
            ],
            [
                1.4165358257724712e-09,
                2.699439464554239e-07,
                0.9999481871521261,
                4.539759148925264e-05,
                6.1438959024580436e-06
            ],
            [
                1.3161092036684218e-10,
                1.1847237499244554e-08,
                1.443290369283965e-07,
                0.9988303333926977,
                0.0011695102994169237
            ],
            [
                2.7346986361940665e-12,
                5.789357058253497e-12,
                7.433681609078064e-12,
                1.8553915964157843e-07,
                0.9999998144448826
            ]
        ],
        [
            [
                0.9999999865316862,
                1.3440409762178394e-08,
                3.5114220640099758e-12,
                1.783247265744243e-11,
                6.560200075924947e-12
            ],
            [
                0.9999999918023145,
                8.152020643394109e-09,
                5.789356278254256e-12,
                3.331544513119252e-11,
                6.5602001109565286e-12
            ],
            [
                1.0746135301173306e-10,
                1.4074659713600589e-08,
                3.6299025823258236e-07,
                0.9241414686735254,
                0.07585815415409526
            ],
            [
                1.1627502575481648e-10,
                3.653252711664188e-08,
                3.7264226274082526e-06,
                0.999937945871165,
                5.82910574054566e-05
            ],
            [
                1.2206189522789847e-11,
                1.158091017607572e-10,
                3.567171465015472e-10,
                0.004070137768571447,
                0.9959298617466961
            ]
        ],
        [
            [
                0.9999999865146056,
                1.3440409763704474e-08,
                6.56020007666982e-12,
                3.3315444957070246e-11,
                5.109088956815546e-12
            ],
            [
                0.9999999943477829,
                5.602796402949197e-09,
                6.5602001276553115e-12,
                3.775134520973839e-11,
                5.1090889965230875e-12
            ],
            [
                1.9810087976835707e-13,
                2.9400777387421575e-11,
                0.9999999998860727,
                2.9400777387421575e-11,
                5.4927883499415055e-11
            ],
            [
                8.893189425308091e-11,
                4.85551690516143e-09,
                6.702834332900387e-08,
                0.9820137156491049,
                0.01798621237810301
            ],
            [
                1.8795287779383982e-12,
                3.5114220412609386e-12,
                2.7346982354282097e-12,
                1.9555680686227134e-08,
                0.9999999804361936
            ]
        ],
        [
            [
                0.9999999973144078,
                2.6465736304222605e-09,
                5.109089011679838e-12,
                2.940077729856427e-11,
                4.508755227836449e-12
            ],
            [
                0.9999999943554003,
                5.602796402603104e-09,
                3.978962511027891e-12,
                2.940077720952706e-11,
                8.423463701947257e-12
            ],
            [
                3.5817277078052463e-10,
                9.931138240829687e-08,
                0.9999948769996572,
                4.7850949388708754e-06,
                2.38235848868284e-07
            ],
            [
                4.249155783648129e-11,
                4.33425673192501e-09,
                5.983256859731953e-08,
                0.9933070840093096,
                0.006692851781373693
            ],
            [
                1.573701292862351e-11,
                2.2897218702882844e-11,
                7.05283988419808e-11,
                4.785094839480028e-06,
                0.9999952147959978
            ]
        ],
        [
            [
                0.9999999950251619,
                4.944450471885809e-09,
                3.978962511652732e-12,
                2.2897348317283293e-11,
                3.511422092033758e-12
            ],
            [
                0.9999999397259579,
                6.02357463703074e-08,
                5.789357096801404e-12,
                2.5946098425018964e-11,
                6.560201038491964e-12
            ],
            [
                1.3880266244066084e-11,
                2.0600141624667036e-09,
                1.854365653436997e-07,
                0.9994470338789894,
                0.000552778610550887
            ],
            [
                1.7309757484579885e-11,
                3.0682279285382347e-10,
                1.5581747122696176e-09,
                0.029312227840423696,
                0.9706877702772689
            ],
            [
                1.3887943488117357e-11,
                9.545034663837956e-12,
                7.433680470640705e-12,
                2.215948917207252e-08,
                0.9999999778096441
            ]
        ],
        [
            [
                0.9999999585650192,
                4.139937545342947e-08,
                3.0988190088971504e-12,
                2.5946093895755968e-11,
                6.560199893314939e-12
            ],
            [
                0.9999999950267222,
                4.944450473100164e-09,
                5.109088998264592e-12,
                2.0206838972365894e-11,
                3.5114220928961616e-12
            ],
            [
                5.13807928515999e-10,
                3.178817091275449e-08,
                7.778308963787181e-06,
                0.9859286701024138,
                0.014063519286643563
            ],
            [
                2.937398458833143e-11,
                2.3334646227076465e-09,
                1.1243262188887526e-07,
                0.9990888342331766,
                0.0009110509713629054
            ],
            [
                2.289734926456592e-11,
                2.9400778430479e-11,
                3.7751346775139766e-11,
                3.9278636841061443e-07,
                0.9999996071235822
            ]
        ],
        [
            [
                0.9999999981511722,
                1.8189616829729253e-09,
                3.0988191309190417e-12,
                2.020683903934163e-11,
                6.560200151635285e-12
            ],
            [
                0.9999999122924297,
                8.764249143591324e-08,
                1.0815942697774545e-11,
                4.847369217401898e-11,
                5.789356939190344e-12
            ],
            [
                2.774901423335055e-10,
                1.515044842384328e-08,
                1.7511537413359837e-06,
                0.9947781176688073,
                0.005220115749512855
            ],
            [
                7.991472789206633e-11,
                1.5229051489277878e-08,
                1.7602406991114304e-06,
                0.9999399332840274,
                5.829116630715954e-05
            ],
            [
                3.0988195241244576e-12,
                5.109089663484842e-12,
                3.978963030704016e-12,
                6.82560422524066e-08,
                0.9999999317317709
            ]
        ],
        [
            [
                0.9999999965698172,
                3.398267805831611e-09,
                4.508755224166414e-12,
                2.2897348364391862e-11,
                4.508755224166414e-12
            ],
            [
                0.9999999530526475,
                4.691163798457555e-08,
                3.978962346372927e-12,
                2.594609374730215e-11,
                5.789356053061703e-12
            ],
            [
                1.9810087976830464e-13,
                1.7832472904852362e-11,
                0.99999999990584,
                1.388794386239863e-11,
                6.224144621758055e-11
            ],
            [
                6.222056187187597e-11,
                9.234350148542438e-09,
                1.854768808701927e-07,
                0.999664455159034,
                0.00033535006751432285
            ],
            [
                1.3887442245545607e-11,
                4.8471936238898176e-11,
                6.223919812681286e-11,
                3.535625748920496e-05,
                0.9999646436179122
            ]
        ],
        [
            [
                0.9999999714820738,
                2.8453347242832482e-08,
                6.560199972869221e-12,
                4.8473685619734006e-11,
                9.545034638703274e-12
            ],
            [
                0.9999999880941545,
                1.1861120002190197e-08,
                4.50875518559721e-12,
                2.940077702312983e-11,
                1.0815941421275185e-11
            ],
            [
                7.1698175328564845e-09,
                1.0640952702402726e-06,
                0.00247037304794197,
                0.9966197562306083,
                0.0009087994563618845
            ],
            [
                5.490420996641368e-11,
                9.233468384174319e-09,
                3.9261706630846343e-07,
                0.9995690412010824,
                0.0004305568934787658
            ],
            [
                8.423463697773843e-12,
                6.56020012399982e-12,
                9.545034858596998e-12,
                5.602796399827193e-09,
                0.999999994372675
            ]
        ],
        [
            [
                0.9999999961074548,
                3.850741905201673e-09,
                3.978962517686392e-12,
                2.940077725872709e-11,
                8.423463716043302e-12
            ],
            [
                0.9999999397216297,
                6.02357463585984e-08,
                5.789357095676033e-12,
                2.9400781287714744e-11,
                7.43368165712955e-12
            ],
            [
                1.201542573055652e-13,
                1.0815941556191745e-11,
                0.9999999999693865,
                5.789356328145103e-12,
                1.3887943863559363e-11
            ],
            [
                3.7741484608967e-11,
                8.149891367273342e-09,
                3.9268375685456224e-07,
                0.9997384088133061,
                0.0002611903153042387
            ],
            [
                5.789323526970533e-12,
                1.0815880275529955e-11,
                2.5945947975474856e-11,
                4.785094843679463e-06,
                0.9999952148626052
            ]
        ],
        [
            [
                0.9999999978908769,
                2.0611536171433955e-09,
                5.109089014937929e-12,
                3.7751345345806694e-11,
                5.109089014937929e-12
            ],
            [
                0.9999999827056868,
                1.725782767794971e-08,
                3.978962464361259e-12,
                2.5946094516682723e-11,
                6.5602000503098085e-12
            ],
            [
                9.056077510314744e-11,
                3.224186922618081e-08,
                0.9999995066255298,
                3.927860025396378e-07,
                6.825603768744846e-08
            ],
            [
                2.461588997172666e-10,
                4.69095829670016e-08,
                2.7535241773181282e-05,
                0.9999557166341269,
                1.6700968358034505e-05
            ],
            [
                1.0815942423271072e-11,
                9.545035687070043e-12,
                1.7832474335914904e-11,
                1.1253518372946089e-07,
                0.9999998874266228
            ]
        ],
        [
            [
                0.9999999894806341,
                1.0467401677629877e-08,
                5.789356263956297e-12,
                3.7751345020409124e-11,
                8.423463660222517e-12
            ],
            [
                0.9999999955944932,
                4.363462231143683e-09,
                3.0988191232400103e-12,
                2.940077724595735e-11,
                9.54503487515328e-12
            ],
            [
                9.694678464833555e-09,
                1.4388178574496654e-06,
                0.8173491174788645,
                0.18237524385851384,
                0.00027419015008582376
            ],
            [
                8.893188721977423e-11,
                9.071299111894872e-09,
                1.4189899271873458e-07,
                0.9820136379851386,
                0.017986210955637547
            ],
            [
                5.109089564375595e-12,
                8.423464638698092e-12,
                1.0815942692658775e-11,
                8.764249139445974e-08,
                0.9999999123331601
            ]
        ],
        [
            [
                0.9999999985465,
                1.4166087840092033e-09,
                3.511422106847496e-12,
                2.5946094934521403e-11,
                7.433680658530262e-12
            ],
            [
                0.9999999006388071,
                9.931195242321094e-08,
                5.109089506585332e-12,
                3.3315448542019574e-11,
                1.0815942570316788e-11
            ],
            [
                1.2015425730978137e-13,
                6.560200167720461e-12,
                0.9999999999824212,
                5.78935632834825e-12,
                5.109089027725857e-12
            ],
            [
                6.69135740133009e-10,
                2.1023620001314679e-07,
                2.753550827098219e-05,
                0.999966109584023,
                6.144002370272671e-06
            ],
            [
                4.508746995399922e-12,
                7.433667075521145e-12,
                1.388791846273939e-11,
                1.0677030753543063e-06,
                0.9999989322710943
            ]
        ],
        [
            [
                0.9999999969459117,
                2.9989608141353334e-09,
                6.560200144699556e-12,
                4.2777878536749243e-11,
                5.789356308032373e-12
            ],
            [
                0.9999999530537955,
                4.691163799157313e-08,
                5.10908878554843e-12,
                2.5946093751172403e-11,
                3.511421946698624e-12
            ],
            [
                1.0149118331906672e-10,
                1.5062627137441416e-08,
                1.7410029807809669e-06,
                0.9890113222275762,
                0.010986921605324804
            ],
            [
                2.020533714584023e-11,
                4.3631379232656476e-09,
                1.4448714649330573e-07,
                0.999925004934627,
                7.484619488326584e-05
            ],
            [
                1.2256068032213788e-11,
                5.109089273225842e-12,
                8.423464158673303e-12,
                1.4449803154474365e-07,
                0.9999998554761799
            ]
        ],
        [
            [
                0.9999999969835094,
                2.9989608120618108e-09,
                2.734698279923892e-12,
                1.0815941511137926e-11,
                3.978962518860426e-12
            ],
            [
                0.9999999907279838,
                9.237449567327045e-09,
                5.109088975717458e-12,
                2.5946094716930415e-11,
                3.511422077399758e-12
            ],
            [
                1.7482341254878844e-13,
                3.331544536862624e-11,
                0.9999999984374099,
                2.789468088428117e-10,
                1.2501528643965109e-09
            ],
            [
                3.5510223200107517e-10,
                3.622141239196584e-08,
                3.032784620618547e-07,
                0.9914221783955863,
                0.008577481749437068
            ],
            [
                2.7346982198782703e-12,
                3.098819057459666e-12,
                4.508755124059081e-12,
                2.510999089896572e-08,
                0.9999999748796669
            ]
        ],
        [
            [
                0.999999982710187,
                1.7257827680581827e-08,
                3.978962464968119e-12,
                2.28973480486319e-11,
                5.109088937065574e-12
            ],
            [
                0.9999999715146674,
                2.845334726029112e-08,
                3.9789624198326124e-12,
                2.2897347788894988e-11,
                5.109088879110435e-12
            ],
            [
                3.578272217871823e-10,
                7.726916458198594e-08,
                0.00026100503314869475,
                0.9990294321011152,
                0.0007094852387444478
            ],
            [
                1.1591340915894877e-10,
                2.208918584773925e-08,
                8.288897932661078e-07,
                0.9968264689292741,
                0.0031726799758333398
            ],
            [
                8.422837893441304e-12,
                3.774854052826518e-11,
                4.8470085481159794e-11,
                7.48461970385113e-05,
                0.99992515370832
            ]
        ],
        [
            [
                0.9999999960924864,
                3.850741905949813e-09,
                7.43368063988619e-12,
                4.2777878502861056e-11,
                6.560200139502635e-12
            ],
            [
                0.9999999748531645,
                2.5109990906963186e-08,
                5.789356178756846e-12,
                2.5946094310628698e-11,
                5.109088895711906e-12
            ],
            [
                7.016097464777501e-09,
                1.5150566355327893e-06,
                0.01083408372978267,
                0.9752531550818425,
                0.013911239115641724
            ],
            [
                1.9163343388471343e-10,
                6.020943512505304e-08,
                6.141529348498313e-06,
                0.9995632436221672,
                0.00043055444741575943
            ],
            [
                3.511421964553258e-12,
                2.129785080689919e-12,
                3.9789623671984e-12,
                4.139937543323778e-08,
                0.9999999585910044
            ]
        ],
        [
            [
                0.9999999936283848,
                6.348800070777552e-09,
                3.098819116627644e-12,
                1.573710199465939e-11,
                3.978962507467749e-12
            ],
            [
                0.9999999397277683,
                6.023574637041646e-08,
                6.560201038503841e-12,
                2.5946098425065936e-11,
                3.978963063731237e-12
            ],
            [
                1.4930919247472813e-10,
                3.2241807957793695e-08,
                0.9999985601175682,
                1.3709565600036224e-06,
                3.653475481145162e-08
            ],
            [
                9.033683873977257e-11,
                1.1831790957683985e-08,
                8.294717928419264e-07,
                0.9975265380327663,
                0.0024726205733132615
            ],
            [
                1.1399918498268092e-12,
                0.0,
                1.8795288112342463e-12,
                2.061153616621098e-09,
                0.999999997935827
            ]
        ],
        [
            [
                0.9999999803868906,
                1.9555680692754562e-08,
                5.789356211764583e-12,
                3.7751344680076395e-11,
                1.3887943584377008e-11
            ],
            [
                0.9999998874285719,
                1.1253518378749121e-07,
                4.508755605616241e-12,
                2.5946097073535058e-11,
                5.789356795244584e-12
            ],
            [
                2.00764244070347e-10,
                5.17777809779256e-09,
                1.1784568632331905e-07,
                0.07585817429790911,
                0.9241417024778623
            ],
            [
                2.7840838896347537e-10,
                4.1319468526728296e-08,
                3.71946002363828e-06,
                0.9980695118612014,
                0.0019267270808980997
            ],
            [
                3.098435099986168e-12,
                2.5942879465799537e-11,
                3.33113166161531e-11,
                0.0001233946275050626,
                0.9998766053101422
            ]
        ],
        [
            [
                0.9999999956072481,
                4.363462231502114e-09,
                3.9789625162850424e-12,
                2.2897348343940403e-11,
                2.413362759974207e-12
            ],
            [
                0.9999999955740102,
                4.36346223032244e-09,
                9.54503487335682e-12,
                4.8473686811403044e-11,
                4.5087552189203295e-12
            ],
            [
                4.243508736985707e-08,
                1.1766084839986624e-05,
                0.6217049149826368,
                0.3770831037877179,
                0.0012001727097178678
            ],
            [
                7.052342642955008e-11,
                2.215780191550991e-08,
                1.3708546623162035e-06,
                0.9999237607884855,
                7.484612852677536e-05
            ],
            [
                1.879525480909165e-12,
                6.560188525661384e-12,
                5.789346054267175e-12,
                1.3709566533210182e-06,
                0.9999986290291176
            ]
        ],
        [
            [
                0.9999999894588086,
                1.0467401675412006e-08,
                5.109088969817625e-12,
                4.8473686510082744e-11,
                2.020683885985596e-11
            ],
            [
                0.9999999847217214,
                1.522997950047653e-08,
                6.5602000629509006e-12,
                3.331544488739982e-11,
                8.423463619385478e-12
            ],
            [
                2.789462867086726e-10,
                1.9555644452288905e-08,
                0.9999987679644895,
                1.0677030280413642e-06,
                1.4449789171256705e-07
            ],
            [
                1.3522552277458092e-10,
                8.366106848799052e-09,
                7.937541176015526e-08,
                0.6224592763265017,
                0.37754063579675423
            ],
            [
                1.6586657897801525e-12,
                7.433624341401363e-12,
                6.560150456264157e-12,
                7.889265043468789e-06,
                0.9999921107193042
            ]
        ],
        [
            [
                0.9999999973103426,
                2.646573630573567e-09,
                5.7893563104967105e-12,
                3.331544531673503e-11,
                3.9789625233052476e-12
            ],
            [
                0.9999999585514605,
                4.1399375450333023e-08,
                7.433680360362982e-12,
                3.775134385837906e-11,
                3.978962368841452e-12
            ],
            [
                9.72150446129741e-10,
                3.054405905665355e-07,
                0.9984906462441684,
                0.0015011699264353743,
                7.877416655219144e-06
            ],
            [
                8.956582851616069e-11,
                8.062458945579257e-09,
                3.025412513925515e-07,
                0.9890127516570467,
                0.010986937649677168
            ],
            [
                1.0060392774370995e-12,
                0.0,
                1.2917800024154061e-12,
                8.592166603406328e-10,
                0.9999999991384856
            ]
        ],
        [
            [
                0.9999999927730162,
                7.19413297458434e-09,
                3.098819114711787e-12,
                2.0206838933657053e-11,
                9.545034848884503e-12
            ],
            [
                0.9999999918082806,
                8.152020644382479e-09,
                4.508755203530421e-12,
                2.940077714006906e-11,
                5.789356278956171e-12
            ],
            [
                2.3346712718403745e-09,
                4.449100166512376e-07,
                0.9996059504888686,
                0.00033533055375775775,
