{
    "[['E', 'D', 'C', 'B', 'A'], ['E', 'D', 'C', 'B', 'A']]": [
        [
            [
                0.9999999965883986,
                3.3982678066843616e-09,
                1.658678352661385e-12,
                9.545034886857982e-12,
                2.1297851629269714e-12
            ],
            [
                0.9999999677339085,
                3.224186632070007e-08,
                4.508755095199994e-12,
                1.573710159345149e-11,
                3.978962406026507e-12
            ],
            [
                3.900837609582555e-14,
                4.508755241603447e-12,
                0.99999999988441,
                8.423463753176982e-12,
                1.026187963012832e-10
            ],
            [
                3.5113487365033924e-12,
                2.2896869979138304e-11,
                6.224014559288109e-11,
                2.1444939728423403e-05,
                0.9999785549716231
            ],
            [
                5.109089010451883e-12,
                1.4637785090801464e-12,
                1.6586783531966332e-12,
                1.1032560285405414e-09,
                0.9999999988885124
            ]
        ],
        [
            [
                0.9999999907384941,
                9.237449571603883e-09,
                2.7346982648392856e-12,
                1.3887943729103164e-11,
                7.433680599631112e-12
            ],
            [
                0.9999997617186313,
                2.3823698439759122e-07,
                6.560200654100774e-12,
                3.3315447889506594e-11,
                4.508755576280985e-12
            ],
            [
                1.463778489746133e-12,
                1.3176514050635718e-10,
                0.9999999834351885,
                9.237449508117432e-09,
                7.19413291050442e-09
            ],
            [
                3.5112616913012527e-12,
                4.847147250426357e-11,
                1.917083926272976e-10,
                4.5397855631060625e-05,
                0.9999546019006779
            ],
            [
                1.7832472822673836e-11,
                3.511422096545968e-12,
                2.4133627602657614e-12,
                4.0586521070222296e-10,
                0.9999999995703774
            ]
        ],
        [
            [
                0.9999999981461773,
                1.8189616821742332e-09,
                5.109089012955348e-12,
                2.020683903046896e-11,
                9.54503489461521e-12
            ],
            [
                0.9999998874328307,
                1.1253518378797049e-07,
                5.1090894397821845e-12,
                2.2897350301651442e-11,
                3.97896285648421e-12
            ],
            [
                5.675685232074112e-14,
                2.4133627715956866e-12,
                0.999999999992139,
                1.879528816354097e-12,
                3.5114221130309114e-12
            ],
            [
                2.0188424471480278e-11,
                6.685488007069933e-10,
                3.847232717588886e-09,
                0.0009110513962437206,
                0.9990889440677864
            ],
            [
                1.5737101494646254e-11,
                5.789356103508734e-12,
                1.0815941136515756e-11,
                3.653482071590518e-08,
                0.9999999634328368
            ]
        ],
        [
            [
                0.9999999956148848,
                4.363462230500795e-09,
                2.413362759420393e-12,
                1.081594150165529e-11,
                8.423463711143646e-12
            ],
            [
                0.9046505282699928,
                0.09534946997953957,
                3.6716628823527825e-10,
                1.1309517873769983e-09,
                2.5234945343758265e-10
            ],
            [
                1.0060392789648706e-12,
                7.9919598904242e-11,
                0.9999999997167806,
                1.317651426592464e-10,
                7.052879848879678e-11
            ],
            [
                2.129582163654939e-12,
                4.2773801179053165e-11,
                5.4922647882252345e-11,
                9.61023992207477e-05,
                0.9999038975009532
            ],
            [
                1.225606738175084e-11,
                3.978962515595599e-12,
                1.0815941502263207e-11,
                2.998960809601097e-09,
                0.9999999969739881
            ]
        ],
        [
            [
                0.9999999847441678,
                1.522997950691162e-08,
                3.5114220585491426e-12,
                1.7832472629710034e-11,
                4.508755171895089e-12
            ],
            [
                0.9999999804250155,
                1.9555680697111372e-08,
                3.978962456334187e-12,
                1.081594134117399e-11,
                4.508755152206064e-12
            ],
            [
                2.5856456949084208e-09,
                2.988600076867927e-07,
                0.005126715398413524,
                0.9769789877208515,
                0.01789399543508167
            ],
            [
                0.0,
                4.264216101939476e-11,
                7.0305037901296e-11,
                0.0031726830670696115,
                0.9968273168199832
            ],
            [
                1.0815941515148993e-11,
                2.1297851626585767e-12,
                2.7346982809380484e-12,
                1.8189616804667424e-09,
                0.9999999981653578
            ]
        ],
        [
            [
                0.9999999965860515,
                3.3982678053168025e-09,
                2.129785162069886e-12,
                1.0815941512159372e-11,
                2.734698280182154e-12
            ],
            [
                0.9999999881187803,
                1.1861120004237935e-08,
                2.734698257675159e-12,
                1.225606729209531e-11,
                5.109088964698559e-12
            ],
            [
                3.0379753852058e-14,
                2.734698291378238e-12,
                0.9999999999924081,
                2.4133627716446805e-12,
                2.4133627716446805e-12
            ],
            [
                0.0,
                2.18173002728591e-09,
                2.3455808291809547e-08,
                0.4999999869412947,
                0.499999987421167
            ],
            [
                1.7832472516975527e-11,
                6.56020002425006e-12,
                2.0206838646967513e-11,
                1.9555680658879557e-08,
                0.9999999803997199
            ]
        ],
        [
            [
                0.9999999943566034,
                5.602796401670111e-09,
                9.54503486173663e-12,
                2.5946094816666777e-11,
                5.109088995356711e-12
            ],
            [
                0.9999999865196503,
                1.3440409759762322e-08,
                7.433680566506939e-12,
                2.5946094613328448e-11,
                6.560200074745674e-12
            ],
            [
                1.3150904562723682e-10,
                1.5200378947677444e-08,
                1.6669239574700965e-05,
                0.9980566132829768,
                0.0019267021455606085
            ],
            [
                3.506148613821242e-12,
                9.04247645506451e-11,
                1.6893570082350324e-10,
                0.0015011820241963023,
                0.998498817712937
            ],
            [
                7.433680383196185e-12,
                4.508755066912844e-12,
                1.5737101494719637e-11,
                3.653482071607554e-08,
                0.9999999634374998
            ]
        ],
        [
            [
                0.9999999973366795,
                2.6465736302975614e-09,
                1.879528810423377e-12,
                7.4336806481641e-12,
                7.4336806481641e-12
            ],
            [
                0.9999999847401004,
                1.5229979504367695e-08,
                3.511422057962616e-12,
                2.2897348095111538e-11,
                3.511422057962616e-12
            ],
            [
                2.3659776089994823e-14,
                1.1399918529791741e-12,
                0.9999999999977509,
                6.101936677256434e-13,
                4.752193062499437e-13
            ],
            [
                4.507835573271255e-12,
                4.846379968890332e-11,
                1.4927901236434845e-10,
                0.000203427060748411,
                0.999796572737001
            ],
            [
                9.545034885620444e-12,
                3.978962520321559e-12,
                5.7893563061554695e-12,
                1.8189616804601342e-09,
                0.9999999981617249
            ]
        ],
        [
            [
                0.999999984754308,
                1.5229979503527283e-08,
                1.658678332647032e-12,
                9.545034771683333e-12,
                4.5087551708931746e-12
            ],
            [
                0.9999999804348316,
                1.955568069823595e-08,
                1.4637784849625471e-12,
                6.560200037452659e-12,
                1.4637784849625471e-12
            ],
            [
                6.274483980154622e-10,
                6.400147656387462e-08,
                0.0010978954495917091,
                0.7302559097754631,
                0.2686461301460203
            ],
            [
                0.0,
                1.6859456540361521e-09,
                2.6372627242834394e-08,
                0.43782348648579256,
                0.5621764854556346
            ],
            [
                1.5737102003450483e-11,
                2.734698273621491e-12,
                3.0988191183587133e-12,
                1.6052280446372583e-09,
                0.9999999983732013
            ]
        ],
        [
            [
                0.9999999985635784,
                1.416608784100955e-09,
                2.4133627675022016e-12,
                1.3887943840040765e-11,
                3.511422107074926e-12
            ],
            [
                0.9999962733328346,
                3.7266391149655136e-06,
                5.109069756336313e-12,
                1.7832405643209738e-11,
                5.109069756336313e-12
            ],
            [
                5.008774637446216e-14,
                3.098819138476031e-12,
                0.9999999999912099,
                2.1297851707868533e-12,
                3.51142211309799e-12
            ],
            [
                8.877944805833311e-13,
                5.789147223911325e-12,
                1.388744224857909e-11,
                3.535625749692795e-05,
                0.9999646437219387
            ],
            [
                1.783247280704317e-11,
                2.7346982760871935e-12,
                3.5114220934681073e-12,
                2.99896080785436e-09,
                0.9999999969769606
            ]
        ],
        [
            [
                0.9999999969665632,
                2.998960813989172e-09,
                5.789356307750215e-12,
                2.2897348373476293e-11,
                5.789356307750215e-12
            ],
            [
                0.9999999677424714,
                3.224186630482162e-08,
                2.129785100424232e-12,
                8.423463475510942e-12,
                5.109088858866924e-12
            ],
            [
                2.882350792954457e-13,
                1.0815941555447242e-11,
                0.9999999999099436,
                8.42346375303686e-12,
                7.05287984991334e-11
            ],
            [
                3.596093883561993e-11,
                1.9634007338799e-09,
                1.2802981046354228e-08,
                0.04742587465374724,
                0.9525741105439101
            ],
            [
                2.020683891407627e-11,
                5.109088983526667e-12,
                7.433680607551733e-12,
                6.348800060700284e-09,
                0.9999999936184504
            ]
        ],
        [
            [
                0.9999999864745741,
                1.34404097623434e-08,
                1.2256067271943807e-11,
                5.492788273799862e-11,
                1.783247265766136e-11
            ],
            [
                0.9999999778013785,
                2.2159489266627642e-08,
                3.9789624448471996e-12,
                2.2897347932844e-11,
                1.2256067163830429e-11
            ],
            [
                1.0815942940271802e-11,
                1.1032561734119722e-09,
                0.9999999344021848,
                3.224187149519082e-08,
                3.224187149519082e-08
            ],
            [
                2.734641147836354e-12,
                2.0206416851806926e-11,
                1.026166520134127e-10,
                2.144493974575981e-05,
                0.9999785549346966
            ],
            [
                2.940077699531638e-11,
                7.433680571841281e-12,
                1.783247266703326e-11,
                1.1861119990969449e-08,
                0.9999999880842131
            ]
        ],
        [
            [
                0.9999999936256943,
                6.348800072997731e-09,
                3.978962508859194e-12,
                1.573710200016266e-11,
                5.7893562894778266e-12
            ],
            [
                0.9999999983078265,
                1.6052280510900485e-09,
                1.0815941529690006e-11,
                6.224144607027561e-11,
                1.3887943829530457e-11
            ],
            [
                1.6744831472264713e-08,
                7.120083521093998e-07,
                0.4044704732266719,
                0.4044704717264502,
                0.19105832629369426
            ],
            [
                1.490218385991403e-10,
                1.5200640786994808e-08,
                9.404294478293181e-07,
                0.8807962358894733,
                0.11920280833141625
            ],
            [
                1.0815941327983894e-11,
                8.423463575888227e-12,
                2.0206838661830014e-11,
                1.955568067326312e-08,
                0.9999999804048731
            ]
        ],
        [
            [
                0.9999999804111239,
                1.9555680695782916e-08,
                4.5087551518997765e-12,
                2.2897347997391593e-11,
                5.789356212661112e-12
            ],
            [
                0.9999999927901243,
                7.194132974707418e-09,
                3.0988191147648017e-12,
                9.5450348490478e-12,
                3.0988191147648017e-12
            ],
            [
                4.4202281032554627e-14,
                3.978962535490035e-12,
                0.9999999999926594,
                1.6586783587694946e-12,
                1.6586783587694946e-12
            ],
            [
                0.0,
                1.238477955572421e-10,
                3.3665321215796207e-10,
                0.060086654343493404,
                0.9399133451960056
            ],
            [
                1.783247285295658e-11,
                3.978962523522729e-12,
                3.978962523522729e-12,
                1.2501528625176381e-09,
                0.9999999987240566
            ]
        ],
        [
            [
                0.9999999907406353,
                9.237449570982684e-09,
                3.098819108198782e-12,
                1.2256067323378505e-11,
                6.5602001035364955e-12
            ],
            [
                0.9999999827176366,
                1.7257827679512888e-08,
                2.7346982427149027e-12,
                1.2256067225048091e-11,
                9.545034752243233e-12
            ],
            [
                7.052812940861457e-11,
                7.194064780014189e-09,
                0.9999910357830025,
                7.889257505424565e-06,
                1.067694899023206e-06
            ],
            [
                0.0,
                2.4133583571608492e-12,
                3.978955257273009e-12,
                2.26032527224678e-06,
                0.9999977396683354
            ],
            [
                2.5946094621832304e-11,
                8.423463637291066e-12,
                1.0815941406826698e-11,
                1.046740164913415e-08,
                0.9999999894874129
            ]
        ],
        [
            [
                0.9999999943660984,
                5.602796403051815e-09,
                3.0988191196484607e-12,
                2.289734831552137e-11,
                5.109088996616663e-12
            ],
            [
                0.999999953042356,
                4.6911637963728534e-08,
                5.789356050488977e-12,
                2.940077597981691e-11,
                1.0815941037461809e-11
            ],
            [
                1.98100878319154e-13,
                1.783247277440398e-11,
                0.9999999925705926,
                2.1724399187858562e-10,
                7.1941329763698446e-09
            ],
            [
                1.2917777125736955e-12,
                1.0815922364827078e-11,
                2.2897307826020326e-11,
                1.370956653671649e-06,
                0.9999986290083414
            ],
            [
                4.8473686699395396e-11,
                1.0815941476220909e-11,
                1.3887943760874778e-11,
                5.60279639554467e-09,
                0.9999999943240261
            ]
        ],
        [
            [
                0.9999999943645379,
                5.602796403043072e-09,
                3.978962511340346e-12,
                2.2897348315485636e-11,
                5.789356293087881e-12
            ],
            [
                0.9999999468042693,
                5.315784968090238e-08,
                6.560199814789323e-12,
                2.289734722309239e-11,
                8.423463300739705e-12
            ],
            [
                3.2845361160282158e-09,
                5.523735152528456e-07,
                0.02273064280633532,
                0.9665316056478973,
                0.010737195887715885
            ],
            [
                2.1297731038452548e-12,
                1.0815880275441852e-11,
                3.775113154813891e-11,
                4.785094843640485e-06,
                0.9999952148544595
            ],
            [
                4.847368686310823e-11,
                2.4133627618959975e-12,
                3.511422098917947e-12,
                1.4166087808101947e-09,
                0.9999999985289927
            ]
        ],
        [
            [
                0.9999999969701838,
                2.998960814391769e-09,
                3.9789625219517684e-12,
                2.2897348376550157e-11,
                3.9789625219517684e-12
            ],
            [
                0.9999999960623125,
                3.8507419046847495e-09,
                1.0815941506494642e-11,
                6.224144593679551e-11,
                1.3887943799747019e-11
            ],
            [
                9.357622968052084e-14,
                3.9789625355021356e-12,
                0.9999999999863096,
                5.1090890276330425e-12,
                4.5087552419151015e-12
            ],
            [
                7.835042083723204e-13,
                2.7346983958340437e-12,
                8.423464075557132e-12,
                3.9278636952046916e-07,
                0.9999996072016888
            ],
            [
                1.0815941506158403e-11,
                4.508755220981799e-12,
                3.978962517028561e-12,
                2.0611536126954208e-09,
                0.9999999979195426
            ]
        ],
        [
            [
                0.9999999895067456,
                1.0467401680659195e-08,
                3.5114220751051024e-12,
                1.7832472713788135e-11,
                4.5087551931533626e-12
            ],
            [
                0.9999999530553931,
                4.691163797042156e-08,
                6.560199853800619e-12,
                2.2897347359255193e-11,
                3.51142194511539e-12
            ],
            [
                1.5450732402662021e-09,
                2.944388418928144e-07,
                0.9625260001725577,
                0.03732118074734617,
                0.00015252309618097215
            ],
            [
                0.0,
                1.2353996691159413e-09,
                1.3281798132739851e-08,
                0.67917870209921,
                0.32082128338359217
            ],
            [
                4.847368686439996e-11,
                0.0,
                0.0,
                1.9171715059152922e-10,
                0.9999999997598092
            ]
        ],
        [
            [
                0.9999999927737072,
                7.194132973524456e-09,
                3.5114220856522493e-12,
                1.7832472767350965e-11,
                1.0815941471888953e-11
            ],
            [
                0.9999999804227684,
                1.9555680694813123e-08,
                2.734698236628888e-12,
                1.2256067197772468e-11,
                6.560200036304429e-12
            ],
            [
                3.266131341839308e-13,
                1.7832472902969725e-11,
                0.9999999997474571,
                1.31765142662704e-10,
                1.0261879628722926e-10
            ],
            [
                1.3021016849456136e-10,
                4.886100525323415e-09,
                5.952489014114257e-08,
                0.3208212864276406,
                0.6791786490311585
            ],
            [
                1.0815941525117253e-11,
                6.914400086375607e-13,
                0.0,
                3.1608814449126965e-10,
                0.9999999996724045
            ]
        ],
        [
            [
                0.999999982721188,
                1.7257827681828478e-08,
                2.734698243081834e-12,
                1.0815941365424761e-11,
                7.433680540488227e-12
            ],
            [
                0.9999999777995877,
                2.2159489269867943e-08,
                4.508755139848901e-12,
                3.331544466468544e-11,
                3.0988190683118402e-12
            ],
            [
                2.1297851353969813e-12,
                1.9171714817492967e-10,
                0.9999999833745706,
                7.19413291021244e-09,
                9.237449507742521e-09
            ],
            [
                2.412732490781912e-12,
                3.7741486188321886e-11,
                9.053711877476582e-11,
                0.0002611903273738738,
                0.9997388095419347
            ],
            [
                3.775134522334858e-11,
                3.098819120708897e-12,
                0.0,
                1.6918979127804045e-10,
                0.99999999978996
            ]
        ],
        [
            [
                0.9999999979228822,
                2.0611536170831466e-09,
                2.413362765562672e-12,
                1.0815941529183073e-11,
                2.7346982844864197e-12
            ],
            [
                0.9999999748803263,
                2.5109990915136803e-08,
                1.4637784766830706e-12,
                6.56020000034662e-12,
                1.658678316485937e-12
            ],
            [
                5.6756852317738476e-14,
                5.10908902729019e-12,
                0.9999999999512934,
                5.7893563278545754e-12,
                3.775134543707824e-11
            ],
            [
                0.0,
                1.573182106641205e-11,
                2.2889664587939288e-11,
                0.00033535005370075147,
                0.9996646499076778
            ],
            [
                9.545034880526202e-12,
                3.5114220978099044e-12,
                4.5087552223069054e-12,
                1.4166087803631785e-09,
                0.9999999985658261
            ]
        ],
        [
            [
                0.9999999907299938,
                9.237449570884385e-09,
                5.789356271644493e-12,
                2.0206838890971897e-11,
                6.560200103466685e-12
            ],
            [
                0.9999999907438822,
                9.237449570286354e-09,
                1.2917799919647227e-12,
                6.56020010304198e-12,
                1.0815941449934486e-11
            ],
            [
                1.4637785113020086e-12,
                1.6918979193511455e-10,
                0.9999999981192882,
                1.2501528639749658e-09,
                4.599055369779886e-10
            ],
            [
                0.0,
                5.78927937324774e-12,
                1.5736892920172103e-11,
                1.3007124753521255e-05,
                0.9999869928537203
            ],
            [
                1.7832472806092e-11,
                2.413362758021654e-12,
                0.0,
                7.582560384517274e-10,
                0.9999999992214981
            ]
        ],
        [
            [
                0.999999977813281,
                2.2159489273782635e-08,
                3.511422034211873e-12,
                2.0206838634661127e-11,
                3.511422034211873e-12
            ],
            [
                0.9999999634483954,
                3.653482077410133e-08,
                2.129785091493797e-12,
                9.545034566716705e-12,
                5.1090888374439255e-12
            ],
            [
                1.9134745150067487e-10,
                1.951797067537622e-08,
                1.5505044588376287e-06,
                0.7772986505682962,
                0.22269977921792686
            ],
            [
                0.0,
                1.866730690807301e-09,
                2.274143536701977e-08,
                0.622459308631346,
                0.3775406667604879
            ],
            [
                2.940077721402445e-11,
                2.129785158002088e-12,
                5.789356293518852e-12,
                3.398267798826258e-09,
                0.9999999965644122
            ]
        ],
        [
            [
                0.999999997916863,
                2.061153617406639e-09,
                3.5114221048040356e-12,
                1.5737102068443728e-11,
                2.7346982849156235e-12
            ],
            [
                0.9999999943788971,
                5.602796401795018e-09,
                3.5114220909758897e-12,
                1.0815941488286918e-11,
                3.97896251045401e-12
            ],
            [
                2.5436656164630886e-13,
                4.277787816979923e-11,
                0.999999987926658,
                1.6918979020530525e-10,
                1.1861120007192534e-08
            ],
            [
                1.6586782691015713e-12,
                6.560199812937818e-12,
                7.433680269839772e-12,
                5.315784966589947e-08,
                0.9999999468264977
            ],
            [
                1.5737102061517764e-11,
                5.789356312049108e-12,
                4.508755229303226e-12,
                1.250152862784532e-09,
                0.999999998723812
            ]
        ],
        [
            [
                0.9999999918088104,
                8.152020642881404e-09,
                5.789356277890146e-12,
                2.5946094754913328e-11,
                7.433680607071687e-12
            ],
            [
                0.9999999397441196,
                6.023574639013373e-08,
                2.734698655302922e-12,
                1.3887945712041128e-11,
                3.5114225803907408e-12
            ],
            [
                1.0603575983638172e-13,
                1.0815941549242087e-11,
                0.9999999993726016,
                2.5946094963469057e-11,
                5.905303994552379e-10
            ],
            [
                8.878266581541751e-13,
                2.734698631365079e-12,
                4.508755802486135e-12,
                6.825604224383497e-08,
                0.9999999317358265
            ],
            [
                1.081594152459803e-11,
                3.5114221027643815e-12,
                3.0988191293566535e-12,
                3.5817479194585135e-10,
                0.9999999996243991
            ]
        ],
        [
            [
                0.9999999847337762,
                1.5229979505203998e-08,
                4.508755171389557e-12,
                2.5946094574733024e-11,
                5.789356237686486e-12
            ],
            [
                0.9999999226396484,
                7.734422799640366e-08,
                2.129785416718266e-12,
                7.43368153014753e-12,
                6.5602009251555116e-12
            ],
            [
                3.4424771082433635e-14,
                1.658678358805043e-12,
                0.9999999999964131,
                1.006039279217091e-12,
                8.878265477875216e-13
            ],
            [
                0.0,
                1.1322294134558346e-09,
                9.480040811908164e-09,
                0.3775406716239178,
                0.622459317763812
            ],
            [
                4.8473685174456575e-11,
                1.2256066966676133e-11,
                2.2897347564511286e-11,
                3.653482071403151e-08,
                0.9999999633815523
            ]
        ],
        [
            [
                0.9999999927662483,
                7.19413297497619e-09,
                5.109088988755745e-12,
                2.940077716664522e-11,
                5.109088988755745e-12
            ],
            [
                0.9999999804252833,
                1.9555680691967728e-08,
                2.7346982362309836e-12,
                1.3887943583818218e-11,
                2.413362722977399e-12
            ],
            [
                3.9008376098525803e-14,
                2.7346982913618347e-12,
                0.9999999999958007,
                1.00603927919869e-12,
                4.193795658026767e-13
            ],
            [
                8.878265905784573e-13,
                2.7346984232172145e-12,
                5.789356607381498e-12,
                1.444980315658422e-07,
                0.9999998554925565
            ],
            [
                1.7832472836938685e-11,
                0.0,
                2.7346982806718194e-12,
                9.736200274131477e-10,
                0.9999999990058128
            ]
        ],
        [
            [
                0.9999999778100858,
                2.215948926856295e-08,
                5.1090889116760055e-12,
                2.0206838629901394e-11,
                5.1090889116760055e-12
            ],
            [
                0.9999999634479708,
                3.653482078696036e-08,
                2.4133626826404077e-12,
                1.0815941157551268e-11,
                3.9789623887831635e-12
            ],
            [
                6.431393940674528e-14,
                7.433680671453552e-12,
                0.9999999999496416,
                9.545034921686757e-12,
                3.3315445417636714e-11
            ],
            [
                0.0,
                2.7346986325954802e-12,
                3.0988195251295338e-12,
                3.0590235864636066e-07,
                0.9999996940918078
            ],
            [
                1.3887943811893127e-11,
                1.463778508532278e-12,
                1.879528809356719e-12,
                4.058652110966105e-10,
                0.9999999995769036
            ]
        ],
        [
            [
                0.99999998653468,
                1.3440409765341584e-08,
                3.978962480834072e-12,
                1.7832472661639293e-11,
                3.098819095885315e-12
            ],
            [
                0.9999999881111826,
                1.1861119998780914e-08,
                3.978962484658083e-12,
                2.020683883031297e-11,
                3.5114220682110645e-12
            ],
            [
                4.420228103312492e-14,
                3.0988191384914024e-12,
                0.9999999999878832,
                2.4133627716537605e-12,
                6.560200167665973e-12
            ],
            [
                6.101913653548665e-13,
                5.789334484113905e-12,
                1.2256021199045466e-11,
                3.7266391105309497e-06,
                0.999996273342234
            ],
            [
                6.224144550269293e-11,
                1.2256067301065815e-11,
                2.289734818923346e-11,
                9.237449554165517e-09,
                0.9999999906651557
            ]
        ],
        [
            [
                0.9999999991300323,
                8.592166606625268e-10,
                1.6586783564917349e-12,
                7.433680661495313e-12,
                1.6586783564917349e-12
            ],
            [
                0.9999999950292799,
                4.944450474441318e-09,
                3.0988191214885167e-12,
                1.5737102019344937e-11,
                7.433680631011629e-12
            ],
            [
                8.258073284958212e-14,
                5.789356328311627e-12,
                0.9999999999825493,
                5.789356328311627e-12,
                5.789356328311627e-12
            ],
            [
                5.789345733325015e-12,
                4.277780039964334e-11,
                1.0261860850896026e-10,
                2.2603252702332747e-06,
                0.999997739523544
            ],
            [
                1.783247277220821e-11,
                5.789356284597986e-12,
                8.423463690255998e-12,
                4.944450464246755e-09,
                0.9999999950235041
            ]
        ],
        [
            [
                0.9999999907304086,
                9.237449571529192e-09,
                3.511422078997116e-12,
                2.0206838892382408e-11,
                8.423463671996764e-12
            ],
            [
                0.9999999748474877,
                2.5109990911032237e-08,
                6.560199999274266e-12,
                2.940077663597926e-11,
                6.560199999274266e-12
            ],
            [
                1.842625214615963e-14,
                1.6586783588173734e-12,
                0.9999999999965332,
                1.0060392792245697e-12,
                7.835041784606865e-13
            ],
            [
                6.914373951896965e-13,
                3.098807416844684e-12,
                4.508738187064222e-12,
                2.9023121979266403e-06,
                0.9999970976795032
            ],
            [
                7.433680638602641e-12,
                0.0,
                0.0,
                1.691897914933769e-10,
                0.9999999998233766
            ]
        ],
        [
            [
                0.9999999965747877,
                3.3982678062924004e-09,
                3.5114220997342234e-12,
                1.3887943811007723e-11,
                9.545034885757044e-12
            ],
            [
                0.9999999748784703,
                2.5109990915090196e-08,
                1.8795287684580384e-12,
                6.560200000334443e-12,
                3.0988190594495847e-12
            ],
            [
                5.0087746374468624e-14,
                3.0988191384764308e-12,
                0.9999999999913389,
                2.4133627716421004e-12,
                3.0988191384764308e-12
            ],
            [
                3.0941652914915496e-12,
                6.214797120869924e-11,
                1.3156725608126035e-10,
                0.0015011820276020365,
                0.9984988177755886
            ],
            [
                3.9789625122655376e-12,
                3.0988191203641654e-12,
                5.1090889977966605e-12,
                3.850741899955504e-09,
                0.9999999961370711
            ]
        ],
        [
            [
                0.9999999976324216,
                2.335593031262857e-09,
                3.9789625229979435e-12,
                2.2897348382570478e-11,
                5.109089011577342e-12
            ],
            [
                0.9999999907230802,
                9.237449566084243e-09,
                3.97896249453491e-12,
                2.5946094713439642e-11,
                9.545034823761489e-12
            ],
            [
                1.691894753842003e-10,
                9.237432361055532e-09,
                0.999998530105749,
                1.0677020103208936e-06,
                3.927856188944759e-07
            ],
            [
                5.107374521378057e-12,
                1.3172092499075132e-10,
                1.1028858019888617e-09,
                0.00033535005344647147,
                0.9996646487068395
            ],
            [
                1.5737102075685064e-11,
                8.878265460870326e-13,
                1.1399918507858403e-12,
                3.5817479231871377e-10,
                0.9999999996240603
            ]
        ],
        [
            [
                0.9999999965744726,
                3.3982678062913296e-09,
                3.098819126681572e-12,
                1.5737102045717448e-11,
                8.423463721739844e-12
            ],
            [
                0.9999998554872752,
                1.4449803164711852e-07,
                2.4133628893496217e-12,
                9.545035387627036e-12,
                2.73469842475541e-12
            ],
            [
                9.056060249163055e-11,
                1.9555644938414983e-08,
                0.9999974817944222,
                2.260323073061325e-06,
                2.3823629915995388e-07
            ],
            [
                0.0,
                6.597475041399824e-10,
                2.956783178486976e-09,
                0.01406362720895105,
                0.9859363691745183
            ],
            [
                3.7751345212399554e-11,
                2.413362757104783e-12,
                0.0,
                4.599055350584895e-10,
                0.9999999994999298
            ]
        ],
        [
            [
                0.9999999827216971,
                1.7257827678226013e-08,
                3.0988190831058887e-12,
                1.0815941363166999e-11,
                6.5602000504148394e-12
            ],
            [
                0.9999999748547621,
                2.5109990909240544e-08,
                6.560199998806171e-12,
                2.28973478653743e-11,
                5.789356179281913e-12
            ],
            [
                8.878265473974574e-13,
                7.052879847549217e-11,
                0.9999999995325757,
                3.1608814527168923e-10,
                7.991959888916589e-11
            ],
            [
                1.6585202552148019e-12,
                3.7747747019178063e-11,
                9.055213772722643e-11,
                9.610239913646362e-05,
                0.9999038974709051
            ],
            [
