{
    "[['E', 'D', 'C', 'B', 'A'], ['E', 'D', 'C', 'B', 'A']]": [
        [
            [
                0.9999989322818639,
                1.0677030763181717e-06,
                4.508746999470179e-12,
                9.545017472780717e-12,
                1.0060374400605335e-12
            ],
            [
                0.9994472213278086,
                0.0005527785862791473,
                2.0195667185676972e-11,
                6.220703434046321e-11,
                3.50948072746784e-12
            ],
            [
                6.431393940866628e-14,
                3.5114221130569094e-12,
                0.9999999999889018,
                2.4133627716135546e-12,
                5.109089027598307e-12
            ],
            [
                6.914400092453425e-13,
                0.0,
                0.0,
                3.331544535186292e-11,
                0.9999999999659932
            ],
            [
                6.560200139125218e-12,
                0.0,
                0.0,
                5.4927883266493674e-11,
                0.9999999999385119
            ]
        ],
        [
            [
                0.9999989322808158,
                1.0677030760689662e-06,
                4.508746998417823e-12,
                1.0815921781252823e-11,
                7.835027459354229e-13
            ],
            [
                0.999796572845102,
                0.00020342706358247737,
                3.7743645166873763e-11,
                4.8463799712709345e-11,
                5.108046909041069e-12
            ],
            [
                2.2447770542298656e-13,
                1.2256067439780177e-11,
                0.9999999996903559,
                7.991959890137391e-11,
                2.1724399343134017e-10
            ],
            [
                4.1937956450930373e-13,
                0.0,
                0.0,
                5.211412471378086e-10,
                0.9999999994784394
            ],
            [
                2.413362764439598e-12,
                0.0,
                0.0,
                6.224144603839397e-11,
                0.9999999999353453
            ]
        ],
        [
            [
                0.9999989322764504,
                1.0677030763123918e-06,
                7.433667082191623e-12,
                1.2256045037712687e-11,
                7.835027461140536e-13
            ],
            [
                0.9999785550499731,
                2.1444939757935346e-05,
                3.098754388122998e-12,
                6.560063091134985e-12,
                6.101809176116469e-13
            ],
            [
                3.9008376098094883e-14,
                2.7346982913316245e-12,
                0.9999999999953948,
                1.139991852935867e-12,
                6.914400106282189e-13
            ],
            [
                8.878265456548927e-13,
                0.0,
                0.0,
                4.058652116459318e-10,
                0.9999999995932469
            ],
            [
                1.0060392760723575e-12,
                0.0,
                0.0,
                1.9171715076393062e-10,
                0.9999999998072768
            ]
        ],
        [
            [
                0.9999989322784186,
                1.067703076263574e-06,
                5.109079687458073e-12,
                1.2256045037152314e-11,
                1.1399897688736097e-12
            ],
            [
                0.9999938557920331,
                6.1441721239961135e-06,
                1.0815881054552348e-11,
                2.2897220372168036e-11,
                2.129773257261208e-12
            ],
            [
                2.6810038674652007e-14,
                1.2917800046334483e-12,
                0.9999999999981912,
                3.7010116781556154e-13,
                1.2015425730352872e-13
            ],
            [
                9.545034837641e-12,
                3.51142208203332e-12,
                2.7346982671817722e-12,
                7.582560360229458e-10,
                0.9999999992259527
            ],
            [
                6.914400087466108e-13,
                0.0,
                0.0,
                1.6918979178499763e-10,
                0.9999999998301188
            ]
        ],
        [
            [
                0.999997739662531,
                2.2603252728409787e-06,
                3.978955258319004e-12,
                7.433667076158164e-12,
                7.835027454781318e-13
            ],
            [
                0.9626731155218408,
                0.03732688393840795,
                1.628743708671922e-10,
                3.448050458316248e-10,
                3.2071865215288e-11
            ],
            [
                5.0087746374208874e-14,
                3.098819138460361e-12,
                0.999999999995544,
                8.878265477710549e-13,
                4.1937956580256906e-13
            ],
            [
                2.882350787444345e-13,
                0.0,
                0.0,
                2.0206839048158628e-11,
                0.9999999999795048
            ],
            [
                2.734698280860904e-12,
                0.0,
                0.0,
                7.052879823436623e-11,
                0.9999999999267366
            ]
        ],
        [
            [
                0.999999814447146,
                1.8553915978862026e-07,
                3.9789630403838416e-12,
                8.423464822593812e-12,
                1.2917801685882953e-12
            ],
            [
                0.9999417086544821,
                5.8291276747914984e-05,
                2.0205645781421647e-11,
                4.277535245493945e-11,
                5.789014440035167e-12
            ],
            [
                4.4202281031613105e-14,
                3.0988191383854163e-12,
                0.9999999999940583,
                1.6586783587341644e-12,
                1.1399918529205974e-12
            ],
            [
                1.658678435397498e-12,
                1.8795289032059787e-12,
                1.1399919056104845e-12,
                1.4449803127386844e-07,
                0.9999998554972905
            ],
            [
                1.6586783544184269e-12,
                0.0,
                0.0,
                6.224144606037402e-11,
                0.9999999999360998
            ]
        ],
        [
            [
                0.9999898699712869,
                1.0129988097941571e-05,
                1.225595149046226e-11,
                2.5945849508912742e-11,
                2.4133399392082627e-12
            ],
            [
                0.999954602093572,
                4.539785571904009e-05,
                1.5736383175498136e-11,
                3.331392344395297e-11,
                1.6586025841058719e-12
            ],
            [
                2.6810038675886694e-14,
                1.0060392792108439e-12,
                0.9999999999984908,
                3.701011678326059e-13,
                1.0603575990759987e-13
            ],
            [
                1.2917800006023882e-12,
                8.878265449706171e-13,
                8.878265449706171e-13,
                1.8189616816620874e-09,
                0.9999999981779708
            ],
            [
                1.3887943764640512e-11,
                1.8795288029617726e-12,
                0.0,
                8.592166557106152e-10,
                0.9999999991250159
            ]
        ],
        [
            [
                0.9999993523853307,
                6.475946141322859e-07,
                4.5087553407606846e-12,
                1.3887944168260221e-11,
                1.6586783951377967e-12
            ],
            [
                0.9968273167808055,
                0.003172683081752673,
                7.03050379103248e-11,
                6.20439781919542e-11,
                5.092879864507768e-12
            ],
            [
                2.3659776089155718e-14,
                1.463778513990301e-12,
                0.9999999999979183,
                4.1937956579910216e-13,
                1.7482341281090963e-13
            ],
            [
                2.4133627488577554e-12,
                1.2917799924881194e-12,
                0.0,
                2.789468066312905e-10,
                0.9999999997173481
            ],
            [
                3.0988191313244313e-12,
                0.0,
                0.0,
                4.847368694698784e-11,
                0.9999999999484275
            ]
        ],
        [
            [
                0.9999832985543858,
                1.670141510472564e-05,
                8.423319669644394e-12,
                2.0206493448697036e-11,
                1.879496666869173e-12
            ],
            [
                0.9999646436829294,
                3.535625839006289e-05,
                1.7831828822652157e-11,
                3.774998191378899e-11,
                3.0987072134455735e-12
            ],
            [
                4.420228103175496e-14,
                1.6586783587394873e-12,
                0.9999999999972675,
                6.101936676962477e-13,
                4.193795657937723e-13
            ],
            [
                1.2917799953765533e-12,
                1.4637785034636132e-12,
                1.2917799953765533e-12,
                4.944450465922817e-09,
                0.9999999950515022
            ],
            [
                2.413362754246781e-12,
                0.0,
                0.0,
                9.056076923680265e-11,
                0.9999999999070259
            ]
        ],
        [
            [
                0.9980732654485729,
                0.001926734344807993,
                7.976563917987492e-11,
                1.1605832018825122e-10,
                1.079510537095782e-11
            ],
            [
                0.9984988178473791,
                0.0015011820387225664,
                3.769464999608743e-11,
                7.042287747201288e-11,
                5.780661800381171e-12
            ],
            [
                3.9008376097694906e-14,
                2.129785170731264e-12,
                0.9999999999971994,
                5.384940217186358e-13,
                9.3576229678537e-14
            ],
            [
                7.835041769481e-13,
                0.0,
                0.0,
                1.6918979192500555e-10,
                0.9999999998300266
            ],
            [
                5.1090889990037205e-12,
                0.0,
                0.0,
                7.991959847497062e-11,
                0.9999999999149713
            ]
        ],
        [
            [
                0.9996646498169927,
                0.0003353500589262608,
                4.276352334846152e-11,
                7.050513055469007e-11,
                1.081231195861185e-11
            ],
            [
                0.9980732655184735,
                0.001926734341592619,
                6.212154227874206e-11,
                7.0392929535282e-11,
                7.41936018765668e-12
            ],
            [
                2.2447770547781178e-13,
                1.2256067442773533e-11,
                0.9999999999402864,
                2.940077738966394e-11,
                1.7832472906217142e-11
            ],
            [
                3.978962511690665e-12,
                1.879528805133049e-12,
                0.0,
                4.599055350742671e-10,
                0.9999999995342359
            ],
            [
                5.789356286523448e-12,
                0.0,
                0.0,
                9.056076923649691e-11,
                0.99999999990365
            ]
        ],
        [
            [
                0.9999921106905367,
                7.889265045643812e-06,
                1.573698285857766e-11,
                2.5945898375580296e-11,
                2.734677569347099e-12
            ],
            [
                0.9999996940828039,
                3.0590235895279526e-07,
                4.508755809031324e-12,
                9.545036122621807e-12,
                7.835042769904753e-13
            ],
            [
                4.420228103164542e-14,
                2.734698291296993e-12,
                0.9999999999947893,
                1.291780004646704e-12,
                1.1399918529214306e-12
            ],
            [
                6.91425562135187e-13,
                3.978879390121913e-12,
                2.413312341407645e-12,
                2.1444939734755964e-05,
                0.9999785550531816
            ],
            [
                2.129785148249616e-12,
                0.0,
                0.0,
                1.9171714933188698e-10,
                0.9999999998061531
            ]
        ],
        [
            [
                0.9999869928195823,
                1.3007124766275508e-05,
                2.0206570509008086e-11,
                3.3315002606103544e-11,
                2.129756862704089e-12
            ],
            [
                0.9998766052985832,
                0.00012339462923380043,
                2.0204334854596774e-11,
                4.846767971373052e-11,
                3.5109869424765577e-12
            ],
            [
                3.0379753851949216e-14,
                1.1399918529512166e-12,
                0.9999999999982183,
                4.752193062382893e-13,
                1.3615261079784153e-13
            ],
            [
                5.384940204474404e-13,
                6.10193666255753e-13,
                4.752193051051919e-13,
                8.592166597985238e-10,
                0.9999999991391595
            ],
            [
                3.0988191210321727e-12,
                0.0,
                0.0,
                1.0261879573121806e-10,
                0.9999999998942823
            ]
        ],
        [
            [
                0.9999977396610324,
                2.260325273362791e-06,
                3.978955259237574e-12,
                8.423448349907035e-12,
                1.2917776424199606e-12
            ],
            [
                0.9999646436929553,
                3.535625749590317e-05,
                1.2255624768838274e-11,
                3.3314242105545666e-11,
                3.97881882022145e-12
            ],
            [
                3.7010116778692516e-13,
                3.3315445415152096e-11,
                0.999999999853008,
                7.052879849733564e-11,
                4.2777878681328375e-11
            ],
            [
                1.2917800022634054e-12,
                7.835041769764103e-13,
                0.0,
                1.317651424436434e-10,
                0.9999999998661595
            ],
            [
                2.7346982740521313e-12,
                0.0,
                0.0,
                6.224144582987511e-11,
                0.9999999999350238
            ]
        ],
        [
            [
                0.9997965728917078,
                0.00020342706357596508,
                1.0813735390952086e-11,
                2.939478041098952e-11,
                4.50783557534125e-12
            ],
            [
                0.9999646437018802,
                3.535625750571847e-05,
                1.2255624772240572e-11,
                2.5945157846432e-11,
                2.41327560457591e-12
            ],
            [
                1.9810087977349623e-13,
                1.7832472905319693e-11,
                0.999999999896414,
                4.27778786829091e-11,
                4.27778786829091e-11
            ],
            [
                8.878231981894411e-13,
                3.978947523718204e-12,
                3.978947523718204e-12,
                3.7266391118907396e-06,
                0.9999962733520423
            ],
            [
                1.3887943783059724e-11,
                1.879528805454542e-12,
                0.0,
                2.789468076418007e-10,
                0.9999999997052857
            ]
        ],
        [
            [
                0.999986992847687,
                1.3007124765618348e-05,
                8.423351792735722e-12,
                1.783223588515593e-11,
                1.2917628348981554e-12
            ],
            [
                0.9999251537382559,
                7.484619872512913e-05,
                1.7831147967026686e-11,
                4.277470032117196e-11,
                2.4131834605515074e-12
            ],
            [
                3.442477108150438e-14,
                1.4637785139900378e-12,
                0.9999999999977385,
                4.752193062330044e-13,
                2.882350793176841e-13
            ],
            [
                3.266131330529987e-13,
                3.7010116647031505e-13,
                0.0,
                2.3355930300340933e-09,
                0.9999999976637102
            ],
            [
                4.508755221343011e-12,
                0.0,
                0.0,
                2.7894680799064957e-10,
                0.9999999997165445
            ]
        ],
        [
            [
                0.999569442745737,
                0.0004305571221024158,
                2.938810714231078e-11,
                9.052174277755399e-11,
                1.2250785697872067e-11
            ],
            [
                0.9995694427726269,
                0.00043055712343751686,
                3.330108815112955e-11,
                6.221462331644187e-11,
                8.419833667989827e-12
            ],
            [
                3.4424771082475634e-14,
                1.6586783588070665e-12,
                0.999999999997633,
                4.1937956581085894e-13,
                2.54366564721258e-13
            ],
            [
                0.0,
                1.2917799489544443e-12,
                1.0060392358016607e-12,
                4.139937539854431e-08,
                0.9999999585983268
            ],
            [
                3.5114220907105266e-12,
                0.0,
                0.0,
                1.0261879565462173e-10,
                0.9999999998938698
            ]
        ],
        [
            [
                0.9996646497557852,
                0.00033535006031287876,
                7.050513054123317e-11,
                1.0258435962402981e-10,
                1.0812311956548168e-11
            ],
            [
                0.9998415636726368,
                0.00015843624882598968,
                1.7829650703858943e-11,
                5.4919190508349546e-11,
                5.788440093145342e-12
            ],
            [
                1.1605832100902862e-10,
                2.3310936918700115e-09,
                3.459646490367592e-07,
                0.0019267343501626006,
                0.9980729172380363
            ],
            [
                0.0,
                5.384940198161137e-13,
                0.0,
                1.8189616809348234e-09,
                0.9999999981804999
            ],
            [
                8.423463694520783e-12,
                1.2917799955926932e-12,
                0.0,
                7.582560373948557e-10,
                0.9999999992320288
            ]
        ],
        [
            [
                0.9999999895119148,
                1.0467401680147642e-08,
                5.789356265348833e-12,
                1.3887943712918941e-11,
                1.0060392682692083e-12
            ],
            [
                0.9999646436645767,
                3.535625749489978e-05,
                2.594515783849302e-11,
                4.847193624670553e-11,
                3.5112952846910747e-12
            ],
            [
                3.9008376097510375e-14,
                2.734698291290647e-12,
                0.9999999999924687,
                1.6586783587315277e-12,
                3.0988191383804904e-12
            ],
            [
                4.193795638630994e-13,
                4.752193040393113e-13,
                3.7010116611646375e-13,
                2.6465736264464227e-09,
                0.9999999973521616
            ],
            [
                2.020683900858374e-11,
                0.0,
                0.0,
                1.6918979157796283e-10,
                0.9999999998106033
            ]
        ],
        [
            [
                0.9999999397476372,
                6.023574638052921e-08,
                4.5087558412340495e-12,
                1.08159429940662e-11,
                1.2917801763849569e-12
            ],
            [
                0.9992903295372426,
                0.0007096703470153348,
                4.8439305816925856e-11,
                6.219729983564315e-11,
                5.105465271418989e-12
            ],
            [
                3.900837609766516e-14,
                2.4133627715769583e-12,
                0.9999999999964369,
                6.914400106206019e-13,
                4.1937956579342393e-13
            ],
            [
                6.560200140215897e-12,
                1.8795288085347464e-12,
                1.1399918481894797e-12,
                1.2501528610627248e-09,
                0.9999999987402675
            ],
            [
                1.2917800020306627e-12,
                0.0,
                0.0,
                7.05287983606855e-11,
                0.9999999999281795
            ]
        ],
        [
            [
                0.9999785549799589,
                2.144493975494582e-05,
                2.940016305216928e-11,
                4.847267418616349e-11,
                2.4133123436797158e-12
            ],
            [
                0.9933071484089032,
                0.006692851429726938,
                3.7498666139248126e-11,
                1.1550402325406413e-10,
                8.367083381002937e-12
            ],
            [
                5.008774637423232e-14,
                2.7346982913624127e-12,
                0.9999999999960121,
                7.835041784406971e-13,
                4.1937956580276535e-13
            ],
            [
                7.835042756111429e-13,
                1.6586785644848911e-12,
                1.139991994330866e-12,
                6.825604222275726e-08,
                0.9999999317403756
            ],
            [
                8.423463713240082e-12,
                1.4637785069614585e-12,
                0.0,
                5.211412462381329e-10,
                0.9999999994689714
            ]
        ],
        [
            [
                0.9999938557896264,
                6.144172124783908e-06,
                1.3887866179697307e-11,
                2.2897220375103878e-11,
                1.4637703261590373e-12
            ],
            [
                0.9999977396460442,
                2.260325273098968e-06,
                1.0815921776174622e-11,
                1.5737073325516124e-11,
                2.129781275824067e-12
            ],
            [
                3.9008376099028264e-14,
                3.0988191385010713e-12,
                0.9999999999910034,
                1.879528816405189e-12,
                3.978962535553786e-12
            ],
            [
                2.4133627564143237e-12,
                0.0,
                0.0,
                3.775134520159896e-11,
                0.9999999999598352
            ],
            [
                3.098819116301921e-12,
                0.0,
                0.0,
                3.7751345169660624e-11,
                0.9999999999591498
            ]
        ],
        [
            [
                0.9999986290212405,
                1.3709566544677e-06,
                7.433667485897536e-12,
                1.3887919229423423e-11,
                7.835027886643439e-13
            ],
            [
                0.9998766053154446,
                0.00012339462944571024,
                1.225454854752834e-11,
                3.774666691198078e-11,
                5.108455857770995e-12
            ],
            [
                8.25807328483794e-14,
                4.508755241902821e-12,
                0.9999999999929767,
                1.291780004673685e-12,
                1.1399918529452411e-12
            ],
            [
                6.101913655800559e-13,
                2.4133536665327992e-12,
                1.658672100938876e-12,
                3.7266391119062555e-06,
                0.9999962733562059
            ],
            [
                5.109088998942754e-12,
                1.2917799974231627e-12,
                0.0,
                9.05607693805542e-11,
                0.9999999999030385
            ]
        ],
        [
            [
                0.9999938557863822,
                6.144172125389027e-06,
                1.3887866181065074e-11,
                2.5945949850134502e-11,
                1.6586690808955934e-12
            ],
            [
                0.9947798741193524,
                0.005220125713004131,
                7.016062918614082e-11,
                9.008803112580857e-11,
                7.394875910991749e-12
            ],
            [
                9.357622967507652e-14,
                7.433680671293635e-12,
                0.999999999948161,
                6.560200167219608e-12,
                3.77513454374152e-11
            ],
            [
                4.75219303253619e-13,
                7.835041735215363e-13,
                0.0,
                4.944450470480478e-09,
                0.9999999950542908
            ],
            [
                1.879528809180372e-12,
                3.266131329999924e-13,
                0.0,
                6.224144598539077e-11,
                0.9999999999355524
            ]
        ],
        [
            [
                0.9999998144521085,
                1.8553915980841603e-07,
                2.7346986386531185e-12,
                5.109089676459091e-12,
                8.87826660520255e-13
            ],
            [
                0.999989869961932,
                1.0129988100568595e-05,
                1.783230420122421e-11,
                2.9400499242153616e-11,
                2.7346724195474175e-12
            ],
            [
                4.752193059514984e-13,
                3.7751345416924025e-11,
                0.9999999993525586,
                1.4930946751741063e-10,
                4.599055375501077e-10
            ],
            [
                3.7010116576059045e-13,
                4.75219303582361e-13,
                0.0,
                3.850741900931796e-09,
                0.9999999961484127
            ],
            [
                2.734698277912605e-12,
                0.0,
                0.0,
                5.4927883234791356e-11,
                0.9999999999423375
            ]
        ],
        [
            [
                0.9999997617353751,
                2.3823698435172838e-07,
                7.433681221571222e-12,
                2.020684058315429e-11,
                0.0
            ],
            [
                0.9997388096031862,
                0.0002611903322029964,
                2.2891368532198984e-11,
                3.774148621447204e-11,
                3.977923380817645e-12
            ],
            [
                1.2015425731141841e-13,
                5.789356328427127e-12,
                0.9999999999903497,
                2.7346982914484997e-12,
                1.0060392792305722e-12
            ],
            [
                0.0,
                0.0,
                0.0,
                1.4930946709002952e-10,
                0.9999999998506905
            ],
            [
                2.1297851663685597e-12,
                0.0,
                0.0,
                9.056076970167488e-11,
                0.9999999999073095
            ]
        ],
        [
            [
                0.9999999397435979,
                6.02357463802859e-08,
                5.109089706729744e-12,
                1.3887945709770614e-11,
                1.6586785792449586e-12
            ],
            [
                0.9990889485127904,
                0.0009110514117029187,
                3.3285085018053096e-11,
                3.7716942598404665e-11,
                4.50464640847295e-12
            ],
            [
                4.193795657934342e-13,
                1.388794386348971e-11,
                0.9999999999643712,
                1.388794386348971e-11,
                7.433680671563047e-12
            ],
            [
                8.35120387440229e-12,
                2.1538038663861472e-10,
                2.440579519404812e-10,
                0.00857748565219645,
                0.991422513880014
            ],
            [
                2.413362764457248e-12,
                0.0,
                0.0,
                5.4927883341670626e-11,
                0.9999999999426588
            ]
        ],
        [
            [
                0.9992903294804948,
                0.0007096703498228731,
                5.488892444053133e-11,
                1.0254601119382536e-10,
                1.224737450079082e-11
            ],
            [
                0.9999869928189823,
                1.300712476128481e-05,
                2.0206570501255035e-11,
                3.331500259332093e-11,
                2.7346619420279332e-12
            ],
            [
                3.442477108148833e-14,
                1.4637785139893548e-12,
                0.999999999997272,
                6.914400106295168e-13,
                5.384940217251682e-13
            ],
            [
                1.1399918470068233e-12,
                1.1399918470068233e-12,
                6.914400070320719e-13,
                2.646573624892549e-09,
                0.999999997350455
            ],
            [
                7.433680625673218e-12,
                0.0,
                0.0,
                6.691586049273711e-10,
                0.9999999993234077
            ]
        ],
        [
            [
                0.9999962733260298,
                3.7266391145105625e-06,
                9.544998917349287e-12,
                2.28972620837719e-11,
                2.413353668219336e-12
            ],
            [
                0.9999251537442994,
                7.484619707369498e-05,
                2.0205337737164337e-11,
                3.331297010894284e-11,
                5.108709426563021e-12
            ],
            [
                7.433681365105306e-12,
                4.5990558072434937e-10,
                0.9999996613884414,
                3.224187037722345e-08,
                3.059023490092093e-07
            ],
            [
                1.4637785073772141e-12,
                0.0,
                0.0,
                7.582560392952801e-10,
                0.9999999992402802
            ],
            [
                1.7832472816639543e-11,
                0.0,
                0.0,
                1.6918979139332027e-10,
                0.9999999998129778
            ]
        ],
        [
            [
                0.9999999317135825,
                6.825604227731333e-08,
                7.433681599597602e-12,
                2.020684161073653e-11,
                2.734698632706399e-12
            ],
            [
                0.9999646436710827,
                3.535625750462955e-05,
                2.0206109247090126e-11,
                4.847193626004463e-11,
                2.734599518064881e-12
            ],
            [
                4.4202281032560174e-14,
                2.4133627716229262e-12,
                0.9999999999927849,
                1.6586783587697026e-12,
                3.098819138451811e-12
            ],
            [
                1.6586783467601714e-12,
                0.0,
                0.0,
                1.317651417354381e-10,
                0.9999999998665763
            ],
            [
                7.433680629668029e-12,
                0.0,
                0.0,
                1.3176514194435983e-10,
                0.9999999998608011
            ]
        ],
        [
            [
                0.9999832985003906,
                1.670141510266493e-05,
                3.775069969475104e-11,
                4.2777146961297454e-11,
                3.978894474494569e-12
            ],
            [
                0.9706877716460612,
                0.02931222800076314,
                7.757695104514936e-11,
                2.389538316969584e-10,
                3.664475693735567e-11
            ],
            [
                3.442477108110067e-14,
                1.4637785139728712e-12,
                0.9999999999980691,
                3.2661313424459743e-13,
                1.0603575990415245e-13
            ],
            [
                6.101936664113494e-13,
                0.0,
                0.0,
                1.4930946728958221e-10,
                0.9999999998500804
            ],
            [
                9.545034858255676e-12,
                2.1297851565449345e-12,
                0.0,
                4.0586520990134726e-10,
                0.99999999958246
            ]
        ],
        [
            [
                0.9999977396008947,
                2.2603252725239347e-06,
                2.5946047523745293e-11,
                4.277780044299525e-11,
                5.109079682828316e-12
            ],
            [
                0.9999962733310949,
                3.72663911427085e-06,
                9.544998916735313e-12,
                1.783240563988569e-11,
                2.413353668064099e-12
            ],
            [
                5.675685232067879e-14,
                3.5114221130270554e-12,
                0.9999999999910407,
                1.8795288163520326e-12,
                3.5114221130270554e-12
            ],
            [
                0.0,
                6.101936664203222e-13,
                0.0,
                5.905303985973815e-10,
                0.9999999994088593
            ],
            [
                5.109088995468077e-12,
                0.0,
                0.0,
                2.5946094817232336e-11,
                0.9999999999689448
            ]
        ],
        [
            [
                0.9999989322599689,
                1.0677030761207948e-06,
                9.545017471016215e-12,
                2.594604754378749e-11,
                1.4637758378019545e-12
            ],
            [
                0.5621764998272639,
                0.4378234989655154,
                5.473464312521624e-10,
                6.202247618650359e-10,
                3.964964249347127e-11
            ],
            [
                6.431393940871105e-14,
                5.109089027601863e-12,
                0.9999999999895979,
                2.129785170763419e-12,
                3.0988191384419348e-12
            ],
            [
                4.752193006286603e-13,
                8.878265372932626e-13,
                6.101936605077726e-13,
                9.2374495521743e-09,
                0.9999999907605771
            ],
            [
                5.1090889910341e-12,
                0.0,
                0.0,
                4.847368671137905e-11,
                0.9999999999464173
            ]
        ],
        [
            [
                0.9999832985601849,
                1.6701415104822492e-05,
                6.560087954817866e-12,
                1.5736832921063724e-11,
                2.413321490853906e-12
            ],
            [
                0.9992903295192124,
                0.0007096703470025301,
                5.4888924453090084e-11,
                7.047877409242096e-11,
                8.417489189657413e-12
            ],
            [
                1.3615261079661345e-13,
                9.545034921974691e-12,
                0.9999999999470301,
                2.940077739017745e-11,
                1.3887943863704089e-11
            ],
            [
                1.1399918959239522e-12,
                5.7893565464912124e-12,
                7.433680951962283e-12,
                3.9278636932235027e-07,
                0.9999996071992676
            ],
            [
                3.0988191260138833e-12,
                8.878265442050795e-13,
                0.0,
                2.461696941720216e-10,
                0.9999999997498437
            ]
        ],
        [
            [
                0.9999898699671196,
                1.0129988098922086e-05,
                1.573695322096878e-11,
                2.5945849511424123e-11,
                3.098789821351e-12
            ],
            [
                0.9999038975500122,
                9.61024011048125e-05,
                2.0204913011570222e-11,
                2.5943621848821027e-11,
                2.734437625191977e-12
            ],
            [
                2.882350793101698e-13,
                1.7832472906026247e-11,
                0.9999999999295814,
                2.94007773893492e-11,
                2.2897348453733214e-11
            ],
            [
                2.940077709145552e-11,
                4.508755196075293e-12,
                3.9789624950486456e-12,
                2.061153601309543e-09,
                0.999999997900958
            ],
            [
                1.225606736804344e-11,
                0.0,
                0.0,
                5.905303962298186e-10,
                0.9999999993972135
            ]
        ],
        [
            [
                0.9999970976720063,
                2.902312199691095e-06,
                5.109069705061197e-12,
                9.544998822720018e-12,
                1.139987541499796e-12
            ],
            [
                0.9999038975447611,
                9.610240053273386e-05,
                2.289516592713046e-11,
                2.9397974969718666e-11,
                2.4131327349347677e-12
            ],
            [
                5.6756852320313324e-14,
                2.129785170730115e-12,
                0.9999999999966598,
                7.835041784234196e-13,
                3.7010116782005166e-13
            ],
            [
                0.0,
                6.101936656707412e-13,
                0.0,
                1.6052280496880266e-09,
                0.9999999983941616
            ],
            [
                1.225606732573405e-11,
                2.1297851503869573e-12,
                0.0,
                4.0586520872784453e-10,
                0.9999999995797488
            ]
        ],
        [
            [
                0.9999994956350498,
                5.043472050129974e-07,
                5.7893565976619315e-12,
                1.0815942059715469e-11,
                1.1399919060000642e-12
            ],
            [
                0.9999962733407101,
                3.7266391147934745e-06,
                5.7893344907357376e-12,
                1.2256021213063887e-11,
                2.1297771372064197e-12
            ],
            [
                7.991899359860512e-11,
                1.3440308150124747e-08,
                0.9999924713652549,
                1.3709487023987337e-06,
                6.144165815534557e-06
            ],
            [
                7.83504176839192e-13,
                7.83504176839192e-13,
                0.0,
                5.211412476798986e-10,
                0.9999999994772917
            ],
            [
                1.1399918498757722e-12,
                0.0,
                0.0,
                1.3176514233471623e-10,
                0.9999999998670948
            ]
        ],
        [
            [
                0.9999898699858651,
                1.0129988100014537e-05,
