{
    "[['E', 'D', 'C', 'B', 'A'], ['E', 'D', 'C', 'B', 'A']]": [
        [
            [
                0.9999999804154178,
                1.9555680691774803e-08,
                6.560200035285185e-12,
                1.7832472546972107e-11,
                4.5087551509756655e-12
            ],
            [
                0.9999999530717942,
                4.691163798547375e-08,
                3.5114219462420744e-12,
                9.545034468522125e-12,
                3.5114219462420744e-12
            ],
            [
                5.384940216912702e-13,
                2.289734845287809e-11,
                0.9999999998986897,
                2.9400777388251204e-11,
                4.8473687055129117e-11
            ],
            [
                0.0,
                3.539479353705996e-10,
                2.6153411505540408e-09,
                0.32082128680096905,
                0.6791787102297419
            ],
            [
                8.42346371040141e-12,
                3.098819122510395e-12,
                2.734698277285337e-12,
                1.8189616780371723e-09,
                0.9999999981667813
            ]
        ],
        [
            [
                0.9999999950349479,
                4.944450474812432e-09,
                2.7346982765887905e-12,
                1.3887943788772074e-11,
                3.978962514007881e-12
            ],
            [
                0.9999998554899915,
                1.4449803159659125e-07,
                2.41336288850573e-12,
                8.423464161695742e-12,
                1.1399919081565497e-12
            ],
            [
                1.8181154557799642e-09,
                1.2745961216632426e-07,
                0.9995339879679025,
                0.00043054173652017265,
                3.534101784978937e-05
            ],
            [
                1.9675197928546686e-10,
                7.383063553790694e-09,
                1.1549054534951395e-07,
                0.37754062207899663,
                0.6224592548506424
            ],
            [
                6.560200130481495e-12,
                0.0,
                2.1297851587253854e-12,
                2.3355930253870754e-09,
                0.999999997655717
            ]
        ],
        [
            [
                0.9999999950370309,
                4.944450474090868e-09,
                2.4133627582408467e-12,
                9.545034869081774e-12,
                6.560200131205894e-12
            ],
            [
                0.9999999847315317,
                1.5229979504237196e-08,
                7.433680554977272e-12,
                2.5946094573085956e-11,
                5.109088947392804e-12
            ],
            [
                2.08796791154203e-14,
                1.0060392792332533e-12,
                0.9999999999987106,
                1.9810087979503985e-13,
                6.431393941131953e-14
            ],
            [
                0.0,
                2.163769346043654e-09,
                2.3262712770943133e-08,
                0.8175744640137861,
                0.18242551055973177
            ],
            [
                1.879528804218591e-12,
                1.879528804218591e-12,
                1.658678348041435e-12,
                4.944450469527296e-09,
                0.9999999950501317
            ]
        ],
        [
            [
                0.999999994379114,
                5.602796404037807e-09,
                3.0988191201937977e-12,
                1.225606737081971e-11,
                2.7346982752409473e-12
            ],
            [
                0.9999999907151812,
                9.23744957245339e-09,
                5.109088978552758e-12,
                3.775134507695462e-11,
                4.508755198601903e-12
            ],
            [
                5.675685232164068e-14,
                3.0988191384659485e-12,
                0.9999999999879563,
                3.0988191384659485e-12,
                5.789356328252611e-12
            ],
            [
                0.0,
                5.2593362123330195e-09,
                5.654319296880117e-08,
                0.7310585272989705,
                0.26894141089850043
            ],
            [
                7.835041767993339e-13,
                8.878265459115625e-13,
                0.0,
                3.5817479224792406e-10,
                0.9999999996401538
            ]
        ],
        [
            [
                0.9999999881081337,
                1.1861120004837982e-08,
                3.978962486690003e-12,
                2.0206838840631908e-11,
                6.560200087123684e-12
            ],
            [
                0.9999999585642032,
                4.139937545086056e-08,
                3.978962368892155e-12,
                2.2897347495752896e-11,
                9.545034522360188e-12
            ],
            [
                6.5601998502864704e-12,
                8.592166202850094e-10,
                0.9999999516623784,
                3.2241865810322994e-08,
                1.5229979006760654e-08
            ],
            [
                5.445669000447465e-11,
                6.294337551886053e-09,
                1.1156980267082287e-07,
                0.9914223964237855,
                0.008577485657617663
            ],
            [
                1.081594140213865e-11,
                5.789356245686424e-12,
                9.545034785923843e-12,
                1.0467401644597172e-08,
                0.9999999895064481
            ]
        ],
        [
            [
                0.9999999961328008,
                3.850741906313149e-09,
                3.5114220983719793e-12,
                1.0815941511068479e-11,
                2.129785161855076e-12
            ],
            [
                0.9999999894831776,
                1.0467401679205857e-08,
                6.560200095742527e-12,
                3.3315445053929444e-11,
                9.545034817482879e-12
            ],
            [
                2.681003867660641e-14,
                1.6586783588392706e-12,
                0.9999999999975848,
                4.752193062556387e-13,
                2.543665647261967e-13
            ],
            [
                0.0,
                7.808330523757965e-11,
                3.0882546299385367e-10,
                0.022977367774764015,
                0.9770226318383272
            ],
            [
                0.9999999950126164,
                4.9444504739701514e-09,
                5.109088999163548e-12,
                2.940077722653799e-11,
                8.42346370682097e-12
            ]
        ],
        [
            [
                0.9999999943743927,
                5.6027964022689765e-09,
                3.098819119215485e-12,
                1.783247279589515e-11,
                1.8795288047078895e-12
            ],
            [
                0.9999999936101298,
                6.348800072898916e-09,
                6.560200123572395e-12,
                2.9400777193044826e-11,
                5.109088993343308e-12
            ],
            [
                3.0379753852699145e-14,
                1.46377851404245e-12,
                0.9999999999979117,
                4.1937956581404306e-13,
                1.7482341281713792e-13
            ],
            [
                3.097483704331125e-12,
                3.3301088148920556e-11,
                3.773507652139136e-11,
                0.0004305571186277007,
                0.9995694428072387
            ],
            [
                6.101936664199498e-13,
                6.101936664199498e-13,
                0.0,
                5.905303985970212e-10,
                0.9999999994082491
            ]
        ],
        [
            [
                0.9999999956116274,
                4.3634622317884236e-09,
                3.978962516546124e-12,
                1.7832472821689604e-11,
                3.098819123697889e-12
            ],
            [
                0.9999999943666984,
                5.602796402225867e-09,
                4.5087552138785756e-12,
                2.0206838962869376e-11,
                5.7893562922434646e-12
            ],
            [
                2.365977609000153e-14,
                1.1399918529794974e-12,
                0.9999999999980345,
                4.752193062500784e-13,
                3.266131342601626e-13
            ],
            [
                4.490406181077131e-12,
                1.0220117360863949e-10,
                4.580338827375627e-10,
                0.004070137769883441,
                0.9959298616653911
            ],
            [
                6.101936667318937e-13,
                0.0,
                0.0,
                7.991959879481424e-11,
                0.9999999999194702
            ]
        ],
        [
            [
                0.9999999976493312,
                2.3355930315381538e-09,
                2.129785164334443e-12,
                1.0815941523659743e-11,
                2.129785164334443e-12
            ],
            [
                0.999999963432064,
                3.653482078216761e-08,
                5.109088838571927e-12,
                2.2897347607214004e-11,
                5.109088838571927e-12
            ],
            [
                1.6261110445460972e-14,
                8.878265478068071e-13,
                0.9999999999986715,
                2.882350793317258e-13,
                1.3615261080296019e-13
            ],
            [
                7.429570749261764e-12,
                1.4922691760773224e-10,
                4.596512659274396e-10,
                0.000552778581626102,
                0.9994472208020662
            ],
            [
                3.5114221040478596e-12,
                0.0,
                1.463778510237148e-12,
                5.905303983255658e-10,
                0.9999999994044944
            ]
        ],
        [
            [
                0.9999999965766562,
                3.398267805587652e-09,
                4.5087552238427335e-12,
                1.783247283516695e-11,
                2.7346982804001156e-12
            ],
            [
                0.99999996774336,
                3.2241866313513227e-08,
                3.0988190369343855e-12,
                9.54503460931324e-12,
                2.129785100998369e-12
            ],
            [
                1.783247196986761e-11,
                6.691585739206268e-10,
                0.9999999475154632,
                1.9555680058902877e-08,
                3.224186567611951e-08
            ],
            [
                3.013884410252849e-11,
                1.8646242579618076e-09,
                5.068574237321513e-09,
                0.09534946938640142,
                0.9046505236502612
            ],
            [
                7.433680651906922e-12,
                0.0,
                1.4637785100999972e-12,
                4.058652115312956e-10,
                0.9999999995852373
            ]
        ],
        [
            [
                0.9999999865290852,
                1.3440409762143434e-08,
                5.789356247323935e-12,
                2.0206838806084813e-11,
                4.508755178895211e-12
            ],
            [
                0.9999999936337736,
                6.3488000723171595e-09,
                3.5114220891920565e-12,
                1.0815941482792326e-11,
                3.0988191173791186e-12
            ],
            [
                7.835041783775294e-13,
                3.331544541618275e-11,
                0.9999999998732219,
                3.775134543657977e-11,
                5.4927883500509576e-11
            ],
            [
                2.5772431046333013e-11,
                1.0958716538620901e-09,
                4.334256469498427e-09,
                0.0066928513791925095,
                0.993307143164907
            ],
            [
                9.545034899636616e-12,
                2.1297851657782702e-12,
                0.0,
                3.58174792157594e-10,
                0.9999999996301503
            ]
        ],
        [
            [
                0.9999999973356581,
                2.646573630294858e-09,
                2.4133627639780265e-12,
                1.225606740420755e-11,
                3.0988191286355656e-12
            ],
            [
                0.9999999961283508,
                3.850741905852114e-09,
                3.51142209795157e-12,
                1.5737102037733107e-11,
                1.6586783516280045e-12
            ],
            [
                2.882350793128198e-13,
                2.020683908800551e-11,
                0.9999999999081339,
                4.8473687057385064e-11,
                2.2897348453943725e-11
            ],
            [
                9.544690164331616e-12,
                1.0261508981374249e-10,
                1.0261508981374249e-10,
                3.5356257486016664e-05,
                0.9999646435277392
            ],
            [
                1.0815941495462466e-11,
                0.0,
                2.4133627580385873e-12,
                7.582560384570479e-10,
                0.9999999992285147
            ]
        ],
        [
            [
                0.9999999943736226,
                5.602796403093972e-09,
                5.109088996655105e-12,
                1.573710201011877e-11,
                2.734698274780266e-12
            ],
            [
                0.9999999880916123,
                1.1861120002160043e-08,
                3.978962485791654e-12,
                2.9400777023055093e-11,
                1.3887943690287766e-11
            ],
            [
                3.900837609925e-14,
                1.879528816415873e-12,
                0.9999999999966878,
                7.835041784550773e-13,
                6.101936677205319e-13
            ],
            [
                1.1491007133360927e-10,
                9.128437629680827e-09,
                4.6358031438282115e-08,
                0.32082128924376485,
                0.679178655154856
            ],
            [
                3.098819127933949e-12,
                0.0,
                0.0,
                7.991959865131631e-11,
                0.9999999999169815
            ]
        ],
        [
            [
                0.999999996582696,
                3.398267806111179e-09,
                2.7346982808214147e-12,
                1.3887943810267113e-11,
                2.4133627623283165e-12
            ],
            [
                0.9999999927870007,
                7.194132975125486e-09,
                3.5114220864337044e-12,
                1.2256067350059846e-11,
                3.0988191149448816e-12
            ],
            [
                6.914400105569773e-13,
                2.940077738701751e-11,
                0.9999999998817202,
                6.22414462167416e-11,
                2.5946094977622166e-11
            ],
            [
                5.85015552932319e-11,
                2.8187627882538276e-09,
                1.4314858605163045e-08,
                0.06008665334879873,
                0.9399133294590782
            ],
            [
                0.9999999918374277,
                8.152020637737436e-09,
                1.463778500347764e-12,
                5.109088979972874e-12,
                3.978962498384359e-12
            ]
        ],
        [
            [
                0.9999999950384291,
                4.944450473657242e-09,
                2.7346982759498734e-12,
                1.2256067373996897e-11,
                2.1297851587737824e-12
            ],
            [
                0.9999996940654431,
                3.05902358773807e-07,
                5.7893570530472774e-12,
                2.2897351321183355e-11,
                3.5114225526967524e-12
            ],
            [
                3.900837609857656e-14,
                1.879528816383425e-12,
                0.9999999999971019,
                6.914400106367568e-13,
                2.8823507932056773e-13
            ],
            [
                0.0,
                7.976563916339059e-11,
                2.168254874732658e-10,
                0.001926734331710942,
                0.9980732653716979
            ],
            [
                1.6918979124289417e-10,
                2.413362757303396e-12,
                0.0,
                2.461696936994567e-10,
                0.9999999995822271
            ]
        ],
        [
            [
                0.9999999976471758,
                2.3355930324675466e-09,
                3.51142210385705e-12,
                1.2256067410873297e-11,
                1.4637785101576069e-12
            ],
            [
                0.9999999936185342,
                6.3488000722204075e-09,
                5.789356288769e-12,
                2.289734829840413e-11,
                3.978962508372025e-12
            ],
            [
                3.9008376099570836e-14,
                1.4637785140419919e-12,
                0.9999999999975988,
                6.101936677255506e-13,
                2.882350793279145e-13
            ],
            [
                4.617476005031189e-11,
                1.3494242912407448e-09,
                1.963400758432535e-09,
                0.04742587519540151,
                0.9525741214455987
            ],
            [
                1.388794383272717e-11,
                0.0,
                0.0,
                2.461696946101266e-10,
                0.9999999997399425
            ]
        ],
        [
            [
                0.9999999936293538,
                6.3488000718485625e-09,
                3.978962508138979e-12,
                1.5737101997314157e-11,
                2.1297851561299746e-12
            ],
            [
                0.9999999936387669,
                6.348800072348861e-09,
                2.1297851562978062e-12,
                8.423463696495216e-12,
                1.8795288036034624e-12
            ],
            [
                3.775134751613979e-11,
                8.592167091066125e-10,
                0.999999861457858,
                2.5109992936510436e-08,
                1.1253518089982482e-07
            ],
            [
                0.0,
                1.2477444409936604e-09,
                1.7224580700949803e-08,
                0.2227001398704441,
                0.7772998416572309
            ],
            [
                6.560200146607012e-12,
                0.0,
                0.0,
                2.7894680837070065e-10,
                0.999999999714493
            ]
        ],
        [
            [
                0.9999999969874676,
                2.9989608140518634e-09,
                2.734698281738585e-12,
                8.42346372411838e-12,
                2.4133627631377164e-12
            ],
            [
                0.9999999936341377,
                6.3488000723194714e-09,
                3.5114220891933352e-12,
                1.0815941482796265e-11,
                2.7346982727579975e-12
            ],
            [
                8.878265477625449e-13,
                2.020683908832352e-11,
                0.9999999999488169,
                1.2256067442947892e-11,
                1.7832472906470834e-11
            ],
            [
                8.511926560217241e-11,
                6.761860802242893e-09,
                7.269685464732618e-08,
                0.9399132779338495,
                0.06008664252231568
            ],
            [
                3.7010116728009937e-13,
                3.7010116728009937e-13,
                0.0,
                5.905303989702884e-10,
                0.9999999994087294
            ]
        ],
        [
            [
                0.9999999955936045,
                4.3634622319455846e-09,
                4.50875522059752e-12,
                3.331544526134152e-11,
                5.1090890034770576e-12
            ],
            [
                0.9999999881068947,
                1.1861120004823287e-08,
                5.109088964950694e-12,
                2.289734817360434e-11,
                3.978962486685073e-12
            ],
            [
                5.008774637517851e-14,
                1.8795288164168822e-12,
                0.9999999999972247,
                6.914400106490651e-13,
                1.542811203091579e-13
            ],
            [
                0.0,
                8.184671974883522e-10,
                1.2802981079593434e-08,
                0.9525741116254836,
                0.047425874753068226
            ],
            [
                2.7346982858988977e-12,
                1.0060392771889879e-12,
                1.1399918506711696e-12,
                9.736200292741165e-10,
                0.9999999990214992
            ]
        ],
        [
            [
                0.9999999927821098,
                7.194132974150568e-09,
                3.5114220859578514e-12,
                1.783247276890294e-11,
                2.4133627529886626e-12
            ],
            [
                0.9999999907397904,
                9.237449569425522e-09,
                3.5114220781974497e-12,
                1.5737101949201284e-11,
                3.5114220781974497e-12
            ],
            [
                2.4133627698232987e-12,
                2.1724399332697492e-10,
                0.9999999992049238,
                2.1724399332697492e-10,
                3.5817479273002023e-10
            ],
            [
                0.0,
                1.680978423796211e-09,
                2.6294926688706986e-08,
                0.924141798240784,
                0.075858173783311
            ],
            [
                0.9999999961360206,
                3.850741904968581e-09,
                1.6586783512474294e-12,
                5.789356301970884e-12,
                5.789356301970884e-12
            ]
        ],
        [
            [
                0.9999999965812338,
                3.398267806314306e-09,
                3.0988191267025237e-12,
                1.3887943811097247e-11,
                3.5114220997568586e-12
            ],
            [
                0.9999999918056465,
                8.152020639732657e-09,
                4.508755200958676e-12,
                2.940077712329917e-11,
                8.423463677242553e-12
            ],
            [
                6.431393940974096e-14,
                2.413362771653882e-12,
                0.9999999999962208,
                6.914400106426409e-13,
                6.101936677151902e-13
            ],
            [
                0.0,
                1.0225777546084458e-09,
                4.0443734746282535e-09,
                0.43782349676932886,
                0.5621764981637198
            ],
            [
                5.384940197539954e-13,
                5.384940197539954e-13,
                5.384940197539954e-13,
                2.3355930300319476e-09,
                0.9999999976627916
            ]
        ],
        [
            [
                0.9999999936328614,
                6.34880007334601e-09,
                2.413362755602593e-12,
                1.0815941484545097e-11,
                5.1090889937031e-12
            ],
            [
                0.9999999907393228,
                9.237449572676396e-09,
                3.511422079433201e-12,
                1.5737101954739536e-11,
                3.97896249737443e-12
            ],
            [
                1.6261110445145712e-14,
                8.878265477895945e-13,
                0.9999999999987479,
                2.543665647215416e-13,
                9.357622968246025e-14
            ],
            [
                1.673306675223655e-10,
                2.483407298173718e-08,
                1.0559716536519904e-06,
                0.9890119872683949,
                0.010986931758547787
            ],
            [
                0.0,
                1.139991849121649e-12,
                1.0060392758215408e-12,
                2.335593030762573e-09,
                0.9999999976622609
            ]
        ],
        [
            [
                0.9999999961385071,
                3.850741905624025e-09,
                1.6586783515297567e-12,
                7.43368063925727e-12,
                1.6586783515297567e-12
            ],
            [
                0.9999999985677483,
                1.4166087838760024e-09,
                2.4133627671189678e-12,
                1.0815941536157909e-11,
                2.4133627671189678e-12
            ],
            [
                5.008774637353094e-14,
                2.1297851707472565e-12,
                0.9999999999926501,
                1.6586783587518292e-12,
                3.5114221130327063e-12
            ],
            [
                6.533502438649783e-12,
                1.3122890446923687e-10,
                6.664353666848588e-10,
                0.0040701377680357614,
                0.9959298614277665
            ],
            [
                4.508755229384578e-12,
                2.1297851648574163e-12,
                0.0,
                5.211412472966322e-10,
                0.9999999994722202
            ]
        ],
        [
            [
                0.9999999965816015,
                3.3982678061074597e-09,
                2.734698280818422e-12,
                1.573710204486596e-11,
                1.6586783523798019e-12
            ],
            [
                0.9999999715116185,
                2.845334726441595e-08,
                5.10908887985109e-12,
                2.5946094230080832e-11,
                3.978962420409435e-12
            ],
            [
                4.420228103380859e-14,
                2.1297851708303586e-12,
                0.9999999999960363,
                1.0060392792240697e-12,
                7.835041784602972e-13
            ],
            [
                8.94920540798556e-11,
                3.805298969883593e-09,
                4.635803171927802e-08,
                0.3208212910996826,
                0.6791786586474946
            ],
            [
                0.9999999956156613,
                4.363462231538825e-09,
                3.5114220961513007e-12,
                1.2256067383977589e-11,
                5.109089003000791e-12
            ]
        ],
        [
            [
                0.9999999397451956,
                6.023574636609936e-08,
                3.511422578989665e-12,
                1.3887945706499765e-11,
                1.6586785788543114e-12
            ],
            [
                0.999999931713817,
                6.825604227196247e-08,
                4.508755804344139e-12,
                2.2897351310777468e-11,
                2.734698632492016e-12
            ],
            [
                6.914400104343456e-13,
                3.775134542861322e-11,
                0.9999999996672213,
                1.9171715130383057e-10,
                1.0261879627847974e-10
            ],
            [
                3.254996375379139e-11,
                1.5683450829351328e-09,
                1.6861298666953627e-08,
                0.9770226141528494,
                0.022977367384956746
            ],
            [
                1.658678353230704e-12,
                6.914400083247737e-13,
                0.0,
                1.8189616813203014e-09,
                0.9999999981786882
            ]
        ],
        [
            [
                0.999999991821703,
                8.152020640796168e-09,
                3.978962499877311e-12,
                1.5737101964638623e-11,
                6.56020010886588e-12
            ],
            [
                0.9999999895166342,
                1.0467401678829738e-08,
                2.7346982613081097e-12,
                1.081594143751108e-11,
                2.413362745107885e-12
            ],
            [
                1.879528812100413e-12,
                1.0261879607467571e-10,
                0.9999999976717286,
                9.736200290016684e-10,
                1.2501528634343983e-09
            ],
            [
                2.7077014909819263e-10,
                2.1509937199902302e-08,
                3.8127275969427334e-07,
                0.9706873776448772,
                0.029312219301655763
            ],
            [
                1.4637785115281973e-12,
                0.0,
                7.835041771159841e-13,
                6.69158607941748e-10,
                0.9999999993285942
            ]
        ],
        [
            [
                0.9999999585355455,
                4.1399375449674144e-08,
                5.789356085661076e-12,
                4.8473685027505917e-11,
                1.0815941103171941e-11
            ],
            [
                0.9999999950336147,
                4.944450475375818e-09,
                3.0988191220741933e-12,
                1.573710202231925e-11,
                3.0988191220741933e-12
            ],
            [
                2.3659776089789025e-14,
                1.4637785140294824e-12,
                0.9999999999963665,
                1.006039279217044e-12,
                1.1399918529692582e-12
            ],
            [
                2.5896110029355828e-11,
                9.717443597621444e-10,
                5.592002693080712e-09,
                0.22270014246401532,
                0.7772998509463416
            ],
            [
                8.878265463490589e-13,
                0.0,
                0.0,
                7.991959879479205e-11,
                0.9999999999191926
            ]
        ],
        [
            [
                0.9999999936237496,
                6.348800071812982e-09,
                4.508755210883317e-12,
                1.783247278391146e-11,
                5.109088992469423e-12
            ],
            [
                0.9999999715007947,
                2.845334725989639e-08,
                7.433680455523887e-12,
                3.331544444990709e-11,
                5.109088879039558e-12
            ],
            [
                2.6810038676274545e-14,
                1.658678358818739e-12,
                0.9999999999973566,
                5.384940217444018e-13,
                4.193795658138102e-13
            ],
            [
                9.139304051408108e-10,
                4.403563296996138e-08,
                5.767524239000739e-06,
                0.7310543345882587,
                0.26893985293793893
            ],
            [
                1.2256067390341016e-11,
                0.0,
                2.1297851616139643e-12,
                9.736200270303926e-10,
                0.9999999990119941
            ]
        ],
        [
            [
                0.9999999918168742,
                8.152020643512801e-09,
                5.109088983592449e-12,
                2.0206838914336444e-11,
                5.789356278338547e-12
            ],
            [
                0.9999999927743494,
                7.1941329735290756e-09,
                5.109088987728042e-12,
                2.2897348275685333e-11,
                3.5114220856545043e-12
            ],
            [
                3.037975385267232e-14,
                1.87952881643026e-12,
                0.9999999999970286,
                6.914400106539865e-13,
                3.701011678378386e-13
            ],
            [
                1.0242111522781577e-10,
                4.934925693659714e-09,
                9.912063223318969e-08,
                0.8807969985537865,
                0.11920289728823444
            ],
            [
                4.752193045562476e-13,
                5.38494019825405e-13,
                0.0,
                2.646573629325325e-09,
                0.9999999973524127
            ]
        ],
        [
            [
                0.999999995019835,
                4.944450474737707e-09,
                5.7893562968816294e-12,
                2.5946094840027253e-11,
                3.978962513947748e-12
            ],
            [
                0.9999999748782422,
                2.5109990916441422e-08,
                1.8795287685591802e-12,
                8.423463539437641e-12,
                1.463778476759123e-12
            ],
            [
                2.3659776089992993e-14,
                1.658678358819265e-12,
                0.9999999999976736,
                4.193795658139432e-13,
                2.2447770548924512e-13
            ],
            [
                2.8383164081513467e-11,
                2.2547540006209367e-09,
                1.0105106360883879e-08,
                0.14804720179653758,
                0.8519527858152188
            ],
            [
                5.109089014670766e-12,
                8.878265455186881e-13,
                7.835041764526236e-13,
                2.789468085556835e-10,
                0.9999999997142728
            ]
        ],
        [
            [
                0.9999999804147084,
                1.9555680695853015e-08,
                3.9789624560781515e-12,
                2.2897347997473668e-11,
                2.7346982367743084e-12
            ],
            [
                0.9999999530680859,
                4.6911637985299783e-08,
                3.5114219462290527e-12,
                1.2256066860697527e-11,
                4.5087550276732396e-12
            ],
            [
                6.431393940906956e-14,
                2.413362771628688e-12,
                0.9999999999951723,
                1.6586783587736626e-12,
                6.914400106354227e-13
            ],
            [
                1.0743547703282166e-11,
                2.1578992408030204e-10,
                1.407127062917417e-09,
                0.006692851403088191,
                0.9933071469632513
            ],
            [
                2.129785163696161e-12,
                0.0,
                1.6586783532604303e-12,
                7.582560402065854e-10,
                0.9999999992379556
            ]
        ],
        [
            [
                0.9999999827150224,
                1.725782767811082e-08,
                3.978962464398405e-12,
                1.5737101824316828e-11,
                7.433680538886874e-12
            ],
            [
                0.9999999918148402,
                8.15202064293056e-09,
                4.508755202727386e-12,
                2.0206838912893214e-11,
                8.42346368054694e-12
            ],
            [
                1.0603575989502489e-13,
                6.560200166903209e-12,
                0.999999999879899,
                1.0815941555223853e-11,
                1.0261879629745671e-10
            ],
            [
                2.2042648881957475e-11,
                1.5453089890828866e-09,
                8.89263924383209e-09,
                0.037326883487709246,
                0.9626731060522999
            ],
            [
                0.0,
                6.101936665349944e-13,
                6.914400093053039e-13,
                5.905303987083585e-10,
                0.9999999994081679
            ]
        ],
        [
            [
                0.9999999943552602,
                5.602796402161781e-09,
                7.433680625416686e-12,
                2.940077720721121e-11,
                5.109088995805057e-12
            ],
            [
                0.9999999965748114,
                3.398267805581383e-09,
                3.978962519545986e-12,
                2.0206839007488358e-11,
                2.7346982803950705e-12
            ],
            [
                1.2015425730923787e-13,
                4.508755241976617e-12,
                0.9999999999916658,
                2.413362771662889e-12,
                1.2917800046948277e-12
            ],
            [
                3.722040726763764e-11,
                9.599269552887377e-10,
                2.032165380293212e-09,
                0.014063627217865008,
                0.9859363697528222
            ],
            [
                0.9999999803865578,
                1.9555680694105e-08,
                6.5602000360668796e-12,
                4.2777877828375206e-11,
                8.423463584865712e-12
            ]
        ],
        [
            [
                0.9999999961251795,
                3.850741905839902e-09,
                3.511422097940434e-12,
                1.783247282975552e-11,
                2.7346982795702454e-12
            ],
            [
                0.9999999943660982,
                5.6027964030518144e-09,
                5.789356293096914e-12,
                2.0206838965848205e-11,
                5.109088996616662e-12
            ],
            [
                2.6810038676276767e-14,
                1.139991852978819e-12,
                0.9999999999974394,
                6.101936677254533e-13,
                7.835041784613965e-13
            ],
            [
                3.318247720004038e-10,
                5.580434620998723e-08,
                3.6389004776360594e-07,
                0.8175741368935441,
                0.18242544308023723
            ],
            [
                7.433680643600637e-12,
                0.0,
                2.1297851627183276e-12,
                8.592166585941835e-10,
                0.9999999991312198
            ]
        ],
        [
            [
                0.999999992776572,
                7.1941329741107275e-09,
                5.109088988141116e-12,
                2.0206838932326772e-11,
                3.978962504745792e-12
            ],
            [
                0.9999999397340715,
                6.023574636542929e-08,
                6.560201037960693e-12,
                1.783247527252672e-11,
                5.7893570963325605e-12
            ],
            [
                2.3659776089414322e-14,
                1.0060392792011112e-12,
                0.9999999999982074,
                5.38494021731402e-13,
                2.2447770548375485e-13
            ],
            [
                0.0,
                3.411878925130506e-10,
                2.224824533124236e-09,
                0.047425875250357984,
                0.9525741221836296
            ],
            [
                1.4637785104864194e-12,
                0.0,
                0.0,
                1.493094672484784e-10,
                0.9999999998492268
            ]
        ],
        [
            [
                0.9999999936283848,
                6.348800073014813e-09,
                3.9789625088699e-12,
                1.5737102000205e-11,
                3.09881911771964e-12
            ],
            [
                0.9999999865212417,
                1.3440409759783711e-08,
                3.9789624791886924e-12,
                2.594609461336974e-11,
                8.423463634543672e-12
            ],
            [
                1.2917800045190512e-12,
                5.492788349819605e-11,
                0.9999999998555926,
                6.22414462162157e-11,
                2.5946094977402934e-11
            ],
            [
                3.976762654794912e-12,
                7.048980468662957e-11,
                1.0256206063715989e-10,
                0.0005527785819405465,
                0.9994472212410308
            ],
            [
                0.0,
                4.752193050513711e-13,
                0.0,
                9.736200287896759e-10,
                0.9999999990259048
            ]
        ],
        [
            [
                0.9999999585745842,
                4.139937545129033e-08,
                5.10908881375463e-12,
                1.7832472160135546e-11,
