{
    "[['E', 'D', 'C', 'B', 'A'], ['E', 'D', 'C', 'B', 'A']]": [
        [
            [
                1.2256067398949516e-11,
                0.0,
                3.5114221004408295e-12,
                6.691586066641734e-10,
                0.9999999993150739
            ],
            [
                1.291656874144749e-12,
                1.573560206856953e-11,
                2.4614623063470306e-10,
                9.61023991843546e-05,
                0.9999038973376422
            ],
            [
                7.433128303629478e-12,
                9.055404066810016e-11,
                1.2500599722509255e-09,
                7.48461965521188e-05,
                0.9999251524554007
            ],
            [
                0.0,
                8.423239427436162e-12,
                6.223978866405027e-11,
                2.7535689760688212e-05,
                0.9999724642395763
            ],
            [
                4.847341565304846e-11,
                4.847341565304846e-11,
                1.917160779298259e-10,
                6.144172091646692e-06,
                0.9999938555392455
            ]
        ],
        [
            [
                2.5946094865097113e-11,
                3.09881912466844e-12,
                4.50875522184727e-12,
                1.1032560273402023e-09,
                0.9999999988631902
            ],
            [
                2.1811412073082875e-11,
                3.4118788993357305e-10,
                8.799351657016702e-09,
                0.0474258749432828,
                0.9525741158943662
            ],
            [
                4.5502084866646665e-11,
                2.4843296563700366e-09,
                3.687075641808622e-07,
                0.7310582952732178,
                0.26894133348938637
            ],
            [
                3.4971318458164992e-12,
                9.019221903884831e-11,
                8.55719948735579e-10,
                0.004070137770534059,
                0.9959298612800567
            ],
            [
                1.5737101400824398e-11,
                8.423463376553471e-12,
                4.277787677047835e-11,
                4.1399375330485935e-08,
                0.9999999585336862
            ]
        ],
        [
            [
                1.1628232919756148e-10,
                1.78324727387431e-11,
                1.78324727387431e-11,
                2.9989607963680542e-09,
                0.9999999968490918
            ],
            [
                2.734140482940882e-12,
                4.276915309430069e-11,
                3.1602367151754123e-10,
                0.0002034270606597671,
                0.9997965725778133
            ],
            [
                6.5588620300745416e-12,
                1.0259786431563517e-10,
                1.4163198292772317e-09,
                0.00020342705989406597,
                0.9997965714146294
            ],
            [
                5.789091831218034e-12,
                3.3313923343570206e-11,
                2.172340683119643e-10,
                4.539785558224557e-05,
                0.9999546018880806
            ],
            [
                1.388794374242503e-11,
                3.5114220823938028e-12,
                1.0815941461852231e-11,
                4.9444504583117415e-09,
                0.9999999950273342
            ]
        ],
        [
            [
                1.573710199312669e-11,
                0.0,
                3.511422087998533e-12,
                8.592166557076243e-10,
                0.9999999991215349
            ],
            [
                8.42241980837316e-12,
                7.052005765748094e-11,
                2.7891223854011987e-10,
                0.00012339462720356624,
                0.9998766050149417
            ],
            [
                4.6795926109186816e-11,
                2.254753988971502e-09,
                3.346351625023968e-07,
                0.14804714808584,
                0.8519525149774475
            ],
            [
                0.0,
                8.847997645791934e-11,
                9.512493936028164e-10,
                0.02297736776152715,
                0.9770226311987434
            ],
            [
                2.5946093761655615e-11,
                5.789356056264394e-12,
                2.940077600914689e-11,
                4.139937523946004e-08,
                0.9999999585394885
            ]
        ],
        [
            [
                9.056076892776766e-11,
                5.789356266787047e-12,
                1.0815941441559802e-11,
                7.194132953351276e-09,
                0.999999992698701
            ],
            [
                3.0988015757241984e-12,
                1.0815880256400612e-11,
                4.8473412331195886e-11,
                4.785094835216377e-06,
                0.9999952148427768
            ],
            [
                5.366489640173305e-11,
                4.830760025623704e-09,
                0.9770066823675689,
                1.6317669376164733e-05,
                0.02297699507863004
            ],
            [
                1.463479941295258e-12,
                9.543087983417711e-12,
                7.051441246650444e-11,
                0.00020342706074660458,
                0.9997965728577324
            ],
            [
                1.1628232962064391e-10,
                2.7346982755629835e-12,
                8.423463705096186e-12,
                2.335593025109722e-09,
                0.9999999975369664
            ]
        ],
        [
            [
                6.560200897918868e-12,
                1.3887945409876727e-11,
                6.224145315289622e-11,
                7.734422767528587e-08,
                0.9999999225730827
            ],
            [
                8.423464119948271e-12,
                1.0815942026570818e-11,
                7.052880157124502e-11,
                5.04347203467463e-07,
                0.9999994955630284
            ],
            [
                6.555547433314503e-12,
                1.316716900235466e-10,
                7.728936371129461e-08,
                0.0007096703714249944,
                0.999290252200984
            ],
            [
                4.269546603875457e-11,
                1.2477444156886423e-09,
                3.646443689053606e-08,
                0.222700135395955,
                0.7772998268491682
            ],
            [
                1.573710193069982e-11,
                4.508755191823257e-12,
                2.289734820013976e-11,
                8.152020623215432e-09,
                0.9999999918048362
            ]
        ],
        [
            [
                2.2897348309196175e-11,
                2.734698274004253e-12,
                8.423463700294959e-12,
                2.998960805570138e-09,
                0.9999999969669837
            ],
            [
                1.0815921731479693e-11,
                5.4927782825796226e-11,
                1.9171679995501133e-10,
                2.2603252637585638e-06,
                0.9999977394172758
            ],
            [
                2.1224515215387124e-10,
                6.202712557736122e-09,
                3.454388252486881e-05,
                0.02297657448794781,
                0.9769888752145696
            ],
            [
                0.0,
                1.1581822544110716e-09,
                3.8353728805359806e-08,
                0.18242550759728965,
                0.8175744528907993
            ],
            [
                1.1628232776680393e-10,
                1.783247251932932e-11,
                4.847368600578819e-11,
                1.7257827611672633e-08,
                0.9999999825595839
            ]
        ],
        [
            [
                3.978962514317678e-12,
                0.0,
                0.0,
                4.599055353779085e-10,
                0.9999999995361155
            ],
            [
                0.0,
                2.287054946910905e-11,
                1.6899177304061538e-10,
                0.001169510342157505,
                0.9988304894659802
            ],
            [
                0.0,
                3.08825458338012e-10,
                1.488004388371074e-08,
                0.02297736743218276,
                0.9770226173789478
            ],
            [
                0.0,
                5.789147211362376e-12,
                4.2776333509724535e-11,
                3.535625742028732e-05,
                0.9999646436940142
            ],
            [
                4.277787838737758e-11,
                5.789356287817118e-12,
                8.423463694939806e-12,
                2.646573620205711e-09,
                0.9999999972964357
            ]
        ],
        [
            [
                5.492788319574355e-11,
                5.109088998875073e-12,
                7.433680629883532e-12,
                2.6465736237892282e-09,
                0.9999999972859557
            ],
            [
                5.109069738589646e-12,
                1.3887891430738241e-11,
                3.7751202911787846e-11,
                3.726639102020804e-06,
                0.9999962733041498
            ],
            [
                0.0,
                2.739295038358176e-10,
                9.07129932434344e-09,
                0.017986211381228228,
                0.9820137792735429
            ],
            [
                0.0,
                9.047824124570367e-11,
                8.584336518775548e-10,
                0.000911051413501349,
                0.9990889476375868
            ],
            [
                3.775134494652566e-11,
                7.433680574631753e-12,
                1.2256067282985723e-11,
                9.237449540538475e-09,
                0.9999999907051093
            ]
        ],
        [
            [
                6.560200142791877e-12,
                0.0,
                1.2917799997919416e-12,
                4.5990553608722514e-10,
                0.9999999995322424
            ],
            [
                5.1090890159496415e-12,
                0.0,
                2.4133627661111152e-12,
                7.582560409933606e-10,
                0.9999999992342214
            ],
            [
                4.5080416579709365e-12,
                2.9396124238541545e-11,
                2.461307347975615e-10,
                0.00015843625052513514,
                0.99984156346944
            ],
            [
                0.0,
                4.590195327881192e-10,
                6.336569193227448e-09,
                0.222700142391932,
                0.7772998508124792
            ],
            [
                4.5087552230785406e-12,
                0.0,
                0.0,
                8.592166582554354e-10,
                0.9999999991362747
            ]
        ],
        [
            [
                0.9999999747908499,
                2.510999091135242e-08,
                2.020683857029431e-11,
                7.052879669639506e-11,
                8.42346353773047e-12
            ],
            [
                4.50875534009789e-12,
                3.5114221895456157e-12,
                2.940077803060082e-11,
                6.475946140370884e-07,
                0.999999352367965
            ],
            [
                2.93441394291216e-11,
                1.6021357271446846e-09,
                3.4596498434389605e-07,
                0.11920289150200372,
                0.880796760901532
            ],
            [
                5.775040957998506e-12,
                7.972198133226638e-11,
                7.563810992316491e-10,
                0.002472622961013112,
                0.9975273761971087
            ],
            [
                1.0261880546449855e-10,
                3.3315448391415956e-11,
                7.991960605360363e-11,
                9.931195197426789e-08,
                0.9999999004721941
            ]
        ],
        [
            [
                7.582560366540206e-10,
                6.560200115056854e-12,
                6.560200115056854e-12,
                9.736200234206742e-10,
                0.9999999982550036
            ],
            [
                6.558862038104782e-12,
                4.846379954470285e-11,
                2.461194822218983e-10,
                0.0002034270601431287,
                0.9997965726387148
            ],
            [
                9.293851788521776e-11,
                5.749902496534556e-09,
                6.30553373543037e-06,
                0.3775382857712694,
                0.6224554028521541
            ],
            [
                0.0,
                7.117737417024076e-10,
                1.4296357769919148e-08,
                0.2689414053827008,
                0.7310585796091678
            ],
            [
                4.8473686884375826e-11,
                2.734698281531369e-12,
                7.4336806450049e-12,
                9.736200277191685e-10,
                0.999999998967738
            ]
        ],
        [
            [
                5.4927883153060684e-11,
                3.0988191186102533e-12,
                7.433680624107034e-12,
                2.0611536090615138e-09,
                0.999999997873386
            ],
            [
                0.0,
                2.2884689011983668e-11,
                4.056408186251634e-10,
                0.0005527785818647292,
                0.9994472209896098
            ],
            [
                3.5082221485060155e-12,
                2.5922450262821962e-11,
                2.4594536032479745e-10,
                0.0009110514004105611,
                0.9990889483242135
            ],
            [
                3.0983287115167725e-12,
                3.774537081632725e-11,
                6.690527063412413e-10,
                0.00015843624661284207,
                0.9998415630434908
            ],
            [
                5.1090889633862265e-12,
                4.5087551852174855e-12,
                1.3887943689153438e-11,
                9.237449545031656e-09,
                0.9999999907390446
            ]
        ],
        [
            [
                6.224144587160294e-11,
                3.978962512984635e-12,
                7.4336806296579e-12,
                1.8189616771060982e-09,
                0.9999999981073842
            ],
            [
                0.0,
                1.3885111087531584e-11,
                1.1625861174716123e-10,
                0.00020342706078634747,
                0.9997965728090699
            ],
            [
                5.0824189035263774e-12,
                7.950240798910239e-11,
                2.983305850312718e-09,
                0.005220125684155223,
                0.9947798712479542
            ],
            [
                1.2314401876895454e-09,
                1.6128683581240975e-07,
                0.01094271372174604,
                0.9850315243932605,
                0.004025599366717441
            ],
            [
                1.7832472838230143e-11,
                1.6586783524110071e-12,
                4.50875522461723e-12,
                1.2501528614852352e-09,
                0.9999999987258472
            ]
        ],
        [
            [
                5.109089003421757e-12,
                0.0,
                3.0988191237759587e-12,
                1.4166087798107722e-09,
                0.9999999985751833
            ],
            [
                7.424980304570211e-12,
                7.982606116079157e-11,
                7.573685811505897e-10,
                0.001169510345619793,
                0.9988304888097606
            ],
            [
                1.2916568742214322e-12,
                1.0814910597690943e-11,
                1.9169887717976218e-10,
                9.610239919006e-05,
                0.9999038973970045
            ],
            [
                1.76365564656785e-11,
                1.8961085111948971e-10,
                1.401045215887897e-09,
                0.010986942347620227,
                0.9890130560440872
            ],
            [
                1.7832474158907216e-11,
                1.5737103210655457e-11,
                4.277788169010923e-11,
                2.3823698346000478e-07,
                0.999999761686669
            ]
        ],
        [
            [
                1.5737102024369952e-11,
                2.4133627591825107e-12,
                6.560200133765602e-12,
                1.8189616780181575e-09,
                0.9999999981563277
            ],
            [
                1.2256067290408459e-11,
                0.0,
                1.2256067290408459e-11,
                8.152020612243869e-09,
                0.9999999918234673
            ],
            [
                0.0,
                5.835614806789381e-10,
                1.705416631515894e-08,
                0.32082128196977394,
                0.6791787003924983
            ],
            [
                4.752184369732443e-13,
                2.1297812750061273e-12,
                1.0815921772020783e-11,
                2.260325272230893e-06,
                0.9999977396613068
            ],
            [
                2.2897348115912942e-11,
                6.560200070586694e-12,
                1.2256067261820171e-11,
                1.0467401639067415e-08,
                0.9999999894908848
            ]
        ],
        [
            [
                5.4927883250568954e-11,
                3.098819124111293e-12,
                8.423463714753103e-12,
                1.2501528604924332e-09,
                0.999999998683397
            ],
            [
                1.3887943309657355e-11,
                8.423463417658129e-12,
                2.9400776217260505e-11,
                3.653482067637288e-08,
                0.9999999634134672
            ],
            [
                0.0,
                2.970954165151693e-10,
                1.7096660789072304e-09,
                0.060086654250583786,
                0.9399133437426547
            ],
            [
                1.081544739932861e-11,
                1.0261410787686069e-10,
                7.582213996438451e-10,
                4.539785553377123e-05,
                0.9999546012728153
            ],
            [
                3.7751350286841017e-11,
                1.7832475196313607e-11,
                6.224145421556616e-11,
                6.023574610799145e-08,
                0.9999999396464286
            ]
        ],
        [
            [
                0.9999999935967527,
                6.348800070576727e-09,
                5.109088991474567e-12,
                4.277787838333606e-11,
                6.560200121172883e-12
            ],
            [
                6.560200645648983e-12,
                1.7832474206112924e-11,
                1.317651522917022e-10,
                8.31527986620522e-07,
                0.9999991683158556
            ],
            [
                5.775040911076109e-12,
                1.0236504946761629e-10,
                9.214608098510826e-09,
                0.0024726229392827105,
                0.997527367737969
            ],
            [
                5.099246707931052e-12,
                4.838030572927068e-11,
                4.0508334031543964e-10,
                0.0019267343305183564,
                0.9980732652109188
            ],
            [
                2.289734826762658e-11,
                3.098819113166606e-12,
                6.560200114053379e-12,
                3.8507418910114705e-09,
                0.9999999961167017
            ]
        ],
        [
            [
                4.847368663554115e-11,
                7.433680606844865e-12,
                2.940077713375824e-11,
                4.363462214491857e-09,
                0.9999999955512295
            ],
            [
                1.8794178203259586e-12,
                2.5944562727306215e-11,
                1.6917980070082233e-10,
                5.829127671055441e-05,
                0.9999417085262857
            ],
            [
                0.0,
                2.0076424720117347e-10,
                4.569373204829574e-09,
                0.07585817548088261,
                0.92414181974898
            ],
            [
                2.4127324919757456e-12,
                2.020156182158676e-11,
                1.1625196171799837e-10,
                0.00026119032636341813,
                0.9997388095347703
            ],
            [
                3.775134467877255e-11,
                5.789356211564631e-12,
                2.0206838681272577e-11,
                1.5229979436485598e-08,
                0.9999999847062729
            ]
        ],
        [
            [
                3.5817478884200975e-10,
                0.0,
                3.098819102503162e-12,
                8.592166518749793e-10,
                0.9999999987795096
            ],
            [
                1.6586783523191287e-12,
                0.0,
                1.879528809065853e-12,
                9.736200274297275e-10,
                0.9999999990228419
            ],
            [
                2.656930835413404e-10,
                1.1297557392110865e-08,
                0.036931920369174025,
                0.010581174899715131,
                0.9524868931678603
            ],
            [
                6.560112946093906e-12,
                3.7750843514491834e-11,
                2.7894310051053244e-10,
                1.3007124713720424e-05,
                0.9999869925520323
            ],
            [
                7.433680598155579e-12,
                1.6586783423587299e-12,
                5.789356270946274e-12,
                5.602796381614971e-09,
                0.999999994382322
            ]
        ],
        [
            [
                1.7832472738958918e-11,
                3.978962498086412e-12,
                1.2256067327818748e-11,
                5.602796384380144e-09,
                0.9999999943631361
            ],
            [
                6.55886204492515e-12,
                7.051441233064601e-11,
                9.73421436205327e-10,
                0.00020342706035466655,
                0.9997965718891506
            ],
            [
                1.6586404907962773e-12,
                5.211293509798701e-10,
                0.9999780502014199,
                5.043366291341099e-07,
                2.144493916304674e-05
            ],
            [
                2.1286076597759355e-12,
                9.539757683855697e-12,
                2.9384522352407575e-11,
                0.000552778582015711,
                0.9994472213769313
            ],
            [
                1.225606737458668e-11,
                3.098819121146237e-12,
                1.0815941495940861e-11,
                2.6465736238985315e-09,
                0.9999999973272555
            ]
        ],
        [
            [
                1.026187957299638e-10,
                0.0,
                4.508755216501424e-12,
                6.691586053011981e-10,
                0.9999999992237139
            ],
            [
                7.433681418164994e-12,
                5.109089540652471e-12,
                2.5946097585907144e-11,
                8.764249098750784e-08,
                0.9999999123190202
            ],
            [
                0.0,
                3.6716628113795103e-10,
                2.004659970468147e-08,
                0.09534946805583068,
                0.9046505115304034
            ],
            [
                9.055645995310882e-11,
                4.944215186990254e-09,
                2.2602218339964443e-06,
                0.9999523369742931,
                4.5397769101330534e-05
            ],
            [
                1.7832472710549164e-11,
                5.789356264580225e-12,
                1.2256067308293028e-11,
                7.194132950608974e-09,
                0.9999999927699891
            ]
        ],
        [
            [
                6.224144522261723e-11,
                8.423463618259016e-12,
                2.9400776917426404e-11,
                1.046740162548401e-08,
                0.9999999894325327
            ],
            [
                1.4637785110579273e-12,
                0.0,
                0.0,
                3.331544535183718e-11,
                0.9999999999652207
            ],
            [
                8.369083401930024e-11,
                4.032450205282372e-09,
                1.2669594008329159e-06,
                0.07585808876487513,
                0.924140640159583
            ],
            [
                8.417489171681373e-12,
                1.0254601099829521e-10,
                1.4156040163112185e-09,
                0.0007096703413430916,
                0.9992903281320894
            ],
            [
                3.7751348190772964e-11,
                2.2897350123190857e-11,
                9.056077648879477e-11,
                8.315279866246367e-07,
                0.9999991683208039
            ]
        ],
        [
            [
                3.331544487938375e-11,
                3.511422056220581e-12,
                1.5737101850707793e-11,
                1.1861119958278646e-08,
                0.9999999880863162
            ],
            [
                0.0,
                1.5728401407949656e-11,
                7.04898046838978e-11,
                0.0005527785819191241,
                0.9994472213318626
            ],
            [
                3.969123734513748e-12,
                7.03544015848159e-11,
                1.2470616069024948e-09,
                0.002472622960703267,
                0.9975273757179115
            ],
            [
                0.0,
                2.2853238243961036e-11,
                1.6886385942685548e-10,
                0.001926734332308169,
                0.9980732654759747
            ],
            [
                3.3315445178582e-11,
                4.508755209397238e-12,
                9.545034853196436e-12,
                3.398267794700021e-09,
                0.9999999965543629
            ]
        ],
        [
            [
                0.9999999847140195,
                1.522997950035923e-08,
                7.433680553084457e-12,
                3.775134483709946e-11,
                1.0815941383752169e-11
            ],
            [
                1.879511034219241e-12,
                1.0815839227100342e-11,
                4.84732284506293e-11,
                1.0129988096574472e-05,
                0.9999898699507349
            ],
            [
                4.508592371334268e-12,
                4.27763334130408e-11,
                3.160767272955201e-10,
                3.535625734037456e-05,
                0.999964643379298
            ],
            [
                0.0,
                3.574847717123216e-10,
                6.336569195564793e-09,
                0.22270014239500316,
                0.7772998509109428
            ],
            [
                1.5737101806532752e-11,
                7.433680530486272e-12,
                1.7832472567827744e-11,
                1.3440409694635426e-08,
                0.9999999865185871
            ]
        ],
        [
            [
                3.581747899505841e-10,
                6.560200111783113e-12,
                1.3887943745627322e-11,
                3.850741889678858e-09,
                0.9999999957706351
            ],
            [
                8.4234636603613e-12,
                3.0988191041016674e-12,
                9.545034816203034e-12,
                8.152020623395395e-09,
                0.9999999918269121
            ],
            [
                5.108982248206665e-12,
                3.3314749129533144e-11,
                2.7894097930425807e-10,
                2.144493965649408e-05,
                0.9999785547429788
            ],
            [
                0.0,
                3.154792379258842e-10,
                4.934925585978822e-09,
                0.1192029229607803,
                0.8807970717888148
            ],
            [
                1.3887943624303203e-11,
                3.511422052527928e-12,
                2.020683874006275e-11,
                1.3440409718229411e-08,
                0.999999986521984
            ]
        ],
        [
            [
                5.109088968966123e-12,
                2.129785146320406e-12,
                9.54503481243252e-12,
                8.152020620175154e-09,
                0.9999999918311956
            ],
            [
                1.783247271834445e-11,
                7.433680593230968e-12,
                2.5946094706604474e-11,
                7.194132953753816e-09,
                0.9999999927546549
            ],
            [
                9.410792712725486e-12,
                2.750236768430674e-10,
                4.3020941362920295e-09,
                0.014063627204594746,
                0.9859363682088766
            ],
            [
                3.0987898114881964e-12,
                1.573695317088133e-11,
                1.1628122980588674e-10,
                1.012998806668044e-05,
                0.9999898698768164
            ],
            [
                1.3176514099459394e-10,
                7.433680576085905e-12,
                1.3887943685114926e-11,
                5.602796364980964e-09,
                0.999999994244117
            ]
        ],
        [
            [
                5.789356286706999e-12,
                0.0,
                3.9789625069548345e-12,
                3.850741894815936e-09,
                0.9999999961394899
            ],
            [
                1.879528792980291e-12,
                0.0,
                3.978962485963277e-12,
                1.0467401663541913e-08,
                0.9999999895267399
            ],
            [
                3.5002817247163525e-12,
                5.475361851068918e-11,
                6.670356268331328e-10,
                0.003172683069566551,
                0.996827316205144
            ],
            [
                0.0,
                6.136607728880019e-11,
                9.599269572053415e-10,
                0.014063627257350253,
                0.9859363717213567
            ],
            [
                1.7832472770228058e-11,
                3.9789625050635006e-12,
                1.0815941473633997e-11,
                3.85074189298555e-09,
                0.9999999961166306
            ]
        ],
        [
            [
                3.1608814331871487e-10,
                3.0988191180100906e-12,
                3.5114220899070414e-12,
                7.582560377231962e-10,
                0.9999999989190456
            ],
            [
                3.284689407873034e-11,
                4.5343738609172096e-10,
                3.3504742831842024e-09,
                0.014063627212622774,
                0.9859363689506188
            ],
            [
                1.3815447825326249e-11,
                3.5630509552340965e-10,
                5.992130360582822e-08,
                0.005220125996379437,
                0.9947798137121964
            ],
            [
                6.5525221221414484e-12,
                9.045477774094741e-11,
                8.582110363426324e-10,
                0.001169510344777741,
                0.9988304887000039
            ],
            [
                6.224144877645585e-11,
                3.775134698785385e-11,
                2.46169705256614e-10,
                5.043472022263033e-07,
                0.9999994953066352
            ]
        ],
        [
            [
                1.2256067400226269e-11,
                0.0,
                0.0,
                1.69189791655862e-10,
                0.999999999818554
            ],
            [
                3.978962308905801e-12,
                2.4133626341923386e-12,
                1.7832471891110242e-11,
                5.315784951250219e-08,
                0.9999999468179256
            ],
            [
                8.422275409496715e-12,
                1.2499765003553547e-09,
                0.9998585071227171,
                9.609809305505238e-05,
                4.539352582910163e-05
            ],
            [
                4.508635166102264e-12,
                2.2896738659233316e-11,
                2.1723820791294357e-10,
                2.7535689744902635e-05,
                0.9999724640656115
            ],
            [
                2.5946093806897922e-11,
                5.7893560663593166e-12,
                3.775134373191496e-11,
                4.13993753116483e-08,
                0.999999958531138
            ]
        ],
        [
            [
                6.224144570804166e-11,
                5.789356280266739e-12,
                5.789356280266739e-12,
                1.1032560231079668e-09,
                0.9999999988229238
            ],
            [
                0.0,
                3.9789553392953175e-12,
                1.783244065548311e-11,
                1.7603431283096465e-06,
                0.9999982396350603
            ],
            [
                0.0,
                4.816083900364416e-10,
                9.673363100593914e-09,
                0.07585817504134376,
                0.9241418148036847
            ],
            [
                0.0,
                1.7811601832167236e-11,
                1.3161092514969967e-10,
                0.0011695103454252768,
                0.9988304895051522
            ],
            [
                3.978962517066687e-12,
                0.0,
                3.5114220968115568e-12,
                8.592166578641001e-10,
                0.9999999991332928
            ]
        ],
        [
            [
                1.1628232975266938e-10,
                0.0,
                0.0,
                2.4616969401816156e-10,
                0.9999999996375479
            ],
            [
                5.109088819028336e-12,
                3.5114219697090046e-12,
                7.433680368208073e-12,
                3.653482064241244e-08,
                0.9999999634491251
            ],
            [
                5.4822071876588186e-11,
                1.815457687505133e-09,
                1.1231838991268157e-07,
                0.11920289584777478,
                0.8807969899635555
            ],
            [
                0.0,
                2.01261905121333e-10,
                1.9095197897134604e-09,
                0.1824255145314748,
                0.8175744833577435
            ],
            [
                8.423463719778219e-12,
                1.8795288087986025e-12,
                5.789356304888292e-12,
                1.1032560278000045e-09,
                0.9999999988806516
            ]
        ],
        [
            [
                7.991959839720728e-11,
                0.0,
                4.5087552122627065e-12,
                9.736200248158247e-10,
                0.9999999989419517
            ],
            [
                1.3887943767329415e-11,
                2.734698272366481e-12,
                3.5114220886906174e-12,
                2.6465736203032546e-09,
                0.9999999973332923
            ],
            [
                0.0,
                1.8609743034176705e-10,
                3.7378668084399064e-09,
                0.02931222778225906,
                0.9706877682937767
            ],
            [
                0.0,
                1.5290980916144241e-09,
                9.460194905710276e-08,
                0.9525740385151804,
                0.047425865353772446
            ],
            [
                2.1724398957799267e-10,
                2.5946094513403967e-11,
                4.277787791584501e-11,
                1.344040970800016e-08,
                0.9999999862736224
            ]
        ],
        [
            [
                6.5602001509492345e-12,
                0.0,
                1.4637785102870562e-12,
                2.789468085553366e-10,
                0.9999999997130291
            ],
            [
                0.0,
                3.2402311076047716e-10,
                4.473001070493243e-09,
                0.0953494695646538,
                0.904650525638322
            ],
            [
                6.007046530657425e-10,
                6.127354041638678e-08,
                0.37421799712729636,
                0.008800763788105187,
                0.6169811772103533
            ],
            [
                0.0,
                4.840088859919798e-11,
                7.571172832248541e-10,
                0.0015011820227176758,
                0.9984988171717643
            ],
            [
                6.560200113302545e-12,
                3.5114220840167622e-12,
                8.423463684038268e-12,
                4.944450460597038e-09,
                0.9999999950370544
            ]
        ],
        [
            [
                7.433680630276018e-12,
                2.1297851589007602e-12,
                5.109088999144824e-12,
                2.6465736239289626e-09,
                0.9999999973387539
            ],
            [
                9.54503565428999e-12,
                1.0815942386126407e-11,
                6.224145099872681e-11,
                1.1253518334298679e-07,
                0.9999998873822142
            ],
            [
                1.4766654238186496e-10,
                7.114972459275155e-09,
                1.6517923792170592e-05,
                0.010986758842962614,
                0.9889967159706062
            ],
            [
                0.0,
                4.0508335956434764e-10,
                5.592003288647329e-09,
                0.11920292285196986,
                0.8807970711509435
            ],
            [
                7.433680641759322e-12,
                0.0,
                5.789356304904903e-12,
                1.1032560278031699e-09,
                0.9999999988835209
            ]
        ],
        [
            [
                1.317651418853101e-10,
                5.109088996437352e-12,
                8.423463702326233e-12,
                2.6465736225264576e-09,
                0.9999999972081286
            ],
            [
                2.0206838800038876e-11,
                6.560200073945056e-12,
                1.5737101880867923e-11,
                1.0467401644425989e-08,
                0.9999999894900943
            ],
            [
                1.1674807469378483e-11,
                3.866165258791853e-10,
                1.8628227420789583e-08,
                0.047425874452126336,
                0.952574106521355
            ],
            [
                0.0,
                4.493383928431382e-10,
                1.0226894682603727e-08,
                0.9770226217672955,
                0.02297736755647155
            ],
            [
                1.917164272149822e-10,
                7.991929705438523e-11,
                4.0586367959903995e-10,
                3.726639095631646e-06,
                0.999996272683405
            ]
        ],
        [
            [
                0.9999999396702918,
                6.023574637955883e-08,
                1.388794570960298e-11,
                6.224145449617609e-11,
                1.7832475276709698e-11
            ],
            [
                5.7888044721542005e-12,
                3.7747746885875575e-11,
                2.789202193479694e-10,
                9.610239879708736e-05,
                0.9999038972787462
            ],
            [
                5.108952947984023e-12,
