{
    "[['E', 'D', 'C', 'B', 'A'], ['E', 'D', 'C', 'B', 'A']]": [
        [
            [
                0.9999982395998758,
                1.7603431335993162e-06,
                8.423448544700968e-12,
                3.7751277277341406e-11,
                1.0815922027557408e-11
            ],
            [
                0.9999785549775381,
                2.1444939759876756e-05,
                1.3887653674170207e-11,
                5.492673578269302e-11,
                1.3887653674170207e-11
            ],
            [
                1.0060392790869516e-12,
                7.052879849735532e-11,
                0.9999999998475912,
                5.492788349882565e-11,
                2.5946094977700338e-11
            ],
            [
                1.2251954563505924e-11,
                1.6913301569624082e-10,
                5.903322302096573e-10,
                0.00033535005364176653,
                0.999664649174641
            ],
            [
                1.6918979188288973e-10,
                1.6586783552023388e-12,
                1.8795288123329583e-12,
                4.5990553683602677e-10,
                0.9999999993673665
            ]
        ],
        [
            [
                0.999999607171827,
                3.9278636976143923e-07,
                8.423464080724835e-12,
                2.9400778531590716e-11,
                3.978962689949751e-12
            ],
            [
                0.9999938557178694,
                6.144172123057331e-06,
                1.783237315327834e-11,
                7.991915185923747e-11,
                1.2255998883648165e-11
            ],
            [
                1.4930948487867892e-10,
                9.237450729744794e-09,
                0.9999999222253996,
                5.315785868886049e-08,
                1.5229981505174667e-08
            ],
            [
                4.4682532318735415e-08,
                4.0221933785754154e-06,
                0.010581128575730969,
                0.9524830273184476,
                0.03693177722991056
            ],
            [
                6.22414459312312e-11,
                1.4637785071212276e-12,
                0.0,
                3.581747913143291e-10,
                0.9999999995781199
            ]
        ],
        [
            [
                0.9999999748785489,
                2.5109990917646624e-08,
                2.734698221912785e-12,
                7.433680482944785e-12,
                1.2917799718719248e-12
            ],
            [
                0.9999417085830802,
                5.82912767597502e-05,
                2.9399041144754034e-11,
                9.055542187610583e-11,
                2.0205645785524117e-11
            ],
            [
                1.783247274879329e-11,
                1.818961671298588e-09,
                0.9999999911438008,
                5.602796387470013e-09,
                1.4166087739842116e-09
            ],
            [
                1.0803282601654507e-11,
                1.4913471612758756e-10,
                2.4588157867937905e-10,
                0.001169510341035833,
                0.9988304892531445
            ],
            [
                4.1399375066873565e-08,
                3.7751343508709296e-11,
                3.7751343508709296e-11,
                8.152020296824815e-09,
                0.999999950373102
            ]
        ],
        [
            [
                0.9999998144315453,
                1.855391597857257e-07,
                5.1090896758342805e-12,
                2.0206841652205998e-11,
                3.9789630403217675e-12
            ],
            [
                0.9999038974777534,
                9.610239923463677e-05,
                2.020491301349898e-11,
                9.055213781972972e-11,
                1.225489921951391e-11
            ],
            [
                2.461697041265481e-10,
                4.691164192296128e-08,
                0.9999998430402125,
                8.764248537908038e-08,
                2.2159490578570087e-08
            ],
            [
                4.380939142416613e-10,
                1.1298590963946072e-08,
                1.6439352849824323e-08,
                0.04742587397484433,
                0.9525740978491178
            ],
            [
                3.160881441427481e-10,
                4.508755223913632e-12,
                3.9789625196158936e-12,
                1.4166087808679969e-09,
                0.9999999982588152
            ]
        ],
        [
            [
                0.9999038974068395,
                9.610240068390375e-05,
                4.846906663758852e-11,
                1.3175258308332742e-10,
                1.2254899217681203e-11
            ],
            [
                0.9999998874359194,
                1.1253518379976635e-07,
                6.560200697498895e-12,
                2.0206840720719917e-11,
                2.129785342808983e-12
            ],
            [
                2.289734836952431e-11,
                1.818961680647244e-09,
                0.9999999962739661,
                1.6052280490912627e-09,
                2.7894680822785344e-10
            ],
            [
                1.4636920709329377e-12,
                1.3887123714784258e-11,
                1.7831419814470074e-11,
                5.8291276740213077e-05,
                0.9999417086900776
            ],
            [
                1.4166087800400948e-09,
                3.978962517290487e-12,
                3.51142209700906e-12,
                5.905303971418218e-10,
                0.9999999979853704
            ]
        ],
        [
            [
                0.9999993523473666,
                6.475946142471693e-07,
                1.081594179541176e-11,
                3.3315446155144046e-11,
                1.3887944170723943e-11
            ],
            [
                0.9994472213398559,
                0.0005527785854557804,
                1.7822613738804176e-11,
                4.844688706183591e-11,
                8.418806612633576e-12
            ],
            [
                7.287724095368876e-14,
                4.508755242015915e-12,
                0.9999999999930682,
                1.6586783588116261e-12,
                6.91440010651248e-13
            ],
            [
                7.781676595168942e-10,
                3.749421755839303e-08,
                1.594296219767256e-06,
                0.6224583215322412,
                0.3775400458991538
            ],
            [
                1.7257827540823833e-08,
                2.0206838566679295e-11,
                2.940077663109434e-11,
                5.602796292373339e-09,
                0.9999999770897686
            ]
        ],
        [
            [
                0.9999869928051263,
                1.300712476910975e-05,
                1.0815797798478122e-11,
                4.84730427804259e-11,
                1.0815797798478122e-11
            ],
            [
                0.999995214834369,
                4.785094847032737e-06,
                2.2897218739023412e-11,
                4.277763634562182e-11,
                5.109060084191922e-12
            ],
            [
                3.511422111475459e-12,
                2.4616969504826436e-10,
                0.9999999995208504,
                1.9171715127203722e-10,
                3.7751345422352734e-11
            ],
            [
                1.1399918048609516e-12,
                2.734698176005898e-12,
                3.978962367660636e-12,
                4.139937543804714e-08,
                0.999999958592771
            ],
            [
                2.1724399060480017e-10,
                2.0206838820191664e-11,
                2.9400776999952656e-11,
                8.152020605532085e-09,
                0.9999999915811278
            ]
        ],
        [
            [
                0.9999785550084953,
                2.1444939760540646e-05,
                6.560063091931953e-12,
                3.7750556623598045e-11,
                7.433525344643475e-12
            ],
            [
                0.9992903294253336,
                0.0007096703449909136,
                3.772456930301628e-11,
                1.6906978992853892e-10,
                2.2881107906733427e-11
            ],
            [
                5.675685232326961e-14,
                3.5114221131873435e-12,
                0.9999999999946014,
                1.2917800047164051e-12,
                5.384940217463937e-13
            ],
            [
                4.5087558104171256e-12,
                7.43368160902751e-12,
                1.0815942920140245e-11,
                1.8553915964031665e-07,
                0.999999814438082
            ],
            [
                3.3315445350056e-11,
                0.0,
                0.0,
                5.4927883391485e-11,
                0.9999999999117566
            ]
        ],
        [
            [
                0.9999993523513907,
                6.475946143583935e-07,
                1.2256067716036646e-11,
                3.3315446160865965e-11,
                8.423463941368144e-12
            ],
            [
                0.9999986290031868,
                1.3709566543688623e-06,
                8.423448811650676e-12,
                2.5946048955644985e-11,
                5.7893460586920655e-12
            ],
            [
                2.1297851698022398e-12,
                1.3176514262958735e-10,
                0.9999999994877755,
                3.1608814526016795e-10,
                6.224144619536629e-11
            ],
            [
                2.94007787990589e-11,
                6.224144920603325e-11,
                9.056077422817326e-11,
                1.4449803152214209e-07,
                0.9999998553197655
            ],
            [
                1.6052280422686264e-09,
                7.433680612534679e-12,
                9.545034846033427e-12,
                2.0611536058528206e-09,
                0.9999999963166397
            ]
        ],
        [
            [
                0.9999999748332606,
                2.5109990913954984e-08,
                1.3887943509062617e-11,
                3.331544456790103e-11,
                9.545034678233408e-12
            ],
            [
                0.9999898698678205,
                1.0129988097916177e-05,
                3.33151302269156e-11,
                9.055991310857134e-11,
                2.020664791494341e-11
            ],
            [
                1.7832472827927392e-11,
                2.3355930282927222e-09,
                0.9999999955814411,
                1.6052280479645278e-09,
                4.5990553579635653e-10
            ],
            [
                1.4637785067133197e-12,
                1.291779998244409e-12,
                1.1399918472714251e-12,
                2.061153612000855e-09,
                0.9999999979349508
            ],
            [
                2.7894680753943465e-10,
                8.423463701699993e-12,
                8.423463701699993e-12,
                1.6052280451296861e-09,
                0.9999999980989782
            ]
        ],
        [
            [
                0.9999999123166428,
                8.764249142658705e-08,
                9.545035928302803e-12,
                2.28973508684339e-11,
                8.423464641785903e-12
            ],
            [
                0.9999991683802971,
                8.315279898691074e-07,
                2.2897350212532143e-11,
                5.492788772215564e-11,
                1.3887944930078329e-11
            ],
            [
                5.0087746374767495e-14,
                1.879528816401459e-12,
                0.9999999999973059,
                6.101936677158523e-13,
                1.5428112030789188e-13
            ],
            [
                3.0988193864327447e-12,
                4.508755602712086e-12,
                2.9400779743060494e-11,
                1.1253518371500567e-07,
                0.999999887427808
            ],
            [
                1.0815941495144026e-11,
                0.0,
                0.0,
                1.3176514194391418e-10,
                0.9999999998574189
            ]
        ],
        [
            [
                0.9999994954443107,
                5.043472047840074e-07,
                2.5946096176250666e-11,
                1.026188010373476e-10,
                7.9919602605735e-11
            ],
            [
                0.9999724641096864,
                2.7535689829827436e-05,
                4.2776739570425545e-11,
                1.3176163396660343e-10,
                2.5945404072005715e-11
            ],
            [
                4.277787763655831e-11,
                7.194132853215869e-09,
                0.9999999754719563,
                1.5229979369771784e-08,
                2.0611535716958324e-09
            ],
            [
                3.775134505536532e-11,
                1.7832472725139467e-11,
                1.3887943722438086e-11,
                7.194132956495121e-09,
                0.9999999927363953
            ],
            [
                9.237449535251552e-09,
                6.560200078161161e-12,
                8.423463638915837e-12,
                2.6465736026035036e-09,
                0.9999999881009932
            ]
        ],
        [
            [
                0.9999869928239494,
                1.3007124767234866e-05,
                8.42335179378257e-12,
                3.3315002608560736e-11,
                9.544908054762397e-12
            ],
            [
                0.9999417086607743,
                5.829127676182608e-05,
                1.2255343668650175e-11,
                4.27753524651477e-11,
                7.433241680351434e-12
            ],
            [
                4.4202281033470974e-14,
                2.413362771672654e-12,
                0.9999999999957121,
                1.2917800047000548e-12,
                5.384940217395778e-13
            ],
            [
                1.3887838620613912e-11,
                4.8473319723826345e-11,
                1.3176414417036256e-10,
                7.889265041038045e-06,
                0.9999921105408337
            ],
            [
                9.056076938688956e-11,
                2.1297851589655182e-12,
                2.1297851589655182e-12,
                5.905303965698353e-10,
                0.9999999993146493
            ]
        ],
        [
            [
                0.9999938557414753,
                6.144172123202371e-06,
                1.5737014073872318e-11,
                5.492757624421813e-11,
                1.5737014073872318e-11
            ],
            [
                0.9984988176441006,
                0.0015011820332748028,
                7.979957466837844e-11,
                2.1691773373981384e-10,
                2.5907128810235922e-11
            ],
            [
                1.8795288156011465e-12,
                2.4616969505869294e-10,
                0.9999999995342876,
                1.9171715128015902e-10,
                2.5946094969816848e-11
            ],
            [
                1.2256068976610139e-11,
                2.020684161690509e-11,
                7.052880733011153e-11,
                3.0590235875215105e-07,
                0.9999996939946495
            ],
            [
                2.3823697820416497e-07,
                7.052880190201295e-11,
                7.052880190201295e-11,
                2.5109992764680763e-08,
                0.9999997365119715
            ]
        ],
        [
            [
                0.9999996940273663,
                3.059023589358368e-07,
                1.2256068983969565e-11,
                4.847369315300687e-11,
                9.545036122092654e-12
            ],
            [
                0.9999869927529499,
                1.3007124770596211e-05,
                1.7832235891980377e-11,
                9.055956622931906e-11,
                1.3887759276588327e-11
            ],
            [
                1.7832472861864722e-11,
                1.2501528631421473e-09,
                0.999999997459569,
                1.1032560294802087e-09,
                1.6918979182240484e-10
            ],
            [
                1.3887759266950994e-11,
                5.492715341024242e-11,
                7.991853664131958e-11,
                1.300712476156999e-05,
                0.999986992726505
            ],
            [
                2.9400777276636125e-11,
                1.879528809110116e-12,
                1.879528809110116e-12,
                5.211412467290072e-10,
                0.999999999445699
            ]
        ],
        [
            [
                0.9999898699110249,
                1.0129988100052902e-05,
                2.2897131831313845e-11,
                6.224085738089162e-11,
                1.5736953222725505e-11
            ],
            [
                0.9998415636309763,
                0.00015843624676176732,
                1.7829650711199137e-11,
                9.054643759802505e-11,
                1.3885745935771518e-11
            ],
            [
                2.7894632450006705e-10,
                7.734408465346506e-08,
                0.9999990225929869,
                8.315280669809913e-07,
                6.825591513992364e-08
            ],
            [
                3.772456915917108e-11,
                5.901115483465113e-10,
                2.3339364487919073e-09,
                0.000709670339907631,
                0.9992903266983197
            ],
            [
                3.850741878586182e-09,
                1.3887943705620888e-11,
                1.7832472703545756e-11,
                4.9444504452085596e-09,
                0.9999999911730874
            ]
        ],
        [
            [
                0.9999994956139167,
                5.043472049750839e-07,
                8.423464145128129e-12,
                2.5946096186080586e-11,
                4.5087554513997775e-12
            ],
            [
                0.9999646436310973,
                3.5356257512919e-05,
                1.5736533708149656e-11,
                7.991671236269327e-11,
                1.5736533708149656e-11
            ],
            [
                1.1399918527941013e-12,
                1.0261879629449175e-10,
                0.9999999998137927,
                6.224144621541442e-11,
                2.020683908578631e-11
            ],
            [
                1.5737104074514883e-11,
                3.3315449587183397e-11,
                6.224145401129238e-11,
                3.059023587496114e-07,
                0.9999996939863472
            ],
            [
                6.691586067907253e-10,
                3.098819127892178e-12,
                3.098819127892178e-12,
                7.582560401412632e-10,
                0.9999999985663877
            ]
        ],
        [
            [
                0.9999998874344285,
                1.1253518379959857e-07,
                3.9789628568953496e-12,
                2.289735030401739e-11,
                3.5114223967092996e-12
            ],
            [
                0.9999546020135098,
                4.539785571855538e-05,
                2.939943425191494e-11,
                9.055663273140627e-11,
                1.0815447443351029e-11
            ],
            [
                1.4930948195245614e-10,
                6.82560403154849e-08,
                0.9999997836983435,
                1.444980384817969e-07,
                3.3982681457067237e-09
            ],
            [
                4.8466015336660036e-11,
                9.73465940564265e-10,
                2.6461547768596347e-09,
                0.00015843624611004142,
                0.9998415600858033
            ],
            [
                6.023574550904965e-08,
                9.056078061652805e-11,
                5.492789001143382e-11,
                1.1861121555360477e-08,
                0.9999999277576442
            ]
        ],
        [
            [
                0.9999785549259083,
                2.1444939755274727e-05,
                1.783210029196472e-11,
                1.0261665205894274e-10,
                1.3887653671189951e-11
            ],
            [
                0.9990889483321885,
                0.0009110514076074141,
                4.842951294441586e-11,
                1.6903560943884897e-10,
                4.2738895167127566e-11
            ],
            [
                1.0815941286977889e-11,
                2.9989607499084447e-09,
                0.9999999750989497,
                1.955568059912252e-08,
                2.3355929804291043e-09
            ],
            [
                5.789345868331909e-12,
                3.331538522622552e-11,
                1.4930919784247717e-10,
                1.7603431315047626e-06,
                0.9999982394684546
            ],
            [
                2.4616968734783934e-10,
                3.331544436148823e-11,
                9.056076701487182e-11,
                2.845334718438149e-08,
                0.999999971176607
            ]
        ],
        [
            [
                0.9999999715058393,
                2.8453347262277166e-08,
                7.433680456145883e-12,
                2.5946094228130515e-11,
                7.433680456145883e-12
            ],
            [
                0.9992903294666522,
                0.0007096703461316763,
                3.772456929563106e-11,
                1.316716847642871e-10,
                1.7819824751816776e-11
            ],
            [
                5.789356320994132e-12,
                9.73620029999874e-10,
                0.9999999987259065,
                2.7894680891412605e-10,
                1.573710208583286e-11
            ],
            [
                1.315113046492526e-10,
                2.6414751653491452e-09,
                7.180273942294434e-09,
                0.0019267343074130996,
                0.9980732557393265
            ],
            [
                5.492788338761424e-11,
                6.914400091591155e-13,
                4.752193052221916e-13,
                1.0261879608921883e-10,
                0.9999999998412867
            ]
        ],
        [
            [
                0.9999999122849789,
                8.764249143526023e-08,
                9.54503592924739e-12,
                4.2777883200092165e-11,
                2.02068412207853e-11
            ],
            [
                0.9999997617245266,
                2.382369843989957e-07,
                7.4336812230461e-12,
                2.594609690487528e-11,
                5.1090894065493455e-12
            ],
            [
                5.6756852321537415e-14,
                2.4133627716295457e-12,
                0.9999999999955278,
                1.4637785140023779e-12,
                5.384940217299591e-13
            ],
            [
                1.1920143829423218e-10,
                3.4835766598420065e-09,
                2.2715773290633462e-08,
                0.0953494674517541,
                0.9046505062296945
            ],
            [
                6.691586039771166e-10,
                5.789356284155721e-12,
                5.109088988726086e-12,
                1.4166087757360701e-09,
                0.999999997903334
            ]
        ],
        [
            [
                0.999999958579493,
                4.1399375456265913e-08,
                4.5087550537099505e-12,
                1.3887943284081712e-11,
                2.734698177209366e-12
            ],
            [
                0.9999938557648427,
                6.144172124255389e-06,
                1.5737014076569405e-11,
                3.775113426909479e-11,
                9.54498152976864e-12
            ],
            [
                9.545034901092173e-12,
                9.736200290825536e-10,
                0.999999997764268,
                9.736200290825536e-10,
                2.789468086513094e-10
            ],
            [
                1.5737102003258632e-11,
                1.6586783479944219e-12,
                0.0,
                2.1724399207768893e-10,
                0.9999999997653601
            ],
            [
                2.9400777255489886e-11,
                0.0,
                0.0,
                2.78946807983706e-10,
                0.9999999996916524
            ]
        ],
        [
            [
                0.9999982395799946,
                1.7603431330168803e-06,
                1.3887918783701497e-11,
                4.2777801433962566e-11,
                2.0206802597200533e-11
            ],
            [
                0.9999952148322567,
                4.7850948473156474e-06,
                9.544980849134218e-12,
                5.492757233685122e-11,
                8.423416034590229e-12
            ],
            [
                4.2777878194241003e-11,
                5.602796372646257e-09,
                0.9999999885343854,
                5.602796372646257e-09,
                2.172439909918042e-10
            ],
            [
                4.5803387920972693e-10,
                1.1812849438409405e-08,
                1.1207719494630461e-07,
                0.004070137752125819,
                0.995929737899796
            ],
            [
                7.582560400957064e-10,
                1.8795288098576457e-12,
                2.1297851633847246e-12,
                9.736200278398862e-10,
                0.9999999982641146
            ]
        ],
        [
            [
                0.9999997617304064,
                2.3823698435054465e-07,
                8.423464376773492e-12,
                2.020684058305389e-11,
                3.978962829793234e-12
            ],
            [
                0.9999417085898111,
                5.829127675490937e-05,
                3.331347799205948e-11,
                7.991487931126813e-11,
                2.020564578384613e-11
            ],
            [
                2.7346982907213275e-12,
                1.1628233026519311e-10,
                0.9999999997194176,
                1.4930946757218614e-10,
                1.2256067440197963e-11
            ],
            [
                7.847382335520507e-09,
                1.495444942680198e-06,
                4.370330738409873e-05,
                0.9626295913768407,
                0.03732520202345021
            ],
            [
                7.052879826435611e-11,
                1.658678353110863e-12,
                2.413362763389363e-12,
                1.6052280495692548e-09,
                0.9999999983201711
            ]
        ],
        [
            [
                0.9999999585476196,
                4.1399375454946375e-08,
                1.2256066931082002e-11,
                3.3315444027138026e-11,
                7.433680361191357e-12
            ],
            [
                0.9999970975460926,
                2.9023121991872405e-06,
                3.331531941407869e-11,
                9.056042737259896e-11,
                1.783240546114621e-11
            ],
            [
                2.940077703230595e-11,
                9.237449548692678e-09,
                0.9999999878076292,
                2.646573606454451e-09,
                2.789468058661958e-10
            ],
            [
                2.172440096821551e-10,
                3.581748196951537e-10,
                4.599055721061263e-10,
                8.31527988005294e-07,
                0.9999991674366876
            ],
            [
                1.493094672451115e-10,
                3.098819130947149e-12,
                3.098819130947149e-12,
                1.1032560295755772e-09,
                0.9999999987412369
            ]
        ],
        [
            [
                0.9999999826948031,
                1.7257827679118832e-08,
                8.423463603724637e-12,
                2.940077686669643e-11,
                9.545034752025287e-12
            ],
            [
                0.9999869927799998,
                1.3007124768782924e-05,
                1.3887759274652272e-11,
                7.052786108416834e-11,
                1.0815797798206356e-11
            ],
            [
                9.357622967803589e-14,
                4.50875524179537e-12,
                0.9999999999918443,
                2.413362771565875e-12,
                1.1399918529180734e-12
            ],
            [
                3.774148605533881e-11,
                4.057592142430644e-10,
                2.9981775967000235e-09,
                0.000261190325313869,
                0.9997388062330079
            ],
            [
                6.224144609248677e-11,
                2.4133627665370038e-12,
                3.5114221056705715e-12,
                5.21141247645191e-10,
                0.9999999994106925
            ]
        ],
        [
            [
                0.9999970975969292,
                2.902312199177943e-06,
                2.0206762662693524e-11,
                5.492767575798451e-11,
                1.5737042585043742e-11
            ],
            [
                0.9999417086330294,
                5.8291276757428764e-05,
                1.225534366772567e-11,
                7.052463346566403e-11,
                7.433241679790694e-12
            ],
            [
                2.06115385232412e-09,
                3.0590206288878846e-07,
                0.9999995606670892,
                1.2751895175964247e-07,
                3.8507423522503885e-09
            ],
            [
                4.847369207977539e-11,
                2.289735082635293e-11,
                6.224145267112687e-11,
                8.764249126551684e-08,
                0.9999999122238962
            ],
            [
                2.6465736136457833e-09,
                2.0206838897334237e-11,
                2.5946094735091657e-11,
                5.60279638405479e-09,
                0.9999999917044772
            ]
        ],
        [
            [
                0.9999997617256569,
                2.3823698441213938e-07,
                7.43368122345622e-12,
                2.594609690630674e-11,
                3.9789628308219704e-12
            ],
            [
                0.9999785549397179,
                2.144493974832087e-05,
                3.7750556602086987e-11,
                7.05273247626653e-11,
                1.2255811345018578e-11
            ],
            [
                3.7010116780469197e-13,
                7.991959891775435e-11,
                0.9999999998703721,
                4.277787868338194e-11,
                6.5602001671864095e-12
            ],
            [
                1.1322273125976099e-09,
                6.181751668482801e-08,
                1.4069615364714654e-06,
                0.622458422717805,
                0.3775401073709145
            ],
            [
                6.691586052621631e-10,
                4.508755216238409e-12,
                4.508755216238409e-12,
                1.2501528591620203e-09,
                0.999999998071671
            ]
        ],
        [
            [
                0.9999982395508493,
                1.7603431309415267e-06,
                2.5946048094208302e-11,
                6.22413337492784e-11,
                1.7832440682144303e-11
            ],
            [
                0.9999991684218474,
                8.315279901323045e-07,
                8.423464403159345e-12,
                3.33154479872856e-11,
                8.423464403159345e-12
            ],
            [
                2.172439825661426e-10,
                4.139937510272147e-08,
                0.9999999498254956,
                8.152020303883686e-09,
                4.058651922056721e-10
            ],
            [
                1.5713467911659755e-11,
                2.1691773350689187e-10,
                2.1691773350689187e-10,
                0.0015011820232520502,
                0.9984988175271989
            ],
            [
                1.6918979139353376e-10,
                3.5114220953621764e-12,
                3.5114220953621764e-12,
                1.1032560266836181e-09,
                0.9999999987205312
            ]
        ],
        [
            [
                0.9999993523472733,
                6.475946144006632e-07,
                1.0815941797975373e-11,
                3.7751346282880506e-11,
                9.545035135248527e-12
            ],
            [
                0.9999952147811365,
                4.785094847071031e-06,
                3.7751131575203574e-11,
                7.0528398953866e-11,
                1.5737012953588473e-11
            ],
            [
                1.9171716865007042e-10,
                1.7257829542937673e-08,
                0.9999997774556174,
                1.8553915297918102e-07,
                1.95556828498708e-08
            ],
            [
                4.249155542579448e-11,
                5.865778291567616e-10,
                6.646797597122816e-10,
                0.006692851400403643,
                0.9933071473058472
            ],
            [
                2.5946094921374996e-11,
                0.0,
                0.0,
                2.789468086268913e-10,
                0.999999999695107
            ]
        ],
        [
            [
                0.9999999677162625,
                3.224186631685114e-08,
                5.109088860773138e-12,
                2.5946094133194996e-11,
                1.0815941203132364e-11
            ],
            [
                0.9997388094849077,
                0.00026119032802908893,
                2.939309903505057e-11,
                1.3173073068875045e-10,
                2.5939318855794386e-11
            ],
            [
                1.7832472802518232e-11,
                4.363462227097344e-09,
                0.9999999941315678,
                1.4166087782521124e-09,
                7.052879809335414e-11
            ],
            [
                3.08825453355048e-10,
                9.025202687716455e-09,
                2.1650335750608456e-08,
                0.022977367054238057,
                0.9770226019613981
            ],
            [
                1.9171715028853275e-10,
                4.508755216724017e-12,
                8.423463706696088e-12,
                1.1032560260865834e-09,
                0.9999999986920947
            ]
        ],
        [
            [
                0.9999991684081151,
                8.315279896111193e-07,
                1.3887944925769485e-11,
                3.7751348326359194e-11,
                1.225606838025702e-11
            ],
            [
                0.9999997617320627,
                2.3823698436967142e-07,
                6.560200653331962e-12,
                1.783247422699743e-11,
                6.560200653331962e-12
            ],
            [
                3.511422112156988e-12,
                1.4930946756786095e-10,
                0.9999999996860134,
                1.3176514265519237e-10,
                2.9400777382633776e-11
            ],
            [
                5.105465267746645e-12,
                6.219729979090484e-11,
                1.9158117077315103e-10,
                0.0007096703420775987,
                0.9992903293990385
            ],
            [
                7.194132916549239e-09,
                8.423463621250478e-12,
                1.0815941386230177e-11,
                2.9989607774283537e-09,
                0.9999999897876669
            ]
        ],
        [
            [
                0.9999998143678731,
                1.8553915971855629e-07,
                2.0206841644890662e-11,
                5.492789045385577e-11,
                1.783247516263342e-11
            ],
            [
                0.9999938557621317,
                6.1441721242387325e-06,
                1.573701407652674e-11,
                3.775113426899245e-11,
                1.2255998886004747e-11
            ],
            [
                1.0603575990063377e-13,
                6.560200167250219e-12,
                0.9999999998955817,
                1.7832472905690257e-11,
                7.991959891853171e-11
            ],
            [
                4.277787846437525e-11,
                3.098819122400081e-12,
                3.978962514879705e-12,
                1.8189616779724198e-09,
                0.9999999981311827
            ],
            [
                1.4930946707123988e-10,
                1.8795288096347828e-12,
                2.1297851631321877e-12,
                5.211412468744828e-10,
                0.99999999932554
            ]
        ],
        [
            [
                0.9999997617189607,
                2.382369844105441e-07,
                9.545035630408296e-12,
                2.9400779572306576e-11,
                5.109089406797005e-12
            ],
            [
                0.9999998874442146,
                1.1253518377455169e-07,
                3.978962856009754e-12,
                1.3887944982475902e-11,
                2.734698511643011e-12
            ],
            [
                1.1399918527437988e-12,
                1.162823302715521e-10,
                0.9999999998162716,
                4.8473687049922564e-11,
                1.7832472903444895e-11
            ],
            [
                3.0988192563839618e-12,
                5.7893565485524625e-12,
                4.508755413492223e-12,
                3.927863694621985e-07,
                0.9999996072002336
            ],
            [
                6.224144592477022e-11,
                1.8795288073497896e-12,
                1.658678350804708e-12,
                4.5990553561668567e-10,
                0.9999999994743147
            ]
        ],
        [
            [
                0.9999993523513907,
                6.475946143583935e-07,
                1.2256067716036646e-11,
                3.3315446160865965e-11,
                8.423463941368144e-12
            ],
            [
                0.9999991684541126,
                8.315279901009947e-07,
                3.5114223836588093e-12,
                1.2256068387477397e-11,
                2.1297853348902852e-12
            ],
            [
                1.1628232708069245e-10,
                1.9555680546074598e-08,
                0.9999999723756482,
                7.194132831017169e-09,
                7.582560217842595e-10
            ],
            [
                6.202235572979868e-10,
                3.837187273549647e-08,
                7.707204016565742e-07,
                0.5621760450581721,
                0.43782314522933
            ],
            [
                2.6465736213516895e-09,
                7.433680623036987e-12,
                7.433680623036987e-12,
                2.9989608049621353e-09,
                0.9999999943395981
            ]
        ],
        [
            [
                0.9999989322539908,
                1.0677030759563737e-06,
                8.423448351990484e-12,
                2.9400723632913543e-11,
                5.109079685988084e-12
            ],
            [
                0.9999785548782285,
                2.14449397491673e-05,
                5.492673575526298e-11,
                1.1627990050637171e-10,
                1.0815715551066935e-11
            ],
            [
                1.6586783579513451e-12,
                1.4930946753304016e-10,
                0.9999999994423832,
                3.1608814524787563e-10,
                9.056076984415687e-11
