{
    "[['E', 'D', 'C', 'B', 'A'], ['E', 'D', 'C', 'B', 'A']]": [
        [
            [
                0.9999999677443858,
                3.224186631101118e-08,
                3.511421997763737e-12,
                9.545034608572523e-12,
                6.914399879285151e-13
            ],
            [
                0.9999991684553937,
                8.315279898738533e-07,
                5.109089419926141e-12,
                1.0815942386859281e-11,
                6.914400637268855e-13
            ],
            [
                3.0379753852462335e-14,
                2.1297851708177514e-12,
                0.9999999999974305,
                3.701011678352806e-13,
                3.9008376099278976e-14
            ],
            [
                3.096621189614175e-12,
                3.579207446532831e-10,
                9.230897668023033e-09,
                0.9992903200744087,
                0.000709670333676296
            ],
            [
                2.734698286448125e-12,
                7.8350417703273e-13,
                8.878265461760349e-13,
                4.59905537000186e-10,
                0.9999999995356885
            ]
        ],
        [
            [
                0.9999998554883017,
                1.4449803158175846e-07,
                3.511422282773572e-12,
                9.545035383309578e-12,
                6.101936971973276e-13
            ],
            [
                0.9999999827259501,
                1.7257827675019418e-08,
                5.78935622375071e-12,
                9.545034749757966e-12,
                8.878265317467704e-13
            ],
            [
                4.4202281032268447e-14,
                2.413362771606998e-12,
                0.9999999999968261,
                6.101936677033362e-13,
                1.0603575990529924e-13
            ],
            [
                1.751172716324367e-11,
                1.3911287961310533e-09,
                1.6947418157427254e-08,
                0.9820137703879901,
                0.017986211255951234
            ],
            [
                1.1399918423216862e-12,
                1.1399918423216862e-12,
                1.4637785003577294e-12,
                8.152020637792935e-09,
                0.9999999918442356
            ]
        ],
        [
            [
                0.9999999748765815,
                2.510999090978843e-08,
                3.0988190587952945e-12,
                9.54503467664958e-12,
                7.835041582978471e-13
            ],
            [
                0.999954602121994,
                4.53978556970538e-05,
                5.108855622747662e-12,
                1.573638316787697e-11,
                1.4637116423833589e-12
            ],
            [
                1.879528816109211e-12,
                9.056076987601626e-11,
                0.999999999826215,
                7.052879849499076e-11,
                1.0815941554811948e-11
            ],
            [
                7.989278320905451e-11,
                1.954911949739001e-08,
                6.47377310163146e-07,
                0.9996639832446137,
                0.0003353497490638046
            ],
            [
                1.3887943778698951e-11,
                2.4133627568425924e-12,
                1.8795288048643756e-12,
                5.905303962263198e-10,
                0.9999999993912887
            ]
        ],
        [
            [
                0.9999989322829799,
                1.0677030757844e-06,
                3.511415692102777e-12,
                9.54501746800892e-12,
                8.878249242937103e-13
            ],
            [
                0.9999898699763623,
                1.0129988096834079e-05,
                9.54494461701363e-12,
                2.289713182403824e-11,
                3.0987898207122736e-12
            ],
            [
                1.0060392787373927e-12,
                3.581747928339556e-10,
                0.9999999995122808,
                1.1628233023910944e-10,
                1.2256067437448765e-11
            ],
            [
                2.7339840829246814e-12,
                3.160055941335686e-10,
                3.397380309403889e-09,
                0.999738805958283,
                0.0002611903255970671
            ],
            [
                9.545034867963066e-12,
                2.413362757957993e-12,
                3.5114220931881846e-12,
                3.3982677999573053e-09,
                0.9999999965862623
            ]
        ],
        [
            [
                0.9999999927932232,
                7.1941329722975525e-09,
                3.0988191137267705e-12,
                9.545034845850437e-12,
                0.0
            ],
            [
                0.999999607191647,
                3.927863697179166e-07,
                3.511422248991243e-12,
                1.5737102714645957e-11,
                2.734698397208733e-12
            ],
            [
                3.4424771082196605e-14,
                1.658678358793622e-12,
                0.9999999999978146,
                4.1937956580745964e-13,
                7.287724095289772e-14
            ],
            [
                0.0,
                4.5447814553686056e-10,
                1.5862845945948992e-09,
                0.679178710655451,
                0.3208212873037863
            ],
            [
                8.878265905831221e-13,
                1.1399919079199502e-12,
                2.1297852734768936e-12,
                1.4449803156660144e-07,
                0.9999998554978108
            ]
        ],
        [
            [
                0.9999999827326601,
                1.725782767841521e-08,
                2.4133627285459364e-12,
                6.560200050486759e-12,
                5.384940121167063e-13
            ],
            [
                0.9999998554787832,
                1.4449803159497167e-07,
                5.789356608548579e-12,
                1.5737102867486887e-11,
                1.6586784390834098e-12
            ],
            [
                7.433680617712364e-12,
                5.602796396355002e-09,
                0.9999999927046224,
                1.6052280433866952e-09,
                7.991959834210586e-11
            ],
            [
                1.5735602540095073e-11,
                2.0609572179509585e-09,
                8.763413086311397e-08,
                0.9999038078871122,
                9.610240206411323e-05
            ],
            [
                1.4637785001686828e-12,
                1.4637785001686828e-12,
                2.4133627488216385e-12,
                7.194132961728844e-09,
                0.9999999928005262
            ]
        ],
        [
            [
                0.9999999006731268,
                9.93119523756995e-08,
                3.0988194274776e-12,
                1.0815942565142376e-11,
                1.0060393730285916e-12
            ],
            [
                0.9999997617468823,
                2.38236984373202e-07,
                2.413362950356058e-12,
                1.2256068350713293e-11,
                1.4637786224054873e-12
            ],
            [
                1.2917800045500794e-12,
                6.224144621771072e-11,
                0.9999999998878994,
                3.775134543589648e-11,
                1.0815941555310386e-11
            ],
            [
                2.572351932393161e-11,
                3.817708766100866e-09,
                9.846000678258903e-08,
                0.9914224118598959,
                0.008577485836664973
            ],
            [
                3.5114219635801108e-12,
                2.7346981749303203e-12,
                3.97896236609568e-12,
                4.1399375421764455e-08,
                0.9999999585903996
            ]
        ],
        [
            [
                0.9999998874547378,
                1.1253518376688747e-07,
                2.734698511456764e-12,
                6.560200695582231e-12,
                7.835042414987845e-13
            ],
            [
                0.9999991684557518,
                8.31527989555601e-07,
                3.978962839497432e-12,
                1.0815942382719675e-11,
                1.4637786258362506e-12
            ],
            [
                4.752193062212988e-13,
                4.847368705700912e-11,
                0.9999999999119464,
                3.331544541775108e-11,
                5.789356328050667e-12
            ],
            [
                0.0,
                1.576355438874338e-09,
                1.9203940614008696e-08,
                0.9820137679903077,
                0.01798621122939625
            ],
            [
                1.291780001006693e-12,
                1.0060392763399926e-12,
                1.139991849709132e-12,
                1.1032560291158069e-09,
                0.9999999988933062
            ]
        ],
        [
            [
                0.9999999979319873,
                2.0611536169588925e-09,
                1.6586783545045637e-12,
                4.5087552303081056e-12,
                6.914400088557974e-13
            ],
            [
                0.9999997617430125,
                2.3823698437228007e-07,
                5.109089405976418e-12,
                1.3887944892238313e-11,
                1.0060393536988171e-12
            ],
            [
                5.384940216066304e-13,
                1.1628233026576486e-10,
                0.9999999997293609,
                1.493094675729203e-10,
                4.508755240881705e-12
            ],
            [
                9.53975786525866e-12,
                1.4158256018566901e-09,
                9.925703762916076e-08,
                0.9994471207250699,
                0.0005527785925270547
            ],
            [
                1.139991845993474e-12,
                0.0,
                1.4637785050723981e-12,
                1.8189616763027172e-09,
                0.9999999981784344
            ]
        ],
        [
            [
                0.9999999677413689,
                3.2241866308041235e-08,
                4.508755093429762e-12,
                1.2256067039442286e-11,
                0.0
            ],
            [
                0.9999998554872779,
                1.444980315463473e-07,
                2.7346984228482633e-12,
                1.0815942076414781e-11,
                1.1399919077601587e-12
            ],
            [
                6.560200134568095e-12,
                4.363462230604465e-09,
                0.9999999949966696,
                5.90530396871117e-10,
                4.277787847068381e-11
            ],
            [
                0.0,
                6.678694799371996e-10,
                4.355056074659419e-09,
                0.22270014275079508,
                0.7772998522262793
            ],
            [
                3.0988191062019036e-12,
                1.4637784987645856e-12,
                2.1297851486051917e-12,
                9.237449565030074e-09,
                0.999999990755858
            ]
        ],
        [
            [
                0.9999999530736636,
                4.691163798138173e-08,
                3.0988189909558977e-12,
                1.0815941041531928e-11,
                7.835041411453615e-13
            ],
            [
                0.9999999530817794,
                4.691163798963075e-08,
                1.46377844458362e-12,
                4.5087550280894956e-12,
                6.101936387709934e-13
            ],
            [
                6.560199875651282e-12,
                4.1399375341959644e-08,
                0.9999999555151842,
                2.9989606911413373e-09,
                7.991959536612942e-11
            ],
            [
                1.0261097307774589e-10,
                3.223940938385457e-08,
                8.314661196866583e-07,
                0.9999242899969922,
                7.484619486776931e-05
            ],
            [
                6.560200148660015e-12,
                1.2917800009474463e-12,
                1.0060392762938514e-12,
                3.160881444921071e-10,
                0.9999999996750539
            ]
        ],
        [
            [
                0.9999996940863045,
                3.059023588460689e-07,
                2.1297854379200904e-12,
                8.423464810332956e-12,
                7.835042767171183e-13
            ],
            [
                0.9999999715389244,
                2.845334726098131e-08,
                1.4637784714856983e-12,
                5.789356160085347e-12,
                4.752192924338656e-13
            ],
            [
                6.101936676363954e-13,
                7.052879849677333e-11,
                0.9999999998298768,
                9.056076987830511e-11,
                8.423463752754989e-12
            ],
            [
                8.422419375953552e-12,
                1.4164331491828605e-09,
                5.3151261797168665e-08,
                0.9998765508030142,
                0.00012339462086830187
            ],
            [
                8.878265445885237e-13,
                0.0,
                0.0,
                6.691586066741303e-10,
                0.9999999993299535
            ]
        ],
        [
            [
                0.9999999715364843,
                2.8453347258376758e-08,
                2.7346982116791454e-12,
                7.43368045512687e-12,
                0.0
            ],
            [
                0.9994472213251021,
                0.0005527785904058517,
                1.5728401409882235e-11,
                6.220703430497642e-11,
                6.5565731780378075e-12
            ],
            [
                1.1399918514550159e-12,
                6.69158608196359e-10,
                0.9999999986486103,
                5.905303990711057e-10,
                9.056076977047179e-11
            ],
            [
                4.5072421404306756e-12,
                4.5975119727913187e-10,
                1.3435899458047879e-08,
                0.9996646360504896,
                0.0003353500493524788
            ],
            [
                4.508755222434689e-12,
                1.8795288082601467e-12,
                1.6586783516080955e-12,
                2.0611536133596017e-09,
                0.9999999979307994
            ]
        ],
        [
            [
                0.9999999865370854,
                1.3440409757102077e-08,
                5.109088954305784e-12,
                1.573710187967368e-11,
                1.6586783349686636e-12
            ],
            [
                0.9999986290228197,
                1.3709566539867528e-06,
                4.508747242724066e-12,
                1.3887919224551382e-11,
                2.1297813922261217e-12
            ],
            [
                5.7893563129422175e-12,
                2.061153616817486e-09,
                0.999999997335093,
                5.905303982839398e-10,
                7.433680652079437e-12
            ],
            [
                0.0,
                1.232570580592717e-09,
                2.4756841906929876e-08,
                0.9859363470620922,
                0.014063626948495295
            ],
            [
                6.101936641173089e-13,
                6.914400065657072e-13,
                6.101936641173089e-13,
                4.363462226891205e-09,
                0.9999999956346259
            ]
        ],
        [
            [
                0.999999992784726,
                7.194132972236422e-09,
                5.789356281984548e-12,
                1.3887943752825947e-11,
                1.4637785023066428e-12
            ],
            [
                0.9999962733442388,
                3.7266391145784213e-06,
                3.0988074495066493e-12,
                1.225602121235663e-11,
                1.2917751319961492e-12
            ],
            [
                1.879528813175172e-12,
                1.2501528641492651e-09,
                0.9999999982651648,
                4.5990553704210977e-10,
                2.2897348415474702e-11
            ],
            [
                4.8468879368027454e-11,
                8.15121218454486e-09,
                2.9020325520581038e-06,
                0.9999009876482066,
                9.610211956024138e-05
            ],
            [
                1.4637785038642195e-12,
                1.4637785038642195e-12,
                1.879528803362813e-12,
                4.944450467276013e-09,
                0.9999999950507423
            ]
        ],
        [
            [
                0.9999999585965955,
                4.139937545220158e-08,
                1.006039237105577e-12,
                2.7346981769408907e-12,
                2.8823506726031393e-13
            ],
            [
                0.9999999397280045,
                6.023574635898239e-08,
                8.42346487042129e-12,
                2.59460984201408e-11,
                1.879529065541775e-12
            ],
            [
                2.8823507929954596e-13,
                4.8473687055152756e-11,
                0.9999999998870273,
                4.8473687055152756e-11,
                1.573710210441184e-11
            ],
            [
                0.0,
                2.8870174482070883e-09,
                5.798729555385051e-08,
                0.9626730532626818,
                0.03732688586300523
            ],
            [
                3.098819112635345e-12,
                2.413362751517042e-12,
                2.734698268570636e-12,
                6.348800062598208e-09,
                0.9999999936429531
            ]
        ],
        [
            [
                0.9999999895239203,
                1.0467401679632326e-08,
                2.41336274529293e-12,
                5.789356265063821e-12,
                4.752193010510235e-13
            ],
            [
                0.9999991684542419,
                8.315279898075139e-07,
                3.098819376151414e-12,
                1.225606838315172e-11,
                2.413362956743563e-12
            ],
            [
                5.7893563214155536e-12,
                8.592166608317541e-10,
                0.9999999987986989,
                3.1608814503197844e-10,
                2.0206839064689968e-11
            ],
            [
                2.9328077082281367e-11,
                4.352672570185254e-09,
                5.031005448059776e-07,
                0.9975268707996446,
                0.002472621717809939
            ],
            [
                1.0060392744365634e-12,
                8.878265435687209e-13,
                8.878265435687209e-13,
                3.398267803123378e-09,
                0.9999999965989506
            ]
        ],
        [
            [
                0.9999999634521044,
                3.6534820785137025e-08,
                3.511421983426501e-12,
                8.423463442734777e-12,
                1.1399918108557638e-12
            ],
            [
                0.9999998554911085,
                1.4449803159675264e-07,
                2.73469842380221e-12,
                7.433681031737142e-12,
                6.914400441220282e-13
            ],
            [
                3.266131342070177e-13,
                1.3176514267201792e-10,
                0.9999999998181428,
                4.847368705205732e-11,
                1.2917800045023101e-12
            ],
            [
                1.0261528214444344e-10,
                4.139795946944942e-08,
                6.144007804641064e-06,
                0.9999662789589945,
                2.7535532626131625e-05
            ],
            [
                5.109088980729205e-12,
                2.4133627494741592e-12,
                1.879528799125834e-12,
                7.19413296367398e-09,
                0.999999992796465
            ]
        ],
        [
            [
                0.9999994956395093,
                5.043472048824552e-07,
                2.7346984179181832e-12,
                9.545035363762769e-12,
                1.0060393257561687e-12
            ],
            [
                0.9999998554764357,
                1.4449803160750686e-07,
                6.560200485798127e-12,
                1.783247377159325e-11,
                1.1399919082426663e-12
            ],
            [
                1.1399918490443672e-12,
                2.646573629622855e-09,
                0.999999996571133,
                7.58256040130632e-10,
                2.289734837611362e-11
            ],
            [
                0.0,
                3.4480504479854246e-10,
                2.887017293487325e-09,
                0.9626731129696645,
                0.037326883798513184
            ],
            [
                1.879528809787177e-12,
                4.752193045699661e-13,
                0.0,
                1.9171715068711806e-10,
                0.9999999998059281
            ]
        ],
        [
            [
                0.9999999123322281,
                8.764249142795299e-08,
                5.789356938664517e-12,
                1.783247478687496e-11,
                1.6586785336632095e-12
            ],
            [
                0.999999900680275,
                9.931195241952048e-08,
                1.2917801257273039e-12,
                5.7893568707519894e-12,
                6.914400754292375e-13
            ],
            [
                5.109088995027491e-12,
                5.602796401309076e-09,
                0.9999999936044377,
                7.582560378882382e-10,
                2.940077720273662e-11
            ],
            [
                9.543852300453777e-12,
                1.2499979734210566e-09,
                8.763162335920735e-08,
                0.9998765165951267,
                0.00012339451370814772
            ],
            [
                1.8795288045703994e-12,
                1.8795288045703994e-12,
                3.0988191189888016e-12,
                4.9444504704527925e-09,
                0.9999999950486915
            ]
        ],
        [
            [
                0.9999999907565881,
                9.237449571130048e-09,
                1.2917799920827062e-12,
                3.978962496708352e-12,
                6.914400038944392e-13
            ],
            [
                0.9999994956371123,
                5.043472049558986e-07,
                3.978962720220353e-12,
                1.0815942058490959e-11,
                8.878265889873994e-13
            ],
            [
                2.4133627700224614e-12,
                3.581747927595786e-10,
                0.999999999340258,
                2.7894680907759793e-10,
                2.0206839075060926e-11
            ],
            [
                0.0,
                3.154792047742537e-10,
                2.3310935421229906e-09,
                0.22270014329350232,
                0.7772998540599249
            ],
            [
                1.6586782683775827e-12,
                3.5114219217104254e-12,
                3.97896231865111e-12,
                5.3157849642696857e-08,
                0.9999999468330012
            ]
        ],
        [
            [
                0.9999999956316501,
                4.363462231608591e-09,
                1.0060392743642968e-12,
                3.511422096207444e-12,
                3.701011660496608e-13
            ],
            [
                0.9999962733397065,
                3.72663911367789e-06,
                3.978947525626352e-12,
                1.573704274032721e-11,
                1.4637729921779154e-12
            ],
            [
                2.1297851676722844e-12,
                1.2501528644593753e-09,
                0.9999999985010726,
                2.172439931729755e-10,
                2.940077734751739e-11
            ],
            [
                9.543851687349472e-12,
                1.6050290655725143e-09,
                3.223787055934613e-08,
                0.999876571524097,
                0.0001233946234594177
            ],
            [
                1.081594146734808e-11,
                3.978962502751041e-12,
                3.0988191129542678e-12,
                1.103256023169668e-09,
                0.9999999988788502
            ]
        ],
        [
            [
                0.9999999585880619,
                4.139937544572048e-08,
                2.1297850813320897e-12,
                9.545034521175092e-12,
                8.878265104852511e-13
            ],
            [
                0.9999986290247007,
                1.370956653850919e-06,
                3.0988136403955783e-12,
                1.3887919223175374e-11,
                1.6586754158722699e-12
            ],
            [
                1.6586783572887735e-12,
                6.691586084735217e-10,
                0.9999999990628061,
                2.4616969494029914e-10,
                2.0206839070420042e-11
            ],
            [
                0.0,
                4.260714559110256e-10,
                1.90951978713947e-09,
                0.18242551440315052,
                0.8175744832612581
            ],
            [
                1.8795288059173188e-12,
                1.4637785058536702e-12,
                2.413362758194598e-12,
                2.9989608079093062e-09,
                0.9999999969952824
            ]
        ],
        [
            [
                0.9999998874575099,
                1.1253518377604786e-07,
                1.6586784924040448e-12,
                5.109089439240898e-12,
                5.384940651132009e-13
            ],
            [
                0.999999984755958,
                1.5229979503552413e-08,
                3.5114220577746443e-12,
                9.545034771699083e-12,
                1.0060392633531152e-12
            ],
            [
                4.752193061968908e-13,
                4.27778786824684e-11,
                0.9999999998796578,
                7.052879849921523e-11,
                6.560200167046313e-12
            ],
            [
                7.046452707260961e-11,
                1.0457863067515025e-08,
                4.4467965303923456e-07,
                0.9990884938056807,
                0.0009110509863386987
            ],
            [
                3.5114220954451336e-12,
                8.878265433122034e-13,
                1.2917799981894107e-12,
                3.850741903103473e-09,
                0.999999996143567
            ]
        ],
        [
            [
                0.999999984756964,
                1.5229979501013276e-08,
                3.511422057189221e-12,
                9.545034770107736e-12,
                0.0
            ],
            [
                0.999999352384378,
                6.475946142711377e-07,
                3.978962623586192e-12,
                1.5737102453916737e-11,
                1.2917800332739098e-12
            ],
            [
                1.006039278267422e-12,
                7.582560420255064e-10,
                0.9999999990607322,
                1.691897920906658e-10,
                1.0815941546363794e-11
            ],
            [
                5.0761148738613865e-11,
                2.7714648146855906e-09,
                4.912538927801018e-08,
                0.9241417759126591,
                0.07585817213972572
            ],
            [
                1.6586783536599267e-12,
                1.00603927609642e-12,
                6.914400085037003e-13,
                1.1032560288486972e-09,
                0.9999999988933879
            ]
        ],
        [
            [
                0.9999999585891834,
                4.139937545189473e-08,
                2.129785081649723e-12,
                8.42346340125632e-12,
                8.878265106176604e-13
            ],
            [
                0.9999998144481963,
                1.8553915974999047e-07,
                3.0988195310179313e-12,
                9.545036131197704e-12,
                0.0
            ],
            [
                1.2917800031072928e-12,
                7.582560418058163e-10,
                0.9999999987627144,
                4.599055372675719e-10,
                1.7832472884972607e-11
            ],
            [
                0.0,
                1.8262471882402446e-10,
                1.9634007601805733e-09,
                0.9525741224988366,
                0.04742587535513802
            ],
            [
                1.1399918495009067e-12,
                6.914400085448101e-13,
                0.0,
                4.5990553643570247e-10,
                0.9999999995382631
            ]
        ],
        [
            [
                0.9999999956070176,
                4.363462231198332e-09,
                7.433680635306346e-12,
                2.0206838989521132e-11,
                1.8795288071724276e-12
            ],
            [
                0.9999986290229772,
                1.3709566541091175e-06,
                5.789346057595201e-12,
                1.3887919225790948e-11,
                6.91438783981826e-13
            ],
            [
                6.914400104803591e-13,
                1.6918979220923187e-10,
                0.9999999997337687,
                9.056076986874457e-11,
                5.789356326941689e-12
            ],
            [
                0.0,
                6.441806285525726e-10,
                6.925594431783662e-09,
                0.962673108748199,
                0.037326883682026045
            ],
            [
                1.658678354276148e-12,
                1.0060392764701772e-12,
                1.0060392764701772e-12,
                9.736200285784692e-10,
                0.9999999990227093
            ]
        ],
        [
            [
                0.9999999123405822,
                8.764249141398527e-08,
                3.978962954404113e-12,
                1.2256068733376218e-11,
                6.914400834300364e-13
            ],
            [
                0.9999938558106458,
                6.144172123079939e-06,
                3.511402470491254e-12,
                1.225599888369326e-11,
                1.4637703257530883e-12
            ],
            [
                1.842625214572863e-14,
                1.4637785140061935e-12,
                0.9999999999981344,
                3.266131342520326e-13,
                5.6756852321685355e-14
            ],
            [
                6.559161874461671e-12,
                8.590806722803031e-10,
                9.235987635588879e-09,
                0.9998415536531918,
                0.00015843624518067407
            ],
            [
                0.0,
                4.752193005393704e-13,
                7.835041690464969e-13,
                1.0467401668362417e-08,
                0.9999999895313395
            ]
        ],
        [
            [
                0.9999999881233935,
                1.1861120004292653e-08,
                3.978962486507066e-12,
                1.0815941423192378e-11,
                6.914400021217214e-13
            ],
            [
                0.9999999634425198,
                3.653482076128216e-08,
                4.508755072491784e-12,
                1.5737101514192053e-11,
                2.4133626809441955e-12
            ],
            [
                8.878265474946394e-13,
                2.78946809176509e-10,
                0.9999999996336855,
                7.991959889791392e-11,
                6.560200165557807e-12
            ],
            [
                3.5437128184022844e-11,
                1.5068250333595714e-09,
                7.652288935112757e-09,
                0.7310585833526804,
                0.2689414074527685
            ],
            [
                2.734698275403531e-12,
                3.098819120378029e-12,
                1.8795288054130084e-12,
                3.850741899972732e-09,
                0.9999999961415451
            ]
        ],
        [
            [
                0.9999997617532586,
                2.3823698437472104e-07,
                2.413362950371446e-12,
                6.560200653471011e-12,
                7.835042364693166e-13
            ],
            [
                0.9999996940840462,
                3.059023588966858e-07,
                3.5114225541072662e-12,
                9.54503612087103e-12,
                5.384940893636538e-13
            ],
            [
                1.2917800034910305e-12,
                7.582560420310647e-10,
                0.9999999990403117,
                1.9171715118364126e-10,
                8.42346374602441e-12
            ],
            [
                3.488759470492256e-11,
                2.1584190544082934e-09,
                9.67336308535107e-09,
                0.9241418130578818,
                0.07585817507544858
            ],
            [
                1.1399918439712098e-12,
                1.6586783457128822e-12,
                2.1297851540049177e-12,
                6.348800065513856e-09,
                0.9999999936462713
            ]
        ],
        [
            [
                0.999999814450706,
                1.8553915976504474e-07,
                3.098819531269363e-12,
                6.560200999176922e-12,
                4.752193664762298e-13
            ],
            [
                0.9999986290180234,
                1.3709566538417647e-06,
                3.97895547582002e-12,
                1.783244126734438e-11,
                3.5114158829331835e-12
            ],
            [
                3.037975385126232e-14,
                1.2917800046512485e-12,
                0.9999999999983071,
                3.266131342446752e-13,
                4.420228103180091e-14
            ],
            [
                7.938467603381353e-11,
                1.1781730554512864e-08,
                8.259630786816958e-07,
                0.9933063171650074,
                0.006692845010798639
            ],
            [
                1.1399918490752445e-12,
                1.1399918490752445e-12,
                1.658678353139209e-12,
                1.4166087817109878e-09,
                0.9999999985794525
            ]
        ],
        [
            [
                0.9999998874430822,
                1.1253518376557578e-07,
                5.1090894387654665e-12,
                1.5737103371914556e-11,
                8.878266192152966e-13
            ],
            [
                0.9999998144403796,
                1.8553915971327691e-07,
                5.789357060490697e-12,
                1.3887945620365114e-11,
                7.83504277539392e-13
            ],
            [
                1.0060392788775473e-12,
                2.461696950822499e-10,
                0.9999999996299815,
                1.162823302553091e-10,
                6.560200165507828e-12
            ],
            [
                0.0,
                4.032457749675221e-09,
                9.17783153516869e-08,
                0.9241417275208368,
                0.0758581766683901
            ],
            [
                5.1090889963581716e-12,
                2.41336275685676e-12,
                3.5114220915859e-12,
                4.9444504712551776e-09,
                0.9999999950445155
            ]
        ],
        [
            [
                0.9999999973489331,
                2.6465736305136342e-09,
                1.1399918494280637e-12,
                3.098819128891726e-12,
                2.5436656393078854e-13
            ],
            [
                0.9999921107069037,
                7.889265045772936e-06,
                5.109050313896914e-12,
                2.0206685972723752e-11,
                2.7346775693918576e-12
            ],
            [
                3.7010116780821123e-13,
                4.2777878683788714e-11,
                0.9999999998953639,
                5.492788350196945e-11,
                6.56020016724879e-12
            ],
            [
                1.7166831771897958e-11,
                1.363730361580236e-09,
                3.5171069580550886e-08,
                0.9626730808375901,
                0.03732688261044316
            ],
            [
                2.4133627634271666e-12,
                1.2917800002865633e-12,
                1.6586783531368452e-12,
                2.0611536152592998e-09,
                0.9999999979334826
            ]
        ],
        [
            [
                0.9999999827293581,
                1.7257827676820594e-08,
                3.0988190828535312e-12,
                8.423463602602878e-12,
                1.2917799814966262e-12
            ],
            [
                0.9999898699918456,
                1.0129988099172562e-05,
                4.5087125858834584e-12,
                1.3887812473967016e-11,
                1.6586626664974554e-12
            ],
            [
                4.1937956574468823e-13,
                9.056076987658878e-11,
                0.9999999998153604,
                9.056076987658878e-11,
                3.0988191380326763e-12
            ],
            [
                5.789091699659722e-12,
                8.591773874810038e-10,
                2.510884379016491e-08,
                0.9999545761716392,
                4.539785455056989e-05
            ],
            [
                3.0988195258481643e-12,
                3.978963032917298e-12,
                7.433681601019997e-12,
                1.855391594404551e-07,
                0.9999998144463291
            ]
        ],
        [
            [
                0.9999999226432437,
                7.734422800449047e-08,
                3.0988194966281247e-12,
                8.423464727358836e-12,
                1.00603939547848e-12
            ],
            [
                0.999997097670679,
                2.9023121982330642e-06,
                3.978947485069153e-12,
                1.2256021084470032e-11,
                8.878231895656722e-13
            ],
            [
                2.7346982843171272e-12,
                2.0611536169555502e-09,
                0.9999999973947633,
                5.211412474025325e-10,
                2.0206839036468653e-11
            ],
            [
                1.9968376087894958e-11,
                4.5447814494857684e-10,
                1.7974959321622405e-09,
                0.3208212869490232,
                0.6791787107790345
            ],
            [
                1.6586783502520989e-12,
                1.2917799980399206e-12,
                2.129785159833387e-12,
                1.8189616780538642e-09,
                0.999999998175958
            ]
        ],
        [
            [
                0.9999999907503861,
                9.237449571713735e-09,
                2.734698264871807e-12,
                8.423463672165045e-12,
                1.0060392694535535e-12
            ],
            [
                0.9999998554916214,
                1.4449803158223815e-07,
                2.129785273707366e-12,
                7.433681030990445e-12,
                7.835042163066331e-13
            ],
            [
                8.878265476949421e-13,
                5.4927883500203326e-11,
                0.9999999999098146,
                2.5946094978351106e-11,
                8.423463753035773e-12
            ],
            [
                5.49245358558956e-11,
                1.1860397259441845e-08,
                1.7602407041808557e-06,
                0.999939936677499,
                5.829116647503585e-05
            ],
            [
                2.7346982843290664e-12,
