{
    "[['E', 'D', 'C', 'B', 'A'], ['E', 'D', 'C', 'B', 'A']]": [
        [
            [
                0.9999999990190804,
                9.736200297709615e-10,
                1.1399918512529154e-12,
                5.789356319632969e-12,
                3.701011672776718e-13
            ],
            [
                0.999999931734446,
                6.825604228347361e-08,
                1.658678565960349e-12,
                7.433681600268512e-12,
                4.193796181874112e-13
            ],
            [
                1.0603575990469071e-13,
                5.789356328154764e-12,
                0.9999999999910871,
                2.129785170743928e-12,
                8.878265477576506e-13
            ],
            [
                6.155763215566322e-11,
                1.1730808255053713e-08,
                4.401949124064703e-07,
                0.9890126106001408,
                0.010986937412580928
            ],
            [
                1.4637785096307132e-12,
                0.0,
                0.0,
                7.052879829453094e-11,
                0.9999999999280074
            ]
        ],
        [
            [
                0.9999999976569063,
                2.3355930319475854e-09,
                1.2917800009963992e-12,
                5.7893563117468575e-12,
                4.193795646076525e-13
            ],
            [
                0.9999999918390644,
                8.152020644192893e-09,
                1.879528800335964e-12,
                6.560200111599336e-12,
                4.752193021803252e-13
            ],
            [
                5.4927783339826266e-11,
                1.370956586222421e-06,
                0.9999981024822938,
                5.043467428098125e-07,
                2.2159449362016466e-08
            ],
            [
                1.3768806731801816e-11,
                1.8033578024211618e-09,
                5.270184017706024e-08,
                0.9914224602530838,
                0.00857748522794945
            ],
            [
                1.0815941496418726e-11,
                0.0,
                3.0988191212831473e-12,
                6.691586053635722e-10,
                0.9999999993169266
            ]
        ],
        [
            [
                0.9999999950459821,
                4.9444504748669906e-09,
                1.6586783498327031e-12,
                7.433680631651603e-12,
                4.752193036752139e-13
            ],
            [
                0.9999999907521248,
                9.237449571729795e-09,
                1.4637784998262323e-12,
                8.423463672179689e-12,
                5.384940165148465e-13
            ],
            [
                1.247734891800206e-09,
                2.2559554549237174e-06,
                0.22269843629528602,
                0.777293894745719,
                5.411755805106809e-06
            ],
            [
                1.3871688992319367e-11,
                1.6033492473608989e-09,
                3.220413050863249e-08,
                0.9988304558706059,
                0.0011695103080425469
            ],
            [
                1.0060392759458524e-12,
                6.914400084002168e-13,
                0.0,
                6.691586069093915e-10,
                0.999999999329144
            ]
        ],
        [
            [
                0.9999999936313393,
                6.348800071861168e-09,
                4.508755210917536e-12,
                1.3887943768315167e-11,
                1.4637785039391948e-12
            ],
            [
                0.9999999827320704,
                1.7257827679761985e-08,
                2.129785132921102e-12,
                7.4336805395981e-12,
                5.384940121587296e-13
            ],
            [
                2.0206801823486487e-11,
                1.1253496717474448e-07,
                0.9999976049622944,
                2.2603230827249436e-06,
                2.2159448905427922e-08
            ],
            [
                5.017193912878596e-12,
                1.293951364436109e-10,
                5.799087687542337e-10,
                0.017986211533905443,
                0.9820137877517735
            ],
            [
                4.50875521499939e-12,
                0.0,
                1.6586783488728018e-12,
                1.103256025664581e-09,
                0.9999999988905766
            ]
        ],
        [
            [
                0.9999999965969264,
                3.398267806713342e-09,
                1.0060392754993534e-12,
                3.511422100169181e-12,
                2.88235078260315e-13
            ],
            [
                0.9999999927974236,
                7.19413297475993e-09,
                1.4637785028200968e-12,
                6.560200117484644e-12,
                4.1937956259878505e-13
            ],
            [
                7.287724095094335e-14,
                5.109089027554811e-12,
                0.9999999999910294,
                2.1297851707438048e-12,
                1.6586783587491408e-12
            ],
            [
                3.1039863404318897e-10,
                1.6079062653572504e-07,
                1.2773181573505571e-05,
                0.9820010866701273,
                0.01798597904727401
            ],
            [
                1.8795288125924713e-12,
                0.0,
                0.0,
                2.7894680870116334e-10,
                0.9999999997191737
            ]
        ],
        [
            [
                0.9999999943844615,
                5.602796403800569e-09,
                2.413362757301383e-12,
                9.54503486536612e-12,
                7.835041737886441e-13
            ],
            [
                0.9999998874528745,
                1.1253518377552622e-07,
                3.098819388099266e-12,
                8.423464432346812e-12,
                4.1937959958752096e-13
            ],
            [
                1.1628123188401626e-10,
                6.144154314289813e-06,
                0.9999901227626947,
                3.7266179696224234e-06,
                6.348740144442356e-09
            ],
            [
                2.2804165072342866e-11,
                5.579995215223821e-09,
                7.702945790645667e-08,
                0.9959297794371202,
                0.004070137930622547
            ],
            [
                2.940077714448534e-11,
                3.5114220837142132e-12,
                4.50875520420768e-12,
                2.0611536050272207e-09,
                0.9999999979014254
            ]
        ],
        [
            [
                0.9999999881329767,
                1.1861120004406321e-08,
                1.1399918389219486e-12,
                4.508755186439623e-12,
                2.543665615865574e-13
            ],
            [
                0.9999998144436002,
                1.8553915976372633e-07,
                4.508755813416084e-12,
                1.2256068996568023e-11,
                4.752193664728531e-13
            ],
            [
                2.5946047259450438e-11,
                1.1253496773044217e-07,
                0.9999976098581961,
                2.2603230938864196e-06,
                1.725779624519705e-08
            ],
            [
                6.2233730696372e-11,
                3.6530293231920176e-08,
                1.0675706379061773e-06,
                0.9998755014484705,
                0.00012339438836461882
            ],
            [
                3.978962525270468e-12,
                0.0,
                0.0,
                3.160881445919466e-10,
                0.9999999996799329
            ]
        ],
        [
            [
                0.9999999985792298,
                1.416608784235362e-09,
                8.878265463369119e-13,
                3.0988191334547098e-12,
                1.7482341252995537e-13
            ],
            [
                0.9999999950475631,
                4.944450475444785e-09,
                1.6586783500265316e-12,
                5.789356297709532e-12,
                5.3849401888999e-13
            ],
            [
                2.4598949142924464e-10,
                2.142973005821638e-05,
                0.999268895275548,
                0.0007096552070386331,
                1.9541365730681557e-08
            ],
            [
                1.1519639398555408e-11,
                4.898275314771284e-10,
                2.487549460788374e-09,
                0.06008665418232158,
                0.9399133428287818
            ],
            [
                6.560200141188498e-12,
                0.0,
                1.6586783520963404e-12,
                1.1032560278086909e-09,
                0.9999999988885251
            ]
        ],
        [
            [
                0.9999999995360656,
                4.5990553741218986e-10,
                1.006039278292292e-12,
                2.7346982888979896e-12,
                2.8823507906050535e-13
            ],
            [
                0.9999999983891745,
                1.6052280519483634e-09,
                1.2917800021808756e-12,
                3.978962527812904e-12,
                3.266131336200671e-13
            ],
            [
                1.6903496693473477e-10,
                3.7232429173142195e-06,
                0.999085043705435,
                0.0009110475132629895,
                1.8536934967448825e-07
            ],
            [
                9.055196566541409e-11,
                5.3152684588731916e-08,
                1.3708258030547454e-06,
                0.9999024736227817,
                9.610230817863244e-05
            ],
            [
                1.9171715088475782e-10,
                2.734698284587089e-12,
                3.5114221043821892e-12,
                7.582560408489578e-10,
                0.9999999990437807
            ]
        ],
        [
            [
                0.9999999715322833,
                2.8453347263029586e-08,
                2.4133627017051222e-12,
                1.0815941242993392e-11,
                1.1399918199181906e-12
            ],
            [
                0.9999999918372012,
                8.152020643678507e-09,
                1.8795288002173674e-12,
                8.423463681319793e-12,
                4.752193021503393e-13
            ],
            [
                2.2897305326050908e-11,
                2.260325149329908e-06,
                0.9999976846752427,
                5.3157752413886615e-08,
                1.818958261280623e-09
            ],
            [
                8.94920515182761e-11,
                3.3581644582080604e-09,
                1.3281798080397892e-08,
                0.32082128226554496,
                0.6791787010050006
            ],
            [
                1.2256067407084603e-11,
                1.4637785097051118e-12,
                1.658678353904812e-12,
                3.5817479194658475e-10,
                0.9999999996264466
            ]
        ],
        [
            [
                0.9999999985773722,
                1.4166087838896358e-09,
                1.1399918508284744e-12,
                4.508755233530846e-12,
                3.70101167139876e-13
            ],
            [
                0.9999999950487224,
                4.94445047488054e-09,
                1.4637785061154997e-12,
                5.10908900010425e-12,
                2.5436656334569185e-13
            ],
            [
                8.878266460101558e-13,
                2.17244017527887e-10,
                0.9999996786495324,
                1.5229981428643602e-08,
                3.059023543244835e-07
            ],
            [
                3.4728438835835104e-12,
                1.0149137518177055e-10,
                4.014061755586198e-10,
                0.01098694235019445,
                0.9890130571434351
            ],
            [
                8.423463737650571e-12,
                0.0,
                0.0,
                1.6918979192371295e-10,
                0.9999999998223867
            ]
        ],
        [
            [
                0.9999999987430268,
                1.2501528642403818e-09,
                1.2917800025681666e-12,
                5.109089019291639e-12,
                4.1937956511793064e-13
            ],
            [
                0.999999984756593,
                1.5229979503562084e-08,
                3.098819089655318e-12,
                9.545034771705145e-12,
                7.83504166100483e-13
            ],
            [
                5.154127665592139e-10,
                1.196566919846556e-06,
                0.9890071911450344,
                0.010986879258660863,
                4.732513972101885e-06
            ],
            [
                4.07490824020791e-11,
                1.5290980361457873e-09,
                6.047700049823771e-09,
                0.04742587498098523,
                0.9525741174014676
            ],
            [
                2.413362757238994e-12,
                0.0,
                0.0,
                2.6465736229046115e-09,
                0.999999997351013
            ]
        ],
        [
            [
                0.9999999983879111,
                1.6052280517612905e-09,
                1.4637785110033324e-12,
                5.109089017164462e-12,
                2.882350787295669e-13
            ],
            [
                0.9999999585937251,
                4.139937545882946e-08,
                1.4637784529920047e-12,
                5.109088814685033e-12,
                3.266131206379269e-13
            ],
            [
                1.2015425730534903e-13,
                7.433680671586956e-12,
                0.9999999999876195,
                2.4133627715847794e-12,
                2.4133627715847794e-12
            ],
            [
                1.996837572225688e-11,
                1.3998912139024096e-09,
                1.9324902114739332e-08,
                0.6791786976054826,
                0.32082128164975565
            ],
            [
                1.5737102052416364e-11,
                1.6586783531756084e-12,
                3.511422101227847e-12,
                1.1032560285265569e-09,
                0.9999999988758368
            ]
        ],
        [
            [
                0.9999999969940963,
                2.998960813568739e-09,
                1.4637785086160126e-12,
                5.109089008831897e-12,
                3.7010116646614724e-13
            ],
            [
                0.9999999847639316,
                1.5229979504730646e-08,
                1.2917799844311476e-12,
                4.508755171249423e-12,
                2.8823507480265813e-13
            ],
            [
                4.508755802056172e-12,
                6.825604223732596e-08,
                0.9999999306277693,
                1.1032561693126395e-09,
                8.42346480024052e-12
            ],
            [
                4.179498013656903e-11,
                6.202925036697648e-09,
                1.411777884705538e-07,
                0.9770224854701292,
                0.022977367107362312
            ],
            [
                3.098819122175581e-12,
                0.0,
                1.879528806503279e-12,
                2.9989608088442594e-09,
                0.9999999969960609
            ]
        ],
        [
            [
                0.9999999936442077,
                6.3488000727721775e-09,
                1.463778504149237e-12,
                5.109088993241319e-12,
                4.193795629795901e-13
            ],
            [
                0.9999999956322629,
                4.363462232322364e-09,
                8.878265436501758e-13,
                3.0988191240770795e-12,
                2.882350779822652e-13
            ],
            [
                8.258073284824827e-14,
                5.109089027611014e-12,
                0.9999999999913889,
                2.413362771619557e-12,
                1.0060392791942516e-12
            ],
            [
                1.0498898622406193e-11,
                3.068227927316152e-10,
                6.495438573099765e-10,
                0.029312227877786548,
                0.9706877711553479
            ],
            [
                3.978962519736614e-12,
                0.0,
                0.0,
                1.9171715060005962e-10,
                0.9999999998043039
            ]
        ],
        [
            [
                0.9999999965938646,
                3.3982678053433537e-09,
                1.6586783520068452e-12,
                5.789356304621506e-12,
                4.1937956409149376e-13
            ],
            [
                0.9999999969942188,
                2.998960814463849e-09,
                1.2917800003090915e-12,
                5.109089010356824e-12,
                4.1937956438451633e-13
            ],
            [
                5.789356849545072e-12,
                3.2241870273067583e-08,
                0.9999998964973393,
                6.825603990370777e-08,
                2.9989610946458564e-09
            ],
            [
                2.5934914626429e-11,
                1.046289131707734e-08,
                1.8545918613195424e-07,
                0.9995692471183298,
                0.0004305569336576463
            ],
            [
                5.109088993985714e-12,
                0.0,
                0.0,
                3.1608814332306217e-10,
                0.9999999996788027
            ]
        ],
        [
            [
                0.9999999990213222,
                9.73620029900323e-10,
                1.291780002927663e-12,
                3.511422108325039e-12,
                2.543665643717648e-13
            ],
            [
                0.9999999973408578,
                2.646573630100524e-09,
                2.4133627638008167e-12,
                9.545034891071881e-12,
                6.101936657296244e-13
            ],
            [
                7.222796418815972e-10,
                1.67682289308378e-06,
                0.0474248254147582,
                0.9525530691553009,
                2.0427884768162478e-05
            ],
            [
                1.1616772435249311e-10,
                8.755610320735115e-08,
                0.0009109827953163072,
                0.9990141514752559,
                7.477805715688233e-05
            ],
            [
                1.2256067341375002e-11,
                0.0,
                0.0,
                2.172439916870667e-10,
                0.9999999997705
            ]
        ],
        [
            [
                0.9999999969918105,
                2.9989608142729824e-09,
                2.129785163439069e-12,
                6.560200145000662e-12,
                5.3849401987488e-13
            ],
            [
                0.999999939754686,
                6.02357463809538e-08,
                1.6586785792633502e-12,
                7.433681659888427e-12,
                4.752193694081949e-13
            ],
            [
                2.5946046145861982e-11,
                1.0677030185949093e-06,
                0.9999988781396646,
                5.315775248815202e-08,
                9.736181987097033e-10
            ],
            [
                5.63067709537587e-11,
                3.483576564871298e-09,
                4.808929112261061e-08,
                0.09534946496957399,
                0.9046504834012515
            ],
            [
                3.098819118683077e-12,
                1.4637785046602744e-12,
                0.0,
                8.592166563612214e-10,
                0.9999999991362207
            ]
        ],
        [
            [
                0.9999999983871524,
                1.6052280518583703e-09,
                1.291780002108455e-12,
                5.789356316730746e-12,
                5.384940206592384e-13
            ],
            [
                0.9999999918383397,
                8.152020643122127e-09,
                1.8795288000890886e-12,
                7.433680607291197e-12,
                3.266131314201643e-13
            ],
            [
                2.5946095441070302e-11,
                3.9278636148618843e-07,
                0.9999995858130493,
                1.9555681433277384e-08,
                1.8189617196827513e-09
            ],
            [
                4.838030719044183e-11,
                2.331093744587738e-09,
                1.9518008958647848e-08,
                0.11920292097639992,
                0.8807970571261171
            ],
            [
                1.463778511581193e-12,
                0.0,
                0.0,
                1.3176514247188664e-10,
                0.999999999866771
            ]
        ],
        [
            [
                0.9999999943903275,
                5.602796403833436e-09,
                1.291779997015245e-12,
                5.109088997329408e-12,
                4.752193034184156e-13
            ],
            [
                0.9999999847626126,
                1.5229979503653766e-08,
                1.2917799843398085e-12,
                5.789356237097197e-12,
                3.2661312910913894e-13
            ],
            [
                3.978962874677454e-12,
                1.9555682753171825e-08,
                0.9999998916945926,
                8.764248965788875e-08,
                1.1032561262945542e-09
            ],
            [
                1.5706786363992776e-11,
                8.575614784398217e-10,
                4.355056537661086e-09,
                0.11920292289376296,
                0.8807970718779122
            ],
            [
                1.4637785106440107e-12,
                0.0,
                0.0,
                3.160881446794886e-10,
                0.999999999682448
            ]
        ],
        [
            [
                0.9999999979302079,
                2.061153617335848e-09,
                1.6586783548079122e-12,
                6.560200151912972e-12,
                4.193795647997144e-13
            ],
            [
                0.999999986552496,
                1.3440409765581038e-08,
                1.6586783360150505e-12,
                5.109088957528883e-12,
                3.2661312976962867e-13
            ],
            [
                1.6843836441115356e-09,
                1.630103442376364e-06,
                0.8172036054210654,
                0.18234278028563183,
                0.0004519825054767193
            ],
            [
                5.0748925949676346e-12,
                1.019319425974341e-10,
                3.557774379853588e-10,
                0.006692851410250136,
                0.9933071481269656
            ],
            [
                3.0988191224107658e-12,
                0.0,
                0.0,
                3.160881437675959e-10,
                0.9999999996808131
            ]
        ],
        [
            [
                0.9999999969951021,
                2.998960813571756e-09,
                1.1399918487543905e-12,
                4.508755225327685e-12,
                2.8823507825976574e-13
            ],
            [
                0.9999999950446363,
                4.944450475163114e-09,
                1.879528806360929e-12,
                8.423463708853325e-12,
                6.101936644561695e-13
            ],
            [
                1.3615261079451837e-13,
                8.423463753574843e-12,
                0.9999999999844518,
                5.109089027521205e-12,
                1.8795288163396487e-12
            ],
            [
                2.3498671796927013e-11,
                9.991889503696962e-10,
                9.480040811716027e-09,
                0.37754067164246324,
                0.6224593178548082
            ],
            [
                8.423463700439066e-12,
                2.7346982740510375e-12,
                5.7893562915967e-12,
                3.3982677976979822e-09,
                0.9999999965847846
            ]
        ],
        [
            [
                0.9999999983894603,
                1.605228051862075e-09,
                1.0060392772003677e-12,
                3.978962527599016e-12,
                3.2661313360251014e-13
            ],
            [
                0.9999997617524279,
                2.3823698440564282e-07,
                2.7346984942571443e-12,
                7.433681223253508e-12,
                4.1937959691768017e-13
            ],
            [
                2.7894149658439354e-10,
                1.0129910325799602e-05,
                0.9999818361332281,
                7.88918209417584e-06,
                1.4449541036439239e-07
            ],
            [
                6.150692633420767e-11,
                4.886100359342214e-09,
                3.1861376647050544e-08,
                0.32082127580104397,
                0.6791786873899721
            ],
            [
                6.560200127468948e-12,
                1.8795288048826843e-12,
                0.0,
                5.905303962320722e-10,
                0.9999999994010298
            ]
        ],
        [
            [
                0.999999998743792,
                1.250152864164784e-09,
                1.2917800024900517e-12,
                4.508755234281191e-12,
                2.54366564285594e-13
            ],
            [
                0.9999999950486886,
                4.944450474537282e-09,
                1.4637785060138803e-12,
                5.109088999749563e-12,
                2.8823507774708557e-13
            ],
            [
                3.572871102207363e-10,
                2.2547296679202424e-06,
                0.9975225786231481,
                0.0024726113464616367,
                2.554943435287702e-06
            ],
            [
                2.0167910523083518e-11,
                1.413879683391875e-09,
                1.722458070408286e-08,
                0.7772998412868793,
                0.22270014005449232
            ],
            [
                6.101936660742829e-13,
                0.0,
                0.0,
                1.1628232998086741e-10,
                0.9999999998831075
            ]
        ],
        [
            [
                0.9999999969904185,
                2.9989608146145166e-09,
                1.6586783532491039e-12,
                8.423463725698756e-12,
                5.38494019936206e-13
            ],
            [
                0.9999999956289813,
                4.36346223129417e-09,
                1.2917799983767665e-12,
                5.789356300006477e-12,
                4.752193039192915e-13
            ],
            [
                6.43139394096042e-14,
                4.508755241950201e-12,
                0.9999999999940943,
                1.0060392792064208e-12,
                3.2661313425378023e-13
            ],
            [
                7.407528505592026e-11,
                6.668044661002356e-09,
                4.348111312067928e-08,
                0.5621764721227522,
                0.4378234776540147
            ],
            [
                3.5114221090771735e-12,
                4.752193056952631e-13,
                6.101936670134195e-13,
                2.461696948801316e-10,
                0.9999999997492335
            ]
        ],
        [
            [
                0.9999999987417076,
                1.2501528642387326e-09,
                1.6586783560642937e-12,
                5.789356318783392e-12,
                6.914400095059896e-13
            ],
            [
                0.9999999907538563,
                9.237449570378488e-09,
                1.6586783424679339e-12,
                6.560200103107411e-12,
                4.752193015651722e-13
            ],
            [
                4.283556345243942e-09,
                0.0003293194681298306,
                0.9816875931807719,
                0.017980233895879258,
                2.849171662713094e-06
            ],
            [
                6.547562343541361e-12,
                7.567953088753844e-10,
                5.592002992687764e-09,
                0.9980732593232757,
                0.0019267343213784224
            ],
            [
                4.508755221927513e-12,
                0.0,
                0.0,
                1.4930946694524365e-10,
                0.9999999998461817
            ]
        ],
        [
            [
                0.999999997342051,
                2.646573630657486e-09,
                2.4133627643087e-12,
                8.423463728205514e-12,
                5.384940200964576e-13
            ],
            [
                0.9999999969957658,
                2.9989608140767496e-09,
                1.0060392756668427e-12,
                3.978962521533806e-12,
                2.882350783083015e-13
            ],
            [
                5.492464012167057e-11,
                7.733965204122247e-08,
                0.999941238620721,
                5.829122154097335e-05,
                3.927631612550275e-07
            ],
            [
                2.7250773682325887e-11,
                1.4878418300268873e-09,
                1.8125624108784556e-08,
                0.5621764894547779,
                0.43782349090450545
            ],
            [
                8.423463725252455e-12,
                0.0,
                1.1399918490903737e-12,
                4.5990553627008163e-10,
                0.9999999995305311
            ]
        ],
        [
            [
                0.9999999965953212,
                3.398267806850909e-09,
                1.291779999979584e-12,
                4.5087552255187985e-12,
                6.101936654901441e-13
            ],
            [
                0.9999999778324223,
                2.2159489271952498e-08,
                1.8795287740100767e-12,
                5.789356197732089e-12,
                4.193795563484504e-13
            ],
            [
                1.0261410247336951e-10,
                4.539785314319437e-05,
                0.9999539495344221,
                6.475655962009215e-07,
                4.944224339886259e-09
            ],
            [
                1.730975744716912e-11,
                7.360296158122755e-10,
                2.0007359298702006e-09,
                0.029312227801851394,
                0.9706877694440733
            ],
            [
                7.433680634661324e-12,
                0.0,
                2.7346982777261808e-12,
                2.061153611987926e-09,
                0.999999997928678
            ]
        ],
        [
            [
                0.9999999956249173,
                4.3634622309333455e-09,
                2.41336275965963e-12,
                8.423463711978664e-12,
                7.835041745542549e-13
            ],
            [
                0.9999999907547589,
                9.23744957111315e-09,
                1.463778499728518e-12,
                5.789356271787866e-12,
                5.384940164788995e-13
            ],
            [
                2.1297851555478725e-12,
                4.363462221376272e-09,
                0.9999999928560692,
                2.6465736197625027e-09,
                1.3176514174770087e-10
            ],
            [
                7.039292954953632e-11,
                2.993183529600477e-09,
                4.682126811535531e-08,
                0.11920291742731139,
                0.880797032687844
            ],
            [
                1.0815941514776608e-11,
                0.0,
                0.0,
                5.211412467406516e-10,
                0.9999999994680429
            ]
        ],
        [
            [
                0.9999999979339067,
                2.061153617441769e-09,
                1.1399918502807094e-12,
                3.511422104863883e-12,
                2.8823507864567963e-13
            ],
            [
                0.9999998554713708,
                1.4449803162816321e-07,
                6.560200486735924e-12,
                2.2897349568416478e-11,
                1.1399919084056312e-12
            ],
            [
                8.258073284860972e-14,
                7.433680671726615e-12,
                0.9999999999863749,
                3.978962535502395e-12,
                2.1297851707765555e-12
            ],
            [
                1.026060771648098e-10,
                1.522809205515217e-08,
                2.382074383172759e-07,
                0.9998763519538838,
                0.00012339450797974193
            ],
            [
                1.463778509385415e-12,
                8.878265449707109e-13,
                6.101936657844004e-13,
                1.8189616816622798e-09,
                0.9999999981780765
            ]
        ],
        [
            [
                0.9999999943818427,
                5.602796403785897e-09,
                2.4133627572950626e-12,
                1.2256067370268658e-11,
                6.914400065287702e-13
            ],
            [
                0.9999999918410366,
                8.152020643709773e-09,
                1.463778501420158e-12,
                5.109088983715897e-12,
                3.701011646467503e-13
            ],
            [
                4.420228103309007e-14,
                3.5114221131126395e-12,
                0.9999999999953819,
                8.878265477792486e-13,
                1.7482341281396826e-13
            ],
            [
                6.212142457088128e-11,
                3.8433164457124e-09,
                1.442195231784891e-07,
                0.7772997454264938,
                0.2227001064485451
            ],
            [
                5.789356313010837e-12,
                6.914400088165562e-13,
                0.0,
                6.224144606007389e-11,
                0.9999999999312779
            ]
        ],
        [
            [
                0.9999999988888209,
                1.1032560305426864e-09,
                1.6586783562067366e-12,
                5.7893563192805665e-12,
                4.752193055014051e-13
            ],
            [
                0.9999999927995911,
                7.194132976250705e-09,
                1.2917799950763356e-12,
                4.50875520840478e-12,
                4.752193027051308e-13
            ],
            [
                1.0603575990195182e-13,
                6.560200167331764e-12,
                0.999999999990979,
                1.879528816303572e-12,
                4.752193062175687e-13
            ],
            [
                1.3229290121415932e-11,
                1.1908627458721942e-09,
                1.1298591150195933e-08,
                0.9525741126392089,
                0.04742587485810794
            ],
            [
                5.1090889889320575e-12,
                0.0,
                0.0,
                4.5990553434274724e-10,
                0.9999999995349853
            ]
        ],
        [
            [
                0.9999999748688753,
                2.5109990904822565e-08,
                4.508755125110737e-12,
                1.5737101697850244e-11,
                8.878265247710508e-13
            ],
            [
                0.9999996940846699,
                3.059023589679547e-07,
                2.7346986354704595e-12,
                9.545036123094825e-12,
                6.914400976401428e-13
            ],
            [
                7.835041776716085e-13,
                2.1724399327642638e-10,
                0.9999999989638921,
                3.5817479264667976e-10,
                4.599055373751984e-10
            ],
            [
                3.4974074179626085e-11,
                1.909519749329541e-09,
                2.0529272004115113e-08,
                0.18242551070781565,
                0.8175744668184185
            ],
            [
                7.43368063010373e-12,
                2.7346982760495353e-12,
                3.511422093419753e-12,
                1.818961677215189e-09,
                0.9999999981673584
            ]
        ],
        [
            [
                0.999999998377175,
                1.6052280518423544e-09,
                3.0988191322678207e-12,
                1.3887943836039177e-11,
                6.101936664896635e-13
            ],
            [
                0.9999999907575724,
                9.237449571780118e-09,
                1.1399918419139663e-12,
                3.5114220790925e-12,
                3.266131310898349e-13
            ],
            [
                1.1553140491208063e-09,
                2.826962966514394e-07,
                3.039271612954578e-06,
                0.9241387554141065,
                0.07585792146266988
            ],
            [
                3.0647739707485505e-12,
                4.7941131032661264e-11,
                1.6733098907260454e-10,
                0.01098694236832036,
                0.9890130574133428
            ],
            [
                1.7832472860519326e-11,
                0.0,
                1.2917800013359031e-12,
                3.160881445871593e-10,
                0.9999999996647877
            ]
        ],
        [
            [
                0.9999999992370565,
                7.582560418175256e-10,
                8.878265467059212e-13,
                3.511422108867548e-12,
                2.8823507897432044e-13
            ],
            [
                0.9999999956335996,
                4.3634622321201015e-09,
                6.101936648485262e-13,
                2.129785160791885e-12,
                1.9810087885950797e-13
            ],
            [
                8.258073284713015e-14,
                5.78935632813973e-12,
                0.9999999999884903,
                3.9789625354311055e-12,
                1.6586783587449294e-12
            ],
            [
                3.499068590097264e-11,
                2.453036463381124e-09,
                2.05390228425284e-08,
                0.5621764873414086,
                0.43782348963154155
            ],
            [
                1.1399918494913317e-12,
                3.266131332607864e-13,
                0.0,
                1.1628232993979142e-10,
                0.9999999998822511
            ]
        ],
        [
            [
                0.9999999956280385,
                4.363462231290056e-09,
                1.4637785068619202e-12,
                6.560200135598839e-12,
                4.752193039188434e-13
            ],
            [
                0.9999999804380202,
                1.955568069630889e-08,
                1.4637784848183035e-12,
                4.508755152021045e-12,
                3.26613127739334e-13
            ],
            [
                5.6756852321950665e-14,
                3.978962535530419e-12,
                0.9999999999934179,
                1.6586783587863292e-12,
                8.878265477775048e-13
            ],
            [
                6.387601117987621e-11,
                5.074300079367818e-09,
                2.576942212342592e-08,
                0.6224593044201394,
                0.37754066467226255
            ],
            [
                1.2256067394098618e-11,
                0.0,
                0.0,
                6.691586063993234e-10,
                0.9999999993185853
            ]
        ],
        [
            [
                0.9999999973393092,
                2.646573630919467e-09,
                2.413362764547596e-12,
                1.081594152463382e-11,
                8.878265451657368e-13
            ],
            [
