{
    "[['E', 'D', 'C', 'B', 'A'], ['E', 'D', 'C', 'B', 'A']]": [
        [
            [
                0.9999832985255116,
                1.670141510616866e-05,
                1.081575654964369e-11,
                4.277714697027153e-11,
                5.7892573012759055e-12
            ],
            [
                4.508755228434919e-12,
                0.0,
                0.0,
                7.052879829431619e-11,
                0.9999999999249625
            ],
            [
                1.3947333452130575e-10,
                7.614986043817166e-09,
                1.6120925581266227e-08,
                0.4999999875883815,
                0.49999998853623345
            ],
            [
                3.5114225711373253e-12,
                6.560201023363568e-12,
                4.508755830071344e-12,
                6.023574623139852e-08,
                0.9999999397496734
            ],
            [
                1.388794380894256e-11,
                0.0,
                0.0,
                1.6918979157903194e-10,
                0.9999999998169222
            ]
        ],
        [
            [
                0.9968273166337559,
                0.0031726830797818083,
                7.966604495384854e-11,
                1.9110890700785945e-10,
                1.5687174368754946e-11
            ],
            [
                2.594609485950302e-11,
                3.098819124000321e-12,
                0.0,
                3.581747913267435e-10,
                0.9999999996127802
            ],
            [
                6.588253892174214e-11,
                3.174398495517876e-09,
                1.1079739433008284e-08,
                0.4999999925689682,
                0.49999999311101134
            ],
            [
                3.0966212178222615e-12,
                5.488892442941664e-11,
                7.986291380242846e-11,
                0.0007096703401409041,
                0.9992903295220107
            ],
            [
                3.1608814435489637e-10,
                0.0,
                0.0,
                9.056076958831403e-11,
                0.9999999995933511
            ]
        ],
        [
            [
                0.999983298517607,
                1.670141510411137e-05,
                1.2255857801466455e-11,
                4.8472857910004537e-11,
                6.560087954538546e-12
            ],
            [
                1.1399918144551594e-12,
                1.2917799610587084e-12,
                8.878265177926699e-13,
                3.2241866281166785e-08,
                0.9999999677548141
            ],
            [
                6.5393871862315586e-12,
                9.027345554375011e-11,
                1.488357663345832e-10,
                0.003172683062068313,
                0.9968273166922832
            ],
            [
                0.0,
                3.9789552580553755e-12,
                2.4133583576353787e-12,
                1.0677030753750603e-06,
                0.9999989322905323
            ],
            [
                2.2897348349632385e-11,
                0.0,
                0.0,
                2.789468079855201e-10,
                0.9999999996981559
            ]
        ],
        [
            [
                0.9999938557761386,
                6.1441721243247944e-06,
                2.020672605731614e-11,
                2.940061293093688e-11,
                2.1297732573751395e-12
            ],
            [
                3.0428936693441806e-10,
                6.1118153148946544e-09,
                5.117360309797921e-08,
                0.03732688170138328,
                0.9626730607089089
            ],
            [
                5.789323810753512e-12,
                2.998943980128117e-09,
                0.999995143644538,
                4.785095078236827e-06,
                6.825565037907944e-08
            ],
            [
                2.4133536417120805e-12,
                1.2256021077518506e-11,
                1.2256021077518506e-11,
                2.902312196586894e-06,
                0.9999970976608781
            ],
            [
                3.331544517034784e-11,
                0.0,
                0.0,
                3.1608814304694675e-10,
                0.9999999996505964
            ]
        ],
        [
            [
                0.7310585875211384,
                0.2689414088328696,
                1.7074564664558725e-09,
                1.7074564664558725e-09,
                2.310791045019914e-10
            ],
            [
                2.45388689950297e-10,
                4.928763592529341e-09,
                9.208142656882059e-09,
                0.003172683012336291,
                0.9968273026053688
            ],
            [
                4.490760109478374e-11,
                1.1581822971001837e-09,
                1.9095197885774085e-09,
                0.1824255142722446,
                0.8175744826151456
            ],
            [
                3.0984351004046887e-12,
                3.774666689831178e-11,
                3.331131662065262e-11,
                0.0001233946275217301,
                0.9998766052983218
            ],
            [
                6.224144585418436e-11,
                0.0,
                0.0,
                3.5817479087095517e-10,
                0.9999999995795839
            ]
        ],
        [
            [
                0.9999993523716959,
                6.475946144164792e-07,
                8.423463942123681e-12,
                1.7832473305412098e-11,
                7.433680837957175e-12
            ],
            [
                2.4133627640150836e-12,
                0.0,
                0.0,
                5.905303979813705e-10,
                0.9999999994070563
            ],
            [
                5.301526028576388e-09,
                6.943635445142695e-07,
                0.5064800490721655,
                0.3071956609902721,
                0.18632359027249182
            ],
            [
                0.0,
                5.789345738637307e-12,
                3.978955257379623e-12,
                1.0677030751937304e-06,
                0.9999989322871565
            ],
            [
                7.052879815267784e-11,
                5.109089002097746e-12,
                3.098819122972906e-12,
                1.6052280470274692e-09,
                0.9999999983160353
            ]
        ],
        [
            [
                0.9999996940436547,
                3.0590235890555624e-07,
                1.2256068982756366e-11,
                3.775135018218783e-11,
                3.978963035365993e-12
            ],
            [
                1.6586782692953357e-12,
                5.789356015929971e-12,
                5.789356015929971e-12,
                5.3157849672109295e-08,
                0.9999999468289129
            ],
            [
                2.3659776089258898e-14,
                2.4133627716201587e-12,
                0.9999999999916382,
                3.5114221130665186e-12,
                2.4133627716201587e-12
            ],
            [
                1.658672083584062e-12,
                6.560175348741498e-12,
                8.423431885712452e-12,
                2.902312196069309e-06,
                0.9999970976711616
            ],
            [
                2.2897348377940173e-11,
                1.2917800003564627e-12,
                0.0,
                4.058652112558513e-10,
                0.9999999995699456
            ]
        ],
        [
            [
                0.9997965728307971,
                0.00020342706087199893,
                2.939478041534965e-11,
                7.051441250997018e-11,
                8.421745591649645e-12
            ],
            [
                6.560200135244874e-12,
                3.97896251587698e-12,
                2.4133627597267042e-12,
                1.605228047133068e-09,
                0.9999999983818195
            ],
            [
                5.201303216162269e-10,
                3.217932352308522e-08,
                1.2982065664330664e-05,
                0.7772897392976837,
                0.22269724593719817
            ],
            [
                0.0,
                4.8276416023116234e-11,
                4.8276416023116234e-11,
                0.004070137775609932,
                0.9959298621278373
            ],
            [
                4.277787847137263e-11,
                0.0,
                0.0,
                1.1628232970876161e-10,
                0.9999999998409399
            ]
        ],
        [
            [
                0.9999999122252089,
                8.764249143475808e-08,
                3.3315448934177986e-11,
                9.056077944473129e-11,
                8.423464642571233e-12
            ],
            [
                8.423463735180287e-12,
                1.6586783551161279e-12,
                8.878265458129876e-13,
                4.5990553681212285e-10,
                0.9999999995291244
            ],
            [
                7.715343743407573e-11,
                3.280647639721048e-09,
                3.1125918177846397e-08,
                0.1480471985648871,
                0.8519527669513937
            ],
            [
                3.0986361368620507e-12,
                2.2895996245447444e-11,
                3.7749116023739475e-11,
                5.8291276709760006e-05,
                0.9999417086595465
            ],
            [
                3.331544521436259e-11,
                2.734698274575529e-12,
                0.0,
                2.335593024266378e-09,
                0.9999999976283569
            ]
        ],
        [
            [
                0.9999970975122582,
                2.9023121985530864e-06,
                3.331531940679931e-11,
                1.1628189046711378e-10,
                2.5945996842289274e-11
            ],
            [
                1.2917799992885717e-12,
                1.4637785078965109e-12,
                1.1399918481928952e-12,
                2.6465736276461014e-09,
                0.9999999973495308
            ],
            [
                1.929270519621818e-09,
                2.2299356533301797e-07,
                0.3038798053407516,
                0.6433135706796155,
                0.05280639905679706
            ],
            [
                7.43368057704254e-12,
                5.789356254503423e-12,
                5.109088962558026e-12,
                1.046740166053868e-08,
                0.9999999895142663
            ],
            [
                4.2777878497739264e-11,
                3.0988191248169623e-12,
                0.0,
                5.90530397244606e-10,
                0.9999999993635929
            ]
        ],
        [
            [
                0.9999997616912363,
                2.3823698440393912e-07,
                2.0206840587582713e-11,
                4.8473690654683766e-11,
                3.0988193683495018e-12
            ],
            [
                2.734698284434418e-12,
                0.0,
                0.0,
                2.7894680855681205e-10,
                0.9999999997183184
            ],
            [
                0.0,
                2.2547540115155754e-09,
                6.1290568571479255e-09,
                0.8519527890299939,
                0.1480472025861953
            ],
            [
                2.7346983500828056e-12,
                1.3887944162005479e-11,
                1.0815941788621813e-11,
                6.475946138406274e-07,
                0.9999993523779476
            ],
            [
                3.3315445267945936e-11,
                0.0,
                0.0,
                2.1724399250553324e-10,
                0.9999999997494406
            ]
        ],
        [
            [
                0.9999982395959113,
                1.7603431328880572e-06,
                2.0206802595721786e-11,
                3.331538525240507e-11,
                7.43366724677578e-12
            ],
            [
                1.87938916722288e-12,
                2.0205337718582238e-11,
                2.0205337718582238e-11,
                7.484619700486172e-05,
                0.9999251537607051
            ],
            [
                3.596093922817339e-11,
                9.274448464361139e-10,
                1.732695085095618e-09,
                0.047425875237552116,
                0.952574122066347
            ],
            [
                2.7327586341219985e-12,
                2.592769202507746e-11,
                1.781982475262993e-11,
                0.00070967034037881,
                0.9992903296131409
            ],
            [
                4.277787832561231e-11,
                0.0,
                0.0,
                3.160881427411789e-10,
                0.999999999641134
            ]
        ],
        [
            [
                0.9933071474903805,
                0.006692851429035332,
                3.1397248718994486e-10,
                6.64679760597036e-10,
                1.0193194264885344e-10
            ],
            [
                3.978963060862926e-12,
                3.511422576710054e-12,
                2.41336309027739e-12,
                6.023574632699439e-08,
                0.9999999397543499
            ],
            [
                2.1212848735144083e-11,
                6.199303112442614e-10,
                1.6851452999662358e-09,
                0.18242551439378057,
                0.817574483279931
            ],
            [
                2.129785217483495e-12,
                6.560200311469215e-12,
                3.978962622762446e-12,
                6.475946141370692e-07,
                0.999999352392717
            ],
            [
                7.433680654472193e-12,
                0.0,
                0.0,
                6.224144607937045e-11,
                0.9999999999303248
            ]
        ],
        [
            [
                0.99979657244305,
                0.00020342706243898766,
                1.1625861174390375e-10,
                3.1602367170532896e-10,
                6.222875059967658e-11
            ],
            [
                1.422282727557873e-10,
                2.8567312239575724e-09,
                6.852941954656209e-09,
                0.04742587487484234,
                0.9525741152732562
            ],
            [
                6.036590421986058e-09,
                6.977356503211844e-07,
                0.7405028994400834,
                0.04733876545144381,
                0.212157631336232
            ],
            [
                1.4637784828317387e-12,
                1.4637784828317387e-12,
                1.4637784828317387e-12,
                1.9555680669768933e-08,
                0.999999980439928
            ],
            [
                4.0586521105415575e-10,
                0.0,
                0.0,
                5.211412467428705e-10,
                0.9999999990729935
            ]
        ],
        [
            [
                0.8519527949214458,
                0.14804720360721924,
                4.4398739254802187e-10,
                9.399213173999803e-10,
                8.742630123617309e-11
            ],
            [
                1.388794376300683e-11,
                5.109088990555371e-12,
                0.0,
                9.736200241532057e-10,
                0.9999999990073829
            ],
            [
                3.0984351004711705e-12,
                2.939713373937145e-11,
                2.020433484625436e-11,
                0.00012339462752437773,
                0.9998766053197756
            ],
            [
                1.2917751183772442e-12,
                5.109069701941811e-12,
                4.5087381870524515e-12,
                2.9023121979190636e-06,
                0.9999970976768926
            ],
            [
                1.0261879604443881e-10,
                0.0,
                7.835041764252642e-13,
                2.1724399293084965e-10,
                0.9999999996793536
            ]
        ],
        [
            [
                0.9998766052583853,
                0.00012339462755937266,
                3.7746666909826716e-11,
                7.05200578608244e-11,
                5.788638852463035e-12
            ],
            [
                3.098819126566683e-12,
                0.0,
                0.0,
                5.211412467446733e-10,
                0.99999999947576
            ],
            [
                7.502040079535095e-11,
                2.815119771167855e-09,
                8.6711793508735e-09,
                0.2689414063751684,
                0.731058582063512
            ],
            [
                3.8742760243787126e-11,
                1.4538113525869075e-09,
                3.487512135809622e-09,
                0.37754067375030387,
                0.6224593212696299
            ],
            [
                7.052879810169555e-11,
                0.0,
                0.0,
                1.317651419360461e-10,
                0.999999999797706
            ]
        ],
        [
            [
                0.9999832983873923,
                1.6701415101936566e-05,
                5.4926943949297303e-11,
                1.3176288881308487e-10,
                1.0815756546903003e-11
            ],
            [
                6.718387912445566e-11,
                1.529098040848791e-09,
                6.047700068424512e-09,
                0.047425874990401705,
                0.9525741173656164
            ],
            [
                2.4569548444127443e-10,
                9.219655035222876e-09,
                8.74736514765474e-08,
                0.11920289783631231,
                0.8807970052246857
            ],
            [
                8.8781474679798e-13,
                4.508695311628075e-12,
                2.7346619418050335e-12,
                1.3007124760224612e-05,
                0.9999869928671086
            ],
            [
                7.433680657517646e-12,
                0.0,
                0.0,
                1.6918979192388043e-10,
                0.9999999998233766
            ]
        ],
        [
            [
                0.9999251533761667,
                7.48461970618014e-05,
                6.223682172620305e-11,
                3.1606466026793245e-10,
                4.847008549624236e-11
            ],
            [
                1.2256067398959035e-11,
                2.734698281519679e-12,
                0.0,
                6.691586066646932e-10,
                0.9999999993158506
            ],
            [
                6.78961382663634e-11,
                2.2484113049404877e-09,
                1.007668037097633e-08,
                0.03732688341376105,
                0.9626731041932511
            ],
            [
                1.879514572650366e-12,
                1.0815859589365563e-11,
                6.560150452097108e-12,
                7.889265038457478e-06,
                0.999992110715706
            ],
            [
                2.0206839018795904e-11,
                0.0,
                0.0,
                1.162823298911799e-10,
                0.9999999998635107
            ]
        ],
        [
            [
                0.9999962733192045,
                3.7266391150924445e-06,
                1.0815900759407683e-11,
                2.9400666492714294e-11,
                1.463772992733533e-12
            ],
            [
                1.0060392611535162e-12,
                2.4133627283420828e-12,
                1.4637784877472046e-12,
                1.7257827676957462e-08,
                0.9999999827372891
            ],
            [
                2.8823508621112223e-13,
                9.056077205417648e-11,
                0.9999998303011308,
                2.5109992155640304e-08,
                1.444980280533306e-07
            ],
            [
                3.5099088675100456e-12,
                3.773507651652683e-11,
                4.845279734787717e-11,
                0.0004305571175665907,
                0.9995694427927356
            ],
            [
                5.109089008045442e-12,
                0.0,
                0.0,
                6.224144598521008e-11,
                0.9999999999326494
            ]
        ],
        [
            [
                0.9933071475504268,
                0.006692851428039422,
                2.4452201885002027e-10,
                5.865778298502707e-10,
                1.9043393975859663e-10
            ],
            [
                7.433681631147348e-12,
                1.2256069024885456e-11,
                1.3887945656229201e-11,
                6.023574614806243e-08,
                0.9999999397306761
            ],
            [
                6.5340171185601e-11,
                3.5674524695827707e-09,
                4.3460468165788796e-08,
                0.8175744464298779,
                0.1824255064768613
            ],
            [
                3.0971058699621013e-12,
                3.329702604663703e-11,
                3.773047355647257e-11,
                0.0005527785819974296,
                0.999447221343878
            ],
            [
                4.277787850577141e-11,
                0.0,
                0.0,
                4.0586521090259847e-10,
                0.9999999995513569
            ]
        ],
        [
            [
                0.9984988175001819,
                0.0015011820339822248,
                7.042287745306271e-11,
                3.156134401831481e-10,
                7.97995746464527e-11
            ],
            [
                2.413358413017305e-12,
                1.3887918781710323e-11,
                1.3887918781710323e-11,
                1.7603431327644918e-06,
                0.999998239626678
            ],
            [
                2.739289810428143e-10,
                1.920390416971454e-08,
                2.2196695235851306e-06,
                0.98201159232262,
                0.0179861685300233
            ],
            [
                4.50875521137503e-12,
                3.5114220892961516e-12,
                0.0,
                2.9989608042912645e-09,
                0.9999999969930189
            ],
            [
                3.58174791406711e-10,
                2.4133627609069112e-12,
                0.0,
                3.1608814400030606e-10,
                0.9999999993233237
            ]
        ],
        [
            [
                0.9999970975853436,
                2.902312198537001e-06,
                2.94006661849539e-11,
                6.22412108019711e-11,
                1.0815900646188962e-11
            ],
            [
                3.5114221017191095e-12,
                1.2917800004974774e-12,
                0.0,
                3.1608814438200333e-10,
                0.9999999996791087
            ],
            [
                1.4924511676117297e-10,
                1.3434617271452218e-08,
                5.041302938664386e-07,
                0.9995689253909121,
                0.0004305568949315157
            ],
            [
                1.1399918488948406e-12,
                0.0,
                8.878265446143205e-13,
                1.818961680932114e-09,
                0.9999999981790104
            ],
            [
                2.940077726130022e-11,
                3.5114220976657613e-12,
                0.0,
                5.90530397252262e-10,
                0.9999999993765574
            ]
        ],
        [
            [
                0.9999977395860863,
                2.2603252726681887e-06,
                2.2897306575479235e-11,
                5.4927783042307514e-11,
                1.0815921774113293e-11
            ],
            [
                9.545034886919286e-12,
                3.978962520862997e-12,
                0.0,
                1.1032560281916114e-09,
                0.99999999888322
            ],
            [
                4.508738406322167e-12,
                8.592134535489256e-10,
                0.9999969072867483,
                8.315264071285838e-07,
                2.2603231223814672e-06
            ],
            [
                3.97896239012952e-12,
                5.10908884097091e-12,
                5.10908884097091e-12,
                3.2241866191885456e-08,
                0.9999999677439367
            ],
            [
                3.098819131403688e-12,
                0.0,
                0.0,
                2.2897348402381402e-11,
                0.9999999999740039
            ]
        ],
        [
            [
                0.9999251536706745,
                7.484619709146e-05,
                2.5944167213436927e-11,
                9.055404132063198e-11,
                1.5735932855660773e-11
            ],
            [
                6.10193666132629e-13,
                4.752193050093029e-13,
                0.0,
                1.250152863051526e-09,
                0.9999999987487618
            ],
            [
                7.976563858987278e-11,
                1.101130675412915e-09,
                5.592002984439909e-09,
                0.0019267343172584756,
                0.9980732589098422
            ],
            [
                3.09818706113961e-12,
                3.3308649947243094e-11,
                3.3308649947243094e-11,
                0.00020342706081917416,
                0.9997965728694654
            ],
            [
                1.783247284580371e-11,
                0.0,
                0.0,
                7.991959865013882e-11,
                0.999999999902248
            ]
        ],
        [
            [
                0.9999996071670916,
                3.927863698160688e-07,
                5.789356553768227e-12,
                3.331544671666596e-11,
                7.433680961306156e-12
            ],
            [
                1.5737102041643777e-11,
                3.5114220988241587e-12,
                2.7346982802584904e-12,
                2.0611536138965387e-09,
                0.9999999979168632
            ],
            [
                3.5482987419983716e-11,
                1.0369648937675936e-09,
                2.4875494643702965e-09,
                0.060086654161446484,
                0.9399133422785562
            ],
            [
                3.0988191176413857e-12,
                3.0988191176413857e-12,
                0.0,
                3.3982677963775617e-09,
                0.9999999965955346
            ],
            [
                7.052879821719703e-11,
                0.0,
                0.0,
                2.4616969415564094e-10,
                0.9999999996833016
            ]
        ],
        [
            [
                0.9996646496624573,
                0.0003353500563080674,
                1.162433084655689e-10,
                1.4925936258966378e-10,
                1.5731821075548707e-11
            ],
            [
                5.7893562285315896e-12,
                6.560200054613366e-12,
                3.978962466971498e-12,
                1.522997948112034e-08,
                0.999999984753692
            ],
            [
                1.514967640075695e-11,
                3.042893847217486e-10,
                8.271443050821125e-10,
                0.03732688382089175,
                0.9626731150325248
            ],
            [
                2.181141225461909e-11,
                5.625237361206567e-10,
                9.274448490158327e-10,
                0.047425875279563344,
                0.9525741232086566
            ],
            [
                9.545034883920452e-12,
                0.0,
                0.0,
                2.172439926220826e-10,
                0.999999999773211
            ]
        ],
        [
            [
                0.999738809271713,
                0.0002611903294828126,
                9.053711882697673e-11,
                2.7887395886334765e-10,
                2.9393099014694095e-11
            ],
            [
                1.0815941528462145e-11,
                2.413362765401811e-12,
                0.0,
                5.905303983206916e-10,
                0.9999999993962403
            ],
            [
                4.556105742991459e-11,
                1.5087750085075579e-09,
                7.66219172602632e-09,
                0.06008665381032858,
                0.9399133369731436
            ],
            [
                1.6586784382872638e-12,
                5.1090892725494774e-12,
                4.508755458053097e-12,
                1.444980315256143e-07,
                0.999999855490692
            ],
            [
                1.5737102042998654e-11,
                0.0,
                0.0,
                1.9171715059780537e-10,
                0.9999999997925457
            ]
        ],
        [
            [
                0.9999921106108228,
                7.88926504780039e-06,
                1.7832337787011016e-11,
                9.056008369498247e-11,
                1.5736982862879458e-11
            ],
            [
                1.0815941505583942e-11,
                0.0,
                0.0,
                4.058652107074754e-10,
                0.9999999995833189
            ],
            [
                4.752193531262644e-13,
                1.9171717027612692e-10,
                0.9999999052505686,
                5.315785778477239e-08,
                4.1399381269179115e-08
            ],
            [
                1.3768807473388094e-11,
                2.1538038679046898e-10,
                2.765538908949989e-10,
                0.008577485654890773,
                0.9914225138394062
            ],
            [
                3.97896251826648e-12,
                0.0,
                0.0,
                4.847368684864688e-11,
                0.9999999999475473
            ]
        ],
        [
            [
                0.9999999633894052,
                3.65348207752013e-08,
                1.5737101520187617e-11,
                5.492788146184889e-11,
                5.109088837597747e-12
            ],
            [
                2.0206839005743714e-11,
                3.511422098696357e-12,
                2.413362761743701e-12,
                1.8189616799485373e-09,
                0.9999999981549066
            ],
            [
                4.508609439034685e-12,
                1.2501124391837128e-09,
                0.9999684242344344,
                1.0129775674113887e-05,
                2.1444735270381767e-05
            ],
            [
                2.4133306932293528e-12,
                8.423351789139575e-12,
                9.544908049501192e-12,
                1.300712476006527e-05,
                0.9999869928548583
            ],
            [
                7.433680636441552e-12,
                0.0,
                0.0,
                4.599055356435193e-10,
                0.9999999995326607
            ]
        ],
        [
            [
                0.9968273165188326,
                0.003172683083036242,
                1.0229322652900328e-10,
                2.7806181884823435e-10,
                1.7775897362214592e-11
            ],
            [
                0.14804720142124686,
                0.8519527836911156,
                1.0105106333783639e-08,
                3.717460871050327e-09,
                1.0650703716959793e-09
            ],
            [
                1.4754745001304532e-10,
                7.109234267599547e-09,
                1.61805426125871e-07,
                0.3208212462410631,
                0.6791785846967291
            ],
            [
                4.50875515799948e-12,
                9.545034744387381e-12,
                7.433680533372659e-12,
                1.7257827665309174e-08,
                0.9999999827206848
            ],
            [
                1.0815941521282906e-11,
                2.129785163866416e-12,
                0.0,
                6.691586069018646e-10,
                0.9999999993178956
            ]
        ],
        [
            [
                0.9999832982449629,
                1.6701415101483024e-05,
                4.277714695827026e-11,
                2.1724027746912966e-10,
                7.991823187527249e-11
            ],
            [
                8.87826529221137e-13,
                2.41336272120568e-12,
                2.41336272120568e-12,
                1.955568067761134e-08,
                0.9999999804386048
            ],
            [
                1.381544701109079e-11,
                2.774906710516068e-10,
                6.656655150920504e-10,
                0.005220125684489458,
                0.9947798733585389
            ],
            [
                2.129785161895825e-12,
                0.0,
                0.0,
                2.6465736276507745e-09,
                0.9999999973512965
            ],
            [
                1.7832472845398926e-11,
                0.0,
                0.0,
                1.0261879595593218e-10,
                0.9999999998795488
            ]
        ],
        [
            [
                0.9999997616735778,
                2.3823698441109385e-07,
                2.9400779572374424e-11,
                5.492788758144438e-11,
                5.109089406808795e-12
            ],
            [
                1.879528736359459e-12,
                4.508755049953906e-12,
                3.511421963581253e-12,
                4.139937542177792e-08,
                0.9999999585907249
            ],
            [
                6.5542218467025965e-12,
                1.0252527963527271e-10,
                1.6903560931915279e-10,
                0.0009110514004080656,
                0.9990889483214768
            ],
            [
                8.878265330633327e-13,
                1.8795287852442485e-12,
                1.006039262532399e-12,
                1.5229979491127958e-08,
                0.9999999847662471
            ],
            [
                5.109089015124969e-12,
                0.0,
                0.0,
                1.9171715089032296e-10,
                0.9999999998031737
            ]
        ],
        [
            [
                0.9999724641950611,
                2.7535689832178352e-05,
                2.93999944908971e-11,
                7.991747078140161e-11,
                5.789202166196624e-12
            ],
            [
                1.221718366243127e-11,
                2.7806181849528434e-10,
                4.584464347227336e-10,
                0.0031726830646373436,
                0.9968273161866372
            ],
            [
                3.173541751557703e-11,
                7.222947734038037e-10,
                2.5210564755614626e-09,
                0.047425875184912106,
                0.9525741215400012
            ],
            [
                0.0,
                3.978955473674782e-12,
                3.0988136387041733e-12,
                1.3709566531026188e-06,
                0.9999986290362691
            ],
            [
                5.211412461898067e-10,
                0.0,
                0.0,
                1.0261879580523614e-10,
                0.9999999993762398
            ]
        ],
        [
            [
                0.9999998143861106,
                1.8553915972194008e-07,
                1.7832475162958638e-11,
                4.847369319191772e-11,
                8.423464819566537e-12
            ],
            [
                2.12978127506813e-12,
                6.560188167974983e-12,
                5.789345738610034e-12,
                1.0677030751887005e-06,
                0.9999989322824455
            ],
            [
                4.5447642689996357e-10,
                2.1897900557737572e-08,
                4.728625340737688e-06,
                0.3208197697230984,
                0.679175479299184
            ],
            [
                1.9507444595410282e-11,
                5.700910967029878e-10,
                6.459978443361613e-10,
                0.14804720343242636,
                0.8519527953319772
            ],
            [
                1.783247283418583e-11,
                0.0,
                0.0,
                2.7894680812995465e-10,
                0.9999999997032207
            ]
        ],
        [
            [
                0.9999832984715149,
                1.6701415097695218e-05,
                3.331487554110577e-11,
                7.052759207397012e-11,
                9.544871649327025e-12
            ],
            [
                4.505557284947427e-12,
                6.21972997896318e-11,
                4.843930578109217e-11,
                0.0007096703399347987,
                0.999290329544923
            ],
            [
                4.269546967023941e-11,
                8.575614325144329e-10,
                5.592002985997796e-09,
                0.0019267343198427413,
                0.9980732591878975
            ],
            [
                1.9984836695228727e-11,
                2.7588216075572093e-10,
                4.0140617534589243e-10,
                0.010986942332250444,
                0.9890130569704764
            ],
            [
                7.991959859808509e-11,
                0.0,
                0.0,
                6.691586063540458e-10,
                0.9999999992509219
            ]
        ],
        [
            [
                0.9975273767146468,
                0.0024726229661152462,
                9.033683997241348e-11,
                1.9124309172233587e-10,
                3.765799756227449e-11
            ],
            [
                3.5114221014083873e-12,
                0.0,
                0.0,
                7.582560402067954e-10,
                0.9999999992382325
            ],
            [
                6.560200664489144e-12,
                2.0206840619042728e-11,
                1.5737103297509547e-11,
                8.315279890085773e-07,
                0.9999991684295068
            ],
            [
                2.4133626385430986e-12,
                3.5114219194405384e-12,
                5.109088745888149e-12,
                5.3157849608334053e-08,
                0.9999999468311165
            ],
            [
                3.775134531462942e-11,
                0.0,
                0.0,
                3.5817479181235515e-10,
                0.9999999996040738
            ]
        ],
        [
            [
                0.9999921106570233,
                7.889265045999732e-06,
                2.289717495225729e-11,
                4.847331975431201e-11,
                6.560150458368709e-12
            ],
            [
                1.3887943832271963e-11,
                0.0,
                0.0,
                2.7894680863025494e-10,
                0.9999999997071654
            ],
            [
                3.671655763689091e-10,
                2.5740294130851683e-08,
                9.658983324589045e-07,
                0.904649631434629,
                0.09534937655957881
            ],
            [
                3.5114224797765013e-12,
                3.978962951022821e-12,
                1.2256068722961106e-11,
                8.764249133950737e-08,
                0.9999999123377622
            ],
            [
                6.560200152759215e-12,
                0.0,
                0.0,
                2.7894680863229895e-10,
                0.999999999714493
            ]
        ],
        [
            [
                0.9914225133890985,
                0.008577485678959239,
