{
    "[['E', 'D', 'C', 'B', 'A'], ['E', 'D', 'C', 'B', 'A']]": [
        [
            [
                0.999999855463146,
                1.4449803161694813e-07,
                5.109089275778812e-12,
                2.2897349566639323e-11,
                1.0815942081699385e-11
            ],
            [
                0.9999989322751636,
                1.067703075358651e-06,
                3.5114156907025924e-12,
                1.0815921774057271e-11,
                7.433667075551395e-12
            ],
            [
                5.675685232236207e-14,
                5.789356328326195e-12,
                0.9999999999850657,
                3.978962535559261e-12,
                5.1090890277063934e-12
            ],
            [
                0.0,
                4.7791949105975677e-11,
                4.2176247054504154e-11,
                0.014063627271434764,
                0.985936372638597
            ],
            [
                2.7346934360609157e-12,
                5.789346049571531e-12,
                5.789346049571531e-12,
                1.3709566522090574e-06,
                0.9999986290290344
            ]
        ],
        [
            [
                0.9999999585873505,
                4.1399375448946186e-08,
                2.7346981767258504e-12,
                6.560199892604511e-12,
                3.9789623687081605e-12
            ],
            [
                0.9999999123349544,
                8.764249138325538e-08,
                4.508755715012334e-12,
                1.22560687290789e-11,
                5.789356935711949e-12
            ],
            [
                1.073223875197865e-08,
                1.5928054574242452e-06,
                0.3771870735620487,
                0.6218763697482431,
                0.0009349531520119659
            ],
            [
                1.006018256935052e-12,
                8.423287736501664e-12,
                6.560063085223258e-12,
                2.1444939738609825e-05,
                0.999978555044272
            ],
            [
                3.7751344679033275e-11,
                9.545034729732438e-12,
                9.545034729732438e-12,
                1.522997943659078e-08,
                0.9999999847131792
            ]
        ],
        [
            [
                0.9999996071741277,
                3.9278636960549893e-07,
                5.789356550664596e-12,
                2.2897349334221306e-11,
                1.0815941971912888e-11
            ],
            [
                0.9999646437195114,
                3.53562575087952e-05,
                2.7345995183870705e-12,
                1.5736533706314216e-11,
                4.508592392811089e-12
            ],
            [
                3.5002817278182866e-12,
                5.4753618559211595e-11,
                6.204397817018169e-11,
                0.003172683066829755,
                0.9968273168128724
            ],
            [
                0.0,
                1.2237661124897479e-11,
                1.571346792517986e-11,
                0.0015011820280498387,
                0.9984988179439991
            ],
            [
                1.879528777941466e-12,
                1.879528777941466e-12,
                2.7346982354326727e-12,
                1.955568068625905e-08,
                0.9999999804378257
            ]
        ],
        [
            [
                0.9999999777971652,
                2.215948927117122e-08,
                6.560200019481666e-12,
                2.289734793753887e-11,
                1.3887943550225157e-11
            ],
            [
                0.9999999634055545,
                3.653482077866398e-08,
                8.423463441242352e-12,
                4.27778770989956e-11,
                8.423463441242352e-12
            ],
            [
                1.9810087974249957e-13,
                4.277787867621568e-11,
                0.9999999998343265,
                4.277787867621568e-11,
                7.991959890436602e-11
            ],
            [
                0.0,
                1.0077303375422484e-10,
                1.8826881292951146e-10,
                0.017986211548703144,
                0.9820137881622549
            ],
            [
                1.3887943369385099e-11,
                1.2256067006752619e-11,
                1.7832472271810457e-11,
                3.224186622204498e-08,
                0.9999999677141573
            ]
        ],
        [
            [
                0.9999999397260013,
                6.023574637031002e-08,
                5.789357096801655e-12,
                2.020684177105339e-11,
                1.225606907010581e-11
            ],
            [
                0.9999998874439054,
                1.1253518378232561e-07,
                3.5114223961703333e-12,
                1.3887944983435281e-11,
                3.5114223961703333e-12
            ],
            [
                2.0384853817652607e-09,
                3.884669229812221e-07,
                0.9890027638579826,
                0.010986826942618825,
                1.0018693990271776e-05
            ],
            [
                3.5082221490001816e-12,
                4.842951291707673e-11,
                7.984676807603103e-11,
                0.0009110514032710974,
                0.9990889484649444
            ],
            [
                9.056076656611381e-11,
                3.331544419639939e-11,
                4.847368527995289e-11,
                3.224186618678631e-08,
                0.9999999675857839
            ]
        ],
        [
            [
                0.9999998144339449,
                1.8553915980504597e-07,
                2.734698638603447e-12,
                1.5737104103776623e-11,
                8.42346482333954e-12
            ],
            [
                0.999999939751287,
                6.023574638443763e-08,
                2.413363092578871e-12,
                8.423464873980992e-12,
                2.129785454012834e-12
            ],
            [
                1.734370820997298e-10,
                1.073017231228648e-08,
                2.767345273891847e-07,
                0.9046502830185916,
                0.0953494293432716
            ],
            [
                0.0,
                1.4662389897474637e-10,
                1.4662389897474637e-10,
                0.01798621153420296,
                0.9820137881725493
            ],
            [
                1.8795287852345053e-12,
                3.0988190871093024e-12,
                3.978962469565448e-12,
                1.522997949104901e-08,
                0.9999999847610632
            ]
        ],
        [
            [
                0.9999996071964777,
                3.927863696142777e-07,
                3.0988192575837642e-12,
                9.545035288961175e-12,
                4.508755415237926e-12
            ],
            [
                0.9999921107031315,
                7.889265042318466e-06,
                7.433624340317477e-12,
                1.783233777462006e-11,
                6.56015045530763e-12
            ],
            [
                8.258073277945547e-14,
                1.783247289171256e-11,
                0.9999999991212101,
                1.0261879622244874e-10,
                7.582560420924064e-10
            ],
            [
                8.229919815692089e-12,
                2.7253751428044124e-10,
                3.9653974343942747e-10,
                0.022977367766681623,
                0.9770226315560112
            ],
            [
                6.560200645314846e-12,
                5.789356749823815e-12,
                1.2256068335553717e-11,
                2.382369840785258e-07,
                0.9999997617384103
            ]
        ],
        [
            [
                0.9999996071793698,
                3.927863696075579e-07,
                4.50875541516079e-12,
                2.0206839864953674e-11,
                9.545035288797878e-12
            ],
            [
                0.9999991684437302,
                8.31527989972773e-07,
                5.109089420533925e-12,
                1.5737103315757458e-11,
                7.433681243393542e-12
            ],
            [
                1.299119924700826e-10,
                1.3251383488647228e-08,
                1.8292970643705524e-07,
                0.9859361824567455,
                0.01406362123225247
            ],
            [
                2.129228950837427e-12,
                1.2252866618317931e-11,
                2.28913685266287e-11,
                0.0002611903263515952,
                0.999738809636375
            ],
            [
                1.081594148299092e-11,
                3.9789625085057206e-12,
                4.508755211324156e-12,
                2.9989608042574262e-09,
                0.9999999969817355
            ]
        ],
        [
            [
                0.9999999006617714,
                9.931195240883441e-08,
                3.9789629079345534e-12,
                1.5737103578536324e-11,
                6.560200781638534e-12
            ],
            [
                0.9999952148757438,
                4.785094845065568e-06,
                5.789323528647534e-12,
                1.783237187677773e-11,
                5.789323528647534e-12
            ],
            [
                6.943145320102425e-09,
                1.4993019138569556e-06,
                0.8517081009995305,
                0.1480046763843937,
                0.00028571637101660236
            ],
            [
                0.0,
                5.55047310957612e-10,
                1.3314892812390885e-09,
                0.06008665423278936,
                0.9399133438806739
            ],
            [
                1.291779934685737e-12,
                1.879528714543808e-12,
                2.129785055379997e-12,
                5.3157849659558576e-08,
                0.9999999468368492
            ]
        ],
        [
            [
                0.999999993638254,
                6.348800071905068e-09,
                2.413362755054849e-12,
                7.433680620671186e-12,
                3.098819117177979e-12
            ],
            [
                0.9999999397338285,
                6.023574637551773e-08,
                5.1090897063253155e-12,
                2.020684177280038e-11,
                5.1090897063253155e-12
            ],
            [
                2.1670310429436809e-10,
                5.30255013174438e-08,
                1.666013315924114e-05,
                0.997510704794725,
                0.0024725818299113213
            ],
            [
                0.0,
                6.191653793754609e-11,
                7.016062918318381e-11,
                0.005220125690062777,
                0.9947798741778601
            ],
            [
                5.10895297393249e-12,
                3.3314558237286375e-11,
                3.775034013118575e-11,
                2.7535689798912837e-05,
                0.9999724642340273
            ]
        ],
        [
            [
                0.9999997617488684,
                2.3823698430966411e-07,
                2.734698493155414e-12,
                7.433681220258695e-12,
                3.9789628291104594e-12
            ],
            [
                0.9999996940561867,
                3.0590235888816353e-07,
                5.7893570552115325e-12,
                1.7832475145865038e-11,
                1.7832475145865038e-11
            ],
            [
                8.258073284882353e-14,
                6.560200167618698e-12,
                0.9999999999889639,
                2.7346982913688197e-12,
                1.6586783587789416e-12
            ],
            [
                1.6583400307903083e-12,
                1.225356751861197e-11,
                3.7743645130183295e-11,
                0.00020342706065058617,
                0.9997965728876939
            ],
            [
                7.052879507567571e-11,
                2.289734734112955e-11,
                2.289734734112955e-11,
                4.1399375171294986e-08,
                0.9999999584843013
            ]
        ],
        [
            [
                0.999999963442384,
                3.653482078254465e-08,
                3.978962388302253e-12,
                1.2256066989659731e-11,
                6.560199924909708e-12
            ],
            [
                0.9999869928054405,
                1.3007124765068835e-05,
                1.3887759270686726e-11,
                4.847304276536681e-11,
                7.433581866155626e-12
            ],
            [
                4.337365870690318e-09,
                3.445593202495622e-07,
                0.0040623259756386604,
                0.9940184182104524,
                0.0019189069172227133
            ],
            [
                0.0,
                8.419833666949898e-12,
                9.540921494784262e-12,
                0.0004305571175974776,
                0.9995694428644418
            ],
            [
                9.54503562059721e-12,
                1.3887944880193858e-11,
                3.775134820247179e-11,
                2.3823698416566671e-07,
                0.9999997617018315
            ]
        ],
        [
            [
                0.9999999677294028,
                3.2241866319017174e-08,
                5.10908886111637e-12,
                1.783247232544426e-11,
                5.789356139554968e-12
            ],
            [
                0.9999898699808385,
                1.0129988099963617e-05,
                4.508712586235545e-12,
                1.57369532225868e-11,
                1.081583923071895e-11
            ],
            [
                3.7378380217260044e-09,
                6.286077009374028e-07,
                0.970679721146787,
                0.029311988498153613,
                7.658009520321606e-06
            ],
            [
                0.0,
                8.790620206644548e-11,
                1.2790276929837098e-10,
                0.029312227886833256,
                0.9706877718973578
            ],
            [
                8.423463390060088e-12,
                8.423463390060088e-12,
                2.594609386030728e-11,
                4.1399375396867834e-08,
                0.9999999585578316
            ]
        ],
        [
            [
                0.9999999894896735,
                1.046740167854753e-08,
                7.433680589831964e-12,
                2.5946094694740782e-11,
                9.545034816882563e-12
            ],
            [
                0.9999251537647665,
                7.484619706100187e-05,
                8.422837895972285e-12,
                2.0205337733737725e-11,
                9.544325732253638e-12
            ],
            [
                7.052839690464355e-11,
                5.315754985174992e-08,
                0.9999937556890415,
                6.144171507291469e-06,
                4.691137309315552e-08
            ],
            [
                5.778203521399619e-12,
                1.3151130597610206e-10,
                1.6886385945511352e-10,
                0.0019267343268523892,
                0.9980732653669943
            ],
            [
                1.573710196786398e-11,
                1.0815941461753226e-11,
                1.0815941461753226e-11,
                4.944450458266482e-09,
                0.9999999950181806
            ]
        ],
        [
            [
                0.9999999881104652,
                1.1861120004865637e-08,
                5.109088964968936e-12,
                2.0206838840679018e-11,
                3.0988191004531437e-12
            ],
            [
                0.999999814429735,
                1.8553915973003409e-07,
                5.109089674300731e-12,
                2.0206841646140693e-11,
                5.789357061013569e-12
            ],
            [
                1.3176515225446337e-10,
                2.3823698402333074e-07,
                0.9999996409440467,
                1.1253518287851694e-07,
                8.152021305524821e-09
            ],
            [
                0.0,
                2.4569545257664454e-10,
                2.4569545257664454e-10,
                0.22270014382693154,
                0.7772998556816776
            ],
            [
                3.978962449925952e-12,
                5.1090889177510485e-12,
                3.5114220375600667e-12,
                1.5229979415876367e-08,
                0.9999999847574211
            ]
        ],
        [
            [
                0.9999999677357578,
                3.2241866313268117e-08,
                3.978962405109331e-12,
                1.3887943408678784e-11,
                4.508755094160697e-12
            ],
            [
                0.9999998554805901,
                1.4449803162949539e-07,
                3.978962729103762e-12,
                1.3887944539530465e-11,
                3.511422283933619e-12
            ],
            [
                5.201303939028406e-10,
                4.682064596134413e-08,
                1.2982067468550734e-05,
                0.9980602609470647,
                0.001926709644690404
            ],
            [
                1.6579635522616246e-12,
                1.782478801239872e-11,
                2.0198130962493717e-11,
                0.00043055711887879323,
                0.9995694428414403
            ],
            [
                7.43368057351225e-12,
                4.5087551823453714e-12,
                6.560200080927838e-12,
                1.186111999363563e-08,
                0.9999999881203773
            ]
        ],
        [
            [
                0.9999998554680306,
                1.4449803162768056e-07,
                6.560200486714011e-12,
                1.7832473774082882e-11,
                9.545035386343032e-12
            ],
            [
                0.9999999715211471,
                2.845334726468707e-08,
                5.789356160839351e-12,
                1.573710165048703e-11,
                3.978962420447349e-12
            ],
            [
                3.610036214068769e-08,
                7.795507591027028e-06,
                0.32079188765310185,
                0.6791164711340417,
                8.38096049032899e-05
            ],
            [
                8.877859878013721e-13,
                8.42307893148003e-12,
                1.7831658237873097e-11,
                4.539785568260947e-05,
                0.9999546021171749
            ],
            [
                2.0206840044901382e-11,
                1.2256068023141694e-11,
                1.7832473750647837e-11,
                1.444980314377844e-07,
                0.9999998554516731
            ]
        ],
        [
            [
                0.999999989493776,
                1.0467401678590472e-08,
                5.1090889713690194e-12,
                2.2897348202369282e-11,
                1.0815941437263848e-11
            ],
            [
                0.9999989322829881,
                1.0677030761453726e-06,
                2.4133583593765365e-12,
                8.423448353481558e-12,
                3.098813473015301e-12
            ],
            [
                0.0,
                1.0173849082356742e-10,
                1.3063480807291313e-10,
                0.008577485664131928,
                0.9914225141034948
            ],
            [
                1.139950677576541e-12,
                7.433412174574375e-12,
                2.020610923759176e-11,
                3.535625748800949e-05,
                0.9999646437137325
            ],
            [
                1.1399897670622134e-12,
                3.5114156880991715e-12,
                4.5087469920754115e-12,
                2.260325270980639e-06,
                0.9999977396655689
            ]
        ],
        [
            [
                0.9999999123412413,
                8.764249142874294e-08,
                2.7346985797288805e-12,
                8.423464641993108e-12,
                5.109089566374121e-12
            ],
            [
                0.9999921106886484,
                7.889265044925999e-06,
                9.544962594231055e-12,
                2.5945898373219587e-11,
                1.0815859598233642e-11
            ],
            [
                7.551255883895071e-10,
                7.702490404143497e-08,
                5.8053994647640396e-05,
                0.9958719670514978,
                0.004069901173824887
            ],
            [
                0.0,
                1.2249291329872396e-11,
                1.3880265521609794e-11,
                0.0005527785817792209,
                0.9994472213920912
            ],
            [
                9.545034689212796e-12,
                7.433680490402649e-12,
                7.433680490402649e-12,
                1.7257827565551183e-08,
                0.9999999827177601
            ]
        ],
        [
            [
                0.9999996071356989,
                3.9278636972319606e-07,
                1.2256067917606139e-11,
                4.2777880342390603e-11,
                2.2897349341082424e-11
            ],
            [
                0.9999986290129707,
                1.3709566542031947e-06,
                5.109079964168697e-12,
                1.7832441272045608e-11,
                7.433667484463323e-12
            ],
            [
                7.287724094783683e-14,
                1.5737102104625746e-11,
                0.9999999999063156,
                2.940077738866517e-11,
                4.847368705581163e-11
            ],
            [
                1.6581217420892338e-12,
                1.5731821073465253e-11,
                1.5731821073465253e-11,
                0.0003353500538511023,
                0.9996646499130272
            ],
            [
                5.789356299376028e-12,
                2.1297851601568223e-12,
                2.413362759596386e-12,
                2.061153611987588e-09,
                0.9999999979285139
            ]
        ],
        [
            [
                0.9999999530464678,
                4.691163798428565e-08,
                5.109088784754759e-12,
                2.2897347366022186e-11,
                1.3887943203582767e-11
            ],
            [
                0.9999997617479583,
                2.3823698437345835e-07,
                3.098819367953029e-12,
                9.545035628922443e-12,
                2.413362950358655e-12
            ],
            [
                6.560175782622276e-12,
                2.6465638010835644e-09,
                0.9999964474444455,
                2.902309620164696e-06,
                6.475928103476773e-07
            ],
            [
                0.0,
                3.675810760747634e-10,
                8.817811619255903e-10,
                0.6224593232452056,
                0.37754067550543224
            ],
            [
                7.834997954249103e-13,
                3.978940276712564e-12,
                3.098801803298097e-12,
                6.144172121814283e-06,
                0.999993855820017
            ]
        ],
        [
            [
                0.9999999226265023,
                7.734422802153509e-08,
                5.109089619276961e-12,
                1.5737103927929105e-11,
                8.423464729215145e-12
            ],
            [
                0.9999991684356979,
                8.315279900110301e-07,
                6.560200672397828e-12,
                2.0206840643403187e-11,
                9.54503565651139e-12
            ],
            [
                0.0,
                9.09480405874069e-10,
                2.801396869934117e-09,
                0.49999999790538563,
                0.499999998383737
            ],
            [
                0.0,
                3.317986317264793e-11,
                6.198814524045377e-11,
                0.0040701377733470935,
                0.9959298621314849
            ],
            [
                1.0261879549059303e-10,
                5.7893562821068944e-12,
                6.56020011532214e-12,
                5.602796392415944e-09,
                0.9999999942822353
            ]
        ],
        [
            [
                0.9999998554837397,
                1.4449803163879893e-07,
                4.508755461584783e-12,
                1.2256068040191391e-11,
                1.4637785853189348e-12
            ],
            [
                0.999998629009916,
                1.3709566540912112e-06,
                5.7893460575195854e-12,
                2.0206803240172964e-11,
                7.433667483856119e-12
            ],
            [
                5.008774637502165e-14,
                3.5114221131372134e-12,
                0.9999999999867792,
                3.0988191385106453e-12,
                6.56020016770671e-12
            ],
            [
                1.6582451744900179e-12,
                2.020156182359032e-11,
                1.7827815736689668e-11,
                0.0002611903263893226,
                0.999738809633923
            ],
            [
                8.423448342852273e-12,
                4.277780042304399e-11,
                5.4927783013184106e-11,
                2.2603252714697353e-06,
                0.9999977395685995
            ]
        ],
        [
            [
                0.9999999748652542,
                2.510999091475834e-08,
                4.508755126894807e-12,
                1.573710170407726e-11,
                4.508755126894807e-12
            ],
            [
                0.9999996071787692,
                3.9278636974011354e-07,
                5.109089225670316e-12,
                2.020683987177298e-11,
                9.54503529201909e-12
            ],
            [
                1.1225758893379633e-10,
                4.773314144183294e-09,
                3.112591813873259e-08,
                0.14804719826840154,
                0.8519527657201086
            ],
            [
                0.0,
                1.388511108892738e-11,
                1.57338921510791e-11,
                0.00020342706080679694,
                0.9997965729095741
            ],
            [
                3.5114222813704173e-12,
                6.560200482007713e-12,
                1.2256068030455827e-11,
                1.4449803152401744e-07,
                0.9999998554796408
            ]
        ],
        [
            [
                0.9999991684501365,
                8.315279896460614e-07,
                5.109089418526538e-12,
                1.2256068380772037e-11,
                4.5087555868774005e-12
            ],
            [
                0.9999998554825319,
                1.444980316386244e-07,
                3.5114222841554617e-12,
                1.0815942083321891e-11,
                5.109089276545231e-12
            ],
            [
                9.357622967132676e-14,
                2.0206839086535e-11,
                0.9999999998880573,
                2.940077738747992e-11,
                6.224144621772055e-11
            ],
            [
                0.0,
                7.430477131396027e-12,
                5.786861408525392e-12,
                0.0004305571175995199,
                0.9995694428691831
            ],
            [
                7.991959796602638e-11,
                1.2256067296339987e-11,
                1.2256067296339987e-11,
                6.348800039502367e-09,
                0.9999999935467682
            ]
        ],
        [
            [
                0.9999998874364352,
                1.1253518378148494e-07,
                3.098819388263348e-12,
                1.573710337413932e-11,
                9.54503569148263e-12
            ],
            [
                0.9999999226332635,
                7.734422801060974e-08,
                3.5114225192152956e-12,
                1.3887945470087548e-11,
                5.109089618555271e-12
            ],
            [
                6.101936660380927e-13,
                1.4930946719824933e-10,
                0.9999999972677853,
                5.211412473177893e-10,
                2.061153616620384e-09
            ],
            [
                2.731497609306228e-12,
                2.93663668153873e-11,
                4.272781159491737e-11,
                0.0011695103422943805,
                0.9988304895828799
            ],
            [
                2.413362764010245e-12,
                1.6586783535375886e-12,
                1.879528810446549e-12,
                1.8189616816568412e-09,
                0.9999999981750867
            ]
        ],
        [
            [
                0.9999999881008016,
                1.1861120004024688e-08,
                4.508755186294553e-12,
                1.783247268666102e-11,
                1.5737101911402746e-11
            ],
            [
                0.9999996071911218,
                3.9278636976901795e-07,
                3.511422249448077e-12,
                1.3887944403137502e-11,
                5.109089226046285e-12
            ],
            [
                3.331131672249209e-11,
                2.9985891712018383e-09,
                1.067570674052989e-06,
                0.9998755350048828,
                0.0001233943925426222
            ],
            [
                0.0,
                1.387528776358562e-11,
                1.387528776358562e-11,
                0.0009110514034838751,
                0.9990889485687656
            ],
            [
                1.3887943825932247e-11,
                2.1297851649700687e-12,
                1.879528811256707e-12,
                9.736200285646178e-10,
                0.9999999990084827
            ]
        ],
        [
            [
                0.9999998554775479,
                1.4449803163790423e-07,
                3.0988192894182754e-12,
                1.3887944540338653e-11,
                7.433681033854179e-12
            ],
            [
                0.9999996072006846,
                3.927863694623756e-07,
                2.4133628634696663e-12,
                7.433680954612332e-12,
                3.0988192563853592e-12
            ],
            [
                1.026117564539554e-10,
                1.3439487911031559e-08,
                1.0129398653120588e-05,
                0.9999315663946516,
                5.829066459557657e-05
            ],
            [
                0.0,
                7.960062754218042e-10,
                2.163769393818456e-09,
                0.1824255142823946,
                0.8175744827578297
            ],
            [
                6.914399863249167e-13,
                1.0060392438264803e-12,
                1.463778462536516e-12,
                3.224186623623534e-08,
                0.9999999677549725
            ]
        ],
        [
            [
                0.9999996071969809,
                3.9278636965413133e-07,
                2.7346983967646405e-12,
                1.0815941973252051e-11,
                3.0988192578981825e-12
            ],
            [
                0.9999998874469226,
                1.1253518376600797e-07,
                3.098819387837167e-12,
                1.081594242678367e-11,
                3.97896285570767e-12
            ],
            [
                2.244777050410391e-13,
                1.3176514243032014e-10,
                0.9999999980166128,
                2.461696946759266e-10,
                1.6052280518886083e-09
            ],
            [
                1.8794609287503217e-12,
                6.559963216488376e-12,
                7.433412170939086e-12,
                3.535625747071861e-05,
                0.9999646437266565
            ],
            [
                8.878265342959138e-13,
                1.0060392639290965e-12,
                7.8350416654856e-13,
                1.344040974600683e-08,
                0.9999999865569129
            ]
        ],
        [
            [
                0.9999994956203084,
                5.043472048727713e-07,
                5.1090892639738415e-12,
                1.7832473731555e-11,
                9.545035363579497e-12
            ],
            [
                0.9999996071928865,
                3.9278636976971114e-07,
                3.978962690033546e-12,
                1.2256067919057542e-11,
                4.50875541702213e-12
            ],
            [
                0.0,
                3.3141534538896015e-11,
                4.82206482213663e-11,
                0.005220125693271675,
                0.9947798742253661
            ],
            [
                0.0,
                2.27495697223673e-10,
                3.3100428632302597e-10,
                0.07585817578326168,
                0.9241418236582384
            ],
            [
                1.1628233731540404e-10,
                2.940077916605795e-11,
                3.331544743097794e-11,
                1.2751906683963495e-07,
                0.9999998723019347
            ]
        ],
        [
            [
                0.9999998874395156,
                1.1253518377402287e-07,
                3.978962855991057e-12,
                1.3887944982410642e-11,
                7.433681270478263e-12
            ],
            [
                0.999998932282667,
                1.0677030758918617e-06,
                3.0988134722795324e-12,
                8.423448351481531e-12,
                2.7346932909741026e-12
            ],
            [
                7.542259158992477e-10,
                4.427192020613913e-07,
                0.0052196254106286165,
                0.9946843303879809,
                9.56007279625938e-05
            ],
            [
                9.373352245795784e-12,
                2.7392950601261183e-10,
                6.57122724262266e-10,
                0.017986211534686023,
                0.9820137875248884
            ],
            [
                1.2917799734899064e-12,
                1.6586783187292567e-12,
                3.51142202830492e-12,
                2.2159489236505698e-08,
                0.9999999778340488
            ]
        ],
        [
            [
                0.999999761730529,
                2.3823698438583707e-07,
                5.109089406267153e-12,
                1.7832474228207458e-11,
                9.545035629418401e-12
            ],
            [
                0.9999993523744327,
                6.475946143733155e-07,
                6.560200313862413e-12,
                1.7832473304223524e-11,
                6.560200313862413e-12
            ],
            [
                6.653799098783018e-10,
                1.8449158363255476e-07,
                0.00042831036705490085,
                0.9943536159365602,
                0.005217888539421315
            ],
            [
                3.0977792400260797e-12,
                2.939091110872292e-11,
                6.222055930542806e-11,
                0.0003353500536819424,
                0.9996646498516087
            ],
            [
                1.783247275415059e-11,
                6.560200111501891e-12,
                9.545034840412618e-12,
                5.602796389153227e-09,
                0.9999999943632658
            ]
        ],
        [
            [
                0.9999998144396959,
                1.8553915974841332e-07,
                3.0988195309915903e-12,
                1.2256068995556498e-11,
                5.789357061587054e-12
            ],
            [
                0.999993855783657,
                6.144172124370988e-06,
                7.433639089925771e-12,
                2.2897220373565063e-11,
                1.3887866178763969e-11
            ],
            [
                1.5929214507358962e-09,
                3.897746560074357e-07,
                0.005207282929384767,
                0.9923325794165372,
                0.002459746286500615
            ],
            [
                0.0,
                6.559161935077319e-12,
                9.543524302628008e-12,
                0.0001584362466448422,
                0.9998415637372525
            ],
            [
                2.413362759510845e-12,
                1.2917799981903073e-12,
                1.2917799981903073e-12,
                3.8507419031061456e-09,
                0.9999999961442612
            ]
        ],
        [
            [
                0.9999998874420276,
                1.1253518376545711e-07,
                3.0988193878219986e-12,
                1.2256068429309778e-11,
                7.433681269912439e-12
            ],
            [
                0.9999999950274099,
                4.944450474775161e-09,
                3.978962513977888e-12,
                1.573710202040749e-11,
                8.4234637081924e-12
            ],
            [
                2.141829276746987e-10,
                3.178756492204071e-08,
                2.71484483610378e-05,
                0.9859095749622214,
                0.014063244587669641
            ],
            [
                1.4637116421629883e-12,
                1.2255507532009118e-11,
                1.2255507532009118e-11,
                4.539785569021888e-05,
                0.9999546021183351
            ],
            [
                2.940077571444124e-11,
                1.573710120847825e-11,
                3.3315443519783806e-11,
                5.3157849509619524e-08,
                0.9999999467636972
            ]
        ],
        [
            [
                0.9999999748711428,
                2.510999090965186e-08,
                3.511422022788789e-12,
                1.2256067127917263e-11,
                3.0988190587784407e-12
            ],
            [
                0.9999832985482547,
                1.6701415097066205e-05,
                6.5600879517713025e-12,
                1.7832167872393047e-11,
                1.2255857796296562e-11
            ],
            [
                6.661841319540644e-09,
                4.431068014361671e-06,
                0.18234226425659603,
                0.8172013167883654,
                0.0004519812251829422
            ],
            [
                0.0,
                5.149912069771745e-10,
                2.3080304636298116e-09,
                0.32082128679374383,
                0.6791787103832344
            ],
            [
                1.7832472557850347e-11,
                9.545034735340668e-12,
                2.2897348006666507e-11,
                1.5229979445539226e-08,
                0.9999999847197457
            ]
        ],
        [
            [
                0.9999999634408216,
                3.6534820786699166e-08,
                5.109088839205627e-12,
                1.5737101525140238e-11,
                3.5114219835766407e-12
            ],
            [
                0.9998415637114592,
                0.00015843624884813735,
                5.788440093954504e-12,
                2.9396124368715017e-11,
                4.5080416779336845e-12
            ],
            [
                1.5428112026888138e-13,
                4.8473687046896447e-11,
                0.9999999997902063,
                2.940077738325784e-11,
                1.317651426579892e-10
            ],
            [
                0.0,
                2.0071589591949343e-11,
                2.920399053402634e-11,
                0.006692851418179314,
                0.9933071485325451
            ],
            [
                4.8473686011906564e-11,
                5.7893562032309676e-12,
