{
    "[['E', 'D', 'C', 'B', 'A'], ['E', 'D', 'C', 'B', 'A']]": [
        [
            [
                0.9999998144296883,
                1.8553915973002543e-07,
                3.511422557528389e-12,
                2.0206841646139753e-11,
                7.433681612621719e-12
            ],
            [
                0.9999970975420798,
                2.902312197859828e-06,
                2.2897261842320643e-11,
                1.0261840813939723e-10,
                2.0206762653516414e-11
            ],
            [
                2.7889789229681565e-10,
                4.690341364552581e-08,
                0.00015843353683924052,
                0.9998248205089217,
                1.6698771927449517e-05
            ],
            [
                8.379491987874474e-12,
                8.547314197874601e-10,
                2.4978913568606584e-08,
                0.9947798485963476,
                0.005220125561627774
            ],
            [
                3.5114219967107796e-12,
                2.1297851001944415e-12,
                3.5114219967107796e-12,
                3.224186630134293e-08,
                0.999999967748981
            ]
        ],
        [
            [
                0.999986992776712,
                1.3007124767416934e-05,
                1.573689293698403e-11,
                7.05278610767616e-11,
                1.225590454243402e-11
            ],
            [
                0.9999999677167906,
                3.2241866318610525e-08,
                4.508755094907788e-12,
                2.940077643176052e-11,
                7.433680429352046e-12
            ],
            [
                8.258073284975479e-14,
                7.433680671829691e-12,
                0.9999999999846401,
                5.109089027704219e-12,
                2.734698291399659e-12
            ],
            [
                4.844688918782812e-11,
                8.147514004865066e-09,
                3.0573320747153367e-07,
                0.9994469077278006,
                0.000552778343030911
            ],
            [
                2.289735125694104e-11,
                1.081594288014138e-11,
                1.78324750891667e-11,
                6.825604211147836e-08,
                0.9999999316924122
            ]
        ],
        [
            [
                0.9999993523062265,
                6.475946143740815e-07,
                2.0206839539060268e-11,
                7.052880007772049e-11,
                8.423463941572202e-12
            ],
            [
                0.9990889483342362,
                0.0009110514055597058,
                4.2738895167215156e-11,
                1.690356094391954e-10,
                4.8429512944515113e-11
            ],
            [
                9.293905653080755e-11,
                1.6473841944570632e-09,
                3.749429144457679e-08,
                0.3775406537750446,
                0.6224593069903407
            ],
            [
                4.7359830340278565e-11,
                4.263196066111292e-09,
                2.988734031572622e-07,
                0.9770223334834313,
                0.022977363332609666
            ],
            [
                2.413362763354639e-12,
                1.4637785089833933e-12,
                3.511422101040258e-12,
                2.6465736296112306e-09,
                0.9999999973460378
            ]
        ],
        [
            [
                0.9999999927561732,
                7.1941329739639765e-09,
                7.43368061411408e-12,
                3.7751345147033454e-11,
                4.508755206971626e-12
            ],
            [
                0.9999999225839973,
                7.734422798325093e-08,
                8.423464725045665e-12,
                5.4927889838504005e-11,
                8.423464725045665e-12
            ],
            [
                6.150692945992421e-11,
                1.7974959610492245e-09,
                4.6358031835241114e-08,
                0.320821291737396,
                0.6791786600455693
            ],
            [
                1.4990749352060994e-11,
                1.1908627232958909e-09,
                3.071275442851525e-08,
                0.9525740941668572,
                0.047425873914534795
            ],
            [
                5.1090889444930336e-12,
                3.098819088033882e-12,
                1.573710184944828e-11,
                1.5229979495593102e-08,
                0.9999999847460754
            ]
        ],
        [
            [
                0.9999996940455094,
                3.0590235888489726e-07,
                6.560200991294419e-12,
                3.331544960191722e-11,
                1.2256068981928657e-11
            ],
            [
                0.9999546019236304,
                4.539785569912697e-05,
                4.847147257693828e-11,
                1.4930264652335359e-10,
                2.2896302407448963e-11
            ],
            [
                9.055368984762342e-11,
                2.5108028456049872e-08,
                0.9999222267299479,
                7.484597796493285e-05,
                2.9020935049807924e-06
            ],
            [
                1.4930749233751438e-10,
                3.224144083038085e-08,
                2.9022820125463978e-06,
                0.9999869353676561,
                1.0129959583059499e-05
            ],
            [
                1.6586785657098866e-12,
                1.2917801658386145e-12,
                9.54503611286746e-12,
                6.825604227316686e-08,
                0.9999999317314622
            ]
        ],
        [
            [
                0.9999999006427217,
                9.931195241579098e-08,
                5.109089506203613e-12,
                2.940078014435211e-11,
                1.0815942569508691e-11
            ],
            [
                0.9999993523336109,
                6.475946142959602e-07,
                8.423463940556054e-12,
                5.4927884722989154e-11,
                8.423463940556054e-12
            ],
            [
                1.7759900481035097e-11,
                2.986756019220275e-09,
                1.439098269000426e-07,
                0.9959297154233099,
                0.004070137662347205
            ],
            [
                3.5815157105602697e-10,
                1.1252787859245183e-07,
                6.1438139983021245e-06,
                0.999935452415728,
                5.829088424361222e-05
            ],
            [
                8.423431977538166e-12,
                1.2256021208938451e-11,
                3.7751203028468954e-11,
                3.7266391135390695e-06,
                0.9999962733024558
            ]
        ],
        [
            [
                0.9999999585499328,
                4.139937545875886e-08,
                6.56019989415944e-12,
                3.331544403020606e-11,
                1.0815941105545399e-11
            ],
            [
                0.9996646497311249,
                0.00033535005396235503,
                2.2889664605795313e-11,
                1.492593626194135e-10,
                4.276352336675652e-11
            ],
            [
                1.6916881554481715e-10,
                5.315126185577491e-08,
                0.9998763139688138,
                0.0001233945033261359,
                2.382074293337029e-07
            ],
            [
                8.413604845803202e-12,
                6.683754190067347e-10,
                1.34246791570108e-08,
                0.9988304755692357,
                0.0011695103292962174
            ],
            [
                1.1399918293214204e-12,
                8.878265293705255e-13,
                1.8795287774265758e-12,
                1.955568068090184e-08,
                0.999999980440412
            ]
        ],
        [
            [
                0.9999977396112696,
                2.2603252731425144e-06,
                8.42344834908614e-12,
                4.847359841084716e-11,
                6.560188170429819e-12
            ],
            [
                0.9959298614843796,
                0.0040701377776559385,
                1.487018301818133e-10,
                4.5803388279096915e-10,
                1.3122890454411073e-10
            ],
            [
                3.7707161272361793e-11,
                3.846235014857482e-09,
                8.305554979849376e-07,
                0.9988296563326406,
                0.001169509227919134
            ],
            [
                5.789091606097995e-12,
                8.591773735952124e-10,
                4.139748417047681e-08,
                0.9999545598837325,
                4.539785381686211e-05
            ],
            [
                1.783247241236731e-11,
                7.43368046568072e-12,
                2.0206838528430874e-11,
                2.5109990859330894e-08,
                0.9999999748445361
            ]
        ],
        [
            [
                0.9999999881017699,
                1.186111999866927e-08,
                5.7893562542109254e-12,
                2.2897348161724292e-11,
                8.423463646043084e-12
            ],
            [
                0.9999994955262903,
                5.043472049581449e-07,
                2.0206840026686884e-11,
                9.056077409367234e-11,
                1.5737102836182353e-11
            ],
            [
                9.357622698432311e-14,
                3.331544445894544e-11,
                0.9999999711734611,
                1.9555680522748657e-08,
                9.237449395035386e-09
            ],
            [
                4.843930525879861e-11,
                1.1852707201311844e-08,
                2.380677610924638e-07,
                0.9992900796953005,
                0.0007096703357917574
            ],
            [
                5.109050312288088e-12,
                7.433624341231608e-12,
                2.5945898367834664e-11,
                7.889265043288629e-06,
                0.9999921106964681
            ]
        ],
        [
            [
                0.9999986289514794,
                1.3709566543720605e-06,
                1.5737074190040344e-11,
                6.224133581590277e-11,
                1.3887919228454586e-11
            ],
            [
                0.9947798735097794,
                0.00522012570153499,
                7.016062915491609e-11,
                5.874477556166255e-10,
                1.3107731178957332e-10
            ],
            [
                1.9372870274056442e-09,
                3.258015829671994e-07,
                0.9399040968039546,
                0.060086054139258493,
                9.521317917008995e-06
            ],
            [
                9.481147439445503e-12,
                7.53180831360884e-10,
                1.5128041398136218e-08,
                0.9933071327928645,
                0.00669285131643202
            ],
            [
                5.7893561369866186e-12,
                5.7893561369866186e-12,
                7.433680426147976e-12,
                3.224186630471361e-08,
                0.9999999677391214
            ]
        ],
        [
            [
                0.9999999397308237,
                6.023574636523365e-08,
                3.098819549579455e-12,
                2.2897351492305604e-11,
                7.433681657948406e-12
            ],
            [
                0.9999999530219199,
                4.6911637962769845e-08,
                8.423463349457257e-12,
                4.847368473202293e-11,
                9.545034463902597e-12
            ],
            [
                6.278904973861281e-09,
                1.3558659383060848e-06,
                0.008556447053031175,
                0.9889907276773519,
                0.0024514631247736693
            ],
            [
                1.7832167864869196e-11,
                3.850676051761291e-09,
                8.315144949268729e-07,
                0.9999824632019069,
                1.670141509001945e-05
            ],
            [
                1.2256021194406036e-11,
                5.492767623280121e-11,
                1.1628189149733578e-10,
                3.726639109120257e-06,
                0.9999962731774252
            ]
        ],
        [
            [
                0.9999996940123822,
                3.059023588747636e-07,
                7.433681604846475e-12,
                5.492789039979943e-11,
                2.2897351328740144e-11
            ],
            [
                0.9999921106209402,
                7.88926504626249e-06,
                2.0206685973977638e-11,
                7.991899334304467e-11,
                1.3887838629810745e-11
            ],
            [
                1.1628145332051163e-10,
                1.7257697832335927e-08,
                0.9999919078306572,
                7.889257803458548e-06,
                1.8553756001427478e-07
            ],
            [
                9.54092178647225e-12,
                1.6045363320073625e-09,
                8.760471538856891e-08,
                0.9995693536504469,
                0.0004305571307606023
            ],
            [
                1.8795287145347914e-12,
                1.6586782688957599e-12,
                6.5601998121238176e-12,
                5.315784965930356e-08,
                0.999999946832052
            ]
        ],
        [
            [
                0.9999998874040698,
                1.1253518378473386e-07,
                9.545035691758198e-12,
                4.277788213573945e-11,
                8.42346443303602e-12
            ],
            [
                0.9999998554360197,
                1.4449803163190347e-07,
                7.43368103354547e-12,
                4.277788076821381e-11,
                1.5737102871509085e-11
            ],
            [
                2.307849883496967e-09,
                7.251048787361744e-07,
                0.010977034024087388,
                0.988121188744354,
                0.0009010498188300047
            ],
            [
                6.5600879448810164e-12,
                1.8189305711498304e-09,
                2.3823289130561967e-07,
                0.9999830585265385,
                1.6701415079524136e-05
            ],
            [
                7.433680623348972e-12,
                2.413362755924199e-12,
                5.789356290566909e-12,
                5.6027964006033375e-09,
                0.9999999943815672
            ]
        ],
        [
            [
                0.999993855697264,
                6.144172124841466e-06,
                1.2255998887207042e-11,
                1.026182222971864e-10,
                1.573701407807052e-11
            ],
            [
                0.9999994955645577,
                5.043472046910993e-07,
                2.0206840015987607e-11,
                6.224144908063612e-11,
                5.78935659396689e-12
            ],
            [
                2.7107723645095876e-09,
                3.5504145358268583e-07,
                0.09527083807624721,
                0.9039045497268458,
                0.0008242544446809753
            ],
            [
                1.5564207266309003e-11,
                1.7989777611091812e-09,
                6.750614245590084e-08,
                0.9890129877577266,
                0.010986942921588869
            ],
            [
                3.978955257186477e-12,
                8.423448345564863e-12,
                1.5737073319240695e-11,
                2.260325272197624e-06,
                0.9999977396465883
            ]
        ],
        [
            [
                0.9999999397213202,
                6.023574637476428e-08,
                5.109089706261409e-12,
                2.940078129560523e-11,
                8.423464872628254e-12
            ],
            [
                0.9999970976434166,
                2.9023121989337506e-06,
                6.560175355216074e-12,
                2.940066618897301e-11,
                8.423431894025971e-12
            ],
            [
                1.6858524036767722e-09,
                7.70678513692519e-07,
                0.43779950590512684,
                0.5621456929955178,
                5.402873498914657e-05
            ],
            [
                1.2150929643911817e-11,
                9.652679013231706e-10,
                2.489458728628014e-08,
                0.9914224886690903,
                0.008577485458903555
            ],
            [
                9.544944614548171e-12,
                2.2897131818123913e-11,
                1.3176389603343182e-10,
                1.0129988094217504e-05,
                0.9999898698476998
            ]
        ],
        [
            [
                0.9999999748064459,
                2.5109990908027325e-08,
                1.3887943505784119e-11,
                6.224144461934519e-11,
                7.433680480097041e-12
            ],
            [
                0.9999724641779308,
                2.7535689828905417e-05,
                2.5945404071136946e-11,
                9.055835837819462e-11,
                1.573668304777754e-11
            ],
            [
                1.1674807483276758e-11,
                3.86616526339433e-10,
                1.862822744296556e-08,
                0.04742587446306775,
                0.9525741065104134
            ],
            [
                2.3498671784075208e-11,
                1.866730716218185e-09,
                9.480040806531239e-09,
                0.6224593170001751,
                0.3775406716295548
            ],
            [
                8.42346407906377e-12,
                7.433680958806379e-12,
                1.3887944400130905e-11,
                3.927863696839838e-07,
                0.9999996071838853
            ]
        ],
        [
            [
                0.9999999467928202,
                5.315784968447348e-08,
                5.789356017276539e-12,
                3.775134341185504e-11,
                5.789356017276539e-12
            ],
            [
                0.999999352377255,
                6.475946143751432e-07,
                4.508755342451533e-12,
                1.7832473304273853e-11,
                5.7893564573344104e-12
            ],
            [
                5.437723696328735e-09,
                1.507730071886649e-06,
                0.02930767730976323,
                0.9705370168740486,
                0.00015379264839261633
            ],
            [
                1.3886912692369973e-11,
                3.398015499880536e-09,
                1.8552518314674053e-07,
                0.999924964862115,
                7.484620079940825e-05
            ],
            [
                5.789279375091539e-12,
                9.544908047738966e-12,
                4.277731007493356e-11,
                1.3007124757663831e-05,
                0.9999869928171309
            ]
        ],
        [
            [
                0.9999993523652266,
                6.475946144519457e-07,
                5.7893564580210075e-12,
                2.594609556220384e-11,
                8.423463942585004e-12
            ],
            [
                0.999290329272703,
                0.0007096703447774757,
                3.3291815551237054e-11,
                2.7874895880414893e-10,
                7.047877407503494e-11
            ],
            [
                3.5813929006705494e-10,
                1.1252402002041777e-07,
                0.9999015247933831,
                9.610221694327824e-05,
                2.26010751427107e-06
            ],
            [
                1.0803283127345624e-11,
                2.6434762232276507e-09,
                1.8532216739494652e-07,
                0.9988303021774919,
                0.0011695098460612718
            ],
            [
                6.22414452986567e-11,
                8.423463628549841e-12,
                1.7832472641576273e-11,
                1.1861119974036948e-08,
                0.9999999880503827
            ]
        ],
        [
            [
                0.9999997617180726,
                2.382369843023274e-07,
                5.109089404476254e-12,
                2.5946096894347252e-11,
                1.3887944888160447e-11
            ],
            [
                0.9980732653726311,
                0.001926734334596633,
                3.325126546740412e-11,
                2.1682548763502118e-10,
                4.2695469997178275e-11
            ],
            [
                8.258073269573202e-14,
                1.7832472873633328e-11,
                0.9999999980979102,
                2.7894680874701737e-10,
                1.605228052078845e-09
            ],
            [
                7.432957653669524e-12,
                2.3353658730820323e-09,
                3.927485257025866e-07,
                0.9999035025130274,
                9.610239564808973e-05
            ],
            [
                7.433681268380922e-12,
                8.423464429857685e-12,
                2.289735029235328e-11,
                1.1253518374227217e-07,
                0.9999998874260618
            ]
        ],
        [
            [
                0.9999999715208,
                2.8453347262702846e-08,
                3.5114220113004184e-12,
                1.7832472389761214e-11,
                4.508755111226526e-12
            ],
            [
                0.9999997616644938,
                2.3823698433484182e-07,
                1.2256068348739858e-11,
                7.052880371696752e-11,
                1.5737103268444136e-11
            ],
            [
                3.774962054421942e-11,
                1.046692352817715e-08,
                8.314899327132106e-07,
                0.9999537601932968,
                4.539781209732488e-05
            ],
            [
                1.7830738416817943e-11,
                5.602251476561524e-09,
                3.9274852438818844e-07,
                0.9999034992360668,
                9.61023953264671e-05
            ],
            [
                1.2256066954165613e-11,
                6.560199905911075e-12,
                2.2897347541138558e-11,
                3.653482067673817e-08,
                0.9999999634234656
            ]
        ],
        [
            [
                0.9999999316922125,
                6.825604228845921e-08,
                7.433681600811486e-12,
                3.775135015789635e-11,
                6.560200987516233e-12
            ],
            [
                0.9999986289847111,
                1.3709566539345076e-06,
                7.433667483006433e-12,
                4.2777802790245606e-11,
                8.423448808981909e-12
            ],
            [
                1.5428112029118323e-13,
                2.594609497805486e-11,
                0.9999999998983968,
                3.7751345435938245e-11,
                3.7751345435938245e-11
            ],
            [
                8.41983339068845e-12,
                1.249614072629432e-09,
                3.2227971698421026e-08,
                0.9995694094105239,
                0.00043055710347055567
            ],
            [
                1.3887944884723263e-11,
                5.109089403211785e-12,
                2.9400779551675056e-11,
                2.3823698424336518e-07,
                0.9999997617146179
            ]
        ],
        [
            [
                0.9999999777551972,
                2.215948927024123e-08,
                1.0815941311712896e-11,
                6.224144481590395e-11,
                1.2256067165829047e-11
            ],
            [
                0.9999038972996712,
                9.610240066504115e-05,
                6.223551347358016e-11,
                2.1722328615653204e-10,
                2.0204913006511615e-11
            ],
            [
                7.572761152305201e-10,
                1.1238974057428831e-07,
                0.9987072706527272,
                0.0011693658840751559,
                0.00012325031618093686
            ],
            [
                7.431185903115655e-12,
                6.689340371593488e-10,
                2.5101564556438808e-08,
                0.9996646241765991,
                0.0003353500454711451
            ],
            [
                1.5737102048710543e-11,
                6.56020014391227e-12,
                6.56020014391227e-12,
                1.60522804925391e-09,
                0.9999999983659145
            ]
        ],
        [
            [
                0.9999952147427195,
                4.785094846262149e-06,
                2.020672461173604e-11,
                1.1628167152400707e-10,
                2.5945947989478807e-11
            ],
            [
                0.9999546019757075,
                4.539785571961913e-05,
                2.289630241778414e-11,
                1.1627701807950728e-10,
                2.939943425260382e-11
            ],
            [
                3.5960939845375714e-11,
                1.963400789010698e-09,
                1.0719805085359986e-07,
                0.9525740261142299,
                0.047425864688357584
            ],
            [
                2.0183189171305765e-11,
                2.058741265125903e-09,
                1.1240346447276926e-07,
                0.9988303751643005,
                0.0011695103533105856
            ],
            [
                9.545035290744467e-12,
                9.545035290744467e-12,
                7.991960200996044e-11,
                3.9278636968766166e-07,
                0.9999996071146207
            ]
        ],
        [
            [
                0.9999997617112704,
                2.3823698438124896e-07,
                7.433681222492349e-12,
                3.7751348236633246e-11,
                6.560200653650767e-12
            ],
            [
                0.9999938557497768,
                6.144172125164116e-06,
                7.433639090885351e-12,
                6.224109807171861e-11,
                8.423416636493825e-12
            ],
            [
                5.211392449117707e-10,
                1.6373692730784066e-07,
                0.9999956047614027,
                3.7266352884628655e-06,
                5.043452422836777e-07
            ],
            [
                1.2255998961578484e-11,
                8.592118609220378e-10,
                1.1253454591295555e-07,
                0.9999937424218241,
                6.144172162125325e-06
            ],
            [
                3.978963028922087e-12,
                3.511422548522362e-12,
                9.545036105689685e-12,
                6.8256042221839e-08,
                0.9999999317269224
            ]
        ],
        [
            [
                0.9999996940523153,
                3.0590235894346874e-07,
                5.1090896701041435e-12,
                2.9400781087534535e-11,
                1.0815942916486117e-11
            ],
            [
                0.9999998874140085,
                1.1253518374091574e-07,
                9.545035688041623e-12,
                3.775134846921962e-11,
                3.511422394878226e-12
            ],
            [
                2.4607581328209e-10,
                4.689374949509048e-08,
                4.538265884150294e-05,
                0.9996192351892347,
                0.0003353350120984963
            ],
            [
                1.0723157773282467e-11,
                8.51845933003143e-10,
                2.4894587283974697e-08,
                0.9914224887847344,
                0.00857748545810921
            ],
            [
                1.8795217260351683e-12,
                3.0988074484572015e-12,
                1.2256021208205981e-11,
                3.7266391133163506e-06,
                0.9999962733436523
            ]
        ],
        [
            [
                0.9999962732893405,
                3.726639114115246e-06,
                1.0815900756571541e-11,
                4.847350420658788e-11,
                1.2256021210833357e-11
            ],
            [
                0.9999869927448415,
                1.3007124765303333e-05,
                2.5945750115720103e-11,
                9.055956619246843e-11,
                1.3887759270937099e-11
            ],
            [
                5.19056347940926e-09,
                5.692144022447986e-06,
                0.18242355962152773,
                0.8175657197444175,
                5.023299468875767e-06
            ],
            [
                2.5944910899137226e-11,
                4.363263120696013e-09,
                3.0588836025349004e-07,
                0.9999542918645538,
                4.539785787792749e-05
            ],
            [
                1.1628233252298117e-10,
                7.052879985808758e-11,
                1.4930947047124342e-10,
                6.475946123574149e-07,
                0.999999352069267
            ]
        ],
        [
            [
                0.9999998554577544,
                1.44498031649744e-07,
                5.789356610743049e-12,
                3.3315447044533417e-11,
                5.109089276938392e-12
            ],
            [
                0.9999989321904517,
                1.067703075972484e-06,
                1.573707333148279e-11,
                7.991945279610118e-11,
                1.0815921780275451e-11
            ],
            [
                2.4616499439458866e-10,
                4.1398586637041296e-08,
                0.9999803547270979,
                1.6701365931614703e-05,
                2.902262218945604e-06
            ],
            [
                2.939310075297979e-11,
                9.235037733422656e-09,
                6.47425510905441e-07,
                0.9997381532173173,
                0.0002611900927409997
            ],
            [
                9.545034502183125e-12,
                4.508755043590291e-12,
                1.0815941080618295e-11,
                4.1399375363347226e-08,
                0.9999999585757549
            ]
        ],
        [
            [
                0.9999999530513468,
                4.691163798820311e-08,
                4.508755027952282e-12,
                2.5946093749308497e-11,
                6.560199856287219e-12
            ],
            [
                0.999925153682275,
                7.484619708471414e-05,
                1.2255156829243108e-11,
                9.05540413124704e-11,
                1.783114797134834e-11
            ],
            [
                3.978962882694404e-12,
                2.6465738696182578e-09,
                0.9999995363073934,
                3.927860141982641e-07,
                6.825603971341585e-08
            ],
            [
                3.331487534378441e-11,
                9.237291595174532e-09,
                8.315144903840324e-07,
                0.9999824577999044,
                1.6701414998774062e-05
            ],
            [
                6.560200035095881e-12,
                3.5114220421557513e-12,
                1.5737101787673596e-11,
                1.725782763792664e-08,
                0.9999999827163636
            ]
        ],
        [
            [
                0.9999997616099482,
                2.3823698430062074e-07,
                1.3887944888060958e-11,
                1.1628233886849547e-10,
                2.289735014325721e-11
            ],
            [
                0.9999986289867784,
                1.370956654167286e-06,
                1.225604570062558e-11,
                3.7751278468176304e-11,
                6.560188529710876e-12
            ],
            [
                1.8119082337081448e-09,
                3.047161119557786e-07,
                0.0007074201824797602,
                0.9961218359563576,
                0.0031704373331423574
            ],
            [
                2.2862960304797504e-11,
                2.33208535196903e-09,
                1.4428114930835785e-07,
                0.9984986713749807,
                0.001501181988921613
            ],
            [
                1.7832474783553234e-11,
                5.789356937586112e-12,
                2.020684121533654e-11,
                8.764249141162749e-08,
                0.9999999123136799
            ]
        ],
        [
            [
                0.9999996940450695,
                3.059023588607102e-07,
                7.433681604504964e-12,
                2.9400781079580476e-11,
                1.5737104080230345e-11
            ],
            [
                0.9999546020085798,
                4.539785572764053e-05,
                1.573638317847933e-11,
                9.055663274952871e-11,
                2.939943425779844e-11
            ],
            [
                7.612930832619221e-11,
                1.349424278155278e-09,
                1.1298591148984274e-08,
                0.04742587473880014,
                0.9525741125370552
            ],
            [
                7.433412224300449e-12,
                8.591856335414181e-10,
                1.1253111080398794e-07,
                0.9999645303445456,
                3.5356257724526424e-05
            ],
            [
                5.7893566072187425e-12,
                5.7893566072187425e-12,
                2.5946096230861702e-11,
                1.4449803156177995e-07,
                0.9999998554644436
            ]
        ],
        [
            [
                0.9999989322456401,
                1.067703076031409e-06,
                8.423448352582463e-12,
                3.331538450602258e-11,
                9.545017470217124e-12
            ],
            [
                0.9999970975108718,
                2.9023121977692523e-06,
                2.2897261841606063e-11,
                1.1628189043570926e-10,
                3.77512026390463e-11
            ],
            [
                1.4414160351441934e-10,
                3.717460950846145e-09,
                2.0296668430067447e-07,
                0.851952623709116,
                0.1480471694625971
            ],
            [
                2.73378056443221e-12,
                3.159820705942282e-10,
                8.14928500836364e-09,
                0.9996646414807437,
                0.0003353500512553456
            ],
            [
                1.3887943612974711e-11,
                8.423463601629405e-12,
                5.109088935361638e-12,
                1.725782767482616e-08,
                0.9999999827147518
            ]
        ],
        [
            [
                0.9999996940607965,
                3.0590235896065176e-07,
                5.109089670391129e-12,
                2.594609824477442e-11,
                5.78935705658341e-12
            ],
            [
                0.9999921105788168,
                7.889265043262997e-06,
                2.020668596629507e-11,
                1.0261801868955248e-10,
                3.3315192962988455e-11
            ],
            [
                3.759763691066181e-11,
                4.924318657101748e-09,
                6.449590813347546e-07,
                0.9959292144603877,
                0.004070135618614654
            ],
            [
                8.42213066910387e-12,
                3.850132509840772e-09,
                1.1251736506294506e-07,
                0.9998414473768279,
                0.0001584362472523506
            ],
            [
                1.5737103237953645e-11,
                9.545035608881843e-12,
                3.331544781618324e-11,
                2.3823698387325985e-07,
                0.9999997617044186
            ]
        ],
        [
            [
                0.9999998874286957,
                1.1253518378750515e-07,
                5.789356795245301e-12,
                2.289735030155676e-11,
                7.433681271368855e-12
            ],
            [
                0.9997388093818567,
                0.0002611903309444279,
                6.222519111480499e-11,
                1.9166708209896692e-10,
                3.33067446859777e-11
            ],
            [
                1.913175142934137e-10,
                4.6813852248443006e-08,
                0.9979153918947404,
                0.0019264300898218139,
                0.00015813101026811862
            ],
            [
                1.9248503561923652e-11,
                9.274448396793082e-10,
                1.1298591158278773e-08,
                0.9525741129071561,
                0.047425874847559384
            ],
            [
                1.081594147485544e-11,
                3.978962505512845e-12,
                7.43368061569876e-12,
                6.348800067658323e-09,
                0.9999999936289714
            ]
        ],
        [
            [
                0.9999921105478436,
                7.889265045685808e-06,
                2.94005546078744e-11,
                1.317641442479881e-10,
                2.5945898375718413e-11
            ],
            [
                0.9999251536737302,
                7.484619708407457e-05,
                1.5735932854108036e-11,
                9.055404131169658e-11,
                2.2895647203735678e-11
            ],
            [
                3.132959186791412e-10,
                8.686827510393948e-08,
                0.008575264754015212,
                0.9911656976328767,
                0.00025895043153713305
            ],
            [
                2.413353640018268e-12,
                2.461687637110907e-10,
                1.1861075270584277e-08,
                0.9999962612512716,
                3.726639070963193e-06
            ],
            [
                7.433681611073647e-12,
                5.789357059807659e-12,
                1.0815942923117357e-11,
                1.855391596913867e-07,
                0.9999998144368013
            ]
        ],
        [
            [
                0.9999996071885924,
                3.927863697167168e-07,
                3.5114222489805165e-12,
                1.5737102714597886e-11,
                5.789356552303859e-12
            ],
            [
                0.9999998554636198,
                1.4449803164370037e-07,
                8.423464164441953e-12,
                2.5946096245571348e-11,
                3.978962729494917e-12
            ],
            [
                8.912334408239326e-09,
                7.079944154266301e-07,
                0.14795756901665183,
                0.8514370452422836,
                0.0006046688343146938
            ],
            [
                2.5945650148780173e-11,
                4.363387443370182e-09,
                3.9277962040490186e-07,
                0.9999829014165993,
                1.6701414447190364e-05
            ],
            [
                1.2256068978079743e-11,
                9.545036117505656e-12,
                3.331544959145479e-11,
                1.8553915948384052e-07,
                0.9999998144057239
            ]
        ],
        [
            [
                0.9999996071447957,
                3.9278636966862994e-07,
                9.545035290281979e-12,
                4.8473688928723706e-11,
                1.0815941973651292e-11
            ],
            [
                0.9999869927773253,
                1.3007124769778664e-05,
                9.544908056629091e-12,
                7.052786108956749e-11,
                1.783223589085955e-11
            ],
            [
                2.8538966768266596e-11,
                2.2671309410584163e-09,
