{
    "[['E', 'D', 'C', 'B', 'A'], ['E', 'D', 'C', 'B', 'A']]": [
        [
            [
                0.999999900399383,
                9.931195238277612e-08,
                4.84736915830569e-11,
                1.9171716925417944e-10,
                4.84736915830569e-11
            ],
            [
                0.999999958423732,
                4.1399375431049034e-08,
                4.277787687438997e-11,
                1.1628232536771266e-10,
                1.783247215141676e-11
            ],
            [
                7.433680618232292e-12,
                4.058652096927231e-10,
                0.9999999927901653,
                3.3982677947544464e-09,
                3.3982677947544464e-09
            ],
            [
                2.940027439725608e-11,
                2.789420369976206e-10,
                2.3355530809104797e-09,
                1.6701415053521488e-05,
                0.9999832959410511
            ],
            [
                3.5817479175499943e-10,
                4.5087552262661085e-12,
                1.658678353017596e-12,
                1.9171715069427283e-10,
                0.9999999994439406
            ]
        ],
        [
            [
                0.9999998722612486,
                1.2751906743934368e-07,
                4.8473690214203576e-11,
                1.1628233786226763e-10,
                5.492788708066534e-11
            ],
            [
                0.9999996939535581,
                3.059023587395811e-07,
                2.0206841616074762e-11,
                9.056078121681462e-11,
                3.3315449586091014e-11
            ],
            [
                1.0603575990147891e-13,
                8.423463753375591e-12,
                0.9999999999187104,
                1.7832472905832387e-11,
                5.4927883502419213e-11
            ],
            [
                4.264215969712337e-11,
                1.4121143908649746e-09,
                2.836307573748311e-08,
                0.003172682973585782,
                0.9968272872085819
            ],
            [
                4.944450462301523e-09,
                1.6586783456174586e-12,
                8.878265407287162e-13,
                7.052879794572844e-11,
                0.9999999949824743
            ]
        ],
        [
            [
                0.9999999119044959,
                8.764249137576558e-08,
                9.056077938377448e-11,
                2.461697209700027e-10,
                1.1628234248381764e-10
            ],
            [
                0.9999986287695551,
                1.3709566529651688e-06,
                6.224133575202997e-11,
                1.4930920259905577e-10,
                6.224133575202997e-11
            ],
            [
                5.857988183744801e-07,
                1.0383532505538735e-05,
                0.484184536688098,
                0.1387211908746173,
                0.3770833031059608
            ],
            [
                5.201363105384049e-10,
                1.1838247862188138e-08,
                2.2559685687252385e-06,
                0.0019267306502592618,
                0.9980710010227879
            ],
            [
                1.6052280425226165e-09,
                7.433680613710886e-12,
                3.978962504448813e-12,
                6.691586038505564e-10,
                0.9999999977142007
            ]
        ],
        [
            [
                0.9999982386869936,
                1.7603431314448892e-06,
                9.05606062654816e-11,
                3.581741458541816e-10,
                5.211403071560418e-10
            ],
            [
                0.9999999949802607,
                4.9444504738101706e-09,
                9.5450348685399e-12,
                5.492788319706772e-11,
                1.0815941495754907e-11
            ],
            [
                8.878265472689844e-13,
                6.22414461886283e-11,
                0.9999999995673632,
                9.056076983787497e-11,
                2.789468091056103e-10
            ],
            [
                2.93985925720701e-11,
                2.7892608028453307e-10,
                1.1860238731734726e-08,
                7.484619614452621e-05,
                0.999925141635292
            ],
            [
                1.5737102076361165e-11,
                0.0,
                8.878265461251756e-13,
                1.026187961181226e-10,
                0.9999999998807563
            ]
        ],
        [
            [
                0.999999814236396,
                1.8553915965420367e-07,
                5.492789043480451e-11,
                1.317651593137842e-10,
                3.775135020244633e-11
            ],
            [
                3.160881412624477e-10,
                4.2777878125487806e-11,
                3.331544498226302e-11,
                7.194132935441166e-09,
                0.9999999924136856
            ],
            [
                8.258073284606207e-14,
                3.9789625353796425e-12,
                0.9999999999649154,
                2.0206839087898297e-11,
                1.0815941556041814e-11
            ],
            [
                1.86461725942448e-09,
                2.9167521394080937e-08,
                2.625579106987929e-06,
                0.09534920254477139,
                0.904648140843983
            ],
            [
                2.9989608013657666e-09,
                5.78935628338131e-12,
                5.109088988042672e-12,
                4.599055342626872e-10,
                0.9999999965302353
            ]
        ],
        [
            [
                0.9999999775813456,
                2.2159489257540232e-08,
                5.4927882230942646e-11,
                1.4930946414410986e-10,
                5.4927882230942646e-11
            ],
            [
                1.2938576407260575e-06,
                2.598782541615171e-05,
                0.11271611926123182,
                0.23862005376206952,
                0.6486365452936418
            ],
            [
                5.384940216120563e-13,
                6.224144621019745e-11,
                0.9999999997394369,
                1.4930946757442473e-10,
                4.84736870479985e-11
            ],
            [
                3.6146647215977407e-09,
                2.8714838551894394e-07,
                4.491756490811789e-06,
                0.7310550877651882,
                0.2689401297152708
            ],
            [
                1.416608778991744e-09,
                2.129785159452292e-12,
                0.0,
                1.3176514198925875e-10,
                0.9999999984494963
            ]
        ],
        [
            [
                0.9999998871520154,
                1.1253518366743823e-07,
                6.224145117817583e-11,
                2.172440107819511e-10,
                3.331544807072539e-11
            ],
            [
                0.9999999803018664,
                1.9555680678192487e-08,
                2.5946094439238436e-11,
                9.056076799963573e-11,
                2.5946094439238436e-11
            ],
            [
                2.543665646906912e-13,
                1.388794386239785e-11,
                0.9999999999057838,
                1.783247290485136e-11,
                6.224144621757704e-11
            ],
            [
                5.074271456001439e-09,
                2.770455700522972e-07,
                6.305528110516594e-06,
                0.6224552370143348,
                0.37753817533771306
            ],
            [
                3.5817479211369607e-10,
                1.4637785103880576e-12,
                1.0060392767143318e-12,
                1.3176514236448403e-10,
                0.9999999995075903
            ]
        ],
        [
            [
                0.9999999224485042,
                7.734422796274473e-08,
                3.775134978260641e-11,
                1.317651578483989e-10,
                3.775134978260641e-11
            ],
            [
                0.9998766043440821,
                0.00012339462741996392,
                1.492909634942261e-10,
                5.210766630447649e-10,
                3.5813040393884295e-10
            ],
            [
                1.9810087966593579e-13,
                2.940077737222091e-11,
                0.999999999341306,
                1.6918979214283118e-10,
                4.5990553754262094e-10
            ],
            [
                4.759678155503058e-09,
                2.023868581551097e-07,
                4.3703392307360756e-05,
                0.03732524748099146,
                0.9626308419801649
            ],
            [
                4.2777878498183304e-11,
                0.0,
                0.0,
                7.052879819538047e-11,
                0.9999999998866933
            ]
        ],
        [
            [
                0.9999999221692035,
                7.734422795116901e-08,
                7.991960810496751e-11,
                3.160881817208917e-10,
                9.056078029385093e-11
            ],
            [
                0.9999996070508911,
                3.9278636940353875e-07,
                2.9400778504801205e-11,
                9.056077332179576e-11,
                4.277788030757711e-11
            ],
            [
                8.258073284795538e-14,
                4.50875524187967e-12,
                0.9999999999878422,
                6.5602001675497324e-12,
                1.0060392791906834e-12
            ],
            [
                5.492537327482592e-11,
                2.4615844509002574e-10,
                1.5229283726196873e-08,
                4.5397854960531176e-05,
                0.999954586614672
            ],
            [
                2.3355930275713368e-09,
                2.734698278445238e-12,
                1.6586783509403929e-12,
                1.3176514206751422e-10,
                0.9999999975282485
            ]
        ],
        [
            [
                0.9999999119678468,
                8.76424913960177e-08,
                6.224145276380523e-11,
                2.789468385735089e-10,
                4.8473692151953376e-11
            ],
            [
                3.415846189563458e-07,
                2.7135427323412434e-05,
                0.6772801397595987,
                0.3199244943926869,
                0.0027678888357721278
            ],
            [
                5.904696218771489e-10,
                2.8450419640965866e-08,
                0.9998977255187351,
                6.143585843430793e-06,
                9.610185453211443e-05
            ],
            [
                3.483563394545651e-09,
                1.0180464521212421e-07,
                3.371306837693815e-06,
                0.09534912737943957,
                0.9046473960255141
            ],
            [
                2.99896078338454e-09,
                4.508755179943042e-12,
                0.0,
                3.5817478807510243e-10,
                0.9999999966383557
            ]
        ],
        [
            [
                0.9999998143059232,
                1.8553915973818185e-07,
                2.2897351353696164e-11,
                1.0261880930155059e-10,
                2.940078111297534e-11
            ],
            [
                5.789356306659681e-12,
                0.0,
                2.4133627626326644e-12,
                4.0586521110027484e-10,
                0.9999999995859321
            ],
            [
                4.1937956549527005e-13,
                3.331544539444132e-11,
                0.9999999993745947,
                1.317651425932864e-10,
                4.5990553748943255e-10
            ],
            [
                8.773101227863433e-07,
                0.0006612326505610491,
                0.04635598762467571,
                0.9310848843414672,
                0.021897018073173204
            ],
            [
                3.850741882507121e-09,
                9.545034823044837e-12,
                0.0,
                2.461696926077711e-10,
                0.9999999958935433
            ]
        ],
        [
            [
                0.9999999316209339,
                6.825604224484131e-08,
                2.020684160112336e-11,
                7.991960886034617e-11,
                2.2897351301679328e-11
            ],
            [
                0.9999999826656812,
                1.7257827673979308e-08,
                1.0815941360505477e-11,
                4.277787791140913e-11,
                2.289734803987181e-11
            ],
            [
                1.668084718684653e-07,
                5.52393793646304e-06,
                0.8990471513204381,
                0.027148871573078694,
                0.0737982863600749
            ],
            [
                2.6900838354600738e-06,
                0.002297488576076449,
                0.2655536134935772,
                0.7218495784058825,
                0.010296629440628386
            ],
            [
                6.691586048833206e-10,
                2.734698274239616e-12,
                0.0,
                7.052879806360097e-11,
                0.9999999992575779
            ]
        ],
        [
            [
                0.9999996067943134,
                3.927863693027585e-07,
                7.05288011604704e-11,
                2.461697044286744e-10,
                1.0261880017179866e-10
            ],
            [
                0.9999038968754111,
                9.610239916062583e-05,
                1.1627124640640076e-10,
                4.5986170020691843e-10,
                1.492952356157818e-10
            ],
            [
                2.1297851314274542e-12,
                5.905303889342933e-10,
                0.9999999815307868,
                2.6465735897893088e-09,
                1.522997946204765e-08
            ],
            [
                1.1610770004359647e-10,
                5.594382280474009e-09,
                7.722806521602267e-08,
                0.0015011820818234983,
                0.9984987349796213
            ],
            [
                2.1724399241049142e-10,
                5.789356299485659e-12,
                5.109089002254709e-12,
                4.599055355420141e-10,
                0.9999999993119519
            ]
        ],
        [
            [
                0.9999999935048025,
                6.3488000705586165e-09,
                1.7832472780388204e-11,
                1.0261879558182132e-10,
                2.5946094796877606e-11
            ],
            [
                0.9999998872568917,
                1.1253518371036018e-07,
                2.940077974184682e-11,
                1.162823395926932e-10,
                6.224145120191529e-11
            ],
            [
                2.789457732282286e-10,
                2.8453242408977204e-08,
                0.999996450588264,
                1.7603397739130798e-06,
                1.7603397739130798e-06
            ],
            [
                1.60212656457199e-09,
                1.6342135241580188e-07,
                5.411771944950013e-06,
                0.8807921563247024,
                0.11920226687987358
            ],
            [
                1.6052280444813506e-09,
                2.4133627557400083e-12,
                0.0,
                1.1628232952679563e-10,
                0.9999999982760763
            ]
        ],
        [
            [
                0.9999999864831235,
                1.344040976152569e-08,
                1.5737101884853198e-11,
                4.847368637886453e-11,
                1.2256067271198154e-11
            ],
            [
                0.9999898691898196,
                1.0129988091950522e-05,
                1.3176389600394448e-10,
                5.211363180065286e-10,
                1.6918819147086508e-10
            ],
            [
                1.7482341280978432e-13,
                1.2256067442885162e-11,
                0.9999999999558487,
                1.7832472906379563e-11,
                1.3887943863588014e-11
            ],
            [
                3.1492987339517257e-09,
                2.2078288634658779e-07,
                0.00014685188957281714,
                0.43775910529669126,
                0.5620938188815509
            ],
            [
                2.335593025095748e-09,
                0.0,
                1.6586783491822932e-12,
                1.3176514192785106e-10,
                0.9999999975309832
            ]
        ],
        [
            [
                0.9999999803632476,
                1.9555680692292204e-08,
                1.3887943584048653e-11,
                5.4927882398505004e-11,
                1.225606719619254e-11
            ],
            [
                2.2159489217147147e-08,
                1.573710171185053e-11,
                5.109088899821585e-12,
                8.592166403504663e-10,
                0.9999999769604478
            ],
            [
                8.423463666757002e-12,
                3.5817478929872403e-10,
                0.9999999896671431,
                4.3634622075079446e-09,
                5.6027963791966006e-09
            ],
            [
                8.575597931684498e-10,
                1.3414492163214605e-08,
                8.299260338230817e-07,
                0.0019267333946984498,
                0.9980724224072158
            ],
            [
                2.335593024440849e-09,
                3.978962511375835e-12,
                3.978962511375835e-12,
                4.058652101524382e-10,
                0.9999999972505837
            ]
        ],
        [
            [
                0.9999999825985552,
                1.7257827670846503e-08,
                2.594609450600349e-11,
                7.99195974610115e-11,
                3.775134474910756e-11
            ],
            [
                0.9999938554572917,
                6.144172121456287e-06,
                6.224109803415792e-11,
                2.7894524878552556e-10,
                2.9400612917210725e-11
            ],
            [
                1.917167894281864e-10,
                2.215944793790642e-08,
                0.9999987533349055,
                8.315279422459934e-07,
                3.9278598758656954e-07
            ],
            [
                2.615261291501171e-09,
                2.354183190622332e-07,
                3.0833714989490303e-05,
                0.32081133806770457,
                0.6791575901837256
            ],
            [
                3.1608814344432535e-10,
                5.7893562923366734e-12,
                3.511422091302448e-12,
                3.581747907767024e-10,
                0.9999999993164363
            ]
        ],
        [
            [
                0.9999999465445673,
                5.3157849667097176e-08,
                4.847368443908406e-11,
                1.691897831041847e-10,
                7.99195946039237e-11
            ],
            [
                0.9999998552856934,
                1.4449803147193985e-07,
                3.7751347235289956e-11,
                1.1628233582349526e-10,
                6.224144918440902e-11
            ],
            [
                7.835041777825728e-13,
                6.224144617157401e-11,
                0.9999999991188948,
                3.581747926974065e-10,
                4.5990553744033277e-10
            ],
            [
                1.6012558142105338e-09,
                1.1831769039940509e-08,
                1.367567863386179e-06,
                0.0024726195283871497,
                0.9975259994707246
            ],
            [
                1.6052280462575097e-09,
                2.4133627584103553e-12,
                8.878265429079722e-13,
                1.0261879574626445e-10,
                0.9999999982888519
            ]
        ],
        [
            [
                0.999999982567375,
                1.7257827674025117e-08,
                2.940077685801868e-11,
                1.0261879445029257e-10,
                4.277787791152268e-11
            ],
            [
                0.9999991682597169,
                8.315279886896665e-07,
                3.7751348284525265e-11,
                1.317651526195819e-10,
                4.277788190979679e-11
            ],
            [
                5.0087746374792057e-14,
                5.789356328309577e-12,
                0.9999999999895091,
                3.5114221131211173e-12,
                1.139991852961441e-12
            ],
            [
                5.64514080633769e-07,
                0.00022774123445974199,
                0.6788871295855939,
                0.3206835837318641,
                0.00020098093400151444
            ],
            [
                3.5817479183594014e-10,
                5.789356309457657e-12,
                2.4133627637990343e-12,
                3.160881443790994e-10,
                0.9999999993175344
            ]
        ],
        [
            [
                0.9999999713477357,
                2.8453347261495298e-08,
                3.7751344343767395e-11,
                1.3176513886498545e-10,
                2.9400776536924304e-11
            ],
            [
                0.9999999396048671,
                6.023574635156512e-08,
                2.0206841764765175e-11,
                1.1628234569314203e-10,
                2.2897351487109798e-11
            ],
            [
                1.201542573043344e-13,
                9.545034921777448e-12,
                0.9999999999685338,
                9.545034921777448e-12,
                1.2256067442734331e-11
            ],
            [
                4.79947930406761e-09,
                1.0923564546413145e-07,
                7.658009968219538e-06,
                0.029312003783336756,
                0.9706802241715702
            ],
            [
                5.602796384158463e-09,
                2.413362748840692e-12,
                6.914400041065525e-13,
                7.052879783918162e-11,
                0.99999999432357
            ]
        ],
        [
            [
                0.999999931448839,
                6.825604225387612e-08,
                4.847369309245768e-11,
                1.9171717522397535e-10,
                5.492789034215453e-11
            ],
            [
                3.82457092046691e-07,
                3.901168397390781e-05,
                0.01783398508438937,
                0.973702442718597,
                0.008424178055947681
            ],
            [
                9.236586911785644e-09,
                6.475341165898023e-07,
                0.9999056999008527,
                5.8289163594631626e-05,
                3.5354164849149536e-05
            ],
            [
                1.7666985455888793e-08,
                2.6220131233277305e-06,
                0.0013582364243324594,
                0.9034194207257975,
                0.09521970316976137
            ],
            [
                1.162823300147502e-10,
                0.0,
                0.0,
                2.0206839040269202e-11,
                0.9999999998635107
            ]
        ],
        [
            [
                0.9999999393569944,
                6.023574634808261e-08,
                7.052880784211634e-11,
                2.4616972774991025e-10,
                9.056078187796308e-11
            ],
            [
                0.9999832983118724,
                1.6701415098203157e-05,
                3.3314875542118976e-11,
                1.6918689817438207e-10,
                7.052759207611506e-11
            ],
            [
                4.3609751170702124e-09,
                6.020140452718838e-08,
                0.9994304738605224,
                1.669218096475486e-05,
                0.0005527693961331877
            ],
            [
                9.34111749302082e-07,
                2.7298746844989832e-05,
                0.9913674609981361,
                0.008577007396424663,
                2.7298746844989832e-05
            ],
            [
                2.2159489227563657e-08,
                2.1297851184978224e-12,
                1.6586783180599286e-12,
                1.3176513945549542e-10,
                0.9999999777049572
            ]
        ],
        [
            [
                0.999999814187048,
                1.8553915964504767e-07,
                6.224145407335136e-11,
                1.4930948643715037e-10,
                6.224145407335136e-11
            ],
            [
                0.9999724641671486,
                2.753568982284658e-05,
                2.020630100325936e-11,
                1.0261606368594331e-10,
                2.020630100325936e-11
            ],
            [
                1.691898065068787e-10,
                1.7257829441027014e-08,
                0.9999996525357919,
                1.4449803677730384e-07,
                1.8553915188353816e-07
            ],
            [
                2.7130020814005804e-09,
                1.3071988541538522e-07,
                2.6255790851055807e-06,
                0.09534920172701031,
                0.9046480392610171
            ],
            [
                9.931195219475182e-08,
                1.2256068563820007e-11,
                2.413362992319258e-12,
                2.789468347716141e-10,
                0.9999999003944315
            ]
        ],
        [
            [
                0.9999999846120815,
                1.5229979504899946e-08,
                2.940077692989734e-11,
                1.1628232847121728e-10,
                1.22560672511143e-11
            ],
            [
                3.3652452903872996e-06,
                0.0025363983421950397,
                0.3764349477192005,
                0.6206363194096414,
                0.0003889692836728518
            ],
            [
                1.2917799869843282e-12,
                6.224144537134543e-11,
                0.9999999863355551,
                4.363462192812019e-09,
                9.23744953467182e-09
            ],
            [
                3.0988192799216236e-12,
                1.7832473720695123e-11,
                3.160881598341402e-10,
                5.043472045656268e-07,
                0.999999495315776
            ],
            [
                2.5946094753370975e-11,
                7.433680606629795e-12,
                8.42346367999542e-12,
                1.6052280409935264e-09,
                0.9999999983529686
            ]
        ],
        [
            [
                0.9999999824539801,
                1.7257827670325807e-08,
                4.8473686170532877e-11,
                1.691897891475349e-10,
                7.052879721302239e-11
            ],
            [
                2.0611536139187163e-09,
                4.508755223657747e-12,
                2.7346982802879155e-12,
                4.5990553596419805e-10,
                0.9999999974716973
            ],
            [
                4.508755219530403e-12,
                3.1608814383546003e-10,
                0.9999999950309824,
                1.2501528600747992e-09,
                3.3982678023374302e-09
            ],
            [
                7.074875543709099e-07,
                0.00032342419518421124,
                0.14785172078356826,
                0.8508279304033057,
                0.0009962171303873936
            ],
            [
                9.736200211415178e-10,
                3.978962494317936e-12,
                2.4133627466504833e-12,
                2.1724399124102453e-10,
                0.9999999988027437
            ]
        ],
        [
            [
                0.9999996070591193,
                3.9278636963497737e-07,
                2.5946095979350845e-11,
                1.026188002585937e-10,
                2.5946095979350845e-11
            ],
            [
                6.691586067174595e-10,
                6.560200144509141e-12,
                2.413362763134838e-12,
                5.905303977659815e-10,
                0.9999999987313375
            ],
            [
                4.277787714763405e-11,
                1.1032559925734072e-09,
                0.9999999640683066,
                1.955568038290778e-08,
                1.522997919570269e-08
            ],
            [
                4.951911165435578e-07,
                0.00015558442387443054,
                0.9818444154208033,
                0.017983106486575397,
                1.6398477630269392e-05
            ],
            [
                1.3440409735252624e-08,
                5.109088946000174e-12,
                2.1297851367467745e-12,
                2.7894680480639625e-10,
                0.9999999862734046
            ]
        ],
        [
            [
                0.9999998141087488,
                1.8553915963052013e-07,
                5.492789042779312e-11,
                2.1724402087009656e-10,
                7.991960899552828e-11
            ],
            [
                1.955568055602627e-08,
                3.3315444515637835e-11,
                7.433680470190398e-12,
                1.2501528323883571e-09,
                0.9999999791534174
            ],
            [
                1.201542572811593e-13,
                1.2256067440370409e-11,
                0.9999999997756561,
                4.277787867667424e-11,
                1.6918979221003478e-10
            ],
            [
                7.712457145623573e-08,
                0.000909291904697977,
                0.9971595331808683,
                0.0019249710321232831,
                6.126757739085996e-06
            ],
            [
                3.1608814466237067e-10,
                6.914400090118427e-13,
                0.0,
                5.4927883375914915e-11,
                0.9999999996282924
            ]
        ],
        [
            [
                0.9999999224753281,
                7.734422798369443e-08,
                2.2897351094888698e-11,
                1.0261880814165599e-10,
                5.4927889838818973e-11
            ],
            [
                4.0876596890656725e-07,
                2.5289454992353314e-05,
                0.2631257376772742,
                0.7152498876023311,
                0.021598676499433478
            ],
            [
                6.914400104811955e-13,
                3.3315445411409647e-11,
                0.9999999998415101,
                6.224144620991995e-11,
                6.224144620991995e-11
            ],
            [
                1.0261879811378441e-10,
                4.0586521975391477e-10,
                3.398267878995773e-09,
                6.475946113284049e-07,
                0.9999993484986367
            ],
            [
                3.160881437357305e-10,
                0.0,
                1.2917799978563081e-12,
                1.0261879576652559e-10,
                0.9999999995800013
            ]
        ],
        [
            [
                0.9999998553727731,
                1.4449803161391604e-07,
                2.2897349566158853e-11,
                9.056077428569045e-11,
                1.5737102869550096e-11
            ],
            [
                0.9999999584426589,
                4.139937542172952e-08,
                2.5946093875888766e-11,
                1.0261879193923979e-10,
                2.940077613859001e-11
            ],
            [
                6.914400101168669e-13,
                7.991959886282947e-11,
                0.9999999992030393,
                3.581747927293453e-10,
                3.581747927293453e-10
            ],
            [
                2.2876481698574332e-11,
                5.20666323568536e-10,
                1.521610039529919e-08,
                0.0009110513889398666,
                0.9990889328514169
            ],
            [
                2.4616969383297474e-10,
                5.109089000074778e-12,
                3.5114220941402832e-12,
                2.7894680775876955e-10,
                0.999999999466263
            ]
        ],
        [
            [
                0.9999999773174756,
                2.2159489239341485e-08,
                6.224144472911293e-11,
                3.5817478439661603e-10,
                1.0261879384399485e-10
            ],
            [
                0.9999994954874603,
                5.043472047099144e-07,
                2.940077874092231e-11,
                1.0261880102227201e-10,
                3.3315446949236155e-11
            ],
            [
                1.0815922102894119e-11,
                2.061149915087751e-09,
                0.9999988425826017,
                8.764232455386869e-08,
                1.0677031078200648e-06
            ],
            [
                1.2256045299211172e-11,
                1.1628212019735928e-10,
                5.211403071642422e-10,
                1.7603431314725895e-06,
                0.9999982390071901
            ],
            [
                1.0467401659469025e-08,
                3.0988190986741872e-12,
                1.1399918383116525e-12,
                1.1628232879943316e-10,
                0.9999999894120771
            ]
        ],
        [
            [
                0.9999999467439646,
                5.315784967296048e-08,
                2.0206837998764073e-11,
                6.224144286715021e-11,
                1.573710125683448e-11
            ],
            [
                0.9999999396840595,
                6.023574637251985e-08,
                1.7832475274625846e-11,
                5.492789079881673e-11,
                7.433681658847595e-12
            ],
            [
                4.508755107455008e-12,
                2.789468009446484e-10,
                0.9999999702430915,
                4.363462122449049e-09,
                2.5109990806494938e-08
            ],
            [
                1.0259786298440139e-10,
                1.4163198109001161e-09,
                1.5226872962688318e-08,
                0.00020342705725454732,
                0.9997965561969548
            ],
            [
                1.2501528597633643e-09,
                3.978962514756479e-12,
                1.4637785063707304e-12,
                1.9171715036010324e-10,
                0.9999999985526873
            ]
        ],
        [
            [
                0.9999999396154818,
                6.023574637625732e-08,
                2.594609842758184e-11,
                1.0261880994153512e-10,
                2.0206841773048484e-11
            ],
            [
                0.9999998873207333,
                1.1253518362241392e-07,
                2.0206840688874475e-11,
                9.056077706139124e-11,
                3.331544805739618e-11
            ],
            [
                2.5946097681173147e-11,
                1.6052282221302328e-09,
                0.9999999105571017,
                1.9555683121652336e-08,
                6.825604086201462e-08
            ],
            [
                3.4717033037286076e-07,
                1.672760328397665e-05,
                0.2869490721090264,
                0.6074711862123258,
                0.10556266690503355
            ],
            [
                2.9989608081807716e-09,
                6.560200131674005e-12,
                2.4133627584130554e-12,
                2.1724399229985752e-10,
                0.9999999967748217
            ]
        ],
        [
            [
                0.9999993522941274,
                6.475946139892715e-07,
                1.7832473293648307e-11,
                7.052880003581127e-11,
                2.2897348951449792e-11
            ],
            [
                1.1717167438018687e-06,
                0.0004171598571969623,
                0.029245165175216414,
                0.9684669224782594,
                0.001869580772583414
            ],
            [
                6.560200134353122e-12,
                3.581747911828648e-10,
                0.9999999949275378,
                2.646573625272959e-09,
                2.0611536118187073e-09
            ],
            [
                4.759886798762014e-09,
                1.2275909850743227e-07,
                9.07073865525571e-07,
                0.03732684804233556,
                0.9626721173648136
            ],
            [
                2.998960804999804e-09,
                5.10908899423369e-12,
                1.8795288040938557e-12,
                2.17243992069429e-10,
                0.9999999967768065
            ]
        ],
        [
            [
                0.9999996061620547,
                3.927863689890341e-07,
                1.3176514754534704e-10,
                4.599055547738225e-10,
                4.599055547738225e-10
            ],
            [
                3.775134501107638e-11,
                2.289734819460739e-11,
                4.847368650837004e-11,
                1.0467401675042165e-08,
                0.999999989423476
            ],
            [
                2.5436656426073617e-13,
                2.94007773377161e-11,
                0.9999999981733998,
                1.9171715101634737e-10,
                1.6052280521756904e-09
            ],
            [
                4.4121326707392984e-07,
                2.729689824606151e-05,
                0.9913005556242235,
                0.008576430727709637,
                9.527553655369329e-05
            ],
            [
                7.1941329461996866e-09,
                2.4133627436121863e-12,
                1.8795287945605248e-12,
                1.3176514116013876e-10,
                0.999999992669809
            ]
        ],
        [
            [
                0.9999999122087369,
                8.764249139358157e-08,
                2.5946097706123128e-11,
                1.0261880708811056e-10,
                2.0206841211175872e-11
            ],
            [
                0.9999994951969148,
                5.043472046988898e-07,
                5.492788602688666e-11,
                3.5817480944343575e-10,
                4.2777880650196206e-11
            ],
            [
                3.978962504452109e-12,
                1.4930946644199808e-10,
                0.9999999921827615,
                2.061153606180658e-09,
                5.602796393343713e-09
            ],
            [
                3.97896250270297e-12,
                3.0988191129168306e-12,
                2.2897348265780973e-11,
                7.194132970417219e-09,
                0.9999999927758919
            ],
            [
                3.775134533494997e-11,
                3.0988191298696965e-12,
                0.0,
                1.6918979177820317e-10,
                0.99999999978996
            ]
        ],
        [
            [
                0.9999998550746771,
                1.4449803154945353e-07,
                9.056077424529007e-11,
                2.4616970700215393e-10,
                9.056077424529007e-11
            ],
            [
                0.999999980313252,
                1.9555680688034514e-08,
                1.7832472543561406e-11,
                7.99195972955828e-11,
                3.33154447405297e-11
            ],
            [
                6.687644007235334e-10,
                6.020025286904508e-08,
                0.9994118433386335,
                3.533670507282826e-05,
                0.0005527590872763449
            ],
            [
                6.222055818054776e-11,
                6.689340414441e-10,
                1.7252036311025048e-08,
