{
    "[['E', 'D', 'C', 'B', 'A'], ['E', 'D', 'C', 'B', 'A']]": [
        [
            [
                0.999999977825304,
                2.2159489270437805e-08,
                3.0988190683915303e-12,
                1.0815941311808843e-11,
                1.2917799754679673e-12
            ],
            [
                0.9999996071979875,
                3.92786369792941e-07,
                2.4133628655007303e-12,
                1.0815941977074379e-11,
                2.4133628655007303e-12
            ],
            [
                8.878265473632278e-13,
                2.789468091352207e-10,
                0.9999999994856705,
                1.9171715127158878e-10,
                4.277787866643036e-11
            ],
            [
                1.4164333197569784e-09,
                6.475150038248326e-07,
                9.60997472839604e-05,
                0.999875718282705,
                2.7533038573906675e-05
            ],
            [
                1.7832472754249853e-11,
                6.5602001115384065e-12,
                3.978962501498281e-12,
                5.6027963891844135e-09,
                0.999999994368832
            ]
        ],
        [
            [
                0.9999996072009139,
                3.9278636981282263e-07,
                1.879528889582554e-12,
                8.423464081826772e-12,
                2.413362865622887e-12
            ],
            [
                0.9997965728635533,
                0.00020342706253700382,
                1.3885111093832721e-11,
                5.491667968238407e-11,
                5.108046909802576e-12
            ],
            [
                5.1090890141045295e-12,
                2.0611536168071776e-09,
                0.9999999973106282,
                4.0586521153868485e-10,
                2.1724399291435862e-10
            ],
            [
                2.335468511688154e-09,
                1.2098026406635494e-06,
                1.6700810303539835e-05,
                0.9999467314358972,
                3.535561569003896e-05
            ],
            [
                1.6586783528260351e-12,
                1.0060392755906393e-12,
                1.4637785087530948e-12,
                1.6052280492936056e-09,
                0.9999999983906434
            ]
        ],
        [
            [
                0.9999986290175554,
                1.370956654388561e-06,
                3.978955477406999e-12,
                1.7832441274456726e-11,
                3.978955477406999e-12
            ],
            [
                0.9999999468170744,
                5.315784969270651e-08,
                4.508755000432429e-12,
                1.7832471951562058e-11,
                2.734698144894916e-12
            ],
            [
                2.7346982875842653e-12,
                1.103256030726769e-09,
                0.9999999985773111,
                2.7894680887810523e-10,
                3.775134538746764e-11
            ],
            [
                1.4543313321560302e-11,
                8.99762934446627e-10,
                1.9047981471709783e-09,
                0.9241418213911223,
                0.07585817578977327
            ],
            [
                1.1399918497862634e-12,
                7.835041762671873e-13,
                6.914400087178876e-13,
                1.6052280505978765e-09,
                0.999999998392157
            ]
        ],
        [
            [
                0.9999999715308582,
                2.8453347268243378e-08,
                3.0988190492434017e-12,
                1.0815941244975307e-11,
                1.8795287622676756e-12
            ],
            [
                0.999999495632519,
                5.043472049535819e-07,
                4.508755451207553e-12,
                1.3887944508460527e-11,
                1.879528903626865e-12
            ],
            [
                2.020683826368096e-11,
                3.224186605374493e-08,
                0.9999999592277321,
                8.152020381019643e-09,
                3.581747783775246e-10
            ],
            [
                3.749866402360475e-11,
                3.3755221630069823e-09,
                5.280205061283685e-08,
                0.9933070927180521,
                0.006692851066876434
            ],
            [
                2.88235115287101e-13,
                7.835042762087247e-13,
                7.835042762087247e-13,
                3.059023586475776e-07,
                0.999999694095786
            ]
        ],
        [
            [
                0.9999999468319964,
                5.31578496963724e-08,
                2.129785056854954e-12,
                6.560199816698476e-12,
                1.463778435705631e-12
            ],
            [
                0.9999986290256471,
                1.3709566541127778e-06,
                3.9789554766065876e-12,
                1.2256045700138286e-11,
                1.4637759171800814e-12
            ],
            [
                5.00877463751066e-14,
                2.734698291410147e-12,
                0.9999999999957889,
                8.878265477869674e-13,
                5.384940217396192e-13
            ],
            [
                6.380393097669611e-11,
                3.4835765961700336e-09,
                4.24386508444894e-08,
                0.9046504881160389,
                0.09534946589792974
            ],
            [
                3.5114220916208644e-12,
                2.734698274648559e-12,
                3.098819119522534e-12,
                2.3355930243287503e-09,
                0.999999997655062
            ]
        ],
        [
            [
                0.9999999827188274,
                1.725782768272036e-08,
                4.508755162548301e-12,
                1.5737101828520182e-11,
                3.0988190839128943e-12
            ],
            [
                0.9999977396478772,
                2.2603252729646985e-06,
                4.508746996033082e-12,
                1.7832440293548516e-11,
                4.508746996033082e-12
            ],
            [
                2.129785166168275e-12,
                7.582560410867189e-10,
                0.9999999977898673,
                5.9053039856696e-10,
                8.592166599859915e-10
            ],
            [
                6.588253937236447e-11,
                3.174398517230076e-09,
                3.174398517230076e-09,
                0.49999999615789775,
                0.49999999742742274
            ],
            [
                7.835041765560438e-13,
                4.193795647939832e-13,
                0.0,
                6.691586074635261e-10,
                0.9999999993296385
            ]
        ],
        [
            [
                0.9999998554860043,
                1.4449803165382606e-07,
                2.4133628894616485e-12,
                1.0815942084459764e-11,
                2.7346984248823533e-12
            ],
            [
                0.9999997617478295,
                2.3823698437342764e-07,
                3.511422373129043e-12,
                9.545035628921214e-12,
                2.1297853285036593e-12
            ],
            [
                5.0087746374691505e-14,
                3.09881913849022e-12,
                0.9999999999957887,
                8.878265477796097e-13,
                1.748234128140394e-13
            ],
            [
                7.57919182921092e-10,
                3.057664215308558e-07,
                0.000430551385878649,
                0.9995561405706979,
                1.3001519082779283e-05
            ],
            [
                4.752192999660366e-13,
                1.0060392659227631e-12,
                1.1399918379048646e-12,
                1.1861119993824003e-08,
                0.9999999881362588
            ]
        ],
        [
            [
                0.9999999881191585,
                1.186112000341939e-08,
                3.0988191000753e-12,
                1.3887943691762309e-11,
                2.7346982574864355e-12
            ],
            [
                0.9999998554680021,
                1.4449803159341382e-07,
                4.508755460168637e-12,
                2.2897349562910043e-11,
                6.560200485158304e-12
            ],
            [
                9.357622968005994e-14,
                6.560200167568973e-12,
                0.9999999999907752,
                1.8795288163715335e-12,
                6.914400106323822e-13
            ],
            [
                2.33516994024584e-09,
                7.336892851054392e-07,
                0.00015843277054133431,
                0.9998193896611284,
                2.144154387517275e-05
            ],
            [
                7.433680586207006e-12,
                4.5087551900451305e-12,
                3.511422072684409e-12,
                9.237449554922441e-09,
                0.9999999907470966
            ]
        ],
        [
            [
                0.9999998554892854,
                1.4449803165430016e-07,
                2.1297852747695022e-12,
                8.423464165059863e-12,
                2.1297852747695022e-12
            ],
            [
                0.999999967744735,
                3.224186632240609e-08,
                3.5114219990047425e-12,
                8.423463480105036e-12,
                1.4637784664486621e-12
            ],
            [
                1.006039279084134e-12,
                7.05287984971578e-11,
                0.9999999998504865,
                6.224144621675481e-11,
                1.5737102103747157e-11
            ],
            [
                1.1550401803494803e-10,
                1.3350449284584847e-08,
                3.9015731849969254e-07,
                0.9933067484343612,
                0.006692847942367133
            ],
            [
                6.101936612578115e-13,
                1.1399918408956735e-12,
                1.0060392685621428e-12,
                9.237449563528806e-09,
                0.9999999907597942
            ]
        ],
        [
            [
                0.9999999804328783,
                1.9555680697265135e-08,
                2.129785128417614e-12,
                8.423463586226917e-12,
                8.878265301134179e-13
            ],
            [
                0.9999997617251346,
                2.3823698441201494e-07,
                8.423464378946928e-12,
                2.594609690629319e-11,
                3.5114223736977893e-12
            ],
            [
                6.101936674379576e-13,
                4.058652124330114e-10,
                0.999999999509108,
                7.052879847383702e-11,
                1.3887943857622252e-11
            ],
            [
                1.0261664601307656e-10,
                1.1860871610001138e-08,
                7.889159512005667e-06,
                0.9999790918519044,
                1.3007025095389985e-05
            ],
            [
                5.384940183146525e-13,
                7.835041734710759e-13,
                7.835041734710759e-13,
                4.3634622249009456e-09,
                0.9999999956344323
            ]
        ],
        [
            [
                0.9999996071885924,
                3.9278636974397193e-07,
                5.789356552705577e-12,
                1.573710271568987e-11,
                3.511422249224171e-12
            ],
            [
                0.9999999634491346,
                3.653482078279128e-08,
                3.0988190238423815e-12,
                1.0815941156317035e-11,
                2.129785092000375e-12
            ],
            [
                1.2917800042051675e-12,
                2.1724399341022134e-10,
                0.999999999583681,
                1.4930946755258176e-10,
                4.847368704090712e-11
            ],
            [
                4.556105761174634e-11,
                1.1750351627937544e-09,
                2.818762821568544e-09,
                0.06008665408029302,
                0.9399133418803479
            ],
            [
                6.91440008602732e-13,
                1.0060392762405104e-12,
                1.0060392762405104e-12,
                1.6052280503305346e-09,
                0.9999999983920684
            ]
        ],
        [
            [
                0.9999999468293335,
                5.315784969623085e-08,
                2.734698145076225e-12,
                8.423463303168674e-12,
                1.6586782700479976e-12
            ],
            [
                0.9999993523689069,
                6.47594614369737e-07,
                7.433680837420626e-12,
                2.5946095558910126e-11,
                3.0988192075325876e-12
            ],
            [
                1.4637785136894782e-12,
                1.4930946757519928e-10,
                0.999999999764088,
                6.224144621052033e-11,
                2.2897348449628605e-11
            ],
            [
                5.162743947702086e-11,
                3.619362932940218e-09,
                4.9963764114074626e-08,
                0.9399132950315107,
                0.06008665133373488
            ],
            [
                1.1399918303459654e-12,
                2.7346982371412676e-12,
                2.7346982371412676e-12,
                1.7257827644339418e-08,
                0.9999999827355629
            ]
        ],
        [
            [
                0.9999999468260634,
                5.3157849700829376e-08,
                3.9789623230024355e-12,
                1.0815940978740712e-11,
                1.2917799356886517e-12
            ],
            [
                0.9999869928319102,
                1.3007124768134912e-05,
                1.0815797797667516e-11,
                2.594575012136835e-11,
                6.560112973537726e-12
            ],
            [
                6.431393940914432e-14,
                2.734698291363295e-12,
                0.9999999999963347,
                6.914400106362263e-13,
                1.7482341281249308e-13
            ],
            [
                8.062335066239152e-09,
                2.8703873687559002e-06,
                0.010986768810185033,
                0.9889974885564129,
                1.2864183698189754e-05
            ],
            [
                6.914400087970742e-13,
                7.835041763569174e-13,
                5.384940202980605e-13,
                4.058652115340896e-10,
                0.9999999995921214
            ]
        ],
        [
            [
                0.9999999865470948,
                1.3440409764867465e-08,
                2.413362738386973e-12,
                8.423463637729798e-12,
                1.6586783359269886e-12
            ],
            [
                0.9999991684495594,
                8.315279899267009e-07,
                3.978962841273191e-12,
                1.573710331488552e-11,
                2.734698501514729e-12
            ],
            [
                5.0087746373747214e-14,
                2.4133627716073406e-12,
                0.999999999996968,
                4.752193062326383e-13,
                9.35762296796437e-14
            ],
            [
                1.6886385344171367e-10,
                9.219654005385563e-09,
                6.81245406585246e-08,
                0.7772998001703375,
                0.222700122316604
            ],
            [
                1.2917799979730038e-12,
                2.7346982771687693e-12,
                2.7346982771687693e-12,
                3.850741902458372e-09,
                0.9999999961424968
            ]
        ],
        [
            [
                0.9999999881230855,
                1.1861120006221966e-08,
                3.098819100807497e-12,
                1.0815941424951683e-11,
                1.8795287935428806e-12
            ],
            [
                0.999999855471047,
                1.444980316067282e-07,
                6.560200485762776e-12,
                2.2897349565019858e-11,
                1.4637785849940554e-12
            ],
            [
                2.1297851700385477e-12,
                2.789468091667581e-10,
                0.9999999996492484,
                6.224144620227222e-11,
                7.433680669150715e-12
            ],
            [
                1.5454045226666947e-11,
                2.7392950603492146e-10,
                1.391128818293081e-09,
                0.017986211511034564,
                0.9820137868084531
            ],
            [
                8.878265286493669e-13,
                2.413362719651448e-12,
                1.8795287758998827e-12,
                1.9555680665017267e-08,
                0.9999999804391386
            ]
        ],
        [
            [
                0.9999999634524961,
                3.653482079040568e-08,
                2.1297850924442535e-12,
                8.423463443949517e-12,
                2.1297850924442535e-12
            ],
            [
                0.9999999123381085,
                8.764249144465288e-08,
                3.098819465786364e-12,
                1.3887945330765588e-11,
                2.4133630265513327e-12
            ],
            [
                6.560199795362483e-12,
                5.315784952348506e-08,
                0.9999999433055576,
                3.398267626384399e-09,
                1.3176513521324134e-10
            ],
            [
                2.288966341448348e-11,
                4.942790994956498e-09,
                4.689589525447898e-08,
                0.9996645981019152,
                0.00033535003650877966
            ],
            [
                6.101936625047843e-13,
                8.878265401988976e-13,
                1.0060392706180533e-12,
                7.1941329683605475e-09,
                0.999999992803363
            ]
        ],
        [
            [
                0.9999999827282339,
                1.7257827681950076e-08,
                2.7346982431011027e-12,
                9.545034753591203e-12,
                1.6586783295030913e-12
            ],
            [
                0.9999997617490772,
                2.3823698440484457e-07,
                2.734698494247981e-12,
                9.545035630179942e-12,
                1.6586784818313732e-12
            ],
            [
                6.560200093215714e-12,
                3.398267780676192e-09,
                0.9999999886567826,
                5.602796373535757e-09,
                2.335593012119538e-09
            ],
            [
                6.221462607186233e-11,
                9.233469197710614e-09,
                1.8545918649973253e-07,
                0.9995692483137156,
                0.0004305569314139864
            ],
            [
                1.0060393176390878e-12,
                1.879528888197097e-12,
                1.879528888197097e-12,
                3.9278636952328803e-07,
                0.9999996072088654
            ]
        ],
        [
            [
                0.9999994956312995,
                5.043472050111061e-07,
                4.508755451721808e-12,
                1.388794451004454e-11,
                3.0988192826587452e-12
            ],
            [
                0.9999832985450363,
                1.670141510341059e-05,
                1.0815756547857574e-11,
                2.59456511682184e-11,
                3.0987661326332052e-12
            ],
            [
                5.109088992360122e-12,
                5.6027963983839515e-09,
                0.9999999930602996,
                9.736200244971302e-10,
                3.581747905253303e-10
            ],
            [
                4.9284537625016945e-09,
                4.209193135767025e-06,
                0.0031724850851242168,
                0.9967651946743801,
                5.810611890618028e-05
            ],
            [
                0.0,
                0.0,
                6.101936652250771e-13,
                2.335593029094563e-09,
                0.9999999976637968
            ]
        ],
        [
            [
                0.9999999956237209,
                4.363462230928125e-09,
                2.734698277794125e-12,
                8.423463711968587e-12,
                1.6586783505454731e-12
            ],
            [
                0.9999898699481018,
                1.0129988100428494e-05,
                1.08158392312153e-11,
                4.847322846907127e-11,
                4.508712586442456e-12
            ],
            [
                1.5737101839682257e-11,
                9.23744950513945e-09,
                0.9999999830927752,
                7.1941329081851655e-09,
                4.5990553005706875e-10
            ],
            [
                1.1798579818665067e-11,
                3.907153031657997e-10,
                1.545309000839911e-09,
                0.03732688379098398,
                0.9626731142611931
            ],
            [
                3.2661313324469854e-13,
                5.384940200705496e-13,
                6.914400085049445e-13,
                1.1032560288506824e-09,
                0.9999999988951873
            ]
        ],
        [
            [
                0.9999999881305196,
                1.1861120004377176e-08,
                1.8795287932505526e-12,
                5.789356256996928e-12,
                6.914400021266487e-13
            ],
            [
                0.9999999397482676,
                6.023574638056718e-08,
                3.5114225798330623e-12,
                1.081594299407302e-11,
                1.658678579252704e-12
            ],
            [
                1.463778513376292e-12,
                2.461696950554723e-10,
                0.999999999542817,
                1.9171715127765077e-10,
                1.7832472899014186e-11
            ],
            [
                3.964964232965528e-11,
                1.6859456927724327e-09,
                3.1497612249723648e-09,
                0.4378234963298592,
                0.5621764987947843
            ],
            [
                4.1937956488361623e-13,
                3.701011670170667e-13,
                4.1937956488361623e-13,
                6.691586076065438e-10,
                0.9999999993296325
            ]
        ],
        [
            [
                0.9999994956109237,
                5.043472050648406e-07,
                5.109089265919522e-12,
                2.594609619069811e-11,
                1.0815942060827267e-11
            ],
            [
                0.99999969407338,
                3.0590235893338143e-07,
                5.789357056067304e-12,
                1.5737104083968908e-11,
                2.734698635161382e-12
            ],
            [
                4.420228103314435e-14,
                2.7346982913897287e-12,
                0.9999999999966098,
                5.384940217355987e-13,
                7.287724095280992e-14
            ],
            [
                9.632810088337818e-11,
                4.0959750765724445e-09,
                1.2616491443606765e-08,
                0.7310585775241996,
                0.26894140566700575
            ],
            [
                0.0,
                2.882350772666671e-13,
                2.882350772666671e-13,
                5.602796397148945e-09,
                0.9999999943966271
            ]
        ],
        [
            [
                0.9999999226188807,
                7.734422801557875e-08,
                7.43368153199048e-12,
                2.289735110432788e-11,
                6.5602009267819086e-12
            ],
            [
                0.9999998144413111,
                1.8553915977617602e-07,
                3.5114225584018123e-12,
                1.3887945625073227e-11,
                2.1297854408772744e-12
            ],
            [
                6.914400103792821e-13,
                1.9171715128856302e-10,
                0.999999999582559,
                1.9171715128856302e-10,
                3.3315445406499186e-11
            ],
            [
                9.629214710946567e-10,
                8.667942849561933e-08,
                1.9728128179053344e-06,
                0.989011018581733,
                0.010986920963099044
            ],
            [
                1.139991833601533e-12,
                2.7346982449509686e-12,
                2.4133627306727587e-12,
                1.5229979484961833e-08,
                0.9999999847637324
            ]
        ],
        [
            [
                0.9999999468287282,
                5.315784968638227e-08,
                2.4133626420864823e-12,
                9.54503440968235e-12,
                1.463778435430538e-12
            ],
            [
                0.9999898699807936,
                1.0129988101462577e-05,
                5.789301558123019e-12,
                2.0206647922017542e-11,
                5.109040693171736e-12
            ],
            [
                7.433680418108416e-12,
                3.224186626984389e-08,
                0.9999999658889608,
                1.8189616253416459e-09,
                4.2777877226618086e-11
            ],
            [
                2.788893678942189e-10,
                4.690198006143601e-08,
                2.259863954555304e-06,
                0.9997942664848575,
                0.00020342647031852123
            ],
            [
                7.835041681006449e-13,
                1.2917799876297421e-12,
                1.2917799876297421e-12,
                1.1861119993815157e-08,
                0.9999999881355129
            ]
        ],
        [
            [
                0.9999993523786648,
                6.475946145537836e-07,
                5.789356458931417e-12,
                1.7832473309192976e-11,
                3.098819208413273e-12
            ],
            [
                0.9999996940746652,
                3.059023589150424e-07,
                5.109089669629376e-12,
                1.573710408302546e-11,
                2.1297854384003047e-12
            ],
            [
                3.900837609952477e-14,
                2.7346982914318676e-12,
                0.999999999996418,
                6.1019366772483e-13,
                1.981008797933071e-13
            ],
            [
                5.596067950292527e-09,
                3.7221777750847855e-06,
                0.001169473492854625,
                0.9987992953529121,
                2.750338039029435e-05
            ],
            [
                5.384940158195946e-13,
                1.8795287957512674e-12,
                1.291779990498753e-12,
                9.237449559803284e-09,
                0.9999999907588407
            ]
        ],
        [
            [
                0.999999995041442,
                4.944450475650322e-09,
                3.0988191222462324e-12,
                9.545034872092228e-12,
                1.4637785063433896e-12
            ],
            [
                0.9999999748764155,
                2.5109990916395553e-08,
                3.5114220237318376e-12,
                8.423463539422253e-12,
                1.6586783165690856e-12
            ],
            [
                1.8795288100414216e-12,
                9.736200279350843e-10,
                0.999999996605172,
                2.0611536153130065e-09,
                3.5817479179008295e-10
            ],
            [
                2.1635947551069e-10,
                1.9476059315157816e-08,
                1.753178988589312e-06,
                0.9959280970657572,
                0.004070130062835411
            ],
            [
                1.2917776408175337e-12,
                2.7346932870706006e-12,
                3.098813467856285e-12,
                2.260325270558898e-06,
                0.9999977396676041
            ]
        ],
        [
            [
                0.9999999827232026,
                1.7257827678251993e-08,
                2.7346982425150994e-12,
                1.2256067224152636e-11,
                3.9789624644309534e-12
            ],
            [
                0.9999997617377351,
                2.3823698437102278e-07,
                5.789356756931735e-12,
                1.783247422709858e-11,
                1.6586784815958957e-12
            ],
            [
                5.6756852320179275e-14,
                3.5114221129961513e-12,
                0.9999999999942979,
                1.6586783587345618e-12,
                4.752193062256391e-13
            ],
            [
                1.491347192523791e-10,
                2.2133554816121438e-08,
                7.725369717604509e-08,
                0.998830390098073,
                0.0011695103655403622
            ],
            [
                3.978962517311438e-12,
                1.6586783511915278e-12,
                1.8795288077881138e-12,
                3.3982678036729473e-09,
                0.999999996594215
            ]
        ],
        [
            [
                0.9999996071991092,
                3.927863697721553e-07,
                2.4133628653730186e-12,
                1.0815941976502013e-11,
                1.2917800548542456e-12
            ],
            [
                0.9999417086679306,
                5.8291277435514796e-05,
                1.3887123715713986e-11,
                3.331347798589085e-11,
                7.433241678093016e-12
            ],
            [
                3.098819130252631e-12,
                1.6052280507984601e-09,
                0.9999999973154343,
                9.736200286400147e-10,
                1.0261879603655769e-10
            ],
            [
                4.838030126226095e-11,
                2.9931832499688935e-09,
                3.6464436866024844e-08,
                0.7772998249373577,
                0.22270013555664175
            ],
            [
                5.384939988073698e-13,
                1.1399918044210276e-12,
                1.1399918044210276e-12,
                4.139937542207108e-08,
                0.9999999585978061
            ]
        ],
        [
            [
                0.9999999677410716,
                3.2241866315676675e-08,
                3.5114219982718496e-12,
                1.0815941202738374e-11,
                2.7346982019482735e-12
            ],
            [
                0.9999999317306698,
                6.825604228321586e-08,
                2.1297854368002203e-12,
                8.423464805903785e-12,
                2.7346986329428864e-12
            ],
            [
                1.0815941468082424e-11,
                5.6027963913288305e-09,
                0.9999999918075396,
                1.6052280419466726e-09,
                9.73620023271134e-10
            ],
            [
                4.3608417345496055e-09,
                2.900577392766332e-06,
                0.0005527519465422117,
                0.9993989704508166,
                4.537266440664202e-05
            ],
            [
                8.878265181041133e-13,
                3.9789624025435045e-12,
                2.734698199980519e-12,
                3.224186629247701e-08,
                0.9999999677505322
            ]
        ],
        [
            [
                0.9999998874366856,
                1.1253518378840429e-07,
                5.789356795291557e-12,
                1.783247434525515e-11,
                4.508755605652824e-12
            ],
            [
                0.9999982396311148,
                1.7603431337283947e-06,
                5.789345875644901e-12,
                1.7832440710375538e-11,
                2.1297813254804403e-12
            ],
            [
                1.6586783571875214e-12,
                6.691586084326737e-10,
                0.9999999990017623,
                2.789468089965045e-10,
                4.8473687012240694e-11
            ],
            [
                2.060799886974971e-09,
                1.067519752461449e-06,
                0.00015843397886720423,
                0.9998274913876432,
                1.300505293729327e-05
            ],
            [
                6.91440004459369e-13,
                1.6586783439580804e-12,
                1.4637785009271521e-12,
                7.194132965456545e-09,
                0.9999999928020532
            ]
        ],
        [
            [
                0.9999999677436101,
                3.224186631947524e-08,
                3.098819037507405e-12,
                9.545034611078264e-12,
                1.879528755149434e-12
            ],
            [
                0.9999999123210299,
                8.764249140342322e-08,
                7.433681453442202e-12,
                2.5946097709036694e-11,
                3.098819464328586e-12
            ],
            [
                8.87826546568919e-13,
                2.1724399319541867e-10,
                0.9999999986165311,
                9.736200299005046e-10,
                1.9171715110006588e-10
            ],
            [
                9.632810100818591e-11,
                4.095975081879404e-09,
                1.1134014634893832e-08,
                0.7310585785365328,
                0.2689414061371494
            ],
            [
                3.2661317469691966e-13,
                8.878266577139563e-13,
                7.835042754646002e-13,
                6.825604220999099e-08,
                0.9999999317419599
            ]
        ],
        [
            [
                0.9999999585854151,
                4.139937545848543e-08,
                2.73469817735598e-12,
                1.0815941105473965e-11,
                1.6586782896266587e-12
            ],
            [
                0.9999869928459387,
                1.3007124766618335e-05,
                5.109021120232372e-12,
                2.0206570509540664e-11,
                3.978909649165317e-12
            ],
            [
                9.357622968033648e-14,
                3.978962535494296e-12,
                0.9999999999937303,
                1.658678358771271e-12,
                5.384940217289912e-13
            ],
            [
                1.492269161077226e-10,
                2.2147238042682287e-08,
                3.4644109195316714e-07,
                0.9994468529499588,
                0.0005527783124843409
            ],
            [
                6.101925512171962e-13,
                2.413358355818655e-12,
                2.1297812738366147e-12,
                2.2603252709896955e-06,
                0.9999977396695757
            ]
        ],
        [
            [
                0.9999998554715931,
                1.4449803163704377e-07,
                7.433681033809913e-12,
                2.0206840072766134e-11,
                2.73469842456474e-12
            ],
            [
                0.999999168456046,
                8.315279900279501e-07,
                2.41336295738334e-12,
                1.0815942388863666e-11,
                2.734698501847713e-12
            ],
            [
                2.940077878346792e-11,
                1.4449803144551602e-07,
                0.9999998537767789,
                1.6052281311110655e-09,
                9.056077418014967e-11
            ],
            [
                2.0016463570646142e-07,
                0.000526570594027611,
                0.04740037565027594,
                0.9520619249722491,
                1.092861881163104e-05
            ],
            [
                6.914400657724433e-13,
                1.1399919438533228e-12,
                1.4637786307269313e-12,
                1.1253518368353637e-07,
                0.9999998874615211
            ]
        ],
        [
            [
                0.9999999123428155,
                8.764249144032918e-08,
                2.413363026432273e-12,
                1.0815942698319515e-11,
                1.4637786685480444e-12
            ],
            [
                0.9999998144433134,
                1.8553915979793574e-07,
                3.978963040583617e-12,
                1.2256068998827777e-11,
                1.2917801686531527e-12
            ],
            [
                3.5114220961086908e-12,
                4.363462231485876e-09,
                0.9999999951529139,
                4.599055356035934e-10,
                2.020683899085272e-11
            ],
            [
                1.0249869081601602e-10,
                1.0455150700579877e-08,
                1.0664543644566777e-06,
                0.9988294137641897,
                0.0011695092237965215
            ],
            [
                2.4133630740006688e-12,
                3.098819526712518e-12,
                4.508755806817951e-12,
                1.8553915949220754e-07,
                0.9999998144508196
            ]
        ],
        [
            [
                0.9999999881269032,
                1.1861120005701587e-08,
                2.4133627421996243e-12,
                7.433680581074307e-12,
                2.129785144804234e-12
            ],
            [
                0.9999989322667829,
                1.0677030763020698e-06,
                4.508746999402183e-12,
                2.2897306595592616e-11,
                2.7346932920247626e-12
            ],
            [
                1.8795288138703417e-12,
                9.736200299185142e-10,
                0.9999999986285744,
                3.5817479251974595e-10,
                3.775134538918787e-11
            ],
            [
                3.844173976827459e-09,
                1.9913314202529257e-06,
                0.0015008741643641455,
                0.9982940093330491,
                0.00020312132699250925
            ],
            [
                4.752192998761115e-13,
                1.4637784944094291e-12,
                1.2917799873862638e-12,
                1.186111999157954e-08,
                0.9999999881356493
            ]
        ],
        [
            [
                0.999999971519052,
                2.8453347257880744e-08,
                5.78935615945448e-12,
                1.783247238673907e-11,
                3.978962419495542e-12
            ],
            [
                0.9999999468170744,
                5.315784969270651e-08,
                4.508755000432429e-12,
                1.7832471951562058e-11,
                2.734698144894916e-12
            ],
            [
                1.0603575990832624e-13,
                6.560200167726134e-12,
                0.9999999999897402,
                2.1297851708169497e-12,
                1.4637785140304887e-12
            ],
            [
                7.00567290294562e-11,
                6.306305775529638e-09,
                2.6815094499876525e-07,
                0.9933068774483487,
                0.006692848024343827
            ],
            [
                1.2917800984521627e-12,
                3.5114223679875507e-12,
                3.978962824349344e-12,
                2.3823698402459645e-07,
                0.9999997617542338
            ]
        ],
        [
            [
                0.9999999956239158,
                4.363462232077847e-09,
                2.7346982785146862e-12,
                8.423463714188071e-12,
                1.4637785071261943e-12
            ],
            [
                0.9999417086860002,
                5.8291276757366605e-05,
                5.108787313176893e-12,
                2.9399041143551876e-11,
                2.734536795250758e-12
            ],
            [
                2.4133627486852757e-12,
                9.237449573368948e-09,
                0.9999999904633577,
