{
    "[['E', 'D', 'C', 'B', 'A'], ['E', 'D', 'C', 'B', 'A']]": [
        [
            [
                0.9999999748694073,
                2.510999091621958e-08,
                3.97896243422863e-12,
                1.3887943510315128e-11,
                2.734698221757367e-12
            ],
            [
                0.9999999918376784,
                8.152020643116737e-09,
                2.7346982676554652e-12,
                6.560200110733318e-12,
                1.006039270477604e-12
            ],
            [
                7.052866987637116e-11,
                2.2603231288404437e-06,
                0.9999976254661478,
                1.125349694707022e-07,
                1.6052251274721864e-09
            ],
            [
                8.511926117116566e-11,
                2.487549443715197e-09,
                8.682400682209461e-09,
                0.06008665367718693,
                0.9399133350677437
            ],
            [
                1.3176514210670715e-10,
                2.7346982792586613e-12,
                3.511422097540352e-12,
                9.736200269100285e-10,
                0.9999999988883688
            ]
        ],
        [
            [
                0.9999999918327728,
                8.152020641709442e-09,
                3.098819111063367e-12,
                1.0815941460748187e-11,
                1.2917799932562351e-12
            ],
            [
                0.9999999881133744,
                1.1861120004173816e-08,
                3.9789624864672e-12,
                1.5737101911600607e-11,
                5.789356256897668e-12
            ],
            [
                2.461391803064217e-10,
                0.00012339450636793674,
                0.9998760998592293,
                5.042851442878563e-07,
                1.1031192741612604e-09
            ],
            [
                5.108280451501828e-12,
                6.223159575000063e-11,
                1.9168680976420766e-10,
                0.0001584362466501601,
                0.9998415634943232
            ],
            [
                1.7832472855595763e-11,
                1.6586783540262617e-12,
                1.2917800009792415e-12,
                5.905303981541662e-10,
                0.9999999993886868
            ]
        ],
        [
            [
                0.9999999895044721,
                1.04674016778794e-08,
                5.789356264094304e-12,
                2.020683886461915e-11,
                2.1297851471774016e-12
            ],
            [
                0.99999997781894,
                2.2159489267016794e-08,
                2.734698229103421e-12,
                1.573710174726668e-11,
                3.098819067913131e-12
            ],
            [
                3.4424771081761494e-14,
                2.7346982913584586e-12,
                0.9999999999945661,
                1.6586783587726571e-12,
                1.0060392791974479e-12
            ],
            [
                3.975336497177605e-12,
                3.7716942545855936e-11,
                1.3164506479192113e-10,
                0.0009110514041321673,
                0.9990889484225305
            ],
            [
                1.658678355342478e-12,
                0.0,
                0.0,
                9.056076970171755e-11,
                0.9999999999077807
            ]
        ],
        [
            [
                0.9999999585789148,
                4.139937545146961e-08,
                4.508755053187591e-12,
                1.5737101446813798e-11,
                1.4637784527317789e-12
            ],
            [
                0.9999999397398266,
                6.023574638374731e-08,
                6.560201039955687e-12,
                1.573710419820696e-11,
                2.129785453988426e-12
            ],
            [
                4.508755200033803e-12,
                7.1941329628940425e-09,
                0.999999990697427,
                2.0611536031191554e-09,
                4.277787828872857e-11
            ],
            [
                2.5581186881681827e-11,
                4.5343738700818114e-10,
                1.7933796546579863e-09,
                0.01406362723378162,
                0.9859363704938202
            ],
            [
                2.734698287300413e-12,
                6.101936668029779e-13,
                0.0,
                1.4930946738541057e-10,
                0.9999999998473457
            ]
        ],
        [
            [
                0.9999999585581674,
                4.1399375431878346e-08,
                9.545034517983651e-12,
                2.9400776145797445e-11,
                3.5114219644379532e-12
            ],
            [
                0.9999999123264033,
                8.764249143352394e-08,
                5.1090895666528285e-12,
                2.289735087024622e-11,
                3.0988194653928724e-12
            ],
            [
                7.287724095290254e-14,
                1.2256067443209105e-11,
                0.99999999998228,
                3.511422113121414e-12,
                1.8795288164025395e-12
            ],
            [
                1.5305767597166794e-10,
                3.947409490244909e-09,
                2.5740343279761547e-08,
                0.09534946715585106,
                0.9046505030033385
            ],
            [
                1.3887943833829513e-11,
                1.4637785108443558e-12,
                1.6586783551957444e-12,
                4.058652117376856e-10,
                0.9999999995771245
            ]
        ],
        [
            [
                0.9999999847632428,
                1.5229979507202132e-08,
                1.658678333047255e-12,
                4.508755171981094e-12,
                6.101936582446036e-13
            ],
            [
                0.9999999585816008,
                4.139937545635318e-08,
                5.109088814379435e-12,
                1.2256066931498478e-11,
                1.658678289541229e-12
            ],
            [
                1.1298591652770185e-08,
                0.04742584329043499,
                0.9525735074202231,
                6.168822022211777e-07,
                2.110854817996535e-08
            ],
            [
                5.166707070801767e-10,
                1.1156980651352807e-07,
                5.665982293727991e-07,
                0.9914218435423727,
                0.00857747777292066
            ],
            [
                5.789356252735585e-12,
                2.413362740153757e-12,
                4.5087551831098075e-12,
                1.0467401657342355e-08,
                0.9999999895198869
            ]
        ],
        [
            [
                0.9999999803970891,
                1.9555680687699655e-08,
                1.0815941335968517e-11,
                3.3315444739959226e-11,
                3.098819075313393e-12
            ],
            [
                0.9999999918296146,
                8.15202064361666e-09,
                3.978962501253981e-12,
                1.2256067337575545e-11,
                2.1297851524447004e-12
            ],
            [
                6.224133260410118e-11,
                1.7603430985530043e-06,
                0.9999982195791101,
                1.955564538794406e-08,
                4.5990469828390503e-10
            ],
            [
                1.0257457757808868e-10,
                2.844108745907208e-08,
                1.636671580004892e-07,
                0.9995692508568226,
                0.00043055693235739367
            ],
            [
                4.5087552261897025e-12,
                0.0,
                0.0,
                1.6918979165717277e-10,
                0.9999999998263014
            ]
        ],
        [
            [
                0.9999999715258353,
                2.8453347258073758e-08,
                5.7893561594937515e-12,
                1.3887943458985802e-11,
                1.139991819719634e-12
            ],
            [
                0.9999999865335389,
                1.34404097611465e-08,
                6.560200075421285e-12,
                1.7832472656073337e-11,
                1.6586783354677849e-12
            ],
            [
                7.287724095125577e-14,
                3.978962535458266e-12,
                0.9999999999953162,
                5.384940217241149e-13,
                9.357622967948913e-14
            ],
            [
                6.559812754659381e-12,
                4.277535243636824e-11,
                7.052463342353488e-11,
                5.829127672260743e-05,
                0.9999417086034176
            ],
            [
                5.109089010112525e-12,
                1.4637785089829187e-12,
                1.1399918490389905e-12,
                8.592166588985506e-10,
                0.9999999991330706
            ]
        ],
        [
            [
                0.9999999123311885,
                8.764249142786188e-08,
                4.5087557173071095e-12,
                1.783247478685642e-11,
                3.97896295503411e-12
            ],
            [
                0.9999999397335043,
                6.02357463754982e-08,
                6.560201039057287e-12,
                2.2897351496207454e-11,
                1.2917801762770648e-12
            ],
            [
                2.020684151692887e-11,
                6.825604196044344e-08,
                0.9999999266299907,
                4.944451095734196e-09,
                1.4930948555078835e-10
            ],
            [
                2.763417833540035e-11,
                5.550473092976365e-10,
                3.194076731393959e-09,
                0.06008665417478461,
                0.9399133420484572
            ],
            [
                1.6586783528265166e-12,
                8.87826544587447e-13,
                1.2917800000448792e-12,
                1.6052280492940713e-09,
                0.9999999983909336
            ]
        ],
        [
            [
                0.9999999907462195,
                9.237449573569415e-09,
                4.50875519914663e-12,
                1.0815941453778554e-11,
                1.0060392696556533e-12
            ],
            [
                0.9999999804215935,
                1.955568069189557e-08,
                5.109088924616713e-12,
                1.5737101788224903e-11,
                1.8795287784832013e-12
            ],
            [
                1.3405514084967865e-08,
                0.002472318852465368,
                0.9974045369423954,
                0.00012308950773485224,
                4.1291890352926e-08
            ],
            [
                9.506939447121657e-11,
                8.557874164776602e-09,
                5.580434948305437e-08,
                0.8175744164397721,
                0.18242551910293486
            ],
            [
                1.691897916714511e-10,
                3.0988191279144637e-12,
                3.9789625219603125e-12,
                1.2501528620267416e-09,
                0.9999999985735795
            ]
        ],
        [
            [
                0.9999999927860065,
                7.1941329736129384e-09,
                4.508755206751622e-12,
                1.3887943755483248e-11,
                1.4637785025867204e-12
            ],
            [
                0.9999999397433771,
                6.023574636598981e-08,
                5.1090897055171745e-12,
                1.3887945706474509e-11,
                1.879529065760427e-12
            ],
            [
                3.775127768179936e-11,
                1.370956625609612e-06,
                0.9999986078447519,
                1.9555645986787824e-08,
                1.6052251739149307e-09
            ],
            [
                1.0242111156267539e-10,
                3.843323857088002e-09,
                1.341451835783219e-08,
                0.11920292140567576,
                0.8807970612340609
            ],
            [
                8.423463728805564e-12,
                1.291780000850435e-12,
                2.1297851644671417e-12,
                9.736200283347075e-10,
                0.999999999014535
            ]
        ],
        [
            [
                0.9999999895153898,
                1.0467401680184016e-08,
                3.978962492289422e-12,
                1.0815941438910452e-11,
                2.4133627454201272e-12
            ],
            [
                0.9999999468212737,
                5.3157849692929735e-08,
                5.10908875401878e-12,
                1.3887943120033714e-11,
                1.879528715723729e-12
            ],
            [
                9.056077419489201e-11,
                2.3823697805730074e-07,
                0.9999996157578208,
                1.4449803146903878e-07,
                1.416608853877783e-09
            ],
            [
                1.0808270055110736e-11,
                9.049653719543782e-11,
                1.3167168467203874e-10,
                0.0007096703425819944,
                0.9992903294244415
            ],
            [
                7.991959871698764e-11,
                1.1399918500124684e-12,
                1.291780001350418e-12,
                7.582560407745564e-10,
                0.9999999991593926
            ]
        ],
        [
            [
                0.9999998874389636,
                1.125351837651123e-07,
                4.508755604719623e-12,
                1.783247434156427e-11,
                3.5114223956332285e-12
            ],
            [
                0.9999999715249906,
                2.8453347264796434e-08,
                3.511422011558787e-12,
                1.5737101650547517e-11,
                2.4133627018549833e-12
            ],
            [
                1.478354946249188e-08,
                0.02931220593833959,
                0.9706869477497069,
                8.071544515755405e-07,
                2.437395245525781e-08
            ],
            [
                3.098777948860452e-12,
                1.7832235876859906e-11,
                3.7750843647553555e-11,
                1.3007124759567094e-05,
                0.9999869928165586
            ],
            [
                2.2897348390463846e-11,
                2.1297851648176025e-12,
                1.6586783541338097e-12,
                1.2501528627837188e-09,
                0.9999999987231614
            ]
        ],
        [
            [
                0.9999999881175051,
                1.1861120004949137e-08,
                3.978962486727292e-12,
                1.5737101912629287e-11,
                1.658678338442159e-12
            ],
            [
                0.99999999438187,
                5.602796402310871e-09,
                3.511422091299188e-12,
                1.0815941489282748e-11,
                1.0060392729580578e-12
            ],
            [
                1.598674035764831e-09,
                1.0088742847582155e-05,
                0.9959178336101653,
                0.0040700894570583415,
                1.9865912548217333e-06
            ],
            [
                1.203562251737209e-11,
                3.5173244793150314e-10,
                2.0240804861046744e-09,
                0.01798621150090686,
                0.9820137861112446
            ],
            [
                3.775134531143325e-11,
                1.6586783531427756e-12,
                1.2917800002911819e-12,
                1.1032560285047185e-09,
                0.9999999988560422
            ]
        ],
        [
            [
                0.9999999634504861,
                3.653482078705226e-08,
                2.734698190530063e-12,
                9.545034570100245e-12,
                2.4133626826464782e-12
            ],
            [
                0.9999996940801142,
                3.0590235897943556e-07,
                3.978963036326963e-12,
                1.2256068985716362e-11,
                1.2917801672712198e-12
            ],
            [
                9.545034680711775e-12,
                9.237449427644255e-09,
                0.9999999747647701,
                1.5229979358373808e-08,
                7.582560235565135e-10
            ],
            [
                9.038630407963641e-11,
                3.843323447452829e-09,
                1.520063910567555e-08,
                0.2227001396361175,
                0.7772998412295337
            ],
            [
                5.4927883260372634e-11,
                5.109089004886514e-12,
                1.0815941508220385e-11,
                2.646573626903232e-09,
                0.9999999972825735
            ]
        ],
        [
            [
                0.9999999778283782,
                2.2159489268968302e-08,
                3.098819068186033e-12,
                8.423463562732484e-12,
                6.101936538712114e-13
            ],
            [
                0.9999999317312954,
                6.825604227315548e-08,
                3.098819525066456e-12,
                8.423464804662236e-12,
                1.139991995172602e-12
            ],
            [
                3.808384819811034e-09,
                0.010986800730592699,
                0.9890003179474991,
                1.2864220954311985e-05,
                1.3292569135132025e-08
            ],
            [
                4.506812195136305e-12,
                6.221462329043102e-11,
                1.1623221845551634e-10,
                0.00043055711747064707,
                0.9995694426995757
            ],
            [
                1.3887943818772005e-11,
                1.6586783533973816e-12,
                1.2917800004894694e-12,
                9.736200280626461e-10,
                0.9999999990095416
            ]
        ],
        [
            [
                0.9999999827268266,
                1.725782768086899e-08,
                4.5087551620646145e-12,
                9.545034752993273e-12,
                1.291779981799656e-12
            ],
            [
                0.9999999317240973,
                6.825604228276725e-08,
                4.508755805057865e-12,
                1.3887945598396218e-11,
                1.4637786968283184e-12
            ],
            [
                2.573970586455117e-08,
                0.09534708475064517,
                0.9046279093123775,
                2.4910229496850638e-05,
                6.996777472149017e-08
            ],
            [
                7.938468008313607e-11,
                1.3350450433287761e-08,
                3.0385485131295785e-07,
                0.9933068341970787,
                0.006692848518234939
            ],
            [
                1.6918979172410365e-10,
                1.1399918494233193e-12,
                1.2917800006828248e-12,
                3.581747918906224e-10,
                0.9999999994702036
            ]
        ],
        [
            [
                0.9999999530666523,
                4.6911637988921114e-08,
                4.508755028021291e-12,
                1.573710135897478e-11,
                1.4637784445614775e-12
            ],
            [
                0.9999998554745724,
                1.44498031645283e-07,
                7.433681034233778e-12,
                1.7832473776255194e-11,
                2.1297852746365963e-12
            ],
            [
                3.5813042196904497e-10,
                0.00012339451595407336,
                0.9998765352733081,
                6.824757813615546e-08,
                1.605029197894228e-09
            ],
            [
                5.103109363805846e-12,
                7.044625179227146e-11,
                2.458815788227383e-10,
                0.0011695103444492037,
                0.9988304893341199
            ],
            [
                4.508755229906396e-12,
                8.878265454065396e-13,
                7.835041763536528e-13,
                4.058652115323985e-10,
                0.9999999995879547
            ]
        ],
        [
            [
                0.9999999715116185,
                2.8453347262441603e-08,
                5.109088879496576e-12,
                2.594609422828046e-11,
                3.9789624201333394e-12
            ],
            [
                0.9999999943690729,
                5.602796401174314e-09,
                4.508755213032355e-12,
                1.7832472792411077e-11,
                5.789356291156897e-12
            ],
            [
                6.560199991730387e-12,
                2.510999088215709e-08,
                0.9999999732232931,
                1.6052280120162311e-09,
                5.492788203237186e-11
            ],
            [
                2.2700925736972477e-11,
                5.166706882994345e-10,
                5.854645911914767e-10,
                0.00857748564632241,
                0.9914225132288413
            ],
            [
                1.6586783448954499e-12,
                2.7346982684788112e-12,
                3.0988191125312937e-12,
                7.194132969522167e-09,
                0.9999999927983748
            ]
        ],
        [
            [
                0.9999999715308582,
                2.845334726670575e-08,
                3.0988190490759405e-12,
                1.081594124439081e-11,
                1.8795287621661053e-12
            ],
            [
                0.9999999918233516,
                8.152020644894112e-09,
                5.789356279319519e-12,
                1.7832472755949386e-11,
                1.0060392706969495e-12
            ],
            [
                2.2897350624814545e-11,
                9.237450536749055e-09,
                0.9999999012781998,
                8.764249049410332e-08,
                1.8189618598071382e-09
            ],
            [
                1.890208315989376e-10,
                2.4756843357875593e-08,
                1.8292970440378142e-07,
                0.9859361710484968,
                0.014063621075934542
            ],
            [
                8.423463735769462e-12,
                1.0060392770500177e-12,
                0.0,
                1.4930946728826542e-10,
                0.999999999841261
            ]
        ],
        [
            [
                0.999999993632041,
                6.348800072306159e-09,
                3.978962508425768e-12,
                1.3887943769288582e-11,
                1.291779995886794e-12
            ],
            [
                0.999999984743664,
                1.5229979506177623e-08,
                5.789356238056589e-12,
                1.7832472628850613e-11,
                2.73469824876048e-12
            ],
            [
                2.7894520890258555e-10,
                3.9278447562749e-07,
                0.9999947853074646,
                4.7850945021899775e-06,
                3.653461252823104e-08
            ],
            [
                9.019221850732382e-11,
                1.3385712075141804e-08,
                1.1207719501074961e-07,
                0.9959297366867185,
                0.004070137760182069
            ],
            [
                1.5737102033391077e-11,
                2.129785161012455e-12,
                2.413362760565945e-12,
                1.2501528605501526e-09,
                0.9999999987295669
            ]
        ],
        [
            [
                0.9999999778144594,
                2.215948926865987e-08,
                6.560200018738194e-12,
                1.783247250199272e-11,
                1.6586783211360552e-12
            ],
            [
                0.999999974855007,
                2.5109990907009452e-08,
                1.0815941277117665e-11,
                2.0206838566799385e-11,
                3.9789624327691825e-12
            ],
            [
                2.594609605658852e-11,
                1.4449803059122424e-07,
                0.9999998479658018,
                7.194133328066977e-09,
                3.1608815851322186e-10
            ],
            [
                1.7422740376457356e-11,
                3.4994509513444687e-10,
                1.0779067782293467e-09,
                0.02297736774847195,
                0.9770226308062534
            ],
            [
                7.433680643305248e-12,
                1.658678352432983e-12,
                1.658678352432983e-12,
                1.2501528615017985e-09,
                0.9999999987390962
            ]
        ],
        [
            [
                0.999999990743902,
                9.237449571653839e-09,
                3.97896249693397e-12,
                1.2256067324268978e-11,
                2.4133627482371886e-12
            ],
            [
                0.999999963440108,
                3.653482077992639e-08,
                5.10908883825851e-12,
                1.783247224566249e-11,
                2.129785091833367e-12
            ],
            [
                1.88788240471818e-08,
                0.14804693763323484,
                0.8519513129460599,
                1.6994159623644834e-06,
                3.112591877239371e-08
            ],
            [
                9.483432034825772e-11,
                6.6483991326324985e-09,
                4.9125394159103404e-08,
                0.9241417644543871,
                0.07585817967698527
            ],
            [
                7.05287977253607e-11,
                4.5087551920628106e-12,
                9.545034816499454e-12,
                9.237449559056225e-09,
                0.9999999906779679
            ]
        ],
        [
            [
                0.9999998874368152,
                1.125351837815277e-07,
                7.433681270974006e-12,
                1.7832474344165478e-11,
                2.7346985118125346e-12
            ],
            [
                0.9999999804220094,
                1.9555680693441334e-08,
                5.1090889250205565e-12,
                1.5737101789468827e-11,
                1.4637784846036614e-12
            ],
            [
                5.6756852320822543e-14,
                5.109089027567809e-12,
                0.9999999999935736,
                1.0060392791857441e-12,
                2.54366564713022e-13
            ],
            [
                3.510505061946999e-12,
                4.846102755821141e-11,
                1.1625196172965204e-10,
                0.0002611903263896011,
                0.9997388095053868
            ],
            [
                8.423463733990623e-12,
                1.6586783548818691e-12,
                1.6586783548818691e-12,
                3.5817479215757035e-10,
                0.9999999996300843
            ]
        ],
        [
            [
                0.9999999950380465,
                4.944450473655351e-09,
                3.97896251307674e-12,
                9.545034868241027e-12,
                3.97896251307674e-12
            ],
            [
                0.9999986289926549,
                1.3709566536501436e-06,
                1.0815922364657414e-11,
                3.331538630420713e-11,
                6.5601885272362885e-12
            ],
            [
                6.101936654404272e-13,
                3.3982678065740272e-09,
                0.9999999962405337,
                3.581747916664501e-10,
                2.4133627626570194e-12
            ],
            [
                3.508931542517505e-12,
                5.488892442641791e-11,
                1.3167168471896108e-10,
                0.0007096703425137839,
                0.9992903294674167
            ],
            [
                5.789356304775948e-12,
                4.508755223638883e-12,
                5.109089006923373e-12,
                2.0611536139100925e-09,
                0.9999999979234391
            ]
        ],
        [
            [
                0.9999998144385301,
                1.855391598058967e-07,
                5.1090896763897186e-12,
                1.5737104103848782e-11,
                1.4637786998745306e-12
            ],
            [
                0.9999999530637342,
                4.691163799744717e-08,
                5.7893560546501865e-12,
                1.7832472063919122e-11,
                1.0060392316552737e-12
            ],
            [
                2.5946093876501778e-11,
                4.139937542270764e-08,
                0.99999995745359,
                1.103255985304059e-09,
                1.7832472147823767e-11
            ],
            [
                4.200844847088367e-11,
                4.855516460604319e-09,
                4.065474157655449e-08,
                0.9820137436798521,
                0.017986210767881334
            ],
            [
                2.413362767882837e-12,
                6.101936667617208e-13,
                0.0,
                2.1724399315230015e-10,
                0.9999999997797324
            ]
        ],
        [
            [
                0.9999999677464051,
                3.224186630494845e-08,
                3.511421997103453e-12,
                7.433680426202121e-12,
                7.835041525624127e-13
            ],
            [
                0.9999999715299118,
                2.8453347260724872e-08,
                3.511422011056317e-12,
                1.0815941242117304e-11,
                2.413362701509641e-12
            ],
            [
                2.020683887107552e-11,
                7.1941329523037716e-09,
                0.9999999892711101,
                3.3982677826402713e-09,
                1.162823290411078e-10
            ],
            [
                1.4902183004955378e-10,
                8.13631623525926e-09,
                5.30554464759309e-08,
                0.22270012497681257,
                0.7772998136824029
            ],
            [
                7.433680648735027e-12,
                1.463778509475414e-12,
                0.0,
                1.6918979172398893e-10,
                0.9999999998219127
            ]
        ],
        [
            [
                0.9999999677355556,
                3.2241866310726475e-08,
                6.560199952102751e-12,
                1.3887943407583991e-11,
                2.1297851008142858e-12
            ],
            [
                0.9999999895174044,
                1.0467401679564122e-08,
                4.5087551926816685e-12,
                9.545034817809575e-12,
                1.139991840500185e-12
            ],
            [
                1.6612908086701216e-08,
                0.037325254300185816,
                0.9626310043659467,
                4.3703389563174015e-05,
                2.133139622842168e-08
            ],
            [
                3.319823858786802e-10,
                4.582875474329794e-09,
                1.4116250252523846e-08,
                0.5621764897982352,
                0.43782349117065666
            ],
            [
                1.3887943764555987e-11,
                3.978962507069856e-12,
                3.978962507069856e-12,
                1.6052280435800207e-09,
                0.999999998372926
            ]
        ],
        [
            [
                0.9999999973262308,
                2.646573630884854e-09,
                5.1090890125728535e-12,
                2.0206839028956166e-11,
                1.879528810840457e-12
            ],
            [
                0.9999996071737693,
                3.9278636976220214e-07,
                1.0815941976227939e-11,
                2.594609598775487e-11,
                3.0988192587507884e-12
            ],
            [
                9.729294696087057e-10,
                0.0007096703474187015,
                0.999290214975029,
                1.124553566401384e-07,
                1.2492661676221015e-09
            ],
            [
                1.1491006853509022e-10,
                3.805298854143822e-09,
                1.5050248921780573e-08,
                0.6791786991510553,
                0.32082128187848685
            ],
            [
                1.3176514170329595e-10,
                9.545034850570474e-12,
                8.42346369069046e-12,
                1.8189616737807922e-09,
                0.9999999980313046
            ]
        ],
        [
            [
                0.9999999677139815,
                3.22418663167776e-08,
                8.423463478634543e-12,
                3.3315444330719076e-11,
                2.4133626928054198e-12
            ],
            [
                0.9999999585734789,
                4.139937544511675e-08,
                7.433680359426349e-12,
                1.7832472157476322e-11,
                1.8795287374190404e-12
            ],
            [
                1.1019353374972906e-09,
                0.0011694779853439422,
                0.9988030001897624,
                2.750348578945431e-05,
                1.723716884464877e-08
            ],
            [
                1.0808270048135825e-11,
                9.04965371370376e-11,
                1.3167168458706692e-10,
                0.0007096703433674039,
                0.9992903294236561
            ],
            [
                2.2897348313959675e-11,
                3.511422091524065e-12,
                3.511422091524065e-12,
                5.905303962193874e-10,
                0.9999999993795494
            ]
        ],
        [
            [
                0.9999999468153706,
                5.3157849698023725e-08,
                5.1090887545083715e-12,
                2.0206838008291343e-11,
                1.4637784357511024e-12
            ],
            [
                0.9999999881266662,
                1.1861120001519026e-08,
                3.0988190995788134e-12,
                8.423463648066907e-12,
                6.914400019600337e-13
            ],
            [
                3.9008376098931795e-14,
                2.413362771655322e-12,
                0.9999999999968174,
                6.101936677155542e-13,
                1.2015425730886114e-13
            ],
            [
                7.419360180989322e-12,
                1.4902183286168936e-10,
                5.893927823582284e-10,
                0.0019267343287294127,
                0.9980732649254366
            ],
            [
                2.940077728937995e-11,
                8.878265447216002e-13,
                0.0,
                9.056076957803471e-11,
                0.9999999998791507
            ]
        ],
        [
            [
                0.99999993973934,
                6.023574637111349e-08,
                5.789357096878878e-12,
                1.7832475274209496e-11,
                1.2917801761830327e-12
            ],
            [
                0.9999998874269277,
                1.1253518369837554e-07,
                7.433681265481265e-12,
                2.594609705298856e-11,
                4.508755602045795e-12
            ],
            [
                5.109088825622147e-12,
                3.22418660950242e-08,
                0.9999999605255767,
                7.194132745266979e-09,
                3.331544410158181e-11
            ],
            [
                1.0621399598757082e-11,
                2.13336513816766e-10,
                5.79908768854917e-10,
                0.017986211543366305,
                0.982013787652767
            ],
            [
                1.4930946720100622e-10,
                1.6586783542627812e-12,
                1.6586783542627812e-12,
                5.90530398238373e-10,
                0.9999999992568427
            ]
        ],
        [
            [
                0.9999999677413451,
                3.224186631765985e-08,
                4.508755094774845e-12,
                1.0815941203403657e-11,
                1.4637784662331832e-12
            ],
            [
                0.9999999881058145,
                1.1861120005451452e-08,
                7.43368058091754e-12,
                2.2897348174816984e-11,
                2.7346982579549473e-12
            ],
            [
                3.579207344332329e-10,
                0.000709669978524243,
                0.9992899345114875,
                3.925073711441724e-07,
                2.6446963856976174e-09
            ],
            [
                2.1610994649831798e-10,
                2.4978913545216887e-08,
                2.3699333319625565e-07,
                0.9947796122268445,
                0.005220125584798833
            ],
            [
                3.0988191266260083e-12,
                1.6586783524398068e-12,
                1.879528809202599e-12,
                1.2501528615069417e-09,
                0.9999999987432102
            ]
        ],
        [
            [
                0.9999999715288819,
                2.8453347255287774e-08,
                4.508755110051524e-12,
                1.225606708462492e-11,
                1.006039249775848e-12
            ],
            [
                0.9999999317328189,
                6.825604228336256e-08,
                2.413363073079611e-12,
                7.433681600256416e-12,
                1.291780166031573e-12
            ],
            [
                8.582110039593964e-10,
                0.0011695097464329593,
                0.9988299784522873,
                5.03757355998023e-07,
                7.185712759334808e-09
            ],
            [
                2.3698080291666504e-10,
                5.117360432189146e-08,
                5.50168094843709e-07,
                0.9626725335156885,
                0.03732686490563153
            ],
            [
                1.0815941503586614e-11,
                0.0,
                0.0,
                5.905303969625336e-10,
                0.9999999993986537
            ]
        ],
        [
            [
                0.999999887438781,
                1.1253518378174893e-07,
                4.508755605386174e-12,
                1.5737103374176236e-11,
                5.789356794949173e-12
            ],
            [
                0.9999994956272897,
                5.043472049159483e-07,
                5.789356596547912e-12,
                1.5737102834865695e-11,
                3.978962719905172e-12
            ],
            [
                4.277787956634078e-11,
                2.3823674443201999e-07,
                0.9999991120647108,
                6.475946132608015e-07,
                2.061153664677959e-09
            ],
            [
                1.3522551713373797e-10,
                4.478054116231625e-09,
                2.2741435273393305e-08,
                0.37754066540120274,
                0.6224593072440823
            ],
            [
                2.734698277891517e-12,
                1.4637785067926361e-12,
                2.129785160285936e-12,
                3.398267802470347e-09,
                0.9999999965954038
            ]
        ],
        [
            [
                0.9999998144376551,
                1.855391597868593e-07,
                5.78935706278668e-12,
                1.5737104102234064e-11,
                1.6586785692248044e-12
            ],
            [
                0.9999999827255556,
                1.7257827682836473e-08,
                4.508755162578637e-12,
                1.0815941366056497e-11,
                1.2917799819469257e-12
            ],
            [
                1.6586783583994692e-12,
                1.4930946757337902e-10,
                0.9999999997445832,
                9.056076986862362e-11,
                1.3887943860653972e-11
            ],
            [
                1.0772773147549233e-10,
