{
    "[['E', 'D', 'C', 'B', 'A'], ['E', 'D', 'C', 'B', 'A']]": [
        [
            [
                0.9999999990135338,
                9.73620029689007e-10,
                2.4133627678375906e-12,
                9.545034907037632e-12,
                8.878265463760582e-13
            ],
            [
                0.9999996071969837,
                3.9278636968912866e-07,
                3.098819258174288e-12,
                1.2256067916543136e-11,
                1.2917800545811908e-12
            ],
            [
                2.461654738116918e-10,
                3.9277961896486306e-07,
                0.9999828983658199,
                1.6701414385958356e-05,
                7.194009663815039e-09
            ],
            [
                8.876454543304615e-13,
                5.1080469068343965e-12,
                7.432164394911105e-12,
                0.00020342706076045656,
                0.9997965729258117
            ],
            [
                5.10908901309213e-12,
                2.413362764761322e-12,
                2.413362764761322e-12,
                8.59216659399643e-10,
                0.9999999991308475
            ]
        ],
        [
            [
                0.9999999979250127,
                2.061153616782452e-09,
                2.129785165111344e-12,
                1.0815941527605173e-11,
                8.878265454096403e-13
            ],
            [
                0.9999999778305061,
                2.21594892630615e-08,
                1.879528773255958e-12,
                7.433680501164107e-12,
                6.914399947710484e-13
            ],
            [
                4.420228100921419e-14,
                1.3887943856418809e-11,
                0.999999999410649,
                2.1724399337423209e-10,
                3.581747928079342e-10
            ],
            [
                0.0,
                3.0987956571832784e-12,
                3.5113955053074315e-12,
                7.889265045239176e-06,
                0.9999921107283446
            ],
            [
                2.0206838959090627e-11,
                2.7346982738451503e-12,
                4.508755213035423e-12,
                8.592166563415559e-10,
                0.999999999113333
            ]
        ],
        [
            [
                0.9999999988833166,
                1.103256030037414e-09,
                3.098819132244353e-12,
                9.545034902888609e-12,
                7.835041768686775e-13
            ],
            [
                0.9999999715320959,
                2.845334725825189e-08,
                2.734698211667144e-12,
                1.0815941241177252e-11,
                1.0060392498806517e-12
            ],
            [
                6.101936674499802e-13,
                1.493094675437268e-10,
                0.9999999995533011,
                2.7894680914492516e-10,
                1.783247289907072e-11
            ],
            [
                1.4637729770747845e-12,
                8.423431890939429e-12,
                1.7832405453054506e-11,
                2.9023121978702758e-06,
                0.9999970976600825
            ],
            [
                4.508755222344323e-12,
                1.6586783515748517e-12,
                3.0988191250100597e-12,
                2.998960811587398e-09,
                0.999999996991773
            ]
        ],
        [
            [
                0.999999931728903,
                6.825604226691075e-08,
                3.0988195247829455e-12,
                1.0815942904771404e-11,
                1.1399919950683044e-12
            ],
            [
                0.9999999748692867,
                2.5109990907368015e-08,
                3.978962432826e-12,
                1.5737101699445546e-11,
                1.0060392532379969e-12
            ],
            [
                9.357622967807495e-14,
                4.5087552417972525e-12,
                0.9999999999922617,
                2.1297851707207483e-12,
                1.0060392791722934e-12
            ],
            [
                5.759135147376065e-12,
                4.82206482092505e-11,
                1.3107731178372184e-10,
                0.005220125693392688,
                0.9947798741215502
            ],
            [
                1.0261879563314344e-10,
                3.5114220899755803e-12,
                8.42346369833273e-12,
                4.944450468987679e-09,
                0.9999999949409959
            ]
        ],
        [
            [
                0.999999994382968,
                5.602796403146332e-09,
                2.413362757019575e-12,
                1.081594149089557e-11,
                1.0060392731080736e-12
            ],
            [
                0.9999999865490519,
                1.3440409761355e-08,
                2.4133627377562742e-12,
                7.433680567387825e-12,
                6.914400009308136e-13
            ],
            [
                3.3315386146256266e-11,
                1.855389830908854e-07,
                0.9999989812944438,
                8.3152803264006e-07,
                1.6052251991365192e-09
            ],
            [
                9.325720897761447e-12,
                2.1225242930456045e-10,
                1.5683451072657092e-09,
                0.0229773677283472,
                0.9770226304817295
            ],
            [
                1.783247282061818e-11,
                2.4133627599875586e-12,
                3.511422096141185e-12,
                5.211412462309047e-10,
                0.9999999994551014
            ]
        ],
        [
            [
                0.9999999956259071,
                4.363462230108353e-09,
                2.4133627592033396e-12,
                7.433680633449437e-12,
                7.835041744061191e-13
            ],
            [
                0.999999855494191,
                1.4449803164811786e-07,
                2.12978527467838e-12,
                5.109089276880896e-12,
                5.384940480005826e-13
            ],
            [
                1.388794486099991e-11,
                6.825603865863485e-08,
                0.9999998782561288,
                5.315785635669691e-08,
                3.1608816810104163e-10
            ],
            [
                0.0,
                8.807861310426806e-10,
                8.356666139661219e-09,
                0.9046505214463393,
                0.0953494693162085
            ],
            [
                9.545034877743452e-12,
                1.658678351077517e-12,
                3.511422096786188e-12,
                8.592166578578925e-10,
                0.9999999991260682
            ]
        ],
        [
            [
                0.999999993637914,
                6.34880007190291e-09,
                2.7346982725785668e-12,
                9.545034856477664e-12,
                1.006039272288712e-12
            ],
            [
                0.9999999634561292,
                3.6534820780511716e-08,
                1.8795287467439064e-12,
                6.5601999245446744e-12,
                6.10193645101356e-13
            ],
            [
                1.2256068278047848e-11,
                2.3823698296071017e-07,
                0.9999997553591825,
                6.348800548039629e-09,
                4.277788160045579e-11
            ],
            [
                0.0,
                2.588193796987659e-11,
                1.0236505040873316e-10,
                0.002472622962784282,
                0.9975273769089688
            ],
            [
                4.508755230185632e-12,
                1.1399918499826717e-12,
                1.8795288114912204e-12,
                8.592166596098071e-10,
                0.9999999991332551
            ]
        ],
        [
            [
                0.9999999918310721,
                8.152020642421904e-09,
                3.51142208234226e-12,
                1.22560673357793e-11,
                1.139991842969009e-12
            ],
            [
                0.999999814439462,
                1.8553915977583294e-07,
                3.511422558395319e-12,
                1.5737104101298826e-11,
                2.129785440873336e-12
            ],
            [
                3.0988191237622743e-12,
                1.8189616787720073e-09,
                0.999999995252419,
                2.646573626132781e-09,
                2.789468079402766e-10
            ],
            [
                0.0,
                3.1547920531494794e-10,
                1.8154574791295605e-09,
                0.2227001434329901,
                0.7772998544360732
            ],
            [
                4.508755217650557e-12,
                1.879528806265824e-12,
                3.5114220941835365e-12,
                3.850741901719964e-09,
                0.9999999961393584
            ]
        ],
        [
            [
                0.9999999985697412,
                1.4166087833999051e-09,
                3.0988191316271552e-12,
                9.545034900987505e-12,
                1.0060392769800147e-12
            ],
            [
                0.9999999585856367,
                4.139937545174789e-08,
                3.978962368977438e-12,
                9.545034522564771e-12,
                1.4637784527416182e-12
            ],
            [
                4.1937956576374514e-13,
                5.4927883499827333e-11,
                0.9999999998489959,
                7.991959891539753e-11,
                1.5737102104078217e-11
            ],
            [
                8.877944804844952e-13,
                5.789147223266834e-12,
                1.081555089684824e-11,
                3.535625749299183e-05,
                0.9999646437250145
            ],
            [
                8.423463697914632e-12,
                1.879528803920177e-12,
                4.5087552120236424e-12,
                2.3355930231184763e-09,
                0.9999999976495952
            ]
        ],
        [
            [
                0.9999999993920656,
                5.905303992276503e-10,
                2.734698288504193e-12,
                1.2256067430261454e-11,
                2.4133627691083444e-12
            ],
            [
                0.9999999715326396,
                2.8453347263039724e-08,
                2.4133627017059825e-12,
                1.0815941242997246e-11,
                7.835041557394602e-13
            ],
            [
                6.431393940835304e-14,
                3.5114221130398072e-12,
                0.9999999999946723,
                1.4637785139855495e-12,
                2.8823507931680033e-13
            ],
            [
                1.570678643592548e-11,
                2.7840945116200006e-10,
                2.0571830531085115e-09,
                0.119202923277328,
                0.8807970743713727
            ],
            [
                1.0815941480242651e-11,
                2.129785155785111e-12,
                3.098819116648625e-12,
                7.582560373900565e-10,
                0.9999999992256994
            ]
        ],
        [
            [
                0.9999999992328334,
                7.582560417617089e-10,
                1.6586783566622488e-12,
                6.560200159247015e-12,
                6.914400097552544e-13
            ],
            [
                0.9999993523819157,
                6.475946142041615e-07,
                3.978962623174675e-12,
                1.7832473299565618e-11,
                1.658678395321891e-12
            ],
            [
                2.16917314747589e-10,
                5.307791688715363e-08,
                0.9984970091454362,
                0.0015011798588466122,
                1.7577008830173884e-06
            ],
            [
                8.971504211718766e-12,
                2.3137814318875618e-10,
                1.0369648954441642e-09,
                0.06008665433081529,
                0.9399133443918702
            ],
            [
                5.1090889921553444e-12,
                1.0060392722126162e-12,
                2.7346982723717175e-12,
                5.602796398159385e-09,
                0.9999999943883537
            ]
        ],
        [
            [
                0.9999999936408528,
                6.3488000714223726e-09,
                2.129785155987004e-12,
                7.433680620106008e-12,
                7.835041729997321e-13
            ],
            [
                0.9999999936408805,
                6.34880007236228e-09,
                1.8795288036074347e-12,
                7.433680621206527e-12,
                1.0060392723615043e-12
            ],
            [
                8.591019879622802e-10,
                3.9273393195576626e-07,
                7.484183990989589e-05,
                0.9998664776835279,
                5.828688352833163e-05
            ],
            [
                0.0,
                2.59157277442084e-11,
                6.216859901075919e-11,
                0.0011695103445505085,
                0.9988304895673651
            ],
            [
                1.7832472771002713e-11,
                3.098819114889828e-12,
                5.789356284206619e-12,
                2.061153606586904e-09,
                0.9999999979121257
            ]
        ],
        [
            [
                0.9999999969832765,
                2.998960813233514e-09,
                2.7346982809923474e-12,
                1.3887943811135181e-11,
                1.139991848625815e-12
            ],
            [
                0.9999999827207863,
                1.7257827678210294e-08,
                4.508755161370007e-12,
                1.5737101824407534e-11,
                1.1399918325833573e-12
            ],
            [
                5.00877463743063e-14,
                1.879528816384153e-12,
                0.9999999999974891,
                4.752193062379427e-13,
                1.0603575990649788e-13
            ],
            [
                0.0,
                6.97539340796698e-11,
                3.1261544397793794e-10,
                0.010986942357966677,
                0.9890130572596639
            ],
            [
                3.33154452485191e-11,
                0.0,
                2.129785159886994e-12,
                2.1724399237885435e-10,
                0.9999999997473108
            ]
        ],
        [
            [
                0.9999999918297008,
                8.152020644557099e-09,
                3.0988191121458433e-12,
                1.3887943745858732e-11,
                1.2917799937074785e-12
            ],
            [
                0.9999998554858376,
                1.4449803156487132e-07,
                2.73469842319884e-12,
                1.2256068033920982e-11,
                1.139991907906301e-12
            ],
            [
                1.0992824764731904e-08,
                1.366022657205189e-05,
                0.5621298147262614,
                0.437787141699666,
                6.937235467570153e-05
            ],
            [
                0.0,
                7.757695103099776e-11,
                2.707701646924052e-10,
                0.029312227887127926,
                0.970687771764525
            ],
            [
                1.081594153466488e-11,
                1.0060392771792536e-12,
                2.7346982858724376e-12,
                9.73620029264696e-10,
                0.9999999990118233
            ]
        ],
        [
            [
                0.9999999961400927,
                3.850741905327353e-09,
                2.129785161309848e-12,
                6.560200138442201e-12,
                4.752193041248158e-13
            ],
            [
                0.9999999961408146,
                3.8507419059001086e-09,
                1.4637785077140808e-12,
                6.560200139417959e-12,
                4.1937956400093495e-13
            ],
            [
                1.2917800045146528e-12,
                9.056076987770604e-11,
                0.9999999998805069,
                2.020683908597765e-11,
                7.433680670790715e-12
            ],
            [
                2.2104830655564003e-11,
                3.918174985029589e-10,
                1.5496682679620208e-09,
                0.14804720333676002,
                0.8519527946996492
            ],
            [
                3.775134523488509e-11,
                3.511422094038252e-12,
                6.560200132025153e-12,
                2.061153611087281e-09,
                0.9999999978910235
            ]
        ],
        [
            [
                0.9999998554782774,
                1.44498031607773e-07,
                3.9789627285056046e-12,
                1.783247377162609e-11,
                1.879528907549174e-12
            ],
            [
                0.999999931731143,
                6.825604228742786e-08,
                2.129785436931647e-12,
                9.545036114861742e-12,
                1.1399919954109752e-12
            ],
            [
                6.431393940909338e-14,
                3.0988191384603565e-12,
                0.9999999999955427,
                1.0060392791984303e-12,
                2.8823507932011834e-13
            ],
            [
                0.0,
                1.3875287761527591e-11,
                3.3285085007812574e-11,
                0.000911051402744383,
                0.9990889485500952
            ],
            [
                9.056076960685116e-11,
                1.4637785094404752e-12,
                2.4133627641082396e-12,
                4.599055363931122e-10,
                0.9999999994456565
            ]
        ],
        [
            [
                0.9999999847545902,
                1.5229979502334075e-08,
                2.7346982480703317e-12,
                1.0815941385154652e-11,
                1.8795287866271935e-12
            ],
            [
                0.9999962733358764,
                3.7266391136636164e-06,
                3.511408866898446e-12,
                2.020676286200405e-11,
                1.291775131679048e-12
            ],
            [
                8.258073284662713e-14,
                3.9789625354068684e-12,
                0.9999999999944571,
                1.006039279174502e-12,
                4.752193062257148e-13
            ],
            [
                1.0771924450250763e-11,
                7.95943540563456e-11,
                4.042134828917971e-10,
                0.004070137767824819,
                0.9959298617375955
            ],
            [
                6.560200137573053e-12,
                1.4637785073024266e-12,
                5.109089004247032e-12,
                3.398267803653863e-09,
                0.9999999965885991
            ]
        ],
        [
            [
                0.9999999677418057,
                3.224186630805532e-08,
                2.4133626921525412e-12,
                1.2256067039447639e-11,
                1.6586783041505592e-12
            ],
            [
                0.9999999827306439,
                1.7257827676842782e-08,
                2.4133627283260457e-12,
                8.423463602613709e-12,
                6.91439998229008e-13
            ],
            [
                2.2447770548655973e-13,
                8.4234637538856e-12,
                0.9999999999857108,
                3.5114221131334612e-12,
                2.1297851708083677e-12
            ],
            [
                5.482206502713855e-11,
                1.8154574606825128e-09,
                1.0447236361418156e-08,
                0.2227001411446337,
                0.7772998465378504
            ],
            [
                2.020683896744802e-11,
                3.978962511661576e-12,
                3.978962511661576e-12,
                1.1032560256403124e-09,
                0.9999999988685793
            ]
        ],
        [
            [
                0.9999999927956843,
                7.1941329730415825e-09,
                2.734698269816643e-12,
                6.560200115917713e-12,
                8.878265407765832e-13
            ],
            [
                0.9999999634474805,
                3.6534820777323073e-08,
                3.978962387733578e-12,
                1.2256066987908087e-11,
                1.4637784596416166e-12
            ],
            [
                6.914400103604609e-13,
                2.1724399340310048e-10,
                0.9999999995469881,
                2.1724399340310048e-10,
                1.783247289954378e-11
            ],
            [
                0.0,
                4.891944671940392e-10,
                4.641347877345201e-09,
                0.26894140817448275,
                0.7310585866949749
            ],
            [
                1.5737102019434133e-11,
                2.129785159123588e-12,
                2.734698276399033e-12,
                5.905303966136637e-10,
                0.999999999388868
            ]
        ],
        [
            [
                0.9999999585910446,
                4.139937544215538e-08,
                1.879528737284594e-12,
                6.560199891528431e-12,
                1.1399918049740778e-12
            ],
            [
                0.9999997617304313,
                2.382369842121362e-07,
                4.508755572771155e-12,
                2.594609688452464e-11,
                2.1297853270617498e-12
            ],
            [
                5.900980712543336e-10,
                2.100896659378284e-07,
                0.9992687044463668,
                0.0007096551453473962,
                2.1429728521676492e-05
            ],
            [
                0.0,
                7.433482718869627e-12,
                1.7831998042427717e-11,
                2.753568981413641e-05,
                0.9999724642849204
            ],
            [
                5.109089015136295e-12,
                2.1297851655669975e-12,
                3.0988191308811857e-12,
                1.1032560295520927e-09,
                0.9999999988864063
            ]
        ],
        [
            [
                0.999999998885297,
                1.1032560302772005e-09,
                2.413362767313084e-12,
                8.423463738691844e-12,
                6.101936666176646e-13
            ],
            [
                0.9999999936383115,
                6.348800071905433e-09,
                1.879528803472188e-12,
                9.545034856481458e-12,
                1.4637785039494005e-12
            ],
            [
                7.287724094821509e-14,
                3.51142211289556e-12,
                0.9999999999947973,
                1.2917800046090639e-12,
                3.266131342340093e-13
            ],
            [
                0.0,
                2.523494531521999e-10,
                2.1128961024283434e-09,
                0.09534946979110569,
                0.9046505278436489
            ],
            [
                1.493094667438656e-10,
                6.5602001296715796e-12,
                7.433680628746144e-12,
                7.582560383432533e-10,
                0.9999999990784405
            ]
        ],
        [
            [
                0.9999999936370034,
                6.348800072337665e-09,
                3.511422089203398e-12,
                9.545034857131292e-12,
                1.1399918451964943e-12
            ],
            [
                0.9999998874485336,
                1.1253518378284644e-07,
                2.734698511844581e-12,
                1.225606843120363e-11,
                1.2917801088260077e-12
            ],
            [
                2.2447770547833705e-13,
                8.423463753577047e-12,
                0.9999999999847133,
                4.5087552418175855e-12,
                2.129785170730353e-12
            ],
            [
                0.0,
                3.67166287670059e-10,
                2.3942249489795474e-09,
                0.09534946976451553,
                0.9046505274740932
            ],
            [
                3.3315445148200265e-11,
                2.7346982691445943e-12,
                4.5087552052855164e-12,
                1.818961672622425e-09,
                0.9999999981404795
            ]
        ],
        [
            [
                0.9999999677489182,
                3.224186631592966e-08,
                2.7346982019697317e-12,
                5.789356139000574e-12,
                6.91439988033994e-13
            ],
            [
                0.999999887450872,
                1.1253518376645241e-07,
                3.5114223956750435e-12,
                9.545035690207597e-12,
                8.878266192222125e-13
            ],
            [
                7.991960637443245e-11,
                3.059020572670165e-07,
                0.9999991847263436,
                5.043472285670589e-07,
                4.944450962537873e-09
            ],
            [
                1.291346511553468e-12,
                1.3883283373505037e-11,
                2.2889664605055187e-11,
                0.00033535005395151165,
                0.9996646499079842
            ],
            [
                1.3887943793829671e-11,
                2.1297851600469793e-12,
                5.109089001894461e-12,
                1.2501528599834324e-09,
                0.9999999987287203
            ]
        ],
        [
            [
                0.9999999907481408,
                9.237449570325693e-09,
                2.1297851498261487e-12,
                1.0815941449980546e-11,
                1.4637784996037365e-12
            ],
            [
                0.9999999585792461,
                4.139937544861067e-08,
                3.5114219658571593e-12,
                1.573710144572703e-11,
                2.129785081480775e-12
            ],
            [
                5.0087746374747376e-14,
                2.129785170798981e-12,
                0.9999999999969043,
                6.914400106431135e-13,
                2.2447770548557036e-13
            ],
            [
                0.0,
                5.789014437383003e-12,
                8.422966305493087e-12,
                5.8291276721209574e-05,
                0.9999417087090668
            ],
            [
                5.1090890192397305e-12,
                0.0,
                4.193795651136697e-13,
                1.1628233010138561e-10,
                0.9999999998781892
            ]
        ],
        [
            [
                0.9999999976577534,
                2.3355930315578245e-09,
                1.0060392761640893e-12,
                5.1090890122225805e-12,
                5.384940201058014e-13
            ],
            [
                0.9999998874520015,
                1.125351837451913e-07,
                2.1297853417761228e-12,
                9.545035688404268e-12,
                1.1399919444778933e-12
            ],
            [
                7.523154959706746e-09,
                1.1165362587997412e-06,
                0.0013874617354479406,
                0.9228585685292622,
                0.07575284567587612
            ],
            [
                0.0,
                2.2269761100353743e-10,
                1.2815362682210398e-09,
                0.09534946985961149,
                0.9046505286361547
            ],
            [
                4.2777878327389714e-11,
                5.789356279698642e-12,
                1.081594146568184e-11,
                2.0611536049819533e-09,
                0.9999999978794631
            ]
        ],
        [
            [
                0.9999999748765815,
                2.510999090978843e-08,
                3.0988190587952945e-12,
                9.54503467664958e-12,
                7.835041582978471e-13
            ],
            [
                0.999999971529024,
                2.8453347255291818e-08,
                2.7346982113826464e-12,
                1.388794345762795e-11,
                1.006039249775991e-12
            ],
            [
                4.8473691829659123e-11,
                8.764249081329601e-08,
                0.999999904945712,
                7.194133737804466e-09,
                1.691898088998263e-10
            ],
            [
                2.6597436594537743e-11,
                7.77291034892174e-10,
                4.4730010694257685e-09,
                0.09534946949403603,
                0.9046505252290744
            ],
            [
                5.109089003657685e-12,
                1.0060392744775615e-12,
                1.463778507133576e-12,
                4.058652107087892e-10,
                0.9999999995865558
            ]
        ],
        [
            [
                0.9999999979275094,
                2.0611536169496628e-09,
                2.1297851652841227e-12,
                8.423463732036787e-12,
                7.83504176419951e-13
            ],
            [
                0.9999997617522375,
                2.3823698439100884e-07,
                1.879528955713298e-12,
                8.423464378204204e-12,
                4.752193414658676e-13
            ],
            [
                5.384940216724623e-13,
                9.056076987941661e-11,
                0.9999999998382356,
                5.492788349904654e-11,
                1.5737102103854516e-11
            ],
            [
                0.0,
                1.0746135821953895e-10,
                7.007360793746131e-10,
                0.07585817575402207,
                0.9241418234377805
            ],
            [
                1.02618795652883e-10,
                2.4133627562142344e-12,
                5.7893562912626675e-12,
                7.582560378838532e-10,
                0.9999999991309225
            ]
        ],
        [
            [
                0.9999999979263179,
                2.0611536166014983e-09,
                3.098819129946161e-12,
                8.423463730613918e-12,
                1.0060392764342759e-12
            ],
            [
                0.9999999634517571,
                3.6534820770535573e-08,
                2.4133626815554436e-12,
                9.545034565785122e-12,
                1.4637784593696735e-12
            ],
            [
                7.573656442493445e-10,
                1.6354544051164944e-07,
                0.9988255515087318,
                0.0011695046900973257,
                4.77949836463952e-06
            ],
            [
                2.1297406679511487e-12,
                1.573677327166507e-11,
                4.2776984822947164e-11,
                2.1444939751770264e-05,
                0.9999785549996048
            ],
            [
                2.5946094753028377e-11,
                2.7346982673778476e-12,
                4.5087552023726435e-12,
                6.691586032043011e-10,
                0.9999999992976518
            ]
        ],
        [
            [
                0.9999999950389002,
                4.944450475134752e-09,
                2.734698276767061e-12,
                1.2256067377659278e-11,
                1.6586783499225274e-12
            ],
            [
                0.9999999881297458,
                1.1861120004367998e-08,
                2.7346982577051465e-12,
                5.789356256992448e-12,
                6.101936601993813e-13
            ],
            [
                1.4637785083195126e-12,
                1.8189616803377382e-09,
                0.9999999960955237,
                2.061153614262543e-09,
                2.289734836562821e-11
            ],
            [
                0.0,
                6.202247595451948e-10,
                5.193078331270297e-09,
                0.5621764973972907,
                0.43782349678940635
            ],
            [
                3.0988191250714786e-12,
                1.6586783516077271e-12,
                3.5114220979086422e-12,
                2.335593028511013e-09,
                0.999999997656138
            ]
        ],
        [
            [
                0.9999999973341474,
                2.6465736300827645e-09,
                3.51142210166588e-12,
                1.3887943818647574e-11,
                1.8795288102708338e-12
            ],
            [
                0.9999998874253438,
                1.1253518374219138e-07,
                6.5602006941425805e-12,
                2.940077975016299e-11,
                3.511422394918029e-12
            ],
            [
                4.193795570200415e-13,
                1.4930946448032194e-10,
                0.9999999790444376,
                1.9555680676670965e-08,
                1.2501528401009145e-09
            ],
            [
                0.0,
                3.5113754397716307e-12,
                7.433581864329878e-12,
                1.3007124761874181e-05,
                0.9999869928642932
            ],
            [
                2.0206839024784446e-11,
                6.914400084548645e-13,
                1.2917800006027024e-12,
                2.1724399280437987e-10,
                0.999999999760566
            ]
        ],
        [
            [
                0.9999999983897856,
                1.6052280518625972e-09,
                7.835041768844913e-13,
                3.5114221061074473e-12,
                6.914400092626567e-13
            ],
            [
                0.9999994956285744,
                5.043472048769403e-07,
                4.508755450522394e-12,
                1.78324737317024e-11,
                1.879528903341248e-12
            ],
            [
                2.0206838619021772e-11,
                7.194132862566421e-09,
                0.9999999767974249,
                1.5229979389566905e-08,
                7.582560251095262e-10
            ],
            [
                0.0,
                5.788638850151606e-12,
                1.5735151797879175e-11,
                0.00012339462751010066,
                0.9998766053509661
            ],
            [
                1.3887943740927429e-11,
                3.098819111045521e-12,
                3.978962500300161e-12,
                7.582560360190221e-10,
                0.9999999992207782
            ]
        ],
        [
            [
                0.9999999961316293,
                3.850741905294763e-09,
                2.734698279183101e-12,
                1.388794380194707e-11,
                1.0060392747183842e-12
            ],
            [
                0.9999999865512299,
                1.3440409762441068e-08,
                1.8795287901518137e-12,
                5.789356247452139e-12,
                6.914400009866862e-13
            ],
            [
                1.6918366836565959e-10,
                3.927721374804206e-07,
                0.9999642094397294,
                3.535622107076162e-05,
                4.13978787199423e-08
            ],
            [
                2.7322061568187886e-12,
                3.3285085004841736e-11,
                1.0252527964958243e-10,
                0.0009110514005352233,
                0.9990889484609222
            ],
            [
                4.5087552296653515e-12,
                1.8795288112743355e-12,
                2.1297851649900443e-12,
                9.736200285737497e-10,
                0.9999999990178619
            ]
        ],
        [
            [
                0.9999999985710248,
                1.416608783544745e-09,
                2.1297851662974525e-12,
                9.54503490196343e-12,
                6.914400091816811e-13
            ],
            [
                0.9999999804261364,
                1.9555680688267693e-08,
                3.5114220416273416e-12,
                1.3887943581190548e-11,
                7.835041624970351e-13
            ],
            [
                1.4930891329092465e-10,
                2.260321015244823e-06,
                0.9999959753391716,
                1.760339776665421e-06,
                3.850727626439652e-09
            ],
            [
                0.0,
                9.961077685098028e-11,
                3.4767577346912203e-10,
                0.029312227876359596,
                0.9706877716763538
            ],
            [
                2.9400777155035366e-11,
                0.0,
                5.7893562819032125e-12,
                8.592166549676028e-10,
                0.9999999991055932
            ]
        ],
        [
            [
                0.9999999983849883,
                1.605228051645214e-09,
                1.6586783552559464e-12,
                7.433680655956893e-12,
                6.914400091690204e-13
            ],
            [
                0.9999999847572785,
                1.5229979501018064e-08,
                2.4133627332170503e-12,
                9.545034770110738e-12,
                7.835041659696061e-13
            ],
            [
                1.8795288122408807e-12,
                4.599055368134962e-10,
                0.9999999977836775,
                1.605228051514694e-09,
                1.4930946727826788e-10
            ],
            [
                2.7335197745802407e-12,
                1.2250785697289235e-11,
                5.4904212362595055e-11,
                0.0004305571175751197,
                0.9995694428125363
            ],
            [
                3.511422092125573e-12,
                1.4637785052671998e-12,
                2.129785158066439e-12,
                3.398267798928936e-09,
                0.9999999965946271
            ]
        ],
        [
            [
                0.9999999956255858,
                4.363462232085133e-09,
                2.734698278519253e-12,
                7.433680636817118e-12,
                7.835041747610701e-13
            ],
            [
                0.999999997344126,
                2.646573630317269e-09,
                2.1297851640416417e-12,
                6.560200146856717e-12,
                6.101936657795971e-13
            ],
            [
                2.413362767982153e-12,
                1.2501528643918437e-09,
                0.9999999984527497,
                2.7894680884177034e-10,
                1.5737102081750828e-11
            ],
            [
                0.0,
                2.9283434419032194e-10,
                1.6851453007040098e-09,
                0.18242551450424574,
                0.8175744835177745
            ],
            [
                1.5737102035408555e-11,
                2.129785161285491e-12,
                2.734698279174971e-12,
                6.691586060909621e-10,
                0.9999999993102398
            ]
        ],
        [
            [
                0.999999999129255,
                8.592166606618588e-10,
                2.4133627683066263e-12,
                8.423463742159647e-12,
                6.91440009683636e-13
            ],
            [
                0.9999999865469094,
                1.3440409760128695e-08,
                2.1297851406886694e-12,
                9.545034787192827e-12,
                1.0060392649861438e-12
            ],
            [
                4.752193062043423e-13,
                5.4927883501135416e-11,
                0.9999999998728104,
                6.224144621954643e-11,
                9.545034921378942e-12
            ],
            [
                3.0928494710098077e-12,
                4.269546996889326e-11,
                1.6886385944812428e-10,
                0.0019267343302772997,
                0.9980732654550705
            ],
            [
                6.224144592454991e-11,
