{
    "[['E', 'D', 'C', 'B', 'A'], ['E', 'D', 'C', 'B', 'A']]": [
        [
            [
                0.9999994955417102,
                5.043472049077827e-07,
                2.594609618261828e-11,
                6.224144910737701e-11,
                2.2897349515322627e-11
            ],
            [
                4.2777878541868225e-11,
                3.978962522087675e-12,
                3.978962522087675e-12,
                7.582560401709873e-10,
                0.9999999991910082
            ],
            [
                2.02061092944818e-11,
                2.99885251356598e-09,
                0.9999635730916236,
                1.0676654485440408e-06,
                3.5356223869215874e-05
            ],
            [
                7.88926500537513e-06,
                0.9999921050664946,
                4.36342916642725e-09,
                1.2501433869410679e-09,
                5.492746701177143e-11
            ],
            [
                6.560200159045084e-12,
                0.0,
                0.0,
                1.3176514251800162e-10,
                0.9999999998616746
            ]
        ],
        [
            [
                0.9626731150029928,
                0.03732688390671088,
                2.369808111664953e-10,
                6.441806326873686e-10,
                2.0913483182641703e-10
            ],
            [
                0.0002573597776885425,
                0.3623895236325641,
                0.03819556852615914,
                0.597479351504433,
                0.001678196559155355
            ],
            [
                1.748234128059177e-13,
                2.5946094979620088e-11,
                0.9999999999215812,
                2.940077738928145e-11,
                2.289734845368045e-11
            ],
            [
                1.3709566452554057e-06,
                0.9999986221419441,
                5.6027864612023056e-09,
                1.250150640365525e-09,
                4.847360075049322e-11
            ],
            [
                1.4166087823869422e-09,
                2.129785164556766e-12,
                0.0,
                1.69189791753176e-10,
                0.9999999984120715
            ]
        ],
        [
            [
                0.9994472207974142,
                0.0005527785858837155,
                1.3169229263797935e-10,
                3.159133872151339e-10,
                1.6909625092904543e-10
            ],
            [
                3.535625739255659e-05,
                0.999964640157027,
                2.6464780399340635e-09,
                8.591856254742828e-10,
                7.991671209063485e-11
            ],
            [
                4.5343738422448154e-10,
                9.107533323194458e-09,
                8.198340229778732e-07,
                0.014063613751925013,
                0.9859355568530813
            ],
            [
                2.9023121841527267e-06,
                0.9999970921292481,
                3.850727338323531e-09,
                1.6052219754847942e-09,
                1.0261840765474885e-10
            ],
            [
                3.331544527865399e-11,
                3.5114220983033544e-12,
                3.978962518757115e-12,
                1.6052280482949976e-09,
                0.999999998353966
            ]
        ],
        [
            [
                0.9999832983575815,
                1.6701415100279777e-05,
                3.331487554626128e-11,
                1.3176288880001394e-10,
                6.224038156166024e-11
            ],
            [
                0.00020987392555576188,
                0.9102793418527432,
                0.014713291076059181,
                0.07472028484319197,
                7.720830244991057e-05
            ],
            [
                4.847369276487722e-11,
                2.9989611776383618e-09,
                0.999999924239023,
                1.955568338827194e-08,
                5.315785879743803e-08
            ],
            [
                0.0007096703412576638,
                0.9992903289887809,
                3.579207480294742e-10,
                2.7874895884285747e-10,
                3.329181555586013e-11
            ],
            [
                1.0815941542381945e-11,
                0.0,
                6.914400097412557e-13,
                1.1628233014197932e-10,
                0.9999999998722102
            ]
        ],
        [
            [
                0.9999921100211028,
                7.88926503796045e-06,
                1.9171569844760436e-10,
                4.0586213679848895e-10,
                1.1628144905669377e-10
            ],
            [
                7.889264959279267e-06,
                0.9999920993205412,
                9.23737956384201e-09,
                1.8189478844131176e-09,
                3.5817207502891167e-10
            ],
            [
                9.237133481805373e-09,
                1.6701129123096328e-05,
                0.9999659409315687,
                1.6701129123096328e-05,
                6.475730516433621e-07
            ],
            [
                3.465891302886897e-07,
                0.9998744855698102,
                0.0001233942775032112,
                1.760124837337769e-06,
                1.3438718970029432e-08
            ],
            [
                1.9171715100587146e-10,
                1.0060392773419464e-12,
                0.0,
                1.317651424466853e-10,
                0.9999999996755116
            ]
        ],
        [
            [
                0.9999970973947369,
                2.902312198212002e-06,
                9.056042734216873e-11,
                1.6918915228534124e-10,
                3.331531940288404e-11
            ],
            [
                3.5817479239072356e-10,
                1.4637785115202058e-12,
                1.1399918510150317e-12,
                1.6918979196033472e-10,
                0.9999999994700317
            ],
            [
                1.3615261069325034e-13,
                1.5737102093488062e-11,
                0.9999999992527266,
                6.22414461761793e-11,
                6.691586085605655e-10
            ],
            [
                4.539785561448971e-05,
                0.9999545994174268,
                2.3354863345457352e-09,
                3.581584294010447e-10,
                3.3313923367231656e-11
            ],
            [
                2.33559302794711e-09,
                1.879528807805938e-12,
                1.6586783512072576e-12,
                2.4616969403772216e-10,
                0.9999999974146991
            ]
        ],
        [
            [
                0.9999938557142442,
                6.1441721235181616e-06,
                2.2897220370386874e-11,
                7.052840397825481e-11,
                2.0206726054663317e-11
            ],
            [
                0.5621764988433885,
                0.4378234976746208,
                1.3130158293269307e-09,
                1.910426758928482e-09,
                2.5854814652239005e-10
            ],
            [
                1.0261841275279202e-10,
                7.194106140397096e-09,
                0.9999967844894783,
                3.059014688432152e-07,
                2.9023123283384837e-06
            ],
            [
                6.1441714253099e-06,
                0.999993741845104,
                5.3157549142469695e-08,
                6.023539457961334e-08,
                5.905270294051412e-10
            ],
            [
                1.9171715064339528e-10,
                3.978962520636017e-12,
                4.508755225069584e-12,
                9.736200275813401e-10,
                0.9999999988261752
            ]
        ],
        [
            [
                0.9975273765668428,
                0.0024726229727214445,
                9.0336839947228e-11,
                3.153065531091648e-10,
                5.479206312954677e-11
            ],
            [
                8.423463736697874e-12,
                1.4637785110378114e-12,
                1.8795288125738876e-12,
                2.7894680869840526e-10,
                0.9999999997092863
            ],
            [
                6.431393941020949e-14,
                3.0988191385141334e-12,
                0.9999999999952185,
                1.291780004699417e-12,
                3.2661313425685413e-13
            ],
            [
                2.2896738708703052e-11,
                7.991747070076563e-11,
                4.058544046100495e-10,
                2.7535689804395095e-05,
                0.9999724638015269
            ],
            [
                1.0815941547281373e-11,
                0.0,
                0.0,
                5.492788345874071e-11,
                0.9999999999342561
            ]
        ],
        [
            [
                0.9999921104069982,
                7.889265045057736e-06,
                6.22409745883369e-11,
                2.172423473199631e-10,
                4.847331974852419e-11
            ],
            [
                6.144172066848737e-06,
                0.9999938461794381,
                8.151975037483082e-09,
                1.4166008491730253e-09,
                7.991915112811486e-11
            ],
            [
                8.258073284952723e-14,
                4.508755241965491e-12,
                0.9999999999818845,
                3.978962535546603e-12,
                9.545034922143426e-12
            ],
            [
                2.2603252692862987e-06,
                0.9999977376685537,
                1.6052251167007674e-09,
                3.5817413736372416e-10,
                4.277780038172134e-11
            ],
            [
                1.2256067398881081e-11,
                0.0,
                0.0,
                2.789468082577264e-10,
                0.9999999997087972
            ]
        ],
        [
            [
                0.9975273765985908,
                0.0024726229694992862,
                1.1599479856723376e-10,
                2.782570565116272e-10,
                3.765799755558721e-11
            ],
            [
                6.0391026629372805e-05,
                0.91423294391413,
                0.010156209066868514,
                0.07504480811720166,
                0.0005056478751705024
            ],
            [
                1.0815715436514946e-11,
                7.991792811047913e-11,
                1.0467182960633082e-08,
                2.14449395220385e-05,
                0.9999785445025613
            ],
            [
                0.00012339462168472177,
                0.9998765572555842,
                2.510687847507922e-08,
                2.215674248782526e-08,
                8.591101380968819e-10
            ],
            [
                4.8473686895191406e-11,
                2.4133627634933245e-12,
                0.0,
                4.0586521124501563e-10,
                0.9999999995432478
            ]
        ],
        [
            [
                0.9999785547231496,
                2.1444939743676475e-05,
                1.0261665200344369e-10,
                1.9171314527066283e-10,
                4.2776984806802195e-11
            ],
            [
                9.056076943559624e-11,
                1.0815941502211278e-11,
                8.423463711576649e-12,
                2.3355930269065747e-09,
                0.9999999975546068
            ],
            [
                7.991929782385866e-11,
                3.7266391315122137e-06,
                0.9999961586850525,
                1.1253475073089035e-07,
                2.061145856820702e-09
            ],
            [
                2.902312142897527e-06,
                0.999997077962746,
                1.7257762379704404e-08,
                2.335584159687455e-09,
                1.3176464177574004e-10
            ],
            [
                7.052879838795818e-11,
                0.0,
                0.0,
                7.052879838795818e-11,
                0.9999999998589424
            ]
        ],
        [
            [
                0.9999952146695474,
                4.785094844626325e-06,
                7.052839891783302e-11,
                1.317643961624087e-10,
                3.33152566671599e-11
            ],
            [
                0.01406362715271097,
                0.9859363644471288,
                4.302094124541634e-09,
                3.350474273039914e-09,
                7.4759186111659e-10
            ],
            [
                1.917160725418829e-10,
                6.1441719189723425e-06,
                0.9999938222387543,
                2.845318797667959e-08,
                4.944422678444404e-09
            ],
            [
                2.9931551690801448e-09,
                6.812389764691135e-08,
                1.0110482860158697e-05,
                0.11920170340902818,
                0.8807881149910588
            ],
            [
                1.573710208647878e-11,
                0.0,
                0.0,
                2.940077735476217e-11,
                0.9999999999548621
            ]
        ],
        [
            [
                0.9997965725028329,
                0.00020342706076270084,
                1.0259786475372873e-10,
                2.7888991139875954e-10,
                5.4916679651078996e-11
            ],
            [
                4.7849810875587745e-06,
                0.9999714448364833,
                1.8924967319018895e-05,
                4.7849810875587745e-06,
                6.023402255754638e-08
            ],
            [
                3.2661313424089304e-13,
                9.545034921734439e-12,
                0.9999999999546372,
                9.545034921734439e-12,
                2.5946094979757736e-11
            ],
            [
                0.00012339450903113398,
                0.999876359892482,
                1.444801159420873e-07,
                9.929963468547322e-08,
                1.8187362506823507e-09
            ],
            [
                7.991959879184593e-11,
                0.0,
                0.0,
                3.775134537774922e-11,
                0.999999999882329
            ]
        ],
        [
            [
                0.999995214646286,
                4.785094846132738e-06,
                3.775113156780108e-11,
                1.9171606522901093e-10,
                2.9400610826835116e-11
            ],
            [
                9.610239887234331e-05,
                0.9999038933966927,
                2.998674958421533e-09,
                1.1031508679589116e-09,
                1.0260901450549825e-10
            ],
            [
                5.1090890071497314e-12,
                4.0586521098619676e-10,
                0.9999999959688319,
                9.736200273155308e-10,
                2.646573628075607e-09
            ],
            [
                3.7173758334744424e-09,
                9.587238634526475e-08,
                2.3459199465604688e-05,
                0.1480437098061102,
                0.8519327314046621
            ],
            [
                8.592166593743625e-10,
                1.4637785097935214e-12,
                1.1399918496702885e-12,
                2.789468084612855e-10,
                0.9999999988592327
            ]
        ],
        [
            [
                0.995929861670276,
                0.004070137781492442,
                1.3122890454114534e-10,
                3.148017769581203e-10,
                1.0220117361824663e-10
            ],
            [
                1.8795288127545425e-12,
                1.1399918507489154e-12,
                2.1297851666673387e-12,
                7.58256041264398e-10,
                0.9999999992365947
            ],
            [
                1.542811202969938e-13,
                1.0815941555729707e-11,
                0.9999999999266682,
                1.3887943862966095e-11,
                4.847368705572911e-11
            ],
            [
                3.726639008198481e-06,
                0.9999962444946369,
                2.2159405551855763e-08,
                6.348775986177003e-09,
                3.581734317143934e-10
            ],
            [
                1.1032560276231865e-09,
                4.508755223003762e-12,
                3.098819125463285e-12,
                5.211412465591102e-10,
                0.9999999983679952
            ]
        ],
        [
            [
                0.9999898698284688,
                1.0129988098420097e-05,
                3.775098828222722e-11,
                1.1628123017022344e-10,
                2.9400499235917986e-11
            ],
            [
                5.8291274724007874e-05,
                0.9999414356208154,
                1.2751164572632574e-07,
                1.444896241027912e-07,
                1.1031908415871967e-09
            ],
            [
                2.0488266570621823e-09,
                1.844293223151839e-07,
                0.9940185801676565,
                0.00191890700408909,
                0.0040623263501053455
            ],
            [
                2.260325252651711e-06,
                0.9999977303861722,
                8.152005731619104e-09,
                1.1032540046351613e-09,
                3.331538419017632e-11
            ],
            [
                1.0815941519065911e-11,
                0.0,
                2.7346982819284005e-12,
                5.211412469473218e-10,
                0.9999999994653082
            ]
        ],
        [
            [
                0.9933071480091904,
                0.006692851443146082,
                8.995462367310771e-11,
                4.0314865374214057e-10,
                5.456023724065169e-11
            ],
            [
                0.3775406715717244,
                0.6224593172868234,
                3.951868958003348e-09,
                5.074300185495599e-09,
                2.1152830237807253e-09
            ],
            [
                8.928711108522089e-11,
                3.3504741251934556e-09,
                6.384873516053095e-07,
                0.014063619843397972,
                0.9859357382294892
            ],
            [
                0.001169510340427788,
                0.9988304862744063,
                2.3328594617501283e-09,
                9.724805068512765e-10,
                7.982606106665543e-11
            ],
            [
                1.1628233008651363e-10,
                1.658678355837492e-12,
                0.0,
                1.31765142456539e-10,
                0.9999999997502937
            ]
        ],
        [
            [
                0.9999898697744074,
                1.0129988097872451e-05,
                6.224085736749445e-11,
                1.4930805501421246e-10,
                2.5945849508735702e-11
            ],
            [
                2.260325256063897e-06,
                0.9999977318187887,
                6.348788456971667e-09,
                1.4166061851525908e-09,
                9.056060358899831e-11
            ],
            [
                4.508746988480162e-12,
                2.2897306540126017e-11,
                1.6052251166240472e-09,
                2.2603252691782685e-06,
                0.9999977380420997
            ],
            [
                1.0129988089776472e-05,
                0.9999898684977695,
                1.2501410377865427e-09,
                2.4616736599205775e-10,
                1.7832304182226322e-11
            ],
            [
                7.582560407683315e-10,
                0.0,
                0.0,
                9.056076965513261e-11,
                0.9999999991511832
            ]
        ],
        [
            [
                0.9984988165525784,
                0.0015011820324395257,
                2.7852788308946575e-10,
                8.57926278385644e-10,
                2.7852788308946575e-10
            ],
            [
                2.7535689562986067e-05,
                0.9999724542527543,
                7.193941390206191e-09,
                2.6465031384491623e-09,
                2.172382064777433e-10
            ],
            [
                2.9987778796652536e-09,
                5.8291107589566936e-05,
                0.999939405397957,
                1.9946120160178553e-06,
                3.058836595849141e-07
            ],
            [
                4.1129181311443836e-08,
                4.195290548388418e-06,
                0.0024625732562247402,
                0.9934730934158505,
                0.004060096908195006
            ],
            [
                1.6918979152790271e-10,
                0.0,
                0.0,
                3.1608814406080476e-10,
                0.999999999514722
            ]
        ],
        [
            [
                0.9992903292461903,
                0.0007096703403088899,
                7.986291382133279e-11,
                2.7874895881867086e-10,
                5.4888924442409385e-11
            ],
            [
                3.5356256146025416e-05,
                0.999964366925739,
                2.102359839553695e-07,
                6.023356043260835e-08,
                6.348570562197115e-09
            ],
            [
                2.413362965159461e-12,
                1.317651532562101e-10,
                0.9999998867401072,
                5.905304471997769e-10,
                1.1253518373406752e-07
            ],
            [
                2.645157259817297e-06,
                0.02428782607073258,
                0.4878340757753582,
                0.4878340757753582,
                4.137722129110987e-05
            ],
            [
                1.81896167683259e-09,
                5.78935629460979e-12,
                5.78935629460979e-12,
                1.4166087782940966e-09,
                0.9999999967528508
            ]
        ],
        [
            [
                0.9999546017723423,
                4.539785571860151e-05,
                4.847147259773132e-11,
                1.9170839299696973e-10,
                1.317591231610636e-10
            ],
            [
                0.9399133424852137,
                0.06008665437742661,
                1.5087750178284648e-09,
                1.3314892799306378e-09,
                2.9709541626684074e-10
            ],
            [
                1.6373757102255406e-07,
                0.9999992973377404,
                5.043472250645838e-07,
                3.224187015214564e-08,
                2.3355932401513142e-09
            ],
            [
                4.5397856892030604e-05,
                0.9999545085995603,
                7.734068768827565e-08,
                1.5229284374142746e-08,
                9.735755777476778e-10
            ],
            [
                1.6052280497538878e-09,
                1.8795288101791884e-12,
                1.8795288101791884e-12,
                3.581747918163367e-10,
                0.999999998032838
            ]
        ],
        [
            [
                0.9999921105851036,
                7.889265045432335e-06,
                2.940055460692979e-11,
                1.026180187177697e-10,
                1.783233778165843e-11
            ],
            [
                5.829127652369946e-05,
                0.9999417044966734,
                3.3980671227412617e-09,
                7.582112612923719e-10,
                7.052463318288289e-11
            ],
            [
                1.3887892546604013e-11,
                1.103251955621269e-09,
                0.9999962308442344,
                4.139922420997652e-08,
                3.726639401449198e-06
            ],
            [
                6.144172076953864e-06,
                0.9999938477368674,
                7.194092732357658e-09,
                8.592118490115105e-10,
                3.7751133978463895e-11
            ],
            [
                2.7894680847976364e-10,
                0.0,
                0.0,
                2.7894680847976364e-10,
                0.9999999994421065
            ]
        ],
        [
            [
                0.9999952145801,
                4.785094846109047e-06,
                9.056025683685105e-11,
                1.9171606522806177e-10,
                4.277763633736425e-11
            ],
            [
                2.1444938444211826e-05,
                0.9999782553884738,
                1.1253281637491932e-07,
                1.8553507106900472e-07,
                1.6051944152103107e-09
            ],
            [
                2.543665647131592e-13,
                1.7832472906426486e-11,
                0.9999999999584801,
                1.388794386362456e-11,
                9.545034921920031e-12
            ],
            [
                4.539785554148401e-05,
                0.9999545979082085,
                3.3981125602575665e-09,
                7.582213997726617e-10,
                7.99159475822499e-11
            ],
            [
                3.581747921250201e-10,
                0.0,
                0.0,
                1.026187960582197e-10,
                0.9999999995392064
            ]
        ],
        [
            [
                0.9999724639029343,
                2.753568981773614e-05,
                9.055835834146152e-11,
                2.7893938117372653e-10,
                3.775034015699175e-11
            ],
            [
                0.5621764972564204,
                0.4378234966577502,
                2.4530365077315825e-09,
                3.149761223990287e-09,
                4.830315280744718e-10
            ],
            [
                2.2447770548125546e-13,
                1.783247290649071e-11,
                0.9999999999330997,
                2.5946094980355665e-11,
                2.2897348454329595e-11
            ],
            [
                9.610239551038407e-05,
                0.9999038585979024,
                2.5107597148736325e-08,
                1.343912831651193e-08,
                4.5986168274006643e-10
            ],
            [
                1.0815941531842485e-11,
                0.0,
                1.4637785106825453e-12,
                2.7894680863070347e-10,
                0.9999999997087734
            ]
        ],
        [
            [
                0.9996646486179851,
                0.0003353500535451332,
                2.1717109089244067e-10,
                5.903322300395492e-10,
                5.20966364505759e-10
            ],
            [
                6.144089843692025e-06,
                0.999979630876981,
                1.2098430237264715e-06,
                1.3007038301165783e-05,
                8.151850396868204e-09
            ],
            [
                2.020522174136642e-11,
                2.335406098689014e-09,
                0.9999203670695658,
                4.78473439288285e-06,
                7.484584043002662e-05
            ],
            [
                4.785094535993295e-06,
                0.999995149717675,
                5.315754794049932e-08,
                1.1861052185061449e-08,
                1.6918882277456323e-10
            ],
            [
                1.6918979198503004e-10,
                1.6586783562036874e-12,
                1.879528813467635e-12,
                3.581747924430036e-10,
                0.9999999994690971
            ]
        ],
        [
            [
                0.9999038970358372,
                9.610239919883196e-05,
                1.1627124645262514e-10,
                3.581406523680768e-10,
                9.055213778599277e-11
            ],
            [
                7.889264914806602e-06,
                0.9999920936834742,
                1.1861030076703116e-08,
                4.944412953241994e-09,
                2.461678257420112e-10
            ],
            [
                4.1937956359758656e-13,
                4.8473686803751236e-11,
                0.9999999947284279,
                8.59216657327389e-10,
                4.363462229633647e-09
            ],
            [
                1.3007124743527324e-05,
                0.9999869907263471,
                1.8189375074614896e-09,
                3.160839435615065e-10,
                1.3887759247686767e-11
            ],
            [
                4.1399375390365896e-08,
                6.5601998833218015e-12,
                5.1090888062359584e-12,
                5.905303742546465e-10,
                0.9999999579984249
            ]
        ],
        [
            [
                0.9999938554999205,
                6.144172122201312e-06,
                6.22410980417051e-11,
                2.1724277821455742e-10,
                4.847341589410402e-11
            ],
            [
                1.3887943843625071e-11,
                2.129785167683351e-12,
                3.9789625297235285e-12,
                7.582560416261235e-10,
                0.9999999992217472
            ],
            [
                4.2777879760785407e-11,
                2.6465737051754448e-09,
                0.999999831617617,
                5.315785387523899e-08,
                1.1253517753697507e-07
            ],
            [
                1.3007124500458978e-05,
                0.9999869720720436,
                1.3440231031920088e-08,
                7.194037261770809e-09,
                1.6918754000098555e-10
            ],
            [
                1.9171715057572151e-10,
                5.109089006741124e-12,
                3.978962519231493e-12,
                9.736200272376642e-10,
                0.9999999988255748
            ]
        ],
        [
            [
                0.9999998872386782,
                1.1253518376612149e-07,
                5.4927887925277325e-11,
                1.1628233965031122e-10,
                5.4927887925277325e-11
            ],
            [
                2.1444939273880116e-05,
                0.9999784132159538,
                1.1253282072862309e-07,
                2.8452752907793053e-08,
                8.591986889771145e-10
            ],
            [
                1.9810087978285037e-13,
                9.545034921778317e-12,
                0.9999999999686249,
                1.0815941556081935e-11,
                1.0815941556081935e-11
            ],
            [
                1.0677020592710507e-06,
                0.999998575951954,
                2.1024300111003028e-07,
                1.4449776060376228e-07,
                1.6052251223309609e-09
            ],
            [
                3.331544538848719e-11,
                0.0,
                6.91440010005455e-13,
                1.0261879621482676e-10,
                0.9999999998633744
            ]
        ],
        [
            [
                0.999998628874421,
                1.3709566543894973e-06,
                4.8473601073451874e-11,
                1.0261861427777378e-10,
                1.78324412744689e-11
            ],
            [
                0.9525741208841655,
                0.04742587524048579,
                1.349424290445414e-09,
                1.9634007572753354e-09,
                5.625237351183134e-10
            ],
            [
                2.0366975740145035e-09,
                8.660258455399963e-08,
                6.527273279646211e-05,
                0.32080031787462415,
                0.6791343207532973
            ],
            [
                6.144172061031936e-06,
                0.9999938452698668,
                9.237397894418124e-09,
                1.2501458604103664e-09,
                7.0528403260981e-11
            ],
            [
                1.9171715073168693e-10,
                0.0,
                0.0,
                1.6918979169305772e-10,
                0.9999999996390931
            ]
        ],
        [
            [
                0.9997965722854721,
                0.0002034270607485855,
                1.3173826603253805e-10,
                4.0578242668066967e-10,
                1.1625861172558024e-10
            ],
            [
                1.3176514234267193e-10,
                3.978962525018039e-12,
                4.508755230035064e-12,
                9.736200286535854e-10,
                0.999999998886127
            ],
            [
                7.1379168738715035e-09,
                3.8971668474077813e-07,
                0.005899746994975044,
                0.11849961510987396,
                0.8756002410405495
            ],
            [
                9.610239820054863e-05,
                0.9999038864440974,
                9.236569066791225e-09,
                1.605075030688709e-09,
                3.1605801312133685e-10
            ],
            [
                4.36346222614842e-09,
                1.6586783487285687e-12,
                1.291779996853394e-12,
                1.691897912225472e-10,
                0.9999999954643974
            ]
        ],
        [
            [
                0.9999546017019595,
                4.539785568906313e-05,
                1.1627701800124454e-10,
                2.4615844904030694e-10,
                7.991594784204025e-11
            ],
            [
                2.902312167038106e-06,
                0.9999970863093532,
                9.237414621235966e-09,
                2.0611458037938283e-09,
                7.991929576778362e-11
            ],
            [
                3.5394793418930205e-10,
                1.5050249133416135e-08,
                3.8815104098924253e-07,
                0.32082117111852254,
                0.6791784253262394
            ],
            [
                1.300712475289324e-05,
                0.9999869914791748,
                1.1032413671710707e-09,
                2.7894310135060947e-10,
                1.3887759257686793e-11
            ],
            [
                2.4616969471524987e-10,
                0.0,
                0.0,
                4.277787860866117e-11,
                0.9999999997110525
            ]
        ],
        [
            [
                0.9999251535623811,
                7.484619707573988e-05,
                4.8470085505268865e-11,
                1.492983740418268e-10,
                4.277470032641027e-11
            ],
            [
                3.5356257475713905e-05,
                0.9999646424800023,
                9.735848646932923e-10,
                2.461608036706708e-10,
                4.277633357678327e-11
            ],
            [
                1.3424473920498347e-08,
                0.0011694913317749445,
                0.9988144041869483,
                1.4721723235676573e-05,
                1.3693335670672126e-06
            ],
            [
                1.265975424850145e-07,
                8.875172917989276e-06,
                0.0031597819332226987,
                0.9927739759828681,
                0.004057240313448673
            ],
            [
                1.388794384877599e-11,
                0.0,
                0.0,
                4.8473687006200776e-11,
                0.9999999999376383
            ]
        ],
        [
            [
                1.3176514250354405e-10,
                0.0,
                0.0,
                1.1628233012799546e-10,
                0.9999999997519524
            ],
            [
                3.581747919738944e-10,
                3.978962524123651e-12,
                4.508755229021589e-12,
                7.582560405589756e-10,
                0.9999999988750814
            ],
            [
                1.542811202950824e-13,
                9.54503492134922e-12,
                0.9999999998770657,
                3.3315445416458596e-11,
                7.991959891705191e-11
            ],
            [
                4.539785516961611e-05,
                0.9999545897172706,
                9.23702754794323e-09,
                2.998823784496817e-09,
                1.9170839067868604e-10
            ],
            [
                1.0261879607232483e-10,
                3.511422105003541e-12,
                3.978962526349421e-12,
                6.691586075336723e-10,
                0.9999999992207322
            ]
        ],
        [
            [
                0.9999898697904152,
                1.0129988098831115e-05,
                4.277747397548532e-11,
                1.493080550283424e-10,
                2.940049923711089e-11
            ],
            [
                2.9067986663169757e-05,
                0.931580163504026,
                0.046380647268262645,
                0.021908663998510852,
                0.0001014572425373893
            ],
            [
                2.4133627603253786e-12,
                4.05865210712249e-10,
                0.9999999953342369,
                8.592166578203378e-10,
                3.3982678032908324e-09
            ],
            [
                1.7603431268804108e-06,
                0.9999982356421361,
                3.398261670466308e-09,
                5.905293313534275e-10,
                2.5946048034350705e-11
            ],
            [
                8.592166597712939e-10,
                0.0,
                0.0,
                3.331544533845013e-11,
                0.999999999107468
            ]
        ],
        [
            [
                0.9999785548815043,
                2.1444939751148244e-05,
                2.5945552824426886e-11,
                9.055887757819257e-11,
                6.224014565883591e-11
            ],
            [
                1.5737101932168814e-11,
                8.42346366096164e-12,
                2.0206838865910525e-11,
                9.23744955942771e-09,
                0.999999990718183
            ],
            [
                0.0,
                2.1578992332972443e-10,
                4.334256472691015e-09,
                0.006692851388040553,
                0.993307144061913
            ],
            [
                1.7603431237332726e-06,
                0.999998233806287,
                4.363454349633506e-09,
                1.416606220814041e-09,
                7.052867076601003e-11
            ],
            [
                9.056076982446607e-11,
                0.0,
                4.75219305897916e-13,
                3.7751345412667444e-11,
                0.9999999998712126
            ]
        ],
        [
            [
                0.9997965727906599,
                0.0002034270608513753,
                3.7743645167437506e-11,
                9.054229789642648e-11,
                2.0202717429836483e-11
            ],
            [
                0.06008665414006455,
                0.9399133416579192,
                2.195254696551571e-09,
                1.709666076715543e-09,
                2.9709541613431116e-10
            ],
            [
                2.0611496617790287e-09,
                3.927859743697138e-07,
                0.9999986013744782,
                7.338208087522943e-07,
                2.699575890437699e-07
            ],
            [
                2.9023121682948194e-06,
                0.9999970867134305,
                9.237414625235805e-09,
                1.6052219667140416e-09,
                1.3176464292877423e-10
            ],
            [
                7.052879838468248e-11,
                0.0,
                6.914400094544548e-13,
                1.1628233009374683e-10,
                0.9999999998124975
            ]
        ],
        [
            [
                0.9999938553266073,
                6.144172122822661e-06,
                9.056026329624885e-11,
                2.7894524884755893e-10,
