{
    "[['E', 'D', 'C', 'B', 'A'], ['E', 'D', 'C', 'B', 'A']]": [
        [
            [
                0.9999999981723229,
                1.8189616831544193e-09,
                1.4637785105861888e-12,
                6.560200152289854e-12,
                6.91440009021975e-13
            ],
            [
                0.9999998144387149,
                1.855391597482313e-07,
                4.508755813039542e-12,
                1.57371040989577e-11,
                1.8795290544608784e-12
            ],
            [
                1.7832440840431892e-11,
                1.0677031082484466e-06,
                0.9999988430315095,
                8.764232458903237e-08,
                1.6052251685419451e-09
            ],
            [
                1.6859328928940016e-09,
                4.435156149410796e-06,
                0.5621720643901776,
                0.43782004466465796,
                3.4541030822050845e-06
            ],
            [
                1.2917799779025075e-12,
                1.6586783243951484e-12,
                2.4133627216082445e-12,
                1.9555680680873356e-08,
                0.9999999804389554
            ]
        ],
        [
            [
                0.9999999965955613,
                3.398267805349119e-09,
                1.2917799994087102e-12,
                4.508755223526253e-12,
                3.70101166318649e-13
            ],
            [
                0.9999999918409767,
                8.152020641776321e-09,
                1.0060392703121835e-12,
                5.10908898250415e-12,
                8.878265399289684e-13
            ],
            [
                1.1447415309607079e-07,
                0.6169810462615763,
                0.3742179090002053,
                0.00880076370515536,
                1.665589099504726e-07
            ],
            [
                2.99805150947074e-09,
                0.00020340686931807336,
                9.608260166362038e-05,
                0.9996976060878041,
                2.901443162650242e-06
            ],
            [
                6.101936661862734e-13,
                4.752193050510811e-13,
                0.0,
                9.736200287890817e-10,
                0.9999999990252946
            ]
        ],
        [
            [
                0.9999999981763603,
                1.8189616828566762e-09,
                6.914400089087942e-13,
                3.5114221043103857e-12,
                4.752193050501485e-13
            ],
            [
                0.9999999847536925,
                1.522997949942582e-08,
                1.6586783322003467e-12,
                1.2256067246709092e-11,
                2.4133627329647413e-12
            ],
            [
                1.317083596526069e-10,
                1.6366715170813211e-07,
                0.9995690938210491,
                0.0004305569209110641,
                1.8545917977592348e-07
            ],
            [
                2.461523311312094e-10,
                1.444876943720903e-07,
                1.300636775560212e-05,
                0.9999285584021825,
                5.829049621507945e-05
            ],
            [
                0.0,
                1.0060392756701235e-12,
                1.0060392756701235e-12,
                5.90530397773512e-10,
                0.9999999994074575
            ]
        ],
        [
            [
                0.9999999988896329,
                1.1032560300443824e-09,
                1.4637785110754132e-12,
                5.109089017416049e-12,
                5.384940206531889e-13
            ],
            [
                0.999999996594477,
                3.3982678053454345e-09,
                1.1399918482976812e-12,
                5.109089006790207e-12,
                1.0060392750943917e-12
            ],
            [
                1.291780004294666e-12,
                2.7894680918079466e-10,
                0.9999999996574,
                5.492788348865494e-11,
                7.433680669524778e-12
            ],
            [
                1.6045300836534127e-09,
                1.209339929903119e-06,
                0.0004305550434839762,
                0.9995645089828278,
                3.725029228156938e-06
            ],
            [
                4.508755205050302e-12,
                3.0988191131240644e-12,
                3.5114220843704486e-12,
                5.60279639125543e-09,
                0.9999999943860847
            ]
        ],
        [
            [
                0.9999999950506753,
                4.9444504748901955e-09,
                8.878265429891408e-13,
                3.5114220941673964e-12,
                4.752193036774442e-13
            ],
            [
                0.9999999990174695,
                9.736200296060918e-10,
                1.658678356026826e-12,
                6.56020015673387e-12,
                6.914400094903708e-13
            ],
            [
                1.7832440164502634e-11,
                1.067703067777724e-06,
                0.9999989240565653,
                8.152005745886534e-09,
                7.052866900749836e-11
            ],
            [
                1.101576053092468e-09,
                1.0660771508100055e-06,
                0.001501148404615817,
                0.9984763716846817,
                2.1412731975561073e-05
            ],
            [
                4.7359919311243e-11,
                3.762264391293187e-09,
                9.703007750980274e-08,
                0.9770225309590297,
                0.0229773682012685
            ]
        ],
        [
            [
                0.9999999950425784,
                4.944450474507071e-09,
                2.7346982764199002e-12,
                9.545034869885235e-12,
                6.914400068579445e-13
            ],
            [
                0.999999998384792,
                1.6052280517562838e-09,
                1.658678355370715e-12,
                7.43368065647125e-12,
                8.878265459492582e-13
            ],
            [
                5.675685232255521e-14,
                2.7346982914101283e-12,
                0.9999999999957823,
                8.878265477869616e-13,
                5.384940217396157e-13
            ],
            [
                0.0,
                6.612617978308986e-10,
                3.358164502664361e-09,
                0.3208212864349646,
                0.679178709545609
            ],
            [
                1.2917530121201696e-12,
                7.43352534028519e-12,
                1.3887653666457793e-11,
                2.1444939747967455e-05,
                0.9999785550376391
            ]
        ],
        [
            [
                0.9999999936402129,
                6.348800069485344e-09,
                2.413362754135042e-12,
                7.433680617837981e-12,
                1.139991844684331e-12
            ],
            [
                0.9999999943909972,
                5.602796402802546e-09,
                1.0060392730463432e-12,
                4.508755214342648e-12,
                6.914400064074151e-13
            ],
            [
                2.2896956683142334e-11,
                1.6701415024377747e-05,
                0.9999832935014324,
                4.944365902459418e-09,
                1.1628034071315771e-10
            ],
            [
                1.6991139074944252e-09,
                9.462650835506584e-06,
                0.49999444540448057,
                0.49999444588341874,
                1.6443621511806284e-06
            ],
            [
                1.6586436982387307e-12,
                5.789235351086018e-12,
                1.7832100270767045e-11,
                2.1444939729782336e-05,
                0.9999785550349902
            ]
        ],
        [
            [
                0.9999999988917347,
                1.1032560307256951e-09,
                8.878265465440214e-13,
                3.5114221082272216e-12,
                6.1019366686572e-13
            ],
            [
                0.9999999956259327,
                4.363462229043608e-09,
                1.8795288062442963e-12,
                7.433680631635517e-12,
                1.2917799977104995e-12
            ],
            [
                3.737866974395882e-09,
                0.029312222237515773,
                0.9706875877613999,
                1.8010051667957922e-07,
                6.162700787734023e-09
            ],
            [
                5.7519919785876735e-11,
                4.032457694737299e-09,
                2.2016473021957396e-07,
                0.9241416182793515,
                0.07585815746594067
            ],
            [
                3.49740747087729e-11,
                1.1581822908180848e-09,
                6.664878910044199e-09,
                0.1824255133762842,
                0.8175744787656806
            ]
        ],
        [
            [
                0.9999999987454466,
                1.2501528636011852e-09,
                6.10193666400915e-13,
                3.098819131817119e-12,
                6.914400091533721e-13
            ],
            [
                0.9999999976553768,
                2.3355930322491e-09,
                1.4637785100207002e-12,
                6.5602001497555095e-12,
                1.006039276461851e-12
            ],
            [
                3.9008376099667714e-14,
                3.511422113183926e-12,
                0.9999999999936282,
                2.129785170838976e-12,
                6.914400106560979e-13
            ],
            [
                1.6287436117575148e-10,
                2.417269847890733e-08,
                2.598810000897805e-07,
                0.9626728429803899,
                0.0373268728030372
            ],
            [
                4.752192983646254e-13,
                1.4637784897537242e-12,
                1.658678331296928e-12,
                1.5229979491130632e-08,
                0.9999999847664227
            ]
        ],
        [
            [
                0.9999999988924422,
                1.1032560300474819e-09,
                7.835041768758274e-13,
                3.0988191322726315e-12,
                4.19379564965151e-13
            ],
            [
                0.9999999907575577,
                9.237449571139005e-09,
                1.0060392693909604e-12,
                3.5114220788487946e-12,
                4.752193016042969e-13
            ],
            [
                8.258073284837053e-14,
                5.109089027618578e-12,
                0.9999999999928695,
                1.4637785139984868e-12,
                4.752193062357474e-13
            ],
            [
                1.6918045477981824e-10,
                2.1023158154111635e-07,
                4.539738087364712e-05,
                0.9999442626934997,
                1.0129524864656148e-05
            ],
            [
                5.78935630603834e-12,
                8.878265443659871e-13,
                0.0,
                6.224144598511248e-11,
                0.9999999999310814
            ]
        ],
        [
            [
                0.9999999993239022,
                6.691586080253552e-10,
                1.2917800026549236e-12,
                5.109089019634769e-12,
                5.384940208870404e-13
            ],
            [
                0.9999999981745906,
                1.8189616826698139e-09,
                1.463778510196211e-12,
                4.508755230190503e-12,
                4.752193050013291e-13
            ],
            [
                4.3778950110278186e-08,
                0.11145743862872617,
                0.4995176131272332,
                0.3890247082614483,
                1.9620364222010916e-07
            ],
            [
                5.905169081118368e-10,
                2.2602777654857225e-06,
                1.3007000477780394e-05,
                0.9999768429866591,
                7.88914458067068e-06
            ],
            [
                1.1399918963326733e-12,
                3.978962686928315e-12,
                5.78935654856687e-12,
                3.9278636946317596e-07,
                0.9999996072027223
            ]
        ],
        [
            [
                0.9999999927980755,
                7.194132973699765e-09,
                1.4637785026043866e-12,
                5.7893562831621475e-12,
                5.384940175368723e-13
            ],
            [
                0.9999999961432047,
                3.850741905339336e-09,
                1.0060392747300295e-12,
                4.508755221888407e-12,
                5.384940193382044e-13
            ],
            [
                2.438635675314252e-09,
                7.661965530232347e-07,
                0.07563564802816354,
                0.9214308710244242,
                0.0029327123122234455
            ],
            [
                2.1583984119100987e-09,
                7.2907917324037135e-06,
                0.07585752240628141,
                0.9241337490015742,
                1.4356420135925033e-06
            ],
            [
                7.835042597013212e-13,
                1.4637786658179195e-12,
                1.8795290113154806e-12,
                8.76424912768653e-08,
                0.9999999123533819
            ]
        ],
        [
            [
                0.9999999995888338,
                4.0586521217294146e-10,
                7.835041775901916e-13,
                3.978962531184152e-12,
                5.384940211456766e-13
            ],
            [
                0.9999999634520407,
                3.6534820777489674e-08,
                2.1297850916913197e-12,
                9.54503456760194e-12,
                1.4637784596482916e-12
            ],
            [
                3.775105865279183e-11,
                7.889264893456566e-06,
                0.9999920910100588,
                1.955553252695295e-08,
                1.3176414170550087e-10
            ],
            [
                5.3665718388599756e-11,
                6.202913663583841e-09,
                2.9887340260594665e-07,
                0.9770223315693967,
                0.022977363300621223
            ],
            [
                1.0060393263370773e-12,
                2.734698419497257e-12,
                3.978962721938473e-12,
                1.444980313692843e-07,
                0.999999855494249
            ]
        ],
        [
            [
                0.9999999973485929,
                2.646573629617993e-09,
                7.835041757558506e-13,
                3.5114221010492297e-12,
                5.384940198849537e-13
            ],
            [
                0.9999999918409767,
                8.152020641776321e-09,
                8.878265399289684e-13,
                5.10908898250415e-12,
                1.0060392703121835e-12
            ],
            [
                2.7852789041642767e-10,
                0.0015011820681796219,
                0.9984986047311911,
                2.0992764432079674e-07,
                2.994457022557044e-09
            ],
            [
                1.1627080895013384e-10,
                3.6531202235994354e-08,
                3.726280378456756e-06,
                0.9999001350345613,
                9.610203758716654e-05
            ],
            [
                3.5114220935209713e-12,
                2.4133627581867137e-12,
                3.0988191211993727e-12,
                2.6465736239439127e-09,
                0.9999999973444027
            ]
        ],
        [
            [
                0.9999999961380672,
                3.850741904587689e-09,
                1.879528807665547e-12,
                8.423463714700215e-12,
                8.87826543654404e-13
            ],
            [
                0.9999999956286745,
                4.363462230120428e-09,
                1.4637785064695536e-12,
                5.7893562984491795e-12,
                6.101936645688887e-13
            ],
            [
                2.0206840138531516e-11,
                8.315279692351487e-07,
                0.9999991432619115,
                2.5109992860119506e-08,
                7.99196030756832e-11
            ],
            [
                1.7326488559620253e-09,
                8.515576729545049e-06,
                0.04742461024670541,
                0.9525488449678383,
                1.802747607791337e-05
            ],
            [
                1.2917800658644711e-12,
                4.50875545547965e-12,
                7.433681023834545e-12,
                1.4449803144313967e-07,
                0.9999998554887343
            ]
        ],
        [
            [
                0.9999999973471505,
                2.6465736289683074e-09,
                1.2917799999339342e-12,
                4.508755225359465e-12,
                4.752193044921415e-13
            ],
            [
                0.9999999950479932,
                4.944450472639675e-09,
                1.29177999713139e-12,
                5.789356294425086e-12,
                4.75219303461143e-13
            ],
            [
                2.057178978436063e-09,
                0.0019267324548917642,
                0.9980720535987921,
                1.2075340891815168e-06,
                4.35504793152439e-09
            ],
            [
                1.6917624974019518e-10,
                7.733802817939085e-08,
                3.535463700002508e-05,
                0.9999191716032897,
                4.539625250580105e-05
            ],
            [
                1.139991971493582e-12,
                1.8795290118288427e-12,
                2.4133630225902285e-12,
                8.76424913008034e-08,
                0.9999999123520759
            ]
        ],
        [
            [
                0.9999999969866697,
                2.9989608138136677e-09,
                2.4133627629460326e-12,
                1.081594151745611e-11,
                1.1399918488463481e-12
            ],
            [
                0.9999999943896245,
                5.6027964023543175e-09,
                1.006039272965859e-12,
                5.789356292376192e-12,
                7.835041735863978e-13
            ],
            [
                8.584221710384057e-10,
                0.0009110392111272318,
                0.9990759541901232,
                1.299528260442114e-05,
                1.0457722914409342e-08
            ],
            [
                3.580546301817655e-10,
                2.10172650961563e-07,
                7.482664674086856e-05,
                0.999663792163071,
                0.00026117065948247565
            ],
            [
                6.101937439507984e-13,
                1.658678566020847e-12,
                2.734698633052957e-12,
                3.0590235869753384e-07,
                0.9999996940926378
            ]
        ],
        [
            [
                0.9999999976548994,
                2.3355930317592546e-09,
                1.4637785097137013e-12,
                7.433680649945148e-12,
                6.101936659212506e-13
            ],
            [
                0.9999999317270503,
                6.825604227286573e-08,
                3.5114225511474254e-12,
                1.2256068972070108e-11,
                1.1399919951677625e-12
            ],
            [
                2.0205913508137994e-11,
                5.315541762823738e-08,
                0.9999544807212681,
                4.53978502011332e-05,
                6.825290726930842e-08
            ],
            [
                1.2254899570613865e-11,
                3.39794400054568e-09,
                8.763413079365993e-08,
                0.9999038065536824,
                9.61024019879477e-05
            ],
            [
                1.2917776415678659e-12,
                5.109079681354306e-12,
                7.433667072970813e-12,
                1.067703074988e-06,
                0.9999989322830906
            ]
        ],
        [
            [
                0.9999999995855724,
                4.058652122396919e-10,
                1.4637785126548732e-12,
                6.560200161561054e-12,
                5.384940212342397e-13
            ],
            [
                0.9999999827258869,
                1.7257827675018326e-08,
                2.7346982420026884e-12,
                1.0815941361156658e-11,
                2.7346982420026884e-12
            ],
            [
                9.357622968330808e-14,
                3.5114221131853733e-12,
                0.9999999999940403,
                1.879528816436774e-12,
                4.752193062512475e-13
            ],
            [
                5.785249859833512e-12,
                1.1024734778892847e-09,
                3.650890749277504e-08,
                0.9992902920687062,
                0.0007096703141275168
            ],
            [
                8.878198201808603e-13,
                3.511395504944853e-12,
                4.5087210763922775e-12,
                7.88926504442455e-06,
                0.9999921107260477
            ]
        ],
        [
            [
                0.9999999983893668,
                1.605228051383004e-09,
                8.87826545742803e-13,
                3.978962526411518e-12,
                5.384940204997708e-13
            ],
            [
                0.9999999634581314,
                3.65348207777122e-08,
                1.463778459657207e-12,
                5.109088837948875e-12,
                4.752192885937168e-13
            ],
            [
                2.5946047187853745e-11,
                1.7603430694487315e-06,
                0.999997845595203,
                3.92785631002274e-07,
                1.25015056349897e-09
            ],
            [
                4.5977926946713293e-10,
                2.698837326262291e-07,
                1.3003726462805179e-05,
                0.9997255391020177,
                0.00026118682800770597
            ],
            [
                7.835042162217065e-13,
                1.1399919079197458e-12,
                2.4133628880044164e-12,
                1.4449803156657553e-07,
                0.9999998554976315
            ]
        ],
        [
            [
                0.9999999991346953,
                8.592166604356734e-10,
                8.8782654631489e-13,
                4.50875523451938e-12,
                6.914400095016172e-13
            ],
            [
                0.9999999965916337,
                3.398267805335772e-09,
                1.6586783520031449e-12,
                7.433680641378848e-12,
                1.006039275091531e-12
            ],
            [
                4.277779948025841e-11,
                1.067703051266823e-06,
                0.999998908678116,
                2.2159448741864593e-08,
                1.4166061635870706e-09
            ],
            [
                9.042476234651991e-11,
                2.841061578783007e-08,
                8.302798981831797e-07,
                0.9984979599472759,
                0.0015011812717854506
            ],
            [
                1.463778695536827e-12,
                2.1297854349071133e-12,
                3.0988195227687417e-12,
                6.825604222254497e-08,
                0.9999999317372654
            ]
        ],
        [
            [
                0.9999999987430268,
                1.2501528639787834e-09,
                1.2917800022978576e-12,
                5.109089018222547e-12,
                4.1937956503017417e-13
            ],
            [
                0.9999999976501714,
                2.335593031748212e-09,
                2.413362764547303e-12,
                1.0815941524632506e-11,
                1.0060392762460973e-12
            ],
            [
                3.0379753851929394e-14,
                1.8795288163842967e-12,
                0.9999999999975657,
                3.7010116782878795e-13,
                1.5428112030648311e-13
            ],
            [
                1.3173700870905517e-10,
                1.2749183176443756e-07,
                1.0127930659590816e-05,
                0.999786319520553,
                0.00020342492521869577
            ],
            [
                1.4635468524662802e-12,
                7.432504197369745e-12,
                2.5941988681595064e-11,
                0.00015843624658562594,
                0.9998415637185764
            ]
        ],
        [
            [
                0.9999999987425585,
                1.2501528641632422e-09,
                1.2917800024884583e-12,
                5.1090890189763874e-12,
                8.878265462668928e-13
            ],
            [
                0.9999999895194597,
                1.0467401676046865e-08,
                1.4637784975270163e-12,
                9.545034814602252e-12,
                2.1297851468045387e-12
            ],
            [
                9.357622967506894e-14,
                7.433680671293032e-12,
                0.9999999999374389,
                1.225606744235323e-11,
                4.277787868359496e-11
            ],
            [
                7.051346770003046e-11,
                3.2234858973326895e-08,
                1.3004482666052938e-05,
                0.9997835388767721,
                0.0002034243351893721
            ],
            [
                3.5114220987637317e-12,
                0.0,
                1.463778508034396e-12,
                7.582560396357088e-10,
                0.9999999992367687
            ]
        ],
        [
            [
                0.9999999981737677,
                1.8189616832832632e-09,
                1.0060392769217668e-12,
                5.789356315140869e-12,
                4.75219305161598e-13
            ],
            [
                0.999999997930384,
                2.061153616401784e-09,
                1.2917800010025885e-12,
                6.56020014894005e-12,
                6.101936659733772e-13
            ],
            [
                4.847304190872702e-11,
                1.3007124535200438e-05,
                0.9999869747101883,
                1.725759829723499e-08,
                8.59205226289571e-10
            ],
            [
                0.0,
                3.8147806601747555e-10,
                2.4875494668733074e-09,
                0.9399133428642406,
                0.060086654266731925
            ],
            [
                5.768988753458359e-11,
                3.5691469576647938e-09,
                2.988410159658862e-08,
                0.43782348397572796,
                0.5621764825133337
            ]
        ],
        [
            [
                0.9999999985735257,
                1.4166087836745043e-09,
                1.1399918506553511e-12,
                7.433680656773923e-12,
                1.2917800020788995e-12
            ],
            [
                0.9999999778272605,
                2.2159489267201173e-08,
                2.4133627167074276e-12,
                9.545034704813913e-12,
                1.291779975279289e-12
            ],
            [
                1.8182993010463512e-09,
                1.7597069489990161e-06,
                0.00020339446867757158,
                0.9996364402345956,
                0.00015840377147848507
            ],
            [
                0.0,
                4.03746542691779e-10,
                4.340684404312057e-09,
                0.9947798695839766,
                0.005220125671592391
            ],
            [
                4.752193279576165e-13,
                1.463778580906554e-12,
                2.1297852681210506e-12,
                5.043472045940811e-07,
                0.9999994956487267
            ]
        ],
        [
            [
                0.9999999927937183,
                7.194132972301114e-09,
                1.4637785023198056e-12,
                9.545034845855165e-12,
                1.139991843849753e-12
            ],
            [
                0.9999999981684737,
                1.8189616826586875e-09,
                1.8795288114817543e-12,
                9.545034897157392e-12,
                1.1399918499769304e-12
            ],
            [
                1.5087433549584543e-09,
                2.0156399078312526e-05,
                0.9398937584225892,
                0.06008539395554073,
                6.897140483988543e-07
            ],
            [
                7.385703781283165e-11,
                7.533622668582637e-09,
                1.1784568615901354e-07,
                0.924141700184349,
                0.07585817436248497
            ],
            [
                1.4635468529855894e-12,
                1.5734611514888627e-11,
                1.7829650697703517e-11,
                0.00015843624664184377,
                0.9998415637183304
            ]
        ],
        [
            [
                0.9999999976538374,
                2.335593032102482e-09,
                2.129785164849044e-12,
                7.433680651037566e-12,
                1.0060392763986966e-12
            ],
            [
                0.9999999585862149,
                4.139937543777573e-08,
                2.129785080923373e-12,
                1.0815941100063377e-11,
                1.4637784522475973e-12
            ],
            [
                3.4424771082169045e-14,
                1.8795288164009106e-12,
                0.9999999999970142,
                7.8350417844884e-13,
                2.8823507932324925e-13
            ],
            [
                0.0,
                6.459978396829183e-10,
                7.869864780564642e-09,
                0.8519527888253721,
                0.14804720265876528
            ],
            [
                2.7346981356514345e-12,
                5.789355998604738e-12,
                5.789355998604738e-12,
                5.3157849513029056e-08,
                0.999999946827837
            ]
        ],
        [
            [
                0.9999999965953212,
                3.3982678065458224e-09,
                1.2917799998636117e-12,
                4.5087552251140156e-12,
                6.101936654353626e-13
            ],
            [
                0.9999999979268694,
                2.061153616786279e-09,
                2.4133627652150755e-12,
                8.423463731369074e-12,
                1.1399918499181682e-12
            ],
            [
                5.492631611100423e-11,
                2.75356635814302e-05,
                0.9999716304409749,
                8.315049909564196e-07,
                2.33552639131738e-09
            ],
            [
                0.0,
                6.859569229592286e-10,
                1.5612307605230438e-08,
                0.9046505150215892,
                0.09534946868014632
            ],
            [
                8.878266129456135e-13,
                1.6586784805363848e-12,
                1.8795289543550384e-12,
                2.382369842188446e-07,
                0.9999997617585897
            ]
        ],
        [
            [
                0.9999999988905377,
                1.103256030468027e-09,
                1.0060392775730576e-12,
                4.508755234629975e-12,
                6.914400095185774e-13
            ],
            [
                0.9999999715243427,
                2.845334726280365e-08,
                5.109088879561586e-12,
                1.573710164944534e-11,
                1.4637784715794482e-12
            ],
            [
                1.2256068581760794e-11,
                8.76424903297915e-08,
                0.9999998993808762,
                1.1861121252344421e-08,
                1.1032561347525616e-09
            ],
            [
                1.5875830205445514e-09,
                4.176436711058467e-06,
                0.010986889195805708,
                0.9890084339756671,
                4.988042331798087e-07
            ],
            [
                1.658672100915729e-12,
                7.433652625948698e-12,
                9.544998910545702e-12,
                3.7266391118542494e-06,
                0.9999962733422508
            ]
        ],
        [
            [
                0.9999999907487839,
                9.23744956857598e-09,
                1.658678342144275e-12,
                1.0815941447931843e-11,
                1.291779991725541e-12
            ],
            [
                0.9999999969962057,
                2.9989608132722887e-09,
                7.835041754797537e-13,
                3.5114220998118495e-12,
                5.384940196951953e-13
            ],
            [
                2.1297852356411136e-12,
                1.1032560658513836e-09,
                0.9999994793174372,
                5.043471969026177e-07,
                1.522998020727395e-08
            ],
            [
                5.232285770537984e-11,
                7.765400605330013e-09,
                2.2693827096513792e-07,
                0.9525739013697003,
                0.04742586387430528
            ],
            [
                3.978962491430308e-12,
                2.7346982610714662e-12,
                2.7346982610714662e-12,
                8.152020623490112e-09,
                0.999999991838531
            ]
        ],
        [
            [
                0.9999999981753809,
                1.8189616828548947e-09,
                1.1399918500998985e-12,
                3.978962525560076e-12,
                5.384940203845407e-13
            ],
            [
                0.9999999907565437,
                9.237449572336277e-09,
                1.139991841982602e-12,
                3.978962497227926e-12,
                8.878265392310636e-13
            ],
            [
                5.10908897279977e-12,
                9.237449562051742e-09,
                0.9999999892382138,
                1.4166087713201439e-09,
                1.0261879520702073e-10
            ],
            [
                2.9247300702944904e-11,
                5.573548957447676e-09,
                5.017148883124539e-07,
                0.9947793696222629,
                0.005220123060052443
            ],
            [
                4.752193006286102e-13,
                6.101936605077083e-13,
                1.0060392673254314e-12,
                1.0467401670328053e-08,
                0.9999999895305068
            ]
        ],
        [
            [
                0.9999999990202559,
                9.736200295105075e-10,
                1.1399918509479552e-12,
                4.508755234003401e-12,
                4.752193054032056e-13
            ],
            [
                0.9999999895148356,
                1.0467401678810911e-08,
                2.734698261303191e-12,
                1.3887943711145395e-11,
                1.1399918404181536e-12
            ],
            [
                1.2256068039231055e-11,
                1.4449803162747664e-07,
                0.999999855000406,
                4.5990556019737914e-10,
                2.940077882049115e-11
            ],
            [
                0.0,
                1.6001352449992876e-09,
                2.503032660243911e-08,
                0.9968272903757589,
                0.0031726829937791775
            ],
            [
                1.0060374391681678e-12,
                3.978955258040646e-12,
                5.109079683187521e-12,
                1.0677030753711078e-06,
                0.9999989322868306
            ]
        ],
        [
            [
                0.9999999981742496,
                1.8189616833955255e-09,
                1.1399918504387263e-12,
                4.508755231989362e-12,
                1.1399918504387263e-12
            ],
            [
                0.9999999961438528,
                3.850741905644609e-09,
                8.878265438980875e-13,
                3.978962518144077e-12,
                5.384940193808943e-13
            ],
            [
                2.940078251878491e-11,
                1.8553899166595215e-07,
                0.9999995041660623,
                3.059020821039091e-07,
                4.363463013700677e-09
            ],
            [
                9.219162229640469e-09,
                5.134306345807151e-05,
                0.11919664105356174,
                0.8807506384175223,
                1.3682462956408243e-06
            ],
            [
                1.0060393512867007e-12,
                2.4133629445603523e-12,
                5.789356743081517e-12,
                2.3823698380107443e-07,
                0.9999997617538074
            ]
        ],
        [
            [
                0.9999999981765133,
                1.818961683399643e-09,
                8.878265458187096e-13,
                3.0988191316460063e-12,
                5.384940205458106e-13
            ],
            [
                0.9999999965901862,
                3.3982678053308534e-09,
                1.658678352000744e-12,
                8.423463719359061e-12,
                1.4637785080247778e-12
            ],
            [
                2.0137910868692132e-09,
                0.022977345339352733,
                0.9770214682989031,
                1.1820660289524975e-06,
                2.281924254885612e-09
            ],
            [
                1.1625196344290864e-10,
                7.732402080902971e-08,
                5.042154724947491e-07,
                0.9997382282631063,
                0.0002611900811484877
            ],
            [
                7.83504135428226e-13,
                1.4637784336452117e-12,
                2.4133626391429766e-12,
                5.315784962154724e-08,
                0.9999999468374896
            ]
        ],
        [
            [
                0.9999999990218069,
                9.736200295120175e-10,
                6.914400094235617e-13,
                3.5114221069245906e-12,
                3.7010116717923973e-13
            ],
            [
                0.9999999927950013,
                7.194132970554694e-09,
                1.658678345133509e-12,
                8.423463684484364e-12,
                7.835041719968867e-13
            ],
            [
                9.629031513290663e-10,
                0.010986711876719369,
                0.9889920584868509,
                2.1209333099655382e-05,
                1.934042679947372e-08
            ],
            [
                2.1655351254009107e-10,
                3.2139390910834353e-08,
                4.769913085650995e-06,
                0.9968225299140689,
                0.003172667816900932
            ],
            [
                7.83504176357403e-13,
                6.101936660868615e-13,
                0.0,
                4.058652115343411e-10,
                0.9999999995927411
            ]
        ],
        [
            [
                0.9999999961443529,
                3.850741905913734e-09,
                7.835041750772069e-13,
                3.51142209800776e-12,
                6.101936650898438e-13
            ],
            [
                0.9999999881224256,
                1.186112000027122e-08,
                2.734698256760594e-12,
                1.2256067287996513e-11,
                1.463778495482068e-12
            ],
            [
                1.0815922354371982e-11,
                1.3709566523464284e-06,
                0.9999986271586456,
                1.8189584581195156e-09,
                5.492778598910428e-11
            ],
            [
                6.690731648587041e-10,
                1.760123213677032e-06,
