{
    "[['E', 'D', 'C', 'B', 'A'], ['E', 'D', 'C', 'B', 'A']]": [
        [
            [
                0.9999999961347465,
                3.8507419045749015e-09,
                3.098819124081547e-12,
                7.433680637231986e-12,
                3.97896251703875e-12
            ],
            [
                0.9999999918378059,
                8.152020644182632e-09,
                2.1297851525925654e-12,
                7.433680608258254e-12,
                6.101936624993818e-13
            ],
            [
                1.2450580566344478e-09,
                2.5508506242485432e-06,
                0.004070116416874376,
                0.995924780636819,
                2.5508506242485432e-06
            ],
            [
                4.8380306763506886e-11,
                3.843323806782171e-09,
                2.8398535214669164e-08,
                0.8807970476837393,
                0.11920292002602131
            ],
            [
                1.2256067385473039e-11,
                0.0,
                1.879528807548427e-12,
                4.0586521070612814e-10,
                0.9999999995799993
            ]
        ],
        [
            [
                0.9999999961328037,
                3.850741905602062e-09,
                2.734698279401337e-12,
                1.2256067389465284e-11,
                1.4637785076007845e-12
            ],
            [
                0.9999999981684757,
                1.8189616832736373e-09,
                2.1297851659451127e-12,
                9.545034900384353e-12,
                8.878265457572069e-13
            ],
            [
                2.333237540359828e-09,
                2.2580476601745387e-06,
                0.0009109614431933076,
                0.9989907635461907,
                9.601462971833144e-05
            ],
            [
                2.1282745635495827e-12,
                2.592769201716161e-11,
                7.986291380481873e-11,
                0.0007096703401621442,
                0.999290329551919
            ],
            [
                5.4927883110029766e-11,
                3.97896250689632e-12,
                6.560200120438269e-12,
                8.592166556679125e-10,
                0.9999999990753163
            ]
        ],
        [
            [
                0.9999999981531624,
                1.8189616819197389e-09,
                5.789356310801071e-12,
                2.0206839027641783e-11,
                1.8795288107182003e-12
            ],
            [
                0.9999999994054278,
                5.905303991945649e-10,
                8.878265467938004e-13,
                2.734698288350977e-12,
                4.193795653409467e-13
            ],
            [
                7.360099448278315e-10,
                2.620376908576476e-07,
                0.9706615708415266,
                0.029311437813652964,
                2.672857111966724e-05
            ],
            [
                8.379492191618546e-12,
                1.4853005301891486e-10,
                5.874477553492695e-10,
                0.005220125688553087,
                0.9947798735670897
            ],
            [
                2.9400777237212374e-11,
                1.87952880658984e-12,
                1.6586783501340548e-12,
                3.1608814375816383e-10,
                0.999999999650973
            ]
        ],
        [
            [
                0.999999999671606,
                3.160881451628412e-10,
                3.098819136089269e-12,
                8.423463747312617e-12,
                7.835041778408244e-13
            ],
            [
                0.9999999976483624,
                2.335593031743987e-09,
                2.1297851645221383e-12,
                1.2256067407076402e-11,
                1.6586783539037022e-12
            ],
            [
                7.86955057255746e-09,
                1.1081141746604877e-05,
                0.1480410995415467,
                0.8519176897809078,
                3.0121666248374967e-05
            ],
            [
                0.0,
                2.389538310028612e-10,
                1.7656432623345353e-09,
                0.029312227817738904,
                0.970687770177664
            ],
            [
                2.594609474508093e-11,
                3.978962499387258e-12,
                5.109088981260622e-12,
                9.7362002238194e-10,
                0.9999999989913457
            ]
        ],
        [
            [
                0.9999999979283891,
                2.061153616161869e-09,
                2.413362764483967e-12,
                7.433680649714914e-12,
                6.101936659023517e-13
            ],
            [
                0.9999999918393915,
                8.152020640940365e-09,
                1.6586783439532423e-12,
                5.7893562765116695e-12,
                1.139991842761828e-12
            ],
            [
                1.1419080798248516e-10,
                1.027912895547204e-08,
                3.4039800110213746e-07,
                0.9820134460742426,
                0.017986203134436548
            ],
            [
                1.5454045237432157e-11,
                2.7392950622573936e-10,
                8.437622804923191e-10,
                0.017986211518589895,
                0.9820137873482643
            ],
            [
                5.109089005066169e-12,
                8.878265438496594e-13,
                0.0,
                1.3176514210785021e-10,
                0.999999999862238
            ]
        ],
        [
            [
                0.9999999965863535,
                3.3982678061236084e-09,
                3.0988191265286296e-12,
                1.0815941514727259e-11,
                1.4637785083662511e-12
            ],
            [
                0.9999999976519485,
                2.3355930319360057e-09,
                2.1297851646972373e-12,
                9.545034894791762e-12,
                7.835041762040478e-13
            ],
            [
                2.5436656470815323e-13,
                2.2897348453796513e-11,
                0.9999999999637919,
                9.545034921732185e-12,
                3.511422112968738e-12
            ],
            [
                5.77504096474148e-12,
                1.0236505041885774e-10,
                3.153065530405094e-10,
                0.0024726229588922575,
                0.9975273766176612
            ],
            [
                5.109089013748536e-12,
                6.101936660508747e-13,
                6.101936660508747e-13,
                4.599055365766554e-10,
                0.999999999533765
            ]
        ],
        [
            [
                0.9999999973408638,
                2.64657363010054e-09,
                2.1297851638672322e-12,
                9.54503489107194e-12,
                8.878265448910174e-13
            ],
            [
                0.9999999976498501,
                2.335593031931105e-09,
                2.7346982835500016e-12,
                1.081594152547947e-11,
                1.0060392763248772e-12
            ],
            [
                1.0261860659924064e-10,
                5.04346730148863e-07,
                0.999997719977642,
                1.7603430576939918e-06,
                1.5229951588097816e-08
            ],
            [
                2.413063682137591e-12,
                2.289451077243208e-11,
                4.846767968557778e-11,
                0.00012339462750365313,
                0.9998766052987211
            ],
            [
                1.783247282434246e-11,
                0.0,
                2.129785160946833e-12,
                3.1608814394590906e-10,
                0.9999999996639497
            ]
        ],
        [
            [
                0.9999999981621752,
                1.8189616824391353e-09,
                3.511422103504342e-12,
                1.3887943825918833e-11,
                1.4637785100105763e-12
            ],
            [
                0.9999999943810705,
                5.602796401241533e-09,
                2.4133627561990968e-12,
                1.2256067364702886e-11,
                1.4637785046433378e-12
            ],
            [
                1.1419059229299103e-10,
                8.005378558812652e-09,
                1.7286820723870397e-06,
                0.9820120854030234,
                0.017986177795335078
            ],
            [
                1.2232456940854427e-11,
                2.1682548732416195e-10,
                7.567953126801204e-10,
                0.0019267343287914002,
                0.9980732646853554
            ],
            [
                8.423463725669745e-12,
                1.6586783532433911e-12,
                3.978962522233602e-12,
                7.582560401987961e-10,
                0.9999999992276829
            ]
        ],
        [
            [
                0.9999999979261653,
                2.0611536170899137e-09,
                2.1297851654290437e-12,
                9.545034898071492e-12,
                1.006039276672669e-12
            ],
            [
                0.9999999981672949,
                1.8189616833828752e-09,
                2.7346982853222765e-12,
                9.545034900957581e-12,
                1.463778510770035e-12
            ],
            [
                3.442477108053929e-14,
                5.109089027445856e-12,
                0.9999999999168943,
                7.05287985025977e-11,
                7.433680671453775e-12
            ],
            [
                1.4637534755839042e-12,
                1.0815756546094185e-11,
                2.289695678776003e-11,
                1.670141510068761e-05,
                0.9999832985497229
            ],
            [
                7.991959862593357e-11,
                1.8795288093989604e-12,
                2.7346982812030568e-12,
                3.1608814423058523e-10,
                0.999999999599378
            ]
        ],
        [
            [
                0.9999999993984425,
                5.905303993276529e-10,
                2.1297851689117617e-12,
                7.433680665217844e-12,
                1.4637785127210733e-12
            ],
            [
                0.9999999988873625,
                1.103256030168094e-09,
                2.1297851667561593e-12,
                6.5602001552180204e-12,
                6.914400093306014e-13
            ],
            [
                6.683754010648763e-10,
                0.001169509744057094,
                0.9988300958456198,
                3.9232699697690626e-07,
                1.4149507351578466e-09
            ],
            [
                1.0060182572375513e-12,
                7.433525339276712e-12,
                2.0206416851145744e-11,
                2.14449397450581e-05,
                0.999978555031609
            ],
            [
                1.2256067392857284e-11,
                0.0,
                1.8795288086808375e-12,
                3.160881441098155e-10,
                0.9999999996697762
            ]
        ],
        [
            [
                0.9999999979197882,
                2.0611536170767694e-09,
                3.511422104242063e-12,
                1.3887943828836575e-11,
                1.6586783545994231e-12
            ],
            [
                0.9999999985718317,
                1.41660878378349e-09,
                2.129785166656391e-12,
                8.423463737464213e-12,
                1.006039277252427e-12
            ],
            [
                1.9810087978637331e-13,
                1.5737102105391304e-11,
                0.9999999999687303,
                9.54503492194806e-12,
                5.789356328189282e-12
            ],
            [
                1.1399397737714336e-12,
                7.433341072833547e-12,
                1.5736383174676297e-11,
                4.539785571666916e-05,
                0.9999546021199737
            ],
            [
                4.508755234360184e-12,
                0.0,
                7.835041771276051e-13,
                1.493094673569572e-10,
                0.9999999998453983
            ]
        ],
        [
            [
                0.9999999995334061,
                4.599055374391295e-10,
                1.291780003589163e-12,
                4.508755238117466e-12,
                8.878265470233951e-13
            ],
            [
                0.9999999961375647,
                3.850741905887594e-09,
                2.1297851616197086e-12,
                8.423463717543749e-12,
                1.1399918480471137e-12
            ],
            [
                1.9810087978445135e-13,
                9.545034921855455e-12,
                0.9999999999673155,
                5.109089027536e-12,
                1.783247290630584e-11
            ],
            [
                2.129708245517055e-12,
                1.5736533700480687e-11,
                3.774998190676376e-11,
                3.535625749568865e-05,
                0.9999646436868881
            ],
            [
                1.0261879569760767e-10,
                5.789356293785861e-12,
                1.573710201187311e-11,
                2.0611536099973508e-09,
                0.9999999978147012
            ]
        ],
        [
            [
                0.9999999985732175,
                1.4166087836740677e-09,
                2.129785166491881e-12,
                7.433680656771632e-12,
                6.101936664816025e-13
            ],
            [
                0.9999999969929507,
                2.9989608138325042e-09,
                1.8795288096295446e-12,
                5.789356307447775e-12,
                4.1937956429622803e-13
            ],
            [
                4.276352051982426e-11,
                1.9549117326404162e-08,
                0.999664583477854,
                0.0003353500343705923,
                4.689589457317508e-08
            ],
            [
                4.752193663985517e-13,
                1.879529054323977e-12,
                3.511422557617178e-12,
                1.8553915973471693e-07,
                0.9999998144549741
            ],
            [
                9.545034894455384e-12,
                6.101936659459244e-13,
                1.0060392762915343e-12,
                3.160881444913791e-10,
                0.9999999996727507
            ]
        ],
        [
            [
                0.9999999994684075,
                5.211412482040694e-10,
                2.1297851685659044e-12,
                7.433680664010686e-12,
                8.878265468497153e-13
            ],
            [
                0.9999999983775409,
                1.6052280517446441e-09,
                3.511422105849426e-12,
                1.2256067417827372e-11,
                1.4637785109881527e-12
            ],
            [
                1.201542573095182e-13,
                3.978962535565705e-12,
                0.9999999999939988,
                1.2917800046978414e-12,
                6.101936677188911e-13
            ],
            [
                0.0,
                1.6473840666075974e-09,
                1.379337791327963e-08,
                0.3775406696522175,
                0.6224593149070204
            ],
            [
                1.0815941520004925e-11,
                0.0,
                0.0,
                3.7751345312668307e-11,
                0.9999999999514326
            ]
        ],
        [
            [
                0.9999999927842712,
                7.194132973600455e-09,
                3.9789625044635684e-12,
                1.5737101982777624e-11,
                1.8795288017192104e-12
            ],
            [
                0.9999999918409316,
                8.152020642502278e-09,
                1.46377850120334e-12,
                5.109088982959128e-12,
                4.752193020817714e-13
            ],
            [
                5.789356918921436e-12,
                8.76424911290713e-08,
                0.9999999084632258,
                3.850742315328079e-09,
                3.775134929131833e-11
            ],
            [
                5.052958037829435e-12,
                1.0149137524014104e-10,
                3.126154440345447e-10,
                0.01098694235508904,
                0.9890130572257512
            ],
            [
                4.8473686836735495e-11,
                1.8795288077773895e-12,
                1.6586783511820637e-12,
                2.4616969403398304e-10,
                0.9999999997018185
            ]
        ],
        [
            [
                0.9999999993980286,
                5.905303992311718e-10,
                2.1297851685637965e-12,
                8.423463745008149e-12,
                8.878265468488366e-13
            ],
            [
                0.999999997337617,
                2.6465736304836857e-09,
                2.413362764150215e-12,
                1.2256067405081994e-11,
                1.1399918494151636e-12
            ],
            [
                2.6430473258963745e-09,
                4.217228742683434e-06,
                0.0011693200902650577,
                0.998668209696875,
                0.00015825034106990805
            ],
            [
                8.893188500694012e-11,
                6.2346064691797644e-09,
                5.2201720845257245e-08,
                0.9820137309208765,
                0.017986210553864297
            ],
            [
                2.734698283232361e-12,
                0.0,
                1.65867835384393e-12,
                4.058652114069075e-10,
                0.9999999995897415
            ]
        ],
        [
            [
                0.9999999990221473,
                9.736200297739474e-10,
                8.878265464535138e-13,
                2.7346982873028203e-12,
                6.10193666803515e-13
            ],
            [
                0.9999999983782772,
                1.6052280513652027e-09,
                3.0988191313467014e-12,
                1.2256067414930301e-11,
                1.139991850331199e-12
            ],
            [
                6.431393940967661e-14,
                3.5114221131120712e-12,
                0.99999999999522,
                1.0060392792075536e-12,
                1.9810087978997925e-13
            ],
            [
                9.463153753272828e-12,
                1.480286306259205e-10,
                7.51751415818373e-10,
                0.008577485653781022,
                0.9914225134369757
            ],
            [
                1.081594152285097e-11,
                1.6586783536334955e-12,
                3.511422102197194e-12,
                5.211412471296961e-10,
                0.9999999994628728
            ]
        ],
        [
            [
                0.9999999995327884,
                4.599055374106827e-10,
                1.6586783572748715e-12,
                5.109089023013742e-12,
                5.384940212431814e-13
            ],
            [
                0.9999999988839292,
                1.1032560305372897e-09,
                2.129785167468875e-12,
                9.545034907213382e-12,
                1.139991851177947e-12
            ],
            [
                3.701011651357509e-13,
                7.991959834142356e-11,
                0.9999999927116858,
                1.6052280433729907e-09,
                5.60279639630717e-09
            ],
            [
                0.0,
                3.7678619999226745e-11,
                1.0242110806531162e-10,
                0.0019267343301384565,
                0.9980732655297618
            ],
            [
                1.783247285793897e-11,
                7.835041763004789e-13,
                1.0060392764508082e-12,
                1.4930946719933482e-10,
                0.9999999998310685
            ]
        ],
        [
            [
                0.9999999981640249,
                1.8189616834752243e-09,
                3.098819131774768e-12,
                1.2256067416623338e-11,
                1.6586783551957393e-12
            ],
            [
                0.999999995043825,
                4.944450474124461e-09,
                2.4133627582572433e-12,
                8.423463707083855e-12,
                8.878265428516454e-13
            ],
            [
                4.095483305345498e-09,
                7.804617153402454e-07,
                0.06000182066303638,
                0.9385862875684392,
                0.001411107211325785
            ],
            [
                6.543978734636286e-12,
                9.033683991433208e-11,
                3.572891327673773e-10,
                0.0024726229600919797,
                0.9975273765857382
            ],
            [
                1.388794379062108e-11,
                1.8795288064778605e-12,
                2.7346982769528816e-12,
                2.998960808803702e-09,
                0.999999996982537
            ]
        ],
        [
            [
                0.9999999973418314,
                2.6465736303111962e-09,
                1.87952881043306e-12,
                8.423463727103351e-12,
                1.2917800005893918e-12
            ],
            [
                0.999999999014785,
                9.736200298343378e-10,
                1.879528813707843e-12,
                8.423463741779908e-12,
                1.2917800028401151e-12
            ],
            [
                3.5802045236826975e-10,
                0.0004305571351422844,
                0.9995693642227459,
                7.731089076899247e-08,
                9.732004898893547e-10
            ],
            [
                6.914400019661594e-13,
                7.835041686164769e-13,
                1.8795287928142977e-12,
                1.1861120001624108e-08,
                0.9999999881355256
            ],
            [
                4.2777878393828305e-11,
                0.0,
                3.5114220890907067e-12,
                5.211412451845208e-10,
                0.9999999994325695
            ]
        ],
        [
            [
                0.9999999979247838,
                2.0611536172132828e-09,
                3.5114221044746295e-12,
                9.545034898642804e-12,
                1.006039276732885e-12
            ],
            [
                0.999999996133051,
                3.850741905603014e-09,
                3.5114220977244205e-12,
                1.0815941509073857e-11,
                1.8795288081611225e-12
            ],
            [
                3.830538488562064e-09,
                2.1332871759605037e-05,
                0.005219981611602576,
                0.9947525697160094,
                6.111970089930127e-06
            ],
            [
                9.538264841295364e-12,
                1.1619985382467103e-10,
                4.05577341455036e-10,
                0.0007096703416324543,
                0.9992903291270521
            ],
            [
                1.7832472786349714e-11,
                0.0,
                3.5114220893933247e-12,
                4.5990553472405403e-10,
                0.9999999995187505
            ]
        ],
        [
            [
                0.9999999979272258,
                2.061153616159471e-09,
                2.4133627644811595e-12,
                8.423463728807456e-12,
                7.835041761195764e-13
            ],
            [
                0.9999999976528475,
                2.335593032243192e-09,
                2.1297851649773546e-12,
                8.423463730823497e-12,
                1.0060392764593063e-12
            ],
            [
                1.3615261079828793e-13,
                1.0815941556437479e-11,
                0.9999999999765052,
                7.43368067176922e-12,
                5.109089027662657e-12
            ],
            [
                1.77131156011873e-11,
                4.0314865286253454e-10,
                1.5944838528133985e-09,
                0.006692851401683561,
                0.9933071465829708
            ],
            [
                6.224144580355033e-11,
                4.5087552114697166e-12,
                6.560200123303511e-12,
                1.8189616751173095e-09,
                0.9999999981077279
            ]
        ],
        [
            [
                0.999999999013699,
                9.73620029765722e-10,
                2.129785167597473e-12,
                9.545034907789718e-12,
                1.0060392776969626e-12
            ],
            [
                0.999999993628474,
                6.348800071842977e-09,
                5.10908899249356e-12,
                1.573710199730031e-11,
                1.879528803453698e-12
            ],
            [
                4.773223460847746e-09,
                1.4997022308549197e-06,
                0.8519359618561357,
                0.14804426355503972,
                1.8270113370243585e-05
            ],
            [
                1.961452486583183e-11,
                5.058652636040385e-10,
                3.2986558832200467e-09,
                0.029312227772640455,
                0.9706877684032239
            ],
            [
                2.0206838983231073e-11,
                2.1297851596790063e-12,
                5.1090890010117395e-12,
                1.4166087791425411e-09,
                0.9999999985559456
            ]
        ],
        [
            [
                0.9999999987361972,
                1.2501528639702455e-09,
                3.098819132731928e-12,
                9.545034904390445e-12,
                1.006039277338682e-12
            ],
            [
                0.9999999918386205,
                8.15202064093408e-09,
                1.6586783439519635e-12,
                6.5602001089768616e-12,
                1.1399918427609492e-12
            ],
            [
                6.431393941012902e-14,
                1.0815941556547245e-11,
                0.9999999999611267,
                1.5737102105788464e-11,
                1.2256067443262712e-11
            ],
            [
                1.676097648285315e-11,
                3.3665321201502717e-10,
                1.0369648958910608e-09,
                0.060086654284490226,
                0.9399133443251306
            ],
            [
                3.9789625249706505e-12,
                5.384940203047706e-13,
                0.0,
                7.991959871127804e-11,
                0.9999999999155629
            ]
        ],
        [
            [
                0.9999999990159227,
                9.736200296045859e-10,
                2.4133627676283313e-12,
                7.433680659400238e-12,
                6.101936666973716e-13
            ],
            [
                0.9999999956159973,
                4.363462231540291e-09,
                3.5114220961524804e-12,
                1.5737102029670147e-11,
                1.291779998449629e-12
            ],
            [
                2.2897348204951426e-11,
                5.3157851960359226e-08,
                0.9999994381086125,
                5.043471760449638e-07,
                4.363462205015503e-09
            ],
            [
                3.7072327225645423e-11,
                5.117676914365771e-10,
                2.5989707868052152e-09,
                0.017986211481703367,
                0.9820137853704859
            ],
            [
                2.59460947484471e-11,
                4.508755201576537e-12,
                5.10908898192346e-12,
                2.6465736150080753e-09,
                0.9999999973178624
            ]
        ],
        [
            [
                0.9999999961404289,
                3.850741905898624e-09,
                1.6586783516480382e-12,
                6.560200139415428e-12,
                6.101936650874494e-13
            ],
            [
                0.9999999991305824,
                8.592166607752344e-10,
                1.879528814040582e-12,
                7.433680662470425e-12,
                8.878265466657575e-13
            ],
            [
                1.0998440032860615e-09,
                2.3750017363118677e-07,
                0.22244014306354448,
                0.7763923598835096,
                0.0011672584529281908
            ],
            [
                3.548298719011576e-11,
                1.0369648870498671e-09,
                8.682400698056006e-09,
                0.060086653795679665,
                0.9399133364494717
            ],
            [
                7.433680654294054e-12,
                1.0060392768394142e-12,
                1.4637785105700515e-12,
                3.5817479215822847e-10,
                0.9999999996319218
            ]
        ],
        [
            [
                0.999999999402887,
                5.905303990940173e-10,
                1.4637785121419487e-12,
                4.508755236183797e-12,
                6.101936669334948e-13
            ],
            [
                0.9999999965887654,
                3.3982678061318045e-09,
                2.129785162580669e-12,
                8.423463721344421e-12,
                2.4133627623429642e-12
            ],
            [
                4.2777799235955624e-11,
                2.260325208745477e-06,
                0.9999977109614746,
                2.8453295241847383e-08,
                2.172435900085446e-10
            ],
            [
                7.40401163273548e-11,
                2.163769370746263e-09,
                1.0988527564464986e-08,
                0.18242551236084695,
                0.8175744744128159
            ],
            [
                2.594609475362035e-11,
                2.734698267440241e-12,
                3.5114220823652004e-12,
                1.6052280410089548e-09,
                0.9999999983625798
            ]
        ],
        [
            [
                0.9999999990191157,
                9.736200297709958e-10,
                1.463778511825706e-12,
                5.109089020034828e-12,
                6.914400096074814e-13
            ],
            [
                0.9999999927917594,
                7.194132974219988e-09,
                3.098819114554845e-12,
                9.545034848401087e-12,
                1.4637785027102357e-12
            ],
            [
                1.4637785135304786e-12,
                2.461696950814025e-10,
                0.9999999996309752,
                1.1628233025490882e-10,
                5.109089025985069e-12
            ],
            [
                1.0060220704658474e-12,
                8.423319666804084e-12,
                2.0206493441883485e-11,
                1.6701415099093985e-05,
                0.999983298555265
            ],
            [
                4.84736868457607e-11,
                3.978962518029568e-12,
                7.433680639083078e-12,
                2.99896081143559e-09,
                0.9999999969411528
            ]
        ],
        [
            [
                0.9999999983856653,
                1.6052280519427303e-09,
                1.6586783555633696e-12,
                6.560200154900864e-12,
                8.878265460523789e-13
            ],
            [
                0.9999999981654191,
                1.8189616831418614e-09,
                3.5114221048609224e-12,
                1.0815941531055831e-11,
                1.291780001653286e-12
            ],
            [
                6.914400105533876e-13,
                7.991959891328438e-11,
                0.9999999998299243,
                7.991959891328438e-11,
                9.545034920899253e-12
            ],
            [
                5.384940423062029e-13,
                1.0060393176398998e-12,
                2.4133628638458727e-12,
                3.9278636952360503e-07,
                0.9999996072096725
            ],
            [
                1.3887943784121377e-11,
                0.0,
                3.5114220929362903e-12,
                8.592166569158536e-10,
                0.9999999991233839
            ]
        ],
        [
            [
                0.9999999993209079,
                6.691586082796994e-10,
                2.129785168251762e-12,
                7.43368066291422e-12,
                3.701011673893785e-13
            ],
            [
                0.9999999956248411,
                4.363462229604507e-09,
                2.734698276964578e-12,
                8.423463709413402e-12,
                5.384940188951181e-13
            ],
            [
                6.914400106234276e-13,
                4.2777878685322565e-11,
                0.9999999999312201,
                2.289734845411782e-11,
                2.413362771586821e-12
            ],
            [
                5.384940898479615e-13,
                1.4637786991663063e-12,
                3.0988195304523497e-12,
                1.8553915971612676e-07,
                0.9999998144557393
            ],
            [
                9.545034900399209e-12,
                0.0,
                1.4637785106844056e-12,
                2.78946808631058e-10,
                0.9999999997100444
            ]
        ],
        [
            [
                0.9999999950435325,
                4.944450474854879e-09,
                2.129785159289655e-12,
                8.423463708328209e-12,
                1.4637785061079028e-12
            ],
            [
                0.9999999965911937,
                3.3982678049911857e-09,
                2.413362761532926e-12,
                7.433680640625068e-12,
                6.914400077429385e-13
            ],
            [
                5.893916581092819e-10,
                4.682117875364261e-08,
                1.990887181123235e-06,
                0.8807952710888302,
                0.11920269061341833
            ],
            [
                2.4097383522989038e-12,
                3.76946499822219e-11,
                1.4908523272332438e-10,
                0.0015011820267130259,
                0.9984988177840973
            ],
            [
                1.3887943760410458e-11,
                2.129785154921977e-12,
                2.129785154921977e-12,
                3.1608814305174114e-10,
                0.9999999996657642
            ]
        ],
        [
            [
                0.9999999991281023,
                8.592166607731035e-10,
                2.1297851681193307e-12,
                9.545034910128521e-12,
                1.0060392779434707e-12
            ],
            [
                0.9999999961354245,
                3.850741905612154e-09,
                2.1297851614673668e-12,
                1.0815941509099529e-11,
                8.878265438906046e-13
            ],
            [
                1.879528812614522e-12,
                3.160881447713595e-10,
                0.9999999979741856,
                1.6052280518338057e-09,
                1.0261879610274512e-10
            ],
            [
                0.0,
                4.2008450380679726e-11,
                2.417419409755135e-10,
                0.017986211536157024,
                0.9820137881800927
            ],
            [
                1.5737102023090737e-11,
                2.7346982770344554e-12,
                2.1297851596184557e-12,
                3.5817479112167247e-10,
                0.9999999996212237
            ]
        ],
        [
            [
                0.9999999988796613,
                1.1032560306597604e-09,
                2.4133627681499305e-12,
                1.2256067425394226e-11,
                2.4133627681499305e-12
            ],
            [
                0.9999999983864363,
                1.605228051647538e-09,
                1.6586783552583482e-12,
                5.7893563159703666e-12,
                8.878265458891127e-13
            ],
            [
                4.420228103220898e-14,
                3.09881913842719e-12,
                0.9999999999954807,
                1.0060392791876628e-12,
                3.70101167824078e-13
            ],
            [
                0.0,
                3.7498666083006636e-11,
                1.308832050770354e-10,
                0.006692851419688822,
                0.9933071484119292
            ],
            [
                1.0815941527804764e-11,
                2.4133627652551295e-12,
                3.978962524991812e-12,
                1.1032560293364174e-09,
                0.9999999988795356
            ]
        ],
        [
            [
                0.9999999996774198,
                3.160881451840348e-10,
                1.2917800037751968e-12,
                4.508755238766789e-12,
                6.914400101529784e-13
            ],
            [
                0.9999999973363671,
                2.6465736306424428e-09,
                3.5114221024084502e-12,
                1.2256067405817186e-11,
                1.2917800007510717e-12
            ],
            [
                1.081594144349541e-11,
                7.194132954638728e-09,
                0.9999999895499204,
                2.998960793306415e-09,
                2.461696925916835e-10
            ],
            [
                4.494450703222722e-12,
                6.204397815825949e-11,
                2.4538869381112473e-10,
                0.0031726830667482124,
                0.9968273166213246
            ],
            [
                5.4927883069004955e-11,
                3.978962503924493e-12,
                7.433680612731328e-12,
                1.6052280423110907e-09,
                0.9999999983284313
            ]
        ],
        [
            [
                0.9999999992311133,
                7.582560418130191e-10,
                2.413362768719908e-12,
                7.433680662762532e-12,
                7.835041774956965e-13
            ],
            [
                0.9999999927916706,
                7.19413297146335e-09,
                3.5114220846462333e-12,
                9.545034844743634e-12,
                1.1399918437169995e-12
            ],
            [
                9.055887355627608e-11,
                3.9277775502857805e-07,
                0.9999781529556312,
                2.1444938798731882e-05,
                9.237256229985722e-09
            ],
            [
                2.411163471052521e-12,
                2.937398442436616e-11,
                5.487782765449914e-11,
                0.0009110514007004857,
                0.9990889485126364
            ],
            [
                1.1399918466400054e-12,
                1.006039273631498e-12,
                2.129785158990884e-12,
                4.3634622284302465e-09,
                0.9999999956322618
            ]
        ],
        [
            [
                0.9999999969879407,
                2.998960814261377e-09,
                2.413362763306319e-12,
                9.545034889116105e-12,
                1.1399918490165355e-12
            ],
            [
                0.9999999981668419,
                1.8189616830014279e-09,
                3.511422104589822e-12,
                9.545034898955929e-12,
                1.1399918501917348e-12
            ],
            [
                2.5436656469133613e-13,
                4.2777878681894076e-11,
                0.9999999998976781,
                4.8473687053868636e-11,
                1.081594155531458e-11
            ],
            [
                1.7422740374098964e-11,
                3.499450950870773e-10,
                1.3840596998791274e-09,
                0.022977367737202964,
                0.9770226305113695
