{
    "[['E', 'D', 'C', 'B', 'A'], ['E', 'D', 'C', 'B', 'A']]": [
        [
            [
                0.9999999965672981,
                3.398267805253073e-09,
                3.978962519161575e-12,
                2.5946094874025672e-11,
                4.508755223398821e-12
            ],
            [
                0.9999999983678027,
                1.6052280514914108e-09,
                2.4133627662792074e-12,
                2.2897348403760583e-11,
                1.6586783550970223e-12
            ],
            [
                1.6918914760729154e-10,
                1.046736191140025e-08,
                0.9999957583787354,
                3.7266389726245114e-06,
                5.043457408807375e-07
            ],
            [
                3.849890361819823e-09,
                3.4655641669434464e-07,
                1.669802326642793e-05,
                0.9997795280028277,
                0.00020342356759894432
            ],
            [
                1.4637786968914344e-12,
                2.7346986330428286e-12,
                4.508755805252276e-12,
                3.0590235869640083e-07,
                0.9999996940889341
            ]
        ],
        [
            [
                0.9999999981302403,
                1.8189616830778726e-09,
                3.511422104737395e-12,
                4.2777878584444e-11,
                4.50875523120198e-12
            ],
            [
                0.9999999950217597,
                4.9444504730756276e-09,
                2.734698275628191e-12,
                2.5946094831305454e-11,
                5.109088998239238e-12
            ],
            [
                5.1090890193815056e-12,
                2.7894680881288116e-10,
                0.9999999983340262,
                1.2501528642623713e-09,
                1.3176514247704757e-10
            ],
            [
                3.153065370863675e-10,
                1.7215153618272653e-08,
                3.918150903708326e-07,
                0.9975269690021145,
                0.0024726216523348766
            ],
            [
                6.560200479672853e-12,
                5.78935660364527e-12,
                1.0815942070893816e-11,
                1.444980314725887e-07,
                0.999999855478803
            ]
        ],
        [
            [
                0.9999999983338959,
                1.6052280514369826e-09,
                3.978962526545317e-12,
                4.847368694950377e-11,
                8.423463734797648e-12
            ],
            [
                0.9999999976257055,
                2.3355930316910693e-09,
                5.789356311111017e-12,
                2.940077730336484e-11,
                3.5114221026896634e-12
            ],
            [
                2.59460944333452e-11,
                2.461696899687917e-10,
                0.9999999788951084,
                5.602796318895698e-09,
                1.5229979422211406e-08
            ],
            [
                2.78061285472669e-10,
                1.9493601075711548e-08,
                2.2531539331945346e-06,
                0.9968250515923959,
                0.0031726754820086537
            ],
            [
                1.6586783505173655e-12,
                6.101936646714981e-13,
                0.0,
                2.998960809675418e-09,
                0.9999999969987703
            ]
        ],
        [
            [
                0.9999999985439187,
                1.4166087835063463e-09,
                3.5114221056010386e-12,
                2.940077732774149e-11,
                6.560200153627282e-12
            ],
            [
                0.9999999943402129,
                5.602796401578278e-09,
                5.789356291574313e-12,
                4.277787841513971e-11,
                8.423463700406492e-12
            ],
            [
                7.96381344053045e-10,
                9.204916786317128e-08,
                3.4541195411371433e-06,
                0.5621745064766552,
                0.43782194655825446
            ],
            [
                3.5394792412187666e-10,
                1.0343874578316734e-08,
                1.8334956395986932e-07,
                0.6791785671206454,
                0.32082123883196806
            ],
            [
                6.560188315920954e-12,
                1.0815922016257328e-11,
                2.5946048106274506e-11,
                1.7603431317601737e-06,
                0.9999982396135461
            ]
        ],
        [
            [
                0.9999999990120316,
                9.736200297640986e-10,
                1.2917800027469232e-12,
                9.545034907773803e-12,
                3.511422107833737e-12
            ],
            [
                0.9999999989907331,
                9.736200295800606e-10,
                3.5114221071699923e-12,
                2.9400777340878176e-11,
                2.7346982867582325e-12
            ],
            [
                9.66950740382236e-09,
                7.681441167090512e-07,
                0.9237733743362625,
                0.07582793934646452,
                0.00039790850364882424
            ],
            [
                1.6037376575154034e-09,
                2.3801599911326408e-07,
                1.668620976294427e-05,
                0.9990720384207944,
                0.0009110357497059459
            ],
            [
                1.6586783030726159e-12,
                3.0988190343959532e-12,
                3.0988190343959532e-12,
                3.224186628710194e-08,
                0.9999999677502773
            ]
        ],
        [
            [
                0.999999996949327,
                2.998960812399837e-09,
                4.508755223565776e-12,
                3.331544528327413e-11,
                1.3887943807274489e-11
            ],
            [
                0.9999999943790225,
                5.60279640058908e-09,
                1.8795288041443472e-12,
                1.388794377337862e-11,
                2.4133627559180577e-12
            ],
            [
                2.6110943695592055e-09,
                3.8752076410123233e-07,
                0.010960067029524883,
                0.9865940213270812,
                0.002445521511535413
            ],
            [
                2.646225472306948e-09,
                2.1021572693917093e-07,
                7.888286957186667e-06,
                0.9998685052820223,
                0.00012339356906811386
            ],
            [
                8.423463550320304e-12,
                3.511422028274821e-12,
                3.098819063619847e-12,
                2.215948923631575e-08,
                0.999999977825477
            ]
        ],
        [
            [
                0.9999999979101155,
                2.0611536163600075e-09,
                3.0988191295830946e-12,
                2.289734838892893e-11,
                2.7346982835269726e-12
            ],
            [
                0.999999992777045,
                7.1941329741141305e-09,
                2.413362752976439e-12,
                2.2897348277547433e-11,
                3.5114220859400666e-12
            ],
            [
                3.775134959967145e-11,
                2.335593295976425e-09,
                0.9999996782838898,
                3.0590235418537715e-07,
                1.3440411431086981e-08
            ],
            [
                1.8188402866299758e-09,
                3.9276013924827775e-07,
                5.829077303540479e-05,
                0.9999334258497063,
                7.888798278827614e-06
            ],
            [
                5.789356288119992e-12,
                1.6586783472790823e-12,
                1.6586783472790823e-12,
                4.944450467254754e-09,
                0.9999999950464429
            ]
        ],
        [
            [
                0.9999999943390914,
                5.602796400365354e-09,
                5.7893562903210015e-12,
                4.277787840587892e-11,
                9.545034859513821e-12
            ],
            [
                0.9999999935988042,
                6.348800071155414e-09,
                5.109088991940256e-12,
                4.277787838723522e-11,
                4.508755210416328e-12
            ],
            [
                6.126170092286097e-09,
                4.294776804256636e-07,
                0.851551181816952,
                0.1479774028894571,
                0.00047097968974028697
            ],
            [
                8.591741720968521e-10,
                1.8552996101517185e-07,
                2.7535087622439537e-05,
                0.9999508341754401,
                2.1444347802295658e-05
            ],
            [
                5.789356547497171e-12,
                9.545035283525642e-12,
                1.3887944389757618e-11,
                3.9278636939060085e-07,
                0.9999996071844083
            ]
        ],
        [
            [
                0.9999999969116942,
                2.998960813824622e-09,
                6.560200144019877e-12,
                7.052879825165771e-11,
                1.2256067399011419e-11
            ],
            [
                0.999999991784522,
                8.152020643249065e-09,
                8.42346368087605e-12,
                4.8473686639206407e-11,
                6.560200110839807e-12
            ],
            [
                2.9786039614579367e-09,
                2.088162589354866e-07,
                0.9932121188856528,
                0.0066922100706673536,
                9.545924881694926e-05
            ],
            [
                9.727291066071057e-10,
                4.686871306262027e-08,
                4.780734143939077e-06,
                0.9990841247581107,
                0.0009110466663032327
            ],
            [
                2.7346982179277575e-12,
                2.413362706824859e-12,
                2.7346982179277575e-12,
                2.5109990881056115e-08,
                0.9999999748821264
            ]
        ],
        [
            [
                0.9999999907234015,
                9.237449571464466e-09,
                3.098819108360402e-12,
                3.331544509524805e-11,
                2.7346982647980122e-12
            ],
            [
                0.9999999973181009,
                2.6465736305941e-09,
                3.51142210234431e-12,
                2.940077730047323e-11,
                2.4133627642508995e-12
            ],
            [
                3.034521547662446e-08,
                1.2903113955911226e-06,
                0.8305834690640899,
                0.14433376525646083,
                0.02508144502283822
            ],
            [
                1.3031750785940326e-10,
                1.0352401915201548e-08,
                2.0793335261066697e-07,
                0.9890128390050863,
                0.01098694257884168
            ],
            [
                2.7346982393953243e-12,
                2.7346982393953243e-12,
                4.508755156237263e-12,
                1.7257827658564066e-08,
                0.9999999827321943
            ]
        ],
        [
            [
                0.9999999949827687,
                4.9444504745544346e-09,
                6.560200131820945e-12,
                6.22414458843615e-11,
                3.978962513800263e-12
            ],
            [
                0.9999999981560046,
                1.8189616821921086e-09,
                2.413362764720427e-12,
                2.020683903066754e-11,
                2.413362764720427e-12
            ],
            [
                6.335566240872141e-09,
                8.297946321550719e-07,
                0.00015813086663679356,
                0.9979146046753613,
                0.001926428327803544
            ],
            [
                2.6327430285697404e-09,
                1.2685278399975393e-07,
                4.7601156016154284e-06,
                0.9947750097921872,
                0.00522010060668411
            ],
            [
                2.0200058093246254e-11,
                1.162433083588661e-10,
                4.0572901268243355e-10,
                0.0003353500535876879,
                0.9996646494042399
            ]
        ],
        [
            [
                0.9999999978973231,
                2.061153617156682e-09,
                5.109089014970864e-12,
                3.3315445336290545e-11,
                3.0988191307808464e-12
            ],
            [
                0.9999999880975444,
                1.1861120002230405e-08,
                4.508755185612494e-12,
                3.33154450028352e-11,
                3.5114220692322683e-12
            ],
            [
                1.8113979226938337e-08,
                1.6305700014782228e-06,
                0.8174371467360418,
                0.1823948819181213,
                0.00016632266185624047
            ],
            [
                2.685344365492715e-10,
                6.925594398077624e-09,
                2.2934418857492818e-07,
                0.9626728888888019,
                0.03732687457288075
            ],
            [
                5.789356153384271e-12,
                4.508755105734927e-12,
                5.109088873320687e-12,
                2.8453347228047072e-08,
                0.9999999715312455
            ]
        ],
        [
            [
                0.999999996953987,
                2.9989608131456763e-09,
                3.511422099663602e-12,
                3.77513452953633e-11,
                5.7893563061218855e-12
            ],
            [
                0.999999998871389,
                1.1032560305234546e-09,
                2.413362767851763e-12,
                2.020683905688589e-11,
                2.7346982870803e-12
            ],
            [
                3.160369327215416e-10,
                2.2155899485226127e-08,
                0.9998386398728688,
                0.00015843580225354372,
                2.901852941122804e-06
            ],
            [
                1.1528481371203729e-10,
                5.554733396632625e-09,
                1.1156980273652823e-07,
                0.9914223970683613,
                0.008577485691817656
            ],
            [
                5.108982267198431e-12,
                4.2776984791912485e-11,
                7.991792890863015e-11,
                2.1444939736211973e-05,
                0.9999785549324599
            ]
        ],
        [
            [
                0.9999999991188,
                8.592166608525194e-10,
                3.5114221090245437e-12,
                1.573710208735873e-11,
                2.7346982882025585e-12
            ],
            [
                0.9999999918154231,
                8.152020641568007e-09,
                3.0988191110096033e-12,
                2.594609475073307e-11,
                3.51142208197445e-12
            ],
            [
                1.261136739730552e-08,
                5.362494986408765e-07,
                0.0004041735061059001,
                0.7307627136516424,
                0.2688325639813857
            ],
            [
                1.1011285284653769e-09,
                5.3055343666768866e-08,
                8.299260019470949e-07,
                0.9980723826052371,
                0.0019267333122888176
            ],
            [
                2.734698627139973e-12,
                3.0988195189476342e-12,
                3.978963024056842e-12,
                6.825604213837946e-08,
                0.9999999317341455
            ]
        ],
        [
            [
                0.9999999969631506,
                2.9989608134759344e-09,
                3.978962520736657e-12,
                2.9400777281265674e-11,
                4.508755225183623e-12
            ],
            [
                0.9999999976100504,
                2.335593031838149e-09,
                5.7893563114755915e-12,
                4.2777878562191374e-11,
                5.7893563114755915e-12
            ],
            [
                1.9810087975438484e-13,
                1.2256067440974346e-11,
                0.9999999998355737,
                2.0206839085069692e-11,
                1.3176514266735627e-10
            ],
            [
                5.190193796793215e-10,
                3.6386067628340975e-08,
                1.0633567660538426e-06,
                0.9959287659822058,
                0.004070133755941074
            ],
            [
                5.109089006787658e-12,
                2.7346982802038307e-12,
                1.8795288087122025e-12,
                2.3355930290732784e-09,
                0.9999999976546836
            ]
        ],
        [
            [
                0.9999999991047723,
                8.592166607004431e-10,
                3.098819134332754e-12,
                2.940077735120237e-11,
                3.5114221084030423e-12
            ],
            [
                0.9999999917897374,
                8.152020643790777e-09,
                5.78935627853596e-12,
                4.8473686642427545e-11,
                3.9789625013389656e-12
            ],
            [
                7.287724095356337e-14,
                3.5114221131532546e-12,
                0.9999999999848934,
                3.098819138524802e-12,
                8.423463753933082e-12
            ],
            [
                1.4155716600883405e-09,
                3.463792950983662e-07,
                2.1429728157422607e-05,
                0.9992685676820807,
                0.0007096547948951078
            ],
            [
                6.914400040763254e-13,
                7.835041710076083e-13,
                7.835041710076083e-13,
                8.15202063644809e-09,
                0.9999999918457209
            ]
        ],
        [
            [
                0.9999999976363616,
                2.3355930312720593e-09,
                2.7346982827783382e-12,
                2.2897348382660692e-11,
                2.4133627640552955e-12
            ],
            [
                0.9999999965647237,
                3.3982678055471024e-09,
                4.508755223788934e-12,
                2.940077727217115e-11,
                3.0988191260029244e-12
            ],
            [
                2.594609820091188e-11,
                2.061153878087656e-09,
                0.9999994537740642,
                2.3823676909880364e-07,
                3.059020667124326e-07
            ],
            [
                3.8472108983613724e-09,
                2.3801851000575787e-07,
                6.138578279632313e-06,
                0.9990825741955413,
                0.0009110453604583073
            ],
            [
                2.4133627526611698e-12,
                1.658678345737491e-12,
                1.658678345737491e-12,
                5.602796393027979e-09,
                0.9999999943914728
            ]
        ],
        [
            [
                0.999999997295429,
                2.6465736294772906e-09,
                4.508755226226578e-12,
                3.77513453082532e-11,
                1.573710205077921e-11
            ],
            [
                0.9999999961024186,
                3.85074190518228e-09,
                3.978962517666353e-12,
                3.77513452703904e-11,
                5.109089004731445e-12
            ],
            [
                7.551529685966644e-10,
                1.8478001526085067e-07,
                0.9959084060931418,
                0.004070050705831135,
                2.1357665858848242e-05
            ],
            [
                3.3981578264223304e-09,
                5.043313381484832e-07,
                2.1444714184613047e-05,
                0.9999679177906056,
                1.0129765713902004e-05
            ],
            [
                4.508755458030997e-12,
                5.109089272524435e-12,
                6.560200482048057e-12,
                1.4449803152490606e-07,
                0.9999998554857905
            ]
        ],
        [
            [
                0.9999999978891525,
                2.0611536168706033e-09,
                4.5087552301149734e-12,
                3.775134534081033e-11,
                7.433680652271009e-12
            ],
            [
                0.9999999917733883,
                8.152020641225337e-09,
                5.78935627671405e-12,
                6.224144566984666e-11,
                6.560200109211247e-12
            ],
            [
                3.0987839202477946e-12,
                4.058605999377557e-10,
                0.9999890380933032,
                1.012997846882727e-05,
                8.31519268673811e-07
            ],
            [
                1.9169339941858885e-10,
                2.844982298682479e-08,
                6.475149866095374e-07,
                0.9998759293287277,
                0.00012339451476921933
            ],
            [
                1.4637784946842116e-12,
                1.6586783368839021e-12,
                1.0060392659212469e-12,
                1.1861119993806126e-08,
                0.9999999881347515
            ]
        ],
        [
            [
                0.9999999969591034,
                2.9989608128179287e-09,
                3.5114220992798492e-12,
                3.331544528791871e-11,
                5.109089007552802e-12
            ],
            [
                0.9999999960955819,
                3.850741905725929e-09,
                5.109089005452748e-12,
                4.277787850037394e-11,
                5.789356303109511e-12
            ],
            [
                8.517842678055092e-10,
                7.667517627476737e-08,
                7.420427598383658e-05,
                0.9913488699786872,
                0.008576848218368438
            ],
            [
                1.9542519575936288e-08,
                1.7591632282780636e-06,
                0.0003352371720225877,
                0.999327746950207,
                0.0003352371720225877
            ],
            [
                3.978947482766872e-12,
                8.423431887118428e-12,
                2.5945996824415587e-11,
                2.902312196553741e-06,
                0.9999970976494551
            ]
        ],
        [
            [
                0.9999999880852039,
                1.1861120003016651e-08,
                5.789356256332861e-12,
                4.2777878154738644e-11,
                5.109088964172499e-12
            ],
            [
                0.9999999985424681,
                1.4166087837418932e-09,
                4.508755233060614e-12,
                3.3315445353432015e-11,
                3.0988191323752512e-12
            ],
            [
                2.0578618450998895e-09,
                1.123554497662468e-07,
                9.595815639042994e-05,
                0.9984028893135971,
                0.0015010381167008542
            ],
            [
                4.709881876284077e-09,
                2.913897956226114e-07,
                1.5909343779530572e-05,
                0.9525586859717952,
                0.04742510858474782
            ],
            [
                4.508755146824162e-12,
                3.978962451584676e-12,
                5.1090889198808916e-12,
                1.955568067376862e-08,
                0.9999999804307225
            ]
        ],
        [
            [
                0.9999999969563111,
                2.9989608137226236e-09,
                3.97896252106396e-12,
                3.331544529796896e-11,
                7.433680644752066e-12
            ],
            [
                0.9999999865389886,
                1.3440409758665285e-08,
                2.1297851404567757e-12,
                1.573710188150401e-11,
                2.734698252430371e-12
            ],
            [
                1.6032300317330466e-09,
                1.2736033648624008e-07,
                0.9987556895713171,
                0.0011694228031191537,
                7.475866199725669e-05
            ],
            [
                6.348049590842193e-09,
                7.337347701006012e-07,
                2.144287314157915e-05,
                0.9998817167538435,
                9.61002901952609e-05
            ],
            [
                1.879528780219466e-12,
                1.4637784858401625e-12,
                1.4637784858401625e-12,
                1.7257827654473598e-08,
                0.9999999827373652
            ]
        ],
        [
            [
                0.99999999938832,
                5.905303991380299e-10,
                1.6586783567897321e-12,
                1.783247288530587e-11,
                1.6586783567897321e-12
            ],
            [
                0.9999999950042839,
                4.944450474660816e-09,
                4.5087552174206656e-12,
                4.2777878453690526e-11,
                3.978962513885871e-12
            ],
            [
                6.560200157122399e-12,
                5.211412479125229e-10,
                0.9999999983669121,
                8.592166604725852e-10,
                2.4616969476758895e-10
            ],
            [
                1.416233493580568e-09,
                1.4445988144543067e-07,
                2.9015542826915108e-06,
                0.9997357629767618,
                0.00026118959284063313
            ],
            [
                0.0,
                4.5087125858826e-12,
                1.57369532213549e-11,
                1.0129988099170633e-05,
                0.9999898699916551
            ]
        ],
        [
            [
                0.999999999312944,
                6.691586081621352e-10,
                1.8795288138225777e-12,
                1.3887943844891608e-11,
                2.1297851678775807e-12
            ],
            [
                0.9999999955818251,
                4.363462229416808e-09,
                3.5114220944436436e-12,
                4.277787845904043e-11,
                8.423463709051058e-12
            ],
            [
                5.201362660460157e-10,
                4.13195415200078e-08,
                7.324063979464821e-07,
                0.7772992483434852,
                0.2226999774104392
            ],
            [
                2.7890213716315665e-10,
                3.652897124363202e-08,
                1.3707395332223174e-06,
                0.9998401565043727,
                0.00015843594822063275
            ],
            [
                1.658678566138211e-12,
                2.734698633246458e-12,
                3.978963032941725e-12,
                1.8553915944159414e-07,
                0.9999998144524682
            ]
        ],
        [
            [
                0.9999999983720751,
                1.6052280511931822e-09,
                2.129785165658708e-12,
                1.7832472863794502e-11,
                2.7346982847902927e-12
            ],
            [
                0.9999999960334152,
                3.850741905219342e-09,
                9.545034879342806e-12,
                9.056076948403282e-11,
                1.5737102035147114e-11
            ],
            [
                1.7482341069498985e-13,
                1.783247269066466e-11,
                0.9999999878419258,
                2.7894680588490586e-10,
                1.1861120006687677e-08
            ],
            [
                2.6464071813076328e-09,
                2.6994112863514793e-07,
                1.6700666255228355e-05,
                0.9999376296286042,
                4.53971176047464e-05
            ],
            [
                3.098819123021563e-12,
                1.6586783505104864e-12,
                1.6586783505104864e-12,
                2.99896080966298e-09,
                0.9999999969946229
            ]
        ],
        [
            [
                0.9999999985463828,
                1.4166087838457358e-09,
                3.098819132602406e-12,
                2.940077733478529e-11,
                4.508755233391122e-12
            ],
            [
                0.9999999927713005,
                7.194132970384187e-09,
                3.511422084119499e-12,
                2.594609476658296e-11,
                5.109088985494623e-12
            ],
            [
                1.248256242163169e-09,
                5.3077206030110326e-08,
                0.9984821124349111,
                0.0015011568931215977,
                1.667634650490926e-05
            ],
            [
                5.602391172869141e-09,
                7.337691395987495e-07,
                3.535497706860572e-05,
                0.9999285506743321,
                3.535497706860572e-05
            ],
            [
                1.6586783469515894e-12,
                1.4637785035689146e-12,
                1.0060392720276079e-12,
                5.602796397129044e-09,
                0.9999999943930751
            ]
        ],
        [
            [
                0.999999996544638,
                3.3982678057460455e-09,
                5.109089007392502e-12,
                4.847368686658324e-11,
                3.5114220991696763e-12
            ],
            [
                0.9999999935551749,
                6.3488000713776155e-09,
                6.560200122000439e-12,
                7.991959836727655e-11,
                9.545034855687915e-12
            ],
            [
                3.9008376096807595e-14,
                2.4133627715239024e-12,
                0.9999999998947311,
                1.225606744252867e-11,
                9.056076988512184e-11
            ],
            [
                3.579767457694668e-10,
                2.2147237023332812e-08,
                3.925691693571117e-07,
                0.9994468066385747,
                0.0005527782870421488
            ],
            [
                5.789147219309507e-12,
                2.594515781935742e-11,
                3.774998187807934e-11,
                3.535625746882311e-05,
                0.9999646436730469
            ]
        ],
        [
            [
                0.9999999943611926,
                5.602796402195019e-09,
                3.5114220912265807e-12,
                2.9400777207385624e-11,
                3.09881911917458e-12
            ],
            [
                0.9999999979120007,
                2.061153616917697e-09,
                2.1297851652510924e-12,
                2.0206839036097553e-11,
                4.5087552302179905e-12
            ],
            [
                1.0833833152198735e-09,
                8.606379673466371e-08,
                2.7040441122757763e-05,
                0.9819871491156745,
                0.0179857232960227
            ],
            [
                1.24899684661447e-09,
                1.635864603564443e-07,
                1.2995282163638293e-05,
                0.9990758007021532,
                0.0009110391802259832
            ],
            [
                1.4637785688821666e-12,
                2.12978525062567e-12,
                3.5114222447299456e-12,
                3.927863692412495e-07,
                0.9999996072065258
            ]
        ],
        [
            [
                0.9999999927805122,
                7.1941329735734124e-09,
                2.4133627527950486e-12,
                1.7832472767472315e-11,
                5.109088987759529e-12
            ],
            [
                0.99999999560615,
                4.363462231497323e-09,
                3.978962516280674e-12,
                2.2897348343915262e-11,
                3.511422096117903e-12
            ],
            [
                1.6918753722259803e-10,
                1.1860962060910835e-08,
                0.9999869557295451,
                1.0129958580111139e-05,
                2.902281725196882e-06
            ],
            [
                4.845279747028122e-11,
                4.942319705583101e-09,
                1.1248667801774127e-07,
                0.9995693254038952,
                0.0004305571186542871
            ],
            [
                2.4133399374282936e-12,
                9.544944611017246e-12,
                2.0206647900090568e-11,
                1.0129988090470156e-05,
                0.9999898699797446
            ]
        ],
        [
            [
                0.999999996530317,
                3.398267805430179e-09,
                5.109089006917615e-12,
                4.847368686207765e-11,
                1.783247283434061e-11
            ],
            [
                0.9999999865335498,
                1.3440409759949137e-08,
                3.0988190946420335e-12,
                2.020683880278582e-11,
                2.7346982526915947e-12
            ],
            [
                8.890892334606271e-09,
                1.1644770948136145e-06,
                0.9624834583843199,
                0.03731953331179934,
                0.00019583493589351425
            ],
            [
                2.0126190517761485e-10,
                5.881735031262614e-09,
                8.119484758185441e-08,
                0.8175743978510052,
                0.1824255148711503
            ],
            [
                2.7346985083181836e-12,
                2.1297853397424043e-12,
                3.0988193843049074e-12,
                1.1253518363773217e-07,
                0.9999998874568531
            ]
        ],
        [
            [
                0.999999999108591,
                8.592166607563391e-10,
                3.5114221086314766e-12,
                2.5946094947703334e-11,
                2.7346982878964375e-12
            ],
            [
                0.9999999918208503,
                8.152020639856598e-09,
                2.41336274974426e-12,
                2.0206838905273623e-11,
                4.508755201027226e-12
            ],
            [
                2.427075393514041e-10,
                2.184783643742191e-08,
                8.198340139505006e-07,
                0.9859355444783746,
                0.014063613597067471
            ],
            [
                2.33343333788224e-09,
                2.6970822285100607e-07,
                1.2995269928258468e-05,
                0.9990756934971212,
                0.0009110391912943081
            ],
            [
                3.0988190204976755e-12,
                3.0988190204976755e-12,
                5.109088833144654e-12,
                3.6534820743357476e-08,
                0.9999999634538727
            ]
        ],
        [
            [
                0.9999999943646471,
                5.6027964026549125e-09,
                3.5114220915148083e-12,
                2.5946094821227312e-11,
                3.09881911942894e-12
            ],
            [
                0.9999999976240688,
                2.335593030673372e-09,
                3.511422101159617e-12,
                3.3315445305753453e-11,
                3.511422101159617e-12
            ],
            [
                7.991960287238272e-11,
                3.850742112744451e-09,
                0.9999993791869515,
                5.043472064667363e-07,
                1.1253518027119602e-07
            ],
            [
                4.596495248756379e-10,
                6.020220729434179e-08,
                3.7245786773374435e-06,
                0.9994434382716361,
                0.0005527764878297464
            ],
            [
                1.225606738485135e-11,
                1.879528807453088e-12,
                2.1297851606600034e-12,
                1.8189616787598432e-09,
                0.9999999981647729
            ]
        ],
        [
            [
                0.9999999990030353,
                9.736200297553395e-10,
                2.4133627680020126e-12,
                1.7832472879837428e-11,
                3.0988191338024657e-12
            ],
            [
                0.9999999983690957,
                1.6052280516197026e-09,
                2.734698285516921e-12,
                2.0206839045334e-11,
                2.734698285516921e-12
            ],
            [
                1.1011034429068068e-09,
                9.911817319559863e-08,
                2.42534404516029e-05,
                0.8807756206903342,
                0.11920002564993754
            ],
            [
                9.735773545883912e-10,
                1.4449155302724374e-07,
                1.6700952776876163e-05,
                0.9999556183660085,
                2.7535216084194107e-05
            ],
            [
                1.879528905811444e-12,
                4.508755456448087e-12,
                5.789356603708883e-12,
                1.4449803147417644e-07,
                0.9999998554897909
            ]
        ],
        [
            [
                0.9999999956048085,
                4.363462230456827e-09,
                3.0988191227522233e-12,
                2.0206838986087282e-11,
                8.423463711058768e-12
            ],
            [
                0.9999999981335186,
                1.8189616833214374e-09,
                3.978962526580634e-12,
                3.775134535496674e-11,
                5.7893563152623694e-12
            ],
            [
                1.1029930094226725e-09,
                3.652611201430997e-08,
                0.9997611934385681,
                0.00020341986091899976,
                3.534907140803568e-05
            ],
            [
                3.3942386559847837e-09,
                2.379542736498934e-07,
                1.668188247388238e-05,
                0.9988135865194633,
                0.0011694902495505094
            ],
            [
                3.5114223930532917e-12,
                4.508755601406919e-12,
                5.109089434990639e-12,
                1.1253518368242968e-07,
                0.999999887451687
            ]
        ],
        [
            [
                0.999999997305457,
                2.6465736300068335e-09,
                5.109089010877875e-12,
                3.775134531580672e-11,
                5.109089010877875e-12
            ],
            [
                0.9999999956158221,
                4.363462230893659e-09,
                1.879528807041192e-12,
                1.573710202733803e-11,
                3.09881912306245e-12
            ],
            [
                2.057108318159559e-09,
                7.719242014824985e-08,
                0.9980379663173438,
                0.0019266662926992674,
                3.528814042858198e-05
            ],
            [
                1.1617635841741896e-10,
                7.187576781971248e-09,
                1.443663388425299e-07,
                0.9990887973921662,
                0.0009110509377419039
            ],
            [
                1.1399918481977709e-12,
                6.914400077544182e-13,
                4.752193042567582e-13,
                2.998960812107464e-09,
                0.9999999969987325
            ]
        ],
        [
            [
                0.9999999988561439,
                1.1032560303433346e-09,
                5.109089018800472e-12,
                2.5946094935724017e-11,
                9.545034905535341e-12
            ],
            [
                0.9999999965813806,
                3.398267806106709e-09,
                1.8795288091341895e-12,
                1.5737102044862483e-11,
                2.7346982808178176e-12
            ],
            [
                1.9312080244159275e-08,
                1.5341485560164087e-06,
                0.0014847111796599836,
