{
    "[['E', 'D', 'C', 'B', 'A'], ['E', 'D', 'C', 'B', 'A']]": [
        [
            [
                0.9999999935035968,
                6.348800071879468e-09,
                2.2897348297174507e-11,
                1.1628232949331393e-10,
                8.423463695872434e-12
            ],
            [
                0.006692850955981292,
                0.9933069610155636,
                1.6264176379162333e-07,
                2.2011169168841604e-08,
                3.375522118105816e-09
            ],
            [
                1.6586753185314679e-12,
                1.9171679995536482e-10,
                0.9999977351179066,
                4.363454254650753e-09,
                2.260325263762731e-06
            ],
            [
                0.0,
                4.752192972108586e-13,
                7.835041635587087e-13,
                1.7257827658714543e-08,
                0.9999999827409137
            ],
            [
                1.13999184955331e-12,
                0.0,
                0.0,
                6.224144603847321e-11,
                0.9999999999366185
            ]
        ],
        [
            [
                0.9999999949461724,
                4.944450474030396e-09,
                2.28973483272147e-11,
                7.99195984784445e-11,
                6.560200131125661e-12
            ],
            [
                0.7772998458513215,
                0.22270014113070677,
                5.592002659601322e-09,
                7.180273545113545e-09,
                2.45695449676821e-10
            ],
            [
                3.037975384673423e-14,
                3.0988191379367047e-12,
                0.9999999997894164,
                1.573710210287573e-11,
                1.917171513272575e-10
            ],
            [
                0.0,
                4.75219280552148e-13,
                8.878264997853997e-13,
                5.315784966665907e-08,
                0.9999999468407872
            ],
            [
                2.0206838998625e-11,
                0.0,
                0.0,
                1.4930946694289978e-10,
                0.9999999998304836
            ]
        ],
        [
            [
                0.9999999941092945,
                5.602796400783685e-09,
                5.492788314922739e-11,
                2.1724399208281067e-10,
                1.5737102003629652e-11
            ],
            [
                0.0011695070344176618,
                0.998827668413442,
                1.9923953351642912e-06,
                7.32961282492828e-07,
                9.919552276763775e-08
            ],
            [
                2.8303212872578703e-11,
                1.7510577751732561e-09,
                0.9626696611225944,
                3.5875363842361988e-06,
                0.03732674956166041
            ],
            [
                0.0,
                2.413339936979148e-12,
                2.1297650192678004e-12,
                1.0129988088584867e-05,
                0.9999898700073684
            ],
            [
                8.42346372143682e-12,
                0.0,
                0.0,
                6.22414459850038e-11,
                0.9999999999293352
            ]
        ],
        [
            [
                0.9999999906367997,
                9.23744956847415e-09,
                2.9400777095266035e-11,
                9.056076898012178e-11,
                5.789356270133934e-12
            ],
            [
                0.9999999465911436,
                5.315784967744135e-08,
                4.847368444851672e-11,
                1.9171714103652564e-10,
                1.081594097398199e-11
            ],
            [
                1.5428111881576357e-13,
                1.3887943729629998e-11,
                0.9999999902886026,
                4.599055333835843e-10,
                9.2374495719543e-09
            ],
            [
                0.0,
                0.0,
                2.5436656341053884e-13,
                3.398267801764664e-09,
                0.9999999966014779
            ],
            [
                3.33154452051671e-11,
                0.0,
                0.0,
                1.1628232954656086e-10,
                0.9999999998504023
            ]
        ],
        [
            [
                0.9999999863674205,
                1.3440409761726247e-08,
                3.3315444952166706e-11,
                1.4930946551557498e-10,
                9.545034788327367e-12
            ],
            [
                0.9999994953637646,
                5.043472049214543e-07,
                6.224144910906423e-11,
                2.1724400356004197e-10,
                9.545035364500847e-12
            ],
            [
                2.5436657668665706e-13,
                2.2897349532067063e-11,
                0.9999998534176632,
                2.0611537192620226e-09,
                1.444980313987734e-07
            ],
            [
                2.1278442949563312e-12,
                1.3875287763636591e-11,
                1.080608497566126e-11,
                0.0009110514007550156,
                0.9990889485724358
            ],
            [
                2.7346982841282594e-12,
                0.0,
                0.0,
                7.991959871142052e-11,
                0.9999999999173457
            ]
        ],
        [
            [
                0.9999999943148696,
                5.6027964008706235e-09,
                2.2897348306607335e-11,
                5.4927883150079706e-11,
                4.508755212787966e-12
            ],
            [
                3.5114221011507973e-12,
                0.0,
                0.0,
                7.991959865128334e-11,
                0.999999999916569
            ],
            [
                3.774148510341275e-11,
                9.733657297966932e-10,
                0.0002034150307627388,
                5.8279382066987804e-05,
                0.999738304576063
            ],
            [
                1.658520254825055e-12,
                1.7830773128998883e-11,
                1.3175258293747795e-10,
                9.610239911387988e-05,
                0.9999038974496443
            ],
            [
                1.0815941519303322e-11,
                0.0,
                0.0,
                1.026187959566522e-10,
                0.9999999998865652
            ]
        ],
        [
            [
                0.9999999975458531,
                2.3355930319932967e-09,
                1.5737102061004163e-11,
                9.056076963282986e-11,
                1.2256067408384661e-11
            ],
            [
                0.37754062485030626,
                0.6224592586729059,
                6.181763475508053e-08,
                4.8143622354878816e-08,
                6.515530767434043e-09
            ],
            [
                1.2917628338372446e-12,
                9.544908045737032e-12,
                9.055956612028606e-11,
                1.3007124754935738e-05,
                0.9999869927738488
            ],
            [
                5.384940207415758e-13,
                0.0,
                0.0,
                6.69158607844594e-10,
                0.9999999993303028
            ],
            [
                3.331544514554722e-11,
                0.0,
                0.0,
                1.0261879546651897e-10,
                0.9999999998640658
            ]
        ],
        [
            [
                0.9999999926206135,
                7.194132971782099e-09,
                3.7751345135584014e-11,
                1.31765141628697e-10,
                1.5737101978799987e-11
            ],
            [
                3.107320697993886e-05,
                0.11893666843065769,
                0.0021784010270049004,
                0.8788296574974289,
                2.419983792851623e-05
            ],
            [
                4.1937957450548714e-13,
                4.847368806453312e-11,
                0.9999993502953399,
                2.0611536650374772e-09,
                6.475946133737589e-07
            ],
            [
                0.0,
                1.801974792263362e-10,
                1.1750351679743812e-09,
                0.06008665430038449,
                0.9399133443443829
            ],
            [
                2.0206838970211906e-11,
                0.0,
                0.0,
                3.160881435540929e-10,
                0.999999999663705
            ]
        ],
        [
            [
                0.999999967586152,
                3.224186630844455e-08,
                2.940077642249034e-11,
                1.3176513835212805e-10,
                1.0815941200312266e-11
            ],
            [
                0.0031726801639751887,
                0.9968264057213515,
                8.288898396029888e-07,
                7.709869151550379e-08,
                8.12614230046849e-09
            ],
            [
                2.8823346371356565e-13,
                5.492757562480014e-11,
                0.9999938439116767,
                1.1861053666750941e-08,
                6.144172053914573e-06
            ],
            [
                0.0,
                1.0060374932868097e-12,
                3.5114158796361814e-12,
                1.3709566525545213e-06,
                0.99999862903883
            ],
            [
                3.5114220993183127e-12,
                0.0,
                0.0,
                1.4930946702194658e-10,
                0.9999999998471791
            ]
        ],
        [
            [
                0.9999999863636144,
                1.3440409757665136e-08,
                4.84736863649412e-11,
                1.3176514080424265e-10,
                1.5737101880332953e-11
            ],
            [
                0.9999997615513446,
                2.3823698435773734e-07,
                5.492788756914251e-11,
                1.4930947865484156e-10,
                7.433681221758719e-12
            ],
            [
                1.7830332090476107e-11,
                4.058164878619793e-10,
                4.539447942632757e-05,
                7.484284380254562e-05,
                0.9998797622531244
            ],
            [
                0.0,
                1.1399897674261466e-12,
                2.1297812745079977e-12,
                2.2603252717022306e-06,
                0.9999977396714586
            ],
            [
                1.225606736502803e-11,
                0.0,
                0.0,
                9.056076931246527e-11,
                0.9999999998971831
            ]
        ],
        [
            [
                0.9999999965084354,
                3.3982678056230193e-09,
                2.5946094876850245e-11,
                6.224144597500233e-11,
                5.109089007207539e-12
            ],
            [
                0.008577485864575966,
                0.9914224189404528,
                7.668073095401358e-08,
                1.7109783778067713e-08,
                1.404456577877894e-09
            ],
            [
                6.914400402510581e-13,
                5.7893565762086994e-12,
                5.602796677040425e-09,
                1.4449803078779234e-07,
                0.9999998498926918
            ],
            [
                2.4129808280871012e-12,
                1.573461152078036e-11,
                3.3310172850886e-11,
                0.0001584362467011693,
                0.9998415637018411
            ],
            [
                1.4930946663416517e-10,
                0.0,
                0.0,
                1.026187956396601e-10,
                0.9999999997480717
            ]
        ],
        [
            [
                0.9999999948729612,
                4.9444504732796335e-09,
                4.84736867817395e-11,
                1.1628232962821438e-10,
                1.7832472804785858e-11
            ],
            [
                0.9999251531093764,
                7.48461970372484e-05,
                2.1722785233560019e-10,
                4.058350569676688e-10,
                7.052355823970786e-11
            ],
            [
                7.835042755485757e-13,
                2.7346986303022133e-12,
                7.991960882810638e-11,
                6.825604221730663e-08,
                0.99999993166052
            ],
            [
                3.701011616980326e-13,
                4.752192983659334e-13,
                0.0,
                1.5229979491172553e-08,
                0.9999999847691752
            ],
            [
                1.7832472827e-11,
                0.0,
                0.0,
                1.6918979149161753e-10,
                0.9999999998129778
            ]
        ],
        [
            [
                0.9999999986917145,
                1.2501528641762337e-09,
                1.2256067422428415e-11,
                4.2777878614050525e-11,
                3.098819133242522e-12
            ],
            [
                0.6224592874382868,
                0.37754065363984324,
                2.9200580014650275e-08,
                2.5769421416602507e-08,
                3.951868766956067e-09
            ],
            [
                8.877859807019237e-13,
                7.052557586370778e-11,
                0.9999545928359513,
                9.237027578454474e-09,
                4.5397855607793734e-05
            ],
            [
                0.0,
                0.0,
                0.0,
                3.9278636940207894e-07,
                0.9999996072136306
            ],
            [
                5.109089004633987e-12,
                0.0,
                0.0,
                2.1724399251166089e-10,
                0.999999999777647
            ]
        ],
        [
            [
                0.999999994958765,
                4.944450475449626e-09,
                1.7832472812612072e-11,
                7.052879813327604e-11,
                8.423463709341431e-12
            ],
            [
                7.4017713102855165e-06,
                0.2687991436494342,
                0.0005189044772363275,
                0.7306718271425258,
                2.72295949330665e-06
            ],
            [
                2.73468803295159e-12,
                3.3315320445840806e-11,
                8.764215342226384e-08,
                2.902312289070688e-06,
                0.9999970100095075
            ],
            [
                0.0,
                3.0986775690712937e-12,
                3.978780756807726e-12,
                4.5397855665255263e-05,
                0.9999546021372573
            ],
            [
                2.020683898551233e-11,
                0.0,
                0.0,
                2.172439923821648e-10,
                0.9999999997625493
            ]
        ],
        [
            [
                0.9999999917577346,
                8.152020643970427e-09,
                1.5737101970766387e-11,
                7.052879790117934e-11,
                3.978962501426652e-12
            ],
            [
                0.022977281108378454,
                0.977018911891339,
                2.83562106084866e-06,
                6.327125814274219e-07,
                3.386666401767798e-07
            ],
            [
                1.7482343469552011e-13,
                1.3887945602187355e-11,
                0.9999999315381778,
                1.9171717535745958e-10,
                6.82560423013998e-08
            ],
            [
                0.0,
                0.0,
                1.658634189041397e-12,
                2.753568980615829e-05,
                0.9999724643085353
            ],
            [
                3.978962525010159e-12,
                0.0,
                0.0,
                7.0528798319207e-11,
                0.9999999999254923
            ]
        ],
        [
            [
                0.9999999934920571,
                6.348800068544733e-09,
                3.331544517241252e-11,
                1.1628232943223614e-10,
                9.54503485142885e-12
            ],
            [
                0.0024726183952290507,
                0.99752541890377,
                1.3675665790587996e-06,
                5.700865661912797e-07,
                2.504785561834252e-08
            ],
            [
                2.732753672196561e-12,
                5.901104790304872e-10,
                0.999289825341106,
                5.03989506116111e-07,
                0.0007096700765446334
            ],
            [
                0.0,
                1.0060393250155462e-12,
                1.0060393250155462e-12,
                5.043472045111667e-07,
                0.9999994956507834
            ],
            [
                1.291780001195325e-12,
                0.0,
                0.0,
                1.3176514233469625e-10,
                0.9999999998669431
            ]
        ],
        [
            [
                0.9999999774587472,
                2.215948924941573e-08,
                9.056076775546376e-11,
                2.7894680269133223e-10,
                1.225606715431079e-11
            ],
            [
                9.652587032930265e-10,
                1.4325709350697475e-07,
                1.0043097611894484e-05,
                0.9914124130236126,
                0.008577399656423231
            ],
            [
                3.33010903436299e-11,
                2.645433273813319e-09,
                0.9995687932645925,
                6.473161794454435e-07,
                0.000430556740493768
            ],
            [
                0.0,
                0.0,
                1.0060393557977788e-12,
                8.315279893383392e-07,
                0.9999991684710046
            ],
            [
                2.1297851634951124e-12,
                0.0,
                0.0,
                1.0261879595754357e-10,
                0.9999999998952513
            ]
        ],
        [
            [
                0.9999999949661849,
                4.944450475042415e-09,
                1.57371020212581e-11,
                7.052879812746749e-11,
                3.09881912186524e-12
            ],
            [
                1.0060392768483652e-12,
                0.0,
                0.0,
                3.5817479216141524e-10,
                0.9999999996408191
            ],
            [
                1.302049501329557e-10,
                9.128071718650789e-09,
                0.6791518146712058,
                3.959093366586293e-05,
                0.3208085851368517
            ],
            [
                8.87823198620502e-13,
                3.51140886693284e-12,
                1.0815900755366707e-11,
                3.7266391137001184e-06,
                0.9999962733456712
            ],
            [
                1.8795288107663566e-12,
                0.0,
                0.0,
                7.052879829450162e-11,
                0.9999999999275917
            ]
        ],
        [
            [
                0.999999996947363,
                2.9989608139315914e-09,
                5.789356307639058e-12,
                4.2777878533843015e-11,
                5.109089009450059e-12
            ],
            [
                0.0015011812551316344,
                0.9984979434907915,
                7.327194261909831e-07,
                1.273275441319545e-07,
                1.5207106537791064e-08
            ],
            [
                2.1295821784607116e-12,
                3.5814065493969733e-10,
                0.9999037847139284,
                1.1252444885065448e-07,
                9.610240135253197e-05
            ],
            [
                1.13985057341684e-12,
                1.2254548544961144e-11,
                3.7746666904073254e-11,
                0.0001233946275405645,
                0.9998766053213184
            ],
            [
                3.978962520329238e-12,
                0.0,
                0.0,
                4.277787852296325e-11,
                0.9999999999532432
            ]
        ],
        [
            [
                0.9999999972079472,
                2.6465736295129632e-09,
                3.3315445303383995e-11,
                1.0261879595269047e-10,
                9.545034888952806e-12
            ],
            [
                0.002472620525058733,
                0.997526516582022,
                6.45993267511964e-07,
                2.097233081946416e-07,
                7.176343816409765e-09
            ],
            [
                6.914400954533521e-13,
                7.991960872638603e-11,
                0.9999996906187627,
                3.3982682360675934e-09,
                3.0590235800048925e-07
            ],
            [
                4.752166476729789e-13,
                2.1297732559186845e-12,
                3.978940275617344e-12,
                6.144172120123074e-06,
                0.999993855821296
            ],
            [
                3.5114220995949444e-12,
                0.0,
                0.0,
                7.052879823431142e-11,
                0.9999999999259597
            ]
        ],
        [
            [
                0.9999999942761879,
                5.602796403696937e-09,
                2.5946094826052844e-11,
                9.056076934975067e-11,
                4.508755215062394e-12
            ],
            [
                6.101855568349604e-13,
                2.734661940945388e-12,
                5.789279374411435e-12,
                1.3007124756135802e-05,
                0.9999869928661097
            ],
            [
                3.900837606958154e-14,
                5.109089023842603e-12,
                0.9999999992032804,
                3.3315445394141553e-11,
                7.582560421647799e-10
            ],
            [
                6.914399963071842e-13,
                5.384940105709243e-13,
                0.0,
                1.95556806809542e-08,
                0.9999999804430895
            ],
            [
                1.7832472837330193e-11,
                0.0,
                0.0,
                1.0261879590949984e-10,
                0.9999999998795488
            ]
        ],
        [
            [
                0.9999999583862968,
                4.139937544603047e-08,
                2.940077615584792e-11,
                1.6918978514308794e-10,
                1.5737101444746225e-11
            ],
            [
                0.9999999747433959,
                2.510999091305543e-08,
                2.2897347868853028e-11,
                1.1628232731811798e-10,
                7.433680481585587e-12
            ],
            [
                5.482196308814295e-11,
                2.3310891878753415e-09,
                0.7772987946519595,
                1.3683153915085655e-06,
                0.2226998346467378
            ],
            [
                0.0,
                7.835042358279645e-13,
                1.4637786212166173e-12,
                2.382369841797077e-07,
                0.9999997617607685
            ],
            [
                1.9171715048516312e-10,
                0.0,
                0.0,
                9.056076947600687e-11,
                0.999999999717722
            ]
        ],
        [
            [
                0.9999999978735257,
                2.061153617107632e-09,
                8.42346373268237e-12,
                4.847368693733119e-11,
                8.42346373268237e-12
            ],
            [
                0.9998415625734749,
                0.00015843624803947717,
                3.581181072672766e-10,
                7.581360390341241e-10,
                6.223159572084416e-11
            ],
            [
                7.41936018466137e-12,
                6.678695199085264e-10,
                0.9980730271940691,
                2.3777779243510744e-07,
                0.0019267343528496885
            ],
            [
                0.0,
                1.2917800635051537e-12,
                2.413362881535043e-12,
                5.043472045103128e-07,
                0.9999994956490904
            ],
            [
                8.42346371376823e-12,
                0.0,
                0.0,
                4.5990553564306415e-10,
                0.9999999995316711
            ]
        ],
        [
            [
                0.999999987906414,
                1.186112000244536e-08,
                3.331544500343896e-11,
                1.917171489691116e-10,
                7.433680579033543e-12
            ],
            [
                0.022977265643192652,
                0.9770181578434481,
                3.213176689827055e-06,
                1.1820616450386818e-06,
                1.8127502438356865e-07
            ],
            [
                9.038545219576198e-11,
                3.843287224428749e-09,
                0.8807892021366247,
                8.922478110795033e-06,
                0.11920187145159188
            ],
            [
                0.0,
                0.0,
                0.0,
                1.4166087826296352e-09,
                0.9999999985833912
            ],
            [
                8.423463726786355e-12,
                0.0,
                0.0,
                2.7894680837018087e-10,
                0.9999999997126297
            ]
        ],
        [
            [
                0.9999999926454534,
                7.194132970411444e-09,
                3.3315445144207535e-11,
                1.1628232933379106e-10,
                1.0815941467208728e-11
            ],
            [
                6.914400085864241e-13,
                0.0,
                0.0,
                4.8473686914948654e-11,
                0.9999999999508349
            ],
            [
                3.0928494938578994e-12,
                2.1682548909315288e-10,
                0.9980731531049846,
                1.123183840652389e-07,
                0.0019267343567129698
            ],
            [
                1.875908030722656e-12,
                3.325126545741497e-11,
                6.212154227032121e-11,
                0.0019267343298789658,
                0.9980732655728723
            ],
            [
                9.545034892866632e-12,
                0.0,
                0.0,
                1.317651422871764e-10,
                0.9999999998586899
            ]
        ],
        [
            [
                0.9999999948994422,
                4.9444504697148366e-09,
                3.775134519675917e-11,
                1.0261879564823512e-10,
                1.5737102004301584e-11
            ],
            [
                0.017986202499263103,
                0.982013413124809,
                3.004001714746208e-07,
                6.702833836974791e-08,
                1.6947417980870847e-08
            ],
            [
                2.8871790634266544e-11,
                1.7862344356773608e-09,
                0.9820078652992009,
                6.03366401872553e-06,
                0.017986099221674084
            ],
            [
                1.4636697557353931e-12,
                1.2255156821244721e-11,
                1.1627369055311717e-10,
                7.484619703586541e-05,
                0.9999251536729716
            ],
            [
                3.098819127933949e-12,
                0.0,
                0.0,
                7.991959865131631e-11,
                0.9999999999169815
            ]
        ],
        [
            [
                0.9999999941345878,
                5.6027963976702055e-09,
                7.052879800926935e-11,
                1.6918979105763208e-10,
                2.289734829352796e-11
            ],
            [
                2.2897348350382893e-11,
                0.0,
                0.0,
                2.4616969404115015e-10,
                0.999999999730933
            ],
            [
                0.0,
                1.2917800626633312e-12,
                9.545035350499504e-12,
                5.043472041816417e-07,
                0.999999495641959
            ],
            [
                0.0,
                7.835042406040446e-13,
                1.4637786301395097e-12,
                1.1253518363837543e-07,
                0.9999998874625691
            ],
            [
                3.51142210271658e-12,
                0.0,
                0.0,
                3.3315445320525503e-11,
                0.9999999999631732
            ]
        ],
        [
            [
                0.9999999942543201,
                5.602796402036772e-09,
                4.277787841864035e-11,
                9.05607693229166e-11,
                9.54503486236128e-12
            ],
            [
                0.07585817698115523,
                0.9241417339639348,
                6.307825262393485e-08,
                2.3205192325364215e-08,
                2.77146499861835e-09
            ],
            [
                2.5660989578707358e-11,
                1.5875892084311451e-09,
                0.9890120103487477,
                1.0559716786994977e-06,
                0.010986932066323217
            ],
            [
                0.0,
                0.0,
                2.8823507680807114e-13,
                7.194132967019536e-09,
                0.9999999928055788
            ],
            [
                1.5737102015780906e-11,
                0.0,
                0.0,
                1.6918979128228932e-10,
                0.999999999815073
            ]
        ],
        [
            [
                0.9999999917577612,
                8.152020643530108e-09,
                1.2256067337445416e-11,
                7.052879789736982e-11,
                7.433680607663226e-12
            ],
            [
                0.00010798438481652117,
                0.9915120108752484,
                0.005202976552791206,
                0.0031557648010338136,
                2.1263386110115522e-05
            ],
            [
                8.878181201424421e-13,
                1.0261782220693691e-10,
                0.9999898376671551,
                3.224156131627748e-08,
                1.0129987777889142e-05
            ],
            [
                0.0,
                5.108709424547974e-12,
                1.3886911995626222e-11,
                7.484619704417311e-05,
                0.9999251537839602
            ],
            [
                1.3887943813702196e-11,
                0.0,
                0.0,
                2.789468082572712e-10,
                0.9999999997071654
            ]
        ],
        [
            [
                0.9999999941962547,
                5.602796401270906e-09,
                3.7751345198430153e-11,
                1.493094666532506e-10,
                1.3887943775068698e-11
            ],
            [
                0.9999997614696423,
                2.3823698436250886e-07,
                6.224145083044899e-11,
                2.1724400956826512e-10,
                1.3887944891668704e-11
            ],
            [
                1.799203048209988e-10,
                1.6195909702701758e-08,
                0.7308793110602199,
                0.00024518265021924475,
                0.2688754899137309
            ],
            [
                1.232048774137719e-09,
                9.787375693806065e-08,
                0.00042450433642435644,
                0.9855177433237453,
                0.014057653234024577
            ],
            [
                2.0206839010892613e-11,
                0.0,
                0.0,
                5.4927883293906736e-11,
                0.9999999999248652
            ]
        ],
        [
            [
                0.9999999985587911,
                1.4166087841537938e-09,
                5.109089019085138e-12,
                1.783247287680944e-11,
                1.6586783559994408e-12
            ],
            [
                0.0,
                0.0,
                0.0,
                5.4927883378240585e-11,
                0.9999999999450722
            ],
            [
                8.87819807235086e-13,
                1.0261801720833308e-10,
                0.9999920954017005,
                1.5229864114731282e-08,
                7.889264929386968e-06
            ],
            [
                1.0060393248215986e-12,
                1.6586784339941649e-12,
                3.5114222723207326e-12,
                5.04347204413937e-07,
                0.9999994956466194
            ],
            [
                1.2256067394680716e-11,
                0.0,
                0.0,
                1.69189791579308e-10,
                0.999999999818554
            ]
        ],
        [
            [
                0.9999999978536633,
                2.061153616243651e-09,
                1.783247285454994e-11,
                6.224144604200784e-11,
                5.1090890127076856e-12
            ],
            [
                0.017985722001106565,
                0.9819870777550916,
                2.105911513587692e-05,
                5.324578158960739e-06,
                8.165505070306544e-07
            ],
            [
                1.6586754140549902e-12,
                8.423448799239416e-12,
                3.5817415711578957e-10,
                1.3709566523488702e-06,
                0.9999986286750914
            ],
            [
                0.0,
                1.6586626647590305e-12,
                5.789301550746573e-12,
                1.012998808855544e-05,
                0.9999898700044635
            ],
            [
                5.789356310926766e-12,
                0.0,
                0.0,
                7.052879829422587e-11,
                0.9999999999236819
            ]
        ],
        [
            [
                0.999999997266275,
                2.6465736305999604e-09,
                1.388794382136157e-11,
                7.052879828969008e-11,
                2.7346982830060427e-12
            ],
            [
                7.380149537449532e-05,
                0.6776452852382514,
                0.002156795844303749,
                0.32009696736919446,
                2.7150052875986124e-05
            ],
            [
                1.3692623481714401e-11,
                1.5826520884341282e-09,
                0.9859350386186205,
                1.3516765950976134e-06,
                0.014063608108439733
            ],
            [
                0.0,
                3.0986361359339536e-12,
                5.108787307474363e-12,
                5.8291276692300726e-05,
                0.9999417087151002
            ],
            [
                1.0815941508716053e-11,
                0.0,
                0.0,
                1.1628232978003685e-10,
                0.9999999998729017
            ]
        ],
        [
            [
                0.9999999905398721,
                9.237449571663292e-09,
                3.775134507372567e-11,
                1.691897906074771e-10,
                1.573710195301359e-11
            ],
            [
                0.0011695103499876113,
                0.9988303736352129,
                8.753990602204928e-08,
                2.508060299200736e-08,
                3.394290509668352e-09
            ],
            [
                1.1674807405464361e-11,
                8.184671872282441e-10,
                0.9525736669085432,
                4.804283146068192e-07,
                0.04742585183300025
            ],
            [
                5.0824189291585656e-12,
                7.950240839005728e-11,
                2.448846578526167e-10,
                0.005220125688629483,
                0.9947798739819009
            ],
            [
                6.560200147842862e-12,
                0.0,
                0.0,
                9.056076961634511e-11,
                0.999999999902879
            ]
        ],
        [
            [
                0.9999999878917115,
                1.1861119997534694e-08,
                6.224144542196155e-11,
                1.6918979006754354e-10,
                1.5737101902791947e-11
            ],
            [
                0.0024701292113893797,
                0.9965210292188051,
                0.0007077038679275358,
                0.00029501486371856495,
                6.122838159378581e-06
            ],
            [
                8.878249231306862e-13,
                5.109079678472429e-12,
                3.58174137571393e-10,
                1.0677030743857408e-06,
                0.9999989319327546
            ],
            [
                0.0,
                0.0,
                1.0060393179899531e-12,
                3.927863696602758e-07,
                0.9999996072126243
            ],
            [
                2.94007772373164e-11,
                0.0,
                0.0,
                3.160881437592821e-10,
                0.999999999654511
            ]
        ],
        [
            [
                0.9999999878376765,
                1.1861119999148081e-08,
                4.27778781407864e-11,
                2.461696920228165e-10,
                1.2256067286835974e-11
            ],
            [
                2.4296567195185536e-05,
                0.9998247154218337,
                0.0001233881493821553,
                2.753161753205869e-05,
                6.824405688473615e-08
            ],
            [
                2.2447770466566126e-13,
                3.3315445297525985e-11,
                0.9999999963764752,
                1.9171715066146556e-10,
                3.398267806832637e-09
            ],
            [
                6.914387613722872e-13,
                2.7346933504285687e-12,
                3.978955346487051e-12,
                1.7603431314913661e-06,
                0.9999982396494633
            ],
            [
                2.789468080217142e-10,
                0.0,
                0.0,
                4.0586521080674577e-10,
                0.999999999315188
            ]
        ],
        [
            [
                0.999999996490077,
                3.398267804258791e-09,
                2.594609486643423e-11,
                7.991959857121635e-11,
                5.7893563027738235e-12
            ],
            [
                0.0004370505507920289,
                0.5431000623508249,
                0.1997953641788486,
                0.2565423058999703,
                0.00012521701956416241
            ],
            [
                5.485250531013154e-11,
                1.6030251812949804e-09,
                0.0011692728085146381,
                0.00020318914690496586,
                0.9986275363867028
            ],
            [
                0.0,
                6.101937439528653e-13,
                1.006039404903237e-12,
                3.0590235869856997e-07,
                0.9999996940960251
            ],
            [
                2.129785165259356e-12,
                0.0,
                0.0,
                2.5946094913367955e-11,
                0.999999999971924
            ]
        ],
        [
            [
                0.9999999906667395,
                9.237449569573752e-09,
                1.573710194945381e-11,
                7.0528797805663e-11,
                9.54503482736719e-12
            ],
            [
                1.2917800006917738e-12,
                0.0,
                0.0,
                1.6918979172527574e-10,
                0.9999999998295184
            ],
            [
                1.7482343499437513e-13,
                1.0815942928726091e-11,
                0.9999998140439842,
