{
    "[['E', 'D', 'C', 'B', 'A'], ['E', 'D', 'C', 'B', 'A']]": [
        [
            [
                0.999999855407264,
                1.4449803157004865e-07,
                2.020684006339743e-11,
                6.224144922666866e-11,
                1.2256068034360115e-11
            ],
            [
                0.9770226296634227,
                0.022977367764503664,
                6.53783509083506e-10,
                1.5683451075435364e-09,
                3.499450950141957e-10
            ],
            [
                1.3877458343696042e-11,
                5.20747782506089e-10,
                4.53656524113004e-05,
                0.0007096382074112527,
                0.9992449956055522
            ],
            [
                2.8823507885863703e-13,
                0.0,
                0.0,
                7.991959879483996e-11,
                0.9999999999197922
            ],
            [
                4.2777878555696856e-11,
                0.0,
                0.0,
                9.056076961306521e-11,
                0.9999999998666613
            ]
        ],
        [
            [
                0.9999998552374908,
                1.444980315843414e-07,
                5.492788616034455e-11,
                1.9171716062802432e-10,
                1.7832473768734406e-11
            ],
            [
                0.9046505246246092,
                0.0953494696253432,
                2.7130122890832146e-09,
                2.7130122890832146e-09,
                3.2402311062929593e-10
            ],
            [
                4.260370740876669e-11,
                4.34569629929816e-09,
                0.9959281122863044,
                1.7531790149117006e-06,
                0.004070130146380583
            ],
            [
                0.0,
                0.0,
                1.4637785086313738e-12,
                2.335593030032302e-09,
                0.9999999976629432
            ],
            [
                7.052879805113647e-11,
                0.0,
                0.0,
                1.0261879564774448e-10,
                0.9999999998268525
            ]
        ],
        [
            [
                0.9999952145771981,
                4.785094844667528e-06,
                4.8473412426936833e-11,
                2.1724276267579213e-10,
                6.224109358977431e-11
            ],
            [
                0.9770226295312908,
                0.022977367762990603,
                7.408337719097923e-10,
                1.5683451074402606e-09,
                3.965397430475472e-10
            ],
            [
                1.573287179014073e-11,
                5.210011599386709e-10,
                0.0002611883279521813,
                7.887204084606288e-06,
                0.9997309239312292
            ],
            [
                0.0,
                0.0,
                2.8823507852772294e-13,
                1.4166087826292267e-09,
                0.999999998583103
            ],
            [
                5.211412463651147e-10,
                0.0,
                0.0,
                2.789468079895583e-10,
                0.999999999199912
            ]
        ],
        [
            [
                0.9999989321315894,
                1.067703076049105e-06,
                3.331538450657475e-11,
                1.1628211768765652e-10,
                1.5737073332612125e-11
            ],
            [
                0.9998766043840296,
                0.00012339462955441506,
                3.160489722100258e-10,
                5.904572146819896e-10,
                7.990969438808847e-11
            ],
            [
                2.129781208170778e-12,
                4.058644574744179e-10,
                0.9999988996471567,
                3.224180738173335e-08,
                1.0677030416516846e-06
            ],
            [
                2.1297851656589405e-12,
                0.0,
                0.0,
                1.4930946724837893e-10,
                0.9999999998485607
            ],
            [
                3.978962523738443e-12,
                0.0,
                0.0,
                3.775134532800079e-11,
                0.9999999999582696
            ]
        ],
        [
            [
                0.9999998553989332,
                1.444980315963079e-07,
                2.594609623706155e-11,
                7.052880192065403e-11,
                6.560200485289695e-12
            ],
            [
                0.8807970631619704,
                0.11920292190730565,
                6.336569825859017e-09,
                7.180274295922074e-09,
                1.4138798400356306e-09
            ],
            [
                1.2917800673224274e-12,
                9.056077428087098e-11,
                0.9999998548889746,
                5.21141274017851e-10,
                1.4449803160622612e-07
            ],
            [
                1.8795288126062934e-12,
                0.0,
                0.0,
                2.940077733132554e-11,
                0.9999999999687197
            ],
            [
                2.7346982851419943e-12,
                0.0,
                0.0,
                2.0206839042563643e-11,
                0.9999999999770586
            ]
        ],
        [
            [
                0.999999922407389,
                7.734422798624847e-08,
                4.277788362034468e-11,
                1.9171717347349245e-10,
                1.3887945465713234e-11
            ],
            [
                0.9997965725704016,
                0.00020342706080655966,
                7.990329742888513e-11,
                2.461194830245608e-10,
                4.2769153125162825e-11
            ],
            [
                1.6586626137794962e-12,
                1.4930805028785562e-10,
                0.9999898376196948,
                3.2241561314106294e-08,
                1.0129987777206975e-05
            ],
            [
                7.834907759668173e-13,
                5.789257296613519e-12,
                1.3887706299264921e-11,
                1.6701415092718154e-05,
                0.9999832985644468
            ],
            [
                1.9171715057219728e-10,
                0.0,
                0.0,
                1.4930946699384568e-10,
                0.9999999996589735
            ]
        ],
        [
            [
                0.9999999846215251,
                1.5229979501505002e-08,
                4.2777878006569814e-11,
                1.0261879467829881e-10,
                3.0988190892367665e-12
            ],
            [
                0.9975273746983055,
                0.0024726229674254443,
                9.71212555380921e-10,
                1.2470616061153532e-09,
                1.159947983070492e-10
            ],
            [
                2.1467903262160083e-10,
                8.055771267296524e-09,
                0.320819584193311,
                5.358233966169137e-06,
                0.6791750493022725
            ],
            [
                4.752193050521458e-13,
                0.0,
                0.0,
                7.582560408366394e-10,
                0.9999999992412687
            ],
            [
                7.052879826345447e-11,
                0.0,
                0.0,
                4.277787853947227e-11,
                0.9999999998866933
            ]
        ],
        [
            [
                0.9999999746854835,
                2.51099909102443e-08,
                3.3315444562977775e-11,
                1.1628232730509986e-10,
                5.492788209381239e-11
            ],
            [
                0.6791786985137226,
                0.3208212815003003,
                8.055817740375085e-09,
                1.0343874730845621e-08,
                1.5862845663969236e-09
            ],
            [
                4.508746880507017e-12,
                4.2777799355256136e-11,
                1.4449789443354951e-07,
                1.0677030481468562e-06,
                0.9999987877517709
            ],
            [
                0.0,
                0.0,
                0.0,
                9.736200295164698e-10,
                0.9999999990263799
            ],
            [
                4.8473686943264054e-11,
                0.0,
                0.0,
                7.991959873261852e-11,
                0.9999999998716067
            ]
        ],
        [
            [
                0.999999946485213,
                5.3157849668121735e-08,
                9.056076499690948e-11,
                2.46169681862449e-10,
                2.020683799692473e-11
            ],
            [
                0.9968273148631784,
                0.003172683079845637,
                9.705311093595297e-10,
                9.705311093595297e-10,
                1.1591341118600091e-10
            ],
            [
                5.384939929156356e-13,
                7.052879473123794e-11,
                0.9999999464549949,
                3.1608812849110597e-10,
                5.3157849695329975e-08
            ],
            [
                3.701011673053395e-13,
                0.0,
                0.0,
                2.4616969481309805e-10,
                0.9999999997534601
            ],
            [
                2.9400777289718904e-11,
                0.0,
                0.0,
                7.991959864921428e-11,
                0.9999999998906797
            ]
        ],
        [
            [
                0.9999993522522689,
                6.475946143391389e-07,
                2.94007780443139e-11,
                1.1628233287882027e-10,
                7.433680837069392e-12
            ],
            [
                0.0373268827583388,
                0.9626730872967986,
                1.8825717072540618e-08,
                7.847726440755459e-09,
                3.2714190939777533e-09
            ],
            [
                2.2744003590203944e-11,
                1.40712167570842e-09,
                0.9933024260369556,
                4.753066651458449e-06,
                0.006692819466527288
            ],
            [
                0.0,
                4.193795627663635e-13,
                1.2917799953248299e-12,
                6.348800069544235e-09,
                0.9999999936494888
            ],
            [
                2.7346982851168517e-12,
                0.0,
                0.0,
                2.940077732323167e-11,
                0.9999999999678646
            ]
        ],
        [
            [
                0.999995214806153,
                4.785094844112248e-06,
                2.594594797782152e-11,
                6.224109358255163e-11,
                1.081588027650819e-11
            ],
            [
                0.9995694411668011,
                0.00043055712146577015,
                4.597073411204999e-10,
                1.1027805830692722e-09,
                1.4924512255751683e-10
            ],
            [
                6.198802837846934e-11,
                6.322950792532956e-09,
                0.9959281102763838,
                1.7531790111729732e-06,
                0.004070130159666174
            ],
            [
                0.0,
                0.0,
                0.0,
                2.1724399322103102e-10,
                0.999999999782756
            ],
            [
                3.331544530467684e-11,
                0.0,
                0.0,
                7.991959864890142e-11,
                0.999999999886765
            ]
        ],
        [
            [
                0.9999921103175812,
                7.88926504199853e-06,
                1.1628144911621182e-10,
                2.461678297107663e-10,
                5.492746726675469e-11
            ],
            [
                0.9975273753414257,
                0.0024726229678393536,
                5.198526202636043e-10,
                1.1005280057341927e-09,
                7.035440160467015e-11
            ],
            [
                3.5313199371319766e-10,
                2.4756464032071704e-08,
                0.9859201161484069,
                1.646653921097317e-05,
                0.014063392202786105
            ],
            [
                0.0,
                0.0,
                3.2661313280838126e-13,
                3.398267804196578e-09,
                0.9999999966014055
            ],
            [
                5.1090890142350116e-12,
                0.0,
                0.0,
                5.492788336087845e-11,
                0.9999999999399631
            ]
        ],
        [
            [
                0.6224593147357881,
                0.377540670233389,
                6.515530385579705e-09,
                7.383063177329545e-09,
                1.1322294087733844e-09
            ],
            [
                0.6791786921365126,
                0.3208212786845504,
                1.3281797932146983e-08,
                1.3281797932146983e-08,
                2.6153410805426628e-09
            ],
            [
                1.2015425719027634e-13,
                1.0815941545813772e-11,
                0.999999998972666,
                4.277787864431765e-11,
                9.73620030268287e-10
            ],
            [
                1.2917800016170438e-12,
                0.0,
                0.0,
                1.1628233001694969e-10,
                0.9999999998824258
            ],
            [
                4.599055352514493e-10,
                0.0,
                0.0,
                2.789468077015533e-10,
                0.9999999992611477
            ]
        ],
        [
            [
                0.9999999880196889,
                1.1861120002239571e-08,
                2.0206838836205202e-11,
                9.056076875830361e-11,
                8.42346364857862e-12
            ],
            [
                0.9998415630316821,
                0.00015843624850431847,
                2.172096119232529e-10,
                4.5983275204995896e-10,
                4.277110855426061e-11
            ],
            [
                2.5436656462156433e-13,
                1.2256067438504126e-11,
                0.9999999996752273,
                3.331544540645436e-11,
                2.7894680915954274e-10
            ],
            [
                8.878265407822335e-13,
                0.0,
                1.2917799945083263e-12,
                6.348800065531308e-09,
                0.9999999936490203
            ],
            [
                5.789356316356066e-12,
                0.0,
                0.0,
                7.052879836036828e-11,
                0.9999999999236819
            ]
        ],
        [
            [
                0.9999994955094464,
                5.043472048565143e-07,
                2.2897349512995044e-11,
                1.0261880105210049e-10,
                1.783247373098019e-11
            ],
            [
                0.9706877662816502,
                0.02931222775859486,
                2.2671308200329137e-09,
                3.2986558789642116e-09,
                3.939682629151608e-10
            ],
            [
                1.658678562083145e-12,
                1.4930948590839918e-10,
                0.9999996905484058,
                3.3982682357435727e-09,
                3.059023579713218e-07
            ],
            [
                0.0,
                0.0,
                1.8795288008551718e-12,
                3.3982677911378936e-09,
                0.9999999965998527
            ],
            [
                2.020683902619726e-11,
                0.0,
                0.0,
                1.4930946714663276e-10,
                0.9999999998304836
            ]
        ],
        [
            [
                0.9999999467700549,
                5.3157849686951886e-08,
                1.7832471949631596e-11,
                4.847368445718921e-11,
                5.789356017546459e-12
            ],
            [
                0.9999724631138959,
                2.753568978546018e-05,
                3.5816525472239154e-10,
                7.582358501973857e-10,
                7.991747064581037e-11
            ],
            [
                5.384939988983522e-13,
                5.4927881176024153e-11,
                0.9999999575715381,
                9.736199899382774e-10,
                4.139937542906579e-08
            ],
            [
                0.0,
                5.384940138640049e-13,
                6.101936587957433e-13,
                1.34404097536724e-08,
                0.9999999865584417
            ],
            [
                7.433680651643646e-12,
                0.0,
                0.0,
                1.3176514233388696e-10,
                0.9999999998608011
            ]
        ],
        [
            [
                0.9999986287482283,
                1.3709566538402438e-06,
                4.8473601054031644e-11,
                2.1724360804378133e-10,
                2.940072522594881e-11
            ],
            [
                0.3775406679040485,
                0.6224593112691393,
                9.480040718502299e-09,
                9.480040718502299e-09,
                1.866730698884259e-09
            ],
            [
                5.109089377908111e-12,
                4.0586524043918297e-10,
                0.9999997557492458,
                5.60279682118866e-09,
                2.382369830634541e-07
            ],
            [
                0.0,
                0.0,
                5.384940198647644e-13,
                1.4930946708994913e-10,
                0.9999999998501521
            ],
            [
                1.493094670647679e-10,
                0.0,
                0.0,
                1.6918979163267398e-10,
                0.9999999996815008
            ]
        ],
        [
            [
                0.9999999821751414,
                1.7257827671348102e-08,
                1.3176514028359136e-10,
                4.0586520520156614e-10,
                2.9400776853458065e-11
            ],
            [
                0.09534946700555155,
                0.904650501084281,
                2.0046599488184496e-08,
                9.4693430944135e-09,
                2.394224880527977e-09
            ],
            [
                3.5114157953190936e-12,
                5.905293373605208e-10,
                0.9999986033393933,
                2.5109946377349443e-08,
                1.3709566196347315e-06
            ],
            [
                0.0,
                0.0,
                3.7010116437937487e-13,
                8.152020637820437e-09,
                0.9999999918476093
            ],
            [
                6.560200155769674e-12,
                0.0,
                0.0,
                6.224144611158071e-11,
                0.9999999999311984
            ]
        ],
        [
            [
                0.9999996070899321,
                3.9278636964708025e-07,
                2.5946095980150318e-11,
                7.991960200170341e-11,
                1.7832473593638853e-11
            ],
            [
                0.09534945186019023,
                0.9046504715270112,
                5.449231142071384e-08,
                1.5612308614033837e-08,
                6.5081785006903195e-09
            ],
            [
                0.0,
                8.878266156134689e-13,
                2.129785333521574e-12,
                8.315279895666114e-07,
                0.9999991684689928
            ],
            [
                0.0,
                0.0,
                0.0,
                1.4930946741076342e-10,
                0.9999999998506905
            ],
            [
                8.423463734261226e-12,
                0.0,
                0.0,
                5.49278833777779e-11,
                0.9999999999366487
            ]
        ],
        [
            [
                0.9999998554468177,
                1.4449803161458874e-07,
                1.3887944538097764e-11,
                3.77513472725582e-11,
                3.511422283571375e-12
            ],
            [
                0.9968273157095272,
                0.0031726830762543066,
                2.780618186443447e-10,
                8.564906988291005e-10,
                7.9666044865273e-11
            ],
            [
                5.78925759317716e-12,
                6.691471968509705e-10,
                0.9999832296542456,
                6.825486967931412e-08,
                1.670141594827392e-05
            ],
            [
                0.0,
                1.2917799898542931e-12,
                7.43368058642617e-12,
                8.152020620240847e-09,
                0.999999991839254
            ],
            [
                7.43368064636209e-12,
                0.0,
                0.0,
                9.056076958010446e-11,
                0.9999999999020055
            ]
        ],
        [
            [
                0.9999999464990332,
                5.315784967254496e-08,
                4.8473684444051797e-11,
                2.461696818829326e-10,
                4.8473684444051797e-11
            ],
            [
                0.9998766030396452,
                0.00012339462870658425,
                6.690756784327012e-10,
                1.4164332223571652e-09,
                2.4613918668322577e-10
            ],
            [
                5.469696773068227e-10,
                2.9863532505178396e-08,
                0.8173998577191399,
                0.00021355272593368284,
                0.18238655914442425
            ],
            [
                5.384940207178329e-13,
                0.0,
                0.0,
                3.5817479232488386e-10,
                0.9999999996412867
            ],
            [
                2.289734836568586e-11,
                0.0,
                0.0,
                9.056076953772766e-11,
                0.9999999998865419
            ]
        ],
        [
            [
                0.9999999002757621,
                9.931195236047247e-08,
                9.056077832152411e-11,
                2.789468352370893e-10,
                4.2777882669281565e-11
            ],
            [
                0.06008665273723604,
                0.9399133196327121,
                1.838064209824218e-08,
                6.761860343473619e-09,
                2.487549404436412e-09
            ],
            [
                3.5114224856150887e-12,
                4.5990558661886406e-10,
                0.999999674078547,
                1.9555683160907697e-08,
                3.0590235292989645e-07
            ],
            [
                0.0,
                1.463778499184293e-12,
                6.560200101190102e-12,
                6.348800051237884e-09,
                0.9999999936431759
            ],
            [
                1.573710204926236e-11,
                0.0,
                0.0,
                2.461696942805144e-10,
                0.9999999997380933
            ]
        ],
        [
            [
                0.9999999224084709,
                7.734422799322331e-08,
                3.7751349797482866e-11,
                1.9171717349078138e-10,
                1.7832474965157184e-11
            ],
            [
                0.07585817434124797,
                0.9241418056897465,
                1.2420843972800827e-08,
                6.648398688292861e-09,
                8.997629195500385e-10
            ],
            [
                4.752192862805406e-13,
                3.331544401979601e-11,
                0.9999999579763035,
                5.90530375045697e-10,
                4.1399375445822824e-08
            ],
            [
                0.0,
                5.384939988081758e-13,
                7.835041450893196e-13,
                4.1399375422133033e-08,
                0.9999999585993027
            ],
            [
                1.7832472868723226e-11,
                0.0,
                0.0,
                1.3176514240965469e-10,
                0.9999999998504023
            ]
        ],
        [
            [
                0.9984988161550317,
                0.0015011820357211734,
                6.681536569548271e-10,
                9.721578345150282e-10,
                1.689357005599217e-10
            ],
            [
                0.0013836680063414265,
                0.558211694869287,
                0.09700263926271388,
                0.3385725219802586,
                0.004829475881399065
            ],
            [
                6.101937103884365e-13,
                1.0261880348593007e-10,
                0.9999991611746533,
                7.194133532904857e-09,
                8.315279841865967e-07
            ],
            [
                1.006039276194655e-12,
                0.0,
                0.0,
                1.2501528625486225e-09,
                0.999999998748841
            ],
            [
                3.160881442286802e-10,
                0.0,
                0.0,
                9.056076955215247e-11,
                0.9999999995933511
            ]
        ],
        [
            [
                0.99984156181067,
                0.0001584362491517531,
                5.210587709721276e-10,
                1.103081426804174e-09,
                3.160381201067785e-10
            ],
            [
                0.9992903289341489,
                0.0007096703482329078,
                2.7874895862484197e-10,
                4.055773416329093e-10,
                3.329181552982189e-11
            ],
            [
                3.2661312777284537e-13,
                2.940077680720233e-11,
                0.9999999801356452,
                2.789468037304721e-10,
                1.9555680698315356e-08
            ],
            [
                0.0,
                4.752193034022887e-13,
                1.2917799969714074e-12,
                4.9444504720273225e-09,
                0.9999999950537826
            ],
            [
                7.582560395860024e-10,
                0.0,
                0.0,
                7.052879821299265e-11,
                0.9999999991712152
            ]
        ],
        [
            [
                0.999999922366349,
                7.734422799604687e-08,
                4.2777883625764026e-11,
                1.9171717349778028e-10,
                5.4927889847591366e-11
            ],
            [
                0.9999832978710572,
                1.6701415090840794e-05,
                1.9171387186096393e-10,
                4.598976707180404e-10,
                6.224038152648442e-11
            ],
            [
                1.0603575985887738e-13,
                1.2256067437585027e-11,
                0.9999999994944171,
                3.3315445403955993e-11,
                4.599055376207785e-10
            ],
            [
                0.0,
                0.0,
                2.882350788334836e-13,
                6.691586079430588e-10,
                0.9999999993305531
            ],
            [
                1.4930946714035658e-10,
                0.0,
                0.0,
                6.224144602925092e-11,
                0.999999999788449
            ]
        ],
        [
            [
                0.9999898694326184,
                1.0129988094410098e-05,
                1.9171533748893348e-10,
                3.581714042414542e-10,
                2.9400499224279664e-11
            ],
            [
                0.32082128025046497,
                0.6791786962846235,
                1.1721145610321978e-08,
                1.0343874695852174e-08,
                1.399891211727185e-09
            ],
            [
                1.4637784982790392e-12,
                7.991959806432955e-11,
                0.9999999892645582,
                1.416608771306986e-09,
                9.237449561965942e-09
            ],
            [
                3.288738143085448e-06,
                0.9999933171381841,
                1.9947205155477175e-06,
                1.3709500245203472e-06,
                2.8453132881817244e-08
            ],
            [
                5.109089020737024e-12,
                0.0,
                0.0,
                1.2256067426524601e-11,
                0.9999999999826348
            ]
        ],
        [
            [
                0.9999546017305189,
                4.539785570570762e-05,
                7.991594787134031e-11,
                2.789340658416203e-10,
                5.4925374176390414e-11
            ],
            [
                0.00522012559383719,
                0.9947798558788531,
                1.1799203378937825e-08,
                4.918639751141502e-09,
                1.8094664429735778e-09
            ],
            [
                2.5810111652714242e-11,
                7.542820273642797e-10,
                0.005220013711065666,
                2.1333013058685498e-05,
                0.9947586524957835
            ],
            [
                0.0,
                0.0,
                4.752193052856925e-13,
                6.691586077332509e-10,
                0.9999999993303661
            ],
            [
                1.783247285273458e-11,
                0.0,
                0.0,
                9.056076961532428e-11,
                0.9999999998916067
            ]
        ],
        [
            [
                0.999999974568921,
                2.510999090867437e-08,
                7.052879668887297e-11,
                2.1724398789498078e-10,
                3.331544456089482e-11
            ],
            [
                0.9999982391953833,
                1.7603431323398314e-06,
                1.0261861095069476e-10,
                2.7894630540898196e-10,
                7.991945456610092e-11
            ],
            [
                1.3887309026592869e-11,
                2.6464526601296527e-09,
                0.999954454992888,
                1.4449141939337243e-07,
                4.539785535260681e-05
            ],
            [
                0.0,
                0.0,
                3.266131335579623e-13,
                1.103256029908846e-09,
                0.9999999988964174
            ],
            [
                4.508755228635932e-12,
                0.0,
                0.0,
                2.594609490416316e-11,
                0.9999999999695453
            ]
        ],
        [
            [
                0.9999994955581113,
                5.043472049160546e-07,
                2.2897349515698167e-11,
                6.224144910839784e-11,
                9.545035364398654e-12
            ],
            [
                0.8807970679537982,
                0.11920292251115701,
                3.843323897467043e-09,
                4.9349255689110746e-09,
                7.567953470025476e-10
            ],
            [
                1.0815880988385727e-11,
                1.1032498541477949e-09,
                0.9999951606332204,
                5.3157554862101976e-08,
                4.785095159056705e-06
            ],
            [
                2.129785165180869e-12,
                0.0,
                8.878265454386227e-13,
                1.1032560293520734e-09,
                0.9999999988937263
            ],
            [
                6.5602001454570865e-12,
                0.0,
                0.0,
                5.492788331950976e-11,
                0.9999999999385119
            ]
        ],
        [
            [
                0.9999999122183806,
                8.764249142405656e-08,
                4.2777883194623694e-11,
                9.056077943367342e-11,
                5.789356938407132e-12
            ],
            [
                0.9990889460120914,
                0.0009110514039927366,
                5.206663310234354e-10,
                1.8173040616751435e-09,
                2.459453599138522e-10
            ],
            [
                1.1418841179067189e-10,
                1.0278913257158966e-08,
                0.9819930959594256,
                2.1059236682903392e-05,
                0.017985834410789867
            ],
            [
                1.13999184880872e-12,
                0.0,
                0.0,
                3.16088144256945e-10,
                0.9999999996827718
            ],
            [
                1.4930946698082146e-10,
                0.0,
                0.0,
                2.789468080932796e-10,
                0.9999999995717437
            ]
        ],
        [
            [
                0.9999996071386037,
                3.9278636963120156e-07,
                1.573710271117169e-11,
                4.847368892410468e-11,
                1.0815941972620646e-11
            ],
            [
                0.9998415634270871,
                0.0001584362467208968,
                6.223159577778503e-11,
                2.4613073589092e-10,
                1.7829650706599767e-11
            ],
            [
                5.7893570773424396e-12,
                6.69158695657036e-10,
                0.9999993398692465,
                1.1861121685085037e-08,
                6.475946837289417e-07
            ],
            [
                5.384940207576343e-13,
                0.0,
                0.0,
                7.052879837782013e-11,
                0.9999999999289326
            ],
            [
                7.433680649685614e-12,
                0.0,
                0.0,
                4.2777878559252853e-11,
                0.9999999999497884
            ]
        ],
        [
            [
                0.9999999585209809,
                4.139937545756026e-08,
                2.0206838245675166e-11,
                5.4927881213830055e-11,
                4.508755053850916e-12
            ],
            [
                0.4999999881210827,
                0.4999999883381313,
                1.4226666913597094e-08,
                7.614986055235834e-09,
                1.6991330580328316e-09
            ],
            [
                1.542811197696748e-13,
                1.2256067400446181e-11,
                0.999999996486703,
                1.0261879595151428e-10,
                3.3982678073912205e-09
            ],
            [
                0.0,
                0.0,
                1.4637785003610666e-12,
                8.152020637811522e-09,
                0.9999999918465156
            ],
            [
                3.3315445287252725e-11,
                1.1399918484450504e-12,
                0.0,
                1.4930946701732631e-10,
                0.999999999816235
            ]
        ],
        [
            [
                0.9999999313650182,
                6.825604225352169e-08,
                6.224145397111347e-11,
                2.7894684398428896e-10,
                3.775135013857296e-11
            ],
            [
                0.9626731065324423,
                0.03732688353975138,
                3.7070035606246118e-09,
                5.393658354667912e-09,
                8.271442981529692e-10
            ],
            [
                1.3735364748596428e-11,
                1.4010452936591939e-09,
                0.9890127582496173,
                3.025412532881927e-07,
                0.01098693779434867
            ],
            [
                4.970429624761766e-07,
                9.471962262270783e-05,
                0.9855165397121739,
                0.014057639654486274,
                0.0003306039677546116
            ],
            [
                6.224144605323967e-11,
                0.0,
                0.0,
                1.1628232997370079e-10,
                0.9999999998214761
            ]
        ],
        [
            [
                0.9999999822670235,
                1.7257827668841702e-08,
                1.1628232815200608e-10,
                2.789468041288221e-10,
                7.991959745172743e-11
            ],
            [
                0.8519527914016153,
                0.14804720299164198,
                1.7560041938101626e-09,
                3.2806477363198653e-09,
                5.700910942120791e-10
            ],
            [
                4.1937956491054044e-13,
                2.5946094925387594e-11,
                0.9999999978219201,
                9.056076969646301e-11,
                2.0611536178805325e-09
            ],
            [
                1.0060392763391162e-12,
                0.0,
                0.0,
                2.789468084705472e-10,
                0.999999999720047
            ],
            [
                7.052879825114959e-11,
                0.0,
                0.0,
                2.1724399270713152e-10,
                0.9999999997122273
            ]
        ],
        [
            [
                0.9999999581018395,
                4.139937542559118e-08,
                7.052879550889973e-11,
                2.789467974128747e-10,
                1.4930946126401268e-10
            ],
            [
                0.9995694414854528,
                0.0004305571211118241,
                3.5802043739435043e-10,
                9.73200449186022e-10,
                6.221462324186948e-11
            ],
            [
                1.8795288037436937e-12,
                1.9171715007066597e-10,
                0.9999999932299868,
                9.736200246727806e-10,
                5.602796399394749e-09
            ],
            [
                1.6586783529942153e-12,
                0.0,
                0.0,
                1.69189791657655e-10,
                0.9999999998291516
            ],
            [
                6.224144601102817e-11,
                0.0,
                0.0,
                4.277787853982679e-11,
                0.9999999998949807
            ]
        ],
        [
            [
                0.9999952146390183,
                4.7850948460979605e-06,
                4.8473412441427235e-11,
                1.6918883373907877e-10,
                4.8473412441427235e-11
            ],
            [
                0.9399133368002378,
                0.060086653896085064,
                4.101275691777327e-09,
                4.647354205738056e-09,
                5.550473073781192e-10
            ],
            [
                2.5436656469582565e-13,
                1.5737102104272704e-11,
                0.9999999998556153,
                4.847368705472419e-11,
                7.991959891638522e-11
            ],
            [
                0.0,
                0.0,
                3.266131329515493e-13,
                2.646573628154741e-09,
                0.9999999973530997
            ],
            [
                3.1608814409199035e-10,
                0.0,
                0.0,
                7.052879821226577e-11,
                0.999999999613383
            ]
        ],
        [
            [
                0.9999999800652459,
                1.9555680689019037e-08,
                7.991959729960632e-11,
                2.789468035978673e-10,
                2.0206838678110566e-11
            ],
            [
                0.9975273743388234,
                0.0024726229727102807,
                9.712125546512397e-10,
                1.6012587972245098e-09,
                1.1599479821990122e-10
            ],
            [
                3.900837609955856e-14,
                1.658678358818619e-12,
                0.9999999999972842,
                6.914400106541632e-13,
                3.2661313425991754e-13
            ],
            [
                1.879528808053666e-12,
                0.0,
                0.0,
                1.4930946694563623e-10,
