{
    "[['E', 'D', 'C', 'B', 'A'], ['E', 'D', 'C', 'B', 'A']]": [
        [
            [
                0.9999999943580344,
                5.602796403006635e-09,
                5.78935629305023e-12,
                2.594609482285611e-11,
                7.43368062653762e-12
            ],
            [
                0.9999998144371453,
                1.8553915976252868e-07,
                3.9789630398242975e-12,
                1.573710410017038e-11,
                3.9789630398242975e-12
            ],
            [
                5.70315127066725e-10,
                3.998217715056643e-08,
                0.029163675538650572,
                0.005067888083744808,
                0.9657683958251123
            ],
            [
                4.5019839326225966e-12,
                4.27136342922537e-11,
                7.042287740654508e-11,
                0.0015011820285613395,
                0.9984988178538001
            ],
            [
                2.940077720474001e-11,
                3.5114220909106074e-12,
                3.978962510380035e-12,
                4.944450470304295e-09,
                0.9999999950186584
            ]
        ],
        [
            [
                0.9999997617420696,
                2.382369844031751e-07,
                6.560200654254535e-12,
                1.2256068352255255e-11,
                2.129785328769595e-12
            ],
            [
                0.9914225140571946,
                0.00857748568244228,
                6.992377403918184e-11,
                1.6773841400353124e-10,
                2.2700925768828104e-11
            ],
            [
                3.098328710167401e-12,
                3.331017281780867e-11,
                4.8466015469360195e-11,
                0.00015843624654384054,
                0.9998415636685816
            ],
            [
                3.9772478041505764e-12,
                2.938810714421735e-11,
                3.7735076521517684e-11,
                0.00043055711831467834,
                0.9995694428105849
            ],
            [
                1.2917799924695979e-12,
                1.2917799924695979e-12,
                2.1297851506494777e-12,
                7.1941329617333584e-09,
                0.9999999928011537
            ]
        ],
        [
            [
                0.9999938557585453,
                6.144172124216697e-06,
                1.5737014076470302e-11,
                4.277763939827343e-11,
                1.0815881054940651e-11
            ],
            [
                0.9975273767593366,
                0.002472622968746204,
                5.479206315023824e-11,
                1.912430917412385e-10,
                2.588193798784602e-11
            ],
            [
                5.10141612517137e-12,
                3.7694649932880675e-11,
                9.042476443872598e-11,
                0.0015011820297607997,
                0.9984988178370183
            ],
            [
                3.0980098436274058e-12,
                1.7827815736430363e-11,
                3.3306744679432584e-11,
                0.0002611903263855236,
                0.9997388096193819
            ],
            [
                1.2256067411202166e-11,
                2.734698284251491e-12,
                2.413362765355348e-12,
                1.250152863031125e-09,
                0.999999998732443
            ]
        ],
        [
            [
                0.9999999585848334,
                4.1399375451714633e-08,
                3.5114219661204325e-12,
                9.545034522557104e-12,
                2.7346981769087247e-12
            ],
            [
                0.9997388095955567,
                0.00026119032773429485,
                1.2252866629717719e-11,
                5.49135384547159e-11,
                9.542542126093646e-12
            ],
            [
                6.101936909347839e-13,
                2.129785251841871e-12,
                2.129785251841871e-12,
                3.927863694655478e-07,
                0.9999996072087608
            ],
            [
                3.127315603145427e-11,
                9.139355865980587e-10,
                2.815119792665125e-09,
                0.731058587386558,
                0.2689414088531134
            ],
            [
                2.7346982838296464e-12,
                1.0060392764277527e-12,
                1.4637785099710875e-12,
                1.4166087826222623e-09,
                0.9999999985781867
            ]
        ],
        [
            [
                0.9999999530270536,
                4.69116379931913e-08,
                1.2256066862759252e-11,
                3.3315443841417535e-11,
                1.5737101360407267e-11
            ],
            [
                0.999903897497414,
                9.610239924319486e-05,
                1.3886620094318672e-11,
                7.991198115544118e-11,
                9.544125109468502e-12
            ],
            [
                7.287724094984931e-14,
                4.508755241778377e-12,
                0.9999999999403844,
                6.5602001674023505e-12,
                4.847368705715021e-11
            ],
            [
                1.3794988325409275e-11,
                7.005673132943543e-11,
                1.483101013882445e-10,
                0.006692851415685562,
                0.9933071483521526
            ],
            [
                2.7346982850795753e-12,
                6.914400090474532e-13,
                6.914400090474532e-13,
                3.160881446786498e-10,
                0.9999999996797944
            ]
        ],
        [
            [
                0.9999997617398144,
                2.3823698437151814e-07,
                3.511422373100899e-12,
                1.2256068350626667e-11,
                7.43368122218872e-12
            ],
            [
                0.9999998554748186,
                1.4449803163750985e-07,
                7.43368103383389e-12,
                1.573710287211967e-11,
                3.978962729324452e-12
            ],
            [
                7.835042362622152e-13,
                1.879528955087988e-12,
                2.7346984931793413e-12,
                2.3823698431174856e-07,
                0.999999761757618
            ],
            [
                1.8784896662780616e-12,
                2.019566717206361e-11,
                4.275422773876272e-11,
                0.000552778584058379,
                0.9994472213511132
            ],
            [
                5.1090890095242495e-12,
                1.4637785088143748e-12,
                1.8795288097189383e-12,
                2.6465736293056383e-09,
                0.999999997344974
            ]
        ],
        [
            [
                0.9999999881062144,
                1.1861120004088889e-08,
                5.789356256856216e-12,
                2.289734817218662e-11,
                3.978962486438711e-12
            ],
            [
                0.9999982395651544,
                1.760343132656189e-06,
                2.2897307099752895e-11,
                5.4927784299974643e-11,
                1.3887918780855888e-11
            ],
            [
                1.0140777858842634e-10,
                4.311968468802687e-09,
                1.8334956484364422e-07,
                0.32082124011819274,
                0.6791785721188662
            ],
            [
                2.1297650200979375e-12,
                6.560138099141917e-12,
                8.423384056279828e-12,
                1.0129988092533322e-05,
                0.9999898699947941
            ],
            [
                3.978962511157886e-12,
                1.4637785050468822e-12,
                2.413362756864429e-12,
                4.944450471270891e-09,
                0.9999999950476934
            ]
        ],
        [
            [
                0.9999997617390706,
                2.3823698441533502e-07,
                5.109089406899749e-12,
                1.5737103273761237e-11,
                3.0988193684977315e-12
            ],
            [
                0.9975273768911728,
                0.00247262296792315,
                2.2840730111268672e-11,
                1.0236505049821435e-10,
                1.5698188925233086e-11
            ],
            [
                4.193795571114429e-13,
                8.878265293719407e-13,
                1.006039258349504e-12,
                1.9555680680933013e-08,
                0.9999999804420061
            ],
            [
                1.322929026015962e-11,
                4.964254546104957e-10,
                1.9634007601952367e-09,
                0.9525741222159286,
                0.0474258753110159
            ],
            [
                7.433680630508798e-12,
                2.7346982761985515e-12,
                5.109088999304811e-12,
                4.363462228382241e-09,
                0.9999999956212602
            ]
        ],
        [
            [
                0.9999994956151796,
                5.043472049448369e-07,
                6.560200472006255e-12,
                2.5946096184524527e-11,
                5.109089264703872e-12
            ],
            [
                0.9996646498182719,
                0.00033535005569794045,
                2.593738804526681e-11,
                7.989277967395595e-11,
                2.0200058120480688e-11
            ],
            [
                0.0,
                3.7597710626834936e-11,
                6.198814524009101e-11,
                0.004070137774757539,
                0.9959298621256566
            ],
            [
                7.410096473512561e-12,
                6.204397814985404e-11,
                1.0229322649451831e-10,
                0.0031726830663183912,
                0.9968273167619344
            ],
            [
                2.9400777163313215e-11,
                8.423463688706767e-12,
                7.433680614317533e-12,
                3.3982677929648353e-09,
                0.9999999965564743
            ]
        ],
        [
            [
                0.9999996071608953,
                3.927863696749536e-07,
                8.423464078870115e-12,
                3.775134689665749e-11,
                6.560200420797896e-12
            ],
            [
                3.09662121643793e-12,
                2.2881107885398736e-11,
                5.488892440487877e-11,
                0.0007096703422352999,
                0.999290329576898
            ],
            [
                3.978963037221581e-12,
                5.789357058240564e-12,
                8.423464815899305e-12,
                1.8553915964116392e-07,
                0.9999998144426485
            ],
            [
                6.101878948517422e-13,
                2.7346724192096455e-12,
                2.4133399395360343e-12,
                1.0129988099317391e-05,
                0.9999898700061425
            ],
            [
                1.783247286019242e-11,
                2.1297851652285005e-12,
                2.41336276534335e-12,
                1.4166087828337405e-09,
                0.9999999985610155
            ]
        ],
        [
            [
                0.9999996940634404,
                3.0590235889038244e-07,
                7.433681605226025e-12,
                2.020684162603617e-11,
                6.56020099141205e-12
            ],
            [
                0.9999997617427394,
                2.3823698440333466e-07,
                4.5087555763896825e-12,
                1.2256068352263464e-11,
                3.5114223735698485e-12
            ],
            [
                5.107374526712127e-12,
                2.2889664594488785e-11,
                3.7738676896125285e-11,
                0.0003353500537967063,
                0.9996646498804677
            ],
            [
                7.38392516242509e-12,
                8.995462369753008e-11,
                1.0193194268906468e-10,
                0.006692851408222218,
                0.9933071483925073
            ],
            [
                1.8795288124440178e-12,
                1.1399918505605727e-12,
                8.87826545911594e-13,
                7.582560411391234e-10,
                0.9999999992378366
            ]
        ],
        [
            [
                0.9999998874465099,
                1.1253518378950988e-07,
                3.9789628565386384e-12,
                1.0815942429042478e-11,
                3.511422396394503e-12
            ],
            [
                0.9999417086878081,
                5.8291276753902484e-05,
                5.108787312873289e-12,
                2.289599626278599e-11,
                7.433241679341026e-12
            ],
            [
                1.6586753255646553e-12,
                3.58174138007198e-10,
                0.9999975010807455,
                2.3823630386841172e-07,
                2.260323117733929e-06
            ],
            [
                3.974305567484717e-12,
                3.327645310304299e-11,
                7.04462517719529e-11,
                0.0011695103448877008,
                0.9988304895474153
            ],
            [
                6.560200145262152e-12,
                2.734698282049225e-12,
                2.4133627634118553e-12,
                2.061153615246223e-09,
                0.9999999979271381
            ]
        ],
        [
            [
                0.9999996071710788,
                3.927863697823717e-07,
                1.0815941976783336e-11,
                2.5946095989087197e-11,
                5.7893565532715594e-12
            ],
            [
                0.9525741237072671,
                0.04742587539775219,
                2.0694091800722326e-10,
                5.625237369836682e-10,
                1.2551601152045912e-10
            ],
            [
                8.981409372449723e-10,
                9.161286621808212e-08,
                0.8140818020096937,
                0.004271908521452883,
                0.1816461969578463
            ],
            [
                0.0,
                4.5086351780869295e-12,
                6.560025475762088e-12,
                2.7535689818096856e-05,
                0.9999724642991132
            ],
            [
                2.734698282209991e-12,
                1.8795288100910153e-12,
                1.8795288100910153e-12,
                1.8189616813127645e-09,
                0.9999999981745447
            ]
        ],
        [
            [
                0.9999986289953764,
                1.3709566541790738e-06,
                9.545017989088195e-12,
                3.3315386317060565e-11,
                5.1090799640788065e-12
            ],
            [
                0.9999869928083508,
                1.3007124765106691e-05,
                1.7832235884454468e-11,
                3.331500260310987e-11,
                1.573689293418894e-11
            ],
            [
                7.428408133526587e-12,
                9.049653722432821e-11,
                1.3167168471407402e-10,
                0.0007096703400757931,
                0.9992903294303276
            ],
            [
                3.098636136414505e-12,
                1.5736172744461555e-11,
                2.2895996242140502e-11,
                5.829127670134081e-05,
                0.9999417086815678
            ],
            [
                2.413362767593054e-12,
                0.0,
                0.0,
                1.49309467357387e-10,
                0.9999999998482771
            ]
        ],
        [
            [
                0.9999996071846703,
                3.9278636956470376e-07,
                7.433680956548945e-12,
                1.573710270850744e-11,
                5.789356550063308e-12
            ],
            [
                0.9999977395586273,
                2.260325272606122e-06,
                3.331538448428836e-11,
                7.05286695066961e-11,
                1.2256045026491743e-11
            ],
            [
                2.129448105626326e-12,
                1.2254127767052588e-11,
                2.2893724662653945e-11,
                0.00015843624661511887,
                0.9998415637161076
            ],
            [
                2.1290704597155943e-12,
                2.9390911108507896e-11,
                7.050513052538272e-11,
                0.00033535005367948907,
                0.9996646498442954
            ],
            [
                3.978962516649116e-12,
                1.658678350915431e-12,
                1.8795288074752553e-12,
                3.3982678031072856e-09,
                0.999999996594215
            ]
        ],
        [
            [
                0.9999997617473619,
                2.3823698440443593e-07,
                3.97896283069331e-12,
                9.54503563016357e-12,
                2.1297853287808666e-12
            ],
            [
                0.9984988177695189,
                0.0015011820323831391,
                3.32654118678875e-11,
                1.3156725615704777e-10,
                3.32654118678875e-11
            ],
            [
                3.999655681403643e-10,
                2.8039751078957518e-08,
                0.002767965646709095,
                0.3199332541745589,
                0.6772987517390153
            ],
            [
                6.914215983283168e-13,
                5.108952978060226e-12,
                8.42323944593466e-12,
                2.7535689821160073e-05,
                0.9999724642959553
            ],
            [
                4.508755233202123e-12,
                1.879528812748681e-12,
                1.879528812748681e-12,
                7.582560412620332e-10,
                0.999999999233476
            ]
        ],
        [
            [
                0.999995214828032,
                4.785094846294137e-06,
                1.7832371881356174e-11,
                4.8473412443414523e-11,
                1.0815880281439973e-11
            ],
            [
                0.9997388094844922,
                0.0002611903284446221,
                2.5939318855783607e-11,
                1.3173073068869573e-10,
                2.9393099035038356e-11
            ],
            [
                5.099246706334102e-12,
                7.976563911384335e-11,
                5.201373046789011e-10,
                0.0019267343305141313,
                0.9980732650644837
            ],
            [
                3.5108663876216152e-12,
                1.7829650699893274e-11,
                3.774537082787225e-11,
                0.0001584362466613022,
                0.9998415636942528
            ],
            [
                3.775134524853298e-11,
                3.0988191227761583e-12,
                3.978962515362598e-12,
                3.850741902952762e-09,
                0.999999996104429
            ]
        ],
        [
            [
                0.9999999397017859,
                6.023574635740309e-08,
                1.225606906747966e-11,
                4.277788435584355e-11,
                7.433681656982037e-12
            ],
            [
                0.9980732654857515,
                0.0019267343355949178,
                3.325126546958701e-11,
                1.1605832025846712e-10,
                2.934413878392865e-11
            ],
            [
                1.0759480955412391e-11,
                1.485300530525664e-10,
                2.161099520042701e-10,
                0.005220125685999705,
                0.9947798739386009
            ],
            [
                2.125682281975693e-12,
                2.5896111562543255e-11,
                4.2695469961588596e-11,
                0.0019267343322212052,
                0.9980732655970616
            ],
            [
                1.2256067405110373e-11,
                2.413362764155803e-12,
                2.1297851641804937e-12,
                2.0611536158815977e-09,
                0.9999999979220471
            ]
        ],
        [
            [
                0.9999986290209337,
                1.3709566543931927e-06,
                5.789346058794808e-12,
                1.3887919228668656e-11,
                2.7346934404176832e-12
            ],
            [
                0.9992903294384914,
                0.0007096703436731298,
                3.772456930786175e-11,
                1.316716848069764e-10,
                4.843930582489277e-11
            ],
            [
                8.877605822004332e-13,
                7.433128348764406e-12,
                1.0815137931207378e-11,
                7.484619700659471e-05,
                0.9999251537838574
            ],
            [
                1.016604611865773e-11,
                2.62185785014044e-10,
                6.289510020995592e-10,
                0.060086654327659604,
                0.9399133447710376
            ],
            [
                1.0815941511108857e-11,
                2.734698279916542e-12,
                3.978962518849731e-12,
                2.646573627610018e-09,
                0.9999999973358968
            ]
        ],
        [
            [
                0.9999998144131897,
                1.8553915978232003e-07,
                1.0815942928418284e-11,
                2.9400781119969534e-11,
                7.433681614716918e-12
            ],
            [
                0.8175744836411695,
                0.18242551480365155,
                3.3182478438766307e-10,
                1.0220922917594727e-09,
                2.012619053836516e-10
            ],
            [
                3.977923377269712e-12,
                3.33067446535043e-11,
                7.989872687176219e-11,
                0.00026119032618219487,
                0.9997388095566344
            ],
            [
                7.834878062897749e-13,
                3.511348738192031e-12,
                5.7892353535032575e-12,
                2.1444939738736467e-05,
                0.9999785550501772
            ],
            [
                1.8795288111639243e-12,
                1.291780001091707e-12,
                1.291780001091707e-12,
                1.60522805059491e-09,
                0.999999998390309
            ]
        ],
        [
            [
                0.9999998554483599,
                1.444980315194974e-07,
                8.423464157201583e-12,
                3.775134724771478e-11,
                7.433681027762757e-12
            ],
            [
                0.1824255144276155,
                0.8175744830294067,
                9.019932806892848e-10,
                1.1581822980866017e-09,
                4.828022119362771e-10
            ],
            [
                1.0060393254530795e-12,
                3.978962718442193e-12,
                5.109089262532726e-12,
                5.043472047305107e-07,
                0.9999994956427012
            ],
            [
                3.511161215435011e-12,
                5.788926180745017e-12,
                9.544325728707165e-12,
                7.484619703319058e-05,
                0.9999251537841224
            ],
            [
                2.1297851589873864e-12,
                1.6586783495932331e-12,
                2.1297851589873864e-12,
                4.363462228423081e-09,
                0.9999999956306196
            ]
        ],
        [
            [
                0.9975273767608266,
                0.002472622967600054,
                4.26721016896022e-11,
                1.9124309175064465e-10,
                3.765799756784882e-11
            ],
            [
                0.9999986289406908,
                1.3709566541992314e-06,
                2.0206803241765096e-11,
                6.224133580805634e-11,
                2.0206803241765096e-11
            ],
            [
                9.544106923600107e-12,
                1.250031322472035e-09,
                0.999903064983116,
                8.314478751856526e-07,
                9.610230943350118e-05
            ],
            [
                3.094165289721164e-12,
                1.5713467911501783e-11,
                3.3265411829692e-11,
                0.0015011820290176201,
                0.9984988179189094
            ],
            [
                1.2917800016937092e-12,
                1.0060392768750416e-12,
                1.2917800016937092e-12,
                9.736200289702868e-10,
                0.9999999990227904
            ]
        ],
        [
            [
                0.9998415636502523,
                0.0001584362467723777,
                2.0203641123470165e-11,
                7.051763651039053e-11,
                1.225412777921565e-11
            ],
            [
                0.7310585876164547,
                0.2689414089304246,
                7.117737513781111e-10,
                1.9348016543452456e-09,
                8.065453253076783e-10
            ],
            [
                5.7891472222637324e-12,
                2.939971546258233e-11,
                2.594515783259734e-11,
                3.5356257486865554e-05,
                0.999964643681379
            ],
            [
                7.834459643091065e-13,
                5.788926180760808e-12,
                9.544325728733199e-12,
                7.484619703339473e-05,
                0.9999251537868499
            ],
            [
                3.978962511185894e-12,
                4.508755214361191e-12,
                4.508755214361191e-12,
                4.363462225910219e-09,
                0.9999999956235412
            ]
        ],
        [
            [
                0.9999999530709358,
                4.691163799237721e-08,
                3.511421946758811e-12,
                1.0815941044067043e-11,
                3.0988189916822205e-12
            ],
            [
                0.029312227736898913,
                0.9706877668024742,
                3.7378668088845326e-09,
                1.3750843528257244e-09,
                3.476757719658876e-10
            ],
            [
                6.5593871556447746e-12,
                3.331131660346093e-11,
                4.8467679667664395e-11,
                0.00012339462745804717,
                0.9998766052842036
            ],
            [
                2.7322061556225457e-12,
                2.0188424557738637e-11,
                4.8429512895677847e-11,
                0.0009110514036445595,
                0.9990889485250053
            ],
            [
                1.573710199303881e-11,
                3.978962507058002e-12,
                5.109088991110052e-12,
                5.602796397013084e-09,
                0.9999999943723783
            ]
        ],
        [
            [
                0.9999999907345,
                9.23744957092601e-09,
                5.109088977707989e-12,
                1.7832472732388994e-11,
                5.109088977707989e-12
            ],
            [
                0.9996646497191594,
                0.0003353500566921216,
                4.2763523366244654e-11,
                1.691330158559044e-10,
                1.2251954575071916e-11
            ],
            [
                3.5102437545413782e-12,
                3.7738676891416533e-11,
                1.492593625270622e-10,
                0.0003353500537548638,
                0.9996646497557368
            ],
            [
                6.10191359202391e-13,
                2.129777113296134e-12,
                2.734687945352084e-12,
                2.9023121961017205e-06,
                0.9999970976823293
            ],
            [
                2.4133627627602256e-12,
                2.1297851629489014e-12,
                2.734698281310832e-12,
                2.3355930300187227e-09,
                0.9999999976571292
            ]
        ],
        [
            [
                0.9999998874360853,
                1.125351837547618e-07,
                5.7893567935608235e-12,
                1.7832474339924116e-11,
                5.109089438274512e-12
            ],
            [
                0.9859363723164771,
                0.014063627292482865,
                7.879560308418954e-11,
                2.427075442405782e-10,
                6.953687565908247e-11
            ],
            [
                7.410096475166431e-12,
                1.0229322651734929e-10,
                1.1591341138734882e-10,
                0.003172683065621044,
                0.9968273167087622
            ],
            [
                2.7345733583284256e-12,
                8.42307893292558e-12,
                1.0815447436643505e-11,
                4.539785569040055e-05,
                0.9999546021223364
            ],
            [
                1.5737102027748507e-11,
                3.5114220957237044e-12,
                4.5087552196281715e-12,
                3.398267802411119e-09,
                0.9999999965779749
            ]
        ],
        [
            [
                0.9999417086016787,
                5.829127674483683e-05,
                2.0205645780354662e-11,
                9.055542185293793e-11,
                1.0815302824541344e-11
            ],
            [
                0.999569442722153,
                0.0004305571216783774,
                4.2759443594422016e-11,
                9.052174279974014e-11,
                2.2887480861027513e-11
            ],
            [
                8.402635018879109e-12,
                1.0236505037149027e-10,
                2.1670681333700215e-10,
                0.0024726229604371585,
                0.9975273767120882
            ],
            [
                1.381544702363187e-11,
                1.3107731182142484e-10,
                1.4853005312260556e-10,
                0.005220125687784532,
                0.9947798740187926
            ],
            [
                8.423463728899318e-12,
                2.1297851644908464e-12,
                3.098819129315395e-12,
                1.416608782343096e-09,
                0.9999999985697392
            ]
        ],
        [
            [
                0.9999991684351188,
                8.315279899146932e-07,
                7.433681242874321e-12,
                2.289735021378742e-11,
                6.560200671637794e-12
            ],
            [
                0.9999996071372829,
                3.9278636963068276e-07,
                1.5737102711150905e-11,
                4.2777880332315085e-11,
                1.7832473592894407e-11
            ],
            [
                1.6586025827480208e-12,
                1.5736383162615202e-11,
                2.594490964409104e-11,
                4.5397855681874145e-05,
                0.9999546021009782
            ],
            [
                2.4128705085239567e-12,
                1.7828835546938843e-11,
                3.33086499362924e-11,
                0.00020342706075229455,
                0.9997965728856973
            ],
            [
                1.783247278250368e-11,
                3.978962507802562e-12,
                4.508755210527373e-12,
                5.602796398061502e-09,
                0.9999999943708833
            ]
        ],
        [
            [
                0.9999993523610012,
                6.475946142559991e-07,
                8.423463940036267e-12,
                2.940077804053936e-11,
                6.560200312673986e-12
            ],
            [
                0.9999938557484419,
                6.144172124154619e-06,
                2.5945949844921775e-11,
                3.7751134268475634e-11,
                1.5737014076311302e-11
            ],
            [
                4.507577724848624e-12,
                2.2891368529440133e-11,
                3.330674467919667e-11,
                0.0002611903269937079,
                0.9997388096123007
            ],
            [
                1.545404524603228e-11,
                2.1333651407369008e-10,
                3.517324485703101e-10,
                0.017986211524725574,
                0.9820137878947514
            ],
            [
                1.0815941533059959e-11,
                2.129785166185455e-12,
                3.0988191317810362e-12,
                9.736200291202253e-10,
                0.9999999990103354
            ]
        ],
        [
            [
                0.9999999467974152,
                5.315784967043495e-08,
                9.545034406818845e-12,
                2.940077580338573e-11,
                5.78935601574762e-12
            ],
            [
                0.9999785549572576,
                2.1444939752772802e-05,
                2.0206416858414894e-11,
                7.052732477730666e-11,
                1.2255811347562865e-11
            ],
            [
                2.4131327313744135e-12,
                1.5735602054640704e-11,
                4.2773801124992647e-11,
                9.610239909928678e-05,
                0.9999038975399782
            ],
            [
                6.539387184581103e-12,
                7.030503785029015e-11,
                1.0229322647657987e-10,
                0.003172683067806956,
                0.9968273167530555
            ],
            [
                8.423463711724094e-12,
                2.4133627595866942e-12,
                3.5114220955579307e-12,
                2.998960809639192e-09,
                0.9999999969866908
            ]
        ],
        [
            [
                0.9999993523662164,
                6.475946143679946e-07,
                7.433680837400625e-12,
                2.5946095558840316e-11,
                5.7893564572705034e-12
            ],
            [
                0.9988304895107022,
                0.0011695103478989513,
                2.9366366827978984e-11,
                1.0249869164427747e-10,
                9.53386344805377e-12
            ],
            [
                4.4398571623757544e-10,
                2.139242981103251e-08,
                5.234549994229988e-06,
                0.14804641567491925,
                0.851948327938671
            ],
            [
                1.6586657895732685e-12,
                3.9789323835557436e-12,
                5.109050311767511e-12,
                7.889265042484767e-06,
                0.9999921107242109
            ],
            [
                6.560200090119451e-12,
                2.129785145621748e-12,
                2.413362743125989e-12,
                1.0467401670233721e-08,
                0.9999999895214949
            ]
        ],
        [
            [
                0.9999999865393763,
                1.3440409764037403e-08,
                3.9789624804479756e-12,
                1.2256067273488538e-11,
                3.9789624804479756e-12
            ],
            [
                0.999992110621657,
                7.889265044397484e-06,
                2.5945898371481426e-11,
                7.9918993324152e-11,
                7.433624342276421e-12
            ],
            [
                0.0,
                1.119418087908081e-10,
                3.042893846808906e-10,
                0.03732688386671793,
                0.9626731157170508
            ],
            [
                5.017193921227719e-12,
                3.707232734316547e-11,
                8.893189015338052e-11,
                0.017986211548950738,
                0.9820137883200278
            ],
            [
                2.020683902430797e-11,
                3.0988191286135553e-12,
                3.0988191286135553e-12,
                1.4166087820222538e-09,
                0.9999999985569867
            ]
        ],
        [
            [
                0.9999999804083657,
                1.955568066915171e-08,
                9.545034718475741e-12,
                2.2897347966209653e-11,
                3.5114220381948717e-12
            ],
            [
                0.9992903295118817,
                0.0007096703441375601,
                3.329181556797092e-11,
                9.049653729482529e-11,
                2.0192506859472722e-11
            ],
            [
                0.0,
                9.399213161088335e-10,
                2.254754023486519e-09,
                0.8519527934856848,
                0.14804720331963991
            ],
            [
                1.2916840250667226e-12,
                5.78892617747181e-12,
                8.422837888080046e-12,
                7.484619699087062e-05,
                0.9999251537875057
            ],
            [
                1.2256067408097397e-11,
                2.1297851646995605e-12,
                2.7346982835587234e-12,
                8.592166593934698e-10,
                0.9999999991236628
            ]
        ],
        [
            [
                0.9999999778070742,
                2.215948927003384e-08,
                6.560200019144951e-12,
                2.2897347936363616e-11,
                3.978962445458817e-12
            ],
            [
                0.9046505293339505,
                0.095349470121389,
                1.0519490295577732e-10,
                3.671662886925792e-10,
                7.229932898496251e-11
            ],
            [
                1.2917037188048092e-12,
                1.2255343662861962e-11,
                2.0205645776700536e-11,
                5.829127673429505e-05,
                0.999941708689513
            ],
            [
                3.497407497036377e-11,
                4.260714571076472e-10,
                6.199303121054939e-10,
                0.18242551462338427,
                0.8175744842956398
            ],
            [
                2.020683904477441e-11,
                2.4133627664052527e-12,
                2.7346982854411885e-12,
                9.736200291111606e-10,
                0.9999999990010251
            ]
        ],
        [
            [
                0.9999993523884612,
                6.475946143314809e-07,
                3.978962623956954e-12,
                1.081594179681991e-11,
                2.1297852181228693e-12
            ],
            [
                0.9994472212549037,
                0.000552778585797905,
                2.288468902952438e-11,
                1.1621804042748275e-10,
                2.019566718516693e-11
            ],
            [
                2.1278442943542496e-12,
                1.0806084972603637e-11,
                1.7816222147324628e-11,
                0.0009110514032294362,
                0.9990889485660205
            ],
            [
                2.408713590011669e-12,
                1.3861189670812521e-11,
                2.285323824747751e-11,
                0.0019267343313265053,
                0.9980732656295503
            ],
            [
                2.940077723105765e-11,
                6.560200132054203e-12,
                7.43368063144601e-12,
                2.0611536110964083e-09,
                0.9999999978954517
            ]
        ],
        [
            [
                0.999999814440665,
                1.8553915978741776e-07,
                5.789357062804105e-12,
                1.2256068998132996e-11,
                2.129785441006317e-12
            ],
            [
                0.999998239608218,
                1.760343132909721e-06,
                1.5737073685111094e-11,
                2.940072429402181e-11,
                3.511415771626479e-12
            ],
            [
                2.7345733578118893e-12,
                1.573638316259827e-11,
                2.5944909644063126e-11,
                4.53978556818253e-05,
                0.9999546020999024
            ],
