{
    "[['E', 'D', 'C', 'B', 'A'], ['E', 'D', 'C', 'B', 'A']]": [
        [
            [
                0.9999999961153538,
                3.85074190523209e-09,
                3.978962517717822e-12,
                2.594609486461122e-11,
                3.978962517717822e-12
            ],
            [
                0.999999887407375,
                1.1253518378510582e-07,
                7.433681271210364e-12,
                3.7751348484043736e-11,
                1.2256068431449695e-11
            ],
            [
                5.6756852322882474e-14,
                3.5114221131633924e-12,
                0.9999999999942346,
                1.6586783588135608e-12,
                5.384940217427206e-13
            ],
            [
                3.3304264470575764e-11,
                5.600916090685132e-09,
                1.444495298264457e-07,
                0.9996644998725012,
                0.0003353500437486134
            ],
            [
                5.786861399888126e-12,
                3.330108809747048e-11,
                1.0257457264513228e-10,
                0.00043055711969040524,
                0.9995694427386471
            ]
        ],
        [
            [
                0.9999999969409465,
                2.9989608143040873e-09,
                4.5087552264287e-12,
                3.7751345309945545e-11,
                1.783247284539465e-11
            ],
            [
                0.9999999935954897,
                6.348800072462877e-09,
                4.508755211344855e-12,
                4.277787839604484e-11,
                8.423463696646491e-12
            ],
            [
                5.008774637178728e-14,
                6.560200167283091e-12,
                0.9999999998851097,
                3.775134543778052e-11,
                7.052879850176082e-11
            ],
            [
                1.7830262454415764e-11,
                1.8187362151427512e-09,
                2.5106879006824993e-08,
                0.9998765784322564,
                0.00012339462429813183
            ],
            [
                1.0795105367950082e-11,
                6.212154223816938e-11,
                1.4902183289827802e-10,
                0.0019267343315722918,
                0.9980732654464892
            ]
        ],
        [
            [
                0.9999999979187122,
                2.0611536170745517e-09,
                2.734698284475016e-12,
                1.388794382882163e-11,
                3.5114221042382844e-12
            ],
            [
                0.9999999777772847,
                2.215948926937372e-08,
                6.560200018949526e-12,
                4.2777877716756035e-11,
                1.3887943549098616e-11
            ],
            [
                2.9831977696934456e-09,
                5.016972027514036e-07,
                0.9947443845743008,
                0.005219939056026425,
                3.5171689272067014e-05
            ],
            [
                1.4917311678372988e-10,
                3.221242379045496e-08,
                1.7587387470424847e-06,
                0.9990871592390247,
                0.0009110496606313657
            ],
            [
                7.403428186522387e-12,
                7.959435405547156e-11,
                1.4870183019856372e-10,
                0.0040701377700487875,
                0.9959298619942517
            ]
        ],
        [
            [
                0.9999999918124177,
                8.152020643975668e-09,
                3.098819111924825e-12,
                2.0206838915483776e-11,
                1.225606733811529e-11
            ],
            [
                0.0015010589382610942,
                0.9984169509986883,
                7.473335961903269e-05,
                6.9512852719611515e-06,
                3.0541815959152666e-07
            ],
            [
                1.6918398480057184e-10,
                4.1397956149012415e-08,
                1.6701143429705184e-05,
                0.9999665561460004,
                1.6701143429705184e-05
            ],
            [
                3.302965045934959e-11,
                3.3691159408059235e-09,
                4.65092109463166e-08,
                0.9914224648380686,
                0.008577485250574814
            ],
            [
                8.304995456505814e-12,
                1.4720956679337749e-10,
                2.1418865583402886e-10,
                0.014063627255268765,
                0.985936372375028
            ]
        ],
        [
            [
                0.9999999989986506,
                9.736200299308642e-10,
                2.4133627684370946e-12,
                2.0206839061786813e-11,
                5.10908902087374e-12
            ],
            [
                0.9999999585419896,
                4.139937544012453e-08,
                7.433680358529944e-12,
                4.277787688376766e-11,
                8.423463398861456e-12
            ],
            [
                1.1646955955405425e-08,
                1.447305466716772e-05,
                0.017984923671445312,
                0.981943349585308,
                5.724204162367207e-05
            ],
            [
                9.961077396793063e-11,
                5.438563982018695e-09,
                1.4026241375766518e-07,
                0.970687627143362,
                0.029312227056049498
            ],
            [
                1.8794966652153237e-12,
                6.560087949007322e-12,
                6.560087949007322e-12,
                1.6701415090029353e-05,
                0.9999832985699103
            ]
        ],
        [
            [
                0.9999999972826423,
                2.646573630643278e-09,
                5.109089012106502e-12,
                4.277787855608514e-11,
                2.2897348384942008e-11
            ],
            [
                0.9999999865256861,
                1.3440409764579726e-08,
                3.978962480608528e-12,
                2.5946094622628223e-11,
                3.978962480608528e-12
            ],
            [
                4.4933583263364273e-10,
                3.5695166449498326e-08,
                6.002998253856147e-06,
                0.977016729646246,
                0.02297723121099793
            ],
            [
                4.179498205137739e-11,
                5.474062382640516e-09,
                9.703007739964198e-08,
                0.9770225293602611,
                0.02297736809380401
            ],
            [
                2.734698422462292e-12,
                3.0988192870174366e-12,
                3.0988192870174366e-12,
                1.4449803152595305e-07,
                0.9999998554930362
            ]
        ],
        [
            [
                0.9999999973046059,
                2.6465736297687775e-09,
                4.508755226723161e-12,
                3.7751345312411034e-11,
                6.560200145497142e-12
            ],
            [
                0.9859363715643265,
                0.014063627259704375,
                2.1418865590158307e-10,
                7.475918666943082e-10,
                2.1418865590158307e-10
            ],
            [
                3.3315383723457345e-11,
                3.653475447691109e-08,
                0.9999985510760823,
                1.3709565474500819e-06,
                4.139930051868811e-08
            ],
            [
                2.1723282629597605e-10,
                5.315512001758013e-08,
                6.1438965161887895e-06,
                0.9999484051351067,
                4.539759602414355e-05
            ],
            [
                7.429570750398228e-12,
                9.05107007973456e-11,
                2.1712388398240045e-10,
                0.000552778583173627,
                0.9994472211017622
            ]
        ],
        [
            [
                0.9999999918093149,
                8.152020642885517e-09,
                3.5114220825419578e-12,
                2.289734825538898e-11,
                1.2256067336476314e-11
            ],
            [
                0.9999991684265039,
                8.315279900780372e-07,
                6.560200672926469e-12,
                2.940077965507898e-11,
                9.54503565728056e-12
            ],
            [
                1.1464693372559804e-10,
                9.10753402032025e-09,
                6.384874279560388e-07,
                0.9859357374619827,
                0.01406361482840835
            ],
            [
                1.6913139775004172e-10,
                3.223073934841778e-08,
                1.0126597277375486e-05,
                0.999654494157208,
                0.0003353468456439523
            ],
            [
                2.7346879447431727e-12,
                5.109069697605065e-12,
                6.5601753473540566e-12,
                2.9023121954554856e-06,
                0.9999970976734006
            ]
        ],
        [
            [
                0.999999992676672,
                7.194132972185392e-09,
                1.5737101979682185e-11,
                9.056076916485418e-11,
                2.289734827140868e-11
            ],
            [
                0.9999999880666447,
                1.1861120000807103e-08,
                6.560200084894268e-12,
                4.277787814676977e-11,
                2.289734816585128e-11
            ],
            [
                7.044625507079511e-11,
                1.1847238479117931e-08,
                1.3693532773141397e-06,
                0.9988291100058888,
                0.001169508723149127
            ],
            [
                2.920398893155462e-11,
                2.9788878560950398e-09,
                5.280205065955617e-08,
                0.9933070931480417,
                0.006692851041815904
            ],
            [
                1.8795289584041687e-12,
                2.4133629539915893e-12,
                3.978962836165628e-12,
                8.31527988859317e-07,
                0.9999991684637394
            ]
        ],
        [
            [
                0.9999999969583282,
                2.9989608137286724e-09,
                4.5087552255635995e-12,
                2.5946094886483112e-11,
                1.2256067398619296e-11
            ],
            [
                0.9999999748487285,
                2.510999090908904e-08,
                5.789356179246982e-12,
                2.5946094312825337e-11,
                9.545034676383722e-12
            ],
            [
                1.0256166507558668e-10,
                1.3432927235166553e-08,
                3.7245784223276562e-06,
                0.9994434854361058,
                0.0005527764499829382
            ],
            [
                1.0117555696922968e-10,
                7.092954140733655e-09,
                1.1095247059492478e-07,
                0.9859362545899671,
                0.014063627263432538
            ],
            [
                5.1031093640878314e-12,
                3.3276453114479575e-11,
                7.982606124717952e-11,
                0.001169510345756636,
                0.9988304895360378
            ]
        ],
        [
            [
                0.9999999976050238,
                2.3355930314346698e-09,
                5.789356310475466e-12,
                4.2777878554801394e-11,
                1.0815941523180516e-11
            ],
            [
                0.9999999955918026,
                4.3634622311319424e-09,
                5.7893562997912364e-12,
                2.940077724587825e-11,
                9.545034875127598e-12
            ],
            [
                1.937294293114761e-09,
                8.856229995471296e-07,
                0.9399070869455548,
                0.060086250506762494,
                5.77498738885103e-06
            ],
            [
                2.2881107122358936e-11,
                2.333936377682922e-09,
                3.221899787128461e-08,
                0.9992902951080271,
                0.0007096703161575433
            ],
            [
                5.786155518518011e-12,
                4.844688700691316e-11,
                5.489751506778698e-11,
                0.000552778584144035,
                0.9994472213067255
            ]
        ],
        [
            [
                0.9999999894594208,
                1.0467401678957185e-08,
                7.43368059012289e-12,
                5.4927882901949937e-11,
                1.081594143764277e-11
            ],
            [
                0.9999999936156359,
                6.348800072202007e-09,
                4.508755211159591e-12,
                2.5946094803593766e-11,
                5.109088992782483e-12
            ],
            [
                2.4613731203358497e-10,
                3.6530016051920984e-08,
                0.999868511365448,
                9.609900875919429e-05,
                3.535284963946194e-05
            ],
            [
                1.5718682600267707e-11,
                1.6033492144340866e-09,
                5.3095633883599055e-08,
                0.9988304350063761,
                0.001169510278922059
            ],
            [
                4.508738229643463e-12,
                1.225602119891843e-11,
                1.225602119891843e-11,
                3.726639110492322e-06,
                0.9999962733318687
            ]
        ],
        [
            [
                0.9999999981257179,
                1.8189616833072481e-09,
                5.109089016137753e-12,
                4.277787858983839e-11,
                7.433680655000584e-12
            ],
            [
                0.9999999969672435,
                2.9989608143829507e-09,
                5.1090890102190045e-12,
                2.2897348376482833e-11,
                5.789356308510387e-12
            ],
            [
                1.3887944508945581e-11,
                2.3355931471003833e-09,
                0.9999998528734702,
                1.1253517993749576e-07,
                3.224186886761716e-08
            ],
            [
                6.846142189165316e-11,
                7.913064467060672e-09,
                6.625527759964142e-08,
                0.9706876965956904,
                0.02931222916750614
            ],
            [
                3.511422246717959e-12,
                3.511422246717959e-12,
                2.734698395438298e-12,
                3.9278636946362795e-07,
                0.999999607203873
            ]
        ],
        [
            [
                0.9999999865133427,
                1.34404097650548e-08,
                4.5087551798718655e-12,
                3.331544496041737e-11,
                8.423463637847206e-12
            ],
            [
                0.9999999950229932,
                4.94445047402146e-09,
                3.0988191212253804e-12,
                2.2897348327173317e-11,
                6.5602001311138045e-12
            ],
            [
                2.289695587957286e-11,
                4.9443657289367286e-09,
                3.927796201944334e-07,
                0.9999829008386789,
                1.6701414438241017e-05
            ],
            [
                5.432442151816322e-11,
                4.315523329172299e-09,
                5.957396194926225e-08,
                0.9890129930774028,
                0.010986942978787596
            ],
            [
                1.879489542409217e-12,
                1.2255811344602518e-11,
                2.5945552820125336e-11,
                2.1444939747592857e-05,
                0.9999785550201716
            ]
        ],
        [
            [
                0.9999999987123223,
                1.2501528643291753e-09,
                5.789356319202225e-12,
                2.594609494006122e-11,
                5.789356319202225e-12
            ],
            [
                0.9999999826546647,
                1.725782767842613e-08,
                7.43368053902269e-12,
                6.224144511272361e-11,
                1.783247258830555e-11
            ],
            [
                5.896165491110196e-10,
                1.2732184375077294e-07,
                4.532971621734689e-05,
                0.9984534283326256,
                0.0015011140396967066
            ],
            [
                6.224097738725265e-11,
                7.194078839578462e-09,
                3.0589972452378253e-07,
                0.9999917975860796,
                7.88925787604407e-06
            ],
            [
                0.0,
                8.422966299422741e-12,
                1.0815302812363089e-11,
                5.829127667919965e-05,
                0.9999417087040825
            ]
        ],
        [
            [
                0.999999994902482,
                4.9444504741574615e-09,
                2.289734832780313e-11,
                1.1628232964885891e-10,
                1.3887943786932397e-11
            ],
            [
                0.9999999827026936,
                1.725782768045251e-08,
                5.109088937027289e-12,
                2.594609452044553e-11,
                8.423463604375599e-12
            ],
            [
                2.332570321328913e-09,
                1.3691847952670923e-06,
                0.00012325008749023594,
                0.9987060141232288,
                0.001169364271915435
            ],
            [
                1.0254601603266223e-10,
                6.344297359293914e-09,
                1.85407369602214e-07,
                0.9992901377720153,
                0.0007096703737718104
            ],
            [
                0.0,
                1.0225777476118556e-09,
                9.701947541479785e-09,
                0.4378234941925593,
                0.5621764950829153
            ]
        ],
        [
            [
                0.9999999917898673,
                8.15202064329264e-09,
                5.789356278182195e-12,
                4.2777878316184596e-11,
                9.545034839500312e-12
            ],
            [
                0.9999999714915252,
                2.845334726384423e-08,
                5.78935616066786e-12,
                4.277787744786459e-11,
                6.560199977713687e-12
            ],
            [
                1.680933621649204e-09,
                5.281341481501192e-07,
                0.07585620645932459,
                0.9241178167972761,
                2.5446928317543682e-05
            ],
            [
                3.329702620719877e-11,
                2.6451104194673114e-09,
                1.1247295704539e-07,
                0.9994471062639726,
                0.0005527785846629857
            ],
            [
                0.0,
                8.878265386629522e-13,
                1.658678341758103e-12,
                9.237449566425326e-09,
                0.999999990760004
            ]
        ],
        [
            [
                0.9999999985371435,
                1.416608783622965e-09,
                4.508755232682091e-12,
                3.331544535063509e-11,
                8.423463736509697e-12
            ],
            [
                0.02931222699893896,
                0.9706877415905563,
                2.1509937774696984e-08,
                6.162700352614889e-09,
                3.737866710482787e-09
            ],
            [
                1.813052536647135e-09,
                9.391853614572156e-07,
                0.003172442601624671,
                0.9967520076655373,
                7.460873442399378e-05
            ],
            [
                4.260378580735005e-11,
                2.635802893672664e-09,
                4.1230894384999457e-08,
                0.9959298184944246,
                0.004070137596274336
            ],
            [
                7.432164389334861e-12,
                1.7828835534277464e-11,
                2.289267797595783e-11,
                0.0002034270606078282,
                0.9997965728912385
            ]
        ],
        [
            [
                0.9999999983030099,
                1.6052280510823169e-09,
                7.433680653350163e-12,
                5.492788336913981e-11,
                2.940077731769026e-11
            ],
            [
                0.9999993523346147,
                6.475946144321215e-07,
                6.560200314458125e-12,
                4.847368814375358e-11,
                1.573710245782878e-11
            ],
            [
                8.258073285122318e-14,
                7.433680671961872e-12,
                0.9999999999852449,
                5.109089027795065e-12,
                2.129785170843958e-12
            ],
            [
                5.4456692979251786e-11,
                3.369116293646198e-09,
                5.971901521940575e-08,
                0.9914224507112028,
                0.008577486146208986
            ],
            [
                3.511415688654363e-12,
                6.5601881651925976e-12,
                7.433667071215295e-12,
                2.26032527133802e-06,
                0.9999977396572234
            ]
        ],
        [
            [
                0.9999999969463189,
                2.9989608144822637e-09,
                4.508755226696578e-12,
                4.2777878541697935e-11,
                7.433680646635027e-12
            ],
            [
                0.9999999927673783,
                7.194132974044587e-09,
                3.978962504709211e-12,
                2.9400777162837973e-11,
                5.1090889880941445e-12
            ],
            [
                3.0379753852275735e-14,
                3.5114221131273644e-12,
                0.9999999999912881,
                3.5114221131273644e-12,
                1.6586783587965422e-12
            ],
            [
                7.047877184073446e-11,
                7.1890301712178035e-09,
                1.4439539323966174e-07,
                0.9992901780273238,
                0.0007096703177741267
            ],
            [
                7.430477126073012e-12,
                6.221462326448381e-11,
                2.171503721623327e-10,
                0.0004305571172910791,
                0.9995694425959135
            ]
        ],
        [
            [
                0.9999999981341905,
                1.8189616832112737e-09,
                5.10908901586818e-12,
                3.331544534214179e-11,
                8.423463734362253e-12
            ],
            [
                0.999999971457644,
                2.8453347258668607e-08,
                6.560199976520396e-12,
                6.224144441091092e-11,
                2.0206838499949795e-11
            ],
            [
                9.545035393215413e-12,
                5.602796713640414e-09,
                0.9999997365949977,
                2.382369784903863e-07,
                1.9555682051545165e-08
            ],
            [
                1.4662389851941402e-10,
                1.0279128865582434e-08,
                1.1051104997525483e-07,
                0.9820136675657715,
                0.017986211497425852
            ],
            [
                1.0723158033862986e-11,
                1.1528481341844155e-10,
                4.023835366173599e-10,
                0.008577485666548335,
                0.9914225138050602
            ]
        ],
        [
            [
                0.9999999943169167,
                5.602796403119352e-09,
                5.789356293166701e-12,
                6.224144584672932e-11,
                1.2256067368810599e-11
            ],
            [
                0.9999999907108085,
                9.237449569157803e-09,
                4.5087551969933426e-12,
                2.940077709744195e-11,
                1.783247272897555e-11
            ],
            [
                7.108623266679734e-09,
                1.7394244217058639e-06,
                0.3207938655125249,
                0.6791205777923189,
                8.381016211122267e-05
            ],
            [
                6.216859716002672e-11,
                5.596238773323374e-09,
                1.4432903786461624e-07,
                0.9988303397055516,
                0.0011695103070031908
            ],
            [
                3.51141569069406e-12,
                1.2256045026735021e-11,
                8.423448347254394e-12,
                1.0677030753560566e-06,
                0.9999989322727337
            ]
        ],
        [
            [
                0.9999999927158495,
                7.19413297310822e-09,
                1.3887943754508912e-11,
                6.224144573405236e-11,
                1.3887943754508912e-11
            ],
            [
                0.9999999895072754,
                1.046740168009908e-08,
                3.5114220749172044e-12,
                1.783247271283391e-11,
                3.9789624922571356e-12
            ],
            [
                8.574305197501389e-10,
                2.3774171903097914e-07,
                0.0011684455927326082,
                0.9979213294655213,
                0.000909986342596487
            ],
            [
                3.327645150252706e-11,
                2.643475968229355e-09,
                4.685673269175678e-08,
                0.9988304401813851,
                0.001169510285129804
            ],
            [
                5.787413543039913e-12,
                3.773867688871211e-11,
                7.050513053617724e-11,
                0.0003353500550221785,
                0.9996646498309466
            ]
        ],
        [
            [
                0.9999999972980296,
                2.6465736303789146e-09,
                3.098819128733985e-12,
                2.9400777298082734e-11,
                2.2897348382654818e-11
            ],
            [
                0.0024725911670393946,
                0.9975145882673654,
                1.1450374215774163e-05,
                1.2068605632857623e-06,
                1.6333081615937657e-07
            ],
            [
                6.685003768206229e-10,
                1.2739374376597772e-07,
                0.0005525405802414581,
                0.9990170123209436,
                0.00043031903657077595
            ],
            [
                2.2870550133296836e-11,
                2.9954509371741278e-09,
                8.753990824074286e-08,
                0.9988303990656489,
                0.0011695103761214674
            ],
            [
                1.7759900922655265e-11,
                1.4870182982468935e-10,
                1.0987661625882686e-09,
                0.0040701377741742305,
                0.9959298609605978
            ]
        ],
        [
            [
                0.9999999935749504,
                6.348800071503166e-09,
                7.433680620200607e-12,
                5.492788312419588e-11,
                1.3887943767532042e-11
            ],
            [
                0.9999999907233813,
                9.237449570096979e-09,
                5.7893562711510036e-12,
                2.5946094724710585e-11,
                7.433680598418457e-12
            ],
            [
                3.330865161930499e-11,
                3.3975748328146645e-09,
                1.8550130047085e-07,
                0.9997963841907881,
                0.00020342687702793477
            ],
            [
                2.9373985902321464e-11,
                3.847232929983077e-09,
                1.853700635209547e-07,
                0.9990887597412126,
                0.0009110510121170594
            ],
            [
                8.379492195874311e-12,
                1.156753216595172e-10,
                3.5630507477965776e-10,
                0.00522012569008856,
                0.9947798738295517
            ]
        ],
        [
            [
                0.999999997317182,
                2.646573630429603e-09,
                4.5087552278489566e-12,
                2.5946094899634434e-11,
                5.78935631018179e-12
            ],
            [
                0.999999982681426,
                1.725782768362425e-08,
                9.545034754517162e-12,
                4.277787793531655e-11,
                8.42346360592371e-12
            ],
            [
                5.590713115740509e-09,
                1.3680010903973383e-06,
                0.1191753360009258,
                0.8805932279981143,
                0.00023006240915636103
            ],
            [
                1.1619963054300933e-10,
                1.9541773126832157e-08,
                8.309381299966287e-07,
                0.9992894797512536,
                0.0007096696526437741
            ],
            [
                4.494450697946845e-12,
                4.83198987177966e-11,
                7.03050377896151e-11,
                0.0031726830680442134,
                0.9968273168088364
            ]
        ],
        [
            [
                0.9999999991035895,
                8.592166606398066e-10,
                3.098819134114065e-12,
                2.0206839060175798e-11,
                1.3887943844313471e-11
            ],
            [
                0.9999999907216205,
                9.237449570080713e-09,
                6.560200102895938e-12,
                2.59460947246649e-11,
                8.423463670675922e-12
            ],
            [
                2.789409762392204e-10,
                8.76406495053368e-08,
                1.3007025658888701e-05,
                0.9999790158948969,
                7.889159853784915e-06
            ],
            [
                2.0167911299108612e-11,
                2.057182879794991e-09,
                3.217975450708717e-08,
                0.9980732314768229,
                0.0019267342660717526
            ],
            [
                7.834997392965472e-13,
                3.978939991669216e-12,
                5.109060080778584e-12,
                4.785094843835838e-06,
                0.9999952148952846
            ]
        ],
        [
            [
                0.9999999981335101,
                1.8189616832100362e-09,
                5.789356314907804e-12,
                3.3315445342119124e-11,
                8.423463734356523e-12
            ],
            [
                0.2689414046710696,
                0.7310585767284687,
                9.825733403332214e-09,
                5.959608563283546e-09,
                2.81511975272408e-09
            ],
            [
                7.991670517237712e-11,
                2.2158687414706765e-08,
                0.999964315615528,
                3.535625433182381e-05,
                3.058915360029532e-07
            ],
            [
                2.5479414363070874e-11,
                2.2935837881809525e-09,
                6.702834350183999e-08,
                0.9820137182281119,
                0.017986212424481406
            ],
            [
                1.556420646131584e-11,
                8.95658241521938e-11,
                5.154157313448731e-10,
                0.010986942369982315,
                0.989013057009472
            ]
        ],
        [
            [
                0.9999999917664985,
                8.152020643601333e-09,
                8.423463681240049e-12,
                6.22414456879876e-11,
                1.081594146325831e-11
            ],
            [
                0.029312227753011764,
                0.970687767064426,
                2.9110535988228166e-09,
                1.7656432597528388e-09,
                5.058652634630509e-10
            ],
            [
                1.092952923581928e-10,
                8.68240048875233e-09,
                3.6918506313962303e-07,
                0.9399129981985186,
                0.0600866238247225
            ],
            [
                4.84527996046884e-11,
                7.191033056695879e-09,
                1.8545918688795857e-07,
                0.9995692503690119,
                0.00043055693231528125
            ],
            [
                1.0814910593574234e-11,
                7.991198108083939e-11,
                2.1722328604820873e-10,
                9.610239915347851e-05,
                0.9999038972928964
            ]
        ],
        [
            [
                0.9999999965449604,
                3.3982678054799415e-09,
                6.560200141098214e-12,
                4.2777878513265534e-11,
                7.433680641694217e-12
            ],
            [
                0.0009110488250309739,
                0.9990864824526402,
                2.258265334919423e-06,
                1.635881921804355e-07,
                4.686880176938141e-08
            ],
            [
                5.67568523207808e-14,
                3.5114221130333667e-12,
                0.9999999999928382,
                1.4637785139828648e-12,
                2.129785170747657e-12
            ],
            [
                1.0236485971075576e-10,
                1.1831769070393643e-08,
                1.3675678669060861e-06,
                0.9975260009567972,
                0.002472619541201996
            ],
            [
                2.7344951029839084e-12,
                1.5735932837155767e-11,
                4.27747002850925e-11,
                7.4846197003443e-05,
                0.9999251537417515
            ]
        ],
        [
            [
                0.9999999972974254,
                2.6465736301936725e-09,
                1.0815941521667663e-11,
                3.775134531847184e-11,
                7.433680647872298e-12
            ],
            [
                0.999999994339442,
                5.602796401573959e-09,
                8.4234637004e-12,
                4.277787841510673e-11,
                6.5602001260450736e-12
            ],
            [
                4.9339089593132816e-09,
                1.550189592091437e-06,
                0.7771408277665421,
                0.22265458234081642,
                0.00020303476914040024
            ],
            [
                7.989873120369178e-11,
                1.5226003060066644e-08,
                6.474255072169282e-07,
                0.9997381471773381,
                0.00026119009125294743
            ],
            [
                5.789356261677838e-12,
                1.6586783397032784e-12,
                3.9789624897525595e-12,
                1.0467401673510326e-08,
                0.9999999895211714
            ]
        ],
        [
            [
                0.9999999978851699,
                2.06115361670033e-09,
                9.54503489626736e-12,
                3.3315445328914304e-11,
                1.0815941527174235e-11
            ],
            [
                0.9999999396758682,
                6.023574637989473e-08,
                1.3887945709680425e-11,
                6.224145449652317e-11,
                1.2256069072055996e-11
            ],
            [
                2.0206838705824897e-11,
                4.363462169937003e-09,
                0.9999999811086376,
                1.186111992570823e-08,
                2.64657358856301e-09
            ],
            [
                3.3314243719559406e-11,
                3.85060302488963e-09,
                3.058912864766843e-07,
                0.9999643339993057,
                3.5356225490508554e-05
            ],
            [
                2.5581186931999925e-11,
                4.001570903378798e-10,
                4.001570903378798e-10,
                0.014063627235863534,
                0.985936371938241
            ]
        ],
        [
            [
                0.9999999991218136,
                8.592166605113523e-10,
                2.7346982871166978e-12,
                1.2256067424043133e-11,
                3.978962529325896e-12
            ],
            [
                0.9999999748611816,
                2.5109990911376092e-08,
                5.109088896609792e-12,
                2.020683857031336e-11,
                3.5114220230299078e-12
            ],
            [
                6.5542217890053844e-12,
                5.899922433536386e-10,
                9.229031477307335e-09,
                0.999088938782034,
                0.0009110513923880249
            ],
            [
                1.1628166792460722e-10,
                2.2159363546537964e-08,
                1.0676989463221893e-06,
                0.9999951833899104,
                3.7266354979850823e-06
            ],
            [
                5.785250070712837e-12,
                3.77245692769954e-11,
                1.4920356582964925e-10,
                0.0007096703427286129,
                0.999290329464558
            ]
        ],
        [
            [
                0.9999999961130137,
                3.850741905793055e-09,
                5.78935630321043e-12,
                2.594609486839097e-11,
                4.5087552224196565e-12
            ],
            [
                0.9999999778010383,
                2.2159489266620105e-08,
                3.5114220330768887e-12,
                2.9400776720504214e-11,
                6.5602000181343325e-12
            ],
            [
                6.431393940989209e-14,
                5.1090890276956845e-12,
                0.9999999999902833,
                2.1297851708025297e-12,
                2.4133627716595524e-12
            ],
            [
                2.2892677934427563e-11,
                3.849956461734497e-09,
                2.3818837199681117e-07,
                0.9997963310725432,
                0.0002034268662357152
            ],
            [
                3.5114222729402057e-12,
                7.433681010148531e-12,
                7.433681010148531e-12,
                5.043472045029123e-07,
                0.9999994956344168
            ]
        ],
        [
            [
                0.9999999955665375,
                4.363462230289834e-09,
                5.789356298673943e-12,
                4.8473686811040816e-11,
                1.5737102025160294e-11
            ],
            [
                0.9999999584927117,
                4.1399375433904747e-08,
                1.2256066924852741e-11,
                7.991959554362524e-11,
                1.5737101440136887e-11
            ],
            [
                1.493089061104364e-10,
                9.931156963836296e-08,
                0.9999960463813846,
                3.726639157225006e-06,
                1.2751857958681265e-07
            ],
            [
                4.269547213351835e-11,
                2.9931836792568254e-09,
                1.8518154031661252e-07,
                0.998073077358124,
                0.0019267344244564826
            ],
            [
                3.0983287129103747e-12,
                1.5734611519085706e-11,
                2.5941988697719855e-11,
                0.00015843624668410535,
                0.9998415637085409
            ]
        ],
        [
            [
                0.9999999989807149,
                9.736200300008106e-10,
                6.560200159393463e-12,
                3.331544537717557e-11,
                5.789356320999701e-12
            ],
            [
                0.0011695103279248747,
                0.9988303579722422,
                1.1240346252337677e-07,
                1.7237629268527605e-08,
                2.0587412294215346e-09
            ],
            [
                1.0245881738542545e-10,
                2.21249439433053e-08,
                5.8203784492795755e-05,
                0.9984406793078159,
