{
    "[['E', 'D', 'C', 'B', 'A'], ['E', 'D', 'C', 'B', 'A']]": [
        [
            [
                0.9999997617081737,
                2.3823698436398018e-07,
                5.789356756760594e-12,
                3.331544788480637e-11,
                1.5737103270368914e-11
            ],
            [
                0.9999999585197004,
                4.13993754515533e-08,
                2.0206838242743196e-11,
                5.492788120586013e-11,
                5.78935608592386e-12
            ],
            [
                4.274745586110137e-11,
                4.940934101062936e-09,
                1.0669446788786893e-06,
                0.9992892584071653,
                0.000709669664474149
            ],
            [
                3.81477325199431e-10,
                4.409278369652153e-08,
                2.124509293664178e-06,
                0.939911307654057,
                0.060086523362388455
            ],
            [
                8.423464800995073e-12,
                7.433681595908517e-12,
                2.2897351301209295e-11,
                1.8553915931287634e-07,
                0.9999998144220862
            ]
        ],
        [
            [
                0.9999999894943025,
                1.0467401679322306e-08,
                6.5602000958155085e-12,
                2.594609469666126e-11,
                5.789356264892352e-12
            ],
            [
                0.9999982395982319,
                1.7603431331873967e-06,
                7.433667248039848e-12,
                4.2777801438106257e-11,
                8.423448542729884e-12
            ],
            [
                2.44521072860816e-10,
                4.112212154415609e-08,
                4.7530664640417585e-06,
                0.9933023864209088,
                0.006692819145984443
            ],
            [
                7.991655772769426e-11,
                3.2240640464176214e-08,
                3.535615538198592e-05,
                0.9999623512806669,
                2.260243394062383e-06
            ],
            [
                1.2917799699910142e-12,
                1.4637784746980292e-12,
                3.978962428661151e-12,
                2.5109990881084947e-08,
                0.9999999748832746
            ]
        ],
        [
            [
                0.9999999894667483,
                1.0467401679674865e-08,
                1.0815941438384348e-11,
                4.8473686529823694e-11,
                6.5602000960364675e-12
            ],
            [
                0.999999887428572,
                1.125351837539163e-07,
                4.5087556042710515e-12,
                2.594609706579403e-11,
                5.789356793517327e-12
            ],
            [
                1.3861189086854956e-11,
                1.4138797250828593e-09,
                4.1319622318355924e-08,
                0.9980732230018823,
                0.001926734250754361
            ],
            [
                1.4930435983034663e-10,
                6.825369876444181e-08,
                1.300685268203908e-05,
                0.9999654800696332,
                2.144467468174084e-05
            ],
            [
                3.0987661305126054e-12,
                6.5600879497739796e-12,
                5.4926943916556487e-11,
                1.6701415091981195e-05,
                0.9999832985203222
            ]
        ],
        [
            [
                0.9999999803747743,
                1.9555680687263274e-08,
                6.560200033771736e-12,
                4.277787781340899e-11,
                2.020683867629634e-11
            ],
            [
                0.9999921106833931,
                7.889265042162742e-06,
                7.433624340170746e-12,
                3.3315192958342246e-11,
                1.081585959444533e-11
            ],
            [
                3.596093873693809e-11,
                1.963400728492054e-09,
                1.376450176727228e-07,
                0.9525739971176023,
                0.047425863238018416
            ],
            [
                7.879560010600672e-11,
                6.25950982984532e-09,
                3.87262160153673e-07,
                0.9859359863326839,
                0.014063620066850614
            ],
            [
                1.2256067361605717e-11,
                5.109088993674807e-12,
                7.43368062231719e-12,
                5.6027963998256785e-09,
                0.9999999943724047
            ]
        ],
        [
            [
                0.9999999965514381,
                3.398267804856086e-09,
                7.433680640329539e-12,
                3.331544527814856e-11,
                9.545034881722732e-12
            ],
            [
                0.9999999530430363,
                4.6911637993941075e-08,
                5.1090887858063195e-12,
                2.940077599875191e-11,
                1.0815941044427608e-11
            ],
            [
                6.38760114073585e-11,
                3.0777185856795415e-09,
                2.4449347063339544e-07,
                0.3775405751376438,
                0.6224591772272909
            ],
            [
                1.0208291802681734e-10,
                1.0412740723109283e-08,
                1.0621294420733889e-06,
                0.9947788066493664,
                0.005220120706367914
            ],
            [
                7.433680602710316e-12,
                2.4133627492238082e-12,
                1.0815941455957367e-11,
                6.3488000565654296e-09,
                0.9999999936305369
            ]
        ],
        [
            [
                0.9999999777794834,
                2.2159489270779397e-08,
                7.433680503753173e-12,
                4.2777877719469634e-11,
                1.0815941311975573e-11
            ],
            [
                0.9999996940449061,
                3.059023588847127e-07,
                6.560200991290462e-12,
                3.775135017961554e-11,
                8.423464811397069e-12
            ],
            [
                2.2897348962153502e-11,
                1.3440410247972364e-08,
                0.99999911360937,
                8.315279444610219e-07,
                4.139937810217506e-08
            ],
            [
                7.035440468536288e-11,
                1.0441519456135822e-08,
                3.0514592769339917e-07,
                0.9975270624451257,
                0.0024726218970727936
            ],
            [
                7.433680595346063e-12,
                3.5114220770013938e-12,
                7.433680595346063e-12,
                9.237449566279074e-09,
                0.9999999907441716
            ]
        ],
        [
            [
                0.9999999748318968,
                2.5109990913920738e-08,
                5.789356180360978e-12,
                4.277787759337814e-11,
                9.545034678220391e-12
            ],
            [
                0.9999898699521452,
                1.0129988098770394e-05,
                7.433610343524315e-12,
                4.277747397522891e-11,
                9.544944618838116e-12
            ],
            [
                4.2672101432523034e-11,
                6.333101379146327e-09,
                2.3764787599415323e-07,
                0.9975271330236467,
                0.002472622952703674
            ],
            [
                5.491887482123574e-11,
                1.0465685042629507e-08,
                4.7843371506728605e-06,
                0.9998367696551781,
                0.00015843548706729398
            ],
            [
                6.560200854990476e-12,
                5.109089562972283e-12,
                1.0815942689687966e-11,
                8.764249137038701e-08,
                0.9999999123350234
            ]
        ],
        [
            [
                0.9999999677293063,
                3.224186630070858e-08,
                5.109088858215167e-12,
                2.0206838418459674e-11,
                3.5114219966416935e-12
            ],
            [
                0.9999999804116537,
                1.9555680694595767e-08,
                3.978962455822342e-12,
                2.2897347996001584e-11,
                5.789356212309662e-12
            ],
            [
                7.979912199903175e-11,
                1.045162243078999e-08,
                6.1349500965772936e-06,
                0.9984926817127683,
                0.0015011728057136551
            ],
            [
                7.046452964592429e-11,
                1.0457863449428788e-08,
                6.470051010556546e-07,
                0.9990882918813843,
                0.0009110505851867606
            ],
            [
                1.6586784907206377e-12,
                1.8795289658953086e-12,
                3.978962852024372e-12,
                1.1253518366183493e-07,
                0.9999998874572991
            ]
        ],
        [
            [
                0.9999999983552934,
                1.6052280517089318e-09,
                5.109089016997815e-12,
                2.594609492656937e-11,
                8.423463736224705e-12
            ],
            [
                0.9999994953248365,
                5.043472047634068e-07,
                3.3315446952769677e-11,
                2.461697064949633e-10,
                4.847368929044799e-11
            ],
            [
                0.0,
                1.3966854694506521e-09,
                1.2572561928907031e-07,
                0.9859362457323764,
                0.0140636271453189
            ],
            [
                9.038613982722863e-11,
                1.3414492550846218e-08,
                1.7569518025999174e-06,
                0.9980714979304197,
                0.001926731612898942
            ],
            [
                3.775135002650312e-11,
                2.020684154370648e-11,
                2.940078096264333e-11,
                6.825604205089467e-08,
                0.999999931656599
            ]
        ],
        [
            [
                0.9999999943587148,
                5.602796402621674e-09,
                5.109088996224425e-12,
                2.594609482107339e-11,
                7.433680626026862e-12
            ],
            [
                0.9999994956001763,
                5.043472049022737e-07,
                7.433681016034805e-12,
                3.7751347188155324e-11,
                7.433681016034805e-12
            ],
            [
                4.8461030428674236e-11,
                9.235037734452572e-09,
                6.474255109776437e-07,
                0.9997381531982201,
                0.00026119009277012834
            ],
            [
                2.1712304580632609e-10,
                2.843750706703734e-08,
                4.782448780816547e-06,
                0.9994424129724611,
                0.0005527759241280687
            ],
            [
                5.109089666580831e-12,
                9.545036115748378e-12,
                2.2897351318092455e-11,
                3.059023587325134e-07,
                0.9999996940600898
            ]
        ],
        [
            [
                0.9999999917928518,
                8.15202064275131e-09,
                6.560200110439247e-12,
                3.7751345110666775e-11,
                1.0815941462130516e-11
            ],
            [
                0.9999999956128718,
                4.363462231223877e-09,
                3.098819123296962e-12,
                1.783247281938243e-11,
                2.7346982779794806e-12
            ],
            [
                4.348482456203395e-09,
                9.390107463375067e-07,
                0.003171854287550296,
                0.9965668406983922,
                0.00026036165482877353
            ],
            [
                8.847997616643277e-11,
                7.028835110249327e-09,
                2.3276282943899327e-07,
                0.9770223979073441,
                0.022977362212511343
            ],
            [
                3.978962519632707e-12,
                1.879528808884604e-12,
                3.5114220990760615e-12,
                2.6465736281308077e-09,
                0.9999999973440565
            ]
        ],
        [
            [
                0.9999999973086913,
                2.646573630015393e-09,
                5.7893563092757095e-12,
                2.940077729404438e-11,
                9.545034890764852e-12
            ],
            [
                0.9999999950090113,
                4.944450472446931e-09,
                5.789356294199407e-12,
                3.331544522295052e-11,
                7.433680628013191e-12
            ],
            [
                5.3665821166814275e-11,
                5.474062578775299e-09,
                1.8127588346807206e-07,
                0.9770224497631046,
                0.022977363433283524
            ],
            [
                1.6916818876013164e-10,
                3.223775047392344e-08,
                3.7261808768557515e-06,
                0.9998728472483875,
                0.00012339416381691463
            ],
            [
                3.0988191308933378e-12,
                1.6586783547239437e-12,
                1.6586783547239437e-12,
                1.4166087830644443e-09,
                0.999999998576975
            ]
        ],
        [
            [
                0.9999999677211826,
                3.2241866304135235e-08,
                4.50875509288354e-12,
                2.2897347697682415e-11,
                9.545034606536935e-12
            ],
            [
                0.9975273762894867,
                0.0024726229688845063,
                9.033683993391067e-11,
                5.198526208255836e-10,
                1.314393265275787e-10
            ],
            [
                3.3308587227648445e-11,
                3.849949223319166e-09,
                1.7599856122463743e-06,
                0.9997948094533603,
                0.0002034266777696415
            ],
            [
                5.470424017142914e-11,
                5.579984196867791e-09,
                5.022946491295624e-07,
                0.9959293563567204,
                0.0040701357139419
            ],
            [
                3.511421995108996e-12,
                6.5601999472009705e-12,
                1.2256067031305293e-11,
                3.2241866286635356e-08,
                0.999999967735806
            ]
        ],
        [
            [
                0.9999999777811276,
                2.2159489269458876e-08,
                5.789356197080609e-12,
                4.277787771692043e-11,
                1.0815941311331033e-11
            ],
            [
                0.9999999865087184,
                1.344040976499265e-08,
                6.560200077298572e-12,
                3.775134491995536e-11,
                6.560200077298572e-12
            ],
            [
                1.7974034030342154e-09,
                6.399199366537602e-07,
                0.3208047732046214,
                0.6791437499409445,
                5.083513709406794e-05
            ],
            [
                6.223539248929371e-11,
                9.23655120732485e-09,
                5.042990895432018e-07,
                0.9999033840064425,
                9.610239568133246e-05
            ],
            [
                2.129785115100233e-12,
                3.098819057452477e-12,
                7.433680477397156e-12,
                2.5109990898907466e-08,
                0.9999999748773469
            ]
        ],
        [
            [
                0.9999999880719416,
                1.1861120004408702e-08,
                8.423463650119083e-12,
                4.2777878159759165e-11,
                1.573710191191225e-11
            ],
            [
                0.9999999585478894,
                4.1399375450185176e-08,
                6.560199892800844e-12,
                3.775134385824424e-11,
                8.423463400908481e-12
            ],
            [
                4.1605230749018573e-10,
                1.2158830701930807e-08,
                3.371306765854376e-06,
                0.9046474676764722,
                0.09534914844187896
            ],
            [
                2.1682467411247255e-10,
                2.8398428087092793e-08,
                3.7194600712253055e-06,
                0.9980695248148798,
                0.0019267271097963047
            ],
            [
                5.492788776978473e-11,
                2.5946096995158554e-11,
                3.775134837080681e-11,
                1.1253518344755128e-07,
                0.9999998873461912
            ]
        ],
        [
            [
                0.9999999976168787,
                2.3355930320161616e-09,
                5.789356311916841e-12,
                3.331544532490732e-11,
                8.423463730004697e-12
            ],
            [
                0.9995694424179247,
                0.00043055712069744523,
                5.490421236576286e-11,
                3.1595192740400583e-10,
                9.052174277847023e-11
            ],
            [
                2.7634177926225077e-11,
                1.0369648764247526e-09,
                1.8380642233687803e-08,
                0.06008665320134551,
                0.9399133273534133
            ],
            [
                1.6732970518205856e-10,
                2.8140529541849053e-08,
                7.802581472634127e-06,
                0.9890053110100417,
                0.010986858100626322
            ],
            [
                3.302965202202274e-11,
                2.4405795171888416e-10,
                1.0937918547476184e-09,
                0.008577485649287305,
                0.9914225129798332
            ]
        ],
        [
            [
                0.9999646436516153,
                3.535625749801108e-05,
                1.783182882050498e-11,
                6.223919814231465e-11,
                1.0815550898383637e-11
            ],
            [
                0.9999998723486885,
                1.2751906746336834e-07,
                1.5737103132970363e-11,
                9.056077580156942e-11,
                2.5946096674529862e-11
            ],
            [
                2.1693345651970514e-10,
                2.507409836183989e-08,
                0.00026088485538996596,
                0.9985698844826284,
                0.0011692053709497895
            ],
            [
                5.49135358631005e-11,
                1.1858021922402253e-08,
                3.92683755296432e-07,
                0.9997384050890414,
                0.00026119031426786137
            ],
            [
                5.789357050557201e-12,
                5.1090896650730194e-12,
                8.42346480472008e-12,
                3.059023586422345e-07,
                0.9999996940783193
            ]
        ],
        [
            [
                0.9999997617372253,
                2.3823698437090131e-07,
                3.978962830133225e-12,
                1.7832474227089488e-11,
                3.978962830133225e-12
            ],
            [
                0.9999038972306133,
                9.610239922343711e-05,
                4.2773801180250186e-11,
                2.7892022058537416e-10,
                4.846906663918849e-11
            ],
            [
                1.8939940413529576e-10,
                1.9319264442011108e-08,
                0.0002924657239468635,
                0.3207274583981979,
                0.6789800563691913
            ],
            [
                7.693640586172278e-11,
                6.111815737382915e-09,
                9.560488372386902e-08,
                0.9626730139247051,
                0.037326884281659096
            ],
            [
                3.977247802977459e-12,
                2.9388107135549125e-11,
                2.1715037226595664e-10,
                0.00043055711937525933,
                0.999569442630109
            ]
        ],
        [
            [
                0.9999999317060767,
                6.8256042276801e-08,
                3.5114225513498754e-12,
                2.594609821897442e-11,
                8.423464805112128e-12
            ],
            [
                0.9999999585549066,
                4.139937543174335e-08,
                8.423463397156152e-12,
                3.331544400846579e-11,
                3.978962367054769e-12
            ],
            [
                2.1718517847938805e-10,
                4.138816902733853e-08,
                1.0127341393987637e-05,
                0.9997286434762434,
                0.000261187577008401
            ],
            [
                1.0208310910178737e-10,
                7.1565784572127275e-09,
                3.9073594433086845e-07,
                0.9947794790019376,
                0.005220123003456612
            ],
            [
                9.545034405916385e-12,
                5.789356015200249e-12,
                9.545034405916385e-12,
                5.315784966540899e-08,
                0.9999999468172709
            ]
        ],
        [
            [
                0.9999999918177008,
                8.15202064295388e-09,
                3.5114220825714043e-12,
                2.0206838912951016e-11,
                6.560200110602261e-12
            ],
            [
                0.9999998874274575,
                1.1253518376381746e-07,
                3.978962855630219e-12,
                2.5946097068076842e-11,
                7.433681269804128e-12
            ],
            [
                8.978355849805098e-11,
                1.1759325546536223e-08,
                4.744050517527406e-06,
                0.9914177995192132,
                0.008577444581160241
            ],
            [
                2.1723574255071948e-10,
                3.22406428219463e-08,
                2.902210178116367e-06,
                0.9999617091739758,
                3.5356157967594787e-05
            ],
            [
                2.7346985102609e-12,
                3.978962853998795e-12,
                6.5602006927135015e-12,
                1.1253518371767663e-07,
                0.9999998874515424
            ]
        ],
        [
            [
                0.9999999826854006,
                1.7257827678956566e-08,
                6.5602000506925435e-12,
                4.277787792374651e-11,
                7.433680539251171e-12
            ],
            [
                0.9999996940489913,
                3.0590235892592087e-07,
                5.789357055926109e-12,
                3.331544960638505e-11,
                9.545036121783247e-12
            ],
            [
                2.523484811271258e-10,
                1.5612247694993078e-08,
                4.328839456626785e-06,
                0.9046465980163418,
                0.0953490572796054
            ],
            [
                2.939612343889851e-11,
                4.362771544936226e-09,
                5.042673466699804e-07,
                0.9998410552498749,
                0.0001584360906107562
            ],
            [
                7.433680633114823e-12,
                1.6586783501591917e-12,
                1.8795288066183237e-12,
                3.850741902442159e-09,
                0.9999999961382862
            ]
        ],
        [
            [
                0.9999999748526502,
                2.5109990904415156e-08,
                3.978962432358087e-12,
                2.5946094307995824e-11,
                7.433680479027678e-12
            ],
            [
                0.6224592581994859,
                0.37754062469079797,
                5.455387101645765e-08,
                4.248659746719363e-08,
                2.006924758327338e-08
            ],
            [
                2.526737181584914e-09,
                4.815113352750874e-07,
                0.03701855305675474,
                0.9547210072855967,
                0.008259955619576076
            ],
            [
                4.838021302668964e-11,
                1.3414492191626123e-08,
                8.299260355808418e-07,
                0.99807242322072,
                0.0019267333903719966
            ],
            [
                6.101937319578467e-13,
                7.835042609374222e-13,
                2.4133630257385175e-12,
                8.764249141513509e-08,
                0.9999999123537016
            ]
        ],
        [
            [
                0.9999999584550301,
                4.1399375440213044e-08,
                1.2256066926720277e-11,
                9.05607660737847e-11,
                4.277787688385912e-11
            ],
            [
                0.9999999530226045,
                4.691163797898646e-08,
                5.1090887841776316e-12,
                3.7751343640705906e-11,
                2.289734736343568e-11
            ],
            [
                6.969648070646134e-11,
                3.805298910393519e-09,
                4.983958025028419e-07,
                0.6791783642756434,
                0.3208211334535587
            ],
            [
                3.579747324517402e-10,
                6.020209336312044e-08,
                4.782449198373339e-06,
                0.9994423810218519,
                0.0005527759688816045
            ],
            [
                3.978962853369919e-12,
                6.5602006916766605e-12,
                1.3887944973261971e-11,
                1.1253518369989043e-07,
                0.9999998874403891
            ]
        ],
        [
            [
                0.9999999927821096,
                7.194132973584904e-09,
                3.5114220856817536e-12,
                1.5737101982743606e-11,
                4.508755206734052e-12
            ],
            [
                0.9999999317082433,
                6.82560422895534e-08,
                5.7893570519082885e-12,
                2.5946098223821976e-11,
                3.978963032869476e-12
            ],
            [
                4.276849943436272e-11,
                1.1858519543792114e-08,
                1.6698022937660606e-05,
                0.9997798665121806,
                0.0002034235635937384
            ],
            [
                2.287054885587816e-11,
                2.332859405222937e-09,
                1.443290383330907e-07,
                0.9988303430020218,
                0.0011695103132098167
            ],
            [
                1.006039244766696e-12,
                1.8795287520535456e-12,
                3.511421992901667e-12,
                3.224186626636767e-08,
                0.9999999677517368
            ]
        ],
        [
            [
                0.9999999804184667,
                1.9555680691834426e-08,
                3.5114220422677846e-12,
                1.7832472547026475e-11,
                4.5087551509894125e-12
            ],
            [
                0.9999993523636354,
                6.475946142577049e-07,
                5.789356456284537e-12,
                2.9400778040616804e-11,
                6.560200312691266e-12
            ],
            [
                2.784062583505229e-10,
                1.3414364748456959e-08,
                1.145665575714158e-05,
                0.8807869731093376,
                0.11920155654213428
            ],
            [
                4.269547193939831e-11,
                6.3365698699015165e-09,
                3.0531274307287164e-07,
                0.9980729538838881,
                0.0019267344241035921
            ],
            [
                1.6586782686569607e-12,
                2.4133626405096603e-12,
                3.0988189700990447e-12,
                5.315784965165045e-08,
                0.9999999468349794
            ]
        ],
        [
            [
                0.9999999935697188,
                6.3488000719104885e-09,
                1.0815941482099514e-11,
                6.224144579641124e-11,
                8.423463695913592e-12
            ],
            [
                0.9999999634089225,
                3.653482078132214e-08,
                5.109088838453695e-12,
                3.331544418525402e-11,
                1.7832472246343754e-11
            ],
            [
                2.586377816892792e-11,
                2.6381770956264368e-09,
                1.1217814461381919e-07,
                0.9968272020718321,
                0.00317268308598248
            ],
            [
                4.8353733596182707e-11,
                4.352664385998032e-09,
                1.0650628748301395e-06,
                0.9975263099402999,
                0.002472620595807031
            ],
            [
                2.0206839013889647e-11,
                2.4133627627165938e-12,
                5.1090890087634404e-12,
                2.6465736289115293e-09,
                0.999999997325697
            ]
        ],
        [
            [
                0.9999999949125169,
                4.944450475012858e-09,
                2.0206838980182638e-11,
                1.0261879575819204e-10,
                2.0206838980182638e-11
            ],
            [
                0.9999999397046287,
                6.023574637793856e-08,
                8.423464873072152e-12,
                4.277788437042731e-11,
                8.423464873072152e-12
            ],
            [
                4.760172248156612e-11,
                4.284970502754138e-09,
                1.3462989954952078e-06,
                0.9820124625155597,
                0.017986186852872527
            ],
            [
                2.5939320079394428e-11,
                4.362322889384638e-09,
                3.058224449497048e-07,
                0.9997384994504064,
                0.000261190338886467
            ],
            [
                1.7832472813772286e-11,
                3.978962514779532e-12,
                3.0988191223220656e-12,
                1.4166087791461326e-09,
                0.9999999985584809
            ]
        ],
        [
            [
                0.9999999943721714,
                5.6027964034289335e-09,
                2.7346982749437584e-12,
                1.5737102011059608e-11,
                6.5602001282170245e-12
            ],
            [
                0.9999999468154297,
                5.315784969549175e-08,
                3.0988189726547585e-12,
                1.78324719524964e-11,
                5.789356018476525e-12
            ],
            [
                4.074900539124253e-11,
                4.156511550268618e-09,
                2.1531262889212363e-06,
                0.9525720687036762,
                0.04742577397277429
            ],
            [
                5.4926633344757776e-11,
                1.7257435197859674e-08,
                1.3709278832015196e-06,
                0.9999771668395383,
                2.144492021669069e-05
            ],
            [
                1.081594150616131e-11,
                1.6586783510740532e-12,
                6.5602001371452735e-12,
                2.6465736263993934e-09,
                0.9999999973343916
            ]
        ],
        [
            [
                0.9999998874407376,
                1.1253518374392372e-07,
                3.5114223949720834e-12,
                1.7832474338206702e-11,
                2.734698510898726e-12
            ],
            [
                0.9999999748291859,
                2.510999091057268e-08,
                1.2256067128366708e-11,
                4.2777877587674313e-11,
                5.7893561795890495e-12
            ],
            [
                3.54213348487437e-10,
                4.6392793374110664e-08,
                7.402396210176138e-05,
                0.9889397991717593,
                0.01098613011913219
            ],
            [
                5.881248817634604e-10,
                1.1207676410533562e-07,
                2.8904978430956677e-06,
                0.9959268708497684,
                0.00407012598749959
            ],
            [
                1.0261879575793233e-10,
                4.508755217730275e-12,
                3.978962514159101e-12,
                9.736200259964908e-10,
                0.9999999989152735
            ]
        ],
        [
            [
                0.999999989462803,
                1.046740167425631e-08,
                1.388794370510244e-11,
                4.8473686504730814e-11,
                7.43368058678445e-12
            ],
            [
                0.9999999714613391,
                2.8453347267622278e-08,
                1.2256067089937916e-11,
                6.224144443049699e-11,
                1.0815941244739208e-11
            ],
            [
                1.1933587526169125e-10,
                5.749924473038272e-09,
                2.9785317773575723e-06,
                0.6224574662017818,
                0.3775395493971806
            ],
            [
                7.047877415530752e-11,
                5.598822510737693e-09,
                1.124553562657962e-07,
                0.9992902115342621,
                0.0007096703410802053
            ],
            [
                3.331544694712869e-11,
                2.594609617079767e-11,
                5.492788602461272e-11,
                5.043472046780105e-07,
                0.9999994955386059
            ]
        ],
        [
            [
                0.9999999935988875,
                6.348800071655138e-09,
                5.1090889923423995e-12,
                3.331544518873443e-11,
                1.3887943767864478e-11
            ],
            [
                0.9999998144304525,
                1.8553915977416133e-07,
                3.511422558363683e-12,
                2.2897351358136385e-11,
                3.978963040073764e-12
            ],
            [
                5.482196489618124e-11,
                2.9931778645134703e-09,
                1.442195235158379e-07,
                0.7772997465486561,
                0.22270010618382052
            ],
            [
                2.788702345200866e-10,
                1.1250428225347464e-07,
                0.000261186838205283,
                0.9997256966516717,
                1.3003726970512641e-05
            ],
            [
                5.109088893302593e-12,
                3.978962430885476e-12,
                7.43368047627648e-12,
                2.510999089512197e-08,
                0.9999999748734874
            ]
        ],
        [
            [
                0.9999999969444715,
                2.9989608141310147e-09,
                6.560200144690108e-12,
                3.775134530776688e-11,
                1.2256067400263576e-11
            ],
            [
                0.9999993523596677,
                6.475946144483458e-07,
                8.42346394253818e-12,
                3.331544616549355e-11,
                3.9789626246749965e-12
            ],
            [
                1.0261566569530261e-10,
                3.653370755867622e-08,
                1.300691324097636e-05,
                0.9999702552432417,
                1.670120719406597e-05
            ],
            [
                2.5934914841488428e-11,
                2.99766857622698e-09,
                1.8545918766983269e-07,
                0.9995692545830783,
                0.00043055693413045866
            ],
            [
                1.8795288088854456e-12,
                1.1399918484021895e-12,
                1.6586783521599199e-12,
                3.3982678056569697e-09,
                0.9999999965970541
            ]
        ],
        [
            [
                0.9999999804012356,
                1.9555680695589545e-08,
                5.789356212603864e-12,
                3.33154447534006e-11,
                3.978962456024544e-12
            ],
            [
                0.9999999943773907,
                5.602796403115084e-09,
                2.413362757006115e-12,
                1.3887943779639958e-11,
                3.51142209180321e-12
            ],
            [
                4.023605173913999e-10,
                1.1156341985902363e-07,
                0.008576986815489905,
                0.9913651099364789,
                5.779128225083303e-05
            ],
            [
                2.997737104323616e-09,
                1.3703996690115887e-06,
                0.00020338534411113525,
                0.9995918559143716,
                0.00020338534411113525
            ],
            [
                1.3887943714587912e-11,
                5.789356266044564e-12,
                9.545034819488742e-12,
                8.152020626201584e-09,
                0.9999999918187571
            ]
        ],
        [
            [
                0.9999999317022074,
                6.82560422765369e-08,
                5.789357050804251e-12,
                2.940078105983704e-11,
                6.560200986370361e-12
            ],
            [
                0.9999999467321423,
                5.315784969106438e-08,
                1.2256066786270716e-11,
                7.991959463995692e-11,
                1.783247195101118e-11
            ],
            [
                3.309245681628981e-11,
                3.824967944357712e-09,
                1.1178194866003663e-07,
                0.9933070329195245,
                0.0066928514404664815
            ],
            [
                2.593932008832458e-11,
                4.362322890886458e-09,
                3.0582244505499054e-07,
                0.9997384994503163,
                0.00026119033897638723
            ],
            [
                2.7346982194616504e-12,
                3.5114220207594707e-12,
                9.545034671081407e-12,
                2.5109990895140314e-08,
                0.9999999748742179
            ]
        ],
        [
            [
                0.9999999748177049,
                2.5109990903537676e-08,
                6.560199997316248e-12,
                5.4927882079141704e-11,
                1.0815941275622222e-11
            ],
            [
                0.9999996071390126,
                3.9278636972449764e-07,
                1.2256067917646751e-11,
                4.8473688935618334e-11,
                1.3887944401563375e-11
            ],
            [
                3.144339419346277e-10,
                4.6666134651594235e-08,
                1.2939225764711719e-05,
                0.9947669550324205,
                0.0052200587612462315
            ],
            [
                5.21084610593847e-10,
                2.382108477230896e-07,
                9.610111489380768e-05,
                0.9998906542815704,
                1.300587160350772e-05
            ],
            [
                5.109088975163702e-12,
                3.0988191066365825e-12,
                5.109088975163702e-12,
                9.237449566325834e-09,
                0.9999999907492335
            ]
        ],
        [
            [
                0.9999999847018572,
                1.5229979496894013e-08,
                7.4336805513931e-12,
                4.847368627395022e-11,
                1.225606724467166e-11
            ],
            [
                0.999999952990456,
                4.691163795440264e-08,
                9.545034462200137e-12,
                7.052879510742316e-11,
                1.7832472047556652e-11
            ],
            [
                1.6019370680303832e-09,
                4.441727505150754e-07,
