{
    "[['E', 'D', 'C', 'B', 'A'], ['E', 'D', 'C', 'B', 'A']]": [
        [
            [
                7.433680656380874e-12,
                0.0,
                0.0,
                7.991959875783152e-11,
                0.9999999999126468
            ],
            [
                9.54503487772673e-12,
                2.413362760426634e-12,
                4.508755220984529e-12,
                8.592166578563873e-10,
                0.9999999991243163
            ],
            [
                0.0,
                2.1297813920323385e-12,
                8.423448808536487e-12,
                1.3709566538620132e-06,
                0.9999986290327929
            ],
            [
                5.1090604358067515e-12,
                2.2897220314851748e-11,
                1.0261822202619377e-10,
                6.144172108616031e-06,
                0.999993855697267
            ],
            [
                5.789356312158483e-12,
                0.0,
                0.0,
                5.211412472970749e-10,
                0.9999999994730695
            ]
        ],
        [
            [
                4.508755220240133e-12,
                0.0,
                2.413362760028188e-12,
                5.211412462396782e-10,
                0.9999999994719366
            ],
            [
                9.54503490124579e-12,
                0.0,
                0.0,
                1.9171715094208728e-10,
                0.9999999997987379
            ],
            [
                4.8469162606143784e-11,
                9.735291551616879e-10,
                5.828922260002771e-05,
                3.535420063773135e-05,
                0.9999063555547639
            ],
            [
                5.109089155145372e-12,
                1.388794421040884e-11,
                3.775134638180735e-11,
                1.6373771713184718e-07,
                0.9999998362055345
            ],
            [
                5.789356312158483e-12,
                0.0,
                0.0,
                5.211412472970749e-10,
                0.9999999994730695
            ]
        ],
        [
            [
                4.508755227773415e-12,
                0.0,
                0.0,
                2.17243992808221e-10,
                0.9999999997782472
            ],
            [
                3.775134531282905e-11,
                0.0,
                0.0,
                4.0586521125034696e-10,
                0.9999999995563835
            ],
            [
                0.0,
                9.544125107427819e-12,
                7.052207583399667e-11,
                9.610239922264666e-05,
                0.9999038975207112
            ],
            [
                3.978332814553391e-12,
                2.939612434695167e-11,
                9.05464375063701e-11,
                0.00015843624660139138,
                0.9998415636294777
            ],
            [
                1.5737101973580287e-11,
                3.511422083637141e-12,
                5.789356279698718e-12,
                1.250152855798793e-09,
                0.9999999987248092
            ]
        ],
        [
            [
                5.109089011850859e-12,
                0.0,
                0.0,
                1.6918979172462992e-10,
                0.9999999998257012
            ],
            [
                4.508755225334125e-12,
                0.0,
                0.0,
                7.582560399388395e-10,
                0.9999999992372353
            ],
            [
                2.7598463195452208e-11,
                1.0356246910397811e-09,
                7.260289600175508e-08,
                0.2689414073279757,
                0.7310585190059051
            ],
            [
                0.0,
                6.204397811555377e-11,
                6.670356268369513e-10,
                0.0031726830600699607,
                0.9968273162108503
            ],
            [
                4.847368681720697e-11,
                5.10908900218828e-12,
                7.433680634704221e-12,
                1.6052280470559143e-09,
                0.9999999983337555
            ]
        ],
        [
            [
                1.5737102034528202e-11,
                0.0,
                0.0,
                2.17243992509352e-10,
                0.9999999997670188
            ],
            [
                3.331544515556481e-11,
                3.978962504056209e-12,
                6.560200115755717e-12,
                2.9989608009038102e-09,
                0.9999999969571847
            ],
            [
                1.3615261065206309e-13,
                1.3887943848959553e-11,
                0.9999999988960735,
                1.1628233016820592e-10,
                9.736200301789565e-10
            ],
            [
                0.0,
                1.0815550895941025e-11,
                9.05574989293372e-11,
                3.5356257490026125e-05,
                0.9999646436411369
            ],
            [
                1.5737102045836094e-11,
                0.0,
                3.978962520407247e-12,
                8.592166585854602e-10,
                0.9999999991210673
            ]
        ],
        [
            [
                2.2897348241570508e-11,
                4.508755199981456e-12,
                9.545034833263223e-12,
                2.9989607967129236e-09,
                0.999999996964088
            ],
            [
                1.5737102044879844e-11,
                0.0,
                3.5114220995462224e-12,
                5.21141246736257e-10,
                0.9999999994596103
            ],
            [
                5.789323526250323e-12,
                2.940061080810416e-11,
                1.317643961199436e-10,
                4.7850948430841825e-06,
                0.9999952147382026
            ],
            [
                8.423463462910247e-12,
                6.5601999410878675e-12,
                2.0206838390809928e-11,
                3.224186625659087e-08,
                0.9999999677229432
            ],
            [
                2.734698284530659e-12,
                0.0,
                2.129785165456505e-12,
                7.582560408333113e-10,
                0.9999999992368795
            ]
        ],
        [
            [
                0.9975273759345409,
                0.002472622968894817,
                1.489402694294381e-10,
                7.56381099673189e-10,
                1.9124309151571874e-10
            ],
            [
                1.6586783545747993e-12,
                0.0,
                0.0,
                2.789468085571122e-10,
                0.9999999997193945
            ],
            [
                0.0,
                2.020668592990852e-11,
                1.4930833590956672e-10,
                7.889265029056652e-06,
                0.999992110565456
            ],
            [
                0.0,
                1.1599479841297273e-10,
                7.563810993501496e-10,
                0.0024726229623878277,
                0.9975273761652363
            ],
            [
                3.9789625265102356e-12,
                0.0,
                0.0,
                2.78946808633019e-10,
                0.9999999997170743
            ]
        ],
        [
            [
                1.081594152848828e-11,
                0.0,
                0.0,
                3.1608814458978547e-10,
                0.9999999996730959
            ],
            [
                4.508755215001846e-12,
                0.0,
                3.97896251175127e-12,
                2.6465736228885357e-09,
                0.9999999973449387
            ],
            [
                1.3887442334042817e-11,
                2.789367357690565e-10,
                1.1253111077211233e-07,
                3.53562577145114e-05,
                0.9999645309183506
            ],
            [
                0.0,
                3.511362047391111e-12,
                8.423319663660263e-12,
                1.6701415092860544e-05,
                0.9999832985729724
            ],
            [
                3.5114221046386403e-12,
                0.0,
                0.0,
                1.4930946724817265e-10,
                0.9999999998471791
            ]
        ],
        [
            [
                6.5602000788046765e-12,
                3.97896248164427e-12,
                8.42346363974213e-12,
                9.23744953615769e-09,
                0.9999999907435878
            ],
            [
                3.511422102309276e-12,
                0.0,
                0.0,
                1.4930946714912555e-10,
                0.9999999998471791
            ],
            [
                0.0,
                4.0421347681654546e-10,
                1.33857119725743e-08,
                0.004070137703154292,
                0.9959298485069202
            ],
            [
                0.0,
                6.560025476956777e-12,
                3.7750340164361235e-11,
                2.7535689823111556e-05,
                0.9999724642658665
            ],
            [
                1.57371015453966e-11,
                5.109088845781905e-12,
                9.545034582294102e-12,
                2.845334707467911e-08,
                0.9999999715162616
            ]
        ],
        [
            [
                1.3887943804028575e-11,
                1.879528808292367e-12,
                0.0,
                5.211412465022682e-10,
                0.9999999994630913
            ],
            [
                3.978962510240162e-12,
                0.0,
                4.508755213289536e-12,
                2.0611536091789432e-09,
                0.9999999979303587
            ],
            [
                1.0060336514993622e-12,
                5.7893239430700465e-12,
                1.0261822226744923e-10,
                6.144172123060981e-06,
                0.9999938557184633
            ],
            [
                0.0,
                8.995462362032722e-11,
                5.176531178046233e-10,
                0.006692851412359293,
                0.993307147980033
            ],
            [
                5.1090890167437696e-12,
                0.0,
                0.0,
                1.4930946728891052e-10,
                0.9999999998455815
            ]
        ],
        [
            [
                1.3887943826905759e-11,
                0.0,
                0.0,
                7.991959871052915e-11,
                0.9999999999061924
            ],
            [
                2.7346985693341364e-12,
                1.2256068688853942e-11,
                2.940078037885545e-11,
                8.764249109560886e-08,
                0.9999999123131174
            ],
            [
                2.244777162294689e-13,
                3.331544701374721e-11,
                0.9999998542182755,
                1.2501529261292198e-09,
                1.4449803151621598e-07
            ],
            [
                0.0,
                0.0,
                5.789279378242137e-12,
                1.3007124764742472e-05,
                0.9999869928694459
            ],
            [
                3.5114221030914446e-12,
                0.0,
                0.0,
                2.789468084698484e-10,
                0.9999999997175417
            ]
        ],
        [
            [
                2.4616969421572015e-10,
                0.0,
                0.0,
                2.7894680819247694e-10,
                0.9999999994748836
            ],
            [
                9.545034889248649e-12,
                0.0,
                3.97896252183402e-12,
                8.592166588935574e-10,
                0.9999999991272592
            ],
            [
                1.635555684711408e-09,
                5.416216570282674e-08,
                0.09477177028672834,
                0.0060585565590345605,
                0.8991696173565158
            ],
            [
                0.0,
                1.1399919077724887e-12,
                2.7346984228778414e-12,
                1.4449803154791018e-07,
                0.9999998554980938
            ],
            [
                8.42346372944182e-12,
                0.0,
                0.0,
                3.160881444922445e-10,
                0.9999999996754885
            ]
        ],
        [
            [
                3.5817479140757546e-10,
                0.0,
                0.0,
                3.160881440010689e-10,
                0.9999999993257371
            ],
            [
                4.508755233611753e-12,
                0.0,
                0.0,
                3.160881448226389e-10,
                0.9999999996794031
            ],
            [
                5.634603606464355e-09,
                5.747451930811448e-07,
                0.25427506369653546,
                0.419228706125108,
                0.3264956497985599
            ],
            [
                0.0,
                8.978390297681485e-11,
                5.166706883326176e-10,
                0.008577485661841534,
                0.9914225137317039
            ],
            [
                2.940077721360131e-11,
                8.423463703114548e-12,
                1.3887943780295426e-11,
                2.6465736227741387e-09,
                0.9999999973017142
            ]
        ],
        [
            [
                2.0206839028084948e-11,
                0.0,
                2.413362764411981e-12,
                4.058652113995098e-10,
                0.9999999995715145
            ],
            [
                7.433680804187921e-12,
                2.9400777914265166e-11,
                1.1628233236446754e-10,
                6.475946114746275e-07,
                0.9999993522522718
            ],
            [
                2.5349890506852994e-11,
                9.512476233958562e-10,
                2.988734039176947e-07,
                0.022977363354783398,
                0.9770223367952151
            ],
            [
                8.413604954535375e-12,
                7.044625178992435e-11,
                2.786203306713318e-10,
                0.0011695103416787408,
                0.9988304893008412
            ],
            [
                9.545034851837625e-12,
                0.0,
                7.433680617054993e-12,
                1.8189616740222684e-09,
                0.9999999981640595
            ]
        ],
        [
            [
                7.433680651643646e-12,
                0.0,
                0.0,
                1.3176514233388696e-10,
                0.9999999998608011
            ],
            [
                0.0,
                2.020271741765446e-11,
                1.4927901234989218e-10,
                0.000203427060728711,
                0.9997965727697895
            ],
            [
                4.500069423038636e-12,
                9.038631055335035e-11,
                8.57561437753253e-10,
                0.0019267343301647946,
                0.9980732647173874
            ],
            [
                0.0,
                3.7724569264754523e-11,
                3.1586395123754616e-10,
                0.0007096703397655804,
                0.9992903293066459
            ],
            [
                3.5114221012186422e-12,
                0.0,
                0.0,
                4.59905536272865e-10,
                0.9999999995365831
            ]
        ],
        [
            [
                7.99195986443264e-11,
                0.0,
                0.0,
                9.05607695735401e-11,
                0.9999999998295197
            ],
            [
                0.0,
                3.978962337195489e-12,
                8.423463333944058e-12,
                4.691163787637432e-08,
                0.9999999530759597
            ],
            [
                1.556420642481301e-11,
                2.4346515167286633e-10,
                3.3609327479901607e-09,
                0.01098694232756771,
                0.9890130540524702
            ],
            [
                6.560200987686709e-12,
                1.2256068975188566e-11,
                7.052880732193094e-11,
                3.0590235871666964e-07,
                0.9999996940082962
            ],
            [
                1.0815941498041003e-11,
                0.0,
                0.0,
                1.1032560263004313e-09,
                0.999999998885928
            ]
        ],
        [
            [
                1.5737102016369865e-11,
                0.0,
                0.0,
                1.3176514194326575e-10,
                0.9999999998524978
            ],
            [
                1.0815941490195053e-11,
                0.0,
                5.78935629281962e-12,
                2.3355930243117927e-09,
                0.9999999976478016
            ],
            [
                1.4990650248736688e-09,
                7.222899781222652e-08,
                0.49986172876460105,
                0.0002764655770828047,
                0.49986173193025335
            ],
            [
                5.106264314995541e-12,
                7.987541298284153e-11,
                6.687886447271617e-10,
                0.0005527785808692828,
                0.9994472206653604
            ],
            [
                9.056076947060473e-11,
                2.734698278724046e-12,
                3.0988191241406658e-12,
                7.582560392232986e-10,
                0.9999999991453496
            ]
        ],
        [
            [
                1.0261879596162273e-10,
                3.5114221012155233e-12,
                0.0,
                3.581747917878636e-10,
                0.999999999535695
            ],
            [
                3.511422095968622e-12,
                0.0,
                0.0,
                5.90530396966847e-10,
                0.9999999994059581
            ],
            [
                4.5086610075056794e-12,
                2.020641675919761e-11,
                5.4926735494797173e-11,
                2.144493964747414e-05,
                0.9999785549807106
            ],
            [
                2.282470398133325e-11,
                1.9110890663255355e-10,
                8.56490698099373e-10,
                0.003172683057864015,
                0.9968273158717117
            ],
            [
                4.8473686698905666e-11,
                0.0,
                4.508755208456443e-12,
                1.1032560240635748e-09,
                0.9999999988437616
            ]
        ],
        [
            [
                1.2256067409682742e-11,
                0.0,
                0.0,
                1.4930946720043466e-10,
                0.9999999998384346
            ],
            [
                1.2256067387461082e-11,
                0.0,
                0.0,
                7.582560392870968e-10,
                0.9999999992294879
            ],
            [
                8.423431667803793e-12,
                7.052852985276603e-11,
                3.6534682968736825e-08,
                3.7266389765084345e-06,
                0.9999962367473886
            ],
            [
                2.7342654913884574e-12,
                2.020364110523949e-11,
                9.05464375223847e-11,
                0.0001584362466294134,
                0.9998415636398862
            ],
            [
                1.2256067338445152e-11,
                0.0,
                6.5602001116010905e-12,
                2.998960799004545e-09,
                0.9999999969822229
            ]
        ],
        [
            [
                1.3887943808275185e-11,
                0.0,
                0.0,
                2.1724399262113912e-10,
                0.999999999768868
            ],
            [
                5.789356307898351e-12,
                0.0,
                3.098819127571099e-12,
                5.905303977694515e-10,
                0.9999999994005815
            ],
            [
                2.939713366929086e-11,
                1.1031193026259252e-09,
                9.609974066579664e-05,
                2.753303667777101e-05,
                0.99987636609014
            ],
            [
                0.0,
                7.433341069513813e-12,
                2.939943423756363e-11,
                4.539785569639445e-05,
                0.9999546021074708
            ],
            [
                8.423463713810174e-12,
                0.0,
                3.5114220964275386e-12,
                1.4166087798054925e-09,
                0.9999999985714563
            ]
        ],
        [
            [
                1.1628232990240073e-10,
                2.7346982821892685e-12,
                3.511422101303327e-12,
                6.691586068285364e-10,
                0.9999999992083128
            ],
            [
                1.7832472831767042e-11,
                2.7346982798787224e-12,
                5.109089006180276e-12,
                8.592166582372479e-10,
                0.9999999991151072
            ],
            [
                0.0,
                1.5728401398507884e-11,
                1.6909625083126004e-10,
                0.0005527785815872907,
                0.9994472212335881
            ],
            [
                4.508755167927705e-12,
                2.7346982464859363e-12,
                6.560200059950258e-12,
                1.5229979493510318e-08,
                0.9999999847562169
            ],
            [
                8.878265458234924e-13,
                0.0,
                1.2917800018433146e-12,
                8.592166599601109e-10,
                0.9999999991386037
            ]
        ],
        [
            [
                3.3315445247626386e-11,
                0.0,
                0.0,
                2.461696938955639e-10,
                0.9999999997205149
            ],
            [
                2.734698285625315e-12,
                1.4637785109322397e-12,
                2.734698285625315e-12,
                7.582560411368291e-10,
                0.9999999992348108
            ],
            [
                1.65867841915696e-12,
                1.4930947304259404e-10,
                0.9999996044160894,
                2.646573735031923e-09,
                3.9278636881399323e-07
            ],
            [
                0.0,
                2.7346983519127804e-12,
                1.3887944171298856e-11,
                6.475946142739775e-07,
                0.999999352388763
            ],
            [
                1.0815941509839589e-11,
                0.0,
                3.9789625183827935e-12,
                9.736200270299943e-10,
                0.9999999990115851
            ]
        ],
        [
            [
                1.1628232984633467e-10,
                0.0,
                0.0,
                4.0586521105640914e-10,
                0.9999999994778526
            ],
            [
                2.129785165581935e-12,
                0.0,
                0.0,
                4.599055367048031e-10,
                0.9999999995379647
            ],
            [
                2.1703359775382525e-10,
                6.342651450820183e-09,
                5.8238151164868946e-05,
                0.0009109979647921381,
                0.999030757324358
            ],
            [
                0.0,
                6.560138098963496e-12,
                3.7750988259262477e-11,
                1.0129988092257807e-05,
                0.9999898699675966
            ],
            [
                2.9400777304795356e-11,
                0.0,
                2.7346982834020074e-12,
                3.1608814448474935e-10,
                0.9999999996517763
            ]
        ],
        [
            [
                3.331544531011187e-11,
                0.0,
                0.0,
                3.1608814437299094e-10,
                0.9999999996505964
            ],
            [
                9.545034890250337e-12,
                0.0,
                0.0,
                4.0586521126179493e-10,
                0.9999999995845898
            ],
            [
                5.778203513626133e-12,
                1.0242110793914307e-10,
                1.4138797827650858e-09,
                0.0019267343242603304,
                0.9980732641536606
            ],
            [
                0.0,
                1.873121114635961e-10,
                1.568345107569358e-09,
                0.02297736775773645,
                0.9770226304866063
            ],
            [
                9.54503485583202e-12,
                0.0,
                5.109088992196202e-12,
                2.0611536079687275e-09,
                0.9999999979241923
            ]
        ],
        [
            [
                5.7893563083021785e-12,
                0.0,
                2.734698281942147e-12,
                5.211412469499414e-10,
                0.9999999994703348
            ],
            [
                2.4133627657824398e-12,
                0.0,
                0.0,
                1.6918979183732105e-10,
                0.9999999998283968
            ],
            [
                4.752193040151228e-13,
                5.492788324809605e-11,
                0.9999999954318253,
                1.493094669090195e-10,
                4.363462232174093e-09
            ],
            [
                1.658678346187098e-12,
                1.658678346187098e-12,
                5.7893562843085916e-12,
                5.602796394546693e-09,
                0.9999999943880968
            ],
            [
                3.098819125519048e-12,
                0.0,
                0.0,
                8.592166582566466e-10,
                0.9999999991376844
            ]
        ],
        [
            [
                0.9999938556798753,
                6.144172122823887e-06,
                1.783237315260081e-11,
                1.1628167981434073e-10,
                1.3887866175267008e-11
            ],
            [
                0.0,
                0.0,
                3.098819126636972e-12,
                1.2501528615113646e-09,
                0.9999999987467483
            ],
            [
                5.789324242102902e-12,
                7.052840761597283e-11,
                3.059003333552664e-07,
                6.14417244042262e-06,
                0.9999935498509085
            ],
            [
                0.0,
                2.2887480846418162e-11,
                1.1623221844354446e-10,
                0.00043055711742629984,
                0.999569442743454
            ],
            [
                7.433680640625112e-12,
                0.0,
                3.0988191254960125e-12,
                8.592166582502595e-10,
                0.9999999991302508
            ]
        ],
        [
            [
                4.508755230123187e-12,
                0.0,
                0.0,
                4.8473686931845117e-11,
                0.9999999999470175
            ],
            [
                1.5737102069204347e-11,
                0.0,
                0.0,
                3.16088144674977e-10,
                0.9999999996681748
            ],
            [
                2.882350792400294e-13,
                2.594609497336604e-11,
                0.9999999997870728,
                5.492788348964994e-11,
                1.317651426532245e-10
            ],
            [
                4.508196470056777e-12,
                4.846767969500329e-11,
                2.1721707035374237e-10,
                0.00012339462752764967,
                0.9998766051022794
            ],
            [
                4.508755224591959e-12,
                0.0,
                2.413362762357552e-12,
                5.211412467426807e-10,
                0.9999999994719366
            ]
        ],
        [
            [
                7.05287982600844e-11,
                0.0,
                0.0,
                9.056076957439051e-11,
                0.9999999998389104
            ],
            [
                5.789356311950013e-12,
                0.0,
                0.0,
                2.4616969446800755e-10,
                0.9999999997480409
            ],
            [
                0.0,
                3.098819280499405e-12,
                1.7832473724020027e-11,
                5.043472046596634e-07,
                0.9999994956318641
            ],
            [
                5.109089010522404e-12,
                0.0,
                3.978962522176357e-12,
                1.605228049674418e-09,
                0.999999998385684
            ],
            [
                2.4133627589470736e-12,
                0.0,
                0.0,
                9.736200261023166e-10,
                0.9999999990239665
            ]
        ],
        [
            [
                1.0815941530077123e-11,
                0.0,
                0.0,
                1.691897918358994e-10,
                0.9999999998199942
            ],
            [
                1.2256067387418046e-11,
                0.0,
                3.511422097137008e-12,
                7.582560392844343e-10,
                0.9999999992259765
            ],
            [
                0.0,
                1.5737012899581463e-11,
                1.4930862124459544e-10,
                4.785094830649321e-06,
                0.9999952147401238
            ],
            [
                7.433667051025241e-12,
                2.2897306499814762e-11,
                1.0261860828040054e-10,
                2.2603252651989115e-06,
                0.9999977395417853
            ],
            [
                1.3887943795893747e-11,
                2.4133627598306e-12,
                3.0988191233101643e-12,
                1.1032560268566225e-09,
                0.9999999988773438
            ]
        ],
        [
            [
                7.052879814872694e-11,
                3.0988191227993153e-12,
                4.5087552191277095e-12,
                2.061153611847833e-09,
                0.9999999978607099
            ],
            [
                3.5114221015758615e-12,
                0.0,
                0.0,
                3.5817479182461904e-10,
                0.9999999996383138
            ],
            [
                1.9675046601197433e-10,
                1.5629825451823887e-08,
                8.096450031372438e-06,
                0.6224542812677274,
                0.3775376064556653
            ],
            [
                6.560200045824349e-12,
                3.978962461640691e-12,
                8.42346359739455e-12,
                1.5229979460716e-08,
                0.999999984751058
            ],
            [
                5.789356299962865e-12,
                2.7346982780029345e-12,
                6.560200135555606e-12,
                3.8507419036329645e-09,
                0.9999999961341739
            ]
        ],
        [
            [
                4.508755230128957e-12,
                0.0,
                0.0,
                3.581747920618635e-10,
                0.9999999996373166
            ],
            [
                4.508755231146172e-12,
                0.0,
                1.1399918502255345e-12,
                4.058652116439996e-10,
                0.9999999995884861
            ],
            [
                6.101902542082609e-13,
                3.098801803272985e-12,
                1.2255998881069292e-11,
                6.144172121764492e-06,
                0.9999938558119132
            ],
            [
                1.6586690794210804e-12,
                7.433639084549156e-12,
                2.9400612909892994e-11,
                6.14417211992702e-06,
                0.9999938557893872
            ],
            [
                9.545034791335875e-12,
                4.508755180176378e-12,
                8.423463638416109e-12,
                8.152020602157379e-09,
                0.9999999918255021
            ]
        ],
        [
            [
                4.058652106119535e-10,
                0.0,
                0.0,
                2.461696939468751e-10,
                0.9999999993479651
            ],
            [
                1.7832472788242892e-11,
                0.0,
                0.0,
                1.1032560249253872e-09,
                0.9999999988789114
            ],
            [
                1.1614052543988803e-09,
                6.341057832895212e-08,
                0.010320370602795836,
                0.26616583358928064,
                0.7235137312359399
            ],
            [
                0.0,
                7.43366705619346e-12,
                1.783244024467962e-11,
                1.0677030725782566e-06,
                0.9999989322716613
            ],
            [
                3.098819119735248e-12,
                0.0,
                0.0,
                5.211412455958026e-10,
                0.99999999947576
            ]
        ],
        [
            [
                0.8807970424331919,
                0.11920291903025469,
                7.1802741212664894e-09,
                1.9518008667193435e-08,
                1.1838270673189731e-08
            ],
            [
                1.08159414980863e-11,
                0.0,
                6.560200132247532e-12,
                1.6052280463996429e-09,
                0.9999999983773957
            ],
            [
                1.542811202789905e-13,
                8.423463752273895e-12,
                0.9999999999086375,
                1.2256067440906138e-11,
                7.052879849274516e-11
            ],
            [
                0.0,
                1.3886911984996242e-11,
                5.492380234510543e-11,
                7.484619698688078e-05,
                0.9999251537342024
            ],
            [
                1.3887943824141683e-11,
                0.0,
                0.0,
                2.789468084669539e-10,
                0.9999999997071654
            ]
        ],
        [
            [
                1.08159415231172e-11,
                0.0,
                0.0,
                1.4930946714803491e-10,
                0.9999999998398745
            ],
            [
                1.1399918505387623e-12,
                0.0,
                1.006039277072139e-12,
                5.905303985964746e-10,
                0.9999999994073236
            ],
            [
                4.420228102867828e-14,
                5.10908902716946e-12,
                0.999999999879972,
                1.2256067441955213e-11,
                1.0261879629906514e-10
            ],
            [
                0.0,
                1.3883283367222374e-11,
                4.276352334602182e-11,
                0.00033535005379975425,
                0.9996646498895534
            ],
            [
                1.783247285253903e-11,
                2.129785164314433e-12,
                4.5087552282350835e-12,
                7.582560404267056e-10,
                0.999999999217273
            ]
        ],
        [
            [
                1.0815941481257461e-11,
                0.0,
                8.4234636952578e-12,
                2.6465736203056224e-09,
                0.9999999973341869
            ],
            [
                9.5450348970252e-12,
                0.0,
                0.0,
                4.8473686931600995e-11,
                0.9999999999419813
            ],
            [
                9.008648251151785e-11,
                1.0412581626664797e-08,
                0.9947633367578252,
                1.661424602248301e-05,
                0.005220038493484231
            ],
            [
                0.0,
                8.42346414249084e-12,
                4.277788066022927e-11,
                1.4449803126714594e-07,
                0.9999998554507674
            ],
            [
                3.775134511595957e-11,
                8.423463681542703e-12,
                9.545034840204707e-12,
                2.9989607988938726e-09,
                0.9999999969453193
            ]
        ],
        [
            [
                7.433680618361337e-12,
                0.0,
                6.56020012050702e-12,
                3.3982677948134392e-09,
                0.9999999965877382
            ],
            [
                2.734698283939551e-12,
                0.0,
                0.0,
                4.599055365783087e-10,
                0.9999999995373599
            ],
            [
                4.752193016024473e-13,
                4.8473686585873465e-11,
                0.9999999902536961,
                4.5990553334120315e-10,
                9.237449571103054e-09
            ],
            [
                0.0,
                2.1297852683063515e-12,
                5.109089261595194e-12,
                1.4449803121579936e-07,
                0.9999998554947299
            ],
            [
                6.560200149764745e-12,
                0.0,
                3.978962524683727e-12,
                9.736200285717818e-10,
                0.9999999990158408
            ]
        ],
        [
            [
                0.9933071469131075,
                0.006692851419717323,
                1.4831010129899596e-10,
                1.2417852746302636e-09,
                2.770797471982126e-10
            ],
            [
                2.594609489864351e-11,
                0.0,
                0.0,
                2.1724399280356388e-10,
                0.9999999997568099
            ],
            [
                1.4927473417594377e-10,
                6.34732321243288e-09,
                7.48343459482773e-05,
                0.0001584243116157017,
                0.9997667348458381
            ],
            [
                1.8673983930407855e-11,
                2.007642474723928e-10,
                2.4458092323576032e-09,
                0.07585817566235663,
                0.9241418216723959
            ],
            [
                1.0060392770732858e-12,
                0.0,
                0.0,
                5.905303985971478e-10,
                0.9999999994084636
            ]
        ],
        [
            [
                1.388794383122464e-11,
                0.0,
                0.0,
                7.99195987353826e-11,
                0.9999999999061924
            ],
            [
                4.508755230633961e-12,
                0.0,
                0.0,
                2.461696945448768e-10,
                0.9999999997493216
            ],
            [
                2.413220250453113e-12,
                1.3887123711048704e-11,
                7.052463342586464e-11,
                5.829127672453307e-05,
                0.9999417086364505
            ],
            [
                2.734495104335143e-12,
                1.7831147960797683e-11,
                4.847008548240091e-11,
                7.48461970404278e-05,
                0.9999251537339239
            ],
            [
                5.789356296197953e-12,
                0.0,
                0.0,
                6.691586053690094e-10,
                0.9999999993250521
            ]
        ],
        [
            [
                4.27778785056803e-11,
                0.0,
                2.1297851617944824e-12,
                4.0586521090173407e-10,
                0.999999999549227
            ],
            [
                1.783247274708433e-11,
                3.511422081661512e-12,
                9.54503483663032e-12,
                5.602796386933073e-09,
                0.9999999943663147
            ],
            [
