{
    "[['E', 'D', 'C', 'B', 'A'], ['E', 'D', 'C', 'B', 'A']]": [
        [
            [
                0.9999869928510533,
                1.3007124770254564e-05,
                7.433581869119274e-12,
                1.573689294041718e-11,
                1.0060259077198058e-12
            ],
            [
                0.9706877717793045,
                0.02931222792831533,
                1.1287379775844267e-10,
                1.6423040667388528e-10,
                1.527580738963098e-11
            ],
            [
                7.433681289193138e-12,
                3.2241870047972025e-08,
                0.9999998894828457,
                5.3157856955240836e-08,
                2.5109993641047087e-08
            ],
            [
                0.0,
                2.707701644135327e-10,
                5.058652650588407e-10,
                0.029312227845479377,
                0.9706877713778852
            ],
            [
                4.5087552265921994e-12,
                0.0,
                0.0,
                7.991959865120363e-11,
                0.9999999999155715
            ]
        ],
        [
            [
                0.9999938557840886,
                6.1441721250819165e-06,
                1.2255998887686677e-11,
                2.9400612934559805e-11,
                2.129773257637583e-12
            ],
            [
                0.9999898699675773,
                1.0129988098926723e-05,
                9.544944618985415e-12,
                3.331513023023904e-11,
                1.4637646655811867e-12
            ],
            [
                1.7482341281312303e-13,
                9.545034922077202e-12,
                0.99999999998226,
                4.5087552419342074e-12,
                3.5114221130956625e-12
            ],
            [
                0.0,
                7.433412176491773e-12,
                7.433412176491773e-12,
                3.53562574971294e-05,
                0.999964643727636
            ],
            [
                3.978962519635044e-12,
                0.0,
                0.0,
                2.1724399262329178e-10,
                0.999999999778777
            ]
        ],
        [
            [
                0.9999938557713788,
                6.144172123869209e-06,
                1.2255998885267646e-11,
                4.2777639395854113e-11,
                1.4637703259411218e-12
            ],
            [
                0.9999251536860101,
                7.484619795709251e-05,
                4.2774700322748114e-11,
                7.052355826993844e-11,
                2.734495105391151e-12
            ],
            [
                8.590791357111487e-10,
                1.3707396506928928e-06,
                0.9998398865086255,
                0.00012339005111525355,
                3.535184152934418e-05
            ],
            [
                1.1396941299437131e-12,
                3.774148620775467e-11,
                7.989872692880367e-11,
                0.0002611903263686645,
                0.9997388095548514
            ],
            [
                5.7893562903267465e-12,
                0.0,
                0.0,
                2.7894680743648866e-10,
                0.9999999997152638
            ]
        ],
        [
            [
                0.9999997617475483,
                2.3823698445540013e-07,
                3.511422374337252e-12,
                1.0815942361101361e-11,
                1.1399919377659036e-12
            ],
            [
                0.9859363719785904,
                0.014063627292417677,
                2.4270754414253843e-10,
                4.534373881826001e-10,
                3.284689423019312e-11
            ],
            [
                2.0206839627974122e-11,
                3.927863650010812e-07,
                0.9999995947417772,
                1.1861120466996392e-08,
                5.905304156098196e-10
            ],
            [
                0.0,
                6.053548678764807e-10,
                1.8646242636076842e-09,
                0.09534946980497254,
                0.9046505277250484
            ],
            [
                1.8795288065691137e-12,
                0.0,
                0.0,
                3.5817479112837817e-10,
                0.9999999996399456
            ]
        ],
        [
            [
                0.9999999969795013,
                2.9989608144197115e-09,
                4.508755226602534e-12,
                1.5737102052091424e-11,
                1.2917800002900797e-12
            ],
            [
                0.9999038975460885,
                9.610239986389346e-05,
                1.3886620095845019e-11,
                3.774774706524972e-11,
                2.413132735253187e-12
            ],
            [
                8.87826547398491e-13,
                3.160881452720572e-10,
                0.9999999995865492,
                7.052879847557428e-11,
                2.5946094969687536e-11
            ],
            [
                1.1396092958059488e-12,
                2.9390911111628435e-11,
                1.3172092509626275e-10,
                0.0003353500537150944,
                0.9996646497840335
            ],
            [
                7.43368064874591e-12,
                0.0,
                0.0,
                1.6918979172423662e-10,
                0.9999999998233766
            ]
        ],
        [
            [
                0.9999999123154124,
                8.764249144266374e-08,
                1.0815942698607622e-11,
                2.940078049527939e-11,
                1.8795290148710955e-12
            ],
            [
                0.9999251537358128,
                7.484619756795026e-05,
                1.573593285593541e-11,
                4.8470085516295086e-11,
                2.4131834613959954e-12
            ],
            [
                9.149821386953569e-10,
                7.814477678606669e-07,
                0.06007765639846358,
                0.9397726436536699,
                0.000148917585116533
            ],
            [
                1.0060393584953994e-12,
                1.879528964526736e-12,
                2.413362961853121e-12,
                1.1253518357989281e-07,
                0.9999998874595175
            ],
            [
                1.879528807139075e-12,
                0.0,
                0.0,
                5.4927883234838324e-11,
                0.9999999999431926
            ]
        ],
        [
            [
                0.9999993523746363,
                6.475946144580393e-07,
                6.560200314720675e-12,
                2.2897348968024262e-11,
                1.2917800336467292e-12
            ],
            [
                0.3208212874536311,
                0.67917871174584,
                2.432646217061704e-10,
                5.149912081932387e-10,
                4.227305261586198e-11
            ],
            [
                5.675685232092856e-14,
                2.734698291331752e-12,
                0.9999999999954414,
                1.291780004663123e-12,
                4.752193062319128e-13
            ],
            [
                1.0060394057102326e-12,
                1.6586785673569763e-12,
                1.2917801671213693e-12,
                1.8553915957792476e-07,
                0.9999998144568839
            ],
            [
                1.658678351570661e-12,
                0.0,
                0.0,
                6.224144595351239e-11,
                0.9999999999360998
            ]
        ],
        [
            [
                0.9999996940802661,
                3.0590235896660757e-07,
                3.978963036160106e-12,
                1.2256068985202405e-11,
                1.1399919963892565e-12
            ],
            [
                0.9859363723379372,
                0.014063627286971941,
                1.472095669196608e-10,
                2.1418865601777002e-10,
                1.3692622673955233e-11
            ],
            [
                5.109088799832589e-12,
                2.0611535303637075e-09,
                0.9999999554311061,
                4.139937533847886e-08,
                1.103255983059438e-09
            ],
            [
                1.0060029420733754e-12,
                8.423159506734803e-12,
                6.559963219780412e-12,
                3.53562574884617e-05,
                0.9999646437265224
            ],
            [
                3.511422092927563e-12,
                0.0,
                0.0,
                2.1724399224277006e-10,
                0.9999999997792446
            ]
        ],
        [
            [
                0.9999994956159463,
                5.043472049102272e-07,
                5.789356596482241e-12,
                2.9400778752599495e-11,
                1.658678435626346e-12
            ],
            [
                0.9999998874313677,
                1.1253518377310595e-07,
                9.545035690771938e-12,
                2.289735029862698e-11,
                1.0060393602226816e-12
            ],
            [
                1.139991851526103e-12,
                5.211412480947928e-10,
                0.9999999987059414,
                6.691586082380861e-10,
                1.0261879618035017e-10
            ],
            [
                6.101936614495328e-13,
                6.914400035427209e-13,
                6.101936614495328e-13,
                9.237449566431187e-09,
                0.9999999907606386
            ],
            [
                1.0815941507624057e-11,
                0.0,
                0.0,
                2.1724399251042107e-10,
                0.99999999977194
            ]
        ],
        [
            [
                0.9999999956090777,
                4.36346223086423e-09,
                5.7893562994360415e-12,
                2.0206838987973933e-11,
                1.4637785067190714e-12
            ],
            [
                0.999903897538893,
                9.610239986320187e-05,
                1.573560207982025e-11,
                4.277380119343774e-11,
                2.7344376259773907e-12
            ],
            [
                1.139991852514232e-12,
                2.1724399340687809e-10,
                0.999999999637595,
                1.3176514263968074e-10,
                1.225606743840012e-11
            ],
            [
                0.0,
                1.0814229801693562e-11,
                2.5941988694565392e-11,
                0.00015843624666484,
                0.9998415637165788
            ],
            [
                3.5114220991694016e-12,
                0.0,
                0.0,
                1.9171715060014927e-10,
                0.9999999998047715
            ]
        ],
        [
            [
                0.9999999585796164,
                4.139937545824537e-08,
                3.978962369601921e-12,
                1.573710144938946e-11,
                1.2917799508172897e-12
            ],
            [
                0.9999999006461722,
                9.931195243083356e-08,
                1.081594257114696e-11,
                2.940078014880538e-11,
                1.658678514394892e-12
            ],
            [
                3.037975385158279e-14,
                2.12978517075609e-12,
                0.9999999999967977,
                8.878265477627206e-13,
                1.542811203047229e-13
            ],
            [
                0.0,
                8.575614820047502e-10,
                1.8154576716504462e-09,
                0.11920292318127931,
                0.8807970741457016
            ],
            [
                5.789356289873409e-12,
                0.0,
                0.0,
                1.103256024938674e-09,
                0.9999999988909547
            ]
        ],
        [
            [
                0.9999999847611054,
                1.5229979506443257e-08,
                1.8795287871343065e-12,
                6.5602000655210234e-12,
                4.752192988424234e-13
            ],
            [
                0.9999952148681198,
                4.785094847487257e-06,
                1.2255998012525618e-11,
                2.2897218741198338e-11,
                1.879518168862375e-12
            ],
            [
                3.442477108312036e-14,
                2.1297851708580708e-12,
                0.9999999999968978,
                7.835041784704918e-13,
                1.5428112031211036e-13
            ],
            [
                4.75219365174137e-13,
                1.879529049481323e-12,
                1.1399919943309658e-12,
                6.825604222276323e-08,
                0.9999999317404631
            ],
            [
                5.10908897818657e-12,
                0.0,
                0.0,
                1.605228039514801e-09,
                0.9999999983896628
            ]
        ],
        [
            [
                0.9999999226332394,
                7.734422802205616e-08,
                5.789356998702473e-12,
                1.573710392803513e-11,
                1.0060393957069624e-12
            ],
            [
                0.6791787115168918,
                0.32082128777167673,
                2.1468027521646886e-10,
                4.544781461996781e-10,
                4.227305262617231e-11
            ],
            [
                3.775105898711408e-11,
                1.1253432080692112e-07,
                0.9999919809052678,
                7.88926496332366e-06,
                1.7257697036261935e-08
            ],
            [
                5.384919844774733e-13,
                4.508738184208102e-12,
                5.1090696987187425e-12,
                2.902312196088133e-06,
                0.9999970976776476
            ],
            [
                3.978962522052171e-12,
                0.0,
                0.0,
                6.224144601344307e-11,
                0.9999999999337796
            ]
        ],
        [
            [
                0.9999998554918716,
                1.4449803165467386e-07,
                1.8795289081592283e-12,
                7.43368103471689e-12,
                7.835042166993976e-13
            ],
            [
                0.9706877716208884,
                0.02931222792707609,
                1.1287379771856912e-10,
                3.0682279324754846e-10,
                3.233888448619684e-11
            ],
            [
                7.991929594054134e-11,
                2.902312173311895e-06,
                0.999996850134202,
                2.3823629075243166e-07,
                9.237414641204044e-09
            ],
            [
                1.3768807441776021e-11,
                7.517514144835601e-10,
                8.518459524128448e-10,
                0.008577485627827647,
                0.9914225127548062
            ],
            [
                2.1297851625023398e-12,
                0.0,
                0.0,
                1.1628232984066722e-10,
                0.9999999998815878
            ]
        ],
        [
            [
                0.9999982396171632,
                1.7603431332207224e-06,
                8.423448542889352e-12,
                2.940072429921606e-11,
                1.879525422376959e-12
            ],
            [
                0.9626731157890526,
                0.037326883907709336,
                7.693640513599534e-11,
                2.0913483202813927e-10,
                1.7166832399239117e-11
            ],
            [
                8.534629529431949e-09,
                0.00024138124763967448,
                0.9239170315147761,
                0.07583973573438627,
                1.8429685683948833e-06
            ],
            [
                4.1936839812502404e-13,
                4.508635178065852e-12,
                1.0815653538173118e-11,
                2.7535689817968124e-05,
                0.9999724642944383
            ],
            [
                1.4637785110805908e-12,
                0.0,
                0.0,
                1.783247287104682e-11,
                0.9999999999807037
            ]
        ],
        [
            [
                0.999999352380105,
                6.475946145547162e-07,
                6.560200315700022e-12,
                1.783247330921866e-11,
                8.878265678141784e-13
            ],
            [
                0.9999417086426194,
                5.829127674722345e-05,
                1.3887123716454387e-11,
                6.223777057846614e-11,
                4.508488979057572e-12
            ],
            [
                1.317644007076059e-10,
                1.444970731132017e-07,
                0.9999936993352209,
                4.785085882851882e-06,
                1.370950058825042e-06
            ],
            [
                6.914400975814914e-13,
                4.5087558088723084e-12,
                5.109089670079724e-12,
                1.8553915957674608e-07,
                0.9999998144505311
            ],
            [
                1.31765141083955e-10,
                0.0,
                0.0,
                2.7894680586370414e-10,
                0.9999999995892881
            ]
        ],
        [
            [
                0.9999952148625249,
                4.785094846835432e-06,
                7.433638558961278e-12,
                3.331525668254036e-11,
                1.8795181686063477e-12
            ],
            [
                0.9933071482026534,
                0.006692851432960337,
                1.308832052102411e-10,
                2.1578992440753438e-10,
                1.7713115648043685e-11
            ],
            [
                1.0603575990413738e-13,
                1.2256067442816372e-11,
                0.9999999999658369,
                9.54503492184134e-12,
                1.2256067442816372e-11
            ],
            [
                8.877859881897824e-13,
                1.3887309405192992e-11,
                1.7831658245674528e-11,
                4.539785570247123e-05,
                0.9999546021116908
            ],
            [
                4.508755213331313e-12,
                0.0,
                0.0,
                7.052879805805605e-11,
                0.9999999999249625
            ]
        ],
        [
            [
                0.9999970976422058,
                2.902312199131625e-06,
                9.544998820880058e-12,
                3.331531941344029e-11,
                2.734687948206995e-12
            ],
            [
                0.9999417086782555,
                5.829127675691513e-05,
                9.544471245149832e-12,
                3.331347799320577e-11,
                2.1296593974623655e-12
            ],
            [
                8.15293443033602e-10,
                1.7605436198435695e-07,
                0.0038778553822749586,
                0.948880017412681,
                0.04724195033538858
            ],
            [
                1.1398114351752327e-12,
                1.5734611515004106e-11,
                1.0814229800203297e-11,
                0.00015843624664300655,
                0.9998415637256683
            ],
            [
                5.109088991088882e-12,
                0.0,
                0.0,
                3.775134516958474e-11,
                0.9999999999571396
            ]
        ],
        [
            [
                0.9999999748765815,
                2.510999091958664e-08,
                3.0988190600044896e-12,
                9.545034680374164e-12,
                7.835041586035796e-13
            ],
            [
                0.9999970976287224,
                2.9023121986628996e-06,
                1.3887891334678437e-11,
                4.2777716885019246e-11,
                2.413353643438337e-12
            ],
            [
                5.675685232248819e-14,
                3.5114221131389986e-12,
                0.9999999999946014,
                1.29178000469862e-12,
                5.384940217389797e-13
            ],
            [
                0.0,
                1.1399919433959538e-12,
                1.0060393590183227e-12,
                1.1253518363838683e-07,
                0.9999998874626703
            ],
            [
                5.789356285432812e-12,
                0.0,
                0.0,
                2.7894680720068573e-10,
                0.9999999997152638
            ]
        ],
        [
            [
                0.9999999317222237,
                6.825604227790314e-08,
                5.1090896653933055e-12,
                1.5737104069977445e-11,
                8.878266585973097e-13
            ],
            [
                0.9859363722382076,
                0.014063627334281391,
                1.2991198679347545e-10,
                2.750236781999731e-10,
                2.2575318246584376e-11
            ],
            [
                3.3300836776712535e-11,
                1.9547106026098114e-08,
                0.9995615408868146,
                0.0004305536673781591,
                7.885865400383334e-06
            ],
            [
                4.752193029474351e-13,
                5.384940180023817e-13,
                0.0,
                4.944450467294769e-09,
                0.9999999950545357
            ],
            [
                1.4637785076656693e-12,
                0.0,
                0.0,
                4.84736868487688e-11,
                0.9999999999500626
            ]
        ],
        [
            [
                0.9999999468140912,
                5.31578496954206e-08,
                6.560199816581014e-12,
                2.0206838007301818e-11,
                1.2917799355572142e-12
            ],
            [
                0.9999952148447817,
                4.785094847082563e-06,
                2.020672461520052e-11,
                3.775113157529455e-11,
                2.413349099741586e-12
            ],
            [
                2.7346986280395083e-12,
                2.061153876020557e-09,
                0.9999999295482708,
                5.3157859084210166e-08,
                1.5229981618444247e-08
            ],
            [
                4.752193290216933e-13,
                1.4637785841841413e-12,
                1.2917800666121693e-12,
                1.4449803152677692e-07,
                0.9999998554987377
            ],
            [
                2.734698281882842e-12,
                0.0,
                0.0,
                1.493094670896212e-10,
                0.9999999998479558
            ]
        ],
        [
            [
                0.9999997617476106,
                2.382369843733755e-07,
                3.978962830174548e-12,
                1.081594235737745e-11,
                6.101937128986205e-13
            ],
            [
                0.9399133451329131,
                0.06008665444557042,
                1.238477956538243e-10,
                2.621857854565892e-10,
                3.548298753538127e-11
            ],
            [
                9.357622968060677e-14,
                3.978962535505788e-12,
                0.9999999999789406,
                3.098819138463691e-12,
                1.3887943863807143e-11
            ],
            [
                5.7874135437371384e-12,
                1.1624330842248869e-10,
                1.4925936253434768e-10,
                0.0003353500537712325,
                0.9996646496749387
            ],
            [
                2.1297851633533305e-12,
                0.0,
                0.0,
                1.6918979165757527e-10,
                0.9999999998286804
            ]
        ],
        [
            [
                0.9999999317313891,
                6.825604228744467e-08,
                2.413363073223944e-12,
                9.54503611486409e-12,
                6.101937439640429e-13
            ],
            [
                0.9999998874510323,
                1.1253518381038303e-07,
                3.098819389059099e-12,
                9.545035693933715e-12,
                1.1399919451382916e-12
            ],
            [
                3.1496951677998635e-09,
                9.389100013051932e-06,
                0.43781410792419795,
                0.5621644439830373,
                1.2055843056581887e-05
            ],
            [
                6.913991776820963e-13,
                9.544471240498282e-12,
                8.422966306547485e-12,
                5.829127672850656e-05,
                0.9999417087046126
            ],
            [
                5.10908899528264e-12,
                0.0,
                0.0,
                6.224144582972733e-11,
                0.9999999999326494
            ]
        ],
        [
            [
                0.9999991684450895,
                8.315279900188395e-07,
                3.9789628417140844e-12,
                2.0206840643592963e-11,
                2.7346985018177504e-12
            ],
            [
                0.03732688386075534,
                0.9626731158323567,
                1.2684668764462406e-10,
                1.628743709583482e-10,
                1.7166832400011336e-11
            ],
            [
                6.665637898335003e-10,
                1.8481966478753278e-07,
                0.9961219569531506,
                0.0007074201839263177,
                0.003170437376694428
            ],
            [
                8.304995448892489e-12,
                5.138118742572538e-10,
                5.822251304819739e-10,
                0.014063627238487357,
                0.9859363716571706
            ],
            [
                5.789356296012894e-12,
                0.0,
                0.0,
                4.277787844793664e-11,
                0.9999999999514328
            ]
        ],
        [
            [
                0.9999998554915827,
                1.4449803166608043e-07,
                2.4133628896663175e-12,
                7.4336810353037e-12,
                5.384940480675228e-13
            ],
            [
                0.9959298618278806,
                0.004070137780049692,
                1.3122890456191215e-10,
                2.451678704460513e-10,
                1.5673057594219232e-11
            ],
            [
                1.317510723550455e-10,
                1.4448259460304992e-07,
                0.999893624984862,
                9.610138892075912e-05,
                1.0129011871566151e-05
            ],
            [
                0.0,
                7.433525339343291e-12,
                1.2255811343263671e-11,
                2.1444939745250174e-05,
                0.9999785550405654
            ],
            [
                3.098819124972087e-12,
                0.0,
                0.0,
                7.052879819817899e-11,
                0.9999999999263725
            ]
        ],
        [
            [
                0.9999993523802998,
                6.475946145275873e-07,
                5.789356458697228e-12,
                1.7832473308471626e-11,
                1.4637785469866053e-12
            ],
            [
                0.9820137877890576,
                0.017986211573561534,
                2.1333651417491504e-10,
                3.9856508017996705e-10,
                2.5479413127585206e-11
            ],
            [
                1.1399919977378949e-12,
                1.6052282589292862e-09,
                0.9999999333746508,
                5.315785929130808e-08,
                1.1861121656817271e-08
            ],
            [
                7.835041657069854e-13,
                1.1399918344212603e-12,
                1.0060392628484933e-12,
                1.5229979495913165e-08,
                0.9999999847670908
            ],
            [
                8.423463699808887e-12,
                0.0,
                0.0,
                1.3176514184593216e-10,
                0.9999999998598115
            ]
        ],
        [
            [
                0.9999998144486759,
                1.8553915980777914e-07,
                2.7346986386437316e-12,
                8.423464823463624e-12,
                1.0060394069565602e-12
            ],
            [
                0.9980732655265712,
                0.0019267343402647088,
                3.3251265467113856e-11,
                9.038631069252336e-11,
                9.52664705799971e-12
            ],
            [
                7.5825036526915e-10,
                6.1441722074270495e-06,
                0.9999931543211014,
                6.475909862373693e-07,
                5.3157454519220447e-08
            ],
            [
                0.0,
                2.4133628853793054e-12,
                2.1297852711598593e-12,
                1.4449803140939925e-07,
                0.9999998554974254
            ],
            [
                4.50875521266981e-12,
                0.0,
                0.0,
                2.1724399208048855e-10,
                0.9999999997782472
            ]
        ],
        [
            [
                0.9999646436748697,
                3.5356257509381845e-05,
                1.0815550901861977e-11,
                5.492589959760606e-11,
                1.8794609308055743e-12
            ],
            [
                0.9988304894858654,
                0.001169510348358751,
                5.4863596100538304e-11,
                1.0249869162502492e-10,
                8.413604960991599e-12
            ],
            [
                4.964216478663409e-10,
                1.1524777046133497e-06,
                0.9525658652321165,
                0.04742546669510538,
                7.515098651996889e-06
            ],
            [
                4.752193048687495e-13,
                4.752193048687495e-13,
                0.0,
                3.1608814449460655e-10,
                0.9999999996829614
            ],
            [
                2.1297851593107135e-12,
                0.0,
                0.0,
                5.211412459393988e-10,
                0.999999999476729
            ]
        ],
        [
            [
                0.9999999530457335,
                4.6911637998839956e-08,
                7.433680320646608e-12,
                3.3315443845429064e-11,
                1.8795287276139863e-12
            ],
            [
                0.9999952148400569,
                4.7850948470599545e-06,
                1.3887865187443334e-11,
                4.8473412451172314e-11,
                2.7346827990694753e-12
            ],
            [
                3.5113220917495718e-12,
                6.691395483810671e-10,
                0.9999721577422067,
                3.0589389870456576e-07,
                2.7535691243717417e-05
            ],
            [
                3.50028172628152e-12,
                1.3134710275932434e-10,
                1.4883576630653783e-10,
                0.003172683065436818,
                0.99682731665088
            ],
            [
                6.560200139022873e-12,
                0.0,
                0.0,
                7.052879819793485e-11,
                0.999999999922911
            ]
        ],
        [
            [
                0.9999785550081068,
                2.1444939757037508e-05,
                1.2255811350000147e-11,
                3.7750556617431303e-11,
                2.129740668474249e-12
            ],
            [
                0.9999991684259993,
                8.31527989849411e-07,
                1.0815942386541353e-11,
                3.3315447975951375e-11,
                1.8795289606421095e-12
            ],
            [
                6.43139394096361e-14,
                3.51142211310986e-12,
                0.9999999999945903,
                1.4637785140147519e-12,
                3.7010116783116236e-13
            ],
            [
                2.1293507497555762e-12,
                3.330864993074657e-11,
                3.774364514276992e-11,
                0.00020342706071842432,
                0.9997965728660999
            ],
            [
                5.1090889837252665e-12,
                0.0,
                0.0,
                5.21141244266249e-10,
                0.9999999994737496
            ]
        ],
        [
            [
                0.999964643638526,
                3.535625750593176e-05,
                3.774998191770035e-11,
                6.223919815625779e-11,
                3.9788188213500174e-12
            ],
            [
                0.9859363724405639,
                0.01406362730924681,
                8.928711572791558e-11,
                1.4720956690007838e-10,
                1.3692622672133785e-11
            ],
            [
                1.5736982176484375e-11,
                1.5229863679046707e-08,
                0.9999920670365644,
                7.88926470369677e-06,
                2.8453131250622844e-08
            ],
            [
                1.0059798674258018e-12,
                2.939904112386074e-11,
                3.33134779711508e-11,
                5.829127671832378e-05,
                0.9999417086595632
            ],
            [
                3.0988191229275824e-12,
                0.0,
                0.0,
                1.4930946685870714e-10,
                0.9999999998475917
            ]
        ],
        [
            [
                0.9999991684317726,
                8.315279898542117e-07,
                9.545035654711285e-12,
                2.940077964716506e-11,
                1.2917801038339188e-12
            ],
            [
                0.9999938557741069,
                6.144172124312311e-06,
                1.3887866178631339e-11,
                3.775113426944453e-11,
                2.1297732573708125e-12
            ],
            [
                1.9169814261083963e-10,
                9.61022142365338e-05,
                0.999901615329322,
                2.2601074506145418e-06,
                2.2157292658864682e-08
            ],
            [
                6.914084226211629e-13,
                9.544598862945472e-12,
                7.433341068564376e-12,
                4.539785569059593e-05,
                0.9999546021266401
            ],
            [
                1.879528806718025e-12,
                0.0,
                0.0,
                2.7894680782931823e-10,
                0.9999999997191737
            ]
        ],
        [
            [
                0.9999938557493999,
                6.144172124160506e-06,
                1.2255998885848706e-11,
                6.224109806155193e-11,
                3.978940278231968e-12
            ],
            [
                0.5621764999145575,
                0.4378234986465972,
                5.473464316177919e-10,
                7.963843588257955e-10,
                9.51145478557531e-11
            ],
            [
                9.357622968042475e-14,
                1.2256067443054702e-11,
                0.9999999999696818,
                9.545034922026952e-12,
                8.42346375375058e-12
            ],
            [
                1.8795288085417387e-12,
                1.291779999289507e-12,
                0.0,
                1.6052280483554095e-09,
                0.9999999983916006
            ],
            [
                1.8795288096857255e-12,
                0.0,
                0.0,
                2.461696942839257e-10,
                0.9999999997519509
            ]
        ],
        [
            [
                0.9999999895137252,
                1.046740167952561e-08,
                3.9789624920391436e-12,
                1.3887943712093643e-11,
                1.006039268209424e-12
            ],
            [
                0.7772998549975394,
                0.22270014392872609,
                3.5748477397095776e-10,
                6.678694838148136e-10,
                4.8380303138136034e-11
            ],
            [
                9.545017860770682e-12,
                8.152006142459822e-09,
                0.9999990920545113,
                8.315280257246466e-07,
                6.825591175339988e-08
            ],
            [
                0.0,
                6.101937434888458e-13,
                4.75219365254385e-13,
                6.82560422342893e-08,
                0.9999999317428724
            ],
            [
                5.109089005219617e-12,
                0.0,
                0.0,
                1.0261879585819076e-10,
                0.9999999998922722
            ]
        ],
        [
            [
                0.9999999317269392,
                6.825604229082951e-08,
                3.9789630329438665e-12,
                1.225606897529569e-11,
                7.835042763925375e-13
            ],
            [
                0.9999546020353209,
                4.53978557195456e-05,
                2.594490966562031e-11,
                7.991594789569996e-11,
                3.0986775727769373e-12
            ],
            [
                1.1024209695264478e-09,
                0.00020331455616235102,
                0.9992439305017944,
                0.0005526662634773347,
                8.757614493822941e-08
            ],
            [
                0.0,
                1.1419080729987333e-10,
                2.7392950642982385e-10,
                0.017986211531990082,
                0.9820137880798896
            ],
            [
                3.511422099079766e-12,
                0.0,
                0.0,
                2.1724399262339337e-10,
                0.9999999997792446
            ]
        ],
        [
            [
                0.9999996071792444,
                3.927863697643527e-07,
                6.560200422291013e-12,
                2.5946095987896926e-11,
                1.87952888935062e-12
            ],
            [
                0.9984988176234192,
                0.0015011820312913183,
                1.0246468210667235e-10,
                2.1691773372203778e-10,
                2.5907128808112875e-11
            ],
            [
                2.172340709348213e-10,
                8.31489946235646e-07,
                0.9999536579499495,
                4.539781283562484e-05,
                1.1253003469914976e-07
            ],
            [
                6.101925846287502e-13,
                2.4133584879639147e-12,
                2.4133584879639147e-12,
                1.37095665284628e-06,
                0.9999986290379101
            ],
            [
                5.78935630587953e-12,
                0.0,
                0.0,
                9.056076953927698e-11,
                0.99999999990365
            ]
        ],
        [
            [
                0.9999962733051616,
                3.7266391150401114e-06,
                1.0815900759255796e-11,
                4.27777173303516e-11,
                2.129777137347373e-12
            ],
            [
                0.999972464261211,
                2.7535689835158773e-05,
                9.544780752824743e-12,
                3.7750340180877486e-11,
                1.658634190788264e-12
            ],
            [
                9.05599106246866e-11,
                8.315216222706769e-07,
                0.9999912727815836,
                7.889257494324477e-06,
                6.348739876422853e-09
            ],
            [
                6.914281830906239e-13,
                9.5448716478121e-12,
                1.783216787023439e-11,
                1.6701415095044432e-05,
                0.9999832985568364
            ],
            [
                6.560200123444271e-12,
                0.0,
                0.0,
