{
    "[['E', 'D', 'C', 'B', 'A'], ['E', 'D', 'C', 'B', 'A']]": [
        [
            [
                0.9999999907479936,
                9.237449572257298e-09,
                2.734698265032726e-12,
                1.0815941452242223e-11,
                1.0060392695127522e-12
            ],
            [
                0.999999996989194,
                2.9989608140570407e-09,
                2.1297851632857125e-12,
                8.423463724132921e-12,
                1.2917800001338619e-12
            ],
            [
                1.006039278170958e-12,
                4.0586521219881164e-10,
                0.9999999989320698,
                5.905303992414654e-10,
                7.052879843313921e-11
            ],
            [
                3.767862172929587e-11,
                9.717444620098773e-10,
                6.336569867948905e-09,
                0.11920292263265368,
                0.8807970700213534
            ],
            [
                1.139991849778327e-12,
                0.0,
                0.0,
                2.1724399288550687e-10,
                0.999999999781616
            ]
        ],
        [
            [
                0.9999999992286455,
                7.582560417585332e-10,
                2.4133627685464917e-12,
                9.54503490984139e-12,
                1.1399918514918177e-12
            ],
            [
                0.9999999979267176,
                2.0611536173286538e-09,
                2.4133627658501313e-12,
                8.423463733585637e-12,
                1.291780001583483e-12
            ],
            [
                1.0060392775034201e-12,
                1.10325603039166e-09,
                0.9999999982792616,
                5.905303988496304e-10,
                2.594609493686052e-11
            ],
            [
                1.779811883496287e-11,
                4.590195346402886e-10,
                2.9931833580874243e-09,
                0.22270014308207653,
                0.7772998534479225
            ],
            [
                5.384940175821553e-13,
                7.835041724052988e-13,
                1.006039271449298e-12,
                7.194132974304733e-09,
                0.9999999928035391
            ]
        ],
        [
            [
                0.9999999976503187,
                2.335593032474887e-09,
                2.1297851651886334e-12,
                9.545034896994047e-12,
                2.413362765298175e-12
            ],
            [
                0.999999993629825,
                6.348800071352359e-09,
                3.9789625078279955e-12,
                1.573710199608419e-11,
                1.658678347238241e-12
            ],
            [
                5.109088965419408e-12,
                1.1861120005911441e-08,
                0.9999999878092592,
                3.1608814155572736e-10,
                8.42346365118629e-12
            ],
            [
                8.820965436426666e-12,
                2.2749569700325496e-10,
                1.1553184785378815e-09,
                0.07585817570976354,
                0.9241418228986013
            ],
            [
                3.0988191237842556e-12,
                1.1399918475491304e-12,
                1.2917799985590905e-12,
                3.3982678031140366e-09,
                0.9999999965962016
            ]
        ],
        [
            [
                0.9999999985715482,
                1.4166087837830883e-09,
                2.4133627669606778e-12,
                8.423463737461825e-12,
                1.0060392772521416e-12
            ],
            [
                0.9999999981688286,
                1.8189616828429763e-09,
                1.6586783546192037e-12,
                9.545034898124452e-12,
                1.0060392766782511e-12
            ],
            [
                6.101936675278961e-13,
                1.6918979219700945e-10,
                0.9999999996565014,
                1.6918979219700945e-10,
                4.508755240575862e-12
            ],
            [
                0.0,
                2.928343433023941e-10,
                4.042453416346139e-09,
                0.18242551404083238,
                0.8175744816238799
            ],
            [
                1.0060392655170433e-12,
                8.87826535697272e-13,
                1.6586783362174831e-12,
                1.18611199890406e-08,
                0.9999999881353273
            ]
        ],
        [
            [
                0.9999999990047841,
                9.736200296804882e-10,
                3.978962529214757e-12,
                1.5737102080670472e-11,
                1.8795288134108437e-12
            ],
            [
                0.9999999973383173,
                2.646573630485539e-09,
                2.413362764151905e-12,
                1.0815941522860455e-11,
                1.879528810556874e-12
            ],
            [
                6.101936581595908e-13,
                3.581747873927053e-10,
                0.9999999843206748,
                1.5229979505080275e-08,
                9.05607684718226e-11
            ],
            [
                3.6444704143565215e-11,
                1.5496682533565645e-09,
                8.91772507768681e-09,
                0.14804720200841925,
                0.8519527874877427
            ],
            [
                1.1399918504486333e-12,
                0.0,
                0.0,
                8.592166599610042e-10,
                0.9999999991396433
            ]
        ],
        [
            [
                0.9999999988841795,
                1.1032560306051247e-09,
                1.879528813577461e-12,
                9.545034907800268e-12,
                1.1399918512480406e-12
            ],
            [
                0.9999999983786414,
                1.6052280520080091e-09,
                2.734698286178448e-12,
                1.2256067419838188e-11,
                1.1399918507877035e-12
            ],
            [
                3.0988190903791057e-12,
                1.5229979507119335e-08,
                0.9999999844795513,
                2.789468049352195e-10,
                8.42346362305951e-12
            ],
            [
                6.488126546077439e-12,
                7.904156246386829e-11,
                4.548527868702505e-10,
                0.01098694234982076,
                0.9890130571097968
            ],
            [
                6.101936653678495e-13,
                4.752193044136919e-13,
                6.914400079827554e-13,
                3.398267806169831e-09,
                0.9999999965999553
            ]
        ],
        [
            [
                0.9999999961370498,
                3.850741905315636e-09,
                1.8795288080208544e-12,
                9.545034879581493e-12,
                7.835041749555128e-13
            ],
            [
                0.9999999943718487,
                5.602796403427125e-09,
                5.109088996958902e-12,
                1.7832472799581282e-11,
                2.4133627571405245e-12
            ],
            [
                6.914400104104155e-13,
                1.9171715129719545e-10,
                0.9999999996326123,
                1.6918979219211724e-10,
                5.789356326356058e-12
            ],
            [
                2.1160395992236807e-11,
                3.750769935404745e-10,
                3.1404812170693652e-09,
                0.07585817552926252,
                0.9241418209340189
            ],
            [
                2.1297850988515917e-12,
                2.4133626901284585e-12,
                3.511421994496794e-12,
                3.224186628101412e-08,
                0.9999999677500793
            ]
        ],
        [
            [
                0.9999999965877802,
                3.3982678056254546e-09,
                2.129785162263326e-12,
                1.0815941513141744e-11,
                1.00603927517729e-12
            ],
            [
                0.9999999992354849,
                7.582560418627663e-10,
                1.1399918516485259e-12,
                4.508755236774213e-12,
                6.101936670133987e-13
            ],
            [
                3.900837609818909e-14,
                1.6586783587603878e-12,
                0.99999999999781,
                4.193795657990567e-13,
                7.287724095143751e-14
            ],
            [
                0.0,
                1.1677959375351012e-09,
                1.8267401966711992e-08,
                0.4999999897760661,
                0.49999999078873597
            ],
            [
                2.4133627621982214e-12,
                0.0,
                1.139991848493107e-12,
                5.90530397536799e-10,
                0.9999999994059163
            ]
        ],
        [
            [
                0.9999999956161492,
                4.363462232043957e-09,
                3.5114220965577973e-12,
                1.5737102031486652e-11,
                1.1399918475841182e-12
            ],
            [
                0.9999999918297008,
                8.15202064411656e-09,
                3.098819111978382e-12,
                1.3887943745108222e-11,
                1.2917799936376702e-12
            ],
            [
                7.433680553506623e-12,
                1.5229979501224158e-08,
                0.9999999840674823,
                6.691585984311413e-10,
                2.5946094567952886e-11
            ],
            [
                1.3151129385357844e-10,
                7.180273352870595e-09,
                1.272732691103549e-07,
                0.7772997560861442,
                0.22270010932880202
            ],
            [
                0.0,
                1.9810087816107398e-13,
                3.2661313156853714e-13,
                7.194132970629089e-09,
                0.9999999928053424
            ]
        ],
        [
            [
                0.999999997341867,
                2.6465736304949333e-09,
                2.129785164184614e-12,
                8.423463727688145e-12,
                1.006039276084842e-12
            ],
            [
                0.9999999965863047,
                3.3982678058876402e-09,
                1.8795288090130257e-12,
                1.2256067395023424e-11,
                1.2917799996134176e-12
            ],
            [
                1.3615261078687944e-13,
                2.5946094978555836e-11,
                0.9999999998606828,
                7.99195989165752e-11,
                3.331544541625987e-11
            ],
            [
                3.112070793629296e-11,
                1.0305763085848043e-09,
                7.614986158361984e-09,
                0.4999999952660706,
                0.49999999605724627
            ],
            [
                3.978962521977696e-12,
                0.0,
                1.4637785090272678e-12,
                2.061153615259137e-09,
                0.9999999979334036
            ]
        ],
        [
            [
                0.9999999983838588,
                1.6052280517547858e-09,
                1.879528812521999e-12,
                8.423463736465325e-12,
                6.101936664563761e-13
            ],
            [
                0.9999999961383448,
                3.850741904588758e-09,
                1.8795288076660687e-12,
                8.423463714702553e-12,
                6.101936648798862e-13
            ],
            [
                5.789346056283974e-12,
                1.3709566537986098e-06,
                0.9999986282590954,
                7.582546973661857e-10,
                2.0206803235860254e-11
            ],
            [
                6.537120798649126e-11,
                2.164797097558335e-09,
                7.16882342845096e-08,
                0.4378234659290916,
                0.5621764601525058
            ],
            [
                6.914400095223907e-13,
                0.0,
                0.0,
                5.905303988937633e-10,
                0.9999999994087783
            ]
        ],
        [
            [
                0.9999999993232627,
                6.691586083686838e-10,
                1.0060392781398096e-12,
                5.109089022256116e-12,
                1.4637785124621157e-12
            ],
            [
                0.9999999956273127,
                4.363462230943798e-09,
                1.6586783505514308e-12,
                6.560200135078261e-12,
                1.006039274211022e-12
            ],
            [
                1.201542573058791e-13,
                5.1090890275599275e-12,
                0.9999999999920308,
                2.1297851707459377e-12,
                6.101936677004101e-13
            ],
            [
                2.4569498346762127e-10,
                1.3414491569756078e-08,
                9.404284629189179e-07,
                0.777299113306515,
                0.2226999326048355
            ],
            [
                1.8795288116853906e-12,
                7.835041764831187e-13,
                8.878265455532437e-13,
                9.736200287866813e-10,
                0.9999999990228292
            ]
        ],
        [
            [
                0.9999999969872553,
                2.9989608144429656e-09,
                3.0988191279607107e-12,
                9.545034889694062e-12,
                1.1399918490855625e-12
            ],
            [
                0.9999999976471725,
                2.335593031924851e-09,
                3.0988191296008923e-12,
                1.2256067408025492e-11,
                1.8795288110069575e-12
            ],
            [
                5.384940216988252e-13,
                5.492788350173564e-11,
                0.9999999999127196,
                2.940077738866369e-11,
                2.413362771490014e-12
            ],
            [
                5.184208372094031e-10,
                9.879352443819484e-08,
                8.271872637441766e-07,
                0.9947789526723179,
                0.005220120828473074
            ],
            [
                2.7346982760743273e-12,
                0.0,
                1.8795288058740392e-12,
                1.8189616772316791e-09,
                0.999999998176424
            ]
        ],
        [
            [
                0.9999999987355128,
                1.250152863731788e-09,
                2.7346982857841853e-12,
                1.0815941534315836e-11,
                7.835041768425081e-13
            ],
            [
                0.9999999987401447,
                1.2501528640734776e-09,
                1.6586783558450367e-12,
                7.433680658597013e-12,
                6.101936666314388e-13
            ],
            [
                6.431393940823528e-14,
                5.109089027564068e-12,
                0.9999999999928413,
                1.6586783587521462e-12,
                3.266131342468283e-13
            ],
            [
                0.0,
                8.817811575601412e-10,
                5.074300208947019e-09,
                0.37754067328293095,
                0.6224593207609876
            ],
            [
                4.5087552253186975e-12,
                1.291779999922254e-12,
                2.12978516293683e-12,
                7.58256039936245e-10,
                0.9999999992338136
            ]
        ],
        [
            [
                0.9999999985782091,
                1.4166087836811389e-09,
                7.835041768681714e-13,
                3.9789625275174306e-12,
                4.19379564961053e-13
            ],
            [
                0.9999999969796642,
                2.9989608132226814e-09,
                3.978962520400646e-12,
                1.573710204580999e-11,
                1.6586783524793016e-12
            ],
            [
                1.879528813825609e-12,
                4.599055372012664e-10,
                0.9999999985990786,
                8.592166606769605e-10,
                7.991959881415947e-11
            ],
            [
                1.1287379299102874e-10,
                1.1513439893447523e-08,
                2.620446841404912e-07,
                0.9706875065829041,
                0.02931221974609807
            ],
            [
                1.0060392679848014e-12,
                1.291779990278415e-12,
                2.7346982608793252e-12,
                1.046740167718851e-08,
                0.9999999895275659
            ]
        ],
        [
            [
                0.9999999961364432,
                3.850741904970208e-09,
                2.1297851611123165e-12,
                9.545034878725262e-12,
                1.1399918477755263e-12
            ],
            [
                0.9999999927952975,
                7.194132974744635e-09,
                2.1297851545013973e-12,
                7.433680614920731e-12,
                1.0060392715108145e-12
            ],
            [
                4.508755092917696e-12,
                3.2241866304379485e-08,
                0.9999999669858237,
                7.582560176698202e-10,
                9.545034606609244e-12
            ],
            [
                1.1614623541205486e-10,
                1.5212154831718278e-08,
                4.445643297262192e-07,
                0.9988300303067932,
                0.0011695098005759532
            ],
            [
                8.423463708378543e-12,
                1.6586783498385514e-12,
                2.1297851593023815e-12,
                3.3982678009009955e-09,
                0.9999999965895203
            ]
        ],
        [
            [
                0.9999999983781254,
                1.605228051930627e-09,
                3.0988191324382268e-12,
                1.2256067419247368e-11,
                1.2917800021666025e-12
            ],
            [
                0.9999999973415812,
                2.6465736301024386e-09,
                2.12978516386876e-12,
                8.42346372643892e-12,
                1.2917800004874983e-12
            ],
            [
                5.384940215035245e-13,
                2.789468091460556e-10,
                0.9999999995284274,
                1.4930946754433187e-10,
                4.277787866809195e-11
            ],
            [
                2.685344490865152e-10,
                1.2938714341101998e-08,
                1.3197834842730869e-06,
                0.9626718261810016,
                0.03732684082826543
            ],
            [
                2.129785165646219e-12,
                1.2917800015655815e-12,
                1.4637785104767009e-12,
                6.69158607461062e-10,
                0.9999999993259561
            ]
        ],
        [
            [
                0.9999999981682235,
                1.8189616833845643e-09,
                2.129785166074995e-12,
                9.545034900966444e-12,
                1.1399918504318567e-12
            ],
            [
                0.9999999969872055,
                2.9989608144428163e-09,
                2.1297851635596806e-12,
                1.0815941519725174e-11,
                8.878265447628107e-13
            ],
            [
                1.13999185194957e-12,
                7.582560420630033e-10,
                0.9999999990774064,
                1.4930946747632783e-10,
                1.3887943851626805e-11
            ],
            [
                5.707934339026477e-12,
                7.879560303229085e-11,
                3.531373929005148e-10,
                0.014063627260966263,
                0.9859363723013927
            ],
            [
                1.1399918037698616e-12,
                1.6586782872202657e-12,
                2.4133626675191095e-12,
                4.1399375398423655e-08,
                0.9999999585954125
            ]
        ],
        [
            [
                0.9999999936377777,
                6.348800071902044e-09,
                2.4133627550536996e-12,
                9.545034856476362e-12,
                1.4637785039486191e-12
            ],
            [
                0.9999999991282187,
                8.592166605168556e-10,
                1.8795288134753807e-12,
                9.545034907281863e-12,
                1.139991851186126e-12
            ],
            [
                2.3659776089630764e-14,
                1.4637785140196911e-12,
                0.9999999999979645,
                4.752193062426314e-13,
                7.287724095290865e-14
            ],
            [
                1.6805736464566574e-10,
                1.9424790252093955e-08,
                4.42106188351419e-07,
                0.9933066899393763,
                0.006692848361587728
            ],
            [
                1.463778483661984e-12,
                2.1297851266310358e-12,
                2.4133627216066928e-12,
                1.955568068086078e-08,
                0.9999999804383124
            ]
        ],
        [
            [
                0.9999999969840256,
                2.9989608138057383e-09,
                3.098819127302265e-12,
                1.2256067398934247e-11,
                1.6586783528017811e-12
            ],
            [
                0.9999999950400238,
                4.944450473165933e-09,
                2.1297851585621546e-12,
                1.2256067372779062e-11,
                1.139991846410523e-12
            ],
            [
                8.878265474795379e-13,
                2.789468091717642e-10,
                0.9999999996422031,
                7.052879848201262e-11,
                7.433680669284124e-12
            ],
            [
                4.501983934725478e-12,
                6.21479712114001e-11,
                2.1691773363825165e-10,
                0.0015011820268917184,
                0.9984988176895405
            ],
            [
                1.879528808543258e-12,
                1.2917799992905514e-12,
                1.879528808543258e-12,
                1.2501528610683865e-09,
                0.9999999987447963
            ]
        ],
        [
            [
                0.999999999234561,
                7.582560417033984e-10,
                1.4637785120259758e-12,
                5.1090890207338384e-12,
                6.1019366688515e-13
            ],
            [
                0.9999999988866457,
                1.1032560305402867e-09,
                1.6586783562031286e-12,
                7.43368066020187e-12,
                1.0060392776389501e-12
            ],
            [
                5.789356293979761e-12,
                5.602796403906212e-09,
                0.9999999940459254,
                3.1608814353403495e-10,
                2.940077721636514e-11
            ],
            [
                4.015552646614666e-11,
                1.5068250139701842e-09,
                2.0801077690772998e-08,
                0.7310585736598333,
                0.2689414039921086
            ],
            [
                1.006039277604765e-12,
                0.0,
                0.0,
                6.22414461252295e-11,
                0.9999999999367526
            ]
        ],
        [
            [
                0.9999999990189121,
                9.73620029838356e-10,
                1.1399918513318263e-12,
                5.789356320033711e-12,
                5.384940209664621e-13
            ],
            [
                0.9999999907474956,
                9.237449569496697e-09,
                3.098819107700289e-12,
                1.0815941449009892e-11,
                1.13999184163217e-12
            ],
            [
                3.2661313420382294e-13,
                1.493094675854663e-10,
                0.9999999998000106,
                4.8473687051583174e-11,
                1.879528816107938e-12
            ],
            [
                0.0,
                1.8793496634044257e-12,
                2.413132734654834e-12,
                9.610239922992871e-05,
                0.9999038975964776
            ],
            [
                0.0,
                0.0,
                3.7010116602564983e-13,
                3.850741903689624e-09,
                0.9999999961488879
            ]
        ],
        [
            [
                0.9999999976432787,
                2.335593031288215e-09,
                3.5114221020839963e-12,
                1.5737102056253357e-11,
                1.879528810494635e-12
            ],
            [
                0.9999999979251963,
                2.0611536167828304e-09,
                3.0988191302187833e-12,
                9.545034896649413e-12,
                1.0060392765227832e-12
            ],
            [
                7.433681507284793e-12,
                4.363462743036977e-09,
                0.999999680489298,
                3.059023548600169e-07,
                9.237450699498065e-09
            ],
            [
                2.7279361899807235e-12,
                4.835382594369248e-11,
                3.153065527547442e-10,
                0.002472622962646537,
                0.9975273766709651
            ],
            [
                2.1297850683667013e-12,
                2.4133626555845524e-12,
                2.4133626555845524e-12,
                4.691163795866923e-08,
                0.9999999530814054
            ]
        ],
        [
            [
                0.9999999956188907,
                4.363462231552916e-09,
                3.5114220961626405e-12,
                1.2256067384017169e-11,
                1.879528807325162e-12
            ],
            [
                0.9999999979289704,
                2.061153616952674e-09,
                1.6586783544995594e-12,
                7.433680652567002e-12,
                7.835041764210957e-13
            ],
            [
                1.0060392789722237e-12,
                1.1628233026625221e-10,
                0.9999999997813349,
                9.056076986872495e-11,
                1.0815941553941126e-11
            ],
            [
                4.385175930091876e-11,
                1.2815362581164584e-09,
                7.374731980355342e-09,
                0.09534946914919659,
                0.9046505221506834
            ],
            [
                5.384940208201074e-13,
                3.701011672027024e-13,
                6.914400094673957e-13,
                1.1032560303863617e-09,
                0.999999998895144
            ]
        ],
        [
            [
                0.999999995618909,
                4.36346223125022e-09,
                2.7346982779959903e-12,
                1.3887943795918423e-11,
                1.0060392742816706e-12
            ],
            [
                0.9999999973470861,
                2.6465736303251032e-09,
                1.1399918493468554e-12,
                4.508755227670929e-12,
                6.914400084513732e-13
            ],
            [
                3.5114220237137183e-12,
                2.5109990916265984e-08,
                0.9999999745276318,
                3.1608813736018183e-10,
                4.277787759737354e-11
            ],
            [
                6.969648082330265e-11,
                3.805298916772838e-09,
                5.9524890164377507e-08,
                0.6791786490551095,
                0.3208212875450049
            ],
            [
                1.0060392767458305e-12,
                6.914400089500332e-13,
                6.914400089500332e-13,
                1.4166087830701494e-09,
                0.9999999985810022
            ]
        ],
        [
            [
                0.9999999985702526,
                1.4166087839662972e-09,
                2.1297851669312304e-12,
                9.545034904803826e-12,
                1.4637785113598757e-12
            ],
            [
                0.9999999950466392,
                4.9444504731986425e-09,
                1.6586783492730347e-12,
                6.560200130022107e-12,
                6.914400066749716e-13
            ],
            [
                2.1297851587574577e-12,
                8.592166569962544e-10,
                0.9999999943152857,
                4.363462227952006e-09,
                4.599055352311264e-10
            ],
            [
                1.2232457585772425e-11,
                2.7840945138819565e-10,
                1.413879858060675e-09,
                0.1192029233378825,
                0.8807970749575957
            ],
            [
                1.6586783309796323e-12,
                1.8795287848850356e-12,
                2.734698245535507e-12,
                1.5229979488217226e-08,
                0.9999999847637475
            ]
        ],
        [
            [
                0.9999999991296198,
                8.592166605946136e-10,
                2.1297851676768985e-12,
                8.423463741500399e-12,
                6.101936668211156e-13
            ],
            [
                0.9999999987371662,
                1.250152863733855e-09,
                2.1297851664362734e-12,
                9.545034902585583e-12,
                1.0060392771484508e-12
            ],
            [
                6.914400102743067e-13,
                4.0586521240120355e-10,
                0.9999999994263016,
                1.493094675290835e-10,
                1.7832472897321832e-11
            ],
            [
                7.715344147710325e-11,
                3.7174609928112153e-09,
                8.460902221066097e-08,
                0.8519527224276825,
                0.14804718916868084
            ],
            [
                1.6586783554317245e-12,
                0.0,
                0.0,
                2.789468087012249e-10,
                0.9999999997193945
            ]
        ],
        [
            [
                0.9999999994689828,
                5.211412482405307e-10,
                1.6586783571690385e-12,
                7.433680664530777e-12,
                7.835041776820683e-13
            ],
            [
                0.9999999993204804,
                6.691586083258456e-10,
                1.4637785123684072e-12,
                7.433680663426858e-12,
                1.4637785123684072e-12
            ],
            [
                5.492767552298698e-11,
                2.9023121867609567e-06,
                0.9999970931376753,
                4.363445730524758e-09,
                1.3176464376713476e-10
            ],
            [
                1.2176967427926188e-10,
                1.096135675801809e-08,
                4.1132187779825035e-07,
                0.9241414359345206,
                0.07585814166047518
            ],
            [
                3.511422095854618e-12,
                1.8795288071602893e-12,
                2.413362759790604e-12,
                2.3355930271447957e-09,
                0.9999999976566027
            ]
        ],
        [
            [
                0.9999999990185151,
                9.73620029770411e-10,
                1.2917800027552984e-12,
                5.789356319629696e-12,
                7.835041772747585e-13
            ],
            [
                0.999999994379329,
                5.6027964027371715e-09,
                3.098819119474436e-12,
                1.3887943778703206e-11,
                8.878265423314964e-13
            ],
            [
                1.7832441210359382e-11,
                1.3709566494607627e-06,
                0.9999986251125416,
                3.850735077951538e-09,
                6.224133559293018e-11
            ],
            [
                1.4015655962838339e-10,
                5.259336099057196e-09,
                1.741651258260583e-07,
                0.268941372679425,
                0.7310584477559565
            ],
            [
                2.1297851609986236e-12,
                0.0,
                1.879528807751919e-12,
                2.3355930278799835e-09,
                0.9999999976603977
            ]
        ],
        [
            [
                0.9999999979265026,
                2.061153617090609e-09,
                1.6586783546105602e-12,
                9.545034898074711e-12,
                1.1399918500864884e-12
            ],
            [
                0.9999999895204695,
                1.0467401680802848e-08,
                2.4133627455628054e-12,
                8.423463662775912e-12,
                1.2917799907244599e-12
            ],
            [
                2.681003867586674e-14,
                1.4637785140193719e-12,
                0.9999999999977465,
                5.384940217362107e-13,
                2.2447770548575944e-13
            ],
            [
                4.385175834295758e-11,
                2.1128960417729005e-09,
                2.9167630156101523e-08,
                0.9046505014286225,
                0.09534946724699954
            ],
            [
                3.266125548264561e-13,
                1.0060374944446142e-12,
                2.129781392452222e-12,
                1.3709566541322953e-06,
                0.9999986290398835
            ]
        ],
        [
            [
                0.9999999973277502,
                2.6465736302739293e-09,
                5.109089011393491e-12,
                1.7832472849962954e-11,
                2.7346982826691556e-12
            ],
            [
                0.999999992786809,
                7.1941329746835666e-09,
                3.5114220862180057e-12,
                1.3887943757550046e-11,
                1.6586783460854615e-12
            ],
            [
                4.4202281033191e-14,
                1.6586783587933742e-12,
                0.9999999999976652,
                5.38494021736167e-13,
                9.357622968158345e-14
            ],
            [
                4.4700773198071e-12,
                8.978390305648927e-11,
                1.9007252426213858e-10,
                0.008577485656789627,
                0.9914225140588838
            ],
            [
                1.4637785017581968e-12,
                1.0060392707831209e-12,
                2.413362751442304e-12,
                7.194132969540937e-09,
                0.9999999928009838
            ]
        ],
        [
            [
                0.9999999969915931,
                2.9989608140642356e-09,
                1.879528809774777e-12,
                6.560200144544031e-12,
                1.0060392756626448e-12
            ],
            [
                0.9999999950373666,
                4.944450474092528e-09,
                3.511422093600913e-12,
                1.3887943786750011e-11,
                7.835041740939065e-13
            ],
            [
                8.258073284855253e-14,
                3.5114221130785805e-12,
                0.9999999999950733,
                1.0060392791979582e-12,
                3.266131342510328e-13
            ],
            [
                4.118108835946998e-11,
                2.8870171803260304e-09,
                3.9854042842260923e-08,
                0.962673074818247,
                0.0373268823995119
            ],
            [
                8.878265450975696e-13,
                3.701011667135652e-13,
                5.384940201084169e-13,
                2.335593031569169e-09,
                0.9999999976626106
            ]
        ],
        [
            [
                0.99999999613293,
                3.850741906105551e-09,
                2.4133627613906524e-12,
                1.225606739106778e-11,
                1.6586783517371708e-12
            ],
            [
                0.9999999778240535,
                2.215948927041009e-08,
                2.129785122615864e-12,
                1.0815941311795317e-11,
                3.5114220336774554e-12
            ],
            [
                2.020684060588218e-11,
                8.315279884670101e-07,
                0.9999991663421773,
                2.061153777040082e-09,
                4.847369069858191e-11
            ],
            [
                3.415178686660764e-11,
                1.6455252426956665e-09,
                6.174787918429014e-08,
                0.9046504832384117,
                0.09534945333403215
            ],
            [
                6.101936669418658e-13,
                0.0,
                3.266131338405441e-13,
                9.056076977522778e-11,
                0.9999999999085025
            ]
        ],
        [
            [
                0.9999999992279103,
                7.582560417579758e-10,
                2.129785168053697e-12,
                1.0815941542547674e-11,
                8.878265466361956e-13
            ],
            [
                0.999999996139278,
                3.850741905894192e-09,
                1.6586783516461294e-12,
                7.433680639778816e-12,
                8.878265439556313e-13
            ],
            [
                1.7832474182558953e-11,
                8.315279855222007e-07,
                0.9999991627808563,
                5.602796837945793e-09,
                7.052880355152106e-11
            ],
            [
                1.6886387761748741e-10,
                3.84332413966015e-09,
                6.011970472831793e-08,
                0.11920290174962521,
                0.880797034118482
            ],
            [
                1.0060392766519748e-12,
                0.0,
                0.0,
                2.7894680855729424e-10,
                0.999999999720047
            ]
        ],
        [
            [
                0.999999996982176,
                2.998960813230214e-09,
                3.5114220997625854e-12,
                1.3887943811119898e-11,
                1.46377850845078e-12
            ],
            [
                0.9999999965878965,
                3.398267806128852e-09,
                1.8795288091464364e-12,
                1.0815941514743948e-11,
                1.1399918485604884e-12
            ],
            [
                3.098819126895269e-12,
                9.73620027585163e-10,
                0.9999999962740886,
                2.646573628808543e-09,
                1.0261879592537714e-10
            ],
            [
                1.8788980875833147e-12,
                1.5731821077973458e-11,
                3.3304265483417434e-11,
                0.00033535005394720217,
                0.9996646498951378
            ],
            [
                1.2917799967910528e-12,
                0.0,
                1.4637785050664512e-12,
                2.3355930243441404e-09,
                0.9999999976616514
            ]
        ],
        [
            [
                0.9999999983768575,
                1.605228051200859e-09,
                2.7346982848033713e-12,
                1.3887943830489156e-11,
                1.2917800015793341e-12
            ],
            [
                0.9999999895113488,
                1.0467401675961965e-08,
                2.413362744446692e-12,
                1.5737101928280345e-11,
                3.0988191035568356e-12
            ],
            [
                1.4637785132305562e-12,
                4.058652123993128e-10,
                0.9999999994311055,
                1.4930946752838794e-10,
                1.2256067436602787e-11
            ],
            [
                5.928956457346196e-11,
                2.8567312016537382e-09,
                1.3764501758805024e-07,
                0.9525739961667037,
                0.0474258632722581
            ],
            [
                1.1399918506741245e-12,
                6.101936664918392e-13,
