{
    "[['E', 'D', 'C', 'B', 'A'], ['E', 'D', 'C', 'B', 'A']]": [
        [
            [
                0.9999999894682675,
                1.0467401677500432e-08,
                8.423463660118347e-12,
                4.8473686519754075e-11,
                7.433680589088341e-12
            ],
            [
                0.9999999006199876,
                9.931195242823312e-08,
                9.545035817320122e-12,
                4.2777882698468956e-11,
                1.573710358161027e-11
            ],
            [
                6.101936407639596e-13,
                9.056076589008202e-11,
                0.9999999558058434,
                3.2241865946102316e-08,
                1.1861119626576676e-08
            ],
            [
                5.6006386250401615e-09,
                1.0672928037591757e-06,
                0.00012336227510352044,
                0.9996144068930105,
                0.0002611579384435301
            ],
            [
                5.109089139413207e-12,
                1.0815941793013395e-11,
                4.847368811916082e-11,
                6.475946141035694e-07,
                0.9999993523409872
            ]
        ],
        [
            [
                0.9999999880952665,
                1.186112000114659e-08,
                5.789356255420093e-12,
                3.3315444999790984e-11,
                4.508755185200504e-12
            ],
            [
                0.9999999776941134,
                2.2159489265993062e-08,
                2.594609438869206e-11,
                1.0261879396741616e-10,
                1.7832472499846655e-11
            ],
            [
                6.504293219922984e-09,
                4.0240675600346124e-07,
                0.02409375913610427,
                0.7978756909896387,
                0.17803014096320785
            ],
            [
                1.2991199330259828e-10,
                8.03737042098022e-09,
                1.8292970760932457e-07,
                0.9859361875898922,
                0.014063621313117718
            ],
            [
                1.02618803814758e-10,
                4.277788181521265e-11,
                2.4616971316767956e-10,
                8.315279868511145e-07,
                0.9999991680804468
            ]
        ],
        [
            [
                0.9999999905422129,
                9.237449569790745e-09,
                3.3315445089211676e-11,
                1.691897905731802e-10,
                1.7832472730197418e-11
            ],
            [
                0.9999999225801647,
                7.734422799961166e-08,
                8.423464726827493e-12,
                5.4927889850122985e-11,
                1.2256068858873254e-11
            ],
            [
                6.530799758863825e-08,
                1.9085794547145714e-06,
                0.5121432794479782,
                0.39885758741601,
                0.08899715924855946
            ],
            [
                2.331084880039161e-09,
                9.912025133325168e-08,
                4.2147003348080265e-06,
                0.8807932727781532,
                0.11920241107017573
            ],
            [
                1.4930890260850345e-10,
                2.1724317142143766e-10,
                1.4166034259660631e-09,
                2.9023121936590914e-06,
                0.9999970959046508
            ]
        ],
        [
            [
                0.9999999926354676,
                7.194132971888962e-09,
                2.289734827046521e-11,
                1.3176514163065427e-10,
                1.5737101979033747e-11
            ],
            [
                1.5574794119880136e-07,
                8.503549460925482e-06,
                0.047357639257290335,
                0.9512036243137224,
                0.001430077131585156
            ],
            [
                6.6625267169580805e-09,
                6.795968489810505e-07,
                0.04069027804509331,
                0.8172860247631317,
                0.14202301093239927
            ],
            [
                2.369808081736965e-10,
                1.4661483436088277e-08,
                1.0278493419011027e-06,
                0.9626721093827578,
                0.037326847869436026
            ],
            [
                2.020683892899276e-11,
                5.789356282537652e-12,
                9.545034846681248e-12,
                4.9444504624871086e-09,
                0.9999999950200082
            ]
        ],
        [
            [
                0.999999986497996,
                1.344040975947128e-08,
                6.560200074603618e-12,
                4.847368637145517e-11,
                6.560200074603618e-12
            ],
            [
                0.9999999918029948,
                8.152020643399656e-09,
                5.109088983521538e-12,
                3.3315445131215184e-11,
                6.560200110960992e-12
            ],
            [
                2.7821194367630706e-10,
                2.21011121671686e-08,
                0.9973663030995185,
                0.0007083041602096861,
                0.0019253703609476125
            ],
            [
                5.210031721370901e-10,
                5.3143768342866326e-08,
                2.9015542044468795e-06,
                0.9997358551952268,
                0.00026118958579727586
            ],
            [
                1.573698284858656e-11,
                3.7751059357058266e-11,
                1.9171569851259992e-10,
                7.889265040635073e-06,
                0.9999921104897556
            ]
        ],
        [
            [
                0.9999999397243137,
                6.02357463518689e-08,
                6.560201036483849e-12,
                2.940078128443011e-11,
                3.9789630625060496e-12
            ],
            [
                4.3012326139893865e-09,
                7.233554130567805e-07,
                0.00020056640790042874,
                0.9857379083130083,
                0.014060797622445614
            ],
            [
                7.433681405709935e-12,
                1.4166089263964453e-09,
                0.999999905209923,
                6.825604049703734e-08,
                2.5109994034625432e-08
            ],
            [
                3.750770039338528e-10,
                2.047851053476273e-08,
                5.984692325399068e-07,
                0.9241412390978432,
                0.0758581415793367
            ],
            [
                2.594609379409767e-11,
                8.423463368564974e-12,
                1.5737101385899924e-11,
                4.1399375291224316e-08,
                0.999999958550518
            ]
        ],
        [
            [
                0.9999999942986817,
                5.602796401345587e-09,
                1.573710200520792e-11,
                7.052879805553558e-11,
                1.2256067364930503e-11
            ],
            [
                0.9999999880359091,
                1.186112000149934e-08,
                9.545034802255822e-12,
                7.05287976201137e-11,
                2.2897348167187616e-11
            ],
            [
                7.835042363004827e-13,
                7.052880371357562e-11,
                0.999999880199371,
                7.19413356099012e-09,
                1.1253518302025225e-07
            ],
            [
                1.2498191772078678e-09,
                2.1018706689684598e-07,
                6.142566490138839e-06,
                0.9997324574232058,
                0.0002611885734180314
            ],
            [
                5.905303801142439e-10,
                3.3315444305743856e-11,
                5.4927881669705356e-11,
                2.845334713677252e-08,
                0.9999999708678792
            ]
        ],
        [
            [
                0.9999999992814208,
                6.691586080734825e-10,
                6.5602001578031214e-12,
                3.775134538322706e-11,
                5.1090890200022255e-12
            ],
            [
                2.928343401785436e-10,
                1.8117019100123475e-08,
                2.8339786062203757e-07,
                0.8175742289171953,
                0.1824254692750907
            ],
            [
                6.1624894534530925e-09,
                4.3202386421644414e-07,
                0.9706540318186705,
                0.029311210088519783,
                3.431990645610226e-05
            ],
            [
                5.265911364175791e-09,
                1.0035050787048744e-06,
                4.267012173908943e-05,
                0.9398723007751659,
                0.06008402033210487
            ],
            [
                1.5737102707820136e-11,
                8.423464076137875e-12,
                4.8473688913781154e-11,
                3.9278636954754917e-07,
                0.9999996071409962
            ]
        ],
        [
            [
                0.999999995017661,
                4.944450471848722e-09,
                4.508755214856367e-12,
                2.5946094824867246e-11,
                7.43368062711382e-12
            ],
            [
                0.9999993521975616,
                6.475946142078553e-07,
                1.5737102452378924e-11,
                1.6918979597616034e-10,
                2.2897348959178376e-11
            ],
            [
                1.092549666182191e-08,
                8.679205295570224e-07,
                0.5586868863148395,
                0.435105784553722,
                0.006206450285412179
            ],
            [
                1.8180737948500083e-09,
                9.926346582254867e-08,
                5.826615269565649e-05,
                0.9995111008948275,
                0.0004305318709370651
            ],
            [
                8.423463615404649e-12,
                2.7346982464444044e-12,
                1.78324726137479e-11,
                1.5229979493279022e-08,
                0.9999999847410299
            ]
        ],
        [
            [
                0.9999999989827664,
                9.736200297356053e-10,
                5.789356319422733e-12,
                3.331544536810075e-11,
                4.508755235045811e-12
            ],
            [
                0.9999999585209927,
                4.139937543925527e-08,
                1.081594110044992e-11,
                5.492788118954335e-11,
                1.3887943278375278e-11
            ],
            [
                3.1989967212962674e-09,
                2.2426698424217733e-07,
                0.036500508837701555,
                0.9413605855005575,
                0.022138678195759966
            ],
            [
                3.5748414525017974e-10,
                2.5061573410167105e-08,
                2.5563475477285332e-06,
                0.880794802148009,
                0.11920261608538577
            ],
            [
                0.9999999986928565,
                1.2501528640143602e-09,
                5.789356317744342e-12,
                4.2777878608511524e-11,
                8.423463738483661e-12
            ]
        ],
        [
            [
                0.9999999972695528,
                2.646573630465614e-09,
                1.0815941522779025e-11,
                6.224144603050566e-11,
                1.0815941522779025e-11
            ],
            [
                9.712070117558707e-10,
                4.129677298590731e-08,
                6.12898453958045e-06,
                0.9975212210551404,
                0.002472607692339953
            ],
            [
                1.2255998536307185e-11,
                2.646558758969247e-09,
                0.9999948997527258,
                1.3709526858261435e-06,
                3.7266357735583282e-06
            ],
            [
                7.187151611297608e-09,
                6.469673872668203e-07,
                5.823814824675291e-05,
                0.9990301102169712,
                0.0009109974802431812
            ],
            [
                2.1724402089174538e-10,
                3.331544962111256e-11,
                2.1724402089174538e-10,
                1.8553915964900948e-07,
                0.9999998139930368
            ]
        ],
        [
            [
                0.9999999954922356,
                4.36346222996562e-09,
                2.5946094846132e-11,
                1.0261879577662621e-10,
                1.5737102023991e-11
            ],
            [
                5.550452130124014e-10,
                4.996357781746342e-08,
                3.5027172252091e-06,
                0.9399100048221837,
                0.060086441941968056
            ],
            [
                1.8109752222297318e-09,
                3.04559494001674e-07,
                0.0019219790605307225,
                0.995609844604937,
                0.0024678699640630747
            ],
            [
                1.8094526299980945e-09,
                1.1194687016029862e-07,
                7.848081493508861e-06,
                0.9947719548679019,
                0.005220083294281708
            ],
            [
                4.8473688920863087e-11,
                2.2897349334188416e-11,
                7.052880121472922e-11,
                3.9278636960493465e-07,
                0.9999996070717305
            ]
        ],
        [
            [
                0.9999999960888419,
                3.8507419056999755e-09,
                7.43368063940389e-12,
                4.847368684785266e-11,
                4.508755222310672e-12
            ],
            [
                0.9999999973202309,
                2.6465736300459335e-09,
                5.7893563093425165e-12,
                2.2897348379773968e-11,
                4.5087552271953304e-12
            ],
            [
                2.734687922698009e-12,
                3.160869469501904e-10,
                0.9999962534865293,
                1.9555606940445534e-08,
                3.7266390420843916e-06
            ],
            [
                1.5683181222723387e-09,
                1.4117549833357693e-07,
                1.6317668967655664e-05,
                0.9770065451784427,
                0.02297699440877323
            ],
            [
                4.2777881821065555e-11,
                4.2777881821065555e-11,
                1.6918980464634368e-10,
                8.315279869648849e-07,
                0.9999991682172675
            ]
        ],
        [
            [
                0.9999999943104501,
                5.602796401910719e-09,
                1.2256067366166724e-11,
                6.224144583330262e-11,
                1.2256067366166724e-11
            ],
            [
                1.3417254732294346e-08,
                1.7573135769761004e-06,
                0.0005521315130791362,
                0.9982772353337281,
                0.0011688624223609124
            ],
            [
                1.5428111939246886e-13,
                1.2256067370481001e-11,
                0.9999999940266184,
                3.581747908768707e-10,
                5.602796403882968e-09
            ],
            [
                7.897646045503777e-11,
                3.805298966203982e-09,
                4.635803167445118e-08,
                0.32082129093157813,
                0.6791786588261147
            ],
            [
                2.129350749171355e-12,
                2.9394780385093515e-11,
                3.1602367152195895e-10,
                0.00020342706066261084,
                0.9997965725917897
            ]
        ],
        [
            [
                0.9999999972166096,
                2.646573629535889e-09,
                8.423463724635716e-12,
                7.991959864649235e-11,
                4.847368689102589e-11
            ],
            [
                0.9999999776560481,
                2.2159489261432835e-08,
                2.2897347927476223e-11,
                1.4930946417033802e-10,
                1.2256067160957262e-11
            ],
            [
                4.1709337804683965e-09,
                3.7545513570011485e-07,
                0.032708293533936,
                0.3103276481043188,
                0.6569636787356757
            ],
            [
                1.492949496554405e-10,
                1.1859966846591128e-08,
                8.314478661983182e-07,
                0.9999030542361358,
                9.610230673618948e-05
            ],
            [
                5.789356232161964e-12,
                5.109088942841757e-12,
                2.2897348074518963e-11,
                1.5229979490670716e-08,
                0.9999999847362246
            ]
        ],
        [
            [
                0.9999999894319812,
                1.0467401675131193e-08,
                1.2256067304046514e-11,
                7.052879770517241e-11,
                1.7832472704370522e-11
            ],
            [
                0.9999999826820797,
                1.7257827677542302e-08,
                4.508755161195489e-12,
                3.775134476375455e-11,
                1.783247258739229e-11
            ],
            [
                1.4928840183221244e-10,
                1.3438513669375328e-08,
                0.9998584947959727,
                9.60980918520439e-05,
                4.539352437313936e-05
            ],
            [
                9.274360467585398e-10,
                7.367537074948193e-08,
                9.64956929640651e-06,
                0.9525648618135735,
                0.04742541401432334
            ],
            [
                0.9999999994501638,
                5.211412481535855e-10,
                3.9789625309869056e-12,
                2.020683906559014e-11,
                4.508755236798677e-12
            ]
        ],
        [
            [
                0.9999999846874179,
                1.5229979489927392e-08,
                9.545034763159917e-12,
                6.224144518782879e-11,
                1.0815941376343742e-11
            ],
            [
                1.519916103475742e-08,
                9.403387956639962e-07,
                9.591716479497371e-05,
                0.9979765795421914,
                0.0019265477550569207
            ],
            [
                1.847755292744183e-08,
                1.884761638381422e-06,
                0.1128484864782499,
                0.8338437582876772,
                0.05330585199488156
            ],
            [
                6.691280879746925e-10,
                7.734069130559993e-08,
                1.012963155249027e-05,
                0.9999544364704772,
                3.5355888150917675e-05
            ],
            [
                2.9400776314428126e-11,
                1.573710152962809e-11,
                2.9400776314428126e-11,
                3.2241866189939934e-08,
                0.9999999676835952
            ]
        ],
        [
            [
                0.9999999846319105,
                1.5229979497571087e-08,
                2.594609456172944e-11,
                1.0261879465179228e-10,
                9.545034767950425e-12
            ],
            [
                0.9999999633871796,
                3.653482074781202e-08,
                1.2256066978008233e-11,
                5.4927881420670775e-11,
                1.0815941145961608e-11
            ],
            [
                3.18268184754174e-08,
                1.0539594782207056e-06,
                0.7687751634098929,
                0.22025775969608583,
                0.010965991107724567
            ],
            [
                5.598662340869206e-09,
                3.463769737621142e-07,
                2.751613122026018e-05,
                0.9992624811773793,
                0.0007096507157643484
            ],
            [
                2.7345367935889604e-12,
                1.2255343660264942e-11,
                1.1627546323238494e-10,
                5.829127672194258e-05,
                0.9999417085920127
            ]
        ],
        [
            [
                0.9999999927527813,
                7.194132966639704e-09,
                5.789356277480683e-12,
                3.7751345108599205e-11,
                9.545034838343715e-12
            ],
            [
                0.9999999960834081,
                3.8507419047659836e-09,
                1.081594150672281e-11,
                4.847368683609543e-11,
                6.560200137485839e-12
            ],
            [
                1.783216793455889e-11,
                2.335553095141963e-09,
                0.9999822285626553,
                1.0676847317789933e-06,
                1.6701399227586975e-05
            ],
            [
                1.1032370861152408e-09,
                6.02347039498488e-08,
                1.012990997377927e-05,
                0.9999819195702652,
                7.889181820022129e-06
            ],
            [
                8.423463720870204e-12,
                1.8795288090422573e-12,
                5.7893563056388015e-12,
                2.9989608128954327e-09,
                0.9999999969849469
            ]
        ],
        [
            [
                0.9999999894367874,
                1.04674016751815e-08,
                1.5737101927106963e-11,
                7.052879770551139e-11,
                9.545034813813141e-12
            ],
            [
                1.2500647281477037e-09,
                9.930494143399475e-08,
                3.535500807696957e-05,
                0.9999291894288398,
                3.535500807696957e-05
            ],
            [
                4.193795974388541e-13,
                4.277788191306938e-11,
                0.9999998818188227,
                5.6027968597166545e-09,
                1.1253518319895877e-07
            ],
            [
                2.993046618907129e-09,
                2.0982876739134422e-07,
                4.531039723758042e-05,
                0.9980278296645538,
                0.001926647116394575
            ],
            [
                7.433680286443591e-12,
                1.225606680784377e-11,
                3.7751343482985414e-11,
                4.691163778299538e-08,
                0.9999999530309212
            ]
        ],
        [
            [
                0.9999999965374013,
                3.3982678051514763e-09,
                7.433680640975703e-12,
                4.8473686858102165e-11,
                8.423463718914431e-12
            ],
            [
                0.999999993594898,
                6.348800072070346e-09,
                9.545034856729394e-12,
                4.277787839339999e-11,
                3.978962508277977e-12
            ],
            [
                2.646513338642068e-09,
                1.275161537191594e-07,
                0.999977024444717,
                1.670132025406748e-05,
                6.144072361891635e-06
            ],
            [
                1.2478587216432503e-09,
                2.6946219603403146e-07,
                0.0015006795291006218,
                0.9981642030568524,
                0.00033484670399230317
            ],
            [
                6.56020031131499e-12,
                1.2256067711559838e-11,
                1.3176514557642446e-10,
                6.475946141218448e-07,
                0.9999993522548045
            ]
        ],
        [
            [
                0.9999999976253884,
                2.3355930309792303e-09,
                5.109089010956911e-12,
                2.940077729440411e-11,
                4.508755227198468e-12
            ],
            [
                0.9999999585097348,
                4.139937544573294e-08,
                1.0815941102142268e-11,
                7.052879554321365e-11,
                9.545034521177966e-12
            ],
            [
                1.361526107416968e-13,
                2.2897348445142694e-11,
                0.9999999995288298,
                1.6918979217792187e-10,
                2.7894680914907394e-10
            ],
            [
                6.218472307518504e-11,
                4.939944423694502e-09,
                3.924283924153793e-07,
                0.9990885516389367,
                0.0009110509305417074
            ],
            [
                3.331531926640622e-11,
                6.224121054002725e-11,
                5.211392753885944e-10,
                2.9023121863225397e-06,
                0.9999970970711178
            ]
        ],
        [
            [
                0.999999980388421,
                1.955568069278449e-08,
                6.560200035623898e-12,
                4.27778778254866e-11,
                6.560200035623898e-12
            ],
            [
                1.1845363065256258e-08,
                5.036776542182765e-07,
                0.0001582508147499898,
                0.9986719089567663,
                0.0011693247054664934
            ],
            [
                6.688562335861024e-10,
                8.760287881371725e-08,
                0.9995479281049047,
                0.00043054790567139447,
                2.1435717688836807e-05
            ],
            [
                3.1591279482766554e-10,
                2.8437563531516777e-08,
                1.37019985049681e-06,
                0.9994458232377283,
                0.0005527778089447918
            ],
            [
                1.4637534755432493e-12,
                6.560087953011537e-12,
                5.492694394366422e-11,
                1.6701415100223737e-05,
                0.999983298521949
            ]
        ],
        [
            [
                0.9999999917650585,
                8.15202063579053e-09,
                1.225606732580943e-11,
                6.224144562835137e-11,
                8.423463673169162e-12
            ],
            [
                3.844181634661517e-09,
                2.3783086928370623e-07,
                0.00020312153791096106,
                0.9982957596328391,
                0.0015008771541989865
            ],
            [
                5.1090697686101405e-12,
                7.58253184434901e-10,
                0.9999954410762762,
                8.315247915310668e-07,
                3.72663556991992e-06
            ],
            [
                5.769597251128571e-10,
                7.556681143340313e-08,
                3.6410094037772093e-06,
                0.9770189969040343,
                0.022977285942790745
            ],
            [
                0.9999999942508062,
                5.60279639987071e-09,
                2.5946094808333902e-11,
                1.0261879562713184e-10,
                1.7832472788261994e-11
            ]
        ],
        [
            [
                0.9999999927211872,
                7.194132967769363e-09,
                9.545034839842524e-12,
                5.492788303192573e-11,
                2.0206838914515186e-11
            ],
            [
                0.9999998554072641,
                1.4449803151355915e-07,
                1.2256068029568775e-11,
                6.224144920233622e-11,
                2.0206840055497843e-11
            ],
            [
                2.5478918561900273e-08,
                1.7862083884678219e-06,
                0.37328426775175333,
                0.6154417111502598,
                0.011272209410679763
            ],
            [
                5.854645991321949e-10,
                4.6509213818590555e-08,
                1.359197166844577e-06,
                0.9914211201415093,
                0.00857747356664549
            ],
            [
                9.54432571670065e-12,
                2.939859288414301e-11,
                6.691088899403962e-10,
                7.484619693903601e-05,
                0.9999251530950091
            ]
        ],
        [
            [
                0.9999999975541565,
                2.3355930301669935e-09,
                2.2897348371827014e-11,
                7.991959863415677e-11,
                7.433680644877331e-12
            ],
            [
                0.9999999777878922,
                2.2159489264354434e-08,
                7.433680501597837e-12,
                3.775134457562883e-11,
                7.433680501597837e-12
            ],
            [
                8.490056927251153e-10,
                4.090738513999958e-08,
                8.381025154988459e-05,
                0.320794398507714,
                0.6791217494843452
            ],
            [
                3.15717005583128e-10,
                4.6856558180997844e-08,
                3.722281013711776e-06,
                0.9988267246064407,
                0.0011695059402702479
            ],
            [
                8.42344880675697e-12,
                8.42344880675697e-12,
                9.056060919368334e-11,
                1.3709566535723883e-06,
                0.9999986289359389
            ]
        ],
        [
            [
                0.9999999894359256,
                1.0467401679917894e-08,
                1.3887943712614117e-11,
                7.052879773742495e-11,
                1.2256067309651165e-11
            ],
            [
                0.9999999927377038,
                7.194132973265442e-09,
                1.2256067346891038e-11,
                4.84736866782357e-11,
                7.433680613392286e-12
            ],
            [
                1.0261077459194852e-10,
                1.5228789215153478e-08,
                0.9999222365963559,
                2.902093533874827e-06,
                7.484597871011983e-05
            ],
            [
                2.9709541511766937e-10,
                1.838064247165883e-08,
                7.815640603933154e-07,
                0.9399126029982512,
                0.0600865967599506
            ],
            [
                2.2897351224060912e-11,
                2.0206841532625347e-11,
                7.991960858943128e-11,
                6.825604201346407e-08,
                0.9999999316209343
            ]
        ],
        [
            [
                0.9999999965220885,
                3.3982678039270373e-09,
                2.0206838997651258e-11,
                5.4927883257913006e-11,
                4.508755221639463e-12
            ],
            [
                0.9999999715024389,
                2.8453347262180412e-08,
                5.789356160329326e-12,
                3.3315444452581404e-11,
                5.109088879449677e-12
            ],
            [
                2.0206648754550537e-11,
                2.646548709855699e-09,
                0.9999914604854708,
                6.475897352353741e-07,
                7.889258038518506e-06
            ],
            [
                1.0958633087848978e-09,
                8.70552054210825e-08,
                7.836459856783482e-06,
                0.9932992781437058,
                0.006692797245368743
            ],
            [
                2.020684156831289e-11,
                1.0815942883712072e-11,
                4.2777883935808077e-11,
                6.825604213401188e-08,
                0.9999999316701572
            ]
        ],
        [
            [
                0.9999999748476056,
                2.5109990909060844e-08,
                3.978962433094248e-12,
                3.3315444561407586e-11,
                5.1090888961387126e-12
            ],
            [
                0.9999999316503569,
                6.825604226154951e-08,
                1.2256068970038165e-11,
                7.052880729229243e-11,
                1.0815942903921854e-11
            ],
            [
                1.9810087971401586e-13,
                2.0206839080951945e-11,
                0.9999999995706339,
                1.9171715128787772e-10,
                2.1724399340823738e-10
            ],
            [
                1.2499645128809494e-09,
                3.652931764090596e-08,
                2.753230058769447e-05,
                0.999849038709505,
                0.0001233912106251326
            ],
            [
                2.9400780984775465e-11,
                2.9400780984775465e-11,
                1.0261880885408907e-10,
                1.8553915892915244e-07,
                0.9999998142994208
            ]
        ],
        [
            [
                0.9999999317083937,
                6.82560422715923e-08,
                5.109089664920928e-12,
                2.5946098216994443e-11,
                4.508755804319687e-12
            ],
            [
                0.9999999949966665,
                4.944450474280061e-09,
                6.5602001314569124e-12,
                4.2777878450396357e-11,
                9.545034869447003e-12
            ],
            [
                3.7010116306493505e-13,
                7.05287975974836e-11,
                0.9999999870943612,
                9.73620018688573e-10,
                1.1861119997693546e-08
            ],
            [
                7.984661743361822e-11,
                9.229014147980832e-09,
                1.7587387877326094e-06,
                0.999087182264858,
                0.0009110496874934519
            ],
            [
                5.491353801359736e-11,
                1.691456050231834e-10,
                1.8184866299711075e-09,
                0.0002611903244964679,
                0.9997388076329577
            ]
        ],
        [
            [
                0.9999999980931333,
                1.8189616831365923e-09,
                1.08159415310245e-11,
                7.052879833987712e-11,
                6.56020015222556e-12
            ],
            [
                0.999999971457034,
                2.845334724629973e-08,
                9.545034639866404e-12,
                7.052879642020919e-11,
                9.545034639866404e-12
            ],
            [
                6.914400088216472e-13,
                7.991959871312242e-11,
                0.9999999973405409,
                9.73620028664459e-10,
                1.605228050838762e-09
            ],
            [
                6.047677018210462e-09,
                3.301916622967952e-07,
                4.558155297796922e-06,
                0.9525694677214996,
                0.04742563788386317
            ],
            [
                7.433610341200304e-12,
                1.783230419248374e-11,
                1.3176389605145856e-10,
                1.0129988095603398e-05,
                0.9999898698548746
            ]
        ],
        [
            [
                0.9999999972982989,
                2.6465736303796272e-09,
                5.789356310072469e-12,
                4.277787855182362e-11,
                6.560200147011287e-12
            ],
            [
                4.361457416242812e-09,
                2.698340728154149e-07,
                0.00012335321984738475,
                0.9995410637686293,
                0.00033530881599305956
            ],
            [
                8.68690537721966e-09,
                4.185585408738988e-07,
                0.44421377298113157,
                0.3459540548692762,
                0.20983174490414597
            ],
            [
                7.579191941074339e-10,
                5.3134237628371005e-08,
                1.3001531673893269e-05,
                0.9995563931839361,
                0.0004305513922332777
            ],
            [
                2.2897347195972157e-11,
                2.02068379778495e-11,
                2.9400775774352036e-11,
                5.315784961794079e-08,
                0.9999999467696454
            ]
        ],
        [
            [
                0.9999999927457129,
                7.194132973323061e-09,
                6.5602001161743895e-12,
                4.2777878350741785e-11,
                1.0815941471586169e-11
            ],
            [
                2.198557588846253e-08,
                9.348513667152314e-07,
                0.001161690783380076,
                0.9921522832987346,
                0.00668506908094268
            ],
            [
                5.7893457792377785e-12,
                9.736182571490479e-10,
                0.9999988187825399,
                1.0677030826814934e-06,
                1.125349696551801e-07
            ],
            [
                3.848583444648175e-09,
                1.2744758017026522e-07,
                7.884902579394939e-06,
                0.9994392097181983,
                0.000552774083058659
            ],
            [
                4.27778838347319e-11,
                2.940078092897688e-11,
                1.6918981261054858e-10,
                3.0590235729374513e-07,
                0.9999996938562742
            ]
        ],
        [
            [
                0.9999999846108778,
                1.5229979495508396e-08,
                3.3315444876532077e-11,
                1.162823283995119e-10,
                9.545034766657682e-12
            ],
            [
                2.630373956432854e-09,
                2.0895628578513475e-07,
                0.0009062994699255495,
                0.993878095498512,
                0.005215393444902589
            ],
            [
                4.752193012391668e-13,
                7.991959808228667e-11,
                0.9999999894320027,
                1.2501528531334813e-09,
                9.237449564041502e-09
            ],
            [
                3.98565103823025e-10,
                3.166194789883148e-08,
                2.6510224403134244e-07,
                0.9820134987382318,
                0.01798620409901113
            ],
            [
                2.2897349325990775e-11,
                1.573710270448515e-11,
                1.1628233471807404e-10,
                3.927863694643105e-07,
                0.9999996070587138
            ]
        ],
        [
            [
                0.9999999880764124,
                1.186112000092296e-08,
                6.560200084958346e-12,
                4.847368644796684e-11,
                7.433680578079412e-12
            ],
            [
                7.321284711116073e-07,
                4.529518459749639e-05,
                0.222615364205577,
                0.7770039198213521,
                0.0003346886600023204
            ],
            [
                1.280896002374456e-09,
                6.171702562468301e-08,
                0.0005000977614665088,
                0.9041980742878111,
                0.09530176495280085
            ],
            [
                1.1854357931823489e-08,
                1.3701761733765615e-06,
                0.0005527685204977989,
                0.9994291572860136,
                1.6692162957259756e-05
            ],
            [
                2.461696876836631e-10,
                5.492788183654471e-11,
                1.0261879319143943e-10,
                2.510999079263574e-08,
                0.9999999744862927
            ]
        ],
        [
            [
                0.9999999981121164,
                1.818961682739819e-09,
                6.560200150794572e-12,
                4.8473686934434405e-11,
                1.388794382821458e-11
            ],
            [
                0.9999999935554051,
                6.348800069673241e-09,
                1.7832472777901367e-11,
                7.052879799599255e-11,
                7.433680618057985e-12
            ],
            [
                1.938400547982639e-08,
                9.33973687707481e-07,
                0.9912216167247124,
                0.008575747758729367,
