{
    "[['E', 'D', 'C', 'B', 'A'], ['E', 'D', 'C', 'B', 'A']]": [
        [
            [
                0.9999999979227132,
                2.061153616594068e-09,
                2.41336276499002e-12,
                1.2256067409346877e-11,
                1.4637785099753022e-12
            ],
            [
                0.9999999778144703,
                2.215948926494339e-08,
                3.098819067623183e-12,
                2.0206838626600782e-11,
                2.7346982288475424e-12
            ],
            [
                1.748234128120368e-13,
                1.2256067443043073e-11,
                0.9999999999760467,
                8.423463753742588e-12,
                3.0988191384547234e-12
            ],
            [
                7.307999500596765e-08,
                0.05330573329516949,
                0.11284823764463031,
                0.8338419659476736,
                3.990032531757254e-06
            ],
            [
                2.270092572806181e-11,
                1.9007252400665235e-10,
                4.559602819015264e-10,
                0.00857748565349238,
                0.9914225136777739
            ]
        ],
        [
            [
                0.9999999827110723,
                1.7257827672788303e-08,
                5.789356223002255e-12,
                2.289734803829161e-11,
                2.413362727759061e-12
            ],
            [
                0.9999999956206882,
                4.363462229020724e-09,
                2.1297851592790936e-12,
                1.2256067376904763e-11,
                1.463778506100644e-12
            ],
            [
                7.287724095361827e-14,
                4.5087552420115545e-12,
                0.999999999992101,
                1.6586783588100216e-12,
                1.6586783588100216e-12
            ],
            [
                1.247725409095207e-09,
                1.3682983611378993e-06,
                0.0019267066373832786,
                0.9980589417631345,
                1.2982053395798686e-05
            ],
            [
                4.508196469041606e-12,
                3.774666689162266e-11,
                6.223373260225057e-11,
                0.00012339462749986325,
                0.9998766052680115
            ]
        ],
        [
            [
                0.9999999985726176,
                1.4166087830582717e-09,
                1.6586783547167161e-12,
                8.423463733151907e-12,
                6.914400089442357e-13
            ],
            [
                0.9999999979225638,
                2.0611536165937605e-09,
                2.7346982838371116e-12,
                1.2256067409345047e-11,
                1.2917800011229055e-12
            ],
            [
                3.3315384349948955e-11,
                1.0677030710295068e-06,
                0.999998927073003,
                4.944441438092465e-09,
                2.4616924391920905e-10
            ],
            [
                8.114483848871331e-08,
                0.0010840723589201364,
                0.43734600969608634,
                0.561563390667205,
                6.446132950037545e-06
            ],
            [
                1.6585804055988748e-12,
                8.422966306487186e-12,
                1.5736172751682503e-11,
                5.829127672808926e-05,
                0.9999417086974541
            ]
        ],
        [
            [
                0.9999999907507836,
                9.2374495649832e-09,
                1.4637784987571577e-12,
                8.423463666027592e-12,
                1.8795287968052163e-12
            ],
            [
                0.9999999936239701,
                6.348800072254919e-09,
                3.5114220891576324e-12,
                2.020683895085214e-11,
                3.5114220891576324e-12
            ],
            [
                7.835041778426316e-13,
                4.599055374755864e-10,
                0.9999999991905224,
                2.4616969497297635e-10,
                1.0261879623007728e-10
            ],
            [
                9.230439991549007e-09,
                2.7515553816717397e-05,
                0.0007096358243236098,
                0.9992414102565605,
                2.1429134859102893e-05
            ],
            [
                2.1297082461175216e-12,
                1.0815550900722623e-11,
                2.939971547820817e-11,
                3.535625750565727e-05,
                0.9999646437001494
            ]
        ],
        [
            [
                0.9999999918306698,
                8.152020643059602e-09,
                2.1297851522991642e-12,
                1.388794374330757e-11,
                1.2917799934701835e-12
            ],
            [
                0.9999999943672284,
                5.602796401729641e-09,
                3.0988191189171866e-12,
                2.289734831011794e-11,
                3.97896251040758e-12
            ],
            [
                7.287724095340456e-14,
                6.560200167722384e-12,
                0.9999999999891684,
                2.7346982914120423e-12,
                1.4637785140296516e-12
            ],
            [
                3.316607345999869e-07,
                0.08899694525249834,
                0.5121420509638833,
                0.39885663166798757,
                4.040454896266818e-06
            ],
            [
                1.0060392239718472e-12,
                6.101936342124302e-13,
                1.0060392239718472e-12,
                5.31578496216556e-08,
                0.999999946839528
            ]
        ],
        [
            [
                0.99999999613437,
                3.850741903633719e-09,
                1.6586783506724476e-12,
                1.0815941503542513e-11,
                2.4133627598414897e-12
            ],
            [
                0.9999999943834601,
                5.60279639988762e-09,
                2.7346982732152604e-12,
                9.545034858699943e-12,
                1.4637785042896163e-12
            ],
            [
                6.431393940922405e-14,
                4.50875524192355e-12,
                0.9999999999881835,
                2.734698291366685e-12,
                4.50875524192355e-12
            ],
            [
                9.17444761570023e-09,
                5.385267087353932e-06,
                0.0066919954661933,
                0.9931800419783129,
                0.00012256811395879776
            ],
            [
                7.407528307736269e-11,
                2.4530364780749378e-09,
                1.5995807169098294e-08,
                0.5621764902886753,
                0.43782349118840574
            ]
        ],
        [
            [
                0.9999999748573434,
                2.5109990909305358e-08,
                3.978962433132994e-12,
                2.2897347865433405e-11,
                5.789356179296857e-12
            ],
            [
                0.9999999918205337,
                8.152020642335995e-09,
                5.1090889828549126e-12,
                2.0206838911419433e-11,
                2.129785152110115e-12
            ],
            [
                3.2661313423840655e-13,
                2.0206839087726535e-11,
                0.999999999938737,
                1.7832472905943998e-11,
                2.2897348453627603e-11
            ],
            [
                1.6913269254871356e-10,
                6.021540947299095e-08,
                1.3704977096268727e-06,
                0.9996632193850159,
                0.00033534973273228796
            ],
            [
                1.8795253798342858e-12,
                3.5114156927666666e-12,
                9.54501746981356e-12,
                1.0677030759862663e-06,
                0.9999989322819881
            ]
        ],
        [
            [
                0.9999999987292831,
                1.2501528642907587e-09,
                2.4133627677870134e-12,
                1.573710208047836e-11,
                2.4133627677870134e-12
            ],
            [
                0.9999999936365953,
                6.348800069462377e-09,
                1.6586783467444671e-12,
                1.0815941477928862e-11,
                2.129785155329499e-12
            ],
            [
                1.9810087978279135e-13,
                1.5737102105106754e-11,
                0.9999999999433351,
                1.7832472906156415e-11,
                2.2897348453900353e-11
            ],
            [
                3.150032183603981e-07,
                0.01664437460582369,
                0.07459493082569482,
                0.9087522555251867,
                8.124040076524458e-06
            ],
            [
                1.2917800010945041e-12,
                0.0,
                1.00603927640838e-12,
                1.2501528628142076e-09,
                0.9999999987475494
            ]
        ],
        [
            [
                0.99999999734472,
                2.6465736298749424e-09,
                1.139991849152952e-12,
                6.560200145760298e-12,
                1.0060392758491655e-12
            ],
            [
                0.9999999950462337,
                4.944450473695832e-09,
                1.2917799974073199e-12,
                6.560200130681768e-12,
                1.4637785057647733e-12
            ],
            [
                2.7346982769058216e-12,
                8.592166573031903e-10,
                0.9999999946725133,
                1.8189616777847406e-09,
                2.646573624696317e-09
            ],
            [
                4.362879794487882e-09,
                1.012873171963112e-05,
                0.00012339321300399182,
                0.9998657399695318,
                7.337228648351944e-07
            ],
            [
                2.129777112814138e-12,
                5.109069697586413e-12,
                1.081590063466575e-11,
                2.90231219544489e-06,
                0.9999970976697499
            ]
        ],
        [
            [
                0.9999999993992805,
                5.90530399231911e-10,
                1.463778512483753e-12,
                7.433680664012632e-12,
                1.2917800033367987e-12
            ],
            [
                0.9999999895037012,
                1.046740167693871e-08,
                6.560200094321645e-12,
                2.0206838862803192e-11,
                2.129785146986001e-12
            ],
            [
                8.258073285031072e-14,
                6.56020016773684e-12,
                0.999999999991372,
                1.6586783588088126e-12,
                3.2661313425798656e-13
            ],
            [
                1.944951622916799e-08,
                0.00020236376976169265,
                0.00521902798235516,
                0.9945707423035006,
                7.846494866350613e-06
            ],
            [
                8.35120387560678e-12,
                1.4802863061992436e-10,
                6.634182959464257e-10,
                0.00857748565486135,
                0.9914225135253406
            ]
        ],
        [
            [
                0.9999999918372285,
                8.152020637735813e-09,
                1.6586783433012174e-12,
                7.433680602379515e-12,
                1.6586783433012174e-12
            ],
            [
                0.9999999918245094,
                8.152020639886427e-09,
                3.978962499433271e-12,
                1.783247274499512e-11,
                1.6586783437387993e-12
            ],
            [
                1.463778512492741e-12,
                7.582560419451888e-10,
                0.9999999989548081,
                1.162823301724711e-10,
                1.691897920727445e-10
            ],
            [
                1.1030961456413584e-09,
                5.042745712072573e-07,
                2.144230039285029e-05,
                0.9998546604027194,
                0.000123391919220415
            ],
            [
                2.1297406676851624e-12,
                2.0206416854946648e-11,
                6.224014565286796e-11,
                2.1444939749091976e-05,
                0.9999785549756746
            ]
        ],
        [
            [
                0.9999999936277262,
                6.3488000733134075e-09,
                2.1297851566213756e-12,
                1.7832472788125846e-11,
                3.511422089743066e-12
            ],
            [
                0.9999999961396449,
                3.850741904982537e-09,
                1.2917799988197665e-12,
                7.433680638018907e-12,
                8.878265437454402e-13
            ],
            [
                1.748234128095149e-13,
                2.289734845415159e-11,
                0.9999999999543074,
                2.020683908818895e-11,
                2.4133627715903802e-12
            ],
            [
                2.3452679442963998e-08,
                0.9339981372358171,
                0.006293231364214697,
                0.05970850283967172,
                1.0510761712967397e-07
            ],
            [
                5.384940156134471e-13,
                6.914400027819116e-13,
                6.914400027819116e-13,
                1.0467401674966774e-08,
                0.9999999895306769
            ]
        ],
        [
            [
                0.9999999973416596,
                2.6465736301026462e-09,
                1.879528810284953e-12,
                8.42346372643958e-12,
                1.4637785092551876e-12
            ],
            [
                0.9999999983804695,
                1.6052280508149185e-09,
                1.6586783543980042e-12,
                9.545034896851536e-12,
                3.0988191302844028e-12
            ],
            [
                1.7482341281429916e-13,
                6.560200167673217e-12,
                0.9999999999752196,
                5.789356328306558e-12,
                1.2256067443201675e-11
            ],
            [
                7.581288147255017e-10,
                1.7600509429885017e-06,
                0.0001584347368306032,
                0.9998319164530232,
                7.888001074429773e-06
            ],
            [
                6.101936666145811e-13,
                0.0,
                8.878265461786166e-13,
                4.599055370015234e-10,
                0.9999999995385964
            ]
        ],
        [
            [
                0.9999999993957032,
                5.905303990301547e-10,
                1.658678356486733e-12,
                1.0815941541456416e-11,
                1.2917800028954587e-12
            ],
            [
                0.9999999881134444,
                1.1861120004174646e-08,
                3.098819100272617e-12,
                2.0206838839501837e-11,
                2.129785144530056e-12
            ],
            [
                6.431393940805988e-14,
                8.42346375362254e-12,
                0.9999999999901141,
                1.2917800046562412e-12,
                1.0603575990458754e-13
            ],
            [
                3.626419831464334e-08,
                0.0007049135889543799,
                0.006688033919458573,
                0.9925923862056157,
                1.4630021773057841e-05
            ],
            [
                2.7237836912673227e-11,
                5.470865790172622e-10,
                2.4518719417103056e-09,
                0.18242551426628886,
                0.8175744827075148
            ]
        ],
        [
            [
                0.9999999907514622,
                9.237449567543926e-09,
                1.6586783419589591e-12,
                8.42346366836267e-12,
                1.0060392689994244e-12
            ],
            [
                0.9999999969793294,
                2.9989608132216772e-09,
                4.508755224801363e-12,
                1.573710204580472e-11,
                1.4637785084466133e-12
            ],
            [
                1.060357599071308e-13,
                7.433680671783797e-12,
                0.9999999999784663,
                7.433680671783797e-12,
                6.560200167652176e-12
            ],
            [
                9.734158750526931e-10,
                4.784118573850326e-06,
                0.00020342589817671315,
                0.9997912176283518,
                5.7138148181489e-07
            ],
            [
                6.101937141669729e-13,
                1.1399919397430002e-12,
                2.4133629553742464e-12,
                8.315279893357137e-07,
                0.9999991684678471
            ]
        ],
        [
            [
                0.9999999956167911,
                4.3634622305091135e-09,
                3.978962515379543e-12,
                1.3887943793559643e-11,
                1.8795288068755518e-12
            ],
            [
                0.9999999969839564,
                2.998960813235553e-09,
                2.413362762480805e-12,
                1.225606739660403e-11,
                2.413362762480805e-12
            ],
            [
                6.914400053575833e-13,
                6.224144574870708e-11,
                0.9999999923847592,
                3.581747902639753e-10,
                7.194132974802074e-09
            ],
            [
                3.8404438784591804e-09,
                0.00020292403975392576,
                0.9973248740233011,
                0.002472120959123935,
                7.713737732222194e-08
            ],
            [
                4.504646407565178e-12,
                3.328508501134552e-11,
                1.4917340170062056e-10,
                0.0009110514007132395,
                0.9990889484123235
            ]
        ],
        [
            [
                0.9999999943804043,
                5.6027964012378016e-09,
                2.4133627561974893e-12,
                1.2256067364694723e-11,
                2.1297851571573067e-12
            ],
            [
                0.9999999827339511,
                1.7257827675157497e-08,
                1.1399918323817001e-12,
                5.789356223797031e-12,
                1.2917799813721404e-12
            ],
            [
                6.431393941010518e-14,
                4.508755241985322e-12,
                0.9999999999935967,
                1.291780004697322e-12,
                5.384940217384387e-13
            ],
            [
                6.317397028621879e-08,
                0.0009563630033620508,
                0.18225055301807225,
                0.8167903345764628,
                2.6862281325953953e-06
            ],
            [
                1.0060393595896737e-12,
                8.878266187160769e-13,
                1.1399919440433793e-12,
                1.1253518370229792e-07,
                0.9999998874617825
            ]
        ],
        [
            [
                0.9999999983838002,
                1.605228050820265e-09,
                1.8795288114277876e-12,
                7.433680652136623e-12,
                1.6586783544035287e-12
            ],
            [
                0.9999999973318556,
                2.6465736302847947e-09,
                2.7346982826803824e-12,
                1.5737102055580805e-11,
                3.0988191286237824e-12
            ],
            [
                5.675685232370824e-14,
                5.789356328463508e-12,
                0.9999999999916074,
                1.6586783588376932e-12,
                8.87826547804998e-13
            ],
            [
                1.8188577216343443e-09,
                7.888873899118997e-06,
                2.7534875456094524e-05,
                0.99994313024922,
                2.1444182566980024e-05
            ],
            [
                0.0,
                5.109001633974878e-12,
                8.42331966597609e-12,
                1.6701415097452272e-05,
                0.9999832985713702
            ]
        ],
        [
            [
                0.9999999956217123,
                4.363462231565228e-09,
                2.129785160521054e-12,
                1.0815941504293755e-11,
                1.879528807330465e-12
            ],
            [
                0.9999999983764907,
                1.6052280505727285e-09,
                2.7346982837332754e-12,
                1.3887943825054762e-11,
                1.65867835414775e-12
            ],
            [
                1.2015425731009154e-13,
                5.7893563283631946e-12,
                0.9999999999850024,
                3.9789625355846904e-12,
                5.109089027739045e-12
            ],
            [
                3.1928237520524556e-08,
                0.9902728903635301,
                0.00856754070497232,
                0.0011594905479486374,
                4.645531147625396e-08
            ],
            [
                0.0,
                4.311968563076755e-09,
                1.6180542660235774e-07,
                0.3208212471858218,
                0.6791785866967831
            ]
        ],
        [
            [
                0.9999999969883226,
                2.9989608135514245e-09,
                1.8795288094533846e-12,
                9.545034886856482e-12,
                1.2917799999160714e-12
            ],
            [
                0.9999999907499878,
                9.237449567530305e-09,
                2.1297851491816445e-12,
                9.545034825255702e-12,
                8.878265387691536e-13
            ],
            [
                6.431393938651857e-14,
                8.423463750801184e-12,
                0.9999999995905595,
                4.277787867106507e-11,
                3.5817479287237356e-10
            ],
            [
                2.9985951122848882e-09,
                6.1434572296938575e-06,
                5.828749931730228e-05,
                0.9998772785455406,
                5.828749931730228e-05
            ],
            [
                1.8795217070408077e-12,
                7.433652553741046e-12,
                1.783240545510482e-11,
                2.902312198203975e-06,
                0.9999970976606563
            ]
        ],
        [
            [
                0.9999999936363118,
                6.348800071393542e-09,
                1.6586783472490007e-12,
                1.0815941481218834e-11,
                2.4133627548604035e-12
            ],
            [
                0.999999999231489,
                7.582560418133039e-10,
                2.1297851682091024e-12,
                7.433680662765325e-12,
                6.91440009802303e-13
            ],
            [
                4.5983276515727554e-10,
                0.0001584362511412379,
                0.9998414722626817,
                8.762861417103554e-08,
                3.3977300978735127e-09
            ],
            [
                2.3260613248023213e-09,
                2.2511069958048456e-06,
                0.004070096950697832,
                0.9959197924807958,
                7.857135449300526e-06
            ],
            [
                1.2176967715932695e-10,
                3.1404813655459025e-09,
                5.5666364149848136e-08,
                0.07585817918541873,
                0.924141761885966
            ]
        ],
        [
            [
                0.999999997925763,
                2.0611536167839984e-09,
                1.8795288113827923e-12,
                9.545034896654822e-12,
                1.6586783543638204e-12
            ],
            [
                0.999999999223617,
                7.582560411283414e-10,
                3.0988191319261406e-12,
                1.3887943834507874e-11,
                1.1399918505443625e-12
            ],
            [
                2.2069265299093947e-08,
                0.9959288737112044,
                0.004070133699899313,
                9.384090394639139e-07,
                3.211059153711308e-08
            ],
            [
                2.3352814763968114e-09,
                4.450258767575006e-07,
                5.828688736521576e-05,
                0.99986642390664,
                7.484184483655263e-05
            ],
            [
                1.0060392555622353e-12,
                6.914399943907752e-13,
                8.878265269121848e-13,
                2.2159489250874388e-08,
                0.9999999778379255
            ]
        ],
        [
            [
                0.9999999936308483,
                6.348800071358856e-09,
                1.8795288033103767e-12,
                1.5737101996100295e-11,
                2.7346982723442198e-12
            ],
            [
                0.9999999778295389,
                2.2159489265277303e-08,
                1.8795287734438982e-12,
                7.433680501907426e-12,
                1.658678320882864e-12
            ],
            [
                3.701011678185306e-13,
                1.5737102105130736e-11,
                0.9999999999604599,
                1.3887943863435391e-11,
                9.545034921790017e-12
            ],
            [
                2.3269001546322565e-09,
                0.003170934811569645,
                0.9962778930654602,
                0.000551025835855066,
                1.4396021491143996e-07
            ],
            [
                9.483431635145928e-11,
                6.648398852435296e-09,
                9.177831517700638e-08,
                0.9241417251523447,
                0.07585817632610703
            ]
        ],
        [
            [
                0.9999999987422683,
                1.2501528639778352e-09,
                1.0060392773447897e-12,
                5.109089018218671e-12,
                1.4637785113053684e-12
            ],
            [
                0.9999999976539558,
                2.3355930304000844e-09,
                2.1297851632966577e-12,
                7.433680645619207e-12,
                8.878265446531666e-13
            ],
            [
                1.5428112030843626e-13,
                2.020683908881387e-11,
                0.9999999999636211,
                1.3887943863996111e-11,
                2.1297851708073515e-12
            ],
            [
                5.492747091301098e-11,
                1.5229865343128545e-08,
                2.260310272679672e-06,
                0.9999915802445937,
                6.144160340904463e-06
            ],
            [
                2.1297690304871955e-12,
                7.433624336581317e-12,
                2.289717493006489e-11,
                7.8892650383533e-06,
                0.999992110702501
            ]
        ],
        [
            [
                0.9999999985712085,
                1.4166087830562755e-09,
                1.8795288117800272e-12,
                8.423463733140037e-12,
                1.8795288117800272e-12
            ],
            [
                0.9999999936210591,
                6.34880006936374e-09,
                4.508755209143927e-12,
                2.289734828810138e-11,
                2.7346982714848385e-12
            ],
            [
                9.357622968154053e-14,
                7.433680671807134e-12,
                0.9999999999889193,
                2.4133627716562606e-12,
                1.1399918529607685e-12
            ],
            [
                1.5038398256307174e-08,
                0.00854287195855997,
                0.9874215109325477,
                0.004035366830141585,
                2.3524035239380567e-07
            ],
            [
                2.4326462043911493e-10,
                5.536677241160854e-09,
                5.9524890026769196e-08,
                0.3208212860224159,
                0.6791786486727522
            ]
        ],
        [
            [
                0.9999999991302273,
                8.592166605951356e-10,
                1.6586783563616393e-12,
                7.433680660912266e-12,
                1.4637785118732546e-12
            ],
            [
                0.9999999965875728,
                3.398267805321972e-09,
                1.4637785080209523e-12,
                1.0815941512175827e-11,
                1.8795288087001636e-12
            ],
            [
                6.431393941056356e-14,
                3.978962535592464e-12,
                0.9999999999934104,
                1.6586783588121936e-12,
                8.87826547791349e-13
            ],
            [
                1.725460279989131e-08,
                9.609359882223239e-05,
                7.483777001090401e-05,
                0.9998123528129563,
                1.6698563607684372e-05
            ],
            [
                9.373352256582461e-12,
                1.6614664418778366e-10,
                5.799087694467491e-10,
                0.017986211530267908,
                0.9820137877143033
            ]
        ],
        [
            [
                0.99999999699085,
                2.9989608135590036e-09,
                1.4637785086112608e-12,
                7.433680644346494e-12,
                1.2917799999193361e-12
            ],
            [
                0.9999999881158993,
                1.1861120000193811e-08,
                2.7346982567427465e-12,
                1.5737101906320015e-11,
                4.508755184838326e-12
            ],
            [
                1.5428112030684965e-13,
                3.775134543977169e-11,
                0.9999999999402287,
                2.0206839088606064e-11,
                1.658678358781573e-12
            ],
            [
                1.7343707685672385e-10,
                1.2158877789244818e-08,
                1.9019666799622457e-07,
                0.9046503485258364,
                0.09534944894518084
            ],
            [
                4.503478208422135e-12,
                5.486359607626236e-11,
                2.1698973177694198e-10,
                0.0011695103420586877,
                0.9988304893815845
            ]
        ],
        [
            [
                0.9999999965768218,
                3.3982678030481786e-09,
                3.978962516579909e-12,
                1.783247282184102e-11,
                3.098819123724201e-12
            ],
            [
                0.9999999865347351,
                1.3440409759965067e-08,
                3.5114220634317252e-12,
                1.7832472654505836e-11,
                3.5114220634317252e-12
            ],
            [
                1.2015425730431892e-13,
                8.423463753529308e-12,
                0.9999999999590141,
                9.545034921776218e-12,
                2.2897348453902143e-11
            ],
            [
                9.734919995243229e-10,
                9.421206772566883e-07,
                9.609892165873333e-05,
                0.999867605166575,
                3.5352817596993034e-05
            ],
            [
                8.379492196595083e-12,
                1.3107731180776423e-10,
                3.5630507481030574e-10,
                0.005220125689552959,
                0.994779873814685
            ]
        ],
        [
            [
                0.9999999950390339,
                4.944450473660233e-09,
                2.1297851587750704e-12,
                1.2256067374004311e-11,
                2.1297851587750704e-12
            ],
            [
                0.9999999965801614,
                3.3982678052967863e-09,
                2.734698280166046e-12,
                1.5737102041111797e-11,
                3.0988191257746658e-12
            ],
            [
                1.879528814812493e-12,
                4.058652122747297e-10,
                0.9999999991241486,
                4.058652122747297e-10,
                6.224144617190102e-11
            ],
            [
                1.8183409362528793e-09,
                1.8547599479119433e-07,
                4.783488952144432e-06,
                0.9996596807512662,
                0.0003353484654459112
            ],
            [
                5.302673461396615e-11,
                3.280647902266738e-09,
                5.8150875460861374e-08,
                0.851952745544814,
                0.1480471929706359
            ]
        ],
        [
            [
                0.9999999965936628,
                3.3982678046108034e-09,
                1.1399918480512398e-12,
                5.789356303373518e-12,
                1.1399918480512398e-12
            ],
            [
                0.9999999715336859,
                2.845334726083226e-08,
                2.4133627015187493e-12,
                8.42346350904705e-12,
                2.1297851089034877e-12
            ],
            [
                1.3887944247832351e-11,
                1.725782846373084e-08,
                0.9999994765621264,
                5.043471954887476e-07,
                1.8189617376989012e-09
            ],
            [
                1.9302295202718238e-07,
                0.8102139068449533,
                0.1807831634864323,
                0.009000661453359924,
                2.075192302459621e-06
            ],
            [
                5.814113651849772e-11,
                1.4994796739839831e-09,
                1.2554989595798381e-08,
                0.4999999926718115,
                0.4999999932155781
            ]
        ],
        [
            [
                0.9999999969901459,
                2.9989608132541155e-09,
                1.4637785084624462e-12,
                8.42346372187767e-12,
                1.0060392753908796e-12
            ],
            [
                0.9999999969858298,
                2.9989608125093076e-09,
                2.7346982803319564e-12,
                1.0815941512751853e-11,
                1.6586783520847456e-12
            ],
            [
                2.413362765808896e-12,
                1.818961683012492e-09,
                0.999999997558694,
                5.905303984203019e-10,
                2.940077731945351e-11
            ],
            [
                1.9171459205871348e-10,
                6.023493426532969e-08,
                8.315168256620002e-07,
                0.9999861009449161,
                1.3007111609339342e-05
            ],
            [
                4.508661026415376e-12,
                2.9400163028136575e-11,
                3.77505565828906e-11,
                2.144493973741599e-05,
                0.9999785549886032
            ]
        ],
        [
            [
                0.9999999985742272,
                1.4166087838851804e-09,
                1.4637785112760578e-12,
                6.560200155381632e-12,
                1.139991850824889e-12
            ],
            [
                0.9999999927740816,
                7.194132971336812e-09,
                3.0988191133129386e-12,
                2.289734826870784e-11,
                5.7893562812606014e-12
            ],
            [
                7.991746808564325e-11,
                2.753568890335058e-05,
                0.9999724303849862,
                3.2241007728785225e-08,
                1.6051852560418596e-09
            ],
            [
                5.3155932390720325e-08,
                0.9999645218732157,
                3.5356257394697934e-05,
                6.825356823742008e-08,
                4.598889252821998e-10
            ],
            [
                4.752093762927229e-13,
                1.6586436998631396e-12,
                3.511348740164775e-12,
                2.144493975078465e-05,
                0.999978555054604
            ]
        ],
        [
            [
                0.9999999993231583,
                6.691586080248574e-10,
                1.0060392776228875e-12,
                5.78935631917554e-12,
                8.87826546380642e-13
            ],
            [
                0.9999999847537551,
                1.5229979504575655e-08,
                1.8795287869038264e-12,
                1.2256067250853333e-11,
                2.1297851373746397e-12
            ],
            [
                5.109088972415916e-12,
                3.3982677824816623e-09,
                0.999999989210773,
                7.194132951967996e-09,
                1.9171714928767756e-10
            ],
            [
                1.9421492022178516e-08,
                9.545214382272118e-05,
                0.006691715092924871,
                0.9931384751374053,
                7.433820435497963e-05
            ],
            [
                1.6586785641713248e-12,
                6.914400962579069e-13,
                1.6586785641713248e-12,
                6.825604220985374e-08,
                0.999999931739949
            ]
        ],
        [
            [
                0.9999999961321753,
                3.850741905296865e-09,
                2.4133627608838273e-12,
                1.2256067388493911e-11,
                2.4133627608838273e-12
            ],
            [
                0.9999999865379945,
                1.3440409757114295e-08,
                3.978962478398426e-12,
                1.5737101879687988e-11,
                1.879528789406909e-12
            ],
            [
                1.0603575990847736e-13,
                9.545034922232012e-12,
                0.9999999999847111,
                3.978962535583531e-12,
                1.6586783588084697e-12
            ],
            [
                1.4447116856359182e-07,
                0.9998138557954576,
                0.00015843187388374193,
                2.7531331493021422e-05,
                3.652799702922874e-08
            ],
            [
                5.109060442226059e-12,
                1.5737014056285315e-11,
                3.3315259018589906e-11,
                6.144172116335911e-06,
                0.9999938557737224
            ]
        ],
        [
            [
                0.9999999983811549,
                1.605228051024114e-09,
                1.6586783546141655e-12,
                9.545034898095459e-12,
                2.413362765576655e-12
            ],
            [
                0.9999999804277704,
                1.9555680686062413e-08,
                2.413362722248625e-12,
                1.2256067192288162e-11,
                1.8795287779225667e-12
            ],
            [
                1.0343874530239461e-08,
                0.6791782829685811,
                0.3208211226062291,
                5.647564135260334e-07,
                1.9324901775306e-08
            ],
            [
                3.3867889250640686e-09,
                3.277650890112013e-06,
                0.0031720297884370936,
                0.9966219080938251,
                0.0002027810800587485
            ],
            [
                2.0599943429532547e-09,
                3.925650606030947e-07,
                1.0124386352567308e-05,
                0.9994367082235215,
                0.0005527727650709879
            ]
        ],
        [
            [
                0.9999999979265026,
                2.0611536161579806e-09,
                1.6586783538600434e-12,
                9.545034893755787e-12,
                1.1399918495706663e-12
            ],
            [
                0.9999999943707505,
                5.602796399816411e-09,
                2.7346982731805034e-12,
                2.0206838954179517e-11,
                3.5114220897358433e-12
            ],
            [
                4.420228103313447e-14,
                2.734698291389118e-12,
                0.9999999999963864,
