{
    "[['E', 'D', 'C', 'B', 'A'], ['E', 'D', 'C', 'B', 'A']]": [
        [
            [
                0.9999999394430918,
                6.023574635326875e-08,
                2.0206841765336683e-11,
                1.3176516014489252e-10,
                1.691898146599726e-10
            ],
            [
                7.582560378900728e-10,
                0.0,
                0.0,
                1.0261879565372473e-10,
                0.9999999991391251
            ],
            [
                1.0815942205189109e-11,
                1.4166088715017973e-09,
                0.9999998664817115,
                1.9555682259287354e-08,
                1.1253518146041278e-07
            ],
            [
                5.4792062623364176e-11,
                1.2470615972657155e-09,
                7.1763440047692675e-09,
                0.0024726229449697516,
                0.9975273685768326
            ],
            [
                1.9555680628679216e-08,
                5.109088908100899e-12,
                0.0,
                5.211412365523539e-10,
                0.999999979918069
            ]
        ],
        [
            [
                0.9999989318932406,
                1.0677030753682736e-06,
                4.277780044588928e-11,
                1.9171680071144478e-10,
                1.6918948280127816e-10
            ],
            [
                3.581747914735953e-10,
                0.0,
                0.0,
                1.3176514212900412e-10,
                0.9999999995100601
            ],
            [
                1.4637785100936866e-12,
                2.789468085184869e-10,
                0.9999999973002609,
                2.061153616760766e-09,
                3.5817479204166585e-10
            ],
            [
                6.204397784971214e-11,
                7.558503854521382e-10,
                3.387486411291661e-09,
                0.003172683046475874,
                0.9968273127481433
            ],
            [
                3.1608814401326204e-10,
                3.5114220976227633e-12,
                0.0,
                3.1608814401326204e-10,
                0.9999999993643123
            ]
        ],
        [
            [
                0.999978554697618,
                2.1444939748890904e-05,
                4.27769848172036e-11,
                2.1723945404885005e-10,
                1.0261665202839537e-10
            ],
            [
                9.056076957688404e-11,
                0.0,
                2.413362763309643e-12,
                1.1032560284470485e-09,
                0.9999999988037698
            ],
            [
                1.4637785111372373e-12,
                2.461696946789212e-10,
                0.9999999980204903,
                9.736200293130665e-10,
                7.582560412430205e-10
            ],
            [
                5.105465267171863e-12,
                7.047877403506284e-11,
                1.3167168467578525e-10,
                0.0007096703398694282,
                0.9992903294528747
            ],
            [
                2.94007773134958e-11,
                0.0,
                0.0,
                2.289734839465852e-11,
                0.9999999999477018
            ]
        ],
        [
            [
                2.4616969444713944e-10,
                0.0,
                0.0,
                9.056076962655837e-11,
                0.9999999996632696
            ],
            [
                9.736200222513235e-10,
                0.0,
                0.0,
                1.6918979068892263e-10,
                0.9999999988571902
            ],
            [
                9.59610293876622e-10,
                6.727387534434689e-08,
                0.0003306355463085643,
                0.9856103216001658,
                0.01405897462003999
            ],
            [
                1.0815797772910385e-11,
                5.4927153312238014e-11,
                7.991853649872402e-11,
                1.300712473836188e-05,
                0.9999869927296001
            ],
            [
                4.599055359023468e-10,
                3.9789625188549585e-12,
                0.0,
                4.058652109153295e-10,
                0.9999999991302504
            ]
        ],
        [
            [
                5.602796381971967e-09,
                3.9789624963761864e-12,
                0.0,
                4.59905533304154e-10,
                0.9999999939333192
            ],
            [
                0.6224593182263787,
                0.3775406722610188,
                2.1152830271871453e-09,
                5.749935414850658e-09,
                1.6473840779910005e-09
            ],
            [
                1.5428112030178994e-13,
                7.433680671513865e-12,
                0.9999999999671461,
                7.433680671513865e-12,
                1.7832472906135358e-11
            ],
            [
                5.789323526201979e-12,
                3.775113154343482e-11,
                1.3176439611884328e-10,
                4.785094843044224e-06,
                0.9999952147298521
            ],
            [
                1.6918979162549904e-10,
                0.0,
                0.0,
                1.9171715065513292e-10,
                0.9999999996390931
            ]
        ],
        [
            [
                0.9999994952861746,
                5.043472044112288e-07,
                1.7832473715235993e-11,
                1.026188009614989e-10,
                2.461697063230668e-10
            ],
            [
                9.7362002575594e-10,
                0.0,
                0.0,
                3.5817479098842055e-10,
                0.9999999986682051
            ],
            [
                1.0603575983799881e-13,
                1.7832472895156677e-11,
                0.9999999993009705,
                9.056076983076147e-11,
                5.905303994642438e-10
            ],
            [
                8.437606282155199e-10,
                5.915218676294941e-08,
                2.2196694325646912e-06,
                0.9820115525016799,
                0.017986167832940204
            ],
            [
                2.4616969332469976e-10,
                0.0,
                0.0,
                1.0261879554297337e-10,
                0.9999999996512114
            ]
        ],
        [
            [
                8.152020595684224e-09,
                0.0,
                0.0,
                7.052879748342184e-11,
                0.9999999917774506
            ],
            [
                3.398267792024808e-09,
                5.789356281931767e-12,
                0.0,
                3.160881428762368e-10,
                0.9999999962798547
            ],
            [
                4.5087550525076144e-12,
                4.5990551850640987e-10,
                0.9999999580562704,
                3.224186601540915e-08,
                9.237449273138265e-09
            ],
            [
                2.9400778364879075e-11,
                7.991960157180262e-11,
                4.5990555307040716e-10,
                3.927863675342173e-07,
                0.9999996066444066
            ],
            [
                1.4166087767785956e-09,
                7.433680620587516e-12,
                4.508755210897964e-12,
                5.905303957822267e-10,
                0.9999999979809184
            ]
        ],
        [
            [
                0.9999038970695157,
                9.610239921314717e-05,
                7.052207582702573e-11,
                4.058265262716813e-10,
                5.492264787790863e-11
            ],
            [
                4.0586521087276564e-10,
                0.0,
                0.0,
                1.1628232979371993e-10,
                0.9999999994778526
            ],
            [
                3.215036530367291e-08,
                3.7160734269872773e-06,
                0.2224968149000393,
                0.7765901432552982,
                0.000909293620870123
            ],
            [
                0.0,
                2.108760158186732e-10,
                1.7656432631544543e-09,
                0.029312227837615747,
                0.9706877701858649
            ],
            [
                3.775134528406237e-11,
                0.0,
                0.0,
                3.1608814410235094e-10,
                0.9999999996461606
            ]
        ],
        [
            [
                0.9999785542206466,
                2.144493973044672e-05,
                1.6918625678173662e-10,
                5.211303587444776e-10,
                1.4930634756976458e-10
            ],
            [
                6.691586060559379e-10,
                2.4133627607490183e-12,
                0.0,
                7.052879818719392e-11,
                0.9999999992578992
            ],
            [
                7.287724092350205e-14,
                9.545034918296497e-12,
                0.9999999995616786,
                7.052879847754476e-11,
                3.5817479285780086e-10
            ],
            [
                0.0,
                7.43363908322468e-12,
                4.2777639360785526e-11,
                6.144172118832292e-06,
                0.99999385577767
            ],
            [
                1.3176514192566554e-10,
                0.0,
                0.0,
                1.4930946674119874e-10,
                0.9999999997189253
            ]
        ],
        [
            [
                0.9999994941485871,
                5.043472040855764e-07,
                4.2777880598176e-11,
                3.581748090078759e-10,
                1.103256081564057e-09
            ],
            [
                7.325914830366392e-07,
                0.0009103534635955807,
                0.00033490032345602917,
                0.9983239930940908,
                0.0004300205273744872
            ],
            [
                6.431393940956052e-14,
                3.098819138482865e-12,
                0.9999999999934153,
                2.1297851707915502e-12,
                1.2917800046863824e-12
            ],
            [
                6.803611912802957e-08,
                4.209245640348239e-06,
                0.0031725261708073897,
                0.9967779428920502,
                4.525365538281833e-05
            ],
            [
                1.3887943826400757e-11,
                0.0,
                0.0,
                1.1628232997932344e-10,
                0.9999999998698297
            ]
        ],
        [
            [
                0.9999869922281251,
                1.3007124760984214e-05,
                4.27773100858535e-11,
                3.5817003216668385e-10,
                2.461664230923795e-10
            ],
            [
                1.0261879595137497e-10,
                0.0,
                0.0,
                6.224144600730357e-11,
                0.9999999998351397
            ],
            [
                5.789356015200505e-12,
                7.582560017268452e-10,
                0.99999994597546,
                4.139937494581437e-08,
                1.186111950898939e-08
            ],
            [
                1.5881818600510986e-10,
                5.259336008818875e-09,
                9.322396135358989e-08,
                0.26894140049160137,
                0.7310585008662831
            ],
            [
                4.363462204983976e-09,
                0.0,
                0.0,
                2.7894680622092974e-10,
                0.9999999953575909
            ]
        ],
        [
            [
                6.691586068223556e-10,
                0.0,
                0.0,
                1.3176514224669468e-10,
                0.9999999991990762
            ],
            [
                5.4927883186847263e-11,
                0.0,
                0.0,
                2.1724399223160015e-10,
                0.9999999997278282
            ],
            [
                1.842625214567791e-14,
                2.129785170775738e-12,
                0.9999999999953819,
                1.4637785140021644e-12,
                1.0060392791982686e-12
            ],
            [
                1.2384779380874382e-10,
                2.1952546717673154e-09,
                1.2632818408666275e-08,
                0.0600866534556245,
                0.9399133315924546
            ],
            [
                2.1724399277177186e-10,
                3.098819128221497e-12,
                0.0,
                1.6918979168821453e-10,
                0.9999999996104674
            ]
        ],
        [
            [
                0.999997097432195,
                2.9023121985221066e-06,
                1.5737042581487637e-11,
                1.4930890285868035e-10,
                9.056042735184488e-11
            ],
            [
                6.22414460496027e-11,
                1.879528811119404e-12,
                0.0,
                7.582560406047361e-10,
                0.999999999177623
            ],
            [
                5.675685232287962e-14,
                3.511422113163216e-12,
                0.9999999999941844,
                1.463778514036994e-12,
                7.835041784588463e-13
            ],
            [
                9.533863429690256e-12,
                1.4913471606476839e-10,
                6.683754269954432e-10,
                0.0011695103405432066,
                0.9988304888324128
            ],
            [
                2.061153607410458e-09,
                6.560200120322631e-12,
                0.0,
                2.789468072530603e-10,
                0.9999999976533394
            ]
        ],
        [
            [
                0.9999970974593565,
                2.9023121981713456e-06,
                9.544998817721933e-12,
                1.0261840815041172e-10,
                1.1628189045181924e-10
            ],
            [
                1.1628232972069503e-10,
                0.0,
                0.0,
                5.21141246182686e-10,
                0.9999999993625763
            ],
            [
                2.543665646292151e-13,
                3.775134542669154e-11,
                0.9999999996898223,
                5.492788348612229e-11,
                2.1724399341525585e-10
            ],
            [
                1.826247158124379e-10,
                3.2371005428368637e-09,
                1.4507678122417389e-08,
                0.04742587447700457,
                0.9525741075955921
            ],
            [
                1.4930946707035573e-10,
                0.0,
                0.0,
                1.3176514221614555e-10,
                0.9999999997189253
            ]
        ],
        [
            [
                0.999999946596366,
                5.315784967771896e-08,
                2.5946093583627325e-11,
                1.4930945956823692e-10,
                7.052879470787199e-11
            ],
            [
                1.3176514204736767e-10,
                5.109089002721007e-12,
                0.0,
                4.599055355839889e-10,
                0.9999999994032203
            ],
            [
                9.545036061789016e-12,
                1.4166089556781242e-09,
                0.9999999258603036,
                1.9555683421305702e-08,
                5.3157858887233104e-08
            ],
            [
                7.693640834012393e-11,
                3.2714193278207236e-09,
                1.7861344328168372e-07,
                0.9626729414085814,
                0.03732687662961956
            ],
            [
                1.6918979111708628e-10,
                0.0,
                0.0,
                2.4616969351640734e-10,
                0.9999999995846405
            ]
        ],
        [
            [
                1.3440409713843028e-08,
                5.789356226518896e-12,
                0.0,
                3.581747867047007e-10,
                0.9999999861956261
            ],
            [
                5.492788335477193e-11,
                0.0,
                0.0,
                1.1628232997455123e-10,
                0.9999999998287898
            ],
            [
                1.361526107923741e-13,
                7.433680671446337e-12,
                0.999999999980761,
                6.560200167354367e-12,
                5.1090890274407424e-12
            ],
            [
                1.4160820996784064e-09,
                5.041606298247839e-07,
                3.534438884283233e-05,
                0.999628811809807,
                0.00033533822463833074
            ],
            [
                7.991959859804037e-11,
                0.0,
                0.0,
                2.1724399260679413e-10,
                0.9999999997028364
            ]
        ],
        [
            [
                0.998498725462789,
                0.0015011820726748787,
                3.393164347101359e-09,
                1.1843307282415835e-08,
                7.722806457512203e-08
            ],
            [
                9.73620027673689e-10,
                2.734698281403627e-12,
                0.0,
                1.0261879593470773e-10,
                0.9999999989210264
            ],
            [
                4.559691810783809e-09,
                7.668222564755159e-07,
                0.06680278187389042,
                0.6338071482413044,
                0.29938929850285684
            ],
            [
                2.8725242440339486e-11,
                8.394746367612547e-10,
                7.964713594913812e-09,
                0.022977367578723453,
                0.977022623588363
            ],
            [
                6.348800042023916e-09,
                7.433680585683955e-12,
                0.0,
                3.5817478885240876e-10,
                0.9999999932855915
            ]
        ],
        [
            [
                0.9999646434036709,
                3.535625749239453e-05,
                3.774998190324661e-11,
                2.4616080378680627e-10,
                5.492589957121629e-11
            ],
            [
                4.277787853685271e-11,
                0.0,
                0.0,
                1.3176514223018273e-10,
                0.999999999825457
            ],
            [
                1.0060392790536545e-12,
                5.49278834970077e-11,
                0.9999999998050317,
                9.056076987605513e-11,
                4.8473687051636805e-11
            ],
            [
                2.0033496621144326e-11,
                2.4405795159886413e-10,
                1.5914577572544746e-09,
                0.00857748565216799,
                0.9914225124922827
            ],
            [
                6.69158606004836e-10,
                0.0,
                0.0,
                1.4930946692255913e-10,
                0.9999999991815318
            ]
        ],
        [
            [
                9.736200273423379e-10,
                2.7346982804729297e-12,
                0.0,
                9.056076952851978e-11,
                0.9999999989330846
            ],
            [
                1.4166087751247256e-09,
                7.433680611908802e-12,
                0.0,
                3.5817479011599264e-10,
                0.9999999982177827
            ],
            [
                1.6918496827583349e-10,
                6.023402092100015e-08,
                0.9999720111307813,
                2.753569048303235e-05,
                3.927755298957782e-07
            ],
            [
                1.783233775981746e-11,
                4.8473319691455885e-11,
                7.991899323675069e-11,
                7.889265035769597e-06,
                0.9999921105887396
            ],
            [
                2.7894680772906637e-10,
                3.098819121415941e-12,
                0.0,
                3.5817479102802984e-10,
                0.9999999993597797
            ]
        ],
        [
            [
                0.9999999121326965,
                8.764249142191383e-08,
                3.775134941745806e-11,
                1.493094833398297e-10,
                3.775134941745806e-11
            ],
            [
                3.3982677983015747e-09,
                0.0,
                0.0,
                1.9171715018017595e-10,
                0.999999996410015
            ],
            [
                1.0261625436642117e-10,
                1.955519667781048e-08,
                0.9999756332165747,
                2.1444877096477004e-05,
                2.902248515826064e-06
            ],
            [
                0.0,
                1.0815921767502637e-11,
                2.940072359863705e-11,
                2.2603252712866847e-06,
                0.9999977396345121
            ],
            [
                1.2501528564285859e-09,
                8.423463687371115e-12,
                0.0,
                3.5817479017525843e-10,
                0.9999999983832488
            ]
        ],
        [
            [
                0.9975273705617795,
                0.0024726229495534925,
                8.570920685510494e-10,
                2.9915452653635574e-09,
                2.640029430624951e-09
            ],
            [
                1.1628232974453908e-10,
                0.0,
                0.0,
                3.1608814391546334e-10,
                0.9999999995676294
            ],
            [
                7.1090036148963686e-09,
                1.0550706907517469e-06,
                0.6791570360567231,
                0.3208110680783066,
                3.083368527579262e-05
            ],
            [
                1.7831998033643695e-11,
                5.4926420793102515e-11,
                1.3176163382661433e-10,
                2.753568980057236e-05,
                0.9999724641056794
            ],
            [
                1.3440409737055542e-08,
                2.734698248033472e-12,
                0.0,
                1.4930946524150822e-10,
                0.9999999864075462
            ]
        ],
        [
            [
                1.186111993954736e-08,
                1.573710182585549e-11,
                1.0815941364152313e-11,
                1.6052280265220765e-09,
                0.999999986507099
            ],
            [
                2.461696942591267e-10,
                0.0,
                0.0,
                1.0261879593250048e-10,
                0.9999999996512114
            ],
            [
                4.211495127387828e-09,
                5.515975341052598e-07,
                0.8517627441989346,
                0.14801416966435843,
                0.00022253032767765278
            ],
            [
                1.1567532019685069e-10,
                2.6327581525904354e-09,
                9.189228876594273e-09,
                0.005220125615702741,
                0.994779862446635
            ],
            [
                6.224144599632867e-11,
                0.0,
                0.0,
                2.789468082437831e-10,
                0.9999999996588118
            ]
        ],
        [
            [
                0.9706877652060891,
                0.02931222771275154,
                1.2135076800256317e-09,
                3.2986558753091685e-09,
                2.568995778773871e-09
            ],
            [
                0.982013786714709,
                0.01798621154195268,
                2.4174194075550204e-10,
                1.227666874017601e-09,
                2.739295062084696e-10
            ],
            [
                9.545034655668751e-12,
                7.582560215670996e-10,
                0.9999999721410998,
                1.1861119819343186e-08,
                1.5229979318415366e-08
            ],
            [
                2.0206841585520652e-11,
                1.3887945579955914e-11,
                1.573710405020331e-11,
                6.825604219213743e-08,
                0.9999999316941259
            ],
            [
                1.103256026258885e-09,
                0.0,
                0.0,
                4.8473686795360865e-11,
                0.9999999988482702
            ]
        ],
        [
            [
                0.9999251533969964,
                7.484619702491095e-05,
                7.991366091092043e-11,
                2.461514047965394e-10,
                7.991366091092043e-11
            ],
            [
                1.917171503366887e-10,
                5.789356297351267e-12,
                0.0,
                8.592166572602973e-10,
                0.9999999989432768
            ],
            [
                7.433681564264812e-12,
                1.818961905796869e-09,
                0.9999999265192944,
                6.825604195288774e-08,
                3.3982682272282115e-09
            ],
            [
                2.840926206858082e-08,
                1.2987143962522668e-05,
                0.0015011097429597675,
                0.9984505719863788,
                3.530271743690697e-05
            ],
            [
                4.5990553576952626e-10,
                0.0,
                0.0,
                2.461696940597882e-10,
                0.9999999992939248
            ]
        ],
        [
            [
                1.1628232938260491e-10,
                7.43368061356382e-12,
                0.0,
                5.905303952242654e-10,
                0.9999999992857536
            ],
            [
                1.1861119955913596e-08,
                5.7893562333420835e-12,
                0.0,
                2.4616969112551333e-10,
                0.999999987886921
            ],
            [
                1.0060392785496863e-12,
                9.056076983068934e-11,
                0.9999999993040887,
                3.581747927671275e-10,
                2.4616969500202496e-10
            ],
            [
                1.0811280415343543e-11,
                1.916345306580163e-10,
                9.732004486747397e-10,
                0.0004305571169083781,
                0.9995694417074453
            ],
            [
                2.7894680807432944e-10,
                0.0,
                0.0,
                2.1724399256355667e-10,
                0.9999999995038091
            ]
        ],
        [
            [
                1.4166087789098327e-09,
                0.0,
                0.0,
                1.9171715032923425e-10,
                0.9999999983916741
            ],
            [
                0.9770226188205373,
                0.02297736748868044,
                2.0137949577165626e-09,
                6.20292515902473e-09,
                5.474062239803384e-09
            ],
            [
                3.181593692924246e-09,
                3.677418799467086e-07,
                0.04661260357200462,
                0.93623920262235,
                0.01714782288217173
            ],
            [
                2.9400666031186415e-11,
                9.056042687867241e-11,
                2.789457527168961e-10,
                2.9023121833577105e-06,
                0.9999970972889098
            ],
            [
                1.522997945834515e-08,
                3.978962461021286e-12,
                1.4637784866026575e-12,
                1.6918978908025773e-10,
                0.9999999845953881
            ]
        ],
        [
            [
                0.9999724636634859,
                2.753568981473943e-05,
                7.052692038231569e-11,
                4.598932909270036e-10,
                1.1627923379129828e-10
            ],
            [
                3.775134529212113e-11,
                0.0,
                0.0,
                1.0261879590745579e-10,
                0.9999999998596298
            ],
            [
                3.5114219819249666e-12,
                3.5817477961989594e-10,
                0.9999999626672035,
                1.186111970731787e-08,
                2.5109990617436856e-08
            ],
            [
                4.666428725793339e-11,
                2.547783756898388e-09,
                2.4172699253616995e-08,
                0.03732688288559217,
                0.9626730903472605
            ],
            [
                3.581747917775719e-10,
                3.0988191279007506e-12,
                0.0,
                1.3176514224083084e-10,
                0.9999999995069613
            ]
        ],
        [
            [
                0.9999545969686497,
                4.5397855489519156e-05,
                3.5815842841511137e-10,
                1.818878581189801e-09,
                2.998823805628495e-09
            ],
            [
                1.0261879598341657e-10,
                0.0,
                0.0,
                1.4930946713432788e-10,
                0.9999999997480717
            ],
            [
                1.9810087931729488e-13,
                5.4927883374348015e-11,
                0.99999999758139,
                1.605228051234523e-09,
                7.582560409248285e-10
            ],
            [
                4.508420237183756e-12,
                3.7748540479338e-11,
                1.1627369040652122e-10,
                7.484619694150056e-05,
                0.9999251536445279
            ],
            [
                1.3176514208001522e-10,
                0.0,
                0.0,
                2.1724399248414563e-10,
                0.999999999650991
            ]
        ],
        [
            [
                0.9999970973400893,
                2.9023121984325113e-06,
                6.224121079973028e-11,
                1.6918915229819576e-10,
                1.162818904622829e-10
            ],
            [
                6.691586056333674e-10,
                0.0,
                0.0,
                1.9171715037423598e-10,
                0.9999999991391242
            ],
            [
                1.8795287901488337e-12,
                3.5817478799922675e-10,
                0.9999999860390338,
                4.363462191676827e-09,
                9.237449532268618e-09
            ],
            [
                1.1605831903856668e-10,
                1.2477445183374869e-09,
                8.136316312462172e-09,
                0.0019267343079234632,
                0.9980732561919574
            ],
            [
                1.6918979136714368e-10,
                9.545034872383761e-12,
                6.560200133475315e-12,
                1.250152859778197e-09,
                0.999999998564552
            ]
        ],
        [
            [
                0.9999989320229312,
                1.0677030757096702e-06,
                2.5946047533796827e-11,
                1.1628211765068914e-10,
                1.3176490173521307e-10
            ],
            [
                9.056076888683654e-11,
                6.560200094997438e-12,
                9.545034816398781e-12,
                3.850741879825911e-09,
                0.999999996042592
            ],
            [
                4.847313590191849e-11,
                7.1940512308122466e-09,
                0.9999887950871894,
                1.0129978416339681e-05,
                1.067691869910625e-06
            ],
            [
                7.879560023602147e-11,
                4.3020940036379565e-09,
                3.872621607926655e-07,
                0.9859359882596829,
                0.014063620097266648
            ],
            [
                5.905303972030293e-10,
                0.0,
                0.0,
                1.1628232977224661e-10,
                0.9999999992931872
            ]
        ],
        [
            [
                2.789468084511541e-10,
                0.0,
                0.0,
                7.052879829981385e-11,
                0.9999999996505244
            ],
            [
                8.592166565782034e-10,
                4.508755214277235e-12,
                0.0,
                4.0586521012550623e-10,
                0.9999999987304093
            ],
            [
                1.388794490520504e-11,
                2.6465738371439662e-09,
                0.999999881406087,
                1.125351831484194e-07,
                3.398268074033656e-09
            ],
            [
                8.423239442076258e-12,
                7.052692036645481e-11,
                2.789393810806386e-10,
                2.7535689808546902e-05,
                0.9999724639523019
            ],
            [
                1.5229979424410115e-08,
                6.5602000301858605e-12,
                0.0,
                1.917171473438176e-10,
                0.9999999845717432
            ]
        ],
        [
            [
                0.9999999747175141,
                2.5109990912405542e-08,
                3.331544456584526e-11,
                1.1628232731510838e-10,
                2.2897347868260405e-11
            ],
            [
                0.07585813864891211,
                0.9241414038136213,
                1.714644627249076e-07,
                9.177831325837518e-08,
                1.9429469069266352e-07
            ],
            [
                3.5114220053232505e-12,
                1.1032559983942283e-09,
                0.9999999694197796,
                2.510999078475673e-08,
                4.3634621186715145e-09
            ],
            [
                1.7670078381223643e-07,
                2.622472154147544e-05,
                0.04741543210100453,
                0.9523643905380214,
                0.0001937759386487971
            ],
            [
                1.4166087806437064e-09,
                2.734698280010135e-12,
                0.0,
                1.6918979154497619e-10,
                0.9999999984114667
            ]
        ],
        [
            [
                8.592166562368524e-10,
                0.0,
                0.0,
                1.4930946663258336e-10,
                0.9999999989914738
            ],
            [
                2.0611536048928382e-09,
                0.0,
                0.0,
                1.0261879544346895e-10,
                0.9999999978362275
            ],
            [
                5.0087746375359973e-14,
                3.098819138531577e-12,
                0.9999999999935338,
                1.6586783588123984e-12,
                1.6586783588123984e-12
            ],
            [
                0.0,
                1.022932264116332e-10,
                5.194878683834104e-10,
                0.0031726830700348377,
                0.996827316308184
            ],
            [
                2.6465736193950835e-09,
                5.1090889903923786e-12,
                0.0,
                3.5817479038738083e-10,
                0.9999999969901425
            ]
        ],
        [
            [
                1.8189616780392434e-09,
                6.560200133841649e-12,
                0.0,
                4.0586521052475307e-10,
                0.9999999977686129
            ],
            [
                4.2777878570771234e-11,
                0.0,
                0.0,
                9.056076964497767e-11,
                0.9999999998666613
            ],
            [
                2.2447770525513973e-13,
                3.331544538501235e-11,
                0.9999999989292572,
                2.7894680898001094e-10,
                7.582560419570002e-10
            ],
            [
                1.0795105354446152e-11,
                1.3151130578569799e-10,
                9.717444160941454e-10,
                0.0019267343335894805,
                0.9980732645523598
            ],
            [
                3.160881437639443e-10,
                5.109089001111911e-12,
                0.0,
                5.90530396779244e-10,
                0.9999999990882724
            ]
        ],
        [
            [
                0.999999982638274,
                1.7257827680397564e-08,
                1.2256067225676366e-11,
                6.224144511983372e-11,
                2.940077686887491e-11
            ],
            [
                3.331544528924794e-11,
                0.0,
                0.0,
                9.05607695367842e-11,
                0.9999999998761238
            ],
            [
                6.101936548823812e-13,
                1.9171714732963638e-10,
                0.999999978974897,
                5.6027963192901226e-09,
                1.522997942328356e-08
            ],
            [
                3.0987898189064608e-12,
                2.2897131810694988e-11,
                1.4930805491189875e-10,
                1.0129988090930852e-05,
                0.9999898698366051
            ],
            [
                4.0586521156721354e-10,
                1.658678354499064e-12,
                1.4637785102295376e-12,
                1.9171715086550726e-10,
                0.9999999993992952
            ]
        ],
        [
            [
                0.9995694419589392,
                0.00043055711740225695,
                1.1623221843705389e-10,
                5.902759108444081e-10,
                2.1715037221840497e-10
            ],
            [
                2.789468074094784e-10,
                0.0,
                0.0,
                1.0261879562635686e-10,
                0.9999999996184343
            ],
            [
                4.752193061375713e-13,
                3.775134543170562e-11,
                0.9999999997548323,
                1.6918979221183193e-10,
                3.775134543170562e-11
            ],
            [
                1.1605831917044397e-10,
                2.6414751690503467e-09,
                4.6821267677726985e-08,
                0.222700127653981,
                0.7772998227672178
            ],
            [
                1.2501528585259277e-09,
                5.109088995937972e-12,
                0.0,
                6.691586049216872e-10,
                0.9999999980755794
            ]
        ],
        [
            [
                0.9999869921682863,
                1.3007124760205872e-05,
                5.4927153404481945e-11,
                4.0585981786028673e-10,
                2.46166423077649e-10
            ],
            [
                1.02618795823158e-10,
                0.0,
                0.0,
                8.592166577823642e-10,
                0.9999999990381645
            ],
            [
                2.6810038674059348e-14,
                5.1090890273470465e-12,
                0.9999999999624218,
                9.545034921502444e-12,
                2.289734845324539e-11
            ],
            [
                9.544981491822533e-12,
                5.492757603526712e-11,
                1.3176440510850154e-10,
                6.1441720998292115e-06,
                0.9999938556316632
            ],
            [
                3.1608814387440757e-10,
                0.0,
                0.0,
                2.461696939689755e-10,
                0.9999999994377422
            ]
        ],
        [
            [
                5.90530397950359e-10,
                0.0,
                0.0,
                5.4927883328722484e-11,
                0.9999999993545416
            ],
            [
                2.0611536070417025e-09,
                4.508755208614341e-12,
                0.0,
                4.5990553442972884e-10,
                0.999999997474432
            ],
            [
                1.0261841370288527e-10,
                2.2159407151718822e-08,
                0.9999961979410428,
