{
    "[['E', 'D', 'C', 'B', 'A'], ['E', 'D', 'C', 'B', 'A']]": [
        [
            [
                0.9998415632322674,
                0.00015843624748952342,
                1.492858376015742e-10,
                3.1603812068256967e-10,
                5.4919190511677804e-11
            ],
            [
                0.9984988173120357,
                0.0015011820296820621,
                2.457999943836378e-10,
                3.5763688154139506e-10,
                5.4845392111304246e-11
            ],
            [
                2.2447770545006e-13,
                1.5737102103214798e-11,
                0.9999999998708033,
                3.3315445413941084e-11,
                7.991959891101273e-11
            ],
            [
                1.0060394037770247e-12,
                1.8795290491239495e-12,
                2.1297854345089663e-12,
                6.825604220978503e-08,
                0.9999999317389424
            ],
            [
                1.2256067403775014e-11,
                0.0,
                0.0,
                2.789468083691118e-10,
                0.9999999997087972
            ]
        ],
        [
            [
                0.9984988107088938,
                0.0015011820236539026,
                1.8162299349654268e-09,
                3.393164233766547e-09,
                2.058058141219736e-09
            ],
            [
                0.9997388094371318,
                0.0002611903279959135,
                5.491353844166326e-11,
                1.691456063417192e-10,
                1.0813116845937822e-11
            ],
            [
                4.752193061755594e-13,
                3.33154454145445e-11,
                0.9999999998662163,
                3.775134543472339e-11,
                6.224144621577662e-11
            ],
            [
                1.4636697556651666e-12,
                1.3886911993418527e-11,
                1.5735932843217363e-11,
                7.484619703227431e-05,
                0.9999251537718812
            ],
            [
                1.5737102011441872e-11,
                0.0,
                0.0,
                1.1032560256540233e-09,
                0.9999999988810069
            ]
        ],
        [
            [
                0.9995694418048383,
                0.0004305571198183682,
                3.5802043762008476e-10,
                6.688702352618384e-10,
                4.8452797329810194e-11
            ],
            [
                0.9995694423657485,
                0.00043055711979464136,
                1.691168800314467e-10,
                3.1595192745230046e-10,
                2.9388107147100334e-11
            ],
            [
                7.287724095211395e-14,
                5.789356328247422e-12,
                0.9999999999870599,
                3.97896253550512e-12,
                3.098819138463171e-12
            ],
            [
                1.006029761017636e-12,
                3.0987898203995024e-12,
                2.7346724182632354e-12,
                1.0129988095811625e-05,
                0.9999898700050648
            ],
            [
                6.5602001431548675e-12,
                0.0,
                0.0,
                4.058652111009415e-10,
                0.9999999995875746
            ]
        ],
        [
            [
                0.9988304872909438,
                0.001169510345244107,
                7.573685809072976e-10,
                1.414950789566238e-09,
                1.9149276587181558e-10
            ],
            [
                0.9770226245124951,
                0.022977367640463073,
                4.2632039848996165e-09,
                2.930054392120456e-09,
                6.537835057574475e-10
            ],
            [
                7.560566492756751e-10,
                8.738826686855177e-08,
                0.9970988577691579,
                0.002471561160303511,
                0.0004294929262150682
            ],
            [
                1.4637784998340283e-12,
                3.0988191084659143e-12,
                1.8795287981879452e-12,
                8.152020634876359e-09,
                0.9999999918415373
            ],
            [
                8.423463730846673e-12,
                0.0,
                0.0,
                1.493094672010069e-10,
                0.9999999998422671
            ]
        ],
        [
            [
                0.9706877128410158,
                0.029312226199050315,
                2.4373951987811843e-08,
                2.7619305990114082e-08,
                8.966675836415785e-09
            ],
            [
                0.9997965722714044,
                0.0002034270622092031,
                2.788899113754838e-10,
                3.5810173466391296e-10,
                2.9394780397103066e-11
            ],
            [
                1.3522526145996627e-10,
                1.2172590115989177e-08,
                2.978531755591152e-06,
                0.6224574618740262,
                0.3775395472864029
            ],
            [
                0.0,
                1.658678394430002e-12,
                2.1297852165589377e-12,
                6.47594613855943e-07,
                0.9999993524015977
            ],
            [
                3.5114220996771273e-12,
                0.0,
                1.1399918485968165e-12,
                1.2501528615094239e-09,
                0.9999999987451957
            ]
        ],
        [
            [
                0.9984988174334201,
                0.0015011820336300662,
                1.9142922804355165e-10,
                3.156134401091091e-10,
                2.5907128797040184e-11
            ],
            [
                0.9994472206906292,
                0.0005527785841487361,
                2.171238841039563e-10,
                4.596512662550839e-10,
                4.8446887032164883e-11
            ],
            [
                1.917171721269118e-10,
                1.125351868998411e-07,
                0.999999795779862,
                8.764249168068315e-08,
                3.850742339564212e-09
            ],
            [
                1.291777641293894e-12,
                5.109079680270727e-12,
                5.78934573629393e-12,
                1.067703074761552e-06,
                0.999998932284735
            ],
            [
                1.0815941529244514e-11,
                0.0,
                0.0,
                2.4616969454332416e-10,
                0.9999999997430145
            ]
        ],
        [
            [
                0.9992903293878326,
                0.0007096703430422534,
                7.986291385753676e-11,
                1.6906978996314193e-10,
                2.0192506859528883e-11
            ],
            [
                0.9999546019903773,
                4.539785571750517e-05,
                5.492537419066388e-11,
                9.055663272931137e-11,
                8.42307893795455e-12
            ],
            [
                7.185685898511003e-09,
                3.284901452439908e-06,
                0.9988263719924281,
                0.0011695053672781189,
                8.305531554933309e-07
            ],
            [
                0.0,
                1.1399918423240407e-12,
                5.384940167114854e-13,
                8.152020637809771e-09,
                0.9999999918463008
            ],
            [
                1.0815941516023428e-11,
                0.0,
                0.0,
                4.0586521109921424e-10,
                0.9999999995833189
            ]
        ],
        [
            [
                0.9959298608205257,
                0.004070137775528277,
                4.580338825515322e-10,
                8.557199494438854e-10,
                9.019221911350326e-11
            ],
            [
                0.9241418196113194,
                0.0758581755564648,
                2.4458092314903863e-09,
                1.904798144727984e-09,
                4.816083930026544e-10
            ],
            [
                1.0603575981282848e-13,
                2.9400777364449276e-11,
                0.9999999991047226,
                4.599055374210521e-10,
                4.0586521225558223e-10
            ],
            [
                4.752175132557354e-13,
                3.978947523053032e-12,
                5.109069751266826e-12,
                3.7266391112677464e-06,
                0.9999962733513255
            ],
            [
                1.0815941528033071e-11,
                0.0,
                0.0,
                3.5817479205960435e-10,
                0.9999999996310092
            ]
        ],
        [
            [
                0.9999724640786304,
                2.7535689824484867e-05,
                4.847239626206542e-11,
                1.691852869245997e-10,
                1.388757404438969e-11
            ],
            [
                0.9998415619602083,
                0.0001584362464884532,
                5.210587712055164e-10,
                1.1030814272982582e-09,
                1.6916301571058072e-10
            ],
            [
                3.2661313412116107e-13,
                3.7751345424576783e-11,
                0.9999999995552733,
                9.056076985303509e-11,
                3.160881452788637e-10
            ],
            [
                0.0,
                1.463778570123814e-12,
                2.7346983962097344e-12,
                3.927863695744298e-07,
                0.999999607209432
            ],
            [
                7.43368064065467e-12,
                0.0,
                0.0,
                4.0586521091694344e-10,
                0.999999999586701
            ]
        ],
        [
            [
                0.9984988112800701,
                0.001501182022522483,
                2.3320854005621335e-09,
                3.393164235974354e-09,
                9.721578301410942e-10
            ],
            [
                0.9999938556530806,
                6.14417212314236e-06,
                4.277763939079356e-11,
                1.16281679820368e-10,
                1.573701407371861e-11
            ],
            [
                1.9810087977007676e-13,
                1.783247290501188e-11,
                0.9999999998791527,
                2.2897348452430744e-11,
                7.991959891549144e-11
            ],
            [
                1.658634189737268e-12,
                9.54478074677668e-12,
                1.3887574040973172e-11,
                2.753568981771074e-05,
                0.9999724642850913
            ],
            [
                9.545034872537497e-12,
                0.0,
                0.0,
                3.1608814376555836e-10,
                0.9999999996743669
            ]
        ],
        [
            [
                0.9999982395070449,
                1.7603431332568208e-06,
                3.331538525938411e-11,
                1.0261861100415035e-10,
                1.3887918785594468e-11
            ],
            [
                0.6791787091021585,
                0.3208212866028606,
                1.7974959308610083e-09,
                2.308030461618326e-09,
                1.8945467726585679e-10
            ],
            [
                1.1032308157633898e-09,
                1.300700035266668e-05,
                0.9999768335816587,
                1.012986206006685e-05,
                2.8452697745660017e-08
            ],
            [
                0.0,
                8.878266587047907e-13,
                1.1399919953899042e-12,
                3.059023586984441e-07,
                0.9999996940956135
            ],
            [
                4.508755227495213e-12,
                0.0,
                0.0,
                2.789468083712729e-10,
                0.9999999997165445
            ]
        ],
        [
            [
                0.9968273165951638,
                0.003172683069571347,
                1.4883576644764748e-10,
                1.686530185111672e-10,
                1.7775897371094774e-11
            ],
            [
                0.8175742511032021,
                0.1824254767761633,
                1.947764817808405e-07,
                6.323460508828098e-08,
                1.4109547560270851e-08
            ],
            [
                1.542811203011975e-13,
                1.573710210502774e-11,
                0.9999999999383142,
                2.2897348453785388e-11,
                2.2897348453785388e-11
            ],
            [
                1.1399917908233575e-12,
                2.73469814233146e-12,
                1.8795287139540008e-12,
                5.315784964287732e-08,
                0.999999946836396
            ],
            [
                1.0815941495825198e-11,
                0.0,
                1.8795288058588507e-12,
                1.81896167721698e-09,
                0.999999998168343
            ]
        ],
        [
            [
                0.9975273753752442,
                0.0024726229629288207,
                7.563810995156406e-10,
                8.570920728451333e-10,
                4.8353825949212744e-11
            ],
            [
                0.9933071457150288,
                0.006692851404181753,
                1.0958716576530194e-09,
                1.5944838534085597e-09,
                1.9043393946594131e-10
            ],
            [
                1.981008797831586e-13,
                1.2256067442754516e-11,
                0.9999999999701807,
                1.2256067442754516e-11,
                5.109089027502659e-12
            ],
            [
                6.166018657235778e-12,
                2.6218578493823953e-10,
                6.289510019177137e-10,
                0.06008665434546297,
                0.9399133447572343
            ],
            [
                7.835041770355682e-13,
                0.0,
                0.0,
                4.5990553700185197e-10,
                0.999999999539311
            ]
        ],
        [
            [
                0.9997388090743023,
                0.0002611903279011212,
                1.4927047362818663e-10,
                4.057592159889748e-10,
                4.276670672406797e-11
            ],
            [
                0.9890130550069339,
                0.010986942353216534,
                1.0911351114683977e-09,
                1.4010452161658349e-09,
                1.476690793599886e-10
            ],
            [
                9.357622967519697e-14,
                1.2256067442369998e-11,
                0.9999999999494482,
                1.2256067442369998e-11,
                2.594609497910335e-11
            ],
            [
                3.0980098439672223e-12,
                3.330674468308596e-11,
                3.7741486214330596e-11,
                0.0002611903264141732,
                0.9997388095994396
            ],
            [
                8.42346372394256e-12,
                0.0,
                0.0,
                2.172439927206235e-10,
                0.9999999997743325
            ]
        ],
        [
            [
                0.9999970974846657,
                2.90231219900896e-06,
                4.847350371977e-11,
                1.3176464432319274e-10,
                2.289726185138651e-11
            ],
            [
                0.9980732593648917,
                0.001926734326798825,
                1.815457569431555e-09,
                3.391721264980231e-09,
                1.101130677267615e-09
            ],
            [
                1.5428112028785466e-13,
                1.2256067441610306e-11,
                0.9999999998874631,
                2.020683908611821e-11,
                7.991959891330785e-11
            ],
            [
                2.129785438587381e-12,
                3.978963035838887e-12,
                4.508755808870918e-12,
                1.8553915957668888e-07,
                0.9999998144502229
            ],
            [
                2.4133627657280733e-12,
                0.0,
                0.0,
                1.917171508908398e-10,
                0.9999999998058695
            ]
        ],
        [
            [
                0.9859363687306901,
                0.014063627229576098,
                1.7933796536873608e-09,
                2.0321653803373537e-09,
                2.1418865526902317e-10
            ],
            [
                0.9997965722212275,
                0.00020342706079145038,
                2.788899114381739e-10,
                4.0578242676617357e-10,
                3.3308649942703676e-11
            ],
            [
                2.543665644854925e-13,
                5.492788345508685e-11,
                0.9999999990790471,
                4.599055374092438e-10,
                4.0586521224516146e-10
            ],
            [
                5.384939924754921e-13,
                1.0060392245438757e-12,
                1.2917799344991624e-12,
                5.3157849651880864e-08,
                0.9999999468393139
            ],
            [
                8.42346370378395e-12,
                0.0,
                0.0,
                4.0586521020544383e-10,
                0.9999999995857114
            ]
        ],
        [
            [
                0.9999785543148934,
                2.1444939744643356e-05,
                1.6918625689373859e-10,
                4.598959277392535e-10,
                1.1627990048184175e-10
            ],
            [
                0.9996646496911901,
                0.000335350055288534,
                7.050513059217672e-11,
                1.6913301587549657e-10,
                1.388328337539599e-11
            ],
            [
                1.2015425730709947e-13,
                8.42346375372424e-12,
                0.9999999999821556,
                5.7893563282190285e-12,
                3.5114221130661967e-12
            ],
            [
                1.0060124888909003e-12,
                5.108952975224461e-12,
                5.789202160666758e-12,
                2.753568980587617e-05,
                0.9999724642982899
            ],
            [
                1.0060392765709814e-12,
                0.0,
                0.0,
                4.847368693201491e-11,
                0.9999999999505202
            ]
        ],
        [
            [
                0.9980732652850677,
                0.0019267343353804836,
                1.1605832024555051e-10,
                2.4569546588786956e-10,
                1.779811985333449e-11
            ],
            [
                0.9399133443271894,
                0.06008665443718489,
                5.55047311499911e-10,
                6.289510024050249e-10,
                5.162744216691624e-11
            ],
            [
                1.3174855837520012e-10,
                5.315116194971417e-08,
                0.9998747922015957,
                0.00012339438906498477,
                1.7601264286810027e-06
            ],
            [
                6.101925512170232e-13,
                2.4133583558179708e-12,
                2.4133583558179708e-12,
                2.2603252709890547e-06,
                0.9999977396692922
            ],
            [
                6.560200144202503e-12,
                0.0,
                0.0,
                2.461696942827735e-10,
                0.9999999997472702
            ]
        ],
        [
            [
                0.9706876438974081,
                0.02931222766961798,
                4.553653942350419e-08,
                5.159965920576032e-08,
                3.1296775339016874e-08
            ],
            [
                0.952574123351425,
                0.04742587535372551,
                4.964254553775225e-10,
                7.222947755722261e-10,
                7.612930925039846e-11
            ],
            [
                7.287724095364466e-14,
                5.109089027744188e-12,
                0.9999999999924631,
                1.879528816421679e-12,
                4.752193062474309e-13
            ],
            [
                4.752192963097186e-13,
                1.006039258182338e-12,
                5.384940104808635e-13,
                1.9555680677683596e-08,
                0.9999999804422997
            ],
            [
                3.7751345299525815e-11,
                0.0,
                0.0,
                7.58256039913633e-10,
                0.9999999992039925
            ]
        ],
        [
            [
                0.9959298327167462,
                0.004070137673448005,
                8.11884459578455e-09,
                1.5167998595094928e-08,
                6.3229625288320505e-09
            ],
            [
                0.9990889471144129,
                0.0009110514039615092,
                5.206663316508683e-10,
                8.584336559301938e-10,
                1.0252527958779493e-10
            ],
            [
                1.2015425729783587e-13,
                2.2897348452666694e-11,
                0.9999999998604756,
                2.5946094978471354e-11,
                9.056076988174353e-11
            ],
            [
                5.384745718681496e-13,
                6.559963219776122e-12,
                9.54469016498543e-12,
                3.535625748843858e-05,
                0.9999646437258684
            ],
            [
                1.4637785110103394e-12,
                0.0,
                6.101936664617699e-13,
                5.211412476796344e-10,
                0.9999999994767848
            ]
        ],
        [
            [
                0.9947798646343908,
                0.0052201256572272405,
                3.380528396058241e-09,
                4.918639793137779e-09,
                1.4092138947613867e-09
            ],
            [
                0.9890130562674894,
                0.010986942358127107,
                4.548527868885874e-10,
                8.497768803313836e-10,
                6.975393405262263e-11
            ],
            [
                7.287724094363007e-14,
                7.433680670866328e-12,
                0.9999999998428957,
                3.331544541500496e-11,
                1.1628233027896694e-10
            ],
            [
                1.463764664360804e-12,
                1.3887812462051311e-11,
                1.5736953207855635e-11,
                1.012998809048106e-05,
                0.9999898699808211
            ],
            [
                1.2256067391780007e-11,
                0.0,
                0.0,
                4.0586521091498623e-10,
                0.9999999995818787
            ]
        ],
        [
            [
                0.9626730945765148,
                0.03732688310153694,
                6.111815544152504e-09,
                1.2938713608504455e-08,
                3.2714191190076393e-09
            ],
            [
                0.9706877592705327,
                0.029312227570027972,
                5.438564072281471e-09,
                6.162700465410568e-09,
                1.558174694740131e-09
            ],
            [
                2.8823507928712805e-13,
                2.5946094977605723e-11,
                0.9999999998810865,
                3.775134543528476e-11,
                5.492788349862535e-11
            ],
            [
                1.2917800623131398e-12,
                3.098819276722269e-12,
                3.098819276722269e-12,
                5.043472040449171e-07,
                0.9999994956453065
            ],
            [
                5.78935631078574e-12,
                0.0,
                0.0,
                7.58256040440871e-10,
                0.9999999992359545
            ]
        ],
        [
            [
                0.9999038970290882,
                9.610239988288892e-05,
                2.172232861341834e-10,
                3.160580163803898e-10,
                3.774774704080145e-11
            ],
            [
                0.999986992670712,
                1.300712476524166e-05,
                5.492715342574734e-11,
                1.3176339132096553e-10,
                1.7832235884639508e-11
            ],
            [
                2.128145200129082e-08,
                5.90075118696979e-06,
                0.960375734753173,
                0.03723781028212805,
                0.002380532932060047
            ],
            [
                8.878215175638362e-13,
                3.9789399916768e-12,
                3.0988015813120208e-12,
                4.785094843844958e-06,
                0.9999952148971906
            ],
            [
                6.91440009925567e-13,
                0.0,
                0.0,
                7.433680664090536e-12,
                0.9999999999918749
            ]
        ],
        [
            [
                0.9996646490052133,
                0.0003353500552538025,
                3.1598207298298027e-10,
                5.209663648869599e-10,
                1.0258435963493068e-10
            ],
            [
                0.9975273759613527,
                0.002472622965500436,
                3.5728913274659084e-10,
                6.675039778882829e-10,
                4.835382597762358e-11
            ],
            [
                4.193795657699991e-13,
                2.2897348452745295e-11,
                0.9999999999178819,
                2.940077738808069e-11,
                2.940077738808069e-11
            ],
            [
                8.413604947654575e-12,
                9.045477773467158e-11,
                1.1614623367215873e-10,
                0.001169510344229606,
                0.9988304894407558
            ],
            [
                2.0206838984280025e-11,
                0.0,
                0.0,
                8.592166574126362e-10,
                0.9999999991205766
            ]
        ],
        [
            [
                0.9994471057919967,
                0.0005527785836346954,
                3.222404165061051e-08,
                3.651462294795028e-08,
                4.6885703945937625e-08
            ],
            [
                0.9997388092540237,
                0.0002611903279590675,
                1.162519617768623e-10,
                2.7887395898172237e-10,
                2.289136853925589e-11
            ],
            [
                6.840339831850586e-09,
                3.127028173258266e-06,
                0.0018355199798468682,
                0.950822672737498,
                0.04733867341414216
            ],
            [
                3.510243754527061e-12,
                2.288966459153942e-11,
                2.0200058103233827e-11,
                0.0003353500548931053,
                0.999664649898507
            ],
            [
                5.109089010885318e-12,
                0.0,
                0.0,
                3.581747918240468e-10,
                0.9999999996367162
            ]
        ],
        [
            [
                0.9988304876626968,
                0.0011695103463588564,
                7.573685811891813e-10,
                1.101964783331827e-09,
                1.3161092499871266e-10
            ],
            [
                0.9626731112174409,
                0.03732688371782944,
                2.5477838151950994e-09,
                2.2484113253648385e-09,
                2.6853443847283173e-10
            ],
            [
                4.874818400119877e-09,
                4.717729159334923e-06,
                0.985917386368009,
                0.014063359399168132,
                1.453162884521533e-05
            ],
            [
                3.072236216267406e-12,
                6.170751395859335e-11,
                1.4802863068739942e-10,
                0.008577485664299746,
                0.991422514122892
            ],
            [
                1.2917800012845499e-12,
                0.0,
                7.835041763827044e-13,
                1.103256029353113e-09,
                0.9999999988946686
            ]
        ],
        [
            [
                0.9999921104829815,
                7.889265045657194e-06,
                7.052826407750461e-11,
                1.6918851022191298e-10,
                1.2255974573462347e-11
            ],
            [
                0.9820137880103718,
                0.01798621156443558,
                1.1419080738167693e-10,
                2.739295066260605e-10,
                3.707232736610347e-11
            ],
            [
                9.545034731312198e-12,
                3.850741845499533e-09,
                0.999999980050517,
                1.522997943911143e-08,
                8.59216644676571e-10
            ],
            [
                1.0060316550815012e-12,
                7.433624336697262e-12,
                8.423399917808416e-12,
                7.889265038476351e-06,
                0.9999921107180985
            ],
            [
                7.433680648578447e-12,
                0.0,
                0.0,
                1.9171715076269832e-10,
                0.9999999998008491
            ]
        ],
        [
            [
                0.999088944133743,
                0.0009110514012818326,
                1.4153178238541098e-09,
                2.6441618028972107e-09,
                4.05495345615928e-10
            ],
            [
                0.9999869927657068,
                1.3007124766477287e-05,
                4.27773101039189e-11,
                6.224061894166244e-11,
                4.508695313795456e-12
            ],
            [
                3.266131340940943e-13,
                5.492788347849341e-11,
                0.9999999994968924,
                1.3176514262646136e-10,
                3.160881452526691e-10
            ],
            [
                6.914387834742977e-13,
                2.7346934378437157e-12,
                3.5114158810405095e-12,
                1.370956653102811e-06,
                0.9999986290364093
            ],
            [
                3.0988191312130184e-12,
                0.0,
                6.91440009018579e-13,
                3.58174792160418e-10,
                0.9999999996380349
            ]
        ],
        [
            [
                0.9999546020134973,
                4.539785573103793e-05,
                2.939943425999858e-11,
                9.055663275630562e-11,
                1.0815447446324832e-11
            ],
            [
                0.9996646498273494,
                0.00033535005547604443,
                3.330426548992782e-11,
                7.989277966750888e-11,
                3.977627283404955e-12
            ],
            [
                1.0603575990622641e-13,
                7.433680671720395e-12,
                0.999999999985538,
                4.508755241911623e-12,
                2.4133627716281005e-12
            ],
            [
                2.1297487400910217e-12,
                1.5736832917159428e-11,
                1.783216787625032e-11,
                1.6701415100678885e-05,
                0.9999832985492006
            ],
            [
                3.978962526002114e-12,
                7.835041765697879e-13,
                0.0,
                4.0586521164435925e-10,
                0.9999999995893722
            ]
        ],
        [
            [
                0.9999038972714778,
                9.610240034713811e-05,
                1.1627124646281582e-10,
                1.9169887721406148e-10,
                2.0204913007742124e-11
            ],
            [
                0.622456949759056,
                0.3775392243800737,
                2.319680727229695e-06,
                7.530900715787316e-07,
                7.530900715787316e-07
            ],
            [
                7.287724094985895e-14,
                5.109089027478789e-12,
                0.9999999999882077,
                3.098819138367286e-12,
                3.5114221129747657e-12
            ],
            [
                2.1297284559766735e-12,
                1.7831998039440244e-11,
                2.5945404052874155e-11,
                2.7535689809523233e-05,
                0.9999724642642833
            ],
            [
                8.423463735610475e-12,
                0.0,
                0.0,
                1.6918979188273652e-10,
                0.9999999998223867
            ]
        ],
        [
            [
                0.9994472197908767,
                0.000552778583630566,
                5.9020390813098e-10,
                9.730817373858911e-10,
                6.220703425038712e-11
            ],
            [
                0.9968273165242789,
                0.003172683077590075,
                1.0229322655649531e-10,
                2.780618189229654e-10,
                1.777589736699199e-11
            ],
            [
                4.1937956576405245e-13,
                2.9400777387663796e-11,
                0.9999999999264013,
                2.594609497819251e-11,
                1.7832472905003994e-11
            ],
            [
                7.834683845294775e-13,
                7.433341068554244e-12,
                1.0815447436675313e-11,
                4.5397855690534054e-05,
                0.9999546021252772
            ],
            [
                6.560200141423941e-12,
                0.0,
                0.0,
                2.1724399262273105e-10,
                0.9999999997761959
            ]
        ],
        [
            [
                0.9990889481328245,
                0.0009110514060192771,
                9.047824176507678e-11,
                3.158000939482656e-10,
                5.4877827667411163e-11
            ],
            [
                0.7772998116586808,
                0.22270013148945084,
                2.8398531500383487e-08,
                2.506161608703949e-08,
                3.3917209115067385e-09
            ],
            [
                1.1960625762146948e-08,
                6.195751627118667e-06,
                0.0937947658382993,
                0.889899939758683,
                0.01629908669076481
            ],
            [
                0.0,
                3.7010116026109115e-13,
                3.266131275733779e-13,
                1.9555680686372413e-08,
                0.9999999804436226
            ],
            [
                6.560200150340373e-12,
                0.0,
                0.0,
                6.224144606006894e-11,
                0.9999999999311984
            ]
        ],
        [
            [
                0.9968273066975931,
                0.003172683053493401,
                4.928763621008737e-09,
                4.349618629111845e-09,
                9.705311012983198e-10
            ],
            [
                0.9770226312762476,
                0.022977367787660432,
                2.405135124101882e-10,
                6.537835102834736e-10,
                4.179498150463597e-11
            ],
            [
                3.0988191318176862e-12,
                4.5990553684056654e-10,
                0.9999999978269374,
                1.2501528636014139e-09,
                4.5990553684056654e-10
            ],
            [
                0.0,
                1.6586754152474743e-12,
                2.7346934383058786e-12,
                1.3709566533345025e-06,
                0.9999986290389533
            ],
            [
                9.545034888698013e-12,
                0.0,
                0.0,
                1.691897916563207e-10,
                0.9999999998212652
            ]
        ],
        [
            [
                0.999964643565547,
                3.535625750911328e-05,
                3.774998192109728e-11,
                1.3176038354261372e-10,
                7.433412179011304e-12
            ],
            [
                0.9990889479449055,
                0.0009110514028713284,
                2.459453604146726e-10,
                3.578483878685278e-10,
                4.842951292795245e-11
            ],
            [
                6.914400101187665e-13,
                7.991959886304902e-11,
                0.9999999991974358,
                4.058652123099037e-10,
                3.16088145168395e-10
            ],
            [
                1.6586753622541536e-12,
                5.789345869359254e-12,
                3.5114157694470776e-12,
                1.7603431318171432e-06,
                0.9999982396459087
            ],
            [
                4.277787856259557e-11,
                2.129785164628127e-12,
                0.0,
                5.905303981399197e-10,
                0.9999999993645619
            ]
        ],
        [
            [
                0.9999546014589766,
                4.539785570437473e-05,
                2.4615844912333023e-10,
                4.058466710321899e-10,
                3.331392343319121e-11
            ],
            [
                0.9984988158753464,
                0.0015011820288362478,
                7.571172830070891e-10,
                1.2482753689084765e-09,
                9.042476443557065e-11
            ],
            [
                6.431393940731189e-14,
                1.3887943863407504e-11,
                0.9999999999173239,
                2.594609497985671e-11,
                4.277787868489557e-11
            ],
            [
                1.4634799415587548e-12,
                1.388511108731888e-11,
                1.573389214925643e-11,
                0.00020342706078323123,
                0.9997965729081343
            ],
            [
                7.433680638435179e-12,
                0.0,
                0.0,
                1.917171505011e-10,
                0.9999999998008491
            ]
        ],
        [
            [
                0.9992903288230873,
                0.0007096703429359351,
                3.579207479451016e-10,
                4.0557734185451334e-10,
                7.047877406820805e-11
            ],
            [
                0.9241418207283726,
                0.07585817565587523,
                1.4834582886511513e-09,
                1.9047981472241784e-09,
                2.2749569667193162e-10
            ],
            [
                2.6860165280926235e-09,
                6.572465743526166e-07,
                0.09440069784869176,
                0.8956488795993066,
                0.009949762619410787
            ],
            [
                6.101936622595566e-13,
                8.878265398420932e-13,
                5.384940169208094e-13,
                7.194132965469331e-09,
                0.9999999928038307
            ],
            [
                1.3887943781985511e-11,
                0.0,
                0.0,
                3.581747908882741e-10,
                0.9999999996279372
            ]
        ],
        [
            [
                0.9770226104997871,
                0.02297736731806124,
                9.025202774233542e-09,
                1.022689456223717e-08,
                2.930054349064343e-09
            ],
            [
                0.999664649219285,
                0.00033535005533531575,
                2.1717109110413643e-10,
                4.5975120347524953e-10,
                4.845742033767521e-11
            ],
            [
                1.685917685060039e-08,
                4.125308494156505e-06,
                0.9769007951338398,
                0.022974503512370768,
                0.00012055918611836869
            ],
            [
                2.7337805851244136e-12,
                4.276352334524175e-11,
