{
    "[['E', 'D', 'C', 'B', 'A'], ['E', 'D', 'C', 'B', 'A']]": [
        [
            [
                0.9999999827108074,
                1.725782767939503e-08,
                5.109088936714229e-12,
                1.7832472589306714e-11,
                8.42346360385945e-12
            ],
            [
                0.9999998144095562,
                1.8553915977028424e-07,
                8.42346482176136e-12,
                3.331544964288868e-11,
                9.545036132241714e-12
            ],
            [
                9.186145734109327e-09,
                1.0617750948266589e-06,
                0.9944469499671323,
                0.005218379253508583,
                0.0003335998181184935
            ],
            [
                1.5211923137344446e-08,
                1.0118083397318597e-05,
                0.0011694914302654864,
                0.9988142383466161,
                6.136927798003092e-06
            ],
            [
                0.9999999950126164,
                4.944450475507795e-09,
                5.109089000752392e-12,
                3.331544524357446e-11,
                4.508755218193011e-12
            ]
        ],
        [
            [
                0.9999999467938512,
                5.315784970109139e-08,
                8.423463303938881e-12,
                3.331544363978433e-11,
                6.560199817280844e-12
            ],
            [
                0.9999999006622572,
                9.931195240888266e-08,
                3.9789629079364865e-12,
                1.7832474575779517e-11,
                3.9789629079364865e-12
            ],
            [
                8.258073285026812e-14,
                5.789356328359719e-12,
                0.9999999999736797,
                6.560200167733456e-12,
                1.3887943864074198e-11
            ],
            [
                1.954237000233144e-08,
                0.00033523428649581796,
                0.00033523428649581796,
                0.9993193886863527,
                1.0123198285621583e-05
            ],
            [
                0.9999999956060326,
                4.363462231999814e-09,
                4.508755220653555e-12,
                2.0206838993232727e-11,
                5.7893563009427114e-12
            ]
        ],
        [
            [
                0.999999984683702,
                1.522997950444137e-08,
                5.7893562373965884e-12,
                4.2777878014817464e-11,
                3.7751344847218073e-11
            ],
            [
                0.9999999961079225,
                3.850741904860382e-09,
                3.5114220970472273e-12,
                2.94007772561213e-11,
                8.42346371529673e-12
            ],
            [
                3.1606404121251867e-10,
                8.314661014153975e-07,
                0.9999242688708126,
                7.484619322304284e-05,
                5.3153798837928834e-08
            ],
            [
                5.597669678551917e-09,
                3.7232396004752556e-06,
                0.0009110471265439735,
                0.9990843932691374,
                8.307670483250197e-07
            ],
            [
                0.9999999936373618,
                6.348800070834546e-09,
                2.4133627546479126e-12,
                9.545034854871444e-12,
                1.879528803155157e-12
            ]
        ],
        [
            [
                0.9999999804009247,
                1.955568069149138e-08,
                6.560200035190108e-12,
                2.9400776796942895e-11,
                7.43368052168461e-12
            ],
            [
                0.9999999804105237,
                1.9555680697760593e-08,
                5.789356213246592e-12,
                2.289734799970721e-11,
                5.109088926149e-12
            ],
            [
                1.081594148015072e-11,
                1.4166087765405085e-09,
                0.9999999929589602,
                4.3634622218252325e-09,
                1.250152857471152e-09
            ],
            [
                1.1860894103081048e-08,
                4.785026197751084e-06,
                1.012990054013113e-05,
                0.9999813466302182,
                3.726582149825731e-06
            ],
            [
                0.9999999950075802,
                4.944450475482894e-09,
                5.109089000726661e-12,
                3.331544524340668e-11,
                9.545034871769016e-12
            ]
        ],
        [
            [
                0.9999999529943295,
                4.691163798552834e-08,
                5.789356053179286e-12,
                3.3315443835975495e-11,
                5.4927880895188264e-11
            ],
            [
                0.999999989471852,
                1.0467401679087307e-08,
                9.545034817374775e-12,
                4.277787821702482e-11,
                8.423463661395359e-12
            ],
            [
                3.823334295532431e-09,
                5.00757494239453e-07,
                0.00042767652978785626,
                0.9928818323684051,
                0.006689986520978472
            ],
            [
                3.649032114057082e-08,
                2.7502908761116995e-05,
                0.0011694528810329795,
                0.9987815884330049,
                2.1419286879899315e-05
            ],
            [
                0.9999999987046524,
                1.2501528639308096e-09,
                3.5114221064783016e-12,
                2.5946094931793404e-11,
                1.5737102075947268e-11
            ]
        ],
        [
            [
                0.99999999657406,
                3.398267806473571e-09,
                3.5114220999214267e-12,
                1.5737102046561392e-11,
                8.423463722191577e-12
            ],
            [
                0.9999996940450863,
                3.0590235890599415e-07,
                8.423464811983085e-12,
                3.331544960421486e-11,
                1.081594291516111e-11
            ],
            [
                1.0428548394257137e-07,
                6.45190827511916e-06,
                0.43773807598769193,
                0.5620668154201864,
                0.00018855239836258037
            ],
            [
                3.0438776494289497e-06,
                0.0009563579285029485,
                0.1822495901299359,
                0.8167859895580858,
                5.018505826022217e-06
            ],
            [
                0.9999999976207934,
                2.3355930318632403e-09,
                5.789356311537787e-12,
                2.9400777305532154e-11,
                8.423463729453176e-12
            ]
        ],
        [
            [
                0.9999999969581059,
                2.998960813728006e-09,
                5.1090890091032275e-12,
                2.9400777283736895e-11,
                8.423463723208731e-12
            ],
            [
                0.9999999927846374,
                7.194132974168751e-09,
                2.4133627529947623e-12,
                1.2256067348429932e-11,
                6.5602001169455585e-12
            ],
            [
                1.542811203024733e-13,
                6.560200167443019e-12,
                0.9999999999822164,
                4.508755241806327e-12,
                6.560200167443019e-12
            ],
            [
                1.725720239795741e-08,
                1.670109535965199e-05,
                1.670109535965199e-05,
                0.9999636783368777,
                2.902215200588656e-06
            ],
            [
                0.9999999927753619,
                7.194132974102022e-09,
                4.5087552070581435e-12,
                2.020683893230232e-11,
                5.789356283485857e-12
            ]
        ],
        [
            [
                0.9999999973337048,
                2.6465736292758134e-09,
                2.7346982816378044e-12,
                1.3887943814413083e-11,
                3.0988191274423867e-12
            ],
            [
                0.9999999949802607,
                4.944450474198944e-09,
                9.54503486929041e-12,
                5.4927883201386604e-11,
                1.0815941496605345e-11
            ],
            [
                5.109089010460149e-12,
                2.789468083257916e-10,
                0.999999996609465,
                2.646573629790446e-09,
                4.5990553628064426e-10
            ],
            [
                6.34824380090005e-09,
                1.0129215606700515e-05,
                7.484534235607397e-05,
                0.9999132589000533,
                1.7601937400361415e-06
            ],
            [
                0.9999999935159007,
                6.348800071957582e-09,
                1.0815941482179745e-11,
                6.224144579687293e-11,
                6.224144579687293e-11
            ]
        ],
        [
            [
                0.999999996957728,
                2.9989608131568954e-09,
                5.1090890081302724e-12,
                2.594609488153627e-11,
                1.2256067396282574e-11
            ],
            [
                0.9999999965745023,
                3.3982678058475327e-09,
                3.5114220992745424e-12,
                2.020683900907094e-11,
                3.5114220992745424e-12
            ],
            [
                1.1032055856254119e-09,
                1.125300290141157e-07,
                0.9999544416034333,
                4.5397853836867176e-05,
                4.690949516930542e-08
            ],
            [
                1.882567950611902e-08,
                1.6946320477960282e-06,
                0.03732676407975973,
                0.9626700269549797,
                1.4955075332005848e-06
            ],
            [
                0.9999999894701431,
                1.046740167906942e-08,
                5.789356264752485e-12,
                4.277787821695172e-11,
                1.3887943711488378e-11
            ]
        ],
        [
            [
                0.9999999950185985,
                4.944450474388503e-09,
                4.508755217172348e-12,
                2.2897348328873066e-11,
                9.545034869656345e-12
            ],
            [
                0.9999999950008329,
                4.94445047347135e-09,
                5.109088998648138e-12,
                2.940077722357201e-11,
                2.0206838973882846e-11
            ],
            [
                5.00877463665675e-14,
                3.5114221125445316e-12,
                0.9999999997924653,
                1.2256067441195588e-11,
                1.9171715133040662e-10
            ],
            [
                2.6057117481991236e-07,
                0.0001349792102956112,
                0.14802271628012603,
                0.8518119260055935,
                3.011793280996831e-05
            ],
            [
                0.9999999918231542,
                8.152020637621078e-09,
                3.978962498327565e-12,
                1.573710195850926e-11,
                5.1090889798999496e-12
            ]
        ],
        [
            [
                0.999999982694863,
                1.7257827683856142e-08,
                6.560200052555015e-12,
                3.331544483460516e-11,
                7.433680541361627e-12
            ],
            [
                0.9999999927776398,
                7.194132974617603e-09,
                4.508755207381272e-12,
                2.020683893375048e-11,
                3.511422086185809e-12
            ],
            [
                6.431393940967264e-14,
                3.098819138488267e-12,
                0.9999999999951585,
                1.139991852958434e-12,
                5.384940217348172e-13
            ],
            [
                4.0585283407066404e-10,
                6.023390123516109e-08,
                2.2602626242255536e-06,
                0.9999701434618525,
                2.753563576923159e-05
            ],
            [
                0.9999999976196718,
                2.335593032022685e-09,
                5.789356311933011e-12,
                2.940077730753927e-11,
                9.545034895146001e-12
            ]
        ],
        [
            [
                0.9999999965449837,
                3.398267804445379e-09,
                5.109089005437028e-12,
                3.7751345275604e-11,
                1.3887943803459368e-11
            ],
            [
                0.999999989498756,
                1.0467401681074759e-08,
                3.5114220752445086e-12,
                2.2897348207803632e-11,
                7.433680591626737e-12
            ],
            [
                2.3261955751400925e-08,
                3.452383632417793e-06,
                0.8175479984042338,
                0.1824196194959341,
                2.890645424392262e-05
            ],
            [
                6.668391718568145e-08,
                4.435429187420796e-05,
                0.022976092328730355,
                0.9769682721742485,
                1.121452122968049e-05
            ],
            [
                0.9999999954724308,
                4.363462231181045e-09,
                6.560200135434947e-12,
                5.492788323559541e-11,
                1.0261879580521026e-10
            ]
        ],
        [
            [
                0.9999999316943897,
                6.825604228073953e-08,
                5.789357051160711e-12,
                2.5946098220471568e-11,
                1.783247513338763e-11
            ],
            [
                0.9999999865282052,
                1.3440409763887258e-08,
                4.508755179480199e-12,
                2.2897348137456535e-11,
                3.978962480403527e-12
            ],
            [
                9.056059919057127e-11,
                1.1861097793249416e-08,
                0.9999979218036039,
                1.7603429939207459e-06,
                3.05901743878971e-07
            ],
            [
                2.986733216917866e-09,
                1.2699900691312704e-07,
                7.857150334687495e-06,
                0.9959219081993698,
                0.004070104664555584
            ],
            [
                0.9999999969641946,
                2.9989608134790652e-09,
                5.789356306765478e-12,
                2.5946094884323586e-11,
                5.109089008679127e-12
            ]
        ],
        [
            [
                0.9999999943640643,
                5.6027964017119125e-09,
                4.50875521346498e-12,
                2.0206838961015768e-11,
                8.423463700607404e-12
            ],
            [
                0.9999999950107872,
                4.944450472455712e-09,
                6.560200129036402e-12,
                2.594609482805244e-11,
                1.22560673710186e-11
            ],
            [
                3.638586015030567e-08,
                4.20563361237939e-06,
                0.9959227588386235,
                0.004070108655011715,
                2.890486892311302e-06
            ],
            [
                8.790620520215225e-11,
                5.438564335370453e-09,
                7.507706483332009e-08,
                0.9706876904359553,
                0.029312228960509387
            ],
            [
                0.9999999826839726,
                1.7257827682941873e-08,
                6.560200052207474e-12,
                3.775134477556606e-11,
                1.3887943619505693e-11
            ]
        ],
        [
            [
                0.9999999969650855,
                2.998960814192835e-09,
                3.5114221008896986e-12,
                2.289734837503128e-11,
                9.54503488889795e-12
            ],
            [
                0.9999999965407047,
                3.398267805162702e-09,
                7.433680641000258e-12,
                4.277787850927208e-11,
                1.0815941511668904e-11
            ],
            [
                7.582560930007035e-10,
                5.3157856064202813e-08,
                0.9999998728833988,
                6.825603828306501e-08,
                4.944450829345796e-09
            ],
            [
                4.112172837452975e-08,
                1.0062164770031635e-05,
                0.006692764761659792,
                0.9932942490933684,
                2.8828584734116754e-06
            ],
            [
                0.9999999973108027,
                2.6465736305747848e-09,
                5.789356310499374e-12,
                2.940077730025866e-11,
                7.433680648942764e-12
            ]
        ],
        [
            [
                0.9999999880658944,
                1.1861120004336977e-08,
                1.2256067292197648e-11,
                4.8473686461919145e-11,
                1.2256067292197648e-11
            ],
            [
                0.9999998143691503,
                1.8553915976278737e-07,
                1.0815942927279635e-11,
                5.4927890466950146e-11,
                2.5946098269209285e-11
            ],
            [
                4.598880494335227e-10,
                7.734127796942414e-08,
                0.9999616638324482,
                3.535615634118338e-05,
                2.9022100446123887e-06
            ],
            [
                1.3579500337804292e-07,
                0.0001489173034532664,
                0.06007751465372428,
                0.9397703415677879,
                3.0906800311093642e-06
            ],
            [
                0.9999999917141301,
                8.15202064267523e-09,
                1.3887943742652743e-11,
                9.056076909915895e-11,
                2.9400777133911745e-11
            ]
        ],
        [
            [
                0.9999999917848407,
                8.152020643750859e-09,
                9.545034840036831e-12,
                4.2777878318589113e-11,
                1.08159414634567e-11
            ],
            [
                0.9999999530582975,
                4.6911637991784324e-08,
                3.5114219467144325e-12,
                1.573710135993528e-11,
                1.0815941043930348e-11
            ],
            [
                1.072477039025151e-08,
                2.043781422446757e-06,
                0.09530158656708836,
                0.9041962621013345,
                0.0005000968253842139
            ],
            [
                3.651837990953626e-08,
                1.012552496814313e-05,
                0.0004305482774640971,
                0.9995491641542198,
                1.012552496814313e-05
            ],
            [
                0.9999999935388173,
                6.348800071714301e-09,
                1.2256067358523648e-11,
                7.991959837151479e-11,
                2.0206838949131473e-11
            ]
        ],
        [
            [
                0.9999999827060521,
                1.7257827681567264e-08,
                5.789356225947268e-12,
                2.2897348049939363e-11,
                7.43368054037571e-12
            ],
            [
                0.999999995026325,
                4.944450475575577e-09,
                4.508755218254819e-12,
                2.020683898248234e-11,
                4.508755218254819e-12
            ],
            [
                2.789367304271523e-10,
                9.930835479894346e-08,
                0.9999645119149686,
                3.5356257037405376e-05,
                3.2240702414775406e-08
            ],
            [
                9.73072512373872e-10,
                3.0573000360161493e-07,
                1.0124387246600109e-05,
                0.9994367960957937,
                0.0005527728138835249
            ],
            [
                0.9999999955838026,
                4.363462230365169e-09,
                8.423463710881825e-12,
                3.77513452474484e-11,
                6.5602001342083276e-12
            ]
        ],
        [
            [
                0.9999999918267729,
                8.152020638848085e-09,
                2.7346982662234924e-12,
                1.573710196087794e-11,
                2.7346982662234924e-12
            ],
            [
                0.9999999973242018,
                2.6465736306102464e-09,
                4.508755228156705e-12,
                2.0206839026859512e-11,
                4.508755228156705e-12
            ],
            [
                2.940077948534436e-11,
                2.3355932050271724e-09,
                0.9999998777506479,
                8.764248843208987e-08,
                3.224186966727182e-08
            ],
            [
                1.1855963246287211e-08,
                3.7250329206739014e-06,
                0.9995656200364574,
                0.00043055547028111104,
                8.760437753367615e-08
            ],
            [
                0.9999999987203452,
                1.2501528640487252e-09,
                2.7346982864774827e-12,
                2.0206839052431643e-11,
                6.56020015588499e-12
            ]
        ],
        [
            [
                0.9999999894870922,
                1.0467401676764857e-08,
                6.560200094212688e-12,
                2.9400777061463745e-11,
                9.545034815256975e-12
            ],
            [
                0.9999999397294138,
                6.023574637525181e-08,
                4.5087558408390255e-12,
                2.289735149611379e-11,
                7.433681659184743e-12
            ],
            [
                3.775134798116095e-11,
                7.194133514053077e-09,
                0.9999995162946039,
                2.3823675556865962e-07,
                2.3823675556865962e-07
            ],
            [
                2.8382342158471787e-08,
                6.128879341576558e-06,
                0.0024725663982347796,
                0.9975046163187385,
                1.6660021343025593e-05
            ],
            [
                0.99999999181537,
                8.152020643999736e-09,
                3.978962501440957e-12,
                2.0206838915543433e-11,
                8.423463681651717e-12
            ]
        ],
        [
            [
                0.999999998352439,
                1.6052280518026475e-09,
                4.508755232792775e-12,
                2.940077733088357e-11,
                8.42346373671648e-12
            ],
            [
                0.99999998041217,
                1.955568069171129e-08,
                4.508755150961022e-12,
                2.0206838680892462e-11,
                7.433680521768204e-12
            ],
            [
                1.0433177526940341e-08,
                8.288107391755376e-07,
                0.003172375873647926,
                0.9967309873861393,
                9.579749629605406e-05
            ],
            [
                4.690170901718208e-08,
                7.483598374425931e-05,
                0.00012338367821292933,
                0.9997887288923266,
                1.3004544007233347e-05
            ],
            [
                0.9999999987383017,
                1.2501528642344747e-09,
                1.0060392775513158e-12,
                3.978962528987043e-12,
                6.560200156859714e-12
            ]
        ],
        [
            [
                0.9999999927490603,
                7.194132974411997e-09,
                4.508755207252414e-12,
                2.94007771643395e-11,
                2.289734827849548e-11
            ],
            [
                0.9999999943664573,
                5.602796403053826e-09,
                3.978962511347983e-12,
                2.020683896585546e-11,
                6.560200127777819e-12
            ],
            [
                1.3615261079590429e-13,
                9.545034921924976e-12,
                0.9999999999589981,
                8.423463753660587e-12,
                2.2897348454258994e-11
            ],
            [
                3.60207845759743e-08,
                4.7177962570665245e-06,
                0.014063552600547353,
                0.9859309700849224,
                7.234974885835644e-07
            ],
            [
                0.9999999864797959,
                1.3440409761480966e-08,
                8.423463635607388e-12,
                4.847368637870323e-11,
                2.2897348133357128e-11
            ]
        ],
        [
            [
                0.9999999634344514,
                3.653482076098739e-08,
                2.7346981885790593e-12,
                1.2256066982428076e-11,
                1.5737101514065078e-11
            ],
            [
                0.9999999676932418,
                3.2241866295366095e-08,
                9.545034603940877e-12,
                2.9400776410564336e-11,
                2.5946094115905267e-11
            ],
            [
                1.1032539899250559e-09,
                8.315271797241421e-07,
                0.9999983136829379,
                8.315271797241421e-07,
                2.2159448750293825e-08
            ],
            [
                2.998326016563073e-09,
                6.474581371622222e-07,
                0.00020342529962234416,
                0.9997880365890688,
                7.887654845787094e-06
            ],
            [
                0.9999999993174353,
                6.691586083647844e-10,
                1.4637785124535858e-12,
                7.43368066385943e-12,
                4.508755237143707e-12
            ]
        ],
        [
            [
                0.9999999865096696,
                1.3440409760825686e-08,
                5.789356246756325e-12,
                3.331544494993444e-11,
                1.0815941404137489e-11
            ],
            [
                0.9999999969707605,
                2.9989608137659563e-09,
                3.511422100389875e-12,
                2.0206839015489236e-11,
                6.560200143891547e-12
            ],
            [
                9.157787758077716e-09,
                1.1994346407680954e-06,
                0.9913766939695139,
                0.008577088985214814,
                4.500845284285826e-05
            ],
            [
                2.334292836333766e-09,
                7.730116227913043e-08,
                2.900707480768666e-06,
                0.999444242656564,
                0.0005527770005001179
            ],
            [
                0.9999999973370981,
                2.6465736302986694e-09,
                3.0988191286400275e-12,
                1.0815941522096761e-11,
                2.4133627639815016e-12
            ]
        ],
        [
            [
                0.9999999965481237,
                3.398267805490691e-09,
                8.42346371975526e-12,
                3.7751345287216366e-11,
                7.433680641717732e-12
            ],
            [
                0.9999999847273968,
                1.522997950510684e-08,
                7.433680555401744e-12,
                2.940077693029674e-11,
                5.789356237649554e-12
            ],
            [
                1.6918883695767348e-10,
                1.7257730544319444e-08,
                0.9999934456175171,
                6.144171801447433e-06,
                3.9278376215309796e-07
            ],
            [
                1.1095077709450722e-07,
                9.98748019440999e-06,
                0.01406341944990483,
                0.9859217643675336,
                4.717751590002607e-06
            ],
            [
                0.999999996114824,
                3.8507419062439245e-09,
                4.508755222947571e-12,
                2.594609487142891e-11,
                3.978962518763348e-12
            ]
        ],
        [
            [
                0.9999999976322416,
                2.3355930318899785e-09,
                2.41336276469379e-12,
                9.54503489460366e-12,
                2.0206839030444507e-11
            ],
            [
                0.9999999826733376,
                1.7257827679945887e-08,
                9.545034752482718e-12,
                4.84736861975537e-11,
                1.081594136424489e-11
            ],
            [
                1.081594142599959e-11,
                7.582560335873242e-10,
                0.9999999879323248,
                9.237449549844547e-09,
                2.061153597419855e-09
            ],
            [
                2.1933461767017216e-07,
                0.0037625180114204595,
                0.07557219659282724,
                0.9206578026961404,
                7.263364994334732e-06
            ],
            [
                0.9999999988572739,
                1.1032560306350614e-09,
                3.9789625296754535e-12,
                2.5946094942584773e-11,
                9.545034908059271e-12
            ]
        ],
        [
            [
                0.9999999987216821,
                1.2501528642136977e-09,
                3.9789625289209145e-12,
                2.0206839055098172e-11,
                3.9789625289209145e-12
            ],
            [
                0.9999999979076943,
                2.061153616563112e-09,
                3.511422103366986e-12,
                2.0206839032621326e-11,
                7.433680651162023e-12
            ],
            [
                3.160881494375975e-10,
                5.315785321798821e-08,
                0.9999997001370681,
                2.382369697696929e-07,
                8.152020817792155e-09
            ],
            [
                1.4743001520349813e-06,
                0.022318772154815866,
                0.028657870716046207,
                0.9490183461667753,
                3.536662210608653e-06
            ],
            [
                0.9999999987368093,
                1.2501528639710108e-09,
                2.7346982863074825e-12,
                8.423463738191575e-12,
                1.879528812907177e-12
            ]
        ],
        [
            [
                0.9999999917989014,
                8.152020642800627e-09,
                5.7893562778327795e-12,
                2.9400777134364e-11,
                1.3887943742866372e-11
            ],
            [
                0.9999999973269733,
                2.646573630455516e-09,
                2.7346982828567887e-12,
                2.020683902567813e-11,
                3.5114221021604394e-12
            ],
            [
                1.5428112029554493e-13,
                1.388794386283567e-11,
                0.9999999999172771,
                2.020683908712544e-11,
                4.8473687055273886e-11
            ],
            [
                5.814566767063844e-08,
                8.187527463143436e-05,
                0.14803393514160226,
                0.8518765158512498,
                7.615586848825661e-06
            ],
            [
                0.9999999881096554,
                1.1861120003306674e-08,
                4.508755186021615e-12,
                2.0206838838023142e-11,
                4.508755186021615e-12
            ]
        ],
        [
            [
                0.9999999917993297,
                8.152020643868975e-09,
                5.789356278591493e-12,
                3.3315445133133183e-11,
                9.54503484017513e-12
            ],
            [
                0.9999999880979006,
                1.1861120004716605e-08,
                5.789356257162601e-12,
                2.9400777029392176e-11,
                5.789356257162601e-12
            ],
            [
                7.991944991195413e-11,
                1.0467382277292623e-08,
                0.9999975846320441,
                2.2603230367718998e-06,
                1.4449761737707777e-07
            ],
            [
                4.1388322883942795e-08,
                6.142565891153294e-06,
                0.00020341384567158893,
                0.9997321231575816,
                5.827904253268864e-05
            ],
            [
                0.9999999976459049,
                2.3355930315301512e-09,
                2.734698283080533e-12,
                1.2256067405954296e-11,
                3.511422102447733e-12
            ]
        ],
        [
            [
                0.9999999978929883,
                2.061153616532801e-09,
                5.1090890134244166e-12,
                3.331544532620645e-11,
                7.433680651052703e-12
            ],
            [
                0.999999996103752,
                3.850741905187415e-09,
                6.560200138203798e-12,
                2.9400777258618225e-11,
                9.545034879263665e-12
            ],
            [
                1.9810087978549206e-13,
                1.3887943863603562e-11,
                0.9999999999642819,
                1.0815941556226167e-11,
                1.0815941556226167e-11
            ],
            [
                2.0026487842009095e-07,
                3.367937403130998e-05,
                0.9525384682255916,
                0.047424102355592,
                3.549779906629063e-06
            ],
            [
                0.9999999969459115,
                2.998960814318977e-09,
                6.560200145101274e-12,
                3.775134531013298e-11,
                1.0815941519278539e-11
            ]
        ],
        [
            [
                0.9999999530382819,
                4.691163799625316e-08,
                8.423463355469527e-12,
                2.940077600020096e-11,
                1.2256066863559189e-11
            ],
            [
                0.9999999397128927,
                6.023574637425664e-08,
                5.7893570971809715e-12,
                3.331544984379039e-11,
                1.2256069070908823e-11
            ],
            [
                6.22414511320991e-11,
                5.602796878893178e-09,
                0.9999996470332367,
                3.0590234459904196e-07,
                4.1399380449055246e-08
            ],
            [
                3.219252391700136e-08,
                7.877250881713192e-06,
                0.001501138306240536,
                0.9984695396624239,
                2.141258792997396e-05
            ],
            [
                0.9999999969672435,
                2.9989608141993067e-09,
                5.109089009906144e-12,
                2.2897348375080694e-11,
                5.789356308155871e-12
            ]
        ],
        [
            [
                0.9999999981420198,
                1.818961683099299e-09,
                4.508755231255091e-12,
                2.940077732085661e-11,
                5.109089015553667e-12
            ],
            [
                0.9999999827030032,
                1.725782768151465e-08,
                5.789356225929617e-12,
                2.5946094522042395e-11,
                7.433680540353047e-12
            ],
            [
                2.1724400141103788e-10,
                8.152021011033164e-09,
                0.99999912786091,
                8.315279563465825e-07,
                3.2241868545496745e-08
            ],
            [
                8.751019179331968e-08,
                6.134938080208415e-06,
                0.0015011698531675439,
                0.9984906159757756,
                1.9917227848303595e-06
            ],
            [
                0.9999999976131448,
                2.3355930309506347e-09,
                5.109089010894358e-12,
                2.594609489557346e-11,
                2.020683902231759e-11
            ]
        ],
        [
            [
                0.9999999936016319,
                6.348800070607704e-09,
                5.789356287298404e-12,
                2.5946094797078216e-11,
                1.7832472780526082e-11
            ],
            [
                0.9999999927523056,
                7.1941329752646585e-09,
                4.508755207786798e-12,
                3.3315445166682375e-11,
                1.5737101986418053e-11
            ],
            [
                4.420228103346534e-14,
                5.789356328344751e-12,
                0.9999999999710945,
                1.0815941556564736e-11,
                1.2256067443282532e-11
            ],
            [
                1.125227386762246e-07,
                5.828822170108879e-05,
                3.5353593561837625e-05,
                0.9998895458068806,
                1.669985511781217e-05
            ],
            [
                0.9999999991990329,
                7.582560418761029e-10,
                4.508755236853514e-12,
                2.5946094951452084e-11,
                1.2256067429308466e-11
            ]
        ],
        [
            [
                0.9999999969757163,
                2.998960814016622e-09,
                3.511422100683374e-12,
                1.7832472843685315e-11,
                3.97896252145403e-12
            ],
            [
                0.9999999969359639,
                2.9989608141055003e-09,
                6.560200144634297e-12,
                4.27778785363237e-11,
                1.5737102050442598e-11
            ],
            [
                1.7832472707808986e-11,
                1.416608770728425e-09,
                0.9999999888682037,
                9.237449558193251e-09,
                4.5990553269846195e-10
            ],
            [
                1.0457683142193067e-08,
                1.0667126805238934e-06,
                0.0009110348774838048,
                0.999071201758365,
                1.6686193787630883e-05
            ],
            [
                0.9999999976096867,
                2.335593032142386e-09,
                4.508755229443887e-12,
                4.277787856776367e-11,
                7.433680651164572e-12
            ]
        ],
        [
            [
                0.999999995607807,
                4.3634622300293735e-09,
                5.109089001233405e-12,
                1.7832472814500768e-11,
                5.78935629832837e-12
            ],
            [
                0.9999999918052686,
                8.152020643917389e-09,
                4.5087552032731855e-12,
                2.5946094758210634e-11,
                1.2256067338027669e-11
            ],
            [
                6.691279852017161e-10,
                1.6373021963107258e-07,
                0.999954044980231,
                4.539785204258197e-05,
                3.927683787487867e-07
            ],
            [
                6.69149704257778e-10,
                2.3823356919898303e-07,
                3.726600025435961e-06,
                0.9999859045481246,
                1.0129949131077588e-05
            ],
            [
                0.9999999983664072,
                1.6052280511840839e-09,
                3.0988191309970597e-12,
                1.783247286369343e-11,
                7.433680653821438e-12
            ]
        ],
        [
            [
                0.9999999949883407,
                4.9444504751519626e-09,
                6.560200132613734e-12,
                3.775134523827214e-11,
                2.2897348332408585e-11
            ],
            [
                0.9999999634303183,
                3.653482076975231e-08,
                5.1090888368357515e-12,
                2.0206838333902444e-11,
                9.545034565580486e-12
            ],
            [
                7.433680647989939e-12,
                8.592166591015177e-10,
