{
    "[['E', 'D', 'C', 'B', 'A'], ['E', 'D', 'C', 'B', 'A']]": [
        [
            [
                0.9999999927915326,
                7.194132975546863e-09,
                2.7346982707689726e-12,
                1.0815941474929518e-11,
                7.835041725405777e-13
            ],
            [
                0.9820137880016171,
                0.01798621158851021,
                1.1419080733016744e-10,
                2.417419410149792e-10,
                5.3939918013264585e-11
            ],
            [
                6.43139394075385e-14,
                4.5087552418053846e-12,
                0.9999999999536882,
                8.423463753554252e-12,
                3.3315445418047616e-11
            ],
            [
                3.088987780981278e-12,
                4.831989875264541e-11,
                7.966604487156306e-11,
                0.003172683069214372,
                0.9968273167997107
            ],
            [
                6.914400087617957e-13,
                6.101936660553501e-13,
                6.101936660553501e-13,
                9.736200285801816e-10,
                0.9999999990244681
            ]
        ],
        [
            [
                0.9999999677152005,
                3.224186630719752e-08,
                8.423463476131666e-12,
                2.94007764213532e-11,
                5.109088859243412e-12
            ],
            [
                0.9998766052144281,
                0.0001233946294332438,
                3.3311316629350064e-11,
                1.1626791940103352e-10,
                6.559387160742648e-12
            ],
            [
                1.3175057963841297e-10,
                3.6530784203589863e-08,
                7.48435570481797e-05,
                0.9998897661873793,
                3.535359303772412e-05
            ],
            [
                8.023970153927778e-12,
                2.344947808305448e-10,
                4.964254549138489e-10,
                0.04742587536776071,
                0.9525741238932951
            ],
            [
                1.6586783535421102e-12,
                7.835041759688287e-13,
                7.835041759688287e-13,
                1.8189616816617998e-09,
                0.9999999981778127
            ]
        ],
        [
            [
                0.9999999865247506,
                1.3440409763840828e-08,
                7.433680568762698e-12,
                2.2897348137377433e-11,
                4.508755179464623e-12
            ],
            [
                0.9999938557311262,
                6.144172123138783e-06,
                2.940061292526168e-11,
                6.224109805120178e-11,
                5.1090604478828485e-12
            ],
            [
                1.0302981523732401e-11,
                9.274448406086699e-10,
                9.970971710742293e-09,
                0.9525741141517209,
                0.04742587493955958
            ],
            [
                1.87941782037835e-12,
                9.544471237824906e-12,
                1.081530281848211e-11,
                5.8291276712179356e-05,
                0.9999417087010486
            ],
            [
                2.1297851666129e-12,
                7.835041769087808e-13,
                0.0,
                2.172439930649154e-10,
                0.9999999997798428
            ]
        ],
        [
            [
                0.9999999777825134,
                2.2159489261998008e-08,
                1.5737101743702465e-11,
                3.775134457161438e-11,
                4.508755138247618e-12
            ],
            [
                0.9999546020009313,
                4.539785570721982e-05,
                3.3313923435279003e-11,
                1.0261410826891164e-10,
                7.433341071286333e-12
            ],
            [
                9.04547704803456e-11,
                4.6856731161250394e-08,
                0.9988301737148703,
                0.0011695096958161796,
                2.696421276800618e-07
            ],
            [
                1.6581217406917287e-12,
                1.3883283357646983e-11,
                1.3883283357646983e-11,
                0.0003353500550317484,
                0.9996646499155435
            ],
            [
                1.0060392763418253e-12,
                6.101936659764275e-13,
                0.0,
                1.1032560291178165e-09,
                0.9999999988951278
            ]
        ],
        [
            [
                0.9999999827147218,
                1.7257827678105632e-08,
                4.508755161342664e-12,
                2.0206838727419756e-11,
                2.7346982424919072e-12
            ],
            [
                0.9999546020292283,
                4.5397855703921105e-05,
                2.2896302409866873e-11,
                7.991594786819543e-11,
                1.2255507535708141e-11
            ],
            [
                1.0519490135398754e-10,
                5.74344700684682e-09,
                1.3072025135106372e-07,
                0.09534944596259999,
                0.9046504174685068
            ],
            [
                0.0,
                1.879503833727515e-12,
                2.41333069326818e-12,
                1.3007124760274537e-05,
                0.999986992870947
            ],
            [
                3.098819124666354e-12,
                0.0,
                0.0,
                1.691897914941103e-10,
                0.9999999998277114
            ]
        ],
        [
            [
                0.99999998270998,
                1.7257827679380754e-08,
                6.56020005085379e-12,
                2.289734804703834e-11,
                2.7346982426939642e-12
            ],
            [
                0.9994472211975596,
                0.0005527785902636499,
                4.275422773219402e-11,
                1.4922691766678317e-10,
                2.019566716896078e-11
            ],
            [
                1.18318631697518e-11,
                8.294776463450392e-10,
                6.1290568616524525e-09,
                0.8519527901804634,
                0.14804720284917022
            ],
            [
                4.478576998968086e-12,
                6.182484843026868e-11,
                8.995462367611252e-11,
                0.006692851413052125,
                0.9933071484306899
            ],
            [
                0.0,
                0.0,
                0.0,
                9.056076972380087e-11,
                0.9999999999094393
            ]
        ],
        [
            [
                0.9999999847415946,
                1.5229979506146107e-08,
                6.5602000653930285e-12,
                2.0206838773696776e-11,
                1.6586783329322446e-12
            ],
            [
                0.9999921106769594,
                7.889265044037275e-06,
                1.7832337778505137e-11,
                3.775105937333821e-11,
                2.4133444840249416e-12
            ],
            [
                9.053711432676198e-11,
                5.314396706931315e-08,
                0.9997379253904631,
                0.0002611900643117688,
                8.313107209306226e-07
            ],
            [
                0.0,
                4.752192860088343e-13,
                3.7010115207431413e-13,
                4.139937542215276e-08,
                0.9999999585997792
            ],
            [
                7.835041762680804e-13,
                6.914400087186758e-13,
                0.0,
                1.250152862815236e-09,
                0.9999999987483721
            ]
        ],
        [
            [
                0.99999993169824,
                6.82560422501179e-08,
                8.423464801819172e-12,
                3.3315449564015806e-11,
                3.9789630305705965e-12
            ],
            [
                0.9999921106467211,
                7.889265041873425e-06,
                2.0206685962735976e-11,
                6.224097456321484e-11,
                5.789312456971326e-12
            ],
            [
                3.0941652885259193e-12,
                4.2713634269409744e-11,
                1.4908523255983508e-10,
                0.0015011820300795833,
                0.9984988177750275
            ],
            [
                0.0,
                8.878249724616484e-13,
                1.879525481450457e-12,
                1.3709566537158454e-06,
                0.999998629040579
            ],
            [
                1.0060392699686766e-12,
                1.1399918424894851e-12,
                1.2917799928257611e-12,
                7.194132963716889e-09,
                0.9999999928024293
            ]
        ],
        [
            [
                0.9999998874287879,
                1.1253518378062434e-07,
                8.423464432728415e-12,
                2.5946097071951834e-11,
                1.6586784924714986e-12
            ],
            [
                0.9999952148494969,
                4.7850948467730915e-06,
                1.7832371883141068e-11,
                3.331525668210633e-11,
                4.508729699173314e-12
            ],
            [
                1.542811202946081e-13,
                1.0815941555562455e-11,
                0.9999999999112048,
                2.2897348452807434e-11,
                5.492788350079551e-11
            ],
            [
                8.878079961878486e-13,
                5.7892353567236865e-12,
                4.508661029201071e-12,
                2.1444939750665835e-05,
                0.9999785550490636
            ],
            [
                2.543665643067019e-13,
                0.0,
                3.266131337253421e-13,
                5.905303988938285e-10,
                0.9999999994088886
            ]
        ],
        [
            [
                0.9999999467737406,
                5.315784966309502e-08,
                2.2897347215422004e-11,
                4.277787637113411e-11,
                2.7346981433715568e-12
            ],
            [
                0.32082128745661737,
                0.679178711664877,
                1.4754745151140072e-10,
                6.612618007948802e-10,
                6.969648103616238e-11
            ],
            [
                3.4424771081510176e-14,
                2.4133627716096065e-12,
                0.9999999999778748,
                5.789356328194245e-12,
                1.388794386367725e-11
            ],
            [
                1.869717434115279e-12,
                2.924730154931416e-11,
                4.822064817493508e-11,
                0.005220125700263605,
                0.9947798742203988
            ],
            [
                2.12978516198527e-12,
                8.878265441064987e-13,
                0.0,
                3.581747915197094e-10,
                0.9999999996388076
            ]
        ],
        [
            [
                0.9999999881108209,
                1.1861120006076495e-08,
                6.560200087808686e-12,
                2.020683884274186e-11,
                1.2917799889651093e-12
            ],
            [
                0.9999998874195659,
                1.1253518375290278e-07,
                8.423464430653407e-12,
                3.331544809602672e-11,
                3.511422395252256e-12
            ],
            [
                3.292228596441557e-11,
                2.308030432930928e-09,
                1.1721145688987408e-08,
                0.3208212830632508,
                0.6791787028746508
            ],
            [
                0.0,
                4.752193662369371e-13,
                4.752193662369371e-13,
                1.8553915967161798e-07,
                0.9999998144598898
            ],
            [
                1.2917800010468437e-12,
                5.38494020216693e-13,
                0.0,
                2.461696944689821e-10,
                0.9999999997519999
            ]
        ],
        [
            [
                0.9999999585425121,
                4.139937543596645e-08,
                9.545034518926206e-12,
                3.7751343845278444e-11,
                1.081594109959069e-11
            ],
            [
                0.9999998724349731,
                1.2751906746149687e-07,
                9.54503554506618e-12,
                3.3315447593444694e-11,
                3.098819340728886e-12
            ],
            [
                7.835041752675531e-13,
                3.160881441247094e-10,
                0.9999999959687724,
                3.398267805447154e-09,
                3.160881441247094e-10
            ],
            [
                6.913886366040933e-13,
                3.978666898361869e-12,
                5.108709422030822e-12,
                7.484619700729506e-05,
                0.9999251537932139
            ],
            [
                6.914400053233278e-13,
                6.101936630209129e-13,
                6.914400053233278e-13,
                6.348800066729998e-09,
                0.9999999936492068
            ]
        ],
        [
            [
                0.9999999715203324,
                2.8453347266406256e-08,
                3.978962420687763e-12,
                1.7832472392082237e-11,
                4.508755111813374e-12
            ],
            [
                0.9999952148669294,
                4.78509484502339e-06,
                9.54498084456178e-12,
                2.5945947982761955e-11,
                2.7346827979055785e-12
            ],
            [
                4.380755189821901e-10,
                7.367297438351655e-08,
                4.3244921375675444e-05,
                0.952532865615981,
                0.04742381535159344
            ],
            [
                2.4129808267615116e-12,
                2.020364110329071e-11,
                2.020364110329071e-11,
                0.0001584362473054617,
                0.9998415637098742
            ],
            [
                6.914400084731245e-13,
                4.193795644909131e-13,
                4.193795644909131e-13,
                1.6052280500296412e-09,
                0.9999999983932417
            ]
        ],
        [
            [
                0.9999999804254531,
                1.955568069711993e-08,
                3.511422043216851e-12,
                1.2256067199218206e-11,
                3.098819076806142e-12
            ],
            [
                0.9999898699356279,
                1.0129988101005044e-05,
                1.7832304201992517e-11,
                5.492736385800915e-11,
                3.511388893165135e-12
            ],
            [
                2.8383163688249063e-11,
                2.2547539693800757e-09,
                2.4240889656163194e-08,
                0.8519527734500578,
                0.14804720002591543
            ],
            [
                0.0,
                3.701011971926569e-13,
                3.701011971926569e-13,
                1.1253518363854504e-07,
                0.9999998874640762
            ],
            [
                7.835041761373033e-13,
                6.101936659154477e-13,
                5.38494020147122e-13,
                1.6052280503317729e-09,
                0.9999999983928398
            ]
        ],
        [
            [
                0.9999999865393443,
                1.3440409762281322e-08,
                4.508755178941467e-12,
                1.5737101885737952e-11,
                0.0
            ],
            [
                0.9990889483734896,
                0.000911051410214164,
                5.487782765313431e-11,
                1.4917340169482229e-10,
                1.2244898472841791e-11
            ],
            [
                5.052958032006105e-12,
                7.904156242092341e-11,
                1.673309889581866e-10,
                0.010986942374037818,
                0.9890130573745367
            ],
            [
                1.879417820077494e-12,
                7.433241672830628e-12,
                6.559812752435766e-12,
                5.829127670284812e-05,
                0.9999417087074246
            ],
            [
                3.5114220563766226e-12,
                1.8795287860292412e-12,
                2.734698247200316e-12,
                1.1861119958805732e-08,
                0.9999999881307544
            ]
        ],
        [
            [
                0.9999999865380524,
                1.3440409763196574e-08,
                4.508755179248499e-12,
                1.5737101886809603e-11,
                1.2917799867229213e-12
            ],
            [
                0.9988304894208241,
                0.0011695103594590308,
                5.486359605696956e-11,
                1.4913471620557766e-10,
                1.571868344332159e-11
            ],
            [
                3.5172506279769513e-10,
                2.6509666149164044e-07,
                0.017985825333946208,
                0.9819928499814126,
                2.1059236254736053e-05
            ],
            [
                0.0,
                7.835042380952431e-13,
                1.1399919397455536e-12,
                8.315279893375763e-07,
                0.9999991684700871
            ],
            [
                0.0,
                0.0,
                0.0,
                2.5946094928612577e-11,
                0.9999999999740539
            ]
        ],
        [
            [
                0.9999999895058777,
                1.0467401680650109e-08,
                5.78935626562674e-12,
                1.7832472713772658e-11,
                3.0988191049447357e-12
            ],
            [
                0.9999952148622043,
                4.78509484745895e-06,
                1.2255998012453115e-11,
                2.940061083498364e-11,
                1.291772686744309e-12
            ],
            [
                5.470834441256734e-10,
                2.833962402208251e-07,
                0.8175689704576965,
                0.1824242955302823,
                6.45006869732588e-06
            ],
            [
                3.7010121407220256e-13,
                6.914400970311499e-13,
                6.914400970311499e-13,
                3.0590235869852815e-07,
                0.9999996940958883
            ],
            [
                6.914400090355835e-13,
                0.0,
                0.0,
                6.224144607979009e-11,
                0.999999999937067
            ]
        ],
        [
            [
                0.9999999927784212,
                7.194132973558369e-09,
                5.109088987748846e-12,
                2.020683893077531e-11,
                2.12978515415021e-12
            ],
            [
                0.9706877712658042,
                0.029312227980355935,
                2.3895383153059845e-10,
                4.464245297699809e-10,
                6.846141896163821e-11
            ],
            [
                4.7940946039342605e-11,
                1.0352361766185684e-08,
                2.8704257345702455e-06,
                0.989010208673723,
                0.010986910500239548
            ],
            [
                4.866783914415576e-12,
                9.775196801016987e-11,
                1.826247190660438e-10,
                0.04742587535188914,
                0.9525741243628675
            ],
            [
                8.878265457055447e-13,
                4.752193051314304e-13,
                0.0,
                5.905303984707207e-10,
                0.9999999994081066
            ]
        ],
        [
            [
                0.9999999804125901,
                1.9555680691719504e-08,
                8.423463583838178e-12,
                2.020683868090095e-11,
                3.0988190759503835e-12
            ],
            [
                0.9994472212058768,
                0.0005527785894139138,
                6.220703430467235e-11,
                1.3169229265641659e-10,
                1.0809961661480032e-11
            ],
            [
                6.43139394065698e-14,
                5.7893563280149976e-12,
                0.9999999999469131,
                1.7832472905942017e-11,
                2.940077738921033e-11
            ],
            [
                0.0,
                2.129728455708811e-12,
                3.0987366185244007e-12,
                2.7535689806059993e-05,
                0.9999724643049656
            ],
            [
                1.1399918441877806e-12,
                1.1399918441877806e-12,
                1.291779994750182e-12,
                6.348800066719975e-09,
                0.999999993647628
            ]
        ],
        [
            [
                0.9999999804171862,
                1.955568069470396e-08,
                5.7893562123416916e-12,
                1.783247254964315e-11,
                3.511422042783039e-12
            ],
            [
                0.9999999895197814,
                1.0467401680795647e-08,
                2.7346982618217202e-12,
                8.423463662770115e-12,
                1.6586783408577198e-12
            ],
            [
                1.0103414626965018e-11,
                9.094804010591225e-10,
                5.930557188791826e-09,
                0.4999999961961425,
                0.49999999695371655
            ],
            [
                0.0,
                2.4132756026671383e-12,
                3.0987072112970333e-12,
                3.535625747775356e-05,
                0.9999646437370103
            ],
            [
                1.1399918499540149e-12,
                6.101936661063923e-13,
                6.101936661063923e-13,
                1.1032560293527985e-09,
                0.9999999988943835
            ]
        ],
        [
            [
                0.9999999804250403,
                1.955568068824626e-08,
                3.511422041623493e-12,
                1.3887943581175326e-11,
                1.8795287781324597e-12
            ],
            [
                0.9999996071672427,
                3.927863697596386e-07,
                1.388794440280587e-11,
                2.940077853145593e-11,
                3.0988192587305637e-12
            ],
            [
                1.1896810130875618e-11,
                1.375084287133056e-09,
                5.159965719578521e-08,
                0.9706877206085205,
                0.029312226404841248
            ],
            [
                4.193723919820691e-13,
                2.129748739109487e-12,
                2.129748739109487e-12,
                1.6701415092981727e-05,
                0.9999832985802282
            ],
            [
                6.914400061640258e-13,
                4.752193031636986e-13,
                6.914400061640258e-13,
                4.944450469544896e-09,
                0.9999999950536913
            ]
        ],
        [
            [
                0.9999999826890661,
                1.7257827672408525e-08,
                1.2256067220002757e-11,
                3.7751344752524466e-11,
                3.0988190820612998e-12
            ],
            [
                0.999841563555995,
                0.00015843624857328552,
                3.774537083567498e-11,
                1.3174428927308377e-10,
                2.594198869934885e-11
            ],
            [
                3.4424771082445235e-14,
                2.1297851708163022e-12,
                0.9999999999967499,
                8.878265477878207e-13,
                1.9810087979192402e-13
            ],
            [
                1.8280133095200032e-11,
                5.342237971328703e-10,
                6.859569337180412e-10,
                0.09534946987228177,
                0.9046505288892573
            ],
            [
                0.0,
                0.0,
                3.701011671055281e-13,
                2.1724399306546784e-10,
                0.9999999997823859
            ]
        ],
        [
            [
                0.9999999585722148,
                4.139937544831957e-08,
                5.789356085471651e-12,
                2.020683824116483e-11,
                2.4133626704277754e-12
            ],
            [
                0.8519527952203062,
                0.14804720360228205,
                4.4398739278575916e-10,
                6.459978447019987e-10,
                8.742630128298634e-11
            ],
            [
                2.413257048441804e-12,
                7.582228254890359e-10,
                0.9999557630271867,
                1.670096913047595e-05,
                2.7535243046721925e-05
            ],
            [
                0.0,
                3.2661313324500616e-13,
                2.8823507843216767e-13,
                2.061153615914956e-09,
                0.9999999979382315
            ],
            [
                1.1399918511796827e-12,
                3.7010116725389657e-13,
                3.26613133744507e-13,
                2.1724399315255797e-10,
                0.9999999997809192
            ]
        ],
        [
            [
                0.9999999585785286,
                4.139937545622599e-08,
                5.109088814363739e-12,
                1.3887943284068319e-11,
                3.0988190091064747e-12
            ],
            [
                0.9995694426472355,
                0.0004305571211065529,
                6.221462330863733e-11,
                1.492451227785596e-10,
                2.0198130962919402e-11
            ],
            [
                8.25807327418302e-14,
                4.27778786307769e-11,
                0.9999999986777421,
                5.211412480711456e-10,
                7.582560417469313e-10
            ],
            [
                2.413183459776051e-12,
                1.5735932845372046e-11,
                2.289564719102489e-11,
                7.484619704252281e-05,
                0.9999251537619127
            ],
            [
                1.291780002490614e-12,
                4.19379565092753e-13,
                4.19379565092753e-13,
                3.5817479239187226e-10,
                0.9999999996396947
            ]
        ],
        [
            [
                0.9999999317176855,
                6.825604229886085e-08,
                6.560200988515953e-12,
                1.7832475138121978e-11,
                1.879529051576781e-12
            ],
            [
                0.999999931723047,
                6.825604227259248e-08,
                3.511422551133368e-12,
                1.3887945596325975e-11,
                3.511422551133368e-12
            ],
            [
                5.840414324208349e-10,
                2.0793335109590543e-07,
                0.989012133627226,
                0.010986932096673835,
                7.25758707619034e-07
            ],
            [
                4.193755979042962e-13,
                1.6586626654321812e-12,
                1.8795110334941753e-12,
                1.012998809266659e-05,
                0.9999898700079498
            ],
            [
                4.508755225723419e-12,
                1.4637785087459611e-12,
                1.2917800000382088e-12,
                6.691586066698635e-10,
                0.9999999993235771
            ]
        ],
        [
            [
                0.999999995601698,
                4.363462230002718e-09,
                7.433680633269473e-12,
                2.2897348336072294e-11,
                4.5087552185899605e-12
            ],
            [
                0.9998415635209004,
                0.0001584362497527003,
                6.223159575165482e-11,
                1.4928583755279258e-10,
                1.7829650699113337e-11
            ],
            [
                5.492673350263203e-11,
                4.139851042279551e-08,
                0.9999782753759415,
                2.1444938869676936e-05,
                2.3823175166605894e-07
            ],
            [
                7.834937641190453e-13,
                3.0987779490206612e-12,
                3.0987779490206612e-12,
                1.3007124760239572e-05,
                0.9999869928682588
            ],
            [
                3.511422083759496e-12,
                0.0,
                0.0,
                2.789468069341215e-10,
                0.9999999997175417
            ]
        ],
        [
            [
                0.9999996071540779,
                3.927863696372796e-07,
                1.2256067914925296e-11,
                3.775134689303658e-11,
                9.54503528952014e-12
            ],
            [
                0.9770226309092264,
                0.022977367812668396,
                5.769619222417389e-10,
                6.537835096666889e-10,
                4.735991859325514e-11
            ],
            [
                6.221296083908356e-11,
                1.9546731244359704e-08,
                2.7523847031737096e-05,
                0.99954191134217,
                0.00043054520185416924
            ],
            [
                1.2917037186741223e-12,
                1.0815302821491205e-11,
                8.422966306531725e-12,
                5.829127672839749e-05,
                0.9999417087027416
            ],
            [
                1.8795288120659833e-12,
                0.0,
                7.835041766417735e-13,
                3.160881446791095e-10,
                0.9999999996812488
            ]
        ],
        [
            [
                0.9999999907336489,
                9.237449569368789e-09,
                4.508755197096324e-12,
                1.7832472729382852e-11,
                6.560200102390349e-12
            ],
            [
                0.9999921106660346,
                7.889265043951086e-06,
                1.3887838625741876e-11,
                4.84733197417247e-11,
                6.5601504566652016e-12
            ],
            [
                6.43139394063839e-14,
                1.0815941555917412e-11,
                0.9999999999112454,
                2.9400777389125353e-11,
                4.847368705657035e-11
            ],
            [
                4.193795516423366e-13,
                6.914399872894032e-13,
                8.878265177938426e-13,
                3.2241866281209375e-08,
                0.9999999677561351
            ],
            [
                1.2917799882425337e-12,
                1.2917799882425337e-12,
                1.139991838444801e-12,
                1.0467401660691592e-08,
                0.9999999895288748
            ]
        ],
        [
            [
                0.9999999530528525,
                4.6911637996936686e-08,
                7.433680320345013e-12,
                2.5946093754138905e-11,
                2.129785070104041e-12
            ],
            [
                0.999841563594064,
                0.000158436249078946,
                4.84660155067184e-11,
                1.0260255563287301e-10,
                5.78844009202824e-12
            ],
            [
                1.9968376027299512e-11,
                9.621302374865829e-10,
                3.80529890670123e-09,
                0.32082128604403864,
                0.6791787091685638
            ],
            [
                1.4637395345622094e-12,
                1.0815653535102805e-11,
                1.0815653535102805e-11,
                2.753568981015138e-05,
                0.9999724642870949
            ],
            [
                1.463778511524983e-12,
                6.101936666763052e-13,
                0.0,
                3.581747923918925e-10,
                0.9999999996397513
            ]
        ],
        [
            [
                0.9999999827204406,
                1.7257827684297555e-08,
                5.1090889381655954e-12,
                1.3887943620596655e-11,
                2.734698243473087e-12
            ],
            [
                0.9999998554688159,
                1.4449803163664246e-07,
                1.081594208317354e-11,
                2.0206840072710015e-11,
                2.129785274509242e-12
            ],
            [
                1.5706786379885e-11,
                6.678695516165594e-10,
                3.8433239089554e-09,
                0.11920292301437321,
                0.8807970724587266
            ],
            [
                6.914373946081642e-13,
                1.658672083250504e-12,
                1.658672083250504e-12,
                2.9023121954856557e-06,
                0.9999970976837956
            ],
            [
                2.1297851676151674e-12,
                4.752193055317228e-13,
                0.0,
                1.4930946738552103e-10,
                0.9999999998480855
            ]
        ],
        [
            [
                0.999999984752816,
                1.522997950631701e-08,
                4.508755171719058e-12,
                1.081594138798323e-11,
                1.8795287871187266e-12
            ],
            [
                0.9999970976163365,
                2.902312199234269e-06,
                2.2897261853164044e-11,
                4.2777716893440765e-11,
                5.789334431989437e-12
            ],
            [
                9.274359629605471e-10,
                6.168762709476486e-07,
                0.9525643453331617,
                0.04742538729470697,
                9.649568424524789e-06
            ],
            [
                1.6585202562217794e-12,
                1.2254899214435566e-11,
                1.0814910598225777e-11,
                9.61023991948126e-05,
                0.9999038975760768
            ],
            [
                3.266131336760669e-13,
                0.0,
                0.0,
                2.594609493488804e-11,
                0.9999999999737272
            ]
        ],
        [
            [
                0.9999999585792496,
                4.139937544535565e-08,
                3.9789623683630695e-12,
                1.5737101444489708e-11,
                1.6586782891006102e-12
            ],
            [
                0.99995460208666,
                4.539785659431449e-05,
                1.388730940643412e-11,
                3.774962080569824e-11,
                5.108855623813899e-12
            ],
            [
                5.7662498844907195e-11,
                8.557873615321351e-09,
                3.2113183824978744e-07,
                0.8175742060362616,
                0.1824254642163639
            ],
            [
                3.7007931147945813e-13,
                2.7345367935753455e-12,
                3.511214745818544e-12,
                5.829127672165236e-05,
                0.9999417087166625
            ],
            [
                3.9789625206809016e-12,
                1.0060392754511945e-12,
                0.0,
                4.058652111015808e-10,
                0.9999999995891498
            ]
        ],
        [
            [
                0.9999999865237972,
                1.3440409765195313e-08,
                7.433680569511842e-12,
                2.594609462381659e-11,
                2.413362738445842e-12
            ],
            [
                0.977022631547088,
                0.02297736781509349,
                2.405135124135353e-10,
                3.49945095661362e-10,
                4.735991863859395e-11
            ],
            [
                1.6986744486148016e-11,
                1.7326950432343559e-09,
                2.710391072887254e-08,
                0.9525740970142502,
                0.04742587413215723
            ],
            [
                0.0,
                3.266131312076706e-13,
                2.8823507663422533e-13,
                8.152020637818444e-09,
                0.9999999918473647
            ],
            [
                2.734698274661496e-12,
                0.0,
                1.8795288049030156e-12,
                2.335593024339799e-09,
                0.9999999976597926
            ]
        ],
        [
            [
                0.9999999895076847,
                1.0467401676980407e-08,
                5.789356263597084e-12,
                1.783247270752088e-11,
                1.2917799902527328e-12
            ],
            [
                0.9999994956160123,
                5.043472046516687e-07,
                8.42346413972654e-12,
                2.5946096169442517e-11,
                2.413362882211448e-12
            ],
            [
                9.35762296701641e-14,
                1.0815941555177709e-11,
                0.9999999998756326,
                2.2897348451992926e-11,
                9.056076987907873e-11
            ],
            [
                4.752193422502739e-13,
                1.2917801025711793e-12,
                1.2917801025711793e-12,
                8.315279890413773e-07,
                0.9999991684689522
            ],
            [
                4.193795649245062e-13,
                0.0,
                5.384940206025127e-13,
                3.581747922481796e-10,
                0.9999999996408673
            ]
        ],
        [
            [
                0.9999999865247506,
                1.3440409763840828e-08,
                7.433680568762698e-12,
                2.2897348137377433e-11,
                4.508755179464623e-12
            ],
            [
                0.999954602071524,
                4.539785683470224e-05,
                1.5736383167082717e-11,
                4.847147257227828e-11,
                7.433341069246595e-12
            ],
            [
                9.055662734252675e-11,
                1.1253002698187317e-07,
                0.9999543039957502,
                4.539785301700203e-05,
                1.8553064907747365e-07
            ],
            [
                3.502739405252551e-12,
                5.479206310260587e-11,
                7.972198140351028e-11,
                0.0024726229615825235,
                0.9975273769004007
            ],
            [
                1.2917800018398369e-12,
                5.384940205472617e-13,
                0.0,
                4.599055368163263e-10,
                0.9999999995382642
            ]
        ],
        [
            [
                0.9999999865402596,
                1.3440409762293623e-08,
                3.978962479931739e-12,
                1.388794366983465e-11,
                1.4637784935594245e-12
            ],
            [
                0.9998415635801338,
                0.00015843624857711058,
                4.277110857391141e-11,
                1.1626392721951226e-10,
                1.2254127773453625e-11
            ],
            [
                4.752193058264079e-13,
                6.22414461700468e-11,
                0.9999999991000539,
                5.211412482945933e-10,
                3.16088145131585e-10
            ],
            [
                5.685225527600679e-12,
                1.4662389886272477e-10,
                1.6614664417892337e-10,
                0.017986211526666622,
                0.9820137881548776
            ],
            [
                1.1399918497118331e-12,
                8.878265452505949e-13,
                8.878265452505949e-13,
                8.592166594056748e-10,
                0.9999999991378676
            ]
        ],
        [
            [
                0.9999999956076406,
                4.3634622308579595e-09,
                6.560200134949208e-12,
                2.0206838987944894e-11,
                2.1297851601758394e-12
