{
    "[['E', 'D', 'C', 'B', 'A'], ['E', 'D', 'C', 'B', 'A']]": [
        [
            [
                0.9999994956240642,
                5.043472049493177e-07,
                5.7893565969309575e-12,
                2.020684002633322e-11,
                2.7346984182807282e-12
            ],
            [
                0.9999938557106028,
                6.144172122465253e-06,
                4.277763938607933e-11,
                6.224109804437886e-11,
                1.2255998882467125e-11
            ],
            [
                2.4131834585345955e-12,
                1.7831147952123612e-11,
                3.3312970077930793e-11,
                7.48461970040184e-05,
                0.9999251537494387
            ],
            [
                0.0,
                4.752192965750803e-13,
                5.384940107815576e-13,
                1.9555680688603452e-08,
                0.9999999804433057
            ],
            [
                1.0815941098741428e-11,
                3.978962367148232e-12,
                7.433680357199632e-12,
                4.13993754327158e-08,
                0.9999999585783961
            ]
        ],
        [
            [
                0.9999999865356453,
                1.3440409761174809e-08,
                5.109088955853947e-12,
                1.573710188444236e-11,
                3.0988190949246243e-12
            ],
            [
                0.9999898699217431,
                1.012998810086439e-05,
                2.594584951639893e-11,
                4.8473228471157085e-11,
                1.5736953223986155e-11
            ],
            [
                1.5515774157337684e-11,
                3.5313739211585877e-10,
                1.5826519905733318e-09,
                0.01406362723237016,
                0.9859363708163247
            ],
            [
                1.463287301315042e-12,
                1.0812311958269684e-11,
                1.7826488711044584e-11,
                0.00033535005494788315,
                0.99966464991495
            ],
            [
                1.2917799489505646e-12,
                1.87952873529901e-12,
                2.1297850788987215e-12,
                4.139937539841997e-08,
                0.9999999585953234
            ]
        ],
        [
            [
                0.9999251537063583,
                7.484619706418642e-05,
                2.9398592933300426e-11,
                5.492380240183403e-11,
                1.225515682588194e-11
            ],
            [
                0.9968273167594055,
                0.0031726830742941354,
                4.831989881298279e-11,
                1.0229322658980732e-10,
                1.5687174372140654e-11
            ],
            [
                9.038631970776723e-11,
                3.843324111977861e-09,
                6.812454992104752e-08,
                0.11920290082945921,
                0.8807970271122804
            ],
            [
                5.725751578694165e-12,
                1.0149137514648264e-10,
                1.6733098899661226e-10,
                0.010986942363330709,
                0.9890130573621211
            ],
            [
                1.6586783549406242e-12,
                1.8795288120363967e-12,
                1.8795288120363967e-12,
                9.73620028968507e-10,
                0.9999999990209623
            ]
        ],
        [
            [
                0.9999996940607498,
                3.059023589606375e-07,
                7.433681606933282e-12,
                2.5946098244773207e-11,
                3.5114225548413616e-12
            ],
            [
                3.9691237386645294e-12,
                2.588193796603981e-11,
                7.97219814056471e-11,
                0.002472622963289057,
                0.9975273769271379
            ],
            [
                6.431393940186807e-14,
                9.545034920962917e-12,
                0.9999999998326794,
                2.5946094977660517e-11,
                1.3176514267503364e-10
            ],
            [
                4.490406181567813e-12,
                5.470434618805543e-11,
                5.470434618805543e-11,
                0.004070137768285102,
                0.9959298621178158
            ],
            [
                1.879528794193665e-12,
                1.2917799894282297e-12,
                1.658678339194469e-12,
                1.0467401670299388e-08,
                0.9999999895277684
            ]
        ],
        [
            [
                0.9999999530381998,
                4.6911637987586356e-08,
                8.423463353913315e-12,
                3.331544383743705e-11,
                8.423463353913315e-12
            ],
            [
                0.9999982396193153,
                1.7603431333466597e-06,
                9.545017686545944e-12,
                2.2897307108734054e-11,
                5.1090798021396094e-12
            ],
            [
                1.5631769610429755e-11,
                4.0314865176023195e-10,
                4.3342564710231576e-09,
                0.006692851379926008,
                0.9933071438670371
            ],
            [
                1.4579363515169546e-11,
                3.760067408325454e-10,
                1.0220922909832177e-09,
                0.18242551463069476,
                0.8175744839566268
            ],
            [
                2.734698282922151e-12,
                1.4637785094853403e-12,
                1.658678353655778e-12,
                1.1032560288459377e-09,
                0.9999999988908868
            ]
        ],
        [
            [
                0.9999998144209001,
                1.855391597595146e-07,
                7.433681613803211e-12,
                2.5946098268751612e-11,
                6.56020099898139e-12
            ],
            [
                0.9999996071733925,
                3.927863697107465e-07,
                8.423464079637708e-12,
                2.940077852779627e-11,
                2.41336286499571e-12
            ],
            [
                2.2447770313073287e-13,
                4.277787823778789e-11,
                0.9999999894693953,
                1.2501528531802275e-09,
                9.237449564386915e-09
            ],
            [
                1.8773290211504087e-12,
                2.5915727744127545e-11,
                6.216859901056523e-11,
                0.0011695103457896676,
                0.9988304895642487
            ],
            [
                3.978962506131687e-12,
                4.508755208634024e-12,
                5.109088989920641e-12,
                6.348800068645743e-09,
                0.9999999936376032
            ]
        ],
        [
            [
                0.9999999895038673,
                1.0467401676940447e-08,
                5.789356263574985e-12,
                2.0206838862806546e-11,
                2.7346982608145168e-12
            ],
            [
                0.7772998550977951,
                0.22270014389721868,
                4.050833187932392e-10,
                5.201372772067421e-10,
                7.976563490085131e-11
            ],
            [
                3.098807708506355e-12,
                5.211393265221784e-10,
                0.9999969526656612,
                1.4449762942326412e-07,
                2.9023124710940602e-06
            ],
            [
                6.914387455992298e-13,
                2.1297812741894956e-12,
                3.09881346896033e-12,
                2.2603252713642064e-06,
                0.9999977396688086
            ],
            [
                8.423463733411159e-12,
                1.6586783547677659e-12,
                1.6586783547677659e-12,
                6.691586074564746e-10,
                0.9999999993191007
            ]
        ],
        [
            [
                0.9999999950321434,
                4.944450475604346e-09,
                5.789356297896359e-12,
                1.5737102023046602e-11,
                1.8795288065286537e-12
            ],
            [
                0.9999999748433834,
                2.5109990912671533e-08,
                8.423463538172984e-12,
                2.594609431652712e-11,
                1.225606712939115e-11
            ],
            [
                1.3568843847183589e-11,
                3.965397431733568e-10,
                9.51249392974624e-10,
                0.022977367738194504,
                0.9770226309004475
            ],
            [
                3.976140348417657e-12,
                2.937992409167973e-11,
                7.047877404215924e-11,
                0.0007096703426736424,
                0.9992903295534915
            ],
            [
                2.5946094919771593e-11,
                6.560200152226635e-12,
                5.1090890156592534e-12,
                9.736200289371589e-10,
                0.9999999989887647
            ]
        ],
        [
            [
                0.9999993523380958,
                6.475946142411655e-07,
                1.2256067713818044e-11,
                4.277787963110026e-11,
                1.2256067713818044e-11
            ],
            [
                0.9626731155214061,
                0.037326883951511985,
                1.6287437085067477e-10,
                3.042893849110897e-10,
                5.991813252969648e-11
            ],
            [
                3.442477104575477e-14,
                6.560200160732177e-12,
                0.9999999989171664,
                1.0261879620092551e-10,
                9.736200301994931e-10
            ],
            [
                1.9742551309024725e-11,
                3.49945095192181e-10,
                7.408337723353711e-10,
                0.022977367737750064,
                0.9770226311517285
            ],
            [
                5.7893563076021285e-12,
                3.098819127412542e-12,
                2.7346982816114667e-12,
                1.818961680914661e-09,
                0.9999999981694154
            ]
        ],
        [
            [
                0.9999999123215548,
                8.764249144738178e-08,
                9.545035930567531e-12,
                2.28973508738667e-11,
                3.511422484098522e-12
            ],
            [
                0.9999996940748459,
                3.059023589150977e-07,
                6.56020099194208e-12,
                1.2256068983138646e-11,
                3.978963035490101e-12
            ],
            [
                6.20774761310671e-11,
                1.1829872981627129e-08,
                0.9973663135547476,
                0.0019253703635989008,
                0.0007083041897029297
            ],
            [
                1.6582451742536623e-12,
                1.0813116838468421e-11,
                2.2891368526672442e-11,
                0.00026119032635209423,
                0.9997388096382851
            ],
            [
                3.5114220759328012e-12,
                2.7346982624306835e-12,
                3.098819105677867e-12,
                9.237449563467942e-09,
                0.9999999907532054
            ]
        ],
        [
            [
                0.99999981443188,
                1.855391597857878e-07,
                7.433681614855855e-12,
                1.573710410214318e-11,
                5.789357062753246e-12
            ],
            [
                0.9999998874413105,
                1.1253518376537641e-07,
                5.109089438756415e-12,
                1.3887944981343584e-11,
                4.508755604730205e-12
            ],
            [
                1.0060394060043028e-12,
                1.3176515929812849e-10,
                0.999999574839328,
                3.224187143376187e-08,
                3.9278602943345504e-07
            ],
            [
                7.834997390210481e-13,
                2.1297731031833193e-12,
                3.511402216983357e-12,
                4.785094842153273e-06,
                0.9999952148987331
            ],
            [
                1.6586783498550267e-12,
                1.6586783498550267e-12,
                2.413362758652149e-12,
                3.850741901736017e-09,
                0.9999999961435273
            ]
        ],
        [
            [
                0.9999999894863506,
                1.0467401676757094e-08,
                8.42346365952016e-12,
                2.940077706144194e-11,
                8.42346365952016e-12
            ],
            [
                0.0,
                2.0076424794361e-10,
                6.183974191762646e-10,
                0.07585817581681421,
                0.9241418233640242
            ],
            [
                2.413358485053793e-12,
                5.905293509540644e-10,
                0.9999975535451912,
                1.8553862975082963e-07,
                2.26032323641668e-06
            ],
            [
                6.914281827531248e-13,
                5.1090016307445136e-12,
                8.42331966065012e-12,
                1.6701415086892157e-05,
                0.9999832985706893
            ],
            [
                3.0988191280377746e-12,
                3.0988191280377746e-12,
                2.7346982821632325e-12,
                2.335593030746723e-09,
                0.9999999976554745
            ]
        ],
        [
            [
                0.9999999804231925,
                1.9555680694821418e-08,
                5.109088925381115e-12,
                1.3887943585844835e-11,
                2.1297851281514717e-12
            ],
            [
                0.9990889483882649,
                0.0009110514046559977,
                3.7716942608793504e-11,
                1.3164506501159484e-10,
                3.7716942608793504e-11
            ],
            [
                5.872057655193093e-10,
                1.4368451340161052e-07,
                0.0031648620196840214,
                0.9943701966893539,
                0.0024647970192428637
            ],
            [
                7.834683845357069e-13,
                4.508549262215066e-12,
                5.789091845072909e-12,
                4.539785569089502e-05,
                0.999954602133228
            ],
            [
                3.511422059762732e-12,
                2.413362734985038e-12,
                3.098819091407831e-12,
                1.3440409745921534e-08,
                0.9999999865505667
            ]
        ],
        [
            [
                0.9999998144243549,
                1.8553915976015558e-07,
                6.560200999004054e-12,
                2.594609826884125e-11,
                3.978963039773406e-12
            ],
            [
                0.9999999123196276,
                8.764249143293009e-08,
                8.423464642395543e-12,
                2.2897350870091074e-11,
                6.56020085967194e-12
            ],
            [
                3.7507557090414375e-10,
                3.825874834779941e-08,
                3.9024984261486944e-06,
                0.9241381705514029,
                0.07585788831634702
            ],
            [
                3.96912373989563e-12,
                3.765799754594915e-11,
                7.035440168021206e-11,
                0.002472622964055989,
                0.9975273769239624
            ],
            [
                9.545034861966917e-12,
                2.4133627564419296e-12,
                4.5087552135401206e-12,
                1.4166087776087365e-09,
                0.9999999985669241
            ]
        ],
        [
            [
                0.9999999865400842,
                1.3440409762291264e-08,
                6.56020007598004e-12,
                1.0815941405316888e-11,
                2.129785141031353e-12
            ],
            [
                0.999996273284772,
                3.726639114098221e-06,
                2.0206762864360584e-11,
                4.847350420636643e-11,
                7.433652630424823e-12
            ],
            [
                5.037234366760213e-12,
                1.2991198656131266e-10,
                8.471325659290761e-10,
                0.01406362725708189,
                0.9859363717608364
            ],
            [
                1.2917800634985954e-12,
                3.5114222729739036e-12,
                3.9789627166847776e-12,
                5.043472045077522e-07,
                0.9999994956440134
            ],
            [
                3.0988192874682746e-12,
                2.7346984228601548e-12,
                4.508755458719631e-12,
                1.4449803154697564e-07,
                0.9999998554916263
            ]
        ],
        [
            [
                0.9999999961146859,
                3.850741904886426e-09,
                9.545034878517588e-12,
                2.2897348350130086e-11,
                2.129785161065978e-12
            ],
            [
                0.9999991684311443,
                8.315279898536892e-07,
                9.545035654705288e-12,
                2.2897350212107583e-11,
                8.423464400336943e-12
            ],
            [
                7.287724088919968e-14,
                1.3887943851815475e-11,
                0.999999999096018,
                1.3176514257620474e-10,
                7.582560420733043e-10
            ],
            [
                2.4133492709823414e-12,
                3.5114024697544014e-12,
                5.789323941873045e-12,
                6.144172121790611e-06,
                0.9999938558161642
            ],
            [
                3.978962518230089e-12,
                2.413362761153937e-12,
                3.0988191250093625e-12,
                2.9989608115867233e-09,
                0.9999999969915481
            ]
        ],
        [
            [
                0.9999970975731408,
                2.9023121992657435e-06,
                3.331531941497982e-11,
                7.052853175496883e-11,
                1.081590064890473e-11
            ],
            [
                0.9999546020563712,
                4.539785572789961e-05,
                1.0815447445577169e-11,
                7.052557649804508e-11,
                6.5599004742532355e-12
            ],
            [
                8.258073284866054e-14,
                6.5602001676057505e-12,
                0.9999999999787033,
                5.109089027636521e-12,
                9.545034922043252e-12
            ],
            [
                3.5110874094562034e-12,
                1.22548992126284e-11,
                9.544125103256142e-12,
                9.61023991806409e-05,
                0.9999038975755092
            ],
            [
                5.4927883389538463e-11,
                1.6586783552902924e-12,
                1.8795288124326226e-12,
                5.211412476502462e-10,
                0.9999999994203927
            ]
        ],
        [
            [
                0.9999999907402405,
                9.237449570252714e-09,
                5.109088977335599e-12,
                1.5737101950610502e-11,
                1.463778499592172e-12
            ],
            [
                0.999876605264201,
                0.00012339462943938628,
                3.331131663100827e-11,
                6.223373263262596e-11,
                1.0814601135212063e-11
            ],
            [
                6.294229065851791e-09,
                1.3591750207737918e-06,
                0.7721064094353858,
                0.22121219724003877,
                0.006680027855325702
            ],
            [
                4.506262450883874e-12,
                3.773047355584779e-11,
                4.844688702937328e-11,
                0.0005527785819882762,
                0.9994472213273281
            ],
            [
                3.0988191312353632e-12,
                1.6586783549070168e-12,
                1.6586783549070168e-12,
                5.905303984677368e-10,
                0.9999999994030535
            ]
        ],
        [
            [
                0.9999999748508399,
                2.5109990909142056e-08,
                7.433680480427053e-12,
                2.5946094312880122e-11,
                5.7893561792592056e-12
            ],
            [
                0.9999999226294958,
                7.734422801031832e-08,
                6.560200926335729e-12,
                1.573710392564685e-11,
                3.978962995697838e-12
            ],
            [
                3.7566193140804844e-10,
                8.112038950021266e-08,
                0.5613941543923996,
                0.4372142070525099,
                0.0013915570590391823
            ],
            [
                0.0,
                2.12977713586884e-12,
                2.734687974336012e-12,
                3.7266391124530055e-06,
                0.999996273356023
            ],
            [
                6.101936668940852e-13,
                0.0,
                0.0,
                3.1608814498253853e-10,
                0.9999999996833016
            ]
        ],
        [
            [
                0.9999999965748116,
                3.3982678052786066e-09,
                5.109089006689735e-12,
                1.7832472833545228e-11,
                3.978962519191471e-12
            ],
            [
                0.9999898699309647,
                1.012998809945839e-05,
                2.020664791801972e-11,
                4.8473228464429205e-11,
                1.2255951492297413e-11
            ],
            [
                3.098813554603156e-12,
                6.691574032954058e-10,
                0.9999981240243742,
                1.3709566158952026e-06,
                5.043467537258188e-07
            ],
            [
                2.1294481060185788e-12,
                6.5591619350550165e-12,
                1.081422980029182e-11,
                0.00015843624664430348,
                0.9998415637338528
            ],
            [
                2.4133627663257654e-12,
                7.835041767184322e-13,
                0.0,
                4.5990553681569777e-10,
                0.9999999995368976
            ]
        ],
        [
            [
                0.9999999777697398,
                2.2159489270563486e-08,
                1.5737101749785448e-11,
                4.2777877719052825e-11,
                1.2256067166007282e-11
            ],
            [
                0.0,
                1.224737449573328e-11,
                2.0192506841345715e-11,
                0.0007096703427243092,
                0.9992903296248359
            ],
            [
                7.287724091858047e-14,
                1.2256067437437018e-11,
                0.9999999994792919,
                4.8473687036352e-11,
                4.5990553761522454e-10
            ],
            [
                3.976762653534543e-12,
                1.572840140357434e-11,
                2.938452233909905e-11,
                0.0005527785838939601,
                0.9994472213670164
            ],
            [
                1.6586783550249936e-12,
                1.139991850371324e-12,
                1.879528812132e-12,
                5.211412475668919e-10,
                0.9999999994741806
            ]
        ],
        [
            [
                0.9999999847281493,
                1.522997950418568e-08,
                1.0815941386469615e-11,
                2.5946094572998197e-11,
                5.109088947375523e-12
            ],
            [
                9.463153744778738e-12,
                1.1528481334497541e-10,
                3.133766132129395e-10,
                0.008577485664507311,
                0.9914225138973681
            ],
            [
                8.258073284486548e-14,
                6.560200167304271e-12,
                0.9999999999410345,
                9.545034921604602e-12,
                4.2777878684150496e-11
            ],
            [
                1.3568843865500502e-11,
                1.4587881931780717e-10,
                2.1225242968204923e-10,
                0.022977367755862486,
                0.9770226318724374
            ],
            [
                2.7346982813128953e-12,
                1.6586783526797152e-12,
                2.129785162950508e-12,
                2.335593030020485e-09,
                0.9999999976578837
            ]
        ],
        [
            [
                0.9999869927261602,
                1.3007124765962894e-05,
                4.2777310102227185e-11,
                9.055956619706048e-11,
                1.5736892935224832e-11
            ],
            [
                0.9999938557459452,
                6.144172124139279e-06,
                1.2255998885806365e-11,
                6.224109806133691e-11,
                7.433639089645435e-12
            ],
            [
                5.105465264093714e-12,
                7.04787739925703e-11,
                9.049653714345125e-11,
                0.0007096703394415591,
                0.9992903294944777
            ],
            [
                6.101878946405594e-13,
                2.7346724182631898e-12,
                3.5113888913648655e-12,
                1.0129988095811456e-05,
                0.999989870005048
            ],
            [
                2.02068388881245e-11,
                8.423463670221803e-12,
                6.5602001025422705e-12,
                4.363462209302756e-09,
                0.9999999956013472
            ]
        ],
        [
            [
                0.9999999973134264,
                2.646573630027925e-09,
                9.545034890810048e-12,
                2.594609489569652e-11,
                4.5087552271646504e-12
            ],
            [
                0.999999855476463,
                1.4449803162889902e-07,
                5.789356609907889e-12,
                1.5737102871181874e-11,
                3.97896272908734e-12
            ],
            [
                0.0,
                9.399213107972344e-10,
                6.129056855052349e-09,
                0.14804720250765216,
                0.8519527904233697
            ],
            [
                1.4636389885214475e-12,
                9.544125101611282e-12,
                2.0204912998664528e-11,
                9.610239916407835e-05,
                0.9999038975696232
            ],
            [
                2.7346982585569725e-12,
                2.1297851452281776e-12,
                2.413362742680015e-12,
                1.0467401668299414e-08,
                0.9999999895253205
            ]
        ],
        [
            [
                0.9999996071852651,
                3.9278636976671757e-07,
                7.433680960372159e-12,
                1.783247359907038e-11,
                3.098819258786412e-12
            ],
            [
                0.9999998874412352,
                1.125351837742164e-07,
                5.1090894391577496e-12,
                1.5737103373122873e-11,
                2.7346985116348636e-12
            ],
            [
                8.25807327644238e-14,
                1.783247288846662e-11,
                0.999999998944882,
                2.789468089790491e-10,
                7.582560419543856e-10
            ],
            [
                3.5099088675593263e-12,
                2.9388107140743095e-11,
                4.2759443581661055e-11,
                0.00043055711757263585,
                0.99956944280677
            ],
            [
                4.508755228626199e-12,
                2.1297851644991837e-12,
                3.0988191293275256e-12,
                1.4166087823486417e-09,
                0.9999999985736538
            ]
        ],
        [
            [
                0.9999977396492217,
                2.2603252729677372e-06,
                5.789345740328764e-12,
                1.5737073324602457e-11,
                3.978955258542143e-12
            ],
            [
                0.9999417086227606,
                5.829127674606579e-05,
                3.3313477987005365e-11,
                5.4924639758176235e-11,
                1.2255343665336682e-11
            ],
            [
                8.258073284793488e-14,
                5.1090890275916245e-12,
                0.999999999978203,
                5.789356328196145e-12,
                1.0815941556287104e-11
            ],
            [
                0.0,
                1.6586626654324617e-12,
                2.1297650201263165e-12,
                1.0129988092668303e-05,
                0.9999898700081189
            ],
            [
                2.2897348222088353e-11,
                6.5602001010064586e-12,
                6.5602001010064586e-12,
                3.850741883353118e-09,
                0.9999999961132404
            ]
        ],
        [
            [
                0.9999546020773432,
                4.539785572145341e-05,
                1.5736383176334674e-11,
                4.277592443389918e-11,
                8.423078938687103e-12
            ],
            [
                0.9947798740791816,
                0.005220125705486914,
                2.924730159357498e-11,
                1.4853005319895852e-10,
                3.7554278615682165e-11
            ],
            [
                8.421657550392699e-10,
                8.59032424092911e-08,
                0.9801555878025447,
                0.001892145732836419,
                0.017952179719210714
            ],
            [
                9.463153757568173e-12,
                1.3063480808050941e-10,
                1.9007252420743765e-10,
                0.008577485654321114,
                0.9914225140155083
            ],
            [
                8.423463727120536e-12,
                1.0060392760170507e-12,
                1.6586783535290688e-12,
                1.818961681647498e-09,
                0.9999999981699501
            ]
        ],
        [
            [
                0.9999993523721223,
                6.475946144564112e-07,
                9.545035136070208e-12,
                2.0206839541629194e-11,
                3.51142219181929e-12
            ],
            [
                0.9998415636683702,
                0.00015843624806682424,
                1.7829650712716264e-11,
                5.491919053563202e-11,
                1.081422980922962e-11
            ],
            [
                1.3615260499507138e-13,
                1.3887943271930712e-11,
                0.9999999573364475,
                1.2501528130035852e-09,
                4.139937542004429e-08
            ],
            [
                3.08620802450631e-12,
                2.928112647256577e-11,
                6.198814522885957e-11,
                0.004070137772585819,
                0.9959298621330588
            ],
            [
                3.098819256381573e-12,
                4.5087554134887474e-12,
                6.560200417239466e-12,
                3.9278636946189566e-07,
                0.9999996071994628
            ]
        ],
        [
            [
                0.9999999748637394,
                2.510999091318267e-08,
                7.433680481623254e-12,
                1.5737101703089745e-11,
                3.098819059214177e-12
            ],
            [
                0.9995694428103122,
                0.0004305571197178648,
                1.573032021936018e-11,
                4.845279737854921e-11,
                5.786861411746063e-12
            ],
            [
                4.838030147974351e-11,
                2.0571827664079325e-09,
                3.217975273341516e-08,
                0.22270013613556516,
                0.7772998295791189
            ],
            [
                1.7798120762578808e-11,
                5.201373319382926e-10,
                9.717444677032975e-10,
                0.1192029233084044,
                0.8807970751819156
            ],
            [
                2.734698279948329e-12,
                1.2917799992859747e-12,
                1.879528808536599e-12,
                2.6465736276407805e-09,
                0.9999999973475204
            ]
        ],
        [
            [
                0.9999999881216716,
                1.1861120005639535e-08,
                3.978962486958894e-12,
                1.0815941424420575e-11,
                2.4133627421869985e-12
            ],
            [
                3.701011659632218e-13,
                4.193795636894535e-13,
                5.384940190166737e-13,
                4.363462230589482e-09,
                0.9999999956352097
            ],
            [
                0.0,
                4.719834439798529e-10,
                1.4538113565571027e-09,
                0.37754067500109695,
                0.6224593230731083
            ],
            [
                0.0,
                3.51129528297495e-12,
                5.7891472207498255e-12,
                3.5356257477619613e-05,
                0.9999646437332219
            ],
            [
                1.658678342368257e-12,
                1.2917799918999784e-12,
                1.4637784995241379e-12,
                8.15202063315053e-09,
                0.9999999918435653
            ]
        ],
        [
            [
                0.9999996071780988,
                3.9278636973985016e-07,
                1.0815941975612444e-11,
                2.0206839871759432e-11,
                4.508755416679359e-12
            ],
            [
                0.9999999123057965,
                8.764249141093657e-08,
                1.3887945325422858e-11,
                3.331544892512274e-11,
                4.5087557164363896e-12
            ],
            [
                6.534017143683128e-11,
                3.1482657666295144e-09,
                3.835372868865355e-08,
                0.1824255071782799,
                0.8175744512543854
            ],
            [
                5.092879859146672e-12,
                7.030503783631716e-11,
                1.1591341131811344e-10,
                0.003172683065729884,
                0.9968273167429589
            ],
            [
                1.0815941495040221e-11,
                4.508755216347052e-12,
                5.789356295413051e-12,
                2.335593025358058e-09,
                0.999999997643293
            ]
        ],
        [
            [
                0.9999999847374639,
                1.5229979503270748e-08,
                6.5602000641544896e-12,
                2.020683876988181e-11,
                5.789356236951602e-12
            ],
            [
                0.9999999530232868,
                4.691163799301459e-08,
                1.573710136034799e-11,
                4.277787666045207e-11,
                6.560199856960065e-12
            ],
            [
                1.9810087253282705e-13,
                4.847368528328547e-11,
                0.9999999633459999,
                4.36346209276568e-09,
                3.224186618900295e-08
            ],
            [
                4.752175086091078e-13,
                1.879521706624191e-12,
                2.413353642521782e-12,
                2.9023121975606454e-06,
                0.9999970976830344
            ],
            [
                7.835041700091508e-13,
                8.878265382172768e-13,
                8.878265382172768e-13,
                9.237449561788267e-09,
                0.9999999907599914
            ]
        ],
        [
            [
                0.9999999715165987,
                2.8453347262583305e-08,
                7.433680456225866e-12,
                2.0206838502729914e-11,
                2.41336270166727e-12
            ],
            [
                0.9999417086441508,
                5.829127676547531e-05,
                1.573617276177515e-11,
                5.492463977646476e-11,
                8.422966311889392e-12
            ],
            [
                2.78408907049798e-10,
                2.211675890595639e-08,
                1.0656451215426696e-06,
                0.777299020124442,
                0.2226998918352688
            ],
            [
                1.6584158515175539e-12,
                1.3885745917441764e-11,
                1.3885745917441764e-11,
                0.000158436246552625,
                0.9998415637240174
            ],
            [
                6.560200099248957e-12,
                3.5114220764944185e-12,
                5.78935626792236e-12,
                9.23744956494538e-09,
                0.9999999907466895
            ]
        ],
        [
            [
                0.9999999715277864,
                2.8453347264875982e-08,
                3.5114220115686043e-12,
                1.225606708875497e-11,
                3.0988190488766627e-12
            ],
            [
                0.9999869927923133,
                1.3007124766823364e-05,
                1.5736892936265887e-11,
                5.492715343242663e-11,
                1.2255904541874733e-11
            ],
            [
                2.543665928809328e-13,
                7.052880631446219e-11,
                0.9999999171304533,
                4.139938176829891e-08,
                4.139938176829891e-08
            ],
            [
                2.7337805837958424e-12,
                2.5937388013620945e-11,
                2.939091110422862e-11,
                0.0003353500546363642,
                0.9996646498873015
            ],
            [
                3.098819087097186e-12,
                3.97896246954989e-12,
                5.7893562322831275e-12,
                1.522997949098946e-08,
                0.9999999847571532
            ]
        ],
        [
            [
                0.9999970976430387,
                2.9023121991340426e-06,
                1.2256021088274725e-11,
                2.5945996847482885e-11,
                6.560175355668799e-12
            ],
            [
                0.9999991684307163,
                8.315279897138646e-07,
                1.3887944927485508e-11,
                2.2897350208257306e-11,
                4.5087555872450476e-12
            ],
            [
                4.420228103087943e-14,
                6.560200167332714e-12,
                0.9999999998977387,
                1.5737102104893267e-11,
                7.99195989195367e-11
            ],
            [
                1.2917628341668323e-12,
                3.978909646606785e-12,
                7.4335818622612e-12,
                1.3007124758254448e-05,
                0.9999869928625376
            ],
            [
                5.78935632022725e-12,
                6.914400096784337e-13,
                8.878265465419268e-13,
                3.5817479250223123e-10,
                0.9999999996344566
            ]
        ],
        [
            [
                0.9999999969893667,
                2.9989608144492976e-09,
                3.0988191279672538e-12,
                7.433680646553312e-12,
                1.1399918490879695e-12
            ],
            [
                0.9999832985211518,
                1.6701415101698476e-05,
                2.020649344503457e-11,
                3.775069969256654e-11,
                5.789257299726393e-12
            ],
            [
                4.680043646490387e-09,
                5.409400123159523e-07,
                0.5740966626815152,
                0.34820724885972865,
                0.07769554283870019
            ],
            [
                3.095192288177365e-12,
                3.3276453103636704e-11,
