{
    "[['E', 'D', 'C', 'B', 'A'], ['E', 'D', 'C', 'B', 'A']]": [
        [
            [
                0.9999999943569413,
                5.602796398916007e-09,
                5.109088992845294e-12,
                2.2897348298619265e-11,
                1.2256067359615817e-11
            ],
            [
                2.8930793738744797e-06,
                0.0007079131821871073,
                0.996816080713724,
                0.0024708598922332276,
                2.2531324818611742e-06
            ],
            [
                1.493094603417326e-10,
                9.237449211697682e-09,
                0.999999951501881,
                1.9555680134622732e-08,
                1.9555680134622732e-08
            ],
            [
                0.9820137786644669,
                0.01798621141128908,
                7.446175924676469e-10,
                2.9450197074459512e-09,
                6.234606769587733e-09
            ],
            [
                0.9999999965098654,
                3.398267806417485e-09,
                1.5737102046301664e-11,
                6.224144598955348e-11,
                1.3887943811518915e-11
            ]
        ],
        [
            [
                0.999999993612904,
                6.348800069311966e-09,
                5.789356286116844e-12,
                2.5946094791782832e-11,
                6.5602001198660085e-12
            ],
            [
                0.9999999804150244,
                1.955568068805039e-08,
                5.1090889236121264e-12,
                2.0206838677109665e-11,
                3.978962454490564e-12
            ],
            [
                5.109089023293943e-12,
                2.78946809026493e-10,
                0.9999999991042421,
                5.211412483023638e-10,
                9.056076981218935e-11
            ],
            [
                0.0025559467314949765,
                0.5519308656450258,
                0.011454958530907337,
                0.4298441853495797,
                0.004214043742992237
            ],
            [
                0.9999999983740233,
                1.6052280499987913e-09,
                1.658678353554702e-12,
                9.545034891998668e-12,
                9.545034891998668e-12
            ]
        ],
        [
            [
                0.9999999965770014,
                3.398267805286048e-09,
                1.6586783519788745e-12,
                1.0815941512061487e-11,
                1.2256067392853744e-11
            ],
            [
                0.9999999943300331,
                5.6027964015212424e-09,
                6.560200125983349e-12,
                4.277787841470424e-11,
                1.7832472793515276e-11
            ],
            [
                1.5428112030805642e-13,
                5.109089027694672e-12,
                0.9999999999900853,
                3.5114221131231404e-12,
                1.1399918529620978e-12
            ],
            [
                0.9997965728291551,
                0.00020342706085920784,
                1.7828835556308977e-11,
                7.990329744956461e-11,
                1.2253567531178438e-11
            ],
            [
                0.9999999976224636,
                2.335593032172228e-09,
                5.1090890135665826e-12,
                2.940077730942173e-11,
                7.433680651259551e-12
            ]
        ],
        [
            [
                0.999999995030044,
                4.944450473116589e-09,
                3.97896251264318e-12,
                1.5737102015128616e-11,
                5.789356294983494e-12
            ],
            [
                0.9999999847372709,
                1.522997949545901e-08,
                5.109088944448051e-12,
                2.0206838759517346e-11,
                7.433680550692682e-12
            ],
            [
                7.36719974354694e-08,
                1.2389724932487025e-05,
                0.9525210605043943,
                0.0474232317095128,
                4.324438916299548e-05
            ],
            [
                0.07585817437661001,
                0.9241418055134626,
                9.673363009717916e-09,
                5.867191247923993e-09,
                4.569373138312899e-09
            ],
            [
                0.9999999988877526,
                1.1032560302799095e-09,
                7.835041770408916e-13,
                5.1090890185067564e-12,
                3.0988191329254733e-12
            ]
        ],
        [
            [
                0.9999999950268548,
                4.944450473600014e-09,
                3.978962513032209e-12,
                2.0206838974408668e-11,
                4.508755216453339e-12
            ],
            [
                0.9999999961088051,
                3.85074190403447e-09,
                4.508755220360565e-12,
                2.020683899191964e-11,
                1.573710203030481e-11
            ],
            [
                1.9171532509106071e-10,
                2.8453077045141792e-08,
                0.9999904012115887,
                4.7850718094205475e-06,
                4.7850718094205475e-06
            ],
            [
                9.944251151935082e-05,
                0.08492975916087094,
                0.8057911438536147,
                0.10905196776170493,
                0.00012768671229011
            ],
            [
                0.999999997914585,
                2.0611536158662175e-09,
                2.7346982828718218e-12,
                1.573710205668246e-11,
                5.7893563102703e-12
            ]
        ],
        [
            [
                0.9999999936363744,
                6.348800071893134e-09,
                1.8795288034685467e-12,
                1.081594148206995e-11,
                2.1297851561449272e-12
            ],
            [
                0.9999998874269277,
                1.1253518372949521e-07,
                4.508755603292614e-12,
                2.5946097060163506e-11,
                7.433681267536921e-12
            ],
            [
                1.3440384823161299e-08,
                1.0677020138725817e-06,
                0.9999981762743604,
                5.043467196476305e-07,
                2.3823652134619023e-07
            ],
            [
                0.952574123587104,
                0.04742587540704675,
                1.4222827423413694e-10,
                5.625237367645995e-10,
                3.0109725891645995e-10
            ],
            [
                0.9999999863606732,
                1.3440409748777075e-08,
                3.7751344874409154e-11,
                1.3176514071710716e-10,
                2.9400776950188514e-11
            ]
        ],
        [
            [
                0.9999999973256117,
                2.6465736304519125e-09,
                3.0988191288194574e-12,
                2.0206839025650617e-11,
                4.508755227886964e-12
            ],
            [
                0.9999998554738379,
                1.4449803154440524e-07,
                4.508755458639428e-12,
                1.783247376380589e-11,
                5.78935660652262e-12
            ],
            [
                1.1628232697777936e-10,
                1.522997930929818e-08,
                0.9999999715424658,
                1.1861119812242716e-08,
                1.2501528306457481e-09
            ],
            [
                2.4417169273689716e-07,
                0.00018403323340237737,
                0.9044807744472717,
                0.09533157746138655,
                3.3706862465240776e-06
            ],
            [
                0.9999999987001533,
                1.2501528635445616e-09,
                4.50875523204432e-12,
                3.7751345356964546e-11,
                7.433680655451963e-12
            ]
        ],
        [
            [
                0.9999999123199838,
                8.76424913690689e-08,
                5.78935693477484e-12,
                2.5946097698866282e-11,
                5.78935693477484e-12
            ],
            [
                0.999999761733191,
                2.3823698427867406e-07,
                4.508755574030418e-12,
                2.0206840576957953e-11,
                5.109089403968999e-12
            ],
            [
                1.6052189172069452e-09,
                8.315239855134272e-07,
                0.9999938774358518,
                4.785090152198518e-06,
                5.043447915003372e-07
            ],
            [
                0.047425873732205664,
                0.9525740910581187,
                9.970971466255084e-09,
                8.799351434729492e-09,
                1.64393527459588e-08
            ],
            [
                0.9999999987200561,
                1.250152863838681e-09,
                4.50875523310508e-12,
                1.5737102074787538e-11,
                9.545034903385938e-12
            ]
        ],
        [
            [
                0.9999999927778164,
                7.194132972913038e-09,
                5.1090889872905474e-12,
                2.020683892896271e-11,
                2.7346982697677796e-12
            ],
            [
                0.9999999881220166,
                1.1861119997371792e-08,
                1.87952879214047e-12,
                8.423463645121648e-12,
                6.560200082994251e-12
            ],
            [
                7.835041781839279e-13,
                4.84736870427495e-11,
                0.9999999997575633,
                9.056076985945145e-11,
                1.0261879627477829e-10
            ],
            [
                0.9999993522046867,
                6.475946143479807e-07,
                1.388794417288589e-11,
                1.1628233288040794e-10,
                7.052880007487788e-11
            ],
            [
                0.999999998543921,
                1.4166087833633278e-09,
                3.9789625266247646e-12,
                2.5946094922691783e-11,
                9.545034900741049e-12
            ]
        ],
        [
            [
                0.9999999530704682,
                4.691163798123183e-08,
                3.0988189909459958e-12,
                1.0815941041497366e-11,
                3.978962346089319e-12
            ],
            [
                0.9999998554482048,
                1.4449803159055315e-07,
                6.56020048502843e-12,
                3.3315447030886384e-11,
                1.3887944535787663e-11
            ],
            [
                3.511422051784486e-12,
                9.736200142231949e-10,
                0.9999999825912861,
                9.237449499941303e-09,
                7.194132904136844e-09
            ],
            [
                0.9999417059021906,
                5.82912765982354e-05,
                7.991487909647473e-11,
                4.0584124335748176e-10,
                2.3354551050584574e-09
            ],
            [
                0.9999999985420971,
                1.4166087836299823e-09,
                4.508755232704426e-12,
                2.2897348407751465e-11,
                1.3887943835423511e-11
            ]
        ],
        [
            [
                0.9999999927618123,
                7.194132973438882e-09,
                5.109088987663989e-12,
                2.9400777160362597e-11,
                9.545034847364732e-12
            ],
            [
                0.9995694427023253,
                0.0004305571208199487,
                2.2887480862161655e-11,
                1.1623221852349654e-10,
                3.7735076530188036e-11
            ],
            [
                2.8823507930460653e-13,
                1.3887943863044799e-11,
                0.9999999999323352,
                1.5737102104688136e-11,
                3.775134543757399e-11
            ],
            [
                2.0642046506944626e-07,
                0.00019976864104674232,
                0.9818166080873374,
                0.01798260044237435,
                8.16408776530607e-07
            ],
            [
                0.999999997649595,
                2.335593030001126e-09,
                1.8795288094588724e-12,
                8.423463722737343e-12,
                4.508755225310282e-12
            ]
        ],
        [
            [
                0.9999999530563768,
                4.6911637964386275e-08,
                3.978962344660508e-12,
                2.28973473563094e-11,
                5.1090887825875425e-12
            ],
            [
                0.9999999803990616,
                1.9555680691454945e-08,
                7.433680521670761e-12,
                2.940077679688812e-11,
                8.42346358372422e-12
            ],
            [
                2.5436656469658305e-13,
                2.0206839086956462e-11,
                0.9999999998868596,
                3.775134543668983e-11,
                5.492788350066972e-11
            ],
            [
                0.9996646497609362,
                0.0003353500538723037,
                1.573182107445985e-11,
                1.3172092515801243e-10,
                3.7738676904632656e-11
            ],
            [
                0.9999999979274081,
                2.061153615246779e-09,
                1.139991849066695e-12,
                5.7893563085304254e-12,
                4.508755226562873e-12
            ]
        ],
        [
            [
                0.9999999956107861,
                4.3634622300423735e-09,
                5.789356298345617e-12,
                1.7832472814553895e-11,
                2.1297851597777555e-12
            ],
            [
                0.9999998554328151,
                1.4449803155720967e-07,
                8.423464159400007e-12,
                4.8473689392921646e-11,
                1.2256068033271135e-11
            ],
            [
                8.258073284855209e-14,
                3.5114221130785615e-12,
                0.999999999995068,
                1.1399918529476251e-12,
                1.9810087978808876e-13
            ],
            [
                0.9999998144027279,
                1.8553915976901732e-07,
                5.789357062229958e-12,
                4.2777884109557506e-11,
                9.545036132176537e-12
            ],
            [
                0.9999999988728132,
                1.1032560301520423e-09,
                2.1297851667251723e-12,
                9.545034903880338e-12,
                1.2256067419753987e-11
            ]
        ],
        [
            [
                0.9999999777910901,
                2.215948925678028e-08,
                6.5602000152213045e-12,
                3.331544464500893e-11,
                9.54503470032519e-12
            ],
            [
                0.9999986289887699,
                1.3709566538016594e-06,
                8.423448808165661e-12,
                2.594604894491038e-11,
                2.02068032359052e-11
            ],
            [
                2.461697179396835e-10,
                1.8553915341450762e-07,
                0.9999997799116528,
                3.224187035329611e-08,
                2.061153812990173e-09
            ],
            [
                9.392480285058509e-07,
                0.0007079151957184265,
                0.9968189121405793,
                0.002470866817856031,
                1.3665978176730848e-06
            ],
            [
                0.999999996525881,
                3.3982678059181065e-09,
                9.54503488470573e-12,
                4.847368686903756e-11,
                1.7832472836901016e-11
            ]
        ],
        [
            [
                0.9999999956081567,
                4.363462228966044e-09,
                3.098819121693507e-12,
                1.5737102020385963e-11,
                9.545034870389715e-12
            ],
            [
                0.9999998362210016,
                1.6373771780328673e-07,
                5.7893564964739006e-12,
                2.5946095734537753e-11,
                9.545035199402492e-12
            ],
            [
                2.882350792313095e-13,
                3.7751345427973975e-11,
                0.999999999645262,
                7.05287984834398e-11,
                2.4616969508491947e-10
            ],
            [
                0.9046505288866524,
                0.09534947005163534,
                2.2269761114203308e-10,
                6.859569340534861e-10,
                1.530576805502803e-10
            ],
            [
                0.9999999980974621,
                1.8189616828752287e-09,
                1.0815941529470375e-11,
                5.4927883368288995e-11,
                1.783247286228668e-11
            ]
        ],
        [
            [
                0.9999999976336607,
                2.335593031893293e-09,
                3.9789625240719664e-12,
                2.0206839030473183e-11,
                6.560200148756122e-12
            ],
            [
                0.9999938557718817,
                6.144172117637819e-06,
                7.433639081779524e-12,
                3.7751134228434994e-11,
                1.0815881043359538e-11
            ],
            [
                1.7482341280356297e-13,
                1.3887943863093793e-11,
                0.9999999999202622,
                4.277787868392927e-11,
                2.2897348453372043e-11
            ],
            [
                0.9999546017936921,
                4.539785570542556e-05,
                1.388730940609673e-11,
                9.055663270521577e-11,
                2.461584491290281e-10
            ],
            [
                0.9999999972796867,
                2.646573630492434e-09,
                7.433680648711458e-12,
                4.847368690854563e-11,
                1.7832472851435225e-11
            ]
        ],
        [
            [
                0.9999999865425282,
                1.344040975122128e-08,
                2.7346982509157518e-12,
                1.0815941396408505e-11,
                3.511422061147336e-12
            ],
            [
                0.9999999827096572,
                1.7257827672763885e-08,
                4.508755159947086e-12,
                2.2897348038259207e-11,
                5.109088934751113e-12
            ],
            [
                7.287724095084639e-14,
                5.109089027548013e-12,
                0.9999999999896989,
                3.978962535435914e-12,
                1.1399918529293738e-12
            ],
            [
                1.0665225630334655e-06,
                0.0005524723654494853,
                0.9988933418679042,
                0.0005524723654494853,
                6.468786337550966e-07
            ],
            [
                0.9999999989468982,
                9.736200297006834e-10,
                3.978962529297289e-12,
                3.775134538074165e-11,
                3.775134538074165e-11
            ]
        ],
        [
            [
                0.9999999827249378,
                1.7257827675001948e-08,
                3.098819082526975e-12,
                1.2256067221844537e-11,
                1.8795287824551836e-12
            ],
            [
                0.9999999467884739,
                5.3157849687931003e-08,
                1.0815940976116303e-11,
                3.331544363153637e-11,
                9.545034409960442e-12
            ],
            [
                6.560200154467875e-12,
                8.592166601249114e-10,
                0.9999999979687257,
                1.103256030041939e-09,
                6.224144609922959e-11
            ],
            [
                0.9968273052393365,
                0.003172683039459991,
                4.584464301531935e-10,
                2.0546143553530703e-09,
                9.208142700145545e-09
            ],
            [
                0.9999999881033387,
                1.1861120000044828e-08,
                5.789356254882329e-12,
                2.0206838832466197e-11,
                9.545034801085327e-12
            ]
        ],
        [
            [
                0.9999999943471025,
                5.6027963996839155e-09,
                6.56020012383206e-12,
                3.77513451877371e-11,
                5.789356289616873e-12
            ],
            [
                0.9999997616993692,
                2.3823698432192412e-07,
                7.433681220641243e-12,
                3.331544787892519e-11,
                2.2897350145304716e-11
            ],
            [
                1.1216809192946033e-07,
                1.6647204997740017e-05,
                0.8796175155066566,
                0.11904327382623978,
                0.00132245129401407
            ],
            [
                0.013191845501197817,
                0.9248200245323199,
                0.0020230350294596095,
                0.05912176846876181,
                0.0008433264682609036
            ],
            [
                0.9999999949576435,
                4.944450474732982e-09,
                9.545034870321346e-12,
                7.052879812305368e-11,
                1.7832472810027452e-11
            ]
        ],
        [
            [
                0.9999999973199898,
                2.6465736292395155e-09,
                6.5602001441852324e-12,
                2.2897348372797084e-11,
                3.978962521299582e-12
            ],
            [
                0.9999999880971296,
                1.1861120002225486e-08,
                6.560200085678753e-12,
                2.9400777023217305e-11,
                5.789356255946697e-12
            ],
            [
                5.384940215130119e-13,
                4.277787866884563e-11,
                0.9999999996620401,
                4.8473687039082814e-11,
                2.461696950615875e-10
            ],
            [
                2.1515171818620754e-06,
                0.0006759869263208697,
                0.047390332439910365,
                0.9518602806527127,
                7.124846387425463e-05
            ],
            [
                0.9999999983622703,
                1.6052280511774433e-09,
                2.4133627658071764e-12,
                1.783247286361966e-11,
                1.2256067413496739e-11
            ]
        ],
        [
            [
                0.9999999585624024,
                4.139937542668683e-08,
                4.508755050488529e-12,
                2.2897347482382785e-11,
                1.0815941097166308e-11
            ],
            [
                0.9999977395857189,
                2.260325272667358e-06,
                6.560188169050763e-12,
                6.224133238475814e-11,
                2.020680213038289e-11
            ],
            [
                5.38494021680245e-13,
                2.940077738764924e-11,
                0.9999999999138482,
                2.2897348452409285e-11,
                3.331544541577687e-11
            ],
            [
                0.9999977394025927,
                2.260325272548687e-06,
                2.0206802129321998e-11,
                1.4930919451355158e-10,
                1.0261860861407984e-10
            ],
            [
                0.9999999880971296,
                1.1861120004707461e-08,
                6.560200087051495e-12,
                2.9400777029369506e-11,
                5.789356257158138e-12
            ]
        ],
        [
            [
                0.9999999907222047,
                9.237449568330457e-09,
                7.433680596996878e-12,
                2.9400777094808695e-11,
                3.5114220777811836e-12
            ],
            [
                1.3785365196960347e-05,
                0.05979081539614168,
                0.9352856056311747,
                0.00490792796118327,
                1.8656463034507718e-06
            ],
            [
                1.7482341279942008e-13,
                9.545034921329045e-12,
                0.9999999998844145,
                2.5946094978655757e-11,
                7.9919598916883e-11
            ],
            [
                0.006692851398148264,
                0.9933071462734864,
                1.4071270625021717e-09,
                7.531808415826429e-10,
                1.6805736180306427e-10
            ],
            [
                0.9999999927474362,
                7.194132973335459e-09,
                8.423463687740307e-12,
                3.7751345143735304e-11,
                1.225606734701032e-11
            ]
        ],
        [
            [
                0.9999999715067126,
                2.8453347264276362e-08,
                6.560199977813319e-12,
                2.5946094229953543e-11,
                7.433680456668191e-12
            ],
            [
                0.9999999634231609,
                3.653482076057489e-08,
                3.9789623859095534e-12,
                2.0206838328826554e-11,
                1.7832472236217118e-11
            ],
            [
                2.0206838587691282e-11,
                1.955568060151348e-08,
                0.9999999752624182,
                4.94445037897339e-09,
                2.1724398810518547e-10
            ],
            [
                0.9999970975307929,
                2.9023121989859943e-06,
                6.560175355334162e-12,
                7.052853174817071e-11,
                7.991929664751419e-11
            ],
            [
                0.9999999943748277,
                5.602796401772218e-09,
                3.9789625104378174e-12,
                1.3887943776311325e-11,
                4.508755213513509e-12
            ]
        ],
        [
            [
                0.9999999927809567,
                7.194132972209306e-09,
                3.978962503694146e-12,
                1.7832472764091037e-11,
                3.098819113688759e-12
            ],
            [
                0.9999999847340668,
                1.5229979497384564e-08,
                3.5114220563525855e-12,
                2.2897348084612822e-11,
                9.545034767833526e-12
            ],
            [
                8.59188882742292e-10,
                1.1253153636532101e-07,
                0.9999683120981095,
                1.0129775744948898e-05,
                2.1444735420339487e-05
            ],
            [
                2.116375739171578e-06,
                0.003826498925964454,
                0.9363132344431674,
                0.059856502020046075,
                1.6482350829401483e-06
            ],
            [
                0.999999993625877,
                6.348800068571296e-09,
                3.511422087120278e-12,
                1.783247277480623e-11,
                3.978962506085029e-12
            ]
        ],
        [
            [
                0.9999999936288722,
                6.3488000676576924e-09,
                3.511422086614978e-12,
                1.2256067350692553e-11,
                6.560200118156652e-12
            ],
            [
                0.9999999865133984,
                1.3440409756783714e-08,
                2.413362736935453e-12,
                1.783247265028488e-11,
                2.5946094607578382e-11
            ],
            [
                1.5428112030422018e-13,
                8.42346375365139e-12,
                0.9999999999828981,
                5.78935632816896e-12,
                2.73469829132655e-12
            ],
            [
                0.9975273761264051,
                0.0024726229654529527,
                1.0236505039594971e-10,
                5.890701929379937e-10,
                2.167068133887828e-10
            ],
            [
                0.9999999965699466,
                3.3982678045302095e-09,
                5.7893563032362175e-12,
                2.2897348355623086e-11,
                3.098819125075638e-12
            ]
        ],
        [
            [
                0.999999994364138,
                5.6027964011466645e-09,
                7.433680624069848e-12,
                2.289734830773545e-11,
                2.734698273829794e-12
            ],
            [
                2.109110087048586e-06,
                0.00013048602055354871,
                0.4994516181716815,
                0.4994516181716815,
                0.0009641685259963894
            ],
            [
                9.357622967873665e-14,
                5.109089027535628e-12,
                0.9999999999872748,
                5.109089027535628e-12,
                2.4133627715839477e-12
            ],
            [
                0.0009110497436473031,
                0.9990871324782783,
                1.369707238224063e-06,
                2.100514081051097e-07,
                2.3801942815881367e-07
            ],
            [
                0.9999999955943566,
                4.363462228905827e-09,
                3.978962513917536e-12,
                2.5946094839830242e-11,
                1.2256067376582041e-11
            ]
        ],
        [
            [
                0.9999999880959468,
                1.18611199986002e-08,
                8.423463645994033e-12,
                2.9400777014231125e-11,
                5.1090889622701466e-12
            ],
            [
                0.9999996071920735,
                3.9278636968719997e-07,
                3.5114222487166427e-12,
                1.2256067916482957e-11,
                5.789356551868805e-12
            ],
            [
                2.5436656471246826e-13,
                1.5737102105302347e-11,
                0.9999999999713647,
                9.545034921894104e-12,
                3.0988191384145344e-12
            ],
            [
                0.182425508725244,
                0.8175744571612779,
                7.552297028839052e-09,
                1.2451632754092321e-08,
                1.4109548393455941e-08
            ],
            [
                0.999999999215291,
                7.582560414579271e-10,
                3.511422107202276e-12,
                1.7832472876791035e-11,
                5.109089019079866e-12
            ]
        ],
        [
            [
                0.9999999881133744,
                1.1861119997269285e-08,
                3.9789624841509885e-12,
                1.573710190243981e-11,
                5.789356253527599e-12
            ],
            [
                0.9999999880677405,
                1.1861119990774066e-08,
                4.508755181257608e-12,
                3.33154449706567e-11,
                3.33154449706567e-11
            ],
            [
                2.1724399477556525e-10,
                1.4449802545410028e-07,
                0.9999998124687443,
                4.1399377429425584e-08,
                1.4166087949094008e-09
            ],
            [
                0.0001147793220828527,
                0.930066898028727,
                0.05945719165853809,
                0.010332110233249942,
                2.902075740217129e-05
            ],
            [
                0.9999999961302231,
                3.8507419041169446e-09,
                1.6586783508805936e-12,
                1.0815941504899794e-11,
                6.560200136380125e-12
            ]
        ],
        [
            [
                0.9999999530583867,
                4.6911637975928846e-08,
                5.789356051994614e-12,
                2.0206838124318494e-11,
                3.978962345639529e-12
            ],
            [
                7.616188724182979e-06,
                0.148045652996687,
                0.851943893705386,
                2.801839251708674e-06,
                3.526995104094363e-08
            ],
            [
                2.510328979554081e-08,
                1.759874804026589e-06,
                0.9997322426069155,
                0.000261188579290614,
                4.7838357001484e-06
            ],
            [
                0.2226981257073542,
                0.7772927851709939,
                1.7569382526100788e-06,
                2.5563300735619692e-06,
                4.775853325794565e-06
            ],
            [
                0.9999999995122919,
                4.5990553719315874e-10,
                1.6586783564903578e-12,
                1.2256067426189346e-11,
                1.3887943844669177e-11
            ]
        ],
        [
            [
                0.9999999985485568,
                1.4166087839355629e-09,
                5.789356317665173e-12,
                2.5946094933172633e-11,
                3.0988191327989018e-12
            ],
            [
                0.9999999864774034,
                1.344040976144881e-08,
                1.0815941404638938e-11,
                4.847368637858726e-11,
                2.2897348133302344e-11
            ],
            [
                3.7010116781737847e-13,
                2.0206839087935123e-11,
                0.9999999999352918,
                3.331544541789342e-11,
                1.0815941556061524e-11
            ],
            [
                0.9999251537154273,
                7.484619707153386e-05,
                7.433128355213645e-12,
                6.223682173429588e-11,
                1.7831147968208307e-11
            ],
            [
                0.9999999976187419,
                2.3355930316748053e-09,
                5.7893563110707036e-12,
                3.331544532003813e-11,
                6.5602001481424354e-12
            ]
        ],
        [
            [
                0.9999999847515184,
                1.5229979495676e-08,
                3.5114220559586593e-12,
                1.2256067243691486e-11,
                2.734698246874806e-12
            ],
            [
                0.9999999715069537,
                2.8453347262308873e-08,
                5.7893561603554645e-12,
                2.9400776537764965e-11,
                4.5087551111640975e-12
            ],
            [
                6.101936676280194e-13,
                3.7751345434592693e-11,
                0.9999999998733953,
                3.331544541442916e-11,
                5.49278834976184e-11
            ],
            [
                0.1824255143936046,
                0.8175744829659383,
                9.019932801755755e-10,
                1.3123924786987722e-09,
                4.260714563520969e-10
            ],
            [
                0.9999999585560249,
                4.1399375444394164e-08,
                6.560199891883192e-12,
                1.7832472157165073e-11,
                2.0206838239248855e-11
            ]
        ],
        [
            [
                0.9999999943510114,
                5.60279640163878e-09,
                4.508755213406127e-12,
                2.5946094816521688e-11,
                1.5737102006031436e-11
            ],
            [
                0.9999999633893282,
                3.6534820768254745e-08,
                9.545034565189235e-12,
                4.847368524639891e-11,
                1.783247223996562e-11
            ],
            [
                2.2447770547712195e-13,
                1.0815941556082308e-11,
                0.9999999999793003,
                6.560200167423889e-12,
                3.09881913837705e-12
            ],
            [
                0.7310585849749965,
                0.26894140784389525,
                1.5068250371201032e-09,
                3.189948628615653e-09,
                2.4843344899234244e-09
            ],
            [
                0.9999999978871481,
                2.061153616704407e-09,
                6.560200149903234e-12,
                2.940077731105146e-11,
                1.5737102063082118e-11
            ]
        ],
        [
            [
                0.9999999317144502,
                6.825604225122435e-08,
                3.511422550034088e-12,
                2.0206841603013028e-11,
                5.789357048657286e-12
            ],
            [
                0.9999994955862761,
                5.043472047597519e-07,
                5.789356594754948e-12,
                4.8473689290096724e-11,
                1.2256068007272922e-11
            ],
            [
                1.0815941544371161e-11,
                8.592166608914826e-10,
                0.9999999988609003,
                2.4616969488760505e-10,
                2.2897348429115466e-11
            ],
            [
                8.688235617720041e-08,
                9.527816353060375e-05,
                0.9913275305852189,
                0.00857666314346192,
                4.41225432390517e-07
            ],
            [
                0.999999996529471,
                3.398267804781436e-09,
                5.109089005942269e-12,
                3.775134527933725e-11,
                2.940077726554684e-11
            ]
        ],
        [
            [
                0.9999997896619097,
                2.1024340648571948e-07,
                9.545035887477217e-12,
                6.224145251929853e-11,
                2.289735077049841e-11
            ],
            [
                0.9999999317269442,
                6.825604225207714e-08,
                3.098819524109501e-12,
                1.081594290242085e-11,
                3.098819524109501e-12
            ],
            [
                3.97896250723057e-12,
                1.8189616744756579e-09,
                0.9999999929598298,
                1.8189616744756579e-09,
                3.3982677950632937e-09
            ],
            [
                4.127929021019564e-08,
                0.0004294928829267477,
                0.997098760803564,
                0.002471560955476581,
                1.4407874246991815e-07
            ],
            [
                0.9999999983846182,
                1.6052280503185752e-09,
                1.463778509687746e-12,
                6.560200148263313e-12,
                2.1297851644982963e-12
            ]
        ],
        [
            [
                0.9999999927673783,
                7.194132972837945e-09,
                5.1090889872372185e-12,
                2.594609477543259e-11,
                7.433680612950554e-12
            ],
            [
                0.9999999961042734,
                3.850741904457557e-09,
                5.1090890037698965e-12,
                3.3315445263251065e-11,
                6.560200136960399e-12
            ],
            [
                1.7482341280628476e-13,
                1.2256067442639822e-11,
                0.9999999999714637,
                9.545034921703843e-12,
                6.560200167372479e-12
            ],
            [
                0.14804643334780623,
                0.8519484105539944,
                1.0307440040486725e-06,
                1.323501499296988e-06,
                2.801852695998623e-06
            ],
            [
                0.9999999978924103,
                2.0611536155177346e-09,
                6.560200146126316e-12,
                3.331544530979943e-11,
                6.560200146126316e-12
            ]
        ],
        [
            [
                0.9999999976293727,
                2.3355930316996347e-09,
                5.109089012532789e-12,
                2.5946094903894097e-11,
                3.9789625237420466e-12
            ],
            [
                0.9999999927747617,
                7.194132974097704e-09,
                5.109088988131868e-12,
                2.0206838932290192e-11,
                5.789356283482382e-12
            ],
            [
                1.9555458865129772e-08,
                6.144142533024855e-06,
