{
    "[['E', 'D', 'C', 'B', 'A'], ['E', 'D', 'C', 'B', 'A']]": [
        [
            [
                1.6586783545747993e-12,
                0.0,
                0.0,
                2.789468085571122e-10,
                0.9999999997193945
            ],
            [
                0.0,
                0.0,
                5.384940210488002e-13,
                7.58256041768057e-10,
                0.9999999992412054
            ],
            [
                8.25807326226751e-14,
                1.2256067409536418e-11,
                0.9999999972093228,
                1.317651423293667e-10,
                2.646573631445573e-09
            ],
            [
                3.497407431591333e-11,
                1.0220922727942514e-09,
                1.8117019026546776e-08,
                0.1824255114186928,
                0.8175744694072218
            ],
            [
                0.0,
                0.0,
                1.0060392751026595e-12,
                2.335593029093638e-09,
                0.9999999976634009
            ]
        ],
        [
            [
                1.78324727692232e-11,
                5.1090889882611655e-12,
                5.789356283628896e-12,
                4.363462218950319e-09,
                0.9999999956078067
            ],
            [
                2.940077732836373e-11,
                0.0,
                0.0,
                1.0261879609195811e-10,
                0.9999999998679805
            ],
            [
                3.4424771083057384e-14,
                2.1297851708541744e-12,
                0.9999999999950684,
                1.879528816449412e-12,
                8.878265478036082e-13
            ],
            [
                1.062139959348223e-11,
                1.293951364018156e-10,
                1.3911288176700678e-09,
                0.01798621154161592,
                0.9820137869272387
            ],
            [
                2.2897348381626358e-11,
                0.0,
                0.0,
                2.4616969437704907e-10,
                0.999999999730933
            ]
        ],
        [
            [
                8.423463717553313e-12,
                0.0,
                2.129785161622127e-12,
                9.736200270341242e-10,
                0.9999999990158268
            ],
            [
                1.0261879616083706e-10,
                0.0,
                0.0,
                1.691897920040127e-10,
                0.9999999997281914
            ],
            [
                1.5428112029406508e-13,
                1.0815941555524386e-11,
                0.9999999999076852,
                1.0815941555524386e-11,
                7.052879849963644e-11
            ],
            [
                3.96912373794046e-12,
                3.765799752739901e-11,
                2.455609903100076e-10,
                0.0024726229676484495,
                0.9975273767451633
            ],
            [
                1.917171507900328e-10,
                0.0,
                0.0,
                2.1724399284410514e-10,
                0.9999999995910389
            ]
        ],
        [
            [
                9.056076962655837e-11,
                0.0,
                0.0,
                2.4616969444713944e-10,
                0.9999999996632696
            ],
            [
                9.056076951157285e-11,
                3.5114220984424003e-12,
                2.413362761569159e-12,
                7.582560395663205e-10,
                0.9999999991452584
            ],
            [
                8.423463616986339e-12,
                9.736200154101624e-10,
                0.9999999837585687,
                3.3982677640307494e-09,
                1.1861119957754326e-08
            ],
            [
                8.878029053867822e-13,
                5.108952975104439e-12,
                2.939999446212345e-11,
                2.7535689805229287e-05,
                0.999972464274798
            ],
            [
                4.5990553456514457e-10,
                4.50875520994191e-12,
                5.109088991402669e-12,
                1.1032560244270566e-09,
                0.9999999984272205
            ]
        ],
        [
            [
                4.2777878565352e-11,
                0.0,
                0.0,
                2.1724399287646131e-10,
                0.9999999997399782
            ],
            [
                1.5737102076963795e-11,
                0.0,
                0.0,
                2.7894680875691816e-10,
                0.9999999997053162
            ],
            [
                3.940526182060191e-09,
                4.5546246505101555e-07,
                0.0951831562758671,
                0.7033136394749044,
                0.2015027448462373
            ],
            [
                1.2563739489773666e-11,
                2.5234945341516e-10,
                1.130951787276507e-09,
                0.09534946995068785,
                0.9046505286534472
            ],
            [
                3.97896252781534e-12,
                0.0,
                1.006039277255063e-12,
                4.058652118293133e-10,
                0.9999999995891498
            ]
        ],
        [
            [
                9.736200268990282e-10,
                0.0,
                0.0,
                1.4930946694465883e-10,
                0.9999999988770705
            ],
            [
                7.052879838075538e-11,
                3.0988191329939334e-12,
                0.0,
                3.581747923662638e-10,
                0.9999999995681976
            ],
            [
                1.8426252145601868e-14,
                3.09881913844707e-12,
                0.9999999999735769,
                3.09881913844707e-12,
                2.020683908843054e-11
            ],
            [
                8.396739349441412e-12,
                9.027345546589083e-11,
                1.246186613011514e-09,
                0.003172683065871316,
                0.9968273155892718
            ],
            [
                1.573710203775914e-11,
                0.0,
                3.5114220979573784e-12,
                9.736200270256582e-10,
                0.9999999990071315
            ]
        ],
        [
            [
                3.775134506487849e-11,
                0.0,
                6.5602001024824356e-12,
                5.602796381450081e-09,
                0.9999999943528922
            ],
            [
                1.8795288072243688e-12,
                0.0,
                0.0,
                1.1032560268759523e-09,
                0.9999999988948645
            ],
            [
                2.2447770412922365e-13,
                2.28973483164186e-11,
                0.999999994015907,
                3.5817479083777194e-10,
                5.6027964032713606e-09
            ],
            [
                2.2226168439820515e-11,
                7.360296131946795e-10,
                6.162700499505014e-09,
                0.02931222771274979,
                0.970687765366294
            ],
            [
                1.2917800017427683e-12,
                0.0,
                1.1399918503587162e-12,
                1.2501528634415817e-09,
                0.9999999987474153
            ]
        ],
        [
            [
                2.0206839051800688e-11,
                0.0,
                0.0,
                6.224144611073133e-11,
                0.9999999999175517
            ],
            [
                0.0,
                0.0,
                1.6586783488850322e-12,
                2.646573622906609e-09,
                0.9999999973517677
            ],
            [
                1.0859160674219473e-08,
                1.107663445770302e-06,
                0.8079481420969422,
                0.05165040309914154,
                0.14040033628130982
            ],
            [
                0.0,
                9.274448395493053e-10,
                1.1298591156695013e-08,
                0.9525741129546751,
                0.047425874819288893
            ],
            [
                4.5087552182000175e-12,
                0.0,
                2.4133627589361926e-12,
                9.736200260979268e-10,
                0.9999999990194579
            ]
        ],
        [
            [
                1.1628232988592181e-10,
                2.4133627631934343e-12,
                2.4133627631934343e-12,
                4.5990553621878113e-10,
                0.9999999994189854
            ],
            [
                6.560200157219787e-12,
                0.0,
                0.0,
                5.4927883417997645e-11,
                0.9999999999385119
            ],
            [
                1.2684402328495736e-10,
                2.13318847396144e-08,
                2.064449224060315e-05,
                0.9626532162161352,
                0.03732611783289541
            ],
            [
                5.082418920332029e-12,
                9.008803092582637e-11,
                1.243626906192277e-09,
                0.005220125694946739,
                0.9947798729662559
            ],
            [
                9.54503488055972e-12,
                0.0,
                4.508755222322737e-12,
                1.4166087803681527e-09,
                0.9999999985693375
            ]
        ],
        [
            [
                1.6052280492388835e-09,
                1.4637785087031947e-12,
                0.0,
                2.7894680825350606e-10,
                0.9999999981143615
            ],
            [
                1.5737102068696823e-11,
                0.0,
                0.0,
                5.905303984622324e-10,
                0.9999999993937325
            ],
            [
                1.8097081105818963e-09,
                1.8459506970594553e-07,
                0.0031665875727490676,
                0.22199490246501688,
                0.7748383235574562
            ],
            [
                9.373352251567338e-12,
                1.661466440988885e-10,
                1.2276668738957521e-09,
                0.017986211535231382,
                0.9820137870615818
            ],
            [
                6.101936655504452e-13,
                0.0,
                1.1399918489153688e-12,
                2.646573629323376e-09,
                0.9999999973516762
            ]
        ],
        [
            [
                1.6918979181246773e-10,
                0.0,
                0.0,
                1.493094672234353e-10,
                0.9999999996815008
            ],
            [
                1.5737102067791516e-11,
                0.0,
                0.0,
                4.0586521163990503e-10,
                0.9999999995783977
            ],
            [
                1.0603575989611664e-13,
                4.5087552414817445e-12,
                0.9999999998745941,
                4.5087552414817445e-12,
                1.1628233028124008e-10
            ],
            [
                5.101416126177987e-12,
                7.042287736782304e-11,
                5.896435330197399e-10,
                0.0015011820300570146,
                0.9984988173047752
            ],
            [
                3.9789625182411404e-12,
                0.0,
                2.734698279498264e-12,
                2.998960811595053e-09,
                0.9999999969943256
            ]
        ],
        [
            [
                5.4927883269755014e-11,
                0.0,
                0.0,
                4.5990553585747934e-10,
                0.9999999994851665
            ],
            [
                4.501983930995776e-12,
                4.271363427681885e-11,
                2.169177334585445e-10,
                0.0015011820294678097,
                0.9984988177063988
            ],
            [
                3.3191970165141805e-10,
                4.3472901857782033e-08,
                0.00018855363820137442,
                0.5620704752697243,
                0.4377409272872527
            ],
            [
                9.038630801495968e-11,
                3.3917211856797867e-09,
                6.812454110812921e-08,
                0.22270012281703302,
                0.7772998055763184
            ],
            [
                4.50875522987906e-12,
                0.0,
                0.0,
                1.026187960344374e-10,
                0.9999999998928724
            ]
        ],
        [
            [
                3.331544528502744e-11,
                0.0,
                0.0,
                2.1724399261691864e-10,
                0.9999999997494406
            ],
            [
                2.5946094898052493e-11,
                0.0,
                1.8795288104025538e-12,
                5.905303979663637e-10,
                0.999999999381644
            ],
            [
                4.752192935145951e-13,
                1.0261879356108192e-10,
                0.9999999731816871,
                1.605228012075504e-09,
                2.5109990883084272e-08
            ],
            [
                4.5062624493025196e-12,
                2.5931749949540412e-11,
                1.3169229261113964e-10,
                0.000552778584891399,
                0.9994472212529784
            ],
            [
                0.0,
                0.0,
                1.006039277629605e-12,
                6.691586080293255e-10,
                0.9999999993298354
            ]
        ],
        [
            [
                4.0586521123704367e-10,
                0.0,
                0.0,
                7.0528798266009e-11,
                0.999999999523606
            ],
            [
                1.2256067399637315e-11,
                0.0,
                0.0,
                2.1724399271979093e-10,
                0.9999999997705
            ],
            [
                4.831990125248784e-11,
                2.054614483391972e-09,
                3.04931826218111e-07,
                0.003172681717197198,
                0.9968270112480422
            ],
            [
                0.0,
                5.543299513142081e-10,
                8.671179370788108e-09,
                0.2689414071698894,
                0.7310585836046013
            ],
            [
                2.413362767190557e-12,
                0.0,
                0.0,
                3.160881448233012e-10,
                0.9999999996814986
            ]
        ],
        [
            [
                7.1941329710580885e-09,
                0.0,
                0.0,
                7.052879793008548e-11,
                0.9999999927353383
            ],
            [
                0.0,
                0.0,
                1.13999184504264e-12,
                6.348800071480826e-09,
                0.9999999936500599
            ],
            [
                1.6529794087162008e-10,
                1.9105844229463577e-08,
                2.6903006231833056e-05,
                0.9769963239203415,
                0.022976753802284495
            ],
            [
                0.0,
                1.2829840000547898e-09,
                1.562994483234666e-08,
                0.6224593136360665,
                0.37754066945100456
            ],
            [
                3.098819132873506e-12,
                0.0,
                0.0,
                2.789468087604435e-10,
                0.9999999997179543
            ]
        ],
        [
            [
                3.775134537734751e-11,
                0.0,
                0.0,
                9.056076973973796e-11,
                0.999999999871688
            ],
            [
                0.0,
                0.0,
                6.101936667731884e-13,
                8.59216660527127e-10,
                0.9999999991401731
            ],
            [
                1.9707620862281246e-09,
                4.255657074034221e-07,
                0.11419514798250656,
                0.8437943769943227,
                0.04201004748670131
            ],
            [
                0.0,
                6.060387347147898e-10,
                6.515530428191736e-09,
                0.622459319765311,
                0.37754067311311984
            ],
            [
                1.1628232998809484e-10,
                0.0,
                2.734698284204601e-12,
                5.211412473810888e-10,
                0.9999999993598416
            ]
        ],
        [
            [
                2.940077727489152e-11,
                0.0,
                0.0,
                1.3176514217232504e-10,
                0.999999999838834
            ],
            [
                9.54503473554811e-12,
                5.109088927812864e-12,
                1.3887943592455013e-11,
                1.5229979445870217e-08,
                0.9999999847414786
            ],
            [
                2.1467166953872699e-10,
                1.7053482984572538e-08,
                3.9590933426861005e-05,
                0.3208085804257077,
                0.6791518113727109
            ],
            [
                1.7805691101224898e-11,
                2.332085314316339e-09,
                4.1337201283689296e-08,
                0.9984987743533248,
                0.0015011819595828588
            ],
            [
                3.5114220921185294e-12,
                0.0,
                2.7346982750361414e-12,
                4.9444504720051764e-09,
                0.9999999950493035
            ]
        ],
        [
            [
                9.056076956725607e-11,
                0.0,
                0.0,
                1.4930946707650793e-10,
                0.9999999997601297
            ],
            [
                3.978962530093667e-12,
                0.0,
                0.0,
                2.2897348423403548e-11,
                0.9999999999731237
            ],
            [
                5.008774637627122e-14,
                2.7346982914737327e-12,
                0.9999999999945504,
                1.006039279239855e-12,
                1.6586783588425747e-12
            ],
            [
                5.092879858605135e-12,
                7.030503782884149e-11,
                4.045775588265353e-10,
                0.003172683071081273,
                0.9968273164489432
            ],
            [
                3.8507418991658815e-09,
                0.0,
                0.0,
                2.1724399217638295e-10,
                0.999999995932014
            ]
        ],
        [
            [
                7.991959858296585e-11,
                0.0,
                0.0,
                4.05865210887524e-10,
                0.9999999995142153
            ],
            [
                0.0,
                1.8794609294354736e-12,
                4.5085923895991974e-12,
                3.535625748360763e-05,
                0.9999646437361284
            ],
            [
                6.431393881408618e-14,
                5.789356274681322e-12,
                0.9999999907017688,
                5.4927882996741074e-11,
                9.237449575729925e-09
            ],
            [
                1.658415852814863e-12,
                2.020364111125197e-11,
                7.051763646774485e-11,
                0.00015843624667656305,
                0.9998415636609438
            ],
            [
                2.2897348350342148e-11,
                0.0,
                2.4133627606489456e-12,
                7.582560392771981e-10,
                0.9999999992164332
            ]
        ],
        [
            [
                4.058652111774971e-10,
                0.0,
                0.0,
                2.1724399272102875e-10,
                0.9999999993768909
            ],
            [
                2.2897348264516347e-11,
                7.433680610038658e-12,
                9.545034842828472e-12,
                4.944450460491321e-09,
                0.9999999950156735
            ],
            [
                1.0519490806281998e-10,
                9.469343851237187e-09,
                2.7673452801591006e-07,
                0.09534942928429016,
                0.9046502844066431
            ],
            [
                0.0,
                4.830315282371767e-10,
                5.1930783293685e-09,
                0.4378234966290676,
                0.5621764976948226
            ],
            [
                6.560200151924379e-12,
                0.0,
                0.0,
                1.3176514237497845e-10,
                0.9999999998616746
            ]
        ],
        [
            [
                5.492788330504772e-11,
                0.0,
                0.0,
                6.69158606637969e-10,
                0.9999999992759134
            ],
            [
                7.991959868912736e-11,
                2.1297851645490233e-12,
                0.0,
                5.905303981179864e-10,
                0.9999999993274202
            ],
            [
                2.765496543119905e-10,
                4.1043607845168e-08,
                0.9914060542629244,
                0.001913863689053938,
                0.006680040727864155
            ],
            [
                0.0,
                4.80578601593167e-11,
                2.7655389067591306e-10,
                0.00857748566987435,
                0.9914225140055138
            ],
            [
                2.020683906078035e-11,
                0.0,
                0.0,
                2.020683906078035e-11,
                0.9999999999595863
            ]
        ],
        [
            [
                2.78946808688166e-10,
                0.0,
                0.0,
                4.84736869586595e-11,
                0.9999999996725795
            ],
            [
                3.7010116743287373e-13,
                0.0,
                0.0,
                4.847368700685603e-11,
                0.9999999999511562
            ],
            [
                1.5635534439221755e-10,
                6.648398420049539e-09,
                5.984691827708202e-07,
                0.07585813515089046,
                0.924141259575173
            ],
            [
                5.156071701780666e-11,
                9.13935577147288e-10,
                1.2616491476015782e-08,
                0.268941405998252,
                0.7310585804197604
            ],
            [
                2.0206839020035683e-11,
                0.0,
                0.0,
                5.492788331876018e-11,
                0.9999999999248652
            ]
        ],
        [
            [
                9.736200252631603e-10,
                3.9789625111621465e-12,
                6.560200127471428e-12,
                1.8189616762729574e-09,
                0.9999999971968792
            ],
            [
                3.331544532971987e-11,
                0.0,
                0.0,
                7.991959870897652e-11,
                0.999999999886765
            ],
            [
                3.5113218220835892e-12,
                5.21126364241241e-10,
                0.9999723192919436,
                1.444940353385884e-07,
                2.75356893833635e-05
            ],
            [
                3.995977971899763e-11,
                1.9253700099792326e-09,
                1.4226667014935214e-08,
                0.49999999183486843,
                0.4999999919731348
            ],
            [
                2.289734841266692e-11,
                0.0,
                0.0,
                7.052879837624318e-11,
                0.9999999999065738
            ]
        ],
        [
            [
                2.2897348404346473e-11,
                0.0,
                0.0,
                1.9171715093952739e-10,
                0.9999999997853855
            ],
            [
                0.0,
                0.0,
                1.6586782686661037e-12,
                5.315784965194347e-08,
                0.9999999468404916
            ],
            [
                2.543665539314106e-13,
                5.4927881176039753e-11,
                0.9999999575718221,
                9.736199899385539e-10,
                4.139937542907755e-08
            ],
            [
                3.543712782980275e-11,
                9.13935572419635e-10,
                1.8356886685249234e-08,
                0.26894140438894615,
                0.7310585763047944
            ],
            [
                1.0815941529238758e-11,
                0.0,
                0.0,
                5.211412474374769e-10,
                0.9999999994680429
            ]
        ],
        [
            [
                4.599055371885833e-10,
                0.0,
                0.0,
                3.7751345387248294e-11,
                0.9999999995023432
            ],
            [
                8.423463743458759e-12,
                0.0,
                0.0,
                4.8473686999345026e-11,
                0.9999999999431028
            ],
            [
                7.287724093899708e-14,
                5.78935632720542e-12,
                0.9999999998528277,
                9.545034920325944e-12,
                1.3176514266624053e-10
            ],
            [
                5.685225524426567e-12,
                1.141908071875188e-10,
                1.0834122135357285e-09,
                0.017986211538789824,
                0.982013787257922
            ],
            [
                4.277787842268133e-11,
                2.129785157662207e-12,
                3.511422091459107e-12,
                5.905303962084632e-10,
                0.9999999993610504
            ]
        ],
        [
            [
                2.7894680810630374e-10,
                0.0,
                0.0,
                1.0261879588270459e-10,
                0.9999999996184343
            ],
            [
                5.785250072399684e-12,
                4.274753733130387e-11,
                2.4599509271937614e-10,
                0.000709670340202778,
                0.9992903293652693
            ],
            [
                1.3615261030962018e-13,
                2.594609488760632e-11,
                0.9999999963584059,
                2.1724399271115061e-10,
                3.398267807031787e-09
            ],
            [
                1.0915403831788866e-10,
                1.9348016237548517e-09,
                1.6199895655561552e-08,
                0.2689414047865064,
                0.7310585769696424
            ],
            [
                3.97896252374162e-12,
                0.0,
                1.1399918495789024e-12,
                9.73620028341256e-10,
                0.9999999990212609
            ]
        ],
        [
            [
                1.2501528627392686e-09,
                0.0,
                0.0,
                6.224144604748079e-11,
                0.9999999986876056
            ],
            [
                2.4133627627598625e-12,
                0.0,
                0.0,
                7.582560399404284e-10,
                0.9999999992393307
            ],
            [
                2.967091783880901e-10,
                1.4296248822473163e-08,
                7.4056402346907815e-06,
                0.26893941980379166,
                0.7310531599630156
            ],
            [
                1.4543313273191828e-11,
                5.457338043998741e-10,
                5.177778173116958e-09,
                0.07585817548046032,
                0.9241418187814844
            ],
            [
                1.3176514209511882e-10,
                0.0,
                0.0,
                1.0261879584519346e-10,
                0.9999999997656162
            ]
        ],
        [
            [
                2.1297851674698413e-12,
                0.0,
                0.0,
                2.940077734472275e-11,
                0.9999999999684694
            ],
            [
                2.413362768402001e-12,
                0.0,
                0.0,
                1.6918979202096644e-10,
                0.9999999998283968
            ],
            [
                8.258073271532922e-14,
                6.560200157013931e-12,
                0.999999998350378,
                3.775134537868558e-11,
                1.6052280524597808e-09
            ],
            [
                0.0,
                2.967114437677574e-10,
                1.9348016557415455e-09,
                0.2689414090797463,
                0.7310585886887405
            ],
            [
                4.2777876728650323e-11,
                1.081594106145722e-11,
                2.594609379333399e-11,
                4.13993752900058e-08,
                0.9999999585210847
            ]
        ],
        [
            [
                5.789356319631476e-12,
                0.0,
                0.0,
                1.4930946738504558e-10,
                0.9999999998449012
            ],
            [
                6.101936665354163e-13,
                0.0,
                0.0,
                5.905303987087668e-10,
                0.9999999994088593
            ],
            [
                9.579515642974757e-10,
                8.623205174290613e-08,
                0.9839066307367108,
                0.010930214347814582,
                0.005163067725471304
            ],
            [
                6.150692698801658e-11,
                1.7974958888094945e-09,
                2.4813665346221278e-08,
                0.3208212792798938,
                0.6791786940474381
            ],
            [
                8.42346373448897e-12,
                0.0,
                0.0,
                7.582560409926774e-10,
                0.9999999992333204
            ]
        ],
        [
            [
                2.7894680885943437e-10,
                8.878265464854604e-13,
                0.0,
                1.4930946739091458e-10,
                0.999999999570856
            ],
            [
                0.0,
                0.0,
                1.463778507904005e-12,
                1.250152861072871e-09,
                0.9999999987483834
            ],
            [
                1.2814482011749596e-09,
                5.448856404099341e-08,
                6.77101788044269e-05,
                0.09534300851228951,
                0.9045892255388939
            ],
            [
                0.0,
                2.0198130963394682e-11,
                9.05217427799028e-11,
                0.0004305571176067755,
                0.9995694427716734
            ],
            [
                2.0206838983515e-11,
                0.0,
                0.0,
                3.1608814376218827e-10,
                0.999999999663705
            ]
        ],
        [
            [
                7.582560394528216e-10,
                0.0,
                0.0,
                2.4616969409772873e-10,
                0.9999999989955743
            ],
            [
                1.2256067261602896e-11,
                9.545034780712143e-12,
                8.423463629040698e-12,
                1.1861119974728128e-08,
                0.9999999881086554
            ],
            [
                4.863401510827017e-10,
                5.621327839973843e-08,
                0.0009642963594137205,
                0.49951782273214157,
                0.4995178242088263
            ],
            [
                1.5706786418305642e-11,
                2.1682549833621135e-10,
                2.993183677213197e-09,
                0.1192029232443736,
                0.8807970735299104
            ],
            [
                6.224144611335937e-11,
                0.0,
                0.0,
                1.9171715101939325e-10,
                0.9999999997460414
            ]
        ],
        [
            [
                5.78935631375039e-12,
                0.0,
                0.0,
                2.461696945445615e-10,
                0.9999999997480409
            ],
            [
                8.423463674667858e-12,
                5.1090889796617005e-12,
                6.560200106004862e-12,
                5.602796384458441e-09,
                0.9999999943771107
            ],
            [
                2.8823507179984205e-13,
                4.277787756997255e-11,
                0.9999999738733227,
                9.736200058163052e-10,
                2.5109990900182e-08
            ],
            [
                0.0,
                5.473464266880898e-10,
                8.561938665807577e-09,
                0.43782349505839396,
                0.5621764958323211
            ],
            [
                1.4930946717645852e-10,
                0.0,
                0.0,
                7.582560405401414e-10,
                0.9999999990924344
            ]
        ],
        [
            [
                1.493094670105381e-10,
                0.0,
                0.0,
                7.991959860346967e-11,
                0.9999999997707709
            ],
            [
                2.413362765082737e-12,
                0.0,
                2.1297851649985103e-12,
                9.736200285776198e-10,
                0.9999999990218369
            ],
            [
                6.431393936749082e-14,
                1.2256067435137307e-11,
                0.9999999993172297,
                7.99195988710986e-11,
                5.905303994625822e-10
            ],
            [
                2.4116510295247223e-12,
                2.592769201863491e-11,
                1.4920356587308885e-10,
                0.0007096703432990912,
                0.999290329479158
            ],
            [
                2.940077726693609e-11,
                0.0,
                3.978962518797359e-12,
                1.2501528610329711e-09,
                0.9999999987164674
            ]
        ],
        [
            [
                1.3176514215652524e-10,
                0.0,
                0.0,
                1.4930946700279707e-10,
                0.9999999997189253
            ],
            [
                0.0,
                0.0,
                1.0060394048018841e-12,
                6.825604227931795e-08,
                0.9999999317429517
            ],
            [
                3.0424294368025403e-10,
                1.661110188557996e-08,
                0.00015252323342991096,
                0.03732119591700883,
                0.9625262639342165
            ],
            [
                0.0,
                6.926022555818235e-11,
                1.3911288177571776e-09,
                0.017986211550880475,
                0.9820137869887305
            ],
            [
                2.4616969435891877e-10,
                1.6586783533714634e-12,
                0.0,
                7.582560402573436e-10,
                0.9999999989939157
            ]
        ],
        [
            [
                2.594609485065935e-11,
                2.7346982776680766e-12,
                2.7346982776680766e-12,
                2.0611536119441327e-09,
                0.999999997907431
            ],
            [
                3.978962491806706e-12,
                1.4637784979279806e-12,
                3.978962491806706e-12,
                9.237449559750521e-09,
                0.9999999907531288
            ],
            [
                6.914399877212767e-13,
                1.0261879290756145e-10,
                0.9999999671336821,
                5.211412314742003e-10,
                3.224186630134765e-08
            ],
            [
                4.790164364985607e-11,
                1.2353996723220408e-09,
                1.034387481321846e-08,
                0.6791787041566388,
                0.320821284216185
            ],
            [
                2.129785166863528e-12,
                0.0,
                0.0,
                6.691586078435292e-10,
                0.9999999993287116
            ]
        ],
        [
            [
                1.879528807683048e-12,
                0.0,
                0.0,
                8.592166578689212e-10,
                0.9999999991389039
            ],
            [
                1.6918979186429096e-10,
                0.0,
                1.4637785106892645e-12,
                3.581747921873989e-10,
                0.9999999994711717
            ],
            [
                3.978879294325578e-12,
                4.058567217825442e-10,
                0.9999785295414797,
                2.510946624622207e-08,
                2.1444939218443094e-05
            ],
            [
                2.3472155370541563e-11,
                3.6716628598985207e-10,
                6.508178142272007e-09,
                0.09534946944568502,
                0.9046505236554984
            ],
            [
                5.10908901608144e-12,
                0.0,
                0.0,
                2.7894680863270375e-10,
                0.9999999997159441
            ]
        ],
        [
            [
                1.0261879579779699e-10,
                0.0,
                3.0988191230426825e-12,
                1.1032560267613923e-09,
                0.9999999987910264
            ],
            [
                8.878265465724554e-13,
                0.0,
                0.0,
                4.59905537205537e-10,
                0.9999999995392066
            ],
            [
                3.701004879198048e-13,
                7.052866893759547e-11,
                0.9999989229886018,
                9.237432691187731e-09,
                1.0677030667194942e-06
            ],
            [
                4.200845151723417e-11,
                4.284978547668029e-09,
                8.606609483425325e-08,
                0.982013697556379,
                0.017986212050539175
            ],
            [
                2.2897348290823976e-11,
                0.0,
                2.7346982718100065e-12,
                1.6052280435739432e-09,
                0.9999999983691399
            ]
        ],
        [
            [
                3.775134529340285e-11,
                0.0,
                0.0,
                5.211412467266144e-10,
                0.9999999994411075
            ],
            [
                0.0,
                2.4133583572336617e-12,
                3.978955257393056e-12,
                1.067703075197335e-06,
                0.9999989322905325
            ],
            [
                1.0908707096115926e-09,
                5.9559522670136256e-08,
                0.07162658901887148,
                0.055782843950910925,
                0.8725905063798242
            ],
            [
                0.0,
                5.47346428238007e-10,
                5.884528667338609e-09,
                0.4378234962981758,
                0.5621764972699491
            ],
            [
                9.545034890250337e-12,
                0.0,
                0.0,
                4.0586521126179493e-10,
                0.9999999995845898
            ]
        ],
        [
            [
                1.7832472887391775e-11,
                0.0,
                0.0,
                4.2777878639902246e-11,
                0.9999999999393896
            ],
            [
                1.4637785080395358e-12,
                0.0,
                0.0,
                7.582560396383714e-10,
                0.9999999992402802
            ],
            [
                1.5428111790384675e-13,
                2.940077693256201e-11,
                0.9999999843822907,
                3.581747874209267e-10,
                1.522997950628028e-08
            ],
            [
