{
    "[['E', 'D', 'C', 'B', 'A'], ['E', 'D', 'C', 'B', 'A']]": [
        [
            [
                0.9999999847463641,
                1.5229979506218747e-08,
                5.7893562380722205e-12,
                1.5737101860427734e-11,
                2.129785137604412e-12
            ],
            [
                0.999999607161843,
                3.9278636970621e-07,
                1.573710271417693e-11,
                3.331544670734793e-11,
                2.734698397127228e-12
            ],
            [
                2.5896112827270346e-11,
                5.89392811278805e-10,
                3.391721449003551e-09,
                0.11920292308356796,
                0.8807970729094217
            ],
            [
                5.384889270829168e-13,
                3.0987898207908077e-12,
                6.560138102093327e-12,
                1.0129988097090808e-05,
                0.9999898700017055
            ],
            [
                4.847368681724931e-11,
                6.560200134935294e-12,
                5.109089002192743e-12,
                3.39826780228747e-09,
                0.9999999965415891
            ]
        ],
        [
            [
                0.9999999804258959,
                1.9555680698061203e-08,
                4.508755152425058e-12,
                1.2256067199808128e-11,
                1.6586783258529914e-12
            ],
            [
                0.9999921106993055,
                7.889265047790183e-06,
                3.5113955064428468e-12,
                2.940055461571668e-11,
                2.7346775700911015e-12
            ],
            [
                6.914400105971815e-13,
                5.492788350185398e-11,
                0.999999999902724,
                2.9400777388727034e-11,
                1.2256067442382975e-11
            ],
            [
                1.8794966660226596e-12,
                1.0815756543837846e-11,
                1.573683291388469e-11,
                1.6701415097203428e-05,
                0.9999832985564707
            ],
            [
                4.508755223095799e-12,
                2.129785161886807e-12,
                2.4133627615567157e-12,
                2.9989608120872354e-09,
                0.9999999969919873
            ]
        ],
        [
            [
                0.9999999918338202,
                8.15202064171798e-09,
                2.7346982671862345e-12,
                9.545034837656575e-12,
                1.8795287997653488e-12
            ],
            [
                0.999978554993039,
                2.144493975354015e-05,
                2.594555282732078e-11,
                3.7750556611274734e-11,
                3.5113487406159547e-12
            ],
            [
                1.3176490234266716e-10,
                7.734407798460267e-08,
                0.9999981019454277,
                1.760343101035107e-06,
                6.023562850034437e-08
            ],
            [
                1.6585551196584127e-12,
                1.0815137936389975e-11,
                2.939859292476693e-11,
                7.484619704246089e-05,
                0.9999251537610853
            ],
            [
                2.734698282173116e-12,
                1.2917800003368895e-12,
                1.2917800003368895e-12,
                1.1032560285437554e-09,
                0.9999999988914257
            ]
        ],
        [
            [
                0.9999999918327968,
                8.152020644582336e-09,
                3.978962501725322e-12,
                9.54503484101039e-12,
                1.6586783446942683e-12
            ],
            [
                0.9999986289875495,
                1.3709566537999863e-06,
                1.2256045697342e-11,
                3.775127845806217e-11,
                5.789346056289786e-12
            ],
            [
                2.5946098147533153e-11,
                6.348800890436996e-09,
                0.9999993325901626,
                6.475946789797793e-07,
                1.3440411590525684e-08
            ],
            [
                1.0059645307631203e-12,
                8.422837892771652e-12,
                1.783114795892345e-11,
                7.484619703256071e-05,
                0.9999251537757075
            ],
            [
                1.658678353895128e-12,
                1.006039276239077e-12,
                1.463778509696566e-12,
                1.4166087823565872e-09,
                0.9999999985792627
            ]
        ],
        [
            [
                0.9999999936272599,
                6.3488000726645795e-09,
                5.789356289174032e-12,
                1.573710199933686e-11,
                2.4133627553435614e-12
            ],
            [
                0.9999999918397203,
                8.152020645370642e-09,
                1.463778501718384e-12,
                5.789356279657938e-12,
                1.006039270755758e-12
            ],
            [
                5.305230995312491e-08,
                5.134266969578826e-05,
                0.7772537956894429,
                0.22268693493514255,
                7.873653408927724e-06
            ],
            [
                3.976762654822977e-12,
                3.329702604344561e-11,
                1.3169229264691197e-10,
                0.0005527785829499305,
                0.9994472212480839
            ],
            [
                6.5602001511631795e-12,
                2.129785165439745e-12,
                2.4133627655827217e-12,
                9.73620028779328e-10,
                0.9999999990152766
            ]
        ],
        [
            [
                0.9999999748645076,
                2.510999091835085e-08,
                5.7893561813823835e-12,
                1.783247245428177e-11,
                1.8795287687021044e-12
            ],
            [
                0.9999998144456465,
                1.8553915979836863e-07,
                4.50875581425792e-12,
                9.54503613368651e-12,
                1.1399919976592732e-12
            ],
            [
                2.7237836665922708e-11,
                1.4871354928643253e-09,
                1.098852758348538e-08,
                0.8175744746899232,
                0.18242551280717598
            ],
            [
                2.1288673407040793e-12,
                2.0198130959251366e-11,
                4.8452797342460067e-11,
                0.00043055711865795426,
                0.9995694428105623
            ],
            [
                9.545034861951626e-12,
                2.7346982741468834e-12,
                5.7893562917996054e-12,
                4.94445047039736e-09,
                0.9999999950374805
            ]
        ],
        [
            [
                0.9999999804175987,
                1.9555680695909538e-08,
                5.7893562126985966e-12,
                1.7832472550742497e-11,
                3.0988190766143417e-12
            ],
            [
                0.9999977396224151,
                2.2603252725725786e-06,
                1.3887918462280388e-11,
                3.331538448379396e-11,
                5.109079682938266e-12
            ],
            [
                1.2482491368003517e-09,
                6.466090612437698e-07,
                0.9984767903475686,
                0.0015011490438172725,
                2.1412751303673196e-05
            ],
            [
                1.658602583283051e-12,
                9.544598864190662e-12,
                2.2896302406133403e-11,
                4.539785569651853e-05,
                0.9999546021102039
            ],
            [
                3.0988191345281693e-12,
                0.0,
                7.835041774461166e-13,
                2.461696948483951e-10,
                0.999999999749948
            ]
        ],
        [
            [
                0.9999999317118085,
                6.825604228192846e-08,
                7.43368160010023e-12,
                2.020684161210282e-11,
                4.508755805002458e-12
            ],
            [
                0.9999999468165259,
                5.315784969808514e-08,
                8.423463303462508e-12,
                1.5737101264272505e-11,
                1.4637784357527936e-12
            ],
            [
                4.598327795790854e-10,
                2.102099237004255e-07,
                0.9998409082108177,
                0.00015843610501378364,
                4.450144119659499e-07
            ],
            [
                0.0,
                1.1287379763167493e-10,
                3.9396826464568965e-10,
                0.02931222789539498,
                0.9706877715977629
            ],
            [
                4.508755232458887e-12,
                1.0060392770886226e-12,
                1.1399918505574407e-12,
                7.582560411370403e-10,
                0.9999999992350892
            ]
        ],
        [
            [
                0.999999993638385,
                6.348800073648278e-09,
                2.1297851567337122e-12,
                9.54503485910172e-12,
                1.1399918454318284e-12
            ],
            [
                0.9999646436346903,
                3.53562575005628e-05,
                3.331424210993617e-11,
                6.223919814680657e-11,
                1.2255624770453452e-11
            ],
            [
                1.0974996516195451e-08,
                3.907373136901097e-06,
                0.18220085755322452,
                0.8165675645381704,
                0.0012276595604717043
            ],
            [
                4.227305213951586e-11,
                1.2353996720241524e-09,
                1.034387481072427e-08,
                0.3208212838994901,
                0.6791787044789624
            ],
            [
                3.0988191349292832e-12,
                6.914400098477897e-13,
                5.384940211163585e-13,
                1.1628233015989559e-10,
                0.9999999998793889
            ]
        ],
        [
            [
                0.9999999956155685,
                4.363462232041423e-09,
                5.789356300997918e-12,
                1.388794379843665e-11,
                1.2917799985979868e-12
            ],
            [
                0.9998766052467273,
                0.00012339462923710318,
                3.331131663601328e-11,
                7.052005787183019e-11,
                2.0204334855137556e-11
            ],
            [
                3.3948212954652462e-09,
                2.7508548110458386e-05,
                0.000910958003405261,
                0.9989867540672072,
                7.477598645595044e-05
            ],
            [
                1.212141618363577e-11,
                2.14857242807693e-10,
                7.499254642935002e-10,
                0.010986942350992998,
                0.9890130566721028
            ],
            [
                5.789356296173292e-12,
                2.1297851589786016e-12,
                2.1297851589786016e-12,
                6.69158605366159e-10,
                0.9999999993207924
            ]
        ],
        [
            [
                0.9999999847574921,
                1.5229979507114547e-08,
                3.0988190903781315e-12,
                8.423463623056862e-12,
                1.0060392635884172e-12
            ],
            [
                0.9999898699863146,
                1.0129988101518505e-05,
                7.433610345540941e-12,
                1.5736953225002323e-11,
                2.4133399400604215e-12
            ],
            [
                3.7814584261322285e-09,
                3.6596023107933728e-06,
                0.9820080086998825,
                0.017986108255344482,
                2.2196610038513822e-06
            ],
            [
                2.73467756910352e-12,
                1.2255974572349914e-11,
                2.9400554605099174e-11,
                7.889265044941112e-06,
                0.9999921106905638
            ],
            [
                1.081594151774853e-11,
                2.734698281595314e-12,
                3.97896252129233e-12,
                1.8189616809039173e-09,
                0.9999999981635088
            ]
        ],
        [
            [
                0.9999999881218965,
                1.1861120004274897e-08,
                4.508755186389665e-12,
                1.0815941423176186e-11,
                1.6586783383478723e-12
            ],
            [
                0.9999997617298202,
                2.3823698438566822e-07,
                5.789356757287631e-12,
                2.2897350151431265e-11,
                4.508755576055337e-12
            ],
            [
                1.981008797640212e-13,
                1.783247290446678e-11,
                0.9999999998735765,
                1.783247290446678e-11,
                9.056076987804208e-11
            ],
            [
                4.26954719723589e-11,
                8.57561478753739e-10,
                4.934925580475698e-09,
                0.11920292279050002,
                0.8807970713743175
            ],
            [
                1.0815941530470055e-11,
                1.879528811879224e-12,
                2.129785165675473e-12,
                8.59216659787181e-10,
                0.999999999125958
            ]
        ],
        [
            [
                0.9999999715222475,
                2.8453347270552833e-08,
                5.10908888095303e-12,
                1.783247239468101e-11,
                1.4637784719781038e-12
            ],
            [
                0.9980732654736779,
                0.001926734335663497,
                3.325126547077054e-11,
                1.315113060710973e-10,
                2.589611158675126e-11
            ],
            [
                7.531779686918514e-10,
                5.676734078063358e-07,
                0.9933029071445705,
                0.006692822733232023,
                3.7016956117265086e-06
            ],
            [
                1.8778159991553423e-12,
                1.7816222149273533e-11,
                4.8429512920159795e-11,
                0.0009110514033290957,
                0.9990889485285472
            ],
            [
                3.098819126487713e-12,
                1.6586783523657824e-12,
                2.413362762305277e-12,
                2.3355930295784347e-09,
                0.999999997657236
            ]
        ],
        [
            [
                0.9999999777971883,
                2.2159489269814772e-08,
                1.0815941311504744e-11,
                2.594609439316682e-11,
                6.560200019080098e-12
            ],
            [
                0.9999999677476908,
                3.22418663236989e-08,
                3.098819037913347e-12,
                6.5601999547422275e-12,
                7.83504153018064e-13
            ],
            [
                1.0261879423351241e-10,
                4.139937634730516e-08,
                0.9999993094868092,
                6.475945868412419e-07,
                1.4166087578812761e-09
            ],
            [
                2.727936190482302e-12,
                4.8353825952583175e-11,
                1.3143932642337823e-10,
                0.0024726229631011716,
                0.9975273768543779
            ],
            [
                3.5114221039864415e-12,
                1.4637785102115453e-12,
                2.4133627653795192e-12,
                1.250152863043646e-09,
                0.9999999987424586
            ]
        ],
        [
            [
                0.9999999979278944,
                2.0611536174293767e-09,
                2.734698284945791e-12,
                7.43368065428626e-12,
                7.835041766023041e-13
            ],
            [
                0.9999996071920735,
                3.927863698093502e-07,
                5.7893565536692014e-12,
                1.388794440456355e-11,
                1.8795288895659384e-12
            ],
            [
                3.154786087803461e-10,
                3.4596463310083465e-07,
                0.9980722749427443,
                0.001926732430116815,
                6.463470272051563e-07
            ],
            [
                2.285323940882958e-11,
                5.893928125627072e-10,
                2.057183052506872e-09,
                0.11920292321679415,
                0.8807970741137767
            ],
            [
                6.560200160456222e-12,
                7.835041775870969e-13,
                6.914400098827037e-13,
                1.917171511508756e-10,
                0.9999999998002478
            ]
        ],
        [
            [
                0.999999967713938,
                3.22418663125646e-08,
                1.0815941201694391e-11,
                2.940077642624735e-11,
                3.978962405022511e-12
            ],
            [
                0.9399133449329137,
                0.060086654422916226,
                2.0419049505228922e-10,
                3.8147806692752353e-10,
                5.850155630573777e-11
            ],
            [
                9.729276260576407e-10,
                3.9250739266022584e-07,
                0.9992897510983985,
                0.0007096700139172488,
                1.8540736399627473e-07
            ],
            [
                3.5094807224225837e-12,
                2.9384522325403113e-11,
                7.987541307509241e-11,
                0.0005527785839197344,
                0.9994472213033109
            ],
            [
                3.098819134927459e-12,
                7.835041775470728e-13,
                7.835041775470728e-13,
                2.4616969488011457e-10,
                0.9999999997491644
            ]
        ],
        [
            [
                0.9999999927816057,
                7.194132975818538e-09,
                5.789356284867194e-12,
                1.573710198762966e-11,
                2.734698270872244e-12
            ],
            [
                0.9999999677339089,
                3.224186631067338e-08,
                3.978962404789116e-12,
                1.7832472320829442e-11,
                2.4133626923485083e-12
            ],
            [
                7.287724095382209e-14,
                7.433680671905944e-12,
                0.9999999999884435,
                3.5114221131657205e-12,
                5.384940217430777e-13
            ],
            [
                8.367083370767267e-12,
                7.005673133804864e-11,
                2.157899242475813e-10,
                0.006692851418866897,
                0.9933071482869194
            ],
            [
                1.5737102058988795e-11,
                2.413362764491482e-12,
                2.1297851644767294e-12,
                1.4166087823337065e-09,
                0.999999998563111
            ]
        ],
        [
            [
                0.9999999950464591,
                4.944450475172127e-09,
                2.413362758768604e-12,
                5.789356297390282e-12,
                8.878265430397645e-13
            ],
            [
                0.9241418233892695,
                0.07585817586317924,
                2.0076424825081764e-10,
                4.816083950407636e-10,
                6.51786085519722e-11
            ],
            [
                1.556420645762591e-11,
                1.8961085117316963e-10,
                6.618068990506179e-10,
                0.01098694235801908,
                0.989013056774999
            ],
            [
                1.0302981628200686e-11,
                1.1076749134068801e-10,
                3.0109725889538686e-10,
                0.047425875345395385,
                0.9525741242324369
            ],
            [
                5.109089013422525e-12,
                2.4133627649173894e-12,
                2.7346982837552187e-12,
                1.6052280505856088e-09,
                0.9999999983845147
            ]
        ],
        [
            [
                0.999999986550604,
                1.3440409765555609e-08,
                2.413362738510536e-12,
                5.789356248793704e-12,
                7.835041676881494e-13
            ],
            [
                0.9999999123270037,
                8.764249142749511e-08,
                4.508755717288242e-12,
                2.0206841218994974e-11,
                5.7893569386342715e-12
            ],
            [
                2.5436655467521784e-13,
                4.2777876997441985e-11,
                0.9999999605209688,
                7.194132745733029e-09,
                3.224186609711289e-08
            ],
            [
                2.5048054470139618e-11,
                5.70091092037321e-10,
                7.869864772845201e-09,
                0.14804720235937965,
                0.8519527891756165
            ],
            [
                6.560200158451665e-12,
                4.193795652177191e-13,
                4.193795652177191e-13,
                5.492788342831203e-11,
                0.9999999999376732
            ]
        ],
        [
            [
                0.9999999927905335,
                7.1941329730045264e-09,
                3.511422085398474e-12,
                1.081594147110727e-11,
                1.006039271267475e-12
            ],
            [
                0.9999921106401941,
                7.889265044543728e-06,
                2.594589837196239e-11,
                5.4927467284475144e-11,
                1.388783862678513e-11
            ],
            [
                5.90109321546065e-10,
                4.4476830568089095e-07,
                0.9992876275851413,
                0.0007096683366130198,
                2.258719830704166e-06
            ],
            [
                6.534017391321852e-11,
                1.0220922877733123e-09,
                3.5674526185056418e-09,
                0.18242551395610054,
                0.8175744813890145
            ],
            [
                5.1090890134307505e-12,
                1.87952881115606e-12,
                1.6586783541637297e-12,
                1.2501528628062696e-09,
                0.9999999987411998
            ]
        ],
        [
            [
                0.9999999956199148,
                4.363462231557385e-09,
                3.978962516335443e-12,
                9.54503487605825e-12,
                3.098819123533811e-12
            ],
            [
                0.999999495618319,
                5.04347204911424e-07,
                5.789356596495978e-12,
                2.2897349515487937e-11,
                5.789356596495978e-12
            ],
            [
                1.9163417247670123e-10,
                8.760454882938623e-08,
                0.9995670967458692,
                0.0004305561068551315,
                2.2593510926022086e-06
            ],
            [
                9.48114757950063e-12,
                1.4831010142579003e-10,
                4.5682727327646065e-10,
                0.006692851409147929,
                0.9933071479762335
            ],
            [
                2.734698278864477e-12,
                1.0060392746011689e-12,
                1.8795288077916794e-12,
                3.3982678036793935e-09,
                0.9999999965961119
            ]
        ],
        [
            [
                0.9999999907501004,
                9.237449571711094e-09,
                2.7346982648710254e-12,
                8.423463672162638e-12,
                1.2917799921639607e-12
            ],
            [
                0.9999986289932656,
                1.3709566541761799e-06,
                1.2256045700705089e-11,
                3.331538631699025e-11,
                4.508747243347046e-12
            ],
            [
                6.718387683928165e-11,
                6.85294174405329e-09,
                1.5597223517670298e-07,
                0.9525739748180336,
                0.04742586228960567
            ],
            [
                0.0,
                1.0149137514510772e-10,
                4.014061754136155e-10,
                0.010986942359765139,
                0.9890130571373373
            ],
            [
                4.277787853408067e-11,
                5.109089009478443e-12,
                3.978962521363319e-12,
                1.2501528618391718e-09,
                0.9999999986979813
            ]
        ],
        [
            [
                0.9999997617312684,
                2.3823698442483786e-07,
                1.0815942359713837e-11,
                1.7832474231126737e-11,
                3.098819368621338e-12
            ],
            [
                0.999999495620597,
                5.043472049125729e-07,
                5.789356596509166e-12,
                2.2897349515540098e-11,
                3.5114222757923907e-12
            ],
            [
                1.2256067013949538e-11,
                3.224186624097781e-08,
                0.9999999650193846,
                2.646573546022593e-09,
                7.991959612460934e-11
            ],
            [
                2.1160396054582347e-11,
                4.816083943397712e-10,
                8.99762935790701e-10,
                0.07585817569010106,
                0.9241418229073672
            ],
            [
                2.734698284524489e-12,
                1.2917800014475996e-12,
                1.46377851034301e-12,
                1.6052280510371592e-09,
                0.9999999983892818
            ]
        ],
        [
            [
                0.9999997617332407,
                2.3823698436995205e-07,
                4.5087555757579e-12,
                1.7832474227018434e-11,
                7.433681222139852e-12
            ],
            [
                0.9999998554468177,
                1.4449803160322712e-07,
                1.3887944537005779e-11,
                3.775134726958987e-11,
                3.5114222832952783e-12
            ],
            [
                5.109088957516066e-12,
                1.6052280330203218e-09,
                0.9999999862823732,
                1.1861119987563258e-08,
                2.4616969178238113e-10
            ],
            [
                9.521432873473503e-12,
                5.479206309309955e-11,
                2.4556099030561795e-10,
                0.002472622962793787,
                0.9975273767273316
            ],
            [
                1.6586783538949057e-12,
                1.4637785096963697e-12,
                1.1399918495946267e-12,
                1.605228050328032e-09,
                0.9999999983905095
            ]
        ],
        [
            [
                0.9999999634493848,
                3.653482079029201e-08,
                3.09881902447858e-12,
                1.0815941158537585e-11,
                1.8795287472470523e-12
            ],
            [
                0.9980732653767288,
                0.0019267343413189872,
                7.03929295252849e-11,
                1.6886385950817302e-10,
                4.269546998407596e-11
            ],
            [
                3.7751346681599126e-11,
                1.0467402138231823e-08,
                0.9999998393940205,
                1.4449802935261852e-07,
                5.602796621392698e-09
            ],
            [
                1.1399767001956321e-12,
                3.978909647198413e-12,
                5.789279376215228e-12,
                1.300712476018849e-05,
                0.9999869928643316
            ],
            [
                1.7832472862263058e-11,
                1.4637785103595759e-12,
                8.878265455615694e-13,
                2.1724399294892833e-10,
                0.9999999997625719
            ]
        ],
        [
            [
                0.9999999715332507,
                2.845334726503146e-08,
                3.0988190488935956e-12,
                8.423463510290202e-12,
                1.8795287620555074e-12
            ],
            [
                0.9999898699800235,
                1.0129988100751864e-05,
                6.5601381044642114e-12,
                2.0206647920599858e-11,
                5.109040692813289e-12
            ],
            [
                2.014273161307364e-11,
                4.349618892514092e-09,
                1.8495050159761397e-07,
                0.996827128954104,
                0.003172681725632892
            ],
            [
                7.352010560701699e-12,
                8.95658242547766e-11,
                3.5423970667926214e-10,
                0.0109869423539935,
                0.9890130571948489
            ],
            [
                3.3315445213868376e-11,
                3.511422091475002e-12,
                5.789356292621166e-12,
                1.250152858589265e-09,
                0.999999998707231
            ]
        ],
        [
            [
                0.9999999895211781,
                1.0467401681309458e-08,
                3.0988191051399325e-12,
                7.433680591793416e-12,
                8.878265382245924e-13
            ],
            [
                0.9999998874309737,
                1.1253518378087033e-07,
                7.433681270930582e-12,
                2.2897350300206784e-11,
                3.5114223961249244e-12
            ],
            [
                0.0,
                6.612617984879238e-10,
                3.3581645060010106e-09,
                0.6791787092954136,
                0.32082128668516013
            ],
            [
                1.879528810067241e-12,
                1.1399918491189847e-12,
                1.463778509085633e-12,
                2.335593030757114e-09,
                0.9999999976599236
            ],
            [
                2.1297851665038332e-12,
                1.1399918506613973e-12,
                1.2917800020857508e-12,
                6.691586077305165e-10,
                0.9999999993262798
            ]
        ],
        [
            [
                0.9999999585765431,
                4.1399375458118136e-08,
                5.109088814597249e-12,
                1.7832472163076574e-11,
                1.1399918054136355e-12
            ],
            [
                0.9999977396199894,
                2.2603252725670953e-06,
                1.38879184622467e-11,
                3.77512763910461e-11,
                3.098813470609442e-12
            ],
            [
                2.020680262701296e-11,
                5.602786327299948e-09,
                0.9999981214988997,
                1.7603431356140303e-06,
                1.1253497164971414e-07
            ],
            [
                1.256373949596296e-11,
                2.2269761111750218e-10,
                6.859569339779257e-10,
                0.09534946997967525,
                0.9046505290991065
            ],
            [
                3.5114221072763916e-12,
                4.752193054515538e-13,
                5.384940208399198e-13,
                3.1608814488225394e-10,
                0.9999999996793867
            ]
        ],
        [
            [
                0.9999999748660529,
                2.5109990917332852e-08,
                6.560200000920356e-12,
                1.5737101705690773e-11,
                1.6586783166310002e-12
            ],
            [
                0.9999898699711348,
                1.0129988101364733e-05,
                1.3887812476972394e-11,
                2.2897131834279016e-11,
                3.978924892547389e-12
            ],
            [
                8.423464427518283e-12,
                2.5109993563772506e-08,
                0.9999998864808377,
                8.764248919722552e-08,
                7.582561033771881e-10
            ],
            [
                1.6586436989271025e-12,
                3.511348738183184e-12,
                7.433525337066697e-12,
                2.1444939738682436e-05,
                0.9999785550476578
            ],
            [
                2.0206839037659877e-11,
                1.6586783545996555e-12,
                2.1297851654157604e-12,
                7.582560408188052e-10,
                0.9999999992177486
            ]
        ],
        [
            [
                0.99999991233773,
                8.764249144879942e-08,
                5.109089567543308e-12,
                1.2256068738244685e-11,
                2.4133630266655135e-12
            ],
            [
                0.9995694427429785,
                0.0004305571208075838,
                5.490421237980762e-11,
                7.049840417889472e-11,
                1.0811280435474767e-11
            ],
            [
                2.1297851674797295e-12,
                5.9053039893059e-10,
                0.9999999984163581,
                8.5921666051507e-10,
                1.3176514248589871e-10
            ],
            [
                7.2628787497304194e-12,
                1.2873760618172273e-10,
                5.091671095738478e-10,
                0.022977367769656497,
                0.977022631585176
            ],
            [
                1.658678355464164e-12,
                6.914400092558184e-13,
                7.835041768767427e-13,
                1.1032560300487706e-09,
                0.9999999988936104
            ]
        ],
        [
            [
                0.9999999950385361,
                4.944450475635954e-09,
                3.0988191222372275e-12,
                1.2256067378901632e-11,
                1.6586783500906617e-12
            ],
            [
                0.9999417086631803,
                5.829127743982122e-05,
                1.0815302825206541e-11,
                3.7749116048776804e-11,
                1.0815302825206541e-11
            ],
            [
                1.7482341279840811e-13,
                1.7832472905219155e-11,
                0.9999999999264089,
                1.7832472905219155e-11,
                3.7751345436594024e-11
            ],
            [
                2.127292476790954e-12,
                2.2870549468620572e-11,
                7.044625181725841e-11,
                0.0011695103456398385,
                0.9988304895589161
            ],
            [
                7.433680634640677e-12,
                3.098819123001329e-12,
                2.413362759590079e-12,
                2.0611536119822012e-09,
                0.9999999979259004
            ]
        ],
        [
            [
                0.9999999317253134,
                6.82560422993815e-08,
                4.508755806155344e-12,
                1.2256068976831285e-11,
                1.879529051591118e-12
            ],
            [
                0.9999999317244485,
                6.825604229065951e-08,
                5.789357052002106e-12,
                1.2256068975265163e-11,
                1.463778696997571e-12
            ],
            [
                1.559022652740044e-08,
                3.8148026534265206e-06,
                0.37658125699153794,
                0.62087752854894,
                0.0025373840666420805
            ],
            [
                3.0987779502733766e-12,
                1.0815797795474721e-11,
                2.2897044112699312e-11,
                1.3007124765497847e-05,
                0.999986992838423
            ],
            [
                9.54503488986728e-12,
                2.1297851635984365e-12,
                3.978962522091903e-12,
                2.335593030731025e-09,
                0.9999999976487532
            ]
        ],
        [
            [
                0.9999999634422032,
                3.6534820786749644e-08,
                5.109088839212686e-12,
                1.573710152516198e-11,
                2.129785092231126e-12
            ],
            [
                0.9999999123410551,
                8.764249144909084e-08,
                3.978962955997903e-12,
                1.0815942699400788e-11,
                1.658678534063254e-12
            ],
            [
                4.507577723761832e-12,
                4.8461027545427494e-11,
                1.025919961187373e-10,
                0.0002611903263206997,
                0.9997388095181187
            ],
            [
                3.095995179996627e-12,
                3.7716942582675974e-11,
                1.161763620328325e-10,
                0.0009110514021740745,
                0.9990889484408366
            ],
            [
                3.511422106610876e-12,
                1.139991850847875e-12,
                7.835041769968215e-13,
                3.160881448223461e-10,
                0.999999999678477
            ]
        ],
        [
            [
                0.9999999677467065,
                3.224186631957508e-08,
                3.978962405887671e-12,
                6.560199953903161e-12,
                8.878265188502978e-13
            ],
            [
                0.9999417086699106,
                5.8291277750210914e-05,
                1.7831419815699177e-11,
                2.939904113692699e-11,
                5.108787312025661e-12
            ],
            [
                2.2062113874331663e-08,
                3.710277063840998e-06,
                0.7753786964161454,
                0.22214971032261904,
                0.0024678609220577497
            ],
            [
                1.376880745985223e-11,
                2.1538038657873243e-10,
                5.16670688168804e-10,
                0.00857748564981165,
                0.9914225136043685
            ],
            [
                1.783247278815958e-11,
                5.1090889936865284e-12,
                6.560200124013098e-12,
                2.335593023084166e-09,
                0.9999999976349052
            ]
        ],
        [
            [
                0.9999999748492678,
                2.510999091281929e-08,
                1.081594127962021e-11,
                2.59460943166798e-11,
                3.978962433689817e-12
            ],
            [
                0.9999999634367696,
                3.653482077980442e-08,
                5.789356113634292e-12,
                2.0206838339462106e-11,
                2.413362682167711e-12
            ],
            [
                0.0,
                1.5068250218970742e-09,
                1.429635775937459e-08,
                0.26894140512685594,
                0.7310585790699613
            ],
            [
                3.098636134198396e-12,
                2.9399041094269566e-11,
                7.991487918067369e-11,
                5.8291276659651556e-05,
                0.9999417086109278
            ],
            [
                3.331544535351695e-11,
                1.6586783555213833e-12,
                2.129785166599282e-12,
                7.582560412401682e-10,
                0.99999999920464
            ]
        ],
        [
            [
                0.9999999804245729,
                1.9555680694848414e-08,
                3.9789624558737466e-12,
                1.2256067197794584e-11,
                3.511422042808977e-12
            ],
            [
                0.9999251537159782,
                7.484619807753964e-05,
                2.0205337736592054e-11,
                5.4923802407256e-11,
                1.0815137940596925e-11
            ],
            [
                1.0759480774127173e-11,
                9.685375935700458e-10,
                1.71677396236089e-08,
                0.994779856248484,
                0.00522012560447938
            ],
