{
    "[['E', 'D', 'C', 'B', 'A'], ['E', 'D', 'C', 'B', 'A']]": [
        [
            [
                0.9999998554798304,
                1.4449803159512297e-07,
                5.1090892750071296e-12,
                1.573710286750337e-11,
                1.2917800672231678e-12
            ],
            [
                0.9999832985389394,
                1.670141510199556e-05,
                9.544871651784674e-12,
                3.331487554968381e-11,
                3.098766132370662e-12
            ],
            [
                2.681003867562788e-14,
                1.4637785140063306e-12,
                0.9999999999982281,
                2.543665647169127e-13,
                2.681003867562788e-14
            ],
            [
                1.0060336515040468e-12,
                5.1090604478419434e-12,
                9.54498152795757e-12,
                6.144172123089591e-06,
                0.9999938558122168
            ],
            [
                5.7893563163687485e-12,
                1.6586783553724868e-12,
                1.4637785110003304e-12,
                5.211412476760709e-10,
                0.9999999994699469
            ]
        ],
        [
            [
                0.9999999827277338,
                1.7257827682874064e-08,
                2.734698243247519e-12,
                1.0815941366080058e-11,
                8.878265321508516e-13
            ],
            [
                0.9999996940828386,
                3.059023588722638e-07,
                3.5114225538269287e-12,
                1.081594291396849e-11,
                4.752193658855972e-13
            ],
            [
                1.7832440583466377e-11,
                1.7603431212004592e-06,
                0.9999982324155257,
                7.194119989618726e-09,
                2.9400724098457216e-11
            ],
            [
                2.129070460881936e-12,
                2.9390911124608747e-11,
                7.989277963187876e-11,
                0.00033535005386319965,
                0.999664649834724
            ],
            [
                5.789356318277777e-12,
                1.6586783559194327e-12,
                1.1399918509860624e-12,
                1.9171715102967955e-10,
                0.9999999997996949
            ]
        ],
        [
            [
                0.9999996940662197,
                3.059023589124589e-07,
                5.789357055671336e-12,
                2.289735133156171e-11,
                2.7346986349743394e-12
            ],
            [
                0.9999921107237609,
                7.889265048359362e-06,
                1.879514575009361e-12,
                8.423399928360546e-12,
                8.878198206236652e-13
            ],
            [
                1.7832475079221865e-11,
                6.825604207341325e-08,
                0.9999999282850793,
                3.398268233228823e-09,
                4.27778838978293e-11
            ],
            [
                1.2917037191378687e-12,
                1.3887123716955093e-11,
                2.93990411394962e-11,
                5.829127674932517e-05,
                0.9999417086786728
            ],
            [
                1.2256067418053331e-11,
                1.6586783553892681e-12,
                1.8795288125447767e-12,
                8.592166600914348e-10,
                0.999999999124989
            ]
        ],
        [
            [
                0.9999999468261642,
                5.315784967733003e-08,
                3.511421923998172e-12,
                1.0815940973959339e-11,
                1.6586782694582376e-12
            ],
            [
                0.9999938558133188,
                6.144172124553237e-06,
                2.7346829943531986e-12,
                1.0815881055533079e-11,
                1.0060336517437012e-12
            ],
            [
                7.991960106602284e-11,
                5.043471950673734e-07,
                0.9999994758254865,
                1.955568161063078e-08,
                1.9171715650098873e-10
            ],
            [
                2.9344136978817813e-11,
                1.2477444546973867e-09,
                6.336569192271088e-09,
                0.22270014219218356,
                0.7772998501941587
            ],
            [
                1.57371020439731e-11,
                3.978962519936207e-12,
                3.978962519936207e-12,
                9.736200274101022e-10,
                0.9999999990026849
            ]
        ],
        [
            [
                0.9999991684515492,
                8.315279899792748e-07,
                5.109089420573874e-12,
                1.3887944931918313e-11,
                1.463778626582064e-12
            ],
            [
                0.9999982396348837,
                1.7603431332519165e-06,
                3.511415772309068e-12,
                1.5737073688170244e-11,
                2.734693353163584e-12
            ],
            [
                4.1937956578585187e-13,
                3.775134543810085e-11,
                0.9999999999051634,
                4.277787868437537e-11,
                1.388794386323862e-11
            ],
            [
                1.2917579084733887e-12,
                7.433553516852527e-12,
                2.0206493445738056e-11,
                1.670141510227993e-05,
                0.9999832985559659
            ],
            [
                1.1399918515691252e-12,
                0.0,
                0.0,
                4.2777878634332374e-11,
                0.999999999956082
            ]
        ],
        [
            [
                0.9999996940734078,
                3.059023587762434e-07,
                5.1090896673111965e-12,
                1.7832475139340693e-11,
                1.2917801664131694e-12
            ],
            [
                0.9980732655532191,
                0.0019267343454249567,
                2.0167911975804834e-11,
                7.039292953146072e-11,
                1.0795105374414545e-11
            ],
            [
                3.5114220837178734e-12,
                4.363462216088449e-09,
                0.9999999916442283,
                3.3982677907921714e-09,
                5.905303949065879e-10
            ],
            [
                1.6579635517774528e-12,
                1.5730320205575205e-11,
                3.77350765073458e-11,
                0.00043055711892498285,
                0.9995694428259517
            ],
            [
                2.1297851668559925e-12,
                1.8795288129210288e-12,
                1.6586783557213094e-12,
                6.691586078411616e-10,
                0.9999999993251734
            ]
        ],
        [
            [
                0.9999998554840711,
                1.4449803163884682e-07,
                3.5114222841608667e-12,
                1.2256068040195452e-11,
                2.1297852745417327e-12
            ],
            [
                0.9999417086685164,
                5.829127674873311e-05,
                1.3887123716814043e-11,
                3.774911604897825e-11,
                3.0986361389337754e-12
            ],
            [
                2.734698269287464e-12,
                7.194132971649478e-09,
                0.9999999919061643,
                8.592166549095734e-10,
                3.7751345134888084e-11
            ],
            [
                1.4637395354099746e-12,
                9.544780749684478e-12,
                1.3887574045203996e-11,
                2.7535689826099437e-05,
                0.9999724642852778
            ],
            [
                3.978962518892411e-12,
                2.4133627615556555e-12,
                3.0988191255251795e-12,
                2.998960812085918e-09,
                0.9999999969915481
            ]
        ],
        [
            [
                0.9999999123456657,
                8.76424914453152e-08,
                2.4133630265695706e-12,
                8.423464643585896e-12,
                1.006039385473229e-12
            ],
            [
                0.9996646498823252,
                0.00033535005568932126,
                8.420637025510405e-12,
                4.845742036067511e-11,
                5.107374530283453e-12
            ],
            [
                1.3887943104410191e-11,
                5.315784963312874e-08,
                0.9999999453857075,
                1.4166087090645964e-09,
                2.594609356186305e-11
            ],
            [
                1.3638147044498254e-11,
                2.4174194059459013e-10,
                1.0834122130050884e-09,
                0.01798621153557379,
                0.9820137871256339
            ],
            [
                1.0815941533244047e-11,
                2.734698285513195e-12,
                2.734698285513195e-12,
                1.1032560298912395e-09,
                0.9999999988804587
            ]
        ],
        [
            [
                0.9999994956365097,
                5.043472050377863e-07,
                2.734698418760427e-12,
                1.0815942060247076e-11,
                2.734698418760427e-12
            ],
            [
                0.999999977828297,
                2.215948927186108e-08,
                3.0988190685905637e-12,
                8.423463563832114e-12,
                6.914399950456206e-13
            ],
            [
                5.675685232158271e-14,
                2.413362771631472e-12,
                0.9999999999963258,
                1.0060392791992183e-12,
                1.9810087978833797e-13
            ],
            [
                1.85081483978547e-10,
                7.869864956945104e-09,
                8.460902192475703e-08,
                0.8519527190538536,
                0.14804718828217805
            ],
            [
                1.658678356475094e-12,
                6.914400096772366e-13,
                7.835041773542721e-13,
                2.1724399318843778e-10,
                0.9999999997796223
            ]
        ],
        [
            [
                0.9999998554867618,
                1.4449803162036059e-07,
                3.098819289042045e-12,
                1.0815942081954812e-11,
                1.2917800674487863e-12
            ],
            [
                0.9999970976773017,
                2.9023121995680512e-06,
                1.2917751191111837e-12,
                8.423431895866915e-12,
                7.835012151948718e-13
            ],
            [
                1.4637785066198107e-12,
                4.363462230568338e-09,
                0.9999999949520275,
                6.69158605697905e-10,
                1.3887943793748144e-11
            ],
            [
                3.5061486122090186e-12,
                5.48453920720429e-11,
                2.1691773354358964e-10,
                0.0015011820286074337,
                0.9984988176961233
            ],
            [
                1.0060392746471687e-12,
                1.6586783512705151e-12,
                1.4637785073803532e-12,
                2.998960811037144e-09,
                0.9999999969969107
            ]
        ],
        [
            [
                0.999999761751287,
                2.3823698437425136e-07,
                3.511422373141184e-12,
                7.433681222274004e-12,
                7.835042364677719e-13
            ],
            [
                0.9999952148702337,
                4.78509484687232e-06,
                6.560163003267315e-12,
                2.59459479927873e-11,
                2.4133490996355505e-12
            ],
            [
                2.1297851664250928e-12,
                1.60522805177081e-09,
                0.9999999979276277,
                4.5990553688687454e-10,
                5.109089017194759e-12
            ],
            [
                9.51475220898292e-12,
                1.313471027309505e-10,
                3.5703844257428607e-10,
                0.003172683066556099,
                0.9968273164355436
            ],
            [
                2.734698283190268e-12,
                0.0,
                0.0,
                7.052879829444132e-11,
                0.9999999999267366
            ]
        ],
        [
            [
                0.9999999965938831,
                3.3982678056461936e-09,
                2.129785162276324e-12,
                5.1090890072423805e-12,
                6.101936652738251e-13
            ],
            [
                0.9998766053404035,
                0.00012339462886111442,
                7.432759415198394e-12,
                2.020433485364167e-11,
                3.0984351016040517e-12
            ],
            [
                5.109089001747603e-12,
                3.3982678019913887e-09,
                0.9999999949291536,
                1.6052280469174575e-09,
                6.22414459084867e-11
            ],
            [
                4.193795634029251e-13,
                8.878265426910087e-13,
                1.2917799972855777e-12,
                4.944450473229849e-09,
                0.9999999950529506
            ],
            [
                3.978963035812688e-12,
                5.7893570561906365e-12,
                7.433681606429298e-12,
                1.855391595754672e-07,
                0.9999998144436384
            ]
        ],
        [
            [
                0.9999999468170648,
                5.315784969557867e-08,
                5.7893560184859915e-12,
                1.783247195252556e-11,
                1.4637784356837745e-12
            ],
            [
                0.9999646436987706,
                3.535625750282852e-05,
                1.0815550899857302e-11,
                2.9399715475855985e-11,
                3.511295285478493e-12
            ],
            [
                2.129785098422517e-12,
                1.4166087383982995e-09,
                0.999999966023307,
                3.224186627451855e-08,
                3.1608813466647773e-10
            ],
            [
                2.577243113345512e-11,
                4.568272724816544e-10,
                1.594483853282844e-09,
                0.006692851400196325,
                0.9933071465227201
            ],
            [
                3.5114221046995115e-12,
                1.6586783548155065e-12,
                1.4637785105087971e-12,
                1.605228051218967e-09,
                0.999999998388138
            ]
        ],
        [
            [
                0.9999999123375524,
                8.764249143450107e-08,
                6.56020085978953e-12,
                1.2256068736245179e-11,
                1.1399919732326272e-12
            ],
            [
                0.9999546020989538,
                4.5397855722434534e-05,
                1.0815447444275185e-11,
                2.939943425442706e-11,
                5.108855625603887e-12
            ],
            [
                3.775134784674689e-11,
                2.382369819207978e-07,
                0.9999997511085548,
                1.0467402461295006e-08,
                1.493094771275465e-10
            ],
            [
                7.394875905150088e-12,
                7.016062913071667e-11,
                2.4488465777748906e-10,
                0.005220125689128345,
                0.9947798739884315
            ],
            [
                3.09881913528347e-12,
                4.752193057498264e-13,
                6.101936670834801e-13,
                1.3176514255475207e-10,
                0.9999999998640505
            ]
        ],
        [
            [
                0.9999999123466534,
                8.764249144958148e-08,
                2.129785395863505e-12,
                7.433681457357265e-12,
                1.291780141199424e-12
            ],
            [
                0.9999646437263878,
                3.5356258039129416e-05,
                3.098707213304157e-12,
                1.0815550899192373e-11,
                1.6586184495552825e-12
            ],
            [
                1.2917800038837822e-12,
                4.599055375440213e-10,
                0.9999999993443509,
                1.917171512419308e-10,
                2.734698289681888e-12
            ],
            [
                1.2917037185039915e-12,
                7.433241675109621e-12,
                1.388712371014027e-11,
                5.829127672071992e-05,
                0.9999417087006671
            ],
            [
                5.384940209034956e-13,
                5.384940209034956e-13,
                6.101936667725313e-13,
                8.592166605262017e-10,
                0.9999999991390962
            ]
        ],
        [
            [
                0.999999989515539,
                1.0467401680185578e-08,
                3.5114220749462215e-12,
                1.225606730996459e-11,
                1.2917799906482825e-12
            ],
            [
                0.999903897541655,
                9.610240088317985e-05,
                1.5735602075168988e-11,
                3.774774705382028e-11,
                3.978583268430056e-12
            ],
            [
                5.38494021678794e-13,
                9.056076988048144e-11,
                0.9999999998499938,
                5.492788349969239e-11,
                3.978962535123386e-12
            ],
            [
                1.291575565408699e-12,
                8.42213064226822e-12,
                1.782965070959594e-11,
                0.00015843624674752112,
                0.9998415637257092
            ],
            [
                1.0815941502982052e-11,
                2.4133627597164335e-12,
                3.978962515860047e-12,
                3.398267802433374e-09,
                0.9999999965845239
            ]
        ],
        [
            [
                0.9999999123379796,
                8.764249143990535e-08,
                3.5114224837989765e-12,
                1.3887945330013289e-11,
                2.129785395628367e-12
            ],
            [
                0.9999994956423437,
                5.04347204958537e-07,
                2.1297852696600952e-12,
                7.433681016864083e-12,
                8.878265889920439e-13
            ],
            [
                5.78935631712311e-12,
                1.605228051967162e-09,
                0.9999999980434939,
                3.1608814479761894e-10,
                2.9400777333896766e-11
            ],
            [
                6.38760108908214e-11,
                2.71607709692552e-09,
                3.308859283010017e-08,
                0.6224593014514519,
                0.37754066268000225
            ],
            [
                1.2256067216701023e-11,
                1.0815941356607256e-11,
                2.2897348031619277e-11,
                1.725782766775934e-08,
                0.999999982696203
            ]
        ],
        [
            [
                0.9999999468194245,
                5.3157849695704106e-08,
                5.109088754285429e-12,
                1.5737101263567614e-11,
                1.879528715821824e-12
            ],
            [
                0.9999996072016534,
                3.927863697491021e-07,
                2.4133628652313748e-12,
                8.42346408046026e-12,
                1.1399918971625227e-12
            ],
            [
                7.835041778073371e-13,
                5.211412483238522e-10,
                0.9999999991561979,
                3.1608814514933143e-10,
                5.789356323564949e-12
            ],
            [
                2.413330693986926e-12,
                1.5736892933029485e-11,
                3.33150026006553e-11,
                1.300712476414836e-05,
                0.9999869928237707
            ],
            [
                1.3887944530839772e-11,
                1.7832473763147777e-11,
                3.331544701901701e-11,
                1.444980315390725e-07,
                0.9999998554369326
            ]
        ],
        [
            [
                0.9999999677423426,
                3.224186631571765e-08,
                3.5114219982763127e-12,
                1.0815941202752121e-11,
                1.4637784661450075e-12
            ],
            [
                0.9998415637019749,
                0.0001584362467313026,
                5.788440094415331e-12,
                4.277110858293431e-11,
                2.7342654931468434e-12
            ],
            [
                2.4133627671470652e-12,
                1.1032560302013058e-09,
                0.9999999981131773,
                7.582560413188466e-10,
                2.289734841199459e-11
            ],
            [
                3.767861771838399e-11,
                1.247744454923078e-09,
                5.592002686203685e-09,
                0.22270014228681306,
                0.7772998508357611
            ],
            [
                9.545034894016447e-12,
                2.4133627645453197e-12,
                3.098819129363984e-12,
                6.691586071085471e-10,
                0.9999999993157842
            ]
        ],
        [
            [
                0.9999997617427354,
                2.3823698441620813e-07,
                3.978962830889925e-12,
                1.3887944894799085e-11,
                2.413362950791714e-12
            ],
            [
                0.9999989322849472,
                1.0677030759894257e-06,
                2.413358359024046e-12,
                8.423448352251243e-12,
                1.1399897685809007e-12
            ],
            [
                1.1399918524459334e-12,
                3.5817479284029953e-10,
                0.9999999995178426,
                1.16282330241169e-10,
                6.560200164710099e-12
            ],
            [
                2.7344376251178745e-12,
                2.0204913011022674e-11,
                5.492264788345867e-11,
                9.61023992228585e-05,
                0.9999038975229152
            ],
            [
                2.2897348391863293e-11,
                2.734698283877432e-12,
                2.734698283877432e-12,
                9.736200285544247e-10,
                0.9999999989980133
            ]
        ],
        [
            [
                0.9999986290263322,
                1.3709566542215129e-06,
                3.098813641233242e-12,
                1.2256045701110354e-11,
                1.658675416320639e-12
            ],
            [
                0.9999646437032529,
                3.535625750822034e-05,
                3.5112952860139647e-12,
                3.331424211715145e-11,
                2.413275604746678e-12
            ],
            [
                4.508754993670854e-12,
                5.315784961298809e-08,
                0.9999999449892792,
                1.8189615872509768e-09,
                2.9400775771612776e-11
            ],
            [
                2.0167912989213003e-11,
                5.89392812472015e-10,
                2.3310937932647592e-09,
                0.11920292321048673,
                0.8807970738488587
            ],
            [
                6.560200160629864e-12,
                1.2917800033044494e-12,
                8.878265468277147e-13,
                2.789468089669675e-10,
                0.9999999997123135
            ]
        ],
        [
            [
                0.9999993523644559,
                6.475946143159352e-07,
                8.423463940815876e-12,
                2.5946095556754542e-11,
                6.560200313281146e-12
            ],
            [
                0.9999970976740573,
                2.9023121992240686e-06,
                2.7346879482940995e-12,
                9.544998821184083e-12,
                1.4637729777575661e-12
            ],
            [
                7.950226087471101e-11,
                1.1799181692213036e-08,
                1.363801274522363e-06,
                0.9947785058062669,
                0.005220118513774642
            ],
            [
                0.0,
                2.0419049474966586e-10,
                8.075890728260398e-10,
                0.06008665432102143,
                0.939913344667199
            ],
            [
                7.835041772800617e-13,
                6.101936668054288e-13,
                6.914400096117462e-13,
                4.599055371453661e-10,
                0.9999999995380093
            ]
        ],
        [
            [
                0.9999999317234969,
                6.825604227262318e-08,
                5.109089664998092e-12,
                1.3887945596332223e-11,
                1.4637786966107748e-12
            ],
            [
                0.9999999634551746,
                3.653482078301195e-08,
                1.8795287468725305e-12,
                7.433680396815628e-12,
                6.914399850651279e-13
            ],
            [
                2.1297851684424397e-12,
                9.73620030151994e-10,
                0.9999999988683803,
                1.493094674435173e-10,
                6.56020016041213e-12
            ],
            [
                2.129228951630573e-12,
                1.57329921710656e-11,
                3.774148621934704e-11,
                0.0002611903264488896,
                0.9997388096179474
            ],
            [
                1.879528811038373e-12,
                1.6586783540598715e-12,
                2.7346982835883884e-12,
                8.592166594027903e-10,
                0.9999999991345105
            ]
        ],
        [
            [
                0.9999998144436089,
                1.8553915977660234e-07,
                3.5114225584098805e-12,
                1.2256068997418567e-11,
                1.4637786996434178e-12
            ],
            [
                0.9999038975755585,
                9.610239926178377e-05,
                3.511087412420747e-12,
                2.0204913019206463e-11,
                1.4636389900095004e-12
            ],
            [
                7.287724095018476e-14,
                3.9789625353997905e-12,
                0.9999999999926783,
                2.1297851707216357e-12,
                1.1399918529190242e-12
            ],
            [
                2.7346254687176414e-12,
                2.020630099791918e-11,
                7.991747073319697e-11,
                2.7535689815569364e-05,
                0.9999724642073261
            ],
            [
                1.291780000502428e-12,
                1.291780000502428e-12,
                2.1297851638933752e-12,
                2.0611536156037316e-09,
                0.999999997934133
            ]
        ],
        [
            [
                0.9999998874426782,
                1.1253518378907867e-07,
                5.1090894398324955e-12,
                1.573710337520124e-11,
                1.2917801088975469e-12
            ],
            [
                0.9999546021112472,
                4.539785573039098e-05,
                3.978780762516382e-12,
                2.5944909671818448e-11,
                3.0986775735171997e-12
            ],
            [
                5.38494021660879e-13,
                9.05607698774686e-11,
                0.999999999816725,
                7.991959891254236e-11,
                1.2256067441492916e-11
            ],
            [
                2.8725242651437022e-11,
                3.96539743194541e-10,
                1.2214283982534546e-09,
                0.022977367747580715,
                0.9770226306057258
            ],
            [
                1.2256067419812807e-11,
                5.384940207083216e-13,
                5.384940207083216e-13,
                1.4930946732384414e-10,
                0.9999999998373574
            ]
        ],
        [
            [
                0.9999996940838032,
                3.059023589365699e-07,
                2.413363075057395e-12,
                9.545036122115529e-12,
                1.879529052690313e-12
            ],
            [
                0.999998239640318,
                1.7603431331230703e-06,
                2.413358413508901e-12,
                1.2256045310702323e-11,
                1.8795254222726954e-12
            ],
            [
                4.508755202103908e-12,
                4.363462214047922e-09,
                0.999999991165948,
                4.363462214047922e-09,
                1.0261879540227786e-10
            ],
            [
                0.0,
                5.108855621154339e-12,
                1.5736383162969187e-11,
                4.5397855682895355e-05,
                0.9999546021234719
            ],
            [
                5.7893563213154195e-12,
                1.1399918515842095e-12,
                1.4637785122510447e-12,
                1.691897920448082e-10,
                0.9999999998224172
            ]
        ],
        [
            [
                0.9999999748779631,
                2.5109990913539828e-08,
                2.734698221465519e-12,
                8.423463538464265e-12,
                8.878265250792714e-13
            ],
            [
                0.9998415636712271,
                0.00015843624857554952,
                1.5734611520298586e-11,
                5.491919050827212e-11,
                9.543524305728703e-12
            ],
            [
                1.4637785135633623e-12,
                2.172439934244124e-10,
                0.9999999996584665,
                1.0261879627758135e-10,
                2.0206839082456454e-11
            ],
            [
                1.4627402902749499e-12,
                1.572594014855114e-11,
                4.274753734124111e-11,
                0.000709670342496025,
                0.9992903295975677
            ],
            [
                2.4133627283291137e-12,
                2.7346982422952705e-12,
                5.109088935965144e-12,
                1.7257827676864722e-08,
                0.9999999827319151
            ]
        ],
        [
            [
                0.9999998554842695,
                1.444980316466842e-07,
                3.978962729577081e-12,
                1.2256068040860207e-11,
                1.4637785853988135e-12
            ],
            [
                0.9999991684543112,
                8.315279899815715e-07,
                3.978962841535753e-12,
                1.2256068385717192e-11,
                1.463778626586107e-12
            ],
            [
                1.6586783584180887e-12,
                1.3176514266154119e-10,
                0.9999999997914415,
                5.492788349311685e-11,
                2.0206839084177917e-11
            ],
            [
                9.530700058537761e-12,
                1.9142922792958702e-10,
                5.896435332440841e-10,
                0.0015011820259362503,
                0.9984988171834602
            ],
            [
                3.0988191314123694e-12,
                1.1399918503553568e-12,
                1.1399918503553568e-12,
                1.1032560297412073e-09,
                0.9999999988913653
            ]
        ],
        [
            [
                0.9999999987367638,
                1.2501528640692511e-09,
                1.8795288130548757e-12,
                9.545034905146363e-12,
                1.6586783558394288e-12
            ],
            [
                0.9999986290189031,
                1.370956654211328e-06,
                3.0988136412102208e-12,
                1.78324412721514e-11,
                3.511415883879741e-12
            ],
            [
                3.900837609856973e-14,
                2.413362771632922e-12,
                0.9999999999969267,
                5.384940217307124e-13,
                8.258073284870558e-14
            ],
            [
                5.092879859787653e-12,
                1.0229322646912373e-10,
                4.584464350362882e-10,
                0.0031726830661291923,
                0.9968273163680382
            ],
            [
                2.289734836872915e-11,
                2.1297851627959606e-12,
                2.1297851627959606e-12,
                4.05865211092582e-10,
                0.9999999995669779
            ]
        ],
        [
            [
                0.9999646437230042,
                3.535625749696562e-05,
                4.508592391302594e-12,
                1.2255624769206553e-11,
                2.734599517472122e-12
            ],
            [
                0.9999898699950788,
                1.0129988102775032e-05,
                3.0987898225296266e-12,
                1.2255951496310111e-11,
                1.4637646661372605e-12
            ],
            [
                4.420228103269005e-14,
                2.7346982913616227e-12,
                0.9999999999957232,
                8.87826547771214e-13,
                6.101936677091562e-13
            ],
            [
                7.834937641128901e-13,
                4.50869531159784e-12,
                9.544908049554115e-12,
                1.3007124760137387e-05,
                0.9999869928604028
            ],
            [
                1.463778507899363e-12,
                1.2917799992910886e-12,
                1.87952880854404e-12,
                2.9989608121004815e-09,
                0.9999999969964042
            ]
        ],
        [
            [
                0.9999996072030254,
                3.927863696565055e-07,
                1.8795288888345585e-12,
                7.433680958286339e-12,
                1.291780054473901e-12
            ],
            [
                0.999995214883057,
                4.785094847265715e-06,
                5.109060084440672e-12,
                1.3887865188040516e-11,
                3.098801583527284e-12
            ],
            [
                1.87952881580863e-12,
                2.1724399342347278e-10,
                0.9999999996818922,
                9.056076986153346e-11,
                8.423463751194981e-12
            ],
            [
                7.329132764540555e-12,
                1.4720956675712384e-10,
                4.534373878472165e-10,
                0.014063627259804796,
                0.9859363721322191
            ],
            [
                5.789356319374305e-12,
                1.0060392776574276e-12,
                1.0060392776574276e-12,
                3.5817479244946145e-10,
                0.9999999996340239
            ]
        ],
        [
            [
                0.9999991684618563,
                8.315279899369262e-07,
                2.129785334470058e-12,
                6.560200671813198e-12,
                1.4637786265075157e-12
            ],
            [
                0.9999938558048944,
                6.144172125209752e-06,
                4.508730021893802e-12,
                1.5737014079013805e-11,
                2.7346829946454038e-12
            ],
            [
                7.433680567535895e-12,
                1.186111998409981e-08,
                0.9999999859797319,
                2.061153593375905e-09,
                9.056076861980482e-11
            ],
            [
                3.508222146048783e-12,
                6.218472545101902e-11,
                1.915424390795707e-10,
                0.0009110514032806636,
                0.9990889483394839
            ],
            [
                8.42346373960133e-12,
                1.1399918510322828e-12,
                8.878265462789621e-13,
                1.493094673561869e-10,
                0.9999999998402394
            ]
        ],
        [
            [
                0.9999998554849063,
                1.4449803162009247e-07,
                3.5114222837051204e-12,
                1.0815942081934743e-11,
                2.734698424243928e-12
            ],
            [
                0.9999921106716878,
                7.889265043995688e-06,
                1.0815859596958222e-11,
                4.847331974199873e-11,
                3.9789323843177724e-12
            ],
            [
                1.0060392775824938e-12,
                5.905303988960455e-10,
                0.9999999983643149,
                9.736200296549417e-10,
                7.05287983918847e-11
            ],
            [
                1.7679498739018512e-11,
                1.480286305832772e-10,
                5.854645911457288e-10,
                0.008577485658266408,
                0.9914225135905609
            ],
            [
                1.463778512456312e-12,
                3.70101167437127e-13,
                6.101936670645409e-13,
                2.789468089687236e-10,
                0.9999999997186091
            ]
        ],
        [
            [
                0.9999996940802369,
                3.059023589167468e-07,
                2.4133630749010044e-12,
                1.2256068983204719e-11,
                2.7346986350126724e-12
            ],
            [
                0.9999962733263664,
                3.7266391139602096e-06,
                7.433652630149527e-12,
                2.59459971058601e-11,
                1.1399875526332962e-12
            ],
            [
                3.978962506372295e-12,
                1.6052280432986044e-09,
                0.9999999926853778,
                5.602796396047536e-09,
                1.0261879555710795e-10
            ],
            [
                2.7806022940271843e-10,
                5.298890032402668e-08,
                6.1246782908839185e-06,
                0.9968211586070498,
                0.0031726634476986564
            ],
            [
                1.6586783541613278e-12,
                0.0,
                0.0,
                2.172439928853942e-10,
                0.9999999997810973
            ]
        ],
        [
            [
                0.9999999123433122,
                8.764249144037271e-08,
                3.5114224838177015e-12,
                9.545035929804183e-12,
                1.1399919733090017e-12
            ],
            [
                0.9999417087042577,
                5.829127762881382e-05,
                3.978727558933014e-12,
                1.2255343664279981e-11,
                1.8794178213088604e-12
            ],
            [
                1.4637785122957777e-12,
                6.691586082926434e-10,
                0.999999998792499,
                5.211412481372821e-10,
                1.5737102087187137e-11
            ],
            [
                5.789356314982171e-12,
                3.0988191313627943e-12,
                2.4133627661019944e-12,
                1.605228051373539e-09,
                0.9999999983834704
            ],
            [
                1.4637785081721337e-12,
                1.4637785081721337e-12,
                1.2917799995318079e-12,
                2.646573628144439e-09,
                0.9999999973492071
            ]
        ],
        [
            [
                0.9999999468282119,
                5.315784969004339e-08,
                2.7346981447579123e-12,
                9.545034410339741e-12,
                1.6586782698549311e-12
            ],
            [
                0.9999994956430638,
                5.043472047883927e-07,
                1.8795289030112617e-12,
                6.560200469971338e-12,
                1.2917800642173972e-12
            ],
            [
                8.258073284741951e-14,
                5.789356328160015e-12,
                0.9999999999919942,
                1.658678358750741e-12,
                4.752193062302746e-13
