{
    "[['E', 'D', 'C', 'B', 'A'], ['E', 'D', 'C', 'B', 'A']]": [
        [
            [
                0.999999998168176,
                1.8189616828417893e-09,
                1.6586783546181213e-12,
                9.545034898118222e-12,
                1.6586783546181213e-12
            ],
            [
                0.9999999895182289,
                1.0467401676033981e-08,
                2.413362744463296e-12,
                1.0815941434622232e-11,
                1.1399918401157217e-12
            ],
            [
                1.879525398241845e-12,
                1.4166062102581678e-09,
                0.9999982263773051,
                1.7603431106160363e-06,
                1.1861098579536097e-08
            ],
            [
                0.0,
                4.886100526297764e-09,
                5.9524890153012574e-08,
                0.6791786485913499,
                0.3208212869976594
            ],
            [
                0.0,
                8.422837896940632e-12,
                1.5735932851066257e-11,
                7.48461970696067e-05,
                0.9999251537787717
            ]
        ],
        [
            [
                0.9999999976501714,
                2.3355930313043135e-09,
                2.4133627640886235e-12,
                1.0815941522576847e-11,
                1.0060392760548914e-12
            ],
            [
                0.999999989515367,
                1.046740167799344e-08,
                1.8795287955752105e-12,
                1.388794371006079e-11,
                1.4637784977992284e-12
            ],
            [
                4.4202281033470923e-14,
                2.7346982914099336e-12,
                0.999999999995711,
                1.139991852968511e-12,
                3.7010116783464415e-13
            ],
            [
                1.877329022136389e-12,
                2.936636681878248e-11,
                1.1614623384171379e-10,
                0.0011695103440863303,
                0.9988304895085238
            ],
            [
                6.912594328118298e-13,
                5.787844368634447e-12,
                1.3884316861243771e-11,
                0.00026119032648445705,
                0.9997388096531521
            ]
        ],
        [
            [
                0.9999999988856574,
                1.1032560300399965e-09,
                1.8795288126146973e-12,
                8.42346373688077e-12,
                7.835041768705115e-13
            ],
            [
                0.9999999895091282,
                1.0467401673384264e-08,
                3.9789624897046396e-12,
                1.783247270139442e-11,
                1.6586783396833024e-12
            ],
            [
                2.646528349908546e-09,
                0.9999832914845393,
                1.6701414985488327e-05,
                4.363387584005131e-09,
                9.055922019234891e-11
            ],
            [
                0.0,
                1.1418353290279144e-08,
                1.6946354996892089e-06,
                0.9626714716321819,
                0.03732682231396502
            ],
            [
                0.0,
                1.0060374397599206e-12,
                1.8795253798569347e-12,
                1.0677030759991325e-06,
                0.9999989322940385
            ]
        ],
        [
            [
                0.9999999987335646,
                1.2501528635863309e-09,
                2.7346982854659987e-12,
                1.2256067416645211e-11,
                1.2917800018923372e-12
            ],
            [
                0.9999999961340513,
                3.850741904572224e-09,
                3.0988191240793926e-12,
                1.0815941506178581e-11,
                1.291779998682122e-12
            ],
            [
                1.751054405360357e-09,
                1.6946257011845003e-06,
                0.962666450323568,
                0.037326633485038944,
                5.219814637398031e-06
            ],
            [
                0.0,
                9.024216898304344e-10,
                1.599580718865056e-08,
                0.43782349147953414,
                0.5621764916222369
            ],
            [
                0.0,
                2.2804164242123983e-11,
                1.1580910181418371e-10,
                0.004070137769173744,
                0.9959298620922131
            ]
        ],
        [
            [
                0.9999999983779535,
                1.605228051507705e-09,
                3.0988191316217955e-12,
                1.225606741601832e-11,
                1.4637785107720922e-12
            ],
            [
                0.999999999395232,
                5.905303992295202e-10,
                2.1297851685578402e-12,
                1.0815941545107924e-11,
                1.2917800033315688e-12
            ],
            [
                5.789356520811569e-12,
                7.194133269014383e-09,
                0.9999994821040786,
                5.043471983180798e-07,
                6.348800326685983e-09
            ],
            [
                2.2853236769944345e-11,
                1.24774444990839e-09,
                1.0447236370462694e-08,
                0.22270014131494903,
                0.7772998469672169
            ],
            [
                3.701011673908278e-13,
                0.0,
                2.543665644157389e-13,
                4.058652121338631e-10,
                0.9999999995935103
            ]
        ],
        [
            [
                0.9999999950318585,
                4.944450472559899e-09,
                3.978962512195193e-12,
                1.7832472802190087e-11,
                1.879528805371371e-12
            ],
            [
                0.9999999969888294,
                2.998960813552944e-09,
                1.6586783526619646e-12,
                9.545034886861319e-12,
                1.0060392754911256e-12
            ],
            [
                5.109088890527758e-12,
                1.955568056141581e-08,
                0.9999999731828361,
                7.1941328366608845e-09,
                6.224144455355161e-11
            ],
            [
                4.50198393618359e-12,
                7.979957465686143e-11,
                9.042476457781325e-11,
                0.0015011820273779241,
                0.9984988177978957
            ],
            [
                4.1937956518158003e-13,
                0.0,
                5.384940209326021e-13,
                5.905303989701599e-10,
                0.9999999994085118
            ]
        ],
        [
            [
                0.9999999973271105,
                2.6465736302722364e-09,
                3.978962522852215e-12,
                2.0206839024278773e-11,
                2.129785164005402e-12
            ],
            [
                0.9999999965854667,
                3.398267804971724e-09,
                2.1297851618536157e-12,
                1.2256067391720114e-11,
                1.879528808506447e-12
            ],
            [
                3.9008376100018416e-14,
                2.1297851708581237e-12,
                0.9999999999969227,
                5.384940217507108e-13,
                3.701011678422962e-13
            ],
            [
                1.6719284180298475e-10,
                1.0343854844693996e-08,
                1.5351656388468707e-06,
                0.6791776360161222,
                0.3208208183071912
            ],
            [
                2.127844294708971e-12,
                2.2876482070333485e-11,
                1.1617636204969038e-10,
                0.0009110514025269227,
                0.9990889484562925
            ]
        ],
        [
            [
                0.9999999961311434,
                3.850741904561026e-09,
                3.9789625170244135e-12,
                1.2256067386151898e-11,
                1.8795288076525333e-12
            ],
            [
                0.9999999748774444,
                2.5109990905037735e-08,
                1.8795287677055937e-12,
                9.545034674843704e-12,
                1.1399918234253467e-12
            ],
            [
                3.7010116762475934e-13,
                7.052879846643231e-11,
                0.999999999421296,
                3.160881452310858e-10,
                1.917171512543531e-10
            ],
            [
                8.511926449473492e-11,
                6.761860714268236e-09,
                5.37161130216208e-07,
                0.9399128427150631,
                0.06008661327682667
            ],
            [
                5.759135148938889e-12,
                5.46411529390195e-11,
                2.4488465791747433e-10,
                0.005220125692112365,
                0.9947798740026026
            ]
        ],
        [
            [
                0.999999999219809,
                7.582560414613528e-10,
                3.098819133287082e-12,
                1.5737102079262995e-11,
                3.098819133287082e-12
            ],
            [
                0.9999999983832126,
                1.6052280516423634e-09,
                2.1297851662546726e-12,
                8.423463735875386e-12,
                1.0060392770626686e-12
            ],
            [
                2.940016192031655e-11,
                1.4449486190461657e-07,
                0.9999783970966799,
                2.1444938929354696e-05,
                1.3440128591122605e-08
            ],
            [
                0.0,
                1.2551601133064095e-10,
                1.5290980500071218e-09,
                0.04742587527445272,
                0.9525741230709333
            ],
            [
                1.6586782686605582e-12,
                1.463778434477322e-12,
                1.8795287142682733e-12,
                5.315784965176575e-08,
                0.9999999468371483
            ]
        ],
        [
            [
                0.999999999020103,
                9.736200295103584e-10,
                1.0060392774330962e-12,
                3.978962528519475e-12,
                1.2917800024102657e-12
            ],
            [
                0.9999999988804786,
                1.1032560301604992e-09,
                2.1297851667414982e-12,
                1.2256067419847935e-11,
                1.879528812819988e-12
            ],
            [
                3.900837609813126e-14,
                2.413362771605795e-12,
                0.9999999999963274,
                6.101936677030318e-13,
                6.101936677030318e-13
            ],
            [
                0.0,
                6.199303065451467e-10,
                9.697341579137658e-09,
                0.817574476486639,
                0.18242551319608913
            ],
            [
                6.100343083370504e-13,
                5.787844368617621e-12,
                1.5732992173162292e-11,
                0.00026119032762339186,
                0.9997388096502458
            ]
        ],
        [
            [
                0.9999999969904831,
                2.998960812082725e-09,
                1.463778507890696e-12,
                7.433680640687164e-12,
                1.6586783518488093e-12
            ],
            [
                0.9999999981664338,
                1.818961682654977e-09,
                2.129785165220736e-12,
                1.081594152816071e-11,
                1.6586783544477706e-12
            ],
            [
                4.5833192671083755e-10,
                2.374215895681844e-07,
                0.0019238470664893544,
                0.9965776214516976,
                0.0014982936018915344
            ],
            [
                0.0,
                4.2627382740722757e-10,
                5.884528674021834e-09,
                0.5621764971759702,
                0.43782349651322733
            ],
            [
                2.4133536430649594e-12,
                7.4336525537664e-12,
                1.3887891332529794e-11,
                2.9023121982138734e-06,
                0.9999970976640669
            ]
        ],
        [
            [
                0.9999999994704856,
                5.211412480651289e-10,
                1.291780002992061e-12,
                5.789356320690792e-12,
                1.291780002992061e-12
            ],
            [
                0.9999999965821953,
                3.398267804960607e-09,
                4.508755223010783e-12,
                1.3887943805564987e-11,
                1.139991848168586e-12
            ],
            [
                1.2015425727443555e-13,
                2.289734844820738e-11,
                0.9999999996691777,
                9.056076986410661e-11,
                2.1724399342964543e-10
            ],
            [
                0.0,
                6.557998708913737e-12,
                2.020005811837879e-11,
                0.00033535005400492417,
                0.999664649919237
            ],
            [
                1.0060392748572045e-12,
                7.835041750593792e-13,
                1.0060392748572045e-12,
                2.0611536133704254e-09,
                0.9999999979360508
            ]
        ],
        [
            [
                0.9999999973349758,
                2.6465736302930524e-09,
                3.098819128633451e-12,
                1.3887943819751064e-11,
                1.4637785093604982e-12
            ],
            [
                0.9999999778233529,
                2.215948926036787e-08,
                2.1297851216506895e-12,
                1.388794354345441e-11,
                1.1399918266532393e-12
            ],
            [
                6.431393940996219e-14,
                6.560200167688869e-12,
                0.9999999999913733,
                1.4637785140221735e-12,
                5.384940217372415e-13
            ],
            [
                0.0,
                7.80833052002028e-11,
                5.09167109528054e-10,
                0.022977367771923926,
                0.9770226316408256
            ],
            [
                6.914399978949819e-13,
                8.878265314116752e-13,
                1.1399918319423085e-12,
                1.725782766850574e-08,
                0.9999999827394531
            ]
        ],
        [
            [
                0.9999999981668029,
                1.8189616826556482e-09,
                2.4133627653354424e-12,
                1.0815941528164703e-11,
                1.006039276574643e-12
            ],
            [
                0.9999999993197548,
                6.691586081666926e-10,
                1.8795288138353784e-12,
                8.423463742351484e-12,
                7.835041773793672e-13
            ],
            [
                6.431393941025545e-14,
                7.433680671859274e-12,
                0.9999999999886195,
                3.0988191385163483e-12,
                7.835041784544861e-13
            ],
            [
                0.0,
                5.108982270617667e-12,
                1.0815715551771462e-11,
                2.1444939750564208e-05,
                0.9999785550443248
            ],
            [
                0.0,
                1.571346791942332e-11,
                1.0246468205566941e-10,
                0.0015011820274998889,
                0.9984988178543219
            ]
        ],
        [
            [
                0.9999999996726898,
                3.1608814514125076e-10,
                1.6586783573918291e-12,
                8.423463746737252e-12,
                1.1399918519980248e-12
            ],
            [
                0.9999999907386091,
                9.237449567425195e-09,
                3.9789624951125146e-12,
                1.7832472725630832e-11,
                2.1297851491574107e-12
            ],
            [
                6.224097604429134e-11,
                6.1441717982105385e-06,
                0.9999932065698017,
                6.475909431062663e-07,
                1.6052159289601438e-09
            ],
            [
                0.0,
                8.418806612243848e-12,
                2.593174997481603e-11,
                0.000552778582333085,
                0.9994472213833164
            ],
            [
                2.2447730718210995e-13,
                1.4637759167533188e-12,
                3.0988136400840087e-12,
                1.3709566537130765e-06,
                0.9999986290385593
            ]
        ],
        [
            [
                0.99999999932305,
                6.691586083685415e-10,
                1.4637785124618043e-12,
                5.7893563221489905e-12,
                5.384940211632137e-13
            ],
            [
                0.9999999988811448,
                1.103256030370917e-09,
                1.87952881317846e-12,
                1.2256067422185467e-11,
                1.463778511508653e-12
            ],
            [
                3.2661313418450925e-13,
                2.461696951105128e-10,
                0.9999999997408775,
                1.2256067440563323e-11,
                3.7010116775248443e-13
            ],
            [
                0.0,
                2.4133492715105608e-12,
                5.7893239431401775e-12,
                6.14417212313541e-06,
                0.9999938558196741
            ],
            [
                0.0,
                1.1399919974628866e-12,
                1.6586785690419543e-12,
                1.8553915976640576e-07,
                0.9999998144580415
            ]
        ],
        [
            [
                0.9999999981658689,
                1.8189616829996581e-09,
                2.129785165624316e-12,
                1.2256067413418997e-11,
                7.835041765451011e-13
            ],
            [
                0.9999999969835287,
                2.9989608132342707e-09,
                2.7346982809930373e-12,
                1.3887943811138684e-11,
                8.878265444050272e-13
            ],
            [
                7.56258508922913e-10,
                2.0968972443472425e-07,
                0.0019253695062936293,
                0.9973661161896996,
                0.0007083038580238362
            ],
            [
                0.0,
                3.0514777409164985e-10,
                2.554971031199601e-09,
                0.14804720319592427,
                0.851952793943957
            ],
            [
                0.0,
                1.0809961664452889e-11,
                2.5931749965587484e-11,
                0.000552778583427429,
                0.9994472213798309
            ]
        ],
        [
            [
                0.9999999990058395,
                9.736200293850858e-10,
                3.5114221064668035e-12,
                1.5737102075895737e-11,
                1.2917800022440566e-12
            ],
            [
                0.9999999991281159,
                8.592166606608802e-10,
                1.6586783564885562e-12,
                9.545034908881831e-12,
                1.4637785119852582e-12
            ],
            [
                8.878265473818992e-13,
                1.917171512756207e-10,
                0.9999999995106157,
                2.7894680914108704e-10,
                1.7832472898825362e-11
            ],
            [
                5.384868643103492e-13,
                2.7346619429850842e-12,
                7.433581866594859e-12,
                1.3007124765837397e-05,
                0.9999869928645274
            ],
            [
                0.0,
                5.108280452736317e-12,
                1.225412777272421e-11,
                0.00015843624668844848,
                0.9998415637359491
            ]
        ],
        [
            [
                0.9999999987343213,
                1.2501528639679004e-09,
                2.1297851668349975e-12,
                1.2256067420385989e-11,
                1.1399918508386567e-12
            ],
            [
                0.9999999918329651,
                8.152020643078315e-09,
                2.7346982676425757e-12,
                1.0815941462564378e-11,
                1.463778501306773e-12
            ],
            [
                1.5428112029313513e-13,
                3.7751345436415864e-11,
                0.9999999998933704,
                4.277787868246603e-11,
                2.594609497838312e-11
            ],
            [
                0.0,
                2.2853238257672182e-11,
                6.212154227727535e-11,
                0.0019267343311905965,
                0.9980732655838347
            ],
            [
                0.0,
                3.9786669016512915e-12,
                2.5944167205712304e-11,
                7.484619706917528e-05,
                0.9999251537730081
            ]
        ],
        [
            [
                0.9999999993089825,
                6.691586081594843e-10,
                2.7346982876285485e-12,
                1.7832472882302258e-11,
                1.2917800029138535e-12
            ],
            [
                0.9999999988836055,
                1.1032560305369325e-09,
                2.1297851674681857e-12,
                9.545034907210291e-12,
                1.463778511728919e-12
            ],
            [
                1.0603575987726267e-13,
                8.423463751451857e-12,
                0.9999999996967865,
                1.5737102101226796e-11,
                2.789468091869901e-10
            ],
            [
                1.4791509831049188e-11,
                3.3665321202954874e-10,
                1.3314892825945138e-09,
                0.06008665427566213,
                0.9399133440414039
            ],
            [
                1.4632873017792445e-12,
                1.3883283371979312e-11,
                4.276352336067421e-11,
                0.0003353500546978991,
                0.999664649887192
            ]
        ],
        [
            [
                0.9999999988708959,
                1.103256030149927e-09,
                3.511422106394678e-12,
                2.0206839050044493e-11,
                2.129785166721089e-12
            ],
            [
                0.9999999976438665,
                2.3355930307196114e-09,
                3.511422101229135e-12,
                1.5737102052422135e-11,
                1.291780000317226e-12
            ],
            [
                1.9810089196695847e-13,
                3.775134776046946e-11,
                0.9999998678711867,
                1.9555682288437676e-08,
                1.125351816281613e-07
            ],
            [
                2.5772430227160077e-11,
                1.8067868482512994e-09,
                3.6290283952881344e-08,
                0.9933071107067774,
                0.006692851170379339
            ],
            [
                4.752093764529301e-13,
                2.129740668571264e-12,
                3.978879394437263e-12,
                2.1444939758014374e-05,
                0.9999785550536582
            ]
        ],
        [
            [
                0.9999999979203957,
                2.0611536165892916e-09,
                3.0988191299278096e-12,
                1.3887943825551975e-11,
                1.4637785099719099e-12
            ],
            [
                0.9999999943795048,
                5.602796401798423e-09,
                3.978962510456427e-12,
                1.2256067365921078e-11,
                1.4637785047888299e-12
            ],
            [
                2.7749065988383606e-10,
                3.907359435139498e-07,
                0.9947793591213089,
                0.005220123011868894,
                1.2685338814739655e-07
            ],
            [
                5.0928798625190146e-12,
                9.027345556280078e-11,
                2.780618188345921e-10,
                0.0031726830678307336,
                0.9968273165587411
            ],
            [
                6.101809174622649e-13,
                5.108982271122988e-12,
                1.225581134751285e-11,
                2.1444939752685287e-05,
                0.9999785550422724
            ]
        ],
        [
            [
                0.9999999981610623,
                1.8189616822013085e-09,
                3.0988191296045e-12,
                1.57371020605613e-11,
                1.1399918496902787e-12
            ],
            [
                0.9999999961375647,
                3.850741904145216e-09,
                2.129785160656026e-12,
                8.42346371373231e-12,
                1.1399918475312917e-12
            ],
            [
                1.0261822307498914e-10,
                1.0676980457004126e-06,
                0.9999939833718758,
                4.785090661836851e-06,
                1.6373679839878167e-07
            ],
            [
                1.871879790581687e-12,
                2.5840503436484637e-11,
                1.3122890458216086e-10,
                0.004070137770770456,
                0.9959298620702882
            ],
            [
                7.835042773590131e-13,
                1.879529053674081e-12,
                3.978963037852034e-12,
                1.8553915967056197e-07,
                0.9999998144541983
            ]
        ],
        [
            [
                0.9999999995748443,
                4.058652120798549e-10,
                2.4133627684574607e-12,
                1.5737102084850222e-11,
                1.1399918514497624e-12
            ],
            [
                0.9999999927832314,
                7.194132970470019e-09,
                3.5114220841613932e-12,
                1.7832472759779775e-11,
                1.2917799940383546e-12
            ],
            [
                6.431393940981177e-14,
                4.5087552419647525e-12,
                0.9999999999890345,
                2.413362771656539e-12,
                3.978962535545952e-12
            ],
            [
                0.0,
                4.200845038591659e-11,
                2.4174194100564953e-10,
                0.01798621154104134,
                0.9820137881752082
            ],
            [
                0.0,
                6.55971274983309e-12,
                1.5735932851095576e-11,
                7.484619706974614e-05,
                0.9999251537806346
            ]
        ],
        [
            [
                0.9999999991282877,
                8.592166603318706e-10,
                1.6586783558534184e-12,
                9.545034905226867e-12,
                1.2917800024022326e-12
            ],
            [
                0.9999999950422638,
                4.9444504731770085e-09,
                2.7346982756842636e-12,
                9.54503486731761e-12,
                1.0060392734312338e-12
            ],
            [
                5.966364534690918e-09,
                1.0787450426537101e-05,
                0.060077052941337895,
                0.9397632374821794,
                0.0001489161596916525
            ],
            [
                9.506189450596234e-12,
                1.5986952512338501e-09,
                5.29415157888241e-08,
                0.9959298079050108,
                0.004070137545271935
            ],
            [
                3.7010049102259154e-13,
                1.6586753255426994e-12,
                3.978955259157215e-12,
                1.0677030756707252e-06,
                0.9999989322909165
            ]
        ],
        [
            [
                0.9999999991282207,
                8.59216660331813e-10,
                2.129785167025481e-12,
                9.545034905226227e-12,
                8.878265462075713e-13
            ],
            [
                0.9999999983713019,
                1.605228051734629e-09,
                3.978962527283109e-12,
                1.7832472869809437e-11,
                1.6586783553483392e-12
            ],
            [
                8.878265443772738e-13,
                3.398267806218216e-09,
                0.9999999961358299,
                4.599055360684047e-10,
                5.109089008102381e-12
            ],
            [
                0.0,
                1.1225759290728053e-10,
                5.031036271950191e-10,
                0.1480472035086994,
                0.8519527958759393
            ],
            [
                0.0,
                1.2237661127846932e-11,
                7.979957467058485e-11,
                0.001501182027315235,
                0.9984988178806475
            ]
        ],
        [
            [
                0.9999999983826806,
                1.6052280512102064e-09,
                1.6586783548064543e-12,
                9.545034899202005e-12,
                8.878265456472313e-13
            ],
            [
                0.9999999976512395,
                2.335593031306808e-09,
                1.4637785094301409e-12,
                1.0815941522588399e-11,
                8.878265449978385e-13
            ],
            [
                3.900837609916508e-14,
                3.0988191385119398e-12,
                0.9999999999945106,
                8.878265477858325e-13,
                1.4637785140267658e-12
            ],
            [
                2.016791078538141e-11,
                9.717443605338303e-10,
                4.934925059807388e-09,
                0.7772998512658384,
                0.22270014280732428
            ],
            [
                1.1398505735727184e-12,
                7.432759414472228e-12,
                2.020433485166775e-11,
                0.00012339462755743912,
                0.9998766053436656
            ]
        ],
        [
            [
                0.9999999992275845,
                7.582560415539957e-10,
                2.7346982871298527e-12,
                9.545034907266643e-12,
                1.8795288134723834e-12
            ],
            [
                0.9999999985701054,
                1.4166087830547127e-09,
                2.734698284664472e-12,
                9.545034898661617e-12,
                1.006039276734868e-12
            ],
            [
                1.783233756247171e-11,
                7.194078427983144e-09,
                0.9999920979203868,
                7.889264948461195e-06,
                5.602753913190373e-09
            ],
            [
                3.2661253692762394e-13,
                2.129781275737175e-12,
                5.789345740428686e-12,
                2.26032527300675e-06,
                0.9999977396664812
            ],
            [
                1.65548302665351e-12,
                2.0167911974253496e-11,
                7.039292952604602e-11,
                0.0019267343305714797,
                0.9980732655772122
            ]
        ],
        [
            [
                0.9999999993194906,
                6.691586080989572e-10,
                1.463778511872091e-12,
                8.42346374149882e-12,
                1.463778511872091e-12
            ],
            [
                0.999999998168726,
                1.818961682451051e-09,
                1.879528811267204e-12,
                9.545034896067816e-12,
                8.878265453557064e-13
            ],
            [
                5.008774637468066e-14,
                3.511422113113308e-12,
                0.9999999999955722,
                6.914400106421924e-13,
                1.7482341281400153e-13
            ],
            [
                0.0,
                1.224172298403209e-11,
                2.5915727760563698e-11,
                0.0011695103444344125,
                0.9988304896174081
            ],
            [
                5.384848107514724e-13,
                3.5113620499555436e-12,
                6.560087954910366e-12,
                1.670141510505799e-05,
                0.999983298574285
            ]
        ],
        [
            [
                0.9999999981683885,
                1.8189616828421758e-09,
                2.4133627655829237e-12,
                9.545034898120252e-12,
                6.914400089032822e-13
            ],
            [
                0.9999999969806506,
                2.9989608132256394e-09,
                3.511422099757229e-12,
                1.5737102045825508e-11,
                1.1399918486228216e-12
            ],
            [
                1.006039370300688e-12,
                2.789468345234869e-10,
                0.9999993010319751,
                3.0590205644603834e-07,
                3.9278601549376145e-07
            ],
            [
                3.5027394074574183e-12,
                6.208754158413998e-11,
                1.9124309169536686e-10,
                0.00247262296045508,
                0.9975273767827116
            ],
            [
                0.0,
                4.752193655304024e-13,
                7.835042761985939e-13,
                6.825604227393385e-08,
                0.999999931742699
            ]
        ],
        [
            [
                0.9999999987366797,
                1.2501528639708487e-09,
                2.734698286307128e-12,
                9.54503490439505e-12,
                8.878265461302599e-13
            ],
            [
                0.9999999965738562,
                3.3982678049322685e-09,
                5.789356303921173e-12,
                2.020683900362858e-11,
                1.879528808484625e-12
            ],
            [
                4.847369167159848e-11,
                6.82560402531574e-08,
                0.999999901636907,
                2.845335079518876e-08,
                1.6052282078112831e-09
            ],
            [
                4.264207967973262e-11,
                4.928754270533222e-09,
                1.06431558283929e-06,
                0.9968262506756231,
                0.0031726800373977535
            ],
            [
                3.701011760602504e-13,
                1.4637785465614266e-12,
                2.734698352189399e-12,
                6.475946143394827e-07,
                0.9999993524008172
            ]
        ],
        [
            [
                0.9999999987332004,
                1.2501528638551135e-09,
                3.0988191324465442e-12,
                1.2256067419280265e-11,
                1.2917800021700697e-12
            ],
            [
                0.9999999961280781,
                3.850741904549223e-09,
                3.978962517012217e-12,
                1.573710203240849e-11,
                1.4637785072005699e-12
            ],
            [
                3.701011676095783e-13,
                1.691897921473691e-10,
                0.999999999363101,
                4.599055375549562e-10,
                7.433680667337054e-12
            ],
            [
                0.0,
                3.3092456703597724e-11,
                1.6805736211060827e-10,
                0.006692851411263778,
                0.9933071483875864
            ],
            [
                3.497131851427899e-12,
                4.260378765980414e-11,
                1.4870183021959706e-10,
                0.0040701377706244945,
                0.9959298620345727
            ]
        ],
        [
            [
                0.9999999991314261,
                8.592166605196115e-10,
                1.1399918511897825e-12,
                7.433680660258853e-12,
                7.835041772318109e-13
            ],
            [
                0.9999999969906921,
                2.9989608140615336e-09,
                2.1297851632889033e-12,
                7.433680645592141e-12,
                7.835041756859507e-13
            ],
            [
                3.9008376098978736e-14,
                1.4637785140197735e-12,
                0.9999999999980209,
                3.70101167832432e-13,
                1.0603575990755005e-13
            ],
            [
                0.0,
                7.757695101615866e-11,
                3.476757734792697e-10,
                0.029312227870061804,
                0.9706877717046855
            ],
            [
                0.0,
                5.39399179842254e-11,
                4.516334037999115e-10,
                0.017986211538438854,
                0.9820137879559878
            ]
        ],
        [
            [
                0.9999999993183915,
                6.691586081657803e-10,
                2.734698287654279e-12,
                8.42346374234e-12,
                1.2917800029260078e-12
            ],
            [
                0.9999999985616816,
                1.4166087835315094e-09,
                2.4133627665320827e-12,
                1.7832472868976033e-11,
                1.4637785109106104e-12
            ],
            [
                9.357622967985355e-14,
                8.423463753699164e-12,
                0.9999999999885696,
                2.1297851707612293e-12,
                7.835041784348658e-13
            ],
            [
                0.0,
                2.0972479395929032e-10,
                1.5496682679018682e-09,
                0.1480472033661175,
                0.8519527948744893
            ],
            [
                1.0059933193957863e-12,
                8.423078937041788e-12,
                1.5736383173260823e-11,
                4.539785571258566e-05,
                0.999954602119122
            ]
        ],
        [
            [
                0.9999999973345599,
                2.646573630291952e-09,
                3.0988191286321624e-12,
                1.3887943819745286e-11,
                1.879528810419393e-12
            ],
            [
                0.9999999981604366,
                1.8189616828277117e-09,
                2.734698284487622e-12,
                1.573710206598075e-11,
                2.1297851654229877e-12
            ],
            [
                4.8473414249332245e-11,
                1.3709526779702367e-06,
                0.9999948942111215,
                3.72663575220376e-06,
                8.151974834315786e-09
            ],
            [
                0.0,
                9.99188941614075e-10,
                1.771104776758385e-08,
                0.6224593122967544,
                0.37754066899300887
            ],
            [
                0.0,
                3.978780761371627e-12,
                5.7890918484437875e-12,
                4.539785571732933e-05,
                0.9999546021345148
            ]
        ],
        [
            [
                0.9999999988840276,
                1.1032560302757999e-09,
                1.8795288130164167e-12,
                9.545034904951051e-12,
                1.2917800023649051e-12
            ],
            [
                0.9999999969869315,
                2.9989608138144527e-09,
                3.09881912731127e-12,
                9.545034887693643e-12,
                1.4637785087359443e-12
            ],
            [
                9.35762296712039e-14,
                1.225606744184701e-11,
                0.9999999998711435,
                1.3887943862411634e-11,
                1.0261879629815917e-10
            ],
            [
                0.0,
                1.4902182484744665e-10,
                8.575613920503738e-10,
                0.22270014366358,
                0.7772998553298367
            ],
            [
                1.1396941304169895e-12,
                9.5425421218018e-12,
                3.774148622342743e-11,
                0.00026119032647712795,
                0.9997388096250991
            ]
        ],
        [
            [
                0.999999996975363,
