{
    "[['E', 'D', 'C', 'B', 'A'], ['E', 'D', 'C', 'B', 'A']]": [
        [
            [
                0.9999986290157451,
                1.3709566542069983e-06,
                3.978955476880046e-12,
                1.7832441272095083e-11,
                5.789346058008537e-12
            ],
            [
                0.999995214870322,
                4.78509484607016e-06,
                3.5114022198576502e-12,
                2.289721873441737e-11,
                8.423416032397741e-12
            ],
            [
                2.4616737125782057e-10,
                2.2159280580419537e-08,
                0.9999914407469572,
                7.88925787313147e-06,
                6.475897216595796e-07
            ],
            [
                0.0,
                6.214797121020345e-11,
                3.5763688143456385e-10,
                0.0015011820241322218,
                0.9984988175560829
            ],
            [
                3.511422099718975e-12,
                2.734698280955374e-12,
                3.0988191266690916e-12,
                2.0611536144217827e-09,
                0.9999999979295013
            ]
        ],
        [
            [
                0.9999996071663626,
                3.9278636960244887e-07,
                7.43368095726329e-12,
                2.5946095977202127e-11,
                1.3887944397248036e-11
            ],
            [
                0.999997097374084,
                2.902312198152061e-06,
                2.5945996838704202e-11,
                2.1724317175774435e-10,
                7.052853172790546e-11
            ],
            [
                1.7482341279102178e-13,
                1.573710210361473e-11,
                0.9999999998641267,
                2.940077738677635e-11,
                9.056076987803674e-11
            ],
            [
                1.4791509819826014e-11,
                2.970954166358084e-10,
                2.1952547002571623e-09,
                0.06008665424836497,
                0.9399133432444934
            ],
            [
                1.0261879587923012e-10,
                3.5114220983962034e-12,
                3.5114220983962034e-12,
                7.582560395563447e-10,
                0.9999999991321022
            ]
        ],
        [
            [
                0.9999724642751694,
                2.753568982989685e-05,
                3.9788565812507384e-12,
                2.0206301008433007e-11,
                1.0815653542858563e-11
            ],
            [
                0.9999998873967337,
                1.125351837692084e-07,
                7.433681270160236e-12,
                3.775134847871075e-11,
                2.2897350297833952e-11
            ],
            [
                2.0596680347006663e-09,
                1.636198542475206e-07,
                0.9992800482992619,
                0.0007096632192835869,
                1.0122801932158602e-05
            ],
            [
                4.131859601549847e-08,
                7.87393066062316e-06,
                0.0019266873078623706,
                0.9980487283315417,
                1.666911133934628e-05
            ],
            [
                6.560200155653702e-12,
                0.0,
                0.0,
                7.991959877725721e-11,
                0.9999999999135203
            ]
        ],
        [
            [
                0.9999898699755916,
                1.0129988096826271e-05,
                6.560138101922014e-12,
                2.0206647912769337e-11,
                9.544944617006273e-12
            ],
            [
                0.9626731143635902,
                0.03732688385006284,
                5.684874125659557e-10,
                8.271443046019809e-10,
                3.9071530378420155e-10
            ],
            [
                4.854756978937059e-09,
                3.85661483267257e-07,
                0.9818606162470106,
                0.017983406289858006,
                0.00015558694689112815
            ],
            [
                9.495208616723215e-12,
                1.4853005305497282e-10,
                8.547314407774197e-10,
                0.005220125688704635,
                0.9947798732985386
            ],
            [
                2.5946094945780882e-11,
                0.0,
                0.0,
                1.4930946740688943e-10,
                0.9999999998247444
            ]
        ],
        [
            [
                0.9999994955812495,
                5.043472048927281e-07,
                1.2256068010504355e-11,
                4.8473689302877285e-11,
                1.0815942057136239e-11
            ],
            [
                0.9999996940205372,
                3.0590235879506645e-07,
                8.42346480892853e-12,
                4.847369313070021e-11,
                2.0206841619739928e-11
            ],
            [
                1.0603575990828561e-13,
                7.433680671864756e-12,
                0.9999999999638298,
                8.423463753916314e-12,
                2.020683908889719e-11
            ],
            [
                7.580999223953425e-10,
                2.101998969170286e-07,
                2.9017200708947775e-06,
                0.9997934610398476,
                0.00020342628208473872
            ],
            [
                2.5946094775559998e-11,
                1.0815941470909936e-11,
                1.0815941470909936e-11,
                5.602796392793518e-09,
                0.9999999943496256
            ]
        ],
        [
            [
                0.9999999005850764,
                9.931195241787484e-08,
                2.2897350599812087e-11,
                7.052880511312458e-11,
                9.545035816324572e-12
            ],
            [
                0.9996646495340005,
                0.0003353500538524221,
                9.053037964816278e-11,
                2.78853200731217e-10,
                4.276352335273797e-11
            ],
            [
                3.7010116778990784e-13,
                2.0206839086435277e-11,
                0.9999999999152123,
                1.5737102103913666e-11,
                4.847368705361827e-11
            ],
            [
                3.375910280498641e-08,
                3.443522102892559e-06,
                0.1819514298125841,
                0.8154496957912353,
                0.0025953971149748627
            ],
            [
                8.423463733122773e-12,
                2.734698284661884e-12,
                1.879528811776175e-12,
                4.5990553669978645e-10,
                0.9999999995270568
            ]
        ],
        [
            [
                0.9999999226063514,
                7.734422798497988e-08,
                6.560200924186567e-12,
                3.331544926111543e-11,
                9.545036022861845e-12
            ],
            [
                6.914400096102518e-13,
                0.0,
                4.752193055322529e-13,
                3.1608814493593026e-10,
                0.9999999996827451
            ],
            [
                8.591429836274475e-10,
                1.2750824592224401e-07,
                0.9999148969153322,
                7.48454826812898e-05,
                1.0129234597653347e-05
            ],
            [
                6.348352783527944e-09,
                6.475489708760092e-07,
                3.53549758656965e-05,
                0.999928636150945,
                3.53549758656965e-05
            ],
            [
                7.43368065995586e-12,
                0.0,
                0.0,
                5.492788341794967e-11,
                0.9999999999376383
            ]
        ],
        [
            [
                0.9999999122411851,
                8.764249144033798e-08,
                2.2897350872026447e-11,
                7.052880595160384e-11,
                2.2897350872026447e-11
            ],
            [
                9.545036117704094e-12,
                2.9400781073283305e-11,
                3.775135016856766e-11,
                3.0590235879519086e-07,
                0.999999694020944
            ],
            [
                8.10611071733384e-09,
                1.3632395121083335e-06,
                0.002464793683648761,
                0.9943689772340321,
                0.0031648577366964136
            ],
            [
                6.30628189240384e-09,
                1.5430963016551598e-06,
                0.9933033794260351,
                0.006692825979510601,
                2.245191870837356e-06
            ],
            [
                2.5946094897921656e-11,
                4.50875522755132e-12,
                2.4133627639415845e-12,
                5.905303979633858e-10,
                0.9999999993766013
            ]
        ],
        [
            [
                0.9999999397189278,
                6.023574636451708e-08,
                5.1090897053922606e-12,
                2.9400781290603634e-11,
                1.0815942991191061e-11
            ],
            [
                0.9706877705740795,
                0.029312227905794453,
                5.732204425146228e-10,
                7.3602961755377e-10,
                2.108760160603263e-10
            ],
            [
                3.900837609958013e-14,
                5.109089027771643e-12,
                0.9999999999913829,
                3.0988191385449115e-12,
                3.7010116783813786e-13
            ],
            [
                3.850286788097164e-09,
                2.3820880856520698e-07,
                2.1442873597555104e-05,
                0.9998822147750683,
                9.610029223880337e-05
            ],
            [
                4.847368661025648e-11,
                1.22560673297032e-11,
                1.783247274170078e-11,
                7.194132963176432e-09,
                0.9999999927273048
            ]
        ],
        [
            [
                0.999999352368541,
                6.475946144144361e-07,
                5.1090891418657384e-12,
                2.5946095560701008e-11,
                5.78935645768568e-12
            ],
            [
                0.9999982396121392,
                1.7603431329166238e-06,
                3.978955349708603e-12,
                3.331538525294571e-11,
                7.433667246896415e-12
            ],
            [
                2.789420462062254e-10,
                3.653419829675341e-08,
                0.999982614187095,
                1.67014156048788e-05,
                6.475841597475358e-07
            ],
            [
                3.9789626891414274e-12,
                1.3887944400048213e-11,
                1.7832473595208092e-11,
                3.92786369681645e-07,
                0.999999607177931
            ],
            [
                4.2777878530645245e-11,
                3.5114221003213245e-12,
                3.5114221003213245e-12,
                6.691586066413999e-10,
                0.9999999992810407
            ]
        ],
        [
            [
                0.999999946817723,
                5.315784967688131e-08,
                3.9789623212098794e-12,
                1.3887943115840924e-11,
                6.560199814293084e-12
            ],
            [
                0.9999417086507193,
                5.8291276755309914e-05,
                9.544471244886997e-12,
                4.2775352460366005e-11,
                2.020564578398497e-11
            ],
            [
                1.2015425730671218e-13,
                9.545034921966339e-12,
                0.9999999999706453,
                7.433680671671291e-12,
                1.2256067442976873e-11
            ],
            [
                6.53712079099309e-11,
                1.9104267310819313e-09,
                1.599580717792708e-08,
                0.4378234911028084,
                0.5621764909255866
            ],
            [
                7.433680651884032e-12,
                2.4133627651881763e-12,
                2.12978516509156e-12,
                4.0586521153004583e-10,
                0.999999999582158
            ]
        ],
        [
            [
                0.9999999122819012,
                8.764249143972673e-08,
                1.2256068736975946e-11,
                5.4927889303817145e-11,
                8.42346464304878e-12
            ],
            [
                0.14804720343504588,
                0.8519527947937414,
                8.294776510152549e-10,
                8.294776510152549e-10,
                1.1225759283858971e-10
            ],
            [
                4.420228103430846e-14,
                3.098819138574375e-12,
                0.999999999995195,
                1.2917800047245295e-12,
                3.7010116784165676e-13
            ],
            [
                0.0,
                1.281536263982058e-09,
                3.9474095928170005e-09,
                0.9046505251172002,
                0.0953494696538539
            ],
            [
                6.560200154549081e-12,
                0.0,
                2.1297851665389864e-12,
                4.5990553691146874e-10,
                0.9999999995314044
            ]
        ],
        [
            [
                0.9999938557805071,
                6.144172123925296e-06,
                8.423416634795452e-12,
                2.940061292902523e-11,
                9.544981529255839e-12
            ],
            [
                0.9998415636711298,
                0.00015843624669630276,
                1.0814229803841084e-11,
                4.846601551599874e-11,
                2.2893724674384856e-11
            ],
            [
                1.201542573080571e-13,
                8.423463753791375e-12,
                0.9999999999818385,
                4.5087552419323075e-12,
                5.109089027652539e-12
            ],
            [
                6.80802522602876e-08,
                9.586404185159149e-05,
                0.0024723662251885663,
                0.9974238326529641,
                7.868999743469264e-06
            ],
            [
                4.2777878551369596e-11,
                0.0,
                0.0,
                1.9171715075592224e-10,
                0.9999999997655049
            ]
        ],
        [
            [
                0.9999996071461271,
                3.9278636970003697e-07,
                9.545035291045197e-12,
                3.7751346899068295e-11,
                2.020683986971125e-11
            ],
            [
                0.9999996940196414,
                3.059023587597961e-07,
                1.0815942909991912e-11,
                5.492789037915585e-11,
                1.2256068976916441e-11
            ],
            [
                6.3108179695653155e-09,
                1.3627559268975166e-06,
                0.22179516471898655,
                0.7741411461125304,
                0.004062320101738317
            ],
            [
                3.2949424292749394e-11,
                1.7989776110412591e-09,
                3.1887641140720166e-08,
                0.9890130242833811,
                0.010986941997050727
            ],
            [
                6.5602001480766204e-12,
                0.0,
                0.0,
                5.492788334144285e-11,
                0.9999999999385119
            ]
        ],
        [
            [
                0.9999986290111971,
                1.3709566536755641e-06,
                4.508747241700641e-12,
                2.0206803234046657e-11,
                7.433667481602378e-12
            ],
            [
                0.9626731149854563,
                0.03732688388151281,
                3.0428938470687076e-10,
                6.441806324795059e-10,
                1.845608412498096e-10
            ],
            [
                1.2134544361663278e-09,
                1.4025626281062692e-07,
                4.406720782167473e-05,
                0.9706448565621577,
                0.02931093476030327
            ],
            [
                8.733377218862915e-08,
                1.6642871076403138e-05,
                0.003171569837468209,
                0.9964774189561703,
                0.0003342810015129473
            ],
            [
                6.560200148378166e-12,
                1.8795288108732753e-12,
                1.291780000891947e-12,
                6.691586071121109e-10,
                0.99999999932111
            ]
        ],
        [
            [
                0.9999996071400981,
                3.92786369724924e-07,
                1.081594197520143e-11,
                2.940077852885748e-11,
                3.331544670893522e-11
            ],
            [
                0.9999962732231145,
                3.7266391138684446e-06,
                1.2256021210021686e-11,
                1.0261840920382505e-10,
                2.2897262079826593e-11
            ],
            [
                5.675685232240468e-14,
                5.109089027710229e-12,
                0.9999999999858165,
                4.508755241983219e-12,
                4.508755241983219e-12
            ],
            [
                2.0503864044507024e-09,
                3.707185585270934e-06,
                0.9947759161504304,
                0.005220106065974929,
                2.6854762307790576e-07
            ],
            [
                3.5114221053621175e-12,
                0.0,
                0.0,
                4.5990553681555317e-10,
                0.9999999995365831
            ]
        ],
        [
            [
                0.9999982396072989,
                1.7603431333255067e-06,
                5.789345874319899e-12,
                2.594604812934626e-11,
                1.7832440706294242e-11
            ],
            [
                2.7346982870535437e-12,
                0.0,
                7.835041772061853e-13,
                4.0586521197402127e-10,
                0.9999999995906166
            ],
            [
                2.7893035085934847e-10,
                6.825200651891093e-08,
                0.9999408087651784,
                5.8291224227467893e-05,
                8.314796572225265e-07
            ],
            [
                1.9922648037799344e-11,
                1.2325705885647858e-09,
                1.92806479881961e-08,
                0.9859363524814234,
                0.014063626985435477
            ],
            [
                2.2897348391869898e-11,
                1.8795288112375716e-12,
                0.0,
                1.4930946719856518e-10,
                0.9999999998259137
            ]
        ],
        [
            [
                0.9999998554184413,
                1.444980315551327e-07,
                7.43368102959601e-12,
                3.331544702271985e-11,
                4.277788074548623e-11
            ],
            [
                0.000552778580493348,
                0.9994472180093296,
                2.9973027574015166e-09,
                3.579767651104865e-10,
                5.489751494477341e-11
            ],
            [
                5.675685232246704e-14,
                2.4133627716690747e-12,
                0.9999999999942288,
                2.4133627716690747e-12,
                8.878265477855824e-13
            ],
            [
                4.8220650936447704e-11,
                2.98330603406472e-09,
                5.99213035003755e-08,
                0.9947798110707365,
                0.005220125976433299
            ],
            [
                1.3176514209953723e-10,
                7.433680638422538e-12,
                9.545034879274097e-12,
                1.4166087801773495e-09,
                0.9999999984346473
            ]
        ],
        [
            [
                0.9999999748299462,
                2.510999091387176e-08,
                8.423463538575614e-12,
                3.775134447522553e-11,
                1.3887943509016586e-11
            ],
            [
                0.9999921106150869,
                7.889265047125754e-06,
                6.560150459305029e-12,
                7.052826409063322e-11,
                4.2777554547278594e-11
            ],
            [
                9.545034557460615e-12,
                2.0611535435384447e-09,
                0.9999999618366934,
                3.224186613836191e-08,
                3.850741775362799e-09
            ],
            [
                5.232285616885894e-11,
                1.963400692656053e-09,
                3.480210999770009e-08,
                0.9525740895331253,
                0.04742587364904124
            ],
            [
                4.8473686853596377e-11,
                8.423463718131443e-12,
                5.109089006023696e-12,
                1.6052280482609661e-09,
                0.9999999983327656
            ]
        ],
        [
            [
                0.999999992752748,
                7.194132971183335e-09,
                3.5114220845095595e-12,
                2.0206838924104332e-11,
                2.9400777151144696e-11
            ],
            [
                0.9999977396072451,
                2.260325273241214e-06,
                1.3887918466388628e-11,
                4.2777800456570116e-11,
                1.0815921776855287e-11
            ],
            [
                1.0603575990858072e-13,
                1.0815941556606584e-11,
                0.99999999997999,
                5.1090890277425365e-12,
                3.9789625355874095e-12
            ],
            [
                3.397989462646665e-09,
                3.9275455543069124e-07,
                3.535463838508261e-05,
                0.9999188529547858,
                4.5396254284250114e-05
            ],
            [
                2.7346982751692718e-12,
                1.8795288052520043e-12,
                2.7346982751692718e-12,
                2.9989608068477365e-09,
                0.9999999969936904
            ]
        ],
        [
            [
                0.9999998874062186,
                1.1253518378497568e-07,
                9.545035691778709e-12,
                3.3315448105521735e-11,
                1.573710337462747e-11
            ],
            [
                3.675810640428507e-10,
                8.366106455982212e-09,
                2.444934692136459e-07,
                0.6224591733622833,
                0.37754057341055997
            ],
            [
                3.900837609806587e-14,
                5.789356328175397e-12,
                0.9999999999590183,
                1.2256067442924009e-11,
                2.2897348454259456e-11
            ],
            [
                4.3602093980398595e-09,
                5.039716836611567e-07,
                3.533114269411992e-05,
                0.9992545155542916,
                0.0007096449711211579
            ],
            [
                5.492788312883159e-11,
                1.5737101997786157e-11,
                1.0815941482318416e-11,
                3.850741896077417e-09,
                0.9999999960677772
            ]
        ],
        [
            [
                0.9999970976247841,
                2.9023121986514697e-06,
                7.433652554887208e-12,
                3.775120265052155e-11,
                1.783240545785432e-11
            ],
            [
                0.9525741215248894,
                0.0474258752507629,
                1.7326950879931844e-09,
                1.349424291353069e-09,
                1.4222827391355674e-10
            ],
            [
                1.5428112030382065e-13,
                1.0815941556208305e-11,
                0.9999999999553166,
                1.0815941556208305e-11,
                2.28973484541747e-11
            ],
            [
                2.047346006350977e-09,
                9.864665492149522e-08,
                6.10305242986993e-06,
                0.9933009865913465,
                0.00669280966222274
            ],
            [
                4.847368685372668e-11,
                8.423463718154085e-12,
                5.1090890060374296e-12,
                1.2501528609971836e-09,
                0.999999998687841
            ]
        ],
        [
            [
                0.9999998554273507,
                1.444980316117758e-07,
                1.2256068037899336e-11,
                4.847368941122653e-11,
                1.3887944537827406e-11
            ],
            [
                0.9999962732755723,
                3.7266391145507284e-06,
                1.081590075783545e-11,
                6.224121144445228e-11,
                1.2256021212265554e-11
            ],
            [
                1.8426252146183426e-14,
                3.098819138544873e-12,
                0.9999999999913705,
                3.098819138544873e-12,
                2.413362771695403e-12
            ],
            [
                6.342639795261666e-09,
                6.469668477813765e-07,
                0.0009109975893860636,
                0.9990301110014426,
                5.823809968382088e-05
            ],
            [
                2.1297851672505277e-12,
                6.101936666989584e-13,
                0.0,
                1.3176514247171849e-10,
                0.9999999998654949
            ]
        ],
        [
            [
                0.999999995028829,
                4.944450474050314e-09,
                5.789356296076775e-12,
                1.7832472807565365e-11,
                3.0988191212434645e-12
            ],
            [
                0.9990889483524688,
                0.000911051405763092,
                5.4877827651979676e-11,
                1.4917340169168365e-10,
                3.771694258854439e-11
            ],
            [
                3.4424771083220786e-14,
                2.7346982914743842e-12,
                0.9999999999947886,
                1.65867835884297e-12,
                7.835041784727775e-13
            ],
            [
                1.1812781883088788e-08,
                5.691717054514253e-07,
                4.765616342887349e-06,
                0.9959245370026889,
                0.004070116396480774
            ],
            [
                3.511422105551876e-12,
                0.0,
                0.0,
                4.0586521174316437e-10,
                0.9999999995906235
            ]
        ],
        [
            [
                0.9999998874310203,
                1.1253518377306685e-07,
                5.789356794502525e-12,
                2.2897350298619024e-11,
                5.1090894391055605e-12
            ],
            [
                0.0009110506385862599,
                0.9990883506501088,
                5.709800311049562e-07,
                2.508711172694956e-08,
                2.644162122517337e-09
            ],
            [
                5.565178568897731e-09,
                5.00961409947317e-07,
                0.9932854874640227,
                0.006692704588197445,
                2.130142119123694e-05
            ],
            [
                1.6192367588055724e-07,
                5.764882175994062e-05,
                0.010985920843828555,
                0.988921302632842,
                3.49657778937128e-05
            ],
            [
                2.1724399270893186e-10,
                0.0,
                0.0,
                6.224144600016914e-11,
                0.9999999997205145
            ]
        ],
        [
            [
                0.9999999123196276,
                8.764249142684865e-08,
                6.560200859216733e-12,
                2.2897350868502247e-11,
                8.423464641811044e-12
            ],
            [
                0.9975273764522299,
                0.0024726229675283555,
                1.4894026953171506e-10,
                3.1530655307293705e-10,
                1.159947985421658e-10
            ],
            [
                8.258073284650794e-14,
                1.0815941556100212e-11,
                0.9999999999163411,
                1.783247290619186e-11,
                5.4927883503526466e-11
            ],
            [
                2.987959999187157e-08,
                4.4345215984236125e-06,
                0.4377572499369171,
                0.562091434474932,
                0.00014685118695238059
            ],
            [
                3.7751345249731695e-11,
                9.545034874027597e-12,
                6.560200134605105e-12,
                2.9989608095207086e-09,
                0.9999999969471827
            ]
        ],
        [
            [
                0.9998415636824702,
                0.0001584362467699271,
                1.225412777902611e-11,
                4.27711085933613e-11,
                1.573461152760883e-11
            ],
            [
                1.8795288022590604e-12,
                1.6586783463121552e-12,
                3.098819115178048e-12,
                4.944450464372385e-09,
                0.9999999950489125
            ],
            [
                3.442477108284065e-14,
                3.098819138554473e-12,
                0.9999999999837461,
                6.560200167799493e-12,
                6.560200167799493e-12
            ],
            [
                7.879560723896351e-11,
                5.5239985365952e-09,
                1.82929708158505e-07,
                0.9859361901561147,
                0.014063621311382973
            ],
            [
                4.508755232218423e-12,
                0.0,
                0.0,
                1.6918979188339886e-10,
                0.9999999998263014
            ]
        ],
        [
            [
                0.9999996940669205,
                3.059023588401393e-07,
                6.560200990334566e-12,
                1.5737104079172078e-11,
                8.423464810169675e-12
            ],
            [
                1.6530236417250416e-10,
                4.263204161124518e-09,
                7.556710187231217e-08,
                0.022977368583955583,
                0.977022551420436
            ],
            [
                3.4424771082666646e-14,
                2.7346982914303635e-12,
                0.999999999995868,
                8.878265477935309e-13,
                4.752193062490489e-13
            ],
            [
                5.492746506926643e-11,
                5.602753755468297e-09,
                3.9278298771683296e-07,
                0.9999917123021284,
                7.889257202586417e-06
            ],
            [
                1.879528812590598e-12,
                0.0,
                0.0,
                3.775134536348353e-11,
                0.999999999960369
            ]
        ],
        [
            [
                0.9999999804030388,
                1.9555680689790357e-08,
                5.789356210887045e-12,
                2.5946094454626264e-11,
                9.545034728549368e-12
            ],
            [
                0.999972464155403,
                2.7535689829773117e-05,
                1.573668304827343e-11,
                9.055835838104829e-11,
                4.847239627137458e-11
            ],
            [
                1.7482341277247686e-13,
                2.594609497465703e-11,
                0.9999999997497615,
                5.4927883492382966e-11,
                1.6918979220864462e-10
            ],
            [
                3.3251266998509966e-11,
                8.575614785689159e-10,
                6.336569873427634e-09,
                0.11920292273571899,
                0.8807970700368984
            ],
            [
                1.0815941534794366e-11,
                3.511422106074647e-12,
                0.0,
                4.599055369088761e-10,
                0.9999999995257671
            ]
        ],
        [
            [
                0.999999912319435,
                8.764249142683177e-08,
                3.978962954987343e-12,
                2.0206841218842033e-11,
                1.3887945327941631e-11
            ],
            [
                0.9997388095598588,
                0.0002611903265380096,
                2.0201561835090403e-11,
                7.05103790808377e-11,
                2.2891368542966526e-11
            ],
            [
                5.00877463749073e-14,
                4.508755241977266e-12,
                0.9999999999844962,
                3.5114221131291965e-12,
                7.433680671828622e-12
            ],
            [
                3.773047293059837e-11,
                3.8486128686427684e-09,
                1.3432978822064302e-08,
                0.9994472041078499,
                0.0005527785728279223
            ],
            [
                3.978962531071256e-12,
                0.0,
                0.0,
                9.056076978825537e-11,
                0.9999999999054603
            ]
        ],
        [
            [
                0.999999939633186,
                6.023574637732373e-08,
                1.783247527604801e-11,
                7.991960954173813e-11,
                3.331544984548675e-11
            ],
            [
                0.9999898699447279,
                1.0129988102264973e-05,
                6.560138105444094e-12,
                4.277747398998601e-11,
                1.783230420421043e-11
            ],
            [
                3.4424771083003515e-14,
                3.5114221132034896e-12,
                0.9999999999935036,
                1.6586783588325013e-12,
                1.2917800047223448e-12
            ],
            [
                5.60227322941385e-09,
                1.0676053223623664e-06,
                1.6700157055314544e-05,
                0.9999073817240014,
                7.484491134773231e-05
            ],
            [
                2.0206839013831654e-11,
                4.508755225249797e-12,
                3.5114221001018305e-12,
                1.4166087812878074e-09,
                0.9999999985551642
            ]
        ],
        [
            [
                0.9999999396757562,
                6.02357463761994e-08,
                1.7832475275715155e-11,
                5.492789080217204e-11,
                1.5737104196235004e-11
            ],
            [
                0.9999996071704872,
                3.9278636967872117e-07,
                4.508755415977666e-12,
                2.2897349338489775e-11,
                1.573710271307558e-11
            ],
            [
                1.691885148466808e-10,
                2.5109801972269082e-08,
                0.9999918999257135,
                7.88925773752418e-06,
                1.855375584636471e-07
            ],
            [
                2.4956198271548045e-08,
                2.545603856975438e-06,
                0.00521538096696306,
                0.9938757511557562,
                0.0009062973172255666
            ],
            [
                7.991959861159641e-11,
                1.08159415142568e-11,
                7.433680642778892e-12,
                2.0611536142387024e-09,
                0.9999999978406771
            ]
        ],
        [
            [
                0.9999994955932524,
                5.043472048591257e-07,
                4.508755450363136e-12,
                4.277788066378715e-11,
                1.2256068009687792e-11
            ],
            [
                0.999998239558961,
                1.760343132823012e-06,
                1.7832440701203924e-11,
                6.224133381580301e-11,
                1.7832440701203924e-11
            ],
            [
                2.244777054745782e-13,
                2.0206839087744972e-11,
                0.9999999999323357,
                1.7832472905960267e-11,
                2.940077738924042e-11
            ],
            [
                2.0599786012869633e-09,
                2.6980395293596657e-07,
                1.6692179495237615e-05,
                0.9994302666248319,
                0.0005527693317413045
            ],
            [
                5.109089018964964e-12,
                1.2917800024855703e-12,
                0.0,
                1.6918979196021672e-10,
                0.9999999998244093
            ]
        ],
        [
            [
                0.9999996940268701,
                3.059023588551429e-07,
                1.225606898073654e-11,
                4.277788405308031e-11,
                1.5737104079943937e-11
            ],
            [
                2.333829541654192e-09,
                1.6361408236454867e-07,
                4.536565039737462e-05,
                0.9992448302323379,
                0.0007096381693529059
            ],
            [
                1.2015425730829864e-13,
                8.423463753808308e-12,
                0.9999999999838487,
                4.508755241941371e-12,
                3.0988191384789002e-12
            ],
            [
                4.831989611762854e-11,
                2.9894461160030343e-09,
                5.298920029441e-08,
                0.9968272610852311,
                0.003172682887802507
            ],
            [
                2.2897348372818183e-11,
                5.1090890094013106e-12,
                4.508755225825655e-12,
                9.73620027744606e-10,
                0.9999999989938648
            ]
        ],
        [
            [
                0.9999999530081682,
                4.691163798248895e-08,
                1.7832472058233073e-11,
                5.492788089162951e-11,
                7.433680318055607e-12
            ],
            [
                0.9998766053066196,
                0.00012339462753875052,
                1.0814601133341787e-11,
                4.27725772101506e-11,
                1.2254548544780994e-11
            ],
            [
                2.087967911530796e-14,
                2.1297851708383416e-12,
                0.9999999999781719,
                5.789356328411407e-12,
                1.3887943864198192e-11
            ],
            [
                5.211144840490906e-10,
                8.763798105730013e-08,
                1.6700827098180322e-05,
                0.999947855362562,
                3.535565124429315e-05
            ],
            [
                2.5946094878798284e-11,
                3.978962519893478e-12,
                4.508755224228176e-12,
                9.736200273996466e-10,
                0.9999999989919461
            ]
        ],
        [
            [
                0.9999999397266381,
                6.023574637034838e-08,
                5.1090897058868605e-12,
                2.5946098425036613e-11,
                6.560201038496426e-12
            ],
            [
                0.9999991684404922,
                8.315279899191614e-07,
                3.5114223828909534e-12,
                2.2897350213910456e-11,
                5.109089420204524e-12
            ],
            [
                4.4273590683360265e-10,
                5.117331302585758e-08,
                5.9148307729795605e-06,
                0.9626673723214673,
                0.03732666123171074
            ],
            [
                5.31091023563303e-08,
                3.72323907080877e-06,
                0.00020328196539728176,
                0.9990834182484533,
                0.0007095234379761837
            ],
            [
                1.8795288097267565e-12,
                0.0,
                2.413362763086013e-12,
                9.736200277720839e-10,
                0.9999999990220871
            ]
        ],
        [
            [
