{
    "[['E', 'D', 'C', 'B', 'A'], ['E', 'D', 'C', 'B', 'A']]": [
        [
            [
                0.9999986288620502,
                1.3709566537663445e-06,
                2.0206803235384686e-11,
                7.052867336544209e-11,
                9.056060920649541e-11
            ],
            [
                3.0988191321322055e-12,
                0.0,
                0.0,
                6.224144609672177e-11,
                0.9999999999346598
            ],
            [
                5.492788947227662e-11,
                9.237450664747557e-09,
                0.9999997959310143,
                1.8553915640291156e-07,
                9.237450664747557e-09
            ],
            [
                0.0,
                2.936636680680479e-11,
                9.04547778298273e-11,
                0.0011695103454598958,
                0.998830489534719
            ],
            [
                7.991959864182704e-11,
                0.0,
                0.0,
                5.211412469127342e-10,
                0.9999999993989392
            ]
        ],
        [
            [
                2.594609491076066e-11,
                0.0,
                0.0,
                1.0261879603223752e-10,
                0.9999999998714351
            ],
            [
                8.423463712005594e-12,
                0.0,
                0.0,
                6.6915860575602e-10,
                0.999999999322418
            ],
            [
                1.879528809608083e-12,
                4.0586521115089e-10,
                0.9999999963551514,
                2.6465736291495422e-09,
                5.905303977167484e-10
            ],
            [
                3.09878982066972e-12,
                8.423384059740364e-12,
                3.775098827579826e-11,
                1.012998809669497e-05,
                0.9999898699626302
            ],
            [
                1.573710205303315e-11,
                0.0,
                0.0,
                4.0586521125928175e-10,
                0.9999999995783977
            ]
        ],
        [
            [
                1.9171715044789375e-10,
                0.0,
                0.0,
                1.2501528603358304e-09,
                0.99999999855813
            ],
            [
                5.1090890171462665e-12,
                0.0,
                0.0,
                7.052879836041626e-11,
                0.9999999999243621
            ],
            [
                5.109089164281497e-12,
                1.1032560617584886e-09,
                0.9999998331986032,
                5.315785396153514e-08,
                1.1253517771966402e-07
            ],
            [
                1.2917800012834194e-12,
                0.0,
                1.6586783544168337e-12,
                1.6052280508331411e-09,
                0.9999999983918215
            ],
            [
                3.5817479167159616e-10,
                2.413362762691693e-12,
                3.098819126983881e-12,
                1.8189616806630433e-09,
                0.9999999978173513
            ]
        ],
        [
            [
                2.289734836278515e-11,
                0.0,
                0.0,
                2.172439926191819e-10,
                0.9999999997598588
            ],
            [
                7.991959870786733e-11,
                0.0,
                0.0,
                3.5817479203485314e-10,
                0.9999999995619056
            ],
            [
                1.1399918515309055e-12,
                1.0261879618078249e-10,
                0.9999999987151806,
                5.905303991104175e-10,
                5.905303991104175e-10
            ],
            [
                0.0,
                5.445668993248886e-11,
                1.9007252419254565e-10,
                0.008577485672002684,
                0.9914225140834682
            ],
            [
                2.2897348396765556e-11,
                1.658678354590304e-12,
                0.0,
                5.211412474303164e-10,
                0.9999999994543027
            ]
        ],
        [
            [
                5.492788336291862e-11,
                0.0,
                0.0,
                2.7894680854225295e-10,
                0.9999999996661253
            ],
            [
                1.783247277539969e-11,
                0.0,
                4.5087552087312035e-12,
                5.6027963958294945e-09,
                0.9999999943748623
            ],
            [
                3.837522133318254e-09,
                3.914378993646994e-07,
                0.9965673873472287,
                0.0031718557337309166,
                0.0002603616436188908
            ],
            [
                0.0,
                1.0060394044140527e-12,
                2.4133630720062446e-12,
                6.825604225300503e-08,
                0.9999999317405384
            ],
            [
                1.4930946670739366e-10,
                0.0,
                0.0,
                3.581747908397696e-10,
                0.9999999994925157
            ]
        ],
        [
            [
                1.4930946707143018e-10,
                2.734698281549662e-12,
                0.0,
                5.21141246875147e-10,
                0.9999999993268145
            ],
            [
                0.8175744831303635,
                0.18242551484224434,
                6.1993031102766e-10,
                1.3123924787442568e-09,
                9.506939229381299e-11
            ],
            [
                3.331544843762312e-11,
                2.998961096345284e-09,
                0.9999996588235049,
                3.059023481943523e-07,
                3.224187029133816e-08
            ],
            [
                1.1974462653671702e-11,
                1.1361053844037782e-10,
                2.930054404552673e-09,
                0.022977367731650114,
                0.9770226292127105
            ],
            [
                2.940077730363838e-11,
                0.0,
                0.0,
                3.5817479194156237e-10,
                0.9999999996124245
            ]
        ],
        [
            [
                0.9999724641160741,
                2.7535689823605254e-05,
                2.2896738724676867e-11,
                1.1627923382873737e-10,
                5.492642083904705e-11
            ],
            [
                2.0206839038806576e-11,
                1.658678354693782e-12,
                2.7346982846335303e-12,
                1.1032560295363575e-09,
                0.9999999988721437
            ],
            [
                3.098819137152291e-12,
                1.9171715127872753e-10,
                0.9999999995229063,
                1.9171715127872753e-10,
                9.056076985086015e-11
            ],
            [
                2.1297082453546926e-12,
                4.508592390796035e-12,
                1.0815550896848658e-11,
                3.53562574929932e-05,
                0.9999646437250531
            ],
            [
                1.7832472810343287e-11,
                0.0,
                0.0,
                1.10325602629269e-09,
                0.9999999988789114
            ]
        ],
        [
            [
                6.5602001496387704e-12,
                0.0,
                0.0,
                1.6918979178400468e-10,
                0.9999999998242499
            ],
            [
                3.775134532952135e-11,
                0.0,
                0.0,
                3.1608814448297427e-10,
                0.9999999996461606
            ],
            [
                2.5946098413463707e-11,
                1.416608973953017e-09,
                0.9999997004830945,
                1.85539160794343e-07,
                1.1253518959912123e-07
            ],
            [
                2.4132985053237705e-12,
                8.423239442310011e-12,
                4.277673953855329e-11,
                2.7535689809311038e-05,
                0.9999724642565774
            ],
            [
                2.0206839039601826e-11,
                0.0,
                0.0,
                1.4930946724567986e-10,
                0.9999999998304836
            ]
        ],
        [
            [
                2.59460949180267e-11,
                2.1297851656417693e-12,
                0.0,
                4.0586521163489713e-10,
                0.9999999995660589
            ],
            [
                6.224144606790038e-11,
                0.0,
                0.0,
                1.9171715087936972e-10,
                0.9999999997460414
            ],
            [
                9.545034687555412e-12,
                2.6465735736710477e-09,
                0.9999999754526078,
                1.9555680605802742e-08,
                2.335592981226943e-09
            ],
            [
                4.385175934006978e-11,
                5.342237933266222e-10,
                7.374731986939532e-09,
                0.09534946928218775,
                0.9046505227650047
            ],
            [
                1.8795288124138964e-12,
                0.0,
                0.0,
                1.3176514241175676e-10,
                0.9999999998663553
            ]
        ],
        [
            [
                0.9999999880617197,
                1.1861120002738103e-08,
                5.789356256196904e-12,
                2.289734816957899e-11,
                4.8473686455384915e-11
            ],
            [
                4.50875518153349e-12,
                1.4637784943995914e-12,
                3.978962482215549e-12,
                1.1861119991499822e-08,
                0.9999999881289284
            ],
            [
                2.431143462662578e-10,
                8.05084145424915e-09,
                0.000618947454766244,
                0.3206227197655707,
                0.6787583244857072
            ],
            [
                0.0,
                1.1399918040157305e-12,
                2.129785079358255e-12,
                4.1399375407352514e-08,
                0.9999999585973549
            ],
            [
                9.54503488160424e-12,
                0.0,
                0.0,
                4.599055358783512e-10,
                0.9999999995305495
            ]
        ],
        [
            [
                1.7832472849930112e-11,
                1.6586783534992739e-12,
                0.0,
                2.461696943778875e-10,
                0.9999999997343392
            ],
            [
                8.423463734962037e-12,
                0.0,
                0.0,
                2.4616969461147174e-10,
                0.9999999997454068
            ],
            [
                1.0603575989820514e-13,
                9.545034921307337e-12,
                0.9999999998726778,
                3.7751345436726696e-11,
                7.991959891670123e-11
            ],
            [
                0.0,
                0.0,
                1.658678346550916e-12,
                6.348800068721535e-09,
                0.9999999936495412
            ],
            [
                5.789356318641064e-12,
                0.0,
                0.0,
                1.3176514247131668e-10,
                0.9999999998624456
            ]
        ],
        [
            [
                0.9999986282980897,
                1.3709566528547655e-06,
                5.492778600947095e-11,
                1.6918949194013653e-10,
                5.211403237338901e-10
            ],
            [
                2.9400777295607286e-11,
                0.0,
                0.0,
                2.7894680836432934e-10,
                0.9999999996916524
            ],
            [
                8.878265468781187e-13,
                1.4930946745694955e-10,
                0.9999999989431845,
                5.905303992506486e-10,
                3.160881450867918e-10
            ],
            [
                9.536336517420445e-12,
                7.984676807264596e-11,
                2.1704601871305735e-10,
                0.0009110514005002676,
                0.9990889482930707
            ],
            [
                1.5737102044436077e-11,
                4.508755224409241e-12,
                5.7893563057651065e-12,
                1.6052280488179025e-09,
                0.9999999983687367
            ]
        ],
        [
            [
                1.2256067399956225e-11,
                0.0,
                0.0,
                5.905303977674626e-10,
                0.9999999993972135
            ],
            [
                3.978962525663764e-12,
                0.0,
                0.0,
                2.1724399295244876e-10,
                0.999999999778777
            ],
            [
                1.1399918494972522e-12,
                2.1724399283194351e-10,
                0.9999999969262352,
                1.2501528624968718e-09,
                1.6052280501909187e-09
            ],
            [
                0.0,
                5.108280451966644e-12,
                3.3310172843192634e-11,
                0.00015843624666457665,
                0.999841563714917
            ],
            [
                5.492788333241691e-11,
                2.1297851640877126e-12,
                0.0,
                5.21141247108292e-10,
                0.9999999994218012
            ]
        ],
        [
            [
                7.991959863599436e-11,
                3.0988191273398522e-12,
                0.0,
                1.9171715067165342e-10,
                0.9999999997252644
            ],
            [
                1.7832472799863112e-11,
                2.734698274986096e-12,
                3.978962511675975e-12,
                4.944450471914693e-09,
                0.9999999950310035
            ],
            [
                1.2917799998353403e-12,
                1.1628232985656587e-10,
                0.9999999962160442,
                1.6052280490336883e-09,
                2.061153614539332e-09
            ],
            [
                2.7346985783407022e-12,
                0.0,
                8.423464637717218e-12,
                8.764249138425415e-08,
                0.9999999123463504
            ],
            [
                1.5737102039571742e-11,
                2.7346982798984245e-12,
                0.0,
                8.592166582434381e-10,
                0.9999999991223116
            ]
        ],
        [
            [
                0.9999999935592063,
                6.3488000722325215e-09,
                9.545034856973215e-12,
                6.224144579956834e-11,
                2.0206838950780855e-11
            ],
            [
                3.3315445326745785e-11,
                0.0,
                0.0,
                1.6918979177947796e-10,
                0.9999999997974947
            ],
            [
                2.2897218216710412e-11,
                2.998943766816976e-09,
                0.999994834352785,
                2.2603187058710677e-06,
                2.902306668153194e-06
            ],
            [
                1.879528808526522e-12,
                1.2917799992790485e-12,
                2.413362761544881e-12,
                3.39826780500802e-09,
                0.9999999965961475
            ],
            [
                2.940077726127823e-11,
                2.12978516142514e-12,
                2.12978516142514e-12,
                5.905303972518202e-10,
                0.9999999993758093
            ]
        ],
        [
            [
                0.9999996070742859,
                3.9278636952134626e-07,
                1.388794439438045e-11,
                5.492788560342943e-11,
                7.052880119972007e-11
            ],
            [
                1.0815941533082075e-11,
                0.0,
                2.1297851661898104e-12,
                4.0586521173933524e-10,
                0.999999999581189
            ],
            [
                1.463778696682314e-12,
                3.5817483769839757e-10,
                0.9999999312525206,
                1.522998164413274e-08,
                5.315785917387183e-08
            ],
            [
                2.413358411257534e-12,
                3.511415768776334e-12,
                7.433667240833507e-12,
                1.7603431314808862e-06,
                0.99999823964351
            ],
            [
                5.7893563047804215e-12,
                0.0,
                1.4637785080703422e-12,
                2.789468081329057e-10,
                0.9999999997138
            ]
        ],
        [
            [
                3.775134528763479e-11,
                4.508755223764061e-12,
                4.508755223764061e-12,
                1.416608780821003e-09,
                0.9999999985366224
            ],
            [
                1.3176514163672518e-10,
                0.0,
                6.560200115168913e-12,
                5.602796392285079e-09,
                0.9999999942588782
            ],
            [
                1.1399918511152666e-12,
                1.317651424779823e-10,
                0.9999999983505825,
                7.582560415080734e-10,
                7.582560415080734e-10
            ],
            [
                3.0980098436567198e-12,
                1.573299216739757e-11,
                2.593931883814689e-11,
                0.00026119032638799504,
                0.9997388096288417
            ],
            [
                6.22414459782905e-11,
                0.0,
                0.0,
                1.1628232983367728e-10,
                0.9999999998214761
            ]
        ],
        [
            [
                0.9999785549738509,
                2.1444939749052864e-05,
                8.423287740603553e-12,
                6.224014565275445e-11,
                1.5736773269670984e-11
            ],
            [
                9.545034894069093e-12,
                0.0,
                0.0,
                3.5817479194867416e-10,
                0.9999999996322801
            ],
            [
                2.4133627671795357e-12,
                1.3176514244687244e-10,
                0.9999999981339454,
                7.582560413290484e-10,
                9.736200294235287e-10
            ],
            [
                0.0,
                3.098819375233072e-12,
                6.560200668848091e-12,
                8.315279895610888e-07,
                0.9999991684623514
            ],
            [
                1.0815941526270438e-11,
                0.0,
                0.0,
                5.211412472944553e-10,
                0.9999999994680429
            ]
        ],
        [
            [
                0.9999999935395598,
                6.348800071719015e-09,
                1.7832472783647525e-11,
                7.991959837157413e-11,
                1.3887943768004208e-11
            ],
            [
                1.0261879587990522e-10,
                0.0,
                2.4133627615532854e-12,
                1.8189616798050204e-09,
                0.9999999980760061
            ],
            [
                4.277771702352995e-11,
                6.348776122658149e-09,
                0.9999968623118952,
                1.7603413382468715e-06,
                1.3709552126996285e-06
            ],
            [
                1.0772773719157766e-10,
                2.451871997143325e-09,
                6.323461223977337e-08,
                0.1824255184299345,
                0.8175744157758534
            ],
            [
                2.0206839032916174e-11,
                0.0,
                0.0,
                1.6918979178169581e-10,
                0.9999999998106033
            ]
        ],
        [
            [
                1.1628232962457715e-10,
                3.978962512649929e-12,
                4.50875521602016e-12,
                7.582560383724714e-10,
                0.9999999991169739
            ],
            [
                3.33154452275074e-11,
                0.0,
                0.0,
                1.917171502585364e-10,
                0.9999999997749673
            ],
            [
                5.146969026979659e-09,
                5.250051137226897e-07,
                0.9186432435083456,
                0.035619667436683336,
                0.04573655890288831
            ],
            [
                0.0,
                8.893189008556757e-11,
                1.083412213881372e-09,
                0.017986211527998966,
                0.9820137872996569
            ],
            [
                4.508755234574233e-12,
                0.0,
                0.0,
                1.0261879614129904e-10,
                0.9999999998928724
            ]
        ],
        [
            [
                2.2897348377048805e-11,
                3.0988191279752938e-12,
                3.0988191279752938e-12,
                1.1032560285175237e-09,
                0.9999999988676489
            ],
            [
                4.508755234057416e-12,
                0.0,
                0.0,
                2.1724399311100111e-10,
                0.9999999997782472
            ],
            [
                1.361526107471066e-13,
                9.545034918503993e-12,
                0.9999999996482847,
                2.594609497097647e-11,
                3.1608814528775964e-10
            ],
            [
                1.537551441463997e-11,
                2.4051351201824206e-10,
                1.7771678328536216e-09,
                0.022977367728163577,
                0.9770226302387797
            ],
            [
                1.7832472847962362e-11,
                0.0,
                0.0,
                3.581747918194896e-10,
                0.9999999996239928
            ]
        ],
        [
            [
                1.4930946696134705e-10,
                3.5114220978931484e-12,
                0.0,
                4.0586521085793584e-10,
                0.9999999994413138
            ],
            [
                7.433525337552305e-12,
                1.5736773263088966e-11,
                9.05588775314672e-11,
                2.1444939740083368e-05,
                0.9999785549465308
            ],
            [
                4.595311115996222e-10,
                5.3114574752225555e-08,
                0.9991862662219029,
                0.0005526343470332364,
                0.00026104585695797724
            ],
            [
                0.0,
                3.511402218722686e-12,
                9.544980843564652e-12,
                4.78509484452351e-06,
                0.9999952148920991
            ],
            [
                1.9171714999222544e-10,
                5.7893562869493786e-12,
                0.0,
                1.4166087764196557e-09,
                0.9999999983858847
            ]
        ],
        [
            [
                2.594609480384332e-11,
                0.0,
                0.0,
                5.211412451951226e-10,
                0.9999999994529127
            ],
            [
                2.7346982822151304e-12,
                0.0,
                1.8795288100945474e-12,
                1.6052280496815994e-09,
                0.9999999983901577
            ],
            [
                8.056663668900263e-09,
                4.3987935126263847e-07,
                0.0031455536930238095,
                0.9883034968253539,
                0.008550501545607292
            ],
            [
                5.784080479764001e-12,
                2.5922450268114076e-11,
                1.6903560935412472e-10,
                0.0009110514005965538,
                0.9990889483986614
            ],
            [
                1.2256067394384291e-11,
                1.6586783521860116e-12,
                0.0,
                1.9171715059815476e-10,
                0.999999999794368
            ]
        ],
        [
            [
                3.7751345327889483e-11,
                0.0,
                1.1399918495746308e-12,
                3.5817479193816307e-10,
                0.9999999996029338
            ],
            [
                2.2897348416158706e-11,
                0.0,
                0.0,
                1.3176514246906244e-10,
                0.9999999998453375
            ],
            [
                5.384940216961977e-13,
                2.2897348453087612e-11,
                0.9999999998788585,
                4.2777878683397884e-11,
                5.492788350146762e-11
            ],
            [
                2.7346984163224876e-12,
                3.5114222735337893e-12,
                9.545035358193245e-12,
                5.043472045881689e-07,
                0.9999994956370043
            ],
            [
                1.3176514218903308e-10,
                0.0,
                3.5114220997342638e-12,
                1.103256028057287e-09,
                0.9999999987614674
            ]
        ],
        [
            [
                3.331544531625267e-11,
                0.0,
                0.0,
                1.3176514228404429e-10,
                0.9999999998349194
            ],
            [
                7.991959864182704e-11,
                0.0,
                0.0,
                5.211412469127342e-10,
                0.9999999993989392
            ],
            [
                2.4133627689477865e-12,
                2.789468089533824e-10,
                0.9999999988528692,
                4.5990553731536656e-10,
                4.0586521216231503e-10
            ],
            [
                1.139991846807509e-12,
                0.0,
                3.0988191217683195e-12,
                4.3634622290713876e-09,
                0.9999999956322989
            ],
            [
                1.78324728676311e-11,
                1.2917800018510783e-12,
                0.0,
                1.9171715094025078e-10,
                0.9999999997891587
            ]
        ],
        [
            [
                4.277787857974706e-11,
                0.0,
                0.0,
                1.917171508831012e-10,
                0.9999999997655049
            ],
            [
                2.2897348314028638e-11,
                2.734698274581408e-12,
                0.0,
                1.2501528586104977e-09,
                0.9999999987242152
            ],
            [
                1.6586783431387006e-12,
                1.9171714955242778e-10,
                0.9999999905513376,
                2.061153602835124e-09,
                7.194132961902675e-09
            ],
            [
                3.216233848546003e-11,
                4.439873876199338e-10,
                1.1450585645664648e-08,
                0.14804720190438547,
                0.8519527861688792
            ],
            [
                3.9789625292025235e-12,
                0.0,
                6.914400095410795e-13,
                2.461696947710631e-10,
                0.99999999974916
            ]
        ],
        [
            [
                2.4616969393329753e-10,
                0.0,
                6.560200134889285e-12,
                1.8189616783297235e-09,
                0.9999999979283085
            ],
            [
                4.27778785188913e-11,
                5.1090890076643315e-12,
                3.978962519950487e-12,
                1.6052280487764384e-09,
                0.999999998342906
            ],
            [
                1.0603575990840594e-13,
                5.109089027734116e-12,
                0.9999999999904918,
                2.4133627716777063e-12,
                1.879528816417974e-12
            ],
            [
                4.50804167560278e-12,
                3.331017283734626e-11,
                7.581360393252445e-10,
                0.000158436246636769,
                0.999841562957409
            ],
            [
                2.02068390063659e-11,
                0.0,
                0.0,
                2.7894680812929233e-10,
                0.9999999997008464
            ]
        ],
        [
            [
                8.423463734261226e-12,
                0.0,
                0.0,
                5.49278833777779e-11,
                0.9999999999366487
            ],
            [
                6.560200131036473e-12,
                1.879528805904797e-12,
                3.9789625133244564e-12,
                2.9989608078893273e-09,
                0.9999999969886204
            ],
            [
                6.560201023985098e-12,
                2.0611538913327652e-09,
                0.9999999369772198,
                4.1399382588736194e-08,
                1.95556836390477e-08
            ],
            [
                2.7341404842880405e-12,
                1.0813735386602423e-11,
                1.3173826603992945e-10,
                0.0002034270607599991,
                0.999796572793954
            ],
            [
                1.2256067409439084e-11,
                0.0,
                0.0,
                1.69189791783041e-10,
                0.999999999818554
            ]
        ],
        [
            [
                7.052879821719703e-11,
                0.0,
                0.0,
                2.4616969415564094e-10,
                0.9999999996833016
            ],
            [
                5.49278833383844e-11,
                0.0,
                0.0,
                6.224144603512538e-11,
                0.9999999998828306
            ],
            [
                1.87952881072804e-12,
                1.917171507830887e-10,
                0.9999999969510225,
                1.6052280502226392e-09,
                1.250152862521576e-09
            ],
            [
                0.0,
                5.788804497415181e-12,
                3.774774705059786e-11,
                9.610239921645561e-05,
                0.999903897557247
            ],
            [
                4.2777878517921456e-11,
                0.0,
                0.0,
                9.736200273915229e-10,
                0.9999999989836021
            ]
        ],
        [
            [
                1.4930946707035573e-10,
                0.0,
                0.0,
                1.3176514221614555e-10,
                0.9999999997189253
            ],
            [
                3.3315445259910406e-11,
                0.0,
                3.978962516518514e-12,
                1.8189616787215923e-09,
                0.999999998143744
            ],
            [
                1.3175207878876108e-10,
                1.7256116953123036e-08,
                0.9999016202899897,
                9.610221468015662e-05,
                2.2601074610475508e-06
            ],
            [
                2.3137637088879757e-10,
                1.1148337870224312e-08,
                7.415223656731302e-06,
                0.9399063648816866,
                0.06008620851494252
            ],
            [
                3.7751345326132145e-11,
                0.0,
                0.0,
                4.0586521139336866e-10,
                0.9999999995563835
            ]
        ],
        [
            [
                4.5990553643333126e-10,
                1.8795288106872336e-12,
                0.0,
                3.1608814444723945e-10,
                0.9999999992221267
            ],
            [
                3.3315445383113724e-11,
                0.0,
                8.878265468186326e-13,
                1.4930946744694552e-10,
                0.9999999998164872
            ],
            [
                4.167442546947674e-09,
                2.5783054055642603e-07,
                0.9550772092518692,
                0.022461264262052194,
                0.02246126448809545
            ],
            [
                5.788926179925331e-12,
                2.2895647184928214e-11,
                1.3175535255927098e-10,
                7.484619702259269e-05,
                0.9999251536425374
            ],
            [
                1.5737102049717564e-11,
                0.0,
                0.0,
                2.1724399271903465e-10,
                0.9999999997670188
            ]
        ],
        [
            [
                6.691586066203811e-10,
                1.2917799999426856e-12,
                0.0,
                7.991959862989431e-11,
                0.99999999924963
            ],
            [
                1.783247279727219e-11,
                0.0,
                5.109088996297335e-12,
                1.250152858613861e-09,
                0.9999999987269055
            ],
            [
                3.5114220327281045e-12,
                4.599055273023748e-10,
                0.9999999771124709,
                7.194132865094502e-09,
                1.522997939491885e-08
            ],
            [
                0.0,
                9.645276017352687e-11,
                7.12694855818894e-10,
                0.06008665435089389,
                0.9399133448399585
            ],
            [
                7.052879832402113e-11,
                0.0,
                0.0,
                5.21141247406358e-10,
                0.99999999940833
            ]
        ],
        [
            [
                4.599055360491869e-10,
                0.0,
                0.0,
                9.056076953912826e-11,
                0.9999999994495337
            ],
            [
                2.2897347999985292e-11,
                3.0988190769452968e-12,
                5.109088926211048e-12,
                1.7257827643916672e-08,
                0.9999999827110672
            ],
            [
                1.3615261078949977e-13,
                6.560200167215874e-12,
                0.9999999999119589,
                1.0815941555739348e-11,
                7.052879850103817e-11
            ],
            [
                0.0,
                0.0,
                1.1399918398526003e-12,
                1.0467401673618003e-08,
                0.9999999895314583
            ],
            [
                4.2777878567407646e-11,
                0.0,
                0.0,
                1.6918979177787703e-10,
                0.9999999997880322
            ]
        ],
        [
            [
                0.9999998873915737,
                1.1253518373839106e-07,
                9.545035687827482e-12,
                2.5946097062214532e-11,
                3.775134846837268e-11
            ],
            [
                1.2256067417245812e-11,
                0.0,
                1.6586783552799821e-12,
                3.581747922435388e-10,
                0.9999999996279105
            ],
            [
                2.734698284827362e-12,
                4.5990553672761554e-10,
                0.9999999975748872,
                1.1032560296145548e-09,
                8.592166597920642e-10
            ],
            [
                1.5631769678208433e-11,
                1.4831010136164073e-10,
                1.0958716589992546e-09,
                0.006692851407515436,
                0.993307147332671
            ],
            [
                3.3315445243856905e-11,
                0.0,
                1.1399918469601271e-12,
                3.5817479111671037e-10,
                0.9999999996073698
            ]
        ],
        [
            [
                1.317651418365279e-10,
                0.0,
                3.978962509733813e-12,
                2.061153608916648e-09,
                0.9999999978031022
            ],
            [
                2.289734838460043e-11,
                0.0,
                0.0,
                1.162823299372994e-10,
                0.9999999998608202
            ],
            [
                1.2015425730522602e-13,
                6.560200167471747e-12,
                0.9999999999759546,
                5.109089027532158e-12,
                1.225606744282528e-11
            ],
            [
                1.2255741076649444e-11,
                3.775034016027243e-11,
                1.0261606367581627e-10,
                2.753568982012912e-05,
                0.9999724641575578
            ],
            [
                2.9400777260674066e-11,
                0.0,
                0.0,
                1.0261879585569797e-10,
                0.9999999998679805
            ]
        ],
        [
            [
                2.020683902579554e-11,
                0.0,
                0.0,
                1.6918979172207548e-10,
                0.9999999998106033
            ],
            [
                1.1399918513697571e-12,
                0.0,
                4.193795652219042e-13,
                2.1724399318877977e-10,
                0.9999999997811966
            ],
            [
                2.2447770547793202e-13,
                1.5737102105168777e-11,
                0.9999999999472762,
                1.081594155612134e-11,
                2.5946094979971527e-11
            ],
            [
                1.3843882775264118e-11,
                1.1591341131493725e-10,
                5.886568746862623e-10,
                0.003172683066321057,
                0.9968273162152649
            ],
            [
                2.594609490410032e-11,
                0.0,
                1.1399918495880852e-12,
                6.691586071004979e-10,
                0.9999999993037554
            ]
        ],
        [
            [
                3.3315445309985865e-11,
                3.0988191283341298e-12,
                0.0,
                6.691586068861605e-10,
                0.9999999992944271
            ],
            [
                1.7832472877357427e-11,
                0.0,
                8.878265463130737e-13,
                1.0261879613984067e-10,
                0.9999999998786608
            ],
            [
                4.1937956574501776e-13,
                3.7751345434425086e-11,
                0.9999999998161462,
                1.1628233027644093e-10,
                2.940077738632936e-11
            ],
            [
                3.098819131457916e-12,
                0.0,
                8.878265457648209e-13,
                5.211412475672522e-10,
                0.9999999994748721
            ],
            [
                7.05287981957296e-11,
                2.413362761041093e-12,
                2.129785161431772e-12,
                2.0611536132214526e-09,
                0.9999999978637744
            ]
        ],
        [
            [
                5.492788331057687e-11,
                0.0,
                0.0,
                1.691897916486424e-10,
                0.9999999997758824
            ],
            [
                1.1399918511220014e-12,
                0.0,
                0.0,
                7.99195987947719e-11,
                0.9999999999189404
            ],
            [
                2.9400779891591345e-11,
                2.06115379761422e-09,
                0.9999998915937313,
                5.315785706208409e-08,
                5.315785706208409e-08
            ],
            [
                0.0,
                7.835041658979816e-13,
                2.4133627329964314e-12,
                1.5229979499625806e-08,
                0.9999999847668235
            ],
            [
                1.0815941526713576e-11,
                0.0,
                0.0,
                1.6918979178328467e-10,
                0.9999999998199942
            ]
        ],
        [
            [
                0.9999993521477961,
                6.475946143111387e-07,
                3.77513462776617e-11,
