{
    "[['E', 'D', 'C', 'B', 'A'], ['E', 'D', 'C', 'B', 'A']]": [
        [
            [
                2.2897348376698856e-11,
                0.0,
                1.4637785090272355e-12,
                4.5990553626327605e-10,
                0.9999999995157334
            ],
            [
                0.0,
                0.0,
                3.511422051684042e-12,
                1.5229979477135838e-08,
                0.9999999847665091
            ],
            [
                2.2244895308039015e-09,
                4.2391266911058823e-07,
                0.9524299493109815,
                0.04741870118768577,
                0.00015092336417414144
            ],
            [
                1.3415719499563173e-08,
                1.3684405918550917e-06,
                0.0015006773283677585,
                0.9981630944427111,
                0.00033484637260981575
            ],
            [
                7.99195986115088e-11,
                0.0,
                2.7346982807094686e-12,
                1.2501528614119082e-09,
                0.9999999986671928
            ]
        ],
        [
            [
                2.020683887546525e-11,
                4.508755194376079e-12,
                1.0815941442334597e-11,
                7.1941329538666235e-09,
                0.9999999927703355
            ],
            [
                3.978962821932586e-12,
                6.560200639845262e-12,
                2.0206840543134224e-11,
                2.382369838798951e-07,
                0.9999997617322701
            ],
            [
                5.008774637533762e-14,
                5.789356328372636e-12,
                0.9999999999809375,
                7.433680671892487e-12,
                5.789356328372636e-12
            ],
            [
                4.2695471090541214e-11,
                1.413879821752554e-09,
                2.506161949734061e-08,
                0.1192029205124915,
                0.8807970529693138
            ],
            [
                9.54503479415736e-12,
                0.0,
                5.7893562506803045e-12,
                1.046740165362632e-08,
                0.9999999895172639
            ]
        ],
        [
            [
                7.433680637278152e-12,
                0.0,
                3.098819124100792e-12,
                2.0611536127134996e-09,
                0.9999999979283138
            ],
            [
                1.4636389890897596e-12,
                1.3886620088278475e-11,
                7.052207581840074e-11,
                9.610239920139366e-05,
                0.9999038975149263
            ],
            [
                6.431393940377868e-14,
                7.43368067111066e-12,
                0.9999999998814597,
                8.423463753061812e-12,
                1.0261879629988013e-10
            ],
            [
                2.5985642421221286e-09,
                8.164446150271461e-07,
                0.017983398235286562,
                0.9818601959178453,
                0.00015558680368886593
            ],
            [
                1.783247247063663e-11,
                5.789356186692029e-12,
                1.5737101720761894e-11,
                2.215948922969528e-08,
                0.9999999778011518
            ]
        ],
        [
            [
                1.388794380305749e-11,
                0.0,
                2.4133627610754715e-12,
                5.905303972620712e-10,
                0.9999999993931683
            ],
            [
                0.0,
                2.4133444841411435e-12,
                7.433624342294944e-12,
                7.889265044417142e-06,
                0.9999921107251086
            ],
            [
                7.052786372148212e-11,
                9.237327228689135e-09,
                0.9999859573543484,
                6.1441250583583816e-06,
                7.889212738240214e-06
            ],
            [
                1.6333384215006597e-10,
                4.212435309031357e-09,
                5.1317967712128573e-08,
                0.14804719351071666,
                0.8519527507955464
            ],
            [
                1.3887943709844324e-11,
                0.0,
                4.508755191934833e-12,
                8.152020623417165e-09,
                0.9999999918295827
            ]
        ],
        [
            [
                0.0,
                0.0,
                3.978962846492839e-12,
                1.1253518350538913e-07,
                0.9999998874608376
            ],
            [
                2.5931749877948383e-11,
                5.489751492241245e-11,
                2.460335926164967e-10,
                0.0005527785802681893,
                0.9994472210928689
            ],
            [
                1.3176162772533134e-10,
                3.6533847531889325e-08,
                0.9999731322557687,
                1.0129823367586814e-05,
                1.6701255254575582e-05
            ],
            [
                2.3352635638315905e-09,
                3.465835123174361e-07,
                9.609800223830725e-05,
                0.9998581595969431,
                4.5393482042607515e-05
            ],
            [
                1.7832405624287206e-11,
                1.7832405624287206e-11,
                4.2777717284102504e-11,
                3.7266391110110586e-06,
                0.9999962732824464
            ]
        ],
        [
            [
                3.581747901368154e-10,
                7.433680612340963e-12,
                5.789356281993863e-12,
                3.850741891681033e-09,
                0.9999999957778603
            ],
            [
                0.0,
                4.508721064873219e-12,
                2.0206685917645307e-11,
                7.889265024268744e-06,
                0.9999921107102604
            ],
            [
                1.9810087952595483e-13,
                4.277787862945504e-11,
                0.999999998625229,
                3.581747925239771e-10,
                9.736200299300155e-10
            ],
            [
                1.9248503380435915e-11,
                7.222947605875016e-10,
                1.862822739595925e-08,
                0.04742587448526933,
                0.95257410614496
            ],
            [
                4.847368488804017e-11,
                2.734698168905818e-12,
                1.3887943241912815e-11,
                4.13993753305622e-08,
                0.9999999585355285
            ]
        ],
        [
            [
                2.4616969421572015e-10,
                0.0,
                0.0,
                2.7894680819247694e-10,
                0.9999999994748836
            ],
            [
                0.0,
                5.108952977419094e-12,
                2.0206300999486038e-11,
                2.7535689817704565e-05,
                0.9999724642848671
            ],
            [
                1.0261547640554635e-10,
                1.5229487026163044e-08,
                0.9999684101573976,
                1.0129775531512157e-05,
                2.1444734968493902e-05
            ],
            [
                0.0,
                1.1309518664645665e-09,
                5.449231256361729e-08,
                0.9046504905008464,
                0.09534945387588911
            ],
            [
                6.560200107394275e-12,
                0.0,
                0.0,
                8.152020638967482e-09,
                0.9999999918414192
            ]
        ],
        [
            [
                3.850741886287825e-09,
                3.978962498142757e-12,
                5.109088979662651e-12,
                1.250152854543488e-09,
                0.9999999948900171
            ],
            [
                0.0,
                3.9788188198923345e-12,
                1.3887442247027846e-11,
                3.535625749297861e-05,
                0.9999646437246407
            ],
            [
                5.905011193427556e-10,
                5.315521679298193e-08,
                0.9999508221072143,
                4.539767867602346e-05,
                3.7264683916495854e-06
            ],
            [
                5.33178045098224e-11,
                1.3750843019467688e-09,
                4.018585386321373e-08,
                0.02931222667976697,
                0.9706877317059771
            ],
            [
                3.775134510158548e-11,
                0.0,
                5.109088981886182e-12,
                6.3488000586617385e-09,
                0.9999999936083396
            ]
        ],
        [
            [
                0.0,
                0.0,
                2.4133629545215447e-12,
                8.315279890419139e-07,
                0.9999991684695976
            ],
            [
                0.0,
                1.2255156803181408e-11,
                4.847008540800454e-11,
                7.484619692554694e-05,
                0.9999251537423491
            ],
            [
                1.90064189976915e-10,
                8.081735007283913e-09,
                4.500849722307797e-05,
                0.9913778859080691,
                0.008577097322908667
            ],
            [
                5.991813214883505e-11,
                8.271443003391654e-10,
                6.111815637116835e-09,
                0.03732688359881594,
                0.962673109402306
            ],
            [
                0.0,
                0.0,
                7.433624338169471e-12,
                7.8892650400388e-06,
                0.9999921107275264
            ]
        ],
        [
            [
                3.3315445266938126e-11,
                1.6586783512108777e-12,
                5.109089004335325e-12,
                1.6052280477304958e-09,
                0.9999999983546888
            ],
            [
                6.560200140200132e-12,
                0.0,
                2.734698279939061e-12,
                1.6052280483455799e-09,
                0.999999998385477
            ],
            [
                4.058358228733929e-10,
                2.8451287707596587e-08,
                0.9999270401148329,
                4.539659893982803e-05,
                2.753442910368373e-05
            ],
            [
                3.833834608016801e-09,
                6.447518444383649e-07,
                0.0019219781603384298,
                0.9956095043975284,
                0.0024678688564541465
            ],
            [
                3.331544795595697e-11,
                1.225606837641372e-11,
                1.78324742646556e-11,
                1.1253518327976566e-07,
                0.9999998874014128
            ]
        ],
        [
            [
                5.21141247742257e-10,
                0.0,
                0.0,
                7.05287983694801e-11,
                0.99999999940833
            ],
            [
                5.10906975282778e-12,
                2.7346879743017618e-12,
                9.544998911959744e-12,
                3.726639112406332e-06,
                0.9999962733434988
            ],
            [
                2.940061213285966e-11,
                9.237397738826766e-09,
                0.9999941861250118,
                2.90230409488356e-06,
                2.90230409488356e-06
            ],
            [
                3.397594243227525e-09,
                3.927084997171451e-07,
                0.00012338534282593417,
                0.999801381557697,
                7.48369933830833e-05
            ],
            [
                2.2897347617235736e-11,
                7.433680399897412e-12,
                1.5737101530076135e-11,
                3.224186619085787e-08,
                0.9999999677120658
            ]
        ],
        [
            [
                2.5109990811906668e-08,
                0.0,
                0.0,
                2.172439870577761e-10,
                0.9999999746727651
            ],
            [
                1.879528794818972e-12,
                0.0,
                3.978962489855764e-12,
                8.152020620264217e-09,
                0.9999999918421209
            ],
            [
                7.835041758523302e-13,
                1.1628232990830502e-10,
                0.9999999966458302,
                5.90530397893991e-10,
                2.646573629943888e-09
            ],
            [
                1.8182854008386847e-09,
                2.6985773784483496e-07,
                3.534438870161433e-05,
                0.9996290457119766,
                0.0003353382232984917
            ],
            [
                0.0,
                0.0,
                2.7346984092463658e-12,
                5.04347203283154e-07,
                0.9999994956500621
            ]
        ],
        [
            [
                2.8453347233084993e-08,
                0.0,
                1.2917799658896514e-12,
                4.058652004267011e-10,
                0.9999999711394958
            ],
            [
                1.2251954525802163e-11,
                5.490945068856654e-11,
                2.788531996979172e-10,
                0.0003353500526097713,
                0.9996646496013756
            ],
            [
                8.258073282581108e-14,
                2.0206839082943046e-11,
                0.999999999682547,
                7.991959890074983e-11,
                2.1724399342964375e-10
            ],
            [
                5.598555953831822e-09,
                5.039659463893971e-07,
                0.00020331437371329895,
                0.9992435100307234,
                0.0005526660310610288
            ],
            [
                3.0988191336198806e-12,
                0.0,
                5.384940208888184e-13,
                6.691586080275648e-10,
                0.9999999993272042
            ]
        ],
        [
            [
                1.5737101977347474e-11,
                0.0,
                0.0,
                4.363462217032664e-09,
                0.9999999956208006
            ],
            [
                0.0,
                1.879518168165608e-12,
                6.5601630016784116e-12,
                4.7850948457133466e-06,
                0.9999952148967146
            ],
            [
                2.6569863901711527e-10,
                3.071058709064078e-08,
                7.129685182614206e-05,
                0.9525061787580323,
                0.04742249341385588
            ],
            [
                6.53712069669482e-11,
                1.158732368821005e-09,
                2.9884101664948035e-08,
                0.4378234852905951,
                0.5621764836011998
            ],
            [
                4.277788409033209e-11,
                2.7346986368433738e-12,
                9.545036127886767e-12,
                1.8553915968563153e-07,
                0.9999998144057827
            ]
        ],
        [
            [
                2.734698282273224e-12,
                0.0,
                0.0,
                4.05865211264559e-10,
                0.9999999995914002
            ],
            [
                3.3315448836594255e-11,
                1.783247473602677e-11,
                1.783247473602677e-11,
                8.764249117804591e-08,
                0.9999999122885285
            ],
            [
                5.77504092266979e-12,
                1.3143932556078824e-10,
                7.176344017223206e-09,
                0.002472622945886882,
                0.9975273697405547
            ],
            [
                0.0,
                7.007360699295314e-10,
                1.2420844036707146e-08,
                0.07585817489386196,
                0.9241418119845579
            ],
            [
                7.415299374831868e-12,
                2.2840730074128463e-11,
                2.7825705618612824e-10,
                0.002472622965170301,
                0.9975273767263166
            ]
        ],
        [
            [
                1.2256067402196413e-11,
                0.0,
                1.8795288101130394e-12,
                7.582560401987395e-10,
                0.9999999992276083
            ],
            [
                0.0,
                2.270092574519199e-11,
                8.97839030035573e-11,
                0.008577485673511437,
                0.9914225142140037
            ],
            [
                1.0603575959900884e-13,
                1.3887943823546115e-11,
                0.9999999970604856,
                2.789468084549916e-10,
                2.646573631016261e-09
            ],
            [
                0.0,
                1.8667308510705004e-09,
                3.749429143483007e-08,
                0.6224593065527887,
                0.3775406540861889
            ],
            [
                3.978962502981641e-12,
                0.0,
                3.978962502981641e-12,
                5.6027963912731405e-09,
                0.9999999943892457
            ]
        ],
        [
            [
                0.0,
                0.0,
                1.0060393012731843e-12,
                6.475946141446221e-07,
                0.9999993524043799
            ],
            [
                0.0,
                0.0,
                1.139991845719046e-12,
                2.0611536091940877e-09,
                0.9999999979377063
            ],
            [
                7.046137069016462e-09,
                1.0457404591778449e-06,
                0.006599338733070503,
                0.9794288079995819,
                0.013970800480751305
            ],
            [
                0.0,
                1.8961085114303665e-10,
                1.798977667352231e-09,
                0.010986942340960166,
                0.9890130556704513
            ],
            [
                2.940078102897461e-11,
                1.5737104053142975e-11,
                6.224145392676484e-11,
                3.059023583341781e-07,
                0.9999996939902623
            ]
        ],
        [
            [
                7.194132964119676e-09,
                0.0,
                1.4637785006551416e-12,
                5.905303944599086e-10,
                0.9999999922138728
            ],
            [
                6.224144605922073e-11,
                0.0,
                0.0,
                1.4166087827772664e-09,
                0.9999999985211498
            ],
            [
                1.0603575976372366e-13,
                1.3887943845119499e-11,
                0.9999999986195709,
                1.1628233013605355e-10,
                1.2501528646003956e-09
            ],
            [
                1.0242091005944824e-10,
                2.993177740709656e-09,
                1.8518152611745324e-07,
                0.7772997146607719,
                0.2227000970621033
            ],
            [
                6.560188511411489e-12,
                5.789346041691686e-12,
                2.5946048879454574e-11,
                1.3709566503430568e-06,
                0.9999986290050541
            ]
        ],
        [
            [
                2.0206838954356017e-11,
                0.0,
                4.5087552119789884e-12,
                4.363462223604782e-09,
                0.9999999956118222
            ],
            [
                0.0,
                3.5114223754829682e-12,
                1.2256068358940908e-11,
                8.315279881649016e-07,
                0.9999991684562444
            ],
            [
                1.0060392521751318e-12,
                1.4930946359650502e-10,
                0.9999999731344656,
                1.605228011932013e-09,
                2.5109990880839694e-08
            ],
            [
                3.74986651141543e-11,
                1.806786867514249e-09,
                1.435308588604648e-07,
                0.9933070033831208,
                0.006692851241734771
            ],
            [
                1.0261880882961574e-10,
                6.224145381835144e-11,
                1.691898128912976e-10,
                3.059023578013513e-07,
                0.9999996937635922
            ]
        ],
        [
            [
                1.4930946742664054e-10,
                0.0,
                1.006039277982382e-12,
                1.6918979204272943e-10,
                0.9999999996804947
            ],
            [
                0.0,
                1.0060393178859548e-12,
                2.4133628644361283e-12,
                3.927863696196719e-07,
                0.999999607210211
            ],
            [
                5.523850661797466e-09,
                8.198113452948232e-07,
                0.9859087875759411,
                0.010952455867697502,
                0.003137931221165486
            ],
            [
                2.89872810663577e-11,
                1.0877396971646163e-09,
                4.625186885786011e-08,
                0.9859363260168068,
                0.014063626614597272
            ],
            [
                4.508592389452085e-12,
                5.108904491616496e-12,
                2.939971545891399e-11,
                3.535625748245399e-05,
                0.9999646437035004
            ]
        ],
        [
            [
                1.8795288067174844e-12,
                0.0,
                1.006039274026194e-12,
                8.592166574275189e-10,
                0.9999999991378978
            ],
            [
                5.789356003547371e-12,
                0.0,
                6.560199799672848e-12,
                5.315784955841231e-08,
                0.999999946829801
            ],
            [
                1.5428112022547217e-13,
                2.2897348442546753e-11,
                0.9999999995088418,
                6.224144619126984e-11,
                4.058652124010303e-10
            ],
            [
                4.7901643056302736e-11,
                1.5862845593734205e-09,
                2.1897982880083133e-08,
                0.3208212802408612,
                0.6791786962269697
            ],
            [
                2.9400777288443546e-11,
                0.0,
                1.4637785089280802e-12,
                5.211412469382988e-10,
                0.9999999994479942
            ]
        ],
        [
            [
                4.847368691025002e-11,
                0.0,
                2.7346982829910913e-12,
                7.582560404064317e-10,
                0.9999999991905355
            ],
            [
                1.3839084847791937e-10,
                2.453036483800055e-09,
                7.168823432829553e-08,
                0.4378234665162776,
                0.5621764592040609
            ],
            [
                1.0984121117893495e-09,
                8.725768192280646e-08,
                0.0024678690468530294,
                0.7753815226811971,
                0.22215051991585577
            ],
            [
                1.5207688094957273e-08,
                1.2080963022242408e-06,
                0.0009105468379753285,
                0.998535955283698,
                0.0005522745743364283
            ],
            [
                1.0815941284965277e-11,
                0.0,
                8.423463542385295e-12,
                2.2159489215441232e-08,
                0.9999999778212715
            ]
        ],
        [
            [
                1.8795288078716146e-12,
                0.0,
                0.0,
                2.461696940463241e-10,
                0.9999999997519509
            ],
            [
                0.0,
                9.878829936050135e-11,
                1.7510645044028042e-09,
                0.03732688382833965,
                0.9626731143218076
            ],
            [
                4.2410830756072496e-11,
                3.369109590540509e-09,
                3.6946737678488894e-06,
                0.9914188491768593,
                0.008577452737852504
            ],
            [
                2.331809552833034e-09,
                3.9215007004326905e-07,
                0.0007090239594701464,
                0.9983801767736501,
                0.0009104047850002471
            ],
            [
                3.978947474889398e-12,
                6.560175336848715e-12,
                2.5945996773048007e-11,
                2.9023121908077773e-06,
                0.9999970976513242
            ]
        ],
        [
            [
                7.582560394747546e-10,
                0.0,
                0.0,
                2.1724399255772688e-10,
                0.9999999990244999
            ],
            [
                0.0,
                1.0812311949775897e-11,
                9.0530379565127e-11,
                0.00033535005354483414,
                0.9996646498451125
            ],
            [
                1.567495911369336e-09,
                2.0530164544383217e-07,
                0.9764947550810756,
                0.02296495410380022,
                0.0005400839459826234
            ],
            [
                3.078819433013045e-11,
                5.457338024355427e-10,
                8.536712978257468e-09,
                0.07585817523414548,
                0.9241418156526195
            ],
            [
                2.413363075563668e-12,
                0.0,
                4.508755809738018e-12,
                1.8553915961237078e-07,
                0.9999998144539183
            ]
        ],
        [
            [
                4.0586521122041605e-10,
                0.0,
                3.978962521845922e-12,
                4.5990553624805515e-10,
                0.9999999991302504
            ],
            [
                2.4133629592814934e-12,
                0.0,
                5.789356778395698e-12,
                1.1253518345997772e-07,
                0.9999998874566138
            ],
            [
                3.978962665732967e-12,
                1.1032560683600392e-09,
                0.9999998391647554,
                1.5229980241904872e-08,
                1.4449802932815314e-07
            ],
            [
                2.0101356273784984e-11,
                2.0503940826493916e-09,
                1.437437226373444e-07,
                0.9947797286335599,
                0.005220125552222139
            ],
            [
                6.560200143498778e-12,
                0.0,
                1.8795288094753074e-12,
                1.1032560281972205e-09,
                0.9999999988883042
            ]
        ],
        [
            [
                1.162823300990114e-10,
                0.0,
                0.0,
                2.5946094937424998e-11,
                0.9999999998577715
            ],
            [
                0.0,
                1.0815550874655758e-11,
                3.3314242034444814e-11,
                3.535625742044415e-05,
                0.9999646436984498
            ],
            [
                3.160803158561958e-10,
                2.8452643293937587e-08,
                0.9999747997933055,
                2.1444877108953047e-05,
                3.7265608620329523e-06
            ],
            [
                4.595574414706577e-10,
                6.820437167775774e-08,
                0.0005526662749957972,
                0.9992439505006753,
                0.0002033145603997566
            ],
            [
                2.734698214696954e-12,
                0.0,
                6.5601999836924536e-12,
                2.5109990851390887e-08,
                0.9999999748807142
            ]
        ],
        [
            [
                3.3315445266982264e-11,
                0.0,
                0.0,
                2.461696940385855e-10,
                0.9999999997205149
            ],
            [
                1.8795289067711534e-12,
                0.0,
                1.6586784385437536e-12,
                1.444980315479588e-07,
                0.9999998554984303
            ],
            [
                7.052490148658836e-11,
                1.7256874417497097e-08,
                0.9999449128169198,
                2.7534927840506406e-05,
                2.7534927840506406e-05
            ],
            [
                2.254745323357846e-09,
                1.2310492345122197e-07,
                4.076675178427436e-06,
                0.8519492176592711,
                0.14804658030588178
            ],
            [
                3.098819524901917e-12,
                0.0,
                5.789357050210046e-12,
                1.8553915938379936e-07,
                0.9999998144519525
            ]
        ],
        [
            [
                1.7832472850813996e-11,
                0.0,
                2.4133627640741184e-12,
                8.592166591549816e-10,
                0.9999999991205375
            ],
            [
                0.0,
                9.544690121583766e-12,
                5.4925899315311397e-11,
                3.535625732766642e-05,
                0.9999646436782017
            ],
            [
                1.102698510239087e-09,
                1.636549694422878e-07,
                0.9994944963701657,
                0.0004305248680856536,
                7.48140040807267e-05
            ],
            [
                1.4754745327847203e-10,
                4.31196864580857e-09,
                1.4279279053766126e-07,
                0.3208212534703591,
                0.6791785992773343
            ],
            [
                4.0586519625885264e-10,
                7.433680372182372e-12,
                3.3315444076396335e-11,
                3.6534820661945195e-08,
                0.9999999630185649
            ]
        ],
        [
            [
                0.0,
                0.0,
                2.7346984934627213e-12,
                2.382369843364356e-07,
                0.999999761760281
            ],
            [
                0.0,
                2.7346934324064107e-12,
                1.0815922338834372e-11,
                1.370956650376981e-06,
                0.9999986290297991
            ],
            [
                1.604362009817345e-09,
                1.8543921187586793e-07,
                0.9994611722074354,
                0.00033528196037487375,
                0.00020335878861591717
            ],
            [
                1.5902371867187825e-10,
                8.68240085087573e-09,
                1.0035481332681804e-06,
                0.9399124042569303,
                0.060086583353511754
            ],
            [
                4.508755438144245e-12,
                6.5602004531130035e-12,
                2.940077866994337e-11,
                5.043472034923265e-07,
                0.9999994956123268
            ]
        ],
        [
            [
                5.211412472301753e-10,
                0.0,
                2.7346982834126795e-12,
                4.0586521143366916e-10,
                0.9999999990702588
            ],
            [
                0.0,
                1.1399919400581594e-12,
                3.0988193752498683e-12,
                8.315279895655959e-07,
                0.9999991684677716
            ],
            [
                4.508755082942202e-12,
                8.592166315501762e-10,
                0.9999999647888346,
                9.237449335492053e-09,
                2.5109990669979134e-08
            ],
            [
                0.0,
                6.5974753955092e-10,
                6.729607856868193e-08,
                0.9859363040853729,
                0.014063627958801075
            ],
            [
                2.5946094790932778e-11,
                0.0,
                5.1090889902893865e-12,
                2.9989608026845555e-09,
                0.999999996969984
            ]
        ],
        [
            [
                0.0,
                0.0,
                0.0,
                8.152020636466503e-09,
                0.9999999918479795
            ],
            [
                1.0815941521305942e-11,
                0.0,
                0.0,
                6.691586069032898e-10,
                0.9999999993200255
            ],
            [
                1.1625683499566646e-10,
                1.0465106780388007e-08,
                0.9997798678260277,
                1.6698022959604085e-05,
                0.00020342356964915168
            ],
            [
                0.0,
                2.577863959927698e-10,
                5.1777781750082546e-09,
                0.07585817544538805,
                0.9241418191190474
            ],
            [
                1.7832474189925782e-11,
                6.560200639694066e-12,
                2.940077950614168e-11,
                2.3823698387440435e-07,
                0.9999997617092227
            ]
        ],
        [
            [
                5.905303975858072e-10,
                0.0,
                3.0988191266074214e-12,
                6.691586065132953e-10,
                0.9999999987372121
            ],
            [
                3.548298613745735e-11,
                9.151182737620742e-10,
                3.891181915839306e-08,
                0.9399133081031293,
                0.06008665203445019
            ],
            [
                1.981008796560637e-13,
                2.0206839075040663e-11,
                0.9999999993513133,
                3.775134541442819e-11,
                5.905303994507352e-10
            ],
            [
                1.1015486937703938e-09,
                1.634844774586538e-07,
                4.5329714549031746e-05,
                0.9984533917149752,
                0.0015011139844496968
            ],
            [
                4.2777878334799275e-11,
                0.0,
                3.978962502827262e-12,
                5.602796391055758e-09,
                0.9999999943504467
            ]
        ],
        [
            [
                0.0,
                0.0,
                1.291772777957519e-12,
                6.14417212015559e-06,
                0.9999938558265881
            ],
            [
                4.508755409662446e-12,
                9.545035277157884e-12,
                3.7751346844142914e-11,
                3.927863691285622e-07,
                0.9999996071618258
            ],
            [
                1.3615261079533075e-13,
                7.433680671607764e-12,
                0.9999999999620994,
                7.433680671607764e-12,
                2.289734845416254e-11
            ],
            [
                5.331780660429212e-11,
                2.5689957891577632e-09,
                2.31253631263102e-07,
                0.9706875452599938,
                0.02931222086406145
            ],
            [
                1.3887945680206838e-11,
                3.5114225723417718e-12,
                6.5602010256137705e-12,
                6.023574625205987e-08,
                0.9999999397402942
            ]
        ],
        [
            [
                4.599055356976977e-10,
                0.0,
                3.978962517084397e-12,
                1.2501528604947744e-09,
                0.9999999982859626
            ],
            [
                0.0,
                2.129740667325191e-12,
                7.433525339418565e-12,
                2.1444939745467326e-05,
                0.9999785550506913
            ],
            [
                3.5114090159452324e-12,
                8.592134570816436e-10,
                0.9999969112863029,
                1.8553862115310476e-07,
                2.902312350997866e-06
            ],
            [
                1.6719315855034202e-10,
                4.886100311756202e-09,
                4.398327333108786e-07,
                0.6791783968379476,
                0.32082115827602564
            ],
            [
                1.3887943808293129e-11,
                0.0,
                3.5114220990478662e-12,
                1.416608780862608e-09,
                0.9999999985659918
            ]
        ],
        [
            [
                6.560200137466827e-12,
                0.0,
                0.0,
                2.3355930278740257e-09,
                0.9999999976578469
            ],
            [
                8.423463716461328e-12,
                0.0,
                2.12978516134603e-12,
                1.1032560273655777e-09,
                0.9999999988861907
            ],
            [
                3.390434455830369e-09,
                2.3768780556040625e-07,
                0.0003792527207614307,
                0.8804628139397017,
                0.11915769226129684
            ],
            [
                8.500924933999866e-11,
                5.259336022683999e-09,
                2.871497433937552e-07,
                0.73105837049973,
                0.2689413370061812
            ],
            [
                6.348800068898619e-09,
                0.0,
                7.835041726882761e-13,
                1.0261879555498996e-10,
                0.9999999935477977
            ]
        ],
        [
            [
                1.6586753633540934e-12,
                0.0,
                4.508747099518136e-12,
                1.7603431329845035e-06,
                0.9999982396506996
            ],
            [
                0.0,
                1.0060124893435015e-12,
                3.978856579569868e-12,
                2.7535689818264376e-05,
                0.9999724643051969
            ],
            [
                3.978962352806069e-12,
                1.250152808880058e-09,
                0.9999999540801975,
                1.95556801882946e-08,
                2.5109990402387185e-08
            ],
            [
                6.571202415417399e-10,
                5.220152655461903e-08,
                3.6596095442381433e-06,
                0.9820101439211846,
                0.01798614361062429
            ],
            [
                1.0815941201106646e-11,
                1.6586783042924052e-12,
                7.433680427554148e-12,
                3.2241866310812555e-08,
                0.9999999677382254
            ]
        ],
        [
            [
                0.0,
                8.878266189610674e-13,
                2.7346985106418086e-12,
                1.1253518373335134e-07,
                0.9999998874611937
            ],
            [
                0.0,
                4.276670657164742e-11,
                1.1625196133674923e-10,
                0.0002611903255068426,
                0.9997388095154746
            ],
            [
                4.420228103288073e-14,
                5.109089027655197e-12,
                0.9999999999685909,
                8.423463753795758e-12,
                1.783247290672188e-11
            ],
            [
                1.1491006971628551e-10,
                2.0368297215478864e-09,
                6.745053679195567e-08,
                0.3208212849884905,
                0.6791786454092329
            ],
            [
                0.0,
                2.4133628831008473e-12,
                8.423464142830848e-12,
                1.4449803127297853e-07,
                0.9999998554911319
            ]
        ],
        [
            [
                1.3887943703928394e-11,
                0.0,
                8.423463656795602e-12,
                9.237449554859094e-09,
                0.9999999907402389
            ],
            [
                0.0,
                2.129728455695083e-12,
                9.544780742676618e-12,
                2.7535689805882495e-05,
