{
    "[['E', 'D', 'C', 'B', 'A'], ['E', 'D', 'C', 'B', 'A']]": [
        [
            [
                0.9999999961405426,
                3.8507419045972205e-09,
                1.463778507218815e-12,
                6.560200137198332e-12,
                6.914400074313403e-13
            ],
            [
                0.9999999950496152,
                4.944450473712552e-09,
                1.0060392735402e-12,
                4.5087552165559605e-12,
                4.1937956344386713e-13
            ],
            [
                6.560200023198865e-12,
                1.1861119889259198e-08,
                0.9999999780356537,
                9.237449457858878e-09,
                8.592166429320639e-10
            ],
            [
                6.808767479792024e-11,
                5.408873961433332e-09,
                5.81508752811948e-08,
                0.8519527434734527,
                0.14804719289871035
            ],
            [
                8.878265234757749e-13,
                1.1399918217524109e-12,
                1.6586783133847205e-12,
                2.5109990868188874e-08,
                0.9999999748863226
            ]
        ],
        [
            [
                0.9999999994056734,
                5.905303990956627e-10,
                6.914400097587905e-13,
                2.734698287892969e-12,
                3.7010116735867476e-13
            ],
            [
                0.999999998388684,
                1.605228051381908e-09,
                8.878265457421968e-13,
                4.508755231611005e-12,
                6.914400090556033e-13
            ],
            [
                7.991366336283334e-11,
                7.484619932134381e-05,
                0.9999250646682883,
                8.763597305517252e-08,
                1.4165035762059316e-09
            ],
            [
                7.959435036833034e-11,
                1.3385711553530203e-08,
                3.9118745998851047e-07,
                0.9959294596864487,
                0.004070135660785427
            ],
            [
                3.098819124115155e-12,
                1.1399918476708615e-12,
                1.6586783510958439e-12,
                2.061153612723053e-09,
                0.9999999979329488
            ]
        ],
        [
            [
                0.9999999988905239,
                1.1032560306717446e-09,
                1.2917800028285087e-12,
                4.5087552354625224e-12,
                4.1937956520245134e-13
            ],
            [
                0.9999999950506753,
                4.9444504737177935e-09,
                8.878265427786241e-13,
                3.5114220933347862e-12,
                4.752193035647627e-13
            ],
            [
                3.581672923800399e-10,
                2.1444938770214126e-05,
                0.9999781514581253,
                3.927777545062572e-07,
                1.0467182593670833e-08
            ],
            [
                1.909365704544015e-10,
                9.89075921935704e-08,
                1.0633568278761383e-06,
                0.9959287054635793,
                0.004070132081064207
            ],
            [
                1.0815941492695192e-11,
                0.0,
                0.0,
                3.581747908893744e-10,
                0.9999999996310092
            ]
        ],
        [
            [
                0.9999999983894603,
                1.6052280515261762e-09,
                1.006039276989851e-12,
                3.978962526766406e-12,
                3.2661313353416535e-13
            ],
            [
                0.9999999961362869,
                3.850741904969606e-09,
                2.7346982789521832e-12,
                9.545034878723771e-12,
                6.914400074982059e-13
            ],
            [
                5.78935621420694e-12,
                1.522997944343668e-08,
                0.9999999803208495,
                4.363462166626698e-09,
                7.991959734858824e-11
            ],
            [
                1.8141663657769972e-09,
                6.128014389678839e-06,
                0.00015804357412726764,
                0.9973636091455823,
                0.0024722174517342534
            ],
            [
                1.1399918490981033e-12,
                0.0,
                0.0,
                6.224144601361977e-11,
                0.9999999999366185
            ]
        ],
        [
            [
                0.999999999326576,
                6.691586082308775e-10,
                6.91440009765705e-13,
                3.098819134561405e-12,
                4.752193056390942e-13
            ],
            [
                0.9999999881305196,
                1.1861120001564731e-08,
                1.8795287928048885e-12,
                5.789356255624186e-12,
                6.914400019626981e-13
            ],
            [
                2.2897306273212475e-11,
                1.0677030612694602e-06,
                0.9999989180754015,
                1.344038519018592e-08,
                7.582546458740318e-10
            ],
            [
                6.686597918590615e-10,
                1.066907083791144e-06,
                0.000709644658404301,
                0.9992539566555745,
                3.533111027767415e-05
            ],
            [
                1.5737102060568387e-11,
                2.129785164690504e-12,
                1.6586783540348253e-12,
                1.1032560290980578e-09,
                0.9999999988772184
            ]
        ],
        [
            [
                0.9999999990193689,
                9.736200296079411e-10,
                1.2917800025397363e-12,
                5.109089019179195e-12,
                6.101936666994744e-13
            ],
            [
                0.9999999973508471,
                2.6465736305187e-09,
                4.752193047705303e-13,
                1.879528810580424e-12,
                2.2447770479043704e-13
            ],
            [
                7.571172478285895e-10,
                0.0015011819609461836,
                0.99849865114738,
                1.6349195773827587e-07,
                2.642598853931409e-09
            ],
            [
                4.8319897309643346e-11,
                5.585020758962306e-09,
                1.4403958381821745e-07,
                0.9968271673381807,
                0.0031726829888948653
            ],
            [
                2.1297851651976315e-12,
                0.0,
                0.0,
                5.492788336104209e-11,
                0.9999999999429423
            ]
        ],
        [
            [
                0.9999999991364814,
                8.592166607803029e-10,
                7.835041774695307e-13,
                3.098819134620774e-12,
                4.1937956528293747e-13
            ],
            [
                0.9999999585964154,
                4.139937545219413e-08,
                7.83504145658241e-13,
                3.0988190088046826e-12,
                3.266131205855786e-13
            ],
            [
                3.7751345871327914e-11,
                5.04347187309836e-07,
                0.9999994603742327,
                3.224186773856306e-08,
                2.9989608589002128e-09
            ],
            [
                9.054229978148515e-11,
                4.690207246177493e-08,
                6.474631387788665e-07,
                0.9997958786731629,
                0.00020342687108358015
            ],
            [
                2.289734835951517e-11,
                1.879528808581734e-12,
                0.0,
                3.5817479151191576e-10,
                0.9999999996170483
            ]
        ],
        [
            [
                0.9999999973465503,
                2.646573628966719e-09,
                1.2917799999331589e-12,
                5.109089008869982e-12,
                4.752193044918563e-13
            ],
            [
                0.9999999950507794,
                4.944450474890711e-09,
                7.835041742203876e-13,
                3.511422094167762e-12,
                4.752193036774937e-13
            ],
            [
                7.765386064100061e-09,
                0.04742571876147273,
                0.9525711261881469,
                3.132777343194471e-06,
                1.4507651122155457e-08
            ],
            [
                1.3229290241057195e-11,
                7.222947734132517e-10,
                2.5210564755944394e-09,
                0.04742587519095813,
                0.9525741215524612
            ],
            [
                1.6586783501676755e-12,
                1.4637785064071005e-12,
                2.734698277171242e-12,
                3.850741902461854e-09,
                0.999999996143401
            ]
        ],
        [
            [
                0.9999999991378605,
                8.592166604383931e-10,
                5.384940208484636e-13,
                2.129785167289666e-12,
                2.543665642998368e-13
            ],
            [
                0.9999999976610132,
                2.335593031773534e-09,
                6.101936659249812e-13,
                2.413362764573468e-12,
                3.7010116674594916e-13
            ],
            [
                3.9789625198981666e-12,
                3.3982678058821655e-09,
                0.999999996056405,
                5.211412467012473e-10,
                2.0206839009276877e-11
            ],
            [
                3.7730473584559566e-11,
                6.345290009200934e-09,
                1.124729565867598e-07,
                0.999447102561614,
                0.0005527785824089243
            ],
            [
                5.7893563017665655e-12,
                1.6586783511888912e-12,
                1.6586783511888912e-12,
                1.2501528605641212e-09,
                0.9999999987407404
            ]
        ],
        [
            [
                0.99999999940185,
                5.905303993545186e-10,
                1.2917800036050017e-12,
                5.789356323437802e-12,
                5.384940212830918e-13
            ],
            [
                0.9999999881328611,
                1.18611200026493e-08,
                1.1399918387530784e-12,
                4.508755185771729e-12,
                3.701011632195689e-13
            ],
            [
                2.289721816774278e-11,
                4.785094727645661e-06,
                0.9999951895552837,
                2.5109848678517247e-08,
                2.1724275736301268e-10
            ],
            [
                2.1333651102454298e-10,
                2.4658347990298283e-08,
                9.252967994768333e-07,
                0.9820128556297061,
                0.01798619420181004
            ],
            [
                2.41336276498647e-12,
                6.914400087323953e-13,
                6.914400087323953e-13,
                1.4166087826242572e-09,
                0.9999999985795949
            ]
        ],
        [
            [
                0.9999999983878327,
                1.6052280513805415e-09,
                1.2917800017239306e-12,
                5.109089015952621e-12,
                5.384940204989447e-13
            ],
            [
                0.9999999895293018,
                1.0467401678139302e-08,
                6.914400029914777e-13,
                2.1297851472302834e-12,
                4.752193009832403e-13
            ],
            [
                1.5826126986120565e-09,
                1.282404352170006e-05,
                0.9859110855380008,
                0.014063264792343114,
                1.282404352170006e-05
            ],
            [
                3.3265413403372694e-11,
                6.339265701014429e-09,
                1.8526049981109492e-07,
                0.9984986262631852,
                0.0015011821037837993
            ],
            [
                1.0815941443191069e-11,
                0.0,
                0.0,
                7.052879776713119e-11,
                0.9999999999186553
            ]
        ],
        [
            [
                0.9999999995902515,
                4.0586521226975354e-10,
                6.101936671925093e-13,
                2.7346982890461717e-12,
                5.384940212741249e-13
            ],
            [
                0.9999999881335381,
                1.186112000441298e-08,
                8.878265368479229e-13,
                3.978962486547431e-12,
                4.75219300390287e-13
            ],
            [
                6.560200425467026e-12,
                1.1253517913326945e-07,
                0.9999998457799352,
                4.1399378811675324e-08,
                2.7894682022813016e-10
            ],
            [
                4.0585824637120776e-10,
                5.043394869127222e-07,
                7.889196938436052e-06,
                0.9999837168607779,
                7.889196938436052e-06
            ],
            [
                7.433680632845134e-12,
                2.1297851596368246e-12,
                2.4133627590071512e-12,
                3.581747911247616e-10,
                0.9999999996298483
            ]
        ],
        [
            [
                0.9999999981763239,
                1.8189616832879128e-09,
                7.835041766692646e-13,
                3.511422105142868e-12,
                4.1937956485458595e-13
            ],
            [
                0.999999980435154,
                1.9555680692160755e-08,
                2.1297851278617024e-12,
                6.560200035414659e-12,
                4.752192966615257e-13
            ],
            [
                2.1297851699694405e-12,
                3.581747928624404e-10,
                0.9999999995918085,
                4.277787866987872e-11,
                5.109089025697207e-12
            ],
            [
                2.1418825308773148e-10,
                3.602092561493748e-08,
                2.5252618433445624e-06,
                0.9859338442267032,
                0.014063594276339655
            ],
            [
                2.129785078897823e-12,
                1.4637784508554582e-12,
                2.129785078897823e-12,
                4.139937539840249e-08,
                0.9999999585949013
            ]
        ],
        [
            [
                0.9999999990230297,
                9.736200296982525e-10,
                6.10193666756075e-13,
                2.413362767860508e-12,
                3.2661313374109743e-13
            ],
            [
                0.9999999992373871,
                7.582560417055413e-10,
                8.878265465748012e-13,
                3.098819134285025e-12,
                3.7010116732936695e-13
            ],
            [
                1.2256068848464761e-11,
                1.8553915752165714e-07,
                0.9999998019183062,
                1.186112151045395e-08,
                6.691586858050243e-10
            ],
            [
                5.768988852551133e-11,
                4.5828754882544626e-09,
                7.168823423383369e-08,
                0.5621764575956775,
                0.4378234660755229
            ],
            [
                3.0988190995321136e-12,
                2.734698257007075e-12,
                5.109088963450413e-12,
                9.23744954514771e-09,
                0.9999999907516078
            ]
        ],
        [
            [
                0.9999999983914218,
                1.6052280515293249e-09,
                6.101936663706719e-13,
                2.413362766336209e-12,
                3.2661313353480604e-13
            ],
            [
                0.9999999715427036,
                2.845334726108884e-08,
                8.87826521986726e-13,
                2.7346982119398083e-12,
                3.26613124765662e-13
            ],
            [
                3.266131342446441e-13,
                2.0206839088112437e-11,
                0.9999999999578346,
                1.0815941556156433e-11,
                1.0815941556156433e-11
            ],
            [
                4.8149241963231613e-11,
                9.175621370044727e-09,
                7.682653712125435e-08,
                0.9933070622943652,
                0.006692851655327061
            ],
            [
                6.101936652175866e-13,
                0.0,
                0.0,
                3.1608814411409075e-10,
                0.9999999996833016
            ]
        ],
        [
            [
                0.9999999979333227,
                2.061153617104666e-09,
                1.0060392766798697e-12,
                3.978962525540407e-12,
                5.384940203818787e-13
            ],
            [
                0.9999999468346108,
                5.315784967777903e-08,
                1.139991791571839e-12,
                5.789356016547455e-12,
                6.101936348566655e-13
            ],
            [
                4.508746993969114e-12,
                1.0677030750154806e-06,
                0.9999989308529127,
                1.4166061950962948e-09,
                2.2897306568001212e-11
            ],
            [
                8.956582010320853e-11,
                2.1916033585883647e-08,
                4.988061495820796e-07,
                0.9890125425172006,
                0.010986936671050478
            ],
            [
                1.8795288105792514e-12,
                0.0,
                8.878265450307407e-13,
                1.6918979172502608e-10,
                0.9999999998280429
            ]
        ],
        [
            [
                0.9999999987455723,
                1.2501528639819658e-09,
                8.878265461381549e-13,
                3.09881913276098e-12,
                2.882350787899937e-13
            ],
            [
                0.999999982736817,
                1.7257827676949316e-08,
                1.0060392611530412e-12,
                3.9789624641306085e-12,
                3.7010116118951157e-13
            ],
            [
                8.258073284995306e-14,
                7.433680671847539e-12,
                0.999999999987041,
                3.978962535567121e-12,
                1.4637785140265376e-12
            ],
            [
                3.548298877343354e-11,
                2.8187629349962502e-09,
                8.237632792435711e-08,
                0.9399132725531197,
                0.060086642216306344
            ],
            [
                1.4637785050668694e-12,
                0.0,
                1.0060392730571363e-12,
                3.850741898936126e-09,
                0.9999999961467883
            ]
        ],
        [
            [
                0.9999999981777983,
                1.8189616830213571e-09,
                5.38494020433821e-13,
                2.4133627658206577e-12,
                2.882350786263413e-13
            ],
            [
                0.9999999979351657,
                2.0611536169654437e-09,
                6.91440008857995e-13,
                2.7346982843302535e-12,
                2.543665640622563e-13
            ],
            [
                9.545036129205692e-12,
                1.8553915971126918e-07,
                0.9999998136502612,
                7.582561386246377e-10,
                4.2777884096243104e-11
            ],
            [
                1.771738318074494e-10,
                1.8072222162047662e-08,
                2.826971186101788e-07,
                0.9241415388059596,
                0.07585816024752584
            ],
            [
                2.413362764527951e-12,
                1.2917800008757706e-12,
                1.4637785096950429e-12,
                1.4166087823551131e-09,
                0.9999999985782222
            ]
        ],
        [
            [
                0.9999999992350186,
                7.582560417633657e-10,
                1.006039277919619e-12,
                5.109089021137895e-12,
                6.101936669334077e-13
            ],
            [
                0.9999999847638332,
                1.522997950111789e-08,
                1.1399918348108436e-12,
                4.508755170179887e-12,
                5.384940131625025e-13
            ],
            [
                2.5946047407383926e-11,
                1.76034308434304e-06,
                0.9999977347630915,
                5.043467377839432e-07,
                5.211402932117875e-10
            ],
            [
                1.7245522336893436e-08,
                0.0001233219246435498,
                0.0001583484856771683,
                0.9992878765329767,
                0.00043043581118025394
            ],
            [
                4.508755213989187e-12,
                1.4637785049364136e-12,
                0.0,
                6.69158604928349e-10,
                0.9999999993248689
            ]
        ],
        [
            [
                0.9999999976575478,
                2.3355930319490835e-09,
                1.1399918497007793e-12,
                5.109089013078456e-12,
                6.10193665970845e-13
            ],
            [
                0.9999999634570909,
                3.6534820780546854e-08,
                1.879528746745714e-12,
                5.789356113751939e-12,
                4.193795502649488e-13
            ],
            [
                3.1591339302478123e-10,
                0.0005527785944845798,
                0.9994471204167389,
                9.925703754755002e-08,
                1.4158256006925755e-09
            ],
            [
                5.211293408993522e-10,
                1.0676796133833921e-06,
                2.144491829674685e-05,
                0.9999768393005403,
                6.475804202671582e-07
            ],
            [
                8.87824923805013e-13,
                2.129781275084067e-12,
                3.978955257390652e-12,
                1.06770307519669e-06,
                0.9999989322899283
            ]
        ],
        [
            [
                0.9999999996366353,
                3.581747927334435e-10,
                1.1399918521058342e-12,
                3.511422110485663e-12,
                5.384940213320776e-13
            ],
            [
                0.9999999943844615,
                5.602796403497792e-09,
                2.4133627571709637e-12,
                9.545034864850304e-12,
                7.835041737463033e-13
            ],
            [
                1.2015425730335916e-13,
                3.3315445417682855e-11,
                0.9999999999098985,
                4.2777878684577935e-11,
                1.3887943863304382e-11
            ],
            [
                3.742749922332936e-11,
                5.554733397043543e-09,
                1.1156980274478175e-07,
                0.9914223971417031,
                0.008577485696333272
            ],
            [
                1.6586783460327303e-12,
                0.0,
                2.73469827035387e-12,
                4.363462219056515e-09,
                0.9999999956321444
            ]
        ],
        [
            [
                0.9999999987421189,
                1.2501528639776485e-09,
                1.4637785113051497e-12,
                5.789356317574333e-12,
                4.752193053613488e-13
            ],
            [
                0.9999999987454904,
                1.2501528641669074e-09,
                8.878265462694958e-13,
                3.0988191332194044e-12,
                3.701011672020967e-13
            ],
            [
                1.2256067745789167e-11,
                3.927863642167511e-07,
                0.9999995927873494,
                1.3440410281977933e-08,
                9.736200552671367e-10
            ],
            [
                5.475361690056333e-11,
                5.5850207601652325e-09,
                1.440395838492413e-07,
                0.996827167338201,
                0.003172682982440682
            ],
            [
                1.0815941502979693e-11,
                3.098819123162896e-12,
                3.511422095745935e-12,
                1.6052280471258866e-09,
                0.9999999983773458
            ]
        ],
        [
            [
                0.9999999973434217,
                2.64657363010731e-09,
                1.879528810288265e-12,
                7.433680647629723e-12,
                6.914400083944728e-13
            ],
            [
                0.9999999865501414,
                1.3440409763359055e-08,
                2.413362738116123e-12,
                6.5602000765012224e-12,
                4.752192996378264e-13
            ],
            [
                3.3315383223567e-11,
                3.9278599582740475e-07,
                0.999998774236123,
                8.315279596918418e-07,
                1.4166061419128083e-09
            ],
            [
                5.893489034504706e-10,
                3.052899990441983e-07,
                7.470199976706688e-05,
                0.9979984021543984,
                0.0019265899664867316
            ],
            [
                2.129785144253979e-12,
                2.129785144253979e-12,
                4.508755185767101e-12,
                1.0467401663511453e-08,
                0.99999998952383
            ]
        ],
        [
            [
                0.9999999987452248,
                1.2501528639815313e-09,
                6.914400093637356e-13,
                3.5114221066207686e-12,
                4.19379565031096e-13
            ],
            [
                0.9999999943928459,
                5.602796401307509e-09,
                7.835041734400105e-13,
                3.098819118683712e-12,
                4.752193032041711e-13
            ],
            [
                1.879528812003121e-12,
                2.061153617464271e-09,
                0.9999999976351228,
                2.7894680861369597e-10,
                2.2897348401196194e-11
            ],
            [
                2.5907128523771824e-11,
                2.994456914574062e-09,
                1.2732766943932886e-07,
                0.9984986876341709,
                0.0015011820177956
            ],
            [
                9.545034884150134e-12,
                1.4637785081925297e-12,
                0.0,
                1.9171715059871186e-10,
                0.9999999997972739
            ]
        ],
        [
            [
                0.9999999995380362,
                4.599055373811838e-10,
                3.701011674697379e-13,
                1.4637785125852907e-12,
                2.2447770526583595e-13
            ],
            [
                0.9999999985803154,
                1.4166087836841227e-09,
                6.914400092497106e-13,
                2.129785166506998e-12,
                2.5436656420636045e-13
            ],
            [
                9.055525134818656e-11,
                5.829116698951302e-05,
                0.9999399455029575,
                1.76024071971672e-06,
                2.9987780756281796e-09
            ],
            [
                4.550217197891373e-11,
                3.6146852412843087e-09,
                3.42951787008894e-08,
                0.7310585622031863,
                0.26894139984144766
            ],
            [
                2.4133627647649046e-12,
                0.0,
                8.878265452456803e-13,
                2.78946808469907e-10,
                0.999999999717752
            ]
        ],
        [
            [
                0.9999999985760424,
                1.4166087838877519e-09,
                1.1399918508269584e-12,
                5.789356317469781e-12,
                4.1937956502221967e-13
            ],
            [
                0.9999999987468189,
                1.2501528639835242e-09,
                6.101936665875329e-13,
                2.1297851668616147e-12,
                2.8823507879035303e-13
            ],
            [
                8.42346360145231e-12,
                1.1861119935880785e-08,
                0.99999998193713,
                5.602796335759732e-09,
                5.905303891671306e-10
            ],
            [
                1.873117625233301e-10,
                2.4532999482919104e-08,
                6.32714999256562e-07,
                0.9770219900613579,
                0.02297735250333169
            ],
            [
                1.2917800016966777e-12,
                0.0,
                0.0,
                9.736200289725241e-10,
                0.9999999990250883
            ]
        ],
        [
            [
                0.9999999988925836,
                1.1032560302852395e-09,
                6.914400094040197e-13,
                3.0988191329404438e-12,
                3.7010116716877966e-13
            ],
            [
                0.9999999950528049,
                4.944450474168862e-09,
                5.384940187510307e-13,
                1.8795288059829847e-12,
                3.266131324443699e-13
            ],
            [
                5.109088786911973e-12,
                4.139937523378202e-08,
                0.9999999529021588,
                5.6027961730826985e-09,
                9.056076562221868e-11
            ],
            [
                1.3839085093931672e-10,
                9.701947670109813e-09,
                1.0430576733197337e-07,
                0.5621764355196872,
                0.437823450334207
            ],
            [
                5.1090889932413364e-12,
                0.0,
                1.8795288037287895e-12,
                4.5990553473065617e-10,
                0.9999999995331059
            ]
        ],
        [
            [
                0.9999999987443087,
                1.2501528635997626e-09,
                1.1399918505029585e-12,
                3.9789625269668934e-12,
                4.193795649030268e-13
            ],
            [
                0.999999996598165,
                3.3982678059279446e-09,
                7.835041753784041e-13,
                2.4133627621981882e-12,
                3.7010116638168813e-13
            ],
            [
                2.2897132054409157e-11,
                2.90229297892085e-06,
                0.9999909525562284,
                6.144154284590288e-06,
                9.736108296517978e-10
            ],
            [
                2.1468027321723254e-10,
                1.705416645941258e-08,
                3.8815103952377246e-07,
                0.6791784229483845,
                0.32082117163172924
            ],
            [
                8.878265418894611e-13,
                1.0060392725337127e-12,
                1.1399918453960518e-12,
                5.602796399947624e-09,
                0.9999999943941698
            ]
        ],
        [
            [
                0.9999999969899509,
                2.9989608140593105e-09,
                1.6586783529420282e-12,
                8.423463724139298e-12,
                1.0060392756609926e-12
            ],
            [
                0.9999999965966055,
                3.398267806550187e-09,
                1.1399918487018304e-12,
                3.5114221000005933e-12,
                4.752193044668816e-13
            ],
            [
                1.3887945399092368e-11,
                3.0590235429325135e-07,
                0.9999996786365323,
                1.5229981427088645e-08,
                2.1724401750570672e-10
            ],
            [
                1.642301021719125e-10,
                2.7619256466156264e-08,
                2.8172380633013582e-06,
                0.9706850092349785,
                0.029312145743471588
            ],
            [
                2.734698284835247e-12,
                6.101936662529249e-13,
                0.0,
                1.317651423754021e-10,
                0.9999999998648899
            ]
        ],
        [
            [
                0.9999999981722809,
                1.818961682849256e-09,
                1.6586783546249302e-12,
                6.560200151189264e-12,
                5.384940203828713e-13
            ],
            [
                0.999999999021143,
                9.736200297729697e-10,
                8.878265464526221e-13,
                3.978962529592706e-12,
                3.7010116727843517e-13
            ],
            [
                5.0087746374973047e-14,
                5.10908902771019e-12,
                0.9999999999931226,
                1.4637785140247342e-12,
                2.5436656472011075e-13
            ],
            [
                8.109037429562816e-12,
                2.0913483170966654e-10,
                9.37277289500203e-10,
                0.03732688382059545,
                0.9626731150248833
            ],
            [
                4.752192938184772e-13,
                1.00603925290838e-12,
                1.879528767264214e-12,
                2.5109990899141026e-08,
                0.9999999748866484
            ]
        ],
        [
            [
                0.9999999973479494,
                2.6465736298834893e-09,
                8.87826544818205e-13,
                3.978962522267757e-12,
                6.101936656795849e-13
            ],
            [
                0.9999999981782428,
                1.8189616828601006e-09,
                6.914400089100959e-13,
                1.879528811689874e-12,
                2.2447770492294194e-13
            ],
            [
                3.900837609894289e-14,
                1.8795288164010753e-12,
                0.9999999999971019,
                6.914400106432501e-13,
                2.8823507932327454e-13
            ],
            [
                4.7791951640249774e-11,
                4.874911598339755e-09,
                1.8292970815522732e-07,
                0.9859361907727513,
                0.014063621374836917
            ],
            [
                1.2917800008807514e-12,
                0.0,
                0.0,
                2.289734838723341e-11,
                0.9999999999758109
            ]
        ],
        [
            [
                0.9999999995342095,
                4.599055373794239e-10,
                1.0060392782206166e-12,
                4.508755237532133e-12,
                3.7010116746832163e-13
            ],
            [
                0.9999999950516241,
                4.9444504741630235e-09,
                5.384940187503949e-13,
                3.0988191213141024e-12,
                2.882350777252683e-13
            ],
            [
                5.008774637372489e-14,
                2.7346982913347082e-12,
                0.9999999999965223,
                6.101936677031508e-13,
                8.258073284779345e-14
            ],
            [
                8.148165553620265e-09,
                0.00026113475684076654,
                0.0002033719531147499,
                0.999526549601874,
                8.935540004865492e-06
            ],
            [
                3.0988191229819493e-12,
                0.0,
                0.0,
                1.317651420316781e-10,
                0.9999999998651361
            ]
        ],
        [
            [
                0.999999999406211,
                5.905303991950274e-10,
                4.752193057143039e-13,
                2.4133627689750217e-12,
                3.7010116742094924e-13
            ],
            [
                0.9999999973473581,
                2.646573630509466e-09,
                1.1399918494262684e-12,
                4.508755227985013e-12,
                4.193795645069346e-13
            ],
            [
                4.508755112219501e-12,
                2.5109990833029175e-08,
                0.9999999712410629,
                3.3982677214567514e-09,
                2.461696880796664e-10
            ],
            [
                5.117657367344148e-10,
                7.595276970921203e-08,
                4.146880716016412e-06,
                0.982009642196588,
                0.017986134458160434
            ],
            [
                1.783247284454328e-11,
                1.2917800001786023e-12,
                0.0,
                1.493094670871741e-10,
                0.9999999998315663
            ]
        ],
        [
            [
                0.9999999998055382,
                1.9171715122533475e-10,
                5.3849402135269e-13,
                1.879528815063668e-12,
                3.26613134022356e-13
            ],
            [
                0.9999999936442077,
                6.3488000727721775e-09,
                1.463778504149237e-12,
                5.109088993241319e-12,
                4.193795629795901e-13
            ],
            [
                2.681003867629448e-14,
                1.4637785140427258e-12,
                0.9999999999981002,
                3.7010116783823525e-13,
                3.9008376099590393e-14
            ],
            [
                3.97298687862736e-12,
                9.042476456551691e-11,
                1.1610769600012878e-10,
                0.0015011820265697826,
                0.9984988177629248
            ],
            [
                5.1090604432331055e-12,
                2.2897220348134358e-11,
                4.277763935183684e-11,
                6.144172117546988e-06,
                0.9999938557570985
            ]
        ],
        [
            [
                0.9999999991348489,
                8.592166606666652e-10,
                1.0060392778188443e-12,
                4.5087552357315144e-12,
                4.1937956522747143e-13
            ],
            [
                0.99999998952653,
                1.0467401677177668e-08,
                1.139991840240279e-12,
                4.508755191653721e-12,
                4.1937956112759804e-13
            ],
            [
                3.978962951932737e-12,
                8.76424913595496e-08,
                0.9999999110411352,
                1.2501529971200615e-09,
                6.224145273790652e-11
            ],
            [
                1.1026145319136403e-09,
                9.416976026695156e-07,
                2.7520437976522546e-05,
                0.9994187739886865,
                0.0005527627731197398
            ],
            [
                9.545034863572677e-12,
                2.413362756847929e-12,
                2.7346982746113223e-12,
                1.2501528586241728e-09,
                0.999999998735154
            ]
        ],
        [
            [
                0.9999999996380489,
                3.581747926590006e-10,
                8.878265469305193e-13,
                2.4133627693447723e-12,
                4.75219305787112e-13
            ],
            [
                0.9999999804364548,
                1.955568069508077e-08,
                1.2917799788409996e-12,
                5.109088925448873e-12,
                1.4637784847263761e-12
            ],
            [
                9.54503489795756e-12,
                6.475945983013666e-07,
                0.9999993271832464,
                2.5109991491980276e-08,
                1.026187960495007e-10
            ],
            [
                5.854578713620041e-10,
                2.676387154945184e-07,
                1.2895555479689614e-05,
                0.9914094652742885,
                0.00857737094605841
            ],
            [
                5.1090890081854245e-12,
                2.734698280952001e-12,
                2.734698280952001e-12,
