{
    "[['E', 'D', 'C', 'B', 'A'], ['E', 'D', 'C', 'B', 'A']]": [
        [
            [
                0.9999999978875624,
                2.0611536170103472e-09,
                5.109089014608136e-12,
                3.775134534336983e-11,
                8.423463732284791e-12
            ],
            [
                0.9999999987369848,
                1.25015286397123e-09,
                1.6586783557093765e-12,
                9.545034904397963e-12,
                1.6586783557093765e-12
            ],
            [
                1.0261645263799682e-10,
                4.139843168025145e-08,
                1.067679625072379e-06,
                0.9999774459007953,
                2.144491853152643e-05
            ],
            [
                1.1614623492537639e-10,
                1.7237629643145125e-08,
                1.7582843481419262e-06,
                0.9988287162391966,
                0.0011695081226794622
            ],
            [
                1.6586753247467372e-12,
                4.508746994572461e-12,
                6.56018816778855e-12,
                2.26032527223246e-06,
                0.9999977396620001
            ]
        ],
        [
            [
                0.9999999990050015,
                9.736200295939527e-10,
                3.5114221072200944e-12,
                1.5737102079271752e-11,
                2.1297851672217295e-12
            ],
            [
                0.9999999969718958,
                2.9989608142132588e-09,
                2.7346982818857586e-12,
                2.289734837518722e-11,
                3.5114221009136125e-12
            ],
            [
                2.045503866893569e-09,
                2.6790839235307124e-07,
                0.0009049587356375961,
                0.9924079803756294,
                0.006686790934836843
            ],
            [
                5.492746705459128e-11,
                4.9444130138582296e-09,
                2.3823493327466818e-07,
                0.9999918675082384,
                7.889257487739542e-06
            ],
            [
                8.176550481150207e-12,
                9.961077685599948e-11,
                3.939682648951993e-10,
                0.029312227898815508,
                0.970687771599429
            ]
        ],
        [
            [
                0.9999999987090338,
                1.2501528638249013e-09,
                3.978962527683461e-12,
                2.9400777332596e-11,
                7.433680657118924e-12
            ],
            [
                2.8392575126457415e-08,
                0.00020303378480286883,
                0.0019263299975197429,
                0.9978636603910326,
                6.947434069649907e-06
            ],
            [
                3.442477108145788e-14,
                5.78935632818545e-12,
                0.9999999999543006,
                6.560200167535984e-12,
                3.33154454185267e-11
            ],
            [
                7.433412028920445e-12,
                7.582286404161824e-10,
                1.9554974371284495e-08,
                0.9999646234225683,
                3.535625679522161e-05
            ],
            [
                0.0,
                1.0812311956684402e-11,
                2.0200058103571717e-11,
                0.00033535005375910545,
                0.9996646499152285
            ]
        ],
        [
            [
                0.9999999983510439,
                1.605228051321487e-09,
                3.5114221049237736e-12,
                2.9400777322070816e-11,
                1.0815941531249427e-11
            ],
            [
                0.9999998874460639,
                1.1253518373164871e-07,
                2.7346985106004334e-12,
                1.3887944977181255e-11,
                2.129785341519822e-12
            ],
            [
                3.1560259332308544e-10,
                8.75078520521175e-08,
                0.0015011290009173499,
                0.9984634799884535,
                3.5303187174526526e-05
            ],
            [
                3.331220497620613e-11,
                5.602251478403801e-09,
                3.9274852451734217e-07,
                0.9999034992205538,
                9.610239535806998e-05
            ],
            [
                3.9712973289221644e-12,
                5.4822068592036115e-11,
                1.1605832012008165e-10,
                0.001926734332425723,
                0.9980732654927226
            ]
        ],
        [
            [
                0.9999999918030854,
                8.152020642193756e-09,
                5.789356277401795e-12,
                3.3315445126286945e-11,
                5.789356277401795e-12
            ],
            [
                0.9999999979158438,
                2.0611536169256183e-09,
                3.5114221039845585e-12,
                1.7832472860450114e-11,
                1.6586783544777868e-12
            ],
            [
                4.275944208830986e-11,
                8.1485073201421e-09,
                5.041302965577778e-07,
                0.9995689307812066,
                0.0004305568972300775
            ],
            [
                3.327645215993361e-11,
                4.35835514350762e-09,
                1.4432903801657715e-07,
                0.9988303409710958,
                0.0011695103082345428
            ],
            [
                5.1084558550476866e-12,
                3.77466668918581e-11,
                5.492107625810664e-11,
                0.0001233946279757933,
                0.9998766052742479
            ]
        ],
        [
            [
                0.9999999988748396,
                1.1032560304507078e-09,
                2.4133627676926296e-12,
                1.7832472877551382e-11,
                1.6586783560684522e-12
            ],
            [
                0.9999999983741703,
                1.6052280515016323e-09,
                2.734698285315774e-12,
                1.5737102070746437e-11,
                2.1297851660679535e-12
            ],
            [
                3.0379753850363366e-14,
                5.109089027379206e-12,
                0.9999999998920439,
                1.2256067442458368e-11,
                9.056076988460239e-11
            ],
            [
                1.3880264944048186e-11,
                1.4158255154154984e-09,
                4.1376486647215746e-08,
                0.9994471786350296,
                0.0005527785587779544
            ],
            [
                0.0,
                5.788804493244652e-12,
                1.2254899208366454e-11,
                9.61023991472189e-05,
                0.9999038975828091
            ]
        ],
        [
            [
                0.9999999989733039,
                9.73620029793951e-10,
                5.789356319769669e-12,
                4.277787862347678e-11,
                4.508755235316005e-12
            ],
            [
                0.9999999965724424,
                3.398267806468074e-09,
                3.978962520584195e-12,
                2.2897348368680316e-11,
                2.4133627625817743e-12
            ],
            [
                2.939797571719572e-11,
                6.348195122561778e-09,
                0.9999038035859816,
                9.610240229472564e-05,
                8.763413051703336e-08
            ],
            [
                1.6918787526351587e-10,
                2.2159238696176594e-08,
                1.3709435527884243e-06,
                0.9999884767492005,
                1.012997882002096e-05
            ],
            [
                0.0,
                3.2402311161662176e-10,
                1.864624265196715e-09,
                0.09534946978273308,
                0.9046505280286196
            ]
        ],
        [
            [
                0.9999999989873614,
                9.736200298672581e-10,
                4.508755235655484e-12,
                2.9400777349550784e-11,
                5.109089020539966e-12
            ],
            [
                0.9999999880780569,
                1.1861120000942464e-08,
                5.7893562553204606e-12,
                4.277787814725796e-11,
                1.2256067288690106e-11
            ],
            [
                8.57821525715219e-10,
                1.2731188116345868e-07,
                0.9983756652128127,
                0.0015009973151483545,
                0.00012320930233623913
            ],
            [
                1.7831657265596196e-11,
                2.6464525868215443e-09,
                5.3155421148069645e-08,
                0.9999545463270872,
                4.539785320727679e-05
            ],
            [
                0.0,
                6.053548690090571e-10,
                1.2815362677487374e-09,
                0.09534946981035763,
                0.9046505283027513
            ]
        ],
        [
            [
                0.9999999979052925,
                2.0611536163500664e-09,
                3.0988191295681488e-12,
                2.594609490612187e-11,
                4.5087552289763036e-12
            ],
            [
                0.9999999973294864,
                2.6465736300704288e-09,
                2.4133627637733736e-12,
                1.573710205430614e-11,
                5.7893563093961e-12
            ],
            [
                5.008774637532217e-14,
                3.098819138529238e-12,
                0.9999999999927791,
                1.6586783588111465e-12,
                2.4133627716832264e-12
            ],
            [
                1.4373611957801417e-10,
                1.1418374277142093e-08,
                1.5762579479308828e-07,
                0.9626729490487083,
                0.037326881763386485
            ],
            [
                0.0,
                8.421263856529711e-12,
                1.7827815724173113e-11,
                0.00026119032620594606,
                0.999738809647545
            ]
        ],
        [
            [
                0.9999999985338408,
                1.4166087833490482e-09,
                3.978962526584656e-12,
                3.331544534419319e-11,
                1.225606741559952e-11
            ],
            [
                0.9999999965127233,
                3.3982678053703914e-09,
                6.560200140886732e-12,
                6.224144597037529e-11,
                2.0206839006233754e-11
            ],
            [
                9.716628029721863e-10,
                1.851659779743409e-07,
                0.11919282064931427,
                0.8807223455651367,
                8.464764790823717e-05
            ],
            [
                9.055698284128684e-11,
                3.224051908743872e-08,
                3.535602227623093e-05,
                0.999958467691232,
                6.143955415662432e-06
            ],
            [
                1.6586436982436108e-12,
                8.423287733059127e-12,
                1.225581133445984e-11,
                2.1444939729845433e-05,
                0.9999785550379324
            ]
        ],
        [
            [
                0.9999999981445598,
                1.818961683230135e-09,
                3.098819131357229e-12,
                2.940077732297138e-11,
                3.978962526380911e-12
            ],
            [
                0.9999999677235671,
                3.224186630421212e-08,
                5.109088858770341e-12,
                2.5946094123023957e-11,
                3.5114219970232592e-12
            ],
            [
                1.248001539123039e-09,
                6.464801859397204e-07,
                0.0011688635962844567,
                0.9982783566079266,
                0.000552132067601354
            ],
            [
                1.0261684850377728e-10,
                2.21590691628233e-08,
                6.144095729682146e-06,
                0.9999808265918225,
                1.3007050761806967e-05
            ],
            [
                2.4111634716674694e-12,
                1.5722760868290767e-11,
                2.59224502776826e-11,
                0.0009110514036650484,
                0.9990889485522785
            ]
        ],
        [
            [
                0.9999999950337077,
                4.9444504748063e-09,
                2.1297851592687304e-12,
                1.783247281029188e-11,
                1.8795288062252937e-12
            ],
            [
                0.9999999983739618,
                1.6052280515012975e-09,
                2.4133627662940716e-12,
                1.3887943833088458e-11,
                4.508755231946345e-12
            ],
            [
                1.2459275371839507e-09,
                3.048684165347422e-07,
                0.0009088003746156889,
                0.9966205179670254,
                0.0024703755440146
            ],
            [
                8.413604744385253e-12,
                1.1019647568463844e-09,
                2.5080602262587397e-08,
                0.998830463496552,
                0.001169510312467393
            ],
            [
                6.914387833444706e-13,
                1.879525480257105e-12,
                3.511415880381193e-12,
                1.3709566528453952e-06,
                0.9999986290372648
            ]
        ],
        [
            [
                0.9999999979266636,
                2.0611536169479195e-09,
                1.8795288115322693e-12,
                8.423463732029662e-12,
                1.8795288115322693e-12
            ],
            [
                0.9999999960983861,
                3.8507419034951546e-09,
                6.5602001353208306e-12,
                3.775134525385041e-11,
                6.5602001353208306e-12
            ],
            [
                4.050825465986704e-10,
                1.4421951373482727e-07,
                0.8807955924063625,
                0.11920271246314726,
                1.550505893852648e-06
            ],
            [
                3.7735075042132184e-11,
                4.942319499989958e-09,
                3.9261706809521464e-07,
                0.9995690455074393,
                0.0004305568954381765
            ],
            [
                1.4637590567437219e-12,
                5.109021115126437e-12,
                7.433581859612075e-12,
                1.3007124753619066e-05,
                0.99998699286124
            ]
        ],
        [
            [
                0.9999999983598082,
                1.6052280513355557e-09,
                4.508755231480811e-12,
                2.5946094920534312e-11,
                4.508755231480811e-12
            ],
            [
                0.9999999936177313,
                6.348800070068937e-09,
                5.1090889910659314e-12,
                2.59460947948764e-11,
                2.4133627543568828e-12
            ],
            [
                1.1625040513814939e-10,
                2.8445536259752232e-08,
                1.3003726517244786e-05,
                0.9997257808825949,
                0.0002611868291011547
            ],
            [
                2.939853592392149e-11,
                4.94407354482644e-09,
                5.043096928440823e-07,
                0.9999246445221541,
                7.484619468104033e-05
            ],
            [
                1.3568843857593905e-11,
                2.4051351221374165e-10,
                1.0779067789569465e-09,
                0.022977367746840557,
                0.9770226309211703
            ]
        ],
        [
            [
                0.9999999988582553,
                1.103256030345664e-09,
                3.978962528631724e-12,
                2.940077733960276e-11,
                5.109089018811259e-12
            ],
            [
                0.9999999907479752,
                9.237449572257128e-09,
                1.8795287982852302e-12,
                1.0815941452242022e-11,
                1.8795287982852302e-12
            ],
            [
                7.991487807553542e-11,
                2.215818081139142e-08,
                1.3006541716457762e-05,
                0.9999415739289068,
                4.5397291280972e-05
            ],
            [
                1.3886619336009657e-11,
                1.818788208494845e-09,
                5.315278274301725e-08,
                0.9999038426205472,
                9.610239399531487e-05
            ],
            [
                1.6586784213137846e-12,
                3.098819255299539e-12,
                3.511422245476367e-12,
                3.92786369324744e-07,
                0.9999996072053617
            ]
        ],
        [
            [
                0.9999999989884913,
                9.736200298087378e-10,
                4.5087552353844815e-12,
                2.940077734778362e-11,
                3.978962529738883e-12
            ],
            [
                0.9999999634394601,
                3.653482078243783e-08,
                2.413362682341665e-12,
                2.0206838340918606e-11,
                3.098819023812402e-12
            ],
            [
                2.450048554194059e-09,
                2.2054613206625822e-07,
                0.1822895895887939,
                0.8169652117080641,
                0.00074497570696125
            ],
            [
                1.5736682373736043e-11,
                1.8189131729998854e-09,
                4.139827300171122e-08,
                0.9999724210784278,
                2.7535688649482948e-05
            ],
            [
                7.46546953670873e-11,
                2.1817300030094047e-09,
                3.412799930776487e-08,
                0.49999998149972386,
                0.499999982115892
            ]
        ],
        [
            [
                0.9999999969513453,
                2.998960813943534e-09,
                4.5087552258866305e-12,
                3.775134530540685e-11,
                7.43368064529965e-12
            ],
            [
                0.9999999935676416,
                6.348800071456764e-09,
                8.4234636953116e-12,
                5.4927883123794426e-11,
                2.020683894831179e-11
            ],
            [
                1.0815921404594278e-11,
                1.8189582983914654e-09,
                0.999998539571375,
                8.764231889548647e-08,
                1.370956531958724e-06
            ],
            [
                4.277535229057726e-11,
                7.193708155323132e-09,
                8.314796102304191e-07,
                0.9999408700629733,
                5.829122093306683e-05
            ],
            [
                5.10860203489989e-12,
                4.2773801145855124e-11,
                1.6917366526280511e-10,
                9.610239975629523e-05,
                0.9999038973831876
            ]
        ],
        [
            [
                0.9999999992219972,
                7.582560416938719e-10,
                1.8795288138191017e-12,
                1.3887943844865926e-11,
                3.978962530079039e-12
            ],
            [
                0.9999999894873405,
                1.0467401675710661e-08,
                7.433680587817293e-12,
                2.940077705850272e-11,
                8.42346365867806e-12
            ],
            [
                2.4456366458976776e-09,
                9.866402413761194e-07,
                0.9240769827844159,
                0.07585285930874666,
                6.91688209595085e-05
            ],
            [
                3.331131649351815e-11,
                4.943837714668793e-09,
                2.3820744100604193e-07,
                0.9998763623060374,
                0.00012339450937255724
            ],
            [
                3.509908866092664e-12,
                1.7824788004332136e-11,
                2.938810712846288e-11,
                0.0004305571173927218,
                0.9995694428318844
            ]
        ],
        [
            [
                0.9999999979196681,
                2.061153616587792e-09,
                2.4133627649826712e-12,
                1.2256067409309557e-11,
                4.508755229496326e-12
            ],
            [
                0.9999999803912432,
                1.9555680689559686e-08,
                4.5087551504649485e-12,
                3.775134467390883e-11,
                1.0815941336997271e-11
            ],
            [
                1.1028794967752844e-09,
                5.713062682332196e-07,
                0.9996592956459754,
                0.00033534845605857596,
                4.783488818241286e-06
            ],
            [
                1.3886222810142568e-11,
                1.605029128295442e-09,
                1.1252122886759692e-07,
                0.9998764913492525,
                0.00012339451060332428
            ],
            [
                8.420637013489283e-12,
                9.05303795671859e-11,
                1.916528150476843e-10,
                0.0003353500552105826,
                0.9996646496541856
            ]
        ],
        [
            [
                0.9999999936036801,
                6.348800071685565e-09,
                3.978962508036825e-12,
                3.7751345179027986e-11,
                5.789356288281286e-12
            ],
            [
                0.9999999634319838,
                3.6534820776756905e-08,
                4.508755074401519e-12,
                2.2897347603822967e-11,
                5.789356113151379e-12
            ],
            [
                3.742749714551574e-11,
                3.817708498387433e-09,
                6.420398497932623e-07,
                0.9914218729879248,
                0.008577481117089357
            ],
            [
                2.0203642115630958e-11,
                2.060827522164779e-09,
                6.824523480539867e-08,
                0.9998414934191812,
                0.00015843625455286793
            ],
            [
                1.291780065874719e-12,
                1.8795289054226503e-12,
                2.129785271674062e-12,
                1.44498031444286e-07,
                0.9999998554966674
            ]
        ],
        [
            [
                0.9999999965760129,
                3.3982678058526658e-09,
                2.4133627621447272e-12,
                2.0206839009101463e-11,
                3.0988191262815623e-12
            ],
            [
                0.9999996071567888,
                3.9278636975553245e-07,
                9.545035292393782e-12,
                3.775134690440206e-11,
                9.545035292393782e-12
            ],
            [
                4.3456715508999965e-09,
                2.8904843154580797e-06,
                0.9959222325684118,
                0.0040701069986276575,
                4.765602973520836e-06
            ],
            [
                2.9394781839824387e-11,
                2.998349261823068e-09,
                6.824211465284634e-08,
                0.9997965018534143,
                0.00020342687672701966
            ],
            [
                3.977627280762783e-12,
                3.330426546780519e-11,
                4.845742032582199e-11,
                0.00033535005378999806,
                0.9996646498604707
            ]
        ],
        [
            [
                0.9999999989854005,
                9.73620029661616e-10,
                5.789356318982777e-12,
                2.940077734334093e-11,
                5.789356318982777e-12
            ],
            [
                0.999999967709484,
                3.2241866312421e-08,
                5.109088860071132e-12,
                3.775134420148724e-11,
                5.789356138370558e-12
            ],
            [
                1.3172066189538886e-10,
                4.689580395463625e-08,
                0.9996617025667962,
                0.00033534906779216937,
                2.9013378867753385e-06
            ],
            [
                1.3881958930593908e-11,
                2.334586527598801e-09,
                1.1248667829375706e-07,
                0.9995693280451425,
                0.0004305571197107728
            ],
            [
                3.978962826128755e-12,
                3.978962826128755e-12,
                9.545035619213773e-12,
                2.3823698413113715e-07,
                0.9999997617455129
            ]
        ],
        [
            [
                0.9999999965638435,
                3.3982678064388527e-09,
                3.97896252054998e-12,
                2.9400777279886305e-11,
                4.50875522497209e-12
            ],
            [
                0.9999999316751836,
                6.825604226324408e-08,
                5.789357049676777e-12,
                4.277788401680135e-11,
                2.0206841606571404e-11
            ],
            [
                3.775048553745997e-11,
                3.398190413283984e-09,
                1.7603062147461172e-06,
                0.9999767913380142,
                2.1444919830133363e-05
            ],
            [
                3.3314241044648384e-11,
                4.944271756540988e-09,
                5.043294300416514e-07,
                0.9999641344703324,
                3.535622265164004e-05
            ],
            [
                2.1297813908293852e-12,
                8.423448803778715e-12,
                7.433667478414631e-12,
                1.3709566530876627e-06,
                0.99999862902536
            ]
        ],
        [
            [
                0.9999999995790592,
                4.0586521208156556e-10,
                2.12978516798567e-12,
                1.0815941542202203e-11,
                2.12978516798567e-12
            ],
            [
                0.9999999918314305,
                8.1520206416985e-09,
                2.4133627502895452e-12,
                1.2256067334691706e-11,
                1.879528799760857e-12
            ],
            [
                4.847359713885591e-11,
                8.152005591604445e-09,
                0.9999981900571739,
                1.760343046526476e-06,
                4.1399300387602484e-08
            ],
            [
                3.331296994486752e-11,
                5.602380126351821e-09,
                2.3821903756464172e-07,
                0.9999249099485643,
                7.484619670505737e-05
            ],
            [
                1.1399897660134458e-12,
                4.5087469879274545e-12,
                4.5087469879274545e-12,
                2.260325268901185e-06,
                0.9999977396645736
            ]
        ],
        [
            [
                0.9999999991239947,
                8.592166606573391e-10,
                1.4637785119792256e-12,
                1.0815941541423731e-11,
                4.508755235682575e-12
            ],
            [
                0.9999999748591537,
                2.5109990909350817e-08,
                3.978962433140198e-12,
                2.2897347865474855e-11,
                3.978962433140198e-12
            ],
            [
                1.317621269367748e-10,
                2.5109416854513506e-08,
                0.9999771589136258,
                2.1444917486519098e-05,
                1.370927708667489e-06
            ],
            [
                8.410812979919501e-12,
                9.721578005759785e-10,
                3.64799523340602e-08,
                0.9984987805700328,
                0.0015011819694462478
            ],
            [
                5.784080479659557e-12,
                6.218472550614674e-11,
                1.4917340167882104e-10,
                0.0009110514022372695,
                0.9990889483806206
            ]
        ],
        [
            [
                0.9999999981599101,
                1.818961683131841e-09,
                1.8795288119706625e-12,
                1.5737102068611982e-11,
                3.5114221048415786e-12
            ],
            [
                0.9999999973231477,
                2.64657362955065e-09,
                3.511422100959881e-12,
                2.0206839018769395e-11,
                6.560200144956458e-12
            ],
            [
                7.030087995800892e-11,
                1.5180763041456257e-08,
                5.810633602113244e-05,
                0.996769379950176,
                0.003172498462739071
            ],
            [
                1.493060616712465e-10,
                3.653398872909816e-08,
                1.7603061563045412e-06,
                0.9999767580914307,
                2.1444919118169218e-05
            ],
            [
                0.0,
                1.5902371726449155e-10,
                4.898275332956642e-10,
                0.060086654342828574,
                0.9399133450083201
            ]
        ],
        [
            [
                0.9999999986854484,
                1.2501528639068017e-09,
                1.0815941535830001e-11,
                4.8473686966544813e-11,
                5.109089017928374e-12
            ],
            [
                0.9999999978707979,
                2.0611536168327714e-09,
                6.560200150311789e-12,
                5.4927883360157687e-11,
                6.560200150311789e-12
            ],
            [
                1.361526107970851e-13,
                9.545034922007756e-12,
                0.9999999999749845,
                5.789356328225489e-12,
                9.545034922007756e-12
            ],
            [
                7.024163636856665e-11,
                1.1812826904504747e-08,
                8.28143890899536e-07,
                0.9959290261113489,
                0.004070133861691771
            ],
            [
                1.0060393009885503e-12,
                2.413362823901362e-12,
                3.978962621683104e-12,
                6.475946139614012e-07,
                0.9999993523979877
            ]
        ],
        [
            [
                0.9999999978959131,
                2.061153617027559e-09,
                5.1090890146508e-12,
                3.331544533420347e-11,
                4.508755230458313e-12
            ],
            [
                0.9999546020079476,
                4.5397855702954965e-05,
                2.2896302409379606e-11,
                9.05566327002876e-11,
                2.2896302409379606e-11
            ],
            [
                8.978390744910701e-11,
                7.132419202132142e-09,
                3.0327847098143374e-07,
                0.9914222075065527,
                0.008577481992773197
            ],
            [
                1.5722760012125436e-11,
                1.8173039667941946e-09,
                5.31094068423575e-08,
                0.9990888937062439,
                0.0009110513513225586
            ],
            [
                0.0,
                6.202247590579412e-10,
                5.193078327190573e-09,
                0.5621764974590513,
                0.43782349672764564
            ]
        ],
        [
            [
                0.9999999981598318,
                1.8189616824348726e-09,
                2.7346982838970124e-12,
                1.5737102062582026e-11,
                2.7346982838970124e-12
            ],
            [
                0.9999999965877937,
                3.3982678045908584e-09,
                1.658678351639556e-12,
                1.0815941509848851e-11,
                1.4637785077060305e-12
            ],
            [
                4.277771730841704e-11,
                7.194105890168328e-09,
                0.9999961535892531,
                3.7266391131292525e-06,
                1.1253475017577301e-07
            ],
            [
                1.6906915367174307e-10,
                2.8433059798549343e-08,
                2.9002509466782597e-06,
                0.9992874028003345,
                0.0007096683465899948
            ],
            [
                3.500281727839356e-12,
                2.93075000867639e-11,
                7.966604492341222e-11,
                0.003172683068653503,
                0.9968273168188727
            ]
        ],
        [
            [
                0.999999991831935,
                8.152020643069917e-09,
                2.1297851523018586e-12,
                1.2256067336753547e-11,
                1.6586783443865387e-12
            ],
            [
                0.9999999983638546,
                1.6052280516112894e-09,
                3.5114221055577134e-12,
                2.289734840547056e-11,
                4.5087552322552895e-12
            ],
            [
                1.879521825655117e-12,
                5.905282034239547e-10,
                0.9999960872298352,
                1.8553844615109705e-07,
                3.7266393108387266e-06
            ],
            [
                3.3276454586706105e-11,
                6.341369778121644e-09,
                1.8532216669448016e-07,
                0.9988302984633545,
                0.001169509839832574
            ],
            [
                3.976140348572286e-12,
                2.2881107890068436e-11,
                3.772456927554036e-11,
                0.0007096703430651034,
                0.9992903295923531
            ]
        ],
        [
            [
                0.9999999989846295,
                9.736200292382195e-10,
                5.789356316465168e-12,
                2.940077733055546e-11,
                6.560200154255165e-12
            ],
            [
                0.9999999907450957,
                9.237449567485115e-09,
                2.1297851491712256e-12,
                1.081594144665457e-11,
                4.508755196176912e-12
            ],
            [
                1.9810087971658194e-13,
                2.0206839081213693e-11,
                0.9999999996341062,
                2.940077737973747e-11,
                3.1608814529045294e-10
            ],
            [
                1.0229323094909952e-10,
                1.043419322439719e-08,
                3.0493182381802235e-07,
                0.9968270028361604,
                0.003172681695529189
            ],
            [
                0.0,
                1.0519490284463083e-10,
                6.859569338305373e-10,
                0.09534947002064498,
                0.9046505291882032
            ]
        ],
        [
            [
                0.9999999979183196,
                2.0611536167686562e-09,
                2.1297851650970894e-12,
                1.3887943826760524e-11,
                4.508755229891966e-12
            ],
            [
                0.9999999826595697,
                1.7257827675616196e-08,
                9.545034750088033e-12,
                6.22414451025894e-11,
                1.0815941361531359e-11
            ],
            [
                4.8466015162505165e-11,
                8.150730499239634e-09,
                2.3819926113414577e-07,
                0.9998413173560016,
                0.00015843624554072612
            ],
            [
                9.05554176330356e-11,
                1.186041914313887e-08,
                3.9276314034456987e-07,
                0.9999413040674475,
                5.829121843758627e-05
            ],
            [
                4.501983934137319e-12,
                2.9356622917141614e-11,
                1.0246468205370814e-10,
                0.00150118202846699,
                0.9984988178352098
            ]
        ],
        [
            [
                0.9999999987149861,
                1.2501528637061265e-09,
                5.1090890171082606e-12,
                2.020683904689405e-11,
                9.545034902373873e-12
            ],
            [
                0.9999999748245567,
                2.5109990903709726e-08,
                7.433680478818839e-12,
                4.8473685800706596e-11,
                9.54503467433889e-12
            ],
            [
                1.3134634539185566e-10,
                2.836291305238313e-08,
                0.996822533781873,
                0.003172667810761197,
                4.769913106271908e-06
            ],
            [
                2.594456277442959e-11,
                4.3632045751221185e-09,
                1.0676409583507179e-06,
                0.999940636748667,
                5.829122122556239e-05
            ],
            [
                2.129582162386254e-12,
                1.2254899210442009e-11,
                2.2895165908647615e-11,
                9.61023991634953e-05,
                0.9999038975635569
            ]
        ],
        [
            [
                0.9999999943370608,
                5.602796402500351e-09,
                5.109088996113793e-12,
                4.2777878422179824e-11,
                1.225606736745654e-11
            ],
            [
                0.9999999803873287,
                1.9555680691225502e-08,
                5.789356211311912e-12,
                4.277787782207633e-11,
                8.423463583625389e-12
            ],
            [
                1.6884293487707308e-10,
                3.2175768055127295e-08,
                0.0001231568006324665,
                0.9979503134259436,
                0.0019264974288128321
            ],
            [
                2.5934914295332857e-11,
                2.334586585390758e-09,
                8.760471530890639e-08,
                0.9995693529043941,
                0.0004305571303690792
            ],
            [
                0.0,
                5.393991799140104e-11,
                3.1040279641684606e-10,
                0.017986211549031936,
                0.9820137880866253
            ]
        ],
        [
            [
                0.9999999973350615,
                2.646573629582181e-09,
                2.1297851634500916e-12,
                1.2256067400907199e-11,
                3.9789625218147586e-12
            ],
            [
                0.9999999715016681,
                2.845334725451345e-08,
                5.109088878072995e-12,
                3.331544444360431e-11,
                6.560199975562383e-12
            ],
            [
                6.223147695245695e-11,
                7.192980738619906e-09,
                2.259965212417462e-06,
                0.9998392969864696,
                0.00015843579310569617
            ],
            [
                2.940033212816782e-11,
                5.6027115851093135e-09,
                1.370939631108823e-06,
                0.9999856163151895,
                1.3007113067555318e-05
            ],
            [
                2.1293507490465177e-12,
                1.573389213900472e-11,
                3.330864991965502e-11,
                0.00020342706065068454,
                0.9997965728881774
            ]
        ],
        [
            [
                0.9999999847401004,
                1.5229979499218817e-08,
                3.5114220567754905e-12,
                2.289734808737051e-11,
                3.5114220567754905e-12
            ],
            [
                0.9999999585351722,
                4.139937544965869e-08,
                7.4336803602419e-12,
                4.847368502748783e-11,
                9.545034522083086e-12
            ],
            [
                1.3861189267720148e-11,
                1.6021356442053656e-09,
                2.8398533793651272e-08,
                0.9980732357146737,
                0.001926734270795754
            ],
            [
