{
    "[['E', 'D', 'C', 'B', 'A'], ['E', 'D', 'C', 'B', 'A']]": [
        [
            [
                0.9975273763931181,
                0.002472622970031516,
                1.1599479851583683e-10,
                4.5876832758984857e-10,
                6.208754155435927e-11
            ],
            [
                8.423463715812279e-12,
                0.0,
                0.0,
                2.1724399251094085e-10,
                0.9999999997743325
            ],
            [
                3.900837609834518e-14,
                5.78935632821685e-12,
                0.9999999999734921,
                8.42346375372107e-12,
                1.2256067443011763e-11
            ],
            [
                1.6586784805259008e-12,
                3.9789628275684696e-12,
                5.109089402653639e-12,
                2.382369842173388e-07,
                0.9999997617522691
            ],
            [
                9.54503489999352e-12,
                0.0,
                0.0,
                4.8473686946675366e-11,
                0.9999999999419813
            ]
        ],
        [
            [
                0.9999989321271534,
                1.0677030761020678e-06,
                3.7751276418824316e-11,
                1.1628211769342461e-10,
                1.573707333339275e-11
            ],
            [
                9.545034893716019e-12,
                0.0,
                0.0,
                4.277787855916254e-11,
                0.9999999999476772
            ],
            [
                1.981008797535136e-13,
                2.0206839084980825e-11,
                0.999999999783393,
                7.99195989088094e-11,
                1.1628233027204784e-10
            ],
            [
                4.508755205448097e-12,
                0.0,
                0.0,
                9.736200233442789e-10,
                0.9999999990218713
            ],
            [
                7.433680652490583e-12,
                0.0,
                0.0,
                1.7832472860500876e-11,
                0.9999999999747338
            ]
        ],
        [
            [
                0.9999996940086185,
                3.059023588736123e-07,
                2.0206841624928393e-11,
                5.4927890399592706e-11,
                1.3887945607040433e-11
            ],
            [
                7.433680652342515e-12,
                0.0,
                0.0,
                3.775134534117347e-11,
                0.999999999954815
            ],
            [
                1.6905205332008707e-10,
                2.5089549286011342e-08,
                0.9991862944974167,
                0.0005526343700996111,
                0.0002610458738824584
            ],
            [
                4.1937956315473575e-13,
                4.1937956315473575e-13,
                0.0,
                3.3982677977527246e-09,
                0.9999999966008934
            ],
            [
                3.331544528027701e-11,
                1.6586783518749814e-12,
                0.0,
                3.581747915082634e-10,
                0.9999999996068512
            ]
        ],
        [
            [
                0.9999646434801229,
                3.5356257504406746e-05,
                5.492589958987726e-11,
                1.9171022681578433e-10,
                1.573653370436098e-11
            ],
            [
                7.43368062423757e-12,
                0.0,
                0.0,
                1.1628232954957045e-10,
                0.9999999998762841
            ],
            [
                7.19003173026672e-09,
                1.993598424887584e-06,
                0.999430499074834,
                0.0005527693261092845,
                1.4730810600234139e-05
            ],
            [
                6.914400422340114e-13,
                3.978962717337358e-12,
                6.560200467396883e-12,
                5.04347204590469e-07,
                0.9999994956415649
            ],
            [
                3.331544528884623e-11,
                0.0,
                0.0,
                1.02618795907911e-10,
                0.9999999998640658
            ]
        ],
        [
            [
                0.9999989321449675,
                1.0677030759239205e-06,
                4.2777800468151414e-11,
                1.0261860867330258e-10,
                6.560188172492325e-12
            ],
            [
                1.5737102043666027e-11,
                0.0,
                0.0,
                1.4930946702012115e-10,
                0.9999999998349534
            ],
            [
                8.258073284992415e-14,
                6.56020016770613e-12,
                0.9999999999802367,
                6.56020016770613e-12,
                6.56020016770613e-12
            ],
            [
                6.101936597564139e-13,
                1.463778494925027e-12,
                1.2917799878412772e-12,
                1.0467401657440179e-08,
                0.9999999895292325
            ],
            [
                1.0815941483526146e-11,
                0.0,
                0.0,
                4.5990553472889593e-10,
                0.9999999995292785
            ]
        ],
        [
            [
                0.9999998143779059,
                1.855391597757735e-07,
                2.289735135833534e-11,
                5.4927890470794616e-11,
                5.109089675560232e-12
            ],
            [
                1.573710202438453e-11,
                1.8795288066884466e-12,
                0.0,
                2.789468078249284e-10,
                0.9999999997034366
            ],
            [
                1.879528780065096e-12,
                2.4616969040438886e-10,
                0.999999980696698,
                1.1861119921167872e-08,
                7.194132890716608e-09
            ],
            [
                5.7893562183726775e-12,
                5.7893562183726775e-12,
                7.433680530649744e-12,
                1.3440409694930992e-08,
                0.999999986540578
            ],
            [
                1.7832472837330193e-11,
                0.0,
                0.0,
                1.0261879590949984e-10,
                0.9999999998795488
            ]
        ],
        [
            [
                0.9999921104940048,
                7.889265045261055e-06,
                6.224097458994095e-11,
                1.4930833621624323e-10,
                2.940055460629149e-11
            ],
            [
                1.573710203155985e-11,
                0.0,
                0.0,
                4.058652107054781e-10,
                0.9999999995783977
            ],
            [
                5.4927779599178244e-11,
                1.1861097712952104e-08,
                0.9999982727879919,
                1.0677019901951284e-06,
                6.47593992489543e-07
            ],
            [
                2.1295212221996147e-12,
                2.5942879428636687e-11,
                7.052005772876708e-11,
                0.00012339462732830134,
                0.9998766052740792
            ],
            [
                6.560200138506056e-12,
                0.0,
                0.0,
                1.4930946694493736e-10,
                0.9999999998441302
            ]
        ],
        [
            [
                0.9999977395352742,
                2.260325272848591e-06,
                2.940072361895323e-11,
                1.0261860862769545e-10,
                7.4336670761832e-12
            ],
            [
                2.0206838914507903e-11,
                0.0,
                2.4133627508471373e-12,
                5.211412442571232e-10,
                0.9999999994562385
            ],
            [
                1.0763248914447838e-09,
                2.633680174317014e-07,
                0.9755893324411482,
                0.022943663773199813,
                0.0014667393413095927
            ],
            [
                3.098813468306983e-12,
                1.3887918451927798e-11,
                3.3315384458959385e-11,
                2.2603252708876445e-06,
                0.999997739624427
            ],
            [
                2.0206839046549532e-11,
                0.0,
                0.0,
                7.991959875681069e-11,
                0.9999999998998736
            ]
        ],
        [
            [
                0.9999993520258776,
                6.475946140966737e-07,
                9.056077186948826e-11,
                2.46169700544055e-10,
                4.2777879621555626e-11
            ],
            [
                3.098819128118988e-12,
                0.0,
                0.0,
                2.0206839021082987e-11,
                0.9999999999766944
            ],
            [
                1.9810087974914032e-13,
                2.5946094975461858e-11,
                0.9999999997670128,
                9.056076987123936e-11,
                1.1628233026948077e-10
            ],
            [
                1.2192089186249106e-11,
                3.1443812441409817e-10,
                8.547314397695876e-10,
                0.00522012568366519,
                0.9947798731349732
            ],
            [
                2.5946094876543115e-11,
                0.0,
                0.0,
                2.1724399261851957e-10,
                0.9999999997568099
            ]
        ],
        [
            [
                0.9999997616356203,
                2.3823698437781493e-07,
                2.940077956826748e-11,
                9.056077659750248e-11,
                7.433681222385198e-12
            ],
            [
                1.3887943775619867e-11,
                0.0,
                0.0,
                7.052879805739455e-11,
                0.9999999999155833
            ],
            [
                1.0060392769010416e-12,
                1.1628233002685611e-10,
                0.9999999976869534,
                1.6052280513844725e-09,
                5.90530398496043e-10
            ],
            [
                1.1287379766920353e-10,
                4.7995160063506985e-09,
                1.0923648080424428e-07,
                0.029312227905140792,
                0.9706876579459887
            ],
            [
                4.277787852281556e-11,
                0.0,
                0.0,
                4.5990553607116253e-10,
                0.9999999994973165
            ]
        ],
        [
            [
                0.9999982394141319,
                1.760343132863317e-06,
                7.052867113180798e-11,
                1.4930919795770736e-10,
                2.289730710244707e-11
            ],
            [
                2.940077730057646e-11,
                2.4133627642593733e-12,
                0.0,
                4.5990553642191316e-10,
                0.9999999995082802
            ],
            [
                3.3313414394325e-11,
                6.348413070742527e-09,
                0.9999394423157761,
                2.2601916093090467e-06,
                5.829111088804589e-05
            ],
            [
                0.0,
                2.1485724250489765e-10,
                5.840425380138817e-10,
                0.010986942357832315,
                0.9890130568432679
            ],
            [
                2.020683902193372e-11,
                0.0,
                2.1297851637582354e-12,
                3.581747918178763e-10,
                0.9999999996194886
            ]
        ],
        [
            [
                0.9999989320846301,
                1.0677030759335849e-06,
                4.277780046853862e-11,
                1.317649017628463e-10,
                3.775127641286719e-11
            ],
            [
                5.789356313743636e-12,
                4.752193050469062e-13,
                6.914400089040766e-13,
                2.4616969454427433e-10,
                0.9999999997468743
            ],
            [
                3.2661313410478195e-13,
                2.94007773771851e-11,
                0.9999999995836559,
                7.05287984735561e-11,
                3.1608814526301236e-10
            ],
            [
                0.0,
                1.4637785833482935e-12,
                3.97896272400319e-12,
                1.4449803144426553e-07,
                0.9999998554965258
            ],
            [
                1.573710207299542e-11,
                0.0,
                1.2917800020059838e-12,
                3.160881447511227e-10,
                0.9999999996668829
            ]
        ],
        [
            [
                0.9999970974903619,
                2.902312198489537e-06,
                4.2777716882464014e-11,
                1.3176464429961098e-10,
                2.2897261847288616e-11
            ],
            [
                7.433680646626973e-12,
                0.0,
                0.0,
                5.492788331946178e-11,
                0.9999999999376383
            ],
            [
                2.9400387710965595e-11,
                9.23732722756369e-09,
                0.9999859573954776,
                6.144125057609801e-06,
                7.889212737279017e-06
            ],
            [
                3.0985237598709556e-12,
                3.3312269799743526e-11,
                9.055213766136786e-11,
                9.610239906656836e-05,
                0.9999038974739706
            ],
            [
                1.4930946673857922e-10,
                0.0,
                0.0,
                1.4930946673857922e-10,
                0.9999999997013811
            ]
        ],
        [
            [
                0.9999996939158686,
                3.059023587630481e-07,
                3.775135016460092e-11,
                1.3176515918169074e-10,
                1.2256068977046732e-11
            ],
            [
                6.560200139237901e-12,
                0.0,
                0.0,
                3.775134527639159e-11,
                0.9999999999556886
            ],
            [
                7.287724095128905e-14,
                4.5087552418674506e-12,
                0.999999999975741,
                5.789356328181892e-12,
                1.3887943863647615e-11
            ],
            [
                0.0,
                2.0202717395254753e-11,
                2.5940802621666666e-11,
                0.00020342706050316175,
                0.9997965728933533
            ],
            [
                2.59460949024502e-11,
                0.0,
                0.0,
                7.052879829280424e-11,
                0.9999999999035252
            ]
        ],
        [
            [
                0.9999998873491495,
                1.125351837638535e-07,
                2.9400779755822404e-11,
                7.052880417961037e-11,
                1.573710337167371e-11
            ],
            [
                4.277787844611068e-11,
                0.0,
                0.0,
                4.847368678669105e-11,
                0.9999999999087483
            ],
            [
                3.6314224068355627e-09,
                4.756224746860806e-07,
                0.02847748066272619,
                0.028477480960811496,
                0.9430445591225652
            ],
            [
                1.8795287885977505e-12,
                2.129785139294107e-12,
                5.109088952110907e-12,
                1.3440409751328046e-08,
                0.9999999865504718
            ],
            [
                1.3887943820772047e-11,
                0.0,
                0.0,
                1.6918979172314458e-10,
                0.9999999998169222
            ]
        ],
        [
            [
                0.9999998143336456,
                1.8553915977758808e-07,
                1.3887945625178922e-11,
                7.052880745023046e-11,
                4.2777884111533576e-11
            ],
            [
                8.423463720120278e-12,
                0.0,
                1.2917799995185031e-12,
                2.172439926220456e-10,
                0.9999999997730407
            ],
            [
                1.361526107832866e-13,
                9.545034921040407e-12,
                0.9999999998819258,
                1.7832472904783134e-11,
                9.056076987964865e-11
            ],
            [
                3.2972781881089167e-09,
                5.545164002442681e-07,
                0.0004179415460847077,
                0.9702815351446867,
                0.029299965495550178
            ],
            [
                2.5946094801909368e-11,
                2.734698272529866e-12,
                2.4133627550110506e-12,
                5.905303957781563e-10,
                0.9999999993783755
            ]
        ],
        [
            [
                0.9999989321232391,
                1.0677030757216399e-06,
                3.33153844963569e-11,
                1.0261860865386109e-10,
                3.775127640537335e-11
            ],
            [
                6.5602001457370225e-12,
                0.0,
                0.0,
                1.2256067402219469e-11,
                0.9999999999811837
            ],
            [
                2.33458217822867e-09,
                5.712534242203859e-07,
                0.9995671107153002,
                0.00043055611227112264,
                1.7595844222857524e-06
            ],
            [
                1.879349661349655e-12,
                1.2254899205514752e-11,
                2.2895165899442287e-11,
                9.610239912485596e-05,
                0.9999038975638458
            ],
            [
                1.5737102050473798e-11,
                0.0,
                0.0,
                1.6918979165527304e-10,
                0.999999999815073
            ]
        ],
        [
            [
                0.9999997615094092,
                2.3823698433315816e-07,
                7.05288037164691e-11,
                1.6918980474849253e-10,
                1.3887944889957715e-11
            ],
            [
                1.2256067382239836e-11,
                0.0,
                0.0,
                9.056076943964427e-11,
                0.9999999998971831
            ],
            [
                2.365977608967357e-14,
                3.0988191385025686e-12,
                0.9999999999914866,
                3.511422113128061e-12,
                1.8795288164060974e-12
            ],
            [
                5.482207096034242e-11,
                1.8154576571632403e-09,
                8.136316739770044e-09,
                0.1192029223086785,
                0.8807970676847251
            ],
            [
                3.511422097892013e-12,
                0.0,
                0.0,
                4.277787850105017e-11,
                0.9999999999537108
            ]
        ],
        [
            [
                0.9999869927760585,
                1.300712476570938e-05,
                1.0815797795650617e-11,
                7.052786106750282e-11,
                1.783223588528073e-11
            ],
            [
                3.511422101298868e-12,
                0.0,
                0.0,
                3.775134531294407e-11,
                0.9999999999587372
            ],
            [
                3.5114225768883466e-12,
                5.211413175801096e-10,
                0.999999938520281,
                4.139938265261798e-08,
                1.955568366922332e-08
            ],
            [
                0.0,
                8.422419822444038e-12,
                1.5735151785078093e-11,
                0.00012339462740971493,
                0.9998766053484327
            ],
            [
                7.43368064838869e-12,
                0.0,
                0.0,
                2.172439928075856e-10,
                0.9999999997753224
            ]
        ],
        [
            [
                0.9999982394763745,
                1.760343132834473e-06,
                4.84735995154717e-11,
                1.1628212028732056e-10,
                1.5737073684438393e-11
            ],
            [
                5.109089008213227e-12,
                0.0,
                0.0,
                2.94007772786153e-11,
                0.99999999996549
            ],
            [
                1.8105609302193706e-09,
                1.1201543826698066e-07,
                0.9953814590496007,
                0.0005505299856270078,
                0.004067897138773163
            ],
            [
                2.4127324896811963e-12,
                4.8461027507266176e-11,
                7.989872685121374e-11,
                0.0002611903275784179,
                0.9997388095416492
            ],
            [
                8.423463721198273e-12,
                0.0,
                0.0,
                9.056076953903844e-11,
                0.9999999999010158
            ]
        ],
        [
            [
                0.9999869924263874,
                1.300712476013838e-05,
                7.052786103729548e-11,
                3.16083943965169e-10,
                6.224061891133004e-11
            ],
            [
                3.5114221049443723e-12,
                0.0,
                0.0,
                6.224144607961457e-11,
                0.999999999934247
            ],
            [
                2.413362761204266e-12,
                2.1724399255111435e-10,
                0.9999999956580352,
                2.061153613360812e-09,
                2.061153613360812e-09
            ],
            [
                2.7346933503348363e-12,
                9.545017676158924e-12,
                2.940072426932515e-11,
                1.7603431314310298e-06,
                0.9999982396151882
            ],
            [
                7.433680646272455e-12,
                0.0,
                0.0,
                1.026187959569993e-10,
                0.9999999998899476
            ]
        ],
        [
            [
                0.9947798740627851,
                0.005220125702074926,
                5.4641152957006536e-11,
                1.6830659998247883e-10,
                1.2192089209991718e-11
            ],
            [
                3.5114221013281903e-12,
                0.0,
                0.0,
                2.9400777291965365e-11,
                0.9999999999670879
            ],
            [
                3.154767961103655e-10,
                2.8398316177734722e-08,
                6.132334617503718e-06,
                0.7772950768740495,
                0.22269876207753997
            ],
            [
                8.878265812458388e-13,
                3.098819255298837e-12,
                4.5087554119133755e-12,
                3.92786369324655e-07,
                0.9999996072051353
            ],
            [
                2.0206838921638917e-11,
                1.463778501913779e-12,
                0.0,
                1.6918979084998273e-10,
                0.9999999998091396
            ]
        ],
        [
            [
                0.9999832983550614,
                1.670141510411835e-05,
                3.775069969803626e-11,
                1.6918689823430355e-10,
                2.2896956792463442e-11
            ],
            [
                9.545034885531372e-12,
                0.0,
                0.0,
                4.8473686873230517e-11,
                0.9999999999419813
            ],
            [
                1.3176515727062585e-10,
                2.2159492223607928e-08,
                0.9999994404248165,
                3.927860233895607e-07,
                1.4449790278450465e-07
            ],
            [
                0.0,
                7.959435397583118e-11,
                1.9093692929189326e-10,
                0.0040701377758835585,
                0.9959298619535851
            ],
            [
                7.43368062997433e-12,
                0.0,
                0.0,
                9.056076938046066e-11,
                0.9999999999020055
            ]
        ],
        [
            [
                0.9999977394445448,
                2.2603252721705327e-06,
                5.492778303021406e-11,
                1.49309194488572e-10,
                2.5946047519688625e-11
            ],
            [
                8.423463728855424e-12,
                0.0,
                0.0,
                3.331544532036186e-11,
                0.9999999999582612
            ],
            [
                4.508755116701973e-12,
                6.691585904896463e-10,
                0.9999999722352336,
                1.186111982094845e-08,
                1.522997932047656e-08
            ],
            [
                0.0,
                6.212154219136136e-11,
                1.0242110797959291e-10,
                0.0019267343315688308,
                0.9980732655038885
            ],
            [
                8.423463725639944e-12,
                0.0,
                0.0,
                1.5737102053003795e-11,
                0.9999999999758393
            ]
        ],
        [
            [
                0.9999251536084538,
                7.484619707918851e-05,
                3.331297011138793e-11,
                1.317553526588993e-10,
                2.939859293919305e-11
            ],
            [
                3.331544510690517e-11,
                5.789356274033749e-12,
                6.5602001061740675e-12,
                1.2501528545755003e-09,
                0.9999999987041821
            ],
            [
                2.413362770420439e-12,
                3.1608814524633227e-10,
                0.9999999994573809,
                1.6918979216246987e-10,
                5.4927883477392224e-11
            ],
            [
                1.8795182988682048e-12,
                1.2255998860270117e-11,
                2.594594979079676e-11,
                6.1441721113374585e-06,
                0.9999938557878072
            ],
            [
                7.433680639187144e-12,
                0.0,
                0.0,
                9.056076949269571e-11,
                0.9999999999020055
            ]
        ],
        [
            [
                0.9999646436088329,
                3.535625750704694e-05,
                2.2896521437404967e-11,
                9.055749897293237e-11,
                2.020610924847167e-11
            ],
            [
                4.508755224809205e-12,
                0.0,
                0.0,
                2.2897348367656224e-11,
                0.9999999999725939
            ],
            [
                3.1565438784387123e-10,
                7.723808208919649e-08,
                0.9986274609718067,
                0.0011692723185395876,
                0.00020318915591724021
            ],
            [
                1.879528887223684e-12,
                6.560200414867277e-12,
                1.2256067905020978e-11,
                3.927863693198629e-07,
                0.9999996071929349
            ],
            [
                9.545034843828281e-12,
                0.0,
                0.0,
                1.1628232933964225e-10,
                0.9999999998741727
            ]
        ],
        [
            [
                0.999941708530846,
                5.8291276751472015e-05,
                3.774911605075195e-11,
                1.3175736135815182e-10,
                2.289599626183134e-11
            ],
            [
                4.508755219830969e-12,
                0.0,
                0.0,
                3.3315445255677425e-11,
                0.9999999999621758
            ],
            [
                1.8795287975143577e-12,
                2.1724399130894242e-10,
                0.9999999899401698,
                2.646573612120309e-09,
                7.1941329575058526e-09
            ],
            [
                1.6586783533417723e-12,
                0.0,
                7.835041758741957e-13,
                3.58174791825002e-10,
                0.9999999996393831
            ],
            [
                2.2897348391841334e-11,
                3.5114221034676037e-12,
                0.0,
                4.5990553656742085e-10,
                0.9999999995136857
            ]
        ],
        [
            [
                0.9999996939986378,
                3.0590235884650655e-07,
                2.5946098235092822e-11,
                6.224145403100748e-11,
                1.0815942913057776e-11
            ],
            [
                3.978962520408342e-12,
                0.0,
                0.0,
                2.2897348367668354e-11,
                0.9999999999731237
            ],
            [
                3.978962376070609e-12,
                5.211412278635548e-10,
                0.9999999600388809,
                3.224186607796492e-08,
                7.194132741460539e-09
            ],
            [
                5.109079661100866e-12,
                2.0206802043166985e-11,
                2.5946047413404195e-11,
                2.26032526291142e-06,
                0.9999977396234752
            ],
            [
                2.9400777270564264e-11,
                0.0,
                0.0,
                2.789468081267277e-10,
                0.9999999996916524
            ]
        ],
        [
            [
                0.999989869706952,
                1.0129988098688536e-05,
                7.991884282273771e-11,
                1.917153375699052e-10,
                3.331513022945571e-11
            ],
            [
                7.433680651949945e-12,
                0.0,
                0.0,
                9.056076964817848e-11,
                0.9999999999020055
            ],
            [
                3.0988194247548084e-12,
                5.905304544026422e-10,
                0.9999998989084603,
                6.825604006364441e-08,
                3.2241870348616305e-08
            ],
            [
                3.978879389802052e-12,
                2.594555280250863e-11,
                2.4616455111849347e-10,
                2.1444939733032008e-05,
                0.9999785547841781
            ],
            [
                8.423463720851189e-12,
                0.0,
                0.0,
                1.3176514217508914e-10,
                0.9999999998598115
            ]
        ],
        [
            [
                0.9999982395269402,
                1.7603431330618988e-06,
                3.775127726581627e-11,
                7.991945459888273e-11,
                1.2256045310276428e-11
            ],
            [
                3.5114221015758615e-12,
                0.0,
                0.0,
                3.5817479182461904e-10,
                0.9999999996383138
            ],
            [
                6.431393940828829e-14,
                4.5087552418579485e-12,
                0.9999999999830245,
                3.978962535451698e-12,
                8.423463753652454e-12
            ],
            [
                1.2035622412009035e-11,
                5.117676875028295e-10,
                9.071299312647299e-09,
                0.01798621137490518,
                0.9820137790299922
            ],
            [
                4.508755229981405e-12,
                0.0,
                0.0,
                7.991959871127874e-11,
                0.9999999999155715
            ]
        ],
        [
            [
                0.9999832983907725,
                1.670141510391829e-05,
                4.847285790944416e-11,
                1.3176288882871935e-10,
                1.3887706308578158e-11
            ],
            [
                5.78935629993939e-12,
                0.0,
                0.0,
                2.289734834258388e-11,
                0.9999999999713134
            ],
            [
                1.2917799985055926e-12,
                9.056076945643838e-11,
                0.9999999952004202,
                2.0611536124175973e-09,
                2.6465736260419488e-09
            ],
            [
                1.1399919438426446e-12,
                3.098819385537165e-12,
                8.4234644253823e-12,
                1.1253518368248224e-07,
                0.9999998874521541
            ],
            [
                2.289734840062241e-11,
                0.0,
                0.0,
                7.991959873466258e-11,
                0.9999999998971831
            ]
        ],
        [
            [
                0.9999970975194389,
                2.902312199109883e-06,
                5.492767575669644e-11,
                1.0261840818359601e-10,
                1.0815900648323895e-11
            ],
            [
                1.0815941503095724e-11,
                0.0,
                0.0,
                5.492788323434747e-11,
                0.9999999999342561
            ],
            [
                8.70394520609862e-15,
                6.914400106441486e-13,
                0.9999999999984015,
                6.101936677165209e-13,
                2.8823507932364916e-13
            ],
            [
                1.2256020980063162e-11,
                5.4927675272183096e-11,
                9.056042657135771e-11,
                2.9023121735087815e-06,
                0.9999970975300824
            ],
            [
                1.1628232969144259e-10,
                0.0,
                0.0,
                1.9171715036884649e-10,
                0.9999999996920006
            ]
        ],
        [
            [
                0.999999855416105,
                1.4449803163683458e-07,
                1.7832473775212578e-11,
                6.224144925543619e-11,
                5.789356610225829e-12
            ],
            [
                1.4930946714241226e-10,
                0.0,
                0.0,
                4.847368690774459e-11,
                0.9999999998022169
            ],
            [
                4.508755602765172e-12,
                5.905304471067024e-10,
                0.9999997672644354,
                1.4449803616339303e-07,
                8.764248920136272e-08
            ],
            [
                5.384940887056068e-13,
                2.1297854356698735e-12,
                4.508755802694555e-12,
                3.05902358522869e-07,
                0.9999996940904645
            ],
            [
                1.7832472817306916e-11,
                0.0,
                0.0,
                1.317651420297367e-10,
                0.9999999998504023
            ]
        ],
        [
            [
                0.9999952146890615,
                4.785094846005389e-06,
                5.492757232181091e-11,
                1.3176439620038318e-10,
                2.940061082605266e-11
            ],
            [
                7.433680635181126e-12,
                0.0,
                0.0,
                4.847368682031678e-11,
                0.9999999999440927
            ],
            [
                7.835041780285508e-13,
                3.3315445401343796e-11,
                0.9999999994160091,
                1.9171715125889582e-10,
                3.5817479280985406e-10
            ],
            [
                4.752193043175609e-13,
                0.0,
                6.914400078428854e-13,
                2.0611536139394446e-09,
                0.9999999979376797
            ],
            [
                1.2256067386596386e-11,
                0.0,
                0.0,
                3.1608814394834485e-10,
                0.9999999996716558
            ]
        ],
        [
            [
                0.99999960706544,
                3.927863696374601e-07,
                3.331544670151668e-11,
                1.0261880025924232e-10,
                1.2256067914930928e-11
            ],
            [
                7.433680645925372e-12,
                0.0,
                0.0,
                1.4930946708891962e-10,
                0.9999999998432569
            ],
            [
                6.560199969260391e-12,
                7.582560198022407e-10,
                0.9999999697617308,
                4.363462120651429e-09,
                2.5109990796150353e-08
            ],
            [
                2.4130636794581096e-12,
                2.5942879436696063e-11,
                7.052005775067474e-11,
                0.00012339462736663494,
                0.9998766052737573
            ],
            [
                3.775134511615078e-11,
                2.734698267930138e-12,
                0.0,
                4.5990553388593943e-10,
                0.9999999994996085
            ]
        ],
        [
            [
                0.9996646496264665,
                0.0003353500562696259,
                7.989277963041916e-11,
                2.1717109109445139e-10,
                2.0200058109472866e-11
            ],
            [
                2.461696933924658e-10,
                0.0,
                3.511422087856761e-12,
                6.691586042660745e-10,
                0.9999999990811603
            ],
            [
                1.879528779150585e-12,
                2.1724398918637887e-10,
                0.9999999801874349,
                4.363462166143595e-09,
                1.5229979441750487e-08
            ],
            [
                3.0988135271871405e-12,
                1.0815921971105123e-11,
                1.7832440615993875e-11,
                1.7603431244114361e-06,
                0.9999982396251283
            ],
            [
                1.3887943790466264e-11,
                0.0,
                0.0,
                4.058652104704257e-10,
                0.9999999995802469
            ]
        ],
        [
            [
                0.9999832981177279,
                1.6701415099357985e-05,
                1.0261704097153761e-10,
                3.160827385866421e-10,
                4.847285789620869e-11
            ],
            [
                5.789356306185262e-12,
                0.0,
                0.0,
                3.775134529577657e-11,
                0.9999999999564593
            ],
            [
                1.1399918440410217e-12,
                7.991959829835691e-11,
                0.9999999921572104,
                3.3982677926565116e-09,
                4.363462218482309e-09
            ],
            [
                6.191235554523331e-09,
                1.0412057251463487e-06,
                0.022934088107490543,
                0.9751823194846425,
                0.0018825450109062794
            ],
            [
                1.0815941465979859e-11,
                0.0,
                0.0,
                2.7894680693208395e-10,
                0.9999999997102373
            ]
        ],
        [
            [
                0.9999869927145972,
                1.3007124767311899e-05,
                4.847304277372593e-11,
                1.026174323572447e-10,
                9.544908054818926e-12
            ],
            [
                2.940077724477969e-11,
                0.0,
                0.0,
                6.224144591562414e-11,
                0.9999999999083578
            ],
            [
                5.035071449130547e-09,
                7.472708600726527e-07,
                0.2917557345081576,
                0.22721959491025315,
                0.48102391827565777
            ],
            [
                9.545017421968527e-12,
                2.94007234863636e-11,
                5.49277827989814e-11,
                1.0677030706343337e-06,
                0.9999989322030559
            ],
