{
    "[['E', 'D', 'C', 'B', 'A'], ['E', 'D', 'C', 'B', 'A']]": [
        [
            [
                0.9999999583244907,
                4.139937542220428e-08,
                7.052879550312975e-11,
                1.9171714319926163e-10,
                1.3887943272655307e-11
            ],
            [
                0.7772998040020969,
                0.22270012263370695,
                1.183824897170523e-08,
                2.5061573269764948e-08,
                3.6464373944333e-08
            ],
            [
                1.9810087977139523e-13,
                9.545034921226376e-12,
                0.9999999999214411,
                1.3887943862615298e-11,
                5.4927883500257454e-11
            ],
            [
                0.0,
                2.939091104579588e-11,
                9.732933027592527e-10,
                0.0003353500564741892,
                0.9996646489408416
            ],
            [
                2.1724399163625035e-10,
                0.0,
                0.0,
                2.4616969306067963e-10,
                0.9999999995365862
            ]
        ],
        [
            [
                0.9999989318209982,
                1.0677030754940654e-06,
                7.991945276029072e-11,
                3.160875673207765e-10,
                7.991945276029072e-11
            ],
            [
                0.9999898698019826,
                1.0129988099651205e-05,
                4.277747397894844e-11,
                1.493080550404299e-10,
                1.7832304199609287e-11
            ],
            [
                3.5113888898020265e-12,
                1.1628123008852494e-10,
                2.3823448545565873e-07,
                1.0129988091302828e-05,
                0.9999896316576307
            ],
            [
                2.7341404785389426e-12,
                5.4916679534875933e-11,
                1.103030994496615e-09,
                0.0002034270603322515,
                0.999796571778986
            ],
            [
                5.905303971415785e-10,
                3.0988191242763234e-12,
                0.0,
                2.1724399249519384e-10,
                0.9999999991891269
            ]
        ],
        [
            [
                0.9999999960815449,
                3.850741904370035e-09,
                8.423463714224102e-12,
                4.847368683111119e-11,
                1.0815941505610675e-11
            ],
            [
                1.8189616683212997e-09,
                7.433680593756438e-12,
                3.9789624937679664e-12,
                5.905303936507701e-10,
                0.9999999975790952
            ],
            [
                6.560200406191242e-12,
                8.592166930941661e-10,
                0.9999998427750726,
                1.186112058172566e-08,
                1.4449802985404852e-07
            ],
            [
                0.0010217041660737847,
                0.9887800788503635,
                0.0003316986202598942,
                0.008554624245728355,
                0.001311894117574493
            ],
            [
                2.461696941308909e-10,
                1.8795288085172904e-12,
                0.0,
                1.6918979153941425e-10,
                0.9999999995827611
            ]
        ],
        [
            [
                3.160881444726137e-10,
                0.0,
                0.0,
                7.052879829719432e-11,
                0.999999999613383
            ],
            [
                5.315784935978902e-08,
                3.331544342588103e-11,
                8.423463249855656e-12,
                1.1032559662522947e-09,
                0.9999999456971557
            ],
            [
                2.225863584343634e-10,
                2.0036585452891103e-08,
                0.0005000977815791388,
                0.09530176863393236,
                0.9041981133253167
            ],
            [
                3.97614033244464e-12,
                7.986291345909251e-11,
                3.3958574919579904e-09,
                0.0007096703370899843,
                0.9992903261832135
            ],
            [
                3.58174790680871e-10,
                0.0,
                2.4133627560162394e-12,
                5.90530396024118e-10,
                0.9999999990488815
            ]
        ],
        [
            [
                5.90530396089612e-10,
                3.5114220907523914e-12,
                0.0,
                2.461696935954652e-10,
                0.9999999991597885
            ],
            [
                0.9984988167488853,
                0.0015011820292987498,
                1.4908523264534474e-10,
                7.5711728362854e-10,
                3.156134399868993e-10
            ],
            [
                1.0060392771462758e-12,
                1.0261879609903479e-10,
                0.9999999980449774,
                2.4616969465862176e-10,
                1.6052280517757664e-09
            ],
            [
                8.878265664745052e-13,
                4.508755336898354e-12,
                2.5946095527170388e-11,
                6.475946135775376e-07,
                0.9999993523740438
            ],
            [
                9.237449488389797e-09,
                0.0,
                0.0,
                3.1608813949176103e-10,
                0.9999999904464625
            ]
        ],
        [
            [
                0.9999999466476692,
                5.3157849686573964e-08,
                2.9400775812311975e-11,
                1.317651356174983e-10,
                3.331544363068588e-11
            ],
            [
                0.9999998552549041,
                1.444980315968842e-07,
                2.940077881426655e-11,
                1.691898004412309e-10,
                4.847368940623096e-11
            ],
            [
                1.2917800028301164e-12,
                2.4616969480881377e-10,
                0.999999998534377,
                7.582560416431177e-10,
                4.5990553716889024e-10
            ],
            [
                1.527580723461091e-11,
                5.732204375182045e-10,
                7.913064054689893e-09,
                0.029312227650297375,
                0.9706877638481423
            ],
            [
                2.0611535956609575e-09,
                3.0988190984633317e-12,
                0.0,
                4.5990553189034144e-10,
                0.999999997475842
            ]
        ],
        [
            [
                0.9999996070632532,
                3.927863697587514e-07,
                2.0206839872731802e-11,
                1.1628233480524172e-10,
                1.3887944402774502e-11
            ],
            [
                2.9400777174080075e-11,
                0.0,
                0.0,
                2.1724399189143745e-10,
                0.9999999997533553
            ],
            [
                1.5428112026637611e-13,
                6.560200165908128e-12,
                0.9999999997603044,
                1.5737102101475864e-11,
                2.1724399343353597e-10
            ],
            [
                6.789614183861858e-11,
                4.759887020345561e-09,
                1.7861344270944523e-07,
                0.03732687655085712,
                0.962672940007917
            ],
            [
                3.6534820723298856e-08,
                1.0060392403492117e-12,
                7.835041481845274e-13,
                1.0261879234563221e-10,
                0.9999999633607709
            ]
        ],
        [
            [
                0.9999999315636253,
                6.825604227181407e-08,
                3.7751350148690183e-11,
                1.3176515912615684e-10,
                1.081594290554839e-11
            ],
            [
                3.0590235828415804e-07,
                2.0206841585991105e-11,
                7.43368159049427e-12,
                9.73620151553838e-10,
                0.999999693096381
            ],
            [
                1.6586785247934073e-12,
                2.7894683718348056e-10,
                0.9999999064741065,
                5.602796997855218e-09,
                8.764249095928378e-08
            ],
            [
                8.638993743873213e-08,
                3.075694816199444e-05,
                0.00020056049565773547,
                0.9857082266222095,
                0.01406036954403339
            ],
            [
                6.825604200978951e-08,
                5.789357028179208e-12,
                1.879529043616783e-12,
                1.6918981270239616e-10,
                0.9999999315670993
            ]
        ],
        [
            [
                0.9999999927191136,
                7.194132973131702e-09,
                1.2256067346663195e-11,
                6.224144573425553e-11,
                1.2256067346663195e-11
            ],
            [
                4.058652093458017e-10,
                7.433680611878204e-12,
                6.560200114785675e-12,
                5.211412445493004e-10,
                0.9999999990589996
            ],
            [
                1.6917979907957407e-10,
                1.522908018714192e-08,
                0.9999406257402328,
                1.0676409461803586e-06,
                5.8291220561083294e-05
            ],
            [
                3.4930920343134438e-12,
                1.1567532144959765e-10,
                9.685376084036501e-10,
                0.005220125692337302,
                0.9947798732199566
            ],
            [
                5.492788315438481e-11,
                0.0,
                0.0,
                6.224144582662653e-11,
                0.9999999998828306
            ]
        ],
        [
            [
                0.9999999584610113,
                4.139937544371582e-08,
                1.573710144386636e-11,
                9.056076608144699e-11,
                3.331544401810043e-11
            ],
            [
                0.9999962727314677,
                3.72663911252304e-06,
                1.317646455902045e-10,
                4.599038027782257e-10,
                3.775120301817648e-11
            ],
            [
                9.357622967797248e-14,
                7.433680671523688e-12,
                0.9999999999507894,
                1.5737102105108968e-11,
                2.5946094979872918e-11
            ],
            [
                1.0669269258995013e-05,
                0.06733041458191594,
                0.0013973985065750898,
                0.8202524168002094,
                0.11100910084204053
            ],
            [
                7.194132948593105e-09,
                0.0,
                0.0,
                3.1608814184030355e-10,
                0.999999992489779
            ]
        ],
        [
            [
                0.9999999894405839,
                1.0467401678760011e-08,
                5.789356264581357e-12,
                4.847368652558708e-11,
                3.7751345024485024e-11
            ],
            [
                7.582560369510303e-10,
                4.508755207567962e-12,
                0.0,
                5.905303953460825e-10,
                0.9999999986467047
            ],
            [
                4.8471471065645685e-11,
                4.3632627752456715e-09,
                0.999954093409376,
                5.043246060808822e-07,
                4.539785428366671e-05
            ],
            [
                2.129765020423961e-12,
                2.5945849499032415e-11,
                1.493080549583739e-10,
                1.0129988094084014e-05,
                0.9999898698345222
            ],
            [
                2.0206838999812128e-11,
                0.0,
                0.0,
                9.056076949153897e-11,
                0.9999999998892324
            ]
        ],
        [
            [
                0.9999999942393216,
                5.602796400447344e-09,
                7.433680623142002e-12,
                7.991959840047997e-11,
                7.052879804422836e-11
            ],
            [
                1.4166087781835086e-09,
                0.0,
                0.0,
                1.9171715023093697e-10,
                0.9999999983916741
            ],
            [
                1.5428112030224793e-13,
                1.2256067442753705e-11,
                0.9999999999524365,
                1.2256067442753705e-11,
                2.2897348453941285e-11
            ],
            [
                0.0,
                1.4637784840594452e-12,
                9.545034726782657e-12,
                1.9555680686170753e-08,
                0.9999999804333106
            ],
            [
                5.905303937802706e-10,
                4.508755195612841e-12,
                0.0,
                5.211412433931503e-10,
                0.9999999988838195
            ]
        ],
        [
            [
                0.9999999222689189,
                7.734422798242977e-08,
                2.5946097972076885e-11,
                1.691898117542773e-10,
                1.9171717346402687e-10
            ],
            [
                1.2501528551004736e-09,
                5.789356276464857e-12,
                6.560200108928874e-12,
                1.4166087738541778e-09,
                0.9999999973208888
            ],
            [
                1.3615261078326156e-13,
                1.2256067441785699e-11,
                0.9999999998371594,
                7.05287984978067e-11,
                7.991959891445156e-11
            ],
            [
                3.5046575381403153e-12,
                1.3151130388792413e-10,
                1.5200639967123263e-08,
                0.0019267343013583413,
                0.9980732503629858
            ],
            [
                4.0586521090259847e-10,
                0.0,
                0.0,
                4.277787850577141e-11,
                0.9999999995513569
            ]
        ],
        [
            [
                0.9999996070310418,
                3.9278636962394895e-07,
                1.7832473592588695e-11,
                1.1628233476533417e-10,
                4.8473688923209636e-11
            ],
            [
                5.905303964959255e-10,
                2.734698275853797e-12,
                0.0,
                2.1724399225767136e-10,
                0.999999999189491
            ],
            [
                7.287724094243022e-14,
                3.978962534976407e-12,
                0.9999999998264317,
                2.0206839085850502e-11,
                1.493094675874139e-10
            ],
            [
                1.6585202543374652e-12,
                3.7747746999209975e-11,
                4.0582652573318054e-10,
                9.610239908562664e-05,
                0.9999038971556816
            ],
            [
                2.0206839027599416e-11,
                0.0,
                0.0,
                7.991959868186152e-11,
                0.9999999998998736
            ]
        ],
        [
            [
                0.9626631065227284,
                0.037326498466572385,
                1.5762428861041784e-07,
                4.855169895765275e-07,
                9.751869420974266e-06
            ],
            [
                1.8189616788480494e-09,
                2.4133627602835947e-12,
                1.658678350976302e-12,
                3.160881439186677e-10,
                0.9999999978608782
            ],
            [
                1.6586783558806962e-12,
                1.1628233008954248e-10,
                0.999999998226041,
                4.058652119052878e-10,
                1.2501528641003546e-09
            ],
            [
                0.0,
                1.2917800637053556e-12,
                1.3887944498406832e-11,
                5.043472045884772e-07,
                0.9999994956376157
            ],
            [
                5.905303974854184e-10,
                0.0,
                0.0,
                9.056076952729877e-11,
                0.9999999993189088
            ]
        ],
        [
            [
                0.9999997610481148,
                2.3823698418799755e-07,
                3.775134820601037e-11,
                2.1724400940913141e-10,
                4.599055715281352e-10
            ],
            [
                2.6465736221634523e-09,
                3.5114220911586913e-12,
                0.0,
                2.789468075219124e-10,
                0.9999999970709681
            ],
            [
                1.1399918496279242e-12,
                1.0261879600948156e-10,
                0.9999999970408604,
                1.2501528626401707e-09,
                1.6052280503749182e-09
            ],
            [
                8.633743018716635e-05,
                0.6173944857084991,
                0.0011918514600531265,
                0.3744686937998375,
                0.0068586316014230585
            ],
            [
                8.152020606144583e-09,
                0.0,
                0.0,
                1.9171714882825762e-10,
                0.9999999916562622
            ]
        ],
        [
            [
                9.736200239800677e-10,
                5.109088989646826e-12,
                0.0,
                1.9171714993426272e-10,
                0.9999999988295538
            ],
            [
                5.905303973921014e-10,
                2.4133627616068757e-12,
                0.0,
                2.461696941384236e-10,
                0.9999999991608866
            ],
            [
                1.0815941233401652e-11,
                4.0586520049391036e-10,
                0.9999999701098659,
                4.363462122279554e-09,
                2.5109990805519566e-08
            ],
            [
                7.481015121229094e-05,
                0.9994431716557646,
                1.147250825882496e-05,
                0.0004305026963586427,
                4.004298840561251e-05
            ],
            [
                4.058652102345566e-10,
                4.508755215488675e-12,
                0.0,
                5.905303963834911e-10,
                0.9999999989990955
            ]
        ],
        [
            [
                0.9999999980827337,
                1.8189616822946343e-09,
                1.3887943824815553e-11,
                7.052879830723086e-11,
                1.3887943824815553e-11
            ],
            [
                0.9988304881643841,
                0.001169510341028875,
                2.786203305165099e-10,
                8.582110365080645e-10,
                3.5775558598913786e-10
            ],
            [
                2.543665646867174e-13,
                1.5737102103709197e-11,
                0.9999999998329161,
                4.8473687052988464e-11,
                1.0261879629645417e-10
            ],
            [
                4.934303943467813e-09,
                4.44171462360707e-07,
                0.0005519491167504552,
                0.9979472485231864,
                0.0015003532542967823
            ],
            [
                4.944450465594103e-09,
                0.0,
                0.0,
                7.052879799269457e-11,
                0.9999999949850207
            ]
        ],
        [
            [
                0.9999999892858474,
                1.0467401671047095e-08,
                4.277787818416632e-11,
                1.9171714911023132e-10,
                1.2256067299264528e-11
            ],
            [
                0.9998766047288518,
                0.00012339463097843522,
                1.3174881291822367e-10,
                4.0581491337566206e-10,
                1.0260607866944061e-10
            ],
            [
                1.2917800000719766e-12,
                7.991959863789326e-11,
                0.9999999964129982,
                8.592166587819203e-10,
                2.646573629251126e-09
            ],
            [
                0.14804568800118262,
                0.8519440733706781,
                1.0863909841493403e-07,
                1.4997164935764009e-06,
                8.630272547184688e-06
            ],
            [
                4.944450462423164e-09,
                0.0,
                0.0,
                4.847368667530642e-11,
                0.9999999950070757
            ]
        ],
        [
            [
                0.9999999906956799,
                9.237449572273246e-09,
                1.3887943730109514e-11,
                4.847368659201408e-11,
                4.508755198513977e-12
            ],
            [
                2.061153601573651e-09,
                8.423463669198542e-12,
                0.0,
                8.592166532196237e-10,
                0.9999999970712063
            ],
            [
                1.6586783521491061e-12,
                1.317651421635342e-10,
                0.9999999959698498,
                1.2501528612878393e-09,
                2.6465736281147385e-09
            ],
            [
                2.660230723639898e-07,
                3.948132456371308e-05,
                0.31992056987588235,
                0.6772718282379492,
                0.0027678545385325217
            ],
            [
                0.9975273754324326,
                1.6877143578202525e-10,
                2.5881937938723455e-11,
                1.413105930726951e-09,
                0.002472622959808077
            ]
        ],
        [
            [
                0.9999999775188181,
                2.2159489265003188e-08,
                1.3887943546359486e-11,
                9.056076781916613e-11,
                2.1724398852408826e-10
            ],
            [
                1.9555680564290445e-08,
                5.109088891278782e-12,
                3.97896242930933e-12,
                8.592166389137878e-10,
                0.9999999795760147
            ],
            [
                6.223658093367858e-11,
                1.343935933986775e-08,
                0.9999222384243431,
                2.9020935397875014e-06,
                7.484598052115841e-05
            ],
            [
                2.752342725569597e-05,
                0.9995270295744627,
                1.0125303037948276e-05,
                0.00043053884075208346,
                4.782854491493751e-06
            ],
            [
                1.3007124709966701e-05,
                1.3887759211853956e-11,
                7.433581834664713e-12,
                5.905225482443694e-10,
                0.9999869922634461
            ]
        ],
        [
            [
                0.9999999675390345,
                3.2241866306925395e-08,
                2.2897347699663913e-11,
                1.1628232645890476e-10,
                7.991959628807704e-11
            ],
            [
                5.60279634726383e-09,
                1.225606724662714e-11,
                9.545034769049013e-12,
                2.3355930011677697e-09,
                0.9999999920398096
            ],
            [
                5.675685232154944e-14,
                3.5114221130809203e-12,
                0.9999999999535714,
                9.545034922037127e-12,
                3.331544541885963e-11
            ],
            [
                8.998047790168757e-05,
                0.7291195940499813,
                0.0015949428939870747,
                0.2682281008124359,
                0.0009673817656939573
            ],
            [
                1.1861119898514406e-08,
                0.0,
                0.0,
                2.172439888771693e-10,
                0.9999999879216361
            ]
        ],
        [
            [
                0.9999999777517324,
                2.215948926726987e-08,
                1.081594131026259e-11,
                7.052879690032862e-11,
                7.433680502575857e-12
            ],
            [
                1.6918979155275644e-10,
                0.0,
                0.0,
                1.6918979155275644e-10,
                0.9999999996616205
            ],
            [
                2.0879679114719895e-14,
                1.2917800046783808e-12,
                0.9999999999966118,
                1.2917800046783808e-12,
                7.835041784411669e-13
            ],
            [
                2.593491314845767e-11,
                1.6045362595936372e-09,
                1.1856008434905736e-08,
                0.0004305571140628102,
                0.9995694293994576
            ],
            [
                5.211412472714667e-10,
                0.0,
                0.0,
                5.492788334961539e-11,
                0.9999999994239308
            ]
        ],
        [
            [
                0.9999999673087074,
                3.2241866296964095e-08,
                4.847368544559849e-11,
                3.5817478107944543e-10,
                4.2777877262600656e-11
            ],
            [
                2.02904948131992e-07,
                1.8264921357523092e-05,
                0.11526419607417185,
                0.03302374528343293,
                0.8516935908160895
            ],
            [
                7.517083632391401e-10,
                5.269882476933373e-08,
                0.991365164817001,
                5.779127865226233e-05,
                0.008576990453813592
            ],
            [
                2.1290704575477644e-12,
                3.3304265422919764e-11,
                1.249733340028936e-09,
                0.00033535005480132135,
                0.999664648660032
            ],
            [
                7.99195986485469e-11,
                0.0,
                0.0,
                3.7751345310059553e-11,
                0.999999999882329
            ]
        ],
        [
            [
                0.9999999695022445,
                2.8453347203030944e-08,
                3.331544438332449e-11,
                4.058651999980031e-10,
                1.6052280051556067e-09
            ],
            [
                7.05287980974672e-11,
                0.0,
                0.0,
                1.9171715025140196e-10,
                0.999999999737754
            ],
            [
                1.463778512948974e-12,
                9.05607698239143e-11,
                0.9999999992337125,
                3.160881451772221e-10,
                3.5817479274033165e-10
            ],
            [
                7.052879798135321e-11,
                9.545034851144272e-12,
                9.545034851144272e-12,
                1.818961673890139e-09,
                0.9999999980914194
            ],
            [
                8.592166575989479e-10,
                0.0,
                0.0,
                3.160881438426955e-10,
                0.9999999988246953
            ]
        ],
        [
            [
                0.9999999956036869,
                4.363462231183799e-09,
                3.0988191232685e-12,
                2.020683898945383e-11,
                9.545034875241034e-12
            ],
            [
                2.594609480384332e-11,
                0.0,
                0.0,
                5.211412451951226e-10,
                0.9999999994529127
            ],
            [
                1.006039278914093e-12,
                4.2777878673990184e-11,
                0.999999999670744,
                1.1628233025953323e-10,
                1.6918979219941915e-10
            ],
            [
                0.0,
                3.098807447240807e-12,
                1.5737042732623122e-11,
                3.72663911185351e-06,
                0.9999962733420523
            ],
            [
                1.917171506652762e-10,
                0.0,
                0.0,
                1.1628232987123631e-10,
                0.9999999996920006
            ]
        ],
        [
            [
                0.9999999633551713,
                3.6534820762827124e-08,
                1.2256066983045238e-11,
                7.991959592308799e-11,
                1.783247223731642e-11
            ],
            [
                2.461696936995265e-10,
                2.1297851581338697e-12,
                0.0,
                1.6918979124294215e-10,
                0.9999999995825106
            ],
            [
                5.008774637334839e-14,
                3.978962535433156e-12,
                0.9999999999469185,
                1.5737102105264717e-11,
                3.3315445418280765e-11
            ],
            [
                2.1853558598897615e-05,
                0.0947847730054544,
                0.0017360431887423677,
                0.8992927791324704,
                0.004164551114733925
            ],
            [
                6.224144563968096e-11,
                0.0,
                5.109088979682684e-12,
                1.25015285454839e-09,
                0.9999999986824966
            ]
        ],
        [
            [
                0.99999998777169,
                1.1861119994754151e-08,
                5.492788278439276e-11,
                2.789468056042562e-10,
                3.331544498183594e-11
            ],
            [
                7.734422778608866e-08,
                3.0988194878777913e-12,
                1.463778679055509e-12,
                1.917171729773459e-10,
                0.9999999224594924
            ],
            [
                8.258073122799697e-14,
                1.0815941344117108e-11,
                0.999999980353501,
                7.991959735442469e-11,
                1.955568070243265e-08
            ],
            [
                1.5545798738982699e-09,
                4.3104191310945887e-07,
                0.013814161985309903,
                0.968447669873423,
                0.0177377355447741
            ],
            [
                1.1628232977742057e-10,
                0.0,
                0.0,
                3.331544527130952e-11,
                0.9999999998504023
            ]
        ],
        [
            [
                0.999999993588061,
                6.348800071087208e-09,
                9.545034855251306e-12,
                4.2777878386775653e-11,
                1.0815941480696958e-11
            ],
            [
                1.9171714985992532e-10,
                0.0,
                0.0,
                5.211412446681946e-10,
                0.9999999992871416
            ],
            [
                6.560200118282131e-12,
                4.5990553436895925e-10,
                0.9999999925141291,
                1.416608775873919e-09,
                5.6027963949439505e-09
            ],
            [
                0.0002603422957177881,
                0.996492880976527,
                3.5233498329436824e-05,
                0.0031716184452976305,
                3.992478412813395e-05
            ],
            [
                1.026187954446761e-10,
                0.0,
                0.0,
                2.461696930888969e-10,
                0.9999999996512114
            ]
        ],
        [
            [
                0.9999999747848234,
                2.5109990902712024e-08,
                1.7832472443175478e-11,
                7.991959684568426e-11,
                7.433680478523474e-12
            ],
            [
                0.9999921104802111,
                7.889265045152233e-06,
                4.277755453657767e-11,
                1.691885102110839e-10,
                4.277755453657767e-11
            ],
            [
                1.879528810559981e-12,
                1.3176514228178722e-10,
                0.9999999968616069,
                3.5817479188890286e-10,
                2.646573630489914e-09
            ],
            [
                0.001501181947977455,
                0.998498764576028,
                9.223576252200241e-09,
                2.2126209193424797e-08,
                2.2126209193424797e-08
            ],
            [
                2.5946094867046717e-11,
                0.0,
                0.0,
                7.05287981965676e-11,
                0.9999999999035252
            ]
        ],
        [
            [
                0.9999999880825782,
                1.1861120003808538e-08,
                9.545034804114109e-12,
                4.2777878157594634e-11,
                3.9789624863446634e-12
            ],
            [
                0.9999921105609668,
                7.889265044621592e-06,
                2.2897174948257488e-11,
                1.0261801870722414e-10,
                4.847331974584442e-11
            ],
            [
                3.0379753851458046e-14,
                2.129785170747345e-12,
                0.9999999999926916,
                2.4133627715970203e-12,
                2.7346982913242323e-12
            ],
            [
                5.0761153417310216e-11,
                2.1584191668752147e-09,
                5.566636399749645e-08,
                0.07585817934636464,
                0.924141762778091
            ],
            [
                2.8453347154079123e-08,
                0.0,
                0.0,
                7.052879619161717e-11,
                0.9999999714761241
            ]
        ],
        [
            [
                0.9999998137660275,
                1.8553915956693188e-07,
                4.2777884062964717e-11,
                2.461697261025996e-10,
                4.058652636277806e-10
            ],
            [
                5.211412456689205e-10,
                0.0,
                0.0,
                5.211412456689205e-10,
                0.9999999989577175
            ],
            [
                2.2447770544252623e-13,
                9.545034920307598e-12,
                0.9999999998251838,
                1.5737102102686637e-11,
                1.4930946758009314e-10
            ],
            [
                0.0002217894576226455,
                0.9619608384064502,
                0.0001524335163729089,
                0.03729926944879017,
                0.00036566917076410695
            ],
            [
                2.7894680759272007e-10,
                0.0,
                0.0,
                1.9171715021144467e-10,
                0.999999999529336
            ]
        ],
        [
            [
                0.9999999894596251,
                1.0467401675420552e-08,
                1.225606730438532e-11,
                5.4927882883391396e-11,
                5.789356262734354e-12
            ],
            [
                6.691586072793597e-10,
                4.508755229830173e-12,
                5.109089013939024e-12,
                6.691586072793597e-10,
                0.9999999986520649
            ],
            [
                1.0603575987715596e-13,
                8.423463751443378e-12,
                0.9999999997314128,
                1.3887943859976196e-11,
                2.4616969509312717e-10
            ],
            [
                1.879529047462647e-12,
                6.560200974156213e-12,
                4.2777883945486064e-11,
                1.8553915905739545e-07,
                0.9999998144096234
            ],
            [
                0.9999999802674269,
                1.9555680694029618e-08,
                1.7832472549028233e-11,
                1.1628232796046517e-10,
                4.277787782821031e-11
            ]
        ],
        [
            [
                1.7257827601375283e-08,
                6.5602000212016515e-12,
                0.0,
                1.9171714708126054e-10,
                0.999999982543895
            ],
            [
                4.8473686835201185e-11,
                2.4133627605065877e-12,
                0.0,
                2.7894680797771247e-10,
                0.9999999996701661
            ],
            [
                7.433681651179543e-12,
                8.592167750544703e-10,
                0.9999999381782834,
                1.95556836628381e-08,
                4.139938263910047e-08
            ],
            [
                1.4637786970995573e-12,
                2.41336307350576e-12,
                9.545036115978692e-12,
                3.0590235873989465e-07,
                0.9999996940842192
            ],
            [
                3.5817478942557084e-10,
                3.0988191075519544e-12,
                0.0,
                4.599055332392126e-10,
                0.9999999991788209
            ]
        ],
        [
            [
                0.9999997799887762,
                2.102434045904209e-07,
                4.5990558019807654e-10,
                4.363462654586551e-09,
                4.944450957059618e-09
            ],
            [
                1.0261879562972041e-10,
                0.0,
                0.0,
                2.461696935327951e-10,
                0.9999999996512114
            ],
            [
                5.1090888379944465e-12,
                5.211412294013013e-10,
                0.9999999628684213,
                4.36346209061371e-09,
                3.2241866173101925e-08
            ],
            [
                0.22269959371018475,
                0.7772979348696696,
                6.812428174509647e-08,
                1.7569500583780149e-06,
                6.463458056422371e-07
            ],
            [
                4.058652104976692e-10,
                3.5114220947762316e-12,
                3.098819122307136e-12,
                5.211412460283276e-10,
                0.9999999990663833
            ]
        ],
        [
            [
                0.9999999935918165,
                6.348800071111051e-09,
                1.0815941480737575e-11,
                3.7751345175611795e-11,
                1.0815941480737575e-11
            ],
            [
                7.052879813215952e-11,
                0.0,
                0.0,
                3.581747911037898e-10,
                0.9999999995712965
            ],
            [
                4.4202281033138604e-14,
                2.4133627716545073e-12,
                0.9999999999964799,
                8.878265477802234e-13,
                1.7482341281416024e-13
            ],
            [
                1.1399832136883128e-12,
                1.573698284423149e-11,
                3.5817207862333864e-10,
                7.88926503845179e-06,
                0.9999921103599125
            ],
            [
                2.789468070881064e-10,
                3.51142208569788e-12,
                0.0,
                4.0586520944835447e-10,
                0.9999999993116766
            ]
        ],
        [
            [
                0.9999999935507562,
                6.348800071349562e-09,
                1.2256067357819537e-11,
                6.224144579091211e-11,
                2.594609480011002e-11
            ],
            [
                5.211412463821961e-10,
                0.0,
                0.0,
                2.461696940447138e-10,
                0.9999999992326891
            ],
            [
                3.7010116731139794e-13,
                1.783247288174857e-11,
                0.9999999985624548,
                1.6918979201105751e-10,
                1.2501528645361125e-09
            ],
            [
                0.0,
                3.0988193718029283e-12,
                2.5946096934328846e-11,
                8.315279886406542e-07,
                0.9999991684429664
            ],
            [
                3.5817479098368076e-10,
                0.0,
                0.0,
