{
    "[['E', 'D', 'C', 'B', 'A'], ['E', 'D', 'C', 'B', 'A']]": [
        [
            [
                8.592166583302254e-10,
                0.0,
                0.0,
                6.691586063355752e-10,
                0.9999999984716248
            ],
            [
                1.1399918476060615e-12,
                0.0,
                0.0,
                4.058652107114026e-10,
                0.9999999995929949
            ],
            [
                2.014269224911452e-11,
                8.564890688266276e-10,
                1.064315586490004e-06,
                0.003172680056677103,
                0.9968262547511046
            ],
            [
                0.0,
                6.198814516404668e-11,
                8.557199485737786e-10,
                0.004070137777682888,
                0.9959298613046091
            ],
            [
                2.413362759131802e-12,
                0.0,
                0.0,
                3.160881437678126e-10,
                0.9999999996814986
            ]
        ],
        [
            [
                3.1608814457091097e-10,
                0.0,
                0.0,
                7.05287983191274e-11,
                0.999999999613383
            ],
            [
                2.4133627676727607e-12,
                0.0,
                0.0,
                1.1628233010174784e-10,
                0.9999999998813043
            ],
            [
                1.3886567154669674e-11,
                2.3353615117272826e-09,
                0.9999016353246681,
                2.260107496189697e-06,
                9.610221858756224e-05
            ],
            [
                2.8987282166456075e-11,
                4.5343738425296494e-10,
                7.092954084398314e-09,
                0.014063627201541385,
                0.9859363652230799
            ],
            [
                5.789356299166238e-12,
                0.0,
                0.0,
                1.2501528600026066e-09,
                0.9999999987440578
            ]
        ],
        [
            [
                5.4927883373850763e-11,
                0.0,
                0.0,
                7.991959873210271e-11,
                0.9999999998651525
            ],
            [
                0.0,
                0.0,
                1.139991826166496e-12,
                2.2159489250906413e-08,
                0.9999999778393708
            ],
            [
                1.658656311122562e-12,
                1.0815797787624215e-11,
                1.6918754332562244e-10,
                1.3007124756056794e-05,
                0.9999869926935819
            ],
            [
                0.0,
                1.3887573985460766e-11,
                3.775034000605856e-11,
                2.7535689707643106e-05,
                0.9999724642586545
            ],
            [
                5.602796342772975e-09,
                5.789356230810932e-12,
                6.560200057196199e-12,
                2.061153587576723e-09,
                0.9999999923237005
            ]
        ],
        [
            [
                1.3440409745694089e-08,
                0.0,
                0.0,
                2.594609458617037e-11,
                0.9999999865336442
            ],
            [
                5.7893563025710916e-12,
                0.0,
                0.0,
                1.4930946694505247e-10,
                0.9999999998449012
            ],
            [
                1.588172805563427e-10,
                1.1133950941182016e-08,
                5.767523876418428e-06,
                0.2689398669650083,
                0.731054354218347
            ],
            [
                0.0,
                4.267210162404979e-11,
                5.198526203255115e-10,
                0.0024726229650694023,
                0.9975273764724059
            ],
            [
                1.3176514136836786e-10,
                4.508755196696212e-12,
                1.0815941447900306e-11,
                4.363462208814487e-09,
                0.9999999954894478
            ]
        ],
        [
            [
                5.211412477751384e-10,
                0.0,
                0.0,
                7.433680657892313e-12,
                0.999999999471425
            ],
            [
                5.789356308705355e-12,
                0.0,
                0.0,
                5.492788331955211e-11,
                0.9999999999392828
            ],
            [
                3.7498668092980316e-11,
                8.5346575194321e-10,
                3.038548547297127e-07,
                0.006692848593493972,
                0.9933068466606869
            ],
            [
                0.0,
                3.978818816521637e-12,
                1.5736533685943126e-11,
                3.53562574630262e-05,
                0.9999646437228216
            ],
            [
                2.461696932490754e-10,
                4.508755206900529e-12,
                8.423463688343398e-12,
                2.646573618133181e-09,
                0.9999999970943245
            ]
        ],
        [
            [
                3.3315445287938704e-11,
                3.5114220992819567e-12,
                4.5087552241970576e-12,
                9.73620027392927e-10,
                0.9999999989850443
            ],
            [
                5.789356301605551e-12,
                0.0,
                0.0,
                3.160881439503889e-10,
                0.9999999996781226
            ],
            [
                1.8506993232826064e-09,
                8.917168712126656e-08,
                0.05740055574194974,
                0.044703597815547516,
                0.8978957554201163
            ],
            [
                5.0886978010844414e-11,
                7.960062647224172e-10,
                1.4109548645545316e-08,
                0.18242551213554137,
                0.8175744729080168
            ],
            [
                1.658678355030002e-12,
                0.0,
                0.0,
                5.211412475684654e-10,
                0.9999999994772
            ]
        ],
        [
            [
                1.388794379344034e-11,
                0.0,
                0.0,
                1.9171715038847724e-10,
                0.9999999997943949
            ],
            [
                0.0,
                0.0,
                1.1399918502962544e-12,
                5.905303984708524e-10,
                0.9999999994083295
            ],
            [
                0.0,
                1.8961085114377605e-10,
                2.038508760869897e-09,
                0.01098694233893066,
                0.9890130554329497
            ],
            [
                2.5349937587509412e-11,
                2.4051351129846506e-10,
                2.281928660274868e-09,
                0.022977367768395006,
                0.9770226296838128
            ],
            [
                2.2897348336329298e-11,
                0.0,
                0.0,
                2.789468078234554e-10,
                0.9999999996981559
            ]
        ],
        [
            [
                2.940077726977529e-11,
                0.0,
                0.0,
                7.582560396171879e-10,
                0.9999999992123432
            ],
            [
                2.4133627653491393e-12,
                0.0,
                0.0,
                3.775134534136299e-11,
                0.9999999999598352
            ],
            [
                5.0087746369836395e-14,
                9.545034921202013e-12,
                0.9999999999446103,
                2.2897348452524696e-11,
                2.2897348452524696e-11
            ],
            [
                5.7892793534821236e-12,
                2.020657042020557e-11,
                7.052786076062129e-11,
                1.3007124709112648e-05,
                0.9999869927787671
            ],
            [
                9.545034841519408e-12,
                0.0,
                0.0,
                3.5817478997676186e-10,
                0.9999999996322801
            ]
        ],
        [
            [
                3.160881445515549e-10,
                0.0,
                0.0,
                1.3176514233419345e-10,
                0.9999999995521467
            ],
            [
                0.0,
                0.0,
                2.734698269024858e-12,
                2.6465736170693143e-09,
                0.9999999973506917
            ],
            [
                1.0815797765873792e-11,
                1.162807843988443e-10,
                2.6465384543106956e-09,
                1.3007124729899643e-05,
                0.999986990101635
            ],
            [
                1.3692622631518454e-11,
                2.75023677440639e-10,
                2.302745058018249e-09,
                0.014063627243385328,
                0.9859363701651533
            ],
            [
                1.5737102039628585e-11,
                0.0,
                0.0,
                4.058652109135734e-10,
                0.9999999995783977
            ]
        ],
        [
            [
                2.413362765997881e-12,
                0.0,
                0.0,
                7.991959873629964e-11,
                0.999999999917667
            ],
            [
                4.508755230764378e-12,
                0.0,
                0.0,
                2.1724399295233368e-10,
                0.9999999997782472
            ],
            [
                7.985026847325925e-11,
                2.9963592186788685e-09,
                0.0007095579724019193,
                0.00015832385951131665,
                0.9991321150918773
            ],
            [
                0.0,
                9.538264852032452e-12,
                2.9379924106673006e-11,
                0.0007096703403030455,
                0.9992903296207788
            ],
            [
                1.139991850289391e-12,
                0.0,
                0.0,
                7.991959873640141e-11,
                0.9999999999189404
            ]
        ],
        [
            [
                1.493094671243882e-10,
                0.0,
                0.0,
                1.6918979170023266e-10,
                0.9999999996815008
            ],
            [
                2.7346982784088318e-12,
                0.0,
                0.0,
                1.8189616787844551e-09,
                0.9999999981783037
            ],
            [
                1.2241722785393763e-11,
                1.0249868996017374e-10,
                1.5212154380864937e-08,
                0.0011695103280836923,
                0.9988304743450215
            ],
            [
                1.7759900905669538e-11,
                4.5803388125288233e-10,
                2.9867560906328075e-09,
                0.004070137756690413,
                0.9959298587807597
            ],
            [
                7.991959851513039e-11,
                0.0,
                4.508755218915473e-12,
                1.250152859904296e-09,
                0.9999999986654189
            ]
        ],
        [
            [
                1.3176514227650135e-10,
                0.0,
                0.0,
                9.056076960500646e-11,
                0.9999999997776741
            ],
            [
                9.056076922458677e-11,
                4.5087552088308505e-12,
                4.5087552088308505e-12,
                9.7362002407475e-10,
                0.9999999989268016
            ],
            [
                3.6128037754289206e-09,
                3.252145419644142e-07,
                0.7306788930971927,
                0.05997777447000057,
                0.209343003605461
            ],
            [
                0.0,
                2.5945552677614334e-11,
                1.3176238864815526e-10,
                2.1444939629802344e-05,
                0.9999785549026623
            ],
            [
                3.33154452635366e-11,
                0.0,
                3.0988191240136746e-12,
                8.592166578392483e-10,
                0.9999999991043691
            ]
        ],
        [
            [
                3.098819130448353e-12,
                0.0,
                0.0,
                2.0206839036272353e-11,
                0.9999999999766944
            ],
            [
                7.433680631667465e-12,
                0.0,
                0.0,
                5.211412459366347e-10,
                0.999999999471425
            ],
            [
                1.0060336366947112e-12,
                1.3176440366769014e-10,
                0.9999938404653026,
                1.5229894324081503e-08,
                6.144172032644199e-06
            ],
            [
                0.0,
                1.781982472725086e-11,
                2.4599509243004734e-10,
                0.0007096703451533445,
                0.9992903293910317
            ],
            [
                3.5817478580252223e-10,
                1.0815941339085564e-11,
                1.573710178938359e-11,
                1.3440409679989032e-08,
                0.9999999861748626
            ]
        ],
        [
            [
                0.0,
                0.0,
                4.752193053320815e-13,
                1.6918979192505772e-10,
                0.999999999830335
            ],
            [
                1.1399918503469822e-12,
                0.0,
                0.0,
                2.940077732327855e-11,
                0.9999999999694593
            ],
            [
                7.612930596749112e-11,
                2.8567311307626644e-09,
                6.16882155602646e-07,
                0.04742583941754228,
                0.9525735407674416
            ],
            [
                5.7852500689680405e-12,
                2.937992408509467e-11,
                1.0254601112117373e-10,
                0.0007096703442873793,
                0.9992903295180015
            ],
            [
                2.020683895741679e-11,
                0.0,
                2.413362755971873e-12,
                1.6052280446355735e-09,
                0.9999999983721517
            ]
        ],
        [
            [
                1.2501528618672566e-09,
                0.0,
                0.0,
                2.9400777286556605e-11,
                0.9999999987204464
            ],
            [
                6.224144593829367e-11,
                0.0,
                0.0,
                2.4616969403146484e-10,
                0.9999999996915889
            ],
            [
                9.542523030625248e-12,
                2.645877160816083e-09,
                0.9997370476540846,
                1.7598830555799888e-06,
                0.00026118980744021955
            ],
            [
                0.0,
                1.1399919968771567e-12,
                2.7346986366288282e-12,
                1.8553915967107543e-07,
                0.9999998144569656
            ],
            [
                2.5946094770169944e-11,
                0.0,
                0.0,
                1.8189616726490053e-09,
                0.9999999981550922
            ]
        ],
        [
            [
                8.592166575989479e-10,
                0.0,
                0.0,
                3.160881438426955e-10,
                0.9999999988246953
            ],
            [
                3.978962517325515e-12,
                0.0,
                0.0,
                1.2501528605705317e-09,
                0.9999999987458681
            ],
            [
                1.1974462467596e-11,
                3.499450892807723e-10,
                1.686129865526709e-08,
                0.02297736741571617,
                0.9770226153610657
            ],
            [
                0.0,
                8.423448790311879e-12,
                2.594604888991686e-11,
                1.3709566508958707e-06,
                0.9999986290089796
            ],
            [
                2.1724399217476803e-10,
                0.0,
                7.433680626734863e-12,
                2.061153609790138e-09,
                0.9999999977141687
            ]
        ],
        [
            [
                3.5114221068268286e-12,
                0.0,
                0.0,
                4.2777878609898505e-11,
                0.9999999999537108
            ],
            [
                3.0988191293080077e-12,
                0.0,
                0.0,
                9.73620028343223e-10,
                0.9999999990232811
            ],
            [
                3.9663388105782005e-12,
                7.03050376269123e-11,
                3.838524992440009e-09,
                0.003172683056958098,
                0.9968273130302455
            ],
            [
                0.0,
                1.4637786254446498e-12,
                5.789356769004813e-12,
                8.315279893331445e-07,
                0.9999991684647574
            ],
            [
                7.052879806974802e-11,
                0.0,
                5.10908899609033e-12,
                1.8189616761698712e-09,
                0.9999999981054004
            ]
        ],
        [
            [
                8.592166595163638e-10,
                0.0,
                0.0,
                1.162823299772633e-10,
                0.999999999024501
            ],
            [
                5.492788314652214e-11,
                0.0,
                4.508755212495943e-12,
                1.6052280445764748e-09,
                0.9999999983353354
            ],
            [
                8.421745014707361e-12,
                1.1030309218587297e-09,
                0.9997962661922001,
                3.058399036034285e-07,
                0.00020342685644362027
            ],
            [
                0.0,
                6.5599004675633145e-12,
                4.277592439634931e-11,
                4.539785568160194e-05,
                0.9999546020949827
            ],
            [
                3.0988191332752286e-12,
                0.0,
                0.0,
                1.4930946735728467e-10,
                0.9999999998475917
            ]
        ],
        [
            [
                1.4930946737661674e-10,
                0.0,
                0.0,
                6.22414461277388e-11,
                0.999999999788449
            ],
            [
                9.545034873480968e-12,
                0.0,
                0.0,
                2.1724399238448101e-10,
                0.999999999773211
            ],
            [
                3.5046575912939337e-12,
                6.212154220618516e-11,
                6.678695193980953e-10,
                0.0019267343338882732,
                0.998073264932616
            ],
            [
                0.0,
                1.458788190523138e-10,
                2.0137949797835237e-09,
                0.022977367746029043,
                0.9770226300942971
            ],
            [
                1.8795288134208745e-12,
                0.0,
                1.139991851153066e-12,
                4.058652119742237e-10,
                0.9999999995911153
            ]
        ],
        [
            [
                1.2256067381924591e-11,
                0.0,
                0.0,
                1.1628232971231076e-10,
                0.9999999998714617
            ],
            [
                2.1297851671721205e-12,
                0.0,
                0.0,
                1.6918979196093934e-10,
                0.9999999998286804
            ],
            [
                6.556573163785692e-12,
                7.048980453933435e-11,
                2.06001405154129e-09,
                0.0005527785807854626,
                0.9994472192821542
            ],
            [
                0.0,
                5.10878730837336e-12,
                1.5736172744790217e-11,
                5.8291276702558274e-05,
                0.9999417087024525
            ],
            [
                4.193795643121079e-13,
                0.0,
                0.0,
                1.81896168093504e-09,
                0.9999999981806189
            ]
        ],
        [
            [
                1.8795288138103764e-12,
                0.0,
                0.0,
                3.331544537329663e-11,
                0.999999999964805
            ],
            [
                9.54503489269917e-12,
                0.0,
                0.0,
                1.4930946714822467e-10,
                0.9999999998411455
            ],
            [
                8.396739289646862e-12,
                2.1655476047604275e-10,
                8.12615743575721e-09,
                0.0031726830441488312,
                0.9968273086047422
            ],
            [
                2.129765020424711e-12,
                5.109040689452171e-12,
                2.2897131817830248e-11,
                1.0129988094087583e-05,
                0.99998986998177
            ],
            [
                1.3887943802746463e-11,
                0.0,
                0.0,
                1.0261879585728987e-10,
                0.9999999998834932
            ]
        ],
        [
            [
                2.289734835366983e-11,
                0.0,
                0.0,
                1.0261879585636535e-10,
                0.999999999874484
            ],
            [
                6.56020013514987e-12,
                0.0,
                0.0,
                7.99195985274694e-11,
                0.9999999999135203
            ],
            [
                1.572593999194207e-11,
                2.1708990526440372e-10,
                9.230897663133571e-09,
                0.0007096703333003948,
                0.999290320202986
            ],
            [
                0.0,
                2.4133583558049387e-12,
                8.423448341015457e-12,
                2.260325270976849e-06,
                0.9999977396638923
            ],
            [
                3.5114220993578267e-12,
                0.0,
                0.0,
                5.905303975368236e-10,
                0.9999999994059581
            ]
        ],
        [
            [
                6.691586074490091e-10,
                0.0,
                0.0,
                2.2897348398959886e-11,
                0.999999999307944
            ],
            [
                5.7893562970483556e-12,
                0.0,
                0.0,
                1.1032560263059769e-09,
                0.9999999988909547
            ],
            [
                1.9133906311124314e-10,
                4.9346994770762165e-09,
                4.531039588127948e-05,
                0.0019266470744292582,
                0.9980280374036509
            ],
            [
                0.0,
                2.68534438982007e-10,
                2.54778382002602e-09,
                0.0373268837645471,
                0.9626731134191346
            ],
            [
                1.0815941511120003e-11,
                0.0,
                0.0,
                8.592166582500159e-10,
                0.9999999991299673
            ]
        ],
        [
            [
                1.3176514211559953e-10,
                0.0,
                0.0,
                4.599055358221415e-10,
                0.9999999994083293
            ],
            [
                9.545034878437563e-12,
                0.0,
                0.0,
                2.789468079892447e-10,
                0.9999999997115081
            ],
            [
                1.3843882035693292e-11,
                4.584464104748047e-10,
                6.45539997596403e-07,
                0.00317268138660233,
                0.9968266726011097
            ],
            [
                7.369911549656055e-12,
                1.0173849073197972e-10,
                6.634182956386213e-10,
                0.008577485664454269,
                0.991422513563019
            ],
            [
                3.978962503121566e-12,
                0.0,
                3.978962503121566e-12,
                3.850741891106193e-09,
                0.9999999961413002
            ]
        ],
        [
            [
                2.020683903367241e-11,
                0.0,
                0.0,
                1.317651423322039e-10,
                0.999999999848028
            ],
            [
                3.978962524882473e-12,
                0.0,
                0.0,
                1.0261879603449176e-10,
                0.9999999998934022
            ],
            [
                1.0594925129175e-09,
                3.975716323689917e-08,
                0.010668324283433466,
                0.02899951897830304,
                0.9603321159216077
            ],
            [
                1.7422740299864283e-11,
                3.4994509359603383e-10,
                5.474062278800533e-09,
                0.02297736764745987,
                0.97702262651111
            ],
            [
                6.224144605660326e-11,
                0.0,
                0.0,
                6.224144605660326e-11,
                0.9999999998755171
            ]
        ],
        [
            [
                1.5229979476115163e-08,
                0.0,
                0.0,
                7.052879726726856e-11,
                0.9999999846994916
            ],
            [
                1.0060392768483652e-12,
                0.0,
                0.0,
                3.5817479216141524e-10,
                0.9999999996408191
            ],
            [
                5.789180103198868e-12,
                9.735903947234118e-10,
                0.9999702031204495,
                2.2602627590736765e-06,
                2.7535637412018034e-05
            ],
            [
                0.0,
                1.3878093468049979e-11,
                3.772456928785643e-11,
                0.0007096703429329294,
                0.9992903296054645
            ],
            [
                4.8473686444445045e-11,
                0.0,
                8.423463647031602e-12,
                6.348800035067926e-09,
                0.9999999935943028
            ]
        ],
        [
            [
                1.1032560268002144e-09,
                0.0,
                0.0,
                7.052879815674776e-11,
                0.9999999988262152
            ],
            [
                1.8795288082363604e-12,
                0.0,
                0.0,
                1.416608780385399e-09,
                0.9999999985815118
            ],
            [
                2.248550294936742e-11,
                5.799087642732329e-10,
                9.071299325940636e-09,
                0.017986211372802173,
                0.9820137789535042
            ],
            [
                0.0,
                2.2824703991819636e-11,
                1.1591341127005704e-10,
                0.0031726830770975427,
                0.9968273167841644
            ],
            [
                1.1628232894559367e-10,
                0.0,
                0.0,
                3.398267779848939e-09,
                0.9999999964854498
            ]
        ],
        [
            [
                3.5114221010231126e-12,
                0.0,
                0.0,
                1.162823298931213e-10,
                0.9999999998802063
            ],
            [
                1.0815941514171928e-11,
                0.0,
                2.7346982806910077e-12,
                9.736200274199791e-10,
                0.9999999990128294
            ],
            [
                2.940049872634431e-11,
                2.7894416537275014e-10,
                1.5229835391891607e-08,
                1.012998792284569e-05,
                0.9999898544738971
            ],
            [
                0.0,
                4.2775924264194734e-11,
                1.4930264600445318e-10,
                4.539785554134701e-05,
                0.9999546019523801
            ],
            [
                3.850741881862566e-09,
                4.508755194399934e-12,
                3.9789624935701475e-12,
                1.818961668230868e-09,
                0.9999999943218089
            ]
        ],
        [
            [
                1.2501528627997179e-09,
                0.0,
                0.0,
                1.3887943825115776e-11,
                0.9999999987359591
            ],
            [
                1.3887943841223365e-11,
                0.0,
                0.0,
                2.7894680881004864e-10,
                0.9999999997071654
            ],
            [
                2.589611155443159e-11,
                5.893927823091283e-10,
                2.3777779229761626e-07,
                0.0019267343316176774,
                0.9980730272753011
            ],
            [
                0.0,
                1.8262471895067951e-10,
                1.0509326963783748e-09,
                0.04742587534355281,
                0.9525741234228897
            ],
            [
                1.2256068028265356e-11,
                4.50875545719744e-12,
                1.7832473758102718e-11,
                1.4449803149819196e-07,
                0.9999998554673712
            ]
        ],
        [
            [
                2.7346982834824103e-12,
                0.0,
                0.0,
                3.160881444940426e-10,
                0.9999999996811773
            ],
            [
                4.5087552207707664e-12,
                0.0,
                0.0,
                4.0586521071003527e-10,
                0.999999999589626
            ],
            [
                1.2015425424856712e-13,
                2.0206838574070377e-11,
                0.9999999745115071,
                3.5817478387930865e-10,
                2.510999091604474e-08
            ],
            [
                0.0,
                7.432972098005035e-12,
                3.331226981175696e-11,
                9.610239910122586e-05,
                0.9999038975601535
            ],
            [
                1.3176514186683555e-10,
                0.0,
                3.978962510649025e-12,
                1.2501528584728407e-09,
                0.999999998614103
            ]
        ],
        [
            [
                5.905303974106081e-10,
                0.0,
                0.0,
                2.1724399259416432e-10,
                0.9999999991922257
            ],
            [
                1.4637785099317716e-12,
                0.0,
                0.0,
                2.1724399288543653e-10,
                0.9999999997812923
            ],
            [
                4.847359614821342e-11,
                1.6052250445112142e-09,
                0.9999981697473851,
                6.825590574621578e-08,
                1.7603430105507957e-06
            ],
            [
                0.0,
                1.3887866138248786e-11,
                7.052840378229126e-11,
                6.144172106446545e-06,
                0.9999938557434773
            ],
            [
                2.7346982779013443e-12,
                0.0,
                0.0,
                1.6052280471494699e-09,
                0.9999999983920373
            ]
        ],
        [
            [
                1.573710203492992e-11,
                0.0,
                0.0,
                1.917171504995081e-10,
                0.9999999997925457
            ],
            [
                3.97896251703419e-12,
                0.0,
                0.0,
                3.5817479133572154e-10,
                0.9999999996378461
            ],
            [
                3.733659254223555e-11,
                8.497769294110336e-10,
                5.957396203906277e-08,
                0.010986943015011194,
                0.9890129965239133
            ],
            [
                0.0,
                2.5927692002332914e-11,
                1.4920356577927736e-10,
                0.0007096703428528872,
                0.9992903294820158
            ],
            [
                4.8473686720164215e-11,
                3.978962507719981e-12,
                8.423463694944409e-12,
                2.061153607873457e-09,
                0.9999999978779703
            ]
        ],
        [
            [
                3.160881439859945e-10,
                0.0,
                0.0,
                4.058652107916714e-10,
                0.9999999992780466
            ],
            [
                3.0988191237917907e-12,
                0.0,
                0.0,
                1.4166087798180096e-09,
                0.9999999985802923
            ],
            [
                3.51142223108728e-12,
                2.78946818637817e-10,
                0.999999839989532,
                1.5229980255255812e-08,
                1.4449802945482331e-07
            ],
            [
                7.433482678434942e-12,
                4.277673931336397e-11,
                1.6918528594072738e-10,
                2.753568966435508e-05,
                0.9999724640909402
            ],
            [
                1.9171715106110037e-10,
                0.0,
                0.0,
                3.33154453669721e-11,
                0.9999999997749673
            ]
        ],
        [
            [
                1.2256067381276151e-11,
                0.0,
                0.0,
                1.691897913942637e-10,
                0.999999999818554
            ],
            [
                1.879528807925981e-12,
                0.0,
                0.0,
                2.1724399251236246e-10,
                0.9999999997808764
            ],
            [
                1.879521890526185e-12,
                1.49308917418363e-10,
                0.9999962409676235,
                3.2241748562157335e-08,
                3.726639439462437e-06
            ],
            [
                0.0,
                4.508755573350654e-12,
                2.594609688785943e-11,
                8.315279871513889e-07,
                0.999999168441558
            ],
            [
                4.847368684834046e-11,
                0.0,
                1.8795288082273624e-12,
                5.211412464842442e-10,
                0.9999999994285056
            ]
        ],
        [
            [
                9.545034873724623e-12,
                0.0,
                0.0,
                1.9171715038930985e-10,
                0.9999999997987379
            ],
            [
                5.109089013842442e-12,
                0.0,
                0.0,
                1.3176514233419325e-10,
                0.9999999998631257
            ],
            [
                7.422516431295201e-12,
                2.78527874231942e-10,
                3.219344506397752e-08,
                0.0015011819751694203,
                0.9984987855454351
            ],
            [
                0.0,
                1.5728401403269087e-11,
                5.48975150700332e-11,
                0.0005527785817546243,
                0.9994472213476194
            ],
            [
                5.10908900201275e-12,
                0.0,
                0.0,
                1.49309466858407e-10,
                0.9999999998455815
            ]
        ],
        [
            [
                6.691586062943099e-10,
                0.0,
                0.0,
                1.691897915447208e-10,
                0.9999999991616515
            ],
            [
                5.789356290111722e-12,
                0.0,
                0.0,
                3.1608814332284716e-10,
                0.9999999996781226
            ],
            [
                5.00865108298631e-10,
                3.5113354947344e-08,
                0.8481609527723735,
                0.004450740585928781,
                0.1473882710274777
            ],
            [
                5.785250063092421e-12,
                7.986291368090865e-11,
                8.586072380619267e-10,
                0.0007096703390610661,
                0.9992903287166836
            ],
            [
                5.789356298461186e-12,
                0.0,
                0.0,
                8.592166574250238e-10,
                0.9999999991349939
            ]
        ],
        [
            [
                7.582560406310629e-10,
                0.0,
                0.0,
                2.940077730908748e-11,
                0.9999999992123432
            ],
            [
                5.7893562966531596e-12,
                0.0,
                0.0,
                5.905303966224108e-10,
                0.9999999994036803
            ],
            [
                2.010135664043326e-11,
                2.7749066898345337e-10,
                8.10946605701717e-09,
                0.005220125648552825,
                0.9947798659443892
            ],
            [
                1.0781626739182336e-11,
                9.027345544242554e-11,
                7.558503883184534e-10,
                0.0031726830692888628,
                0.9968273160738056
            ],
            [
                6.224144612351046e-11,
                0.0,
                0.0,
                2.172439931394354e-10,
                0.9999999997205145
            ]
        ],
        [
            [
                1.7832472870712585e-11,
                0.0,
                0.0,
                2.0206839047804116e-11,
                0.9999999999619607
            ],
            [
                1.1628232996990497e-10,
                0.0,
                0.0,
                4.0586521148771187e-10,
                0.9999999994778526
            ],
            [
                9.544307027971457e-12,
                1.1031718991358897e-09,
                0.9999245051462294,
                6.475464501651874e-07,
                7.484619460413025e-05
            ],
            [
                0.0,
                7.433652531499494e-12,
                2.0206762595453656e-11,
                2.9023121895202313e-06,
                0.9999970976601701
            ],
            [
                1.917171502628506e-10,
                0.0,
                0.0,
                6.691586052445942e-10,
                0.9999999991391242
            ]
        ],
        [
            [
                2.2897348377255513e-11,
                0.0,
                0.0,
                3.7751345312212226e-11,
                0.9999999999393514
            ],
            [
                1.3887943810309033e-11,
                0.0,
                2.129785162574171e-12,
                5.211412467379407e-10,
                0.999999999462841
            ],
            [
                2.5349937719282586e-11,
                9.512493950292062e-10,
                2.32762830554828e-07,
                0.022977362341678187,
                0.977022403918892
            ],
            [
                0.0,
                1.0814601130422504e-11,
                4.846767968628022e-11,
                0.00012339462750544147,
                0.9998766053132123
            ],
            [
                3.331544496718611e-11,
                0.0,
                7.433680570944437e-12,
                9.237449535956437e-09,
                0.9999999907218012
            ]
        ],
        [
            [
                1.5737102043666027e-11,
                0.0,
                0.0,
                1.4930946702012115e-10,
                0.9999999998349534
            ],
            [
                1.1399918489988466e-12,
                0.0,
