{
    "[['E', 'D', 'C', 'B', 'A'], ['E', 'D', 'C', 'B', 'A']]": [
        [
            [
                0.9999994956424448,
                5.043472047303814e-07,
                3.0988192809339117e-12,
                6.560200469216767e-12,
                6.914400424258259e-13
            ],
            [
                0.9999898699761117,
                1.012998809551833e-05,
                7.433610341137878e-12,
                2.594584950270611e-11,
                2.4133399386309565e-12
            ],
            [
                3.26613134239605e-13,
                2.5946094979655415e-11,
                0.9999999999350928,
                2.2897348453711626e-11,
                1.5737102104977045e-11
            ],
            [
                3.2716213960429356e-11,
                9.561079210271877e-10,
                1.7862447583279701e-09,
                0.01798621148840758,
                0.9820137857365235
            ],
            [
                1.6586783521639998e-12,
                0.0,
                0.0,
                2.1724399262379587e-10,
                0.9999999997810973
            ]
        ],
        [
            [
                0.9999994956342899,
                5.043472048798229e-07,
                5.109089264045274e-12,
                1.225606801019075e-11,
                1.1399919056990454e-12
            ],
            [
                0.999964643716996,
                3.535625750347292e-05,
                5.789147224982983e-12,
                1.783182882325965e-11,
                1.879460930491469e-12
            ],
            [
                1.2917800044247207e-12,
                1.6918979221419531e-10,
                0.9999999997688012,
                5.492788349418502e-11,
                5.789356327111528e-12
            ],
            [
                0.0,
                1.9104267403908308e-09,
                9.701947527538683e-09,
                0.4378234937395934,
                0.5621764946480322
            ],
            [
                1.0060392748385613e-12,
                6.101936650646518e-13,
                8.878265439234827e-13,
                2.9989608116076775e-09,
                0.9999999969985351
            ]
        ],
        [
            [
                0.9999999827163158,
                1.725782767659551e-08,
                6.560200049795039e-12,
                1.783247258641398e-11,
                1.4637784877165044e-12
            ],
            [
                0.9999898699772645,
                1.0129988099927411e-05,
                6.560138103930299e-12,
                2.5945849513999056e-11,
                2.1297650216524975e-12
            ],
            [
                1.4637785131085499e-12,
                5.90530399483972e-10,
                0.9999999993343782,
                7.05287984621025e-11,
                3.0988191365680767e-12
            ],
            [
                1.139961496186213e-12,
                6.560025476496678e-12,
                5.789202163884353e-12,
                2.7535689821180297e-05,
                0.9999724642966896
            ],
            [
                8.878265438209687e-13,
                0.0,
                0.0,
                1.6918979149448436e-10,
                0.9999999998299223
            ]
        ],
        [
            [
                0.9999994956317368,
                5.043472049531875e-07,
                6.560200472114874e-12,
                1.3887944508449665e-11,
                6.101936960333184e-13
            ],
            [
                0.9999962733326556,
                3.726639113651614e-06,
                6.560175420453554e-12,
                2.0206762861938967e-11,
                1.4637729921675944e-12
            ],
            [
                1.0060392789102708e-12,
                5.4927883489179205e-11,
                0.999999999658594,
                1.6918979219877633e-10,
                1.1628233025909142e-10
            ],
            [
                1.4033793806034705e-10,
                1.622086016272599e-08,
                1.0035481253658943e-06,
                0.9399123970330198,
                0.06008658305765672
            ],
            [
                2.289734819917066e-11,
                3.978962491127834e-12,
                3.978962491127834e-12,
                5.602796374581737e-09,
                0.9999999943663483
            ]
        ],
        [
            [
                0.9999998874511005,
                1.1253518377532658e-07,
                4.508755605128861e-12,
                8.423464432331868e-12,
                7.835042415575402e-13
            ],
            [
                0.9999989322803076,
                1.0677030760684234e-06,
                4.508746998415531e-12,
                1.0815921781247327e-11,
                1.2917776428750334e-12
            ],
            [
                2.6810038675595497e-14,
                2.4133627716331472e-12,
                0.9999999999970202,
                4.752193062377199e-13,
                6.431393940918841e-14
            ],
            [
                7.83504207814829e-13,
                1.879528886846256e-12,
                5.109089219178035e-12,
                3.9278636924098746e-07,
                0.9999996072058587
            ],
            [
                5.905303834963264e-10,
                2.7346982156537095e-12,
                3.978962425347862e-12,
                2.5109990860175816e-08,
                0.999999974292765
            ]
        ],
        [
            [
                0.9999991684401395,
                8.315279896377486e-07,
                6.5602006694528855e-12,
                2.2897350206161337e-11,
                2.413362956250849e-12
            ],
            [
                0.9999785550277875,
                2.1444939752374652e-05,
                7.433525341812872e-12,
                2.289687000471117e-11,
                2.1297406680111718e-12
            ],
            [
                1.1399918517139256e-12,
                1.3176514254717788e-10,
                0.9999999988706993,
                5.905303992052242e-10,
                4.058652121739035e-10
            ],
            [
                7.542964288437598e-10,
                1.437433186720493e-07,
                2.5479112880884896e-06,
                0.994777196717457,
                0.005220110873639892
            ],
            [
                7.835041771311376e-13,
                0.0,
                0.0,
                1.4930946735763036e-10,
                0.999999999849907
            ]
        ],
        [
            [
                0.999998629018584,
                1.3709566542108904e-06,
                5.789346058024973e-12,
                1.783244127214571e-11,
                1.1399898306224948e-12
            ],
            [
                0.9999417086927025,
                5.82912775290176e-05,
                7.433241678277162e-12,
                2.0205645780605226e-11,
                2.129659397047497e-12
            ],
            [
                1.2015425730784478e-13,
                2.0206839088561774e-11,
                0.9999999999407272,
                2.940077739042886e-11,
                9.545034922056312e-12
            ],
            [
                1.006031655568869e-12,
                7.43362434029845e-12,
                2.5945898364577627e-11,
                7.889265042298274e-06,
                0.9999921107005721
            ],
            [
                4.508755232216533e-12,
                4.1937956490052724e-13,
                0.0,
                1.6918979188332793e-10,
                0.9999999998258822
            ]
        ],
        [
            [
                0.9999998874509762,
                1.1253518376646416e-07,
                3.51142239567541e-12,
                9.545035690208594e-12,
                7.835042414958373e-13
            ],
            [
                0.9999998144412404,
                1.8553915974869989e-07,
                6.56020099859901e-12,
                1.2256068995575428e-11,
                7.835042776889779e-13
            ],
            [
                3.2661313423831037e-13,
                2.5946094979552566e-11,
                0.9999999999095164,
                4.847368705670156e-11,
                1.5737102104914664e-11
            ],
            [
                5.492107871481662e-11,
                9.236305271457725e-09,
                1.8551615056369703e-07,
                0.999876410677281,
                0.00012339451534204115
            ],
            [
                2.12978515877084e-12,
                0.0,
                0.0,
                1.1628232963693423e-10,
                0.9999999998815878
            ]
        ],
        [
            [
                0.9999999778305309,
                2.2159489275097505e-08,
                2.4133627175674075e-12,
                6.560200020644023e-12,
                1.0060392566619632e-12
            ],
            [
                0.9999546021017847,
                4.539785641397148e-05,
                8.423078938892984e-12,
                2.939943425451029e-11,
                3.978780761830323e-12
            ],
            [
                6.101936676772299e-13,
                4.277787868385003e-11,
                0.9999999999184097,
                2.5946094979222554e-11,
                1.2256067442426308e-11
            ],
            [
                0.0,
                1.9842160041434027e-09,
                1.6613637196994213e-08,
                0.9626730981674569,
                0.03732688323468995
            ],
            [
                1.3887943802727742e-11,
                1.006039274774936e-12,
                8.878265438673336e-13,
                1.8189616794017018e-09,
                0.9999999981652565
            ]
        ],
        [
            [
                0.9999999748798407,
                2.5109990913586978e-08,
                2.7346982214706536e-12,
                7.433680481742947e-12,
                0.0
            ],
            [
                0.9984988178171409,
                0.0015011820402381745,
                2.935662292808693e-11,
                1.0246468209191105e-10,
                1.0799698037465371e-11
            ],
            [
                1.5428112030094125e-13,
                8.423463753472366e-12,
                0.9999999999843443,
                3.0988191383553143e-12,
                3.97896253536663e-12
            ],
            [
                0.0,
                5.1080469060779455e-12,
                9.543087982654293e-12,
                0.00020342706073033103,
                0.9997965729246185
            ],
            [
                3.97896250958027e-12,
                0.0,
                0.0,
                2.461696935570773e-10,
                0.9999999997498514
            ]
        ],
        [
            [
                0.9999970976478612,
                2.90231219894665e-06,
                6.560175355245231e-12,
                2.9400666189103685e-11,
                3.97894748604745e-12
            ],
            [
                0.9999417086982675,
                5.8291277734116536e-05,
                4.508488977581321e-12,
                1.7831419810775876e-11,
                1.6585804056002238e-12
            ],
            [
                1.00603927886091e-12,
                1.9171715129533468e-10,
                0.9999999996178801,
                1.691897921904751e-10,
                2.02068390817379e-11
            ],
            [
                6.914334688917456e-13,
                3.5113888913633016e-12,
                3.09878982039807e-12,
                1.0129988095806943e-05,
                0.9999898700046026
            ],
            [
                4.508755228265024e-12,
                6.914400085424807e-13,
                0.0,
                4.599055364341531e-10,
                0.9999999995348943
            ]
        ],
        [
            [
                0.9999962733322393,
                3.726639114275115e-06,
                6.560175421551132e-12,
                2.0206762865319745e-11,
                1.8795217265187188e-12
            ],
            [
                0.999954602097065,
                4.539785570700089e-05,
                1.081544744059832e-11,
                3.331392343511834e-11,
                3.0986775719206846e-12
            ],
            [
                1.658678349936454e-12,
                3.160881437205077e-10,
                0.9999999946496325,
                4.363462229325986e-09,
                6.691586055073842e-10
            ],
            [
                3.5482987159937816e-11,
                1.3314892700523435e-09,
                8.682400690671705e-09,
                0.0600866537659118,
                0.9399133361847153
            ],
            [
                7.835041752756078e-13,
                0.0,
                4.752193043175171e-13,
                2.061153613939255e-09,
                0.9999999979375878
            ]
        ],
        [
            [
                0.9999998554929947,
                1.4449803162126122e-07,
                2.4133628889177607e-12,
                6.560200486422575e-12,
                0.0
            ],
            [
                0.9999832985602978,
                1.670141510235228e-05,
                5.109001635473801e-12,
                1.7832167878037006e-11,
                1.6586499866944133e-12
            ],
            [
                5.0087746374023523e-14,
                9.545034921999938e-12,
                0.9999999999496751,
                1.7832472906575773e-11,
                2.2897348454438818e-11
            ],
            [
                7.757695407725315e-11,
                8.9666767328178e-09,
                6.625527739976692e-08,
                0.970687695488091,
                0.02931222921237803
            ],
            [
                4.508755221889547e-12,
                0.0,
                1.2917799989397859e-12,
                6.691586061008663e-10,
                0.9999999993250408
            ]
        ],
        [
            [
                0.9999994956374617,
                5.043472049210785e-07,
                3.5114222758516096e-12,
                1.0815942057744228e-11,
                1.0060393258332118e-12
            ],
            [
                0.9999977396553253,
                2.260325271958784e-06,
                4.50874699402655e-12,
                1.3887918458509106e-11,
                1.0060374388458957e-12
            ],
            [
                3.900837609950893e-14,
                2.7346982914307573e-12,
                0.9999999999960119,
                8.878265477936587e-13,
                3.26613134259502e-13
            ],
            [
                6.20439774935558e-11,
                1.7203075380540122e-08,
                1.1217814286990625e-07,
                0.9968271875083317,
                0.003172683048406181
            ],
            [
                1.8795288057243018e-12,
                0.0,
                0.0,
                1.493094667605919e-10,
                0.9999999998488109
            ]
        ],
        [
            [
                0.9999993523819484,
                6.475946143781825e-07,
                6.560200313911718e-12,
                1.573710245651802e-11,
                1.1399918783732873e-12
            ],
            [
                0.9999970976527963,
                2.90231219873277e-06,
                1.0815900646918526e-11,
                2.289726184920756e-11,
                1.2917751187394126e-12
            ],
            [
                9.357622967820746e-14,
                3.978962535403767e-12,
                0.9999999999936777,
                1.8795288163343253e-12,
                3.70101167818948e-13
            ],
            [
                1.6567370468239584e-12,
                2.5915727752364205e-11,
                2.287054946968705e-11,
                0.0011695103440643906,
                0.9988304896054926
            ],
            [
                1.4637785091398498e-12,
                0.0,
                0.0,
                7.58256040208348e-10,
                0.9999999992402802
            ]
        ],
        [
            [
                0.9999999943818787,
                5.602796401246062e-09,
                4.508755213090094e-12,
                1.0815941487227184e-11,
                0.0
            ],
            [
                0.9998766053167782,
                0.00012339462905087246,
                2.2894510787947265e-11,
                2.9397133754355976e-11,
                1.8792958865234874e-12
            ],
            [
                5.6756852319559924e-14,
                2.129785170701844e-12,
                0.999999999997049,
                6.10193667687777e-13,
                1.5428112030079332e-13
            ],
            [
                5.384940333056359e-13,
                1.46377854546833e-12,
                1.8795288567835486e-12,
                6.475946138558825e-07,
                0.9999993524015043
            ],
            [
                2.734698273242248e-12,
                0.0,
                1.139991845395093e-12,
                1.1032560249407862e-09,
                0.9999999988928692
            ]
        ],
        [
            [
                0.9999962733281412,
                3.726639114518431e-06,
                7.43365263126303e-12,
                2.2897262083820246e-11,
                2.4133536682244316e-12
            ],
            [
                0.9999989322871666,
                1.0677030762729145e-06,
                2.413358359664823e-12,
                6.560188174636617e-12,
                7.835027460850843e-13
            ],
            [
                1.361526107951145e-13,
                5.1090890275435746e-12,
                0.99999999998883,
                2.413362771587701e-12,
                3.5114221130192925e-12
            ],
            [
                2.733519773767269e-12,
                2.593491351696637e-11,
                6.221462328702397e-11,
                0.0004305571174470685,
                0.9995694427916699
            ],
            [
                6.101936624603412e-13,
                5.384940170980013e-13,
                5.384940170980013e-13,
                6.3488000608974935e-09,
                0.9999999936495128
            ]
        ],
        [
            [
                0.9999994956358875,
                5.043472049552809e-07,
                3.511422276089737e-12,
                1.2256068012024443e-11,
                1.1399919058696055e-12
            ],
            [
                0.999998239634881,
                1.7603431329566573e-06,
                5.109079801007698e-12,
                1.573707368553069e-11,
                1.1399897942099558e-12
            ],
            [
                5.6756852320949746e-14,
                2.7346982913327727e-12,
                0.9999999999958147,
                7.83504178432205e-13,
                6.10193667702719e-13
            ],
            [
                1.139759324331367e-12,
                1.0813735386282493e-11,
                3.3308649936568464e-11,
                0.00020342706075398062,
                0.9997965728939839
            ],
            [
                2.2897348115512732e-11,
                3.978962476590265e-12,
                3.0988190925802353e-12,
                1.1861119974731088e-08,
                0.999999988108905
            ]
        ],
        [
            [
                0.9999986290164211,
                1.3709566541001294e-06,
                7.433667483904477e-12,
                1.7832441270705006e-11,
                1.658675416173781e-12
            ],
            [
                0.9994472213360788,
                0.000552778588612929,
                2.2884689019916886e-11,
                4.844688703533994e-11,
                3.976762655628059e-12
            ],
            [
                2.734698283636483e-12,
                2.646573631210085e-09,
                0.9999999971531852,
                1.917171508181152e-10,
                5.789356311889088e-12
            ],
            [
                1.5564206250692113e-11,
                2.038508734082929e-09,
                1.3292746730167896e-08,
                0.989013042436851,
                0.010986942216329431
            ],
            [
                2.4133627580251776e-12,
                0.0,
                0.0,
                1.1628232963690126e-10,
                0.9999999998813043
            ]
        ],
        [
            [
                0.9999999881311027,
                1.1861120002628444e-08,
                2.12978514425242e-12,
                5.109088964005282e-12,
                5.384940150237355e-13
            ],
            [
                0.9999996940750279,
                3.0590235884261936e-07,
                7.433681604065344e-12,
                1.3887945605633357e-11,
                1.2917801666934653e-12
            ],
            [
                5.008774637244038e-14,
                2.413362771544374e-12,
                0.9999999999965987,
                7.835041784126663e-13,
                1.5428112030072385e-13
            ],
            [
                4.2738893530918884e-11,
                6.343014205472345e-09,
                3.2212484094174446e-08,
                0.9990889100355882,
                0.0009110513661746534
            ],
            [
                2.4133627620714693e-12,
                0.0,
                0.0,
                1.9171715060035979e-10,
                0.9999999998058695
            ]
        ],
        [
            [
                0.9999999715325988,
                2.845334726501291e-08,
                4.508755111592582e-12,
                9.545034646143978e-12,
                0.0
            ],
            [
                0.9999038975509941,
                9.610240090019631e-05,
                1.0814910603499569e-11,
                3.3312269860441646e-11,
                3.978583269134527e-12
            ],
            [
                2.461668739184281e-10,
                3.2241497860020464e-08,
                0.9999884665914598,
                1.0129977501239626e-05,
                1.3709433743107788e-06
            ],
            [
                0.0,
                1.3998912290095853e-09,
                9.128437492508124e-09,
                0.6791787046008749,
                0.32082128487079636
            ],
            [
                5.109088985627642e-12,
                1.2917799940565752e-12,
                2.1297851532659607e-12,
                1.1032560231799979e-09,
                0.9999999988882133
            ]
        ],
        [
            [
                0.9999921107142709,
                7.889265045831059e-06,
                5.789312459875522e-12,
                1.3887838629051276e-11,
                1.0060316560193663e-12
            ],
            [
                0.9999998724569926,
                1.2751906747717918e-07,
                5.789356706841502e-12,
                1.5737103134674756e-11,
                2.4133629294532668e-12
            ],
            [
                3.900837609924696e-14,
                2.413362771674821e-12,
                0.9999999999966098,
                7.835041784550162e-13,
                1.5428112030906303e-13
            ],
            [
                1.658520255662059e-12,
                1.7830773137997522e-11,
                2.939797494564499e-11,
                9.610239916237978e-05,
                0.9999038975519504
            ],
            [
                1.9171715067573316e-10,
                0.0,
                1.1399918488814203e-12,
                4.5990553618578376e-10,
                0.9999999993472373
            ]
        ],
        [
            [
                0.9999921107082229,
                7.889265047434198e-06,
                7.43362434513775e-12,
                1.78323377861833e-11,
                1.4637674226397547e-12
            ],
            [
                0.9999869928399755,
                1.3007124765518042e-05,
                7.43358186641235e-12,
                2.5945750116148392e-11,
                1.8795038344851912e-12
            ],
            [
                4.1937956574233765e-13,
                3.3315445414068334e-11,
                0.9999999998014049,
                1.0261879629362224e-10,
                6.224144621488704e-11
            ],
            [
                1.0759480933807293e-11,
                3.14438124148371e-10,
                9.68537607943992e-10,
                0.00522012568541348,
                0.9947798730208512
            ],
            [
                4.752193053224547e-13,
                0.0,
                0.0,
                7.582560412679421e-10,
                0.9999999992412687
            ]
        ],
        [
            [
                0.9999999317271125,
                6.825604227286998e-08,
                3.978963031896922e-12,
                1.2256068972070872e-11,
                6.101937438337484e-13
            ],
            [
                0.9999999226410815,
                7.734422800432323e-08,
                2.734698607437162e-12,
                1.0815942806478038e-11,
                1.1399919847082598e-12
            ],
            [
                3.442477108218593e-14,
                1.8795288164018326e-12,
                0.9999999999975047,
                4.752193062424129e-13,
                1.0603575990749531e-13
            ],
            [
                3.722040594298165e-11,
                3.3504741688281015e-09,
                3.6020991968679136e-08,
                0.9859363338493714,
                0.014063626741942004
            ],
            [
                8.423463695254156e-12,
                0.0,
                1.8795288033265443e-12,
                1.4166087766848498e-09,
                0.9999999985730883
            ]
        ],
        [
            [
                0.9999999123335688,
                8.764249139449556e-08,
                5.789356936454436e-12,
                1.573710375882742e-11,
                2.4133630251701777e-12
            ],
            [
                0.9999898699928494,
                1.0129988099182732e-05,
                5.789301556820084e-12,
                1.2255951491963902e-11,
                1.0060297613524274e-12
            ],
            [
                5.0087746372477204e-14,
                1.8795288163155163e-12,
                0.9999999999973339,
                5.384940217113506e-13,
                1.9810087978133417e-13
            ],
            [
                0.0,
                1.9898134051502573e-09,
                1.8878823951710685e-08,
                0.8519527782809168,
                0.14804720085044595
            ],
            [
                1.2917800020665108e-12,
                0.0,
                0.0,
                4.2777878599632993e-11,
                0.9999999999559304
            ]
        ],
        [
            [
                0.9999996940732001,
                3.0590235884206027e-07,
                8.423464810222571e-12,
                1.3887945605607973e-11,
                2.1297854378921807e-12
            ],
            [
                0.9999970976683987,
                2.902312198519465e-06,
                4.5087381879851735e-12,
                1.3887891333992085e-11,
                1.006035473952473e-12
            ],
            [
                7.287724095117188e-14,
                3.098819138423113e-12,
                0.9999999999941651,
                1.879528816357905e-12,
                7.835041784309127e-13
            ],
            [
                0.0,
                1.2249291329761557e-11,
                2.0195667166380535e-11,
                0.0005527785845074053,
                0.9994472213830475
            ],
            [
                7.433680586412738e-12,
                0.0,
                3.0988191028969325e-12,
                3.3982677802083057e-09,
                0.9999999965911996
            ]
        ],
        [
            [
                0.9999977396591083,
                2.260325272655517e-06,
                3.511415690701095e-12,
                1.0815921774052659e-11,
                1.2917776420157529e-12
            ],
            [
                0.9999994956304852,
                5.043472048329679e-07,
                5.109089263570628e-12,
                1.5737102832276465e-11,
                1.4637785815998809e-12
            ],
            [
                1.5737103650017e-11,
                1.8189618659174085e-09,
                0.9999997854112217,
                1.4449803878016081e-07,
                6.825604045642202e-08
            ],
            [
                0.0,
                6.678695541492761e-10,
                1.6021357730415193e-09,
                0.11920292329043009,
                0.8807970744395646
            ],
            [
                1.4637784332918161e-12,
                1.1399917900907007e-12,
                1.2917799334501596e-12,
                5.3157849608713504e-08,
                0.9999999468382548
            ]
        ],
        [
            [
                0.9999999317355974,
                6.825604228773191e-08,
                1.8795290512703297e-12,
                5.789357051753792e-12,
                6.914400970468201e-13
            ],
            [
                0.9999962733410256,
                3.7266391140148394e-06,
                4.508738233905241e-12,
                1.3887891475435852e-11,
                1.4637729923102645e-12
            ],
            [
                9.357622967993795e-14,
                6.560200167560421e-12,
                0.9999999999894715,
                2.734698291344526e-12,
                1.1399918529412454e-12
            ],
            [
                0.0,
                1.778837847954692e-11,
                2.5881937967719945e-11,
                0.002472622964436904,
                0.9975273769918928
            ],
            [
                2.8823507873628807e-13,
                0.0,
                2.543665642010012e-13,
                8.592166601045394e-10,
                0.9999999991402408
            ]
        ],
        [
            [
                0.9999998554884366,
                1.4449803159636658e-07,
                3.0988192885274834e-12,
                9.54503538427454e-12,
                8.878265907660054e-13
            ],
            [
                0.9999038975574388,
                9.610240088469687e-05,
                9.544125107778386e-12,
                2.9397974965160604e-11,
                2.7344376252122866e-12
            ],
            [
                3.037975385159578e-14,
                1.879528816363657e-12,
                0.9999999999972256,
                6.101936677035799e-13,
                2.543665647139509e-13
            ],
            [
                4.22730516477323e-11,
                3.3581644402803103e-09,
                1.9324902074504357e-08,
                0.3208212803460388,
                0.6791786969286217
            ],
            [
                1.4637785097860735e-12,
                6.914400086440271e-13,
                0.0,
                3.1608814449422574e-10,
                0.9999999996817566
            ]
        ],
        [
            [
                0.9999869928503211,
                1.300712476565261e-05,
                5.789279378647227e-12,
                1.7832235885202902e-11,
                1.291762834901558e-12
            ],
            [
                0.9999998554768826,
                1.4449803158010842e-07,
                5.7893566079530786e-12,
                1.7832473768212013e-11,
                1.4637785847243945e-12
            ],
            [
                4.420228103274119e-14,
                2.129785170778929e-12,
                0.99999999999688,
                6.914400106366034e-13,
                2.543665647165698e-13
            ],
            [
                8.574780165101887e-10,
                2.0981815283205717e-07,
                9.591725931502289e-05,
                0.9979773224115113,
                0.0019265496535428586
            ],
            [
                8.878265450979544e-13,
                0.0,
                4.752193048062107e-13,
                7.582560404442274e-10,
                0.999999999240381
            ]
        ],
        [
            [
                0.9999998554780141,
                1.4449803161909655e-07,
                7.433681032886621e-12,
                1.57371028701143e-11,
                7.835042165064885e-13
            ],
            [
                0.999088948473179,
                0.0009110514091845199,
                2.937398442656656e-11,
                7.984676809617486e-11,
                8.415787441107839e-12
            ],
            [
                7.287724095242148e-14,
                5.109089027658435e-12,
                0.9999999999912796,
                1.879528816390132e-12,
                1.6586783587827826e-12
            ],
            [
                0.0,
                3.0987779500908746e-12,
                3.5113754405430655e-12,
                1.3007124764731794e-05,
                0.999986992868625
            ],
            [
                3.160881440180044e-10,
                0.0,
                7.835041750030577e-13,
                1.8189616794196926e-09,
                0.9999999978641667
            ]
        ],
        [
            [
                0.9999989322804713,
                1.0677030751865927e-06,
                3.9789552573530225e-12,
                1.0815921772314306e-11,
                1.6586753247906002e-12
            ],
            [
                0.9999999317229887,
                6.825604228269159e-08,
                5.7893570513262805e-12,
                1.3887945598380823e-11,
                1.2917801660188745e-12
            ],
            [
                5.384940217005065e-13,
                3.775134543754028e-11,
                0.9999999999036915,
                4.847368705596053e-11,
                9.545034921513045e-12
            ],
            [
                3.042893756784785e-10,
                3.10383601388082e-08,
                1.0278493240532935e-06,
                0.9626720934619439,
                0.03732684734608248
            ],
            [
                1.2917800028505149e-12,
                6.914400096580318e-13,
                0.0,
                2.46169694812701e-10,
                0.9999999997518472
            ]
        ],
        [
            [
                0.9999999677446096,
                3.2241866301201987e-08,
                3.978962403620252e-12,
                9.545034605668564e-12,
                0.0
            ],
            [
                0.9999869928485048,
                1.3007124765628985e-05,
                7.433581866475753e-12,
                1.7832235885170512e-11,
                1.4637590580952603e-12
            ],
            [
                5.0087746374272803e-14,
                2.413362771632665e-12,
                0.9999999999968203,
                6.101936677098257e-13,
                1.0603575990642696e-13
            ],
            [
                0.0,
                5.787844363760736e-12,
                8.421263858418216e-12,
                0.0002611903277279154,
                0.9997388096580629
            ],
            [
                3.0988191318162185e-12,
                0.0,
                5.38494020575389e-13,
                4.058652117431133e-10,
                0.9999999995904976
            ]
        ],
        [
            [
                0.9999999715283886,
                2.845334726663548e-08,
                6.560199978357237e-12,
                1.0815941244364098e-11,
                8.878265221597972e-13
            ],
            [
                0.9999982396356868,
                1.7603431333754793e-06,
                3.978955350745768e-12,
                1.5737073689274866e-11,
                1.4637758708784735e-12
            ],
            [
                3.0379753852182965e-14,
                2.7346982913894875e-12,
                0.9999999999965217,
                5.384940217355513e-13,
                1.7482341281416754e-13
            ],
            [
                8.893188982085118e-11,
                1.0279128856593767e-08,
                1.1051104987861754e-07,
                0.982013667582976,
                0.017986211537913337
            ],
            [
                2.020684119427975e-11,
                1.8795290122469243e-12,
                3.098819461389506e-12,
                8.764249132029857e-08,
                0.9999999123323235
            ]
        ],
        [
            [
                0.9999989322834965,
                1.0677030761459153e-06,
                3.0988134730168767e-12,
                9.545017471240785e-12,
                7.835027459918897e-13
            ],
            [
                0.9999998554914358,
                1.4449803159679994e-07,
                3.098819288536777e-12,
                7.433681031739575e-12,
                0.0
            ],
            [
                3.900837609809515e-14,
                5.10908902757715e-12,
                0.9999999999342417,
                1.783247290644947e-11,
                4.2777878685619284e-11
            ],
            [
                0.0,
                3.0987543867227976e-12,
                6.56006308817076e-12,
                2.1444939748245255e-05,
                0.999978555050593
            ],
            [
                2.129785161770496e-12,
                0.0,
                0.0,
                4.5990553588176154e-10,
                0.9999999995379647
            ]
        ],
        [
            [
                0.9999989322775211,
                1.0677030761395354e-06,
                4.508746998715826e-12,
                1.3887918472953091e-11,
                1.0060374398922144e-12
            ],
            [
                0.999995214883049,
                4.78509484613106e-06,
                7.433638557867036e-12,
                1.388786518474739e-11,
                7.834997396723613e-13
            ],
            [
                4.752193061485907e-13,
                1.4930946757933518e-10,
                0.9999999997628621,
                7.991959890792481e-11,
                7.433680670341726e-12
            ],
            [
                8.3898445745668e-11,
                5.881735134246274e-09,
                6.323461198529029e-08,
                0.8175744124855848,
                0.1824255183141696
            ],
            [
                2.1297851584942082e-12,
                0.0,
                0.0,
                2.46169693741176e-10,
                0.9999999997517006
            ]
        ],
        [
            [
                0.9999998554854331,
                1.444980316201686e-07,
                5.10908927589268e-12,
                1.0815942081940442e-11,
                6.101936973595279e-13
            ],
            [
                0.9990889485376534,
                0.0009110514069753989,
                9.536336524653949e-12,
                4.2738895173607285e-11,
                3.095995182288454e-12
            ],
