{
    "[['E', 'D', 'C', 'B', 'A'], ['E', 'D', 'C', 'B', 'A']]": [
        [
            [
                0.9999938557865337,
                6.144172123479218e-06,
                7.433639088846848e-12,
                2.94006129268907e-11,
                4.508730020623898e-12
            ],
            [
                2.767199988674678e-07,
                0.9046025402557498,
                0.09534440143993383,
                5.2733497592049655e-05,
                4.808672543480258e-08
            ],
            [
                5.384940217082297e-13,
                3.3315445417508217e-11,
                0.9999999999374976,
                1.7832472905921893e-11,
                1.081594155593647e-11
            ],
            [
                0.0,
                4.835382600120951e-11,
                9.033683995314075e-11,
                0.002472622961154218,
                0.9975273769001551
            ],
            [
                7.052879833907102e-11,
                0.0,
                0.0,
                3.331544534039318e-11,
                0.9999999998961557
            ]
        ],
        [
            [
                0.9999999468316119,
                5.315784969022413e-08,
                2.4133626422609023e-12,
                7.43368027324137e-12,
                6.914399735709314e-13
            ],
            [
                0.9999982396284577,
                1.7603431327676248e-06,
                5.789345872485158e-12,
                2.0206802594339354e-11,
                2.4133584130216e-12
            ],
            [
                8.878265882886388e-13,
                2.172440034038975e-10,
                0.9999994944606905,
                1.1253517984551184e-07,
                3.927859978503874e-07
            ],
            [
                0.0,
                7.835027881337494e-13,
                1.1399898300640292e-12,
                1.3709566535392772e-06,
                0.9999986290414229
            ],
            [
                7.991959878658134e-11,
                1.0060392774837415e-12,
                0.0,
                1.0261879613345722e-10,
                0.9999999998164555
            ]
        ],
        [
            [
                0.9999982396365867,
                1.760343133116502e-06,
                3.978955350160394e-12,
                1.3887918784487446e-11,
                2.4133584134998966e-12
            ],
            [
                4.2501468981494193e-10,
                5.566593910067075e-08,
                7.290799236395348e-06,
                0.9241350348176056,
                0.07585761829220415
            ],
            [
                4.508755031497539e-12,
                1.8189616025113511e-09,
                0.9999999533788866,
                4.1399375252311616e-08,
                3.3982676606162686e-09
            ],
            [
                8.877741175625923e-13,
                8.422966309790175e-12,
                7.433241678964228e-12,
                5.829127675094765e-05,
                0.999941708706505
            ],
            [
                1.4930946663755438e-10,
                0.0,
                0.0,
                7.991959840382587e-11,
                0.9999999997707709
            ]
        ],
        [
            [
                0.999964643692352,
                3.535625749588184e-05,
                8.423159508502552e-12,
                3.774998190697003e-11,
                3.97881882021905e-12
            ],
            [
                0.9999938557994661,
                6.1441721244681226e-06,
                5.789323944395921e-12,
                2.0206726057787514e-11,
                2.413349272034033e-12
            ],
            [
                4.420228103303748e-14,
                3.0988191384852725e-12,
                0.9999999999941922,
                1.6586783587876136e-12,
                1.0060392792065194e-12
            ],
            [
                0.0,
                8.878265420060882e-13,
                4.193795630793916e-13,
                5.602796400683621e-09,
                0.9999999943958964
            ],
            [
                3.5114221059940403e-12,
                0.0,
                0.0,
                3.7751345363421925e-11,
                0.9999999999587372
            ]
        ],
        [
            [
                0.9999977396601971,
                2.2603252728357034e-06,
                3.9789552583097174e-12,
                9.545017464959655e-12,
                1.0060374392361996e-12
            ],
            [
                1.221294916570943e-10,
                1.0993746486162642e-08,
                1.5176398895104663e-07,
                0.4378234275753761,
                0.562176409544759
            ],
            [
                3.701011677652387e-13,
                3.7751345433199805e-11,
                0.9999999997792537,
                1.493094675817826e-10,
                3.3315445413199943e-11
            ],
            [
                1.1399832142687187e-12,
                6.560150455432383e-12,
                5.1090503117569734e-12,
                7.889265042468496e-06,
                0.9999921107221483
            ],
            [
                6.560200144837924e-12,
                0.0,
                0.0,
                1.4930946708905e-10,
                0.9999999998441302
            ]
        ],
        [
            [
                0.9999999634474805,
                3.6534820777323073e-08,
                3.978962387733578e-12,
                1.2256066987908087e-11,
                1.4637784596416166e-12
            ],
            [
                0.9994472213298549,
                0.0005527785866149847,
                1.7822613730745246e-11,
                5.4897515105199356e-11,
                1.0809961663912352e-11
            ],
            [
                7.28772409517768e-14,
                4.5087552418976265e-12,
                0.9999999999918248,
                2.129785170768162e-12,
                1.4637785139969576e-12
            ],
            [
                0.0,
                5.108602038809955e-12,
                4.5083254757871345e-12,
                9.610239921971537e-05,
                0.9999038975911634
            ],
            [
                9.545034879990202e-12,
                0.0,
                0.0,
                1.1628232978018465e-10,
                0.9999999998741727
            ]
        ],
        [
            [
                0.9999999827263811,
                1.72578276819181e-08,
                3.5114220511066222e-12,
                1.081594136548093e-11,
                1.463778488167957e-12
            ],
            [
                2.7467322035301918e-08,
                2.3458707067377248e-05,
                0.14804065720754406,
                0.851915154381741,
                2.070223632559978e-05
            ],
            [
                2.3447824314640456e-10,
                7.36708740367984e-08,
                0.9525061434222468,
                0.047422485815346874,
                7.129685705390524e-05
            ],
            [
                1.1398831908952674e-12,
                1.7830773146148463e-11,
                1.57356020721646e-11,
                9.610239920631084e-05,
                0.9999038975660874
            ],
            [
                2.940077727734035e-11,
                0.0,
                0.0,
                4.847368687226804e-11,
                0.9999999999221256
            ]
        ],
        [
            [
                0.9999991684469388,
                8.315279898668228e-07,
                5.1090894198829445e-12,
                1.7832474275731236e-11,
                2.129785334290503e-12
            ],
            [
                9.410792745454426e-12,
                4.5343738753429205e-10,
                8.471325662095691e-10,
                0.014063627238210695,
                0.9859363714518086
            ],
            [
                1.87952881279549e-12,
                4.058652118391782e-10,
                0.9999999980631555,
                1.2501528638967227e-09,
                2.7894680873129396e-10
            ],
            [
                2.412028475289026e-12,
                3.329702602603366e-11,
                2.5931749943023964e-11,
                0.000552778581655384,
                0.9994472213567038
            ],
            [
                8.423463717117938e-12,
                0.0,
                0.0,
                6.224144595309134e-11,
                0.9999999999293352
            ]
        ],
        [
            [
                0.9999986290029999,
                1.3709566542846547e-06,
                7.43366748490502e-12,
                2.940072523547939e-11,
                3.5114158840675523e-12
            ],
            [
                0.9999938558016063,
                6.144172121701163e-06,
                6.56016346894068e-12,
                1.7832373149342304e-11,
                1.879518302038489e-12
            ],
            [
                3.266131341854856e-13,
                4.847368704886168e-11,
                0.9999999997322986,
                1.0261879628771776e-10,
                1.1628233026900716e-10
            ],
            [
                6.914084226232265e-13,
                6.559900468882507e-12,
                7.433341068586563e-12,
                4.5397855690731426e-05,
                0.9999546021296246
            ],
            [
                1.2256067421247638e-11,
                0.0,
                0.0,
                3.3315445359546366e-11,
                0.9999999999544285
            ]
        ],
        [
            [
                0.9999996940751904,
                3.059023588699242e-07,
                3.978963034902516e-12,
                1.573710408070436e-11,
                2.7346986345940887e-12
            ],
            [
                0.0,
                8.928711569570206e-11,
                3.531373929447877e-10,
                0.014063627260388449,
                0.985936372297187
            ],
            [
                4.2755369236571495e-11,
                6.3454594169966946e-09,
                0.9994734168518262,
                0.000430515681249868,
                9.606107870917427e-05
            ],
            [
                6.101936909344379e-13,
                2.4133628634877883e-12,
                2.4133628634877883e-12,
                3.927863694653251e-07,
                0.9999996072081937
            ],
            [
                2.2897348401689517e-11,
                0.0,
                0.0,
                3.331544534198004e-11,
                0.9999999999437872
            ]
        ],
        [
            [
                0.9999999317164977,
                6.825604228224854e-08,
                5.789357051288702e-12,
                2.0206841612197573e-11,
                1.4637786968171943e-12
            ],
            [
                0.6224593235960892,
                0.3775406757182539,
                1.9675197198723564e-10,
                4.165239279655543e-10,
                7.238100550404352e-11
            ],
            [
                4.847332166584324e-11,
                9.23738002965461e-09,
                0.9999933421979075,
                6.144171897511983e-06,
                5.043443417522687e-07
            ],
            [
                6.914400426939458e-13,
                3.0988192821355418e-12,
                1.8795289035238992e-12,
                5.043472049259523e-07,
                0.9999994956471253
            ],
            [
                6.56020015733247e-12,
                0.0,
                0.0,
                3.775134538051864e-11,
                0.9999999999556886
            ]
        ],
        [
            [
                0.9999996940824586,
                3.059023588448924e-07,
                3.978963034576921e-12,
                9.545036119254927e-12,
                1.6586785668198618e-12
            ],
            [
                8.50587284593972e-07,
                0.3763110776918398,
                0.6204320997220908,
                0.00325572830144774,
                2.4369733718445664e-07
            ],
            [
                6.431393940789711e-14,
                4.5087552418305255e-12,
                0.9999999999875833,
                2.7346982913102624e-12,
                5.109089027537204e-12
            ],
            [
                4.1937960996069436e-13,
                1.1399919729823974e-12,
                7.835042609385693e-13,
                8.764249141526341e-08,
                0.9999999123551657
            ],
            [
                4.508755235694479e-12,
                0.0,
                0.0,
                4.277787862706764e-11,
                0.9999999999527134
            ]
        ],
        [
            [
                0.9999982396268127,
                1.7603431334676534e-06,
                7.43366724922333e-12,
                2.0206802602374913e-11,
                2.4133584139813105e-12
            ],
            [
                2.25588060160655e-06,
                0.8807597587530757,
                0.11919787165781719,
                3.9986440430854134e-05,
                1.272680747241003e-07
            ],
            [
                6.101936672554716e-13,
                5.4927883464082714e-11,
                0.9999999992056097,
                2.789468090560066e-10,
                4.599055374845652e-10
            ],
            [
                6.442204513259004e-12,
                1.8826881287223365e-10,
                3.985650799781672e-10,
                0.017986211543231122,
                0.9820137878634928
            ],
            [
                4.847368692971398e-11,
                0.0,
                0.0,
                4.847368692971398e-11,
                0.9999999999030527
            ]
        ],
        [
            [
                0.9999996940794125,
                3.0590235891649466e-07,
                4.508755808496282e-12,
                1.2256068983194615e-11,
                1.463778697944609e-12
            ],
            [
                4.59018661436083e-10,
                4.682117636318932e-08,
                1.550504416504656e-06,
                0.777298629245171,
                0.22269977297021729
            ],
            [
                4.277527128514526e-11,
                1.725677608589059e-08,
                0.9999399312936194,
                5.829116613536207e-05,
                1.7602406939235963e-06
            ],
            [
                5.384910093932368e-13,
                2.7346829934529316e-12,
                2.413349271272982e-12,
                6.144172122530554e-06,
                0.9999938558221909
            ],
            [
                3.331544529017109e-11,
                6.101936653521535e-13,
                0.0,
                6.22414459834165e-11,
                0.9999999999038329
            ]
        ],
        [
            [
                0.9999998554878606,
                1.4449803162051935e-07,
                3.09881928904545e-12,
                9.545035385869988e-12,
                1.463778585133761e-12
            ],
            [
                0.7772998555414965,
                0.2227001440036621,
                1.9134781099081832e-10,
                2.456954527397727e-10,
                1.7798118900889545e-11
            ],
            [
                6.431393940839292e-14,
                3.0988191384266065e-12,
                0.9999999999952924,
                1.0060392791874734e-12,
                5.384940217241022e-13
            ],
            [
                4.1937718970228994e-13,
                2.4133490981165605e-12,
                1.879518167437846e-12,
                4.7850948438605255e-06,
                0.9999952149004439
            ],
            [
                8.423463734315592e-12,
                0.0,
                0.0,
                4.8473686946729734e-11,
                0.9999999999431028
            ]
        ],
        [
            [
                0.9999999585894819,
                4.139937545444221e-08,
                3.0988190089729557e-12,
                7.433680361100829e-12,
                6.101936422114651e-13
            ],
            [
                0.9999417086669452,
                5.82912767562558e-05,
                9.544471245041876e-12,
                4.277535246106011e-11,
                3.9787275599716035e-12
            ],
            [
                8.258073285078519e-14,
                7.433680671922445e-12,
                0.9999999999755051,
                9.545034922288828e-12,
                7.433680671922445e-12
            ],
            [
                1.6583400323163358e-12,
                2.2892678001835762e-11,
                4.276915313172723e-11,
                0.00020342706083778257,
                0.9997965728718421
            ],
            [
                2.940077731150644e-11,
                0.0,
                0.0,
                9.056076964618912e-11,
                0.9999999998800384
            ]
        ],
        [
            [
                0.9999996072005319,
                3.9278636969052235e-07,
                2.4133628648714482e-12,
                9.545035290813984e-12,
                1.1399918969925053e-12
            ],
            [
                0.9968273168560899,
                0.0031726830766537232,
                1.3843882792222589e-11,
                4.831989880776129e-11,
                5.092879865245793e-12
            ],
            [
                6.914400103885113e-13,
                1.3176514264273495e-10,
                0.9999999995959068,
                1.91717151291122e-10,
                7.991959889422728e-11
            ],
            [
                0.0,
                4.165239266319547e-10,
                3.0777186604303877e-09,
                0.37754067443825695,
                0.6224593220675005
            ],
            [
                3.97896252189151e-12,
                0.0,
                0.0,
                1.026187959573538e-10,
                0.9999999998934022
            ]
        ],
        [
            [
                0.9999986290201608,
                1.3709566541052563e-06,
                5.789346057578896e-12,
                1.5737074186977724e-11,
                1.6586754161799841e-12
            ],
            [
                0.9999970976520867,
                2.902312198958914e-06,
                5.789334431440177e-12,
                2.5945996845917275e-11,
                3.978947486064262e-12
            ],
            [
                5.675685232039436e-14,
                5.789356328125483e-12,
                0.9999999999382465,
                7.433680671575136e-12,
                4.847368705763554e-11
            ],
            [
                4.75219280605709e-13,
                1.2917799350038788e-12,
                1.2917799350038788e-12,
                5.315784967265038e-08,
                0.9999999468390917
            ],
            [
                1.7832472887961734e-11,
                0.0,
                0.0,
                1.0815941545043082e-11,
                0.9999999999713516
            ]
        ],
        [
            [
                0.9999994956325063,
                5.043472049535755e-07,
                5.109089264792396e-12,
                1.3887944508460351e-11,
                1.2917800646404787e-12
            ],
            [
                1.0952579399056427e-06,
                0.37737336478669437,
                0.6221834908281203,
                0.0004418587999541163,
                1.903272913128142e-07
            ],
            [
                6.431393940894863e-14,
                3.978962535492552e-12,
                0.999999999993292,
                1.658678358770544e-12,
                1.006039279196166e-12
            ],
            [
                1.291346511312271e-12,
                1.573182107523724e-11,
                1.7826488715329173e-11,
                0.0003353500538888751,
                0.9996646499112615
            ],
            [
                7.052879831451332e-11,
                0.0,
                0.0,
                7.052879831451332e-11,
                0.9999999998589424
            ]
        ],
        [
            [
                0.9999997617453686,
                2.3823698437284136e-07,
                3.511422373120402e-12,
                1.2256068350694741e-11,
                1.879528955569969e-12
            ],
            [
                0.22270014371955818,
                0.7772998553679588,
                4.5901953568754925e-10,
                4.0508331847008134e-10,
                4.83803031202147e-11
            ],
            [
                3.511422037301299e-12,
                7.582560263635189e-10,
                0.9999999784054567,
                1.5229979414754022e-08,
                5.60279631615228e-09
            ],
            [
                0.0,
                4.250179163489239e-10,
                8.997629359713563e-10,
                0.07585817571805531,
                0.9241418229571638
            ],
            [
                8.423463716384523e-12,
                0.0,
                0.0,
                1.4930946694465917e-10,
                0.9999999998422671
            ]
        ],
        [
            [
                0.9999991684479287,
                8.315279897281773e-07,
                5.109089419031076e-12,
                1.7832474272757923e-11,
                1.1399919402810523e-12
            ],
            [
                0.9999898699544731,
                1.0129988098793976e-05,
                1.388781247344799e-11,
                3.7750988283620535e-11,
                5.78930155659791e-12
            ],
            [
                7.99188433216053e-11,
                4.69111966874954e-08,
                0.9999896374835174,
                1.0129988161921719e-05,
                1.855372051209103e-07
            ],
            [
                2.504805456898729e-11,
                2.89516146615435e-09,
                2.89516146615435e-09,
                0.8519527911735092,
                0.14804720301111993
            ],
            [
                5.789356314927899e-12,
                0.0,
                0.0,
                4.277787858770067e-11,
                0.9999999999514328
            ]
        ],
        [
            [
                0.9999993523889286,
                6.475946143827029e-07,
                3.511422191419625e-12,
                1.0815941797675405e-11,
                2.129785218291326e-12
            ],
            [
                0.49999999926542765,
                0.4999999994569724,
                3.7912783983243007e-10,
                8.02613643223582e-10,
                9.585852978155828e-11
            ],
            [
                2.1297850865559688e-12,
                4.5990551963994613e-10,
                0.9999999604266041,
                1.9555680312891635e-08,
                1.9555680312891635e-08
            ],
            [
                2.934413964491852e-11,
                1.815457634167977e-09,
                2.21168016641644e-08,
                0.880797055171783,
                0.11920292086661351
            ],
            [
                2.020683902778917e-11,
                0.0,
                0.0,
                7.052879829320902e-11,
                0.9999999999092644
            ]
        ],
        [
            [
                0.99999969408185,
                3.0590235891724026e-07,
                3.511422554343209e-12,
                1.0815942915558744e-11,
                1.463778697948177e-12
            ],
            [
                1.6899113725138012e-10,
                3.649192459968849e-08,
                3.7222810541351585e-06,
                0.9988267351158624,
                0.0011695059421676552
            ],
            [
                1.4851587948428662e-10,
                2.8302116960172102e-08,
                9.5600813278239e-05,
                0.9946847431412169,
                0.005219627594871948
            ],
            [
                3.7010119505210743e-13,
                1.0060393532011204e-12,
                6.101937125939465e-13,
                2.3823698425442208e-07,
                0.9999997617610293
            ],
            [
                3.775134532762672e-11,
                0.0,
                0.0,
                1.3887943822597457e-11,
                0.9999999999483606
            ]
        ],
        [
            [
                0.9999996940677752,
                3.059023589129348e-07,
                6.560200991895695e-12,
                2.02068416275259e-11,
                3.098819527829955e-12
            ],
            [
                0.9933071483371502,
                0.006692851450247859,
                7.938467678180902e-11,
                1.15504023169773e-10,
                1.7713115643656384e-11
            ],
            [
                1.5428112030172413e-13,
                1.0815941556061327e-11,
                0.9999999999773606,
                6.5602001674111635e-12,
                5.109089027484976e-12
            ],
            [
                4.752192805516063e-13,
                1.1399917913320674e-12,
                8.878264997843876e-13,
                5.315784966659847e-08,
                0.9999999468396472
            ],
            [
                1.4930946728228553e-10,
                1.0060392770097256e-12,
                0.0,
                4.847368695315479e-11,
                0.9999999998012108
            ]
        ],
        [
            [
                0.9999986290228196,
                1.3709566541089013e-06,
                4.508747243125782e-12,
                1.3887919225788759e-11,
                2.1297813924158797e-12
            ],
            [
                2.0419049487950362e-10,
                1.8380642587886806e-08,
                3.258046854952939e-07,
                0.939913029662595,
                0.06008662594788631
            ],
            [
                6.560199930054842e-12,
                1.2501528210131168e-09,
                0.9999999638548474,
                3.22418662023661e-08,
                2.6465735428531506e-09
            ],
            [
                2.412732492685636e-12,
                3.774148621810113e-11,
                4.8461027567611955e-11,
                0.00026119032644026724,
                0.9997388095849444
            ],
            [
                4.277787859733855e-11,
                0.0,
                0.0,
                5.492788339096525e-11,
                0.9999999999022942
            ]
        ],
        [
            [
                0.999999855481442,
                1.4449803161959188e-07,
                4.508755460985468e-12,
                1.3887944538578624e-11,
                2.12978527425793e-12
            ],
            [
                0.7310585899464882,
                0.2689414096594939,
                1.5881819161475062e-10,
                2.0392659466572374e-10,
                3.1273156163761235e-11
            ],
            [
                6.224144494736874e-11,
                4.13993763353336e-08,
                0.9999993093385677,
                6.475945866539753e-07,
                1.6052280221298988e-09
            ],
            [
                4.752193442113483e-13,
                1.1399919440438496e-12,
                1.0060393595900887e-12,
                1.1253518370234435e-07,
                0.999999887462195
            ],
            [
                4.5087552313355624e-12,
                0.0,
                0.0,
                9.0560769676606e-11,
                0.9999999999049305
            ]
        ],
        [
            [
                0.9999977396578023,
                2.260325273125545e-06,
                3.978955258819939e-12,
                1.0815921776301798e-11,
                2.129781275849109e-12
            ],
            [
                0.9996646498581042,
                0.00033535005894005216,
                2.939091112193373e-11,
                4.8457420331989104e-11,
                5.10737452725997e-12
            ],
            [
                4.27778745801306e-11,
                5.315784743750778e-08,
                0.9999999041498487,
                4.139937321072134e-08,
                1.250152746287813e-09
            ],
            [
                7.834758791638199e-13,
                5.789147223300476e-12,
                5.108904493168881e-12,
                3.535625749319729e-05,
                0.9999646437308253
            ],
            [
                1.0815941531144236e-11,
                0.0,
                0.0,
                7.052879834065789e-11,
                0.9999999999186553
            ]
        ],
        [
            [
                0.9999999865471403,
                1.3440409764868078e-08,
                2.7346982536924432e-12,
                8.42346363773018e-12,
                1.2917799868835725e-12
            ],
            [
                0.5621765002357911,
                0.43782349900003276,
                2.929734330702484e-10,
                4.2627382982843164e-10,
                4.4928931114932814e-11
            ],
            [
                8.258073284489186e-14,
                7.433680671391945e-12,
                0.999999999950745,
                8.42346375338055e-12,
                3.331544541736061e-11
            ],
            [
                3.5002817260374257e-12,
                9.027345552044445e-11,
                9.027345552044445e-11,
                0.0031726830686593264,
                0.9968273167472935
            ],
            [
                9.545034888482988e-12,
                0.0,
                0.0,
                1.9171715068573956e-10,
                0.9999999997987379
            ]
        ],
        [
            [
                0.9999993523877387,
                6.475946143310131e-07,
                3.5114221911393496e-12,
                1.2256067715518456e-11,
                1.879528858162531e-12
            ],
            [
                0.9999898699881429,
                1.012998810003761e-05,
                4.508712586268479e-12,
                1.573695322270175e-11,
                3.5113888928297903e-12
            ],
            [
                7.052880104928876e-11,
                1.0467402171442064e-08,
                0.9999992468781211,
                5.043471997349853e-07,
                2.38236748123399e-07
            ],
            [
                6.914400616632046e-13,
                2.7346984931789087e-12,
                2.1297853279519254e-12,
                2.382369843117109e-07,
                0.9999997617574597
            ],
            [
                2.5946094927633076e-11,
                0.0,
                0.0,
                3.775134536257499e-11,
                0.9999999999363025
            ]
        ],
        [
            [
                0.9999921107015047,
                7.889265045027428e-06,
                8.423399924803027e-12,
                2.289717494943535e-11,
                2.129769032288929e-12
            ],
            [
                0.999088948512395,
                0.0009110514051928559,
                1.5722760873203674e-11,
                6.218472554965426e-11,
                4.504646410058563e-12
            ],
            [
                4.3225316344070976e-10,
                8.237287238633435e-08,
                4.2670163607431425e-05,
                0.9398731677441313,
                0.06008407928713566
            ],
            [
                1.291223312458586e-12,
                1.7824788007613843e-11,
                1.3881958858411447e-11,
                0.00043055711747199137,
                0.9995694428495301
            ],
            [
                3.5114221079815538e-12,
                0.0,
                0.0,
                1.1628233012355323e-10,
                0.9999999998802063
            ]
        ],
        [
            [
                0.999999761746757,
                2.382369843897032e-07,
                3.978962830447248e-12,
                1.0815942358118726e-11,
                1.4637786225068743e-12
            ],
            [
                0.9999998554873044,
                1.4449803165401392e-07,
                3.978962729778915e-12,
                9.545035388082522e-12,
                1.1399919086095757e-12
            ],
            [
                5.176462064090804e-10,
                9.864590593714421e-08,
                0.005212330849506337,
                0.9932942122095303,
                0.001493357777411111
            ],
            [
                0.0,
                1.4637758367846552e-12,
                1.4637758367846552e-12,
                1.0677030753787595e-06,
                0.9999989322939971
            ],
            [
                1.0815941531712054e-11,
                1.981008793365004e-13,
                0.0,
                1.7832472865982586e-11,
                0.9999999999711535
            ]
        ],
        [
            [
                0.999999953065547,
                4.691163799212441e-08,
                3.978962347013208e-12,
                1.5737101360049366e-11,
                3.0988189916655218e-12
            ],
            [
                0.9999962733247711,
                3.726639114505872e-06,
                7.433652631237979e-12,
                2.5945997109659167e-11,
                2.7346879758424495e-12
            ],
            [
                3.7751274916964926e-11,
                2.2159448375733582e-08,
                0.9999977002198203,
                2.2603251843077504e-06,
                1.7257795747451683e-08
            ],
            [
                8.878265416247208e-13,
                0.0,
                7.835041730162094e-13,
                4.9444504672915175e-09,
                0.9999999950538783
            ],
            [
                1.5737102027694007e-11,
                0.0,
                0.0,
                7.052879815631123e-11,
                0.9999999999137341
            ]
        ],
        [
            [
                0.9999970976197428,
                2.902312197376953e-06,
                1.5737042575278335e-11,
                4.2777716866065436e-11,
                9.544998815109369e-12
            ],
            [
                2.6885869377208785e-07,
                0.9959287636797601,
                0.004070133738483162,
                8.281430785348784e-07,
                5.579984170827484e-09
            ],
            [
                1.9810087978189344e-13,
                1.3887943863351279e-11,
                0.99999999991719,
                4.277787868472239e-11,
                2.5946094979751668e-11
            ],
            [
                2.7335197746074686e-12,
                3.3301088145619e-11,
                2.288748085455708e-11,
                0.00043055711858501413,
                0.9995694428224929
            ],
            [
                4.508755230123187e-12,
                0.0,
                0.0,
                4.8473686931845117e-11,
                0.9999999999470175
            ]
        ],
        [
            [
                0.9999999748704798,
                2.5109990911609566e-08,
                3.5114220230625576e-12,
                1.3887943507765402e-11,
                2.129785116177603e-12
            ],
            [
                5.896278031354555e-10,
                9.916014968636853e-08,
                2.7494361237195326e-05,
                0.9984712653448912,
                0.0015011405440940938
            ],
            [
                4.752193062275283e-13,
                4.847368705764454e-11,
                0.9999999999250551,
                2.289734845406629e-11,
                3.098819138398477e-12
            ],
            [
                6.101902105012575e-13,
                5.1090600807858255e-12,
                2.7346827972307688e-12,
                4.785094843842621e-06,
                0.9999952148967022
            ],
            [
                9.0560769641523e-11,
                1.006039276448238e-12,
                0.0,
                7.99195987043211e-11,
                0.9999999998285136
            ]
        ],
        [
            [
                0.9999998874508805,
                1.1253518378311056e-07,
                3.0988193883081114e-12,
                9.54503569162051e-12,
                1.2917801088290393e-12
            ],
            [
                3.9712973314422485e-12,
                7.976563918363995e-11,
                9.038631064882822e-11,
                0.0019267343301936665,
                0.9980732654956831
            ],
            [
                4.752193061691985e-13,
                4.2777878679975625e-11,
                0.9999999998156894,
                7.052879849510533e-11,
                7.052879849510533e-11
            ],
            [
                1.6575018969313985e-12,
                3.772456929148018e-11,
                4.843930580385842e-11,
                0.0007096703402683403,
                0.9992903295719103
            ],
            [
                1.783247284580371e-11,
                0.0,
                0.0,
                7.991959865013882e-11,
                0.999999999902248
            ]
        ],
        [
            [
                0.9999999748764374,
                2.5109990915039153e-08,
                2.7346982216288083e-12,
                9.545034678645533e-12,
                1.2917799717377836e-12
            ],
            [
                0.9399133451967181,
                0.06008665449958695,
                7.511748521956787e-11,
                2.0419049507189226e-10,
                2.4387076918287078e-11
            ],
            [
                3.775134662983482e-11,
                1.186112052430192e-08,
                0.9999998380003023,
                1.4449802915448415e-07,
                5.602796613710195e-09
            ],
            [
                3.7010116628320436e-13,
                6.101936651620441e-13,
                0.0,
                3.398267805023667e-09,
                0.9999999966007518
            ],
            [
                8.423463728818058e-12,
                0.0,
                0.0,
                3.775134532783301e-11,
                0.9999999999538252
            ]
        ],
        [
            [
                0.9999999468297174,
                5.315784968643485e-08,
                1.8795287154940863e-12,
                8.423463301616388e-12,
                2.129785056456803e-12
            ],
            [
                0.9914225141701205,
                0.008577485682430504,
                2.2700925768796936e-11,
                1.1528481358587022e-10,
                9.463153764552587e-12
            ],
            [
                1.4637784497307393e-12,
                4.599055176328708e-10,
                0.9999999560781015,
                4.1399375366592587e-08,
                2.0611535317634075e-09
            ],
            [
                1.6585551198760293e-12,
                1.5735932847423712e-11,
                2.2895647194010047e-11,
                7.484619705228135e-05,
                0.9999251537626576
