{
    "[['E', 'D', 'C', 'B', 'A'], ['E', 'D', 'C', 'B', 'A']]": [
        [
            [
                0.9999999988758588,
                1.103256030528386e-09,
                2.4133627678625502e-12,
                1.573710208097092e-11,
                2.734698287092523e-12
            ],
            [
                0.9999999981491674,
                1.818961683238516e-09,
                3.51142210504751e-12,
                2.5946094921221205e-11,
                2.4133627661087803e-12
            ],
            [
                2.4616453142339396e-10,
                1.3440128019493114e-08,
                0.9999782354800781,
                2.1444938017268223e-05,
                3.058956120423046e-07
            ],
            [
                6.691408056419928e-10,
                3.0589418173173553e-07,
                1.3006951584757232e-05,
                0.999973679533508,
                1.3006951584757232e-05
            ],
            [
                6.560025473436802e-12,
                2.0206300992611524e-11,
                6.223978877175114e-11,
                2.7535689808336475e-05,
                0.9999724642211856
            ]
        ],
        [
            [
                0.9999999956043455,
                4.36346223001427e-09,
                2.7346982772213873e-12,
                2.594609484642128e-11,
                3.5114220949244408e-12
            ],
            [
                0.9999999804064308,
                1.9555680693136683e-08,
                3.978962455525464e-12,
                2.940077679941651e-11,
                4.5087551512896605e-12
            ],
            [
                5.6756852296233616e-14,
                6.56020016467543e-12,
                0.9999999995075315,
                2.5946094969007532e-11,
                4.5990553762138063e-10
            ],
            [
                3.5784772119599903e-10,
                3.650145990331667e-08,
                2.899667352803178e-06,
                0.9990860150731535,
                0.0009110484001861014
            ],
            [
                2.7346932883723983e-12,
                7.433667072191602e-12,
                2.2897306565011746e-11,
                2.260325271634882e-06,
                0.9999977396416627
            ]
        ],
        [
            [
                0.9999999961201147,
                3.850741904907331e-09,
                3.5114220970900396e-12,
                2.289734835025439e-11,
                2.7346982789079573e-12
            ],
            [
                0.9999999973330749,
                2.6465736289310553e-09,
                1.8795288094529194e-12,
                1.5737102047531177e-11,
                2.734698281281567e-12
            ],
            [
                1.0261664658170958e-10,
                4.1398509922729494e-08,
                0.9999785016993912,
                2.1444938610636574e-05,
                1.186087167572618e-08
            ],
            [
                4.1794982501455394e-11,
                6.202925387677905e-09,
                2.05412481782299e-07,
                0.9770224254582398,
                0.022977362884558115
            ],
            [
                3.5114219881691087e-12,
                5.1090888458876285e-12,
                8.423463454111701e-12,
                3.224186622291333e-08,
                0.9999999677410898
            ]
        ],
        [
            [
                0.9999999983826433,
                1.6052280515152332e-09,
                1.2917800018323216e-12,
                8.42346373520827e-12,
                2.4133627663150233e-12
            ],
            [
                0.9999999881193836,
                1.1861119998878187e-08,
                1.8795287923791756e-12,
                1.573710190457447e-11,
                1.8795287923791756e-12
            ],
            [
                1.5428112030001294e-13,
                8.423463753421682e-12,
                0.9999999999462372,
                7.433680671428245e-12,
                3.775134543809881e-11
            ],
            [
                2.7798891180958532e-08,
                1.6317544119556615e-05,
                0.022976818772459235,
                0.9769991280224651,
                7.707862064954373e-06
            ],
            [
                3.0987661294038925e-12,
                1.5736832903333563e-11,
                4.84728578574557e-11,
                1.6701415086005567e-05,
                0.9999832985176056
            ]
        ],
        [
            [
                0.9999999981410983,
                1.8189616829546012e-09,
                3.978962525778183e-12,
                2.940077731851779e-11,
                6.5602001515691975e-12
            ],
            [
                0.9999999983712984,
                1.6052280517346234e-09,
                3.5114221058275056e-12,
                1.7832472869809372e-11,
                2.1297851663770816e-12
            ],
            [
                6.5601254100595446e-12,
                4.599002969182092e-10,
                0.9999893652033236,
                5.043423961497621e-07,
                1.0129987819794989e-05
            ],
            [
                1.6045239536953832e-09,
                3.9261406659394977e-07,
                7.88586433113564e-06,
                0.9995611663131859,
                0.0004305536038923643
            ],
            [
                5.786155518546316e-12,
                4.8446887007150153e-11,
                2.1712388399184807e-10,
                0.0005527785833924719,
                0.9994472211452506
            ]
        ],
        [
            [
                0.9999999992121329,
                7.582560417986271e-10,
                2.7346982880121313e-12,
                2.2897348426482708e-11,
                3.9789625306287444e-12
            ],
            [
                0.9999999918223031,
                8.152020641624093e-09,
                2.734698267154739e-12,
                2.0206838909654805e-11,
                2.734698267154739e-12
            ],
            [
                3.1882883586066723e-09,
                5.361881693958904e-07,
                0.0018111719591108193,
                0.9382104953286624,
                0.05997779333576896
            ],
            [
                2.141886530813365e-10,
                1.501578384424877e-08,
                8.198340191935576e-07,
                0.9859355512298104,
                0.01406361370619786
            ],
            [
                4.5085492613649585e-12,
                2.594490964435445e-11,
                1.6918206288414365e-10,
                4.539785568233505e-05,
                0.9999546019446821
            ]
        ],
        [
            [
                0.9999999881040403,
                1.1861120002307455e-08,
                4.508755185641783e-12,
                2.289734816874764e-11,
                7.433680578947112e-12
            ],
            [
                0.9999999955936045,
                4.363462229967402e-09,
                4.508755218553468e-12,
                3.3315445246237905e-11,
                5.109089001160844e-12
            ],
            [
                1.388794489459406e-11,
                1.4166088916683155e-09,
                0.9999991654358822,
                1.855389730733362e-07,
                6.475946480012212e-07
            ],
            [
                3.3967060648116693e-09,
                5.041158776215811e-07,
                0.00012335308818029795,
                0.9995408309411512,
                0.00033530845808481014
            ],
            [
                2.1297771132518015e-12,
                8.423431885631183e-12,
                1.573704256803614e-11,
                2.902312196041307e-06,
                0.9999970976615137
            ]
        ],
        [
            [
                0.9999999976462259,
                2.335593031530901e-09,
                2.413362764322756e-12,
                1.388794382174432e-11,
                1.879528810689933e-12
            ],
            [
                0.9999999961278796,
                3.8507419060861034e-09,
                2.1297851617295006e-12,
                1.573710203868937e-11,
                3.5114220981649406e-12
            ],
            [
                6.224133532014831e-11,
                4.363454477627464e-09,
                0.9999989785072912,
                8.315280303971143e-07,
                1.8553898259041655e-07
            ],
            [
                4.056354238915733e-10,
                5.3127756156510274e-08,
                1.299993331079883e-05,
                0.9994341750394118,
                0.0005527714938857502
            ],
            [
                1.6586499857229699e-12,
                7.43355351253102e-12,
                2.0206493433990983e-11,
                1.670141509257054e-05,
                0.9999832985556087
            ]
        ],
        [
            [
                0.9999999983697383,
                1.605228051351496e-09,
                2.413362766068854e-12,
                2.0206839041957775e-11,
                2.413362766068854e-12
            ],
            [
                0.9999999985580141,
                1.4166087838622129e-09,
                3.5114221064831436e-12,
                2.0206839050553574e-11,
                1.6586783556580346e-12
            ],
            [
                7.49725556240453e-09,
                1.2608445189519054e-06,
                0.07549198430397629,
                0.919680706316688,
                0.0048260410375612905
            ],
            [
                1.82624728193444e-10,
                8.799352179038639e-09,
                2.913945243525686e-07,
                0.9525738444663405,
                0.04742585515715817
            ],
            [
                7.834997396024715e-13,
                2.129773104763792e-12,
                7.43363855720394e-12,
                4.78509484570422e-06,
                0.9999952148948074
            ]
        ],
        [
            [
                0.9999999961184474,
                3.850741905546779e-09,
                2.734698279362077e-12,
                2.594609486673158e-11,
                2.129785161431209e-12
            ],
            [
                0.9999999983619037,
                1.6052280514819415e-09,
                4.508755231891978e-12,
                2.5946094922900414e-11,
                2.413362766264971e-12
            ],
            [
                7.474749454957517e-10,
                8.639635677712504e-08,
                0.00015620842647941392,
                0.9857822764839013,
                0.014061427945787632
            ],
            [
                8.718036543108995e-11,
                6.925594241953295e-09,
                1.3910427886176883e-07,
                0.9626729712637158,
                0.0373268826192308
            ],
            [
                1.4637785694590113e-12,
                3.0988192558620043e-12,
                1.081594196614509e-11,
                3.927863693960385e-07,
                0.999999607198252
            ]
        ],
        [
            [
                0.9999999972927816,
                2.6465736301813822e-09,
                3.978962522715621e-12,
                4.2777878548619285e-11,
                1.3887943819165071e-11
            ],
            [
                0.9999999827052811,
                1.725782768155396e-08,
                3.5114220510325314e-12,
                2.940077687084497e-11,
                3.9789624651922544e-12
            ],
            [
                4.0505941043983846e-10,
                6.011614672760363e-08,
                5.817898136062248e-05,
                0.9980151381538652,
                0.0019266223435680072
            ],
            [
                4.2176249363135045e-11,
                2.9567833528393136e-09,
                5.9388581207320656e-08,
                0.9859363095639482,
                0.014063628048511124
            ],
            [
                1.1399918774446293e-12,
                2.413362823488594e-12,
                8.42346393476364e-12,
                6.475946138506404e-07,
                0.9999993523934093
            ]
        ],
        [
            [
                0.9999999880969442,
                1.1861120003155905e-08,
                3.5114220695062577e-12,
                3.331544500543474e-11,
                5.1090889642324815e-12
            ],
            [
                0.9999999981505334,
                1.8189616831147851e-09,
                3.0988191311607166e-12,
                2.289734840058607e-11,
                4.508755231293476e-12
            ],
            [
                7.991929983356058e-11,
                2.2159406842340663e-08,
                0.9999959452202729,
                3.7266392252246716e-06,
                3.0590117567433445e-07
            ],
            [
                1.491347206539249e-10,
                2.842004721263865e-08,
                1.3693532543477005e-06,
                0.9988290933689262,
                0.0011695087086375385
            ],
            [
                3.5105050623089085e-12,
                2.5939318840980564e-11,
                1.4927047361607262e-10,
                0.0002611903271998277,
                0.9997388094940799
            ]
        ],
        [
            [
                0.9999999943548001,
                5.602796401660008e-09,
                5.109088995347498e-12,
                3.331544520833013e-11,
                3.9789625103581286e-12
            ],
            [
                0.9999999927668072,
                7.194132974980211e-09,
                6.5602001176855136e-12,
                2.9400777166661655e-11,
                3.0988191148823054e-12
            ],
            [
                6.101936664174312e-13,
                1.493094672910704e-10,
                0.9999999978416714,
                7.582560411221884e-10,
                1.250152863635023e-09
            ],
            [
                5.490945387451e-11,
                1.0463889727966634e-08,
                6.473773163193096e-07,
                0.9996639923516317,
                0.0003353497522527763
            ],
            [
                2.4128705078840364e-12,
                2.0202717414638606e-11,
                1.4927901232760785e-10,
                0.00020342706069834343,
                0.9997965727674071
            ]
        ],
        [
            [
                0.9999999978985472,
                2.0611536161003605e-09,
                5.789356310927959e-12,
                2.940077730243519e-11,
                5.109089012352504e-12
            ],
            [
                0.9999999981621297,
                1.8189616831358782e-09,
                1.8795288119748343e-12,
                1.5737102068646914e-11,
                1.2917800016490368e-12
            ],
            [
                1.2015425729386536e-13,
                7.433680670876487e-12,
                0.9999999999041032,
                8.423463752796458e-12,
                7.991959891367404e-11
            ],
            [
                1.683062869832411e-10,
                1.5150449134073723e-08,
                1.3638012695854143e-06,
                0.994778502394243,
                0.0052201184857319305
            ],
            [
                5.789345739463992e-12,
                7.433667075464654e-12,
                2.0206802130049862e-11,
                1.067703075346192e-06,
                0.9999989322634948
            ]
        ],
        [
            [
                0.9999999965739703,
                3.3982678052757474e-09,
                2.734698280149115e-12,
                2.289734836064648e-11,
                2.1297851620441552e-12
            ],
            [
                0.9999999979181307,
                2.061153616584623e-09,
                1.8795288112009854e-12,
                1.5737102062167557e-11,
                3.0988191299207902e-12
            ],
            [
                3.2806353355403445e-09,
                2.472628672252104e-06,
                0.8519485838110217,
                0.1480464676509985,
                2.472628672252104e-06
            ],
            [
                3.160375026630462e-10,
                5.314933574015062e-08,
                2.259965107984105e-06,
                0.9998392507837344,
                0.0001584357857843526
            ],
            [
                2.4133536651336313e-12,
                5.789334482894013e-12,
                7.433652621742695e-12,
                3.726639109745696e-06,
                0.999996273345254
            ]
        ],
        [
            [
                0.9999999961297323,
                3.850741905590235e-09,
                2.129785161455244e-12,
                1.5737102036662867e-11,
                1.6586783515152022e-12
            ],
            [
                0.9999999894795223,
                1.0467401679167595e-08,
                5.789356264806784e-12,
                4.277787821735294e-11,
                4.508755192510867e-12
            ],
            [
                6.689008995462919e-10,
                1.1249183463134492e-07,
                0.0001233623935566739,
                0.9996153662564989,
                0.00026115818920885794
            ],
            [
                6.685424566223323e-10,
                7.727300152474067e-08,
                1.0120765940761204e-05,
                0.9990787594103826,
                0.0009110418821326249
            ],
            [
                3.978932378503729e-12,
                1.0815859581154013e-11,
                3.3315192917402105e-11,
                7.889265032467839e-06,
                0.9999921106868576
            ]
        ],
        [
            [
                0.9999999969729132,
                2.9989608137724124e-09,
                3.0988191272678298e-12,
                2.2897348371821314e-11,
                2.1297851630835767e-12
            ],
            [
                0.9999999990114592,
                9.7362002960024e-10,
                1.658678356016857e-12,
                1.2256067422690622e-11,
                1.0060392775259707e-12
            ],
            [
                5.6756852310414414e-14,
                5.1090890266308995e-12,
                0.9999999997573832,
                2.0206839084556817e-11,
                2.172439934469934e-10
            ],
            [
                1.4925935963062547e-10,
                1.954911823641021e-08,
                8.312488668182485e-07,
                0.9996637993253229,
                0.0003353497274326893
            ],
            [
                1.4636697562287401e-12,
                9.544325732265283e-12,
                2.594416720291079e-11,
                7.48461970610932e-05,
                0.9999251537659867
            ]
        ],
        [
            [
                0.99999999836595,
                1.6052280513454147e-09,
                3.511422104976115e-12,
                2.2897348401678063e-11,
                2.4133627660597113e-12
            ],
            [
                0.9999999988810664,
                1.1032560303708305e-09,
                2.1297851671475332e-12,
                1.2256067422184505e-11,
                1.2917800024761744e-12
            ],
            [
                2.8765202673499314e-08,
                4.269134600999915e-06,
                0.8921688840319514,
                0.07323367760923374,
                0.03459314045901122
            ],
            [
                2.5842539996140395e-10,
                1.2451633077096863e-08,
                2.8339786257781203e-07,
                0.8175742338840272,
                0.18242547000805182
            ],
            [
                1.2232456920538049e-11,
                1.0242110782359801e-10,
                1.8154575751632277e-09,
                0.0019267343278649132,
                0.998073263742024
            ]
        ],
        [
            [
                0.9999999987338319,
                1.2501528639672885e-09,
                1.879528812901581e-12,
                1.225606742037999e-11,
                1.879528812901581e-12
            ],
            [
                0.9999999918226244,
                8.152020641626712e-09,
                2.734698267155618e-12,
                2.02068389096613e-11,
                2.413362750268293e-12
            ],
            [
                5.008774637497981e-14,
                3.0988191385080567e-12,
                0.9999999999932576,
                2.129785170808864e-12,
                1.4637785140249317e-12
            ],
            [
                5.091661419451844e-10,
                2.453299859738761e-08,
                4.348582198228367e-07,
                0.9770221830594265,
                0.022977357040188957
            ],
            [
                5.106887264214693e-12,
                3.773507648619684e-11,
                4.05690304880702e-10,
                0.00043055711934939287,
                0.9995694424321183
            ]
        ],
        [
            [
                0.999999997914025,
                2.0611536169218695e-09,
                2.73469828427244e-12,
                2.020683903613846e-11,
                1.8795288115085145e-12
            ],
            [
                0.9999999969541997,
                2.998960813449091e-09,
                5.109089008628062e-12,
                3.775134529918273e-11,
                3.978962520701042e-12
            ],
            [
                1.0603575990521053e-13,
                6.560200167533372e-12,
                0.9999999999759575,
                6.560200167533372e-12,
                1.0815941556262816e-11
            ],
            [
                2.461509411686667e-10,
                3.65320387949143e-08,
                1.3708546422349628e-06,
                0.9999237462397376,
                7.484612743037678e-05
            ],
            [
                3.97893238146469e-12,
                7.433624336567571e-12,
                2.2897174930022553e-11,
                7.889265038338712e-06,
                0.999992110700652
            ]
        ],
        [
            [
                0.9999999987179762,
                1.2501528642766234e-09,
                2.4133627677597254e-12,
                2.594609493897054e-11,
                3.5114221074496213e-12
            ],
            [
                0.9999999981532766,
                1.818961682814688e-09,
                2.7346982844680412e-12,
                2.2897348396808405e-11,
                2.129785165407738e-12
            ],
            [
                8.568681552932463e-10,
                1.4410320395270091e-07,
                0.00026054470480549584,
                0.9972673321810972,
                0.002471978154025237
            ],
            [
                1.0260881714359091e-10,
                2.5107549734211326e-08,
                1.0676001810690542e-06,
                0.9999028048839846,
                9.610230567575392e-05
            ],
            [
                8.878249238620601e-13,
                3.098813470461037e-12,
                9.545017463368243e-12,
                2.2603252724588466e-06,
                0.9999977396611959
            ]
        ],
        [
            [
                0.9999999985643675,
                1.4166087837729162e-09,
                1.6586783555534788e-12,
                1.2256067419266695e-11,
                5.109089017711479e-12
            ],
            [
                0.9999999935988042,
                6.348800072095146e-09,
                5.1090889926964886e-12,
                4.2777878393567084e-11,
                4.508755211083701e-12
            ],
            [
                1.1723560349231519e-08,
                7.253103037112941e-07,
                0.8722615545081047,
                0.1180477560007588,
                0.00968995245727242
            ],
            [
                2.7749013627170936e-10,
                3.63440356225418e-08,
                1.751153703081879e-06,
                0.9947780965777844,
                0.005220115646986871
            ],
            [
                6.101937443046772e-13,
                1.4637786977457667e-12,
                3.978963034967763e-12,
                3.0590235887494034e-07,
                0.9999996940915882
            ]
        ],
        [
            [
                0.9999999985633943,
                1.4166087833909139e-09,
                2.1297851660661768e-12,
                1.3887943833079767e-11,
                3.978962526702248e-12
            ],
            [
                0.9999999907394893,
                9.237449568490123e-09,
                2.12978514940294e-12,
                1.7832472727686624e-11,
                3.0988191073626205e-12
            ],
            [
                4.770429355949545e-09,
                8.022628622475806e-07,
                0.8514369575628513,
                0.14795756679333366,
                0.0006046686105235505
            ],
            [
                1.493037827664669e-10,
                5.3155828596295096e-08,
                2.2602433465243463e-06,
                0.9999623302968828,
                3.5356154638365906e-05
            ],
            [
                7.835042162194853e-13,
                1.8795289070079787e-12,
                4.508755459318423e-12,
                1.4449803156616588e-07,
                0.9999998554947966
            ]
        ],
        [
            [
                0.9999999961321753,
                3.850741905296865e-09,
                2.4133627608838273e-12,
                1.2256067388493911e-11,
                2.4133627608838273e-12
            ],
            [
                0.9999999992259496,
                7.5825604162931e-10,
                1.879528813659069e-12,
                1.2256067425319431e-11,
                1.6586783563726275e-12
            ],
            [
                2.0434292298441727e-09,
                3.0327178740371884e-07,
                2.1260993709054766e-05,
                0.9914011324813665,
                0.008577301209707866
            ],
            [
                1.8188056762922134e-09,
                5.043044049691858e-07,
                1.0129224746534767e-05,
                0.9999145192421519,
                7.484540989082199e-05
            ],
            [
                1.2917801679267114e-12,
                2.413363076620196e-12,
                8.423464818279743e-12,
                1.8553915969359655e-07,
                0.9999998144487117
            ]
        ],
        [
            [
                0.9999999985545975,
                1.4166087830327443e-09,
                3.5114221044270965e-12,
                1.5737102066754402e-11,
                9.545034898513595e-12
            ],
            [
                0.999999982710187,
                1.7257827665128002e-08,
                3.978962461405088e-12,
                2.289734802812807e-11,
                5.109088932490551e-12
            ],
            [
                1.86418329369559e-09,
                2.766693317636089e-07,
                0.09532689801213004,
                0.90443653158724,
                0.00023629186711496505
            ],
            [
                2.333932098095906e-09,
                7.332989676340032e-07,
                0.0005526907845110993,
                0.9992882250971526,
                0.00015834848543639182
            ],
            [
                2.41336275951249e-12,
                6.101936646453656e-13,
                1.2917799981911878e-12,
                3.85074190310877e-09,
                0.9999999961449428
            ]
        ],
        [
            [
                0.9999999976369565,
                2.3355930319009908e-09,
                2.7346982835147414e-12,
                2.020683903053978e-11,
                4.508755228977884e-12
            ],
            [
                0.9999999956161862,
                4.363462230895248e-09,
                2.73469827777352e-12,
                1.573710202734376e-11,
                1.8795288070418765e-12
            ],
            [
                2.5946097127047834e-11,
                4.944450910566686e-09,
                0.9999997699592349,
                1.1253518401959047e-07,
                1.1253518401959047e-07
            ],
            [
                1.9170766833689079e-10,
                5.315522316037298e-08,
                3.72646883803816e-06,
                0.9999508225001169,
                4.539768411414958e-05
            ],
            [
                2.734698416326683e-12,
                3.098819280064881e-12,
                8.423464138678905e-12,
                5.043472045889427e-07,
                0.9999994956385384
            ]
        ],
        [
            [
                0.9999999927645936,
                7.194132971268555e-09,
                3.978962503173831e-12,
                3.331544514817675e-11,
                3.978962503173831e-12
            ],
            [
                0.9999999778189149,
                2.215948926504188e-08,
                1.8795287734239304e-12,
                1.5737101745864146e-11,
                3.9789624445624604e-12
            ],
            [
                1.201542572892351e-13,
                1.783247290391917e-11,
                0.9999999998428679,
                2.2897348451027674e-11,
                1.1628233027464477e-10
            ],
            [
                1.1858676899209608e-08,
                1.3706779920140043e-06,
                4.539062119537661e-05,
                0.9997947980071117,
                0.00015842883502410093
            ],
            [
                3.5111612153194856e-12,
                2.5944167192385196e-11,
                1.691772214891466e-10,
                7.484619703072798e-05,
                0.9999251536043368
            ]
        ],
        [
            [
                0.9999999917978785,
                8.15202064060195e-09,
                6.560200108709586e-12,
                3.7751345100713265e-11,
                5.7893562762713356e-12
            ],
            [
                0.9999999985418679,
                1.41660878383934e-09,
                5.109089017951041e-12,
                3.3315445355723744e-11,
                3.0988191325884154e-12
            ],
            [
                5.138079766755546e-10,
                5.938812736840591e-08,
                7.778309692853204e-06,
                0.9859286478497437,
                0.014063513938628099
            ],
            [
                3.572843423582406e-10,
                4.129645508424401e-08,
                1.2974960490377137e-05,
                0.9975143923849098,
                0.0024725910008604438
            ],
            [
                6.101936972022567e-13,
                1.8795289072259788e-12,
                3.098819288239239e-12,
                1.4449803158292573e-07,
                0.9999998554963798
            ]
        ],
        [
            [
                0.9999999979187157,
                2.0611536167694726e-09,
                1.6586783543521314e-12,
                1.57371020635789e-11,
                2.7346982840702433e-12
            ],
            [
                0.9999999976441072,
                2.335593031917692e-09,
                3.0988191295913934e-12,
                1.573710206049474e-11,
                1.463778509812998e-12
            ],
            [
                5.874433000842742e-10,
                4.666640150474566e-08,
                7.84808201704099e-06,
                0.9947720210383775,
                0.005220083625760767
            ],
            [
                4.5983012785345614e-10,
                8.762811158988788e-08,
                4.784337346403277e-06,
                0.9998366920811629,
                0.0001584354935489952
            ],
            [
                1.6586785634069742e-12,
                2.7346986287434096e-12,
                4.5087557981637324e-12,
                6.825604217840006e-08,
                0.9999999317350556
            ]
        ],
        [
            [
                0.9999999979140917,
                2.061153616922007e-09,
                4.508755230227418e-12,
                1.783247286041887e-11,
                2.4133627653739967e-12
            ],
            [
                0.9999999976371221,
                2.3355930312738352e-09,
                3.098819128737137e-12,
                2.0206839025113825e-11,
                3.978962523016646e-12
            ],
            [
                1.74823409369349e-13,
                2.020683869055984e-11,
                0.9999999802547479,
                1.6918978891518133e-10,
                1.9555680701067138e-08
            ],
            [
                7.047863950564814e-11,
                8.146223121709922e-09,
                1.0669446752323482e-06,
                0.9992892551765741,
                0.0007096696620488147
            ],
            [
                6.552522124426806e-12,
                7.982606120820546e-11,
                5.20531306227108e-10,
                0.0011695103447186442,
                0.9988304890483715
            ]
        ],
        [
            [
                0.9999999976411051,
                2.3355930310159385e-09,
                2.7346982824784517e-12,
                1.7832472848719407e-11,
                2.7346982824784517e-12
            ],
            [
                0.9999999865377485,
                1.3440409762259873e-08,
                2.1297851410263788e-12,
                1.7832472657550536e-11,
                1.879528790126475e-12
            ],
            [
                1.6586783556827918e-12,
                1.9171715100232758e-10,
                0.999999998085114,
                1.6052280520583042e-09,
                1.162823300756683e-10
            ],
            [
                1.2461770396195414e-09,
                2.690990541788839e-07,
                7.864227124585621e-06,
                0.9968192082541794,
                0.003172657173464888
            ],
            [
                6.170751347626898e-11,
                5.854645869813739e-10,
                6.294337494617496e-09,
                0.00857748560872462,
                0.9914225074497658
            ]
        ],
        [
            [
                0.9999999950378731,
                4.9444504748268955e-09,
                2.1297851592776016e-12,
                1.38879437888127e-11,
                1.6586783498192528e-12
            ],
            [
                0.9999999907368312,
                9.237449570947545e-09,
                2.4133627480526635e-12,
                2.020683889111006e-11,
                3.098819108186994e-12
            ],
            [
                1.783247506580971e-11,
                4.363462780906509e-09,
                0.9999996891256672,
                6.825604202207654e-08,
                2.3823699557597436e-07
            ],
            [
                1.317621441151983e-10,
                2.2158985488780232e-08,
                6.475810978095468e-07,
                0.9999778851874207,
                2.144494073386928e-05
            ],
            [
                1.0060394050475382e-12,
                1.6586785662643777e-12,
                2.413363073525897e-12,
                3.0590235874244707e-07,
                0.9999996940925632
            ]
        ],
        [
            [
                0.9999999995143429,
                4.5990553724671677e-10,
                2.129785168091493e-12,
                1.7832472884163964e-11,
                5.789356320944698e-12
            ],
            [
                0.9999999969749986,
                2.9989608137786663e-09,
                3.098819127274292e-12,
                2.020683901557488e-11,
                2.734698281489462e-12
            ],
            [
                6.634132389542294e-10,
                9.845925458366971e-08,
                7.821594845812534e-06,
                0.9914146630753798,
                0.00857741620710664
            ],
            [
                0.0,
                2.331093895010034e-09,
                7.719522789140573e-08,
                0.8807970203045413,
                0.11920290016913687
            ],
            [
                2.734698174921169e-12,
                2.4133626688716774e-12,
                8.423463395097573e-12,
                4.139937542162591e-08,
                0.9999999585870532
            ]
        ],
        [
            [
                0.9999999973321769,
                2.6465736300775496e-09,
                2.4133627637798666e-12,
                1.573710205434848e-11,
                3.098819128381123e-12
            ],
            [
                0.9999999969816389,
                2.9989608135313803e-09,
                2.4133627627188665e-12,
                1.3887943812514573e-11,
                3.0988191270187717e-12
            ],
            [
                1.9158740783406127e-10,
                5.312187825601555e-08,
                0.00012332640478466132,
                0.9993239099448951,
                0.0005527103368546154
            ],
            [
                2.4588065264876196e-10,
                4.1350767708001104e-08,
                3.7222810359906426e-06,
                0.9988267301858488,
                0.0011695059364668177
            ],
            [
                2.129765018703217e-12,
                5.109040685322521e-12,
                2.0206647890973296e-11,
                1.0129988085899488e-05,
                0.9999898699844687
            ]
        ],
        [
            [
                0.9999999985654937,
                1.4166087837745114e-09,
                1.8795288127329688e-12,
                1.3887943836840426e-11,
                2.129785166642892e-12
            ],
            [
                0.9999999965756916,
                3.398267805851574e-09,
                2.734698280612502e-12,
                2.0206839009094972e-11,
                3.0988191262805667e-12
            ],
            [
                3.580791908982324e-10,
                8.761908912449712e-08,
                0.9997325808818631,
                0.0002611885744540368,
                6.14256651450335e-06
            ],
            [
                7.046439198202485e-11,
                1.72420682299051e-08,
                1.7587387731314349e-06,
                0.9990871742745485,
                0.000911049674145783
            ],
            [
                3.0988074153875344e-12,
                9.54499881242882e-12,
                2.2897261832080787e-11,
                2.9023121965618885e-06,
                0.9999970976522624
            ]
        ],
        [
            [
                0.9999999956109398,
                4.3634622300430435e-09,
                3.511422094947596e-12,
                2.0206838984171083e-11,
                1.8795288066747957e-12
            ],
            [
                0.9999999990198878,
                9.736200293987637e-10,
                6.914400093431317e-13,
                4.508755233485924e-12,
                1.2917800022622038e-12
            ],
            [
                2.5436656456006847e-13,
