{
    "[['E', 'D', 'C', 'B', 'A'], ['E', 'D', 'C', 'B', 'A']]": [
        [
            [
                0.9999999988845303,
                1.1032560304613991e-09,
                3.09881913343524e-12,
                8.423463740098218e-12,
                6.914400095144236e-13
            ],
            [
                0.9999999936240562,
                6.348800071814929e-09,
                8.423463695786805e-12,
                1.783247278391693e-11,
                8.878265416609453e-13
            ],
            [
                1.9810087978422928e-13,
                2.2897348454066555e-11,
                0.9999999999579074,
                1.3887943863515035e-11,
                5.109089027530273e-12
            ],
            [
                6.953687439328595e-11,
                9.107533240587683e-09,
                1.257256182717647e-07,
                0.9859362380488532,
                0.01406362704845839
            ],
            [
                1.463778508789117e-12,
                0.0,
                0.0,
                2.4616969428402806e-10,
                0.9999999997523665
            ]
        ],
        [
            [
                0.9999999990203117,
                9.736200298397186e-10,
                1.1399918513334217e-12,
                4.508755235527951e-12,
                4.1937956520853716e-13
            ],
            [
                0.9999999317207726,
                6.825604227780409e-08,
                6.560200986492153e-12,
                1.5737104069954607e-11,
                8.878266585960215e-13
            ],
            [
                2.5436656468898136e-13,
                4.84736870534199e-11,
                0.999999999851279,
                3.775134543556164e-11,
                6.224144621715866e-11
            ],
            [
                1.7798120692782355e-11,
                8.575614794888949e-10,
                3.8433239097683205e-09,
                0.11920292291019882,
                0.8807970723711177
            ],
            [
                5.109089006280235e-12,
                0.0,
                1.8795288085255324e-12,
                4.058652109171242e-10,
                0.9999999995871462
            ]
        ],
        [
            [
                0.9999998874582294,
                1.1253518379691017e-07,
                1.6586784927115385e-12,
                4.508755605993614e-12,
                4.1937959966721157e-13
            ],
            [
                0.9999998554862861,
                1.4449803162029184e-07,
                2.7346984242477014e-12,
                1.2256068038621652e-11,
                6.91440044234666e-13
            ],
            [
                9.357622968191705e-14,
                5.789356328329458e-12,
                0.9999999999856293,
                3.9789625355615035e-12,
                4.5087552419823746e-12
            ],
            [
                3.539479208160381e-10,
                5.9524887772692564e-08,
                9.311250193854036e-07,
                0.6791780377305675,
                0.3208209712655775
            ],
            [
                3.7010116681044637e-13,
                0.0,
                2.8823507852761626e-13,
                1.4166087826287025e-09,
                0.9999999985827328
            ]
        ],
        [
            [
                0.9999999943873519,
                5.602796403513987e-09,
                1.8795288051255438e-12,
                7.433680627210764e-12,
                5.384940185053698e-13
            ],
            [
                0.99999985549044,
                1.44498031654467e-07,
                2.4133628894723534e-12,
                8.42346416506959e-12,
                6.914400443981982e-13
            ],
            [
                7.287724095269578e-14,
                6.5602001676585826e-12,
                0.9999999999867566,
                3.098819138487911e-12,
                3.511422113111452e-12
            ],
            [
                3.750762669131928e-10,
                8.099392118397668e-08,
                1.2669593022038676e-06,
                0.9241405679305733,
                0.07585808374112706
            ],
            [
                1.4637785092678406e-12,
                0.0,
                1.6586783534093186e-12,
                6.691586069084379e-10,
                0.9999999993277189
            ]
        ],
        [
            [
                0.9999999961351504,
                3.8507419063221965e-09,
                3.098819125487653e-12,
                9.545034882076508e-12,
                1.4637785078745286e-12
            ],
            [
                0.9999986290314038,
                1.3709566546047142e-06,
                2.7346934408396124e-12,
                8.4234488130998e-12,
                7.835027887426475e-13
            ],
            [
                5.492725639555213e-11,
                6.475878239619311e-07,
                0.9999883908600803,
                1.012997794291894e-05,
                8.315192255046264e-07
            ],
            [
                4.497606422787774e-12,
                1.3143932643585483e-10,
                1.687714358959546e-10,
                0.0024726229594308514,
                0.9975273767358609
            ],
            [
                1.8795288092840024e-12,
                0.0,
                0.0,
                4.5990553608997194e-10,
                0.999999999538215
            ]
        ],
        [
            [
                0.9999999956295949,
                4.363462231599624e-09,
                1.4637785069657683e-12,
                5.109089003071979e-12,
                3.7010116604890015e-13
            ],
            [
                0.9999991684489773,
                8.315279900220723e-07,
                4.508755588916228e-12,
                1.783247427906063e-11,
                6.91440063850134e-13
            ],
            [
                1.7482341280537687e-13,
                1.0815941555941378e-11,
                0.9999999999556295,
                7.433680671428255e-12,
                2.5946094979539823e-11
            ],
            [
                1.2035622494761137e-11,
                3.9856507851821895e-10,
                2.2935836674033765e-09,
                0.017986211513891445,
                0.9820137857819241
            ],
            [
                0.0,
                2.1297852161549274e-12,
                2.7346983496287222e-12,
                6.475946137330974e-07,
                0.9999993524005217
            ]
        ],
        [
            [
                0.9999999976543101,
                2.3355930323728245e-09,
                1.8795288113674563e-12,
                7.433680651898007e-12,
                7.835041763505841e-13
            ],
            [
                0.9999999907281644,
                9.237449570867486e-09,
                6.560200103454684e-12,
                2.5946094726874784e-11,
                1.8795287980024823e-12
            ],
            [
                5.880074590268699e-09,
                9.38219003139985e-06,
                0.8173426236472738,
                0.18237380049865304,
                0.0002741877839671027
            ],
            [
                2.060972925744541e-09,
                1.5533639760945594e-06,
                5.828955316904541e-05,
                0.9999126209865906,
                2.7534035291276067e-05
            ],
            [
                7.433680609016914e-12,
                2.4133627512712608e-12,
                0.0,
                3.581747899766537e-10,
                0.9999999996319782
            ]
        ],
        [
            [
                0.9999999991327251,
                8.592166608235078e-10,
                1.6586783568025013e-12,
                5.78935632135999e-12,
                6.101936669836705e-13
            ],
            [
                0.9999999317309866,
                6.825604228323749e-08,
                2.7346986329437523e-12,
                9.545036114275752e-12,
                6.914400970012911e-13
            ],
            [
                1.7482341281134712e-13,
                1.0815941556310746e-11,
                0.9999999999803888,
                5.109089027602792e-12,
                3.5114221130599924e-12
            ],
            [
                5.207070846512301e-10,
                2.6973294774500123e-07,
                0.00012330699105606618,
                0.9991668400145877,
                0.000709582740701453
            ],
            [
                3.098819119735248e-12,
                0.0,
                0.0,
                5.211412455958026e-10,
                0.99999999947576
            ]
        ],
        [
            [
                0.9999999804276727,
                1.9555680693552083e-08,
                3.0988190762407764e-12,
                1.225606719698214e-11,
                1.2917799787400198e-12
            ],
            [
                0.9999996940887262,
                3.0590235895460696e-07,
                1.879529052801136e-12,
                6.560200992789371e-12,
                4.752193660135173e-13
            ],
            [
                3.2685374149380145e-09,
                3.584389927124048e-06,
                0.9618253289429766,
                0.037294012101302565,
                0.0008770712972563913
            ],
            [
                4.193795858404449e-13,
                1.006039327266797e-12,
                1.1399919074167616e-12,
                1.444980315028205e-07,
                0.9999998554994031
            ],
            [
                1.87952881011883e-12,
                0.0,
                0.0,
                1.573710205310678e-11,
                0.9999999999823834
            ]
        ],
        [
            [
                0.9999999985778527,
                1.4166087839770638e-09,
                1.1399918508988306e-12,
                3.978962528348623e-12,
                4.1937956504866e-13
            ],
            [
                0.9999999317222237,
                6.825604227253628e-08,
                5.1090896649915865e-12,
                1.5737104068740064e-11,
                8.878266585275015e-13
            ],
            [
                1.5428112029966743e-13,
                8.423463753402819e-12,
                0.9999999999760878,
                5.789356327998119e-12,
                9.545034921632885e-12
            ],
            [
                3.504657591793503e-12,
                4.2695469946357926e-11,
                1.9134782101153968e-10,
                0.001926734333175042,
                0.998073265429277
            ],
            [
                0.0,
                0.0,
                1.4637785093876077e-12,
                1.4166087820575852e-09,
                0.9999999985819275
            ]
        ],
        [
            [
                0.999999996993,
                2.9989608144601937e-09,
                1.8795288100229344e-12,
                5.789356308659501e-12,
                3.7010116657616145e-13
            ],
            [
                0.9999999317351287,
                6.82560422913885e-08,
                1.6586785661526873e-12,
                6.5602009877977725e-12,
                6.101937439992998e-13
            ],
            [
                1.814464002676831e-09,
                0.002472621885039304,
                0.9975267019241895,
                6.459933147848358e-07,
                2.838299246098429e-08
            ],
            [
                1.9093656833519018e-10,
                1.630710492733425e-07,
                1.3653771788470468e-06,
                0.9959283393210469,
                0.004070132039788406
            ],
            [
                1.2917800007174548e-12,
                0.0,
                0.0,
                1.4930946714945697e-10,
                0.9999999998493987
            ]
        ],
        [
            [
                0.9999999943883744,
                5.602796402787851e-09,
                1.6586783486268495e-12,
                6.5602001274663944e-12,
                6.101936639760162e-13
            ],
            [
                0.9999999969816362,
                2.9989608137985724e-09,
                4.5087552256686894e-12,
                1.3887943813751919e-11,
                1.0060392755735248e-12
            ],
            [
                3.701011677755055e-13,
                3.775134543424705e-11,
                0.9999999998114302,
                7.991959891145183e-11,
                7.052879849515944e-11
            ],
            [
                1.6333383352500908e-10,
                2.4240890221780933e-08,
                2.9531449872892206e-07,
                0.8519525286410609,
                0.1480471516402163
            ],
            [
                2.73469828095054e-12,
                0.0,
                0.0,
                3.775134529589189e-11,
                0.9999999999595139
            ]
        ],
        [
            [
                0.9999999317303628,
                6.825604228737462e-08,
                3.511422551893833e-12,
                9.545036114854295e-12,
                5.384940890242129e-13
            ],
            [
                0.9999993523937523,
                6.475946143858267e-07,
                2.7346983523851037e-12,
                8.423463941724975e-12,
                4.752193168413944e-13
            ],
            [
                6.431393940836349e-14,
                3.0988191384251884e-12,
                0.9999999999948348,
                1.4637785139857874e-12,
                5.384940217238557e-13
            ],
            [
                3.156128265672073e-10,
                1.634914917916386e-07,
                2.256930427228455e-06,
                0.9984964008724339,
                0.0015011783900342435
            ],
            [
                2.7346982772999804e-12,
                0.0,
                0.0,
                2.7894680782907964e-10,
                0.9999999997183184
            ]
        ],
        [
            [
                0.9999999865478657,
                1.3440409763328468e-08,
                2.4133627381106306e-12,
                8.423463636765266e-12,
                8.878265354401207e-13
            ],
            [
                0.9999982396403718,
                1.7603431332615777e-06,
                3.0988135427664544e-12,
                1.2256045311666654e-11,
                1.1399897944074207e-12
            ],
            [
                5.166657661790783e-10,
                8.243876756138693e-07,
                0.9914117402256684,
                0.008577391772110924,
                1.0043097879444337e-05
            ],
            [
                3.5108663832706925e-12,
                3.3310172801223796e-11,
                2.9396124321637635e-11,
                0.00015843624646495638,
                0.9998415636873179
            ],
            [
                1.8795288090363467e-12,
                0.0,
                1.1399918484937157e-12,
                5.905303975371142e-10,
                0.9999999994064501
            ]
        ],
        [
            [
                0.9999999907476845,
                9.237449569498442e-09,
                3.511422078225169e-12,
                1.0815941449011935e-11,
                5.384940163847706e-13
            ],
            [
                0.9999999895181598,
                1.0467401678845707e-08,
                2.734698261312282e-12,
                1.0815941437527581e-11,
                8.878265380156214e-13
            ],
            [
                2.8823507931385506e-13,
                2.2897348454025968e-11,
                0.9999999999488212,
                1.2256067442799032e-11,
                1.5737102105193088e-11
            ],
            [
                6.539387181179506e-12,
                1.9110890673815988e-10,
                3.150853195594513e-10,
                0.0031726830647101126,
                0.9968273164225562
            ],
            [
                2.1297851667679547e-12,
                7.835041769658221e-13,
                0.0,
                3.5817479232403326e-10,
                0.999999999638912
            ]
        ],
        [
            [
                0.9999999950453324,
                4.9444504731921814e-09,
                2.4133627578022023e-12,
                7.43368062913363e-12,
                3.701011657075419e-13
            ],
            [
                0.9999999943871067,
                5.602796404082589e-09,
                1.879528805316289e-12,
                7.433680627965176e-12,
                7.835041738280822e-13
            ],
            [
                1.2015425730648077e-13,
                6.560200167540254e-12,
                0.9999999999863973,
                4.508755241873156e-12,
                2.4133627716075107e-12
            ],
            [
                3.173541657582451e-11,
                2.2248244650420904e-09,
                2.71039106090006e-08,
                0.04742587394672394,
                0.9525740966928055
            ],
            [
                3.09881912443266e-12,
                1.463778507376185e-12,
                2.4133627607048005e-12,
                2.9989608110286047e-09,
                0.9999999969940632
            ]
        ],
        [
            [
                0.9999999468103558,
                5.3157849681225924e-08,
                7.433680271983047e-12,
                2.2897347223231755e-11,
                1.4637784352885508e-12
            ],
            [
                0.9999998554880536,
                1.4449803162054725e-07,
                3.0988192890460477e-12,
                1.0815942081968784e-11,
                0.0
            ],
            [
                1.1030771971024961e-09,
                0.00015843563890290076,
                0.9998374906323767,
                3.7260490902528495e-06,
                3.4657655290372614e-07
            ],
            [
                2.4326462129330216e-10,
                2.1897983355730892e-08,
                2.3542550780594337e-07,
                0.3208212110537843,
                0.6791785313794598
            ],
            [
                1.2917800006917738e-12,
                0.0,
                0.0,
                1.6918979172527574e-10,
                0.9999999998295184
            ]
        ],
        [
            [
                0.99999991234697,
                8.76424914406933e-08,
                2.4133630264423e-12,
                7.433681456603384e-12,
                6.914400836407447e-13
            ],
            [
                0.9999989322759162,
                1.0677030760637349e-06,
                3.9789552606218246e-12,
                1.5737073332827754e-11,
                1.2917776428693608e-12
            ],
            [
                1.2917800017641337e-12,
                2.061153617616899e-09,
                0.9999999977229403,
                1.9171715092734702e-10,
                2.2897348402891737e-11
            ],
            [
                8.949204764245919e-11,
                8.055817402983802e-09,
                1.1120712896890026e-07,
                0.3208212684591218,
                0.6791786121884398
            ],
            [
                1.1399918490464834e-12,
                0.0,
                0.0,
                8.59216658904198e-10,
                0.9999999991396433
            ]
        ],
        [
            [
                0.9999999961432009,
                3.850741906145101e-09,
                1.658678351754207e-12,
                3.978962518661234e-12,
                4.193795640276168e-13
            ],
            [
                0.9999999677368816,
                3.224186631076923e-08,
                4.508755093811249e-12,
                1.5737101588604297e-11,
                1.0060392461521527e-12
            ],
            [
                1.361526107926543e-13,
                8.423463753459516e-12,
                0.9999999999601197,
                8.423463753459516e-12,
                2.2897348453712428e-11
            ],
            [
                1.6719316066202639e-10,
                9.128437270340906e-09,
                1.8334956384443471e-07,
                0.32082123862998296,
                0.6791785687248227
            ],
            [
                2.4133627574227748e-12,
                0.0,
                0.0,
                1.6052280456006286e-09,
                0.9999999983923586
            ]
        ],
        [
            [
                0.9999999983843209,
                1.605228051517926e-09,
                2.1297851660895717e-12,
                7.433680655367435e-12,
                8.878265458174264e-13
            ],
            [
                0.9999998554882205,
                1.444980316472551e-07,
                3.5114222843651952e-12,
                9.545035387636059e-12,
                6.914400443636884e-13
            ],
            [
                1.542811202267262e-13,
                2.594609496721485e-11,
                0.9999999994434654,
                7.052879846885281e-11,
                4.599055375896046e-10
            ],
            [
                1.6584158523929e-12,
                2.0203641106111405e-11,
                4.8466015497628744e-11,
                0.00015843624663625092,
                0.9998415636830357
            ],
            [
                3.978962510865534e-12,
                0.0,
                0.0,
                6.691586049296829e-10,
                0.9999999993268625
            ]
        ],
        [
            [
                0.9999999936421498,
                6.3488000731022035e-09,
                1.8795288038264853e-12,
                6.560200123782452e-12,
                6.101936636333561e-13
            ],
            [
                0.9999999918319332,
                8.152020642428923e-09,
                3.0988191113368627e-12,
                1.2256067335789853e-11,
                6.914400045836091e-13
            ],
            [
                3.139864336122787e-09,
                8.259997748450981e-06,
                0.07584329319906437,
                0.9239604469810954,
                0.0001879966822275113
            ],
            [
                2.6627483670922282e-11,
                1.4538113484701133e-09,
                5.74993542385192e-09,
                0.6224593195069961,
                0.37754067326262963
            ],
            [
                1.8795287986156816e-12,
                0.0,
                4.50875519929882e-12,
                7.194132961721309e-09,
                0.9999999927994788
            ]
        ],
        [
            [
                0.9999999907547777,
                9.237449573259697e-09,
                1.2917799923805197e-12,
                5.789356273133164e-12,
                6.914400040538473e-13
            ],
            [
                0.9999999317206825,
                6.825604227779793e-08,
                3.978963032184195e-12,
                1.7832475132619113e-11,
                1.4637786967217494e-12
            ],
            [
                7.287724095114506e-14,
                1.2256067442913543e-11,
                0.9999999999460143,
                1.2256067442913543e-11,
                2.9400777389999806e-11
            ],
            [
                3.671662932668308e-10,
                5.4492309499713465e-08,
                5.858469792636894e-07,
                0.9046499556027386,
                0.09534940369080634
            ],
            [
                0.0,
                0.0,
                1.0060392764096796e-12,
                1.2501528628158223e-09,
                0.999999998748841
            ]
        ],
        [
            [
                0.9999999990102493,
                9.736200298299217e-10,
                2.7346982874600407e-12,
                1.2256067425581888e-11,
                1.1399918513219507e-12
            ],
            [
                0.9999999677492185,
                3.224186632119369e-08,
                1.8795287552496103e-12,
                6.5601999542324984e-12,
                4.752192907807097e-13
            ],
            [
                1.562994528544291e-08,
                0.3775404570071112,
                0.6224589616266205,
                5.175927022170741e-07,
                4.81436208158882e-08
            ],
            [
                2.108760070682144e-10,
                5.159965763768478e-08,
                9.146249438954462e-07,
                0.970686827691518,
                0.029312205873004444
            ],
            [
                8.878265454896122e-13,
                6.101936661410357e-13,
                8.878265454896122e-13,
                5.90530398327095e-10,
                0.9999999994070838
            ]
        ],
        [
            [
                0.9999999677498546,
                3.224186631793421e-08,
                1.8795287550596e-12,
                5.7893561393605114e-12,
                6.101936478010665e-13
            ],
            [
                0.9999999936438937,
                6.34880007238141e-09,
                1.6586783475070895e-12,
                5.109088992926855e-12,
                5.384940180720468e-13
            ],
            [
                1.91716444698925e-10,
                1.3709553404196318e-06,
                0.9999968362696924,
                1.7603415022426022e-06,
                3.224174852778521e-08
            ],
            [
                3.32512667060487e-11,
                1.4138798382138542e-09,
                1.341451840932638e-08,
                0.11920292170090781,
                0.8807970634374427
            ],
            [
                5.10908900725352e-12,
                0.0,
                0.0,
                2.172439926230463e-10,
                0.999999999777647
            ]
        ],
        [
            [
                0.9999999969900872,
                2.9989608142678142e-09,
                2.734698281935507e-12,
                7.43368064610346e-12,
                7.835041757398433e-13
            ],
            [
                0.9999998874477977,
                1.1253518378276362e-07,
                3.978962856300108e-12,
                1.225606843119461e-11,
                7.835042416093191e-13
            ],
            [
                2.940078074254473e-11,
                6.825604153991982e-08,
                0.9999999204888985,
                1.0467402987320464e-08,
                7.582561291810923e-10
            ],
            [
                7.23810033718647e-11,
                5.0743000874515785e-09,
                2.2741435241547226e-08,
                0.37754066498991956,
                0.622459307121964
            ],
            [
                0.0,
                0.0,
                1.879528806260696e-12,
                1.1032560263102904e-09,
                0.9999999988948645
            ]
        ],
        [
            [
                0.9999999983862284,
                1.6052280517585895e-09,
                1.2917800020281584e-12,
                6.5602001541483224e-12,
                6.914400092178561e-13
            ],
            [
                0.999999990749452,
                9.23744957227077e-09,
                2.4133627483983668e-12,
                9.545034830154011e-12,
                1.1399918419745175e-12
            ],
            [
                1.081594113643839e-11,
                6.348799869012445e-09,
                0.9999999613362607,
                2.5109990580412328e-08,
                7.194132750402321e-09
            ],
            [
                4.9746691071568964e-11,
                3.95186915698135e-09,
                5.455387095117948e-08,
                0.3775406462875927,
                0.6224592951569206
            ],
            [
                1.2256067379305519e-11,
                3.098819122339346e-12,
                3.97896251480172e-12,
                1.4166087791540323e-09,
                0.9999999985640573
            ]
        ],
        [
            [
                0.9999999965945943,
                3.398267806543352e-09,
                1.6586783525925587e-12,
                5.109089008591203e-12,
                3.701011664487114e-13
            ],
            [
                0.9999999715362015,
                2.8453347266857784e-08,
                2.1297851093545096e-12,
                7.43368045734261e-12,
                8.878265221667336e-13
            ],
            [
                1.201542573012794e-13,
                7.433680671335176e-12,
                0.9999999999431082,
                6.560200167256268e-12,
                4.277787868383748e-11
            ],
            [
                8.626564601350817e-11,
                9.970952973746978e-09,
                1.6768580569865129e-06,
                0.95257251586625,
                0.047425797218474376
            ],
            [
                2.1297851593276727e-12,
                0.0,
                1.6586783498582482e-12,
                1.6052280464214544e-09,
                0.9999999983909835
            ]
        ],
        [
            [
                0.9999999961379211,
                3.8507419058889664e-09,
                2.129785161620468e-12,
                8.42346371754675e-12,
                7.835041750721676e-13
            ],
            [
                0.9999998554766133,
                1.4449803162892075e-07,
                5.109089276202134e-12,
                1.7832473774235933e-11,
                2.4133628890456877e-12
            ],
            [
                9.35762296788578e-14,
                8.42346375360953e-12,
                0.9999999999885696,
                2.1297851707385662e-12,
                7.835041784265285e-13
            ],
            [
                1.1835335767675275e-08,
                0.001926255767220338,
                0.00020302586417284268,
                0.9978254053396839,
                4.530119358715975e-05
            ],
            [
                0.0,
                1.879528736368709e-12,
                3.098819006543224e-12,
                4.1399375421981666e-08,
                0.9999999585956463
            ]
        ],
        [
            [
                0.9999999992312927,
                7.582560419005641e-10,
                2.1297851684541983e-12,
                7.433680663620791e-12,
                8.878265468031493e-13
            ],
            [
                0.9999999943832594,
                5.602796404296837e-09,
                3.511422092543846e-12,
                9.545034866211572e-12,
                8.878265425786431e-13
            ],
            [
                2.0516587943670875e-08,
                0.0001662476340150464,
                0.8170690652414406,
                0.18231275846990236,
                0.00045190813805395135
            ],
            [
                6.534017136544093e-11,
                9.697341248648803e-09,
                1.1813791386158526e-07,
                0.18242550701795313,
                0.8175743650814515
            ],
            [
                3.978962511188273e-12,
                0.0,
                4.508755214363886e-12,
                2.3355930243307525e-09,
                0.9999999976559193
            ]
        ],
        [
            [
                0.9999999317338794,
                6.825604229455837e-08,
                2.7346986333973276e-12,
                6.560200988102435e-12,
                7.835042764353408e-13
            ],
            [
                0.9999999907513056,
                9.237449571081251e-09,
                2.12978515000035e-12,
                8.423463671588295e-12,
                6.914400038907867e-13
            ],
            [
                1.09585280959643e-09,
                1.2017485277604334e-06,
                0.993289474372982,
                0.006692733155933029,
                1.6589626704465812e-05
            ],
            [
                1.1225758951688469e-10,
                4.212434969185225e-09,
                2.4240889546173412e-08,
                0.14804719921533152,
                0.8519527722190863
            ],
            [
                1.6586783516251332e-12,
                0.0,
                0.0,
                2.940077726364237e-11,
                0.9999999999689406
            ]
        ],
        [
            [
                0.9999999961369783,
                3.8507419053153605e-09,
                2.734698279197729e-12,
                9.545034879580811e-12,
                0.0
            ],
            [
                0.9999999634579151,
                3.653482078534932e-08,
                1.4637784599631905e-12,
                5.109088839016862e-12,
                6.914399851093637e-13
            ],
            [
                1.9810087969401595e-13,
                1.783247289816511e-11,
                0.9999999994735904,
                4.8473687035570625e-11,
                4.599055376078111e-10
            ],
            [
                9.483431713558797e-11,
                9.673363331234158e-09,
                1.9429469636091332e-07,
                0.9241416368718661,
                0.07585815906523988
            ],
            [
                3.978962518211699e-12,
                0.0,
                0.0,
                6.224144595336797e-11,
                0.9999999999337796
            ]
        ],
        [
            [
                0.9999999936422215,
                6.348800071431062e-09,
                1.8795288033317525e-12,
                6.5602001220556655e-12,
                5.3849401799144e-13
            ],
            [
                0.9999989322707445,
                1.067703076058213e-06,
                4.5087469983724135e-12,
                2.0206802143525203e-11,
                1.4637758377161573e-12
            ],
            [
                3.442477108184542e-14,
                2.413362771633109e-12,
                0.9999999999970042,
                4.752193062377122e-13,
                7.287724095215427e-14
            ],
            [
                4.2307900006005735e-11,
                1.1730808088041522e-08,
                9.822085357406587e-08,
                0.9890129474828818,
                0.01098694252314862
            ],
            [
                1.8795288090689706e-12,
                0.0,
                0.0,
                9.736200274313423e-10,
                0.9999999990245005
            ]
        ],
        [
            [
                0.9999999988852157,
                1.1032560306658883e-09,
                2.4133627681633354e-12,
                8.423463741659512e-12,
                6.914400096425825e-13
            ],
            [
                0.9999997617351399,
                2.382369843869356e-07,
                5.789356757318429e-12,
                2.0206840586140504e-11,
                1.879528955681163e-12
            ],
            [
                1.2015425730556264e-13,
                9.54503492187502e-12,
                0.9999999999787561,
                5.7893563281449805e-12,
                5.7893563281449805e-12
            ],
            [
                5.899798646685446e-10,
                7.331366982557485e-07,
                2.1425394920263604e-05,
                0.9990668099041133,
                0.0009110309742882572
            ],
            [
                2.129785162732269e-12,
                8.878265444178943e-13,
                0.0,
                8.592166585998078e-10,
                0.9999999991377657
            ]
        ],
        [
            [
                0.9999999881233014,
                1.1861120007164259e-08,
                3.978962487470382e-12,
                1.0815941425810942e-11,
                7.835041689824399e-13
            ],
            [
                0.9999999907472169,
                9.237449570317158e-09,
                3.978962496358206e-12,
                1.0815941449970552e-11,
                5.384940164324973e-13
            ],
            [
                1.0603575990661667e-13,
                8.423463753783734e-12,
                0.9999999999809313,
                3.97896253551371e-12,
                6.560200167620367e-12
            ],
            [
                0.0,
                5.625237350493832e-10,
                2.2248245305841577e-09,
                0.04742587520410626,
                0.9525741220085455
            ],
            [
                1.8795288074823187e-12,
                0.0,
                1.8795288074823187e-12,
                3.3982678031200564e-09,
                0.9999999965979731
            ]
        ],
        [
            [
                0.9999999950465712,
                4.944450475172681e-09,
                1.879528806364566e-12,
                6.560200132641223e-12,
                5.384940188603555e-13
            ],
            [
                0.999998932279801,
                1.067703076207351e-06,
                3.9789552611570314e-12,
                1.2256045036506936e-11,
                8.87824924645406e-13
            ],
            [
                4.4202281032702314e-14,
                3.0988191384617754e-12,
                0.9999999999960005,
                7.83504178440688e-13,
                7.287724095208113e-14
            ],
            [
                1.6049955514910133e-09,
                3.2882835323389465e-06,
                9.609773110223501e-05,
                0.9998552190264028,
                4.5393353966995746e-05
            ],
            [
                1.2917799995623596e-12,
                0.0,
                0.0,
                1.917171506005748e-10,
                0.9999999998069911
            ]
        ],
        [
            [
                0.9999999961397459,
                3.850741906339892e-09,
                2.4133627615375205e-12,
                6.5602001401671824e-12,
                5.384940194781239e-13
            ],
            [
                0.9999986290187459,
                1.3709566539811679e-06,
                5.1090799633412805e-12,
                1.783244126915764e-11,
                1.6586754160298537e-12
            ],
            [
                2.1722743502664024e-10,
                7.48461246315848e-05,
                0.999923352049782,
                1.7602121373927946e-06,
                4.139622169986633e-08
            ],
            [
                5.4822064780047364e-11,
                2.993183317987779e-09,
                1.1838269668407643e-08,
                0.22270014053893603,
                0.777299844574789
            ],
            [
                6.101936664573661e-13,
                0.0,
                0.0,
                3.1608814475631244e-10,
                0.9999999996833016
            ]
        ],
        [
            [
                0.9999999973428879,
                2.6465736308027223e-09,
                2.4133627644411386e-12,
                7.433680649582993e-12,
                6.914400085761553e-13
            ],
            [
                0.9999999991279684,
                8.592166605166406e-10,
                2.1297851674836226e-12,
                9.545034907279476e-12,
                1.1399918511858407e-12
            ],
            [
