{
    "[['E', 'D', 'C', 'B', 'A'], ['E', 'D', 'C', 'B', 'A']]": [
        [
            [
                0.9999999943732623,
                5.6027964017634475e-09,
                3.9789625104315885e-12,
                1.783247279428616e-11,
                2.12978515735712e-12
            ],
            [
                0.9999999585911508,
                4.13993754545113e-08,
                2.129785081784332e-12,
                6.560199893486367e-12,
                7.835041457020947e-13
            ],
            [
                8.878265477479069e-13,
                2.5946094979898964e-11,
                0.9999999999444795,
                2.2897348453926558e-11,
                5.7893563280912274e-12
            ],
            [
                6.525955074355388e-12,
                1.15675321490554e-10,
                8.547314397555417e-10,
                0.005220125691823584,
                0.9947798733312438
            ],
            [
                0.9999999950349479,
                4.944450474812432e-09,
                3.978962514007881e-12,
                1.3887943788772074e-11,
                2.7346982765887905e-12
            ]
        ],
        [
            [
                0.9999999950467426,
                4.944450474870751e-09,
                2.129785159296492e-12,
                5.789356297037407e-12,
                8.878265429856494e-13
            ],
            [
                0.9999999677486598,
                3.2241866319638056e-08,
                2.1297851014029536e-12,
                6.560199953915976e-12,
                7.835041529193822e-13
            ],
            [
                3.5114221055920463e-12,
                4.0586521174780744e-10,
                0.9999999978536305,
                1.6052280516269845e-09,
                1.3176514240884475e-10
            ],
            [
                1.6286342021738617e-07,
                9.559845490094305e-05,
                0.005219498783618462,
                0.9946605688233636,
                2.4171074696712723e-05
            ],
            [
                0.999999997643441,
                2.3355930320782e-09,
                3.9789625243869785e-12,
                1.3887943824998681e-11,
                3.098819129804353e-12
            ]
        ],
        [
            [
                0.9999999827286178,
                1.7257827676807815e-08,
                2.1297851325565287e-12,
                9.545034750747101e-12,
                1.8795287826518584e-12
            ],
            [
                0.9999999585866861,
                4.1399375454326466e-08,
                2.7346981770812533e-12,
                9.545034523159286e-12,
                1.6586782894600285e-12
            ],
            [
                2.3659776089414275e-14,
                1.4637785140062975e-12,
                0.9999999999982054,
                2.244777054837544e-13,
                8.258073284881119e-14
            ],
            [
                5.3026731252549004e-11,
                1.3675774237008834e-09,
                1.6660503705030428e-08,
                0.14804720095372492,
                0.8519527809651672
            ],
            [
                0.9999999778248302,
                2.2159489265172962e-08,
                2.7346982288758737e-12,
                1.0815941309239098e-11,
                2.1297851221125144e-12
            ]
        ],
        [
            [
                0.999999992771713,
                7.194132972869129e-09,
                5.109088987259365e-12,
                2.594609477554506e-11,
                3.098819113972973e-12
            ],
            [
                0.9999999927985784,
                7.194132974269045e-09,
                1.2917799947205084e-12,
                5.109088988253549e-12,
                8.87826540928064e-13
            ],
            [
                1.9810087978696182e-13,
                1.5737102105438056e-11,
                0.9999999999643874,
                1.38879438637066e-11,
                5.789356328206481e-12
            ],
            [
                2.5661038161772352e-11,
                3.542397049956852e-10,
                4.315523066751315e-09,
                0.010986942313702095,
                0.989013052990874
            ],
            [
                0.9999999936349411,
                6.348800068628842e-09,
                3.9789625061210954e-12,
                1.0815941476508837e-11,
                1.4637785031939501e-12
            ]
        ],
        [
            [
                0.9999999748812516,
                2.5109990915160037e-08,
                1.6586783164874716e-12,
                6.560200000352689e-12,
                5.384940080014514e-13
            ],
            [
                0.9999999965953212,
                3.398267806154083e-09,
                1.2917799997147002e-12,
                3.978962520216549e-12,
                1.1399918485689524e-12
            ],
            [
                3.9008376098591727e-14,
                1.6586783587775081e-12,
                0.9999999999974907,
                6.914400106370256e-13,
                1.2015425730781368e-13
            ],
            [
                3.5114024674824412e-12,
                5.789323938127216e-12,
                1.783237313806394e-11,
                6.144172117815186e-06,
                0.9999938558007491
            ],
            [
                0.9999999927920623,
                7.194132974222167e-09,
                2.1297851543467234e-12,
                9.545034848403978e-12,
                2.1297851543467234e-12
            ]
        ],
        [
            [
                0.9999999715390538,
                2.8453347265196578e-08,
                1.8795287620664146e-12,
                5.10908887999126e-12,
                6.101936500758462e-13
            ],
            [
                0.9999982396357399,
                1.7603431335784979e-06,
                5.109079802812478e-12,
                1.3887918788132282e-11,
                2.129781325299085e-12
            ],
            [
                6.789973084789443e-08,
                0.005220120935972907,
                0.9947789645234255,
                8.271872721202327e-07,
                1.9453598593437574e-08
            ],
            [
                1.671931636272176e-10,
                6.273877179289212e-09,
                2.6677204599887917e-07,
                0.3208212059972165,
                0.6791785207896671
            ],
            [
                0.999999995627064,
                4.363462230553938e-09,
                2.129785160027448e-12,
                6.560200134492131e-12,
                7.835041744861285e-13
            ]
        ],
        [
            [
                0.9999999936436486,
                6.348800072768628e-09,
                1.6586783476082535e-12,
                5.109088993238462e-12,
                7.835041731658732e-13
            ],
            [
                0.9999999881290963,
                1.1861120004360295e-08,
                1.6586783383598143e-12,
                7.433680580233683e-12,
                6.914400021256646e-13
            ],
            [
                6.5602001641149465e-12,
                2.461696950299824e-10,
                0.9999999994137438,
                2.1724399337415394e-10,
                1.1628233023061969e-10
            ],
            [
                6.495414045481763e-10,
                3.129665752292134e-08,
                4.099053217393618e-06,
                0.9706837585688766,
                0.02931211043170707
            ],
            [
                0.9999999990073438,
                9.736200292603344e-10,
                2.4133627667750177e-12,
                1.3887943835856112e-11,
                2.7346982858601874e-12
            ]
        ],
        [
            [
                0.9999999907488487,
                9.237449570332232e-09,
                1.879528797893575e-12,
                1.0815941449988202e-11,
                1.0060392693030957e-12
            ],
            [
                0.999999814448542,
                1.8553915976464324e-07,
                2.7346986380079427e-12,
                7.433681614008693e-12,
                2.1297854407448903e-12
            ],
            [
                1.658678358373725e-12,
                1.1628233026431729e-10,
                0.999999999736376,
                1.1628233026431729e-10,
                2.940077738326402e-11
            ],
            [
                4.50875557350745e-12,
                5.109089403376399e-12,
                6.560200650065304e-12,
                2.382369842510411e-07,
                0.9999997617468377
            ],
            [
                1.2256067405936103e-11,
                0.0,
                0.0,
                1.0261879599748084e-10,
                0.9999999998851252
            ]
        ],
        [
            [
                0.9999999468318492,
                5.315784969636458e-08,
                2.734698145083105e-12,
                6.560199816697511e-12,
                1.0060392253857525e-12
            ],
            [
                0.9999997617465586,
                2.3823698437312485e-07,
                3.51142237312458e-12,
                1.081594235736607e-11,
                2.1297853285009524e-12
            ],
            [
                7.889257507916537e-06,
                0.9999918700402187,
                2.3823493388396063e-07,
                2.335575336657321e-09,
                1.3176414401444118e-10
            ],
            [
                5.201373252279378e-10,
                2.506161981139687e-08,
                5.033760900767034e-07,
                0.8807966050906035,
                0.11920286595154922
            ],
            [
                0.9999999996068232,
                3.5817479264781636e-10,
                3.9789625316102475e-12,
                2.0206839068755732e-11,
                1.0815941545795536e-11
            ]
        ],
        [
            [
                0.9999999748757065,
                2.510999091637775e-08,
                3.0988190596084813e-12,
                9.545034679154372e-12,
                1.6586783165679095e-12
            ],
            [
                0.9999999895239232,
                1.0467401679632358e-08,
                1.879528795869495e-12,
                5.789356265063837e-12,
                1.0060392682196835e-12
            ],
            [
                2.8823507932083935e-13,
                1.5737102105574418e-11,
                0.9999999999665983,
                1.0815941556400133e-11,
                6.56020016761666e-12
            ],
            [
                0.0,
                6.5155306218876154e-09,
                1.308679308800836e-07,
                0.6224592449200766,
                0.3775406176964619
            ],
            [
                0.9999999981716794,
                1.8189616826645185e-09,
                1.6586783544564713e-12,
                6.560200150522996e-12,
                1.1399918499805848e-12
            ]
        ],
        [
            [
                0.999999984753007,
                1.5229979505496883e-08,
                3.098819090048988e-12,
                1.2256067251594676e-11,
                1.6586783328615387e-12
            ],
            [
                0.9999999907503422,
                9.237449572778187e-09,
                1.8795287983912495e-12,
                9.545034830678324e-12,
                7.835041709412964e-13
            ],
            [
                2.043472150089755e-09,
                0.008577485420825764,
                0.9914224834745932,
                2.8209262893076052e-08,
                8.518459276431991e-10
            ],
            [
                9.481147574764509e-12,
                2.4452201875824727e-10,
                5.865778296301188e-10,
                0.006692851404690581,
                0.9933071477547284
            ],
            [
                0.9999999990209665,
                9.736200297727978e-10,
                1.291780002758465e-12,
                3.5114221078651107e-12,
                6.101936668027945e-13
            ]
        ],
        [
            [
                0.9999999965942716,
                3.398267806358612e-09,
                1.4637785084674771e-12,
                5.109089008313458e-12,
                8.878265444139535e-13
            ],
            [
                0.9999999468231806,
                5.315784969303111e-08,
                3.9789623224187215e-12,
                1.2256066786724166e-11,
                2.734698144911615e-12
            ],
            [
                3.0988191297832707e-12,
                2.061153616493153e-09,
                0.9999999971639701,
                6.691586071990878e-10,
                1.0261879602101462e-10
            ],
            [
                3.511348736338782e-12,
                1.5736773253794893e-11,
                1.1627990038844189e-10,
                2.1444939727418074e-05,
                0.9999785549247445
            ],
            [
                0.9999999961317765,
                3.850741905865306e-09,
                2.129785161607381e-12,
                1.3887943804004768e-11,
                1.463778507700851e-12
            ]
        ],
        [
            [
                0.9999999226472414,
                7.734422801169084e-08,
                2.12978541713922e-12,
                5.109089618626685e-12,
                1.2917801541037974e-12
            ],
            [
                0.9999999530764003,
                4.691163796532561e-08,
                1.879528726271224e-12,
                8.423463349916171e-12,
                1.6586782792531254e-12
            ],
            [
                2.244777054776705e-13,
                2.0206839088023328e-11,
                0.9999999999534248,
                1.388794386345278e-11,
                1.2256067442765817e-11
            ],
            [
                1.4521653344703515e-09,
                6.17476412646624e-08,
                2.625579021471255e-06,
                0.9046481110977271,
                0.09534920012344474
            ],
            [
                0.9999999847638954,
                1.52299794958645e-08,
                1.1399918344176176e-12,
                3.978962470823537e-12,
                1.0060392628452784e-12
            ]
        ],
        [
            [
                0.9999999907435807,
                9.23744957028357e-09,
                3.978962496343737e-12,
                1.2256067322450932e-11,
                2.7346982644484137e-12
            ],
            [
                0.9999998554902751,
                1.4449803156551256e-07,
                2.129785273460844e-12,
                8.42346415988402e-12,
                1.1399919079113597e-12
            ],
            [
                3.0988191372808373e-12,
                2.7894680915717886e-10,
                0.9999999995777658,
                1.317651426396823e-10,
                8.423463750551635e-12
            ],
            [
                9.61021275364425e-05,
                0.9999005939384662,
                3.288433970044808e-06,
                1.3439078026054123e-08,
                2.0609493651119365e-09
            ],
            [
                0.9999999994679929,
                5.211412481628769e-10,
                1.658678356921884e-12,
                8.423463744350673e-12,
                7.835041775653207e-13
            ]
        ],
        [
            [
                0.9999999677462884,
                3.2241866322456174e-08,
                2.129785101589109e-12,
                8.42346348011812e-12,
                1.2917799627129802e-12
            ],
            [
                0.9999999881258167,
                1.1861120005047722e-08,
                2.7346982578618633e-12,
                9.54503480511132e-12,
                7.835041688426289e-13
            ],
            [
                1.0815941523311237e-11,
                2.0611536159641726e-09,
                0.9999999969210951,
                9.736200282426733e-10,
                3.331544531701543e-11
            ],
            [
                9.096318544211745e-07,
                0.8519510994975109,
                0.14804690880483734,
                1.0307479286976624e-06,
                5.131786865554802e-08
            ],
            [
                0.9999999979241532,
                2.06115361678068e-09,
                2.4133627652085202e-12,
                1.0815941527595875e-11,
                1.463778510107829e-12
            ]
        ],
        [
            [
                0.9999999918369523,
                8.152020641743513e-09,
                2.1297851519553245e-12,
                7.433680606034065e-12,
                1.4637785010670961e-12
            ],
            [
                0.9999999677402399,
                3.224186631936658e-08,
                3.9789624058619414e-12,
                1.2256067043747378e-11,
                1.6586783047324657e-12
            ],
            [
                2.0206838742930885e-11,
                1.5229979482957723e-08,
                0.9999999828931007,
                1.8189616562908806e-09,
                3.775134479396543e-11
            ],
            [
                1.2494498376571395e-09,
                1.854346207025781e-07,
                1.0124387242458555e-05,
                0.9994369161150296,
                0.0005527728136574037
            ],
            [
                0.999999986553006,
                1.3440409758853685e-08,
                1.2917799863055193e-12,
                4.5087551777916226e-12,
                7.835041672974631e-13
            ]
        ],
        [
            [
                0.9999999961441759,
                3.850741906148856e-09,
                1.291779999211023e-12,
                3.0988191253481605e-12,
                6.914400077099522e-13
            ],
            [
                0.99999998812647,
                1.1861120002573494e-08,
                3.0988190998543025e-12,
                8.423463648815766e-12,
                8.87826536710234e-13
            ],
            [
                1.661201957584196e-08,
                5.914282992242995e-06,
                0.037323213534788936,
                0.9625783406184927,
                9.251495170657209e-05
            ],
            [
                0.0,
                4.050833597542595e-10,
                4.934925583787739e-09,
                0.11920292290785477,
                0.8807970717521363
            ],
            [
                0.9999999943865383,
                5.6027964012721684e-09,
                3.098819118664166e-12,
                6.560200125691713e-12,
                1.0060392727715482e-12
            ]
        ],
        [
            [
                0.9999999317326493,
                6.825604229121926e-08,
                2.734698633263545e-12,
                7.433681601112081e-12,
                1.139991995474298e-12
            ],
            [
                0.9999999677449951,
                3.2241866311030825e-08,
                2.12978510083439e-12,
                9.545034608578338e-12,
                1.463778465932226e-12
            ],
            [
                1.3176514843631972e-10,
                2.382369771199651e-07,
                0.9999997311167548,
                2.8453349328328002e-08,
                2.0611537121547623e-09
            ],
            [
                2.732206154244267e-12,
                4.2738895102556516e-11,
                3.158000935191025e-10,
                0.0009110514041813982,
                0.9990889482345474
            ],
            [
                0.9999999918314305,
                8.1520206416985e-09,
                2.4133627502895452e-12,
                1.2256067334691706e-11,
                1.879528799760857e-12
            ]
        ],
        [
            [
                0.9999998554913989,
                1.4449803163990566e-07,
                2.1297852745573393e-12,
                6.560200487269031e-12,
                1.8795289079671338e-12
            ],
            [
                0.9999999865514508,
                1.3440409760189734e-08,
                1.6586783353497107e-12,
                5.7893562464823936e-12,
                6.914400008708667e-13
            ],
            [
                5.109089010678985e-12,
                2.6465736299038056e-09,
                0.9999999966306852,
                6.691586068523788e-10,
                4.8473686897764526e-11
            ],
            [
                0.0,
                6.281381289052713e-10,
                5.259336161707906e-09,
                0.26894140794344346,
                0.7310585861690823
            ],
            [
                0.9999999961376631,
                3.850741905887973e-09,
                1.8795288083002096e-12,
                8.423463717544578e-12,
                1.2917799991235066e-12
            ]
        ],
        [
            [
                0.99999997781894,
                2.2159489267016794e-08,
                3.098819067913131e-12,
                1.573710174726668e-11,
                2.734698229103421e-12
            ],
            [
                0.9999999895170247,
                1.0467401680201129e-08,
                3.0988191048118173e-12,
                1.0815941438928135e-11,
                1.6586783407635119e-12
            ],
            [
                2.413362768473411e-12,
                9.736200299455152e-10,
                0.9999999986455848,
                3.581747925296791e-10,
                2.0206839062090886e-11
            ],
            [
                1.6781114833429762e-07,
                7.671397928860883e-05,
                0.09532846488661695,
                0.9044513327412617,
                0.00014332058168448268
            ],
            [
                0.9999999927915187,
                7.1941329730116145e-09,
                3.511422085401934e-12,
                9.545034846797842e-12,
                1.291779994494724e-12
            ]
        ],
        [
            [
                0.9999999123474103,
                8.764249143536503e-08,
                1.8795290147145717e-12,
                6.560200859854199e-12,
                1.658678533803486e-12
            ],
            [
                0.9999999468360161,
                5.315784968258997e-08,
                1.4637784353261118e-12,
                3.978962321637183e-12,
                6.914399734716318e-13
            ],
            [
                3.775134506138945e-11,
                5.602796380932262e-09,
                0.999999989987569,
                3.850741883863603e-09,
                5.211412435237683e-10
            ],
            [
                1.658678564754046e-12,
                2.129785435259339e-12,
                3.978963029621286e-12,
                6.825604223383322e-08,
                0.9999999317361904
            ],
            [
                0.9999999965890156,
                3.398267805629653e-09,
                1.879528808870337e-12,
                9.545034883895522e-12,
                1.291779999515349e-12
            ]
        ],
        [
            [
                0.9999998554924738,
                1.4449803164006098e-07,
                2.413362889231749e-12,
                5.789356610355096e-12,
                1.2917800676249035e-12
            ],
            [
                0.9999999827347131,
                1.7257827682061895e-08,
                1.6586783295138384e-12,
                5.1090889375037395e-12,
                6.914399984381131e-13
            ],
            [
                1.29178000409978e-12,
                1.6918979217163646e-10,
                0.9999999995020978,
                2.78946809138711e-10,
                4.847368703695248e-11
            ],
            [
                4.7850859633931005e-06,
                0.9999938352214527,
                1.3709500819004875e-06,
                8.151974946178944e-09,
                5.905270844505079e-10
            ],
            [
                0.9999999827326614,
                1.7257827680969685e-08,
                1.6586783294088646e-12,
                6.56020005145779e-12,
                1.2917799818071933e-12
            ]
        ],
        [
            [
                0.9999999936450759,
                6.348800071948378e-09,
                1.1399918451265939e-12,
                4.5087552109794715e-12,
                4.752193029765013e-13
            ],
            [
                0.999999694085556,
                3.0590235889714764e-07,
                3.5114225541125678e-12,
                7.433681605390425e-12,
                1.1399919961304035e-12
            ],
            [
                2.9400775297126576e-11,
                1.522997865910375e-08,
                0.9999999289361985,
                5.315784875509691e-08,
                2.646573450258581e-09
            ],
            [
                4.6883462082716915e-08,
                3.5336262870885787e-05,
                0.00055275188867947,
                0.9993988654803495,
                1.2999484638028648e-05
            ],
            [
                0.999999990734871,
                9.237449570203113e-09,
                2.4133627478581742e-12,
                1.7832472730993476e-11,
                7.433680598503867e-12
            ]
        ],
        [
            [
                0.9999998874571849,
                1.1253518378382001e-07,
                1.6586784925186002e-12,
                4.508755605469153e-12,
                1.4637786320313507e-12
            ],
            [
                0.9999996072050423,
                3.9278636969229397e-07,
                1.6586784228658935e-12,
                5.789356551943886e-12,
                1.1399918969976472e-12
            ],
            [
                9.545034892991666e-12,
                1.2501528624773e-09,
                0.9999999969433571,
                1.605228050165788e-09,
                1.9171715077629875e-10
            ],
            [
                3.0988191293004726e-12,
                1.1399918495784333e-12,
                1.2917800008585918e-12,
                9.736200283408553e-10,
                0.9999999990208495
            ],
            [
                0.9999999778366223,
                2.215948925084551e-08,
                7.83504160031421e-13,
                2.4133627149261523e-12,
                6.914399943898742e-13
            ]
        ],
        [
            [
                0.9999999943904259,
                5.6027964038339865e-09,
                1.6586783489365523e-12,
                3.978962511902033e-12,
                1.1399918461868037e-12
            ],
            [
                0.9999999778296574,
                2.2159489263042697e-08,
                1.879528773254363e-12,
                6.56020001707526e-12,
                2.413362716254533e-12
            ],
            [
                5.675685232296577e-14,
                3.0988191385382965e-12,
                0.9999999999957023,
                8.878265477933838e-13,
                2.543665647226273e-13
            ],
            [
                3.337125370560117e-09,
                2.064608327666762e-07,
                5.324695056639331e-06,
                0.9820083571317413,
                0.017986108375243805
            ],
            [
                0.9999999936366786,
                6.348800072335602e-09,
                2.4133627552185077e-12,
                1.0815941482823746e-11,
                1.2917799958927849e-12
            ]
        ],
        [
            [
                0.9999999961326114,
                3.850741904955453e-09,
                3.0988191243877892e-12,
                1.2256067387407269e-11,
                1.2917799988106807e-12
            ],
            [
                0.9999999317352165,
                6.82560422877059e-08,
                2.4133630732331813e-12,
                5.789357051751587e-12,
                5.384940890268266e-13
            ],
            [
                1.225606690665783e-11,
                4.1399375372444744e-08,
                0.9999999562194603,
                2.335592936381087e-09,
                3.331544396074624e-11
            ],
            [
                2.5101995314850412e-08,
                3.534624130245242e-05,
                0.0002611753598701606,
                0.9996820147177766,
                2.14385790555384e-05
            ],
            [
                0.9999999748764545,
                2.5109990902140214e-08,
                2.129785115374429e-12,
                9.545034673742271e-12,
                1.8795287674887088e-12
            ]
        ],
        [
            [
                0.9999999677484686,
                3.2241866313677935e-08,
                2.4133626925734045e-12,
                6.56019995270328e-12,
                6.914399879857048e-13
            ],
            [
                0.9999999715387081,
                2.8453347263212393e-08,
                1.4637784716004759e-12,
                5.789356160539301e-12,
                6.914399906064281e-13
            ],
            [
                2.2447770548537432e-13,
                1.2256067443186434e-11,
                0.99999999996828,
                1.081594155647993e-11,
                8.423463753841118e-12
            ],
            [
                0.0,
                1.570678563237707e-11,
                7.039292949876727e-11,
                0.0019267343332795422,
                0.9980732655806207
            ],
            [
                0.9999999969819224,
                2.9989608142433284e-09,
                3.0988191277544264e-12,
                1.3887943815811548e-11,
                2.1297851634180093e-12
            ]
        ],
        [
            [
                0.9999999677474302,
                3.224186631959841e-08,
                2.1297851014003347e-12,
                7.433680429579813e-12,
                1.1399918158140057e-12
            ],
            [
                0.9999997617457812,
                2.382369843542075e-07,
                3.098819367702628e-12,
                1.2256068349736125e-11,
                1.8795289554229605e-12
            ],
            [
                7.052879727499703e-11,
                1.522997947778405e-08,
                0.9999999825760965,
                2.061153586313703e-09,
                6.224144513820173e-11
            ],
            [
                7.188619351210974e-09,
                1.3699070586839725e-06,
                0.00043041220853443595,
                0.9992330054905757,
                0.000335205205211776
            ],
            [
                0.9999999965813806,
                3.398267804569065e-09,
                2.734698279580425e-12,
                1.573710203774178e-11,
                1.8795288082837428e-12
            ]
        ],
        [
            [
                0.9999999827290739,
                1.7257827680907773e-08,
                2.4133627288945005e-12,
                9.545034753014723e-12,
                1.1399918327615434e-12
            ],
            [
                0.9999998144493344,
                1.8553915978902628e-07,
                2.4133630778614785e-12,
                7.433681614985606e-12,
                1.6586785692441765e-12
            ],
            [
                6.560200149704036e-12,
                2.061153616641821e-09,
                0.9999999972253764,
                6.691586072473532e-10,
                3.775134533662004e-11
            ],
            [
                3.535065760628546e-05,
                0.9998060486329826,
                0.0001584306558233527,
                1.6370602255166686e-07,
                6.347565288210028e-09
            ],
            [
                0.9999999973340261,
                2.646573630636247e-09,
                3.098819129035291e-12,
                1.3887943821551985e-11,
                2.413362764289333e-12
            ]
        ],
        [
            [
                0.9999999895234669,
                1.0467401678901259e-08,
                1.8795287957382188e-12,
                6.560200095551627e-12,
                6.914400030418099e-13
            ],
            [
                0.9999999827321858,
                1.7257827679763977e-08,
                2.7346982427546905e-12,
                6.560200050999464e-12,
                6.914399983460464e-13
            ],
            [
                9.3576229681309e-14,
                3.098819138486946e-12,
                0.9999999999947322,
                1.2917800046880837e-12,
                7.835041784470521e-13
            ],
            [
                0.0,
                8.417489184097853e-12,
                4.2747537317779974e-11,
                0.0007096703427110205,
                0.999290329606124
            ],
            [
                0.9999999976409333,
                2.3355930315185397e-09,
                3.5114221024302756e-12,
                1.7832472852556814e-11,
                2.1297851643165573e-12
            ]
        ],
        [
            [
                0.9999999778288173,
                2.2159489274126914e-08,
                2.1297851229730936e-12,
                8.423463564693422e-12,
                1.1399918273610715e-12
            ],
            [
                0.9999999961344554,
                3.8507419063195206e-09,
                3.0988191254854995e-12,
                1.0815941511086376e-11,
                8.878265440536949e-13
            ],
            [
                8.423463736119865e-12,
                1.2501528636635418e-09,
                0.9999999978550211,
                6.691586076716539e-10,
                2.1724399303468036e-10
            ],
            [
                2.510863996179229e-07,
                0.004307195603777344,
                0.49784405134844933,
                0.49784405134844933,
                4.450612924358488e-06
            ],
            [
                0.9999999950390006,
                4.944450474489381e-09,
                2.413362758435359e-12,
                1.225606737605956e-11,
                1.8795288061048234e-12
            ]
        ],
        [
            [
                0.9999999961434487,
                3.850741905643053e-09,
                1.2917799990413451e-12,
                3.511422097760931e-12,
                1.006039274809378e-12
            ],
            [
                0.999999997343328,
                2.6465736306608653e-09,
                1.6586783537448316e-12,
                7.433680649184548e-12,
                1.0060392761479177e-12
            ],
            [
                2.2447770548533974e-13,
                1.2256067443184545e-11,
                0.999999999980276,
                4.5087552419582385e-12,
                2.734698291387724e-12
            ],
            [
                1.1399680321033775e-12,
                3.0987543866908287e-12,
                1.5736773268915988e-11,
                2.1444939748024013e-05,
                0.9999785550402766
            ],
            [
                0.9999999961245034,
                3.850741905837298e-09,
                4.508755222471461e-12,
                1.783247282974346e-11,
                2.4133627612225315e-12
            ]
        ],
        [
            [
                0.999999607199686,
                3.9278636977238184e-07,
                3.5114222494781497e-12,
                9.545035292803237e-12,
                8.878265822578489e-13
            ],
            [
                0.9999999317294344,
                6.825604228731124e-08,
                3.0988195257091265e-12,
                9.545036114845432e-12,
                1.879529051258746e-12
            ],
            [
                3.581748011124952e-10,
                8.315279448643479e-07,
                0.9999991139824065,
                5.3157853744042484e-08,
                9.736200532760284e-10
            ],
            [
                2.841532904426402e-08,
                8.927830994652575e-06,
                0.00015824959086494764,
                0.9986634796158501,
                0.001169314546961163
            ],
            [
                0.9999999981603227,
                1.818961682643861e-09,
                3.098819130358441e-12,
                1.573710206439013e-11,
                1.879528811466434e-12
            ]
        ],
        [
            [
                0.9999999950443275,
                4.944450474515719e-09,
                1.6586783497148646e-12,
                8.423463707750409e-12,
                1.1399918467217293e-12
            ],
            [
                0.9999999634567267,
                3.653482076180121e-08,
                1.879528745781347e-12,
                5.78935611078148e-12,
                7.83504149010226e-13
            ],
            [
                5.109089009001871e-12,
                3.3982678068165045e-09,
                0.9999999963118869,
                2.7894680824617233e-10,
                5.7893563071311945e-12
            ],
            [
                4.450691555853363e-07,
                0.9999640059822351,
                3.535622230935956e-05,
                1.8553242709391159e-07,
                7.1938728876631394e-09
            ],
            [
                0.999999996592702,
                3.3982678049963113e-09,
                1.4637785078806763e-12,
                6.560200140164589e-12,
                1.0060392749910355e-12
            ]
        ],
        [
            [
                0.9999999956120951,
                4.3634622304886226e-09,
                3.098819122774803e-12,
                1.783247281637761e-11,
                3.511422095306168e-12
            ],
            [
                0.9999999865480518,
                1.3440409763330969e-08,
                3.098819095421748e-12,
                7.433680568480702e-12,
                1.00603926522584e-12
            ],
            [
                7.582546382066361e-10,
                2.2603252199735076e-06,
                0.999997715998822,
                2.2159448725388363e-08,
                7.582546382066361e-10
            ],
            [
                2.7346986337722763e-12,
                3.511422552744845e-12,
                1.225606897764565e-11,
                3.0590235877799657e-07,
                0.999999694079139
            ],
            [
                0.9999999881054434,
                1.1861120002324096e-08,
                3.511422069260005e-12,
                2.5946094656785325e-11,
                3.9789624858466886e-12
            ]
        ],
        [
            [
                0.9999999936435084,
                6.348800071439233e-09,
                1.2917799957104019e-12,
                5.789356288056661e-12,
                6.101936634735253e-13
            ],
            [
                0.9999998874546624,
                1.125351838018756e-07,
                2.1297853428489017e-12,
                6.560200697621852e-12,
                1.463778632266205e-12
            ],
            [
                1.573710200987591e-11,
                4.363462226051897e-09,
                0.9999999938992903,
                1.6052280452926695e-09,
