{
    "[['E', 'D', 'C', 'B', 'A'], ['E', 'D', 'C', 'B', 'A']]": [
        [
            [
                1.0261879527016198e-10,
                0.0,
                2.129785149228963e-12,
                8.592166531521853e-10,
                0.9999999990360346
            ],
            [
                2.4133492676619697e-12,
                7.43363907657639e-12,
                1.5737014048604846e-11,
                6.144172113337241e-06,
                0.9999938558023026
            ],
            [
                1.5725940070286525e-11,
                1.4920356516528397e-10,
                3.3958574907420423e-09,
                0.0007096703395686326,
                0.9992903260996444
            ],
            [
                3.511422546834316e-12,
                7.433681589982366e-12,
                1.7832475109426753e-11,
                3.059023582630928e-07,
                0.9999996940688641
            ],
            [
                9.54503487901904e-12,
                7.83504174909344e-13,
                0.0,
                2.1724399251052695e-10,
                0.9999999997724274
            ]
        ],
        [
            [
                2.594609473517814e-11,
                0.0,
                0.0,
                2.7894680662508646e-10,
                0.999999999695107
            ],
            [
                8.423463717165033e-12,
                2.1297851615239543e-12,
                2.4133627611455496e-12,
                1.416608780369693e-09,
                0.9999999985704247
            ],
            [
                1.3139169998890743e-10,
                5.586917249355981e-09,
                0.0019249829440520496,
                0.0009092975623794554,
                0.9971657137752596
            ],
            [
                1.879496662842658e-12,
                1.2255857775661044e-11,
                3.331487548375791e-11,
                1.6701415068945582e-05,
                0.9999832985374809
            ],
            [
                7.052879768919382e-11,
                5.109088968523076e-12,
                5.109088968523076e-12,
                2.335593011580827e-09,
                0.99999999758366
            ]
        ],
        [
            [
                8.423464321579344e-12,
                1.3887944799971489e-11,
                3.775134798440479e-11,
                2.3823698278951386e-07,
                0.9999997617029543
            ],
            [
                5.789346050864513e-12,
                9.545017977504108e-12,
                1.7832441250089937e-11,
                1.3709566525152444e-06,
                0.9999986290101807
            ],
            [
                6.559812797239232e-12,
                8.591659263398997e-10,
                0.9999415953276376,
                1.1252852966995691e-07,
                5.829127810695692e-05
            ],
            [
                2.7170486090808506e-11,
                1.0195649686693788e-09,
                6.648398742118057e-09,
                0.07585817518232467,
                0.9241418171225411
            ],
            [
                7.991959816062821e-11,
                3.978962497555409e-12,
                7.433680600832312e-12,
                2.3355930163284604e-09,
                0.9999999975730747
            ]
        ],
        [
            [
                8.423463644001701e-12,
                3.511422067327037e-12,
                5.7893562528079035e-12,
                4.944450437096155e-09,
                0.9999999950378254
            ],
            [
                3.978939990155224e-12,
                8.423416025259446e-12,
                2.289721871501347e-11,
                4.785094842015104e-06,
                0.9999952148698584
            ],
            [
                3.7010114736683154e-13,
                7.052879460595461e-11,
                0.999999944710098,
                2.0611535083128495e-09,
                5.3157849600903404e-08
            ],
            [
                2.1297771128022083e-12,
                5.789334424398214e-12,
                1.573704256471407e-11,
                2.902312195428633e-06,
                0.9999970976641485
            ],
            [
                7.052879752381776e-11,
                0.0,
                5.789356247687816e-12,
                2.06115359358531e-09,
                0.9999999978625282
            ]
        ],
        [
            [
                3.7751344989666414e-11,
                3.978962488078262e-12,
                9.545034808272797e-12,
                5.60279637028762e-09,
                0.9999999943459282
            ],
            [
                1.006037437173699e-12,
                3.0988134646247432e-12,
                4.508746986532285e-12,
                2.2603252682017585e-06,
                0.9999977396661183
            ],
            [
                6.221070663542266e-11,
                8.147994622221136e-09,
                0.9995063117585282,
                0.000158383064775749,
                0.0003352969664907569
            ],
            [
                4.50875557726168e-12,
                4.50875557726168e-12,
                5.789356758836608e-12,
                8.315279878726805e-07,
                0.9999991684572053
            ],
            [
                7.052879769074738e-11,
                3.5114220725324843e-12,
                7.433680585885382e-12,
                3.3982677799672276e-09,
                0.9999999965202582
            ]
        ],
        [
            [
                5.789356291854865e-12,
                0.0,
                2.734698274172986e-12,
                1.4166087776199885e-09,
                0.9999999985748671
            ],
            [
                1.5735151768942895e-11,
                3.331131655625507e-11,
                6.223373249296858e-11,
                0.00012339462789330121,
                0.9998766052608266
            ],
            [
                9.357622966858265e-14,
                1.7832472904369537e-11,
                0.9999999998309814,
                4.8473687052436004e-11,
                1.0261879629528461e-10
            ],
            [
                1.2917800316027158e-12,
                3.098819203051792e-12,
                7.433680826671755e-12,
                6.475946134333354e-07,
                0.9999993523935623
            ],
            [
                4.84736865514139e-11,
                5.109088974173898e-12,
                6.5602000989583844e-12,
                2.3355930141640704e-09,
                0.999999997604264
            ]
        ],
        [
            [
                7.433680470276884e-12,
                1.6586783138251363e-12,
                3.511422017922897e-12,
                2.5109990874856128e-08,
                0.9999999748774053
            ],
            [
                3.511415878649259e-12,
                6.5601885201497935e-12,
                3.3315386268218936e-11,
                1.3709566521691988e-06,
                0.9999986289999608
            ],
            [
                1.6586752720303288e-12,
                2.7894629015284185e-10,
                0.9999977071523872,
                3.224180736882952e-08,
                2.260325200394272e-06
            ],
            [
                1.8795253738525554e-12,
                4.508746983719169e-12,
                9.545017439435827e-12,
                1.0677030725882213e-06,
                0.9999989322809941
            ],
            [
                7.052879793783622e-11,
                0.0,
                4.508755205645917e-12,
                8.592166549333652e-10,
                0.9999999990657458
            ]
        ],
        [
            [
                2.2897348145592823e-11,
                3.098819096651133e-12,
                7.433680571429843e-12,
                7.1941329326552236e-09,
                0.9999999927724373
            ],
            [
                2.020683820550986e-11,
                7.433680346884717e-12,
                2.020683820550986e-11,
                4.1399375375270366e-08,
                0.9999999585527772
            ],
            [
                1.201542572448742e-13,
                1.783247289733543e-11,
                0.9999999994422224,
                7.991959888108797e-11,
                4.5990553758641333e-10
            ],
            [
                2.7346986279822237e-12,
                3.51142254531027e-12,
                6.560200975112276e-12,
                6.825604215940142e-08,
                0.9999999317311514
            ],
            [
                1.7832472830940947e-11,
                0.0,
                1.006039274927684e-12,
                4.5990553587407703e-10,
                0.9999999995212558
            ]
        ],
        [
            [
                1.0815941473152398e-11,
                0.0,
                2.413362753060538e-12,
                1.416608775623909e-09,
                0.999999998570162
            ],
            [
                2.7346934360582794e-12,
                5.109079956732314e-12,
                7.43366747364345e-12,
                1.3709566522077359e-06,
                0.9999986290280704
            ],
            [
                2.0693696796129246e-10,
                1.2802736860678733e-08,
                0.9525546555153922,
                2.0427922861333365e-05,
                0.04742490355207265
            ],
            [
                2.586377794088254e-11,
                1.4883576575022066e-10,
                1.2461866091935204e-09,
                0.0031726830618288323,
                0.9968273155172851
            ],
            [
                8.423463713778731e-12,
                1.4637785070550618e-12,
                2.734698278381793e-12,
                1.8189616787664708e-09,
                0.9999999981684164
            ]
        ],
        [
            [
                1.658678338527713e-12,
                1.1399918390329199e-12,
                1.658678338527713e-12,
                1.04674016660917e-08,
                0.999999989528141
            ],
            [
                6.560199991379622e-12,
                3.5114220187561244e-12,
                7.433680472040827e-12,
                2.5109990880814495e-08,
                0.9999999748725039
            ],
            [
                1.571868326269811e-11,
                1.6899177102502505e-10,
                1.0455150654658098e-08,
                0.0011695103327120572,
                0.9988304790274268
            ],
            [
                3.978666889948967e-12,
                4.8470085358454155e-11,
                2.7892608290998645e-10,
                7.484619684903258e-05,
                0.9999251534717761
            ],
            [
                7.991959734650447e-11,
                1.0815941343045223e-11,
                1.2256067201333226e-11,
                9.237449478996645e-09,
                0.9999999906595589
            ]
        ],
        [
            [
                4.847368688030432e-11,
                0.0,
                0.0,
                3.1608814424198337e-10,
                0.9999999996354381
            ],
            [
                1.1628232839030083e-10,
                1.0815941379450466e-11,
                1.0815941379450466e-11,
                8.152020580435007e-09,
                0.9999999917100652
            ],
            [
                6.560088282021625e-12,
                1.2501315446640456e-09,
                0.9999832290725008,
                6.825486963673392e-08,
                1.670141593785489e-05
            ],
            [
                4.506262436188148e-12,
                6.220703410224673e-11,
                4.0564081739295774e-10,
                0.0005527785841623293,
                0.9994472209434835
            ],
            [
                2.9400777290749274e-11,
                1.879528810012339e-12,
                2.4133627634527086e-12,
                1.1032560285124502e-09,
                0.9999999988630504
            ]
        ],
        [
            [
                4.847368441415569e-11,
                5.10908874890854e-12,
                1.0815940966315007e-11,
                5.315784963975991e-08,
                0.9999999467777516
            ],
            [
                2.734687946292161e-12,
                4.508738185779135e-12,
                9.54499881419663e-12,
                2.90231219709942e-06,
                0.9999970976710145
            ],
            [
                1.6805287179659552e-10,
                1.7141858947764153e-08,
                0.9932799648075389,
                2.7351410096619508e-05,
                0.006692666472452589
            ],
            [
                4.508755709396172e-12,
                8.42346462712885e-12,
                2.2897350828591904e-11,
                8.764249127408679e-08,
                0.9999999123216792
            ],
            [
                1.6918979088643782e-10,
                2.7346982693658534e-12,
                3.098819113536444e-12,
                7.58256036628531e-10,
                0.9999999990667205
            ]
        ],
        [
            [
                1.2256067368893879e-11,
                0.0,
                0.0,
                5.211412455910303e-10,
                0.9999999994666027
            ],
            [
                3.0988195214684603e-12,
                5.109089659105843e-12,
                1.5737104050610698e-11,
                6.825604219390435e-08,
                0.9999999317200128
            ],
            [
                6.914387573504889e-13,
                1.0261861030434597e-10,
                0.9999982323594487,
                7.194119989830246e-09,
                1.7603431212522165e-06
            ],
            [
                0.0,
                0.0,
                8.878265239369387e-13,
                2.5109990881231755e-08,
                0.9999999748891213
            ],
            [
                1.7832472818041692e-11,
                0.0,
                0.0,
                9.056076943913926e-11,
                0.9999999998916067
            ]
        ],
        [
            [
                9.545036108816988e-12,
                5.789357048061676e-12,
                1.2256068966923273e-11,
                1.8553915931494768e-07,
                0.9999998144332501
            ],
            [
                4.508755572050175e-12,
                5.789356752144902e-12,
                1.5737103257822164e-11,
                2.3823698417404053e-07,
                0.9999997617369806
            ],
            [
                9.357622964374946e-14,
                1.3887943858337033e-11,
                0.9999999995656021,
                6.224144619937773e-11,
                3.5817479285740583e-10
            ],
            [
                2.7346982498331234e-12,
                2.7346982498331234e-12,
                5.109088950047707e-12,
                1.1861119970224924e-08,
                0.9999999881283015
            ],
            [
                1.7832472727681567e-11,
                2.4133627474099562e-12,
                3.098819107361742e-12,
                8.592166532221289e-10,
                0.9999999991174386
            ]
        ],
        [
            [
                3.0988190946967304e-12,
                2.7346982527398648e-12,
                4.5087551782386895e-12,
                1.186111998283224e-08,
                0.9999999881285377
            ],
            [
                1.8795287666730336e-12,
                1.006039252591944e-12,
                1.658678314907597e-12,
                2.510999089124302e-08,
                0.9999999748854649
            ],
            [
                6.201537664542351e-10,
                2.988068182315297e-08,
                0.00011437206930853037,
                0.5621121840891476,
                0.43777341334070824
            ],
            [
                3.9789474747375675e-12,
                1.5737042539058164e-11,
                5.492767559747907e-11,
                2.902312190697029e-06,
                0.9999970976131657
            ],
            [
                1.9171714882765696e-10,
                3.978962482951571e-12,
                7.43368057354875e-12,
                3.850741871586169e-09,
                0.9999999959461283
            ]
        ],
        [
            [
                3.1608814337018707e-10,
                5.1090889947474175e-12,
                5.1090889947474175e-12,
                1.2501528582346088e-09,
                0.9999999984235408
            ],
            [
                1.4637674215020342e-12,
                2.734677567842163e-12,
                9.54496258984677e-12,
                7.889265041302226e-06,
                0.9999921107212153
            ],
            [
                1.9171606947199366e-10,
                9.931138268149953e-08,
                0.9999942838824861,
                4.785090388614548e-06,
                8.315240265963729e-07
            ],
            [
                5.789345738461366e-12,
                8.423448345717757e-12,
                2.5946047520470556e-11,
                1.0677030751612823e-06,
                0.999998932256766
            ],
            [
                2.2897348242068442e-11,
                0.0,
                0.0,
                1.0261879535620263e-10,
                0.999999999874484
            ]
        ],
        [
            [
                1.1628232936332483e-10,
                2.41336275234728e-12,
                3.098819113701391e-12,
                7.582560366688922e-10,
                0.9999999991199495
            ],
            [
                2.4133584845761307e-12,
                3.5114158754542628e-12,
                9.545017966409934e-12,
                1.3709566509217814e-06,
                0.9999986290278793
            ],
            [
                8.03777955005905e-10,
                5.6349184970866494e-08,
                0.03627243860631884,
                0.028249003763260717,
                0.9354785004774575
            ],
            [
                1.7830262884374146e-11,
                5.4921076157087056e-11,
                1.1626791913693928e-10,
                0.00012339462727366588,
                0.9998766051837071
            ],
            [
                7.052879770852707e-11,
                3.978962490557955e-12,
                6.560200093500858e-12,
                2.0611535989833077e-09,
                0.9999999978577785
            ]
        ],
        [
            [
                9.545034831560671e-12,
                0.0,
                0.0,
                3.160881424085922e-10,
                0.9999999996743669
            ],
            [
                6.914400252177113e-13,
                2.734698349034187e-12,
                5.109089135379693e-12,
                6.475946135923076e-07,
                0.9999993523968511
            ],
            [
                1.2015425723146576e-13,
                1.3887943854994632e-11,
                0.9999999993249329,
                7.052879846049286e-11,
                5.905303994704947e-10
            ],
            [
                1.2917751172380338e-12,
                8.423431883652443e-12,
                3.775120260770233e-11,
                2.9023121953595282e-06,
                0.9999970976403383
            ],
            [
                2.5946094836391468e-11,
                0.0,
                1.8795288059358443e-12,
                6.691586053542637e-10,
                0.9999999993030158
            ]
        ],
        [
            [
                3.5114220955866328e-12,
                7.835041745369804e-13,
                1.8795288070168474e-12,
                2.9989608096637054e-09,
                0.9999999969948647
            ],
            [
                1.225606723734202e-11,
                4.5087551662330054e-12,
                1.7832472607316054e-11,
                1.5229979487785848e-08,
                0.9999999847354233
            ],
            [
                1.3088295583507613e-10,
                4.9113466840215165e-09,
                2.245196171631223e-06,
                0.006692835489503539,
                0.9933049142720952
            ],
            [
                1.6586753227481669e-12,
                4.508746989139784e-12,
                9.54501745091127e-12,
                2.26032526950895e-06,
                0.9999977396590181
            ],
            [
                7.991959797275895e-11,
                2.7346982588526503e-12,
                5.109088966898402e-12,
                2.6465736072249026e-09,
                0.999999997265663
            ]
        ],
        [
            [
                1.7832472691170045e-11,
                4.508755187434614e-12,
                6.560200088332642e-12,
                4.9444504417771174e-09,
                0.9999999950266482
            ],
            [
                0.0005527785670066288,
                0.9994471935827033,
                1.5221559012003847e-08,
                9.232342229405476e-09,
                3.3963889000571943e-09
            ],
            [
                8.878266088309121e-13,
                1.6918980388318667e-10,
                0.9999997559901425,
                5.602796822394243e-09,
                2.3823698311471678e-07
            ],
            [
                2.4133306894928653e-12,
                5.109021109748273e-12,
                1.783223584993377e-11,
                1.3007124739926727e-05,
                0.9999869928499056
            ],
            [
                2.020683890762508e-11,
                0.0,
                3.098819110719655e-12,
                1.8189616711161796e-09,
                0.9999999981577326
            ]
        ],
        [
            [
                0.9999996069066096,
                3.9278636960595776e-07,
                2.594609597743391e-11,
                1.493094733436427e-10,
                1.3176514775230187e-10
            ],
            [
                2.413362730668031e-12,
                2.7346982449456117e-12,
                3.0988190858646847e-12,
                1.5229979484932002e-08,
                0.9999999847617735
            ],
            [
                2.4369513708751444e-10,
                1.3305303657051768e-08,
                0.0014883248344497147,
                0.008564718136705896,
                0.9899469434798456
            ],
            [
                1.6586784814851845e-12,
                5.109089405608441e-12,
                4.508755575477221e-12,
                8.315279875435812e-07,
                0.999999168460736
            ],
            [
                2.94007771195805e-11,
                3.978962498854949e-12,
                5.7893562749217355e-12,
                2.0611536032812567e-09,
                0.9999999978996772
            ]
        ],
        [
            [
                2.9400776576341884e-11,
                8.423463520536666e-12,
                2.5946094262203435e-11,
                1.9555680544760462e-08,
                0.9999999803805492
            ],
            [
                1.1399918481965144e-12,
                6.1019366516567e-13,
                1.658678351860664e-12,
                2.9989608121041587e-09,
                0.9999999969976303
            ],
            [
                4.752184448872273e-13,
                1.0261861030859649e-10,
                0.9999982323596649,
                7.1941199901282305e-09,
                1.7603431213251308e-06
            ],
            [
                2.7346981412177477e-12,
                2.129785053844297e-12,
                5.789356010388623e-12,
                5.3157849621228654e-08,
                0.9999999468314964
            ],
            [
                3.331544501254965e-11,
                4.508755186927202e-12,
                5.789356257637217e-12,
                2.9989607880299963e-09,
                0.9999999969574256
            ]
        ],
        [
            [
                8.878265319718848e-13,
                6.101936568504466e-13,
                1.6586783292575434e-12,
                1.522997947240501e-08,
                0.9999999847668637
            ],
            [
                6.914400033247531e-13,
                6.914400033247531e-13,
                2.4133627461119443e-12,
                9.237449563519197e-09,
                0.9999999907587541
            ],
            [
                3.4753055177381314e-10,
                3.1283703309966134e-08,
                0.9702820484551643,
                0.00041794173044133645,
                0.029299978183160613
            ],
            [
                6.5573730507789886e-12,
                3.330108813496764e-11,
                6.221462328624745e-11,
                0.00043055711873291795,
                0.999569442779194
            ],
            [
                8.423463643832e-12,
                4.508755183075295e-12,
                7.43368057471569e-12,
                1.046740165726223e-08,
                0.9999999895122323
            ]
        ],
        [
            [
                0.996827299529745,
                0.0031726830259938693,
                2.9894462294639628e-09,
                8.1261573627073e-09,
                6.328657717437907e-09
            ],
            [
                8.402634997116544e-12,
                1.6877143548665324e-10,
                7.563810978057997e-10,
                0.0024726229611624477,
                0.9975273761052823
            ],
            [
                3.2661312593013036e-13,
                3.775134447782236e-11,
                0.9999999744937562,
                3.5817478387295073e-10,
                2.5109990915599015e-08
            ],
            [
                1.0781626733378231e-11,
                1.0229322633251376e-10,
                2.453886933892518e-10,
                0.0031726830663140284,
                0.9968273165752224
            ],
            [
                1.7832472843208022e-11,
                1.1399918488929845e-12,
                2.4133627630447615e-12,
                9.736200277554418e-10,
                0.9999999990049941
            ]
        ],
        [
            [
                4.2777877230208884e-11,
                4.5087550884666485e-12,
                9.545034597186376e-12,
                3.224186627255028e-08,
                0.9999999677013021
            ],
            [
                2.2897350188241658e-11,
                1.2256068371057799e-11,
                3.331544794139807e-11,
                8.315279889869869e-07,
                0.9999991684035421
            ],
            [
                3.511415647753794e-12,
                8.59215079831695e-10,
                0.9999977269509301,
                1.1861098311324195e-08,
                2.260325245010009e-06
            ],
            [
                1.2917702141152927e-12,
                1.2255974552802187e-11,
                4.8473319670494864e-11,
                7.88926503235809e-06,
                0.9999921106729466
            ],
            [
                7.052879752726445e-11,
                3.978962480331817e-12,
                9.545034789690042e-12,
                3.3982677720901786e-09,
                0.9999999965176793
            ]
        ],
        [
            [
                9.545034868818653e-12,
                1.8795288059015256e-12,
                2.7346982761143196e-12,
                2.646573623930321e-09,
                0.999999997339267
            ],
            [
                1.006037438342907e-12,
                4.508746991772312e-12,
                1.3887918451565564e-11,
                1.0677030744952626e-06,
                0.9999989322775228
            ],
            [
                3.0988195487726567e-12,
                2.7894684619849197e-10,
                0.9999993428858178,
                9.237450884314895e-09,
                6.475946856824584e-07
            ],
            [
                6.5565731683050615e-12,
                3.773047349975567e-11,
                1.69096250702535e-10,
                0.0005527785838996726,
                0.999447221202717
            ],
            [
                3.3315445247626386e-11,
                0.0,
                0.0,
                2.461696938955639e-10,
                0.9999999997205149
            ]
        ],
        [
            [
                0.9046505062564942,
                0.09534946770171875,
                7.374731857019714e-09,
                1.2158877278378259e-08,
                6.508178021211839e-09
            ],
            [
                1.2256067210266933e-11,
                3.978962459922926e-12,
                7.433680530525578e-12,
                1.1861119925046448e-08,
                0.9999999881152113
            ],
            [
                6.953183602953815e-11,
                8.036787519335896e-09,
                0.9858636099214515,
                7.379368865846972e-05,
                0.014062588283570591
            ],
            [
                1.0815922008247032e-11,
                2.594604808705881e-11,
                1.0261861084090425e-10,
                1.76034313045646e-06,
                0.999998239517489
            ],
            [
                2.940077725028563e-11,
                2.1297851606288387e-12,
                2.4133627601312505e-12,
                1.4166087797743142e-09,
                0.9999999985494472
            ]
        ],
        [
            [
                2.0206838666590267e-11,
                3.978962452419172e-12,
                5.7893562073580794e-12,
                1.04674015752979e-08,
                0.9999999895026233
            ],
            [
                1.573299214419859e-11,
                7.989872681690278e-11,
                1.9166708178049452e-10,
                0.0002611903260028585,
                0.9997388093866983
            ],
            [
                7.28772409452581e-14,
                1.0815941555365403e-11,
                0.9999999998557727,
                4.277787868209508e-11,
                9.056076988065027e-11
            ],
            [
                3.978955470976227e-12,
                1.0815922353002381e-11,
                2.5946048914083892e-11,
                1.3709566521728265e-06,
                0.9999986290026069
            ],
            [
                7.991959817539394e-11,
                3.511422080241676e-12,
                5.109088979852423e-12,
                2.9989607965582102e-09,
                0.9999999969124991
            ]
        ],
        [
            [
                6.101936663319154e-13,
                0.0,
                5.384940205146536e-13,
                5.211412475687311e-10,
                0.99999999947771
            ],
            [
                2.7346982509719977e-12,
                3.098819092693475e-12,
                7.433680561935915e-12,
                9.237449524762015e-09,
                0.9999999907492833
            ],
            [
                5.052958022292362e-12,
                1.1500479449936844e-10,
                1.7989776652703294e-09,
                0.010986942336269796,
                0.9890130557446948
            ],
            [
                9.544998902332994e-12,
                1.5737042719085778e-11,
                4.27777172569746e-11,
                3.7266391086477744e-06,
                0.9999962732928317
            ],
            [
                7.05287977186334e-11,
                7.433680588824547e-12,
                7.433680588824547e-12,
                2.9989607911598513e-09,
                0.999999996915643
            ]
        ],
        [
            [
                2.5946094596719604e-11,
                5.109088952046545e-12,
                7.433680561748426e-12,
                5.602796354174746e-09,
                0.9999999943587149
            ],
            [
                1.6586783526873998e-12,
                1.139991848764721e-12,
                1.4637785086307496e-12,
                1.1032560282018292e-09,
                0.9999999988924815
            ],
            [
                6.431393936963881e-14,
                9.54503491617967e-12,
                0.9999999993570825,
                4.277787865983764e-11,
                5.90530399482305e-10
            ],
            [
                5.768988739351846e-11,
                2.4530364324341866e-09,
                2.988410152351507e-08,
                0.4378234841080623,
                0.5621764834971098
            ],
            [
                2.2897348115903252e-11,
                8.423463629186466e-12,
                1.0815941396420188e-11,
                4.363462188045925e-09,
                0.9999999955944011
            ]
        ],
        [
            [
                1.7832472790905214e-11,
                3.0988191183483646e-12,
                3.978962509677198e-12,
                4.944450469430916e-09,
                0.9999999950306393
            ],
            [
                6.56020014143352e-12,
                1.4637785081638134e-12,
                1.879528808883601e-12,
                1.416608780873227e-09,
                0.9999999985734878
            ],
            [
                3.53777144792578e-10,
                1.9315577629682566e-08,
                0.6788512323967328,
                0.00048210266981490616,
                0.3206666452640975
            ],
            [
                5.0824189216625935e-12,
                3.755427853043152e-11,
                2.161099517266858e-10,
                0.005220125691274918,
                0.9947798740499784
            ],
            [
                1.0261879546807563e-10,
                0.0,
                2.413362751867982e-12,
                9.73620023246407e-10,
                0.9999999989213477
            ]
        ],
        [
            [
                2.4133627560116976e-12,
                1.2917799963173487e-12,
                2.4133627560116976e-12,
                4.944450469523831e-09,
                0.9999999950494309
            ],
            [
                2.7346986314002753e-12,
                5.109089662908996e-12,
                1.2256068967015078e-11,
                1.855391593163375e-07,
                0.9999998144407408
            ],
            [
                9.542541972532853e-12,
                2.1718725422042332e-10,
                1.1858022291213312e-08,
                0.00026119032427050347,
                0.9997387975909774
            ],
            [
                4.752166474938362e-13,
                5.109060443449231e-12,
                2.2897220349102967e-11,
                6.144172117806901e-06,
                0.9999938557994007
            ],
            [
                3.331544513544442e-11,
                0.0,
                0.0,
                4.058652091606996e-10,
                0.9999999995608193
            ]
        ],
        [
            [
                1.2256067185263186e-11,
                3.0988190732777605e-12,
                5.1090889201643035e-12,
                1.1861119900848437e-08,
                0.9999999881184161
            ],
            [
                7.433680645616785e-12,
                1.463778508861396e-12,
                1.879528809779315e-12,
                1.2501528618905393e-09,
                0.9999999987390702
            ],
            [
                6.914215970543191e-13,
                6.5600254644045075e-12,
                6.223978868605512e-11,
                2.753568977042344e-05,
                0.9999724642407383
            ],
            [
                1.1399245292384127e-12,
                5.108787303698057e-12,
                1.081530280679941e-11,
                5.829127664921307e-05,
                0.9999417087062868
            ],
            [
                2.594609479493592e-11,
                2.1297851555378627e-12,
                3.098819116288881e-12,
                8.592166556973771e-10,
                0.9999999991096087
            ]
        ],
        [
            [
                5.789356128462092e-12,
                2.734698196991705e-12,
                6.56019994121977e-12,
                3.224186625723914e-08,
                0.9999999677430496
            ],
            [
                6.914400084047242e-13,
                0.0,
                1.0060392759524108e-12,
                9.736200280773875e-10,
                0.9999999990246824
            ],
            [
                1.0228854524788897e-10,
                2.989309473893997e-09,
                4.52538222667765e-05,
                0.003172539403202203,
                0.9967822036829331
            ],
            [
                1.0814229783567114e-11,
                4.277110849330072e-11,
                1.1626392700038967e-10,
                0.0001584362463992745,
                0.9998415635837514
            ],
            [
                2.413362754315126e-12,
                0.0,
                0.0,
                6.224144577728038e-11,
                0.9999999999353453
            ]
        ],
        [
            [
                3.978962524593939e-12,
                1.0060392764405653e-12,
                1.2917800011358306e-12,
                7.582560406485967e-10,
                0.9999999992354671
            ],
            [
                1.0060392728813944e-12,
                5.384940183487013e-13,
                8.878265421962889e-13,
                4.944450470474675e-09,
                0.9999999950531171
            ],
            [
                5.787413504516865e-12,
                7.989277906854961e-11,
                5.600916220123504e-09,
                0.0003353500514986248,
                0.9996646442619049
            ],
            [
                6.91437394432381e-13,
                3.098807413450632e-12,
                1.2256021069752314e-11,
                2.902312194747805e-06,
                0.9999970976717589
            ],
            [
                1.0815941495806355e-11,
                0.0,
                0.0,
                7.052879811022596e-11,
                0.9999999999186553
            ]
        ],
        [
            [
                5.4927882846732555e-11,
                3.5114220710042128e-12,
                5.789356258870541e-12,
                3.850741876300748e-09,
                0.9999999960850294
            ],
            [
                4.508755796827779e-12,
                8.423464790472597e-12,
                1.7832475101366766e-11,
                6.825604215817565e-08,
                0.9999999317131931
            ],
            [
                2.3659776089651672e-14,
                2.73469829139585e-12,
                0.9999999999767932,
                6.560200167683541e-12,
                1.3887943863968527e-11
            ],
            [
                2.5946097677282645e-11,
                9.545035914098396e-12,
                2.28973508343593e-11,
                8.764249129616223e-08,
                0.9999999122991202
            ],
            [
                9.545034896869403e-12,
                1.0060392765459699e-12,
                1.879528811425046e-12,
                1.1032560293416884e-09,
                0.9999999988843133
            ]
        ],
        [
            [
