{
    "[['E', 'D', 'C', 'B', 'A'], ['E', 'D', 'C', 'B', 'A']]": [
        [
            [
                2.2897348393501776e-11,
                0.0,
                0.0,
                7.991959870980913e-11,
                0.9999999998971831
            ],
            [
                5.7893561346642395e-12,
                9.545034602879207e-12,
                1.38879433994229e-11,
                3.224186629177991e-08,
                0.9999999677289113
            ],
            [
                3.900837609954921e-14,
                1.6586783588182211e-12,
                0.9999999999970444,
                8.878265477945753e-13,
                3.701011678378445e-13
            ],
            [
                1.9922648302277837e-11,
                5.82225127659506e-10,
                5.523998208523512e-09,
                0.01406362718219931,
                0.9859363666916546
            ],
            [
                6.224144534065796e-11,
                1.3887943666730754e-11,
                1.573710188223518e-11,
                9.237449530117396e-09,
                0.9999999906706839
            ]
        ],
        [
            [
                2.940077733536592e-11,
                1.8795288128645862e-12,
                2.413362767115066e-12,
                3.1608814481341385e-10,
                0.9999999996502182
            ],
            [
                5.109089668895927e-12,
                7.433681604758122e-12,
                1.5737104080766278e-11,
                1.8553915953375588e-07,
                0.9999998144325606
            ],
            [
                6.101936673707741e-13,
                3.331544540038404e-11,
                0.9999999994161826,
                1.9171715125337276e-10,
                3.5817479279953566e-10
            ],
            [
                4.508196466742351e-12,
                3.774666687237124e-11,
                4.058149132752947e-10,
                0.00012339462743692994,
                0.9998766049244933
            ],
            [
                3.331544518013289e-11,
                3.978962506990448e-12,
                4.508755209607127e-12,
                1.605228043547985e-09,
                0.9999999983529688
            ]
        ],
        [
            [
                6.224144601253921e-11,
                7.43368064649034e-12,
                4.5087552266088206e-12,
                4.0586521123556023e-10,
                0.9999999995199509
            ],
            [
                1.573710204249522e-11,
                3.511422099014141e-12,
                3.511422099014141e-12,
                6.691586063922947e-10,
                0.9999999993080815
            ],
            [
                7.681204684902181e-15,
                6.914400106670228e-13,
                0.9999999999987061,
                3.7010116784481654e-13,
                2.2447770549333263e-13
            ],
            [
                1.5275807355073476e-11,
                2.707701641664205e-10,
                1.3750843564031258e-09,
                0.029312227846860498,
                0.9706877704920092
            ],
            [
                5.492788318815828e-11,
                1.6586783492091378e-12,
                0.0,
                1.9171715025407492e-10,
                0.9999999997516962
            ]
        ],
        [
            [
                9.056076961581647e-11,
                3.5114221024843635e-12,
                3.0988191291095385e-12,
                3.5817479191728875e-10,
                0.9999999995446542
            ],
            [
                9.54503477549085e-12,
                5.109088949192672e-12,
                1.081594139031652e-11,
                1.0467401633156006e-08,
                0.9999999895071282
            ],
            [
                8.87826547391183e-13,
                7.991959888860107e-11,
                0.9999999995582858,
                1.6918979217484677e-10,
                1.9171715127762544e-10
            ],
            [
                8.423078928970255e-12,
                3.774962077456084e-11,
                2.78934065616588e-10,
                4.539785566908253e-05,
                0.9999546018192241
            ],
            [
                5.109089016523102e-12,
                0.0,
                7.835041767366883e-13,
                1.917171509427875e-10,
                0.9999999998023903
            ]
        ],
        [
            [
                2.0206839005743714e-11,
                2.413362761743701e-12,
                3.511422098696357e-12,
                1.8189616799485373e-09,
                0.9999999981549066
            ],
            [
                3.098819125922511e-12,
                1.8795288087759068e-12,
                3.098819125922511e-12,
                2.061153613925201e-09,
                0.9999999979307692
            ],
            [
                2.6810038676263754e-14,
                2.1297851708323135e-12,
                0.999999999996954,
                6.914400106539349e-13,
                1.9810087979341328e-13
            ],
            [
                2.920399045811641e-11,
                3.139724865012576e-10,
                1.8067869110123098e-09,
                0.006692851400782585,
                0.993307146449254
            ],
            [
                4.847368647010706e-11,
                2.0206838843191615e-11,
                1.783247269014269e-11,
                7.194132942376414e-09,
                0.999999992719354
            ]
        ],
        [
            [
                2.461696938147289e-10,
                0.0,
                3.5114220938800202e-12,
                3.581747910396219e-10,
                0.999999999392144
            ],
            [
                2.0206838876250224e-11,
                1.0815941442754763e-11,
                1.0815941442754763e-11,
                5.602796378208777e-09,
                0.9999999943553649
            ],
            [
                5.0087746375494244e-14,
                2.4133627716915176e-12,
                0.9999999999962146,
                7.835041784604368e-13,
                5.384940217437868e-13
            ],
            [
                5.787844363737597e-12,
                3.330674466386906e-11,
                1.6914560616748873e-10,
                0.00026119032626347496,
                0.9997388094654963
            ],
            [
                1.4930946654751554e-10,
                5.789356287156913e-12,
                6.560200121044561e-12,
                1.4166087764704376e-09,
                0.9999999984217323
            ]
        ],
        [
            [
                7.43368064821936e-12,
                0.0,
                1.8795288104373487e-12,
                5.905303979772959e-10,
                0.9999999994001565
            ],
            [
                2.5946094801971985e-11,
                0.0,
                2.734698272536466e-12,
                5.905303957795815e-10,
                0.9999999993807889
            ],
            [
                2.0879679115294823e-14,
                2.4133627716986145e-12,
                0.9999999999927012,
                2.1297851708370015e-12,
                2.7346982914393534e-12
            ],
            [
                1.7636556478797916e-11,
                8.956582417222903e-11,
                7.499254642337046e-10,
                0.01098694236308154,
                0.9890130567797906
            ],
            [
                7.991960457101521e-11,
                3.331544777338115e-11,
                2.5946096814283733e-11,
                2.3823698356718441e-07,
                0.9999997616238352
            ]
        ],
        [
            [
                5.109089014067009e-12,
                1.6586783543702927e-12,
                2.413362765221822e-12,
                6.691586072961225e-10,
                0.9999999993216602
            ],
            [
                3.5114156899739897e-12,
                1.0815921771813015e-11,
                4.847359839036591e-11,
                1.0677030751371073e-06,
                0.999998932234124
            ],
            [
                3.442477108238783e-14,
                2.4133627716711345e-12,
                0.9999999999950824,
                1.4637785140276029e-12,
                1.0060392792157523e-12
            ],
            [
                0.0,
                8.928711561259774e-11,
                1.396685481528817e-09,
                0.014063627247298677,
                0.9859363712667287
            ],
            [
                8.423463698569106e-12,
                0.0,
                0.0,
                2.7894680743575386e-10,
                0.9999999997126297
            ]
        ],
        [
            [
                6.224144594434414e-11,
                5.1090890046909605e-12,
                5.789356302246293e-12,
                1.1032560272965286e-09,
                0.9999999988236041
            ],
            [
                1.6918979174300253e-10,
                2.7346982832109327e-12,
                0.0,
                2.461696944271101e-10,
                0.9999999995819058
            ],
            [
                3.701011676689679e-13,
                2.289734844468213e-11,
                0.999999999528596,
                1.6918979217451874e-10,
                2.7894680914346307e-10
            ],
            [
                1.225078568477498e-11,
                1.9163453075901714e-10,
                7.579292719127961e-10,
                0.00043055711713530295,
                0.9995694419210501
            ],
            [
                1.5737102002313714e-11,
                0.0,
                0.0,
                2.7894680743371383e-10,
                0.9999999997053162
            ]
        ],
        [
            [
                2.7346982852710304e-12,
                0.0,
                1.2917800018002406e-12,
                2.461696946125542e-10,
                0.9999999997498039
            ],
            [
                3.978962482185502e-12,
                3.978962482185502e-12,
                9.5450347941368e-12,
                1.1861119991410253e-08,
                0.9999999881213769
            ],
            [
                2.244777054541407e-13,
                1.7832472904336715e-11,
                0.9999999998291409,
                6.224144621578076e-11,
                9.056076987738155e-11
            ],
            [
                3.2949425336386655e-11,
                3.1261544355145525e-10,
                9.629233564591761e-10,
                0.010986942342977844,
                0.989013056348534
            ],
            [
                6.224144570124528e-11,
                3.0988191124425903e-12,
                5.109088984736191e-12,
                2.0611536049591446e-09,
                0.9999999978683971
            ]
        ],
        [
            [
                7.991959867826989e-11,
                5.109089012000208e-12,
                6.560200147528327e-12,
                4.0586521137151786e-10,
                0.9999999995025459
            ],
            [
                4.8473686918376244e-11,
                2.1297851646145293e-12,
                1.2917800009398302e-12,
                2.789468084563519e-10,
                0.999999999669158
            ],
            [
                9.357622968245009e-14,
                4.508755242008058e-12,
                0.9999999999913256,
                1.6586783588087356e-12,
                2.4133627716797185e-12
            ],
            [
                0.0,
                3.5748480982747707e-10,
                6.336569871172089e-09,
                0.11920292283656227,
                0.880797070469383
            ],
            [
                1.5737102054422946e-11,
                1.4637785092482333e-12,
                0.0,
                3.160881443780846e-10,
                0.999999999666711
            ]
        ],
        [
            [
                1.5737102030579778e-11,
                2.7346982783358553e-12,
                4.508755220439344e-12,
                9.736200265814868e-10,
                0.9999999990033994
            ],
            [
                1.0815941002091507e-11,
                7.433680290773177e-12,
                3.7751343504972863e-11,
                4.691163781031805e-08,
                0.9999999530323613
            ],
            [
                1.1226842002153293e-08,
                1.0106081105980462e-06,
                0.34820706723828126,
                0.0776955080633581,
                0.5740964028634081
            ],
            [
                1.075948095002863e-11,
                1.0208311299020351e-10,
                5.874477551884205e-10,
                0.005220125693283508,
                0.9947798736064262
            ],
            [
                4.8473686511083465e-11,
                2.020683886027312e-11,
                1.7832472705217064e-11,
                6.348800043795837e-09,
                0.9999999935646869
            ]
        ],
        [
            [
                5.4927883306231534e-11,
                0.0,
                2.1297851630723952e-12,
                2.461696942703425e-10,
                0.9999999996967726
            ],
            [
                2.2897348313988016e-11,
                0.0,
                4.508755214241308e-12,
                1.2501528586082798e-09,
                0.999999998722441
            ],
            [
                1.3615261079904115e-13,
                7.433680671810345e-12,
                0.9999999999755833,
                8.423463753854658e-12,
                8.423463753854658e-12
            ],
            [
                2.4128705082751507e-12,
                3.774364514516219e-11,
                2.4611948293352846e-10,
                0.00020342706073131795,
                0.9997965726529927
            ],
            [
                1.5737102037367935e-11,
                0.0,
                3.511422097870089e-12,
                2.0611536133365135e-09,
                0.9999999979195979
            ]
        ],
        [
            [
                1.0261879577942096e-10,
                0.0,
                0.0,
                1.91717150371466e-10,
                0.9999999997056641
            ],
            [
                2.594609491807316e-11,
                0.0,
                0.0,
                1.317651423724241e-10,
                0.9999999998422888
            ],
            [
                3.442477108218202e-14,
                1.6586783587929192e-12,
                0.999999999997391,
                6.9144001064345e-13,
                2.2447770548567962e-13
            ],
            [
                2.1297851426609474e-12,
                1.4637784946791702e-12,
                3.978962482975524e-12,
                1.1861119993765275e-08,
                0.9999999881313074
            ],
            [
                5.789356288070102e-12,
                3.5114220887146412e-12,
                8.423463695307895e-12,
                4.9444504672121445e-09,
                0.9999999950378253
            ]
        ],
        [
            [
                2.5946094845552267e-11,
                0.0,
                1.8795288065994504e-12,
                3.1608814375978003e-10,
                0.9999999996560862
            ],
            [
                1.317651423948991e-10,
                6.56020015291617e-12,
                9.545034900670039e-12,
                7.582560410299626e-10,
                0.9999999990938735
            ],
            [
                7.287724094159091e-14,
                6.5602001666589526e-12,
                0.9999999999039022,
                9.54503492066567e-12,
                7.991959891132862e-11
            ],
            [
                2.0167911913018566e-11,
                2.16825486912489e-10,
                1.1011306804822246e-09,
                0.0019267343311552198,
                0.9980732643307206
            ],
            [
                5.492788315674185e-11,
                3.09881911881793e-12,
                3.978962510280133e-12,
                7.582560379208681e-10,
                0.9999999991797384
            ]
        ],
        [
            [
                2.9400777308502786e-11,
                0.0,
                1.0060392763972945e-12,
                1.9171715082585268e-10,
                0.9999999997778761
            ],
            [
                6.224144585899864e-11,
                0.0,
                1.8795288053636603e-12,
                2.789468076283126e-10,
                0.9999999996569322
            ],
            [
                7.287724095393913e-14,
                6.560200167770505e-12,
                0.9999999999900495,
                1.6586783588173243e-12,
                1.6586783588173243e-12
            ],
            [
                1.573182106073299e-11,
                9.053037957453737e-11,
                4.5975120307446936e-10,
                0.0003353500535796928,
                0.9996646493804069
            ],
            [
                9.545034883022349e-12,
                2.4133627617655764e-12,
                5.109089006750136e-12,
                1.818961679965025e-09,
                0.9999999981639709
            ]
        ],
        [
            [
                3.7751345314393624e-11,
                2.7346982822908017e-12,
                3.5114221014336975e-12,
                3.5817479181011794e-10,
                0.9999999995978277
            ],
            [
                4.2777878487485914e-11,
                4.508755220982673e-12,
                0.0,
                3.1608814393727206e-10,
                0.9999999996366251
            ],
            [
                1.4350379600342572e-14,
                2.73469829140213e-12,
                0.9999999999928575,
                1.6586783587991455e-12,
                2.73469829140213e-12
            ],
            [
                0.0,
                5.7893458723684596e-12,
                4.277780142704315e-11,
                1.7603431327321404e-06,
                0.9999982396083001
            ],
            [
                3.331544524474827e-11,
                3.098819122266088e-12,
                6.560200133316982e-12,
                1.4166087791205427e-09,
                0.9999999985404167
            ]
        ],
        [
            [
                1.4930946639498173e-10,
                0.0,
                0.0,
                8.592166548695495e-10,
                0.9999999989914738
            ],
            [
                1.162823298143679e-10,
                8.423463719129506e-12,
                7.433680641165505e-12,
                1.4166087807000664e-09,
                0.9999999984512518
            ],
            [
                3.701011675200974e-13,
                3.775134540819472e-11,
                0.9999999991541042,
                2.17243993308814e-10,
                5.905303993532274e-10
            ],
            [
                4.2763523284365774e-11,
                1.6913301553206716e-10,
                9.732933037817526e-10,
                0.00033535005331624974,
                0.999664648761494
            ],
            [
                1.5737102011323992e-11,
                3.5114220920589e-12,
                3.978962511681221e-12,
                1.1032560256457594e-09,
                0.9999999988735164
            ]
        ],
        [
            [
                4.277787855454777e-11,
                1.1399918494429374e-12,
                0.0,
                1.1628232993485508e-10,
                0.9999999998397997
            ],
            [
                1.573710199741029e-11,
                0.0,
                0.0,
                5.905303957872251e-10,
                0.9999999993937325
            ],
            [
                5.675685232149262e-14,
                2.7346982913589303e-12,
                0.9999999999947387,
                1.4637785140012227e-12,
                1.0060392791976215e-12
            ],
            [
                8.423431887880874e-12,
                2.594599682676409e-11,
                7.991929658777252e-11,
                2.9023121968164435e-06,
                0.9999970975735144
            ],
            [
                1.0261879577970623e-10,
                6.560200133804529e-12,
                5.109089001312103e-12,
                7.582560388209573e-10,
                0.999999999127456
            ]
        ],
        [
            [
                2.5946094911998054e-11,
                0.0,
                0.0,
                5.492788335973391e-11,
                0.999999999919126
            ],
            [
                5.7893562331736335e-12,
                3.978962470161926e-12,
                1.5737101847111994e-11,
                1.52299794933321e-08,
                0.9999999847445151
            ],
            [
                4.420228103350877e-14,
                2.129785170815913e-12,
                0.9999999999965672,
                7.835041784549828e-13,
                4.752193062459056e-13
            ],
            [
                5.789091842222695e-12,
                3.774962077411282e-11,
                4.5988452709947586e-10,
                4.5397855668543744e-05,
                0.9999546016409082
            ],
            [
                4.847368660623001e-11,
                8.423463675145613e-12,
                1.225606732868515e-11,
                2.9989607966163507e-09,
                0.999999996931886
            ]
        ],
        [
            [
                8.592166573153583e-10,
                1.6586783500301798e-12,
                0.0,
                1.3176514199520703e-10,
                0.9999999990073596
            ],
            [
                1.0815941483504052e-11,
                5.789356289238185e-12,
                8.423463697007447e-12,
                3.3982677963135685e-09,
                0.9999999965767035
            ],
            [
                7.835042573902035e-13,
                2.461697199660805e-10,
                0.9999996687407015,
                2.510999408553184e-08,
                3.0590235130029156e-07
            ],
            [
                3.5114156892109467e-12,
                1.5737073315750303e-11,
                1.1628211756306357e-10,
                2.260325271696297e-06,
                0.9999977395391977
            ],
            [
                4.2777878513759826e-11,
                0.0,
                1.8795288088092517e-12,
                2.1724399261445465e-10,
                0.9999999997380986
            ]
        ],
        [
            [
                1.3887943822963074e-11,
                1.6586783538979336e-12,
                3.978962523803767e-12,
                3.581747919450994e-10,
                0.9999999996222997
            ],
            [
                0.5621764678826539,
                0.43782347376640257,
                2.988410265234576e-08,
                2.3273762547033118e-08,
                5.1930783643760276e-09
            ],
            [
                4.1937956571987957e-13,
                2.940077738456704e-11,
                0.9999999997478541,
                9.056076987123159e-11,
                1.3176514266385665e-10
            ],
            [
                2.284073001237435e-11,
                4.048616267131332e-10,
                2.9915452720876607e-09,
                0.002472622952792369,
                0.99752737362796
            ],
            [
                7.052879821471509e-11,
                2.413362761690741e-12,
                0.0,
                2.78946808114582e-10,
                0.999999999648111
            ]
        ],
        [
            [
                1.3887943818109454e-11,
                0.0,
                2.734698282365663e-12,
                3.5817479181992287e-10,
                0.9999999996252025
            ],
            [
                4.2777878577204734e-11,
                3.0988191305734216e-12,
                1.8795288115968265e-12,
                2.4616969453423055e-10,
                0.999999999706074
            ],
            [
                5.675685232196514e-14,
                3.0988191384836638e-12,
                0.9999999999936731,
                1.8795288163946308e-12,
                1.2917800046867155e-12
            ],
            [
                3.284689415068405e-11,
                4.0015708961857477e-10,
                2.3027450587417152e-09,
                0.014063627226099142,
                0.9859363700381518
            ],
            [
                1.0815941527517256e-11,
                0.0,
                0.0,
                4.0586521153051696e-10,
                0.9999999995833189
            ]
        ],
        [
            [
                2.594609488457119e-11,
                0.0,
                2.1297851628955737e-12,
                3.58174791672799e-10,
                0.9999999996137494
            ],
            [
                7.433680639546847e-12,
                3.0988191250465243e-12,
                5.7893563031818255e-12,
                2.0611536133425457e-09,
                0.9999999979225245
            ],
            [
                6.431393940805461e-14,
                3.97896253543724e-12,
                0.999999999990032,
                3.5114221130235132e-12,
                2.4133627715906015e-12
            ],
            [
                1.385360307742918e-11,
                1.4894026936010907e-10,
                7.563810993211071e-10,
                0.0024726229538902522,
                0.9975273761269347
            ],
            [
                9.545034891774636e-12,
                0.0,
                0.0,
                2.4616969438033597e-10,
                0.9999999997442852
            ]
        ],
        [
            [
                9.545034899018709e-12,
                0.0,
                1.2917800015620498e-12,
                1.4930946724707888e-10,
                0.9999999998398537
            ],
            [
                8.423463728774766e-12,
                3.0988191292695753e-12,
                3.97896252370031e-12,
                9.736200283311477e-10,
                0.9999999990108788
            ],
            [
                2.3659776089986133e-14,
                1.8795288164309274e-12,
                0.9999999999973836,
                5.384940217444164e-13,
                1.748234128170456e-13
            ],
            [
                2.5934913457321614e-11,
                1.9163453045706085e-10,
                1.6045362787023727e-09,
                0.0004305571164568791,
                0.9995694410614374
            ],
            [
                7.433680614502572e-12,
                4.508755207207259e-12,
                8.423463688916443e-12,
                3.3982677930494245e-09,
                0.9999999965813662
            ]
        ],
        [
            [
                0.9990889472119184,
                0.0009110514027638439,
                3.5784838758892446e-10,
                8.584336559730332e-10,
                1.6903560924931075e-10
            ],
            [
                3.331544535143157e-11,
                3.0988191321891804e-12,
                6.5602001543241686e-12,
                4.599055368957012e-10,
                0.99999999949712
            ],
            [
                3.9008376099538095e-14,
                2.129785170831899e-12,
                0.9999999999967595,
                7.835041784608638e-13,
                2.882350793276726e-13
            ],
            [
                1.8673983965377067e-11,
                3.7507699443959554e-10,
                1.6809784665151866e-09,
                0.07585817566116557,
                0.924141822264105
            ],
            [
                1.783247282272423e-11,
                3.0988191238776797e-12,
                0.0,
                4.058652107033699e-10,
                0.9999999995732034
            ]
        ],
        [
            [
                7.99195985201305e-11,
                5.109089001890695e-12,
                5.109089001890695e-12,
                6.691586057013402e-10,
                0.9999999992407036
            ],
            [
                4.2777878155204845e-11,
                0.0,
                0.0,
                5.905303925160642e-10,
                0.9999999993666917
            ],
            [
                5.008774637472588e-14,
                2.4133627716544956e-12,
                0.999999999996475,
                6.914400106428167e-13,
                3.701011678318599e-13
            ],
            [
                1.5737042530440577e-11,
                3.7751202526383363e-11,
                1.1628189008868298e-10,
                2.9023121891077267e-06,
                0.9999970975180408
            ],
            [
                2.289734814418099e-11,
                5.789356249775283e-12,
                8.423463639589264e-12,
                9.237449535990054e-09,
                0.9999999907254403
            ]
        ],
        [
            [
                5.211412469214227e-10,
                1.0060392756783265e-12,
                0.0,
                6.224144600604496e-11,
                0.9999999994156112
            ],
            [
                2.9400777006001285e-11,
                1.3887943682232119e-11,
                1.7832472673513984e-11,
                8.152020607209204e-09,
                0.9999999917868582
            ],
            [
                9.357622914970193e-14,
                8.423463705976436e-12,
                0.9999999942981259,
                9.056076937538826e-11,
                5.602796405283079e-09
            ],
            [
                5.109079797773575e-12,
                2.5946048107485482e-11,
                2.789463053301479e-10,
                1.760343131842334e-06,
                0.9999982393468667
            ],
            [
                4.277787852896776e-11,
                0.0,
                0.0,
                3.160881442437838e-10,
                0.999999999641134
            ]
        ],
        [
            [
                1.2256067421225758e-11,
                1.0060392774057272e-12,
                1.6586783558186092e-12,
                2.461696947221074e-10,
                0.9999999997389095
            ],
            [
                3.3315445261661935e-11,
                0.0,
                0.0,
                4.0586521069834364e-10,
                0.9999999995608193
            ],
            [
                7.835041764004489e-13,
                7.052879832154642e-11,
                0.9999999973498397,
                9.736200286839518e-10,
                1.6052280508709005e-09
            ],
            [
                0.0,
                7.43362433785148e-12,
                4.277755450702145e-11,
                7.889265039701317e-06,
                0.9999921106847491
            ],
            [
                4.277787855513227e-11,
                1.1399918494585139e-12,
                0.0,
                1.0261879599423174e-10,
                0.9999999998534634
            ]
        ],
        [
            [
                1.1628233001193892e-10,
                0.0,
                2.73469828476536e-12,
                3.1608814464233145e-10,
                0.9999999995648949
            ],
            [
                2.5946094709635758e-11,
                5.789356267787354e-12,
                7.433680594099445e-12,
                8.152020628655615e-09,
                0.9999999918088102
            ],
            [
                9.357622967979271e-14,
                5.78935632819803e-12,
                0.9999999999879194,
                3.098819138436734e-12,
                3.098819138436734e-12
            ],
            [
                6.629094753367243e-11,
                4.898275301775741e-10,
                5.967320928174595e-09,
                0.06008665402290655,
                0.939913339453654
            ],
            [
                1.2256067384894783e-11,
                0.0,
                3.511422096414081e-12,
                1.4166087798000633e-09,
                0.9999999985676238
            ]
        ],
        [
            [
                2.289734838338899e-11,
                0.0,
                0.0,
                1.6918979172162027e-10,
                0.9999999998079128
            ],
            [
                2.413362824522398e-12,
                3.978962622707018e-12,
                2.0206839531383305e-11,
                6.475946141280481e-07,
                0.9999993523787868
            ],
            [
                1.3615261079283997e-13,
                2.940077738936261e-11,
                0.9999999999193152,
                3.3315445417718366e-11,
                1.783247290603438e-11
            ],
            [
                0.0,
                3.7730473540188215e-11,
                1.9161115510831116e-10,
                0.000552778581758852,
                0.9994472211888995
            ],
            [
                9.545034901499498e-12,
                0.0,
                1.4637785108531406e-12,
                4.058652117401214e-10,
                0.9999999995831259
            ]
        ],
        [
            [
                2.789468071244894e-10,
                0.0,
                0.0,
                2.789468071244894e-10,
                0.9999999994421065
            ],
            [
                0.9914225124488699,
                0.00857748566411372,
                2.765538906006096e-10,
                1.0937918553475948e-09,
                5.16670688126742e-10
            ],
            [
                6.431393939611883e-14,
                9.545034920109651e-12,
                0.9999999997398312,
                3.331544541213207e-11,
                2.1724399344574495e-10
            ],
            [
                1.3887865167537898e-11,
                5.4927572255188623e-11,
                1.3176439604056462e-10,
                4.785094840201492e-06,
                0.99999521470458
            ],
            [
                2.5946094538784194e-11,
                1.0815941372207096e-11,
                2.5946094538784194e-11,
                1.5229979484102558e-08,
                0.9999999847073124
            ]
        ],
        [
            [
                5.492788302183086e-11,
                3.0988191112067728e-12,
                0.0,
                6.691586031876812e-10,
                0.9999999992728148
            ],
            [
                7.052879828965988e-11,
                0.0,
                0.0,
                7.052879828965988e-11,
                0.9999999998589424
            ],
            [
                1.5428112030388967e-13,
                1.2256067442884125e-11,
                0.9999999999630778,
                1.2256067442884125e-11,
                1.2256067442884125e-11
            ],
            [
                3.9789628252086905e-12,
                1.0815942343878849e-11,
                2.0206840559771657e-11,
                2.3823698407604904e-07,
                0.9999997617280142
            ],
            [
                4.8473686771270044e-11,
                2.734698275150377e-12,
                0.0,
                3.581747908749069e-10,
                0.9999999995906168
            ]
        ],
        [
            [
                2.594609483430356e-11,
                8.423463706270382e-12,
                1.7832472806110662e-11,
                1.8189616771451188e-09,
                0.9999999981288363
            ],
            [
                4.277787827966202e-11,
                5.109088979092469e-12,
                7.433680601100012e-12,
                2.335593016412569e-09,
                0.9999999976090863
            ],
            [
                5.67568523200538e-14,
                3.978962535397439e-12,
                0.9999999999920872,
                2.413362771566461e-12,
                1.4637785139641151e-12
            ],
            [
                3.9784694189969255e-12,
                3.774666688047361e-11,
                1.9169339167589206e-10,
                0.00012339462746341676,
                0.999876605139118
            ],
            [
                1.4930946618214544e-10,
                9.545034830939791e-12,
                1.5737101955344037e-11,
                3.850741885692173e-09,
                0.9999999959746664
            ]
        ],
        [
            [
                2.289734837244025e-11,
                0.0,
                1.879528809642689e-12,
                2.46169694278289e-10,
                0.9999999997290534
            ],
            [
                0.9997965725319026,
                0.00020342706084043965,
                4.846379971082793e-11,
                2.7888991150533613e-10,
                7.990329744219273e-11
            ],
            [
                6.867200698089616e-10,
                2.5768980507723156e-08,
                1.7140021776795308e-05,
                0.37753419428174534,
                0.6224486392407772
            ],
            [
                5.109089417066414e-12,
                1.5737103305076766e-11,
                4.277788194677296e-11,
                8.315279894084194e-07,
                0.9999991684083865
            ],
            [
                9.056076876718032e-11,
                0.0,
                0.0,
                5.21141242288752e-10,
                0.999999999388298
            ]
        ],
        [
            [
                7.99195984738788e-11,
                3.978962513151238e-12,
                3.978962513151238e-12,
                6.691586053140793e-10,
                0.9999999992429638
            ],
            [
                3.331544531253713e-11,
                2.413362763928081e-12,
                2.7346982826341854e-12,
                5.905303979600817e-10,
                0.999999999371006
            ],
            [
                3.9008376098103277e-14,
                2.734698291332213e-12,
                0.99999999999561,
                1.0060392791877927e-12,
                6.101936677025941e-13
            ],
            [
                9.49520861669242e-12,
                1.485300530544911e-10,
                3.56305074684041e-10,
                0.005220125680308213,
                0.9947798738053616
            ],
            [
                1.2256067368024663e-11,
                2.734698274617288e-12,
                5.789356292795451e-12,
                3.850741898865619e-09,
                0.999999996128478
            ]
        ],
        [
            [
                4.2777878577266346e-11,
                1.6586783545550936e-12,
                1.8795288115995334e-12,
                2.461696945345851e-10,
                0.9999999997075142
            ],
            [
                3.775134529937446e-11,
                2.129785162864779e-12,
                1.8795288093987956e-12,
                7.58256039910593e-10,
                0.9999999991999833
            ],
            [
                3.9008376098908294e-14,
                2.129785170797513e-12,
                0.999999999996215,
                1.0060392792085544e-12,
                6.101936677151867e-13
            ],
            [
