{
    "[['E', 'D', 'C', 'B', 'A'], ['E', 'D', 'C', 'B', 'A']]": [
        [
            [
                0.9999785550220249,
                2.144493975008598e-05,
                1.0815715551530268e-11,
                2.5945552823141686e-11,
                1.4637479275729856e-12
            ],
            [
                0.9947798741604614,
                0.0052201257097832035,
                3.314153454816752e-11,
                9.008803112953143e-11,
                6.52595508671734e-12
            ],
            [
                3.775134721378254e-11,
                6.348800413878667e-09,
                0.999999376731063,
                5.043472052446461e-07,
                1.1253517999851057e-07
            ],
            [
                2.734698272388393e-12,
                1.463778503847026e-12,
                0.0,
                6.691586044303412e-10,
                0.9999999993266429
            ],
            [
                1.0815941485058631e-11,
                0.0,
                2.129785156733433e-12,
                3.160881433205851e-10,
                0.9999999996709661
            ]
        ],
        [
            [
                0.9999898699836705,
                1.0129988099089748e-05,
                6.560138103387832e-12,
                2.0206647917284376e-11,
                1.4637646656047435e-12
            ],
            [
                0.9999724642746113,
                2.7535689827970804e-05,
                1.2255741080139665e-11,
                2.020630100701963e-11,
                3.09873662099014e-12
            ],
            [
                2.543665646954872e-13,
                2.2897348452656347e-11,
                0.9999999998768554,
                6.224144621875058e-11,
                3.7751345436527184e-11
            ],
            [
                5.38494088412499e-13,
                1.2917801646400779e-12,
                2.413363070479956e-12,
                6.82560422098377e-08,
                0.9999999317397141
            ],
            [
                7.433680608680339e-12,
                0.0,
                0.0,
                4.058652091712041e-10,
                0.999999999586701
            ]
        ],
        [
            [
                0.9990889485108275,
                0.0009110514083219502,
                2.0188424574551177e-11,
                5.4877827666218485e-11,
                5.7840804816590535e-12
            ],
            [
                0.9988304895354551,
                0.00116951035817981,
                2.936636681957428e-11,
                7.044625183705189e-11,
                6.552522131429145e-12
            ],
            [
                7.835041781984453e-13,
                2.4616969508476975e-10,
                0.9999999996446538,
                9.056076986112946e-11,
                1.783247290113649e-11
            ],
            [
                1.1399919398933366e-12,
                5.789356769786171e-12,
                1.2256068377814024e-11,
                8.315279894453714e-07,
                0.9999991684528251
            ],
            [
                5.789356295396145e-12,
                0.0,
                0.0,
                1.4930946676000813e-10,
                0.9999999998449012
            ]
        ],
        [
            [
                0.9999994956385132,
                5.04347204881953e-07,
                3.978962719636971e-12,
                8.42346414357268e-12,
                1.8795289033599284e-12
            ],
            [
                0.9890130574288598,
                0.010986942393480142,
                5.432441849906647e-11,
                1.150047948649976e-10,
                8.330919397794356e-12
            ],
            [
                6.431393940946153e-14,
                5.109089027661482e-12,
                0.999999999991876,
                1.6586783587837718e-12,
                1.2917800046843943e-12
            ],
            [
                9.645275690378444e-11,
                2.4875493864989905e-09,
                3.030455537797558e-08,
                0.06008665235268867,
                0.9399133147587537
            ],
            [
                5.109089002527929e-12,
                0.0,
                0.0,
                4.8473686820429465e-11,
                0.9999999999464173
            ]
        ],
        [
            [
                0.99999916844207,
                8.315279898627742e-07,
                1.0815942386715172e-11,
                1.7832474275644415e-11,
                1.2917801038472209e-12
            ],
            [
                0.8519527953912245,
                0.1480472039432619,
                1.8508148111852792e-10,
                4.4398739242607456e-10,
                3.6444704496322747e-11
            ],
            [
                3.9008376098905125e-14,
                2.12978517079734e-12,
                0.9999999999961338,
                1.0060392792084726e-12,
                6.914400106425807e-13
            ],
            [
                2.3777030281710786e-07,
                0.22269311867017602,
                0.7772753745261791,
                3.114176407015062e-05,
                1.2726927194527805e-07
            ],
            [
                1.658678354994446e-12,
                0.0,
                0.0,
                2.5946094921448912e-11,
                0.9999999999723952
            ]
        ],
        [
            [
                0.9999921107092693,
                7.889265046411919e-06,
                6.560150458711453e-12,
                1.7832337783872612e-11,
                1.2917702164164344e-12
            ],
            [
                0.9914225140418657,
                0.008577485726413253,
                6.992377398933655e-11,
                1.4802863069704636e-10,
                1.376880747283971e-11
            ],
            [
                8.258073284647816e-14,
                5.1090890275015014e-12,
                0.9999999999926532,
                1.4637785139649437e-12,
                6.914400106179857e-13
            ],
            [
                7.431186081587238e-12,
                6.222055927632808e-11,
                9.053037955980025e-11,
                0.0003353500535251023,
                0.9996646497862928
            ],
            [
                3.5114220826608593e-12,
                0.0,
                1.291779993486339e-12,
                5.905303947288254e-10,
                0.9999999994046664
            ]
        ],
        [
            [
                0.9999952148672502,
                4.785094845572355e-06,
                9.544980845656818e-12,
                2.5945947985738578e-11,
                2.4133490989799174e-12
            ],
            [
                0.9399133450400035,
                0.060086654458316686,
                1.8019747937789142e-10,
                2.970954171768773e-10,
                2.438707691013061e-11
            ],
            [
                3.9008376096581236e-14,
                1.6586783586920197e-12,
                0.999999999997796,
                3.701011678096851e-13,
                1.3615261079072514e-13
            ],
            [
                1.139991831533651e-12,
                1.8795287810739273e-12,
                3.0988190802496684e-12,
                1.7257827662319257e-08,
                0.9999999827360541
            ],
            [
                1.2256067371407023e-11,
                0.0,
                0.0,
                3.16088143556606e-10,
                0.9999999996716558
            ]
        ],
        [
            [
                0.9999989322729843,
                1.0677030758815235e-06,
                5.789345742366688e-12,
                1.573707333014211e-11,
                2.4133583587801514e-12
            ],
            [
                0.9997965728729643,
                0.0002034270629492368,
                1.3885111089820793e-11,
                4.2769153127964615e-11,
                7.432164397082351e-12
            ],
            [
                5.789356049013212e-12,
                7.582560061554359e-10,
                0.9999999517641097,
                1.5229979008863824e-08,
                3.22418658147754e-08
            ],
            [
                0.0,
                8.87826543664744e-13,
                8.87826543664744e-13,
                2.0611536127315487e-09,
                0.9999999979370706
            ],
            [
                1.225606734059844e-11,
                1.658678344906888e-12,
                0.0,
                2.7894680693121955e-10,
                0.9999999997071385
            ]
        ],
        [
            [
                0.9999898699986469,
                1.012998809924146e-05,
                3.098789821448698e-12,
                9.544944619281976e-12,
                6.101878948471685e-13
            ],
            [
                0.9997965728715499,
                0.00020342706387397453,
                1.7828835548997815e-11,
                4.276915311869318e-11,
                3.978150931307902e-12
            ],
            [
                4.420228103273357e-14,
                2.4133627716323936e-12,
                0.9999999999967077,
                6.10193667709757e-13,
                2.244777054834182e-13
            ],
            [
                2.014273054833321e-11,
                4.5844643417724e-10,
                1.2461866113458373e-09,
                0.0031726830616306476,
                0.9968273152135937
            ],
            [
                1.6586783548668488e-12,
                2.5436656411700606e-13,
                0.0,
                1.0261879606661621e-10,
                0.9999999998954681
            ]
        ],
        [
            [
                0.9999989322822601,
                1.0677030759865568e-06,
                3.978955260334209e-12,
                9.545017469816157e-12,
                1.1399897685778373e-12
            ],
            [
                0.9997388095739245,
                0.0002611903321231238,
                2.5939318832911598e-11,
                6.222519109060709e-11,
                5.787844365328748e-12
            ],
            [
                1.0060392790563596e-12,
                9.056076987629863e-11,
                0.9999999998366467,
                6.224144621503647e-11,
                9.545034920687317e-12
            ],
            [
                1.1399832144123224e-12,
                5.78931245813728e-12,
                9.544962592460178e-12,
                7.889265043462304e-06,
                0.9999921107184823
            ],
            [
                3.9789625125445875e-12,
                0.0,
                1.0060392733940123e-12,
                2.461696937404731e-10,
                0.9999999997488453
            ]
        ],
        [
            [
                0.9999998554742485,
                1.4449803161855244e-07,
                8.423464162975963e-12,
                1.783247377295638e-11,
                1.463778585113836e-12
            ],
            [
                0.9995694427887764,
                0.000430557122764499,
                1.7824788015298406e-11,
                6.221462331744704e-11,
                8.419833668125861e-12
            ],
            [
                1.7482341279971886e-13,
                1.081594155559133e-11,
                0.9999999999232654,
                1.081594155559133e-11,
                5.4927883500942147e-11
            ],
            [
                7.835041762816838e-13,
                4.193795646471288e-13,
                0.0,
                1.9171715083145153e-10,
                0.9999999998070799
            ],
            [
                1.5737101957809934e-11,
                1.0060392697546795e-12,
                0.0,
                2.1724399145028898e-10,
                0.999999999766013
            ]
        ],
        [
            [
                0.9999962733284261,
                3.726639113259608e-06,
                7.433652628752014e-12,
                2.289726207608577e-11,
                2.129777136329814e-12
            ],
            [
                0.8175744843892259,
                0.18242551499931117,
                2.5842540208296237e-10,
                3.3182478459227287e-10,
                2.1212848774360458e-11
            ],
            [
                4.420228103269873e-14,
                2.7346982913621595e-12,
                0.9999999999959195,
                6.914400106359392e-13,
                6.101936677092761e-13
            ],
            [
                1.8795288105283672e-12,
                6.914400084828014e-13,
                6.101936658091385e-13,
                8.592166591696438e-10,
                0.9999999991376021
            ],
            [
                5.7893562915333534e-12,
                0.0,
                0.0,
                7.052879805796573e-11,
                0.9999999999236819
            ]
        ],
        [
            [
                0.9999724642664499,
                2.7535689823127622e-05,
                1.0815653540199701e-11,
                2.939999448123359e-11,
                3.511328607918903e-12
            ],
            [
                0.9999251537690251,
                7.484619851642771e-05,
                7.433128353348973e-12,
                2.2895647194155847e-11,
                2.129626928911967e-12
            ],
            [
                3.037975385265725e-14,
                2.1297851708314156e-12,
                0.9999999999965326,
                8.878265477941209e-13,
                4.193795658134647e-13
            ],
            [
                7.835041725501085e-13,
                1.1399918443779455e-12,
                1.2917799949656673e-12,
                6.348800067779034e-09,
                0.9999999936479846
            ],
            [
                5.789356308350152e-12,
                0.0,
                0.0,
                1.162823298928564e-10,
                0.9999999998779283
            ]
        ],
        [
            [
                0.9999998874502862,
                1.1253518375635991e-07,
                3.978962855366539e-12,
                9.545035689351569e-12,
                1.0060393600729756e-12
            ],
            [
                0.999925153746326,
                7.484619777631386e-05,
                1.573593285428688e-11,
                3.774854055167395e-11,
                2.413183461143185e-12
            ],
            [
                3.442477108187339e-14,
                1.6586783587780488e-12,
                0.9999999999978166,
                3.701011678288808e-13,
                1.2015425730785284e-13
            ],
            [
                0.0,
                4.752192973126019e-13,
                4.193795579267992e-13,
                1.7257827662409403e-08,
                0.9999999827412777
            ],
            [
                2.12978515877084e-12,
                0.0,
                0.0,
                1.1628232963693423e-10,
                0.9999999998815878
            ]
        ],
        [
            [
                0.9999970976606569,
                2.902312197495699e-06,
                7.43365255192695e-12,
                1.783240545075303e-11,
                1.8795217065821324e-12
            ],
            [
                0.9859363724642924,
                0.014063627316336208,
                6.953687564174087e-11,
                1.2991198681014955e-10,
                1.9922648430029268e-11
            ],
            [
                3.9008376098547027e-14,
                2.413362771631517e-12,
                0.9999999999963447,
                7.835041784409577e-13,
                4.1937956580290485e-13
            ],
            [
                0.0,
                4.193795633024963e-13,
                4.752193034040648e-13,
                3.398267798950041e-09,
                0.9999999966008375
            ],
            [
                2.734698280860904e-12,
                0.0,
                0.0,
                7.052879823436623e-11,
                0.9999999999267366
            ]
        ],
        [
            [
                0.9999977396494278,
                2.260325271652434e-06,
                7.433667072249326e-12,
                1.5737073315444915e-11,
                2.129781274461077e-12
            ],
            [
                0.9770226318179956,
                0.022977367830639656,
                8.847997656540572e-11,
                2.4051351248022455e-10,
                2.2371241511610622e-11
            ],
            [
                2.8823507931755037e-13,
                2.289734845431952e-11,
                0.9999999999400291,
                2.289734845431952e-11,
                1.3887943863668467e-11
            ],
            [
                4.752193411224179e-13,
                1.8795289543549286e-12,
                2.129785327121597e-12,
                2.3823698421883068e-07,
                0.9999997617585313
            ],
            [
                3.5114220864824814e-12,
                0.0,
                1.463778502914809e-12,
                4.599055343428088e-10,
                0.9999999995351192
            ]
        ],
        [
            [
                0.999954602106919,
                4.539785571203165e-05,
                9.544598867452191e-12,
                2.594490966132608e-11,
                1.8794429521420646e-12
            ],
            [
                0.9999724642506362,
                2.753568982269217e-05,
                1.225574107779022e-11,
                4.27767395593409e-11,
                4.508635178839356e-12
            ],
            [
                6.431393941015947e-14,
                3.5114221131384352e-12,
                0.9999999999944409,
                1.2917800046984125e-12,
                6.914400106471402e-13
            ],
            [
                3.0986775685051476e-12,
                5.492537411741325e-11,
                1.3175912298216256e-10,
                4.539785565696081e-05,
                0.9999546019545599
            ],
            [
                1.225606735080318e-11,
                0.0,
                0.0,
                4.058652095580201e-10,
                0.9999999995818787
            ]
        ],
        [
            [
                0.9997965729024797,
                0.00020342706295524226,
                9.543087987137189e-12,
                2.2892678000497603e-11,
                2.1293507508804777e-12
            ],
            [
                0.9999989322686932,
                1.0677030759720713e-06,
                6.560188172788175e-12,
                2.020680214189493e-11,
                1.4637758375980608e-12
            ],
            [
                3.037975385191974e-14,
                1.463778514004896e-12,
                0.999999999997248,
                8.878265477725678e-13,
                3.701011678286703e-13
            ],
            [
                6.914387834758443e-13,
                1.8795254806142158e-12,
                2.129781390857682e-12,
                1.3709566531058775e-06,
                0.9999986290386461
            ],
            [
                2.4133627630320392e-12,
                0.0,
                0.0,
                2.461696942837943e-10,
                0.9999999997514168
            ]
        ],
        [
            [
                0.9999982396310111,
                1.7603431325707302e-06,
                6.560188318941617e-12,
                1.7832440698648288e-11,
                1.4637758702093016e-12
            ],
            [
                0.9999832985514492,
                1.6701415100716443e-05,
                8.423319667622364e-12,
                2.2896956787799562e-11,
                2.1297487400958107e-12
            ],
            [
                1.542811203057456e-13,
                7.433680671704459e-12,
                0.9999999999833944,
                4.508755241901958e-12,
                4.508755241901958e-12
            ],
            [
                5.384940190278606e-13,
                4.193795636981659e-13,
                4.193795636981659e-13,
                3.850741903120084e-09,
                0.9999999961478809
            ],
            [
                1.3887943782514326e-11,
                2.129785158311715e-12,
                1.8795288053807306e-12,
                3.160881435548229e-10,
                0.9999999996660145
            ]
        ],
        [
            [
                0.9999998144380547,
                1.8553915974810882e-07,
                7.433681613346236e-12,
                1.3887945622972345e-11,
                1.4637786994186232e-12
            ],
            [
                0.9998766053234693,
                0.00012339462967035118,
                1.0814601133524033e-11,
                3.331131662580877e-11,
                2.7343593793897697e-12
            ],
            [
                5.008774637369412e-14,
                2.734698291333028e-12,
                0.9999999999959079,
                8.878265477619307e-13,
                4.1937956579825903e-13
            ],
            [
                3.7010115540125753e-13,
                7.835041521328323e-13,
                1.463778464853525e-12,
                3.2241866287270856e-08,
                0.9999999677555163
            ],
            [
                4.277787832632863e-11,
                3.098819112400017e-12,
                3.978962502039369e-12,
                1.2501528557677672e-09,
                0.9999999986999915
            ]
        ],
        [
            [
                0.9999970976675128,
                2.9023121985168935e-06,
                5.109069702994198e-12,
                1.388789133397978e-11,
                1.2917751186433292e-12
            ],
            [
                0.9998766053114242,
                0.00012339462904050944,
                1.2254548548570915e-11,
                4.277257722337872e-11,
                4.508196471856577e-12
            ],
            [
                5.008774637126058e-14,
                3.9789625352673e-12,
                0.9999999999052354,
                1.0815941555736435e-11,
                7.991959891809178e-11
            ],
            [
                7.835041724709847e-13,
                0.0,
                8.878265410069001e-13,
                3.8507418931047544e-09,
                0.9999999961475867
            ],
            [
                7.835041759695405e-13,
                0.0,
                0.0,
                5.905303979823329e-10,
                0.9999999994086861
            ]
        ],
        [
            [
                0.999983298533433,
                1.6701415101903593e-05,
                1.5736832918313403e-11,
                3.331487554950036e-11,
                2.413321490432131e-12
            ],
            [
                0.9959298621315511,
                0.004070137790218969,
                1.7759900967724785e-11,
                5.470434619590154e-11,
                5.765795669211795e-12
            ],
            [
                8.878265476228459e-13,
                1.0261879629122974e-10,
                0.999999999786441,
                1.0261879629122974e-10,
                7.433680670484028e-12
            ],
            [
                0.0,
                0.0,
                5.384940201409061e-13,
                9.736200283457158e-10,
                0.9999999990258415
            ],
            [
                3.978962515474425e-12,
                0.0,
                0.0,
                1.6918979139566411e-10,
                0.9999999998268312
            ]
        ],
        [
            [
                0.9999982396220117,
                1.7603431325548884e-06,
                9.545017682252764e-12,
                2.2897307098435248e-11,
                2.413358412729947e-12
            ],
            [
                0.9990889484743434,
                0.0009110514114716519,
                2.5922450270077725e-11,
                7.984676808713319e-11,
                8.415787440154854e-12
            ],
            [
                1.0603575990472089e-13,
                3.978962535442571e-12,
                0.9999999999913718,
                2.129785170744534e-12,
                2.413362771593835e-12
            ],
            [
                3.098819126419132e-12,
                0.0,
                0.0,
                1.1628232984055454e-10,
                0.9999999998806188
            ],
            [
                2.129785163306404e-12,
                0.0,
                0.0,
                5.905303977734425e-10,
                0.9999999994073399
            ]
        ],
        [
            [
                0.9999921107179716,
                7.88926504515734e-06,
                4.5087210768110675e-12,
                1.0815859598550801e-11,
                1.6586657901351592e-12
            ],
            [
                0.8175744845228868,
                0.1824255150453886,
                1.383251499194593e-10,
                2.5842540214823596e-10,
                3.497407499526705e-11
            ],
            [
                6.431393940677636e-14,
                3.0988191383487162e-12,
                0.9999999999958786,
                7.835041784121022e-13,
                1.748234128060563e-13
            ],
            [
                6.101925848419325e-13,
                3.0988136392073915e-12,
                7.433667479702886e-12,
                1.3709566533252493e-06,
                0.9999986290322039
            ],
            [
                5.1090889847729004e-12,
                0.0,
                0.0,
                3.1608814275308556e-10,
                0.9999999996788027
            ]
        ],
        [
            [
                0.9999998144368842,
                1.8553915976248026e-07,
                6.560200999086249e-12,
                1.5737104100166274e-11,
                1.6586785690068611e-12
            ],
            [
                0.9990889484659138,
                0.0009110514092698752,
                2.5922450275441775e-11,
                9.047824175904297e-11,
                8.415787441896305e-12
            ],
            [
                5.675685232029709e-14,
                2.7346982913013265e-12,
                0.9999999999963738,
                6.101936676957023e-13,
                2.244777054782478e-13
            ],
            [
                0.0,
                5.384939923867217e-13,
                6.914399729582057e-13,
                5.3157849643117825e-08,
                0.9999999468409204
            ],
            [
                5.1090889944855785e-12,
                0.0,
                1.0060392726714666e-12,
                2.1724399208013958e-10,
                0.9999999997766409
            ]
        ],
        [
            [
                0.9999921107086829,
                7.889265045084059e-06,
                6.5601504576073005e-12,
                1.7832337780871213e-11,
                1.8795145742290626e-12
            ],
            [
                0.9046505293530149,
                0.09534947018138062,
                1.5305768055389548e-10,
                2.8594939294876773e-10,
                2.659743672522893e-11
            ],
            [
                3.9008376098966537e-14,
                1.6586783587934453e-12,
                0.9999999999977081,
                4.1937956580741496e-13,
                1.7482341281437494e-13
            ],
            [
                1.2917800001474944e-12,
                0.0,
                0.0,
                5.905303977739374e-10,
                0.9999999994081779
            ],
            [
                8.423463705587818e-12,
                0.0,
                0.0,
                1.9171715026330866e-10,
                0.9999999997998594
            ]
        ],
        [
            [
                0.9999994956435795,
                5.043472049591603e-07,
                2.734698418334097e-12,
                5.789356597043939e-12,
                6.914400427394726e-13
            ],
            [
                0.9525741237247362,
                0.047425875561926144,
                2.3449478092243333e-10,
                4.380939264972907e-10,
                4.0749082799439445e-11
            ],
            [
                3.037975385160348e-14,
                1.8795288163641333e-12,
                0.9999999999974789,
                4.75219306232881e-13,
                1.3615261079629205e-13
            ],
            [
                1.6586341889920508e-12,
                9.544780742488249e-12,
                2.0206300990411963e-11,
                2.7535689805339073e-05,
                0.999972464278785
            ],
            [
                3.978962508729823e-12,
                0.0,
                0.0,
                4.599055347320403e-10,
                0.9999999995361155
            ]
        ],
        [
            [
                0.9999986290168233,
                1.370956654303606e-06,
                6.560188530363183e-12,
                1.783244127335169e-11,
                2.1297813927183535e-12
            ],
            [
                0.9999898699811411,
                1.0129988099064125e-05,
                8.423384061710385e-12,
                2.0206647917233265e-11,
                2.129765021470997e-12
            ],
            [
                9.357622967925311e-14,
                4.508755241854019e-12,
                0.999999999992794,
                1.139991852932902e-12,
                1.4637785139828002e-12
            ],
            [
                2.8823507835731075e-13,
                0.0,
                2.5436656386655487e-13,
                1.818961681323589e-09,
                0.9999999981804957
            ],
            [
                2.2897348233838754e-11,
                2.1297851502491995e-12,
                0.0,
                4.599055333938542e-10,
                0.9999999995150672
            ]
        ],
        [
            [
                0.9999986290241605,
                1.3709566541107398e-06,
                5.7893460576020515e-12,
                1.2256045700120067e-11,
                1.1399898305392166e-12
            ],
            [
                0.9997965728742859,
                0.00020342706323302548,
                1.5733892152112264e-11,
                4.276915312802115e-11,
                3.9781509321755375e-12
            ],
            [
                2.3659776089635923e-14,
                1.2917800046925409e-12,
                0.9999999999981826,
                4.19379565807614e-13,
                8.258073284958481e-14
            ],
            [
                7.835042756087651e-13,
                2.734698630512295e-12,
                3.0988195227689756e-12,
                6.825604222255012e-08,
                0.9999999317373408
            ],
            [
                1.7832472809088014e-11,
                0.0,
                2.1297851591249496e-12,
                5.905303966140412e-10,
                0.9999999993895072
            ]
        ],
        [
            [
                0.9999869928377646,
                1.3007124767414564e-05,
                8.423351793898943e-12,
                2.5945750119931447e-11,
                3.0987779507300098e-12
            ],
            [
                0.9990889484629177,
                0.0009110514066354362,
                5.487782766358691e-11,
                7.046452553265524e-11,
                5.104433109119355e-12
            ],
            [
                3.4424771081504755e-14,
                1.6586783587602868e-12,
                0.9999999999977491,
                4.752193062330094e-13,
                8.258073284789476e-14
            ],
            [
                0.0,
                6.101936561192021e-13,
                6.914399975026649e-13,
                1.7257827658713802e-08,
                0.9999999827408707
            ],
            [
                3.978962512548591e-12,
                0.0,
                0.0,
                2.461696937407208e-10,
                0.9999999997498514
            ]
        ],
        [
            [
                0.999999977835288,
                2.2159489273213505e-08,
                1.2917799756297758e-12,
                3.511422034121688e-12,
                4.193795563723156e-13
            ],
            [
                0.9914225141381235,
                0.008577485684765143,
                5.4456689967129956e-11,
                1.1528481356508539e-10,
                7.369911560829937e-12
            ],
            [
                3.442477108270328e-14,
                1.8795288164300788e-12,
                0.9999999999969322,
                7.835041784609991e-13,
                3.70101167837803e-13
            ],
            [
                0.0,
                2.4133399379444115e-12,
                4.5087125829743765e-12,
                1.012998809263656e-05,
                0.9999898700049853
            ],
            [
                2.734698268426674e-12,
                0.0,
                0.0,
                3.1608814275383613e-10,
                0.9999999996811773
            ]
        ],
        [
            [
                0.999999912339856,
                8.764249143470295e-08,
                4.508755717659048e-12,
                1.2256068736273413e-11,
                8.878266414507314e-13
            ],
            [
                0.9959298620323633,
                0.00407013777742128,
                2.584050344692648e-11,
                1.4870183028501842e-10,
                1.5673057602970897e-11
            ],
            [
                5.675685231949333e-14,
                2.734698291262599e-12,
                0.9999999999958757,
                1.0060392791621832e-12,
                3.2661313423941836e-13
            ],
            [
                1.1399875406507884e-12,
                3.5114088302691874e-12,
                1.0815900642434706e-11,
                2.9023121975295928e-06,
                0.9999970976723351
            ],
            [
                5.109089002251297e-12,
                0.0,
                0.0,
                1.0261879579857045e-10,
                0.9999999998922722
            ]
        ],
        [
            [
                0.9999832985450391,
                1.670141510060938e-05,
                1.0815756546043525e-11,
                2.5945651163866723e-11,
                3.0987661321134717e-12
            ],
            [
                0.9999251537597503,
                7.484619820809006e-05,
                9.544325733169359e-12,
                2.9398592934870195e-11,
                3.098588898545222e-12
            ],
            [
                3.037975385303762e-14,
                2.1297851708580817e-12,
                0.9999999999969029,
                6.101936677325398e-13,
                3.266131342637614e-13
            ],
            [
                6.101936660417733e-13,
                3.701011668167871e-13,
                0.0,
                1.6918979178494875e-10,
                0.9999999998298299
            ],
            [
                1.6586783550284255e-12,
                4.752193051638133e-13,
                4.752193051638133e-13,
                5.211412475679701e-10,
                0.9999999994762496
            ]
        ],
        [
            [
                0.9999546021115545,
                4.539785570246504e-05,
                7.433341070507798e-12,
                2.289630240913251e-11,
                2.413252519256513e-12
            ],
            [
                0.9999038975533654,
                9.610240067972155e-05,
                9.544125106775923e-12,
                3.331226985157009e-11,
                3.098523764691577e-12
            ],
            [
                4.752193062347248e-13,
                2.940077739022212e-11,
                0.9999999999401987,
                2.5946094980450225e-11,
                3.978962535482308e-12
            ],
            [
                5.384940190799544e-13,
                6.101936647061884e-13,
                8.878265434019214e-13,
                3.3982678024849323e-09,
                0.9999999965996957
            ],
            [
                3.978962517836893e-12,
                0.0,
                0.0,
                6.691586061020853e-10,
                0.9999999993268625
            ]
        ],
        [
            [
                0.999738809615072,
                0.0002611903304260617,
                1.225286662284693e-11,
                3.774148621923849e-11,
                4.507577725961146e-12
            ],
            [
                0.04742587535101375,
                0.9525741241867233,
                1.6116574893858972e-10,
                3.010972589310567e-10,
                0.0
            ],
            [
                3.442477108147262e-14,
                2.413362771606973e-12,
                0.9999999999968157,
                5.384940217249224e-13,
                1.98100879786327e-13
            ],
            [
                0.0,
                4.19379564794086e-13,
                5.384940204350499e-13,
                6.691586074636901e-10,
                0.9999999993298836
            ],
            [
                2.0206838934803283e-11,
                2.7346982705582153e-12,
                4.5087552076161834e-12,
                2.0611536065854003e-09,
                0.999999997911396
            ]
        ],
        [
            [
                0.9999977396527417,
                2.260325272211533e-06,
                5.109079682122185e-12,
                1.5737073319337534e-11,
                1.139989767683012e-12
            ],
            [
                0.9999251537503598,
                7.484619708003366e-05,
                1.573593285325846e-11,
                3.331297011176409e-11,
                3.5111612176324982e-12
            ],
            [
                8.258073284903575e-14,
                4.508755241938657e-12,
                0.9999999999915339,
                2.7346982913758475e-12,
                1.139991852954302e-12
            ],
            [
                4.1937957500285316e-13,
                1.8795288576133097e-12,
                3.0988192064417763e-12,
                6.475946141417781e-07,
                0.9999993523999882
            ],
            [
                3.978962499951075e-12,
                1.8795287995876592e-12,
                1.8795287995876592e-12,
                8.592166541681571e-10,
                0.9999999991330453
            ]
        ],
        [
            [
                0.9999996071927538,
                3.92786369652471e-07,
                5.109089224530323e-12,
                1.3887944399016691e-11,
                1.8795288888152526e-12
            ],
            [
                0.9984988179041572,
                0.0015011820334696903,
                2.0176492207162854e-11,
                3.7694650001194737e-11,
                4.501983937417793e-12
            ],
            [
                8.628103683720511e-09,
                1.3766944879618683e-05,
                0.4999534997224502,
                0.4999535014067218,
                7.922329784467706e-05
            ],
            [
