{
    "[['A', 'B', 'C', 'D', 'E'], ['A', 'B', 'C', 'D', 'E']]": [
        [
            [
                0.9999682359270131,
                3.176406534416898e-05,
                3.266025262748627e-13,
                5.686689246214594e-12,
                1.6292637472937399e-12
            ],
            [
                0.00027068524935003314,
                0.9997293147227809,
                2.7832153212298663e-12,
                2.3723436648555318e-11,
                1.3625035597817233e-12
            ],
            [
                0.0,
                1.3374296643496634e-13,
                0.9999999999809346,
                1.660312465056206e-11,
                2.328685872878073e-12
            ],
            [
                0.0,
                0.0,
                9.182928739571091e-15,
                4.847368706034788e-11,
                0.9999999999515172
            ],
            [
                0.0,
                0.0,
                1.0978291215065971e-14,
                8.282536140437482e-11,
                0.9999999999171636
            ]
        ],
        [
            [
                0.9994472214309604,
                0.0005527785567143279,
                6.668133172331502e-13,
                9.711634864163448e-12,
                1.946788779017481e-12
            ],
            [
                0.0003868280918904729,
                0.9996131718813023,
                1.9471116441354538e-12,
                2.3720675845495576e-11,
                1.139550481950878e-12
            ],
            [
                0.0,
                4.580941284816735e-14,
                0.9999999999945302,
                4.756874855318371e-12,
                6.671796729691974e-13
            ],
            [
                0.0,
                0.0,
                1.5690561943047162e-14,
                2.945873629216009e-09,
                0.9999999970541107
            ],
            [
                0.0,
                0.0,
                4.495421274824571e-15,
                1.1837738672495783e-10,
                0.999999999881618
            ]
        ],
        [
            [
                0.019292201339516375,
                0.9807077985851447,
                4.665099783784122e-12,
                6.794367259038732e-11,
                2.7302577759071264e-12
            ],
            [
                0.002302556603368154,
                0.9976974433831254,
                1.3597283750278497e-12,
                1.1589987205863083e-11,
                5.567874875181431e-13
            ],
            [
                0.0,
                0.0,
                0.9999999999990687,
                7.976205577369331e-13,
                1.3374296643738866e-13
            ],
            [
                0.0,
                0.0,
                7.681204684668126e-15,
                6.92803075351011e-11,
                0.9999999999307121
            ],
            [
                0.0,
                0.0,
                7.681233986464918e-15,
                3.391581851766989e-11,
                0.9999999999660765
            ]
        ],
        [
            [
                0.9999923875389771,
                7.6124566238650115e-06,
                2.7319755387506004e-13,
                3.328227550161881e-12,
                7.976144859055006e-13
            ],
            [
                0.05431323794333178,
                0.945686761924545,
                1.0985806235985106e-11,
                1.119479805142098e-10,
                9.18924982645716e-12
            ],
            [
                0.0,
                2.68100386776684e-14,
                0.9999999999944187,
                4.7568748553178404e-12,
                7.97620557733242e-13
            ],
            [
                0.0,
                0.0,
                9.182963769264764e-15,
                9.90186206704273e-11,
                0.9999999999009721
            ],
            [
                0.0,
                0.0,
                9.182928738155386e-15,
                2.0226746574712723e-10,
                0.9999999997977234
            ]
        ],
        [
            [
                0.9999998952207674,
                1.047771428033604e-07,
                1.3374296836743603e-13,
                1.629322904422845e-12,
                3.2661313899179373e-13
            ],
            [
                0.0046922342467042594,
                0.9953077657375444,
                1.1346424921852697e-12,
                1.3822775308604585e-11,
                7.93877758891746e-13
            ],
            [
                0.0,
                0.0,
                0.9999999999986688,
                1.1399918530427941e-12,
                1.9115090585551882e-13
            ],
            [
                0.0,
                0.0,
                1.097833309225919e-14,
                2.418138783406417e-10,
                0.9999999997581752
            ],
            [
                0.0,
                0.0,
                7.681233986413985e-15,
                4.054657535751605e-11,
                0.9999999999594458
            ]
        ],
        [
            [
                0.9613683931151499,
                0.03863160680343723,
                5.467198548715042e-12,
                6.66041133016878e-11,
                9.341618579967738e-12
            ],
            [
                7.6124856626545644e-06,
                0.9999923874754894,
                3.978932246003212e-12,
                3.391543095747248e-11,
                9.535567956266414e-13
            ],
            [
                0.0,
                3.2051570656467264e-14,
                0.9999999999960818,
                3.328252886247347e-12,
                5.580728953670367e-13
            ],
            [
                0.0,
                0.0,
                7.68120467977714e-15,
                7.059828242386629e-10,
                0.9999999992940094
            ],
            [
                0.0,
                0.0,
                1.0978291215529286e-14,
                4.05464206848977e-11,
                0.9999999999594427
            ]
        ],
        [
            [
                0.9999072688033854,
                9.273118923033656e-05,
                5.580207478736951e-13,
                5.686364247429084e-12,
                1.1398853298274921e-12
            ],
            [
                0.0003868280918855408,
                0.9996131718685571,
                3.326976976626586e-12,
                3.3902557989383044e-11,
                2.32779315447802e-12
            ],
            [
                0.0,
                3.2051570656476396e-14,
                0.9999999999963667,
                3.328252886248295e-12,
                2.731996335876785e-13
            ],
            [
                0.0,
                0.0,
                6.425064059873457e-15,
                6.928083610391012e-11,
                0.9999999999307128
            ],
            [
                0.0,
                0.0,
                7.681233985965338e-15,
                9.901862067042746e-11,
                0.9999999999009737
            ]
        ],
        [
            [
                0.9997293157728833,
                0.00027068421705404513,
                7.974045410647147e-13,
                8.12574208096347e-12,
                1.1396831131994142e-12
            ],
            [
                9.273118922921279e-05,
                0.999907268791268,
                1.9476837874349385e-12,
                1.6601573220074588e-11,
                9.534749516025968e-13
            ],
            [
                0.0,
                4.668088210026453e-13,
                0.9999999999730194,
                2.3729863345366957e-11,
                2.7839692963514322e-12
            ],
            [
                0.0,
                0.0,
                5.374325043104627e-15,
                5.7950599193680826e-11,
                0.9999999999420439
            ],
            [
                0.0,
                0.0,
                5.374325043103996e-15,
                5.795059919367402e-11,
                0.9999999999420439
            ]
        ],
        [
            [
                0.9983878448116895,
                0.0016121551713619963,
                1.1381538617929445e-12,
                1.3865552547643884e-11,
                1.9447252861679763e-12
            ],
            [
                0.0011285266144063512,
                0.9988714733533367,
                2.780827461742549e-12,
                2.833729376008962e-11,
                1.1387053209163016e-12
            ],
            [
                0.0,
                0.0,
                0.9999999999988867,
                9.535640546275401e-13,
                1.5989056152075514e-13
            ],
            [
                0.0,
                0.0,
                6.425039550379935e-15,
                4.847368706033931e-11,
                0.9999999999515199
            ],
            [
                0.0,
                0.0,
                5.374325043309397e-15,
                1.9849140437735963e-11,
                0.9999999999801454
            ]
        ],
        [
            [
                0.993307148831776,
                0.0066928511002874985,
                4.725035672253815e-12,
                5.7562718541340576e-11,
                5.648810004495315e-12
            ],
            [
                0.0002706842170508129,
                0.9997293157609456,
                1.3624983636679138e-12,
                1.984384046552755e-11,
                7.974045410551929e-13
            ],
            [
                0.0,
                6.547268238407985e-14,
                0.9999999999967599,
                2.783969296417525e-12,
                3.904680659537379e-13
            ],
            [
                0.0,
                0.0,
                7.681233985964848e-15,
                9.901862067042113e-11,
                0.9999999999009737
            ],
            [
                0.0,
                0.0,
                9.182928739255995e-15,
                8.282536140440278e-11,
                0.9999999999171654
            ]
        ],
        [
            [
                0.9241418282135502,
                0.0758581716541973,
                7.511371524525411e-12,
                1.0939748155893455e-10,
                1.534364013981587e-11
            ],
            [
                0.6713476938878555,
                0.32865230600281237,
                7.798875239495202e-12,
                9.500975050543014e-11,
                6.5234914399221594e-12
            ],
            [
                0.0,
                0.0,
                0.9999999999990687,
                7.976205577369203e-13,
                1.3374296643738654e-13
            ],
            [
                0.0,
                0.0,
                1.3124666582466472e-14,
                4.939584091961781e-10,
                0.9999999995060285
            ],
            [
                0.0,
                0.0,
                2.6809936405373503e-14,
                1.6603124650594748e-11,
                0.99999999998337
            ]
        ],
        [
            [
                0.98642311994262,
                0.013576880002126238,
                2.7461715871329543e-12,
                4.78153816228181e-11,
                4.6922911786640885e-12
            ],
            [
                0.03863160680349627,
                0.9613683931166189,
                7.813913481501699e-12,
                6.660385922774529e-11,
                5.467177693055821e-12
            ],
            [
                0.0,
                0.0,
                0.9999999999994678,
                4.668088210149703e-13,
                6.547268238425414e-14
            ],
            [
                0.0,
                0.0,
                1.0978249332665109e-14,
                4.131776779564884e-10,
                0.9999999995868114
            ],
            [
                0.0,
                0.0,
                1.3124616522153745e-14,
                1.9849216156338142e-11,
                0.9999999999801377
            ]
        ],
        [
            [
                0.9456867619606489,
                0.054313237945405324,
                6.429462239116903e-12,
                7.832688489861271e-11,
                9.189249826807983e-12
            ],
            [
                2.2224644094337266e-05,
                0.9999777753364163,
                2.3286413367106585e-12,
                1.6602743780883843e-11,
                5.580600933680816e-13
            ],
            [
                0.0,
                0.0,
                0.9999999999988554,
                9.535640546274836e-13,
                1.9115090585555134e-13
            ],
            [
                0.0,
                0.0,
                9.18296376795607e-15,
                2.4181295589571624e-10,
                0.9999999997581779
            ],
            [
                0.0,
                0.0,
                7.681233986573457e-15,
                1.9849291875236047e-11,
                0.999999999980143
            ]
        ],
        [
            [
                0.9933071487833908,
                0.0066928510999614815,
                6.753213817267653e-12,
                9.835548429815663e-11,
                1.1538989686904543e-11
            ],
            [
                0.0007898664299725384,
                0.9992101335360767,
                3.975821875569865e-12,
                2.8346917442726362e-11,
                1.6280368296887794e-12
            ],
            [
                0.0,
                5.476544253750271e-14,
                0.9999999999933047,
                5.686895642783196e-12,
                9.535604170709894e-13
            ],
            [
                0.0,
                0.0,
                9.182963768875365e-15,
                1.415214537340346e-10,
                0.9999999998584694
            ],
            [
                0.0,
                0.0,
                9.18296376995555e-15,
                2.3729953867852082e-11,
                0.9999999999762608
            ]
        ],
        [
            [
                0.9999999699787314,
                3.001915268007647e-08,
                1.5989055672081996e-13,
                1.6293228319972688e-12,
                3.266131244734041e-13
            ],
            [
                4.539785251304294e-05,
                0.9999546021146509,
                3.3281132995547425e-12,
                2.8368011780817763e-11,
                1.1399396933284062e-12
            ],
            [
                0.0,
                2.2425634320595728e-14,
                0.9999999999981197,
                1.629322880908545e-12,
                2.285221158657198e-13
            ],
            [
                0.0,
                0.0,
                9.18296376995663e-15,
                2.372995386785487e-11,
                0.9999999999762608
            ],
            [
                0.0,
                0.0,
                9.182963769801712e-15,
                4.0546575357518575e-11,
                0.9999999999594442
            ]
        ],
        [
            [
                0.9999973925679885,
                2.607428039524259e-06,
                3.904673271212962e-13,
                2.7839640286709093e-12,
                7.976190485004354e-13
            ],
            [
                0.10500062641252556,
                0.8949993734169558,
                8.696706537197359e-12,
                1.5142488667772324e-10,
                1.0396987451869855e-11
            ],
            [
                0.0,
                0.0,
                0.9999999999990687,
                7.976205577369203e-13,
                1.3374296643738654e-13
            ],
            [
                0.0,
                0.0,
                1.097833308716277e-14,
                7.059855173545069e-10,
                0.9999999992940034
            ],
            [
                0.0,
                0.0,
                7.68123398650752e-15,
                2.8369309802559494e-11,
                0.9999999999716229
            ]
        ],
        [
            [
                0.972653256437035,
                0.02734674350704865,
                3.2372375758212125e-12,
                4.7147932550862204e-11,
                5.5313591442858285e-12
            ],
            [
                0.00018940555861165833,
                0.9998105944303293,
                9.533803359484458e-13,
                9.715172558003606e-12,
                3.903943255512822e-13
            ],
            [
                0.0,
                0.0,
                0.9999999999994784,
                4.668088210149787e-13,
                5.4765651451821084e-14
            ],
            [
                0.0,
                0.0,
                9.182963765637462e-15,
                4.939584091961802e-10,
                0.9999999995060325
            ],
            [
                0.0,
                0.0,
                1.0978333094004027e-14,
                8.282567735866242e-11,
                0.9999999999171634
            ]
        ],
        [
            [
                0.999810594426649,
                0.0001894055586109611,
                7.974699260517298e-13,
                1.1614550184902636e-11,
                2.3282460975484334e-12
            ],
            [
                2.2224644094256333e-05,
                0.9999777753327749,
                2.3286413367021787e-12,
                1.9848760822446893e-11,
                9.535421801922317e-13
            ],
            [
                0.0,
                4.668088069630999e-13,
                0.9999999698974407,
                3.001926719183424e-08,
                8.282535891801278e-11
            ],
            [
                0.0,
                0.0,
                1.0978333093055887e-14,
                1.6919043764189944e-10,
                0.9999999998307987
            ],
            [
                0.0,
                0.0,
                9.182963769913536e-15,
                2.8369309802561268e-11,
                0.9999999999716216
            ]
        ],
        [
            [
                0.9999973925679652,
                2.6074280395236027e-06,
                0.0,
                3.328246588624399e-12,
                6.671784105523329e-13
            ],
            [
                0.0005527785566946981,
                0.9994472213954689,
                5.683751223474026e-12,
                4.052415619694227e-11,
                1.6284219896852827e-12
            ],
            [
                0.0,
                5.660210412916418e-12,
                0.004692232236353721,
                0.995307694792058,
                7.296592797830282e-08
            ],
            [
                0.0,
                0.0,
                7.681204684826115e-15,
                4.847368706032986e-11,
                0.9999999999515186
            ],
            [
                0.0,
                0.0,
                9.182963769641302e-15,
                5.795082025808772e-11,
                0.9999999999420399
            ]
        ],
        [
            [
                0.9953077657371692,
                0.00469223424670249,
                9.490894978875005e-13,
                1.3822775308599373e-11,
                1.3564722694087077e-12
            ],
            [
                0.004692234246652015,
                0.9953077657264625,
                2.3177674599999616e-12,
                2.361851202175398e-11,
                9.49089497877291e-13
            ],
            [
                0.0,
                6.671822179904009e-13,
                0.9999999998864262,
                9.901862066901933e-11,
                1.3887943863386713e-11
            ],
            [
                0.0,
                0.0,
                1.3124666575707258e-14,
                1.009023313278522e-09,
                0.9999999989909636
            ],
            [
                0.0,
                0.0,
                5.3743250432633196e-15,
                2.836920158243926e-11,
                0.9999999999716254
            ]
        ],
        [
            [
                0.9994472214290948,
                0.0005527785567132962,
                9.530368065009693e-13,
                1.1610365139526184e-11,
                1.6284219897400703e-12
            ],
            [
                0.0005527785567105414,
                0.999447221424114,
                1.6284219897319548e-12,
                1.659394439033731e-11,
                9.530368064962196e-13
            ],
            [
                0.0,
                7.827300552277143e-14,
                0.9999999999894069,
                9.717007627469458e-12,
                7.976205577292445e-13
            ],
            [
                0.0,
                0.0,
                6.425039547517978e-15,
                4.939565248980637e-10,
                0.9999999995060371
            ],
            [
                0.0,
                0.0,
                7.681233986089721e-15,
                8.282567735866269e-11,
                0.9999999999171667
            ]
        ],
        [
            [
                0.9953077656434568,
                0.004692234246260697,
                8.089772470278637e-12,
                8.243670709398186e-11,
                1.9756074594512187e-11
            ],
            [
                0.00669285110051598,
                0.9933071488656855,
                3.305988507813579e-12,
                2.817942554703617e-11,
                2.3131081072507225e-12
            ],
            [
                0.0,
                3.831800143024021e-14,
                0.9999999999890496,
                8.127943342190926e-12,
                2.78396929639606e-12
            ],
            [
                0.0,
                0.0,
                9.18292873684039e-15,
                3.456076268384044e-10,
                0.9999999996543831
            ],
            [
                0.0,
                0.0,
                7.681233986413985e-15,
                4.054657535751605e-11,
                0.9999999999594458
            ]
        ],
        [
            [
                0.9999946737404981,
                5.3262545291514265e-06,
                3.266112778518716e-13,
                3.97893991992807e-12,
                6.671784258886146e-13
            ],
            [
                0.01929227132963716,
                0.9807077286383469,
                2.2837670307843213e-12,
                2.78219780601837e-11,
                1.9102854433272177e-12
            ],
            [
                0.0,
                5.580697151562653e-13,
                0.9999946590494084,
                5.326254450902526e-06,
                1.4695582560973282e-08
            ],
            [
                0.0,
                0.0,
                7.68123398619327e-15,
                6.928083610390559e-11,
                0.9999999999307114
            ],
            [
                0.0,
                0.0,
                6.425064059558006e-15,
                1.183778382997123e-10,
                0.9999999998816158
            ]
        ],
        [
            [
                0.8564008971440792,
                0.143599102772206,
                5.822433795742272e-12,
                7.093176455322604e-11,
                6.960756395773901e-12
            ],
            [
                0.0005527785567059661,
                0.9994472214158419,
                2.7824299738953987e-12,
                2.371674254278699e-11,
                9.530368064883317e-13
            ],
            [
                0.0,
                4.580941284799981e-14,
                0.9999999999908729,
                8.12791233662164e-12,
                9.535604170686705e-13
            ],
            [
                0.0,
                0.0,
                5.3743250432633196e-15,
                2.836920158243926e-11,
                0.9999999999716254
            ],
            [
                0.0,
                0.0,
                5.374325043309397e-15,
                1.9849140437735963e-11,
                0.9999999999801454
            ]
        ],
        [
            [
                0.9999351167653806,
                6.488322247627262e-05,
                7.975688072129979e-13,
                9.71637717711782e-12,
                1.6292171685986948e-12
            ],
            [
                9.27311892294911e-05,
                0.9999072687942689,
                1.9476837874407837e-12,
                1.38866461463913e-11,
                6.671198751618411e-13
            ],
            [
                0.0,
                4.5809412848207985e-14,
                0.9999999999954172,
                3.9789625358190055e-12,
                5.580728953666659e-13
            ],
            [
                0.0,
                0.0,
                6.425039549930802e-15,
                1.1837738672496395e-10,
                0.9999999998816163
            ],
            [
                0.0,
                0.0,
                5.3743250433268426e-15,
                1.660312465059832e-11,
                0.9999999999833915
            ]
        ],
        [
            [
                0.9999997859675879,
                2.1403134135598038e-07,
                0.0,
                7.976205771885172e-13,
                2.732006824268424e-13
            ],
            [
                0.0003868295669441817,
                0.9996131703794902,
                2.782891421759641e-12,
                4.845491941344601e-11,
                2.327793151010439e-12
            ],
            [
                0.0,
                1.1187140010462647e-13,
                0.9999999949324379,
                5.033534542974849e-09,
                3.391568896863042e-11
            ],
            [
                0.0,
                0.0,
                6.425039550379935e-15,
                4.847368706033931e-11,
                0.9999999999515199
            ],
            [
                0.0,
                0.0,
                9.182928738927029e-15,
                1.1837738672495726e-10,
                0.9999999998816134
            ]
        ],
        [
            [
                0.9998674700913533,
                0.0001325298939055843,
                7.97514095598612e-13,
                1.1615215635404683e-11,
                2.3283883754558947e-12
            ],
            [
                2.6074280395094323e-06,
                0.9999973925623021,
                1.1399896959743893e-12,
                8.127896957221365e-12,
                3.904673271190759e-13
            ],
            [
                0.0,
                0.0,
                0.9999999999977791,
                1.9478658000978927e-12,
                2.731996335880519e-13
            ],
            [
                0.0,
                0.0,
                9.182963759096112e-15,
                1.2062937469788927e-09,
                0.9999999987936972
            ],
            [
                0.0,
                0.0,
                7.681204684565415e-15,
                8.28256773586852e-11,
                0.9999999999171667
            ]
        ],
        [
            [
                0.9994472214361795,
                0.0005527785567172145,
                4.665507113764525e-13,
                5.683751223705543e-12,
                9.530331709677595e-13
            ],
            [
                1.252617337597257e-07,
                0.9999998747316261,
                9.535604112994163e-13,
                5.6868739146186234e-12,
                0.0
            ],
            [
                0.0,
                0.0,
                0.9999999999992544,
                6.671822180656522e-13,
                7.827330411192888e-14
            ],
            [
                0.0,
                0.0,
                5.374325043288253e-15,
                2.372986334543622e-11,
                0.9999999999762648
            ],
            [
                0.0,
                0.0,
                1.3124616521883103e-14,
                4.0546420684900694e-11,
                0.9999999999594404
            ]
        ],
        [
            [
                0.9999999994086832,
                5.90530399545119e-10,
                0.0,
                5.580728950391363e-13,
                2.28522115730984e-13
            ],
            [
                0.0002706842170523839,
                0.9997293157667478,
                1.3624983636758215e-12,
                1.3884182643582388e-11,
                9.533021677739303e-13
            ],
            [
                0.0,
                7.827300550769677e-14,
                0.9999999997968161,
                1.691897922271364e-10,
                3.3915689133609156e-11
            ],
            [
                0.0,
                0.0,
                7.681204682979388e-15,
                2.890889168173979e-10,
                0.9999999997109035
            ],
            [
                0.0,
                0.0,
                5.374325043043738e-15,
                6.928030753509817e-11,
                0.9999999999307143
            ]
        ],
        [
            [
                0.9999993751213021,
                6.248750180622022e-07,
                2.2852210927733713e-13,
                2.7839692161583786e-12,
                6.671821988297945e-13
            ],
            [
                0.003287670484695046,
                0.9967123294834634,
                1.6239647396982462e-12,
                2.8276015361965045e-11,
                1.941460108422714e-12
            ],
            [
                0.0,
                3.831785525922385e-14,
                0.9999999999963602,
                3.3282528862482735e-12,
                2.731996335876767e-13
            ],
            [
                0.0,
                0.0,
                9.182963763690424e-15,
                7.059855173544632e-10,
                0.9999999992940054
            ],
            [
                0.0,
                0.0,
                9.182963768873877e-15,
                1.4152145373401167e-10,
                0.9999999998584694
            ]
        ],
        [
            [
                0.9999946737380858,
                5.326254529138578e-06,
                5.58069723353615e-13,
                5.686841625606606e-12,
                1.1399853734751429e-12
            ],
            [
                4.539785251383455e-05,
                0.9999546021320872,
                9.535167874484356e-13,
                1.3887308429781633e-11,
                5.580473610528765e-13
            ],
            [
                0.0,
                9.357622968737704e-14,
                0.9999999999890494,
                9.717007627465982e-12,
                1.1399918530318717e-12
            ],
            [
                0.0,
                0.0,
                1.0978291215443796e-14,
                4.847368706033649e-11,
                0.9999999999515152
            ],
            [
                0.0,
                0.0,
                7.681233986353584e-15,
                4.8473871973130816e-11,
                0.9999999999515183
            ]
        ],
        [
            [
                0.9999997859678004,
                2.1403134135602588e-07,
                0.0,
                6.671822343362633e-13,
                1.9115091051723888e-13
            ],
            [
                0.00038682956695420927,
                0.9996131704054025,
                2.78289142183178e-12,
                2.3720766297842435e-11,
                1.139550480268365e-12
            ],
            [
                0.0,
                2.681003867774612e-14,
                0.9999999999973177,
                2.3286947561647996e-12,
                3.266131342778687e-13
            ],
            [
                0.0,
                0.0,
                7.681233986413985e-15,
                4.054657535751605e-11,
                0.9999999999594458
            ],
            [
                0.0,
                0.0,
                1.0978333094004616e-14,
                8.282567735866685e-11,
                0.9999999999171634
            ]
        ],
        [
            [
                0.9999999939805533,
                6.017645303623137e-09,
                1.1187097324342809e-13,
                1.3628674559160825e-12,
                3.266131323127144e-13
            ],
            [
                8.930934442670179e-07,
                0.9999991069002018,
                6.671796338526995e-13,
                5.686873615626964e-12,
                0.0
            ],
            [
                0.0,
                4.5809412848060695e-14,
                0.999999999992202,
                6.798719677414848e-12,
                9.535604170699379e-13
            ],
            [
                0.0,
                0.0,
                5.374325043288253e-15,
                2.372986334543622e-11,
                0.9999999999762648
            ],
            [
                0.0,
                0.0,
                7.681204685017666e-15,
                2.3729863345437435e-11,
                0.9999999999762625
            ]
        ],
        [
            [
                0.8564013607829858,
                0.14359863914698984,
                5.8224337377367235e-12,
                5.933175937788127e-11,
                4.8702473868868785e-12
            ],
            [
                9.273118922992596e-05,
                0.999907268798958,
                1.6291706335755038e-12,
                9.716099650066188e-12,
                4.66765201423137e-13
            ],
            [
                0.0,
                2.242559154714166e-14,
                0.999999999998481,
                1.3628674641177205e-12,
                1.3374296643731306e-13
            ],
            [
                0.0,
                0.0,
                6.425039549603575e-15,
                1.6918979223282068e-10,
                0.9999999998308038
            ],
            [
                0.0,
                0.0,
                7.68120468444043e-15,
                9.901824294510554e-11,
                0.9999999999009741
            ]
        ],
        [
            [
                0.999999375122802,
                6.248750180631396e-07,
                1.5989055691116872e-13,
                1.6293228339369682e-12,
                3.904695442177679e-13
            ],
            [
                0.019292201339440415,
                0.9807077985812833,
                4.6650997837657536e-12,
                6.79436725901198e-11,
                6.667550999708414e-12
            ],
            [
                0.0,
                9.357622968627507e-14,
                0.9999999999772733,
                1.984921615629055e-11,
                2.783969296363275e-12
            ],
            [
                0.0,
                0.0,
                9.182963767519838e-15,
                2.8909001960620104e-10,
                0.9999999997109008
            ],
            [
                0.0,
                0.0,
                7.68120468504706e-15,
                1.9849216156341027e-11,
                0.999999999980143
            ]
        ],
        [
            [
                0.9864231199156283,
                0.013576880001754731,
                4.692291178535693e-12,
                6.833969482097252e-11,
                9.585080658869037e-12
            ],
            [
                0.00018940628099808625,
                0.9998105936922848,
                1.6290151799571673e-12,
                2.372538191283894e-11,
                1.362615281770001e-12
            ],
            [
                0.0,
                1.911509056551186e-13,
                0.9999999989502428,
                1.009019464126631e-09,
                4.054642064399718e-11
            ],
            [
                0.0,
                0.0,
                9.182963769801125e-15,
                4.054657535751598e-11,
                0.9999999999594442
            ],
            [
                0.0,
                0.0,
                4.495421275139059e-15,
                4.8473687060339405e-11,
                0.9999999999515219
            ]
        ],
        [
            [
                0.8066783774558167,
                0.19332162240725662,
                9.371010709911709e-12,
                1.1416228137918696e-10,
                1.3393379857875098e-11
            ],
            [
                0.00038682809189726506,
                0.999613171898854,
                7.97311742687087e-13,
                8.124765449826831e-12,
                3.264866793490007e-13
            ],
            [
                0.0,
                6.671822132388806e-13,
                0.999999992764653,
                7.194132978273335e-09,
                4.054657506580768e-11
            ],
            [
                0.0,
                0.0,
                9.182928738713917e-15,
                1.4152091387353884e-10,
                0.9999999998584699
            ],
            [
                0.0,
                0.0,
                9.18292873979617e-15,
                2.372986334543613e-11,
                0.999999999976261
            ]
        ],
        [
            [
                0.9933071488508944,
                0.006692851100416318,
                2.7653353591063964e-12,
                4.027518502999429e-11,
                5.648831553145218e-12
            ],
            [
                0.009538295380342201,
                0.9904617045239396,
                8.05038354551082e-12,
                8.203532457478729e-11,
                5.632629212590394e-12
            ],
            [
                0.0,
                3.20515706564138e-14,
                0.9999999999944136,
                4.756874855317816e-12,
                7.976205577332378e-13
            ],
            [
                0.0,
                0.0,
                7.681233985426332e-15,
                1.691904376419e-10,
                0.9999999998308018
            ],
            [
                0.0,
                0.0,
                7.681233986464332e-15,
                3.39158185176673e-11,
                0.9999999999660765
            ]
        ],
        [
            [
                0.9999072688008357,
                9.27311892301001e-05,
                6.671173303107126e-13,
                8.12715284759088e-12,
                1.1398853298245855e-12
            ],
            [
                2.2224644094562542e-05,
                0.9999777753471105,
                6.671643681063464e-13,
                8.127725885252114e-12,
                0.0
            ],
            [
                0.0,
                3.831800143058543e-14,
                0.9999999999980591,
                1.6293228809084463e-12,
                2.7319963358814084e-13
            ],
            [
                0.0,
                0.0,
                1.3124666587093632e-14,
                1.4152145373402772e-10,
                0.9999999998584654
            ],
            [
                0.0,
                0.0,
                5.374345544826241e-15,
                9.717044694988823e-12,
                0.9999999999902776
            ]
