{
    "[['A', 'B', 'C', 'D', 'E'], ['A', 'B', 'C', 'D', 'E']]": [
        [
            [
                0.9999999999166569,
                8.282536140435594e-11,
                0.0,
                3.266131342514872e-13,
                1.911501766583811e-13
            ],
            [
                0.9988714733687151,
                0.0011285266144237256,
                1.3613294068518426e-12,
                1.3872270695297328e-11,
                1.6274841167142118e-12
            ],
            [
                0.0,
                2.732006757619475e-13,
                0.999999999990459,
                8.127943342202382e-12,
                1.1399918530334786e-12
            ],
            [
                0.0,
                7.822334415035545e-13,
                9.529536000812549e-12,
                0.019292201340770896,
                0.9807077986489174
            ],
            [
                0.0,
                0.0,
                5.580728783238811e-13,
                1.4975176185032442e-07,
                0.99999985024768
            ]
        ],
        [
            [
                0.9999999979380949,
                2.061153618188655e-09,
                9.357622949545644e-14,
                4.668088200527246e-13,
                1.911509054616456e-13
            ],
            [
                0.9999993751238774,
                6.248750180638115e-07,
                7.827300326701339e-14,
                7.97620534742533e-13,
                2.2852210927792566e-13
            ],
            [
                0.0,
                5.580728919835754e-13,
                4.847368676862836e-11,
                0.9999999939333231,
                6.017645303338922e-09
            ],
            [
                0.0,
                9.444647990670553e-13,
                1.375547251854255e-11,
                0.009538295381114977,
                0.990461704604185
            ],
            [
                0.0,
                0.0,
                5.476544186465917e-14,
                1.2292326498159876e-08,
                0.9999999877076188
            ]
        ],
        [
            [
                0.9999998502450783,
                1.4975176184996343e-07,
                2.7320066741946774e-13,
                2.3286946850396007e-12,
                5.580728783225359e-13
            ],
            [
                0.9967123419915734,
                0.0032876579845093888,
                1.3583855970580012e-12,
                1.978394088204523e-11,
                2.774814055275678e-12
            ],
            [
                0.0,
                1.9115090585293691e-13,
                0.9999999999851232,
                1.3887943864757413e-11,
                7.976205577258277e-13
            ],
            [
                0.0,
                0.0,
                6.671363856079178e-13,
                6.488322247700239e-05,
                0.9999351167768558
            ],
            [
                0.0,
                0.0,
                1.3374295957741415e-13,
                5.1292912762370555e-08,
                0.9999999487069535
            ]
        ],
        [
            [
                0.9999999989902106,
                1.0090194641669593e-09,
                1.1187097380386334e-13,
                4.668088205438616e-13,
                1.9115017648131213e-13
            ],
            [
                0.9998674706044806,
                0.00013252938841313812,
                4.667447336091432e-13,
                5.6861148983835395e-12,
                9.534331414066463e-13
            ],
            [
                0.0,
                2.2852211579549804e-13,
                0.9999999996908333,
                2.890889168116748e-10,
                1.984921615060494e-11
            ],
            [
                0.0,
                0.0,
                1.362113902469783e-12,
                0.0005527785567202373,
                0.9994472214419177
            ],
            [
                0.0,
                0.0,
                2.242567704795462e-14,
                2.06116148088188e-09,
                0.9999999979388161
            ]
        ],
        [
            [
                0.9999999913975192,
                8.60063142473544e-09,
                1.5989056014548194e-13,
                1.3628674523957493e-12,
                3.266131314690615e-13
            ],
            [
                0.9999993751233816,
                6.248750180635017e-07,
                1.337429625816804e-13,
                1.139991820178168e-12,
                3.266131248624244e-13
            ],
            [
                0.0,
                5.378024288425737e-12,
                0.9456867299487112,
                0.0543132361068769,
                3.393903392198223e-08
            ],
            [
                0.0,
                1.9387255268142765e-12,
                1.9756074596262336e-11,
                0.9953077657316289,
                0.004692234246676371
            ],
            [
                0.0,
                0.0,
                3.904680590946827e-13,
                1.7568761623569976e-08,
                0.999999982430848
            ]
        ],
        [
            [
                0.9999999992931454,
                7.059828242382458e-10,
                7.827300546827294e-14,
                4.668088206852742e-13,
                3.2661313404787673e-13
            ],
            [
                0.9999891199925799,
                1.0880002021051775e-05,
                4.668016832122695e-13,
                3.978901694976207e-12,
                9.535494740293854e-13
            ],
            [
                0.0,
                1.6293227726719108e-12,
                1.4975175647586813e-07,
                0.999999814358392,
                3.588822232095749e-08
            ],
            [
                0.0,
                5.4843794231485636e-12,
                4.6747489067504896e-11,
                0.8066783775241382,
                0.19332162242362996
            ],
            [
                0.0,
                0.0,
                1.598899469789572e-13,
                6.248726343613809e-07,
                0.9999993751272057
            ]
        ],
        [
            [
                0.9999999998811897,
                1.1837738672493472e-10,
                0.0,
                2.7319963355618664e-13,
                1.5989056150192585e-13
            ],
            [
                0.961368393099848,
                0.03863160680282234,
                6.536070413055981e-12,
                7.962563833378715e-11,
                1.1167964043473696e-11
            ],
            [
                0.0,
                4.580941284827333e-14,
                0.9999999999968436,
                2.783969296417758e-12,
                3.2661313427771384e-13
            ],
            [
                0.0,
                0.0,
                2.285160019303894e-13,
                2.2224644094761778e-05,
                0.9999777753556767
            ],
            [
                0.0,
                0.0,
                1.9115017628026495e-13,
                2.0611457555272804e-09,
                0.9999999979386631
            ]
        ],
        [
            [
                0.9999999641100863,
                3.5888223417070194e-08,
                1.5989055578247898e-13,
                1.1399918121301462e-12,
                3.904680519411378e-13
            ],
            [
                0.9999946737438704,
                5.326254529169388e-06,
                1.3374220626021892e-13,
                1.1399853734817373e-12,
                3.2661127785297303e-13
            ],
            [
                0.0,
                7.827300552325242e-14,
                0.999999999995552,
                3.978962535819541e-12,
                3.9046806595326625e-13
            ],
            [
                0.0,
                1.3953545750715937e-12,
                2.032229079551678e-11,
                0.14359910278110874,
                0.8564008971971736
            ],
            [
                0.0,
                0.0,
                6.547243243341761e-14,
                2.945873629215553e-09,
                0.999999997054061
            ]
        ],
        [
            [
                0.9999999939814792,
                6.017622348177408e-09,
                1.1187097324353168e-13,
                5.5807289201045e-13,
                2.285221144907844e-13
            ],
            [
                0.9999777752676475,
                2.2224728873259626e-05,
                2.285168736313398e-13,
                2.7839054329326356e-12,
                4.667981125486143e-13
            ],
            [
                0.0,
                1.3628726524451333e-12,
                5.905303952965187e-10,
                0.9999999922139738,
                7.194132974311675e-09
            ],
            [
                0.0,
                2.3177674600381537e-12,
                8.089803331178388e-12,
                0.004692234246729333,
                0.9953077657428632
            ],
            [
                0.0,
                0.0,
                4.5809412713451603e-14,
                2.945884866852599e-09,
                0.9999999970540694
            ]
        ],
        [
            [
                0.9999999999410556,
                5.7950599193632895e-11,
                0.0,
                6.67182218026774e-13,
                3.266131342594562e-13
            ],
            [
                0.9999844499277036,
                1.5550068441697248e-05,
                2.7319545048227885e-13,
                2.7839266695766965e-12,
                7.97608344940737e-13
            ],
            [
                0.0,
                7.976205543235131e-13,
                6.928057152726853e-11,
                0.9999999957195429,
                4.210378871456325e-09
            ],
            [
                0.0,
                6.054223173413134e-12,
                8.817554721496317e-11,
                0.7448688119517767,
                0.25513118795399353
            ],
            [
                0.0,
                0.0,
                9.357622941270265e-14,
                2.945884866852616e-09,
                0.9999999970540216
            ]
        ],
        [
            [
                0.9999998502459136,
                1.4975176185008852e-07,
                2.2852210888598866e-13,
                1.629322831144278e-12,
                4.668088067566612e-13
            ],
            [
                0.9999962733593368,
                3.7266388399568474e-06,
                1.337424520831077e-13,
                1.3628622227459298e-12,
                3.26611878176013e-13
            ],
            [
                0.0,
                1.9115090585452945e-13,
                0.9999999999934546,
                5.6868956427840486e-12,
                6.671822180618083e-13
            ],
            [
                0.0,
                3.3458709323178418e-12,
                5.825735963882502e-11,
                0.41165216707338764,
                0.5883478328650092
            ],
            [
                0.0,
                0.0,
                1.1187097195135342e-13,
                1.756869460419695e-08,
                0.9999999824311935
            ]
        ],
        [
            [
                0.9999999999850873,
                1.3887943864755058e-11,
                0.0,
                5.580728953608263e-13,
                4.668088210082163e-13
            ],
            [
                0.9953077656851371,
                0.004692234246457192,
                3.9602763243432005e-12,
                5.7678668595323627e-11,
                6.766816988651622e-12
            ],
            [
                0.0,
                1.5989056152009908e-13,
                0.9999999999947566,
                4.756874855319448e-12,
                3.2661313427703216e-13
            ],
            [
                0.0,
                0.0,
                6.776361701776145e-12,
                0.003287657984563128,
                0.9967123420086604
            ],
            [
                0.0,
                0.0,
                3.904658465866597e-13,
                5.326254529174814e-06,
                0.9999946737450803
            ]
        ],
        [
            [
                0.9999999997574378,
                2.418129558955021e-10,
                0.0,
                5.580728952337493e-13,
                1.911509058093781e-13
            ],
            [
                0.986423119928572,
                0.013576880001932886,
                2.7461715870938453e-12,
                5.716380894512336e-11,
                9.58508065899481e-12
            ],
            [
                0.0,
                2.328685828890976e-12,
                4.210362748577659e-09,
                0.9999999810916985,
                1.4695609967857713e-08
            ],
            [
                0.0,
                0.0,
                2.732001447822721e-13,
                1.8243534036742862e-06,
                0.9999981756463231
            ],
            [
                0.0,
                0.0,
                7.827300271451993e-14,
                3.5888086514683534e-08,
                0.9999999641118353
            ]
        ],
        [
            [
                0.9999999970530813,
                2.94588486685065e-09,
                9.357622941264021e-14,
                6.671822161000436e-13,
                2.73199632783574e-13
            ],
            [
                0.9999973925568469,
                2.607437986062793e-06,
                3.9046881663443184e-13,
                3.97895500690157e-12,
                7.976190484915487e-13
            ],
            [
                0.0,
                3.978962713010219e-12,
                3.0590233412287023e-07,
                0.9999996868995534,
                7.194133350661645e-09
            ],
            [
                0.0,
                9.323622026726671e-12,
                9.500992776942599e-11,
                0.328653154255279,
                0.6713468456403875
            ],
            [
                0.0,
                0.0,
                6.547243235062102e-14,
                4.2103628104598874e-09,
                0.9999999957895718
            ]
        ],
        [
            [
                0.9999999999300557,
                6.928057181896878e-11,
                0.0,
                3.9046806592765556e-13,
                2.731996335695368e-13
            ],
            [
                0.9999844499264456,
                1.5550068441677685e-05,
                4.667998927502861e-13,
                3.978886433522625e-12,
                6.671694574255291e-13
            ],
            [
                0.0,
                5.580750218865809e-13,
                2.836930968310942e-11,
                0.9999999957606938,
                4.210378871629586e-09
            ],
            [
                0.0,
                3.5611720015715355e-12,
                5.186599188218399e-11,
                0.10500062642461024,
                0.8949993735199626
            ],
            [
                0.0,
                0.0,
                1.3374296563264406e-13,
                6.017645303631528e-09,
                0.9999999939822208
            ]
        ],
        [
            [
                0.9999999996538669,
                3.456089452292673e-10,
                0.0,
                3.904680658197867e-13,
                1.3374296639120196e-13
            ],
            [
                0.9933071488768105,
                0.006692851100590939,
                9.471815658638607e-13,
                1.971635942992306e-11,
                1.9348281530516667e-12
            ],
            [
                0.0,
                2.732006757593073e-13,
                0.9999999999807949,
                1.660312465055974e-11,
                2.328694756126323e-12
            ],
            [
                0.0,
                0.0,
                3.2660814015834477e-13,
                1.0880002021104883e-05,
                0.9999891199976523
            ],
            [
                0.0,
                0.0,
                2.285221144908308e-13,
                6.01762234817863e-09,
                0.9999999939821491
            ]
        ],
        [
            [
                0.9999999999913258,
                8.127943342208127e-12,
                0.0,
                2.7319963358625767e-13,
                2.7319963358625767e-13
            ],
            [
                0.9999946737614667,
                5.326234211253275e-06,
                3.2661003193794803e-13,
                3.3282339689706152e-12,
                6.671758808237418e-13
            ],
            [
                0.0,
                1.5989056152008886e-13,
                0.9999999999946927,
                4.756874855319144e-12,
                3.904680659529307e-13
            ],
            [
                0.0,
                2.7309490055795604e-13,
                3.326976976746215e-12,
                0.0003868280918994501,
                0.9996131719045005
            ],
            [
                0.0,
                0.0,
                1.3374296634304123e-13,
                7.059855173544581e-10,
                0.9999999992938808
            ]
        ],
        [
            [
                0.999999999941499,
                5.795059919365581e-11,
                0.0,
                3.9046806593209787e-13,
                1.5989056151155813e-13
            ],
            [
                0.9999891199920978,
                1.088000202104653e-05,
                3.2660814015659307e-13,
                4.756820265502917e-12,
                7.976114042532892e-13
            ],
            [
                0.0,
                3.3282655819649744e-12,
                0.9999999998206832,
                1.6918979223117446e-10,
                6.798745611355566e-12
            ],
            [
                0.0,
                0.0,
                4.667767533204251e-13,
                6.488322247701249e-05,
                0.9999351167770562
            ],
            [
                0.0,
                0.0,
                1.337429652871944e-13,
                8.600664233616025e-09,
                0.999999991399202
            ]
        ],
        [
            [
                0.9999999970534974,
                2.945884866851876e-09,
                9.357622941267915e-14,
                3.9046806480448787e-13,
                1.3374296604344223e-13
            ],
            [
                0.9999777753503961,
                2.222464409464797e-05,
                3.904591087567207e-13,
                3.978871259854647e-12,
                1.139965702037504e-12
            ],
            [
                0.0,
                5.160469635855689e-11,
                0.7448684652856811,
                0.25513106921451695,
                4.6544819713021517e-07
            ],
            [
                0.0,
                0.0,
                3.266106479597516e-13,
                7.612456623894273e-06,
                0.9999923875430495
            ],
            [
                0.0,
                0.0,
                3.2661189306446123e-13,
                1.0477714280353342e-07,
                0.9999998952225305
            ]
        ],
        [
            [
                0.9999999266888859,
                7.330993137512254e-08,
                1.1187097905150445e-13,
                7.976205943470321e-13,
                2.732006883039701e-13
            ],
            [
                0.9999546021425665,
                4.5397852514310304e-05,
                2.73187133493558e-13,
                3.978765302837019e-12,
                6.671491465432901e-13
            ],
            [
                0.0,
                1.9463283038098344e-12,
                0.9992101263852792,
                0.0007898664243198987,
                7.188454531908755e-09
            ],
            [
                0.0,
                7.822334415035545e-13,
                9.529536000812549e-12,
                0.019292201340770896,
                0.9807077986489174
            ],
            [
                0.0,
                0.0,
                5.476544220829367e-14,
                6.01762234818084e-09,
                0.9999999939823228
            ]
        ],
        [
            [
                0.9999999824299165,
                1.756876162355935e-08,
                1.3374296408764112e-13,
                7.976205437234339e-13,
                3.904680590944465e-13
            ],
            [
                0.9999351167700297,
                6.488322247657428e-05,
                6.67136385603516e-13,
                5.686526670620815e-12,
                1.1399178890877542e-12
            ],
            [
                0.0,
                1.3374296643473698e-13,
                0.9999999999792195,
                1.9849216156329182e-11,
                7.976205577211188e-13
            ],
            [
                0.0,
                5.7169773127749844e-12,
                5.825735963868688e-11,
                0.5883478328636141,
                0.41165216707241153
            ],
            [
                0.0,
                0.0,
                2.285221214390962e-13,
                2.1403134135616064e-07,
                0.9999997859684301
            ]
        ],
        [
            [
                0.9999999991553739,
                8.440101471249099e-10,
                6.547268232899204e-14,
                3.904680656252035e-13,
                1.598905613858897e-13
            ],
            [
                0.9999946737602793,
                5.32623421124695e-06,
                3.9046584659266906e-13,
                3.978924741584496e-12,
                1.1399810248096505e-12
            ],
            [
                0.0,
                3.83180014305429e-14,
                0.9999999999969491,
                2.7839692964180518e-12,
                2.285221158654523e-13
            ],
            [
                0.0,
                0.0,
                1.6291706335917212e-12,
                9.273118923084904e-05,
                0.9999072688091399
            ],
            [
                0.0,
                0.0,
                2.73200670964589e-13,
                1.7568828643206553e-08,
                0.9999999824308982
            ]
        ],
        [
            [
                0.9999999999406939,
                5.795059919361067e-11,
                0.0,
                7.976205576902833e-13,
                5.580728953360516e-13
            ],
            [
                0.9999923875387835,
                7.612456623863538e-06,
                4.668034867473995e-13,
                3.3282275501612364e-12,
                7.976144859053461e-13
            ],
            [
                0.0,
                9.535640055553067e-13,
                1.6918978355448925e-10,
                0.9999999485369437,
                5.1292912753657114e-08
            ],
            [
                0.0,
                0.0,
                1.5988964905051925e-13,
                2.6074180930303497e-06,
                0.999997392581747
            ],
            [
                0.0,
                0.0,
                5.476544245887723e-14,
                1.442126295666031e-09,
                0.999999998557819
            ]
        ],
        [
            [
                0.9999999999500615,
                4.84736870602741e-11,
                0.0,
                7.976205576977342e-13,
                6.671822180327506e-13
            ],
            [
                0.999954602137062,
                4.53978525140604e-05,
                6.671491465396176e-13,
                8.127540448607368e-12,
                1.6292421170760803e-12
            ],
            [
                0.0,
                1.911509058315625e-13,
                0.9999999998733036,
                1.1837738672401223e-10,
                8.127943341250149e-12
            ],
            [
                0.0,
                0.0,
                1.1398396936017722e-12,
                0.00013252938841389267,
                0.9998674706104462
            ],
            [
                0.0,
                0.0,
                9.357658185422437e-14,
                5.129310842967507e-08,
                0.9999999487067981
            ]
        ],
        [
            [
                0.9999998502458597,
                1.4975176185008045e-07,
                1.911509000171054e-13,
                1.6293228311441901e-12,
                5.580728783229719e-13
            ],
            [
                0.9999351170187297,
                6.488297498333245e-05,
                3.9044273204379714e-13,
                4.756566225124123e-12,
                1.1399135409379086e-12
            ],
            [
                0.0,
                1.0985805925442825e-11,
                0.9456867351922581,
                0.05431323640802736,
                2.838872877456601e-08
            ],
            [
                0.0,
                0.0,
                2.285208117238819e-13,
                2.6074280395336714e-06,
                0.999997392571732
            ],
            [
                0.0,
                0.0,
                7.827330364094176e-14,
                6.017645303631862e-09,
                0.9999999939822763
            ]
        ],
        [
            [
                0.99999999578899,
                4.210362810458588e-09,
                6.547268210858587e-14,
                3.9046806431073814e-13,
                1.9115017586939825e-13
            ],
            [
                0.9999946737428276,
                5.326254529163834e-06,
                2.2852081697648886e-13,
                1.9478621591794843e-12,
                4.668061677352773e-13
            ],
            [
                0.0,
                3.9046955546512873e-13,
                0.9999999999739317,
                2.372986334538861e-11,
                1.9478658000515302e-12
            ],
            [
                0.0,
                1.3363740092899725e-13,
                1.3617917305636566e-12,
                0.0007898664299981737,
                0.9992101335685064
            ],
            [
                0.0,
                0.0,
                6.547293099294081e-14,
                1.75688286432142e-08,
                0.999999982431106
            ]
        ],
        [
            [
                0.9999997859662892,
                2.140313413557264e-07,
                2.7320068242651824e-13,
                1.629322920642442e-12,
                4.668088323983144e-13
            ],
            [
                0.993307148865419,
                0.006692851100514184,
                1.9348355338272205e-12,
                2.817942554702861e-11,
                3.952330152202016e-12
            ],
            [
                0.0,
                9.535640680778293e-13,
                2.1403133915532734e-07,
                0.9999997756855586,
                1.028214867382711e-08
            ],
            [
                0.0,
                3.817870166460139e-12,
                5.560462201024533e-11,
                0.6713476939213623,
                0.32865230601921525
            ],
            [
                0.0,
                0.0,
                1.337424581797136e-13,
                1.047771428035486e-07,
                0.9999998952227234
            ]
        ],
        [
            [
                0.9999999487052065,
                5.1292912762287804e-08,
                1.9115089605073437e-13,
                1.3628673942117854e-12,
                3.2661311752519143e-13
            ],
            [
                0.9999777753503197,
                2.2224644094646273e-05,
                4.667963318971192e-13,
                3.978856081693977e-12,
                1.1399613534216648e-12
            ],
            [
                0.0,
                5.580728925409053e-13,
                3.391568896861529e-11,
                0.9999999949319918,
                5.033534542972604e-09
            ],
            [
                0.0,
                1.0959514990889113e-12,
                1.59617099912577e-11,
                0.03863160680592338,
                0.9613683931770189
            ],
            [
                0.0,
                0.0,
                3.8318001403600356e-14,
                7.059828242387212e-10,
                0.9999999992939788
            ]
        ],
        [
            [
                0.9999999877065743,
                1.2292373389743564e-08,
                1.1187097254155195e-13,
                6.671822098642203e-13,
                2.7319963023011173e-13
            ],
            [
                0.9999072687986272,
                9.273118922989528e-05,
                7.975460264050827e-13,
                9.716099650062974e-12,
                1.6291706335749648e-12
            ],
            [
                0.0,
                1.1187097391624109e-13,
                0.9999999999947407,
                4.756874855319372e-12,
                3.9046806595294944e-13
            ],
            [
                0.0,
                4.870266014176233e-12,
                3.472414835188802e-11,
                0.14359910277854168,
                0.8564008971818641
            ],
            [
                0.0,
                0.0,
                4.580923805347244e-14,
                1.0090156150709687e-09,
                0.9999999989909385
            ]
        ],
        [
            [
                0.9999999789951239,
                2.1003645591255682e-08,
                1.5989055816245602e-13,
                7.976205409837727e-13,
                2.732006700260078e-13
            ],
            [
                0.9994472214357931,
                0.0005527785567170008,
                6.668107735502883e-13,
                5.683751223703346e-12,
                1.1393615245836042e-12
            ],
            [
                0.0,
                3.8318001430588575e-14,
                0.999999999998141,
                1.6293228809085798e-12,
                1.9115090585542527e-13
            ],
            [
                0.0,
                6.309432831394193e-13,
                9.189249827581033e-12,
                0.05431323794997446,
                0.9456867620402054
            ],
            [
                0.0,
                0.0,
                5.580600933785572e-13,
                2.2224644094754453e-05,
                0.9999777753553472
            ]
        ],
        [
            [
                0.99999992668769,
                7.330993137503488e-08,
                1.9115091462903223e-13,
                1.629322955692628e-12,
                5.580729209830906e-13
            ],
            [
                0.9999072691599614,
                9.273083552266593e-05,
                3.9043157994360387e-13,
                3.3279418885544666e-12,
                7.975460266932901e-13
            ],
            [
                0.0,
                1.6293166030709739e-12,
                3.726638813147738e-06,
                0.9999962661654522,
                7.194105311067772e-09
            ],
            [
                0.0,
                0.0,
                3.9046358494986683e-13,
                1.0880002021100197e-05,
                0.9999891199975884
            ],
            [
                0.0,
                0.0,
                1.1187139786240882e-13,
                2.5109990926918495e-08,
                0.9999999748898973
            ]
        ],
        [
            [
                0.9999999957888324,
                4.21037887174806e-09,
                9.357622929433656e-14,
                4.668088190494299e-13,
                2.2852211490380456e-13
            ],
            [
                0.9999973925698707,
                2.607428039529167e-06,
                1.3374271337274092e-13,
                1.6293197979515121e-12,
                3.266125162703243e-13
            ],
            [
                0.0,
                2.7984032533327056e-11,
                0.013576930404166054,
                0.986423018971532,
                5.059631774777367e-08
            ],
            [
                0.0,
                2.202216845584224e-12,
                3.207363341927051e-11,
                0.9456867620170779,
                0.05431323794864618
            ],
            [
                0.0,
                0.0,
                1.1187054519828756e-13,
                1.7568694604198675e-08,
                0.9999999824311935
            ]
        ],
        [
            [
                0.9999998502448345,
                1.4975233310865296e-07,
                3.266131243020616e-13,
                1.9478731711353347e-12,
                5.580750072055433e-13
            ],
            [
                0.9996131718964703,
                0.00038682809189634256,
                5.578568260756038e-13,
                9.713245490060237e-12,
                1.3623398022091105e-12
            ],
            [
                0.0,
                2.327398286870465e-12,
                0.999447221199408,
                0.00055277855658626,
                2.416783298624637e-10
            ],
            [
                0.0,
                2.4791192044289984e-12,
                3.6106508187405573e-11,
                0.7448680700594166,
                0.2551319299019978
            ],
            [
                0.0,
                0.0,
                5.4765651122279275e-14,
                6.0176223481813335e-09,
                0.9999999939823228
            ]
        ],
        [
            [
                0.9999999995856981,
                4.1317767795599475e-10,
                0.0,
                7.976205574071105e-13,
                3.2661313414337605e-13
            ],
            [
                0.9999996940954076,
                3.059023363240995e-07,
                1.5989056979100295e-13,
                1.6293229651855447e-12,
                4.66808845160127e-13
            ],
            [
                0.0,
                2.3268478003365424e-12,
                0.9992101323746748,
                0.0007898634159589007,
                4.207039514992262e-09
            ],
            [
                0.0,
                0.0,
                5.58064350416932e-13,
                1.555006844174426e-05,
                0.9999844499310002
            ],
            [
                0.0,
                0.0,
                3.2661127034535164e-13,
                2.6074280395333474e-06,
                0.9999973925716339
            ]
        ],
        [
            [
                0.9999999699786206,
                3.0019267194271203e-08,
                1.9115090011716676e-13,
                1.3628726221411783e-12,
                5.580728786151052e-13
            ],
            [
                0.9999546021422266,
                4.539785251429488e-05,
                3.265981902789291e-13,
                3.978780480649737e-12,
                9.53520424842924e-13
            ],
            [
                0.0,
                2.2852211584626054e-13,
                0.9999999999129672,
                8.28253614040596e-11,
                3.9789625354909395e-12
            ],
            [
                0.0,
                0.0,
                1.1395504819797559e-12,
                0.0003868280919002756,
                0.9996131719069602
            ],
            [
                0.0,
                0.0,
                1.1187055229853664e-13,
                7.330965172055038e-08,
                0.9999999266902364
            ]
        ],
        [
            [
                0.9999999982753573,
                1.7240776758488875e-09,
                7.827300538860762e-14,
                3.2661313371545377e-13,
                1.5989056124518335e-13
            ],
            [
                0.9998674705994453,
                0.00013252938841247072,
                7.975140960038762e-13,
                9.715710658143112e-12,
                1.629102301139956e-12
            ],
            [
                0.0,
                2.732006757624696e-13,
                0.9999999999923701,
                6.798719677415991e-12,
                5.580728953649653e-13
            ],
            [
                0.0,
                0.0,
                1.9463283177998416e-12,
                0.0007898664299973772,
                0.9992101335680563
            ],
            [
                0.0,
                0.0,
                3.831800131777363e-14,
                2.945884866853253e-09,
                0.9999999970540767
            ]
        ],
        [
            [
                0.9999999992935842,
                7.059828242385168e-10,
                0.0,
                2.7319963339566357e-13,
                1.5989056140797945e-13
            ],
            [
                0.9999844498671373,
                1.5550127759672123e-05,
                3.2660813330976014e-13,
                3.978901611562788e-12,
                7.976083448924279e-13
            ],
            [
                0.0,
                1.94787318525273e-12,
                8.60066410720958e-09,
                0.9999999767017221,
                1.469566596275417e-08
            ],
            [
                0.0,
                0.0,
                2.779480745781791e-12,
                0.0016121551713843992,
                0.9983878448258361
            ],
            [
                0.0,
                0.0,
                1.1187139999831186e-13,
                6.017645303632499e-09,
                0.9999999939822428
            ]
        ],
        [
            [
                0.9999999995043409,
                4.939565248973388e-10,
                1.9115090576103495e-13,
                9.53560416604733e-13,
                5.580728950926095e-13
            ],
            [
                0.9999777753506621,
                2.222464409465388e-05,
                4.66796331897279e-13,
                3.978871259855705e-12,
                7.976022606065584e-13
            ],
            [
                0.0,
                1.6293229356735105e-12,
                4.372076784709224e-07,
                0.9999995567730466,
                6.017645542100421e-09
            ],
            [
                0.0,
                7.511371524640664e-12,
                1.0939748156061312e-10,
                0.92414182822773,
                0.07585817165536124
            ],
            [
                0.0,
                0.0,
                2.285212431628755e-13,
                4.210362810459677e-09,
                0.9999999957894086
            ]
        ],
        [
            [
                0.9999999998298164,
                1.691897922326971e-10,
                0.0,
                6.671822179525426e-13,
                3.2661313422311684e-13
            ],
            [
                0.9998105944264927,
                0.0001894055586109315,
                9.533803359447873e-13,
                1.161455018490082e-11,
                2.328254979119032e-12
            ],
            [
                0.0,
                3.205157065650987e-14,
                0.999999999997411,
