{
    "[['A', 'B', 'C', 'D', 'E'], ['A', 'B', 'C', 'D', 'E']]": [
        [
            [
                0.9999999997067586,
                2.8908891681627863e-10,
                2.2852211579913735e-13,
                1.1399918527100625e-12,
                2.78396929561017e-12
            ],
            [
                3.17640653435484e-05,
                0.9999682359074765,
                2.783878876379803e-12,
                2.3729092627969582e-11,
                6.671580037621651e-13
            ],
            [
                0.0,
                6.017645298263326e-09,
                0.9999999930898709,
                8.440101420055639e-10,
                4.847368672774312e-11
            ],
            [
                0.0,
                2.0841821181836353e-12,
                2.5390536067778312e-11,
                0.8949993735449802,
                0.10500062642754528
            ],
            [
                0.0,
                0.0,
                1.3374296969898088e-13,
                2.1403215782231116e-07,
                0.9999997859677084
            ]
        ],
        [
            [
                0.9999999970502322,
                2.945884866842257e-09,
                1.9115090529192984e-13,
                1.3628674600996483e-12,
                2.3286947493019373e-12
            ],
            [
                3.176406534234713e-05,
                0.9999682358696593,
                5.686710938927723e-12,
                5.794871702759453e-11,
                1.3628231997367557e-12
            ],
            [
                4.660561909754512e-13,
                0.001612155166553727,
                0.9983878418339875,
                2.9411352620900468e-09,
                5.7857386876760795e-11
            ],
            [
                0.0,
                0.0,
                5.580547698329621e-13,
                3.176406534438364e-05,
                0.9999682359340974
            ],
            [
                0.0,
                0.0,
                2.7318713349472057e-13,
                4.5397852514503496e-05,
                0.9999546021472122
            ]
        ],
        [
            [
                0.9999999996524502,
                3.4560894522883296e-10,
                1.3374296639103388e-13,
                6.671822178342963e-13,
                1.1399918526481514e-12
            ],
            [
                2.607437986041403e-06,
                0.9999973925486437,
                1.3628700842372685e-12,
                1.16167663554421e-11,
                3.904688166312288e-13
            ],
            [
                0.0,
                3.328265582431348e-12,
                0.9999999999608082,
                3.391568913917107e-11,
                1.9478658000259676e-12
            ],
            [
                0.0,
                3.193517345135915e-12,
                4.65111802461026e-11,
                0.328652306022409,
                0.6713476939278863
            ],
            [
                0.0,
                0.0,
                9.535421802130673e-13,
                2.2224644094741958e-05,
                0.9999777753549517
            ]
        ],
        [
            [
                0.9999999266878744,
                7.330993137504839e-08,
                2.7320068830369374e-13,
                1.3628675266715592e-12,
                5.580729209831935e-13
            ],
            [
                9.27311892274416e-05,
                0.9999072687721694,
                3.3279418872637975e-12,
                3.391251998669742e-11,
                1.3627401148983488e-12
            ],
            [
                0.0,
                1.1616788615808801e-11,
                0.999999785611433,
                2.14031341279776e-07,
                3.4560895365393835e-10
            ],
            [
                0.0,
                0.0,
                9.53436777995916e-13,
                0.0001325298939073683,
                0.9998674701051392
            ],
            [
                0.0,
                0.0,
                9.52811390941267e-13,
                0.0007898664299985141,
                0.9992101335690486
            ]
        ],
        [
            [
                0.9999999970514524,
                2.9458848668458517e-09,
                1.598905610494925e-13,
                1.139991849683035e-12,
                1.3628674601013111e-12
            ],
            [
                0.9976974345607103,
                0.002302565366580216,
                6.783060144103956e-12,
                5.7817341776342354e-11,
                8.109222199772727e-12
            ],
            [
                2.8369308864948363e-11,
                0.9999993708746197,
                6.248750154085548e-07,
                4.210378750203719e-09,
                1.1616787952385902e-11
            ],
            [
                0.0,
                2.2744978248355074e-13,
                3.3126477931114854e-12,
                0.004692249835318962,
                0.9953077501611409
            ],
            [
                0.0,
                4.540433398037551e-13,
                6.6128000367118995e-12,
                0.02734674350838452,
                0.9726532564845486
            ]
        ],
        [
            [
                0.9999999964763409,
                3.5218239718436605e-09,
                2.2852211506091546e-13,
                1.1399918490274126e-12,
                4.668088193703649e-13
            ],
            [
                0.0032876579843651083,
                0.9967123419478322,
                8.101214138605e-12,
                5.7760025357672675e-11,
                1.9414601327016094e-12
            ],
            [
                0.0,
                3.266131342662611e-13,
                0.9999999999617786,
                3.3915689139203973e-11,
                3.978962535685158e-12
            ],
            [
                0.0,
                9.342535818054472e-14,
                9.52026638051371e-13,
                0.0016121551713876344,
                0.9983878448275669
            ],
            [
                0.0,
                0.0,
                1.5989056785755044e-13,
                4.372060132914617e-07,
                0.9999995627938268
            ]
        ],
        [
            [
                0.9999999949636096,
                5.033534543131753e-09,
                2.7320067438860884e-13,
                1.6293228727057025e-12,
                9.535640498261066e-13
            ],
            [
                2.1403134135293492e-07,
                0.9999997859532469,
                3.3282529673760073e-12,
                1.1616744305332322e-11,
                4.668070516612462e-13
            ],
            [
                0.0,
                1.3628726630341569e-12,
                0.9999999999836091,
                1.3887943864736385e-11,
                1.1399918530256699e-12
            ],
            [
                0.0,
                0.0,
                6.547268074025672e-14,
                2.5109990926921718e-08,
                0.9999999748899437
            ],
            [
                0.0,
                1.8726154714361085e-12,
                2.7273341135192664e-11,
                0.038631753046241384,
                0.9613682469246126
            ]
        ],
        [
            [
                0.9999998952199155,
                1.0477714280327115e-07,
                3.266131389915155e-13,
                1.94786582820848e-12,
                6.671822276930903e-13
            ],
            [
                4.539785251326201e-05,
                0.9999546021194763,
                3.3281006038503144e-12,
                2.3728777598948748e-11,
                9.535167874364102e-13
            ],
            [
                0.0,
                6.928030753148353e-11,
                0.9999999998782672,
                4.847350214471294e-11,
                3.978947356844317e-12
            ],
            [
                0.0,
                1.4509032987268845e-12,
                1.767562067430502e-11,
                0.25513192990696243,
                0.744868070073911
            ],
            [
                0.0,
                0.0,
                1.337419418992313e-13,
                3.7266246240439513e-06,
                0.9999962733752421
            ]
        ],
        [
            [
                0.9999999998572331,
                1.4152091387341907e-10,
                1.1187097390085799e-13,
                6.671822179709238e-13,
                4.668088209485952e-13
            ],
            [
                2.1403134134706417e-07,
                0.9999997859258175,
                8.127943540149853e-12,
                3.3915689966157467e-11,
                7.976205771552896e-13
            ],
            [
                1.6691046434188983e-11,
                0.5883487312429035,
                0.411651225317985,
                4.313180056153034e-08,
                2.906197861587162e-10
            ],
            [
                0.0,
                0.0,
                5.47656507786364e-14,
                1.2292373389753017e-08,
                0.9999999877075717
            ],
            [
                0.0,
                0.0,
                9.357587407456999e-14,
                1.0477714280354953e-07,
                0.9999998952227636
            ]
        ],
        [
            [
                0.9999997859646319,
                2.1403134135537168e-07,
                5.580729089768358e-13,
                2.328694812952115e-12,
                1.139991880841024e-12
            ],
            [
                0.7448688117477298,
                0.2551311878841037,
                3.020173809503492e-11,
                3.0776290015778323e-10,
                3.020173809503492e-11
            ],
            [
                0.0,
                4.0545955363173915e-11,
                0.9999891196683508,
                1.0880002017524124e-05,
                2.890855992263535e-10
            ],
            [
                0.0,
                0.0,
                2.313108107323184e-12,
                0.006692851100725643,
                0.9933071488969613
            ],
            [
                0.0,
                0.0,
                2.2851861684199223e-13,
                1.5550068441748554e-05,
                0.9999844499313296
            ]
        ],
        [
            [
                0.9999999266855313,
                7.330993137487661e-08,
                3.904695733958428e-13,
                2.7839694241963524e-12,
                1.3628727256053094e-12
            ],
            [
                7.330965171774944e-08,
                0.9999999266518956,
                3.978947539807977e-12,
                3.391569069591441e-11,
                5.580729209631147e-13
            ],
            [
                0.0,
                8.930968640211302e-07,
                0.9999990020972302,
                1.047775363511031e-07,
                2.8369254438533447e-11
            ],
            [
                0.0,
                6.671809556405638e-13,
                3.978955006943219e-12,
                0.9999973925673143,
                2.607428039522501e-06
            ],
            [
                0.0,
                1.598801876418528e-13,
                2.3285436678416547e-12,
                6.488322247689904e-05,
                0.9999351167750347
            ]
        ],
        [
            [
                0.9999999975339355,
                2.4641221743340744e-09,
                1.9115090538439016e-13,
                9.535604147258324e-13,
                7.9762055577071e-13
            ],
            [
                8.93093444249068e-07,
                0.99999910687983,
                2.3286857363329364e-12,
                2.372986195412734e-11,
                6.671796338392902e-13
            ],
            [
                2.8098708150133923e-11,
                0.99046163569509,
                0.009538291324117066,
                7.261038171221654e-08,
                3.4231234234257597e-10
            ],
            [
                0.0,
                0.0,
                1.3628103055909577e-12,
                4.5397852514454036e-05,
                0.9999546021461228
            ],
            [
                0.0,
                0.0,
                3.2660564189142505e-13,
                2.222464409475589e-05,
                0.9999777753555785
            ]
        ],
        [
            [
                0.9999999957853898,
                4.210378871733565e-09,
                2.7319963243724114e-13,
                1.6293228740446478e-12,
                2.328694746356505e-12
            ],
            [
                6.488322245535052e-05,
                0.9999351164429439,
                3.3913488641260486e-11,
                2.890712631089139e-10,
                1.1616034622533957e-11
            ],
            [
                0.0,
                5.686895642660218e-12,
                0.9999999999716798,
                1.9849216156179523e-11,
                2.7839692963477027e-12
            ],
            [
                0.0,
                0.0,
                9.533021677882045e-13,
                0.000270684217056437,
                0.9997293157819902
            ],
            [
                0.0,
                0.0,
                7.511371525457757e-12,
                0.07585817166361315,
                0.9241418283288755
            ]
        ],
        [
            [
                0.0,
                0.0,
                2.2852125318161733e-13,
                4.372060132914317e-07,
                0.9999995627937582
            ],
            [
                1.088004352450661e-05,
                0.9999891199431056,
                1.3628570226786206e-12,
                1.1616655021957857e-11,
                3.904650744320217e-13
            ],
            [
                0.0,
                8.325510481557181e-10,
                0.9864230639904371,
                0.013576931023797317,
                4.1532147054728286e-09
            ],
            [
                0.0,
                1.8987147580654686e-13,
                2.3131081073231125e-12,
                0.006692851100725436,
                0.9933071488967717
            ],
            [
                0.0,
                0.0,
                6.67138930536088e-13,
                6.488322247699949e-05,
                0.9999351167768559
            ]
        ],
        [
            [
                0.9999999949645764,
                5.03353454313662e-09,
                1.9115090489325483e-13,
                1.1399918473040135e-12,
                5.580728925590899e-13
            ],
            [
                0.07585817162874406,
                0.9241418279034663,
                6.402506665108019e-11,
                3.8183472919516913e-10,
                2.1929756674247694e-11
            ],
            [
                6.925189675007967e-11,
                0.9995909637762839,
                2.2216039737554364e-05,
                0.0003868194090333742,
                7.056933120261613e-10
            ],
            [
                0.0,
                0.0,
                5.531380245061786e-12,
                0.027346743508408766,
                0.9726532564860598
            ],
            [
                0.0,
                0.0,
                4.667785339359097e-13,
                6.488322247702414e-05,
                0.9999351167770562
            ]
        ],
        [
            [
                0.9999999897154309,
                1.028214842305877e-08,
                3.9046806193920723e-13,
                1.362867450103286e-12,
                6.671822112044938e-13
            ],
            [
                1.0477714280119716e-07,
                0.9999998952006793,
                2.3286859064774824e-12,
                1.9849140724150074e-11,
                0.0
            ],
            [
                1.0090155316405165e-09,
                0.9999962208180097,
                3.726638644153567e-06,
                5.129251976805846e-08,
                2.4181109083657786e-10
            ],
            [
                0.0,
                0.0,
                3.3281132996516486e-12,
                0.9999546021441575,
                4.539785251436481e-05
            ],
            [
                0.0,
                0.0,
                3.9041594856245314e-13,
                0.00013252938841399792,
                0.9998674706111956
            ]
        ],
        [
            [
                0.9999999928028145,
                7.194132978547874e-09,
                3.2661313192804945e-13,
                1.3628674543109808e-12,
                1.3628674543109808e-12
            ],
            [
                0.0002706842170303113,
                0.9997293156852259,
                1.1613642203129072e-11,
                8.280293011279205e-11,
                3.3273642002144252e-12
            ],
            [
                3.391348823264244e-11,
                0.9999351043948901,
                6.488322167358325e-05,
                1.2291575845685905e-08,
                5.7947059629769985e-11
            ],
            [
                0.0,
                0.0,
                1.5988965272761728e-13,
                5.3262342112742265e-06,
                0.9999946737656288
            ],
            [
                0.0,
                2.281536731926617e-13,
                2.779480745781915e-12,
                0.001612155171384471,
                0.9983878448256078
            ]
        ],
        [
            [
                0.9999998952169418,
                1.0477754249680208e-07,
                5.58072903420117e-13,
                3.328265630576147e-12,
                1.6293229044166118e-12
            ],
            [
                0.001612155171297238,
                0.9983878447715855,
                4.749205419319645e-12,
                4.8395533684041934e-11,
                3.97254731585743e-12
            ],
            [
                1.6918979845938048e-10,
                0.9999999174233313,
                6.132100672788123e-08,
                2.1003646801853507e-08,
                8.282536444537914e-11
            ],
            [
                0.0,
                0.0,
                5.685799975538888e-12,
                0.9998105944357016,
                0.0001894055586125497
            ],
            [
                0.0,
                0.0,
                4.749205448772712e-12,
                0.9983878509638278,
                0.0016121490314230816
            ]
        ],
        [
            [
                0.9999999997560896,
                2.418129558952223e-10,
                1.5989056148193846e-13,
                7.976205575431457e-13,
                1.1399918527662995e-12
            ],
            [
                0.03863175304431578,
                0.961368246876693,
                7.813943061247553e-12,
                6.660411135815772e-11,
                4.573123789897032e-12
            ],
            [
                4.847312955181231e-11,
                0.999989094670891,
                1.0880001745548751e-05,
                2.5109702759648782e-08,
                1.6918784635730358e-10
            ],
            [
                0.0,
                1.8690079473312645e-12,
                3.254263848129698e-11,
                0.6713468456873293,
                0.32865315427825903
            ],
            [
                0.0,
                0.0,
                4.668034639055461e-13,
                1.0880043524643441e-05,
                0.9999891199560085
            ]
        ],
        [
            [
                0.9999999998810016,
                1.1837783829967827e-10,
                6.547293213543964e-14,
                3.266131342398783e-13,
                2.2852298758330884e-13
            ],
            [
                0.009538295379599467,
                0.9904617044468137,
                1.965988269898557e-11,
                1.4017153917941794e-10,
                1.3755472516356988e-11
            ],
            [
                4.939103635869237e-10,
                0.999907258221259,
                9.273083450821686e-05,
                1.0281148415047845e-08,
                1.691739810239941e-10
            ],
            [
                0.0,
                0.0,
                2.783443538202887e-12,
                0.9998105937162141,
                0.00018940628100251375
            ],
            [
                0.0,
                0.0,
                1.5989025898069754e-13,
                2.6074280395340284e-06,
                0.9999973925718006
            ]
        ],
        [
            [
                0.9999962733502143,
                3.7266388399228513e-06,
                1.362862222733497e-12,
                6.798693530599537e-12,
                2.783958589693208e-12
            ],
            [
                0.004692249834750212,
                0.9953077500404992,
                1.6525278008132198e-11,
                9.85539786705335e-11,
                9.67141085070723e-12
            ],
            [
                0.0,
                3.328265562941337e-12,
                2.9458848581656537e-09,
                0.999999994104902,
                2.9458848581656537e-09
            ],
            [
                0.0,
                0.0,
                1.139839693025698e-12,
                0.00013252989390737205,
                0.9998674701049528
            ],
            [
                0.0,
                9.351632869225741e-13,
                1.3620002467344575e-11,
                0.9807077286554708,
                0.01929227132997402
            ]
        ],
        [
            [
                0.9999999985565431,
                1.4421317969501965e-09,
                1.9115090557986253e-13,
                6.671822171031266e-13,
                4.668088203414217e-13
            ],
            [
                0.6713476937414723,
                0.32865230593115174,
                2.722074926236029e-11,
                2.773859143831555e-10,
                2.2769222400430227e-11
            ],
            [
                1.7216720635940137e-09,
                0.9986013956203771,
                0.0011282214620193698,
                0.00027037975581732264,
                1.440114090856835e-09
            ],
            [
                0.0,
                0.0,
                1.598902621275694e-13,
                1.2764445008693258e-06,
                0.9999987235553393
            ],
            [
                0.0,
                0.0,
                1.3617917305637113e-12,
                0.0007898664299982055,
                0.99921013356864
            ]
        ],
        [
            [
                0.9999999266847787,
                7.330993137482145e-08,
                5.580750498647721e-13,
                2.783969424194257e-12,
                1.947873320030673e-12
            ],
            [
                0.00230256536656372,
                0.9976974345535624,
                6.7830601440553596e-12,
                6.912099745088311e-11,
                3.969797766625832e-12
            ],
            [
                3.3915624547218605e-11,
                0.9999973802173575,
                2.6074280073207937e-06,
                1.2292350129724844e-08,
                2.8369255773312667e-11
            ],
            [
                0.0,
                0.0,
                1.947865740605351e-12,
                0.9999998502462903,
                1.4975176185010403e-07
            ],
            [
                0.0,
                0.0,
                9.535421802130673e-13,
                2.2224644094741958e-05,
                0.9999777753549517
            ]
        ],
        [
            [
                0.999999106893336,
                8.930968511487481e-07,
                7.976205109638737e-13,
                5.6868953093320825e-12,
                3.3282653873866594e-12
            ],
            [
                6.488322247451352e-05,
                0.9999351167382707,
                3.978704376135843e-12,
                3.39134886512767e-11,
                1.3627790396989997e-12
            ],
            [
                5.905303963421682e-10,
                0.9999999939846691,
                4.2103788641518494e-09,
                1.2062937411782635e-09,
                8.127943293387662e-12
            ],
            [
                0.0,
                1.3443638613711634e-12,
                1.9579724059890407e-11,
                0.01357693109120463,
                0.9864230688878713
            ],
            [
                0.0,
                0.0,
                3.2661064795978964e-13,
                7.612456623895161e-06,
                0.9999923875430495
            ]
        ],
        [
            [
                0.999999989715641,
                1.028214842306093e-08,
                2.7319963077898797e-13,
                1.1399918413202698e-12,
                7.976205495346776e-13
            ],
            [
                0.6713476936265435,
                0.3286523058748893,
                5.5604621985826854e-11,
                3.9645126924613983e-10,
                4.6511357651635914e-11
            ],
            [
                4.847368397345068e-11,
                0.9999991018045424,
                8.930968466039585e-07,
                5.033534247692969e-09,
                1.6603186928764295e-11
            ],
            [
                0.0,
                0.0,
                3.9041594836503597e-13,
                0.00013252989390744293,
                0.9998674701057021
            ],
            [
                0.0,
                0.0,
                1.5989116684668165e-13,
                6.248750180642311e-07,
                0.9999993751248221
            ]
        ],
        [
            [
                0.9999999266849882,
                7.33099313748368e-08,
                6.671822486860297e-13,
                2.7839694241948402e-12,
                1.6293229556882259e-12
            ],
            [
                0.6713476934172256,
                0.3286523057724196,
                6.647593052359924e-11,
                6.774029713183294e-10,
                6.647593052359924e-11
            ],
            [
                2.836930889214509e-11,
                0.9999999678797077,
                3.0019152617065555e-08,
                2.061153556233701e-09,
                1.1616743649077778e-11
            ],
            [
                0.0,
                0.0,
                5.580547698329621e-13,
                3.176406534438364e-05,
                0.9999682359340974
            ],
            [
                0.0,
                0.0,
                3.904502003105084e-13,
                4.5397852514494714e-05,
                0.999954602147095
            ]
        ],
        [
            [
                0.999999999914432,
                8.282536140418092e-11,
                1.5989056150725592e-13,
                9.535604169957796e-13,
                1.6293228807721907e-12
            ],
            [
                1.2764445008480488e-06,
                0.9999987235386154,
                2.328681512444238e-12,
                1.3887864881604788e-11,
                6.671784236749166e-13
            ],
            [
                1.983824076343567e-11,
                0.999447206715692,
                0.0005527785485755442,
                1.4687540507306941e-08,
                2.8353623323342713e-11
            ],
            [
                0.0,
                2.2634233802177697e-13,
                3.2965186352277936e-12,
                0.009538295381221588,
                0.9904617046152556
            ],
            [
                0.0,
                0.0,
                9.357622633010222e-14,
                3.588822341712515e-08,
                0.999999964111683
            ]
        ],
        [
            [
                0.9999999928018992,
                7.194132978541289e-09,
                3.904680631443746e-13,
                1.9478657860813734e-12,
                1.6293228691835784e-12
            ],
            [
                0.00027068421704398233,
                0.9997293157357179,
                4.755586568061581e-12,
                4.053543964549475e-11,
                1.947338266623879e-12
            ],
            [
                3.4560762286173804e-10,
                0.9999998689384575,
                8.764214682678045e-08,
                4.290459891031138e-08,
                1.6918914484963454e-10
            ],
            [
                0.0,
                0.0,
                1.1381538618107873e-12,
                0.0016121551713872697,
                0.9983878448274746
            ],
            [
                0.0,
                0.0,
                7.827300414843635e-14,
                1.756869460420248e-08,
                0.9999999824312272
            ]
        ],
        [
            [
                0.9999999998290814,
                1.6918979223259535e-10,
                1.3374296641465705e-13,
                7.976205576013655e-13,
                7.976205576013655e-13
            ],
            [
                1.229237338875036e-08,
                0.9999999876257758,
                1.1616743878462796e-11,
                6.928057096652772e-11,
                9.535604052778035e-13
            ],
            [
                1.0677019260680684e-06,
                0.9999979289682732,
                7.470413086670429e-07,
                2.5587531542856144e-07,
                4.131768716785248e-10
            ],
            [
                0.0,
                1.3613294068540582e-12,
                1.3872270695319906e-11,
                0.9988714733703408,
                0.0011285266144255624
            ],
            [
                0.0,
                7.93877758897198e-13,
                8.089772471098932e-12,
                0.004692234246736484,
                0.9953077657443798
            ]
        ],
        [
            [
                0.999999999706171,
                2.8908891681610875e-10,
                3.2661313418277633e-13,
                1.6293228804328663e-12,
                2.7839692956085344e-12
            ],
            [
                7.612485662828615e-06,
                0.9999923874983531,
                1.6293104777359133e-12,
                1.3887838143372665e-11,
                4.668052674459072e-13
            ],
            [
                1.908239700646024e-11,
                0.9613683455015085,
                0.0386316048901317,
                4.93113565505804e-08,
                2.779207722315932e-10
            ],
            [
                0.0,
                9.513640838430384e-13,
                1.385595579989658e-11,
                0.9976974433818275,
                0.002302556603365159
            ],
            [
                0.0,
                7.867912920007397e-13,
                9.585080163133094e-12,
                0.013576931091347897,
                0.9864230688982804
            ]
        ],
        [
            [
                0.9999999992913231,
                7.059828242369593e-10,
                1.9115017653886982e-13,
                1.1399918522364695e-12,
                1.362867463153958e-12
            ],
            [
                2.6074280394755717e-06,
                0.9999973925493159,
                2.328681466599024e-12,
                1.9849102879728e-11,
                4.668061569952216e-13
            ],
            [
                8.600631388587384e-09,
                0.9999999871945654,
                2.4641221488566034e-09,
                1.7240776567447416e-09,
                1.660312443826838e-11
            ],
            [
                0.0,
                0.0,
                3.978886433523963e-12,
                0.9999844499275794,
                1.5550068441682912e-05
            ],
            [
                0.0,
                0.0,
                1.1187097049997982e-13,
                1.4975176185039126e-07,
                0.9999998502481263
            ]
        ],
        [
            [
                0.9999999928032437,
                7.194132978550962e-09,
                3.266131319281896e-13,
                1.629322869185769e-12,
                6.671822132646276e-13
            ],
            [
                1.0880002020805753e-05,
                0.9999891199699678,
                3.3282146911946498e-12,
                2.3729591021841515e-11,
                9.535494740078233e-13
            ],
            [
                9.500975225321066e-11,
                0.32865231204863493,
                0.6713476462146748,
                4.1167720610450516e-08,
                4.739600065311076e-10
            ],
            [
                0.0,
                0.0,
                2.783964028672663e-12,
                0.9999973925691765,
                2.6074280395259016e-06
            ],
            [
                0.0,
                0.0,
                6.670562193585327e-13,
                0.00018940628100295846,
                0.99981059371833
            ]
        ],
        [
            [
                0.999999999652295,
                3.456076268377956e-10,
                1.598905614653427e-13,
                7.976205574603571e-13,
                1.1399918526479745e-12
            ],
            [
                0.19332162234133538,
                0.8066783771807453,
                4.6747489047605076e-11,
                3.9846399466133835e-10,
                3.2707916453449175e-11
            ],
            [
                6.964704142357712e-11,
                0.5883477964202327,
                0.41165214157389507,
                6.164560595808348e-08,
                2.906192031394183e-10
            ],
            [
                0.0,
                0.0,
                6.547268074025672e-14,
                2.5109990926921718e-08,
                0.9999999748899437
            ],
            [
                0.0,
                7.900123854828259e-13,
                1.1505936710759083e-11,
                0.009538295381137908,
                0.9904617046065661
            ]
        ],
        [
            [
                0.9999999975346101,
                2.4641221743357366e-09,
                1.3374296610778766e-13,
                6.671796713279888e-13,
                4.668088198643744e-13
            ],
            [
                0.0007898664299805654,
                0.9992101335462311,
                2.3268478030647307e-12,
                1.9833473186847698e-11,
                1.628030619249527e-12
            ],
            [
                0.0,
                2.061153587816721e-09,
                0.9999999832026899,
                1.4695609998880018e-08,
                4.0546420005490275e-11
            ],
            [
                0.0,
                0.0,
                5.58054769832992e-13,
                3.176406534438534e-05,
                0.9999682359340976
            ],
            [
                0.0,
                6.668107735503071e-13,
                6.7949605045424484e-12,
                0.9994472214358212,
                0.0005527785567170164
            ]
        ],
        [
            [
                0.9999999996526374,
                3.456076268379139e-10,
                1.5989056146539745e-13,
                7.976205574606302e-13,
                7.976205574606302e-13
            ],
            [
                4.372076810976515e-07,
                0.9999995627810105,
                1.3628727170510405e-12,
                9.717008012542622e-12,
                2.2852212491978154e-13
            ],
            [
                0.0,
                3.978962522820357e-12,
                2.061153615695646e-09,
                0.9999999967285738,
                1.2062937444882184e-09
            ],
            [
                0.0,
                0.0,
                1.6293041827595177e-12,
                0.9999891199548462,
                1.08800435246301e-05
            ],
            [
                0.0,
                4.487749853817369e-13,
                5.4671985491277986e-12,
                0.0386316068063538,
                0.9613683931877302
            ]
        ],
        [
            [
                0.9999999949638423,
                5.033534543132925e-09,
                3.266131326338695e-13,
                1.6293228727060818e-12,
                6.671822147061405e-13
            ],
            [
                0.009538295380877033,
                0.9904617045794769,
                3.2965186351087127e-12,
                3.3592181423261705e-11,
                2.7574141659021955e-12
            ],
            [
                6.922588697831616e-11,
                0.9992097678745725,
                0.0007898660469909844,
                3.6541914634819113e-07,
                5.90064279843226e-10
            ],
            [
                0.0,
                0.0,
                4.667785339358259e-13,
                6.488322247701249e-05,
                0.9999351167770562
            ],
            [
                0.0,
                0.0,
                5.580547698329266e-13,
                3.1764065344381615e-05,
                0.9999682359340976
            ]
        ],
        [
            [
                0.9999998502431159,
                1.4975176184966956e-07,
                3.9046805402714425e-13,
                2.7839692113829898e-12,
                1.9478657405996996e-12
            ],
            [
                0.00669285110008176,
                0.9933071488012416,
                9.651968795194746e-12,
                8.227130038518694e-11,
                6.753239578904435e-12
            ],
            [
                0.0,
                6.017645087379683e-09,
                0.9999999580456582,
                3.588822319942864e-08,
                4.8473685029020924e-11
            ],
            [
                0.0,
                1.1161372658578239e-13,
                1.3597335500629028e-12,
                0.0023025653667442464,
                0.9976974346317844
            ],
            [
                0.0,
                0.0,
                5.57998406782527e-13,
                0.00013252989390741225,
                0.9998674701055347
            ]
        ],
        [
            [
                0.999999974886937,
                2.510999092685102e-08,
                3.266131260764885e-13,
                1.9478657511854312e-12,
                7.976205377069984e-13
            ],
            [
                1.0880002020853897e-05,
                0.9999891199743927,
                2.783937347577427e-12,
                1.9848912649275237e-11,
                9.535494740120428e-13
            ],
            [
                0.0,
                3.266131342772318e-13,
                0.9999999999953677,
                3.9789625358188084e-12,
                3.266131342772318e-13
            ],
            [
                0.0,
                0.0,
                1.938725526851677e-12,
                0.004692234246766891,
                0.9953077657512943
            ],
            [
                0.0,
                0.0,
