{
    "[['A', 'B', 'C', 'D', 'E'], ['A', 'B', 'C', 'D', 'E']]": [
        [
            [
                0.9999997859643819,
                2.1403134135531816e-07,
                3.904695649961138e-13,
                3.3282656637147776e-12,
                5.580750378599566e-13
            ],
            [
                0.9953077657069999,
                0.004692234246560261,
                3.312647844852221e-12,
                4.035631236384956e-11,
                2.7709056447483602e-12
            ],
            [
                0.0,
                4.2103548333622305e-09,
                2.6074280221314096e-06,
                0.9999973858975055,
                2.464117501424774e-09
            ],
            [
                0.0,
                1.3374271600499086e-13,
                1.947862152740773e-12,
                0.9999987235534176,
                1.276444500866943e-06
            ],
            [
                0.0,
                1.6291706335597587e-12,
                1.984736140429721e-11,
                0.9999072687892945,
                9.273118922902976e-05
            ]
        ],
        [
            [
                0.9999999998999876,
                9.901862067034892e-11,
                0.0,
                6.671822179993596e-13,
                3.266131342460357e-13
            ],
            [
                0.9999891199905941,
                1.0880002021030171e-05,
                5.580664909302153e-13,
                5.686808686568395e-12,
                1.139978770509165e-12
            ],
            [
                7.832673233141288e-11,
                0.9456848177611296,
                0.05431311920337059,
                2.0625664369769434e-06,
                3.907360843170944e-10
            ],
            [
                0.0,
                7.976205377010619e-13,
                9.717007383476244e-12,
                0.9999999748794943,
                2.5109990926664134e-08
            ],
            [
                0.0,
                1.1399853472609867e-12,
                1.3887864608297423e-11,
                0.9999973925569327,
                2.6074280394954317e-06
            ]
        ],
        [
            [
                0.9999999897157935,
                1.0282148423062499e-08,
                2.285221135159809e-13,
                1.3628674501037802e-12,
                4.668088162144818e-13
            ],
            [
                0.9999999853023893,
                1.4695666089146706e-08,
                1.9115090304631903e-13,
                1.3628674440888952e-12,
                3.904680602160554e-13
            ],
            [
                2.8409735367094917e-09,
                0.1933213742899144,
                0.8066773902115706,
                1.2309948566923047e-06,
                1.6626847118488984e-09
            ],
            [
                0.0,
                2.341017300028476e-12,
                4.8730190897384455e-11,
                0.58834877120612,
                0.4116512287428088
            ],
            [
                0.0,
                1.314339361801039e-12,
                2.7359049419981647e-11,
                0.19332162242818432,
                0.8066783775431423
            ]
        ],
        [
            [
                0.9999999928043202,
                7.194132978558706e-09,
                1.3374296547514466e-13,
                1.1399918448413391e-12,
                2.732006737986895e-13
            ],
            [
                0.9997293157694269,
                0.0002706842170531093,
                9.53302167776485e-13,
                1.1613597901662557e-11,
                9.53302167776485e-13
            ],
            [
                0.0,
                3.981701518807384e-09,
                0.054313432954353875,
                0.9456865393177465,
                2.3746198179774342e-08
            ],
            [
                0.0,
                0.0,
                3.3282146911375795e-12,
                0.9999891199531472,
                1.0880043524612309e-05
            ],
            [
                0.0,
                1.136242925087141e-12,
                2.36518263426013e-11,
                0.9967123419907054,
                0.0032876579845065256
            ]
        ],
        [
            [
                0.9999999985562882,
                1.4421317969498288e-09,
                1.5989056129010155e-13,
                9.535640532519557e-13,
                4.668088203413027e-13
            ],
            [
                0.9992101335298409,
                0.0007898664299676091,
                2.3268566792634445e-12,
                3.388891893163142e-11,
                3.975821875545052e-12
            ],
            [
                0.0,
                8.127912313016936e-12,
                8.440069257418919e-10,
                0.9999999970867195,
                2.0611457537717715e-09
            ],
            [
                0.0,
                6.670906217249242e-13,
                1.3886116668931604e-11,
                0.9998674705970346,
                0.0001325293884121512
            ],
            [
                0.0,
                1.1399918808350491e-12,
                8.127943540422735e-12,
                0.9999997859593908,
                2.1403134135424992e-07
            ]
        ],
        [
            [
                0.9999999997960338,
                2.0226823733746777e-10,
                0.0,
                1.1399918528116533e-12,
                5.580728952553062e-13
            ],
            [
                0.9967123294758873,
                0.003287670484670056,
                2.3210366820585992e-12,
                3.380415504599332e-11,
                3.31732035050438e-12
            ],
            [
                0.0,
                4.131768713698558e-10,
                1.8243464279009523e-06,
                0.9999981666397805,
                8.600614705407013e-09
            ],
            [
                0.0,
                4.668061677340728e-13,
                4.7568478178808695e-12,
                0.9999946737402472,
                5.32625452915009e-06
            ],
            [
                0.0,
                0.0,
                6.798589651185397e-12,
                0.9999777752643283,
                2.222472887317718e-05
            ]
        ],
        [
            [
                0.9999999995037474,
                4.939584091952443e-10,
                1.3374296637114593e-13,
                1.362867463443464e-12,
                7.976205573418725e-13
            ],
            [
                0.8564008970450624,
                0.14359910275560311,
                1.421894101493893e-11,
                1.7322216304209242e-10,
                1.1893656091069371e-11
            ],
            [
                0.0,
                9.717007626322932e-12,
                0.9999999998714153,
                9.901824294219191e-11,
                1.9849140435583186e-11
            ],
            [
                0.0,
                3.90468045924462e-13,
                5.686895351090381e-12,
                0.9999999487012057,
                5.129271709552173e-08
            ],
            [
                0.0,
                5.576324009892914e-13,
                1.1607574771209282e-11,
                0.9992101365685607,
                0.0007898634192741164
            ]
        ],
        [
            [
                0.9999999992931989,
                7.059828242382836e-10,
                7.827300546827713e-14,
                4.668088206852991e-13,
                2.731996333955733e-13
            ],
            [
                0.9999923875360942,
                7.612456623843066e-06,
                7.976144859032011e-13,
                5.686830658120225e-12,
                7.976144859032011e-13
            ],
            [
                0.0,
                3.461026953919091e-08,
                0.8066789342192046,
                0.19332102125453665,
                9.915989330335589e-09
            ],
            [
                0.0,
                0.0,
                2.3286902302208974e-12,
                0.9999981756512271,
                1.8243464443402705e-06
            ],
            [
                0.0,
                2.491652892528055e-12,
                5.186569510350245e-11,
                0.8949993735209202,
                0.10500062642472256
            ]
        ],
        [
            [
                0.9999999999160505,
                8.282536140430571e-11,
                0.0,
                7.976205576706446e-13,
                3.266131342512892e-13
            ],
            [
                0.8066783774165763,
                0.1933216223978526,
                1.1203102520188443e-11,
                1.631647692240339e-10,
                1.1203102520188443e-11
            ],
            [
                0.0,
                3.391491087885642e-11,
                2.2224728712699215e-05,
                0.9999777680434045,
                7.19396794691e-09
            ],
            [
                0.0,
                9.357605262602932e-14,
                1.9478621144041247e-12,
                0.999997392569919,
                2.607428039529293e-06
            ],
            [
                0.0,
                6.67182252572299e-13,
                5.686895936942906e-12,
                0.9999996940913096,
                3.0590233632284593e-07
            ]
        ],
        [
            [
                0.9999999997098403,
                2.890889168171233e-10,
                0.0,
                7.976205575061289e-13,
                2.731996335093559e-13
            ],
            [
                0.8066789699618827,
                0.19332102982028784,
                1.3393378718592114e-11,
                1.950652402037763e-10,
                9.37097416528638e-12
            ],
            [
                0.0,
                3.391568913246154e-11,
                0.9999999997629787,
                1.6918979222141146e-10,
                3.391568913246154e-11
            ],
            [
                0.0,
                0.0,
                4.756847817881232e-12,
                0.9999946737407139,
                5.326254529150496e-06
            ],
            [
                0.0,
                0.0,
                9.716989241236298e-12,
                0.9999973925622435,
                2.60742803950754e-06
            ]
        ],
        [
            [
                0.9999999995852917,
                4.1317767795582683e-10,
                0.0,
                1.139991852571409e-12,
                3.904680657930103e-13
            ],
            [
                0.999907269144976,
                9.273083552127619e-05,
                9.534713147285253e-13,
                1.660157322594724e-11,
                1.9476837881239137e-12
            ],
            [
                0.0,
                1.6456308164089818e-10,
                0.027346841231349207,
                0.9726531341807609,
                2.4423326817980923e-08
            ],
            [
                0.0,
                9.535640057055628e-13,
                1.1616787740652232e-11,
                0.9999999486945168,
                5.1292912761739495e-08
            ],
            [
                0.0,
                1.9115017071642692e-13,
                3.328252782523e-12,
                0.9999962733434247,
                3.726653055923656e-06
            ]
        ],
        [
            [
                0.999999999293268,
                7.059828242382861e-10,
                0.0,
                5.580728949747788e-13,
                1.9115017653922908e-13
            ],
            [
                0.9992101335234157,
                0.00078986642996253,
                2.781771863850495e-12,
                4.051441673243226e-11,
                3.325625841729764e-12
            ],
            [
                2.5052061062847897e-08,
                0.9976973580665218,
                0.0023025555835463852,
                6.117976604685033e-08,
                1.1810473241858576e-10
            ],
            [
                0.0,
                0.0,
                3.9789623930224246e-12,
                0.9999999641077977,
                3.588822341697826e-08
            ],
            [
                0.0,
                6.627140403341609e-13,
                1.9716359429966824e-11,
                0.9933071488790152,
                0.006692851100605794
            ]
        ],
        [
            [
                0.9999999991543185,
                8.440101471240192e-10,
                1.5989056138572096e-13,
                9.535604162709654e-13,
                5.580728948972714e-13
            ],
            [
                0.9999682359247772,
                3.1764065344097954e-05,
                9.535294465736163e-13,
                8.12764835180818e-12,
                7.975946519743691e-13
            ],
            [
                2.3286502143010762e-12,
                1.555006842259439e-05,
                0.9999844486992486,
                1.2062706751746406e-09,
                2.3729499976167318e-11
            ],
            [
                0.0,
                3.26613124860983e-13,
                5.686895478841864e-12,
                0.9999993751189684,
                6.248750180607441e-07
            ],
            [
                0.0,
                1.6292699622388835e-12,
                1.6602648733022233e-11,
                0.9999682357952574,
                3.1764186510508057e-05
            ]
        ],
        [
            [
                0.999999895220395,
                1.0477754249716389e-07,
                1.5989056382810924e-13,
                1.6293229044222382e-12,
                2.732006797067561e-13
            ],
            [
                0.9613683930702144,
                0.038631606801631545,
                7.813913481124527e-12,
                1.1380421192833298e-10,
                6.53607041285451e-12
            ],
            [
                0.0,
                4.8472758926527386e-11,
                1.5550068114401555e-05,
                0.9999844288801691,
                2.100324387107921e-08
            ],
            [
                0.0,
                0.0,
                4.756856789749891e-12,
                0.9999923875095802,
                7.612485662909834e-06
            ],
            [
                0.0,
                6.536070222473558e-12,
                6.660411135854743e-11,
                0.961368246882318,
                0.03863175304454181
            ]
        ],
        [
            [
                0.9999999877038018,
                1.2292420281482081e-08,
                3.2661313026264493e-13,
                2.7839692621943074e-12,
                6.671822098623706e-13
            ],
            [
                0.9999981756459481,
                1.824346444331352e-06,
                5.580718107202156e-13,
                5.686862896287984e-12,
                1.3628648153030233e-12
            ],
            [
                0.0,
                1.0104591661292717e-07,
                0.19332094911810563,
                0.8066785971510743,
                3.5268490343020677e-07
            ],
            [
                0.0,
                0.0,
                5.686765186975547e-12,
                0.9999777752654401,
                2.222472887319816e-05
            ],
            [
                0.0,
                7.975840630512519e-13,
                1.3887308429791548e-11,
                0.9999546021328012,
                4.539785251386696e-05
            ]
        ],
        [
            [
                0.9999999999158307,
                8.282536140428353e-11,
                0.0,
                9.535604169969608e-13,
                3.9046806592207517e-13
            ],
            [
                0.9998674705991029,
                0.00013252938841242534,
                1.1398396935891523e-12,
                9.715710658139786e-12,
                1.6291054084084081e-12
            ],
            [
                0.0,
                1.1837739214672302e-10,
                0.9999999264726727,
                7.330993135927196e-08,
                9.901862520363138e-11
            ],
            [
                0.0,
                0.0,
                1.1613597901678217e-11,
                0.999729315771333,
                0.0002706842170534743
            ],
            [
                0.0,
                2.783905432868511e-12,
                2.372940950922935e-11,
                0.999977775244614,
                2.22247288727477e-05
            ]
        ],
        [
            [
                0.9999999998574851,
                1.415209138734389e-10,
                0.0,
                6.671822179710173e-13,
                3.2661313423216094e-13
            ],
            [
                0.9726531580496257,
                0.027346841902439478,
                3.8701528262856984e-12,
                3.943777851869193e-11,
                4.626809809833254e-12
            ],
            [
                0.0,
                4.839553223401342e-11,
                0.0016121551229937939,
                0.9983878148578574,
                2.997075326458775e-08
            ],
            [
                0.0,
                3.904680590921555e-13,
                6.798719557973902e-12,
                0.9999999824240492,
                1.7568761623456268e-08
            ],
            [
                0.0,
                3.9045168975904917e-13,
                9.716563031319696e-12,
                0.9999546021373789,
                4.539785251407479e-05
            ]
        ],
        [
            [
                0.9999999975341112,
                2.4641221743345074e-09,
                1.598905611266651e-13,
                1.1399918502332622e-12,
                4.668088198641414e-13
            ],
            [
                0.9983878447887118,
                0.0016121551713248927,
                2.7794807456791977e-12,
                3.3861007398128407e-11,
                3.3228994713093568e-12
            ],
            [
                0.0,
                8.28229872503426e-11,
                0.9999682354888711,
                3.176418650077564e-05,
                2.4180510205272025e-10
            ],
            [
                0.0,
                5.580207480671498e-13,
                1.3886593178082072e-11,
                0.9999072691500336,
                9.273083552174523e-05
            ],
            [
                0.0,
                5.716988474895623e-12,
                9.954258857268236e-11,
                0.5883487711742383,
                0.4116512287205021
            ]
        ],
        [
            [
                0.9999999949653058,
                5.033534543140291e-09,
                1.337429657641613e-13,
                7.976205537219182e-13,
                2.285221147156105e-13
            ],
            [
                0.993307148822282,
                0.006692851100223529,
                3.9523301520303755e-12,
                6.881685627924056e-11,
                4.7250536968236915e-12
            ],
            [
                0.001612155166802142,
                0.998387841987828,
                7.048472663168318e-10,
                2.0578304504781963e-09,
                8.269213857172999e-11
            ],
            [
                0.0,
                7.976083449320984e-13,
                1.3887678241653217e-11,
                0.9999844499168732,
                1.555006844152883e-05
            ],
            [
                0.0,
                5.580718107157299e-13,
                8.127927545056639e-12,
                0.9999981756379103,
                1.8243534036593551e-06
            ]
        ],
        [
            [
                0.9999962733568832,
                3.7266388399477037e-06,
                3.904665642752917e-13,
                3.3282400863152213e-12,
                5.580707491072944e-13
            ],
            [
                0.9953077657157645,
                0.004692234246601581,
                1.9387255267833747e-12,
                3.3756541283123323e-11,
                1.9387255267833747e-12
            ],
            [
                0.0,
                2.9439989515542706e-08,
                0.01929227019432629,
                0.9807076709256949,
                2.9439989515542706e-08
            ],
            [
                0.0,
                1.1187097834998936e-13,
                1.9478658772912357e-12,
                0.9999995627902593,
                4.372076811016951e-07
            ],
            [
                0.0,
                9.471779526616558e-13,
                1.971635942996121e-11,
                0.9933071488787324,
                0.006692851100603889
            ]
        ],
        [
            [
                0.9999999897157396,
                1.0282148423061944e-08,
                1.9115090388993493e-13,
                1.3628674501037067e-12,
                5.580728896298563e-13
            ],
            [
                0.9933071488536708,
                0.006692851100435025,
                2.3131081072227437e-12,
                4.027518503010686e-11,
                3.3059885077735906e-12
            ],
            [
                9.901786523804021e-11,
                6.367588922385832e-06,
                0.9999933243506434,
                3.05900278412013e-07,
                2.0611378972904193e-09
            ],
            [
                0.0,
                1.9478657591538903e-12,
                1.6603124301844458e-11,
                0.9999999789778036,
                2.100364559089189e-08
            ],
            [
                0.0,
                1.1399787704973569e-12,
                1.6602934113412934e-11,
                0.9999891199802361,
                1.0880002020917473e-05
            ]
        ],
        [
            [
                0.9999998952196782,
                1.047775424970888e-07,
                2.7320067970656027e-13,
                1.947865828208018e-12,
                5.580729034216441e-13
            ],
            [
                0.9904617417269106,
                0.009538258207038892,
                4.711500606161415e-12,
                5.739782768041219e-11,
                3.9409935001498414e-12
            ],
            [
                0.0,
                1.947865799730291e-12,
                0.9999999998090132,
                1.6918979222920003e-10,
                1.984921615295072e-11
            ],
            [
                0.0,
                5.580728913495253e-13,
                8.127912278151944e-12,
                0.999999992797181,
                7.1941329785073454e-09
            ],
            [
                0.0,
                0.0,
                3.978901611564606e-12,
                0.9999844498682614,
                1.555012775967923e-05
            ]
        ],
        [
            [
                0.9999999266881241,
                7.330993137506669e-08,
                1.911509146291152e-13,
                1.362872725608843e-12,
                3.9046957339685517e-13
            ],
            [
                0.9998105944274581,
                0.00018940555861111442,
                9.53380335945708e-13,
                1.1614550184912036e-11,
                1.3626100848170702e-12
            ],
            [
                0.0,
                1.1828394910353148e-10,
                0.0007898664271263517,
                0.9992101299355456,
                3.519044138247927e-09
            ],
            [
                0.0,
                0.0,
                1.947865847600955e-12,
                0.9999997859667108,
                2.140313413557467e-07
            ],
            [
                0.0,
                0.0,
                1.9478621144035467e-12,
                0.9999973925700126,
                2.607428039528519e-06
            ]
        ],
        [
            [
                0.9999991069021033,
                8.930934442689602e-07,
                3.2661186920068023e-13,
                3.3282526911151824e-12,
                7.976205109708667e-13
            ],
            [
                0.9999072691480092,
                9.273083552155749e-05,
                9.534713147314176e-13,
                1.388664615130402e-11,
                1.629164419363311e-12
            ],
            [
                0.0,
                0.0015681374280999648,
                0.027303959470958615,
                0.9711278827037111,
                2.0397230289780306e-08
            ],
            [
                0.0,
                4.7568747967356e-12,
                2.3729863053634876e-11,
                0.9999999876791398,
                1.229237338940633e-08
            ],
            [
                0.0,
                7.976022606023541e-13,
                9.716784722831616e-12,
                0.9999777753453911,
                2.222464409453673e-05
            ]
        ],
        [
            [
                0.9999999992925479,
                7.059855173535486e-10,
                0.0,
                1.1399918522376053e-12,
                3.2661313404760697e-13
            ],
            [
                0.9988714733572339,
                0.0011285266144107542,
                2.3260667193110473e-12,
                2.370308312700651e-11,
                2.3260667193110473e-12
            ],
            [
                0.0,
                1.3887890987091955e-11,
                1.047771420483464e-07,
                0.9999998880148645,
                7.194105638909513e-09
            ],
            [
                0.0,
                9.535640924059036e-13,
                1.1616788796878612e-11,
                0.9999995627797486,
                4.3720768109709977e-07
            ],
            [
                0.0,
                4.667447336090694e-13,
                6.797812224104065e-12,
                0.9998674706043224,
                0.00013252938841311717
            ]
        ],
        [
            [
                0.9999999998803584,
                1.183773867248203e-10,
                0.0,
                7.976205576420829e-13,
                4.668088209592836e-13
            ],
            [
                0.9998105944285861,
                0.0001894055586113281,
                1.1397765640935104e-12,
                9.715172557986668e-12,
                1.947497943101075e-12
            ],
            [
                9.901861611266594e-11,
                3.6570814033985147e-07,
                0.9999995962434645,
                3.588822304961867e-08,
                2.0611535273602403e-09
            ],
            [
                0.0,
                0.0,
                1.947862152740397e-12,
                0.9999987235535512,
                1.2764445008666964e-06
            ],
            [
                0.0,
                2.2847895900249615e-13,
                5.685821661080215e-12,
                0.9998105937130838,
                0.00018940628100202643
            ]
        ],
        [
            [
                0.9999995627881909,
                4.372076811007908e-07,
                3.9046957094780743e-13,
                2.783969406742353e-12,
                9.53564092413954e-13
            ],
            [
                0.9999891199520896,
                1.0880043524604357e-05,
                3.904650744355297e-13,
                3.3282273872908444e-12,
                6.671745614639734e-13
            ],
            [
                0.0,
                1.7184079450119279e-09,
                0.9967123382550322,
                0.0032876579721843988,
                2.0543753939833846e-09
            ],
            [
                0.0,
                3.266131511713264e-13,
                4.756875101372147e-12,
                0.9999996940925802,
                3.059023363232346e-07
            ],
            [
                0.0,
                2.3841955084657526e-12,
                4.962916996126666e-11,
                0.8564008971712282,
                0.14359910277675828
            ]
        ],
        [
            [
                0.9999999699786746,
                3.0019267194272825e-08,
                2.285221090056127e-13,
                1.3628726221412518e-12,
                4.668088070010205e-13
            ],
            [
                0.9999991068985405,
                8.930968511533962e-07,
                3.2661311512729737e-13,
                3.3282653874039813e-12,
                9.535639987149795e-13
            ],
            [
                1.1408494105962015e-11,
                0.4021436681071693,
                0.023096150218237067,
                0.5747601767198854,
                4.943299890820886e-09
            ],
            [
                0.0,
                0.0,
                2.328685801792323e-12,
                0.9999998502459095,
                1.4975176185002944e-07
            ],
            [
                0.0,
                0.0,
                4.7568659638502065e-12,
                0.9999946737407139,
                5.326254529150496e-06
            ]
        ],
        [
            [
                0.9999999897164914,
                1.0282148423069675e-08,
                1.3374296506216927e-13,
                9.535640448226432e-13,
                2.732006729550926e-13
            ],
            [
                0.9999072691531413,
                9.273083552203344e-05,
                6.671173305457636e-13,
                9.716099653507787e-12,
                9.534713147363114e-13
            ],
            [
                0.0,
                8.440101106695201e-10,
                0.9999999559623033,
                4.290459752940756e-08,
                2.8908890417024144e-10
            ],
            [
                0.0,
                0.0,
                4.756856789750326e-12,
                0.9999923875095802,
                7.6124856629105285e-06
            ],
            [
                0.0,
                7.97611404210997e-13,
                1.660299744801769e-11,
                0.9999891199390748,
                1.0880043524462754e-05
            ]
        ],
        [
            [
                0.9999999997569988,
                2.418129558954035e-10,
                0.0,
                7.976205575437435e-13,
                3.904680658600564e-13
            ],
            [
                0.9904617045650037,
                0.009538295380737654,
                2.3064823009637646e-12,
                4.801131662975563e-11,
                3.941008859485059e-12
            ],
            [
                0.0,
                1.469560957585713e-08,
                6.248726238906723e-07,
                0.9999993583706129,
                2.0611535284850467e-09
            ],
            [
                0.0,
                4.668016734238998e-13,
                9.71685884460933e-12,
                0.9999844498620568,
                1.5550127759593122e-05
            ],
            [
                0.0,
                9.534713143978544e-13,
                1.1615658529355865e-11,
                0.9999072687982009,
                9.273118922985575e-05
            ]
        ],
        [
            [
                0.9999998502439343,
                1.4975233310851815e-07,
                3.904695435477229e-13,
                2.783969211385268e-12,
                5.580750072050409e-13
            ],
            [
                0.9864230688168523,
                0.013576931090227135,
                5.6096848639536e-12,
                8.170115610451602e-11,
                5.6096848639536e-12
            ],
            [
                0.0,
                4.756893136159545e-12,
                7.330993008689577e-08,
                0.9999999091165507,
                1.7568762429894093e-08
            ],
            [
                0.0,
                9.535640271245635e-13,
                1.3887943464388e-11,
                0.9999993751101404,
                6.248750180552276e-07
            ],
            [
                0.0,
                5.580473610573646e-13,
                6.798408605867855e-12,
                0.9999546021401293,
                4.539785251419966e-05
            ]
        ],
        [
            [
                0.9999999991549025,
                8.440101471245121e-10,
                9.35762296093207e-14,
                6.671822175023413e-13,
                3.2661313400272475e-13
            ],
            [
                0.9998674700940623,
                0.00013252989390594337,
                9.534331409199323e-13,
                9.715710653232306e-12,
                1.3626855558412708e-12
            ],
            [
                0.0,
                4.939263677529883e-10,
                6.488322338180216e-05,
                0.9999350115119475,
                1.0477074436200002e-07
            ],
            [
                0.0,
                7.97614485897296e-13,
                1.388778516599685e-11,
                0.9999923875286909,
                7.6124566237867075e-06
            ],
            [
                0.0,
                1.6255700657232243e-12,
                2.8303858874431776e-11,
                0.9976974433667403,
                0.002302556603330339
            ]
        ],
        [
            [
                0.9999981756476649,
                1.8243464443344842e-06,
                4.668061330169017e-13,
                4.7568656100736074e-12,
                6.671783762692495e-13
            ],
            [
                0.8949993734391192,
                0.10500062641512574,
                8.69670653741272e-12,
                1.2666123684505086e-10,
                1.039698745212732e-11
            ],
            [
                0.0,
                1.2062154752191497e-09,
                6.488322207222661e-05,
                0.9999351105385044,
                5.033207955718617e-09
            ],
            [
                0.0,
                0.0,
                5.686895781473466e-12,
                0.9999997859629718,
                2.140313413548969e-07
            ],
            [
                0.0,
                5.064169428603664e-12,
                7.375582207165464e-11,
                0.7448680700294473,
                0.2551319298917327
            ]
        ],
        [
            [
                0.9999999997969014,
                2.0226746574702833e-10,
                0.0,
                5.580728952558049e-13,
                2.731996335331481e-13
            ],
            [
                0.9967123294597856,
                0.003287670484616944,
                3.317320350450789e-12,
                4.8314277982202175e-11,
                3.96587744168373e-12
            ],
            [
                0.0,
                4.210346605672961e-09,
                3.7266388132950357e-06,
                0.9999962662049777,
                2.9458622874519856e-09
            ],
            [
                0.0,
                4.668088323965479e-13,
                5.6868957814739855e-12,
                0.9999997859625049,
                2.1403134135491643e-07
            ],
            [
                0.0,
                2.730257916792056e-12,
                3.9764306494073957e-11,
                0.9807077286280704,
                0.019292271329435003
            ]
        ],
        [
            [
                0.9999999992924105,
                7.05982824237614e-10,
                0.0,
                1.1399918522375267e-12,
                4.668088206848565e-13
            ],
            [
                0.9613683930408037,
                0.038631606800449705,
                1.335142251698283e-11,
                1.3605365450461583e-10,
                9.341618579245317e-12
            ],
            [
                2.8908669390317515e-10,
                6.367564247571632e-06,
                0.9999932639768687,
                3.6570569379903244e-07,
                2.4641032321285734e-09
            ],
            [
                0.0,
                1.5989025076434844e-13,
                3.978954802492547e-12,
                0.9999981756494168,
                1.8243464443376804e-06
            ],
            [
                0.0,
                0.0,
                6.798681034544459e-12,
                0.99999467375899,
                5.32623421123653e-06
            ]
        ],
        [
            [
                0.9999999964773647,
                3.521823971847266e-09,
                9.357622935876682e-14,
                5.58072893403336e-13,
                1.598905609577013e-13
            ],
            [
                0.9999962733520646,
                3.7266388399297466e-06,
                6.671771070999333e-13,
                6.798693530612117e-12,
                1.6293103994425042e-12
            ],
            [
                0.0,
                3.33301419152055e-10,
                0.19332102588213024,
                0.8066789535289632,
                2.025560512619451e-08
            ],
            [
                0.0,
                6.6610399358836e-13,
                1.9817138097485702e-11,
                0.9983878509481181,
                0.0016121490313986142
            ],
            [
                0.0,
                6.671198751659227e-13,
                9.71609965008007e-12,
                0.9999072688003866,
                9.273118923005845e-05
            ]
        ],
        [
            [
                0.9999999997967695,
                2.022674657470287e-10,
                7.827300550769312e-14,
                5.580728952558059e-13,
                3.2661313421236697e-13
            ],
            [
                0.9864230688306121,
                0.013576931090416524,
                3.924940303768724e-12,
                6.833995197751771e-11,
                6.706439286503689e-12
            ],
            [
                0.0,
                5.905292517770949e-10,
                0.9999981749937472,
                1.8243464431415096e-06,
                6.928043712758235e-11
            ],
            [
                0.0,
                2.7319911664722195e-13,
                3.978955006944787e-12,
                0.9999973925677084,
                2.6074280395235286e-06
            ],
            [
                0.0,
                3.23724999545348e-12,
                3.9437778518899366e-11,
                0.9726531580547417,
                0.027346841902583317
            ]
        ],
        [
            [
                0.9999998952177852,
                1.0477754249689044e-07,
                3.904695611086445e-13,
                3.328265630578954e-12,
                9.535640683857757e-13
            ],
            [
                0.9999351167633252,
                6.488322247613925e-05,
                9.534985489961197e-13,
                1.1615990314684751e-11,
                1.629217168595346e-12
            ],
            [
                0.0,
                1.206128208584131e-09,
                0.0001325293961278828,
                0.9998672903922755,
                1.7900546843153865e-07
            ],
            [
                0.0,
                5.58072878319452e-13,
                8.127912088378717e-12,
