{
    "[['A', 'B', 'C', 'D', 'E'], ['A', 'B', 'C', 'D', 'E']]": [
        [
            [
                0.9999072688004824,
                9.273118923006734e-05,
                1.3627401149369359e-12,
                8.127152847588009e-12,
                7.975460264065625e-13
            ],
            [
                0.0,
                0.9992100632442142,
                7.325178743786022e-08,
                0.0007898634555631233,
                4.843524359410258e-11
            ],
            [
                0.0,
                0.0,
                1.9478657918968154e-12,
                0.9999999957876733,
                4.210378871742218e-09
            ],
            [
                0.0,
                5.580728930173562e-13,
                3.3282528722342474e-12,
                0.9999999957857348,
                4.210378871735019e-09
            ],
            [
                0.0,
                9.535603873656343e-13,
                6.7986935306212484e-12,
                0.9999962733534078,
                3.726638839934752e-06
            ]
        ],
        [
            [
                0.9999923875119906,
                7.612485662932432e-06,
                3.904665830418626e-13,
                1.6293104777581333e-12,
                3.2661064794968193e-13
            ],
            [
                1.1381517638877752e-12,
                0.9983877895530424,
                6.122214149742237e-08,
                0.0016121491248192756,
                9.885860370793973e-11
            ],
            [
                0.0,
                2.7319963349262293e-13,
                5.686895640821943e-12,
                0.9999999996484323,
                3.456076268364606e-10
            ],
            [
                0.0,
                4.756874785361059e-12,
                1.1616788165750522e-11,
                0.9999999852879604,
                1.4695666088934663e-08
            ],
            [
                0.0,
                1.1399896374009407e-12,
                5.686884589994142e-12,
                0.9999981756467288,
                1.8243464443327763e-06
            ]
        ],
        [
            [
                0.9999777753493974,
                2.2224644094625772e-05,
                9.535385427402727e-13,
                4.75676573432566e-12,
                7.976022606055497e-13
            ],
            [
                0.32865315416005964,
                0.6713468454458807,
                4.651126700786986e-11,
                3.316172321828961e-10,
                1.5931020651293775e-11
            ],
            [
                0.0,
                0.0,
                2.3286947219429926e-12,
                0.9999999853020052,
                1.4695666089135321e-08
            ],
            [
                0.0,
                4.668088128122157e-13,
                3.3282528277744753e-12,
                0.9999999824274434,
                1.75687616235159e-08
            ],
            [
                0.0,
                2.3729862326173587e-11,
                4.847368497945855e-11,
                0.9999999570231989,
                4.2904597574924864e-08
            ]
        ],
        [
            [
                0.9999999789952172,
                2.100356546886106e-08,
                1.9115090184069735e-13,
                7.976205409838471e-13,
                2.285221110660921e-13
            ],
            [
                1.2764505874144045e-06,
                0.9999987235309069,
                1.6293198299822038e-12,
                1.6603156897196765e-11,
                2.732001641925479e-13
            ],
            [
                0.0,
                1.139991852516777e-12,
                4.8473687040269353e-11,
                0.9999999995372086,
                4.1317767793602604e-10
            ],
            [
                0.0,
                0.0,
                1.3628674523959672e-12,
                0.9999999913980057,
                8.600631424736815e-09
            ],
            [
                0.0,
                0.0,
                9.535604308380853e-13,
                0.9999998952219036,
                1.0477714280344523e-07
            ]
        ],
        [
            [
                0.9999981756517359,
                1.8243464443419112e-06,
                2.2852167172068e-13,
                1.3628648153109112e-12,
                2.2852167172068e-13
            ],
            [
                7.976205815383812e-13,
                0.9999999106303112,
                1.7240777302681136e-09,
                8.764248480965397e-08,
                2.328685942409552e-12
            ],
            [
                0.0,
                3.266131314684718e-13,
                3.3282655539244386e-12,
                0.9999999913957137,
                8.600631424719912e-09
            ],
            [
                0.0,
                9.535640488849718e-13,
                4.7568748266920404e-12,
                0.9999999939766442,
                6.017645303599613e-09
            ],
            [
                0.0,
                3.23724999545348e-12,
                3.9437778518899366e-11,
                0.9726531580547417,
                0.027346841902583317
            ]
        ],
        [
            [
                0.9999999928050971,
                7.194132978564295e-09,
                1.1187097311192867e-13,
                4.668070369256722e-13,
                1.911501752990266e-13
            ],
            [
                0.0,
                9.901862046552241e-11,
                1.7240842519302152e-09,
                0.9999999978312883,
                3.456089445994231e-10
            ],
            [
                0.0,
                0.0,
                4.756874850521073e-12,
                0.9999999989862236,
                1.0090194641627434e-09
            ],
            [
                0.0,
                6.671821941179516e-13,
                5.686895438692556e-12,
                0.9999999641054227,
                3.5888223416902826e-08
            ],
            [
                0.0,
                0.0,
                3.3282466651339828e-12,
                0.9999946737421426,
                5.326254529157699e-06
            ]
        ],
        [
            [
                0.9999973925652965,
                2.60742803951724e-06,
                9.535586127721273e-13,
                4.7568658544944125e-12,
                9.535586127721273e-13
            ],
            [
                0.0,
                2.0611535645237418e-09,
                2.1003565319872888e-08,
                0.9999999719017468,
                5.03353442704907e-09
            ],
            [
                0.0,
                0.0,
                2.3286947541995444e-12,
                0.999999999153661,
                8.440101471232338e-10
            ],
            [
                0.0,
                1.3887891523690488e-11,
                2.372986443430697e-11,
                0.9999999266527305,
                7.330965171781064e-08
            ],
            [
                0.0,
                5.580664909308514e-13,
                5.6868086865748786e-12,
                0.9999891199917341,
                1.0880002021042573e-05
            ]
        ],
        [
            [
                0.9999546021376072,
                4.5397852514085156e-05,
                9.535167874536992e-13,
                8.1275404486118e-12,
                7.975840630550853e-13
            ],
            [
                0.0,
                6.0176110766970464e-09,
                1.2764444924346753e-06,
                0.9999987169473672,
                5.905292902303661e-10
            ],
            [
                0.0,
                0.0,
                6.671796562191538e-13,
                0.9999999748893418,
                2.5109990926897392e-08
            ],
            [
                0.0,
                6.671822132632779e-13,
                3.978962507193567e-12,
                0.9999999928012209,
                7.194132978536409e-09
            ],
            [
                0.0,
                8.127943171304551e-12,
                2.3729953369253158e-11,
                0.9999999789644967,
                2.10036455906124e-08
            ]
        ],
        [
            [
                0.9999891199913151,
                1.0880002021038014e-05,
                9.535494740281793e-13,
                4.756820265499194e-12,
                9.535494740281793e-13
            ],
            [
                0.9904617045606184,
                0.009538295380695424,
                6.733895192804458e-12,
                4.801131662954306e-11,
                3.941008859467611e-12
            ],
            [
                0.0,
                2.2852211471529114e-13,
                2.328685861194995e-12,
                0.9999999949639082,
                5.033534543133256e-09
            ],
            [
                0.0,
                8.127943242166821e-12,
                1.660318778238964e-11,
                0.9999999876828486,
                1.2292420281224516e-08
            ],
            [
                0.0,
                1.1399657019347613e-12,
                9.716784722004497e-12,
                0.9999777752602702,
                2.2224728873095664e-05
            ]
        ],
        [
            [
                0.9983878447996981,
                0.001612155171342633,
                3.322899471345922e-12,
                2.369160405368415e-11,
                1.9447252861446186e-12
            ],
            [
                0.0,
                0.0,
                1.3628674593177816e-12,
                0.9999999964768131,
                3.521823971844362e-09
            ],
            [
                0.0,
                0.0,
                2.7839692882169058e-12,
                0.9999999970513311,
                2.9458848668448214e-09
            ],
            [
                0.0,
                1.362872654840111e-12,
                9.717007568991223e-12,
                0.9999999939712749,
                6.017645303567303e-09
            ],
            [
                0.0,
                2.3210278571724837e-12,
                1.978394088208108e-11,
                0.9967123419933797,
                0.0032876579845153462
            ]
        ],
        [
            [
                0.9999777753496836,
                2.2224644094632135e-05,
                6.671643681084356e-13,
                4.756765734327021e-12,
                7.97602260605778e-13
            ],
            [
                0.0,
                0.0002706109361052835,
                0.0002706109361052835,
                0.9994586734073827,
                1.0472040678406536e-07
            ],
            [
                0.0,
                0.0,
                1.3628674572575815e-12,
                0.9999999949651026,
                5.0335345431381186e-09
            ],
            [
                0.0,
                9.535640464210423e-13,
                5.686895593872614e-12,
                0.9999999913927281,
                8.600631424694233e-09
            ],
            [
                0.0,
                3.978901694915796e-12,
                1.66029341133658e-11,
                0.9999891199773974,
                1.0880002020886587e-05
            ]
        ],
        [
            [
                0.9992101335423565,
                0.0007898664299775026,
                2.3268566792925897e-12,
                2.3711132976546098e-11,
                1.628036829699011e-12
            ],
            [
                0.9456867619434317,
                0.05431323794441649,
                1.3133650877394601e-11,
                9.364028585569031e-11,
                5.3780039548803484e-12
            ],
            [
                0.0,
                0.0,
                3.3282656637168475e-12,
                0.9999997859653305,
                2.1403134135545127e-07
            ],
            [
                0.0,
                1.3628726490321134e-12,
                6.798719607506931e-12,
                0.99999998970969,
                1.028214842299974e-08
            ],
            [
                0.0,
                0.0,
                2.3286948630505984e-12,
                0.9999999266880196,
                7.330965172035677e-08
            ]
        ],
        [
            [
                0.9999923875094096,
                7.612485662912783e-06,
                3.9046658304085476e-13,
                3.978932246138179e-12,
                5.58070775927803e-13
            ],
            [
                0.0007898664299730718,
                0.9992101335367515,
                3.975821875572549e-12,
                2.8346917442745504e-11,
                9.528113909105762e-13
            ],
            [
                0.0,
                0.0,
                1.9478620143023786e-12,
                0.9999981756446484,
                1.8243534036712991e-06
            ],
            [
                0.0,
                3.904680577520753e-13,
                3.978962452247454e-12,
                0.999999978992065,
                2.1003565468794852e-08
            ],
            [
                0.0,
                2.7839585896933027e-12,
                8.12788107794979e-12,
                0.9999962733502483,
                3.726638839922978e-06
            ]
        ],
        [
            [
                0.9999993751216283,
                6.248750180624062e-07,
                4.668088075562323e-13,
                2.328694689030239e-12,
                5.580728792788945e-13
            ],
            [
                0.0005527785567134314,
                0.9994472214293393,
                1.946788779014323e-12,
                1.161032084958535e-11,
                3.9025216692274113e-13
            ],
            [
                0.0,
                0.0,
                1.1399918473045562e-12,
                0.9999999949653255,
                5.033534543139016e-09
            ],
            [
                0.0,
                0.0,
                1.362867415206509e-12,
                0.9999999641104138,
                3.588822341706793e-08
            ],
            [
                0.0,
                3.978939906738632e-12,
                9.716989432448433e-12,
                0.9999987235418032,
                1.2764445008521177e-06
            ]
        ],
        [
            [
                0.999994673742425,
                5.326254529161689e-06,
                3.2661127785250093e-13,
                2.32868152017529e-12,
                3.904673360975359e-13
            ],
            [
                1.6293197044197236e-12,
                0.9999981696295699,
                6.0176106525709655e-09,
                1.824346433355374e-06,
                4.7568655814462855e-12
            ],
            [
                0.0,
                0.0,
                2.7839692621961172e-12,
                0.9999999877048426,
                1.2292373389717477e-08
            ],
            [
                0.0,
                1.6293228740356441e-12,
                8.127943307978902e-12,
                0.9999999957798638,
                4.210378871710299e-09
            ],
            [
                0.0,
                1.1399896959595183e-12,
                1.1616766355449225e-11,
                0.9999973925492571,
                2.6074379860430028e-06
            ]
        ],
        [
            [
                0.9999891199886776,
                1.0880002021009317e-05,
                1.3628518238636875e-12,
                6.798641655415296e-12,
                1.13997877050698e-12
            ],
            [
                0.0,
                1.691897917002525e-10,
                2.945884865759423e-09,
                0.9999999966826572,
                2.0226823670776288e-10
            ],
            [
                0.0,
                0.0,
                1.6293228224349184e-12,
                0.9999999641101474,
                3.5888223417060665e-08
            ],
            [
                0.0,
                1.6603124053943756e-11,
                4.847350040783803e-11,
                0.9999999640468369,
                3.588808651235368e-08
            ],
            [
                0.0,
                6.669989831308399e-13,
                8.125711083786814e-12,
                0.9997293157741529,
                0.00027068421705438893
            ]
        ],
        [
            [
                0.9999999853033716,
                1.469561002975082e-08,
                1.598905591710853e-13,
                6.67179663167555e-13,
                1.9115017386507043e-13
            ],
            [
                6.248726342886706e-07,
                0.9999993750107908,
                1.6603124170337927e-11,
                9.901824008906036e-11,
                9.535603894786789e-13
            ],
            [
                0.0,
                4.668088193678237e-13,
                6.798745588581221e-12,
                0.999999996470897,
                3.521837406542388e-09
            ],
            [
                0.0,
                3.978962501533623e-12,
                1.6603187843753442e-11,
                0.9999999913787535,
                8.6006642334418e-09
            ],
            [
                0.0,
                5.58072878614179e-13,
                3.3282654826371406e-12,
                0.9999999699769608,
                3.0019152680023317e-08
            ]
        ],
        [
            [
                0.999998723546484,
                1.2764505874342882e-06,
                2.7320016419680354e-13,
                2.3286903956945028e-12,
                3.266125226962662e-13
            ],
            [
                1.6603091909130333e-11,
                0.9999991008584481,
                6.0176219951953205e-09,
                8.930934388714065e-07,
                1.3887889988542211e-11
            ],
            [
                0.0,
                0.0,
                2.328694747963609e-12,
                0.9999999964758473,
                3.521823971840772e-09
            ],
            [
                0.0,
                7.976205409786952e-13,
                6.798719534618321e-12,
                0.9999999789887581,
                2.100364559112198e-08
            ],
            [
                0.0,
                2.1131315215541934e-11,
                1.0541442388858245e-10,
                0.7448688119277056,
                0.2551311879457487
            ]
        ],
        [
            [
                0.999999562787635,
                4.372076811005478e-07,
                5.580750463660498e-13,
                3.328265714443687e-12,
                7.976205893432584e-13
            ],
            [
                1.6274779550281638e-12,
                0.9988712636252348,
                2.1378979827102528e-07,
                0.001128522341800341,
                2.415391446755309e-10
            ],
            [
                0.0,
                2.285221154713468e-13,
                3.3282528805103833e-12,
                0.9999999982723655,
                1.7240776758437294e-09
            ],
            [
                0.0,
                2.7839692865754814e-12,
                1.3887943815821587e-11,
                0.9999999964615041,
                3.521823971791408e-09
            ],
            [
                4.756893189762106e-12,
                1.3887944414846715e-11,
                1.660318864428436e-11,
                0.9999995627570709,
                4.3720768108718493e-07
            ]
        ],
        [
            [
                0.9999995627885864,
                4.372076811009637e-07,
                3.904695709479618e-13,
                2.783969406743454e-12,
                5.580729174832878e-13
            ],
            [
                0.0,
                0.9983877895348819,
                6.122214149630875e-08,
                0.001612149124789951,
                1.181865362802673e-10
            ],
            [
                0.0,
                0.0,
                1.9478657714729562e-12,
                0.9999999853023862,
                1.4695666089143851e-08
            ],
            [
                0.0,
                7.976205409795821e-13,
                5.686895523338855e-12,
                0.9999999789898699,
                2.100364559114533e-08
            ],
            [
                0.0,
                6.798745213792352e-12,
                1.660318701302894e-11,
                0.9999991068797469,
                8.930968511366117e-07
            ]
        ],
        [
            [
                0.9999999992928474,
                7.059828242380355e-10,
                1.1187097383771961e-13,
                6.67179672501049e-13,
                3.9046806567888255e-13
            ],
            [
                0.0,
                0.00027068215566322966,
                7.61039494672714e-06,
                0.9997217002572601,
                7.192129897503657e-09
            ],
            [
                0.0,
                0.0,
                2.7839692916182547e-12,
                0.9999999982731382,
                1.7240776758445907e-09
            ],
            [
                0.0,
                4.66808816998618e-13,
                3.328265553923972e-12,
                0.9999999913955736,
                8.600631424718706e-09
            ],
            [
                0.0,
                2.7839640286194743e-12,
                9.716989241119077e-12,
                0.9999973925495129,
                2.60743798604367e-06
            ]
        ],
        [
            [
                0.9999999998302285,
                1.691897922327624e-10,
                0.0,
                3.904680658886503e-13,
                1.9115017664185113e-13
            ],
            [
                0.0,
                4.668088198620935e-13,
                5.68689562877307e-12,
                0.999999997529724,
                2.464122174323697e-09
            ],
            [
                0.0,
                3.266131341819972e-13,
                6.798719675453986e-12,
                0.9999999997037856,
                2.890889168154192e-10
            ],
            [
                0.0,
                3.9046806021444175e-13,
                5.686895559213991e-12,
                0.9999999852982566,
                1.4695666089085973e-08
            ],
            [
                0.0,
                1.4184648136002667e-11,
                1.2090642030808052e-10,
                0.4999999999324545,
                0.4999999999324545
            ]
        ],
        [
            [
                0.9999995627907121,
                4.372076811018931e-07,
                3.2661314722173383e-13,
                9.53564092416358e-13,
                3.2661314722173383e-13
            ],
            [
                4.290459757759429e-08,
                0.9999999570856452,
                1.629322810989896e-12,
                8.127942993472628e-12,
                0.0
            ],
            [
                0.0,
                0.0,
                3.978962533011029e-12,
                0.9999999992900381,
                7.059828242358215e-10
            ],
            [
                0.0,
                1.629319797941185e-12,
                6.798706813073748e-12,
                0.9999973925635325,
                2.6074280395126404e-06
            ],
            [
                0.0,
                1.1399396933534615e-12,
                9.716563031312413e-12,
                0.9999546021366295,
                4.5397852514040765e-05
            ]
        ],
        [
            [
                0.9999999487059472,
                5.129271709576494e-08,
                1.911501668694663e-13,
                9.535603681653954e-13,
                1.911501668694663e-13
            ],
            [
                0.0,
                1.790291769320212e-07,
                8.764214486200775e-08,
                0.9999997273110559,
                6.017622178168428e-09
            ],
            [
                0.0,
                0.0,
                9.535604122765032e-13,
                0.9999999949655121,
                5.033534543140367e-09
            ],
            [
                0.0,
                3.904680577520753e-13,
                3.978962452247454e-12,
                0.999999978992065,
                2.1003565468794852e-08
            ],
            [
                0.0,
                1.1399919053614816e-12,
                5.68689590380738e-12,
                0.9999999266832418,
                7.330993137470878e-08
            ]
        ],
        [
            [
                0.9999777753473558,
                2.2224644094580398e-05,
                9.53538542738326e-13,
                6.798563717240644e-12,
                7.976022606039211e-13
            ],
            [
                0.9999546021381847,
                4.5397852514111374e-05,
                1.1399396933552346e-12,
                6.798408605854634e-12,
                1.3628051068818405e-12
            ],
            [
                0.0,
                7.976205575943577e-13,
                9.7170076258262e-12,
                0.9999999998202955,
                1.6918979223110888e-10
            ],
            [
                0.0,
                4.668088169983141e-13,
                3.9789625015979595e-12,
                0.9999999913949228,
                8.60063142471311e-09
            ],
            [
                0.0,
                1.6293228522705254e-12,
                8.127943199402724e-12,
                0.999999982421481,
                1.756876162341115e-08
            ]
        ],
        [
            [
                0.9999998952210746,
                1.0477714280339259e-07,
                1.911509086141595e-13,
                1.3628674837864764e-12,
                2.2852211916380885e-13
            ],
            [
                5.3262545290451145e-06,
                0.9999946737208649,
                4.756847817787117e-12,
                1.9849103335964363e-11,
                0.0
            ],
            [
                0.0,
                0.0,
                1.1399918482430586e-12,
                0.9999999957884973,
                4.2103628104557085e-09
            ],
            [
                0.0,
                0.0,
                3.3282654631038727e-12,
                0.9999999641084485,
                3.58882234169974e-08
            ],
            [
                0.0,
                4.316555666490754e-11,
                1.506625967102801e-10,
                0.744868811877589,
                0.25513118792858286
            ]
        ],
        [
            [
                0.99998911999387,
                1.0880002021065812e-05,
                3.904635849486328e-13,
                3.3282146912742025e-12,
                3.904635849486328e-13
            ],
            [
                0.14359910275543503,
                0.8564008970440599,
                2.0322290791883408e-11,
                1.7322216304188965e-10,
                6.960782948189985e-12
            ],
            [
                0.0,
                0.0,
                7.976205168247142e-13,
                0.9999999487064855,
                5.1292717095778536e-08
            ],
            [
                0.0,
                3.266131225557733e-13,
                3.978962393022211e-12,
                0.999999964107471,
                3.588822341697634e-08
            ],
            [
                0.0,
                0.0,
                3.978962593244193e-12,
                0.9999998952188782,
                1.0477714280310399e-07
            ]
        ],
        [
            [
                0.9992101335406602,
                0.0007898664299761616,
                3.325638528067161e-12,
                2.3711132976505847e-11,
                2.3268566792886396e-12
            ],
            [
                1.139989706689949e-12,
                0.9999987132641152,
                1.0282129169777711e-08,
                1.2764444877332026e-06,
                8.127928039146875e-12
            ],
            [
                0.0,
                0.0,
                3.978962534670047e-12,
                0.999999999706932,
                2.890889168162498e-10
            ],
            [
                0.0,
                0.0,
                2.328694715252579e-12,
                0.9999999824289095,
                1.7568761623535922e-08
            ],
            [
                4.84725750847484e-11,
                9.90159714936449e-11,
                4.054549055871945e-11,
                0.9999777751678753,
                2.2224644090591418e-05
            ]
        ],
        [
            [
                0.9999973925687745,
                2.6074280395263086e-06,
                3.904688166390892e-13,
                2.3286903498761035e-12,
                4.668079377318722e-13
            ],
            [
                0.0,
                4.84736870093782e-11,
                7.059855170765287e-10,
                0.999999998899932,
                3.456089449687559e-10
            ],
            [
                0.0,
                2.28522115818321e-13,
                6.798719676044928e-12,
                0.9999999997907052,
                2.0226746574580209e-10
            ],
            [
                0.0,
                9.717007456531594e-12,
                2.372995345072508e-11,
                0.9999999823977913,
                1.756876162299495e-08
            ],
            [
                0.0,
                2.783969133166812e-12,
                8.127942865634638e-12,
                0.9999991068922369,
                8.930968511477665e-07
            ]
        ],
        [
            [
                0.9999993751203893,
                6.248750180616319e-07,
                4.668088075556539e-13,
                3.328265486597284e-12,
                7.976205347397509e-13
            ],
            [
                0.25513118794669265,
                0.7448688119304615,
                1.236713904451421e-11,
                1.0541442388897248e-10,
                5.064149872022462e-12
            ],
            [
                0.0,
                2.2852211530223026e-13,
                3.3282655743486976e-12,
                0.999999997532321,
                2.464122174330096e-09
            ],
            [
                0.0,
                6.671822063396289e-13,
                6.798719557972021e-12,
                0.9999999824237725,
                1.7568761623451408e-08
            ],
            [
                0.0,
                5.580728783221304e-13,
                3.328252784594393e-12,
                0.9999998502443518,
                1.4975176184985464e-07
            ]
        ],
        [
            [
                0.9999844499265549,
                1.5550068441679382e-05,
                5.580643504146036e-13,
                3.9788864335230596e-12,
                4.667998927503371e-13
            ],
            [
                1.1399897126760864e-12,
                0.9999987185151537,
                5.033525117873243e-09,
                1.2764444944358702e-06,
                5.686884965507262e-12
            ],
            [
                0.0,
                3.2661313360388455e-13,
                4.756874845515559e-12,
                0.9999999979337628,
                2.0611536181797254e-09
            ],
            [
                0.0,
                3.9046808387578954e-13,
                3.3282657353147074e-12,
                0.99999992668635,
                7.330993137493663e-08
            ],
            [
                0.0,
                3.32613488636904e-11,
                1.160935147620632e-10,
                0.9807077985125566,
                0.019292201338088445
            ]
        ],
        [
            [
                0.9999962733564762,
                3.726638839946187e-06,
                5.580728779820884e-13,
                3.3282527825664392e-12,
                7.976174902122284e-13
            ],
            [
                0.0,
                2.418129534224702e-10,
                4.21036278410682e-09,
                0.999999989530202,
                6.017622321391302e-09
            ],
            [
                0.0,
                0.0,
                1.1399918201781608e-12,
                0.999999375123842,
                6.248750180634977e-07
            ],
            [
                1.984902761428007e-11,
                9.901768012854077e-11,
                8.282489062631756e-11,
                0.9999946735437804,
                5.326254528103652e-06
            ],
            [
                0.0,
                0.0,
                1.947865877290154e-12,
                0.999999562790371,
                4.372076811014523e-07
            ]
        ],
        [
            [
                0.999989119990697,
                1.0880002021031289e-05,
                7.976114042521719e-13,
                5.68680868656898e-12,
                7.976114042521719e-13
            ],
            [
                0.945686761987331,
                0.05431323794693775,
                6.429462239298308e-12,
                5.480314043789881e-11,
                4.498515707430256e-12
            ],
            [
                0.0,
                4.6680881936783e-13,
                6.798719653474575e-12,
                0.9999999964709105,
                3.5218239718245357e-09
            ],
            [
                0.0,
                5.580728871654385e-13,
                3.978962477345682e-12,
                0.999999985299797,
                1.469566608910861e-08
            ],
            [
                0.0,
                1.3597283750255254e-12,
                1.385595579989092e-11,
                0.9976974433814201,
                0.0023025566033642183
            ]
        ],
        [
            [
                0.999999948704867,
                5.1292912762270387e-08,
                3.9046804592589167e-13,
                1.3628673942113228e-12,
                4.668087970702195e-13
            ],
            [
                0.0,
                6.671822175836319e-13,
                1.6603187974885266e-11,
                0.9999999992767441,
                7.059855173425527e-10
            ],
            [
                0.0,
                9.535640518053852e-13,
                1.388794382384562e-11,
                0.9999999970392737,
                2.9458848668099744e-09
            ],
            [
                0.0,
                1.9478731896959606e-12,
                1.1616788092504689e-11,
                0.9999999789827898,
                2.1003645590996622e-08
            ],
            [
                0.0,
                9.535640924115581e-13,
                5.686895868152316e-12,
                0.9999995627856785,
                4.372076810996924e-07
            ]
        ],
        [
            [
                0.9999987235478082,
                1.2764505874359784e-06,
                2.7320016419716533e-13,
                1.1399897184132681e-12,
                1.911505479263227e-13
            ],
            [
                0.07585817164479981,
                0.9241418280990653,
                2.1929756678889233e-11,
                2.2346944053392114e-10,
                1.0735558730299854e-11
            ],
            [
                0.0,
                0.0,
                2.783969286613509e-12,
                0.9999999964753921,
                3.5218239718395143e-09
            ],
            [
                0.0,
                6.671822082578694e-13,
                4.7568747854131445e-12,
                0.9999999852989099,
                1.4695666089095573e-08
            ],
            [
                0.0,
                6.798732881815613e-12,
                1.3887917859568678e-11,
                0.999998723528726,
                1.2764505874116207e-06
            ]
        ],
        [
            [
                0.9953077657063554,
                0.0046922342465572225,
                3.9602914317117074e-12,
                4.0356312363823425e-11,
                2.7709056447465657e-12
            ],
            [
                0.0,
                0.0,
                6.798719671681232e-12,
                0.999999999149191,
                8.440101471194159e-10
            ],
            [
                0.0,
                0.0,
                2.3286947513653797e-12,
                0.9999999979365175,
                2.0611536181850095e-09
            ],
            [
                0.0,
                9.535640683851669e-13,
                4.756874923969184e-12,
                0.9999998952171467,
                1.0477714280298104e-07
            ],
            [
                0.0,
                2.3064823010382464e-12,
                1.965988270196641e-11,
                0.990461704596988,
                0.009538295381045668
            ]
        ],
        [
            [
                0.9999997859667493,
                2.1403134135582487e-07,
                2.731996402507355e-13,
                1.3628674973537692e-12,
                2.731996402507355e-13
            ],
            [
                0.2551319298478193,
                0.7448680699012402,
                2.526271842678057e-11,
                2.1533314206648913e-10,
                1.0344687791366679e-11
            ],
            [
                0.0,
                0.0,
                1.9478657714727963e-12,
                0.9999999853023862,
                1.4695666089142646e-08
            ],
            [
                0.0,
                0.0,
                2.7839691965059954e-12,
                0.9999999641089927,
                3.588822341701693e-08
            ],
            [
                0.0,
                5.578568260779911e-13,
                6.796087414632335e-12,
                0.999613171900748,
                0.000386828091897998
            ]
        ],
        [
            [
                0.9999351170197035,
                6.488297498339563e-05,
                6.671363857700934e-13,
                3.978689199731894e-12,
                6.671363857700934e-13
            ],
            [
                7.330965171962331e-08,
                0.9999999266778473,
                2.7839694241738735e-12,
                9.717008073454376e-12,
                0.0
            ],
            [
                0.0,
                0.0,
                1.139991905367911e-12,
                0.9999999266892083,
                7.330965172046087e-08
            ],
            [
                0.0,
                3.9046806021510863e-13,
                3.9789624773463496e-12,
                0.9999999852999646,
                1.4695666089111073e-08
            ],
            [
                0.0,
                1.9478659008228637e-12,
                1.6603125509395625e-11,
                0.9999996940802797,
                3.0590116939689165e-07
            ]
        ],
        [
            [
                0.996712329480751,
                0.003287670484686099,
                3.96587744176715e-12,
                2.827601536188809e-11,
                2.3210366820699253e-12
            ],
            [
