{
    "[['A', 'B', 'C', 'D', 'E'], ['A', 'B', 'C', 'D', 'E']]": [
        [
            [
                0.0,
                0.0,
                3.205157046371145e-14,
                6.017622348181471e-09,
                0.9999999939823456
            ],
            [
                0.0,
                0.0,
                4.573106478640141e-12,
                0.038631606806376055,
                0.9613683931890509
            ],
            [
                0.0,
                0.0,
                1.3628597177616134e-12,
                0.9999946737441079,
                5.3262545291689135e-06
            ],
            [
                0.0,
                0.0,
                5.47656511222671e-14,
                6.017645303631297e-09,
                0.9999999939822999
            ],
            [
                0.0,
                0.0,
                4.580941283913214e-14,
                2.022682373377553e-10,
                0.9999999997976861
            ]
        ],
        [
            [
                0.0,
                0.0,
                1.3374245817968277e-13,
                1.0477714280352444e-07,
                0.9999998952227234
            ],
            [
                0.0,
                0.0,
                7.82730066532061e-14,
                1.0477714280352225e-07,
                0.9999998952227789
            ],
            [
                0.0,
                0.0,
                1.1615658529361518e-11,
                0.9999072687991544,
                9.273118922990088e-05
            ],
            [
                0.0,
                0.0,
                5.476564948638893e-14,
                3.588822341711717e-08,
                0.9999999641117219
            ],
            [
                0.0,
                0.0,
                3.831785522068978e-14,
                1.0090156150710214e-09,
                0.999999998990946
            ]
        ],
        [
            [
                0.9999999999579887,
                4.0546420684851186e-11,
                0.0,
                6.671822180380395e-13,
                7.976205577040571e-13
            ],
            [
                0.0,
                0.0,
                9.357623452865646e-14,
                3.059023363247025e-07,
                0.9999996940975701
            ],
            [
                0.0,
                0.0,
                6.753213818007174e-12,
                0.9933071488925522,
                0.0066928511006943935
            ],
            [
                0.0,
                0.0,
                1.1187140645813091e-13,
                3.059023363247354e-07,
                0.9999996940975517
            ],
            [
                0.0,
                0.0,
                5.476544242497431e-14,
                2.061145755527561e-09,
                0.9999999979387995
            ]
        ],
        [
            [
                0.0,
                0.0,
                5.4765650489666194e-14,
                1.7568761623575875e-08,
                0.9999999824311837
            ],
            [
                0.0,
                0.0,
                3.904553840220076e-13,
                3.176406534438694e-05,
                0.9999682359342652
            ],
            [
                0.0,
                0.0,
                2.3286948630504865e-12,
                0.99999992668774,
                7.330993137501459e-08
            ],
            [
                0.0,
                0.0,
                6.547268003458333e-14,
                3.588822341712516e-08,
                0.9999999641117112
            ],
            [
                0.0,
                0.0,
                3.831785525160096e-14,
                2.0226669415948382e-10,
                0.9999999997976949
            ]
        ],
        [
            [
                0.0,
                0.0,
                2.7319808075839394e-13,
                5.32625452917397e-06,
                0.9999946737451976
            ],
            [
                0.0,
                0.0,
                1.3374169607805913e-13,
                5.32623421127487e-06,
                0.999994673765655
            ],
            [
                0.0,
                0.0,
                1.3628648853396849e-12,
                0.9999973925705976,
                2.607428039529845e-06
            ],
            [
                0.0,
                0.0,
                6.547243027659569e-14,
                3.588808651467279e-08,
                0.999999964111848
            ],
            [
                0.0,
                0.0,
                2.681003867401436e-14,
                1.4152145373401818e-10,
                0.9999999998584517
            ]
        ],
        [
            [
                0.0,
                0.0,
                7.827300150873376e-14,
                5.129271709581268e-08,
                0.9999999487072047
            ],
            [
                0.0,
                0.0,
                7.827330602084549e-14,
                2.1403134135619282e-07,
                0.9999997859685804
            ],
            [
                0.0,
                0.0,
                7.976205109706922e-13,
                0.9999991069023514,
                8.930968511563827e-07
            ],
            [
                0.0,
                0.0,
                3.831785514646733e-14,
                2.945873629214953e-09,
                0.999999997054088
            ],
            [
                0.0,
                0.0,
                2.6809936386895105e-14,
                7.059801311330011e-10,
                0.999999999293993
            ]
        ],
        [
            [
                0.0,
                0.0,
                2.6809936394746603e-14,
                4.1317610181165e-10,
                0.9999999995867972
            ],
            [
                0.0,
                0.0,
                1.3374220581823646e-13,
                1.2764445008692862e-06,
                0.9999987235553653
            ],
            [
                0.0,
                0.0,
                3.978818125891716e-12,
                0.999968235930677,
                3.176406534427499e-05
            ],
            [
                0.0,
                0.0,
                2.731964983543e-13,
                1.0880002021106328e-05,
                0.9999891199977058
            ],
            [
                0.0,
                0.0,
                3.831785525286842e-14,
                1.6918914682622847e-10,
                0.9999999998307725
            ]
        ],
        [
            [
                0.0,
                0.0,
                4.580941284386732e-14,
                9.901862067042897e-11,
                0.9999999999009355
            ],
            [
                0.0,
                0.0,
                2.3268478101243856e-12,
                0.0007898634192814468,
                0.9992101365783916
            ],
            [
                0.0,
                0.0,
                2.3286948484499865e-12,
                0.9999995627899902,
                4.37207681101458e-07
            ],
            [
                0.0,
                0.0,
                5.4765650980806386e-14,
                8.600664233614991e-09,
                0.9999999913992811
            ],
            [
                0.0,
                0.0,
                4.580941280217534e-14,
                1.0090194641672958e-09,
                0.9999999989909347
            ]
        ],
        [
            [
                0.0,
                0.0,
                4.5809238077064454e-14,
                4.939565248979958e-10,
                0.9999999995059976
            ],
            [
                0.0,
                0.0,
                3.904427319493865e-13,
                6.488322247702276e-05,
                0.9999351167771324
            ],
            [
                0.0,
                0.0,
                1.947865685890843e-12,
                0.9999991069012011,
                8.930968511554806e-07
            ],
            [
                0.0,
                0.0,
                3.2660938607188813e-13,
                1.0880002021104478e-05,
                0.9999891199976523
            ],
            [
                0.0,
                0.0,
                1.875823755531953e-14,
                5.905303995454738e-10,
                0.9999999994094508
            ]
        ],
        [
            [
                0.9999999994064708,
                5.905303995439069e-10,
                2.732006756024015e-13,
                1.362867463310889e-12,
                1.362867463310889e-12
            ],
            [
                0.0,
                0.0,
                1.9114981937959637e-13,
                5.326254529175875e-06,
                0.9999946737452796
            ],
            [
                0.0,
                0.0,
                9.535604548653228e-13,
                0.9999995627913654,
                4.3720768110205925e-07
            ],
            [
                0.0,
                0.0,
                9.357587037436942e-14,
                2.5109895140087375e-08,
                0.9999999748900112
            ],
            [
                0.0,
                0.0,
                4.5809412841914913e-14,
                1.4152145373400647e-10,
                0.9999999998584328
            ]
        ],
        [
            [
                0.9999999991538924,
                8.440101471236595e-10,
                1.5989056138565282e-13,
                7.976205570628209e-13,
                1.1399918520797996e-12
            ],
            [
                0.0,
                0.0,
                6.54724356314546e-14,
                7.330965172055378e-08,
                0.9999999266902828
            ],
            [
                0.0,
                0.0,
                1.947746850433567e-12,
                0.9999351167755753,
                6.488322247690384e-05
            ],
            [
                0.0,
                0.0,
                1.1187097664499795e-13,
                2.1403134135612601e-07,
                0.9999997859685468
            ],
            [
                0.0,
                0.0,
                3.8318146929304936e-14,
                1.756882864321433e-08,
                0.9999999824311331
            ]
        ],
        [
            [
                0.9999999939591111,
                6.017645303494105e-09,
                9.535640488682529e-13,
                5.686895608467367e-12,
                1.6603187886595604e-11
            ],
            [
                0.0,
                0.0,
                2.731964983543e-13,
                1.0880002021106328e-05,
                0.9999891199977058
            ],
            [
                0.0,
                0.0,
                1.947821116595903e-12,
                0.999977775269179,
                2.222472887328329e-05
            ],
            [
                0.0,
                0.0,
                6.547243235062395e-14,
                4.210362810460076e-09,
                0.9999999957895718
            ],
            [
                0.0,
                0.0,
                2.6809936383196054e-14,
                8.4400692748812e-10,
                0.9999999991559663
            ]
        ],
        [
            [
                0.9999999486938438,
                5.129271709514412e-08,
                9.53560368153854e-13,
                6.7987193286516905e-12,
                5.686895351048515e-12
            ],
            [
                0.0,
                0.0,
                4.667874624428387e-13,
                4.539785251449125e-05,
                0.9999546021470188
            ],
            [
                0.0,
                0.0,
                1.3628362004309658e-12,
                0.9999777753545424,
                2.2224644094731444e-05
            ],
            [
                0.0,
                0.0,
                2.6809936394746603e-14,
                4.1317610181165e-10,
                0.9999999995867972
            ],
            [
                0.0,
                0.0,
                2.242559148110614e-14,
                2.9458736292153465e-09,
                0.999999997054104
            ]
        ],
        [
            [
                0.9999844499169094,
                1.5550068441529393e-05,
                9.535458165911441e-13,
                9.716858845142333e-12,
                3.978901611760829e-12
            ],
            [
                0.0,
                0.0,
                6.547243601296905e-14,
                3.0590116940251774e-07,
                0.9999996940987651
            ],
            [
                0.0,
                0.0,
                1.3842272572909959e-11,
                0.9967123420016171,
                0.0032876579845406827
            ],
            [
                0.0,
                0.0,
                4.580941276941545e-14,
                1.7240776758489778e-09,
                0.9999999982758765
            ],
            [
                0.0,
                0.0,
                3.205169291458772e-14,
                2.8908891681737537e-10,
                0.999999999710879
            ]
        ],
        [
            [
                0.0,
                0.0,
                1.5989055331964685e-13,
                5.129271709581123e-08,
                0.9999999487071229
            ],
            [
                0.0,
                0.0,
                2.2852081697697823e-13,
                5.32625452917524e-06,
                0.9999946737452423
            ],
            [
                0.0,
                0.0,
                1.9478659008521704e-12,
                0.9999996940957158,
                3.0590233632407434e-07
            ],
            [
                0.0,
                0.0,
                7.827300313291805e-14,
                1.4975176185037598e-07,
                0.9999998502481598
            ],
            [
                0.0,
                0.0,
                4.5809236700601e-14,
                1.4975119059395168e-07,
                0.9999998502487636
            ]
        ],
        [
            [
                0.9999999999411922,
                5.795059919363803e-11,
                0.0,
                4.668088209877134e-13,
                3.9046806593197806e-13
            ],
            [
                0.0,
                0.0,
                1.91150171164055e-13,
                6.248726343610468e-07,
                0.9999993751271744
            ],
            [
                0.0,
                0.0,
                2.7839534727097983e-12,
                0.9999946737426868,
                5.326254529161344e-06
            ],
            [
                0.0,
                0.0,
                9.357604781725741e-14,
                1.8243534036743186e-06,
                0.9999981756465028
            ],
            [
                0.0,
                0.0,
                5.476565141316711e-14,
                7.05985517354476e-10,
                0.9999999992939597
            ]
        ],
        [
            [
                0.0,
                0.0,
                6.547243357118436e-14,
                1.047771428035316e-07,
                0.9999998952227916
            ],
            [
                0.0,
                0.0,
                1.3373938824593273e-13,
                2.2224644094757065e-05,
                0.9999777753557716
            ],
            [
                0.0,
                0.0,
                1.3628283985906933e-12,
                0.999968235933293,
                3.176406534435363e-05
            ],
            [
                0.0,
                0.0,
                4.5809412572733125e-14,
                6.01764530363135e-09,
                0.9999999939823088
            ],
            [
                0.0,
                0.0,
                5.4765442307253443e-14,
                4.2103628104587335e-09,
                0.9999999957895824
            ]
        ],
        [
            [
                0.9999999964763688,
                3.5218239718429545e-09,
                0.0,
                1.139991849027184e-12,
                6.671822157151188e-13
            ],
            [
                0.0,
                0.0,
                6.706413703995206e-12,
                0.01357693109138489,
                0.9864230689019086
            ],
            [
                0.0,
                0.0,
                2.328694636719176e-12,
                0.9999999487047584,
                5.1292912762244784e-08
            ],
            [
                0.0,
                0.0,
                9.357623398345749e-14,
                7.330993137518237e-08,
                0.9999999266899751
            ],
            [
                0.0,
                0.0,
                1.8758237534057185e-14,
                1.7240776758493583e-09,
                0.9999999982759036
            ]
        ],
        [
            [
                0.0,
                0.0,
                4.5809411698128365e-14,
                2.5109895140088573e-08,
                0.999999974890059
            ],
            [
                0.0,
                0.0,
                1.3374219631385327e-13,
                1.8243464443447828e-06,
                0.9999981756534219
            ],
            [
                0.0,
                0.0,
                6.671809213608561e-13,
                0.9999981756528886,
                1.8243464443433018e-06
            ],
            [
                0.0,
                0.0,
                6.547243206318901e-14,
                8.600598616007088e-09,
                0.9999999913993359
            ],
            [
                0.0,
                0.0,
                3.831800142138004e-14,
                2.418129558956413e-10,
                0.9999999997581488
            ]
        ],
        [
            [
                0.0,
                0.0,
                6.547243098228956e-14,
                2.510989514009554e-08,
                0.9999999748900394
            ],
            [
                0.0,
                0.0,
                4.7115009956603646e-12,
                0.009538295381204976,
                0.9904617046140834
            ],
            [
                0.0,
                0.0,
                1.9478211165960517e-12,
                0.999977775269179,
                2.2224728873284986e-05
            ],
            [
                0.0,
                0.0,
                3.2051448310797235e-14,
                2.464112774475808e-09,
                0.9999999975358551
            ],
            [
                0.0,
                0.0,
                3.205144836272192e-14,
                8.440069274880163e-10,
                0.9999999991559609
            ]
        ],
        [
            [
                0.9999999991528064,
                8.440101471227429e-10,
                1.911509056938388e-13,
                1.362867462965178e-12,
                1.6293228795312566e-12
            ],
            [
                0.0,
                0.0,
                3.205169284487187e-14,
                2.4641315742358455e-09,
                0.9999999975358365
            ],
            [
                0.0,
                8.491420237556278e-13,
                4.316555667137433e-11,
                0.7448688119891804,
                0.25513118796680495
            ],
            [
                0.0,
                0.0,
                3.831800139830504e-14,
                8.440101471251219e-10,
                0.9999999991559516
            ],
            [
                0.0,
                0.0,
                2.6809936076267334e-14,
                1.229232649815967e-08,
                0.9999999877076468
            ]
        ],
        [
            [
                0.0,
                0.0,
                7.827330314979807e-14,
                1.2292373389752182e-08,
                0.9999999877075484
            ],
            [
                0.0,
                0.0,
                9.35758764325765e-14,
                4.372060132913765e-07,
                0.9999995627938931
            ],
            [
                0.0,
                0.0,
                9.535622690831701e-13,
                0.999998723548459,
                1.2764505874362133e-06
            ],
            [
                0.0,
                0.0,
                9.357604781725741e-14,
                1.8243534036743186e-06,
                0.9999981756465028
            ],
            [
                0.0,
                0.0,
                5.476544332824465e-14,
                1.0477714280356382e-07,
                0.9999998952228024
            ]
        ],
        [
            [
                0.0,
                0.0,
                6.547268235192903e-14,
                4.939584091962103e-10,
                0.9999999995059761
            ],
            [
                0.0,
                0.0,
                7.827330524159486e-14,
                1.0477754249735777e-07,
                0.9999998952223792
            ],
            [
                0.0,
                9.357622954417797e-14,
                0.9999999984587562,
                1.4421317968091748e-09,
                9.901862052765341e-11
            ],
            [
                0.0,
                0.0,
                7.82730066532061e-14,
                1.0477714280352225e-07,
                0.9999998952227789
            ],
            [
                0.0,
                0.0,
                4.5809412713451603e-14,
                2.945884866852599e-09,
                0.9999999970540694
            ]
        ],
        [
            [
                0.0,
                0.0,
                4.58094128294705e-14,
                4.13177677956345e-10,
                0.9999999995867765
            ],
            [
                0.0,
                0.0,
                1.3374245239421826e-13,
                6.248726343612607e-07,
                0.9999993751272319
            ],
            [
                0.0,
                0.0,
                6.787758248585625e-12,
                0.9983878509617918,
                0.0016121490314203255
            ],
            [
                0.0,
                0.0,
                2.285203650750794e-13,
                1.0880043524647849e-05,
                0.999989119956247
            ],
            [
                0.0,
                0.0,
                2.2425591543375918e-14,
                1.6918979223284542e-10,
                0.9999999998307878
            ]
        ],
        [
            [
                0.9999999748870112,
                2.510999092685288e-08,
                2.2852211012727616e-13,
                1.6293228399944413e-12,
                1.1399918244157527e-12
            ],
            [
                0.0,
                0.0,
                1.3620002467346656e-11,
                0.01929227132997697,
                0.9807077286564031
            ],
            [
                0.0,
                0.0,
                1.947821116595725e-12,
                0.999977775269179,
                2.222472887328126e-05
            ],
            [
                0.0,
                0.0,
                5.476544505155967e-14,
                7.330965172053575e-08,
                0.9999999266902936
            ],
            [
                0.0,
                0.0,
                4.580941283913214e-14,
                2.022682373377553e-10,
                0.9999999997976861
            ]
        ],
        [
            [
                0.0,
                0.0,
                3.205144835743835e-14,
                1.0090156150710276e-09,
                0.9999999989909523
            ],
            [
                0.0,
                0.0,
                4.5809411698123986e-14,
                2.51099909269172e-08,
                0.9999999748899633
            ],
            [
                0.0,
                0.0,
                1.1399918982198263e-12,
                0.999999562791179,
                4.372076811018931e-07
            ],
            [
                0.0,
                0.0,
                3.831800126931457e-14,
                4.21037887175007e-09,
                0.9999999957895829
            ],
            [
                0.0,
                0.0,
                2.681003844722442e-14,
                8.600664233615782e-09,
                0.9999999913993091
            ]
        ],
        [
            [
                0.0,
                0.0,
                3.2051448373943594e-14,
                4.939565248980025e-10,
                0.9999999995060114
            ],
            [
                0.0,
                0.0,
                2.285208169770101e-13,
                5.326254529175983e-06,
                0.9999946737452423
            ],
            [
                0.0,
                0.0,
                3.978962414293159e-12,
                0.9999998502442592,
                1.4975176184980657e-07
            ],
            [
                0.0,
                0.0,
                4.580941120438241e-14,
                3.588822341711749e-08,
                0.9999999641117308
            ],
            [
                0.0,
                0.0,
                2.242559151482593e-14,
                1.4421262956657902e-09,
                0.9999999985578514
            ]
        ],
        [
            [
                0.999999969976997,
                3.00191526800244e-08,
                2.7320066756224944e-13,
                1.947865741621527e-12,
                1.629322831994443e-12
            ],
            [
                0.0,
                0.0,
                9.357622699070685e-14,
                6.248750180643433e-07,
                0.9999993751248883
            ],
            [
                0.0,
                5.476565142813375e-14,
                0.9999999995669182,
                4.1317767794830135e-10,
                1.9849216148145322e-11
            ],
            [
                0.0,
                0.0,
                3.8317855098017263e-14,
                4.210362810459777e-09,
                0.9999999957895989
            ],
            [
                0.0,
                0.0,
                2.6809936244490316e-14,
                6.017622348180687e-09,
                0.9999999939823507
            ]
        ],
        [
            [
                0.9999999991533532,
                8.440101471232045e-10,
                1.3374296632428318e-13,
                1.139991852079185e-12,
                1.3628674629659234e-12
            ],
            [
                0.0,
                0.0,
                9.53305804354446e-13,
                0.0002706842170564747,
                0.9997293157819902
            ],
            [
                0.0,
                0.0,
                2.3286903956953675e-12,
                0.9999987235470839,
                1.276450587434762e-06
            ],
            [
                0.0,
                0.0,
                2.731954504832267e-13,
                1.5550068441751197e-05,
                0.999984449931285
            ],
            [
                0.0,
                0.0,
                3.831800140359386e-14,
                7.059855173544876e-10,
                0.9999999992939761
            ]
        ],
        [
            [
                0.0,
                0.0,
                2.242559152011735e-14,
                1.2062891453423428e-09,
                0.9999999987936885
            ],
            [
                0.0,
                0.0,
                2.285208169769514e-13,
                5.326254529174616e-06,
                0.9999946737452423
            ],
            [
                0.0,
                0.0,
                3.972547340496562e-12,
                0.9983878509646033,
                0.001612149031424158
            ],
            [
                0.0,
                0.0,
                4.5809236949429505e-14,
                2.510989514009152e-08,
                0.999999974890059
            ],
            [
                0.0,
                0.0,
                6.547243229671953e-14,
                5.033515341770095e-09,
                0.9999999949664191
            ]
        ],
        [
            [
                0.9999999995826356,
                4.1317767795479544e-10,
                2.285221157707725e-13,
                1.6293228802315874e-12,
                2.3286947551991316e-12
            ],
            [
                0.0,
                0.0,
                1.911498149855565e-13,
                2.6074280395339132e-06,
                0.9999973925717693
            ],
            [
                0.0,
                0.0,
                1.3628648853397889e-12,
                0.9999973925705976,
                2.607428039530044e-06
            ],
            [
                0.0,
                0.0,
                2.6809936378770747e-14,
                1.0090156150709342e-09,
                0.9999999989909576
            ],
            [
                0.0,
                0.0,
                9.357622683023824e-14,
                1.4975233310897952e-07,
                0.9999998502475733
            ]
        ],
        [
            [
                0.0,
                0.0,
                3.831800110108761e-14,
                8.600664233616143e-09,
                0.9999999913992975
            ],
            [
                0.0,
                0.0,
                1.1393615245902043e-12,
                0.000552778556720203,
                0.9994472214421405
            ],
            [
                0.0,
                0.0,
                3.976762473344171e-12,
                0.9994472214393048,
                0.0005527785567185022
            ],
            [
                0.0,
                0.0,
                3.8317853293924477e-14,
                5.129271709581747e-08,
                0.9999999487072446
            ],
            [
                0.0,
                0.0,
                3.205144838524138e-14,
                1.4152091387355223e-10,
                0.999999999858447
            ]
        ],
        [
            [
                0.9999999939803563,
                6.017645303621952e-09,
                1.911509047051203e-13,
                1.1399918461820107e-12,
                6.671822140499762e-13
            ],
            [
                0.0,
                0.0,
                1.33742205818189e-13,
                1.276444500868833e-06,
                0.9999987235553653
            ],
            [
                0.0,
                0.0,
                9.53564092416536e-13,
                0.9999995627913654,
                4.372076811019746e-07
            ],
            [
                0.0,
                0.0,
                3.831800131777491e-14,
                2.9458848668533517e-09,
                0.9999999970540767
            ],
            [
                0.0,
                0.0,
                2.68101407888576e-14,
                6.017645303633344e-09,
                0.9999999939823279
            ]
        ],
        [
            [
                0.9999999997074405,
                2.8908891681647576e-10,
                1.5989056147415994e-13,
                1.3628674637210708e-12,
                1.947865799532441e-12
            ],
            [
                0.0,
                0.0,
                1.9114980516360438e-13,
                1.8243464443447115e-06,
                0.9999981756533645
            ],
            [
                0.0,
                0.0,
                1.1399917945691078e-12,
                0.9999999487059472,
                5.1292912762305763e-08
            ],
            [
                0.0,
                0.0,
                6.547293099290728e-14,
                1.75688286432052e-08,
                0.999999982431106
            ],
            [
                0.0,
                0.0,
                3.831800120007208e-14,
                6.017622348182112e-09,
                0.9999999939823394
            ]
        ],
        [
            [
                0.0,
                0.0,
                5.4765651122270604e-14,
                6.017645303631682e-09,
                0.9999999939822999
            ],
            [
                0.0,
                4.779353817298428e-13,
                2.0322290795535423e-11,
                0.1435991027812405,
                0.8564008971979593
            ],
            [
                0.0,
                1.118709739124906e-13,
                0.9999999999612155,
                3.391568913918488e-11,
                4.7568748551598974e-12
            ],
            [
                0.0,
                0.0,
                7.827300313291307e-14,
                1.4975176185036646e-07,
                0.99999985024816
            ],
            [
                0.0,
                0.0,
                2.680993617524352e-14,
                8.60059861600683e-09,
                0.9999999913993746
            ]
        ],
        [
            [
                0.9999999999391638,
                5.795059919352975e-11,
                1.598905615112103e-13,
                1.362867464036879e-12,
                1.362867464036879e-12
            ],
            [
                0.0,
                0.0,
                2.7319336648783035e-13,
                2.2224644094761368e-05,
                0.9999777753556321
            ],
            [
                0.0,
                0.0,
                3.32810060393116e-12,
                0.9999546021441575,
                4.539785251436481e-05
            ],
            [
                0.0,
                0.0,
                5.4765652242195384e-14,
                1.0477754249734003e-07,
                0.9999998952224027
            ],
            [
                0.0,
                0.0,
                3.2051448295356097e-14,
                2.94587362921516e-09,
                0.9999999970540943
            ]
        ],
        [
            [
                0.9999962733372407,
                3.726638839874503e-06,
                1.629316614756132e-12,
                1.660306079750634e-11,
                5.686873771789632e-12
            ],
            [
                0.0,
                0.0,
                1.1187139744638173e-13,
                6.2487501806414e-07,
                0.99999937512487
            ],
            [
                0.0,
                0.0,
                1.1399897184203638e-12,
                0.9999987235543591,
                1.2764445008677277e-06
            ],
            [
                0.0,
                0.0,
                4.580923800527516e-14,
                2.0611457555274876e-09,
                0.9999999979388083
            ],
            [
                0.0,
                0.0,
                3.205169211903578e-14,
                2.5109990926919154e-08,
                0.999999974889977
            ]
        ],
        [
            [
                0.0,
                0.0,
                3.83178552322977e-14,
                7.059801311329931e-10,
                0.9999999992939816
            ],
            [
                0.0,
                0.0,
                1.1187140510492393e-13,
                4.3720768110249775e-07,
                0.999999562792207
            ],
            [
                0.0,
                0.0,
                1.1399918694952232e-12,
                0.9999998952217172,
                1.047771428034257e-07
            ],
            [
                0.0,
                0.0,
                1.1187139744639743e-13,
                6.248750180642278e-07,
                0.9999993751248701
            ],
            [
                0.0,
                0.0,
                4.5809412655528324e-14,
                4.2103788717500385e-09,
                0.9999999957895753
            ]
        ],
        [
            [
                0.0,
                0.0,
                2.6809936378772182e-14,
                1.0090156150709881e-09,
                0.9999999989909576
            ],
            [
                0.0,
                0.0,
                3.904553840221235e-13,
                3.176406534439637e-05,
                0.9999682359342652
            ],
            [
                0.0,
                0.0,
                6.671796994122435e-13,
                0.9999995627916518,
                4.3720768110220404e-07
            ],
            [
                0.0,
                0.0,
                3.2660252627720845e-13,
                3.176406534439712e-05,
                0.9999682359343289
            ],
            [
                0.0,
                0.0,
                4.580923798682378e-14,
                2.4641127744763485e-09,
                0.9999999975358413
            ]
        ],
        [
            [
                0.0,
                0.0,
                4.580923804443303e-14,
                1.2062891453422497e-09,
                0.999999998793665
            ],
            [
                0.0,
                0.0,
                2.2852210874410714e-13,
                3.7266530559350688e-06,
                0.9999962733467156
            ],
            [
                0.0,
                9.149580382525242e-13,
                3.254270190564824e-11,
                0.6713476939387937,
                0.32865230602774864
            ],
            [
                0.0,
                0.0,
                4.580941257273605e-14,
                6.017645303631735e-09,
                0.9999999939823088
            ],
            [
                0.0,
                0.0,
                3.205144838435081e-14,
                1.6918914682620966e-10,
                0.9999999998307787
            ]
        ],
        [
            [
                0.0,
                0.0,
                5.476544057243213e-14,
                3.5888086514682396e-08,
                0.9999999641118589
            ],
            [
                0.0,
                0.0,
                7.827330816070081e-14,
                3.059023363247168e-07,
                0.9999996940975854
            ],
            [
                0.0,
                0.0,
                1.139991898220047e-12,
                0.999999562791179,
                4.372076811019777e-07
            ],
            [
                0.0,
                0.0,
                4.580941245440947e-14,
                8.600664233615617e-09,
                0.99999999139929
            ],
            [
                0.0,
                0.0,
                3.83180012000715e-14,
                6.017622348182021e-09,
                0.9999999939823394
            ]
        ],
        [
            [
                0.0,
                0.0,
                3.83180013177754e-14,
                2.94588486685339e-09,
                0.9999999970540767
            ],
            [
                0.0,
                0.0,
                2.28520376257991e-13,
                7.61245662389468e-06,
                0.9999923875431477
            ],
            [
                0.0,
                3.205157065630075e-14,
                0.9999999999908866,
                8.127943342205857e-12,
                9.535604170686836e-13
            ],
            [
                0.0,
                0.0,
