{
    "[['A', 'B', 'C', 'D', 'E'], ['A', 'B', 'C', 'D', 'E']]": [
        [
            [
                0.999999998790895,
                1.2062937469759835e-09,
                2.2852211558984223e-13,
                9.535640534756683e-13,
                1.6293228789415861e-12
            ],
            [
                0.9999996940798457,
                3.0590116939675887e-07,
                1.1399875632750063e-12,
                8.127912756971686e-12,
                9.717008130016754e-12
            ],
            [
                0.0,
                2.783969296149548e-12,
                0.9999999999005027,
                8.282536140302723e-11,
                1.3887943863582208e-11
            ],
            [
                0.0,
                4.75687471000272e-12,
                6.798719469739618e-12,
                0.9999998502366826,
                1.4975176184870616e-07
            ],
            [
                0.0,
                5.580686470613816e-13,
                3.328227550066938e-12,
                0.9999923875104507,
                7.612485662920709e-06
            ]
        ],
        [
            [
                0.9999999995041944,
                4.939565248972663e-10,
                2.2852211575284694e-13,
                6.671822177353827e-13,
                9.535604166045933e-13
            ],
            [
                0.9999987235478408,
                1.2764445008598244e-06,
                9.535586315385835e-13,
                4.7568659481116406e-12,
                1.9478621527299103e-12
            ],
            [
                5.666243271539182e-10,
                0.6713476258531769,
                0.3286523020808434,
                7.034189972413953e-08,
                1.1574556979278606e-09
            ],
            [
                0.0,
                2.328681346979419e-12,
                4.756865610067924e-12,
                0.9999981756464701,
                1.8243464443323045e-06
            ],
            [
                0.0,
                0.0,
                7.976236198747e-13,
                0.9999997859670446,
                2.1403215782213442e-07
            ]
        ],
        [
            [
                0.999999999857605,
                1.4152145373394459e-10,
                1.3374296641847188e-13,
                4.668088209487689e-13,
                2.732006757256517e-13
            ],
            [
                0.9999962733464856,
                3.7266388399089553e-06,
                1.6293166147711946e-12,
                9.716970257364856e-12,
                3.3282400862806154e-12
            ],
            [
                9.716821407057927e-12,
                1.5550008528672355e-05,
                0.9999807162202494,
                3.7265675372933613e-06,
                7.193967716299877e-09
            ],
            [
                0.0,
                2.7839692724638233e-12,
                3.978962501588739e-12,
                0.9999999913926055,
                8.60063142469318e-09
            ],
            [
                0.0,
                1.6292855048184392e-12,
                8.127756890121678e-12,
                0.9999777753461483,
                2.222464409455356e-05
            ]
        ],
        [
            [
                0.9999999985519867,
                1.4421317969436256e-09,
                2.732006753689559e-13,
                1.6293228785523276e-12,
                3.978962530075649e-12
            ],
            [
                0.9999998502442117,
                1.4975176184983364e-07,
                5.580728783220523e-13,
                2.3286858017892783e-12,
                1.1399918182215995e-12
            ],
            [
                5.5711841578751505e-11,
                0.03863160647427315,
                0.9613683849237239,
                8.268370408124789e-09,
                2.7792078362811215e-10
            ],
            [
                0.0,
                1.6293229206358973e-12,
                4.756874971321078e-12,
                0.9999997859622725,
                2.140313413548667e-07
            ],
            [
                0.0,
                1.1381538618017032e-12,
                8.114838784871043e-12,
                0.9983878448193726,
                0.0016121551713744026
            ]
        ],
        [
            [
                0.9999999996536795,
                3.4560894522925777e-10,
                1.1187097387808624e-13,
                3.266131341656319e-13,
                2.7319963349405646e-13
            ],
            [
                0.9999981756441315,
                1.824346444328038e-06,
                9.53558563772303e-13,
                5.686862896277653e-12,
                2.783963885605876e-12
            ],
            [
                6.79869398745505e-12,
                2.6074280939236576e-06,
                0.9999971750125585,
                2.1403073150163848e-07,
                3.521817393824449e-09
            ],
            [
                0.0,
                1.629319830010352e-12,
                5.6868849941295575e-12,
                0.9999987235481829,
                1.276444500860261e-06
            ],
            [
                0.0,
                9.535385427417752e-13,
                3.978871259856942e-12,
                0.999977775350973,
                2.222464409466079e-05
            ]
        ],
        [
            [
                0.9999999998294251,
                1.691897922326535e-10,
                1.5989056149366414e-13,
                6.671822179523709e-13,
                5.580728952740301e-13
            ],
            [
                0.9999891199861138,
                1.0880002020981424e-05,
                9.535494740232197e-13,
                8.127819060818107e-12,
                2.7839373476100584e-12
            ],
            [
                0.0,
                1.4421317840504517e-09,
                0.9999999896116293,
                8.600631409375659e-09,
                3.456076233676649e-10
            ],
            [
                0.0,
                5.686873849111089e-12,
                3.978962465893335e-12,
                0.9999999824215725,
                1.756876162341276e-08
            ],
            [
                0.0,
                7.976205109719245e-13,
                2.3286857363878926e-12,
                0.9999991069034295,
                8.930934442701447e-07
            ]
        ],
        [
            [
                0.9999999999406906,
                5.7950599193618225e-11,
                1.33742966429584e-13,
                5.580728953361243e-13,
                6.671822180266052e-13
            ],
            [
                0.9999962733529704,
                3.726638839933122e-06,
                1.139987468807774e-12,
                5.686873771879085e-12,
                1.362862222737253e-12
            ],
            [
                0.0,
                5.795082022547073e-11,
                0.9999999993788102,
                4.939584091335306e-10,
                6.928057178078465e-11
            ],
            [
                0.0,
                2.8369311104428597e-11,
                9.717008073206841e-12,
                0.9999999266519823,
                7.330993137241715e-08
            ],
            [
                0.0,
                1.3627790397452162e-12,
                3.9787043762707745e-12,
                0.9999351167721818,
                6.488322247671393e-05
            ]
        ],
        [
            [
                0.9999999982746317,
                1.7240842526945766e-09,
                1.5989056124506733e-13,
                7.976205563615045e-13,
                3.266131337152168e-13
            ],
            [
                0.9999844499113635,
                1.555006844144315e-05,
                2.328659100236271e-12,
                1.388773121896596e-11,
                3.978901611738762e-12
            ],
            [
                4.756838519714187e-12,
                7.612456425034697e-06,
                0.9999923614201024,
                2.510970396739211e-08,
                1.0090117577394196e-09
            ],
            [
                0.0,
                2.8368875422975205e-11,
                9.716858844338208e-12,
                0.9999844498341551,
                1.5550127759159238e-05
            ],
            [
                0.0,
                3.328252837322772e-12,
                4.756874785400752e-12,
                0.9999999852963048,
                1.469561002964697e-08
            ]
        ],
        [
            [
                0.9999999999407818,
                5.795059919362352e-11,
                1.337429664295962e-13,
                6.671822180266661e-13,
                4.668088209875965e-13
            ],
            [
                0.9999682359183084,
                3.176406534389247e-05,
                1.947802535734349e-12,
                1.1616366724160859e-11,
                2.7838788764099582e-12
            ],
            [
                0.0,
                4.1317767751567705e-10,
                0.9999999985198522,
                1.0090194636923584e-09,
                5.7950599111279794e-11
            ],
            [
                0.0,
                3.3282527667852997e-12,
                5.686895438677422e-12,
                0.9999999641027615,
                3.588822341680732e-08
            ],
            [
                0.0,
                5.686895398748739e-12,
                8.127942993441505e-12,
                0.9999999570815875,
                4.290459757743e-08
            ]
        ],
        [
            [
                0.9999999995859377,
                4.131776779560937e-10,
                0.0,
                5.580728951380572e-13,
                3.266131341434543e-13
            ],
            [
                0.9999998502427495,
                1.497517618496147e-07,
                7.976205333720148e-13,
                3.3282527845890602e-12,
                1.3628674224869734e-12
            ],
            [
                2.320233391055699e-10,
                0.3286531474595635,
                0.6713468317586336,
                2.0153329115913492e-08,
                3.9645048853844333e-10
            ],
            [
                0.0,
                2.328685800360354e-12,
                6.798693530611899e-12,
                0.9999962733520327,
                3.7266388399296275e-06
            ],
            [
                0.0,
                0.0,
                2.3286815201758728e-12,
                0.9999946737431421,
                5.326254529163022e-06
            ]
        ],
        [
            [
                0.9999999997958833,
                2.0226746574684945e-10,
                2.285221158195043e-13,
                9.535604168827362e-13,
                6.671796728366643e-13
            ],
            [
                0.9999999266826318,
                7.330965172000269e-08,
                9.535604608381054e-13,
                3.978962718439526e-12,
                2.78396942418828e-12
            ],
            [
                0.0,
                1.2292373374332488e-08,
                0.9999999864528639,
                1.2062891304560694e-09,
                4.847368640602292e-11
            ],
            [
                0.0,
                1.947865786080772e-12,
                2.3286858561596354e-12,
                0.9999999928015904,
                7.194132978539067e-09
            ],
            [
                0.0,
                9.717007347255874e-12,
                9.717007347255874e-12,
                0.9999993751055478,
                6.248750180523578e-07
            ]
        ],
        [
            [
                0.999999995787455,
                4.210378871742261e-09,
                2.2852211490348977e-13,
                1.1399918482420885e-12,
                7.976205543776812e-13
            ],
            [
                0.9999999699768207,
                3.001915268001911e-08,
                5.580728786141007e-13,
                2.328685803007917e-12,
                1.139987470102796e-12
            ],
            [
                0.0,
                3.588822330715994e-08,
                0.9999999610475148,
                2.945884760782396e-09,
                1.1837738212791682e-10
            ],
            [
                0.0,
                1.6293228710988813e-12,
                3.3282528662157185e-12,
                0.99999999397742,
                6.017622348152981e-09
            ],
            [
                0.0,
                3.3282656305607994e-12,
                6.798719775516477e-12,
                0.9999998952123305,
                1.0477754249631891e-07
            ]
        ],
        [
            [
                0.9999999994084026,
                5.905303995450476e-10,
                1.3374296635839423e-13,
                4.668088207390772e-13,
                4.668088207390772e-13
            ],
            [
                0.9999987235478408,
                1.2764445008598244e-06,
                9.535586315385835e-13,
                4.7568659481116406e-12,
                1.9478621527299103e-12
            ],
            [
                0.0,
                6.928030748046859e-11,
                0.9999999991419115,
                7.059828241314773e-10,
                8.282536134019664e-11
            ],
            [
                0.0,
                3.978962486899437e-12,
                2.7839692621861272e-12,
                0.9999999877008635,
                1.2292373389673366e-08
            ],
            [
                0.0,
                2.7839640834307586e-12,
                6.7987069468328394e-12,
                0.9999987235398299,
                1.2764505874257946e-06
            ]
        ],
        [
            [
                0.999999999292549,
                7.059828242378248e-10,
                1.3374296634289964e-13,
                6.671822175941766e-13,
                6.671822175941766e-13
            ],
            [
                0.9999987235490932,
                1.276444500861423e-06,
                7.976190641967835e-13,
                3.978939906767638e-12,
                1.62931361466179e-12
            ],
            [
                9.716896997231735e-12,
                5.326229241588742e-06,
                0.999989329963238,
                5.326229241588742e-06,
                1.7568561907895738e-08
            ],
            [
                0.0,
                5.580728896296583e-13,
                1.9478657800692575e-12,
                0.9999999897153847,
                1.0282109199849633e-08
            ],
            [
                0.0,
                1.6293198300004351e-12,
                5.6868849940949436e-12,
                0.9999987235420963,
                1.2764505874286874e-06
            ]
        ],
        [
            [
                0.9999999999164348,
                8.282536140433575e-11,
                0.0,
                4.668088209761687e-13,
                2.7320067574168755e-13
            ],
            [
                0.9999891199392507,
                1.0880043524464668e-05,
                1.6293041827347439e-12,
                1.161661070797545e-11,
                3.978916873098378e-12
            ],
            [
                0.0,
                3.588822330715994e-08,
                0.9999999610475148,
                2.945884760782396e-09,
                1.1837738212791682e-10
            ],
            [
                0.0,
                1.9478657511838266e-12,
                1.9478657511838266e-12,
                0.9999999748861133,
                2.5109990926830334e-08
            ],
            [
                0.0,
                0.0,
                1.6293228339371045e-12,
                0.9999993751233526,
                6.248750180631919e-07
            ]
        ],
        [
            [
                0.9999999998575939,
                1.415214537339272e-10,
                0.0,
                5.580728952896879e-13,
                3.266131342321965e-13
            ],
            [
                0.999999926679881,
                7.330965171980103e-08,
                9.535604608354825e-13,
                4.756875073633492e-12,
                4.756875073633492e-12
            ],
            [
                0.0,
                2.8369309795870417e-11,
                0.9999999997354467,
                2.0226823732524525e-10,
                3.3915689131527776e-11
            ],
            [
                0.0,
                1.6603124446416717e-11,
                5.686895572789066e-12,
                0.9999999876853366,
                1.2292373389482503e-08
            ],
            [
                0.0,
                5.580366869718415e-13,
                4.756566223951453e-12,
                0.9999351167722087,
                6.488322247671567e-05
            ]
        ],
        [
            [
                0.9999999789948548,
                2.100364559125003e-08,
                2.7320067002593424e-13,
                9.53564034598876e-13,
                2.7320067002593424e-13
            ],
            [
                0.9999999927996317,
                7.194132978524976e-09,
                6.671822132622177e-13,
                2.783969276380941e-12,
                2.783969276380941e-12
            ],
            [
                0.0,
                2.022674592777794e-10,
                0.9999998486038393,
                1.4975176160418496e-07,
                1.4421317526141457e-09
            ],
            [
                0.0,
                0.0,
                2.328685993368291e-12,
                0.999999694095335,
                3.0590233632390657e-07
            ],
            [
                0.0,
                3.328259284882129e-12,
                6.798706813062197e-12,
                0.9999973925618335,
                2.6074280395082104e-06
            ]
        ],
        [
            [
                0.9999999989861765,
                1.0090194641628888e-09,
                3.904695550794404e-13,
                1.6293228792597629e-12,
                2.783969293604092e-12
            ],
            [
                0.9999962733480745,
                3.726638839914877e-06,
                1.6293166147737834e-12,
                8.12788107793212e-12,
                3.3282400862859036e-12
            ],
            [
                0.0,
                1.0090194628920937e-09,
                0.9999999977267409,
                1.2062891440556248e-09,
                5.795059906531852e-11
            ],
            [
                0.0,
                9.535603895828637e-13,
                3.9789624211097155e-12,
                0.9999993751200493,
                6.248750180614195e-07
            ],
            [
                0.0,
                1.362867424819114e-12,
                6.798719481414843e-12,
                0.9999993751168204,
                6.248750180594017e-07
            ]
        ],
        [
            [
                0.9999999987916706,
                1.2062937469769193e-09,
                2.285221155900195e-13,
                1.1399918516668696e-12,
                6.671822172599994e-13
            ],
            [
                0.9999995627890378,
                4.372060132893965e-07,
                6.671796994106519e-13,
                3.3282530181464518e-12,
                9.535604548633639e-13
            ],
            [
                0.0,
                2.5109847100502546e-08,
                0.9999973464587083,
                2.6074279192973157e-06,
                2.100352519916515e-08
            ],
            [
                0.0,
                4.756874611289131e-12,
                8.127942925269315e-12,
                0.9999999486942024,
                5.129291276172337e-08
            ],
            [
                0.0,
                2.3286946890167937e-12,
                6.7987194814082765e-12,
                0.9999993751158545,
                6.248750180587982e-07
            ]
        ],
        [
            [
                0.9999999997095532,
                2.8908891681708653e-10,
                9.357622966122284e-14,
                4.66808820879657e-13,
                7.976205575060274e-13
            ],
            [
                0.9999777753417204,
                2.222464409445515e-05,
                1.1399657020276137e-12,
                9.716784722795949e-12,
                3.3281765372963872e-12
            ],
            [
                0.0,
                2.418120303982516e-10,
                0.9999999871202069,
                1.2292373382535718e-08,
                3.456076225066104e-10
            ],
            [
                0.0,
                1.3887943572912364e-11,
                1.1616788092365984e-11,
                0.9999999789708498,
                2.1003645590745838e-08
            ],
            [
                0.0,
                1.3583907618790136e-12,
                9.685052574757735e-12,
                0.9967123295041932,
                0.0032876704847634233
            ]
        ],
        [
            [
                0.999999999653006,
                3.45608945229025e-10,
                1.598905614654564e-13,
                6.671822178346672e-13,
                5.580728951755754e-13
            ],
            [
                0.9999923874983071,
                7.6124856628282655e-06,
                1.6293104777358384e-12,
                1.1616655590065546e-11,
                2.7839481035365867e-12
            ],
            [
                0.0,
                6.928057179272755e-11,
                0.9999999995511948,
                3.4560894519383816e-10,
                3.3915689125278743e-11
            ],
            [
                0.0,
                5.686895469058435e-12,
                6.798719469733295e-12,
                0.9999998502357527,
                1.497517618485669e-07
            ],
            [
                0.0,
                1.629322785369424e-12,
                5.68689530934628e-12,
                0.9999991068958327,
                8.930968511509779e-07
            ]
        ],
        [
            [
                0.999999992802548,
                7.1941329785459566e-09,
                3.266131319279624e-13,
                1.6293228691846356e-12,
                1.362872653247285e-12
            ],
            [
                0.9999923874976078,
                7.612485662822942e-06,
                2.3286770290444172e-12,
                1.1616655590057421e-11,
                2.78394810353464e-12
            ],
            [
                0.0,
                2.890889166267351e-10,
                0.9999999990511004,
                5.905303993340499e-10,
                6.928030747417716e-11
            ],
            [
                0.0,
                3.9046807158938585e-13,
                1.9478658282096553e-12,
                0.9999998952205188,
                1.0477714280333436e-07
            ],
            [
                0.0,
                2.836920123353099e-11,
                6.798719593656367e-12,
                0.9999999876724587,
                1.2292373389324204e-08
            ]
        ],
        [
            [
                0.9999999913950496,
                8.600664233581957e-09,
                3.904695521153364e-13,
                1.947865783341019e-12,
                1.947865783341019e-12
            ],
            [
                0.9997293146837896,
                0.0002706852493394759,
                6.79687839755484e-12,
                4.8460559057646746e-11,
                1.16136421914956e-11
            ],
            [
                0.0,
                1.206293745877678e-09,
                0.9999999978804155,
                8.440101460488321e-10,
                6.928057167697501e-11
            ],
            [
                0.0,
                3.3282528622864886e-12,
                5.686895601857719e-12,
                0.9999999927968517,
                7.194132978504976e-09
            ],
            [
                0.0,
                5.58072862646749e-13,
                2.328694619628571e-12,
                0.9999991069002621,
                8.930968511549336e-07
            ]
        ],
        [
            [
                0.9999999975331464,
                2.46412217433213e-09,
                2.285221153024189e-13,
                1.1399918502321624e-12,
                1.3628674607577963e-12
            ],
            [
                0.9999946737355844,
                5.326254529125254e-06,
                1.1399853734722911e-12,
                6.7986810343898656e-12,
                1.9478547286750955e-12
            ],
            [
                0.0,
                6.798719676884558e-12,
                0.9999999999142035,
                6.928057181787701e-11,
                9.717007626738705e-12
            ],
            [
                0.0,
                9.717007543839506e-12,
                6.798719618882297e-12,
                0.9999999913828529,
                8.6006314246093e-09
            ],
            [
                0.0,
                9.535604548624097e-13,
                3.3282530181431213e-12,
                0.9999995627880371,
                4.372076811007236e-07
            ]
        ],
        [
            [
                0.9999999979332668,
                2.061153618178703e-09,
                4.668088200504708e-13,
                2.328694751358255e-12,
                2.7839692906728236e-12
            ],
            [
                0.9999999386740205,
                6.132100803099499e-08,
                5.580750565556692e-13,
                2.7839694575719422e-12,
                1.629322975222233e-12
            ],
            [
                0.0,
                3.97896253549952e-12,
                0.9999999999151237,
                6.928057181794075e-11,
                1.1616788335671182e-11
            ],
            [
                0.0,
                1.9478658772756214e-12,
                8.127943664304333e-12,
                0.9999995627822431,
                4.372076810981904e-07
            ],
            [
                0.0,
                7.976083449405207e-13,
                3.3282019255911245e-12,
                0.9999844499274326,
                1.5550068441693033e-05
            ]
        ],
        [
            [
                0.9999999949647187,
                5.033534543137336e-09,
                3.2661313263415574e-13,
                9.535640498271642e-13,
                4.668088186647264e-13
            ],
            [
                0.9999995627837306,
                4.3720768109884074e-07,
                9.53560454858303e-13,
                5.686895868141239e-12,
                1.9478658772785186e-12
            ],
            [
                0.0,
                4.756893000736348e-12,
                0.9999999998570166,
                1.1837738672208423e-10,
                1.984921615390355e-11
            ],
            [
                0.0,
                6.7987195938169e-12,
                4.7568747968161395e-12,
                0.9999999876960709,
                1.2292373389614453e-08
            ],
            [
                0.0,
                1.139991880839779e-12,
                3.9789626328528005e-12,
                0.9999997859635398,
                2.1403134135513792e-07
            ]
        ],
        [
            [
                0.9999999957877272,
                4.210378871743407e-09,
                2.732006746137584e-13,
                9.535640506119555e-13,
                6.671822152558218e-13
            ],
            [
                0.9999999570922425,
                4.290459757788715e-08,
                3.904695387211346e-13,
                1.6293228110010176e-12,
                1.1399918041298615e-12
            ],
            [
                0.0,
                9.535604170579779e-13,
                0.9999999999796594,
                1.6603124650540888e-11,
                2.7839692963699178e-12
            ],
            [
                0.0,
                2.783969262187939e-12,
                3.328252845327917e-12,
                0.9999999877015143,
                1.2292373389681365e-08
            ],
            [
                0.0,
                1.1346424921926753e-12,
                8.08980333118796e-12,
                0.9953077657440408,
                0.004692234246734885
            ]
        ],
        [
            [
                0.9999999995838038,
                4.131776779552781e-10,
                2.7320067565084904e-13,
                7.976205574057271e-13,
                1.9478657992916134e-12
            ],
            [
                0.9999999853002901,
                1.4695666089115856e-08,
                4.668088141532859e-13,
                1.9478657714692456e-12,
                1.6293228569610348e-12
            ],
            [
                0.0,
                4.131776776925031e-10,
                0.9999999989478183,
                5.905303992730586e-10,
                4.8473687011699433e-11
            ],
            [
                0.0,
                1.947865847590514e-12,
                5.686895781465563e-12,
                0.9999997859610239,
                2.1403134135459945e-07
            ],
            [
                0.0,
                2.836930834715059e-11,
                9.717007128788678e-12,
                0.9999999486690008,
                5.1292912760430704e-08
            ]
        ],
        [
            [
                0.9999999998293159,
                1.6918979223263503e-10,
                1.5989056149364667e-13,
                6.67182217952298e-13,
                6.67182217952298e-13
            ],
            [
                0.9999998209635451,
                1.7902919369855384e-07,
                9.535604737018304e-13,
                3.978962772116544e-12,
                2.3286860112048173e-12
            ],
            [
                0.0,
                1.6918979208028527e-10,
                0.9999999989288493,
                8.440101469337209e-10,
                5.7950820199395124e-11
            ],
            [
                0.0,
                9.717007210460787e-12,
                1.1616787837995712e-11,
                0.9999999570740686,
                4.290459757710741e-08
            ],
            [
                0.0,
                3.904502003093912e-13,
                3.32810060393116e-12,
                0.9999546021437671,
                4.539785251436481e-05
            ]
        ],
        [
            [
                0.9999999998808655,
                1.183773867249074e-10,
                9.357622967725359e-14,
                3.9046806590848485e-13,
                2.731996335561236e-13
            ],
            [
                0.9999973925672766,
                2.607428039522403e-06,
                5.580718393975394e-13,
                3.328246588622868e-12,
                7.976190484998675e-13
            ],
            [
                0.0,
                1.691891466736798e-10,
                0.9999999989288535,
                8.440069272966657e-10,
                5.795059913498166e-11
            ],
            [
                0.0,
                1.947835975161272e-12,
                4.7568020199816726e-12,
                0.9999844498655357,
                1.555012775964722e-05
            ],
            [
                0.0,
                1.6293041828185109e-12,
                5.68683038006371e-12,
                0.9999891199906628,
                1.0880002021030918e-05
            ]
        ],
        [
            [
                0.9999999987911614,
                1.206293746976305e-09,
                2.285221155899031e-13,
                9.535640534759223e-13,
                1.362867462472304e-12
            ],
            [
                0.9999995627843759,
                4.372060132873583e-07,
                1.139991898212603e-12,
                5.686874174400168e-12,
                2.7839694067317323e-12
            ],
            [
                0.0,
                9.901824288184672e-11,
                0.9999999992619801,
                5.905281467681774e-10,
                4.847350211483935e-11
            ],
            [
                0.0,
                1.3628675346075712e-12,
                3.978962741629986e-12,
                0.9999996940923218,
                3.0590233632315557e-07
            ],
            [
                0.0,
                7.975688072193925e-13,
                3.328036945472214e-12,
                0.9999351167733976,
                6.488322247679282e-05
            ]
        ],
        [
            [
                0.9999999987927153,
                1.2062937469781795e-09,
                1.5989056132790401e-13,
                5.580728946954705e-13,
                2.7319963325884136e-13
            ],
            [
                0.9999546021272916,
                4.539785251361683e-05,
                2.3285882080206074e-12,
                1.3887308429715031e-11,
                3.978780480590311e-12
            ],
            [
                0.0,
                5.68689564049393e-12,
                0.9999999995907536,
                3.4560894520751006e-10,
                5.795059917333917e-11
            ],
            [
                0.0,
                2.3286859797951647e-12,
                3.328253039007204e-12,
                0.9999999266846914,
                7.330965172015369e-08
            ],
            [
                0.0,
                1.6293229454649555e-12,
                8.127943664306921e-12,
                0.9999995627825616,
                4.3720768109832966e-07
            ]
        ],
        [
            [
                0.9999999964567827,
                3.5218374064926803e-09,
                7.976205549115508e-13,
                3.978962521738911e-12,
                1.6603187928064915e-11
            ],
            [
                0.9999072687880578,
                9.273118922891508e-05,
                2.7837091564852313e-12,
                1.6601573220021286e-11,
                3.3279545824317097e-12
            ],
            [
                0.0,
                1.4152145358306904e-10,
                0.9999999987915082,
                1.0090194639664648e-09,
                5.79508201914361e-11
            ],
            [
                0.0,
                6.671797035944158e-13,
                1.947865889503573e-12,
                0.9999999266877333,
                7.330965172037668e-08
            ],
            [
                0.0,
                5.580366869718415e-13,
                4.756566223951453e-12,
                0.9999351167722087,
                6.488322247671567e-05
            ]
        ],
        [
            [
                0.9999999997100799,
                2.890889168171835e-10,
                0.0,
                5.580728952073201e-13,
                2.7320067568529553e-13
            ],
            [
                0.9999995627868815,
                4.372060132884538e-07,
                7.976205893426574e-13,
                3.978947514990729e-12,
                2.328685965194456e-12
            ],
            [
                0.0,
                2.3729953862388554e-11,
                0.9999999997456326,
                2.0226823732730552e-10,
                2.8369309796159385e-11
            ],
            [
                0.0,
                7.976174902131076e-13,
                2.7839585897137096e-12,
                0.9999962733575785,
                3.7266388399502947e-06
            ],
            [
                0.0,
                7.97620534739604e-13,
                3.978962421110336e-12,
                0.9999993751202052,
                6.248750180615169e-07
            ]
        ],
        [
            [
                0.9999999996529669,
                3.4560894522901153e-10,
                1.5989056146545013e-13,
                7.976205574608931e-13,
                4.66808820853242e-13
            ],
            [
                0.9999993751228837,
                6.248726343587144e-07,
                5.580728792795951e-13,
                2.783969216162782e-12,
                1.1399874714622156e-12
            ],
            [
                0.0,
                5.6868956404294975e-12,
                0.9999999995794235,
                3.456089452035943e-10,
                6.928057179468326e-11
            ],
            [
                0.0,
                3.9046807158951025e-13,
                1.6293166890611855e-12,
                0.9999998952208373,
                1.0477714280336774e-07
            ],
            [
                0.0,
                3.3059758964999598e-12,
                2.8179318051328806e-11,
                0.9933071488679833,
                0.006692851100531462
            ]
        ],
        [
            [
                0.9999999987834562,
                1.2062937469670103e-09,
                6.67182217254519e-13,
                2.783969293039725e-12,
                6.7987456043037236e-12
            ],
            [
                0.9998105936509739,
                0.0001894062809902602,
                5.685821660727002e-12,
                4.8464532705876216e-11,
                1.3885321097821105e-11
            ],
            [
                0.0,
                1.183773866366245e-10,
                0.9999999991350905,
                7.059855172425473e-10,
                4.05465753241071e-11
            ],
            [
                0.0,
                9.717008073369624e-12,
                1.1616788869612616e-11,
                0.9999999266687348,
                7.330993137364528e-08
            ],
            [
                0.0,
                4.66807025741499e-13,
                2.3286769171606877e-12,
                0.9999962733583647,
                3.7266388399532246e-06
            ]
        ],
        [
            [
                0.9999999994079543,
                5.905303995447829e-10,
                1.5989056142627492e-13,
                5.580728950388187e-13,
                7.976205572654659e-13
            ],
            [
                0.9999844499171099,
                1.555006844153251e-05,
                1.9478359752617316e-12,
                9.716858845144281e-12,
                2.7839266695472035e-12
            ],
            [
                0.0,
                5.7950599115590575e-11,
                0.9999999985942394,
                1.2062891451020788e-09,
                1.4152091369467904e-10
            ],
            [
                0.0,
                2.3286948766093597e-12,
                3.978962741626143e-12,
                0.999999694091356,
                3.059023363228601e-07
            ],
            [
                0.0,
                2.7709056014330054e-12,
                1.3822775092099977e-11,
                0.9953077501481485,
                0.004692249835257711
            ]
        ],
        [
            [
                0.9999999999503897,
                4.847368706029776e-11,
                1.118709739112795e-13,
                4.668088209920816e-13,
                5.580728953415371e-13
            ],
            [
                0.9999973925596857,
                2.6074280395026103e-06,
