{
    "[['A', 'B', 'C', 'D', 'E'], ['A', 'B', 'C', 'D', 'E']]": [
        [
            [
                0.9999546021305941,
                4.539785251376676e-05,
                3.328100603887317e-12,
                1.1616212504502598e-11,
                1.9477766765781646e-12
            ],
            [
                1.4975176184618725e-07,
                0.999999850219862,
                3.978962414196993e-12,
                2.3729862620565232e-11,
                6.671821976698512e-13
            ],
            [
                8.600631590025299e-09,
                0.999999891406561,
                1.2292373671353048e-08,
                8.764248312483658e-08,
                5.7950599812250624e-11
            ],
            [
                0.0,
                0.0,
                7.976205109732497e-13,
                8.930934442716285e-07,
                0.9999991069057582
            ],
            [
                0.0,
                0.0,
                5.476544249918812e-14,
                7.059801311330193e-10,
                0.9999999992939652
            ]
        ],
        [
            [
                0.9999546021164512,
                4.5397852513124675e-05,
                3.978780480547177e-12,
                2.3728777598876964e-11,
                3.328100603840246e-12
            ],
            [
                2.140313413531262e-07,
                0.9999997859550941,
                1.947865847577106e-12,
                1.1616744305342704e-11,
                0.0
            ],
            [
                8.28251999252282e-11,
                0.9999980502808823,
                1.824346433101067e-06,
                1.2526149029375987e-07,
                2.8369146271330414e-11
            ],
            [
                0.0,
                0.0,
                7.976160241686971e-13,
                5.326254529173068e-06,
                0.9999946737446732
            ],
            [
                0.0,
                0.0,
                2.285229794090918e-13,
                3.588822341711093e-08,
                0.999999964111548
            ]
        ],
        [
            [
                0.9967123419644248,
                0.003287657984419839,
                6.776361701480804e-12,
                4.041308147813985e-11,
                3.965862362846009e-12
            ],
            [
                8.764248495856104e-08,
                0.9999999123293394,
                3.978962661328306e-12,
                2.3729864094414816e-11,
                4.668088357377554e-13
            ],
            [
                8.28251999252282e-11,
                0.9999980502808823,
                1.824346433101067e-06,
                1.2526149029375987e-07,
                2.8369146271330414e-11
            ],
            [
                0.0,
                1.3617969253876867e-12,
                6.793379251538666e-12,
                0.0007898664299929135,
                0.999210133561852
            ],
            [
                0.0,
                0.0,
                3.9046808142872095e-13,
                4.3720768110222077e-07,
                0.9999995627919285
            ]
        ],
        [
            [
                0.9904617045199859,
                0.009538295380304127,
                9.624321114184173e-12,
                8.203532457445983e-11,
                8.050383545478685e-12
            ],
            [
                6.132100803016332e-08,
                0.9999999386611251,
                3.978962766098853e-12,
                1.3887944668656021e-11,
                0.0
            ],
            [
                2.9454918178609773e-09,
                0.9998671611231893,
                0.00013252990035480183,
                3.0586179686751957e-07,
                1.6916721794224881e-10
            ],
            [
                0.0,
                7.827300957236303e-14,
                4.668070644304418e-13,
                3.059011694023997e-07,
                0.9999996940982855
            ],
            [
                0.0,
                0.0,
                7.976160241686041e-13,
                5.326254529172447e-06,
                0.9999946737446732
            ]
        ],
        [
            [
                0.999999562787526,
                4.3720768110050013e-07,
                7.976205893431715e-13,
                3.328265714443324e-12,
                6.671822445030726e-13
            ],
            [
                3.059023363175289e-07,
                0.9999996940739282,
                3.3282530583370797e-12,
                1.9849217182982024e-11,
                5.580729242226011e-13
            ],
            [
                3.4560696047509337e-10,
                0.9999973563045139,
                2.607427944969612e-06,
                3.588801859469265e-08,
                3.391562373619746e-11
            ],
            [
                0.0,
                0.0,
                9.535549971667957e-13,
                5.326254529171981e-06,
                0.9999946737445172
            ],
            [
                0.0,
                1.5988965272425272e-13,
                9.535549971667957e-13,
                5.326254529171981e-06,
                0.9999946737443574
            ]
        ],
        [
            [
                0.9999844499082993,
                1.5550068441395504e-05,
                3.328201925527444e-12,
                1.6602870431193303e-11,
                3.328201925527444e-12
            ],
            [
                7.330965171884064e-08,
                0.999999926667171,
                3.3282530389475917e-12,
                1.9849141348736286e-11,
                0.0
            ],
            [
                1.2062937457652498e-09,
                0.9999999977872143,
                4.131776772129674e-10,
                5.905303985876867e-10,
                2.783969290266218e-12
            ],
            [
                0.0,
                1.337427065007044e-13,
                9.535585637802526e-13,
                1.8243464443432476e-06,
                0.9999981756524684
            ],
            [
                0.0,
                0.0,
                1.3374295957738835e-13,
                5.129291276236066e-08,
                0.9999999487069535
            ]
        ],
        [
            [
                0.9999962733527474,
                3.726638839932291e-06,
                1.3628622227369493e-12,
                5.686852078217367e-12,
                1.3628622227369493e-12
            ],
            [
                5.1292717095210554e-08,
                0.9999999486959366,
                1.6293165819580598e-12,
                9.717007129042664e-12,
                0.0
            ],
            [
                1.6691045282308512e-11,
                0.4116512214454846,
                0.5883487607764858,
                1.7661796025223735e-08,
                9.954258681348909e-11
            ],
            [
                0.0,
                1.3372995912357436e-13,
                1.1398853302376814e-12,
                9.27308355229666e-05,
                0.9999072691632034
            ],
            [
                0.0,
                0.0,
                3.2661311512968107e-13,
                8.930934442722962e-07,
                0.9999991069062292
            ]
        ],
        [
            [
                0.9999987235446196,
                1.2764505874319082e-06,
                6.671809687674852e-13,
                3.328259350384551e-12,
                7.976190641932152e-13
            ],
            [
                1.4695610029412074e-08,
                0.999999985280988,
                6.7987195773928914e-12,
                1.6603124406485936e-11,
                0.0
            ],
            [
                4.1317531912544696e-10,
                0.9999946481988536,
                5.326254393109402e-06,
                2.5109848194140516e-08,
                2.372981838432979e-11
            ],
            [
                0.0,
                0.0,
                3.9046807158992854e-13,
                1.0477714280347998e-07,
                0.9999998952224667
            ],
            [
                0.0,
                0.0,
                1.1187097335366898e-13,
                5.0335153417698614e-09,
                0.9999999949663727
            ]
        ],
        [
            [
                0.972653256368864,
                0.027346743505131978,
                2.3080940034495605e-11,
                9.631046309199539e-11,
                6.612800035925393e-12
            ],
            [
                2.1403134135347435e-07,
                0.9999997859557672,
                2.7839693642839934e-12,
                9.717007864418155e-12,
                3.904680754724092e-13
            ],
            [
                2.890889142373558e-10,
                0.9999999907858951,
                7.194132964037887e-09,
                1.7240842397833636e-09,
                6.798719614823748e-12
            ],
            [
                0.0,
                6.670562198391631e-13,
                2.3282549791467408e-12,
                0.00018940555861318565,
                0.9998105944383916
            ],
            [
                0.0,
                0.0,
                4.668052450184231e-13,
                3.7266388399613066e-06,
                0.9999962733606933
            ]
        ],
        [
            [
                0.9999997859646494,
                2.1403134135537544e-07,
                5.580750378601059e-13,
                2.7839693643087212e-12,
                6.671822343342357e-13
            ],
            [
                1.4975176184736266e-07,
                0.9999998502288511,
                2.7839692113401032e-12,
                1.6603124143437377e-11,
                0.0
            ],
            [
                0.0,
                4.847368962241797e-11,
                6.132100771966596e-08,
                0.9999999335969837,
                5.0335348342848674e-09
            ],
            [
                0.0,
                6.669239048790319e-13,
                4.755033134340063e-12,
                0.00038682809189874537,
                0.9996131719026793
            ],
            [
                0.0,
                0.0,
                1.337424546054943e-13,
                1.2292373389751499e-08,
                0.9999999877074929
            ]
        ],
        [
            [
                0.9456867619410034,
                0.05431323794427703,
                1.5701362617691483e-11,
                9.364028585544986e-11,
                5.378003954866539e-12
            ],
            [
                5.129291276092209e-08,
                0.9999999486793782,
                3.978962331631235e-12,
                2.3729862128156937e-11,
                0.0
            ],
            [
                8.282568019647363e-11,
                0.9999997957607066,
                1.7902987212997024e-07,
                2.51099924156816e-08,
                1.660318855437886e-11
            ],
            [
                0.0,
                1.9954211500505386e-11,
                9.95423942154637e-11,
                0.4116521670495557,
                0.5883478328309477
            ],
            [
                0.0,
                0.0,
                9.535567498345923e-13,
                3.72663883995907e-06,
                0.9999962733602065
            ]
        ],
        [
            [
                0.9999981756434982,
                1.824346444326883e-06,
                1.6293134988687498e-12,
                6.7987064637212225e-12,
                1.6293134988687498e-12
            ],
            [
                1.4975176184748445e-07,
                0.9999998502285244,
                2.7839692113423674e-12,
                1.660312414345088e-11,
                3.266131242967345e-13
            ],
            [
                6.927593959633895e-11,
                0.9999364737804111,
                3.176303374636004e-05,
                3.176303374636004e-05,
                8.28201394871985e-11
            ],
            [
                0.0,
                7.957834003801744e-13,
                9.69462646915955e-12,
                0.0023025566033750985,
                0.9976974433861345
            ],
            [
                0.0,
                0.0,
                1.1187096817861419e-13,
                5.129271709581096e-08,
                0.9999999487071711
            ]
        ],
        [
            [
                0.9996131718798009,
                0.00038682809188989194,
                5.6846938451931625e-12,
                1.9841531127896632e-11,
                2.7828914259364586e-12
            ],
            [
                4.372060132864567e-07,
                0.9999995627826403,
                1.6293167301026214e-12,
                9.717008012555285e-12,
                0.0
            ],
            [
                0.0,
                2.0611536077454103e-09,
                0.9999999928713961,
                5.033534532600524e-09,
                3.3915688898728766e-11
            ],
            [
                0.0,
                6.671758808110709e-13,
                2.3286726369773223e-12,
                5.326254529161956e-06,
                0.999994673742475
            ],
            [
                0.0,
                0.0,
                1.1187097254163577e-13,
                1.2292373389752774e-08,
                0.9999999877075146
            ]
        ],
        [
            [
                0.9998674700877961,
                0.00013252989390511282,
                2.783597707039262e-12,
                1.3886116661859323e-11,
                1.629105407575325e-12
            ],
            [
                8.764248495974436e-08,
                0.9999999123431144,
                2.7839693842667387e-12,
                1.1616744388744142e-11,
                0.0
            ],
            [
                1.206293744214756e-09,
                0.9999999965018773,
                8.44010144885332e-10,
                1.4421317939870976e-09,
                5.686895622927813e-12
            ],
            [
                0.0,
                0.0,
                7.976160241686971e-13,
                5.326254529173068e-06,
                0.9999946737446732
            ],
            [
                0.0,
                0.0,
                1.1187139970931718e-13,
                8.6006642336145e-09,
                0.999999991399224
            ]
        ],
        [
            [
                0.9998674700772359,
                0.00013252989390371309,
                5.686136586233484e-12,
                1.984656678892616e-11,
                3.3278213433713722e-12
            ],
            [
                7.330965171878569e-08,
                0.9999999266671709,
                3.328253038945097e-12,
                1.984921706733106e-11,
                0.0
            ],
            [
                2.046971093955886e-09,
                0.9931202633554638,
                0.00018813817265294274,
                0.006691590448684936,
                5.97622731059445e-09
            ],
            [
                0.0,
                0.0,
                9.535549971667957e-13,
                5.326254529171981e-06,
                0.9999946737445172
            ],
            [
                0.0,
                0.0,
                5.580718107238383e-13,
                1.8243464443431948e-06,
                0.9999981756529976
            ]
        ],
        [
            [
                0.999999562785755,
                4.372076810997258e-07,
                6.67182244501891e-13,
                4.7568931898985525e-12,
                1.1399918982141752e-12
            ],
            [
                3.7266388399211343e-06,
                0.9999962733497536,
                1.3628622227328692e-12,
                9.71697025739661e-12,
                3.26611878172883e-13
            ],
            [
                4.131776856406218e-10,
                0.9999995413472151,
                4.3720767172662743e-07,
                2.1003566291973267e-08,
                2.836920209912989e-11
            ],
            [
                0.0,
                4.073794767004738e-12,
                4.962898014618063e-11,
                0.1435986391493336,
                0.8564013607969636
            ],
            [
                0.0,
                0.0,
                7.827300519402625e-14,
                4.210362810460421e-09,
                0.9999999957895589
            ]
        ],
        [
            [
                0.9996131718949236,
                0.0003868280918957441,
                2.3277931545394197e-12,
                9.713245490045207e-12,
                1.1395504819664065e-12
            ],
            [
                1.0477714280153572e-07,
                0.9999998952043061,
                1.9478658281762175e-12,
                1.6603124890173647e-11,
                0.0
            ],
            [
                4.8473594213299845e-11,
                0.9999986805846961,
                1.2764505325956188e-06,
                4.2904680904845285e-08,
                1.16167660851652e-11
            ],
            [
                0.0,
                0.0,
                3.904695733974183e-13,
                7.330993137517243e-08,
                0.9999999266896782
            ],
            [
                0.0,
                0.0,
                1.1187097335366898e-13,
                5.0335153417698614e-09,
                0.9999999949663727
            ]
        ],
        [
            [
                0.9999351167592241,
                6.488322247587314e-05,
                2.783788669329989e-12,
                1.3887042799359352e-11,
                1.629217168588664e-12
            ],
            [
                2.100356546835306e-08,
                0.9999999789718284,
                4.756874755312215e-12,
                1.98492157393331e-11,
                0.0
            ],
            [
                4.846832457386247e-11,
                0.9998897247072445,
                4.5394907313576083e-05,
                6.488025415738953e-05,
                8.28161987066513e-11
            ],
            [
                0.0,
                1.9114797903072646e-13,
                9.535494540430149e-13,
                1.555012775973368e-05,
                0.9999844498710956
            ],
            [
                0.0,
                0.0,
                1.1187097295462537e-13,
                8.600631424748035e-09,
                0.9999999913992567
            ]
        ],
        [
            [
                0.980707798544969,
                0.019292201338726053,
                1.3619975785528924e-11,
                9.710786973127841e-11,
                5.5771562708561005e-12
            ],
            [
                1.2764445008478821e-06,
                0.9999987235392825,
                2.3286815124439337e-12,
                1.3887917859704212e-11,
                0.0
            ],
            [
                1.4421317968271015e-09,
                0.9999999984711869,
                1.6603124625495532e-11,
                6.9280571717904e-11,
                7.97620556518281e-13
            ],
            [
                0.0,
                0.0,
                6.6709062173406e-13,
                0.0001325293884139662,
                0.999867470610919
            ],
            [
                0.0,
                0.0,
                3.904680838771546e-13,
                7.330965172053156e-08,
                0.9999999266899579
            ]
        ],
        [
            [
                0.9999997859637353,
                2.1403134135517977e-07,
                7.976205771855336e-13,
                3.3282656637126256e-12,
                7.976205771855336e-13
            ],
            [
                1.4975176184679507e-07,
                0.9999998502250608,
                3.3282527845263932e-12,
                1.984921555001491e-11,
                0.0
            ],
            [
                4.1317452657565104e-10,
                0.9999923723768687,
                7.61245650844324e-06,
                1.46954981535778e-08,
                5.795015717341091e-11
            ],
            [
                0.0,
                0.0,
                7.97619048502595e-13,
                2.6074280395313188e-06,
                0.9999973925711629
            ],
            [
                0.0,
                0.0,
                1.9115089605099489e-13,
                5.129291276235771e-08,
                0.999999948706896
            ]
        ],
        [
            [
                0.9904617417194178,
                0.009538258206966736,
                1.1505935759559205e-11,
                5.7397827679977983e-11,
                4.7115006061257735e-12
            ],
            [
                1.7568761623206956e-08,
                0.9999999824106561,
                3.9789624658467256e-12,
                1.6603124358827295e-11,
                0.0
            ],
            [
                3.001915178227891e-08,
                0.9999999400712407,
                1.7568760879369862e-08,
                1.229237280419225e-08,
                4.8473684157734634e-11
            ],
            [
                0.0,
                4.666280864718726e-13,
                2.3277842747543512e-12,
                0.0003868280918997617,
                0.9996131719053057
            ],
            [
                0.0,
                0.0,
                4.668070587833508e-13,
                4.37207681102333e-07,
                0.9999995627918521
            ]
        ],
        [
            [
                0.9999923875017959,
                7.612485662854824e-06,
                2.7839481035462996e-12,
                8.127881468562387e-12,
                1.6293104777415228e-12
            ],
            [
                1.4421317969306665e-09,
                0.9999999985434675,
                2.7839692923703044e-12,
                1.1616744005285403e-11,
                0.0
            ],
            [
                5.033534525731246e-09,
                0.9999999915066934,
                1.7240776641791851e-09,
                1.7240776641791851e-09,
                1.1616743923546422e-11
            ],
            [
                0.0,
                6.169397522249885e-11,
                2.1533313193567422e-10,
                0.2551311879073562,
                0.7448688118156167
            ],
            [
                0.0,
                0.0,
                1.5989117972635965e-13,
                3.059035032512726e-07,
                0.9999996940963368
            ]
        ],
        [
            [
                0.9999981756417363,
                1.8243464443236684e-06,
                1.3628648152972832e-12,
                8.127896539563895e-12,
                2.3286813469683953e-12
            ],
            [
                2.5109990926188912e-08,
                0.9999999748615223,
                4.756874735759262e-12,
                2.3729862749451936e-11,
                0.0
            ],
            [
                1.7240842481224806e-09,
                0.9999999956227335,
                1.2062937431542503e-09,
                1.4421317927192561e-09,
                4.756874834522281e-12
            ],
            [
                0.0,
                9.357623452861192e-14,
                6.671797074825705e-13,
                3.059023363245569e-07,
                0.9999996940969028
            ],
            [
                0.0,
                0.0,
                2.2852298359548e-13,
                1.7568828643205273e-08,
                0.9999999824309428
            ]
        ],
        [
            [
                0.9999997859641052,
                2.1403134135525894e-07,
                5.580729089765418e-13,
                3.3282656637138567e-12,
                6.671822343338727e-13
            ],
            [
                1.2764445008404395e-06,
                0.9999987235333212,
                2.3286815124303555e-12,
                1.9849178988847288e-11,
                0.0
            ],
            [
                1.120310233125586e-11,
                0.193321619137617,
                0.8066783638125028,
                1.694318454328309e-08,
                9.54924638404864e-11
            ],
            [
                0.0,
                0.0,
                1.1399787704688175e-12,
                1.0880043524638215e-05,
                0.9999891199553353
            ],
            [
                0.0,
                0.0,
                2.7319961957533826e-13,
                5.12927170957994e-08,
                0.9999999487070097
            ]
        ],
        [
            [
                0.9999546021356671,
                4.539785251399708e-05,
                2.328579325197984e-12,
                8.12754044859603e-12,
                1.3628051068784096e-12
            ],
            [
                8.930934442597266e-07,
                0.9999991068917644,
                2.7839691331654967e-12,
                1.1616743340967194e-11,
                3.9046804305668086e-13
            ],
            [
                6.017645296870641e-09,
                0.9999999928584373,
                4.1317767517650685e-10,
                7.059828196954525e-10,
                4.756874821372871e-12
            ],
            [
                0.0,
                1.1893656092593054e-11,
                5.933198630284459e-11,
                0.8564008971547749,
                0.14359910277399943
            ],
            [
                0.0,
                0.0,
                3.2661314722209977e-13,
                4.372076811023829e-07,
                0.9999995627919923
            ]
        ],
        [
            [
                0.9999351167552658,
                6.48832224756163e-05,
                3.3280496408895167e-12,
                1.6602047421188515e-11,
                2.328543667795619e-12
            ],
            [
                1.2526221159408193e-07,
                0.9999998747151553,
                2.7839692795097494e-12,
                1.9849216036127848e-11,
                0.0
            ],
            [
                5.668193859365597e-12,
                0.9967122046300696,
                0.003287670465550572,
                1.2485039722821026e-07,
                4.831427770201046e-11
            ],
            [
                0.0,
                1.3699387747956451e-11,
                4.781556154761883e-11,
                0.9864230688478316,
                0.01357693109065353
            ],
            [
                0.0,
                3.265981902796308e-13,
                2.78384191748696e-12,
                4.539785251439242e-05,
                0.9999546021443751
            ]
        ],
        [
            [
                0.9996131703956794,
                0.0003868295669504466,
                5.684693836753121e-12,
                2.835832600441086e-11,
                3.3269769717244596e-12
            ],
            [
                2.1403134135289948e-07,
                0.9999997859534079,
                1.3628674973351415e-12,
                1.3887891225234624e-11,
                0.0
            ],
            [
                1.877114952301313e-11,
                0.9456867462137097,
                0.054313237041017856,
                1.661455316724751e-08,
                1.119479786544013e-10
            ],
            [
                0.0,
                2.3407683838463007e-11,
                1.167701811850701e-10,
                0.9864230687702366,
                0.013576931089585527
            ],
            [
                0.0,
                0.0,
                1.5989055331967558e-13,
                5.129271709582045e-08,
                0.9999999487071229
            ]
        ],
        [
            [
                0.9999997859622528,
                2.1403134135486248e-07,
                7.976205771843511e-13,
                3.97896263284768e-12,
                1.6293229206358654e-12
            ],
            [
                2.558758103791549e-07,
                0.9999997441003613,
                3.978962466278885e-12,
                1.9849215809746977e-11,
                0.0
            ],
            [
                1.4695665944913188e-08,
                0.9999999754876919,
                1.2062937188654755e-09,
                8.600631287900879e-09,
                9.717007389386106e-12
            ],
            [
                0.0,
                4.666280864714063e-13,
                3.3269769767455707e-12,
                0.0003868280918993752,
                0.9996131719043069
            ],
            [
                0.0,
                0.0,
                2.2852298187221473e-13,
                2.510999092691961e-08,
                0.9999999748897805
            ]
        ],
        [
            [
                0.9807077286036431,
                0.019292271328954474,
                6.667576778361476e-12,
                5.683276967264622e-11,
                3.902196039935624e-12
            ],
            [
                3.5888086514178405e-08,
                0.999999964098349,
                1.9478657301694097e-12,
                1.1616743605142949e-11,
                0.0
            ],
            [
                8.282504620509368e-11,
                0.9999972672040444,
                2.6074280234767533e-06,
                1.2526137727213254e-07,
                2.372981829891955e-11
            ],
            [
                0.0,
                6.7668169889089e-12,
                2.361851202167132e-11,
                0.9953077657229791,
                0.004692234246635593
            ],
            [
                0.0,
                0.0,
                1.1187139970934298e-13,
                8.600664233616484e-09,
                0.999999991399224
            ]
        ],
        [
            [
                0.14359910274164733,
                0.8564008969618323,
                3.4724148342966486e-11,
                2.4757712924600494e-10,
                1.421899525461591e-11
            ],
            [
                6.24872634347308e-07,
                0.9999993751051878,
                2.3286858057423353e-12,
                1.9849215584112676e-11,
                0.0
            ],
            [
                2.4181295587314393e-10,
                0.9999999996647859,
                2.3729953860470067e-11,
                6.928057180059722e-11,
                3.904695553444167e-13
            ],
            [
                0.0,
                6.7974616556183e-12,
                1.3885321098478616e-11,
                0.9998105936983179,
                0.00018940628099922916
            ],
            [
                0.0,
                0.0,
                1.1399896374068916e-12,
                1.8243464443422995e-06,
                0.9999981756524157
            ]
        ],
        [
            [
                0.9999923875028984,
                7.6124856628632175e-06,
                1.9478509720362403e-12,
                8.127850463223272e-12,
                1.3628570893348347e-12
            ],
            [
                2.1403134135130574e-07,
                0.999999785945635,
                2.7839693642557853e-12,
                1.9849216640352324e-11,
                3.9046807546845287e-13
            ],
            [
                8.28253640902055e-11,
                0.9999995555072355,
                4.3720767791749976e-07,
                7.194133263015365e-09,
                8.127943605173455e-12
            ],
            [
                0.0,
                0.0,
                2.73200688304188e-13,
                7.330993137518102e-08,
                0.9999999266897954
            ],
            [
                0.0,
                0.0,
                4.668087970709635e-13,
                5.129291276235213e-08,
                0.9999999487066205
            ]
        ],
        [
            [
                0.9999351167606323,
                6.488322247596451e-05,
                3.3280369454297276e-12,
                1.1615990314653467e-11,
                1.947739420354956e-12
            ],
            [
                3.059023363118366e-07,
                0.9999996940569494,
                6.798720028847454e-12,
                3.391569089337163e-11,
                0.0
            ],
            [
                0.0,
                1.0880043248826513e-05,
                0.9999890946052384,
                2.5109702758000248e-08,
                2.418101747726164e-10
            ],
            [
                0.0,
                6.547243522101974e-14,
                4.668070587841613e-13,
                4.3720601329132753e-07,
                0.9999995627934545
            ],
            [
                0.0,
                0.0,
                9.357587108004984e-14,
                1.7568694604197275e-08,
                0.9999999824312119
            ]
        ],
        [
            [
                0.99986747006636,
                0.0001325298939022715,
                5.6861365861716335e-12,
                2.8365523218461038e-11,
                5.6861365861716335e-12
            ],
            [
                6.248726343543474e-07,
                0.9999993751162856,
                1.362867424817853e-12,
                9.717007347356419e-12,
                0.0
            ],
            [
                9.90186168723011e-11,
                0.999999961542949,
                3.58882233249402e-08,
                2.4641220856478864e-09,
                5.686895424120036e-12
            ],
            [
                0.0,
                2.3080940035315836e-11,
                6.738600642413998e-11,
                0.9726532564034293,
                0.027346743506103804
            ],
            [
                0.0,
                0.0,
                2.2852298187216566e-13,
                2.5109990926914217e-08,
                0.9999999748897805
            ]
        ],
        [
            [
                0.9997293157472862,
                0.00027068421704711453,
                3.977884927791912e-12,
                2.8361626645716006e-11,
                3.327364200420978e-12
            ],
            [
                8.930934442466437e-07,
                0.9999991068771155,
                4.756874576316035e-12,
                2.3729861954062928e-11,
                9.53560361143509e-13
            ],
            [
                2.022674654612348e-10,
                0.999999998383819,
                7.05982823596277e-10,
                7.05982823596277e-10,
                1.947865796954204e-12
            ],
            [
                0.0,
                1.3755472517206492e-11,
                9.807374892295211e-11,
                0.009538295380188529,
                0.9904617045079823
            ],
            [
                0.0,
                1.1187075648947266e-13,
                6.671783762726599e-13,
                1.8243464443438098e-06,
                0.9999981756527766
            ]
        ],
        [
            [
                0.9992101365281462,
                0.0007898634192421692,
                8.121496866749297e-12,
                4.051441685426339e-11,
                3.975806720947249e-12
            ],
            [
                8.930934442552052e-07,
                0.9999991068871686,
                2.7839691331514027e-12,
                1.6603092009218073e-11,
                0.0
            ],
            [
                4.8473594487858726e-11,
                0.9999973749466766,
                2.6074279935778366e-06,
                1.7568728379496263e-08,
                8.127927819567894e-12
            ],
            [
                0.0,
                1.349867524143708e-12,
                1.3755418909351666e-11,
                0.00953825820752482,
                0.9904617417773699
            ],
            [
                0.0,
                0.0,
                2.2852298063061153e-13,
                1.497523331090087e-07,
                0.9999998502474384
            ]
        ],
        [
            [
                0.9999973925610632,
                2.607428039506202e-06,
                1.1399896959729771e-12,
                8.127896957211297e-12,
                1.6293135825872387e-12
            ],
            [
                7.330965171876935e-08,
                0.9999999266671709,
                3.328253038944355e-12,
                1.9849217067326632e-11,
                0.0
            ],
            [
                1.028214886669825e-08,
                0.999999913652704,
                1.4695666788066941e-08,
                6.132100649666255e-08,
                4.8473688655645084e-11
            ],
            [
                0.0,
                5.577643236660125e-13,
                4.754262802767514e-12,
                0.0005527785567182047,
                0.9994472214379697
            ],
            [
                0.0,
                0.0,
                4.668070617101832e-13,
                7.330965172050554e-08,
                0.9999999266898815
            ]
        ],
        [
            [
                0.9999997859651047,
                2.1403134135547287e-07,
                6.671822343345395e-13,
                2.328694812953216e-12,
                5.580729089770996e-13
            ],
            [
                4.21037887171291e-09,
                0.9999999957808745,
                1.9478732224157396e-12,
                6.798745583887279e-12,
                0.0
            ],
            [
                3.456076315130798e-10,
                0.9999992979242428,
                5.226845317242121e-07,
                1.7902901469157136e-07,
                1.6603124869708087e-11
            ],
            [
                0.0,
                1.1893656092708457e-11,
                4.962916996079472e-11,
                0.14359910277539276,
                0.8564008971630844
            ],
            [
                0.0,
                0.0,
                4.668070260264639e-13,
                1.4975176185030825e-07,
                0.9999998502477714
            ]
        ],
        [
            [
                0.999994673757519,
                5.3262342112322484e-06,
                1.6293074047521566e-12,
                5.68684162571712e-12,
                9.53554997179346e-13
            ],
            [
                6.248726343523841e-07,
                0.9999993751134203,
                2.3286858057612526e-12,
                1.1616743687174528e-11,
                0.0
            ],
            [
                2.8876265060319097e-10,
                0.9988705820301326,
                0.0011285254739082393,
                8.920889526686032e-07,
                1.1824378579665742e-10
            ],
            [
                0.0,
                1.6284219897379258e-12,
                1.3880264892186356e-11,
                0.0005527785567125683,
                0.9994472214277788
            ],
            [
                0.0,
                0.0,
                6.547243182146443e-14,
                1.2292373389750893e-08,
                0.999999987707561
            ]
