{
    "[['A', 'B', 'C', 'D', 'E'], ['A', 'B', 'C', 'D', 'E']]": [
        [
            [
                0.9999999949647584,
                5.033534543137536e-09,
                1.1187097335353208e-13,
                7.976205537214815e-13,
                7.976205537214815e-13
            ],
            [
                0.0,
                2.7839692928049006e-12,
                2.890889165249779e-10,
                0.9999999986991075,
                1.0090194638732306e-09
            ],
            [
                0.0,
                1.3628726623721698e-12,
                0.9999999994978799,
                4.93958409192346e-10,
                6.798719674054091e-12
            ],
            [
                0.0,
                6.640514953061822e-13,
                1.1562232969724063e-11,
                0.9953077657410528,
                0.004692234246720799
            ],
            [
                0.0,
                0.0,
                2.2852036507509456e-13,
                1.0880043524648569e-05,
                0.9999891199562468
            ]
        ],
        [
            [
                0.9999999266832893,
                7.330993137471226e-08,
                6.671822486848963e-13,
                3.3282657353045208e-12,
                2.7839694241901106e-12
            ],
            [
                0.0,
                0.0,
                1.1399831749042241e-12,
                0.9999923875131971,
                7.612485662939129e-06
            ],
            [
                0.0,
                1.9115090552076102e-13,
                2.8369309753654292e-11,
                0.9999999982473553,
                1.7240842526475498e-09
            ],
            [
                0.0,
                0.0,
                1.3755472518544677e-11,
                0.9904617046051282,
                0.009538295381116451
            ],
            [
                0.0,
                0.0,
                3.205169194489532e-14,
                1.4975233310901385e-07,
                0.9999998502476348
            ]
        ],
        [
            [
                0.9999999939806634,
                6.017622348172498e-09,
                9.357622912513493e-14,
                9.535604113375728e-13,
                6.671822140501811e-13
            ],
            [
                0.0,
                0.0,
                2.328254977465308e-12,
                0.999810593716669,
                0.0001894062810026438
            ],
            [
                0.0,
                4.668088209344893e-13,
                0.9999999998270153,
                1.691897922322458e-10,
                3.3282655819860494e-12
            ],
            [
                0.0,
                0.0,
                8.1257110837877e-12,
                0.9997293157748198,
                0.0002706842170544184
            ],
            [
                0.0,
                0.0,
                1.1398396930252936e-12,
                0.00013252989390732502,
                0.9998674701049528
            ]
        ],
        [
            [
                0.9999999939767521,
                6.017645303600262e-09,
                3.2661313231147286e-13,
                1.947865788369829e-12,
                3.32826556251482e-12
            ],
            [
                0.0,
                0.0,
                7.976114042239794e-13,
                0.9999891199556779,
                1.0880043524639843e-05
            ],
            [
                0.0,
                1.598905609562518e-13,
                9.717007593254825e-12,
                0.9999999964682991,
                3.5218239718153387e-09
            ],
            [
                0.0,
                0.0,
                2.3286591001386547e-12,
                0.9999844498699116,
                1.5550127759708007e-05
            ],
            [
                0.0,
                0.0,
                4.667652014283578e-13,
                9.273118923096319e-05,
                0.9999072688103022
            ]
        ],
        [
            [
                0.9999999824266338,
                1.7568761623501677e-08,
                1.9115090249661576e-13,
                1.629322852278921e-12,
                2.7839692475028333e-12
            ],
            [
                0.0,
                1.1399918523037926e-12,
                5.795082022382312e-11,
                0.999999999350379,
                5.90530399510783e-10
            ],
            [
                0.0,
                1.3628726623721698e-12,
                0.9999999994978799,
                4.93958409192346e-10,
                6.798719674054091e-12
            ],
            [
                0.0,
                0.0,
                3.3282654808961767e-12,
                0.99999985024491,
                1.497517618498893e-07
            ],
            [
                0.0,
                0.0,
                2.731954504832136e-13,
                1.555006844175045e-05,
                0.999984449931285
            ]
        ],
        [
            [
                0.9999999748796089,
                2.510999092666701e-08,
                2.732006689016463e-13,
                3.328265498954455e-12,
                6.798719506681367e-12
            ],
            [
                0.0,
                0.0,
                7.976190075182797e-13,
                0.9999981756527581,
                1.8243464443432774e-06
            ],
            [
                0.0,
                3.9046806529095716e-13,
                1.2062937463830472e-09,
                0.9999999982993593,
                4.939565243021302e-10
            ],
            [
                0.0,
                0.0,
                1.947865877290693e-12,
                0.999999562790371,
                4.3720768110157327e-07
            ],
            [
                0.0,
                0.0,
                6.547243357119204e-14,
                1.0477714280354388e-07,
                0.9999998952227916
            ]
        ],
        [
            [
                0.999999996473629,
                3.52182397183411e-09,
                1.337429659658889e-13,
                1.6293228751660117e-12,
                2.783969286609237e-12
            ],
            [
                0.0,
                0.0,
                1.9478657981328186e-12,
                0.9999999989890327,
                1.0090194641656358e-09
            ],
            [
                0.0,
                4.668088209341855e-13,
                0.9999999998263644,
                1.6918979223213567e-10,
                3.97896253514635e-12
            ],
            [
                0.0,
                0.0,
                2.328685800375277e-12,
                0.9999962733588313,
                3.7266388399535084e-06
            ],
            [
                0.0,
                0.0,
                9.357586986602677e-14,
                1.497517618503884e-07,
                0.9999998502481445
            ]
        ],
        [
            [
                0.999999895218607,
                1.0477754249697655e-07,
                2.7320067970626765e-13,
                1.9478658282059314e-12,
                1.6293229044193251e-12
            ],
            [
                0.0,
                0.0,
                9.535622690833038e-13,
                0.999998723548459,
                1.2764505874363922e-06
            ],
            [
                0.0,
                4.580941284794931e-14,
                0.9999999999897704,
                9.717007627472989e-12,
                4.668088210104648e-13
            ],
            [
                0.0,
                0.0,
                9.535494540428248e-13,
                0.9999844498712867,
                1.555012775973058e-05
            ],
            [
                0.0,
                0.0,
                5.579984070647946e-13,
                0.00013252938841399359,
                0.999867470611028
            ]
        ],
        [
            [
                0.9999999748881645,
                2.510999092688184e-08,
                9.357622733853086e-14,
                9.535603931317215e-13,
                7.976205377079775e-13
            ],
            [
                0.0,
                0.0,
                1.629170633591333e-12,
                0.9999072688091399,
                9.273118923082695e-05
            ],
            [
                0.0,
                1.139991849012373e-12,
                0.9999999964631481,
                3.5218239717971978e-09,
                1.388794381584442e-11
            ],
            [
                0.0,
                2.285221276858918e-13,
                2.7839694404204843e-12,
                0.9999996940946512,
                3.0590233632386814e-07
            ],
            [
                0.0,
                0.0,
                1.9115054416371964e-13,
                2.607437986075523e-06,
                0.9999973925618227
            ]
        ],
        [
            [
                0.9999999789928673,
                2.1003645591208285e-08,
                2.2852211106555505e-13,
                1.6293228466842067e-12,
                1.6293228466842067e-12
            ],
            [
                0.0,
                0.0,
                9.535604308380245e-13,
                0.9999998952219036,
                1.0477714280343854e-07
            ],
            [
                0.0,
                3.9046806562307093e-13,
                0.9999999991499122,
                8.440101471203003e-10,
                5.6868956379869115e-12
            ],
            [
                0.0,
                1.3256032046865177e-12,
                3.943777851897475e-11,
                0.972653158056601,
                0.02734684190263559
            ],
            [
                0.0,
                0.0,
                9.357587643258918e-14,
                4.3720601329143574e-07,
                0.9999995627938931
            ]
        ],
        [
            [
                0.9999998502466149,
                1.4975176185019353e-07,
                1.1187097049983212e-13,
                9.535603879517366e-13,
                5.580728783233934e-13
            ],
            [
                0.0,
                0.0,
                2.783969336595724e-12,
                0.9999998952196735,
                1.0477754249706435e-07
            ],
            [
                0.0,
                1.1187140066654805e-13,
                0.9999999999553624,
                4.0546575357366315e-11,
                3.978962535659629e-12
            ],
            [
                0.0,
                0.0,
                2.3286946890319895e-12,
                0.9999993751226531,
                6.248750180628757e-07
            ],
            [
                0.0,
                0.0,
                4.580941169812936e-14,
                2.510999092692015e-08,
                0.9999999748899633
            ]
        ],
        [
            [
                0.9999999997487279,
                2.4181295589344217e-10,
                1.9115017662630284e-13,
                1.1399918527579071e-12,
                8.127912334653508e-12
            ],
            [
                0.0,
                0.0,
                7.976205333755386e-13,
                0.9999998502474405,
                1.4975176185027627e-07
            ],
            [
                0.0,
                1.3374296836547708e-13,
                0.9999998952061202,
                1.0477714280182571e-07,
                1.6603124890219598e-11
            ],
            [
                0.0,
                3.2661314224274506e-13,
                3.3282656637168475e-12,
                0.9999997859650038,
                2.1403134135545127e-07
            ],
            [
                0.0,
                0.0,
                7.827330172127333e-14,
                1.4975233310905366e-07,
                0.9999998502475886
            ]
        ],
        [
            [
                0.9999999748873942,
                2.51099909268625e-08,
                1.1187097110745779e-13,
                1.3628674298946373e-12,
                1.1399918244161893e-12
            ],
            [
                0.0,
                0.0,
                1.3628283985907975e-12,
                0.999968235933293,
                3.1764065344356055e-05
            ],
            [
                0.0,
                9.189249752846001e-12,
                0.945686754349052,
                0.054313237508251615,
                8.133507135436671e-09
            ],
            [
                0.0,
                0.0,
                1.3628674248280682e-12,
                0.9999993751236189,
                6.248750180635072e-07
            ],
            [
                0.0,
                0.0,
                7.827329952265172e-14,
                8.93096851157198e-07,
                0.9999991069030706
            ]
        ],
        [
            [
                0.999999999407849,
                5.905303995446419e-10,
                0.0,
                9.53564054063846e-13,
                6.671822176710135e-13
            ],
            [
                0.0,
                0.0,
                1.6293198300091686e-12,
                0.9999987235477832,
                1.2764505874355295e-06
            ],
            [
                0.0,
                1.911509058524637e-13,
                0.9999999999826477,
                1.6603124650590502e-11,
                5.580728953595395e-13
            ],
            [
                0.0,
                1.6681551953069561e-12,
                4.151278000929128e-11,
                0.8564013608059745,
                0.1435986391508445
            ],
            [
                0.0,
                0.0,
                1.3374220581824096e-13,
                1.2764445008693292e-06,
                0.9999987235553653
            ]
        ],
        [
            [
                0.9999999975341707,
                2.464122174334654e-09,
                1.1187097364097473e-13,
                7.976205557708975e-13,
                7.976205557708975e-13
            ],
            [
                0.0,
                0.0,
                1.6293166147920042e-12,
                0.9999962733595308,
                3.726638839956552e-06
            ],
            [
                0.0,
                6.5360701964526866e-12,
                0.03863175289074422,
                0.961368243054997,
                4.0477227008636545e-09
            ],
            [
                0.0,
                1.9115089605052515e-13,
                2.7839691536203682e-12,
                0.999999948704112,
                5.129291276223166e-08
            ],
            [
                0.0,
                0.0,
                1.9114396834659857e-13,
                3.176406534439084e-05,
                0.9999682359344644
            ]
        ],
        [
            [
                0.999999974887559,
                2.5109990926866638e-08,
                1.3374296307890386e-13,
                1.3628674298948618e-12,
                9.535640306823062e-13
            ],
            [
                0.0,
                0.0,
                1.1399918121305131e-12,
                0.9999999641106367,
                3.5888223417081755e-08
            ],
            [
                0.0,
                1.1187097352229491e-13,
                4.756874838568355e-12,
                0.9999999964733073,
                3.5218239718329767e-09
            ],
            [
                0.0,
                0.0,
                1.3628674973542026e-12,
                0.9999997859672958,
                2.1403134135589292e-07
            ],
            [
                0.0,
                0.0,
                1.1381538618107576e-12,
                0.0016121551713872276,
                0.9983878448274747
            ]
        ],
        [
            [
                0.9999962733526779,
                3.7266388399320323e-06,
                4.668052450147561e-13,
                5.686852078216972e-12,
                2.328676917147445e-12
            ],
            [
                0.0,
                0.0,
                1.1399831749042241e-12,
                0.9999923875131971,
                7.612485662939129e-06
            ],
            [
                0.0,
                6.547268238193961e-14,
                0.999999999964071,
                3.391568913928172e-11,
                1.947865800032323e-12
            ],
            [
                0.0,
                0.0,
                9.341618580633838e-12,
                0.03863160680619184,
                0.9613683931844665
            ],
            [
                0.0,
                0.0,
                3.2659194325269394e-13,
                6.488322247703325e-05,
                0.9999351167771965
            ]
        ],
        [
            [
                0.9999999996511697,
                3.4560894522839037e-10,
                1.3374296639086263e-13,
                1.1399918526466917e-12,
                1.947865799422833e-12
            ],
            [
                0.0,
                0.0,
                9.535604608443365e-13,
                0.9999999266893947,
                7.330965172048173e-08
            ],
            [
                0.0,
                9.535641032781373e-13,
                3.0590233610853616e-07,
                0.9999996933907275,
                7.059828607555335e-10
            ],
            [
                0.0,
                9.16725783483369e-13,
                1.908239739584817e-11,
                0.9613682469334062,
                0.03863175304659475
            ],
            [
                0.0,
                0.0,
                2.2852168871641764e-13,
                5.326254529176197e-06,
                0.9999946737452423
            ]
        ],
        [
            [
                0.9999999985566688,
                1.4421317969503776e-09,
                6.547268228979321e-14,
                4.668088203414804e-13,
                6.671796720098856e-13
            ],
            [
                0.0,
                0.0,
                6.671796525949348e-13,
                0.999999850247571,
                1.497517618503025e-07
            ],
            [
                0.0,
                0.0,
                4.756874821099536e-12,
                0.9999999928011101,
                7.194132978534651e-09
            ],
            [
                0.0,
                0.0,
                1.362867497354069e-12,
                0.9999997859672958,
                2.140313413558719e-07
            ],
            [
                0.0,
                0.0,
                1.337422031859761e-13,
                2.6074280395335545e-06,
                0.9999973925718267
            ]
        ],
        [
            [
                0.9999546021227229,
                4.5397852513409414e-05,
                1.3628051068607684e-12,
                1.6602364983947162e-11,
                6.798408605749514e-12
            ],
            [
                0.0,
                0.0,
                6.671822525758753e-13,
                0.9999996940969965,
                3.059023363244857e-07
            ],
            [
                0.0,
                9.535604163955169e-13,
                0.9999999992849358,
                7.0598282423245e-10,
                8.127943336467928e-12
            ],
            [
                0.0,
                2.2457716265597397e-12,
                4.674748509494996e-11,
                0.8066789700980794,
                0.19332102985292746
            ],
            [
                0.0,
                0.0,
                1.3374296258185868e-13,
                6.248750180643346e-07,
                0.9999993751248483
            ]
        ],
        [
            [
                0.9999997859653796,
                2.1403134135553172e-07,
                1.9115091051679755e-13,
                1.9478658475989983e-12,
                1.1399918808418764e-12
            ],
            [
                0.0,
                0.0,
                1.3855955799903308e-11,
                0.9976974433827778,
                0.002302556603366277
            ],
            [
                0.0,
                1.13999185138796e-12,
                0.9999999985470112,
                1.4421317969364502e-09,
                9.717007613453687e-12
            ],
            [
                0.0,
                5.571731264927021e-13,
                9.70134110603236e-12,
                0.9983878509583264,
                0.0016121490314150982
            ],
            [
                0.0,
                0.0,
                3.2660252627717755e-13,
                3.176406534439411e-05,
                0.999968235934329
            ]
        ],
        [
            [
                0.9999998952165629,
                1.0477754249676237e-07,
                3.266131389904205e-13,
                2.7839693365877e-12,
                2.7839693365877e-12
            ],
            [
                0.0,
                0.0,
                3.327808650530683e-12,
                0.9998674706082586,
                0.00013252938841358715
            ],
            [
                0.0,
                3.266131342671156e-13,
                0.9999999999643947,
                3.39156891392927e-11,
                1.36287266300797e-12
            ],
            [
                0.0,
                0.0,
                6.796087414632335e-12,
                0.9996131719013059,
                0.000386828091897998
            ],
            [
                0.0,
                0.0,
                1.1187119119285736e-13,
                1.2764505874377407e-06,
                0.9999987235493006
            ]
        ],
        [
            [
                0.9999999877062838,
                1.2292373389739994e-08,
                7.827300456133447e-14,
                7.97620547931973e-13,
                4.66808815276425e-13
            ],
            [
                0.013576880000137147,
                0.9864231197981034,
                1.1459024496091593e-11,
                1.6689271712508022e-10,
                2.3407685049347273e-11
            ],
            [
                0.0,
                2.285221156667393e-13,
                0.999999999127392,
                8.44010147101293e-10,
                2.8369309778620325e-11
            ],
            [
                0.0,
                0.0,
                3.9744569533257615e-12,
                0.9988714776817089,
                0.0011285223143167255
            ],
            [
                0.0,
                0.0,
                1.118711832426443e-13,
                1.824353403674878e-06,
                0.9999981756464845
            ]
        ],
        [
            [
                0.9999999266745839,
                7.330993137407408e-08,
                5.580729209757765e-13,
                6.798719989419543e-12,
                8.127943715221557e-12
            ],
            [
                0.0,
                0.0,
                1.1399548274798654e-12,
                0.9999682359335158,
                3.176406534436828e-05
            ],
            [
                0.0,
                7.827300550731722e-14,
                0.9999999997919671,
                2.0226746574605732e-10,
                5.68689564163821e-12
            ],
            [
                0.0,
                2.731996250772492e-13,
                3.328252782570042e-12,
                0.9999962733575587,
                3.726638839950221e-06
            ],
            [
                0.0,
                0.0,
                1.9115017071703254e-13,
                3.7266530559354635e-06,
                0.9999962733467529
            ]
        ],
        [
            [
                0.9999891199770417,
                1.0880002020882718e-05,
                1.3628518238478293e-12,
                1.3887784486869854e-11,
                5.686830379986247e-12
            ],
            [
                0.0,
                0.0,
                1.938725526852362e-12,
                0.004692234246768548,
                0.9953077657512927
            ],
            [
                0.0,
                1.9115091462565618e-13,
                0.9999999266700282,
                7.330993137374009e-08,
                1.98492170674104e-11
            ],
            [
                0.0,
                0.0,
                1.629170633591333e-12,
                0.9999072688091399,
                9.273118923082695e-05
            ],
            [
                0.0,
                0.0,
                1.598902589806955e-13,
                2.607428039533995e-06,
                0.9999973925718006
            ]
        ],
        [
            [
                0.9992101335386855,
                0.0007898664299746006,
                1.9463283177437173e-12,
                2.3711132976458985e-11,
                5.68240688300757e-12
            ],
            [
                0.0,
                0.0,
                2.3284771580860473e-12,
                0.9999072688084407,
                9.273118923076917e-05
            ],
            [
                0.0,
                7.82730066521556e-14,
                0.999999895208891,
                1.0477714280211603e-07,
                1.3887944065203026e-11
            ],
            [
                0.0,
                0.0,
                3.3282656637168475e-12,
                0.9999997859653305,
                2.1403134135545127e-07
            ],
            [
                0.0,
                0.0,
                1.9114981498549684e-13,
                2.6074280395330992e-06,
                0.9999973925717693
            ]
        ],
        [
            [
                0.9999999939805146,
                6.017622348171603e-09,
                1.1187097324342377e-13,
                7.976205529364285e-13,
                9.535604113374308e-13
            ],
            [
                0.0,
                0.0,
                5.580686470630864e-13,
                0.999992387513779,
                7.612485662943965e-06
            ],
            [
                0.0,
                1.9115090562136575e-13,
                1.9849216132399887e-11,
                0.9999999987736659,
                1.2062937469552002e-09
            ],
            [
                0.0,
                6.627165683963445e-13,
                1.37949877125729e-11,
                0.9933071488848968,
                0.006692851100645424
            ],
            [
                0.0,
                0.0,
                2.3210366821444503e-12,
                0.003287670484791661,
                0.9967123295128872
            ]
        ],
        [
            [
                0.9999997859639187,
                2.1403134135521903e-07,
                3.2661314224239064e-13,
                2.7839693643066868e-12,
                1.6293229206385796e-12
            ],
            [
                0.0,
                0.0,
                1.947345693220654e-12,
                0.9997293147486956,
                0.00027068524935694406
            ],
            [
                0.0,
                2.7319963358295576e-13,
                0.9999999999790801,
                1.9849216156326413e-11,
                7.976205577210075e-13
            ],
            [
                0.0,
                0.0,
                9.535421802130673e-13,
                0.9999777753549517,
                2.2224644094741958e-05
            ],
            [
                0.0,
                0.0,
                4.580923991517702e-14,
                4.37206013291506e-07,
                0.9999995627939409
            ]
        ],
        [
            [
                0.9999998502438628,
                1.4975176184978142e-07,
                2.2852210888552004e-13,
                2.783969211385069e-12,
                1.3628674224884906e-12
            ],
            [
                0.0,
                0.0,
                2.3286191226804314e-12,
                0.9999682358111603,
                3.176418651100081e-05
            ],
            [
                0.0,
                9.535640543427874e-13,
                0.9999999997002404,
                2.890889168143943e-10,
                9.717007624659624e-12
            ],
            [
                0.0,
                0.0,
                3.3282653874063845e-12,
                0.9999991068998207,
                8.930968511540411e-07
            ],
            [
                0.0,
                0.0,
                1.1187075648953855e-13,
                1.824346444344884e-06,
                0.9999981756534437
            ]
        ],
        [
            [
                0.9999999897157804,
                1.0282148423062365e-08,
                1.3374296506207417e-13,
                1.139991841320429e-12,
                7.976205495347888e-13
            ],
            [
                0.0,
                0.0,
                2.328685800375426e-12,
                0.9999962733588315,
                3.726638839953747e-06
            ],
            [
                0.0,
                1.1187097380340479e-13,
                0.9999999989861117,
                1.0090194641628234e-09,
                4.756874850521451e-12
            ],
            [
                0.0,
                0.0,
                8.0175905467269e-12,
                0.013576931091372384,
                0.9864230689006099
            ],
            [
                0.0,
                0.0,
                7.827330172126156e-14,
                1.4975233310903116e-07,
                0.9999998502475885
            ]
        ],
        [
            [
                0.9953077500748725,
                0.004692249834912261,
                4.734571418941593e-12,
                6.895547474944624e-11,
                1.6525278008702904e-11
            ],
            [
                0.0,
                0.0,
                2.328694672592373e-12,
                0.9999999641094479,
                3.5888223417039085e-08
            ],
            [
                0.0,
                3.2661313346928433e-13,
                1.3887943830544889e-11,
                0.9999999975216538,
                2.46413157420186e-09
            ],
            [
                0.0,
                0.0,
                1.1399917862028175e-12,
                0.9999991069020089,
                8.930968511562021e-07
            ],
            [
                0.0,
                0.0,
                1.337424484084145e-13,
                8.930934442727337e-07,
                0.9999991069064221
            ]
        ],
        [
            [
                0.9999999999151252,
                8.282536140423835e-11,
                1.1187097390733444e-13,
                7.976205576699959e-13,
                1.1399918529475989e-12
            ],
            [
                0.0,
                0.0,
                2.328659100138981e-12,
                0.9999844498699115,
                1.5550127759710185e-05
            ],
            [
                0.0,
                1.3628701094381173e-12,
                1.2764505858965151e-06,
                0.9999987223417598,
                1.206291488198498e-09
            ],
            [
                0.0,
                1.095951499085491e-12,
                1.908239795272165e-11,
                0.03863160680580282,
                0.9613683931740188
            ],
            [
                0.0,
                0.0,
                1.9115017071703254e-13,
                3.7266530559354635e-06,
                0.9999962733467529
            ]
        ],
        [
            [
                0.9999973925540062,
                2.6074379860553855e-06,
                4.668079377249782e-13,
                4.756884000478485e-12,
                2.7839640286319833e-12
            ],
            [
                0.0,
                0.0,
                2.328659100138981e-12,
                0.9999844498699115,
                1.5550127759710185e-05
            ],
            [
                0.0,
                1.3628726624822636e-12,
                0.9999999995786606,
                4.1317767795315307e-10,
                6.798719674603296e-12
            ],
            [
                0.0,
                1.1346424921831042e-12,
                1.6525215229908008e-11,
                0.9953077657356448,
                0.004692234246695304
            ],
            [
                0.0,
                0.0,
                7.827300313291805e-14,
                1.4975176185037598e-07,
                0.9999998502481598
            ]
        ],
        [
            [
                0.9999995627843876,
                4.37207681099128e-07,
                3.9046957094632235e-13,
                4.756893189892048e-12,
                2.783969406731765e-12
            ],
            [
                0.0,
                0.0,
                4.668088395143139e-13,
                0.9999995627918521,
                4.372076811022916e-07
            ],
            [
                0.0,
                3.904680657216126e-13,
                0.9999999994022803,
                5.905303995414323e-10,
                6.798719673404136e-12
            ],
            [
                0.0,
                0.0,
                1.947865900852399e-12,
                0.9999996940957158,
                3.059023363241102e-07
            ],
            [
                0.0,
                0.0,
                9.357586986603564e-14,
                1.4975176185040259e-07,
                0.9999998502481446
            ]
        ],
        [
            [
                0.999997392548462,
                2.6074379860409296e-06,
                6.67180955627986e-13,
                8.127927962634311e-12,
                4.7568840004521125e-12
            ],
            [
                0.0,
                0.0,
                7.976205692482236e-13,
                0.9999998952220596,
                1.0477714280346717e-07
            ],
            [
                0.0,
                3.2661313423165466e-13,
                0.9999999998558231,
                1.4152145373369243e-10,
                2.3286947558353018e-12
            ],
            [
                0.0,
                0.0,
                6.796878404977687e-12,
                0.9997293157761484,
                0.00027068421705477816
            ],
            [
                0.0,
                0.0,
                7.827300862562687e-14,
                4.372060132914261e-07,
                0.9999995627939084
            ]
        ],
        [
            [
                0.9999999994047786,
                5.905303995427947e-10,
                0.0,
                1.362872662245024e-12,
                3.328265580580097e-12
            ],
            [
                0.0,
                0.0,
                6.671796612507285e-13,
                0.9999999824305711,
                1.7568761623566836e-08
            ],
            [
                0.0,
                3.207363320113224e-11,
                0.05431323757925254,
                0.9456867555853001,
                6.803373590605627e-09
            ],
            [
                0.0,
                0.0,
                1.629313620055592e-12,
                0.9999946737438414,
                5.326254529167154e-06
            ],
            [
                0.0,
                0.0,
                4.5809237536592567e-14,
                1.2292326498159435e-08,
                0.9999999877076277
            ]
        ],
        [
            [
                0.9999998502418975,
                1.497517618494871e-07,
                2.285221088850709e-13,
                3.3282654808872376e-12,
                2.783969211379598e-12
            ],
            [
                0.0,
                7.976205568860171e-13,
                5.7950820199590946e-11,
                0.9999999989322284,
                1.0090233132195865e-09
            ],
            [
                0.0,
                2.1238230534193535e-11,
                0.10500062477716562,
                0.8949993594775522,
                1.5724044031637617e-08
            ],
            [
                0.0,
                1.743340151556401e-12,
                3.62891903682721e-11,
                0.10500062642643668,
                0.8949993735355307
            ],
            [
                0.0,
                0.0,
                1.9114797903087815e-13,
                1.555012775974602e-05,
                0.999984449872049
            ]
        ],
        [
            [
                0.9999999949642122,
                5.033534543134787e-09,
                1.5989056071576252e-13,
                9.53560412275446e-13,
                1.1399918473035983e-12
            ],
            [
                0.0,
                0.0,
                1.139985373481817e-12,
                0.9999946737443308,
                5.3262545291697605e-06
            ],
            [
                0.0,
                4.626792036797352e-12,
                0.9726532517249226,
                0.027346743374564716,
                4.895886136721456e-09
            ],
            [
                0.0,
                8.534399564204051e-13,
                1.4859855468747535e-11,
                0.8949993735555065,
                0.1050006264287802
            ],
            [
                0.0,
                0.0,
                1.1187097835038131e-13,
                4.3720601329146237e-07,
                0.9999995627938748
            ]
        ],
        [
            [
                0.9999891199419823,
                1.0880043524494387e-05,
                7.97611404213316e-13,
                9.71689611481694e-12,
                3.978916873109247e-12
            ],
            [
                0.0,
                0.0,
                4.668087936466443e-13,
                0.999999106906089,
                8.93093444272349e-07
            ],
            [
                0.0,
                5.933175875391797e-11,
                0.8564013517766286,
                0.14359863763683267,
                1.052720704247842e-08
            ],
            [
                0.0,
                3.90469561108459e-13,
                4.756893070042338e-12,
                0.9999998952173101,
                1.0477754249684067e-07
            ],
            [
                0.0,
                0.0,
                1.118713941122913e-13,
                8.930968511573534e-07,
                0.999999106903037
            ]
        ],
        [
            [
                0.9999999999497191,
                4.8473687060260725e-11,
                0.0,
                6.67179672939238e-13,
                1.139991852986929e-12
            ],
            [
                0.0,
                1.1616743976364135e-11,
                4.131776764965865e-10,
                0.9999999960533816,
                3.5218239703540724e-09
            ],
            [
                0.0,
                1.9115090489249233e-13,
                0.9999999949605873,
                5.033534543116541e-09,
                5.686895614162658e-12
            ],
            [
                0.0,
                0.0,
                2.328685800375426e-12,
