{
    "[['A', 'B', 'C', 'D', 'E'], ['A', 'B', 'C', 'D', 'E']]": [
        [
            [
                0.9726532564140674,
                0.027346743506402902,
                6.612800036232718e-12,
                6.738574936815284e-11,
                5.531359144155215e-12
            ],
            [
                3.17640653389098e-05,
                0.9999682357614484,
                2.8368280180826523e-11,
                1.415163174402075e-10,
                3.3281447880371095e-12
            ],
            [
                0.0,
                0.0,
                7.827300456138122e-14,
                1.2292373389747336e-08,
                0.9999999877075484
            ],
            [
                0.0,
                0.0,
                2.2425677092617014e-14,
                6.928057181898736e-11,
                0.999999999930697
            ],
            [
                0.0,
                0.0,
                2.2425591546632604e-14,
                2.3729772823360333e-11,
                0.9999999999762479
            ]
        ],
        [
            [
                0.9996131718753795,
                0.0003868280918881809,
                3.3269769766492926e-12,
                2.3720675845355033e-11,
                5.684693845168018e-12
            ],
            [
                1.0880043524276467e-05,
                0.9999891199219532,
                5.6868303796729656e-12,
                2.8368984235510592e-11,
                4.668034638898013e-13
            ],
            [
                0.0,
                0.0,
                4.580923575001643e-14,
                5.129271709581938e-08,
                0.9999999487072371
            ],
            [
                0.0,
                0.0,
                2.2425677093534475e-14,
                2.8369309802556916e-11,
                0.9999999999716083
            ],
            [
                0.0,
                0.0,
                3.2051692921988666e-14,
                5.795082025807669e-11,
                0.999999999942017
            ]
        ],
        [
            [
                0.9994472213804008,
                0.0005527785566863642,
                4.754262802493664e-12,
                4.84468848118509e-11,
                9.71163486367216e-12
            ],
            [
                0.0002706842039762125,
                0.9997287906476452,
                2.4634547121486714e-09,
                5.225434411773844e-07,
                1.4148257946394452e-10
            ],
            [
                0.0,
                0.0,
                5.476544086522072e-14,
                1.4975119059395306e-07,
                0.9999998502487546
            ],
            [
                0.0,
                0.0,
                1.5690561988890778e-14,
                2.3729772823360488e-11,
                0.9999999999762545
            ],
            [
                0.0,
                0.0,
                2.2425591545866895e-14,
                5.7950378130102414e-11,
                0.9999999999420273
            ]
        ],
        [
            [
                0.9976974345498831,
                0.0023025653665552284,
                4.745936420097045e-12,
                6.912099745062821e-11,
                9.694626383297691e-12
            ],
            [
                0.0016121490312471594,
                0.9983878508543236,
                1.1598014595502259e-11,
                9.885859797000359e-11,
                3.972547340060414e-12
            ],
            [
                0.0,
                0.0,
                5.4765440959183185e-14,
                6.248726343614465e-07,
                0.9999993751273107
            ],
            [
                0.0,
                0.0,
                3.2051692921630895e-14,
                6.928057181899197e-11,
                0.9999999999306874
            ],
            [
                0.0,
                0.0,
                2.6810038677436225e-14,
                1.3887943864766239e-11,
                0.9999999999860854
            ]
        ],
        [
            [
                0.3286523059863174,
                0.6713476938541608,
                1.5930990931938316e-11,
                1.3579181288623478e-10,
                7.798904989508574e-12
            ],
            [
                2.6074280394632122e-06,
                0.9999973925445759,
                3.328246588547314e-12,
                2.372981844440996e-11,
                3.266125162620627e-13
            ],
            [
                0.0,
                0.0,
                6.547268398097343e-14,
                2.1403134135617858e-07,
                0.9999997859685932
            ],
            [
                0.0,
                0.0,
                1.87581660086275e-14,
                4.847350214824993e-11,
                0.9999999999515077
            ],
            [
                0.0,
                0.0,
                1.8758237566211938e-14,
                9.717007627473253e-12,
                0.9999999999902642
            ]
        ],
        [
            [
                0.0011285266144059477,
                0.9988714733529797,
                3.3245094850137395e-12,
                2.833729376007949e-11,
                9.524879146636366e-13
            ],
            [
                0.0,
                1.3887943262054464e-11,
                4.939565036983138e-10,
                0.999999956587558,
                4.2904597556233864e-08
            ],
            [
                0.0,
                0.0,
                6.54724356314328e-14,
                7.330965172052936e-08,
                0.9999999266902828
            ],
            [
                0.0,
                0.0,
                2.2425677092314972e-14,
                8.282536140437389e-11,
                0.9999999999171523
            ],
            [
                0.0,
                0.0,
                2.680993640360014e-14,
                8.28250454512965e-11,
                0.999999999917148
            ]
        ],
        [
            [
                0.9996131718640905,
                0.00038682809188381233,
                3.3269769766117197e-12,
                3.3902557989231553e-11,
                6.79608741438311e-12
            ],
            [
                0.0,
                0.0,
                4.667785339357712e-13,
                6.488322247700487e-05,
                0.9999351167770562
            ],
            [
                0.0,
                1.971105797156357e-11,
                0.9930400742447875,
                0.006691051484817948,
                0.00026887425068346753
            ],
            [
                0.0,
                0.0,
                1.8758166008235e-14,
                6.928030753508911e-11,
                0.999999999930701
            ],
            [
                0.0,
                0.0,
                1.8758166009088014e-14,
                2.3729772823360417e-11,
                0.9999999999762514
            ]
        ],
        [
            [
                0.9988714733485358,
                0.001128526614400927,
                3.974472097465437e-12,
                2.8337293759953418e-11,
                4.751506507895044e-12
            ],
            [
                0.0,
                4.756874706676789e-12,
                7.059828026730446e-10,
                0.9999998495374987,
                1.4975176174400212e-07
            ],
            [
                0.0,
                0.0,
                5.476544537069958e-14,
                3.059011694025329e-07,
                0.9999996940987758
            ],
            [
                0.0,
                0.0,
                1.5690621842820177e-14,
                8.282536140436058e-11,
                0.9999999999171589
            ],
            [
                0.0,
                0.0,
                1.875816600916081e-14,
                1.9849140437731856e-11,
                0.9999999999801321
            ]
        ],
        [
            [
                0.9999981756404953,
                1.8243464443214045e-06,
                9.535585637688357e-13,
                8.127896539553807e-12,
                3.978939623977995e-12
            ],
            [
                0.00013252989371435823,
                0.9998674686486543,
                2.4178067970134183e-10,
                1.2061350375545197e-09,
                9.71571063918728e-12
            ],
            [
                0.0,
                0.0,
                2.731871335421161e-13,
                4.539767934364605e-05,
                0.9999546023203831
            ],
            [
                0.0,
                0.0,
                1.8758237565865688e-14,
                2.8369309802562515e-11,
                0.999999999971612
            ],
            [
                0.0,
                0.0,
                2.6810038676507262e-14,
                4.8473687060332626e-11,
                0.9999999999514995
            ]
        ],
        [
            [
                0.3286523059506268,
                0.6713476937812546,
                2.276922240177947e-11,
                2.3202379606957895e-10,
                1.332572707874449e-11
            ],
            [
                1.8243464413835095e-06,
                0.999998174030116,
                4.1317687442337715e-10,
                1.2062868003514982e-09,
                3.97895479604941e-12
            ],
            [
                0.0,
                0.0,
                5.476544086522072e-14,
                1.4975119059395306e-07,
                0.9999998502487546
            ],
            [
                0.0,
                0.0,
                2.2425677093081574e-14,
                4.847368706032472e-11,
                0.9999999999515039
            ],
            [
                0.0,
                0.0,
                1.8758166009090643e-14,
                2.3729772823363742e-11,
                0.9999999999762514
            ]
        ],
        [
            [
                0.0007898664299779025,
                0.9992101335428625,
                2.7817718639046343e-12,
                2.3711132976558105e-11,
                6.666556002238376e-13
            ],
            [
                1.2764505869788451e-06,
                0.9999987231896802,
                6.928044207136129e-11,
                2.890894782661902e-10,
                1.3628701105937242e-12
            ],
            [
                0.0,
                0.0,
                1.1187097664500508e-13,
                2.1403134135613967e-07,
                0.9999997859685468
            ],
            [
                0.0,
                0.0,
                1.8758166008775196e-14,
                4.0546420684903065e-11,
                0.9999999999594349
            ],
            [
                0.0,
                0.0,
                2.2425677093538817e-14,
                2.836930980256241e-11,
                0.9999999999716083
            ]
        ],
        [
            [
                0.9999072687330878,
                9.273118922381717e-05,
                8.127183849727108e-12,
                5.794540521186008e-11,
                1.1615702838904807e-11
            ],
            [
                9.273083551214812e-05,
                0.9999072690465488,
                1.660157322431304e-11,
                9.900899050782e-11,
                2.328468276222929e-12
            ],
            [
                0.0,
                0.0,
                7.963345664485586e-13,
                0.0016121551713875104,
                0.9983878448278162
            ],
            [
                0.0,
                0.0,
                3.2051692920057257e-14,
                1.18377386724947e-10,
                0.9999999998815905
            ],
            [
                0.0,
                0.0,
                3.205169292199403e-14,
                5.795082025808639e-11,
                0.999999999942017
            ]
        ],
        [
            [
                0.19332162240140313,
                0.8066783774313917,
                2.2884905731930287e-11,
                1.3648172879584419e-10,
                7.838498895273862e-12
            ],
            [
                0.0,
                0.0,
                9.714376005758003e-12,
                0.9997293157732317,
                0.00027068421705403375
            ],
            [
                0.0,
                0.0,
                3.8318003189427984e-14,
                7.330993137520165e-08,
                0.9999999266900303
            ],
            [
                0.0,
                0.0,
                1.8758166008233574e-14,
                6.928030753508382e-11,
                0.999999999930701
            ],
            [
                0.0,
                0.0,
                2.242559154640732e-14,
                3.391555976149832e-11,
                0.999999999966062
            ]
        ],
        [
            [
                0.9998105936620982,
                0.00018940628099236762,
                4.755994652312211e-12,
                4.0538918054367117e-11,
                1.1614594482098345e-11
            ],
            [
                0.00013252938838653573,
                0.9998674704037788,
                3.391116226575061e-11,
                1.691672097630322e-10,
                4.756239934538835e-12
            ],
            [
                0.0,
                0.0,
                2.681013998801986e-14,
                3.588836032009149e-08,
                0.9999999641116128
            ],
            [
                0.0,
                0.0,
                3.2051692921196757e-14,
                8.282536140437308e-11,
                0.9999999999171425
            ],
            [
                0.0,
                0.0,
                1.5690621843941956e-14,
                1.1616744022072687e-11,
                0.9999999999883675
            ]
        ],
        [
            [
                0.856400897043071,
                0.14359910275526921,
                1.4218941014905867e-11,
                1.7322216304168963e-10,
                1.4218941014905867e-11
            ],
            [
                2.2224644089660536e-05,
                0.9999777751259911,
                5.7949269817957053e-11,
                1.691859110700055e-10,
                2.7839054325382688e-12
            ],
            [
                0.0,
                0.0,
                7.827330172125807e-14,
                1.497523331090245e-07,
                0.9999998502475886
            ],
            [
                0.0,
                0.0,
                1.875823756509292e-14,
                6.928057181898129e-11,
                0.9999999999307008
            ],
            [
                0.0,
                0.0,
                1.875816600922433e-14,
                1.660306131482381e-11,
                0.9999999999833782
            ]
        ],
        [
            [
                0.9953077500958089,
                0.004692249835010962,
                4.734571419041185e-12,
                5.76788877189885e-11,
                6.766842696071268e-12
            ],
            [
                5.3262545290187455e-06,
                0.9999946737155876,
                5.6868633190992366e-12,
                2.3729728467937533e-11,
                4.668061677225614e-13
            ],
            [
                0.0,
                0.0,
                6.547243563142682e-14,
                7.330965172052268e-08,
                0.9999999266902828
            ],
            [
                0.0,
                0.0,
                1.875816600573899e-14,
                2.0226669415944858e-10,
                0.9999999997977145
            ],
            [
                0.0,
                0.0,
                1.0978291215824077e-14,
                1.38879438647672e-11,
                0.9999999999861011
            ]
        ],
        [
            [
                0.9988714733035771,
                0.0011285266143501325,
                4.751524633274635e-12,
                6.920238557609195e-11,
                8.118770591897564e-12
            ],
            [
                0.0,
                1.9849215989100064e-11,
                3.456089424300212e-10,
                0.9999996339263877,
                3.657081541208088e-07
            ],
            [
                0.0,
                0.0,
                4.5809411449231517e-14,
                1.4975233310898666e-07,
                0.9999998502476211
            ],
            [
                0.0,
                0.0,
                2.2425677093081574e-14,
                4.847368706032472e-11,
                0.9999999999515039
            ],
            [
                0.0,
                0.0,
                2.6810038676721504e-14,
                4.0546575357517864e-11,
                0.9999999999594267
            ]
        ],
        [
            [
                0.9807077985432773,
                0.019292201338692774,
                1.1392620506526844e-11,
                9.710786973111089e-11,
                9.529535999786043e-12
            ],
            [
                0.0,
                0.0,
                6.547230537708078e-14,
                1.824346444344613e-06,
                0.9999981756534901
            ],
            [
                0.0,
                0.0,
                4.5809412572729635e-14,
                6.017645303630892e-09,
                0.9999999939823088
            ],
            [
                0.0,
                0.0,
                1.8758166009002417e-14,
                2.8369201582437068e-11,
                0.999999999971612
            ],
            [
                0.0,
                0.0,
                1.8758166009003616e-14,
                2.836920158243888e-11,
                0.999999999971612
            ]
        ],
        [
            [
                0.9933071488297611,
                0.006692851100273923,
                6.753239579098332e-12,
                5.756293812598766e-11,
                5.6488315530250354e-12
            ],
            [
                0.0002706842170163044,
                0.9997293156334939,
                2.8361518451674552e-11,
                1.1834532700565402e-10,
                2.7832153237652625e-12
            ],
            [
                0.0,
                0.0,
                7.827300665321209e-14,
                1.0477714280353026e-07,
                0.9999998952227789
            ],
            [
                0.0,
                0.0,
                1.87581660084461e-14,
                5.79503781300982e-11,
                0.9999999999420308
            ],
            [
                0.0,
                0.0,
                2.2425677093800046e-14,
                1.6603187986611094e-11,
                0.9999999999833744
            ]
        ],
        [
            [
                0.19332162240323805,
                0.8066783774390484,
                1.339337985759669e-11,
                1.364817287971396e-10,
                7.838498895348261e-12
            ],
            [
                0.002302565365222599,
                0.9976974339724572,
                1.4119548642526082e-10,
                4.928206716698081e-10,
                2.8303966578781642e-11
            ],
            [
                0.0,
                0.0,
                4.580923729488821e-14,
                1.7568694604199836e-08,
                0.9999999824312596
            ],
            [
                0.0,
                0.0,
                2.2425591545309063e-14,
                8.282504545129686e-11,
                0.9999999999171525
            ],
            [
                0.0,
                0.0,
                2.2425591546856455e-14,
                1.3887890886565862e-11,
                0.9999999999860898
            ]
        ],
        [
            [
                0.9613683930642927,
                0.03863160680139359,
                1.1167964043060659e-11,
                1.13804211927632e-10,
                9.341618579473559e-12
            ],
            [
                3.0590233631569104e-07,
                0.9999996940679203,
                5.68687424306489e-12,
                2.3729864572741482e-11,
                3.266131511632721e-13
            ],
            [
                0.0,
                0.0,
                5.4765441162693976e-14,
                2.5109895140089956e-08,
                0.9999999748900501
            ],
            [
                0.0,
                0.0,
                2.2425591545311698e-14,
                8.282504545130659e-11,
                0.9999999999171525
            ],
            [
                0.0,
                0.0,
                1.5690561988891974e-14,
                2.3729772823362298e-11,
                0.9999999999762545
            ]
        ],
        [
            [
                0.9999923875313244,
                7.612456623806755e-06,
                1.139978826242856e-12,
                8.127850463454316e-12,
                2.783948103628506e-12
            ],
            [
                1.5550068437482913e-05,
                0.9999844496566908,
                6.92792467331252e-11,
                2.0226436870746245e-10,
                3.3282019246900268e-12
            ],
            [
                0.0,
                0.0,
                3.831785458615219e-14,
                1.7568694604197123e-08,
                0.9999999824312672
            ],
            [
                0.0,
                0.0,
                2.6809936403601854e-14,
                8.28250454513018e-11,
                0.999999999917148
            ],
            [
                0.0,
                0.0,
                2.681003867515011e-14,
                9.901862067041169e-11,
                0.9999999999009546
            ]
        ],
        [
            [
                0.9933071488391118,
                0.006692851100336927,
                5.648810004537032e-12,
                4.8149238208632085e-11,
                6.7532138176464846e-12
            ],
            [
                7.612485662003875e-06,
                0.9999923873900134,
                4.054626669509177e-11,
                8.282473089650522e-11,
                9.535567955451344e-13
            ],
            [
                0.0,
                0.0,
                6.547243563142682e-14,
                7.330965172052268e-08,
                0.9999999266902828
            ],
            [
                0.0,
                0.0,
                2.2425677092874233e-14,
                5.7950820258090664e-11,
                0.9999999999420268
            ],
            [
                0.0,
                0.0,
                2.2425591545866895e-14,
                5.7950378130102414e-11,
                0.9999999999420273
            ]
        ],
        [
            [
                0.9997293146996796,
                0.00027068524934377826,
                4.755604704290937e-12,
                4.053559423421266e-11,
                5.6853554754666835e-12
            ],
            [
                1.4974491474705934e-07,
                0.9999543645948771,
                8.763847223843815e-08,
                4.539785255385142e-05,
                1.691820512253702e-10
            ],
            [
                0.0,
                0.0,
                5.476544332821921e-14,
                1.0477714280351516e-07,
                0.9999998952228024
            ],
            [
                0.0,
                0.0,
                2.681003867514766e-14,
                9.901862067040266e-11,
                0.9999999999009546
            ],
            [
                0.0,
                0.0,
                2.242559154640732e-14,
                3.391555976149832e-11,
                0.999999999966062
            ]
        ],
        [
            [
                0.10500062640810019,
                0.8949993733792352,
                2.1238230864078857e-11,
                1.8102940889558092e-10,
                1.0397027112866911e-11
            ],
            [
                3.7266388396712236e-06,
                0.9999962732826932,
                1.9849139818257678e-11,
                5.7950597387289724e-11,
                6.671796521371904e-13
            ],
            [
                0.0,
                0.0,
                9.513677046723332e-13,
                0.002302565366744547,
                0.9976974346323041
            ],
            [
                0.0,
                0.0,
                2.2425677092869045e-14,
                5.7950820258077255e-11,
                0.9999999999420268
            ],
            [
                0.0,
                0.0,
                2.2425677093860937e-14,
                1.3887943864765409e-11,
                0.9999999999860896
            ]
        ],
        [
            [
                0.9998674700854471,
                0.00013252989390480146,
                2.7835977070327225e-12,
                1.38861166618267e-11,
                3.978431445110545e-12
            ],
            [
                1.555006842538203e-05,
                0.9999844488785145,
                2.0226436855006267e-10,
                8.439972238593585e-10,
                6.7986155714844814e-12
            ],
            [
                0.0,
                0.0,
                9.357623452850273e-14,
                3.059035032512316e-07,
                0.9999996940964031
            ],
            [
                0.0,
                0.0,
                1.8758166009090643e-14,
                2.3729772823363742e-11,
                0.9999999999762514
            ],
            [
                0.0,
                0.0,
                2.242567709353243e-14,
                2.8369309802554328e-11,
                0.9999999999716083
            ]
        ],
        [
            [
                0.8949993733409638,
                0.10500062640361023,
                1.776505111062045e-11,
                2.1642262786672216e-10,
                2.123823086317068e-11
            ],
            [
                0.004692234244666463,
                0.9953077653052911,
                8.243670706597318e-11,
                3.4398719065818856e-10,
                2.3618512011759644e-11
            ],
            [
                0.0,
                0.0,
                4.580923876082965e-14,
                1.0477714280356636e-07,
                0.9999998952228113
            ],
            [
                0.0,
                0.0,
                2.6810038675952576e-14,
                6.928057181900046e-11,
                0.9999999999306926
            ],
            [
                0.0,
                0.0,
                2.242559154494735e-14,
                9.901824294508496e-11,
                0.9999999999009592
            ]
        ],
        [
            [
                0.8066783772555788,
                0.1933216223592693,
                3.2708041227520864e-11,
                3.3330145421069945e-10,
                1.914236508926235e-11
            ],
            [
                6.488322247138274e-05,
                0.9999351166900213,
                1.6602110752010945e-11,
                6.927607681667428e-11,
                1.6292171684759102e-12
            ],
            [
                0.0,
                0.0,
                4.580923729489355e-14,
                1.7568694604201884e-08,
                0.9999999824312596
            ],
            [
                0.0,
                0.0,
                2.681003867514766e-14,
                9.901862067040266e-11,
                0.9999999999009546
            ],
            [
                0.0,
                0.0,
                1.5690561988892978e-14,
                2.3729772823363813e-11,
                0.9999999999762545
            ]
        ],
        [
            [
                0.9999777753098847,
                2.22246440937476e-05,
                3.978871259693453e-12,
                3.391491112530393e-11,
                8.12775688982693e-12
            ],
            [
                5.326254529098724e-06,
                0.9999946737310702,
                2.7839534726770677e-12,
                1.1616677994023327e-11,
                0.0
            ],
            [
                0.0,
                0.0,
                4.5809415217914716e-14,
                3.059023363246562e-07,
                0.9999996940976178
            ],
            [
                0.0,
                0.0,
                2.2425677092871093e-14,
                5.795082025808255e-11,
                0.9999999999420268
            ],
            [
                0.0,
                0.0,
                1.875816600916344e-14,
                1.9849140437734638e-11,
                0.9999999999801321
            ]
        ],
        [
            [
                0.9999777753376047,
                2.2224644094363676e-05,
                1.6292792895854133e-12,
                1.3887625280303342e-11,
                2.7839054331273942e-12
            ],
            [
                3.726638839550804e-06,
                0.9999962732503801,
                4.0546419419008345e-11,
                6.928030537409243e-11,
                9.535603872673908e-13
            ],
            [
                0.0,
                6.814334070928471e-13,
                4.950909786719402e-11,
                0.49999999997490474,
                0.49999999997490474
            ],
            [
                0.0,
                0.0,
                2.2425591545865185e-14,
                5.7950378130098e-11,
                0.9999999999420273
            ],
            [
                0.0,
                0.0,
                1.8758166008898375e-14,
                3.3915559761496274e-11,
                0.9999999999660656
            ]
        ],
        [
            [
                0.9456867616333842,
                0.05431323792660966,
                2.682849341060413e-11,
                3.9073684526954636e-10,
                2.2441028238802572e-11
            ],
            [
                0.00018940628099002382,
                0.999810593649726,
                9.715172550418473e-12,
                5.793987612821454e-11,
                1.6290151798878253e-12
            ],
            [
                0.0,
                0.0,
                7.827330185546863e-14,
                6.248750180644039e-07,
                0.9999993751249036
            ],
            [
                0.0,
                0.0,
                2.242559154625862e-14,
                4.054642068490291e-11,
                0.9999999999594311
            ],
            [
                0.0,
                0.0,
                1.8758166009089444e-14,
                2.3729772823362223e-11,
                0.9999999999762514
            ]
        ],
        [
            [
                0.9994472213844264,
                0.0005527785566885907,
                4.754262802512814e-12,
                4.8446884812046047e-11,
                5.683751223411229e-12
            ],
            [
                5.326254493096887e-06,
                0.9999946669713234,
                1.7240744445263902e-09,
                5.03350592444933e-09,
                1.6603093504127565e-11
            ],
            [
                0.0,
                0.0,
                1.1187140510487401e-13,
                4.3720768110230267e-07,
                0.999999562792207
            ],
            [
                0.0,
                0.0,
                2.24256770934118e-14,
                3.3915689139336e-11,
                0.9999999999660618
            ],
            [
                0.0,
                0.0,
                1.8758166009090643e-14,
                2.3729772823363742e-11,
                0.9999999999762514
            ]
        ],
        [
            [
                3.176406534258857e-05,
                0.9999682358772601,
                8.127679355999045e-12,
                4.847211269292294e-11,
                7.975946519364685e-13
            ],
            [
                0.000552778556683348,
                0.9994472213749473,
                8.12341822121385e-12,
                5.791855693647802e-11,
                2.3273982872792407e-12
            ],
            [
                0.0,
                0.0,
                5.4765651122275974e-14,
                6.0176453036322724e-09,
                0.9999999939822999
            ],
            [
                0.0,
                0.0,
                2.2425591545614245e-14,
                6.928030753509327e-11,
                0.9999999999306972
            ],
            [
                0.0,
                0.0,
                2.6809936403964986e-14,
                6.928030753509296e-11,
                0.9999999999306928
            ]
        ],
        [
            [
                0.49999999987628546,
                0.49999999987628546,
                2.897539630701631e-11,
                2.0658874050329306e-10,
                1.1864926012428922e-11
            ],
            [
                5.326254528387627e-06,
                0.9999946735970963,
                2.836914855181438e-11,
                1.1837671388025693e-10,
                1.629313619817133e-12
            ],
            [
                0.0,
                0.0,
                3.831800318941553e-14,
                7.330993137517783e-08,
                0.9999999266900303
            ],
            [
                0.0,
                0.0,
                1.5690621843940113e-14,
                1.1616744022071321e-11,
                0.9999999999883675
            ],
            [
                0.0,
                0.0,
                2.6810038676897565e-14,
                3.391568913933586e-11,
                0.9999999999660576
            ]
        ],
        [
            [
                0.9994472213989685,
                0.0005527785566966337,
                4.754244666543267e-12,
                3.389693635248875e-11,
                5.6837512234939285e-12
            ],
            [
                3.176406534272459e-05,
                0.999968235881542,
                1.1616411036740652e-11,
                4.0545258453069744e-11,
                9.535330839654993e-13
            ],
            [
                0.0,
                0.0,
                5.4765653965542735e-14,
                7.330993137518521e-08,
                0.9999999266900139
            ],
            [
                0.0,
                0.0,
                1.8758166008899575e-14,
                3.3915559761498445e-11,
                0.9999999999660656
            ],
            [
                0.0,
                0.0,
                2.2425591545869526e-14,
                5.795037813010922e-11,
                0.9999999999420273
            ]
        ],
        [
            [
                0.004692234246594827,
                0.9953077657143319,
                3.960291431743446e-12,
                3.375654128307473e-11,
                1.35647744391851e-12
            ],
            [
                4.372076810698974e-07,
                0.9999995627175302,
                3.391569048202544e-11,
                4.054642229036288e-11,
                3.266131471978317e-13
            ],
            [
                0.0,
                0.0,
                6.547242926801208e-14,
                5.129271709580616e-08,
                0.9999999487072175
            ],
            [
                0.0,
                0.0,
                3.2051692921196757e-14,
                8.282536140437308e-11,
                0.9999999999171425
            ],
            [
                0.0,
                0.0,
                2.6810038676897565e-14,
                3.391568913933586e-11,
                0.9999999999660576
            ]
        ],
        [
            [
                0.9999844499203431,
                1.5550068441582786e-05,
                1.1399743980081337e-12,
                8.12778788580272e-12,
                1.947835975268029e-12
            ],
            [
                0.00027068421684477476,
                0.9997293149999763,
                6.926180876513002e-11,
                7.057916254323787e-10,
                8.125742074681326e-12
            ],
            [
                0.0,
                0.0,
                5.4765650778631024e-14,
                1.2292373389751811e-08,
                0.9999999877075717
            ],
            [
                0.0,
                0.0,
                1.8758166009088014e-14,
                2.3729772823360417e-11,
                0.9999999999762514
            ],
            [
                0.0,
                0.0,
                2.2425677093083622e-14,
                4.847368706032915e-11,
                0.9999999999515039
            ]
        ],
        [
            [
                0.9456867619642534,
                0.05431323794561233,
                6.429462239141408e-12,
                7.832688489891125e-11,
                5.378003954998758e-12
            ],
            [
                3.176418650648498e-05,
                0.9999682356686069,
                2.372918314177864e-11,
                1.1837354195251153e-10,
                2.7838788757147978e-12
            ],
            [
                0.0,
                0.0,
                6.547242878774769e-14,
                8.930934442728083e-07,
                0.9999991069064903
            ],
            [
                0.0,
                0.0,
                3.205157065435632e-14,
                6.92803075350829e-11,
                0.9999999999306877
            ],
            [
                0.0,
                0.0,
                2.681003867651041e-14,
                4.847368706033832e-11,
                0.9999999999514995
            ]
        ],
        [
            [
                0.9994472214224223,
                0.0005527785567096057,
                1.94678877900085e-12,
                1.659394439030922e-11,
                2.3274071657266123e-12
            ],
            [
                0.0,
                6.666556002322481e-13,
                1.3876981883787319e-11,
                0.9992101335554685,
                0.0007898664299878675
            ],
            [
                0.0,
                0.0,
                5.4765445370698995e-14,
                3.059011694025296e-07,
                0.9999996940987758
            ],
            [
                0.0,
                0.0,
                1.5690621843486187e-14,
                4.054642068490059e-11,
                0.9999999999594378
            ],
            [
                0.0,
                0.0,
                1.8758166009089444e-14,
                2.3729772823362223e-11,
                0.9999999999762514
            ]
        ],
        [
            [
                0.8066783771335418,
                0.193321622330023,
                2.735904940608977e-11,
                4.763680407489024e-10,
                3.270804122257268e-11
            ],
            [
                2.6074280393631933e-06,
                0.9999973925062168,
                1.6603156569739532e-11,
                4.847359533903499e-11,
                6.671809555998006e-13
            ],
            [
                0.0,
