{
    "[['A', 'B', 'C', 'D', 'E'], ['A', 'B', 'C', 'D', 'E']]": [
        [
            [
                0.9999999939690261,
                6.017622348102469e-09,
                4.668088181999283e-13,
                4.756874826655802e-12,
                8.127943293260516e-12
            ],
            [
                0.9904617045192012,
                0.00953829538029657,
                4.711500995211651e-12,
                8.203532457439484e-11,
                1.3755472517362301e-11
            ],
            [
                0.0,
                5.476565145169982e-14,
                0.9999999999972258,
                2.3286947561645855e-12,
                3.9046955547422434e-13
            ],
            [
                0.0,
                0.0,
                4.668088075573977e-13,
                6.248750180639661e-07,
                0.9999993751245152
            ],
            [
                0.0,
                0.0,
                6.547268231821573e-14,
                1.009019464167535e-09,
                0.999999998990915
            ]
        ],
        [
            [
                0.9999999999323987,
                5.795059919313771e-11,
                1.5989056151012864e-13,
                1.3628674640276592e-12,
                8.127912336146368e-12
            ],
            [
                0.8564013602598809,
                0.14359863905927728,
                4.151293834181055e-11,
                6.04604750527547e-10,
                3.472401552134949e-11
            ],
            [
                0.0,
                1.3374296643648237e-13,
                0.99999999999227,
                6.79871967741531e-12,
                7.97620557731528e-13
            ],
            [
                0.0,
                0.0,
                4.668070268277709e-13,
                6.248726343611744e-07,
                0.9999993751268988
            ],
            [
                0.0,
                0.0,
                7.82730053307129e-14,
                2.4641221743384373e-09,
                0.9999999975357996
            ]
        ],
        [
            [
                0.9999999994059379,
                5.905303995435922e-10,
                2.7319963342637356e-13,
                1.6293228799436896e-12,
                1.6293228799436896e-12
            ],
            [
                0.9613683924195779,
                0.03863160677548639,
                4.660086575560115e-11,
                6.7870917886475e-10,
                7.962563827744358e-11
            ],
            [
                0.0,
                3.831800143058543e-14,
                0.9999999999980591,
                1.6293228809084463e-12,
                2.7320067576402385e-13
            ],
            [
                0.0,
                1.1187012230373529e-13,
                1.362857089348414e-12,
                7.6124856629390676e-06,
                0.9999923875128623
            ],
            [
                0.0,
                0.0,
                7.827330273680659e-14,
                1.7568761623578393e-08,
                0.9999999824311602
            ]
        ],
        [
            [
                0.9999999970522417,
                2.9458736292106647e-09,
                1.3374245585532052e-13,
                9.535604142665083e-13,
                7.976205553865012e-13
            ],
            [
                0.054313434440560596,
                0.9456865651950591,
                1.8771150615107532e-11,
                3.2683797263551715e-10,
                1.8771150615107532e-11
            ],
            [
                0.0,
                6.547268238407486e-14,
                0.9999999999966838,
                2.783969296417313e-12,
                4.668088210136921e-13
            ],
            [
                0.0,
                0.0,
                5.4765439728794446e-14,
                5.129271709582728e-08,
                0.9999999487072282
            ],
            [
                0.0,
                0.0,
                1.1187097295463804e-13,
                8.60063142474901e-09,
                0.9999999913992567
            ]
        ],
        [
            [
                0.9999999997928215,
                2.0226823733685033e-10,
                1.3374296640980756e-13,
                7.976236002592074e-13,
                3.978962535012884e-12
            ],
            [
                0.19332102967668632,
                0.8066789693626705,
                7.987585799939012e-11,
                8.139540059955993e-10,
                6.681341346206567e-11
            ],
            [
                0.0,
                6.547280726338955e-14,
                0.9999999999961395,
                3.3282655825489397e-12,
                4.66808821013438e-13
            ],
            [
                0.0,
                0.0,
                7.976190485026559e-13,
                2.6074280395315182e-06,
                0.9999973925711629
            ],
            [
                0.0,
                0.0,
                6.547268235722709e-14,
                4.13177677956443e-10,
                0.9999999995867568
            ]
        ],
        [
            [
                0.999999999501695,
                4.939565248960317e-10,
                3.904680657604309e-13,
                2.3286858717620745e-12,
                1.629322880099709e-12
            ],
            [
                0.9983878446851608,
                0.001612155171157683,
                5.677726748121222e-12,
                1.1818652869236273e-10,
                1.9817213569697627e-11
            ],
            [
                0.0,
                6.547268238403923e-14,
                0.9999999999961395,
                3.328252886247539e-12,
                4.66808821013438e-13
            ],
            [
                0.0,
                0.0,
                1.1187140510492769e-13,
                4.3720768110251247e-07,
                0.999999562792207
            ],
            [
                0.0,
                0.0,
                4.580941284618031e-14,
                4.847368706033481e-11,
                0.9999999999514806
            ]
        ],
        [
            [
                0.9999999991355004,
                8.440101471081366e-10,
                5.580728948867695e-13,
                3.3282528833831145e-12,
                1.6603124636525214e-11
            ],
            [
                0.9726532558351212,
                0.027346743490125475,
                3.298822144218677e-11,
                5.743794032050863e-10,
                6.738574932804326e-11
            ],
            [
                0.0,
                3.831800143058339e-14,
                0.9999999999980056,
                1.629322880908359e-12,
                3.2661313427809335e-13
            ],
            [
                0.0,
                0.0,
                1.598905566373576e-13,
                1.4975233310904336e-07,
                0.999999850247507
            ],
            [
                0.0,
                0.0,
                3.831785522701085e-14,
                8.440069274881102e-10,
                0.9999999991559547
            ]
        ],
        [
            [
                0.9999999970463012,
                2.9458848668306767e-09,
                2.731996327817217e-13,
                2.7839692882035384e-12,
                4.756874841294014e-12
            ],
            [
                0.0023025566031849905,
                0.9976974433037608,
                5.673797030399681e-12,
                8.263458996478066e-11,
                4.7459183574619615e-12
            ],
            [
                0.0,
                6.7668169653490115e-12,
                0.9953077622576365,
                0.0046922342302987375,
                3.5052979702340997e-09
            ],
            [
                0.0,
                0.0,
                7.976022606098437e-13,
                2.2224644094745424e-05,
                0.9999777753551076
            ],
            [
                0.0,
                0.0,
                5.4765651419495464e-14,
                5.905303995455105e-10,
                0.9999999994094149
            ]
        ],
        [
            [
                0.9999999999152736,
                8.282567735853294e-11,
                9.357622968047337e-14,
                6.671822180096474e-13,
                1.139991852947768e-12
            ],
            [
                0.7448688110064957,
                0.25513118763021747,
                7.375553715325655e-11,
                1.0741980700647943e-09,
                2.1533313170176654e-10
            ],
            [
                0.0,
                5.4765651451678395e-14,
                0.9999999999968345,
                2.7839692964177327e-12,
                3.2661313427771086e-13
            ],
            [
                0.0,
                1.910285443340272e-12,
                2.3272040876712626e-11,
                0.019292271329768997,
                0.9807077286450487
            ],
            [
                0.0,
                0.0,
                5.476544252202179e-14,
                2.890889168173972e-10,
                0.9999999997108564
            ]
        ],
        [
            [
                0.9999999999644891,
                3.391568913929211e-11,
                0.0,
                7.976205577092802e-13,
                7.976205577092802e-13
            ],
            [
                0.00038682809161425565,
                0.9996131711675217,
                2.8358326026307483e-11,
                7.057094885858267e-10,
                6.7960874096473365e-12
            ],
            [
                0.0,
                5.476544253508417e-14,
                0.9999999999491429,
                4.8473687060237325e-11,
                2.32868587280404e-12
            ],
            [
                0.0,
                1.0959514990917719e-12,
                1.335142251890943e-11,
                0.03863160680602422,
                0.9613683931795284
            ],
            [
                0.0,
                0.0,
                7.827330395062944e-14,
                2.0611536181894795e-09,
                0.9999999979387681
            ]
        ],
        [
            [
                0.9999999913928658,
                8.600631424695418e-09,
                3.90468062594192e-13,
                3.3282655539149596e-12,
                2.783969272464548e-12
            ],
            [
                0.49999999963137465,
                0.49999999963137465,
                4.950928669575865e-11,
                6.031465861698165e-10,
                8.459485573040866e-11
            ],
            [
                0.0,
                2.2852211585870496e-13,
                0.9999999999674232,
                2.8369309802451428e-11,
                3.978962535707618e-12
            ],
            [
                0.0,
                9.357194816114696e-14,
                1.1399396933644314e-12,
                4.539785251447763e-05,
                0.9999546021462521
            ],
            [
                0.0,
                0.0,
                7.827300549652482e-14,
                3.456076268384144e-10,
                0.9999999996543141
            ]
        ],
        [
            [
                0.9999999997938498,
                2.0226746574643814e-10,
                1.9115017663492788e-13,
                1.3628674638388352e-12,
                2.328685872442411e-12
            ],
            [
                0.8564008959732464,
                0.14359910257588376,
                7.093176445625131e-11,
                1.2350438481742696e-09,
                1.4489439331879626e-10
            ],
            [
                0.0,
                3.205163179009984e-14,
                0.9999999999977918,
                1.9478658000980062e-12,
                2.2852211586564486e-13
            ],
            [
                0.0,
                0.0,
                2.285221214390593e-13,
                2.1403134135612612e-07,
                0.9999997859684301
            ],
            [
                0.0,
                0.0,
                1.5989117049397338e-13,
                6.01764530363221e-09,
                0.9999999939821949
            ]
        ],
        [
            [
                0.9999999979362568,
                2.0611536181848664e-09,
                2.7319963302485724e-13,
                1.3628674613071823e-12,
                9.5356041510947e-13
            ],
            [
                0.05431343443221834,
                0.9456865650498067,
                3.2073634744386835e-11,
                4.671301690989344e-10,
                1.8771150612224384e-11
            ],
            [
                0.0,
                6.547268238407985e-14,
                0.9999999999967599,
                2.783969296417525e-12,
                3.9046955547404243e-13
            ],
            [
                0.0,
                0.0,
                1.9114872155737935e-13,
                7.612456623894964e-06,
                0.999992387543185
            ],
            [
                0.0,
                0.0,
                6.547243229672722e-14,
                5.033515341770686e-09,
                0.9999999949664191
            ]
        ],
        [
            [
                0.9999999989785469,
                1.0090194641551904e-09,
                3.2661313394512473e-13,
                3.978962531772916e-12,
                8.127912328393544e-12
            ],
            [
                6.488322246726151e-05,
                0.9999351166265078,
                4.756566223258373e-12,
                1.415117318368745e-10,
                4.756566223258373e-12
            ],
            [
                0.0,
                6.7877581928752736e-12,
                0.9983878427673211,
                0.001612155168060835,
                2.057830452084851e-09
            ],
            [
                0.0,
                0.0,
                4.755033134341015e-12,
                0.00038682809189882284,
                0.9996131719033461
            ],
            [
                0.0,
                0.0,
                9.35762287261883e-14,
                1.028210919986964e-08,
                0.9999999897177972
            ]
        ],
        [
            [
                0.9999999995821358,
                4.1317767795458895e-10,
                2.7319963347451074e-13,
                1.629322880230773e-12,
                2.7839692952632244e-12
            ],
            [
                0.9999993751162988,
                6.248750180590758e-07,
                6.671821988264564e-13,
                5.686895478826683e-12,
                2.3286946890178285e-12
            ],
            [
                0.0,
                5.476565145167489e-14,
                0.9999999999967706,
                2.7839692964175546e-12,
                3.904695554740466e-13
            ],
            [
                0.0,
                0.0,
                6.67177107105494e-13,
                3.726638839960807e-06,
                0.9999962733604929
            ],
            [
                0.0,
                0.0,
                7.827330397702182e-14,
                1.7240842526963797e-09,
                0.9999999982758374
            ]
        ],
        [
            [
                0.9999999996482372,
                3.4560762683639315e-10,
                2.2852211578576387e-13,
                1.947865799417121e-12,
                3.978962534437589e-12
            ],
            [
                0.9967123419536505,
                0.0032876579843843,
                3.965877491396306e-12,
                4.8314278587825323e-11,
                9.685052695729098e-12
            ],
            [
                0.0,
                4.580941284832867e-14,
                0.9999999999980518,
                1.6293228809084344e-12,
                2.732006757640219e-13
            ],
            [
                0.0,
                0.0,
                2.731991220251856e-13,
                1.2764445008689023e-06,
                0.9999987235552259
            ],
            [
                0.0,
                0.0,
                4.580941284065041e-14,
                1.6918914682621819e-10,
                0.9999999998307652
            ]
        ],
        [
            [
                0.9999999999157545,
                8.282536140428272e-11,
                0.0,
                9.535604169969515e-13,
                4.668070402449334e-13
            ],
            [
                0.3286523058633351,
                0.6713476936029413,
                2.7220749256743353e-11,
                4.73959997611089e-10,
                3.254270188936824e-11
            ],
            [
                0.0,
                1.1187097391613232e-13,
                0.9999999999937683,
                4.7568748553147466e-12,
                1.3628674641112977e-12
            ],
            [
                0.0,
                0.0,
                7.976144858851363e-13,
                7.612485662943509e-06,
                0.9999923875135395
            ],
            [
                0.0,
                0.0,
                9.357587256273929e-14,
                1.7240776758494247e-09,
                0.9999999982758287
            ]
        ],
        [
            [
                0.9999999996412332,
                3.4560894522495623e-10,
                2.7319963349065616e-13,
                4.756874853637782e-12,
                8.127943339363894e-12
            ],
            [
                0.6713476932162656,
                0.32865230567404147,
                4.651118019680129e-11,
                9.681719720089426e-10,
                9.500975041038612e-11
            ],
            [
                0.0,
                5.476565145168133e-14,
                0.999999999996888,
                2.7839692964178817e-12,
                2.732006757637039e-13
            ],
            [
                0.0,
                0.0,
                5.580547698330698e-13,
                3.176406534438977e-05,
                0.9999682359340976
            ],
            [
                0.0,
                0.0,
                9.357622962230396e-14,
                7.059855173544863e-10,
                0.9999999992939208
            ]
        ],
        [
            [
                0.9999999985544457,
                1.4421317969471717e-09,
                1.1187097375511388e-13,
                1.3628674621496916e-12,
                1.947865797286562e-12
            ],
            [
                0.9904617043845132,
                0.009538295378999504,
                8.050414254212243e-12,
                2.0033812013352906e-10,
                2.8098706696840126e-11
            ],
            [
                0.0,
                1.337429664367729e-13,
                0.9999999999944422,
                4.756893001390067e-12,
                6.671822180624673e-13
            ],
            [
                0.0,
                1.124514224488754e-12,
                1.6377704622198237e-11,
                0.013576931091251085,
                0.9864230688912466
            ],
            [
                0.0,
                0.0,
                9.357622853808249e-14,
                1.2292373389750549e-08,
                0.9999999877075331
            ]
        ],
        [
            [
                0.9999999998255376,
                1.6918979223199577e-10,
                1.5989056149304254e-13,
                2.328694755764776e-12,
                2.7839692959408473e-12
            ],
            [
                0.006692851098931896,
                0.9933071486305867,
                1.3794987709041057e-11,
                2.4019442962255657e-10,
                1.6491994979066712e-11
            ],
            [
                0.0,
                4.5809500222895543e-14,
                0.9999999999972349,
                2.328694756164607e-12,
                3.9046955547422787e-13
            ],
            [
                0.0,
                0.0,
                9.534331409303672e-13,
                0.00013252989390739387,
                0.9998674701051392
            ],
            [
                0.0,
                0.0,
                3.205169291931922e-14,
                1.4152145373402503e-10,
                0.9999999998584466
            ]
        ],
        [
            [
                0.999999999976606,
                1.9849216156277305e-11,
                9.357622968621263e-14,
                6.671796729572388e-13,
                2.7839692963614174e-12
            ],
            [
                0.006692851098462878,
                0.9933071485609782,
                1.971635942365404e-11,
                2.871539584236979e-10,
                3.368868130180074e-11
            ],
            [
                0.0,
                3.205163179011124e-14,
                0.9999999999981475,
                1.6293228809085903e-12,
                1.911509058554265e-13
            ],
            [
                0.0,
                0.0,
                7.975946519813007e-13,
                3.1764065344374005e-05,
                0.9999682359338581
            ],
            [
                0.0,
                0.0,
                6.547243256021725e-14,
                1.0090194641673404e-09,
                0.999999998990915
            ]
        ],
        [
            [
                0.9999999985524011,
                1.442131796944223e-09,
                1.9115017639762474e-13,
                1.9478657972825795e-12,
                3.3282528814424123e-12
            ],
            [
                0.9996131717302187,
                0.00038682809183200693,
                8.124765448456179e-12,
                1.4146612116442728e-10,
                2.8358217864048325e-11
            ],
            [
                0.0,
                2.285221158597652e-13,
                0.9999999999720626,
                2.372986334534425e-11,
                3.978962535726078e-12
            ],
            [
                0.0,
                3.86743552743443e-13,
                9.624321115047462e-12,
                0.009538295381159701,
                0.9904617046088292
            ],
            [
                0.0,
                0.0,
                1.3374244938950768e-13,
                5.1292717095818386e-08,
                0.9999999487071491
            ]
        ],
        [
            [
                0.9999999957872856,
                4.210362810451412e-09,
                1.9115017586907243e-13,
                1.3628674583784193e-12,
                7.976205543775461e-13
            ],
            [
                0.9988714732795698,
                0.0011285266143230093,
                6.791047015735183e-12,
                8.273188925604721e-11,
                1.6584387276020524e-11
            ],
            [
                0.0,
                6.547268238408404e-14,
                0.9999999999968239,
                2.7839692964177032e-12,
                3.2661313427770737e-13
            ],
            [
                0.0,
                1.1187097069165935e-13,
                6.671796537384748e-13,
                6.248750180640149e-07,
                0.9999993751242029
            ],
            [
                0.0,
                0.0,
                5.476565140561348e-14,
                8.440101471251909e-10,
                0.9999999991559352
            ]
        ],
        [
            [
                0.9999999997941553,
                2.022674657464676e-10,
                0.0,
                1.6293228805759607e-12,
                1.9478657997010387e-12
            ],
            [
                0.9933071486636784,
                0.006692851099154866,
                8.073540590348548e-12,
                2.0091362923912559e-10,
                2.817942554130537e-11
            ],
            [
                0.0,
                5.476565145172069e-14,
                0.9999999999976068,
                1.947865800097646e-12,
                3.904680659540686e-13
            ],
            [
                0.0,
                0.0,
                3.977406826806556e-12,
                0.0003868280918991236,
                0.9996131719041235
            ],
            [
                0.0,
                0.0,
                1.1187139999829626e-13,
                6.01764530363166e-09,
                0.9999999939822428
            ]
        ],
        [
            [
                0.9999999998733011,
                1.1837738672401194e-10,
                1.598905615006795e-13,
                1.362867463947117e-12,
                6.7987196766064746e-12
            ],
            [
                0.99999817564797,
                1.8243464443350409e-06,
                4.668079137445197e-13,
                3.97895480248679e-12,
                1.1399896374023556e-12
            ],
            [
                0.0,
                5.476565145168133e-14,
                0.999999999996888,
                2.7839692964178817e-12,
                2.732006757637039e-13
            ],
            [
                0.0,
                1.3256032047132038e-12,
                1.9306414503473765e-11,
                0.02734684190318612,
                0.9726531580761818
            ],
            [
                0.0,
                0.0,
                9.357622962229895e-14,
                7.059855173544486e-10,
                0.9999999992939208
            ]
        ],
        [
            [
                0.9999999997553275,
                2.4181295589503806e-10,
                1.3374296640479298e-13,
                1.3628674637863345e-12,
                1.3628674637863345e-12
            ],
            [
                0.9976974342600047,
                0.002302565365886224,
                1.6564945755634482e-11,
                2.884230565118714e-10,
                6.912099743054529e-11
            ],
            [
                0.0,
                5.476544253771746e-14,
                0.999999999997226,
                2.3286858729160104e-12,
                3.904680659539199e-13
            ],
            [
                0.0,
                0.0,
                6.671771391698176e-13,
                7.612485662942243e-06,
                0.9999923875136699
            ],
            [
                0.0,
                0.0,
                7.827330404589929e-14,
                8.440101471251334e-10,
                0.9999999991559116
            ]
        ],
        [
            [
                0.9999999998557849,
                1.4152091387321414e-10,
                1.911501766467668e-13,
                1.3628674639232446e-12,
                1.1399918528799514e-12
            ],
            [
                0.05431323792090479,
                0.9456867615340526,
                3.207363340288837e-11,
                4.671283676042374e-10,
                4.58407709568355e-11
            ],
            [
                0.0,
                9.357622968800693e-14,
                0.9999999999957807,
                3.328252886246345e-12,
                7.976205577343284e-13
            ],
            [
                0.0,
                0.0,
                2.285194885595019e-13,
                1.5550127759746906e-05,
                0.9999844498720117
            ],
            [
                0.0,
                0.0,
                7.827330399909857e-14,
                1.4421317969518998e-09,
                0.9999999985577899
            ]
        ],
        [
            [
                0.999999999828334,
                1.691897922324689e-10,
                1.5989056149348968e-13,
                9.5356041691368e-13,
                1.3628674638858326e-12
            ],
            [
                0.9864230685230667,
                0.013576931086183531,
                1.637776709218948e-11,
                3.409166249500107e-10,
                3.345521703137317e-11
            ],
            [
                0.0,
                9.357622968788543e-14,
                0.9999999999944824,
                4.756874855318143e-12,
                6.671822180624941e-13
            ],
            [
                0.0,
                0.0,
                5.580729242354836e-13,
                3.059023363245903e-07,
                0.9999996940971055
            ],
            [
                0.0,
                0.0,
                7.827330403297395e-14,
                1.0090233132783918e-09,
                0.9999999989908983
            ]
        ],
        [
            [
                0.999999998552527,
                1.4421317969444046e-09,
                2.285221155353699e-13,
                2.3286947528003228e-12,
                2.7839692923968247e-12
            ],
            [
                0.8949993727807362,
                0.10500062633788476,
                5.186569506060839e-11,
                7.553848721778844e-10,
                7.41285680866576e-11
            ],
            [
                0.0,
                9.357622968811111e-14,
                0.999999999996894,
                2.7839692964178983e-12,
                2.285221158654397e-13
            ],
            [
                0.0,
                0.0,
                2.2852210766480113e-13,
                3.5888086514669234e-08,
                0.999999964111685
            ],
            [
                0.0,
                0.0,
                7.827300538863075e-14,
                1.724077675849397e-09,
                0.9999999982758441
            ]
        ],
        [
            [
                0.9999999991541084,
                8.440069274867825e-10,
                1.3374245613642932e-13,
                9.53560416270765e-13,
                7.976205570629932e-13
            ],
            [
                0.05431323792269889,
                0.945686761565291,
                2.244102823718673e-11,
                4.671283676196678e-10,
                2.244102823718673e-11
            ],
            [
                0.0,
                1.3374296643678751e-13,
                0.9999999999945515,
                4.756893001390586e-12,
                5.580750242493911e-13
            ],
            [
                0.0,
                0.0,
                1.3374246154988666e-13,
                4.3720601329141816e-07,
                0.9999995627938529
            ],
            [
                0.0,
                0.0,
                5.476544252202705e-14,
                2.890878140328278e-10,
                0.9999999997108575
            ]
        ],
        [
            [
                0.9999999992924606,
                7.059855173536483e-10,
                1.337429663428878e-13,
                9.535640539539433e-13,
                4.668088206849545e-13
            ],
            [
                0.9904617039902041,
                0.009538295375202246,
                2.809870668565385e-11,
                4.892467443859218e-10,
                1.1724823378670541e-10
            ],
            [
                0.0,
                9.35762296880888e-14,
                0.9999999999966558,
                2.783969296417235e-12,
                4.66808821013679e-13
            ],
            [
                0.0,
                0.0,
                3.9045538402205333e-13,
                3.176406534439066e-05,
                0.9999682359342652
            ],
            [
                0.0,
                0.0,
                1.1187097970351656e-13,
                3.059011694024833e-07,
                0.9999996940987187
            ]
        ],
        [
            [
                0.9999999999131166,
                8.282567735835429e-11,
                1.3374296642589619e-13,
                1.139991852945309e-12,
                2.7839799162049823e-12
            ],
            [
                0.9456867613258241,
                0.05431323790894569,
                3.207363339582615e-11,
                6.676389269452738e-10,
                6.551750065818118e-11
            ],
            [
                0.0,
                6.547268238412027e-14,
                0.9999999999973774,
                2.328685872916363e-12,
                2.2852211586555015e-13
            ],
            [
                0.0,
                1.3953492382941298e-12,
                2.904544709388629e-11,
                0.14359863915267398,
                0.8564013608168852
            ],
            [
                0.0,
                0.0,
                7.827330409304786e-14,
                2.4181295589568357e-10,
                0.9999999997581088
            ]
        ],
        [
            [
                0.9999999989887751,
                1.0090194641655107e-09,
                1.1187097380370274e-13,
                9.535604161131098e-13,
                1.1399918518915673e-12
            ],
            [
                0.9996131718142851,
                0.0003868280918645388,
                4.755033133919583e-12,
                6.925374843297493e-11,
                1.9841531126596194e-11
            ],
            [
                0.0,
                5.4765442526477655e-14,
                0.9999999997919906,
                2.0226746574606208e-10,
                5.686895641638344e-12
            ],
            [
                0.0,
                0.0,
                5.580718503833913e-13,
                1.2764445008686433e-06,
                0.999998723554941
            ],
            [
                0.0,
                0.0,
                4.580941245441343e-14,
                8.600631424748604e-09,
                0.9999999913993228
            ]
        ],
        [
            [
                0.9999999994984987,
                4.939565248944529e-10,
                2.2852211575154533e-13,
                1.6293228800945012e-12,
                5.686895639969286e-12
            ],
            [
                0.9904617042758944,
                0.009538295377953488,
                1.9659882695592956e-11,
                2.863325095907561e-10,
                4.015981835124912e-11
            ],
            [
                0.0,
                9.535640545974926e-13,
                0.999999999967349,
                2.8369309802449324e-11,
                3.3282655824531172e-12
            ],
            [
                0.0,
                0.0,
                3.904673348076224e-13,
                1.2764445008690014e-06,
                0.9999987235551087
            ],
            [
                0.0,
                0.0,
                6.5472682361651e-14,
                3.456089452294349e-10,
                0.9999999996543256
            ]
        ],
        [
            [
                0.9999999964744077,
                3.5218239718368524e-09,
                1.9115017600041596e-13,
                1.6293228751672805e-12,
                1.947865793234927e-12
            ],
            [
                0.0046922342454514985,
                0.9953077654718113,
                1.3822775304914099e-11,
                2.4067825939334594e-10,
                2.8236188076540283e-11
            ],
            [
                0.0,
                5.4765651451645086e-14,
                0.9999999999962264,
                3.328265582549229e-12,
                3.9046955547383407e-13
            ],
            [
                0.0,
                0.0,
                2.7832153212983866e-12,
                0.0002706852493566972,
                0.9997293147478602
            ],
            [
                0.0,
                0.0,
                9.357587258911254e-14,
                1.4421262956658568e-09,
                0.9999999985577801
            ]
        ],
        [
            [
                0.9999999997931592,
                2.0226746574629845e-10,
                1.5989056148786557e-13,
                1.6293166652129158e-12,
                2.783969295850707e-12
            ],
            [
                0.8066789695029399,
                0.19332102971030196,
                3.9102666636522235e-11,
                6.808419897924706e-10,
                6.681341347368354e-11
            ],
            [
                0.0,
                6.547280726346416e-14,
                0.9999999999972791,
                2.3286947561647095e-12,
                3.2661313427785606e-13
            ],
            [
                0.0,
                1.9104521399933983e-13,
                2.782429973963509e-12,
                0.0005527785567194974,
                0.999447221440307
            ],
            [
                0.0,
                0.0,
                7.827330343876033e-14,
                8.600664233615799e-09,
                0.9999999913992575
            ]
        ],
        [
            [
                0.9999999913822947,
                8.6006314246045e-09,
                5.580728905599156e-13,
                6.798719618878502e-12,
                9.71700754383408e-12
            ],
            [
                0.9967123418179608,
                0.003287657983936727,
                9.685052694410601e-12,
                1.6863340199090828e-10,
                1.978394087859916e-11
            ],
            [
                0.0,
                5.476565145172419e-14,
                0.9999999999976708,
                1.9478658000977707e-12,
                3.26613134277984e-13
            ],
            [
                0.0,
                0.0,
                3.904680546980525e-13,
                6.248750180640137e-07,
                0.9999993751245914
            ],
            [
                0.0,
                0.0,
                9.357587157380427e-14,
                1.2292373389753707e-08,
                0.9999999877075331
            ]
        ],
        [
            [
                0.9999999999125724,
                8.282567735830921e-11,
                1.3374296642582338e-13,
                1.1399918529446886e-12,
                3.3282655822708063e-12
            ],
            [
                0.9807077284858461,
                0.019292271326637196,
                7.971130171142078e-12,
                1.6592559777449293e-10,
                1.3620002464988836e-11
            ],
            [
                0.0,
                1.337429664360463e-13,
                0.9999999999890092,
                9.717007627465593e-12,
                1.139991853031826e-12
            ],
            [
                0.0,
                0.0,
                1.9475053708434306e-12,
                0.0001894062810026894,
                0.99981059371705
            ],
            [
                0.0,
                0.0,
                1.337429652871763e-13,
                8.60066423361486e-09,
                0.999999991399202
            ]
        ],
        [
            [
                0.9999999987878117,
                1.2062937469722643e-09,
                3.266131338828281e-13,
                2.7839692930518504e-12,
                2.7839692930518504e-12
            ],
            [
                0.9983878443715725,
                0.0016121551706513135,
                1.3865552541531563e-11,
                3.4505172523402774e-10,
                9.885897444443325e-11
            ],
            [
                0.0,
                4.580941284830522e-14,
                0.9999999999975397,
