{
    "[['A', 'B', 'C', 'D', 'E'], ['A', 'B', 'C', 'D', 'E']]": [
        [
            [
                0.9999999995010238,
                4.93958409193899e-10,
                3.2661313411577253e-13,
                3.328265580901063e-12,
                1.3628674634397523e-12
            ],
            [
                0.05431323790559068,
                0.9456867612674076,
                1.3133650868006013e-11,
                7.981665560393741e-10,
                1.570136260650768e-11
            ],
            [
                1.410555224713128e-10,
                0.9967122804666471,
                0.0032876581742541148,
                6.11193504029361e-08,
                9.869299801824458e-11
            ],
            [
                5.686895513922473e-12,
                1.7568761534031575e-08,
                5.7950818947959746e-11,
                0.9999999773340665,
                5.033534454392839e-09
            ],
            [
                0.0,
                2.8369203047051988e-11,
                9.901824806408293e-11,
                0.9999996939702763,
                3.0590233628582154e-07
            ]
        ],
        [
            [
                0.9999987234806049,
                1.2764505873501967e-06,
                1.139989718336657e-12,
                5.795071174484969e-11,
                9.71698943185377e-12
            ],
            [
                0.19332102969716616,
                0.8066789694481277,
                1.3393378710062184e-11,
                8.139540060818272e-10,
                2.735904707234887e-11
            ],
            [
                1.4975233307152843e-07,
                0.9999998499969285,
                8.127943091989843e-12,
                2.418129485078684e-10,
                7.976205331759429e-13
            ],
            [
                1.415209051252484e-10,
                5.129271654877396e-08,
                2.418120185305123e-10,
                0.9999999380418417,
                1.0282108668536614e-08
            ],
            [
                5.686874173146654e-12,
                1.415209194697076e-10,
                8.282536467468103e-11,
                0.9999995625639537,
                4.372060131909884e-07
            ]
        ],
        [
            [
                0.9999999957861103,
                4.210378871736599e-09,
                2.285221149031825e-13,
                2.3286947463581832e-12,
                9.535640506104136e-13
            ],
            [
                0.9997293157364953,
                0.0002706842170441928,
                1.947338266625393e-12,
                4.053543964552627e-11,
                3.977884927748976e-12
            ],
            [
                0.0,
                2.3286858728586147e-12,
                0.9999999999725786,
                2.3729863345356498e-11,
                1.362867464082419e-12
            ],
            [
                0.0,
                1.415209129970207e-10,
                1.415209129970207e-10,
                0.9999998744552244,
                1.2526173372513737e-07
            ],
            [
                4.756893246722312e-12,
                1.1837739284355375e-10,
                3.391569088948129e-11,
                0.9999996939406138,
                3.059023362767477e-07
            ]
        ],
        [
            [
                0.9999987235220111,
                1.2764445008268541e-06,
                1.1399853696764926e-12,
                2.8369148461282704e-11,
                3.97893990665988e-12
            ],
            [
                0.6713476934784102,
                0.328652305802372,
                1.9045672972491677e-11,
                6.774029713800659e-10,
                2.2769222391508293e-11
            ],
            [
                1.0090194616558007e-09,
                0.999999996501499,
                2.3729863262988253e-11,
                2.4641221717900245e-09,
                1.6293166598497588e-12
            ],
            [
                0.0,
                1.1837739356364896e-10,
                1.1837739356364896e-10,
                0.9999999384422372,
                6.13210080167818e-08
            ],
            [
                1.415209092904514e-10,
                1.724077622744188e-09,
                1.183773828886147e-10,
                0.9999998482642625,
                1.4975176155333273e-07
            ]
        ],
        [
            [
                0.9999351166429462,
                6.488322246832816e-05,
                2.3285347848618422e-12,
                1.1836970626566146e-10,
                1.3887042797744492e-11
            ],
            [
                0.027346743488902037,
                0.9726532557916067,
                1.3508160358343175e-11,
                6.866768255627505e-10,
                1.9306340421638996e-11
            ],
            [
                6.017622339250811e-09,
                0.9999999924980701,
                4.054642038238467e-11,
                1.4421317882130797e-09,
                1.6293166533269053e-12
            ],
            [
                2.3729864077060605e-11,
                4.939565403596476e-10,
                2.418129634038112e-10,
                0.9999999115980157,
                8.764248489446602e-08
            ],
            [
                0.0,
                1.6603124171035612e-11,
                5.7950597522238625e-11,
                0.9999993750528121,
                6.248726343149285e-07
            ]
        ],
        [
            [
                0.9999991066512126,
                8.930934440448912e-07,
                3.3282526902801545e-12,
                1.691897822989723e-10,
                8.282535653419472e-11
            ],
            [
                0.41165216672369487,
                0.5883478323652159,
                2.8519373411102663e-11,
                8.484746627879391e-10,
                3.4095221194514795e-11
            ],
            [
                0.0,
                2.8369309798981928e-11,
                0.9999999998451254,
                1.1837738672067657e-10,
                8.127943341021118e-12
            ],
            [
                1.660318744327511e-11,
                2.464131499628691e-09,
                2.41812948036808e-10,
                0.9999999672581852,
                3.001926711260572e-08
            ],
            [
                1.0090194851019055e-09,
                3.521824053767209e-09,
                1.1837738907554575e-10,
                0.9999997813194388,
                2.1403134036115455e-07
            ]
        ],
        [
            [
                0.9998105943481522,
                0.00018940555859609057,
                4.755976512930494e-12,
                8.280971972689243e-11,
                5.6858216646917845e-12
            ],
            [
                0.9933071486835329,
                0.006692851099288645,
                4.7250536961636765e-12,
                2.0091439566927544e-10,
                1.153903370358088e-11
            ],
            [
                0.0,
                2.7320067576236156e-13,
                0.9999999999919746,
                6.798719677413302e-12,
                9.535640546209748e-13
            ],
            [
                0.0,
                4.847368823847762e-11,
                8.28253634202755e-11,
                0.9999997858373596,
                2.1403134132813142e-07
            ],
            [
                1.660318838899539e-11,
                1.183773896059149e-10,
                3.391568996188222e-11,
                0.9999997857997625,
                2.1403134132008445e-07
            ]
        ],
        [
            [
                0.9999999876577786,
                1.2292373389143751e-08,
                1.629316645440538e-12,
                1.9849140193152996e-11,
                2.8369201233114527e-11
            ],
            [
                0.0011285266142437972,
                0.9988714732094585,
                3.324509484536063e-12,
                1.689988539397589e-10,
                3.974472096912053e-12
            ],
            [
                0.0,
                4.756893001249661e-12,
                0.9999999999649261,
                2.8369309802380587e-11,
                1.9478732305665023e-12
            ],
            [
                2.3729861923373684e-11,
                5.129291231827605e-08,
                3.39156871072144e-11,
                0.9999999400488111,
                8.600630983104125e-09
            ],
            [
                0.0,
                2.8369203047051988e-11,
                9.901824806408293e-11,
                0.9999996939702763,
                3.0590233628582154e-07
            ]
        ],
        [
            [
                0.999984449859136,
                1.5550068440631e-05,
                4.756802019951231e-12,
                5.794971188031795e-11,
                9.716858844580948e-12
            ],
            [
                0.1435991026284524,
                0.856400896286757,
                1.699889866577858e-11,
                1.0330678454060903e-09,
                3.4724015853733487e-11
            ],
            [
                0.0,
                6.7987196770534195e-12,
                0.9999999999390408,
                4.8473687059747634e-11,
                5.686873948730722e-12
            ],
            [
                3.059005600306894e-07,
                5.326254150240172e-06,
                1.415200994392458e-10,
                0.9999943641819661,
                3.5218037161185547e-09
            ],
            [
                0.0,
                8.282535901000672e-11,
                8.282535901000672e-11,
                0.999999374961715,
                6.248726342580044e-07
            ]
        ],
        [
            [
                0.9999998952087451,
                1.0477754249594325e-07,
                6.671822276856376e-13,
                9.71700776767263e-12,
                3.3282656305488667e-12
            ],
            [
                0.009538295378393563,
                0.990461704321592,
                5.632650698255903e-12,
                2.863314173342087e-10,
                8.050414253700823e-12
            ],
            [
                0.0,
                1.1616744021308425e-11,
                0.9999999999223048,
                5.7950599192552765e-11,
                8.127912336064325e-12
            ],
            [
                1.4975162459326115e-07,
                4.3720599883559956e-07,
                5.795059957760225e-11,
                0.9999994105203038,
                2.464122196592029e-09
            ],
            [
                4.21036302358429e-09,
                1.009019512012744e-09,
                9.901824755019342e-11,
                0.9999996887804314,
                3.0590116777566137e-07
            ]
        ],
        [
            [
                0.9999987235308736,
                1.2764445008381667e-06,
                7.976190641822511e-13,
                1.9849103270347556e-11,
                3.9789399066951425e-12
            ],
            [
                0.4999999995397939,
                0.4999999995397939,
                1.6957836468513458e-11,
                8.620417159875743e-10,
                4.1412660920417076e-11
            ],
            [
                7.974699235061298e-13,
                0.00018940628053260288,
                0.9998105912351583,
                2.463666217971475e-09,
                1.984546754295041e-11
            ],
            [
                1.3887943624236043e-11,
                8.600664158509826e-09,
                1.1837738468710468e-10,
                0.9999999826664062,
                8.600664158509826e-09
            ],
            [
                1.415214592643851e-10,
                4.939584286731694e-10,
                5.795082251784611e-11,
                0.9999995620988885,
                4.372076807994224e-07
            ]
        ],
        [
            [
                0.999999785947123,
                2.1403134135162422e-07,
                9.535640778628906e-13,
                1.660318839144205e-11,
                3.978962632787479e-12
            ],
            [
                0.924141827806186,
                0.07585817162075882,
                8.979892119264776e-12,
                5.457316962718125e-10,
                1.8343418738174157e-11
            ],
            [
                7.330993135367548e-08,
                0.9999999263963326,
                3.978962717300352e-12,
                2.890900328739895e-10,
                6.671822484934439e-13
            ],
            [
                1.660312537719544e-11,
                1.7240777542434483e-09,
                4.131776962020257e-10,
                0.9999999245364898,
                7.330965156266976e-08
            ],
            [
                0.0,
                9.71689611487266e-12,
                4.0545955374501185e-11,
                0.9999891199477166,
                1.0880002020563656e-05
            ]
        ],
        [
            [
                0.9999999789793137,
                2.1003645590923612e-08,
                6.671822040415473e-13,
                1.1616788092464307e-11,
                4.756892901423349e-12
            ],
            [
                0.49999999934877337,
                0.49999999934877337,
                2.8975396276446563e-11,
                1.2320652010550982e-09,
                4.1412660904595735e-11
            ],
            [
                0.0,
                4.668088210108557e-13,
                0.9999999999906077,
                8.12794334220359e-12,
                7.976205577302023e-13
            ],
            [
                0.0,
                1.6918978729691043e-10,
                3.4560893520761005e-10,
                0.9999993746101835,
                6.248750177428168e-07
            ],
            [
                0.0,
                3.328265735249944e-12,
                1.9849217067348133e-11,
                0.9999999266668912,
                7.330993137351011e-08
            ]
        ],
        [
            [
                0.9999995627205188,
                4.372060132594396e-07,
                1.629316730001938e-12,
                5.7950601489447423e-11,
                1.3887944414339081e-11
            ],
            [
                0.10500062634621787,
                0.8949993728517656,
                2.1238230851562063e-11,
                7.553877538079365e-10,
                2.5390536048112274e-11
            ],
            [
                0.0,
                5.476544253772096e-14,
                0.99999999999729,
                2.3286858729161595e-12,
                3.266131342778596e-13
            ],
            [
                0.0,
                6.928056932580458e-11,
                9.901823938467068e-11,
                0.999999963943478,
                3.588822341109092e-08
            ],
            [
                5.033534660108876e-09,
                1.0090194835532077e-09,
                1.4152091646975262e-10,
                0.999999779784585,
                2.1403134003264765e-07
            ]
        ],
        [
            [
                0.9999962733323112,
                3.726638839856132e-06,
                1.1399874687842228e-12,
                2.372986260611398e-11,
                3.978947233265763e-12
            ],
            [
                0.004692234245784757,
                0.9953077655425014,
                4.734571492519432e-12,
                2.013191026685784e-10,
                5.660210137881354e-12
            ],
            [
                1.6918914566497404e-10,
                0.999999992966853,
                8.440069222646961e-10,
                6.01762234207177e-09,
                2.3286858565444804e-12
            ],
            [
                9.717007563276374e-12,
                4.1317767539330494e-10,
                1.4152091295720043e-10,
                0.9999998741738506,
                1.25261733689892e-07
            ],
            [
                0.0,
                2.8369308982373763e-11,
                8.282535901431962e-11,
                0.9999993750137873,
                6.24875017995019e-07
            ]
        ],
        [
            [
                0.9999973925516659,
                2.607428039481699e-06,
                1.3628648853145197e-12,
                1.660309323459897e-11,
                2.3286814666044962e-12
            ],
            [
                0.14359910240827237,
                0.8564008949736401,
                2.429551968289897e-11,
                2.52286024838448e-09,
                7.09317643734585e-11
            ],
            [
                0.0,
                1.9115090585452945e-13,
                0.9999999999934546,
                5.6868956427840486e-12,
                6.671822180618083e-13
            ],
            [
                2.7839691943487734e-12,
                7.059827988515157e-10,
                6.928056928356084e-11,
                0.9999999633337293,
                3.5888223389208124e-08
            ],
            [
                2.3729863902156373e-11,
                8.440101676185772e-10,
                8.282536335241946e-11,
                0.9999997850180935,
                2.1403134115278273e-07
            ]
        ],
        [
            [
                0.9999973925426224,
                2.607428039458119e-06,
                1.6293135825571929e-12,
                2.3729818444363606e-11,
                3.978955006844971e-12
            ],
            [
                0.00013252938840272013,
                0.9998674705258819,
                1.947605810207861e-12,
                8.281430635964717e-11,
                9.53433141331698e-13
            ],
            [
                0.0,
                4.756893001286213e-12,
                0.9999999999726099,
                1.9849216156197986e-11,
                2.783969296350292e-12
            ],
            [
                3.588767887565403e-08,
                1.0880002907599936e-05,
                1.183760378873049e-10,
                0.9999890822669795,
                1.7240580338108615e-09
            ],
            [
                0.0,
                8.12791275672089e-12,
                4.0546422781873165e-11,
                0.9999996940489895,
                3.059023363099001e-07
            ]
        ],
        [
            [
                0.9999999640986084,
                3.588822341665827e-08,
                6.671821941134052e-13,
                9.717007278718293e-12,
                2.7839691964781734e-12
            ],
            [
                0.03863160678360255,
                0.961368392621553,
                1.116796403791747e-11,
                5.677147657504363e-10,
                1.5961709982035237e-11
            ],
            [
                0.0,
                1.1399918530128302e-12,
                0.9999999999723461,
                2.3729863345350982e-11,
                2.7839692963495577e-12
            ],
            [
                0.009475058007046018,
                0.006629434264810483,
                1.418907350114728e-09,
                0.9838955003885005,
                5.920735683675602e-09
            ],
            [
                0.0,
                9.717008129543704e-12,
                5.7950602190727735e-11,
                0.999999694031163,
                3.0590116938186676e-07
            ]
        ],
        [
            [
                0.999999562751643,
                4.3720601327304734e-07,
                1.6293167300526493e-12,
                3.39156904831824e-11,
                6.798719946621155e-12
            ],
            [
                0.00038682809186728546,
                0.999613171821383,
                2.327793154368166e-12,
                8.279329387859786e-11,
                1.6286920552342583e-12
            ],
            [
                0.0,
                3.3282528861778242e-12,
                0.9999999999751932,
                1.9849216156249262e-11,
                1.6293228808711903e-12
            ],
            [
                0.0,
                1.660312379802141e-11,
                5.795059622029113e-11,
                0.9999999486327293,
                5.129271709200939e-08
            ],
            [
                0.0,
                1.1616699345122452e-11,
                6.928004109327538e-11,
                0.9999962732802636,
                3.7266388396621693e-06
            ]
        ],
        [
            [
                0.9999962733378425,
                3.7266388398767456e-06,
                1.139983120091743e-12,
                1.9849064101037376e-11,
                2.3286769171128983e-12
            ],
            [
                0.9807077285204592,
                0.0192922713273181,
                3.902196039604639e-12,
                1.387910671147159e-10,
                9.529536490883932e-12
            ],
            [
                0.0,
                3.266131342745325e-13,
                0.9999999999871032,
                1.1616788336507351e-11,
                9.535640546163295e-13
            ],
            [
                0.0,
                4.0546419444563844e-11,
                4.847368557788135e-11,
                0.9999998501592181,
                1.4975176183710573e-07
            ],
            [
                0.0,
                2.3729863922506037e-11,
                6.92805735069394e-11,
                0.9999997858756482,
                2.1403134133632638e-07
            ]
        ],
        [
            [
                0.9999998502435955,
                1.4975176184974137e-07,
                2.7320066741906263e-13,
                3.978962414291428e-12,
                3.904680540273315e-13
            ],
            [
                0.9996131717453441,
                0.0003868280918378601,
                4.755033133591639e-12,
                1.4146612116656784e-10,
                1.6596696410329288e-11
            ],
            [
                3.5218238305600584e-09,
                0.9999999563597414,
                4.210362644447146e-09,
                3.5888223138924076e-08,
                1.984921529051673e-11
            ],
            [
                0.0,
                6.928030971521613e-11,
                9.901824606395011e-11,
                0.9999999121892165,
                8.764248494628032e-08
            ],
            [
                3.456089459402518e-10,
                1.2292420453663228e-08,
                8.282567750725697e-11,
                0.9999998825016038,
                1.0477754116452006e-07
            ]
        ],
        [
            [
                0.9999999975325602,
                2.4641221743306854e-09,
                1.9115090538412728e-13,
                2.328694750425132e-12,
                7.97620555769613e-13
            ],
            [
                0.10500062632975381,
                0.8949993727114299,
                3.035454628793793e-11,
                9.030708329613711e-10,
                2.5390536044131047e-11
            ],
            [
                0.0,
                1.3628726630400956e-12,
                0.9999999999879665,
                9.71700762745546e-12,
                9.535640546171527e-13
            ],
            [
                0.0,
                8.440101674645169e-10,
                2.890889236235669e-10,
                0.9999997848355598,
                2.1403134111371482e-07
            ],
            [
                5.686873775509205e-12,
                4.1317766551671016e-10,
                8.28253588833683e-11,
                0.9999999694791573,
                3.001915266507968e-08
            ]
        ],
        [
            [
                0.9999973925143597,
                2.6074280393844255e-06,
                2.3286814665176217e-12,
                4.84735953394297e-11,
                6.798706812739436e-12
            ],
            [
                0.07585817163360965,
                0.9241418279627412,
                8.979892120786025e-12,
                3.8183472921966024e-10,
                1.2834428300028618e-11
            ],
            [
                0.0,
                1.6603124649505833e-11,
                0.9999999999173184,
                5.7950599192263794e-11,
                8.127912336023795e-12
            ],
            [
                2.3729952979989496e-11,
                3.001926697158772e-08,
                2.0226822980595495e-10,
                0.9999999625606021,
                7.194132760981374e-09
            ],
            [
                0.0,
                2.0226746864243512e-10,
                1.1837738840949398e-10,
                0.9999998949022124,
                1.0477714276998311e-07
            ]
        ],
        [
            [
                0.9999973925292984,
                2.607428039423377e-06,
                1.9478621143250013e-12,
                3.391562496478686e-11,
                6.798706812841e-12
            ],
            [
                0.32865230575294646,
                0.6713476933774473,
                2.7220853086716154e-11,
                8.09842622087907e-10,
                3.2542701878437706e-11
            ],
            [
                3.4560762534836073e-10,
                0.9999999953426828,
                9.901824249376478e-11,
                4.2103628085794735e-09,
                2.3286858620770416e-12
            ],
            [
                0.0,
                6.928057499077401e-11,
                1.1837739215027644e-10,
                0.9999999265026903,
                7.330965170681125e-08
            ],
            [
                1.3887944659895034e-11,
                4.939584377140222e-10,
                1.415214618546328e-10,
                0.9999999380296242,
                6.132100799147995e-08
            ]
        ],
        [
            [
                0.9999996940776095,
                3.0590233631865497e-07,
                6.671822525631584e-13,
                1.660318884536958e-11,
                2.7839694403730406e-12
            ],
            [
                0.054313237912819515,
                0.945686761393274,
                1.3133650869754039e-11,
                6.676389269928923e-10,
                1.3133650869754039e-11
            ],
            [
                0.0,
                5.580728953616683e-13,
                0.9999999999864624,
                1.1616788336499908e-11,
                1.3628726630380456e-12
            ],
            [
                0.0,
                1.6918978973672651e-10,
                5.795081939668031e-11,
                0.9999999850771935,
                1.4695666085837302e-08
            ],
            [
                9.717008005408607e-12,
                4.93956544349183e-10,
                2.4181296535686034e-10,
                0.9999995620468328,
                4.372076807766632e-07
            ]
        ],
        [
            [
                0.9999999641044002,
                3.588822341686613e-08,
                3.2661312255477035e-13,
                5.686895438686741e-12,
                1.3628674151988455e-12
            ],
            [
                0.001612155171050949,
                0.9983878446190617,
                3.9725473152505445e-12,
                2.0194212338577917e-10,
                3.9725473152505445e-12
            ],
            [
                0.0,
                2.7319963358611544e-13,
                0.9999999999906455,
                8.127943342203898e-12,
                9.535604170684538e-13
            ],
            [
                0.0,
                1.388794362044761e-11,
                2.3729953450626107e-11,
                0.9999999823936204,
                1.7568761622921675e-08
            ],
            [
                0.0,
                3.4560764266756823e-10,
                9.90182474558008e-11,
                0.9999999262457224,
                7.330965168797301e-08
            ]
        ],
        [
            [
                0.9999999266801903,
                7.330965171982372e-08,
                6.671797035893834e-13,
                8.127912709681596e-12,
                1.362867526661087e-12
            ],
            [
                0.002302565366173553,
                0.9976974343845039,
                4.745936419310354e-12,
                2.4125598662454726e-10,
                3.3205995671362673e-12
            ],
            [
                2.89088914086333e-10,
                0.9999999902634854,
                8.440101396200659e-10,
                8.600631414982035e-09,
                2.7839692693203876e-12
            ],
            [
                2.8369310140945363e-11,
                1.0477714253817487e-07,
                4.0546575841644685e-11,
                0.9999998926898194,
                2.464122209731638e-09
            ],
            [
                0.0,
                4.847331805250107e-11,
                8.282473089592764e-11,
                0.99999238738304,
                7.612485661950789e-06
            ]
        ],
        [
            [
                0.9998674699423246,
                0.00013252989388583093,
                5.686136585466258e-12,
                1.4150256420396036e-10,
                1.6600971879416064e-11
            ],
            [
                0.003287670484110849,
                0.9967123293063543,
                3.9658774410732334e-12,
                2.0160306422620383e-10,
                3.9658774410732334e-12
            ],
            [
                0.0,
                1.1616788336012537e-11,
                0.9999999999445084,
                4.054657535692622e-11,
                3.3282655823770978e-12
            ],
            [
                2.78396914358563e-12,
                5.1292912577347814e-08,
                8.2825672818391e-11,
                0.9999999450996405,
                3.521837225621175e-09
            ],
            [
                0.0,
                1.6603092008598854e-11,
                4.054641830706912e-11,
                0.9999991068494063,
                8.930934442218968e-07
            ]
        ],
        [
            [
                0.999999998552584,
                1.4421317969444869e-09,
                3.2661313380599965e-13,
                3.3282655777444037e-12,
                1.6293228785533007e-12
            ],
            [
                0.9904617043038916,
                0.009538295378223106,
                8.05038354372229e-12,
                2.863314173290917e-10,
                2.3503513997437484e-11
            ],
            [
                1.4421317958097425e-09,
                0.9999999977657319,
                8.282536122621406e-11,
                7.059828231599181e-10,
                3.3282528788241785e-12
            ],
            [
                0.0,
                3.4560764266756823e-10,
                9.90182474558008e-11,
                0.9999999262457224,
                7.330965168797301e-08
            ],
            [
                1.6293228222565068e-12,
                6.928056932974264e-11,
                4.0546573899512495e-11,
                0.9999999640003203,
                3.588822341313089e-08
            ]
        ],
        [
            [
                0.9999999824250684,
                1.7568761623474175e-08,
                2.732006709630709e-13,
                4.75687477174264e-12,
                1.1399918330090764e-12
            ],
            [
                0.19332102972376397,
                0.8066789695591133,
                1.3393378711904892e-11,
                6.808445870509121e-10,
                2.288481647572158e-11
            ],
            [
                0.0,
                1.1399918530128302e-12,
                0.9999999999723461,
                2.3729863345350982e-11,
                2.7839692963495577e-12
            ],
            [
                5.795082279660608e-11,
                2.0611537126065067e-09,
                3.39156906241879e-11,
                0.9999999245370486,
                7.330993121737148e-08
            ],
            [
                0.0,
                4.131776705724662e-10,
                4.131776705724662e-10,
                0.9999997432968584,
                2.558767862642925e-07
            ]
        ],
        [
            [
                0.9999923874449312,
                7.6124856624219396e-06,
                3.3282275498488728e-12,
                5.7950158046614166e-11,
                8.12785046275212e-12
            ],
            [
                0.4999999994581058,
                0.4999999994581058,
                2.4236831948058843e-11,
                1.0305763186851515e-09,
                2.897528575062832e-11
            ],
            [
                2.890889160347524e-10,
                0.9999999970033473,
                2.418120327881139e-10,
                2.46412217302664e-09,
                1.6293166606674287e-12
            ],
            [
                0.0,
                8.282536519920318e-11,
                8.282536519920318e-11,
                0.9999999265246976,
                7.33096517084246e-08
            ],
            [
                1.7240645505784029e-09,
                4.1317453192483956e-10,
                8.282473072533136e-11,
                0.9999923853233292,
                7.6124566069983595e-06
            ]
        ],
        [
            [
                0.9999998502268584,
                1.4975176184723497e-07,
                7.976205333593398e-13,
                1.660312414342322e-11,
                3.978947235716741e-12
            ],
            [
                6.48832224704566e-05,
                0.9999351166757483,
                1.629217168452655e-12,
                9.901219623119075e-11,
                1.1399178889802743e-12
            ],
            [
                0.0,
                4.668088210085123e-13,
                0.9999999999855878,
                1.1616788336489748e-11,
                2.328694756137484e-12
            ],
            [
                0.0,
                9.901862006886341e-11,
                5.7950819903645194e-11,
                0.9999999938253852,
                6.01764530268939e-09
            ],
            [
                1.161674461619323e-11,
                4.131776992536601e-10,
                1.6918980091245097e-10,
                0.9999996935036797,
                3.059023361430885e-07
            ]
        ],
        [
            [
                0.9999981756142984,
                1.824346444273612e-06,
                1.362864815259889e-12,
                3.3915623222198346e-11,
                3.9789548023528115e-12
            ],
            [
                0.9988714732811668,
                0.0011285266143248134,
                1.6274841165715674e-12,
                9.890649640284898e-11,
                3.974472097197378e-12
            ],
            [
                1.6918979091374057e-10,
                0.9999998728246654,
                1.7240842419351346e-09,
                1.2526221135739443e-07,
                1.984921599862203e-11
            ],
            [
                1.1616744292762679e-11,
                8.440101674946136e-10,
                2.418129615859793e-10,
                0.9999997848712191,
                2.14031341121347e-07
            ],
            [
                0.0,
                3.391568893172772e-11,
                6.928030711345302e-11,
                0.9999998746350703,
                1.2526173374766517e-07
            ]
        ],
        [
            [
                0.9999777752983067,
                2.2224644093490277e-05,
                2.328632453577117e-12,
                4.847257509107088e-11,
                6.798563716907174e-12
            ],
            [
                0.0002706852493096229,
                0.9997293145735328,
                5.685355474749299e-12,
                1.6914397100286664e-10,
                2.328064081451816e-12
            ],
            [
                1.0090194632858476e-09,
                0.9999999981169749,
                2.8369201529833573e-11,
                8.440069266114346e-10,
                1.6293166624818806e-12
            ],
            [
                0.0,
                8.282535842793818e-11,
                4.8473685316703503e-11,
                0.9999999639804777,
                3.588822341241878e-08
            ],
            [
                0.0,
                1.3887943440128034e-11,
                3.391568810301011e-11,
                0.9999998502004345,
                1.4975176184327795e-07
            ]
        ],
        [
            [
                0.9999682358878047,
                3.176406534292352e-05,
                2.3286102398997643e-12,
                4.054510378573212e-11,
                3.978833303738004e-12
            ],
            [
                0.5883487701677069,
                0.41165122801626014,
                3.4095287734332145e-11,
                1.7332074336531935e-09,
                4.8730190811377536e-11
            ],
            [
                0.0,
                3.391568913576114e-11,
                0.9999999998602669,
                9.901862066642906e-11,
                6.798719676517858e-12
            ],
            [
                5.686873654743664e-12,
                2.8908890193876835e-10,
                1.691891380982373e-10,
                0.9999999482433182,
                5.1292717072035434e-08
            ],
            [
                0.0,
                1.1616788796418667e-11,
                4.054657696390152e-11,
                0.9999995627401556,
                4.372076810797894e-07
            ]
        ],
        [
            [
                0.9999946736629454,
                5.326254528738358e-06,
                1.6293074045980662e-12,
                6.927991375422385e-11,
                1.1616677993237363e-11
            ],
            [
                0.019292271326888457,
                0.9807077284986186,
                4.665117819871933e-12,
                1.6592559777665391e-10,
                3.9021960395177365e-12
            ],
            [
                0.0,
                6.79871967706503e-12,
                0.9999999999407485,
                4.847368705983042e-11,
                3.9789625356014804e-12
            ],
            [
                0.0,
                1.18377380633071e-10,
                1.691897835346555e-10,
                0.999999948419716,
                5.129271708108336e-08
            ],
            [
                5.905304113771667e-10,
                4.210362910058254e-09,
                1.415209166454736e-10,
                0.9999997810262455,
                2.1403134029840199e-07
            ]
        ],
        [
            [
                0.9999981756161718,
                1.8243464442770297e-06,
                1.139985288659048e-12,
                3.391562322226188e-11,
                2.3286813469088633e-12
            ],
            [
                0.0003868280917635244,
                0.999613171553251,
                4.7550512717243635e-12,
                3.4547513568446246e-10,
                4.7550512717243635e-12
            ],
            [
                2.41812946196559e-10,
