{
    "[['A', 'B', 'C', 'D', 'E'], ['A', 'B', 'C', 'D', 'E']]": [
        [
            [
                0.9999999998999236,
                9.901862067034258e-11,
                0.0,
                6.67182217999317e-13,
                3.9046806591587424e-13
            ],
            [
                0.9998105944282054,
                0.000189405558611256,
                1.1397765640930764e-12,
                9.715172557982968e-12,
                2.3282549791230203e-12
            ],
            [
                0.0,
                5.7950599190416894e-11,
                0.9999999998854481,
                4.847350214506102e-11,
                8.127912335764757e-12
            ],
            [
                0.0,
                6.671784105539452e-13,
                1.1399896959833397e-12,
                0.9999973925701533,
                2.6074280395299038e-06
            ],
            [
                0.0,
                4.756875101351073e-12,
                4.756875101351073e-12,
                0.99999969408815,
                3.0590233632187936e-07
            ]
        ],
        [
            [
                0.9999999789952807,
                2.1003565468862393e-08,
                1.598905581624811e-13,
                6.671822040522001e-13,
                3.2661312741832754e-13
            ],
            [
                0.999999850244439,
                1.4975233310859375e-07,
                3.266131243019324e-13,
                1.9478731711345645e-12,
                9.535640255008043e-13
            ],
            [
                1.9465409877436527e-11,
                0.9806640609546776,
                0.019291416261000484,
                4.45220725219139e-05,
                6.923345165888869e-10
            ],
            [
                0.0,
                1.3627401149445626e-12,
                3.327941887376656e-12,
                0.9999072688060787,
                9.273118923058632e-05
            ],
            [
                0.0,
                9.535640924143262e-13,
                2.78396940674344e-12,
                0.9999995627885814,
                4.372076811009615e-07
            ]
        ],
        [
            [
                0.9999999999389568,
                5.7950820257931684e-11,
                1.9115090584411217e-13,
                9.535640545704188e-13,
                1.9478657999834037e-12
            ],
            [
                1.641943822926996e-10,
                0.9704747559676155,
                0.0022397302117602024,
                0.027285493273004467,
                2.0383425527303078e-08
            ],
            [
                0.0,
                1.98491404358669e-11,
                0.9999999998857088,
                8.282536140180191e-11,
                1.1616744020883298e-11
            ],
            [
                0.0,
                2.328588208051134e-12,
                4.756675352450456e-12,
                0.9999546021404006,
                4.5397852514211974e-05
            ],
            [
                0.0,
                3.3282466541243065e-12,
                2.3286815124703812e-12,
                0.9999987235498422,
                1.276444500862379e-06
            ]
        ],
        [
            [
                0.9999999999937765,
                4.7568748553141504e-12,
                0.0,
                3.266131342766684e-13,
                1.1399918530371083e-12
            ],
            [
                0.9999777753498303,
                2.2224644094635394e-05,
                4.667963318968907e-13,
                3.9788712598523955e-12,
                1.6292792896053329e-12
            ],
            [
                0.0,
                1.415214536997048e-10,
                0.9999999996156643,
                2.02267465710397e-10,
                4.0546575343592724e-11
            ],
            [
                0.0,
                3.456089416718864e-10,
                1.1616788213061814e-11,
                0.9999999893606258,
                1.0282148419410612e-08
            ],
            [
                0.0,
                1.1398853298308164e-12,
                3.3279418873773975e-12,
                0.9999072688063014,
                9.273118923060699e-05
            ]
        ],
        [
            [
                0.9999999999585569,
                4.054642068488071e-11,
                6.547268238157859e-14,
                2.7319963357734887e-13,
                5.580728953460951e-13
            ],
            [
                0.9613683931245937,
                0.03863160680381673,
                6.53607041322422e-12,
                5.571184205399655e-11,
                9.341618580059505e-12
            ],
            [
                5.186430661023834e-11,
                0.8949742799749592,
                0.10499728975883797,
                2.842892366738841e-05,
                1.290671137722477e-09
            ],
            [
                0.0,
                1.3628674837857488e-12,
                9.535604308370972e-13,
                0.9999998952205407,
                1.0477714280333665e-07
            ],
            [
                0.0,
                2.783926669571927e-12,
                2.783926669571927e-12,
                0.9999844499259904,
                1.5550068441670607e-05
            ]
        ],
        [
            [
                0.9999999999752431,
                2.372986334541973e-11,
                7.827300552166279e-14,
                3.904680659453363e-13,
                5.580728953554072e-13
            ],
            [
                0.990461741741218,
                0.009538258207176674,
                4.711500606229474e-12,
                4.0159661848269755e-11,
                6.733868948851088e-12
            ],
            [
                0.0,
                1.984921615414054e-11,
                0.9999999998689562,
                8.282536140041437e-11,
                2.8369309799657987e-11
            ],
            [
                0.0,
                1.6286920553651496e-12,
                4.755051273381982e-12,
                0.9996131719017177,
                0.0003868280918983733
            ],
            [
                0.0,
                1.1837738498421222e-10,
                9.717007483529796e-12,
                0.9999999851762396,
                1.469566608729285e-08
            ]
        ],
        [
            [
                0.9999999999749145,
                2.372986334540876e-11,
                0.0,
                5.580728953551492e-13,
                7.976205577175785e-13
            ],
            [
                0.9999997859654306,
                2.1403134135554262e-07,
                3.2661314224288445e-13,
                1.9478658475990977e-12,
                9.53564077880348e-13
            ],
            [
                0.0,
                1.9803497044273328e-11,
                0.9976974199854368,
                0.0023025653329422427,
                1.4661817471244594e-08
            ],
            [
                0.0,
                2.836914644526293e-11,
                3.978954802380304e-12,
                0.9999981756212077,
                1.824346444286217e-06
            ],
            [
                0.0,
                3.3282593503801604e-12,
                2.7839640834404202e-12,
                0.9999987235433003,
                1.2764505874302243e-06
            ]
        ],
        [
            [
                0.9999999999649503,
                3.391568913930837e-11,
                0.0,
                4.668088209988349e-13,
                6.671822180427284e-13
            ],
            [
                0.9999998952209306,
                1.047771428033775e-07,
                2.2852211916377593e-13,
                1.1399918694946988e-12,
                5.58072903422343e-13
            ],
            [
                6.927740292111344e-11,
                0.9999544972359329,
                4.5397853163568865e-05,
                1.0477234877083255e-07,
                6.927740292111344e-11
            ],
            [
                0.0,
                3.391582007423679e-11,
                4.756893219570938e-12,
                0.9999999266513959,
                7.330993137237416e-08
            ],
            [
                0.0,
                5.686884994122991e-12,
                2.7839640834507984e-12,
                0.9999987235470282,
                1.2764445008587873e-06
            ]
        ],
        [
            [
                0.9999999987915709,
                1.206293746976799e-09,
                2.285221155899967e-13,
                9.53564053476313e-13,
                9.53564053476313e-13
            ],
            [
                0.999999850246814,
                1.4975176185022336e-07,
                1.5989055663725725e-13,
                7.976205333752568e-13,
                4.668088067570814e-13
            ],
            [
                0.0,
                1.9115090585344148e-13,
                0.9999999999877629,
                9.717007627453483e-12,
                2.3286947561425493e-12
            ],
            [
                0.0,
                2.8369309090024803e-11,
                6.798719506512976e-12,
                0.9999999748548409,
                2.5109990926045085e-08
            ],
            [
                0.0,
                6.928057499799373e-11,
                1.3887944501256866e-11,
                0.9999999266069002,
                7.330993136911218e-08
            ]
        ],
        [
            [
                0.9999999999968703,
                9.535604170742828e-13,
                0.0,
                2.285221158654087e-13,
                1.9478658000959936e-12
            ],
            [
                0.9976974345953922,
                0.002302565366660258,
                3.969797766792271e-12,
                2.830396659645386e-11,
                5.6737969808761345e-12
            ],
            [
                2.3286903935375906e-12,
                1.2764505862519964e-06,
                0.9999987226202514,
                8.440085666486221e-10,
                8.282520624421943e-11
            ],
            [
                0.0,
                6.671758808115375e-13,
                1.6293136200551413e-12,
                0.9999946737431743,
                5.32625452916568e-06
            ],
            [
                0.0,
                2.836920123358891e-11,
                4.756874796713531e-12,
                0.9999999876745004,
                1.22923733893493e-08
            ]
        ],
        [
            [
                0.9999999999895792,
                9.717044694984258e-12,
                4.580958759731578e-14,
                1.9115090585378868e-13,
                4.668088210103756e-13
            ],
            [
                0.9904617045892776,
                0.009538295380971416,
                2.306482301020291e-12,
                2.3503514004209654e-11,
                3.941008859581645e-12
            ],
            [
                1.4695666043957131e-08,
                0.9999999822273621,
                1.0090194472529188e-09,
                2.0611535858064207e-09,
                6.798719556636681e-12
            ],
            [
                0.0,
                4.75687473585775e-12,
                3.978962435890767e-12,
                0.9999999748812731,
                2.5109990926708798e-08
            ],
            [
                0.0,
                2.3286413367441367e-12,
                2.7839054331641093e-12,
                0.9999777753507927,
                2.2224644094656783e-05
            ]
        ],
        [
            [
                0.9999999999792022,
                1.984921615632698e-11,
                0.0,
                3.9046806594684565e-13,
                5.580728953575644e-13
            ],
            [
                0.9994472214194979,
                0.0005527785567079883,
                1.6284219897244338e-12,
                1.983824105529465e-11,
                2.3274071657198022e-12
            ],
            [
                2.3286413323079416e-12,
                2.222472883276816e-05,
                0.9999777734457777,
                1.7240447025071214e-09,
                9.901634903980143e-11
            ],
            [
                0.0,
                1.1399874688135903e-12,
                1.9478583089144156e-12,
                0.9999962733580723,
                3.726638839952135e-06
            ],
            [
                0.0,
                3.978780480639e-12,
                3.978780480639e-12,
                0.9999546021395282,
                4.5397852514172374e-05
            ]
        ],
        [
            [
                0.9999999999911322,
                8.12791233662311e-12,
                0.0,
                2.73199633586227e-13,
                4.668070402801274e-13
            ],
            [
                3.453341405608054e-10,
                0.9992056841326332,
                4.451716141408603e-06,
                0.0007898629625520849,
                8.433390482236407e-10
            ],
            [
                0.0,
                1.5989056151943003e-13,
                0.9999999999905722,
                8.127912336619196e-12,
                1.1399918530336077e-12
            ],
            [
                0.0,
                6.7987453685146435e-12,
                2.7839798165080927e-12,
                0.9999999641021939,
                3.5888223416786954e-08
            ],
            [
                0.0,
                8.127942925275636e-12,
                3.978962331696488e-12,
                0.9999999486949802,
                5.1292912761763265e-08
            ]
        ],
        [
            [
                0.999999999828868,
                1.6918979223255927e-10,
                1.911509058230686e-13,
                9.53564054465442e-13,
                7.976205576011953e-13
            ],
            [
                0.5883487711122428,
                0.41165122867712556,
                1.6691045575526752e-11,
                1.7008507858731813e-10,
                2.3855523519680872e-11
            ],
            [
                1.2764445000223109e-06,
                0.9999987228917117,
                6.928017776730908e-11,
                5.905292937406802e-10,
                3.9789550826320754e-12
            ],
            [
                0.0,
                3.978962302531642e-12,
                2.328685736380484e-12,
                0.9999991069002481,
                8.930934442673033e-07
            ],
            [
                0.0,
                2.8369308935967086e-11,
                4.7568747099001116e-12,
                0.9999998502151121,
                1.4975176184547593e-07
            ]
        ],
        [
            [
                0.999999999829585,
                1.691897922326535e-10,
                0.0,
                6.671822179523709e-13,
                5.580728952740301e-13
            ],
            [
                0.9999973925685076,
                2.6074280395256127e-06,
                3.2661127034438274e-13,
                2.3286814666437154e-12,
                7.976190485008495e-13
            ],
            [
                0.0,
                4.131776777301547e-10,
                0.9999999990389452,
                3.456089450168001e-10,
                2.0226823718436512e-10
            ],
            [
                0.0,
                2.3729862620514153e-11,
                6.798719469610625e-12,
                0.9999998502177095,
                1.4975176184586492e-07
            ],
            [
                0.0,
                1.691897835523009e-10,
                1.3887943150068352e-11,
                0.9999999485240094,
                5.1292912752993675e-08
            ]
        ],
        [
            [
                0.9999999991521396,
                8.440101471221801e-10,
                2.7320067553291805e-13,
                1.9478657984507895e-12,
                1.6293228795301702e-12
            ],
            [
                0.9999999949644984,
                5.033534543136228e-09,
                1.5989056071580828e-13,
                1.1399918473039247e-12,
                6.671822147065783e-13
            ],
            [
                8.127679319830448e-12,
                3.176406520123683e-05,
                0.9999682314273494,
                4.2102421224638386e-09,
                2.890795263380586e-10
            ],
            [
                0.0,
                1.6291706335828294e-12,
                5.686364247429475e-12,
                0.9999072688034542,
                9.273118923034293e-05
            ],
            [
                0.0,
                3.978962494895881e-12,
                3.3282528520144773e-12,
                0.9999999897105444,
                1.0282148423008527e-08
            ]
        ],
        [
            [
                0.9999999999704945,
                2.8369201582416443e-11,
                7.82730055212911e-14,
                3.904680659434821e-13,
                6.671796729531613e-13
            ],
            [
                0.9999999913982863,
                8.600631424742038e-09,
                1.3374296528709752e-13,
                5.580728905688401e-13,
                3.904680625963085e-13
            ],
            [
                0.0,
                3.588808647240548e-08,
                0.9999999629337042,
                1.0090194277852426e-09,
                1.6918978599027417e-10
            ],
            [
                0.0,
                1.941467514564301e-12,
                6.776387466600452e-12,
                0.9967123295065111,
                0.003287670484771069
            ],
            [
                0.0,
                1.3628597177588851e-12,
                2.3286815201737862e-12,
                0.9999946737417793,
                5.32625452915825e-06
            ]
        ],
        [
            [
                0.9999999999499278,
                4.8473687060275376e-11,
                1.337429664308194e-13,
                7.976205576977551e-13,
                6.671822180327681e-13
            ],
            [
                0.9999991068991305,
                8.930968511539231e-07,
                3.266131151274901e-13,
                2.328694619625936e-12,
                1.3628725831432321e-12
            ],
            [
                0.0,
                1.2062937463917527e-09,
                0.9999999983065759,
                3.4560894476368677e-10,
                1.415214535144407e-10
            ],
            [
                0.0,
                2.8369148461292976e-11,
                4.756865947990494e-12,
                0.9999987235223732,
                1.2764445008273162e-06
            ],
            [
                0.0,
                9.534713144070727e-13,
                1.947683787467273e-12,
                0.9999072688078681,
                9.273118923075227e-05
            ]
        ],
        [
            [
                0.9999999999392752,
                5.7950820257950134e-11,
                1.9115090584417304e-13,
                9.535640545707225e-13,
                1.6293228808126685e-12
            ],
            [
                0.9999973925584208,
                2.6074379860668963e-06,
                4.66807937727039e-13,
                2.328690349851993e-12,
                7.97619048492804e-13
            ],
            [
                0.0,
                1.3887943862832874e-11,
                0.999999999846547,
                9.901862066507053e-11,
                4.054642068033911e-11
            ],
            [
                0.0,
                5.580473610602493e-13,
                1.6292483321668033e-12,
                0.9999546021452983,
                4.539785251443433e-05
            ],
            [
                0.0,
                6.671822276938089e-13,
                7.976236119343985e-13,
                0.9999998952209926,
                1.047775424972265e-07
            ]
        ],
        [
            [
                0.9999999999647471,
                3.391568913930466e-11,
                1.1187097391288568e-13,
                5.580728953495496e-13,
                6.671822180426552e-13
            ],
            [
                0.9726532564324942,
                0.02734674350692098,
                5.531359144260006e-12,
                4.7147932550642096e-11,
                7.90564423089068e-12
            ],
            [
                0.0,
                1.4695610006259424e-08,
                0.9999999837048401,
                1.0090194487437229e-09,
                5.905303902716167e-10
            ],
            [
                0.0,
                8.12789653957127e-12,
                2.7839638856017344e-12,
                0.9999981756426438,
                1.8243464443253241e-06
            ],
            [
                0.0,
                2.8369201165384623e-11,
                5.686895559055198e-12,
                0.9999999852703338,
                1.4695610029265309e-08
            ]
        ],
        [
            [
                0.9999999996528968,
                3.456089452289873e-10,
                1.5989056146543892e-13,
                6.671822178345943e-13,
                6.671822178345943e-13
            ],
            [
                0.9999072688008457,
                9.273118923010102e-05,
                7.975460264068522e-13,
                6.798084390901258e-12,
                2.328468275650764e-12
            ],
            [
                0.0,
                5.686895642205031e-12,
                0.9999999998916385,
                8.282536140229305e-11,
                1.9849216154590765e-11
            ],
            [
                0.0,
                4.054642167345684e-11,
                6.798719842948011e-12,
                0.9999997859213136,
                2.140313413461002e-07
            ],
            [
                0.0,
                3.3282530583985177e-12,
                1.947865900846448e-12,
                0.9999996940923875,
                3.059023363231757e-07
            ]
        ],
        [
            [
                0.9999999999822087,
                1.6603124650581358e-11,
                0.0,
                3.904680659480124e-13,
                7.976205577234138e-13
            ],
            [
                0.9864231199274092,
                0.013576880001916881,
                3.924925534649696e-12,
                5.716380894505597e-11,
                9.585080658983512e-12
            ],
            [
                1.6917398690236894e-10,
                0.9999070545472745,
                9.273110303581696e-05,
                2.1401134177352024e-07,
                1.6917398690236894e-10
            ],
            [
                0.0,
                2.3286858057833745e-12,
                2.7839692161610257e-12,
                0.9999993751222529,
                6.248726343583202e-07
            ],
            [
                0.0,
                7.967204070522034e-13,
                3.3245094851084654e-12,
                0.0011285266144381032,
                0.9988714733814407
            ]
        ],
        [
            [
                0.9999999999302627,
                6.928030753508037e-11,
                0.0,
                2.2852211585019505e-13,
                2.2852211585019505e-13
            ],
            [
                0.9999995627885623,
                4.372060132891886e-07,
                4.668070587818776e-13,
                3.328253018144869e-12,
                1.6293167301128025e-12
            ],
            [
                0.0,
                1.0090194634719678e-09,
                0.9999999983014316,
                5.905303988913477e-10,
                9.901862051207535e-11
            ],
            [
                0.0,
                1.9478659008483952e-12,
                2.3286948766140893e-12,
                0.9999996940933871,
                3.059023363234814e-07
            ],
            [
                0.0,
                6.798719328683594e-12,
                1.947865700173941e-12,
                0.9999999486985365,
                5.129271709538482e-08
            ]
        ],
        [
            [
                0.9999999997571623,
                2.4181295589546277e-10,
                0.0,
                4.668088209018447e-13,
                5.580728952336584e-13
            ],
            [
                0.999999785964374,
                2.1403134135531646e-07,
                3.2661314224253937e-13,
                2.3286948129515144e-12,
                1.6293229206393216e-12
            ],
            [
                2.0226709744932478e-10,
                0.9999984173685778,
                1.2764445665311376e-06,
                3.059017634389461e-07,
                8.282521058229021e-11
            ],
            [
                0.0,
                1.947865877287659e-12,
                1.947865877287659e-12,
                0.9999995627884232,
                4.3720768110089236e-07
            ],
            [
                0.0,
                2.783964028658385e-12,
                5.686884882196922e-12,
                0.9999973925634896,
                2.6074280395125286e-06
            ]
        ],
        [
            [
                0.9999999999873255,
                1.1616744022062453e-11,
                0.0,
                3.9046806595001033e-13,
                6.671822180576444e-13
            ],
            [
                0.9999973925570789,
                2.6074379860633976e-06,
                4.668079377264125e-13,
                3.3282592848663044e-12,
                1.1399896959684349e-12
            ],
            [
                1.6918915608496235e-10,
                0.9999969551129899,
                2.607428142210742e-06,
                4.3720685372130123e-07,
                8.282504997668316e-11
            ],
            [
                0.0,
                2.3729862749495302e-11,
                3.978947257307483e-12,
                0.9999999748623962,
                2.510989513940377e-08
            ],
            [
                0.0,
                1.9292859147274433e-12,
                9.624321115032616e-12,
                0.9904617046073014,
                0.009538295381144988
            ]
        ],
        [
            [
                0.9999999999576461,
                4.054657535745116e-11,
                0.0,
                6.6718221803779e-13,
                1.1399918529958542e-12
            ],
            [
                0.9999998502464716,
                1.497517618501721e-07,
                1.598905566372025e-13,
                1.139991818224176e-12,
                4.668088067569216e-13
            ],
            [
                0.0,
                3.2661188834543643e-13,
                0.9999999999832998,
                1.1616744022016989e-11,
                4.756874855264949e-12
            ],
            [
                0.0,
                1.388794458306653e-11,
                4.7568751013076375e-12,
                0.9999996940790189,
                3.0590233631908616e-07
            ],
            [
                0.0,
                4.725035672506885e-12,
                9.6519687960084e-12,
                0.9933071488849768,
                0.0066928511006459634
            ]
        ],
        [
            [
                0.9999999997946027,
                2.0226746574659044e-10,
                2.285221158192117e-13,
                9.53564054432768e-13,
                1.9478657997022213e-12
            ],
            [
                0.9998105944296436,
                0.00018940555861152842,
                6.670536752206422e-13,
                9.715172557996941e-12,
                1.3626100848200485e-12
            ],
            [
                0.0,
                2.4641315688092053e-09,
                0.9999999953331933,
                2.0611536128195525e-09,
                1.4152145309364328e-10
            ],
            [
                0.0,
                9.716988741894468e-12,
                5.686884589945366e-12,
                0.9999981756381519,
                1.824346444317129e-06
            ],
            [
                0.0,
                1.9478656858954604e-12,
                1.3628673842124397e-12,
                0.999999106903245,
                8.930934442699798e-07
            ]
        ],
        [
            [
                0.9999999999909626,
                8.127943342206474e-12,
                7.82730055228932e-14,
                2.731996335862021e-13,
                5.580728953641798e-13
            ],
            [
                0.9953077656805542,
                0.004692234246435587,
                5.660188546719491e-12,
                5.767866859505805e-11,
                9.67141100268173e-12
            ],
            [
                0.0,
                6.017645298863197e-09,
                0.9999999931895562,
                5.905303958726299e-10,
                2.0226823600121953e-10
            ],
            [
                0.0,
                9.901824120492851e-11,
                5.686873848570612e-12,
                0.9999999823265332,
                1.7568761621743035e-08
            ],
            [
                0.0,
                2.3286857534669993e-12,
                2.3286857534669993e-12,
                0.9999999487026257,
                5.1292717095594564e-08
            ]
        ],
        [
            [
                0.9999999998567275,
                1.4152145373378807e-10,
                0.0,
                7.976205576232344e-13,
                9.5356405449179e-13
            ],
            [
                0.9999997859667786,
                2.1403134135583114e-07,
                2.7320068242665193e-13,
                1.1399918808434712e-12,
                4.668088323985429e-13
            ],
            [
                0.0,
                6.671822180596404e-13,
                0.9999999999902052,
                6.798719677401272e-12,
                2.3286947561482366e-12
            ],
            [
                0.0,
                3.978962435896451e-12,
                3.3282654989647493e-12,
                0.9999999748827018,
                2.510999092674467e-08
            ],
            [
                0.0,
                1.3887943050428819e-11,
                4.756874576351181e-12,
                0.999999106884504,
                8.930968511408602e-07
            ]
        ],
        [
            [
                0.9999999999843048,
                1.3887943864744492e-11,
                0.0,
                6.671822180556291e-13,
                1.1399918530263353e-12
            ],
            [
                0.9999991069000769,
                8.930968511547683e-07,
                3.2661311512779916e-13,
                1.9478731164213677e-12,
                7.976205109692504e-13
            ],
            [
                0.0,
                9.901862063847708e-11,
                0.9999999995779767,
                2.890889167790492e-10,
                3.391568912618707e-11
            ],
            [
                0.0,
                4.756874796832648e-12,
                3.328252845321351e-12,
                0.9999999876995415,
                1.2292373389657116e-08
            ],
            [
                0.0,
                3.328246654122791e-12,
                2.783964083457365e-12,
                0.9999987235493869,
                1.2764445008617978e-06
            ]
        ],
        [
            [
                0.9999999999296774,
                6.928057181894905e-11,
                9.357622968182122e-14,
                5.580728953299782e-13,
                3.9046806592754433e-13
            ],
            [
                0.01929227132661416,
                0.9807077284846749,
                1.1392621093221778e-11,
                1.659255977742948e-10,
                1.1392621093221778e-11
            ],
            [
                0.0,
                1.388794386390507e-11,
                0.9999999999237503,
                4.8473687059006455e-11,
                1.388794386390507e-11
            ],
            [
                0.0,
                9.901862521488192e-11,
                4.756893219261251e-12,
                0.9999999265862931,
                7.330993136760147e-08
            ],
            [
                0.0,
                2.7839638856150965e-12,
                3.328246417601109e-12,
                0.9999981756474435,
                1.8243464443340803e-06
            ]
        ],
        [
            [
                0.9999999999282432,
                6.928057181884968e-11,
                1.598905615094642e-13,
                9.535640545602026e-13,
                1.3628674640219955e-12
            ],
            [
                0.9999998952212769,
                1.0477714280341379e-07,
                1.5989056382825023e-13,
                9.535604308377992e-13,
                4.668088277515599e-13
            ],
            [
                0.0,
                1.984921615450148e-11,
                0.9999999998871403,
                6.928057181600205e-11,
                2.372986334332906e-11
            ],
            [
                0.0,
                5.580728792810244e-13,
                1.362867424830868e-12,
                0.9999993751254448,
                6.248726343603148e-07
            ],
            [
                0.0,
                3.978932246130876e-12,
                2.783948103562386e-12,
                0.9999923875075741,
                7.6124856628988115e-06
            ]
        ],
        [
            [
                0.9999999999848868,
                1.3887943864752574e-11,
                0.0,
                5.580728953607266e-13,
                6.671822180560174e-13
            ],
            [
                0.9999996940945808,
                3.059011694012664e-07,
                5.580729242341268e-13,
                2.3286859933678342e-12,
                1.3628675346106499e-12
            ],
            [
                0.0,
                5.580728953559772e-13,
                0.9999999999762645,
                1.9849216156270526e-11,
                3.3282655824827907e-12
            ],
            [
                0.0,
                6.798408605825431e-12,
                6.798408605825431e-12,
                0.9999546021338893,
                4.539785251391636e-05
            ],
            [
                0.0,
                3.2624453666271563e-13,
                1.361329406872499e-12,
                0.0011285266144408495,
                0.9988714733838715
            ]
        ],
        [
            [
                0.9999999999912084,
                8.127912336623458e-12,
                0.0,
                2.7319963358623863e-13,
                3.904680659515265e-13
            ],
            [
                0.9999973925576995,
                2.6074379860650155e-06,
                3.9046881663476475e-13,
                2.7839640286422653e-12,
                1.1399896959691425e-12
            ],
            [
                0.0,
                5.129291262219542e-08,
                0.9999999459739837,
                1.7240841625238528e-09,
                1.0090194106725542e-09
            ],
            [
                0.0,
                1.1399178890912035e-12,
                3.3280369454710745e-12,
                0.9999351167730552,
                6.48832224767706e-05
            ],
            [
                0.0,
                9.53563998717165e-13,
                1.3628725831455517e-12,
                0.9999991069008325,
                8.930968511554431e-07
            ]
        ],
        [
            [
                0.9999999999880955,
                9.717007627455161e-12,
                0.0,
                5.580728953624906e-13,
                1.629322880891952e-12
            ],
            [
                0.9999998502449668,
                1.4975233310867279e-07,
                2.732006674194373e-13,
                1.6293228311427353e-12,
                7.976205333737835e-13
            ],
            [
                1.5550068120446145e-05,
                0.999984429268881,
                1.028199088088792e-08,
                1.028199088088792e-08,
                9.901672478779852e-11
            ],
            [
                0.0,
                3.3915688287534485e-11,
                5.686895499798158e-12,
                0.9999999748504065,
                2.5109990925933737e-08
            ],
            [
                0.0,
                5.579675021759443e-13,
                2.783443538202887e-12,
                0.9998105937156561,
                0.00018940628100251375
            ]
        ],
        [
            [
                0.9999999999817901,
                1.6603124650574046e-11,
                0.0,
                4.668088210066772e-13,
                1.1399918530234438e-12
            ],
            [
                0.9967123294742479,
                0.0032876704846646486,
                3.3173203504989236e-12,
                3.380415504593772e-11,
                3.965877441741275e-12
            ],
            [
                7.194050267227522e-09,
                0.9999890917316322,
                1.0880001713569263e-05,
                2.100332427978387e-08,
                6.927977480287055e-11
            ],
            [
                0.0,
                1.3887838143355555e-11,
                3.3282275500225734e-12,
                0.999992387497121,
                7.612485662819236e-06
            ],
            [
                0.0,
                1.947865828203933e-12,
                3.328252934276691e-12,
                0.999999895217581,
                1.0477714280302655e-07
            ]
        ],
        [
            [
                0.9999999989884729,
                1.009019464165206e-09,
                1.911509056624263e-13,
                9.535640536640716e-13,
                1.3628674627412134e-12
            ],
            [
                1.0880043498158037e-05,
                0.9999891175213979,
                3.4560497829074695e-10,
                2.061129963570655e-09,
                2.8368984167408534e-11
            ],
            [
                0.0,
                1.9849216148317934e-11,
                0.9999999995756144,
                2.0226823729291624e-10,
                2.0226823729291624e-10
            ],
            [
                0.0,
                8.440101677003096e-10,
                9.717007856247748e-12,
                0.9999997851149316,
                2.1403134117350915e-07
            ],
            [
                0.0,
                3.3281447885960276e-12,
                1.947802535755915e-12,
                0.9999682359293799,
                3.176406534424416e-05
            ]
        ],
        [
            [
                0.999999999979279,
                1.984921615633036e-11,
                7.827300552197868e-14,
                3.26613134271977e-13,
                4.668088210055674e-13
            ],
            [
                0.9904617417097226,
                0.00953825820687337,
                6.733868948636959e-12,
                6.861946569752106e-11,
