{
    "[['A', 'B', 'C', 'D', 'E'], ['A', 'B', 'C', 'D', 'E']]": [
        [
            [
                0.0,
                0.0,
                9.357622964213966e-14,
                4.9395840919617e-10,
                0.9999999995059481
            ],
            [
                0.0,
                0.0,
                1.3625035598172028e-12,
                0.0002706852493570817,
                0.9997293147492804
            ],
            [
                0.0,
                1.337429664355134e-13,
                0.9999999999850249,
                1.3887943864756046e-11,
                9.535640546143476e-13
            ],
            [
                0.0,
                0.0,
                5.47656513574132e-14,
                1.724084252696225e-09,
                0.999999998275861
            ],
            [
                0.0,
                0.0,
                1.3374296969895922e-13,
                2.1403215782227648e-07,
                0.9999997859677084
            ]
        ],
        [
            [
                0.0,
                0.0,
                2.2852298063061153e-13,
                1.497523331090087e-07,
                0.9999998502474384
            ],
            [
                0.0,
                1.563358077060128e-12,
                3.254270190562714e-11,
                0.6713476939383584,
                0.32865230602753553
            ],
            [
                0.0,
                7.827330409242041e-14,
                0.9999999997499807,
                2.418129558937451e-10,
                8.127943340247787e-12
            ],
            [
                0.0,
                0.0,
                1.1187139786238716e-13,
                2.510999092691363e-08,
                0.9999999748898973
            ],
            [
                0.0,
                0.0,
                4.5809412793141455e-14,
                1.2062891453422497e-09,
                0.999999998793665
            ]
        ],
        [
            [
                0.0,
                0.0,
                6.547243182146443e-14,
                1.2292373389750893e-08,
                0.999999987707561
            ],
            [
                0.0,
                0.0,
                9.53474951619647e-13,
                9.273118923087102e-05,
                0.9999072688098156
            ],
            [
                0.0,
                6.649881725408555e-13,
                0.9967122545562785,
                0.0032876580887886936,
                8.735426768469718e-08
            ],
            [
                0.0,
                0.0,
                1.3374296836758173e-13,
                1.0477754249731706e-07,
                0.9999998952223237
            ],
            [
                0.0,
                0.0,
                6.547293049917124e-14,
                2.5109990926914796e-08,
                0.9999999748899437
            ]
        ],
        [
            [
                0.0,
                0.0,
                6.547243260734866e-14,
                2.890889168173472e-10,
                0.9999999997108455
            ],
            [
                0.0,
                0.0,
                1.911498149854648e-13,
                2.607428039532662e-06,
                0.9999973925717693
            ],
            [
                0.0,
                0.0,
                3.978962593245327e-12,
                0.9999998952188782,
                1.0477714280313383e-07
            ],
            [
                0.0,
                0.0,
                1.337429595773798e-13,
                5.129291276235738e-08,
                0.9999999487069535
            ],
            [
                0.0,
                0.0,
                7.827300414841437e-14,
                1.7568694604197543e-08,
                0.9999999824312272
            ]
        ],
        [
            [
                0.0,
                0.0,
                5.4765442491640965e-14,
                8.440069274882806e-10,
                0.9999999991559383
            ],
            [
                0.0,
                2.7987009754484397e-12,
                5.825747338592831e-11,
                0.41165122873869847,
                0.5883487712002453
            ],
            [
                0.0,
                3.2661313347805985e-13,
                1.0090194627122675e-09,
                0.9999999975485221,
                1.4421317954964973e-09
            ],
            [
                0.0,
                0.0,
                2.731991166481814e-13,
                2.6074280395326863e-06,
                0.9999973925716873
            ],
            [
                0.0,
                0.0,
                7.827330314978518e-14,
                1.2292420281522756e-08,
                0.9999999877075013
            ]
        ],
        [
            [
                0.0,
                0.0,
                7.827330343874518e-14,
                8.600664233614133e-09,
                0.9999999913992575
            ],
            [
                0.0,
                1.2197712156841294e-12,
                3.035454631608394e-11,
                0.10500062642711479,
                0.8949993735413108
            ],
            [
                0.0,
                0.0,
                1.6293229206432026e-12,
                0.9999997859670293,
                2.1403134135582632e-07
            ],
            [
                0.0,
                0.0,
                1.5989117535526282e-13,
                2.1403215782225454e-07,
                0.9999997859676822
            ],
            [
                0.0,
                0.0,
                3.831785329391356e-14,
                5.129271709580286e-08,
                0.9999999487072446
            ]
        ],
        [
            [
                0.0,
                0.0,
                4.580941245441098e-14,
                8.600631424748144e-09,
                0.9999999913993228
            ],
            [
                0.0,
                1.2197665590473893e-12,
                3.0354546226802246e-11,
                0.10500027564146065,
                0.8949997243269652
            ],
            [
                0.0,
                9.357622967859505e-14,
                0.9999999998952009,
                9.901862066988819e-11,
                5.6868956422252905e-12
            ],
            [
                0.0,
                0.0,
                4.580941228529152e-14,
                1.2292373389751136e-08,
                0.9999999877075808
            ],
            [
                0.0,
                0.0,
                5.476544250551089e-14,
                5.905281468550818e-10,
                0.9999999994094171
            ]
        ],
        [
            [
                0.0,
                0.0,
                9.357622929435944e-14,
                4.2103628104589535e-09,
                0.9999999957895436
            ],
            [
                0.0,
                0.0,
                3.266106479501238e-13,
                7.61248566294273e-06,
                0.9999923875140105
            ],
            [
                0.0,
                2.73200670493661e-13,
                1.756876159328775e-08,
                0.999999980706881,
                1.7240842224062943e-09
            ],
            [
                0.0,
                0.0,
                3.266125162707935e-13,
                2.6074280395329124e-06,
                0.9999973925716339
            ],
            [
                0.0,
                0.0,
                4.580941276942156e-14,
                1.724084252696148e-09,
                0.9999999982758698
            ]
        ],
        [
            [
                0.0,
                0.0,
                4.580941281606457e-14,
                7.059855173545517e-10,
                0.9999999992939688
            ],
            [
                0.0,
                0.0,
                2.285212370063708e-13,
                3.7266388399621947e-06,
                0.9999962733609316
            ],
            [
                0.0,
                0.0,
                3.3264126165261115e-12,
                0.9994472214399545,
                0.0005527785567190866
            ],
            [
                0.0,
                0.0,
                1.1187139665662686e-13,
                3.5888223417115126e-08,
                0.9999999641116648
            ],
            [
                0.0,
                0.0,
                1.3374245951113152e-13,
                2.1403134135617067e-07,
                0.9999997859685249
            ]
        ],
        [
            [
                0.0,
                0.0,
                6.547243259393548e-14,
                4.939565248979545e-10,
                0.9999999995059781
            ],
            [
                0.0,
                0.0,
                9.53502186323549e-13,
                6.488322247696836e-05,
                0.9999351167765697
            ],
            [
                0.0,
                1.337429663181349e-13,
                4.8473687019434095e-11,
                0.9999999991073825,
                8.440101470844048e-10
            ],
            [
                0.0,
                0.0,
                1.1187139665665608e-13,
                3.58882234171245e-08,
                0.9999999641116648
            ],
            [
                0.0,
                0.0,
                6.547243206317944e-14,
                8.600631424748434e-09,
                0.9999999913993031
            ]
        ],
        [
            [
                0.0,
                0.0,
                2.2852168796086353e-13,
                1.2764445008689593e-06,
                0.9999987235552705
            ],
            [
                0.0,
                0.0,
                3.904620872898294e-13,
                1.5550068441745044e-05,
                0.9999844499311679
            ],
            [
                0.0,
                1.9115090569374287e-13,
                1.4152145363412945e-10,
                0.9999999991523045,
                7.059828241388146e-10
            ],
            [
                0.0,
                0.0,
                1.1187096735794883e-13,
                8.93093444272488e-07,
                0.9999991069064439
            ],
            [
                0.0,
                0.0,
                1.5989117376365555e-13,
                1.0477754249735151e-07,
                0.9999998952222976
            ]
        ],
        [
            [
                0.0,
                0.0,
                5.476565098080989e-14,
                8.60066423361554e-09,
                0.9999999913992811
            ],
            [
                0.0,
                0.0,
                9.53520424846847e-13,
                4.539785251448166e-05,
                0.9999546021465321
            ],
            [
                0.0,
                0.0,
                1.9849216115431585e-11,
                0.9999999979189971,
                2.0611536181488972e-09
            ],
            [
                0.0,
                0.0,
                1.1187096817861419e-13,
                5.129271709581096e-08,
                0.9999999487071711
            ],
            [
                0.0,
                0.0,
                1.5989117879500482e-13,
                7.33099313751689e-08,
                0.9999999266899088
            ]
        ],
        [
            [
                0.0,
                0.0,
                1.3374297173760226e-13,
                4.37207681102333e-07,
                0.9999995627921852
            ],
            [
                0.0,
                0.0,
                7.975840630622215e-13,
                4.5397852514491346e-05,
                0.999954602146688
            ],
            [
                0.0,
                6.671822509320682e-13,
                3.059023355708019e-07,
                0.9999996916328655,
                2.4641317016937875e-09
            ],
            [
                0.0,
                0.0,
                6.547243027659988e-14,
                3.5888086514675084e-08,
                0.999999964111848
            ],
            [
                0.0,
                0.0,
                6.547243235061752e-14,
                4.2103628104596624e-09,
                0.9999999957895718
            ]
        ],
        [
            [
                0.0,
                0.0,
                4.5809412825769985e-14,
                4.939584091961621e-10,
                0.9999999995059958
            ],
            [
                0.0,
                1.7433401515564013e-12,
                3.628905193626088e-11,
                0.8949993735355309,
                0.10500062642643669
            ],
            [
                0.0,
                0.0,
                1.3628673942121188e-12,
                0.9999999487057243,
                5.129291276230035e-08
            ],
            [
                0.0,
                0.0,
                5.476543972877664e-14,
                5.129271709581061e-08,
                0.9999999487072282
            ],
            [
                0.0,
                0.0,
                6.547293191261094e-14,
                3.5218374065661017e-09,
                0.999999996478097
            ]
        ],
        [
            [
                0.0,
                0.0,
                6.547293308808533e-14,
                1.0477754249732422e-07,
                0.999999895222392
            ],
            [
                0.0,
                0.0,
                4.667874624429674e-13,
                4.539785251450376e-05,
                0.9999546021470187
            ],
            [
                0.0,
                0.0,
                5.686895903812775e-12,
                0.9999999266843818,
                7.330993137477833e-08
            ],
            [
                0.0,
                0.0,
                1.875816577895427e-14,
                1.2292326498159111e-08,
                0.9999999877076547
            ],
            [
                0.0,
                0.0,
                9.35758770191606e-14,
                7.33096517205415e-08,
                0.9999999266902547
            ]
        ],
        [
            [
                0.0,
                0.0,
                7.827300536223681e-14,
                2.0611457555273106e-09,
                0.9999999979387759
            ],
            [
                0.0,
                0.0,
                3.2830653160813715e-12,
                0.01357693109143137,
                0.9864230689052856
            ],
            [
                0.0,
                4.66808821001247e-13,
                0.999999999970024,
                2.836930980252521e-11,
                1.1399918530101829e-12
            ],
            [
                0.0,
                0.0,
                1.9115018424937548e-13,
                4.3720768110226805e-07,
                0.9999995627921278
            ],
            [
                0.0,
                0.0,
                9.357623398345249e-14,
                7.330993137517845e-08,
                0.9999999266899751
            ]
        ],
        [
            [
                0.0,
                0.0,
                1.1187097195133024e-13,
                1.7568761623572408e-08,
                0.9999999824311264
            ],
            [
                0.0,
                2.727591597211482e-13,
                4.7492054487740625e-12,
                0.0016121490314235402,
                0.9983878509635544
            ],
            [
                0.0,
                0.0,
                2.783969133188804e-12,
                0.9999991069003649,
                8.930968511548214e-07
            ],
            [
                0.0,
                0.0,
                1.1187097664498941e-13,
                2.1403134135610966e-07,
                0.9999997859685468
            ],
            [
                0.0,
                0.0,
                4.5809412655529056e-14,
                4.21036281045997e-09,
                0.9999999957895913
            ]
        ],
        [
            [
                0.0,
                0.0,
                6.547243257101186e-14,
                8.44006927487924e-10,
                0.9999999991559276
            ],
            [
                0.0,
                2.4791096307489377e-12,
                5.1604892627378e-11,
                0.25513118796423595,
                0.7448688119816801
            ],
            [
                0.0,
                2.2852211586333594e-13,
                0.9999999999876881,
                1.1616788336514147e-11,
                4.668088210094927e-13
            ],
            [
                0.0,
                0.0,
                3.9046656427659123e-13,
                3.7266388399601068e-06,
                0.9999962733607696
            ],
            [
                0.0,
                0.0,
                7.827330770464298e-14,
                7.330993137516929e-08,
                0.9999999266899904
            ]
        ],
        [
            [
                0.0,
                0.0,
                7.827300550094104e-14,
                2.8908891681736203e-10,
                0.9999999997108329
            ],
            [
                0.0,
                0.0,
                1.139683112032587e-12,
                0.0002706852493572251,
                0.999729314749503
            ],
            [
                0.0,
                7.274510182971769e-12,
                0.8949993495169805,
                0.10500062360859914,
                2.6867145748339952e-08
            ],
            [
                0.0,
                0.0,
                1.337429725761641e-13,
                7.330993137517082e-08,
                0.9999999266899349
            ],
            [
                0.0,
                0.0,
                6.547268210859731e-14,
                4.21037887174946e-09,
                0.9999999957895556
            ]
        ],
        [
            [
                0.0,
                0.0,
                6.54726815794365e-14,
                1.2292373389748835e-08,
                0.999999987707561
            ],
            [
                0.0,
                0.0,
                9.534749516201554e-13,
                9.273118923092049e-05,
                0.9999072688098156
            ],
            [
                0.0,
                1.1187140033879523e-13,
                0.9999999970256339,
                2.9458848667697933e-09,
                2.8369309718994898e-11
            ],
            [
                0.0,
                0.0,
                2.285221024681052e-13,
                8.930934442723839e-07,
                0.9999991069063273
            ],
            [
                0.0,
                0.0,
                5.4765441575691153e-14,
                1.7568694604197953e-08,
                0.9999999824312505
            ]
        ],
        [
            [
                0.0,
                0.0,
                6.547293195033293e-14,
                2.9458848668526983e-09,
                0.9999999970540496
            ],
            [
                0.0,
                1.9581768806846346e-12,
                4.076113201268384e-11,
                0.4116512287462469,
                0.5883487712110338
            ],
            [
                0.0,
                3.2661312425665725e-13,
                0.9999998501058188,
                1.4975233308783503e-07,
                1.4152144941152656e-10
            ],
            [
                0.0,
                0.0,
                7.827330314978518e-14,
                1.2292420281522756e-08,
                0.9999999877075013
            ],
            [
                0.0,
                0.0,
                6.547243563144547e-14,
                7.330965172054356e-08,
                0.9999999266902828
            ]
        ],
        [
            [
                0.0,
                0.0,
                9.357622633007778e-14,
                3.5888223417115775e-08,
                0.999999964111683
            ],
            [
                0.0,
                0.0,
                9.53436777996075e-13,
                0.0001325298939073904,
                0.9998674701051392
            ],
            [
                0.0,
                1.6290151694579041e-12,
                0.000189405557251093,
                0.9998105872483456,
                7.1927743572478495e-09
            ],
            [
                0.0,
                0.0,
                1.337429595773798e-13,
                5.129291276235738e-08,
                0.9999999487069535
            ],
            [
                0.0,
                0.0,
                7.827300456140288e-14,
                1.2292373389750738e-08,
                0.9999999877075484
            ]
        ],
        [
            [
                0.0,
                0.0,
                6.547268215369831e-14,
                3.5218239718495637e-09,
                0.9999999964781106
            ],
            [
                0.0,
                9.017733298531232e-13,
                1.5701422515291337e-11,
                0.05431323794960605,
                0.9456867620337908
            ],
            [
                0.0,
                5.580750241936869e-13,
                0.9999999998947364,
                9.901862066984219e-11,
                5.686895642222649e-12
            ],
            [
                0.0,
                0.0,
                2.731991220251327e-13,
                1.2764445008686552e-06,
                0.9999987235552259
            ],
            [
                0.0,
                0.0,
                2.731991166482343e-13,
                2.607428039533191e-06,
                0.9999973925716873
            ]
        ],
        [
            [
                0.0,
                0.0,
                1.1187097110766317e-13,
                2.51099909269086e-08,
                0.9999999748898973
            ],
            [
                0.0,
                0.0,
                5.58047361060898e-13,
                4.5397852514487104e-05,
                0.9999546021469276
            ],
            [
                0.0,
                8.600631403209615e-09,
                0.9999999888946999,
                2.4641221530459423e-09,
                4.054642023628091e-11
            ],
            [
                0.0,
                0.0,
                1.5989117972640373e-13,
                3.0590350325135693e-07,
                0.9999996940963368
            ],
            [
                0.0,
                0.0,
                5.476544244342862e-14,
                1.724077675849204e-09,
                0.9999999982758676
            ]
        ],
        [
            [
                0.0,
                0.0,
                6.54724309822701e-14,
                2.5109895140088083e-08,
                0.9999999748900394
            ],
            [
                0.0,
                0.0,
                9.5248791469335e-13,
                0.001128526614441153,
                0.9988714733846065
            ],
            [
                0.0,
                3.266131341014726e-13,
                4.8473687036393036e-11,
                0.9999999994572413,
                4.939584091722723e-10
            ],
            [
                0.0,
                0.0,
                6.67174561466143e-13,
                1.0880043524639736e-05,
                0.9999891199558083
            ],
            [
                0.0,
                0.0,
                9.357623197042277e-14,
                2.1403134135612993e-07,
                0.9999997859685651
            ]
        ],
        [
            [
                0.0,
                0.0,
                7.827330314977922e-14,
                1.229242028152182e-08,
                0.9999999877075013
            ],
            [
                0.0,
                0.0,
                2.7319440863971524e-13,
                2.2224644094753965e-05,
                0.9999777753556321
            ],
            [
                0.0,
                1.9115090000814853e-13,
                0.9999998501990021,
                1.4975233310178945e-07,
                4.8473685579809823e-11
            ],
            [
                0.0,
                0.0,
                1.1187139493326701e-13,
                5.12929127623546e-08,
                0.9999999487069755
            ],
            [
                0.0,
                0.0,
                4.5809412769418634e-14,
                1.7240842526960379e-09,
                0.9999999982758698
            ]
        ],
        [
            [
                0.0,
                0.0,
                1.5989116744127166e-13,
                2.5109990926920126e-08,
                0.9999999748898492
            ],
            [
                0.0,
                0.0,
                1.9045600332474266e-11,
                0.3286523060322337,
                0.6713476939487207
            ],
            [
                0.0,
                4.668088209951854e-13,
                0.9999999999570388,
                4.054657535743429e-11,
                1.947865800018625e-12
            ],
            [
                0.0,
                0.0,
                6.547243239569364e-14,
                3.5218239718485177e-09,
                0.9999999964781106
            ],
            [
                0.0,
                0.0,
                3.831800318941553e-14,
                7.330993137517783e-08,
                0.9999999266900303
            ]
        ],
        [
            [
                0.0,
                0.0,
                5.476544206682761e-14,
                8.600631424747517e-09,
                0.999999991399314
            ],
            [
                0.0,
                0.0,
                3.904553840221163e-13,
                3.1764065344395784e-05,
                0.9999682359342651
            ],
            [
                0.0,
                2.285221249033861e-13,
                0.999999562709265,
                4.372076810662838e-07,
                8.282536468671649e-11
            ],
            [
                0.0,
                0.0,
                1.1187096817859852e-13,
                5.1292717095803775e-08,
                0.9999999487071711
            ],
            [
                0.0,
                0.0,
                7.827300524790513e-14,
                3.5218239718486972e-09,
                0.9999999964780977
            ]
        ],
        [
            [
                0.0,
                0.0,
                1.598905638284027e-13,
                1.047771428035137e-07,
                0.9999998952226973
            ],
            [
                0.0,
                0.0,
                4.667936596261429e-13,
                3.176406534437158e-05,
                0.9999682359341888
            ],
            [
                0.0,
                6.547268238387166e-14,
                0.9999999999935802,
                5.6868956427847635e-12,
                6.671822180618922e-13
            ],
            [
                0.0,
                0.0,
                1.3374296969895922e-13,
                2.1403215782227648e-07,
                0.9999997859677084
            ],
            [
                0.0,
                0.0,
                1.1187140339963643e-13,
                2.1403215782229483e-07,
                0.9999997859677303
            ]
        ],
        [
            [
                0.0,
                0.0,
                6.547292979348875e-14,
                3.5888223417111765e-08,
                0.9999999641117112
            ],
            [
                0.0,
                0.0,
                1.1396831120325089e-12,
                0.0002706852493572065,
                0.999729314749503
            ],
            [
                0.0,
                3.904680573596078e-13,
                2.100364557008024e-08,
                0.9999999779869444,
                1.009019442974255e-09
            ],
            [
                0.0,
                0.0,
                1.3374245216466602e-13,
                1.4975176185035814e-07,
                0.9999998502481044
            ],
            [
                0.0,
                0.0,
                3.2051448323710856e-14,
                2.0611457555272737e-09,
                0.9999999979388221
            ]
        ],
        [
            [
                0.0,
                0.0,
                4.580941268706817e-14,
                3.521823971848812e-09,
                0.9999999964781303
            ],
            [
                0.0,
                0.0,
                8.017590546725005e-12,
                0.013576931091369177,
                0.9864230689006133
            ],
            [
                0.0,
                0.0,
                2.3286948484499865e-12,
                0.9999995627899902,
                4.37207681101458e-07
            ],
            [
                0.0,
                0.0,
                5.476544387342668e-14,
                2.1403134135615188e-07,
                0.9999997859686038
            ],
            [
                0.0,
                0.0,
                4.58094128160602e-14,
                7.059828242385984e-10,
                0.9999999992939714
            ]
        ],
        [
            [
                0.0,
                0.0,
                3.8318000959619474e-14,
                1.229242028152231e-08,
                0.9999999877075413
            ],
            [
                0.0,
                1.0202928609318345e-12,
                1.7765051114824382e-11,
                0.10500062642845764,
                0.894999373552757
            ],
            [
                0.0,
                0.0,
                4.7568748313765694e-12,
                0.9999999949617087,
                5.03353454312081e-09
            ],
            [
                0.0,
                0.0,
                9.35762263300718e-14,
                3.5888223417113485e-08,
                0.999999964111683
            ],
            [
                0.0,
                0.0,
                1.3374246316756982e-13,
                3.059011694024556e-07,
                0.9999996940986968
            ]
        ],
        [
            [
                0.0,
                0.0,
                2.6809936403963272e-14,
                6.928030753508854e-11,
                0.9999999999306928
            ],
            [
                0.0,
                0.0,
                7.975840630622389e-13,
                4.5397852514492335e-05,
                0.999954602146688
            ],
            [
                0.0,
                0.0,
                2.7839534727663624e-12,
                0.9999946737630047,
                5.326234211259727e-06
            ],
            [
                0.0,
                0.0,
                9.357622488855905e-14,
                5.1292912762359444e-08,
                0.9999999487069937
            ],
            [
                0.0,
                0.0,
                5.476544234497074e-14,
                3.521823971848555e-09,
                0.9999999964781212
            ]
        ],
        [
            [
                0.0,
                0.0,
                7.827330130285776e-14,
                3.58882234171113e-08,
                0.9999999641116983
            ],
            [
                0.0,
                0.0,
                1.628875403659398e-12,
                0.0002706842170561475,
                0.9997293157813151
            ],
            [
                0.0,
                1.1398397094906706e-12,
                0.00013252989582176498,
                0.9998673653398807,
                1.0476315771199425e-07
            ],
            [
                0.0,
                0.0,
                7.827300505255151e-14,
                6.017622348180378e-09,
                0.9999999939822994
            ],
            [
                0.0,
                0.0,
                7.82733036409266e-14,
                6.017645303630697e-09,
                0.9999999939822763
            ]
        ],
        [
            [
                0.0,
                0.0,
                5.47656511222842e-14,
                6.017645303633176e-09,
                0.9999999939822999
            ],
            [
                0.0,
                0.0,
                2.7319755387615067e-13,
                7.6124566238954005e-06,
                0.9999923875431029
            ],
            [
                0.0,
                9.357622968019739e-14,
                0.9999999999123244,
                8.282536140400636e-11,
                4.756874854927328e-12
            ],
            [
                0.0,
                0.0,
                1.3374295957738835e-13,
                5.129291276236066e-08,
                0.9999999487069535
            ],
            [
                0.0,
                0.0,
                3.205169287763245e-14,
                1.4421317969516672e-09,
                0.9999999985578361
            ]
        ],
        [
            [
                0.0,
                0.0,
                9.357623103882576e-14,
                1.0477754249732927e-07,
                0.9999998952223639
            ],
            [
                0.0,
                0.0,
                6.793353336907562e-12,
                0.9992101335632132,
                0.0007898664299934626
            ],
            [
                0.0,
                0.0,
                6.798719636508058e-12,
                0.999999993975556,
                6.017645303591914e-09
            ],
            [
                0.0,
                0.0,
                5.4765650489659025e-14,
                1.756882864320833e-08,
                0.9999999824311167
            ],
            [
                0.0,
                0.0,
                7.827300456140288e-14,
                1.2292373389750738e-08,
                0.9999999877075484
            ]
        ],
        [
            [
                0.0,
                0.0,
                5.476544252676773e-14,
                2.0226746574713343e-10,
                0.9999999997976778
            ],
            [
                0.0,
                5.504959596613409e-13,
                1.1459023904782631e-11,
                0.01357693109132566,
                0.9864230688966648
            ],
            [
                0.0,
                1.9115090558649633e-13,
                2.0226746550319081e-10,
                0.9999999985912476,
                1.2062937467351501e-09
            ],
            [
                0.0,
                0.0,
                7.827300456140789e-14,
                1.2292373389751523e-08,
                0.9999999877075484
            ],
            [
                0.0,
                0.0,
                1.337429683676186e-13,
                1.0477754249734594e-07,
                0.9999998952223237
            ]
        ],
        [
            [
                0.0,
                0.0,
                5.4765442262185795e-14,
                5.03351534177047e-09,
                0.9999999949664298
            ],
            [
                0.0,
                5.473059428974502e-13,
                9.529536492238518e-12,
                0.019292271330060416,
                0.9807077286598628
            ],
            [
                0.0,
                0.0,
                3.328265548328082e-12,
                0.9999999897145234,
                1.0282148423046632e-08
            ],
            [
                0.0,
                0.0,
                9.357623103882576e-14,
                1.0477754249732927e-07,
                0.9999998952223639
            ],
            [
                0.0,
                0.0,
                5.4765648642728415e-14,
                5.1292912762352847e-08,
                0.9999999487070326
            ]
        ],
        [
            [
                0.0,
                0.0,
                1.9115091343083062e-13,
                4.3720768110222035e-07,
                0.9999995627921278
            ],
            [
                0.0,
                8.534399564179257e-13,
                1.7765051114827345e-11,
                0.10500062642847516,
                0.8949993735529063
            ],
            [
                0.0,
                2.7320067575619684e-13,
                0.9999999999694098,
                2.836930980250779e-11,
                1.9478732305752362e-12
            ],
            [
                0.0,
                0.0,
                1.1187097254162061e-13,
                1.229237338975111e-08,
                0.9999999877075146
            ],
            [
                0.0,
                0.0,
                1.1187097970335167e-13,
                3.0590233632461263e-07,
                0.9999996940975517
            ]
        ],
        [
            [
                0.0,
                0.0,
                6.547268074023271e-14,
                2.5109990926912506e-08,
                0.9999999748899437
            ],
            [
                0.0,
                0.0,
                1.6280306192846968e-12,
                0.0007898664299976286,
                0.9992101335683743
            ],
            [
                0.0,
                9.167223132111803e-13,
                1.9082325159292625e-11,
                0.9613683931741913,
                0.03863160680580975
            ],
            [
                0.0,
                0.0,
                1.1187097049995752e-13,
                1.497517618503614e-07,
                0.9999998502481262
            ],
            [
                0.0,
                0.0,
                5.4765442402899755e-14,
                2.4641221743379207e-09,
                0.9999999975358231
            ]
        ],
        [
            [
                0.0,
                0.0,
                5.476544252676773e-14,
                2.0226746574713343e-10,
                0.9999999997976778
            ],
            [
                0.0,
                0.0,
                1.9115090034511421e-13,
                6.248750180643237e-07,
                0.9999993751247908
            ],
            [
                0.0,
                0.0,
                2.8369309768344538e-11,
                0.999999998765337,
                1.2062937469449603e-09
            ],
            [
                0.0,
                0.0,
                1.1187097970334145e-13,
                3.059023363245847e-07,
                0.9999996940975517
            ],
            [
                0.0,
                0.0,
                6.547293373985185e-14,
                2.140321578222911e-07,
                0.9999997859677767
            ]
        ],
        [
            [
                0.0,
                0.0,
                7.827300519400017e-14,
                4.210362810459018e-09,
                0.9999999957895589
            ],
            [
                0.0,
                0.0,
                8.017590546725005e-12,
                0.013576931091369177,
                0.9864230689006133
            ],
            [
                0.0,
                1.9115090577075313e-13,
                9.901862063621992e-11,
                0.9999999995551814,
