{
    "[['A', 'B', 'C', 'D', 'E'], ['A', 'B', 'C', 'D', 'E']]": [
        [
            [
                0.9999844499248947,
                1.5550068441653568e-05,
                9.535458165987586e-13,
                4.756802020264036e-12,
                9.535458165987586e-13
            ],
            [
                7.612456623809155e-06,
                0.99999238753203,
                1.629304262475778e-12,
                9.716933657442067e-12,
                0.0
            ],
            [
                2.3729863001459428e-11,
                0.9999999854804147,
                1.0282148379513704e-08,
                4.210378828345716e-09,
                3.3282655342367525e-12
            ],
            [
                0.0,
                2.7574141659391036e-12,
                2.350351400429168e-11,
                0.009538295381004704,
                0.9904617045927343
            ],
            [
                0.0,
                1.3373989842202897e-13,
                1.6292855048314639e-12,
                2.2224644094731224e-05,
                0.9999777753541421
            ]
        ],
        [
            [
                0.9994472214187995,
                0.000552778556707602,
                2.3274071657181757e-12,
                1.9838241055280786e-11,
                2.3274071657181757e-12
            ],
            [
                1.5550068441598202e-05,
                0.9999844499218012,
                1.6292917181965762e-12,
                8.127787885810778e-12,
                0.0
            ],
            [
                0.0,
                6.017645292910324e-09,
                0.9999999922003201,
                1.7240842422219514e-09,
                5.795059874505912e-11
            ],
            [
                0.0,
                7.827315198300885e-14,
                5.580718107202223e-13,
                1.8243534036740408e-06,
                0.99999817564596
            ],
            [
                0.0,
                3.2635533319523316e-13,
                2.326856679350791e-12,
                0.0007898664299972593,
                0.9992101335673496
            ]
        ],
        [
            [
                0.9999981756439952,
                1.8243534036704561e-06,
                3.2661249948538545e-13,
                1.9478620143014783e-12,
                3.2661249948538545e-13
            ],
            [
                7.612456623836513e-06,
                0.9999923875356239,
                9.535531581600482e-13,
                6.7986679226517305e-12,
                0.0
            ],
            [
                0.0,
                0.0011285266120969373,
                0.9988714713092487,
                2.058827513570297e-09,
                1.9826815382132922e-11
            ],
            [
                0.0,
                9.371010710358514e-12,
                7.987616955984798e-11,
                0.1933216224164741,
                0.8066783774942787
            ],
            [
                0.0,
                4.666823968839645e-13,
                3.3273515076641224e-12,
                0.00027068421705574196,
                0.9997293157791503
            ]
        ],
        [
            [
                0.9999682359281482,
                3.176406534420503e-05,
                9.535294465768307e-13,
                4.756720357745022e-12,
                7.975946519770579e-13
            ],
            [
                1.824346444327418e-06,
                0.9999981756440648,
                1.3628648153000842e-12,
                8.1278965395806e-12,
                0.0
            ],
            [
                0.0,
                6.248726325146404e-07,
                0.9999993721717657,
                2.9458847819063725e-09,
                9.717007318748274e-12
            ],
            [
                0.0,
                1.039698745288996e-11,
                6.200612104425229e-11,
                0.10500062642282774,
                0.8949993735047692
            ],
            [
                0.0,
                3.2372375759170285e-12,
                2.3080940036796447e-11,
                0.02734674350785806,
                0.9726532564658237
            ]
        ],
        [
            [
                0.9999991069008662,
                8.930968511554733e-07,
                3.26613115128057e-13,
                1.6293227853776254e-12,
                3.26613115128057e-13
            ],
            [
                6.13210080305559e-08,
                0.9999999386673271,
                1.947865912837308e-12,
                9.717008189955515e-12,
                0.0
            ],
            [
                6.084854953318838e-12,
                0.8949993636621352,
                0.10500062526809763,
                1.1001675841413528e-08,
                6.20061203623484e-11
            ],
            [
                0.0,
                1.1186969008730433e-13,
                1.3628518238743542e-12,
                1.0880002021094473e-05,
                0.9999891199965043
            ],
            [
                0.0,
                0.0,
                4.668079137436083e-13,
                1.8243534036741456e-06,
                0.9999981756461295
            ]
        ],
        [
            [
                0.999992387508763,
                7.612485662907861e-06,
                7.97614485881401e-13,
                3.9789322461356064e-12,
                7.97614485881401e-13
            ],
            [
                3.726638839903254e-06,
                0.9999962733459092,
                1.3628622227263303e-12,
                1.3887890453917041e-11,
                0.0
            ],
            [
                4.847368616770503e-11,
                0.9999999815364257,
                1.7568761607861822e-08,
                8.440101322543389e-10,
                2.328694713175017e-12
            ],
            [
                0.0,
                8.979892123642767e-12,
                7.65426637826052e-11,
                0.9241418282567353,
                0.07585817165774214
            ],
            [
                0.0,
                2.297078150848294e-12,
                2.7984140699973248e-11,
                0.013576931091077587,
                0.9864230688786412
            ]
        ],
        [
            [
                0.9999981756420427,
                1.8243534036668941e-06,
                5.58073939597107e-13,
                3.3282591138598584e-12,
                6.671809213538805e-13
            ],
            [
                5.3262342112319325e-06,
                0.9999946737578501,
                1.139981024806436e-12,
                6.798681034538589e-12,
                0.0
            ],
            [
                2.8369311215088645e-11,
                0.9999995729247984,
                3.6570922170883125e-07,
                6.132100753298603e-08,
                1.660318881310113e-11
            ],
            [
                0.0,
                1.3373938824584269e-13,
                1.1399657020423323e-12,
                2.2224644094742103e-05,
                0.9999777753546315
            ],
            [
                0.0,
                1.9387255268142765e-12,
                1.975599923296234e-11,
                0.004692234246676371,
                0.9953077657316289
            ]
        ],
        [
            [
                0.9999351167686318,
                6.488322247648357e-05,
                1.1399178890861607e-12,
                6.798278568861116e-12,
                9.534985490011797e-13
            ],
            [
                6.24872634353744e-07,
                0.9999993751153199,
                2.3286858057663203e-12,
                9.717007347347036e-12,
                0.0
            ],
            [
                1.6603124409935483e-11,
                0.9999999854880857,
                1.0282148379592579e-08,
                4.2103788283780134e-09,
                2.7839692560258212e-12
            ],
            [
                0.0,
                3.677125274290718e-12,
                2.6217162693460644e-11,
                0.075858171661962,
                0.9241418283081437
            ],
            [
                0.0,
                1.9114215985444973e-13,
                1.9477766766069006e-12,
                4.5397852514436526e-05,
                0.9999546021453466
            ]
        ],
        [
            [
                0.9999993751222529,
                6.248750180627964e-07,
                3.904695442175535e-13,
                1.9478657439427586e-12,
                3.904695442175535e-13
            ],
            [
                4.539785251409224e-05,
                0.9999546021385608,
                7.975840630552097e-13,
                8.127540448613067e-12,
                0.0
            ],
            [
                3.322886921202857e-12,
                0.0016121490824500206,
                0.9983877633141875,
                8.750118088318323e-08,
                9.885860110981446e-11
            ],
            [
                0.0,
                7.838498896084986e-12,
                5.5887131777093184e-11,
                0.19332162242140796,
                0.8066783775148664
            ],
            [
                0.0,
                1.5989086891308722e-13,
                7.97622091175913e-13,
                2.6074379860737687e-06,
                0.9999973925610565
            ]
        ],
        [
            [
                0.8949993734731649,
                0.10500062641911997,
                1.0396987452522822e-11,
                8.862134067900909e-11,
                8.696706537743542e-12
            ],
            [
                5.129271709510141e-08,
                0.9999999486933377,
                2.32868575344461e-12,
                1.1616743426190834e-11,
                0.0
            ],
            [
                2.0226744498932757e-10,
                0.9999998971717573,
                5.129271445243618e-08,
                5.129271445243618e-08,
                4.054641651724389e-11
            ],
            [
                0.0,
                2.7808274737407865e-12,
                1.9826739875097162e-11,
                0.9988714776630961,
                0.0011285223142963265
            ],
            [
                0.0,
                0.0,
                7.976114042572546e-13,
                1.0880002021100622e-05,
                0.9999891199971813
            ]
        ],
        [
            [
                0.999989119952758,
                1.0880043524611628e-05,
                4.668034639041813e-13,
                2.783937347517197e-12,
                4.668034639041813e-13
            ],
            [
                1.0880002021021098e-05,
                0.9999891199902271,
                9.535494740266966e-13,
                6.798641655422656e-12,
                0.0
            ],
            [
                0.0,
                9.717007302071494e-12,
                2.9458735392133388e-09,
                0.9999998472926481,
                1.4975176140783174e-07
            ],
            [
                0.0,
                0.0,
                6.671821789475198e-13,
                8.930968511568325e-07,
                0.9999991069024817
            ],
            [
                0.0,
                4.626792059267129e-12,
                3.943762721727169e-11,
                0.027346743507372758,
                0.9726532564485628
            ]
        ],
        [
            [
                0.9456867619606489,
                0.054313237945405324,
                9.189249826807983e-12,
                7.832688489861271e-11,
                6.429462239116903e-12
            ],
            [
                6.24875018060065e-07,
                0.999999375118155,
                1.1399918201718983e-12,
                5.686895478835685e-12,
                0.0
            ],
            [
                0.0,
                2.607428034108561e-06,
                0.9999973904909669,
                2.0611497180952256e-09,
                1.984917855733426e-11
            ],
            [
                0.0,
                1.1186585532391365e-13,
                1.3628051068925066e-12,
                4.539785251446668e-05,
                0.9999546021460108
            ],
            [
                0.0,
                3.2624453666186316e-13,
                3.974472097595651e-12,
                0.0011285266144379007,
                0.9988714733812615
            ]
        ],
        [
            [
                0.999998175651675,
                1.8243464443418002e-06,
                3.266124994878938e-13,
                1.3628648153108284e-12,
                1.911505343433292e-13
            ],
            [
                1.2764505874318862e-06,
                0.9999987235448755,
                5.580718503777281e-13,
                3.9789550852299016e-12,
                0.0
            ],
            [
                0.0,
                1.497517615366963e-07,
                0.9999998481531692,
                2.061153555167578e-09,
                3.3915688033575684e-11
            ],
            [
                0.0,
                1.5930990932959784e-11,
                7.947239507065947e-11,
                0.6713476938972066,
                0.32865230600739004
            ],
            [
                0.0,
                0.0,
                6.671784258914247e-13,
                5.32625452917386e-06,
                0.9999946737448037
            ]
        ],
        [
            [
                0.9999995627900259,
                4.3720768110159307e-07,
                2.7320068659073275e-13,
                1.6293229454771172e-12,
                3.9046808142816034e-13
            ],
            [
                2.1403134135374262e-07,
                0.9999997859575788,
                1.3628674973405103e-12,
                9.717007864430335e-12,
                0.0
            ],
            [
                0.0,
                1.2292373384473473e-08,
                0.9999999872778457,
                4.131776728707309e-10,
                1.6603124439651093e-11
            ],
            [
                0.0,
                7.274510378039802e-12,
                5.186569510325437e-11,
                0.8949993735166393,
                0.10500062642422034
            ],
            [
                0.0,
                1.5988018764196462e-13,
                1.6292109536571398e-12,
                6.488322247694443e-05,
                0.9999351167757341
            ]
        ],
        [
            [
                0.9999998952218077,
                1.047771428034694e-07,
                1.9115090861429963e-13,
                6.671822276943527e-13,
                1.9115090861429963e-13
            ],
            [
                3.001915267952765e-08,
                0.9999999699609159,
                3.328252786281166e-12,
                1.66031241521282e-11,
                0.0
            ],
            [
                0.0,
                3.001915267131898e-08,
                0.9999999696870014,
                2.8908890813789954e-10,
                4.75687471114925e-12
            ],
            [
                0.0,
                1.1395504819723833e-12,
                6.7960874146283815e-12,
                0.9996131719001665,
                0.00038682809189777295
            ],
            [
                0.0,
                4.667963318985994e-13,
                1.94782111676104e-12,
                2.2224644094716746e-05,
                0.9999777753534906
            ]
        ],
        [
            [
                0.9996131718925364,
                0.0003868280918948203,
                2.327793154533861e-12,
                1.1612246362995917e-11,
                1.6286920553501902e-12
            ],
            [
                4.3720601328716675e-07,
                0.9999995627844959,
                1.362867518118119e-12,
                8.127912658732772e-12,
                0.0
            ],
            [
                1.6602110404230266e-11,
                0.9999350957434007,
                6.488322111221031e-05,
                2.1002282850565643e-08,
                1.6602110404230266e-11
            ],
            [
                0.0,
                1.3628726237584515e-12,
                4.756892864252853e-12,
                0.999999375118862,
                6.248750180606776e-07
            ],
            [
                0.0,
                3.3059758964999594e-12,
                2.817942554710135e-11,
                0.9933071488679831,
                0.00669285110053146
            ]
        ],
        [
            [
                0.9999844499262451,
                1.5550068441674567e-05,
                6.671694574253953e-13,
                3.978886433521827e-12,
                6.671694574253953e-13
            ],
            [
                2.2224644094613893e-05,
                0.999977775349421,
                7.976022606051233e-13,
                5.6867434942069045e-12,
                0.0
            ],
            [
                0.0,
                2.2224644039376943e-05,
                0.9999777728635262,
                2.464065648198129e-09,
                2.8368658950967928e-11
            ],
            [
                0.0,
                1.1187076223778556e-13,
                6.671784105546312e-13,
                2.6074280395325846e-06,
                0.9999973925711815
            ],
            [
                0.0,
                1.3373989842206462e-13,
                1.3628362004313156e-12,
                2.2224644094737146e-05,
                0.9999777753544086
            ]
        ],
        [
            [
                0.9999923875292461,
                7.612456623790934e-06,
                1.6293042624718785e-12,
                9.716933657418809e-12,
                2.78394810362272e-12
            ],
            [
                9.273118922891317e-05,
                0.9999072687880373,
                2.3284682756209375e-12,
                1.9847361404272255e-11,
                5.580207478651296e-13
            ],
            [
                3.9697977430383395e-12,
                0.997697428625507,
                0.0023025653528824827,
                6.003784824151241e-09,
                1.385595559496178e-11
            ],
            [
                0.0,
                1.3508160367346977e-11,
                3.943762721692143e-11,
                0.027346743507129883,
                0.9726532564399243
            ],
            [
                0.0,
                0.0,
                4.668070257358976e-13,
                3.726653055934615e-06,
                0.9999962733464773
            ]
        ],
        [
            [
                0.9999946737410264,
                5.32625452915424e-06,
                5.580718522263642e-13,
                3.3282466651318215e-12,
                5.580718522263642e-13
            ],
            [
                0.000552778556699935,
                0.9994472214049375,
                3.3264253056921797e-12,
                3.389693635269119e-11,
                1.139361524548429e-12
            ],
            [
                0.0,
                1.0652447269552268e-06,
                0.002302561999708107,
                0.9976963299497893,
                4.2805775630217187e-08
            ],
            [
                0.0,
                0.0,
                3.90467327122651e-13,
                2.607428039533306e-06,
                0.99999739257157
            ],
            [
                0.0,
                1.5987562107085162e-13,
                1.1398853302376517e-12,
                9.273083552296417e-05,
                0.9999072691631773
            ]
        ],
        [
            [
                0.999989119952758,
                1.0880043524611628e-05,
                4.668034639041813e-13,
                2.783937347517197e-12,
                4.668034639041813e-13
            ],
            [
                1.0880002020957858e-05,
                0.9999891199844146,
                1.947843446400773e-12,
                1.1616610708494685e-11,
                0.0
            ],
            [
                4.054657477727302e-11,
                0.9999993896020919,
                5.226865112209284e-07,
                8.764248093663738e-08,
                2.836930939623414e-11
            ],
            [
                0.0,
                0.0,
                5.580718522284706e-13,
                5.326254529174344e-06,
                0.9999946737449127
            ],
            [
                0.0,
                2.027320067380153e-11,
                1.011336846574792e-10,
                0.49999999993929656,
                0.49999999993929656
            ]
        ],
        [
            [
                0.9999891199527431,
                1.0880043524611467e-05,
                5.580664909090916e-13,
                2.7839373475171556e-12,
                3.9046507443578486e-13
            ],
            [
                2.1403134135244883e-07,
                0.9999997859514426,
                3.328252967368448e-12,
                1.388794420340711e-11,
                0.0
            ],
            [
                4.396026327211463e-12,
                0.07585816864918363,
                0.924141791604985,
                3.964992864836915e-08,
                9.150688553746981e-11
            ],
            [
                0.0,
                8.109222271196489e-12,
                4.045303021963894e-11,
                0.9976974433481502,
                0.002302556603287436
            ],
            [
                0.0,
                0.0,
                4.668070268276252e-13,
                6.248726343609794e-07,
                0.9999993751268988
            ]
        ],
        [
            [
                0.9999991069009198,
                8.930968511555211e-07,
                2.732006597456758e-13,
                1.6293227853777124e-12,
                3.2661311512807447e-13
            ],
            [
                2.5109990926450622e-08,
                0.9999999748714581,
                1.947865751154371e-12,
                1.6603124233658545e-11,
                0.0
            ],
            [
                1.6603124609494257e-11,
                0.9999999975074361,
                2.0611536173010007e-09,
                4.1317767709736933e-10,
                1.629316661488749e-12
            ],
            [
                0.0,
                3.2635533319469497e-13,
                3.9758218756877415e-12,
                0.0007898664299959568,
                0.9992101335657018
            ],
            [
                0.0,
                1.5988536846770837e-13,
                1.6292699624630929e-12,
                3.176406534435491e-05,
                0.9999682359328665
            ]
        ],
        [
            [
                0.9999682359293426,
                3.176406534424297e-05,
                6.671580037767537e-13,
                3.978818125887706e-12,
                6.671580037767537e-13
            ],
            [
                3.059023363211147e-07,
                0.9999996940863174,
                1.6293167498076414e-12,
                9.717008130073157e-12,
                0.0
            ],
            [
                9.713245356199892e-12,
                0.9996131581205842,
                0.0003868295622002393,
                1.2287661002232868e-08,
                1.9841530854787055e-11
            ],
            [
                0.0,
                0.0,
                1.947802535761488e-12,
                3.176406534433504e-05,
                0.9999682359327079
            ],
            [
                0.0,
                1.1864926014384306e-11,
                7.076042319975802e-11,
                0.4999999999586873,
                0.4999999999586873
            ]
        ],
        [
            [
                0.9999995627895137,
                4.372076811013692e-07,
                3.9046957094832397e-13,
                1.9478658772897837e-12,
                4.668088395133289e-13
            ],
            [
                4.3720768110026836e-07,
                0.9999995627873864,
                9.535640924128144e-13,
                3.97896269350034e-12,
                0.0
            ],
            [
                1.660318819193041e-11,
                0.9999998931399441,
                1.0477754227917933e-07,
                2.0611536478922433e-09,
                4.756893060160528e-12
            ],
            [
                0.0,
                7.827285741764775e-14,
                9.53558612777498e-13,
                2.6074280395319252e-06,
                0.9999973925709287
            ],
            [
                0.0,
                8.321660002055442e-12,
                5.933198630305653e-11,
                0.856400897157834,
                0.14359910277451238
            ]
        ],
        [
            [
                0.9997293157754533,
                0.00027068421705474103,
                1.1396831132023442e-12,
                5.685333793715853e-12,
                6.669989831317075e-13
            ],
            [
                0.1050006264175534,
                0.894999373459812,
                1.2429711615160128e-11,
                1.0594757487249043e-10,
                4.257403631253121e-12
            ],
            [
                1.9849216025678146e-11,
                0.9999998741877475,
                1.0477714059958045e-07,
                2.1003645893748502e-08,
                1.1616788259952022e-11
            ],
            [
                0.0,
                2.3855432519315823e-11,
                1.4226978732388262e-10,
                0.4116512286954467,
                0.5883487711384281
            ],
            [
                0.0,
                0.0,
                9.5352944658202e-13,
                3.17640653443779e-05,
                0.9999682359337021
            ]
        ],
        [
            [
                0.9999946737400272,
                5.3262545291489176e-06,
                6.671784258883004e-13,
                3.978939919926196e-12,
                7.976160241650806e-13
            ],
            [
                2.6074280395223114e-06,
                0.9999973925675147,
                4.668079377311566e-13,
                3.978955006942929e-12,
                0.0
            ],
            [
                6.928057378709021e-11,
                0.9999996707100755,
                2.5587679819391175e-07,
                7.330993008778255e-08,
                3.391569010160129e-11
            ],
            [
                0.0,
                1.9478508767796303e-12,
                5.686830379825872e-12,
                0.9999891199488408,
                1.0880043524569007e-05
            ],
            [
                0.0,
                0.0,
                6.671784236854244e-13,
                1.2764445008681523e-06,
                0.9999987235548319
            ]
        ],
        [
            [
                0.9983878448114674,
                0.0016121551713616377,
                1.9447252861675433e-12,
                1.3865552547640798e-11,
                1.3606701339638424e-12
            ],
            [
                3.7266388399338784e-06,
                0.9999962733535638,
                7.97617490209594e-13,
                6.798693530619654e-12,
                0.0
            ],
            [
                3.322414998840866e-10,
                0.9613264299462304,
                0.0386299235784223,
                4.3644161665846994e-05,
                1.9814399845226634e-09
            ],
            [
                0.0,
                1.362867394206008e-12,
                4.756874611321312e-12,
                0.9999999487009674,
                5.129291276207037e-08
            ],
            [
                0.0,
                0.0,
                2.783788669371884e-12,
                6.48832224768496e-05,
                0.9999351167747395
            ]
        ],
        [
            [
                0.9999962733572421,
                3.726638839949041e-06,
                4.668070257409749e-13,
                2.783958589712773e-12,
                6.67179652186928e-13
            ],
            [
                3.726638839911793e-06,
                0.9999962733479141,
                1.6293103994346546e-12,
                1.161669934590058e-11,
                0.0
            ],
            [
                5.391502401492163e-11,
                0.09129925480812845,
                0.7782120961969403,
                0.13048862101234243,
                2.7928673882031048e-08
            ],
            [
                0.0,
                8.127540448350392e-12,
                3.391413734601774e-11,
                0.9999546021054456,
                4.539785251262503e-05
            ],
            [
                0.0,
                2.7318190808978735e-13,
                2.328543667841391e-12,
                6.48832224768917e-05,
                0.9999351167749214
            ]
        ],
        [
            [
                0.9999351167686318,
                6.488322247648357e-05,
                1.1399178890861607e-12,
                6.798278568861116e-12,
                9.534985490011797e-13
            ],
            [
                3.5888086514250495e-08,
                0.9999999641002486,
                1.9478657301733227e-12,
                9.717007278728809e-12,
                0.0
            ],
            [
                0.0,
                3.17640648750038e-05,
                0.9999682211571697,
                1.4695132732834256e-08,
                8.282267011929472e-11
            ],
            [
                0.0,
                8.170953246325244e-12,
                5.825747338561534e-11,
                0.411651228736487,
                0.5883487711970846
            ],
            [
                0.0,
                2.306473502542108e-12,
                1.1505936710741634e-11,
                0.009538295381123442,
                0.9904617046050642
            ]
        ],
        [
            [
                0.9998674706024732,
                0.00013252938841287206,
                1.3626855565341666e-12,
                6.797812224091493e-12,
                9.534331414047322e-13
            ],
            [
                1.8243464443276452e-06,
                0.9999981756444742,
                9.535585637720976e-13,
                8.127896539581611e-12,
                0.0
            ],
            [
                0.0,
                2.2224644048654407e-05,
                0.9999777732809574,
                2.061106336043562e-09,
                1.388762525174076e-11
            ],
            [
                0.0,
                0.0,
                9.535385427454418e-13,
                2.2224644094746247e-05,
                0.9999777753549518
            ],
            [
                0.0,
                2.731266858215242e-13,
                3.327364200527674e-12,
                0.00027068421705579433,
                0.9997293157793437
            ]
        ],
        [
            [
                0.9992101335521829,
                0.0007898664299852702,
                2.3268566793154725e-12,
                1.3876981883741687e-11,
                1.6280368297150216e-12
            ],
            [
                8.930934442653557e-07,
                0.999999106898394,
                1.3628673842053832e-12,
                6.798719278811598e-12,
                0.0
            ],
            [
                0.0,
                3.726624612915518e-06,
                0.9999962703889784,
                2.9458622997775214e-09,
                4.0546264630968486e-11
            ],
            [
                0.0,
                1.3373684710399382e-13,
                1.3628051068924767e-12,
                4.5397852514465684e-05,
                0.999954602145989
            ],
            [
                0.0,
                3.904159483640767e-13,
                2.7835977070813634e-12,
                0.0001325298939071173,
                0.9998674701029189
            ]
        ],
        [
            [
                0.9999995627903562,
                4.372076811017375e-07,
                3.2661314722161756e-13,
                1.3628675181268664e-12,
                2.7320068659082297e-13
            ],
            [
                3.176406534396607e-05,
                0.999968235921092,
                1.947802535738862e-12,
                1.1616366724187771e-11,
                0.0
            ],
            [
                1.984921510946342e-11,
                0.9999999472383075,
                5.1292912687046284e-08,
                1.4421317229425371e-09,
                6.7987193187559075e-12
            ],
            [
                0.0,
                1.9045600330679322e-11,
                9.50097505049814e-11,
                0.32865230600126005,
                0.6713476938846846
            ],
            [
                0.0,
                5.82243373769754e-12,
                7.093176384609643e-11,
                0.14359863914602344,
                0.8564013607772224
            ]
        ],
        [
            [
                0.9999962733579741,
                3.726638839951769e-06,
                3.9046805379029377e-13,
                2.32868580037419e-12,
                4.668070257413166e-13
            ],
            [
                1.2526173375913386e-07,
                0.9999998747271863,
                1.362867455855259e-12,
                9.717007568647718e-12,
                0.0
            ],
            [
                1.3628726589037355e-12,
                0.9999999969529361,
                2.9458848665556337e-09,
                9.901862037854918e-11,
                7.976205553072929e-13
            ],
            [
                0.0,
                0.0,
                1.9478434463423793e-12,
                1.088004352462481e-05,
                0.9999891199545275
            ],
            [
                0.0,
                1.3325676247356018e-11,
                9.500975050552485e-11,
                0.32865230600313994,
                0.6713476938885248
            ]
        ],
        [
            [
                0.9992101335528291,
                0.000789866429985781,
                1.946328317771267e-12,
                1.3876981883750661e-11,
                1.3617917305422904e-12
            ],
            [
                0.00018940555861189222,
                0.9998105944321218,
                1.139776564096905e-12,
                8.126377369856137e-12,
                0.0
            ],
            [
                3.2372374627723837e-12,
                0.027346742552062413,
                0.9726532224706335,
                3.490668115442427e-08,
                6.738574701654015e-11
            ],
            [
                0.0,
                8.321660002055442e-12,
                5.933198630305653e-11,
                0.14359910277451238,
                0.856400897157834
            ],
            [
                0.0,
                7.967204104769838e-13,
                9.706041589005048e-12,
                0.001128522314309987,
                0.9988714776751871
            ]
        ],
        [
            [
                0.9999072691557727,
                9.273083552227748e-05,
                9.534713147388206e-13,
                6.7980843933143056e-12,
                9.534713147388206e-13
            ],
            [
                7.612456623852663e-06,
                0.9999923875378217,
                7.976144859042066e-13,
                4.756838643950689e-12,
                0.0
            ],
            [
                0.0,
                2.4641221717330678e-09,
                0.9999999964783846,
                1.009019461632478e-09,
                4.847368689199687e-11
            ],
            [
                0.0,
                5.467198548951992e-12,
                3.260545262329822e-11,
                0.9613683931568159,
                0.03863160680511154
            ],
            [
                0.0,
                0.0,
                3.2661311752557144e-13,
                5.129291276234748e-08,
                0.9999999487067606
            ]
        ],
        [
            [
                0.9999682359264663,
                3.176406534415161e-05,
                1.362823199814176e-12,
                5.686689246211484e-12,
                1.1399548274720896e-12
            ],
            [
                3.1764065344086996e-05,
                0.9999682359248989,
                1.6292637472895347e-12,
                8.127648351805375e-12,
                0.0
            ],
            [
                4.756874676397654e-12,
                0.9999999623814496,
                3.588808645258611e-08,
                1.7240776139650024e-09,
                1.6293166042573936e-12
            ],
            [
                0.0,
                1.139917889088515e-12,
                5.686526670624609e-12,
                0.9999351167706969,
                6.488322247661758e-05
            ],
            [
                0.0,
                0.0,
                6.671784258914125e-13,
                5.326254529173763e-06,
                0.9999946737448037
            ]
        ],
        [
            [
                0.9996131718925364,
                0.0003868280918948203,
                2.327793154533861e-12,
                1.1612246362995917e-11,
                1.6286920553501902e-12
            ],
            [
                2.607428039509944e-06,
                0.9999973925631654,
                6.671784105488379e-13,
                8.12789695722296e-12,
                0.0
            ],
            [
                0.0,
                5.22686493994949e-07,
                0.9999994758547711,
                1.442131730807346e-09,
                1.6603187201428455e-11
            ],
            [
                0.0,
                2.3703083125969102e-11,
                4.841898232265964e-11,
                0.9988714733135164,
                0.0011285266143613623
            ],
            [
                0.0,
                0.0,
                6.671720164299489e-13,
                1.088000202110204e-05,
                0.9999891199973117
            ]
        ],
        [
            [
                0.9999962733588135,
                3.726638839954897e-06,
                3.904680537906215e-13,
                1.6293166147912806e-12,
                3.2661187817584205e-13
            ],
            [
                0.001612155171327839,
                0.9983878447905363,
                3.322899471315429e-12,
                3.386100739819029e-11,
                9.5202663801606e-13
            ],
            [
                0.0,
                0.1435990996860529,
                0.8564008787387811,
                2.1504234215936234e-08,
                7.093176302879948e-11
            ],
            [
                0.0,
                2.328246097554712e-12,
                9.715172557994043e-12,
                0.9998105944293452,
                0.0001894055586114719
            ],
            [
                0.0,
                0.0,
