{
    "[['A', 'B', 'C', 'D', 'E'], ['A', 'B', 'C', 'D', 'E']]": [
        [
            [
                0.9999999982748897,
                1.7240842526946918e-09,
                0.0,
                7.976205563615578e-13,
                2.2852211547187993e-13
            ],
            [
                0.9999999985568495,
                1.4421317969506382e-09,
                7.827300541064085e-14,
                6.671796720100061e-13,
                2.731996331944029e-13
            ],
            [
                1.1824379293608443e-10,
                0.0011285223133144845,
                0.9988714767940534,
                7.051860937656316e-10,
                6.920212183226571e-11
            ],
            [
                0.0,
                3.521823909559133e-09,
                1.183773842283486e-10,
                0.999999978791037,
                1.7568761559628742e-08
            ],
            [
                0.0,
                1.94566754590282e-12,
                5.680477725206914e-12,
                0.0011285266144341476,
                0.9988714733779397
            ]
        ],
        [
            [
                0.9999999998807916,
                1.1837738672487973e-10,
                0.0,
                5.580728953026071e-13,
                2.7320067573194263e-13
            ],
            [
                0.9999999928050805,
                7.19413297856337e-09,
                0.0,
                5.580728913538713e-13,
                2.2852211422192566e-13
            ],
            [
                3.0018982028516224e-08,
                0.9999946428341746,
                5.326254364535604e-06,
                8.440053245078653e-10,
                4.8473410046382756e-11
            ],
            [
                0.0,
                1.497517586432417e-07,
                4.1317765665885505e-10,
                0.9999998288314988,
                2.1003564818707693e-08
            ],
            [
                0.0,
                2.9458511951448854e-09,
                7.330881020434962e-08,
                0.9999890437428501,
                1.088000248845272e-05
            ]
        ],
        [
            [
                0.999999999929926,
                6.928057181895852e-11,
                0.0,
                4.668088209824767e-13,
                3.266131342558211e-13
            ],
            [
                0.9999999949658076,
                5.033534543142422e-09,
                0.0,
                4.668088186651981e-13,
                1.911509048934752e-13
            ],
            [
                0.00018940628099632848,
                0.9998105936830062,
                5.685821660909167e-12,
                2.8363952201003186e-11,
                1.9474979416487845e-12
            ],
            [
                0.0,
                1.1562277075961278e-11,
                2.361851202155806e-11,
                0.9953077657182062,
                0.004692234246613092
            ],
            [
                0.0,
                1.357918128674126e-10,
                1.6234058965391502e-10,
                0.32865230594076267,
                0.6713476937611049
            ]
        ],
        [
            [
                0.999999999505268,
                4.939565248977966e-10,
                1.118709738614833e-13,
                3.90468065761826e-13,
                2.731996334535105e-13
            ],
            [
                0.9999999998302285,
                1.691897922327705e-10,
                0.0,
                3.90468065888669e-13,
                1.9115090582330725e-13
            ],
            [
                4.116771729333475e-08,
                0.32865228556726195,
                0.6713476521435581,
                2.0153290678594932e-08,
                9.681719127766778e-10
            ],
            [
                0.0,
                2.022682355965583e-10,
                8.12794327066413e-12,
                0.9999999911889396,
                8.600664231809273e-09
            ],
            [
                0.0,
                1.9047980094507267e-09,
                1.9410271074055806e-08,
                0.9241418086376233,
                0.07585817004730755
            ]
        ],
        [
            [
                0.9999999995859266,
                4.1317767795607617e-10,
                0.0,
                6.671822177897853e-13,
                2.2852211577148087e-13
            ],
            [
                0.9999999994089193,
                5.905303995452399e-10,
                0.0,
                3.9046955524443393e-13,
                1.5989056142639864e-13
            ],
            [
                0.98070779844993,
                0.01929220133685647,
                2.7821870488189542e-11,
                1.6592558921369797e-10,
                1.9466262368516484e-11
            ],
            [
                2.8367903245482955e-11,
                1.0281638737159317e-08,
                1.0089732866538659e-09,
                0.9999545908290194,
                4.539785200067625e-05
            ],
            [
                0.0,
                5.660210138935837e-12,
                1.975607459618881e-11,
                0.0046922342466589086,
                0.9953077657279248
            ]
        ],
        [
            [
                0.9999999996536046,
                3.4560894522917666e-10,
                0.0,
                5.580728951758203e-13,
                2.2852211578695396e-13
            ],
            [
                0.9999999913983609,
                8.60063142474268e-09,
                1.1187097295455571e-13,
                6.671822123273147e-13,
                2.285221139004847e-13
            ],
            [
                3.6654944771760916e-08,
                0.499999976061086,
                0.499999976061086,
                1.0501817505754846e-08,
                7.210655211619406e-10
            ],
            [
                0.0,
                7.059827988188196e-10,
                1.1837738239307055e-10,
                0.9999999632874166,
                3.5888223387546047e-08
            ],
            [
                0.0,
                6.928043716768967e-11,
                1.1616721443502876e-11,
                0.9999981755726586,
                1.8243464441976466e-06
            ]
        ],
        [
            [
                0.9999999996536046,
                3.4560894522917666e-10,
                0.0,
                5.580728951758203e-13,
                2.2852211578695396e-13
            ],
            [
                0.9999999487054829,
                5.1292912762301985e-08,
                1.911508960507872e-13,
                1.1399917945690238e-12,
                2.7320066175085736e-13
            ],
            [
                1.4146612101016166e-10,
                0.00038682809141017964,
                0.9996131706401631,
                1.008628801470893e-09,
                1.1833155437277078e-10
            ],
            [
                4.7568746881988505e-12,
                6.248726304176514e-07,
                2.89088906743138e-10,
                0.9999993688159017,
                6.017622172949311e-09
            ],
            [
                0.0,
                1.047775440022434e-07,
                6.928057381870088e-11,
                0.9999997903756315,
                1.047775440022434e-07
            ]
        ],
        [
            [
                0.9999999992930206,
                7.059828242381577e-10,
                1.1187097383773898e-13,
                5.580728949746773e-13,
                3.26613134047836e-13
            ],
            [
                0.999999999951066,
                4.847368706032407e-11,
                0.0,
                3.266131342627186e-13,
                1.3374296643095378e-13
            ],
            [
                2.722404708092402e-09,
                0.0758581711865918,
                0.9241418225169483,
                3.254664447405548e-09,
                3.193904241783837e-10
            ],
            [
                0.0,
                7.059827880101929e-10,
                2.372986211151741e-11,
                0.9999999479773745,
                5.129291272495518e-08
            ],
            [
                1.6891635835133726e-10,
                2.506941036702486e-08,
                2.506941036702486e-08,
                0.9983878007419348,
                0.0016121489503280668
            ]
        ],
        [
            [
                0.9999999999299796,
                6.928057181895891e-11,
                0.0,
                4.668088209824793e-13,
                2.7320067574538083e-13
            ],
            [
                0.9999999998301836,
                1.6918979223275924e-10,
                0.0,
                4.668088209359059e-13,
                1.5989056149376403e-13
            ],
            [
                0.0,
                4.668088210101138e-13,
                0.9999999999890186,
                9.717007627465683e-12,
                7.976205577289347e-13
            ],
            [
                0.0,
                2.836920069824906e-11,
                1.6603060797156795e-11,
                0.9999962733161879,
                3.7266388397960466e-06
            ],
            [
                0.0,
                6.012895465532588e-09,
                2.0595267035866845e-09,
                0.9992101255039547,
                0.0007898664236232198
            ]
        ],
        [
            [
                0.9999999998578519,
                1.4152145373396371e-10,
                0.0,
                4.668088209488319e-13,
                1.5989056149819142e-13
            ],
            [
                0.9999999699795088,
                3.001915268009981e-08,
                1.1187097055840787e-13,
                9.53564026002166e-13,
                2.7320066756293566e-13
            ],
            [
                6.798693528753144e-12,
                3.726638838910769e-06,
                0.9999962730786348,
                2.4181202591173904e-10,
                3.391555869657526e-11
            ],
            [
                0.0,
                4.939565071641652e-10,
                1.3887943359499375e-11,
                0.9999999636040691,
                3.588808649646359e-08
            ],
            [
                0.0,
                4.2070555466968176e-09,
                1.008223024379839e-09,
                0.9992101283588414,
                0.0007898664258799815
            ]
        ],
        [
            [
                0.9999999999587361,
                4.054657535749769e-11,
                0.0,
                3.9046806593883865e-13,
                3.2661313426522373e-13
            ],
            [
                0.9999999996536046,
                3.4560894522916585e-10,
                0.0,
                5.580728951758028e-13,
                2.285221157869468e-13
            ],
            [
                0.4999999998542554,
                0.4999999998542554,
                2.4236831967261667e-11,
                2.469790868793605e-10,
                2.027327800662409e-11
            ],
            [
                0.0,
                1.6918979151367464e-10,
                4.054657517995568e-11,
                0.9999999955798846,
                4.210378870868311e-09
            ],
            [
                0.0,
                4.290451586052387e-08,
                0.9999984100887855,
                1.5260031735683081e-06,
                2.1003525004810457e-08
            ]
        ],
        [
            [
                0.9999999991546458,
                8.44010147124134e-10,
                0.0,
                9.535640538223456e-13,
                3.9046955514514787e-13
            ],
            [
                0.9999999982752434,
                1.7240776758486912e-09,
                7.82730053885987e-14,
                4.668088202101085e-13,
                1.3374296620684216e-13
            ],
            [
                0.96136839307833,
                0.038631606801957666,
                1.3351422517503995e-11,
                9.519295379406262e-11,
                1.1167964043223728e-11
            ],
            [
                0.0,
                3.520460408265415e-09,
                5.031585690031318e-09,
                0.9996131633593611,
                0.000386828088592671
            ],
            [
                0.0,
                1.1633363797462839e-09,
                2.376381304781811e-09,
                0.19332162174942355,
                0.8066783747108588
            ]
        ],
        [
            [
                0.9999999982747916,
                1.7240842526945227e-09,
                0.0,
                7.976205563614796e-13,
                3.266131337152066e-13
            ],
            [
                0.9999999987926356,
                1.2062937469778904e-09,
                0.0,
                7.976205567745475e-13,
                2.732006754346577e-13
            ],
            [
                0.019292271318027736,
                0.9807077280481908,
                1.1609352069259104e-10,
                4.844265754849242e-10,
                3.326135056281507e-11
            ],
            [
                0.0,
                1.1837716496471968e-10,
                8.440053469946908e-10,
                0.9999987225931178,
                1.2764444996411719e-06
            ],
            [
                0.0,
                1.7888839461751117e-07,
                1.7227235080117746e-09,
                0.9992099532895734,
                0.000789866099308487
            ]
        ],
        [
            [
                0.9999999998810409,
                1.1837738672491233e-10,
                0.0,
                3.9046806590850116e-13,
                1.9115090583301594e-13
            ],
            [
                0.9999999487056734,
                5.129291276231175e-08,
                1.3374295957726082e-13,
                9.535640057162012e-13,
                3.2661311752534395e-13
            ],
            [
                0.0,
                2.140313413401882e-07,
                0.9999997858936914,
                6.92803092242792e-11,
                5.686874087338241e-12
            ],
            [
                0.0,
                1.691897916322314e-10,
                2.8369309697859283e-11,
                0.999999996280617,
                3.5218239711543556e-09
            ],
            [
                0.0,
                8.440101259183294e-10,
                1.6603124219685425e-11,
                0.9999999740293957,
                2.5109990905318162e-08
            ]
        ],
        [
            [
                0.9999999997102531,
                2.8908891681723356e-10,
                0.0,
                4.668088208798945e-13,
                1.911509058003587e-13
            ],
            [
                0.9999998502453501,
                1.4975176185000414e-07,
                2.731996252436908e-13,
                1.9478657406040516e-12,
                6.671796525936056e-13
            ],
            [
                2.0414931115471447e-09,
                0.00953829528823867,
                0.9904616949598595,
                7.125511104595439e-09,
                5.848975692152922e-10
            ],
            [
                0.0,
                5.905303934570036e-10,
                2.8369309494120397e-11,
                0.9999999890989518,
                1.0282148416720042e-08
            ],
            [
                0.0,
                2.5228602220660526e-09,
                1.0527207121564958e-08,
                0.8564008860396832,
                0.1435991009102494
            ]
        ],
        [
            [
                0.9999999998576474,
                1.4152145373392797e-10,
                0.0,
                5.58072895289691e-13,
                2.7320067572561963e-13
            ],
            [
                0.9999999995861644,
                4.1317767795620723e-10,
                0.0,
                4.668088208220058e-13,
                1.9115090577665417e-13
            ],
            [
                4.739599966482265e-10,
                0.6713476922390804,
                0.32865230519566907,
                1.9777057041892195e-09,
                1.1358475683329745e-10
            ],
            [
                0.0,
                4.8473685662731714e-11,
                3.978962420920635e-12,
                0.9999993750725295,
                6.248750180317254e-07
            ],
            [
                1.6602300996952356e-11,
                3.726468298894767e-06,
                0.9999508672373478,
                4.539767754603845e-05,
                8.60020483542532e-09
            ]
        ],
        [
            [
                0.9999999999510247,
                4.847368706032537e-11,
                0.0,
                2.731996335752732e-13,
                2.2852211585494256e-13
            ],
            [
                0.9999999913970213,
                8.600631424731159e-09,
                1.5989056014540235e-13,
                1.6293228668945786e-12,
                5.580728905681341e-13
            ],
            [
                0.0,
                1.1399918529989693e-12,
                0.9999999999601874,
                3.391568913915001e-11,
                4.7568930012271205e-12
            ],
            [
                0.0,
                2.3729862928460803e-11,
                3.328265523998227e-12,
                0.9999999824041802,
                1.7568761623107195e-08
            ],
            [
                0.0,
                6.103326202760448e-08,
                1.0042847459909015e-09,
                0.9953077056747944,
                0.004692232287658787
            ]
        ],
        [
            [
                0.9999999998809275,
                1.183773867248958e-10,
                0.0,
                4.668088209595814e-13,
                2.2852211583890225e-13
            ],
            [
                0.9999999928041265,
                7.194132978557313e-09,
                1.3374296547511876e-13,
                1.1399918448411184e-12,
                4.668088176561429e-13
            ],
            [
                9.273092496249097e-05,
                0.9999046573891267,
                2.6071868720370992e-06,
                4.209977480107343e-09,
                2.8906135572343843e-10
            ],
            [
                0.0,
                1.009015580667027e-09,
                2.945873534476916e-09,
                0.9999962694062856,
                3.7266388252251983e-06
            ],
            [
                0.0,
                3.6057748060340534e-09,
                5.153520509113072e-09,
                0.14359910152640043,
                0.8564008897143043
            ]
        ],
        [
            [
                0.9999999995052105,
                4.93958409195901e-10,
                0.0,
                5.580728950930201e-13,
                2.732006756293408e-13
            ],
            [
                0.9999999991548016,
                8.44010147124292e-10,
                0.0,
                7.976205570634186e-13,
                3.904695551452209e-13
            ],
            [
                0.0,
                3.391568913861074e-11,
                0.9999999999442872,
                1.9849216155635804e-11,
                1.9478657999937867e-12
            ],
            [
                0.0,
                5.7950599069452095e-11,
                8.28253612288925e-11,
                0.9999999977980703,
                2.0611536179000424e-09
            ],
            [
                0.0,
                7.055348969219893e-09,
                3.453883478709047e-09,
                0.980707788352544,
                0.019292201138223605
            ]
        ],
        [
            [
                0.9999999999166569,
                8.282536140435414e-11,
                0.0,
                3.2661313425148013e-13,
                1.9115090583982395e-13
            ],
            [
                0.9999999699795088,
                3.001915268009981e-08,
                1.1187097055840787e-13,
                9.53564026002166e-13,
                2.7320066756293566e-13
            ],
            [
                0.0016121551713300926,
                0.9983878447919319,
                6.787758206640033e-12,
                2.832357040293438e-11,
                1.6266959487721027e-12
            ],
            [
                0.0,
                4.939584077295114e-10,
                2.3729863263817085e-11,
                0.9999999965364268,
                2.9458848653286457e-09
            ],
            [
                0.0,
                5.129193159933048e-08,
                2.4640843184621065e-09,
                0.9999843961763784,
                1.5550067605847463e-05
            ]
        ],
        [
            [
                0.9999999998998474,
                9.901862067033245e-11,
                0.0,
                6.671822179992486e-13,
                4.668088209684134e-13
            ],
            [
                0.999999996477672,
                3.5218239718483486e-09,
                6.547268215367572e-14,
                3.2661313312830614e-13,
                1.118709735227832e-13
            ],
            [
                4.053543960875597e-11,
                0.0002706842167986512,
                0.999729314829626,
                8.437783480797216e-10,
                6.926154454099953e-11
            ],
            [
                0.0,
                8.2825358871908e-11,
                3.391568810067205e-11,
                0.9999998501314972,
                1.4975176183295445e-07
            ],
            [
                1.0472239164578182e-07,
                0.00038677589349328886,
                2.179884361728314e-06,
                0.9994784616801208,
                0.00013247781963268698
            ]
        ],
        [
            [
                0.9999999998302285,
                1.691897922327668e-10,
                0.0,
                3.904680658886605e-13,
                1.9115090582330308e-13
            ],
            [
                0.9999999970526752,
                2.9458848668494537e-09,
                1.5989056104968802e-13,
                9.535640518181643e-13,
                3.2661313331610976e-13
            ],
            [
                2.524018061799462e-07,
                0.986422862612621,
                0.013576879735214126,
                4.965194609298197e-09,
                2.8516397618337275e-10
            ],
            [
                0.0,
                1.984921613193266e-11,
                2.372986331634789e-11,
                0.9999999987501271,
                1.2062937469268056e-09
            ],
            [
                0.0,
                2.9456937339493336e-09,
                2.0225434181175746e-10,
                0.9999351136297789,
                6.488322227281148e-05
            ]
        ],
        [
            [
                0.9999999992930206,
                7.059828242381577e-10,
                1.1187097383773898e-13,
                5.580728949746773e-13,
                3.26613134047836e-13
            ],
            [
                0.9999998952201989,
                1.0477754249714335e-07,
                2.2852211916360877e-13,
                1.3628726827220632e-12,
                6.671822276932794e-13
            ],
            [
                0.009538295377517415,
                0.9904617042306124,
                8.203532455049237e-11,
                2.863314173079075e-10,
                2.350351399569858e-11
            ],
            [
                2.3286324520962733e-12,
                2.2224644079356993e-05,
                3.455996986043873e-10,
                0.9999777746623925,
                3.455996986043873e-10
            ],
            [
                0.0,
                4.939583949528926e-10,
                6.7987454131718945e-12,
                0.9999993746242252,
                6.248750177515911e-07
            ]
        ],
        [
            [
                0.9999999979377461,
                2.0611536181879356e-09,
                1.598905611912025e-13,
                6.671822166902762e-13,
                2.7320067520114496e-13
            ],
            [
                0.9999546021389363,
                4.539785251414549e-05,
                7.975840630561453e-13,
                6.798408605859744e-12,
                9.535167874549666e-13
            ],
            [
                2.8890384523725154e-09,
                0.019292201197756566,
                0.9807077913788674,
                4.129131661523245e-09,
                4.0520617870928126e-10
            ],
            [
                0.0,
                1.1615658533396909e-11,
                6.798084393248306e-12,
                0.999907269146065,
                9.273083552137718e-05
            ],
            [
                2.523972343237417e-07,
                2.1922902872224983e-05,
                2.4768508138408172e-08,
                0.986401172593538,
                0.01357662733784733
            ]
        ],
        [
            [
                0.9999999985570611,
                1.4421317969509434e-09,
                1.1187097375540648e-13,
                4.668088203416635e-13,
                2.2852211553640603e-13
            ],
            [
                0.9999777753482809,
                2.222464409460096e-05,
                7.976022606046592e-13,
                5.686765187449829e-12,
                1.1399657020350927e-12
            ],
            [
                2.1003565764337452e-08,
                0.9999998738538369,
                1.0477714056459425e-07,
                3.4560762456053086e-10,
                1.9849140300444628e-11
            ],
            [
                0.0,
                1.2525814295835296e-07,
                2.0610866616850058e-09,
                0.9999681084945168,
                3.176418625347655e-05
            ],
            [
                0.0,
                1.987753807365412e-09,
                2.376381302822681e-09,
                0.19332162159004582,
                0.806678374045819
            ]
        ],
        [
            [
                0.9999999998576921,
                1.41521453733938e-10,
                0.0,
                5.580728952897305e-13,
                2.2852211583359843e-13
            ],
            [
                0.9999999997102158,
                2.890889168172457e-10,
                0.0,
                4.668088208799141e-13,
                2.2852211579990183e-13
            ],
            [
                3.5178494313585978e-09,
                0.9988714688165701,
                0.0011285266092807048,
                1.0078807367161302e-09,
                4.841898210467607e-11
            ],
            [
                0.0,
                7.1938992599234525e-09,
                8.600352024729465e-09,
                0.9999682201409061,
                3.1764064842722117e-05
            ],
            [
                0.0,
                4.839078193097213e-09,
                2.3689277874468784e-09,
                0.9613683862638686,
                0.038631606528125494
            ]
        ],
        [
            [
                0.9999999999164348,
                8.282536140433755e-11,
                0.0,
                4.668088209761789e-13,
                2.732006757416935e-13
            ],
            [
                0.9999999570933581,
                4.290476124629825e-08,
                1.9115089765413715e-13,
                1.3628726045802062e-12,
                3.2661312026487193e-13
            ],
            [
                2.8323462510383528e-11,
                0.0016121490301716395,
                0.9983878501882648,
                7.048445833323876e-10,
                4.839553394660832e-11
            ],
            [
                0.0,
                9.709337834384252e-12,
                2.3711132976409652e-11,
                0.9992101335366066,
                0.0007898664299729573
            ],
            [
                0.9999974737335813,
                2.558760530223352e-07,
                1.7240809278105934e-09,
                8.764231302532952e-08,
                2.181023971611144e-06
            ]
        ],
        [
            [
                0.9999999979375662,
                2.0611536181872354e-09,
                0.0,
                9.535640526618122e-13,
                3.2661313360507453e-13
            ],
            [
                0.9999999789946641,
                2.1003645591246024e-08,
                1.598905581623825e-13,
                1.1399918290984436e-12,
                3.904695472733634e-13
            ],
            [
                3.176406577427688e-05,
                0.9999681302581546,
                1.0477413935478362e-07,
                8.43982746825973e-10,
                5.7948938872821846e-11
            ],
            [
                0.0,
                2.1003604618462285e-08,
                7.194118845282169e-09,
                0.9999981474558838,
                1.8243463929028147e-06
            ],
            [
                0.0,
                1.410069700935121e-08,
                8.09839521418463e-10,
                0.32865230113836236,
                0.6713476839511011
            ]
        ],
        [
            [
                0.9999999991542232,
                8.440101471239388e-10,
                1.5989117132095641e-13,
                1.1399918520801768e-12,
                4.66808820620424e-13
            ],
            [
                0.9999999824300206,
                1.756876162356118e-08,
                9.357622804426932e-14,
                7.97620543723517e-13,
                3.266131285401587e-13
            ],
            [
                1.4679081337682552e-08,
                0.9988714565838992,
                0.0011285265954602134,
                2.05882748321909e-09,
                8.273188787322229e-11
            ],
            [
                0.0,
                2.890889079797886e-10,
                2.8369308927900782e-11,
                0.9999998499307801,
                1.497517618028967e-07
            ],
            [
                0.0,
                4.1317689530229237e-10,
                2.0611497172845183e-09,
                0.9999973900976402,
                2.607428033082987e-06
            ]
        ],
        [
            [
                0.9999999970533235,
                2.945884866851364e-09,
                1.3374296604341898e-13,
                4.668088196397056e-13,
                1.9115090529252076e-13
            ],
            [
                0.9999999928034884,
                7.194132978552722e-09,
                1.9115090448016091e-13,
                1.6293228691861677e-12,
                5.580728913530453e-13
            ],
            [
                0.004692249834920598,
                0.995307750076641,
                1.3822775091106882e-11,
                6.895547474956875e-11,
                5.660210049928639e-12
            ],
            [
                0.0,
                2.061153647817648e-09,
                5.795059991060394e-11,
                0.9999998931037531,
                1.0477714258154567e-07
            ],
            [
                0.0,
                2.416792517455916e-10,
                2.0215562723368627e-10,
                0.9994472209996893,
                0.0005527785564757987
            ]
        ],
        [
            [
                0.9999999998810722,
                1.183773867249186e-10,
                0.0,
                3.9046806590852186e-13,
                1.5989056150190414e-13
            ],
            [
                0.9999999998807381,
                1.1837738672487648e-10,
                0.0,
                5.580728953025919e-13,
                3.2661313423974855e-13
            ],
            [
                4.313179601492435e-08,
                0.5883487393605641,
                0.4116512064613614,
                1.0336557086641001e-08,
                7.097212792819133e-10
            ],
            [
                0.0,
                4.054657506386929e-11,
                4.847368670966126e-11,
                0.9999999927168466,
                7.194132977929409e-09
            ],
            [
                0.9994471770210253,
                0.0005527785321518905,
                2.46275959952782e-09,
                2.099203168685419e-08,
                2.099203168685419e-08
            ]
        ],
        [
            [
                0.9999999999757523,
                2.3729863345429154e-11,
                0.0,
                3.2661313427078857e-13,
                1.9115090585112425e-13
            ],
            [
                0.9999999970530857,
                2.9458848668506634e-09,
                1.3374296604338718e-13,
                6.671822161000466e-13,
                2.285221151927144e-13
            ],
            [
                2.3643686796261666e-09,
                0.32865230428808667,
                0.6713476903851352,
                2.826617697346821e-09,
                1.3579181218456366e-10
            ],
            [
                0.0,
                1.984921513806222e-11,
                8.127942925146645e-12,
                0.99999994867911,
                5.129291276094924e-08
            ],
            [
                0.0,
                9.901824669844744e-11,
                1.7240777440034758e-09,
                0.9999995609692237,
                4.372076803055241e-07
            ]
        ],
        [
            [
                0.9999999998999236,
                9.901862067033998e-11,
                0.0,
                6.671822179992995e-13,
                3.904695554361684e-13
            ],
            [
                0.9999999982752248,
                1.724077675848659e-09,
                7.827300538859724e-14,
                3.904680652815334e-13,
                2.285221154720002e-13
            ],
            [
                1.2062108769216427e-09,
                0.9999351130591205,
                6.488322223578291e-05,
                2.4639622962416194e-09,
                4.847054185535742e-11
            ],
            [
                0.0,
                1.2062937465282474e-09,
                2.8369309758544387e-11,
                0.9999999984197281,
                3.456089448027931e-10
            ],
            [
                0.03139738515260215,
                0.7813407068208862,
                3.416084301026329e-07,
                0.18724941633202613,
                1.2150086055464228e-05
            ]
        ],
        [
            [
                0.9999999999914837,
                8.127943342209951e-12,
                0.0,
                2.2852211586418195e-13,
                1.5989056151956081e-13
            ],
            [
                0.9999999989899098,
                1.0090194641664944e-09,
                0.0,
                7.976205569318974e-13,
                2.732006754885531e-13
            ],
            [
                9.807412289284264e-11,
                0.009538295365358461,
                0.9904617029680199,
                1.428375898535564e-09,
                1.4017153897013695e-10
            ],
            [
                0.0,
                1.4695638571194759e-08,
                2.836925626427038e-11,
                0.9999987088254235,
                1.2764505686435579e-06
            ],
            [
                0.0,
                6.928043712758235e-11,
                5.905292517770949e-10,
                0.9999981749937472,
                1.8243464431415096e-06
            ]
        ],
        [
            [
                0.9999999995052551,
                4.939584091959429e-10,
                0.0,
                5.580728950930674e-13,
                2.28522115753068e-13
            ],
            [
                0.9999999982754619,
                1.7240776758489733e-09,
                0.0,
                3.2661313371547003e-13,
                1.3374245601890965e-13
            ],
            [
                0.00013252989326686463,
                0.9998674652725534,
                4.209816890265566e-09,
                5.904515761997277e-10,
                3.391116209172173e-11
            ],
            [
                0.0,
                4.939565228156345e-10,
                5.686873922292179e-12,
                0.9999999952899938,
                4.2103628083576335e-09
            ],
            [
                0.0,
                8.282267116568016e-11,
                2.0610866742315787e-09,
                0.9999682337908145,
                3.176406527631247e-05
            ]
        ],
        [
            [
                0.999999999958596,
                4.0546575357493636e-11,
                0.0,
                4.668088209958687e-13,
                3.904680659387996e-13
            ],
            [
                0.999999999797182,
                2.022674657470851e-10,
                0.0,
                3.904680658757569e-13,
                1.598905614884874e-13
            ],
            [
                2.1114788355783996e-08,
                0.411651213641127,
                0.5883487496221788,
                1.4773429494147895e-08,
                8.48476289031376e-10
            ],
            [
                0.0,
                2.0611495659724535e-09,
                1.984921495170622e-11,
                0.9999991048255588,
                8.930934424144102e-07
            ],
            [
                1.6880008903770883e-10,
                5.214810970179596e-07,
                8.580821238439935e-09,
                0.9976969143840942,
                0.0023025553851873668
            ]
        ],
        [
            [
                0.999999996477102,
                3.5218239718463414e-09,
                1.337429659663534e-13,
                6.671822157157605e-13,
                2.73200674802096e-13
            ],
            [
                0.9999999985560704,
                1.4421317969495147e-09,
                1.9115090557977215e-13,
                1.1399918513982874e-12,
                4.66808820341201e-13
            ],
            [
                1.052720700653829e-08,
                0.14359909934119833,
                0.8564008766821264,
                1.258534249955443e-08,
                8.641257726451935e-10
            ],
            [
                0.0,
                4.2103787451548004e-09,
                4.8473685401115715e-11,
                0.9999999657218804,
                3.001926706648698e-08
            ],
            [
                0.0,
                1.9466263374811058e-11,
                6.794393527836914e-11,
                0.9807077285840213,
                0.01929227132856848
            ]
        ],
        [
            [
                0.9999999999586224,
                4.0546420684878825e-11,
                0.0,
                5.580728953460691e-13,
                2.731996335773362e-13
            ],
            [
                0.9999999913979766,
                8.600631424739374e-09,
                1.1187097295451272e-13,
