{
    "[['A', 'B', 'C', 'D', 'E'], ['A', 'B', 'C', 'D', 'E']]": [
        [
            [
                0.9999999999926996,
                6.798719677417698e-12,
                0.0,
                2.731996335866552e-13,
                2.2852211586446326e-13
            ],
            [
                0.9456867619418581,
                0.05431323794432612,
                9.18924982662539e-12,
                9.364064306555821e-11,
                1.0985806236186227e-11
            ],
            [
                0.0,
                0.0,
                3.825246596613294e-12,
                0.038631606806413844,
                0.961368393189761
            ],
            [
                0.0,
                0.0,
                1.8758165977190897e-14,
                1.7240776758488672e-09,
                0.9999999982759036
            ],
            [
                0.0,
                0.0,
                9.18289370812822e-15,
                2.0226669415943207e-10,
                0.999999999797724
            ]
        ],
        [
            [
                0.9999999824298519,
                1.7568761623558216e-08,
                1.598905587116366e-13,
                9.535640378743656e-13,
                2.7320067096437777e-13
            ],
            [
                0.744868069929814,
                0.2551319298576064,
                1.7675688098156065e-11,
                1.8011878199337555e-10,
                1.4785049972064557e-11
            ],
            [
                0.0,
                0.0,
                1.3583907618919533e-12,
                0.0032876704847947407,
                0.9967123295138468
            ],
            [
                0.0,
                0.0,
                2.6810038672379535e-14,
                2.0226823733772523e-10,
                0.9999999997977049
            ],
            [
                0.0,
                0.0,
                9.182893709221411e-15,
                8.282504545125135e-11,
                0.9999999999171658
            ]
        ],
        [
            [
                0.9999999999713087,
                2.836920158243732e-11,
                0.0,
                2.28522115859575e-13,
                9.357622968570959e-14
            ],
            [
                0.9997293157755093,
                0.00027068421705475615,
                7.974045410668093e-13,
                5.6853554815848134e-12,
                9.53302167782285e-13
            ],
            [
                0.0,
                0.0,
                1.9471116441823066e-12,
                0.9996131719061531,
                0.00038682809189978106
            ],
            [
                0.0,
                0.0,
                2.6810038655171478e-14,
                8.44010147124844e-10,
                0.9999999991559629
            ],
            [
                0.0,
                0.0,
                1.8758165993694915e-14,
                8.440069274876841e-10,
                0.9999999991559743
            ]
        ],
        [
            [
                0.9999999897169126,
                1.0282148423074005e-08,
                1.1187097276645046e-13,
                6.671796661121799e-13,
                1.5989055987676883e-13
            ],
            [
                0.9999973925643361,
                2.6074280395147355e-06,
                7.976190484975221e-13,
                5.686863188498903e-12,
                1.1399896959767081e-12
            ],
            [
                0.0,
                0.0,
                2.3282460975754743e-12,
                0.9998105944390585,
                0.00018940555861316093
            ],
            [
                0.0,
                0.0,
                2.681003866672749e-14,
                4.1317767795632133e-10,
                0.9999999995867954
            ],
            [
                0.0,
                0.0,
                1.8758237559907434e-14,
                3.456089452292666e-10,
                0.9999999996543723
            ]
        ],
        [
            [
                0.9999999913978973,
                8.600631424738693e-09,
                1.911509042114809e-13,
                9.535604088747492e-13,
                3.26613131469185e-13
            ],
            [
                0.9999923875355933,
                7.612456623839252e-06,
                4.668034867459104e-13,
                5.6868306581173765e-12,
                1.62930426248222e-12
            ],
            [
                0.0,
                0.0,
                6.671669130901513e-13,
                0.9999777752704595,
                2.222472887330972e-05
            ],
            [
                0.0,
                0.0,
                9.18292873683725e-15,
                3.456089452292699e-10,
                0.9999999996543818
            ],
            [
                0.0,
                0.0,
                2.681003867326344e-14,
                1.6918979223277043e-10,
                0.9999999998307834
            ]
        ],
        [
            [
                0.9953077501260015,
                0.0046922498351533014,
                2.3177674236712578e-12,
                3.375654075438588e-11,
                2.7709056013713486e-12
            ],
            [
                0.14359910276028415,
                0.8564008970729793,
                9.948635068435889e-12,
                1.4489439350485997e-10,
                1.189365609145708e-11
            ],
            [
                0.0,
                0.0,
                8.17093729310173e-12,
                0.41165216709519,
                0.5883478328966392
            ],
            [
                0.0,
                0.0,
                1.0978291212799712e-14,
                2.8908891681731457e-10,
                0.9999999997109001
            ],
            [
                0.0,
                0.0,
                9.182928738711375e-15,
                1.4152091387349967e-10,
                0.9999999998584699
            ]
        ],
        [
            [
                0.999729314720621,
                0.0002706852493494483,
                2.32806408179434e-12,
                2.3723436648504065e-11,
                3.97788492370685e-12
            ],
            [
                0.99993511676708,
                6.488322247638289e-05,
                9.534985489997e-13,
                8.127415992128829e-12,
                1.3627790397382631e-12
            ],
            [
                0.0,
                0.0,
                2.283762557145029e-12,
                0.01929220134091521,
                0.9807077986568009
            ],
            [
                0.0,
                0.0,
                2.6810038668536568e-14,
                3.456089452293016e-10,
                0.9999999996543643
            ],
            [
                0.0,
                0.0,
                1.8758166000267423e-14,
                4.939565248979399e-10,
                0.9999999995060247
            ]
        ],
        [
            [
                0.9999999487057827,
                5.129291276231736e-08,
                1.911508960508445e-13,
                9.535640057163055e-13,
                1.5989055331947623e-13
            ],
            [
                0.9999997859655365,
                2.1403134135556528e-07,
                3.2661314224291904e-13,
                2.3286948129542217e-12,
                4.66808832397963e-13
            ],
            [
                0.0,
                0.0,
                5.580686470629275e-13,
                0.999992387513779,
                7.612485662941797e-06
            ],
            [
                0.0,
                0.0,
                3.831785429717896e-14,
                2.5109895140081817e-08,
                0.9999999748900665
            ],
            [
                0.0,
                0.0,
                3.205157065008745e-14,
                2.0226746574708205e-10,
                0.9999999997977005
            ]
        ],
        [
            [
                0.9999997859661446,
                2.1403134135569543e-07,
                3.2661314224311765e-13,
                1.6293229206422064e-12,
                5.580750378609403e-13
            ],
            [
                0.999935116767303,
                6.488322247639735e-05,
                1.1399178890846459e-12,
                8.127384988558215e-12,
                9.534985489999127e-13
            ],
            [
                0.0,
                4.479104239809047e-13,
                1.1146491571971963e-11,
                0.32865315428575803,
                0.6713468457026476
            ],
            [
                0.0,
                0.0,
                1.8758237837117444e-14,
                1.0477714280353649e-07,
                0.9999998952228384
            ],
            [
                0.0,
                0.0,
                1.8758237550552938e-14,
                8.440101471246094e-10,
                0.9999999991559712
            ]
        ],
        [
            [
                0.9999999949651499,
                5.0335345431395066e-09,
                1.3374296576414044e-13,
                9.535640498275754e-13,
                2.2852211471557487e-13
            ],
            [
                0.0011285223142701124,
                0.9988714776398936,
                3.9744569531615985e-12,
                4.050066239924018e-11,
                1.3613294126728927e-12
            ],
            [
                0.0,
                0.0,
                7.975840630617961e-13,
                0.999954602146688,
                4.5397852514467134e-05
            ],
            [
                0.0,
                0.0,
                3.8318000468475785e-14,
                2.5109990926915478e-08,
                0.9999999748899708
            ],
            [
                0.0,
                0.0,
                1.5690621839580016e-14,
                2.8908891681724395e-10,
                0.9999999997108955
            ]
        ],
        [
            [
                0.9994472214330686,
                0.000552778556715494,
                9.53033170964793e-13,
                8.123449210126638e-12,
                1.1393615245804984e-12
            ],
            [
                0.9994472214175314,
                0.0005527785567069006,
                1.946788778991323e-12,
                1.9838241055255615e-11,
                3.9767624732607065e-12
            ],
            [
                0.0,
                0.0,
                4.66628086472741e-13,
                0.00038682809190048167,
                0.9996131719076328
            ],
            [
                0.0,
                0.0,
                3.205169289679706e-14,
                8.440101471250089e-10,
                0.9999999991559578
            ],
            [
                0.0,
                0.0,
                2.6810038650750506e-14,
                1.009019464167146e-09,
                0.9999999989909538
            ]
        ],
        [
            [
                0.9953077501319468,
                0.00469224983518133,
                2.3177674236851026e-12,
                2.8236187641359012e-11,
                2.3177674236851026e-12
            ],
            [
                0.9992101335487737,
                0.0007898664299825753,
                2.3268566793075335e-12,
                1.6590082819022912e-11,
                2.3268566793075335e-12
            ],
            [
                0.0,
                0.0,
                3.87015274218979e-12,
                0.027346743508459524,
                0.9726532564876703
            ],
            [
                0.0,
                0.0,
                2.242567708963263e-14,
                2.0226823733772613e-10,
                0.9999999997977094
            ],
            [
                0.0,
                0.0,
                3.831785519326833e-14,
                1.7240776758484205e-09,
                0.999999998275884
            ]
        ],
        [
            [
                0.9999999939814168,
                6.017622348177032e-09,
                1.3374296563257305e-13,
                6.671822140506837e-13,
                1.5989056055862281e-13
            ],
            [
                0.856400897115864,
                0.14359910276747495,
                6.9607829487736044e-12,
                1.0137857271309977e-10,
                8.321660001647618e-12
            ],
            [
                0.0,
                0.0,
                5.580718393995814e-13,
                0.9999973925714024,
                2.6074280395319434e-06
            ],
            [
                0.0,
                0.0,
                3.831785509800421e-14,
                4.210362810458342e-09,
                0.9999999957895989
            ],
            [
                0.0,
                0.0,
                1.0978249335640959e-14,
                1.4152091387349944e-10,
                0.9999999998584681
            ]
        ],
        [
            [
                0.9999999975350262,
                2.464122174336762e-09,
                1.3374296610784332e-13,
                5.580728939935883e-13,
                1.598905611268114e-13
            ],
            [
                0.004692234246415054,
                0.9953077656761987,
                5.6601885466947215e-12,
                6.895521278655142e-11,
                2.770905644662611e-12
            ],
            [
                0.0,
                0.0,
                1.3625035598172028e-12,
                0.9997293147492804,
                0.0002706852493570817
            ],
            [
                0.0,
                0.0,
                4.5809411204378085e-14,
                3.588808651466749e-08,
                0.9999999641118678
            ],
            [
                0.0,
                0.0,
                7.681204684108859e-15,
                1.4152091387348145e-10,
                0.9999999998584714
            ]
        ],
        [
            [
                0.9999993751227707,
                6.2487501806312e-07,
                1.9115090034474599e-13,
                1.629322833936917e-12,
                3.904695442177557e-13
            ],
            [
                0.9997293157735669,
                0.00027068421705423026,
                9.533021677804327e-13,
                6.79687840496393e-12,
                1.6288816173262606e-12
            ],
            [
                0.0,
                0.0,
                1.1399918201777835e-12,
                0.9999993751238418,
                6.248750180632909e-07
            ],
            [
                0.0,
                0.0,
                5.476564864270676e-14,
                5.1292912762332564e-08,
                0.9999999487070326
            ],
            [
                0.0,
                0.0,
                1.0978249335338408e-14,
                1.6918914682618492e-10,
                0.9999999998307998
            ]
        ],
        [
            [
                0.9999999877064406,
                1.2292373389741922e-08,
                1.5989055955531334e-13,
                7.97620547932098e-13,
                2.285221130567993e-13
            ],
            [
                0.9998674700880625,
                0.00013252989390514814,
                1.3626855558330939e-12,
                1.3886116661863023e-11,
                2.7835977070400036e-12
            ],
            [
                0.0,
                0.0,
                3.903623169134104e-13,
                0.000270684217056633,
                0.999729315782553
            ],
            [
                0.0,
                0.0,
                3.8317855248259016e-14,
                2.8908891681727513e-10,
                0.9999999997108728
            ],
            [
                0.0,
                0.0,
                2.6809936404516617e-14,
                4.847350214823573e-11,
                0.9999999999514997
            ]
        ],
        [
            [
                0.999999926688838,
                7.330993137511904e-08,
                1.5989056885961684e-13,
                7.976205943469938e-13,
                2.73200688303957e-13
            ],
            [
                0.9241418282128895,
                0.07585817165414306,
                1.2834428303502662e-11,
                1.0939748155885633e-10,
                1.0735558731622123e-11
            ],
            [
                0.0,
                0.0,
                7.237890012761244e-12,
                0.2551319299098688,
                0.7448680700828932
            ],
            [
                0.0,
                0.0,
                1.5690561894840086e-14,
                6.017622348178704e-09,
                0.9999999939823618
            ],
            [
                0.0,
                0.0,
                2.681003867005187e-14,
                2.8908891681731e-10,
                0.9999999997108844
            ]
        ],
        [
            [
                0.9999999982749754,
                1.7240842526949387e-09,
                0.0,
                6.671822169151805e-13,
                2.7320067529323974e-13
            ],
            [
                0.9994472214220419,
                0.0005527785567093954,
                2.3274071657257266e-12,
                1.6593944390302907e-11,
                2.3274071657257266e-12
            ],
            [
                0.0,
                0.0,
                3.265246788352597e-13,
                0.0002706842170565922,
                0.999729315782617
            ],
            [
                0.0,
                0.0,
                3.2051447584970254e-14,
                2.510989514009299e-08,
                0.9999999748900728
            ],
            [
                0.0,
                0.0,
                1.8758237561854466e-14,
                2.4181295589556363e-10,
                0.9999999997581683
            ]
        ],
        [
            [
                0.9999999487062297,
                5.1292912762340287e-08,
                7.827300150868301e-14,
                6.671821838438838e-13,
                1.1187096817854541e-13
            ],
            [
                0.6713476936549778,
                0.3286523058888091,
                2.7220749258853248e-11,
                3.964497569242429e-10,
                3.2542577751571496e-11
            ],
            [
                0.0,
                0.0,
                6.671809213562128e-13,
                0.9999981756459291,
                1.8243534036732719e-06
            ],
            [
                0.0,
                0.0,
                3.2051692885182334e-14,
                1.2062937469786632e-09,
                0.9999999987936743
            ],
            [
                0.0,
                0.0,
                2.6809936400386987e-14,
                2.0226746574705676e-10,
                0.9999999997977058
            ]
        ],
        [
            [
                0.999999926688042,
                7.330993137506068e-08,
                2.7320068830373953e-13,
                1.3628727256087312e-12,
                3.9046957339682316e-13
            ],
            [
                0.9999351167714229,
                6.488322247666469e-05,
                3.904427319472318e-13,
                4.756566223947716e-12,
                9.534985490038412e-13
            ],
            [
                0.0,
                0.0,
                1.6280306241903815e-12,
                0.9992101365790899,
                0.0007898634192821312
            ],
            [
                0.0,
                0.0,
                3.831785492977354e-14,
                8.600631424744159e-09,
                0.9999999913993304
            ],
            [
                0.0,
                0.0,
                1.8758165998452156e-14,
                5.905281468548703e-10,
                0.999999999409453
            ]
        ],
        [
            [
                0.9999999995842042,
                4.1317767795544353e-10,
                1.9115090577630088e-13,
                1.6293228802341429e-12,
                7.976205574060464e-13
            ],
            [
                0.9999072687989605,
                9.273118922992619e-05,
                9.534713143985788e-13,
                9.716099650066214e-12,
                1.1398853298224479e-12
            ],
            [
                0.0,
                0.0,
                9.504281931776461e-13,
                0.0032876704847953266,
                0.9967123295142543
            ],
            [
                0.0,
                0.0,
                2.6810038664559308e-14,
                4.939584091960887e-10,
                0.9999999995060147
            ],
            [
                0.0,
                0.0,
                2.2425677083088827e-14,
                4.939584091960369e-10,
                0.9999999995060191
            ]
        ],
        [
            [
                0.9999682359294128,
                3.17640653442452e-05,
                4.667936596242858e-13,
                3.9788333039035604e-12,
                7.975946519780664e-13
            ],
            [
                0.999998175644477,
                1.8243464443286684e-06,
                1.1399896373983738e-12,
                6.798706463727877e-12,
                1.1399896373983738e-12
            ],
            [
                0.0,
                0.0,
                4.668079137434426e-13,
                0.9999981756461294,
                1.8243534036734978e-06
            ],
            [
                0.0,
                0.0,
                3.205169286858919e-14,
                1.7240842526959303e-09,
                0.9999999982758836
            ],
            [
                0.0,
                0.0,
                2.6809936396544045e-14,
                3.4560762683823554e-10,
                0.9999999996543656
            ]
        ],
        [
            [
                0.9999999877057085,
                1.2292373389732923e-08,
                2.28522113056632e-13,
                1.3628674473643008e-12,
                3.266131302632677e-13
            ],
            [
                0.8949993731834015,
                0.10500062638512514,
                2.5390390772123524e-11,
                3.6979407702770617e-10,
                3.628905192198328e-11
            ],
            [
                0.0,
                9.58608115096818e-13,
                1.9954250462925523e-11,
                0.4116512287552235,
                0.5883487712238635
            ],
            [
                0.0,
                0.0,
                4.580941204357367e-14,
                1.756869460419213e-08,
                0.9999999824312596
            ],
            [
                0.0,
                0.0,
                1.8758166007675742e-14,
                9.901824294507146e-11,
                0.999999999900963
            ]
        ],
        [
            [
                0.9999998952212841,
                1.0477714280341455e-07,
                1.598905638282514e-13,
                1.1399918694951019e-12,
                2.73200679706999e-13
            ],
            [
                0.07585817164201625,
                0.9241418280651547,
                1.283442830145093e-11,
                2.671601474236015e-10,
                1.283442830145093e-11
            ],
            [
                0.0,
                3.9253427059273054e-13,
                9.768426240195213e-12,
                0.5883487712301895,
                0.41165122875964955
            ],
            [
                0.0,
                0.0,
                3.83178545861366e-14,
                1.7568694604189973e-08,
                0.9999999824312672
            ],
            [
                0.0,
                0.0,
                1.5690561982777002e-14,
                4.1317610181149174e-10,
                0.9999999995868083
            ]
        ],
        [
            [
                0.9999999991554089,
                8.440101471249395e-10,
                7.82730054574919e-14,
                3.904680656252172e-13,
                1.1187097382234423e-13
            ],
            [
                0.9997293147267449,
                0.0002706852493511064,
                3.977884923731217e-12,
                1.6598691388543646e-11,
                3.3273641970243463e-12
            ],
            [
                0.0,
                0.0,
                6.612800180687813e-12,
                0.972653158089848,
                0.02734684190353918
            ],
            [
                0.0,
                0.0,
                1.87581659771864e-14,
                1.7240776758484542e-09,
                0.9999999982759036
            ],
            [
                0.0,
                0.0,
                6.42506405968149e-15,
                9.901862067041371e-11,
                0.999999999900975
            ]
        ],
        [
            [
                0.993307148833461,
                0.006692851100298853,
                4.72503567226183e-12,
                5.756271854143822e-11,
                3.952330152074856e-12
            ],
            [
                0.9997293157685649,
                0.00027068421705287593,
                1.1396831131944915e-12,
                1.1613642204097203e-11,
                1.6288816173181107e-12
            ],
            [
                0.0,
                0.0,
                1.1397722162117934e-12,
                0.9998105944402468,
                0.00018940555861341076
            ],
            [
                0.0,
                0.0,
                4.5809411204378085e-14,
                3.588808651466749e-08,
                0.9999999641118678
            ],
            [
                0.0,
                0.0,
                3.205169290801925e-14,
                4.939584091961688e-10,
                0.9999999995060096
            ]
        ],
        [
            [
                0.9999999999651996,
                3.3915689139316205e-11,
                0.0,
                5.580728953497398e-13,
                3.266131342673419e-13
            ],
            [
                0.9983878447930491,
                0.0016121551713318965,
                3.972547315942833e-12,
                2.832357040296607e-11,
                3.3228994713237925e-12
            ],
            [
                0.0,
                0.0,
                1.9473382667102187e-12,
                0.9997293157809967,
                0.0002706842170559838
            ],
            [
                0.0,
                0.0,
                1.5690561979992203e-14,
                5.905281468547952e-10,
                0.9999999994094562
            ],
            [
                0.0,
                0.0,
                9.182928738154548e-15,
                2.0226746574710877e-10,
                0.9999999997977234
            ]
        ],
        [
            [
                0.9999999999004574,
                9.901824294505653e-11,
                0.0,
                3.9046806591609113e-13,
                1.337424562362329e-13
            ],
            [
                0.9999998952196248,
                1.047775424970832e-07,
                3.266131389914206e-13,
                1.9478658282079137e-12,
                5.580729034216143e-13
            ],
            [
                0.0,
                0.0,
                1.9456675542883805e-12,
                0.9988714776837356,
                0.001128522314318745
            ],
            [
                0.0,
                0.0,
                5.4765652242198306e-14,
                1.0477754249734563e-07,
                0.9999998952224027
            ],
            [
                0.0,
                0.0,
                3.831800136455119e-14,
                1.7240842526947588e-09,
                0.9999999982758774
            ]
        ],
        [
            [
                0.9999999989899511,
                1.0090194641666973e-09,
                1.3374296630242928e-13,
                6.671822173922887e-13,
                2.2852211563533095e-13
            ],
            [
                0.9456867619891571,
                0.05431323794704262,
                4.498515707438942e-12,
                5.480314043800463e-11,
                4.498515707438942e-12
            ],
            [
                0.0,
                0.0,
                7.9759465198143e-13,
                0.9999682359338581,
                3.1764065344379155e-05
            ],
            [
                0.0,
                0.0,
                4.580941261780788e-14,
                5.033515341769352e-09,
                0.9999999949664389
            ],
            [
                0.0,
                0.0,
                1.5690621839582064e-14,
                2.8908891681728164e-10,
                0.9999999997108955
            ]
        ],
        [
            [
                0.9999999975344378,
                2.4641221743353122e-09,
                1.5989056112671732e-13,
                9.535604147263112e-13,
                3.266131334734597e-13
            ],
            [
                0.9998105944313246,
                0.00018940555861184688,
                7.974699260554591e-13,
                8.126377369854192e-12,
                1.1397765640966321e-12
            ],
            [
                0.0,
                0.0,
                1.2367186804374373e-11,
                0.2551319299085602,
                0.7448680700790727
            ],
            [
                0.0,
                0.0,
                2.2425591524534938e-14,
                1.009015615070705e-09,
                0.999999998990962
            ],
            [
                0.0,
                0.0,
                2.242567708490039e-14,
                4.131776779562403e-10,
                0.9999999995867999
            ]
        ],
        [
            [
                0.9999999999166242,
                8.282536140435601e-11,
                0.0,
                3.9046806592241686e-13,
                1.598905615075939e-13
            ],
            [
                0.9996131718956224,
                0.0003868280918960145,
                1.139550481967203e-12,
                9.713245490051997e-12,
                1.6286920553552181e-12
            ],
            [
                0.0,
                0.0,
                3.3059758965905005e-12,
                0.9933071488959793,
                0.006692851100714759
            ],
            [
                0.0,
                0.0,
                3.205144723951361e-14,
                3.588808651467981e-08,
                0.9999999641118815
            ],
            [
                0.0,
                0.0,
                2.2425676901287536e-14,
                8.600664233611767e-09,
                0.9999999913993133
            ]
        ],
        [
            [
                0.9999981756463575,
                1.8243464443320991e-06,
                5.580718107204441e-13,
                5.686862896290312e-12,
                9.535585637744256e-13
            ],
            [
                0.9933071488420441,
                0.006692851100356684,
                4.725035672302659e-12,
                4.8149054534357215e-11,
                4.725035672302659e-12
            ],
            [
                0.0,
                0.0,
                7.838498896518014e-12,
                0.19332162243208778,
                0.8066783775600738
            ],
            [
                0.0,
                0.0,
                4.5809412285298944e-14,
                1.2292373389753128e-08,
                0.9999999877075808
            ],
            [
                0.0,
                0.0,
                1.8758237562596254e-14,
                2.0226823733770476e-10,
                0.9999999997977129
            ]
        ],
        [
            [
                0.9999998502459452,
                1.4975176185009326e-07,
                2.7320066741970457e-13,
                1.6293228311443293e-12,
                3.9046954354850805e-13
            ],
            [
                0.9976974346127857,
                0.0023025653667004,
                1.6255700514602163e-12,
                1.6564945761491764e-11,
                2.323331059161297e-12
            ],
            [
                0.0,
                5.382013970259335e-13,
                1.1203102522135877e-11,
                0.806678377556801,
                0.19332162243145767
            ],
            [
                0.0,
                0.0,
                3.205169290801389e-14,
                4.939584091960861e-10,
                0.9999999995060096
            ],
            [
                0.0,
                0.0,
                2.6810038671319344e-14,
                2.4181295589558814e-10,
                0.9999999997581603
            ]
        ],
        [
            [
                0.9999996940950625,
                3.05902336323994e-07,
                3.2661315117213715e-13,
                1.9478659008516587e-12,
                3.2661315117213715e-13
            ],
            [
                0.9953077656957775,
                0.004692234246507355,
                4.734553432326069e-12,
                4.8246042404543766e-11,
                4.734553432326069e-12
            ],
            [
                0.0,
                0.0,
                6.960782949534422e-12,
                0.1435991027831704,
                0.8564008972098689
            ],
            [
                0.0,
                0.0,
                4.580958644748216e-14,
                2.5109990926910253e-08,
                0.9999999748899633
            ],
            [
                0.0,
                0.0,
                1.8758166003046416e-14,
                3.4560762683828336e-10,
                0.9999999996543736
            ]
        ],
        [
            [
                0.9999991069027139,
                8.930934442695055e-07,
                3.9046804306095626e-13,
                2.7839691331959796e-12,
                6.671796338545578e-13
            ],
            [
                0.856400897014067,
                0.14359910275040588,
                1.4218995255483172e-11,
                2.07088980510331e-10,
                1.4218995255483172e-11
            ],
            [
                0.0,
                0.0,
                7.976160241682543e-13,
                0.9999946737446732,
                5.32625452917011e-06
            ],
            [
                0.0,
                0.0,
                3.2051570495238364e-14,
                5.033515341768871e-09,
                0.9999999949664526
            ],
            [
                0.0,
                0.0,
                3.205157063764308e-14,
                5.905281468548624e-10,
                0.9999999994094397
            ]
        ],
        [
            [
                0.9999999487058253,
                5.129291276231954e-08,
                1.9115089605085266e-13,
                7.976205168244055e-13,
                2.7319961957512136e-13
            ],
            [
                0.9994472214293612,
                0.0005527785567134434,
                9.530331709612578e-13,
                1.1610320849585604e-11,
                1.3621139024530422e-12
            ],
            [
                0.0,
                0.0,
                9.535567956622435e-13,
                0.9999923875133835,
                7.612485662938786e-06
            ],
            [
                0.0,
                0.0,
                2.6809936292939077e-14,
                4.210362810459236e-09,
                0.9999999957896104
            ],
            [
                0.0,
                0.0,
                3.2051570590507474e-14,
                2.061145755526704e-09,
                0.9999999979388221
            ]
        ],
        [
            [
                0.9999999877069824,
                1.2292373389748582e-08,
                6.547268157943515e-14,
                4.66808815276751e-13,
                1.1187097254159761e-13
            ],
            [
                0.9999777753488629,
                2.2224644094613893e-05,
                5.580600933750278e-13,
                5.6867434942069045e-12,
                7.976022606051233e-13
            ],
            [
                0.0,
                0.0,
                9.535330838987877e-13,
                0.9999682358125354,
                3.176418651102661e-05
            ],
            [
                0.0,
                0.0,
                7.8273009572374e-14,
                3.059011694024425e-07,
                0.9999996940987522
            ],
            [
                0.0,
                0.0,
                3.2051570643330995e-14,
                4.131761018115301e-10,
                0.9999999995867919
            ]
        ],
        [
            [
                0.9999999913971472,
                8.60063142473224e-09,
                1.9115090421133751e-13,
                1.3628674523952424e-12,
                6.671822123265049e-13
            ],
            [
                2.6074280392099612e-06,
                0.9999973924474492,
                4.054634396077146e-11,
                8.282520468124985e-11,
                1.139987521487744e-12
            ],
            [
                0.0,
                0.0,
                1.9473382667102187e-12,
                0.9997293157809967,
                0.0002706842170559838
            ],
            [
                0.0,
                0.0,
                2.681003862254275e-14,
                2.0611536181889985e-09,
                0.9999999979388197
            ],
            [
                0.0,
                0.0,
                1.8758165977188846e-14,
                1.7240776758486788e-09,
                0.9999999982759036
            ]
        ],
        [
            [
                0.9999999699795317,
                3.001915268010049e-08,
                1.3374296242248972e-13,
                9.535640260021878e-13,
                2.2852210900580853e-13
            ],
            [
                0.8564008971312275,
                0.14359910277005106,
                6.960782948898479e-12,
                8.479969623672344e-11,
                6.960782948898479e-12
            ],
            [
                0.0,
                0.0,
                9.535330838989363e-13,
                0.9999682358125352,
                3.176418651103156e-05
            ],
            [
                0.0,
                0.0,
                1.8758237553149455e-14,
                7.05985517354338e-10,
                0.9999999992939956
            ],
            [
                0.0,
                0.0,
                2.6810038673268815e-14,
                1.6918979223280434e-10,
                0.9999999998307834
            ]
        ],
        [
            [
                0.9999981756482211,
                1.824346444335499e-06,
                5.580718107214841e-13,
                3.978939624008735e-12,
                7.976190075148789e-13
            ],
            [
                0.997697434592219,
                0.0023025653666529345,
                3.969797766779645e-12,
