{
    "[['A', 'B', 'C', 'D', 'E'], ['A', 'B', 'C', 'D', 'E']]": [
        [
            [
                0.19318830469315917,
                0.8061221270627271,
                2.893026573899699e-08,
                0.0006372321164462991,
                5.230719740159857e-05
            ],
            [
                0.0,
                0.0,
                4.756874796846622e-12,
                0.9999999877028697,
                1.2292373389693225e-08
            ],
            [
                0.0,
                0.0,
                5.686895642224914e-12,
                0.9999999998952946,
                9.901824294454058e-11
            ],
            [
                0.0,
                0.0,
                5.686504978291552e-12,
                0.9999351167718368,
                6.488322247665534e-05
            ],
            [
                0.0,
                0.0,
                5.686841625728014e-12,
                0.9999946737601018,
                5.326234211242452e-06
            ]
        ],
        [
            [
                0.9999993751162419,
                6.248726343545642e-07,
                6.671796537331633e-13,
                8.127912102308497e-12,
                2.3286858057693766e-12
            ],
            [
                0.0,
                0.0,
                8.127819060843947e-12,
                0.9999891199898512,
                1.0880002021016014e-05
            ],
            [
                0.0,
                2.285221157505621e-13,
                1.1616788330781355e-11,
                0.9999999994941962,
                4.939584091905264e-10
            ],
            [
                0.0,
                9.44468401907667e-13,
                2.8098706702669036e-11,
                0.9904617045899786,
                0.009538295380978166
            ],
            [
                0.0,
                3.209742339350235e-12,
                6.681341352157104e-11,
                0.8066789700811149,
                0.1933210298488619
            ]
        ],
        [
            [
                0.9999999982676311,
                1.7240842526825068e-09,
                3.2661313371293027e-13,
                3.978962528944209e-12,
                3.978962528944209e-12
            ],
            [
                0.9456867615699436,
                0.05431323792296611,
                1.3133650872207617e-11,
                4.671283676219661e-10,
                2.682839106641912e-11
            ],
            [
                0.0,
                3.941008819547846e-12,
                0.009538295284078919,
                0.9904616945279088,
                1.0184071267562159e-08
            ],
            [
                0.0,
                0.0,
                9.713245490073468e-12,
                0.9996131718983898,
                0.00038682809189686954
            ],
            [
                0.0,
                3.2553904844203783e-13,
                5.6681723412032e-12,
                0.003287657984568315,
                0.996712342009438
            ]
        ],
        [
            [
                0.9999962733276732,
                3.726638839838848e-06,
                1.6293166147405431e-12,
                2.3729772083934575e-11,
                8.12791208323116e-12
            ],
            [
                0.0,
                0.0,
                5.6868954690919915e-12,
                0.9999998502419799,
                1.4975233310817656e-07
            ],
            [
                0.0,
                1.3961433092104971e-11,
                0.588348756376346,
                0.4116512183668295,
                2.5242863197116256e-08
            ],
            [
                0.0,
                0.0,
                1.1399917862028175e-12,
                0.9999991069020089,
                8.930968511562021e-07
            ],
            [
                0.0,
                2.479109630694024e-12,
                7.375553724818377e-11,
                0.7448688119651807,
                0.25513118795858464
            ]
        ],
        [
            [
                0.0,
                0.0,
                1.1612290660323057e-11,
                0.9996131718964917,
                0.0003868280918960928
            ],
            [
                0.0007898664297989506,
                0.9992101333164817,
                8.121527821756038e-12,
                2.4162208897635427e-10,
                3.975821874696104e-12
            ],
            [
                0.0,
                7.827329952081571e-14,
                0.9999991068793408,
                8.930968511362489e-07,
                2.3729861954115735e-11
            ],
            [
                0.0,
                6.670536752202842e-13,
                1.161455018493119e-11,
                0.9998105944291069,
                0.00018940555861142678
            ],
            [
                0.0,
                1.1323615473864268e-12,
                2.8179425547162602e-11,
                0.9933071488701422,
                0.006692851100546008
            ]
        ],
        [
            [
                0.9999999641068125,
                3.588822341695271e-08,
                2.73200665958511e-13,
                3.3282654630997275e-12,
                1.362867415202133e-12
            ],
            [
                6.132100690921888e-08,
                0.9999999203805178,
                7.059828526870053e-10,
                1.756876262778807e-08,
                2.3729864285468202e-11
            ],
            [
                0.0,
                1.1187097387033384e-13,
                2.328694755203198e-12,
                0.9999999995843818,
                4.1317767795551695e-10
            ],
            [
                0.0,
                0.0,
                2.783969153620264e-12,
                0.9999999487043032,
                5.129291276222975e-08
            ],
            [
                0.0,
                3.345877465138404e-12,
                4.8730190897335496e-11,
                0.4116512287423952,
                0.5883487712055288
            ]
        ],
        [
            [
                0.9999844498814277,
                1.5550068440977642e-05,
                2.3286591001665595e-12,
                3.391516983758996e-11,
                1.3887731218550212e-11
            ],
            [
                0.009538295378301063,
                0.9904617043119867,
                1.3755472514484517e-11,
                2.8633250960119e-10,
                9.624321112163043e-12
            ],
            [
                0.0,
                3.2661313419190824e-13,
                2.3729863339698156e-11,
                0.9999999997341305,
                2.4181295588991233e-10
            ],
            [
                0.0,
                0.0,
                1.1613597901676952e-11,
                0.9997293157713331,
                0.0002706842170534448
            ],
            [
                0.0,
                1.3102169426370201e-12,
                3.898002465054888e-11,
                0.9613683931546839,
                0.03863160680502587
            ]
        ],
        [
            [
                0.9999999824235405,
                1.756876162344733e-08,
                3.9046954861223523e-13,
                3.978962465901166e-12,
                3.328265524062663e-12
            ],
            [
                0.0,
                0.0,
                1.3628726590394e-12,
                0.9999999970527522,
                2.9458848668488763e-09
            ],
            [
                0.0,
                2.732006756493785e-13,
                8.127943338853362e-12,
                0.9999999995784212,
                4.1317767795305417e-10
            ],
            [
                0.0,
                0.0,
                8.127819060843061e-12,
                0.9999891199898512,
                1.0880002021014828e-05
            ],
            [
                0.0,
                2.073690110217627e-12,
                4.316555667132147e-11,
                0.7448688119882683,
                0.25513118796649253
            ]
        ],
        [
            [
                0.9999546021238347,
                4.539785251345988e-05,
                1.3628051068622834e-12,
                1.6602364983965622e-11,
                5.6866354420127916e-12
            ],
            [
                0.0,
                2.285221157519177e-13,
                5.6868956399785524e-12,
                0.9999999995001281,
                4.939565248952578e-10
            ],
            [
                0.0,
                3.2661313399843723e-13,
                1.3887943853045043e-11,
                0.9999999991417752,
                8.440101471134325e-10
            ],
            [
                0.0,
                0.0,
                1.947843446342557e-12,
                0.9999891199545275,
                1.0880043524625802e-05
            ],
            [
                0.0,
                1.1323615473916454e-12,
                2.3571032289501376e-11,
                0.9933071488747198,
                0.006692851100576852
            ]
        ],
        [
            [
                0.9999998502405133,
                1.4975233310800585e-07,
                3.9046954354638704e-13,
                3.978962414279164e-12,
                2.7839692113757443e-12
            ],
            [
                8.93096851113264e-07,
                0.9999991068538777,
                7.97620510932183e-13,
                4.8473684218197536e-11,
                0.0
            ],
            [
                0.0,
                9.531912259366366e-13,
                0.00038682809157411486,
                0.9996131710637927,
                8.436801530168604e-10
            ],
            [
                0.0,
                9.16725783483369e-13,
                1.908239739584817e-11,
                0.9613682469334062,
                0.03863175304659475
            ],
            [
                0.0,
                4.396026501579383e-12,
                7.654237179642276e-11,
                0.9241418282609717,
                0.07585817165808989
            ]
        ],
        [
            [
                0.0,
                3.9046955211420286e-13,
                6.798745554052089e-12,
                0.9999999913921466,
                8.600664233556988e-09
            ],
            [
                1.8243464440137649e-06,
                0.9999981754718656,
                9.716988740278665e-12,
                1.6918946340128935e-10,
                2.783963885126293e-12
            ],
            [
                0.0,
                5.580728952821822e-13,
                1.3887943862797953e-11,
                0.9999999998440325,
                1.415214537320238e-10
            ],
            [
                0.0,
                1.9102927304833236e-12,
                3.9764306494106566e-11,
                0.9807077286288747,
                0.019292271329450824
            ],
            [
                0.0,
                2.9638025354027435e-12,
                7.375553724814802e-11,
                0.7448688119648197,
                0.25513118795846096
            ]
        ],
        [
            [
                0.9999999897109221,
                1.028214842301241e-08,
                2.731996307776988e-13,
                3.3282528520157343e-12,
                3.3282528520157343e-12
            ],
            [
                0.10500062638114485,
                0.8949993731494745,
                1.4859770433474372e-11,
                4.420911558624576e-10,
                1.2429711610850176e-11
            ],
            [
                0.0,
                3.266131340812271e-13,
                1.3887943856565357e-11,
                0.9999999993952551,
                5.905303995372837e-10
            ],
            [
                0.0,
                7.975460264030558e-13,
                1.3886646146416537e-11,
                0.9999072687960862,
                9.273118922965963e-05
            ],
            [
                0.0,
                7.969909827871784e-13,
                1.6590019533064037e-11,
                0.9992101335526274,
                0.0007898664299856216
            ]
        ],
        [
            [
                0.9999998502342134,
                1.497517618483364e-07,
                1.1399874694948245e-12,
                8.127912088335324e-12,
                4.756874709990975e-12
            ],
            [
                1.4975177049603572e-07,
                0.9999997887718145,
                1.4152091774163385e-10,
                6.132100614887407e-08,
                1.388794424258277e-11
            ],
            [
                0.0,
                1.1399896360243302e-12,
                1.8243534014724196e-06,
                0.9999981744391669,
                1.2062914024726695e-09
            ],
            [
                0.0,
                0.0,
                2.328641336552287e-12,
                0.9999777752687979,
                2.2224728873276516e-05
            ],
            [
                0.0,
                1.8420717728071614e-12,
                5.480314043839674e-11,
                0.9456867619959235,
                0.05431323794743123
            ]
        ],
        [
            [
                0.9999351167523354,
                6.488322247542615e-05,
                1.362779039718168e-12,
                1.9847928316869076e-11,
                3.978704376191806e-12
            ],
            [
                0.00669284817768386,
                0.9933067118411374,
                4.999843820165103e-09,
                4.3428007735290506e-07,
                7.012574991552005e-10
            ],
            [
                0.0,
                6.671822123049138e-13,
                0.9999999913647856,
                8.600631424453911e-09,
                3.3915688847631034e-11
            ],
            [
                0.0,
                0.0,
                4.7566572072158875e-12,
                0.999954602142729,
                4.539785251428148e-05
            ],
            [
                0.0,
                1.3537453854882193e-12,
                2.8179425547156363e-11,
                0.9933071488699222,
                0.006692851100544526
            ]
        ],
        [
            [
                0.9999996940809281,
                3.059023363196702e-07,
                1.1399919119919754e-12,
                1.1616744622898979e-11,
                3.97896274158465e-12
            ],
            [
                6.488297496359882e-05,
                0.9999351167146076,
                1.6602047420513464e-11,
                2.8907016047019516e-10,
                4.756566223677452e-12
            ],
            [
                0.0,
                3.904695554262777e-13,
                6.798719676614174e-12,
                0.9999999998744336,
                1.18377386724146e-10
            ],
            [
                0.0,
                6.668107735455826e-13,
                1.3880264892199704e-11,
                0.9994472214287399,
                0.0005527785567130999
            ],
            [
                0.0,
                7.867912919992651e-13,
                1.1459023904779923e-11,
                0.013576931091322452,
                0.9864230688964317
            ]
        ],
        [
            [
                0.9999991068688805,
                8.930934442392891e-07,
                2.3286857363074384e-12,
                2.3729861953867513e-11,
                1.1616743340701357e-11
            ],
            [
                1.469561002607601e-08,
                0.9999999850533099,
                8.127912215210438e-12,
                2.4181202989845103e-10,
                1.1399918360052504e-12
            ],
            [
                0.0,
                4.668088206840977e-13,
                1.1837738665503633e-10,
                0.9999999992906254,
                5.905303994754967e-10
            ],
            [
                0.0,
                3.1935173450306527e-12,
                7.947239507167174e-11,
                0.6713476939057579,
                0.32865230601157625
            ],
            [
                0.0,
                2.341017300028476e-12,
                4.8730190897384455e-11,
                0.4116512287428088,
                0.58834877120612
            ]
        ],
        [
            [
                0.9999998952083636,
                1.0477714280206078e-07,
                7.976205692375174e-13,
                9.717007767668922e-12,
                3.978947414695804e-12
            ],
            [
                0.0,
                2.6327642650407077e-12,
                6.551775337230438e-11,
                0.9456865654751996,
                0.054313434456649844
            ],
            [
                0.0,
                6.671822170809377e-13,
                3.391568909041649e-11,
                0.9999999985232855,
                1.4421317969022345e-09
            ],
            [
                0.0,
                6.666530571493161e-13,
                1.1607574736233285e-11,
                0.9992101335577361,
                0.00078986642998966
            ],
            [
                0.0,
                9.5136770465018e-13,
                2.367520620515172e-11,
                0.9976974346086825,
                0.0023025653666909306
            ]
        ],
        [
            [
                0.9999923874758926,
                7.612485662657634e-06,
                1.9478509719836364e-12,
                2.836898562284818e-11,
                8.12785046300377e-12
            ],
            [
                5.32625452871769e-06,
                0.9999946736590648,
                2.7839534724779066e-12,
                8.282489063586604e-11,
                7.976160241005034e-13
            ],
            [
                0.0,
                7.827300551779931e-14,
                0.9999999999258842,
                6.928057181868625e-11,
                4.75687485499183e-12
            ],
            [
                0.0,
                0.0,
                4.756566225129183e-12,
                0.9999351170202602,
                6.488297498340147e-05
            ],
            [
                0.0,
                0.0,
                1.3865552632946965e-11,
                0.9983878509547264,
                0.001612149031407999
            ]
        ],
        [
            [
                0.9999987235245702,
                1.2764445008301207e-06,
                1.3628649121231662e-12,
                1.984910327022244e-11,
                9.716989432280979e-12
            ],
            [
                0.0,
                0.0,
                2.783969153620358e-12,
                0.999999948704499,
                5.1292717095670625e-08
            ],
            [
                0.0,
                1.9115090583915136e-13,
                3.978962535491088e-12,
                0.9999999999130045,
                8.282536140406269e-11
            ],
            [
                0.0,
                9.530331709578063e-13,
                1.659394439036433e-11,
                0.9994472214257416,
                0.0005527785567114416
            ],
            [
                0.0,
                0.0,
                8.127540448622239e-12,
                0.9999546021393584,
                4.5397852514143466e-05
            ]
        ],
        [
            [
                0.9999999386633982,
                6.132100803034362e-08,
                6.67179711584337e-13,
                8.12791280708007e-12,
                6.798720070928141e-12
            ],
            [
                1.0282148358117675e-08,
                0.9999999833995237,
                2.8908891210203777e-10,
                6.017622284499195e-09,
                1.1616743829367507e-11
            ],
            [
                0.0,
                1.5989056150107516e-13,
                5.6868956421148215e-12,
                0.9999999998757758,
                1.183773867243049e-10
            ],
            [
                0.0,
                0.0,
                1.1399896374068916e-12,
                0.9999981756524157,
                1.8243464443422995e-06
            ],
            [
                0.0,
                4.626792058916869e-12,
                1.1514020645382952e-10,
                0.9726532563749305,
                0.027346743505302543
            ]
        ],
        [
            [
                0.9999996940822363,
                3.0590233632007036e-07,
                9.535604663860938e-13,
                9.717008130039985e-12,
                4.756875101322942e-12
            ],
            [
                6.488322247430528e-05,
                0.9999351167350613,
                1.3627790396946257e-12,
                4.054378998765887e-11,
                5.580366869511106e-13
            ],
            [
                0.0,
                1.6293198276600112e-12,
                1.27645058559514e-06,
                0.9999987221056559,
                1.4421290965649123e-09
            ],
            [
                0.0,
                0.0,
                2.783948103572376e-12,
                0.9999923875115531,
                7.612485662926128e-06
            ],
            [
                0.0,
                5.580366869680137e-13,
                1.161599031470827e-11,
                0.9999351167653497,
                6.488322247627061e-05
            ]
        ],
        [
            [
                0.9999923874811169,
                7.612485662697404e-06,
                1.3628570893051493e-12,
                2.3729682702665014e-11,
                8.127881468394308e-12
            ],
            [
                0.07585817162797279,
                0.9241418278940703,
                1.0735517775090057e-11,
                4.5648583162773586e-10,
                1.0735517775090057e-11
            ],
            [
                0.0,
                3.266131331229413e-13,
                1.6603187928139025e-11,
                0.9999999964612463,
                3.5218239717905e-09
            ],
            [
                0.0,
                0.0,
                6.798084393323476e-12,
                0.9999072691576795,
                9.273083552240257e-05
            ],
            [
                0.0,
                0.0,
                5.686342557730804e-12,
                0.9999072691587911,
                9.273083552251412e-05
            ]
        ],
        [
            [
                0.9999999876985001,
                1.2292373389644314e-08,
                3.904695506719464e-13,
                4.7568929428995854e-12,
                3.978962486890032e-12
            ],
            [
                0.00669285108069963,
                0.9933071459246786,
                2.817942546360187e-11,
                2.926167180300121e-09,
                4.027503127400159e-11
            ],
            [
                0.0,
                2.7319963342659585e-13,
                9.901862062152262e-11,
                0.9999999994067517,
                4.939565248491339e-10
            ],
            [
                0.0,
                0.0,
                8.126827470453505e-12,
                0.9998674706034603,
                0.00013252938841292893
            ],
            [
                0.0,
                0.0,
                9.715172558012126e-12,
                0.999810594431673,
                0.00018940555861182446
            ]
        ],
        [
            [
                0.9999999386504186,
                6.13210080295477e-08,
                7.976206038877976e-13,
                1.3887891690313091e-11,
                1.3887891690313091e-11
            ],
            [
                6.798719657851935e-12,
                0.9999999971147613,
                4.131776769351249e-10,
                2.464122173301178e-09,
                1.1399918497552068e-12
            ],
            [
                0.0,
                6.54726821907765e-14,
                0.9999999970443325,
                2.9458848668248773e-09,
                9.717007598852146e-12
            ],
            [
                0.0,
                2.9787981413919372e-12,
                5.1865991882214196e-11,
                0.894999373520484,
                0.1050006264246714
            ],
            [
                0.0,
                0.0,
                6.798304502296306e-12,
                0.9999351167707251,
                6.488322247658912e-05
            ]
        ],
        [
            [
                0.9999999913894314,
                8.600664233533637e-09,
                3.904695521131427e-13,
                4.756892960456951e-12,
                4.756892960456951e-12
            ],
            [
                0.0,
                0.0,
                4.756874841306753e-12,
                0.9999999970493696,
                2.9458736292010533e-09
            ],
            [
                0.0,
                3.266131332702506e-13,
                1.4152145331711607e-10,
                0.999999996912267,
                2.9458848664358278e-09
            ],
            [
                0.0,
                0.0,
                3.978962693504134e-12,
                0.99999956278834,
                4.3720768110068526e-07
            ],
            [
                0.0,
                0.0,
                3.328246665133679e-12,
                0.9999946737421426,
                5.3262545291572125e-06
            ]
        ],
        [
            [
                0.9999999824229536,
                1.756876162343702e-08,
                3.266131285378505e-13,
                3.978962465898831e-12,
                3.978962465898831e-12
            ],
            [
                0.0005527785532301022,
                0.9994472151313316,
                2.0215639721069338e-10,
                6.014318003459108e-09,
                9.896387031845996e-11
            ],
            [
                0.0,
                5.580750239148097e-13,
                1.3887943856562144e-11,
                0.9999999993950237,
                5.90530399537147e-10
            ],
            [
                0.0,
                6.668107735437731e-13,
                1.659394439036908e-11,
                0.9994472214260277,
                0.0005527785567115998
            ],
            [
                0.0,
                1.1323615473864268e-12,
                2.8179425547162602e-11,
                0.9933071488701422,
                0.006692851100546008
            ]
        ],
        [
            [
                0.9999991068912841,
                8.930934442592977e-07,
                7.976205109622371e-13,
                9.71700705773067e-12,
                4.756874576383434e-12
            ],
            [
                9.273118922425088e-05,
                0.9999072687377645,
                2.7837091563452164e-12,
                6.927409809811871e-11,
                9.534749515515778e-13
            ],
            [
                0.0,
                3.2661313416838564e-13,
                4.847368704632382e-11,
                0.9999999996621107,
                2.890889168033714e-10
            ],
            [
                0.0,
                1.1346424921831042e-12,
                1.6525215229908008e-11,
                0.9953077657356448,
                0.004692234246695304
            ],
            [
                0.0,
                1.359728375012174e-12,
                2.3675206413094955e-11,
                0.9976974433716234,
                0.0023025566033416088
            ]
        ],
        [
            [
                0.999999982404936,
                1.7568761623120476e-08,
                7.97620543703509e-13,
                1.388794362060476e-11,
                1.1616788132259037e-11
            ],
            [
                0.0,
                0.0,
                2.328694636718786e-12,
                0.9999999487047584,
                5.1292912762236194e-08
            ],
            [
                0.0,
                7.976114040629102e-13,
                0.9999891197534141,
                1.0880043522442734e-05,
                2.0226591610249746e-10
            ],
            [
                0.0,
                6.670536752187695e-13,
                1.3885321108596249e-11,
                0.9998105944268365,
                0.00018940555861099667
            ],
            [
                0.0,
                0.0,
                5.682385206530495e-12,
                0.9992101335643231,
                0.0007898664299945586
            ]
        ],
        [
            [
                0.9999891199589401,
                1.088000202068577e-05,
                9.535494739973079e-13,
                2.83688760176797e-11,
                9.716896114981719e-12
            ],
            [
                1.8243464427022123e-06,
                0.9999981747529505,
                4.847359280782251e-11,
                8.440052870676321e-10,
                8.127896532339921e-12
            ],
            [
                0.0,
                3.904680658511646e-13,
                2.3729863339696643e-11,
                0.9999999997340667,
                2.4181295588989693e-10
            ],
            [
                0.0,
                1.8001040471994361e-12,
                3.747063887742985e-11,
                0.9241418282994787,
                0.07585817166125072
            ],
            [
                0.0,
                4.23597138122423e-12,
                7.375553724805419e-11,
                0.7448688119638721,
                0.25513118795813644
            ]
        ],
        [
            [
                0.9999999266792344,
                7.330993137441499e-08,
                3.9046957339338403e-13,
                5.68689590378459e-12,
                4.756893219703363e-12
            ],
            [
                1.2526221155240813e-07,
                0.999999874381509,
                9.717007565294192e-12,
                3.456089431338741e-10,
                9.535604109658191e-13
            ],
            [
                0.0,
                5.580728902934689e-13,
                8.60063142049821e-09,
                0.9999999909048541,
                4.939565206495661e-10
            ],
            [
                0.0,
                9.490894978831568e-13,
                1.9756074596281885e-11,
                0.9953077657326138,
                0.004692234246681014
            ],
            [
                0.0,
                1.566378563956687e-12,
                3.260545167190854e-11,
                0.9613682469197811,
                0.03863175304604723
            ]
        ],
        [
            [
                0.9999923875201329,
                7.61245662372156e-06,
                9.535531581456489e-13,
                1.660299826040968e-11,
                5.686830658029455e-12
            ],
            [
                0.004692249834630204,
                0.9953077500150433,
                4.7345714186569926e-12,
                1.4085736842754456e-10,
                4.7345714186569926e-12
            ],
            [
                0.0,
                8.073540551831702e-12,
                0.006692851067224945,
                0.9933071439248581,
                4.99984359466409e-09
            ],
            [
                0.0,
                0.0,
                1.947862159180203e-12,
                0.9999946737435229,
                5.326254529165797e-06
            ],
            [
                0.0,
                0.0,
                2.7838419174863153e-12,
                0.9999546021447018,
                4.5397852514381916e-05
            ]
        ],
        [
            [
                0.9999993751014946,
                6.24872634345349e-07,
                1.1399874714378323e-12,
                1.6603124171843893e-11,
                8.127912102188633e-12
            ],
            [
                3.5888086512094704e-08,
                0.9999999640396207,
                2.7839691963139534e-12,
                6.928030504857108e-11,
                2.285221076484075e-13
            ],
            [
                0.0,
                2.2852211579549804e-13,
                1.984921615060494e-11,
                0.9999999996908333,
                2.890889168116748e-10
            ],
            [
                0.0,
                0.0,
                2.783926669578378e-12,
                0.9999844499287744,
                1.555006844170664e-05
            ],
            [
                0.0,
                2.0736901102001264e-12,
                5.160469577073161e-11,
                0.2551311879643394,
                0.7448688119819822
            ]
        ],
        [
            [
                0.9999999640998447,
                3.588822341670264e-08,
                5.580728753343197e-13,
                5.686895438660835e-12,
                5.686895438660835e-12
            ],
            [
                1.276444500815348e-06,
                0.9999987235129969,
                1.6293136146029776e-12,
                4.054634476210696e-11,
                3.2661127675980806e-13
            ],
            [
                0.0,
                2.731996334425705e-13,
                4.0546420664877824e-11,
                0.999999999465224,
                4.939565248780167e-10
            ],
            [
                0.0,
                0.0,
                6.798278568872175e-12,
                0.9999351167707251,
                6.488322247658912e-05
            ],
            [
                0.0,
                3.1935173451068745e-12,
                5.5604622010280045e-11,
                0.6713476939217814,
                0.3286523060194204
            ]
        ],
        [
            [
                0.9999946737149514,
                5.326254529015357e-06,
                9.535549971387552e-13,
                1.9849027617677666e-11,
                9.716952397107748e-12
            ],
            [
                4.539785250974869e-05,
                0.9999546020420902,
                4.756657206740956e-12,
                9.901409012918697e-11,
                1.629248331998644e-12
            ],
            [
                0.0,
                7.976205552116186e-13,
                1.7240842502090587e-09,
                0.9999999968329865,
                1.4421317944646006e-09
            ],
            [
                0.0,
                6.489372854690562e-13,
                1.1299112723521616e-11,
                0.0273468419034236,
                0.9726531580846283
            ],
            [
                0.0,
                0.0,
                1.9478285469579623e-12,
                0.999977775269179,
                2.222472887328329e-05
            ]
        ],
        [
            [
                0.9999999266771926,
                7.330993137426531e-08,
                3.904695733925868e-13,
                6.798719989437279e-12,
                5.686895903772978e-12
            ],
            [
                1.497517617599724e-07,
                0.9999998496441436,
                1.1616787974834136e-11,
                5.905303815014114e-10,
                1.947865739432982e-12
            ],
            [
                0.0,
                4.668088209171154e-13,
                4.05465753506532e-11,
                0.9999999997897968,
                1.691897922259488e-10
            ],
            [
                0.0,
                6.627140403341609e-13,
                1.9716359429966824e-11,
                0.9933071488790152,
                0.006692851100605794
            ],
            [
                0.0,
                0.0,
                1.6282861130883116e-11,
                0.019292271329925597,
                0.9807077286537915
            ]
        ],
        [
            [
                0.9999923874887777,
                7.612485662755723e-06,
                9.535531581157498e-13,
                1.9849065054938594e-11,
                4.756838643719613e-12
            ],
            [
                0.0,
                2.2852211581020145e-13,
                2.7839692957449586e-12,
                0.9999999997551745,
                2.4181295589500104e-10
            ],
            [
                0.0,
                3.266131306446885e-13,
                1.0282148414402065e-08,
                0.9999999888735148,
                8.440101384469166e-10
            ],
            [
                0.0,
                0.0,
                5.580728871674767e-13,
                0.999999985303776,
                1.4695666089162284e-08
            ],
            [
                0.0,
                4.782064622651795e-12,
                6.964717757097453e-11,
                0.5883487711923773,
                0.41165122873319343
            ]
        ],
        [
            [
                0.9999997859463714,
                2.1403134135146336e-07,
                9.535604403108317e-13,
                1.161674430525245e-11,
                9.717007864326857e-12
            ],
            [
                0.0016121551708147364,
                0.9983878444727782,
                5.677726746913424e-12,
                3.4505172526900533e-10,
                5.677726746913424e-12
            ],
            [
                0.0,
                3.904680658096299e-13,
                8.282536138043184e-11,
                0.9999999996276951,
                2.8908891679342224e-10
            ],
            [
                0.0,
                0.0,
                4.756892931486612e-12,
                0.9999999852995771,
                1.4695666089100578e-08
            ],
            [
                0.0,
                0.0,
                1.3885321108597762e-11,
                0.9998105944275035,
                0.0001894055586110173
            ]
        ],
        [
            [
                0.9999999913935275,
                8.600631424701109e-09,
                2.7320067341326e-13,
                2.78396927246639e-12,
                2.78396927246639e-12
            ],
            [
                2.181015516112105e-06,
                0.9999972923660068,
                3.5218169674539324e-09,
                5.226834834508428e-07,
                4.1317685492173405e-10
            ],
            [
                0.0,
                1.5989056118486988e-13,
                4.054642060133818e-11,
                0.99999999789814,
                2.0611536181063016e-09
            ],
            [
                0.0,
                1.3255981479212425e-12,
                3.943777851897475e-11,
                0.972653158056601,
                0.02734684190263559
            ],
            [
                0.0,
                2.491652892528055e-12,
                5.186569510350245e-11,
                0.8949993735209202,
                0.10500062642472256
            ]
        ],
        [
            [
                0.9999999789855201,
                2.1003645591053966e-08,
                3.9046954726979294e-13,
                5.686895523314118e-12,
                4.756892901452872e-12
            ],
            [
                0.5883487708550914,
                0.4116512284972039,
