{
    "[['A', 'B', 'C', 'D', 'E'], ['A', 'B', 'C', 'D', 'E']]": [
        [
            [
                0.9999999957889245,
                4.2103628104583125e-09,
                5.476544230724797e-14,
                4.668070383185438e-13,
                1.9115017586938573e-13
            ],
            [
                5.905303994821739e-10,
                0.9999999993019326,
                8.127943336606079e-12,
                9.901862061114358e-11,
                3.9046955520273355e-13
            ],
            [
                0.0,
                5.684694107358722e-12,
                0.00038682792527557894,
                0.9996130987874916,
                7.328154795618268e-08
            ],
            [
                1.9716284217855777e-11,
                0.0,
                1.649199498293034e-11,
                0.006692851100499851,
                0.9933071488632917
            ],
            [
                0.0,
                2.732006865911321e-13,
                5.580750463681999e-13,
                4.3720768110223215e-07,
                0.9999995627914876
            ]
        ],
        [
            [
                0.9999999748882802,
                2.5109990926884746e-08,
                1.3374245289105785e-13,
                7.976205377080697e-13,
                7.976205377080697e-13
            ],
            [
                3.588822341494359e-08,
                0.9999999640508299,
                2.328694672456402e-12,
                5.795081817818529e-11,
                6.671821940815283e-13
            ],
            [
                0.0,
                1.1187097391590388e-13,
                0.9999999999917264,
                6.7987196774116145e-12,
                1.3628674641085149e-12
            ],
            [
                2.8179318050065155e-11,
                4.814923820787242e-11,
                0.0,
                0.0066928511002313324,
                0.9933071488234402
            ],
            [
                0.0,
                5.685799975510352e-12,
                5.685799975510352e-12,
                0.0001894055586115991,
                0.9998105944300167
            ]
        ],
        [
            [
                0.9999997859662427,
                2.1403134135571645e-07,
                2.2852212143862187e-13,
                1.6293229206423663e-12,
                5.580729089777347e-13
            ],
            [
                1.4152064958209105e-10,
                0.9999976555109066,
                1.2764432897347134e-06,
                1.0677020159374058e-06,
                2.0226708802330645e-10
            ],
            [
                0.0,
                7.905643836894137e-12,
                0.9726532079580108,
                0.027346742144031117,
                4.989005254827511e-08
            ],
            [
                6.793353336856919e-12,
                8.121527823695495e-12,
                0.0,
                0.0007898664299875743,
                0.9992101335550976
            ],
            [
                1.203510702635917e-09,
                5.7817121660225876e-11,
                0.0,
                0.0023025566004949744,
                0.9976974421381771
            ]
        ],
        [
            [
                0.9997293157715393,
                0.0002706842170536813,
                9.533021677784992e-13,
                8.12571108376557e-12,
                2.32805520339885e-12
            ],
            [
                7.059855172461609e-10,
                0.9999999991402091,
                1.1616788326669162e-11,
                1.4152145363241768e-10,
                6.671822174925381e-13
            ],
            [
                0.0,
                2.2852211586239137e-13,
                0.9999999999835547,
                1.388794386473563e-11,
                2.32869475613275e-12
            ],
            [
                0.0,
                9.534713144062756e-13,
                2.7837091565380553e-12,
                9.273118923067475e-05,
                0.9999072688070322
            ],
            [
                0.0,
                0.0,
                5.580728667436843e-13,
                5.129271709579081e-08,
                0.9999999487067248
            ]
        ],
        [
            [
                0.9999973925652624,
                2.6074280395171513e-06,
                3.904673271202318e-13,
                3.9789550069350546e-12,
                2.328690349867925e-12
            ],
            [
                5.905303995307808e-10,
                0.9999999993842432,
                1.3628674632805957e-12,
                2.372986333139538e-11,
                1.3374296635516308e-13
            ],
            [
                0.0,
                1.118709739156232e-13,
                0.9999999999892175,
                9.717007627467616e-12,
                9.53560417067092e-13
            ],
            [
                1.5142488661773263e-10,
                3.0932005213794206e-10,
                1.0594757482544357e-10,
                0.8949993730623804,
                0.10500062637092704
            ],
            [
                0.00012741022005761935,
                2.413676216187454e-08,
                3.322136089063031e-10,
                0.03862668988659699,
                0.9612458754243697
            ]
        ],
        [
            [
                0.9999844498678545,
                1.5550127759683277e-05,
                3.9046357676275766e-13,
                3.328214621499834e-12,
                6.671720024407974e-13
            ],
            [
                0.0,
                5.7950820052642355e-11,
                0.9999999963964818,
                3.5218374062803104e-09,
                2.3729953782913364e-11
            ],
            [
                0.0,
                3.020173955807453e-11,
                0.2551311698292207,
                0.7448687368367385,
                9.330383915429135e-08
            ],
            [
                4.482352650409111e-09,
                2.1533396250248295e-10,
                1.8011878115308074e-10,
                0.25513192866735834,
                0.7448680664548363
            ],
            [
                0.0,
                1.1399917862005353e-12,
                2.3286946196272164e-12,
                8.930968511544141e-07,
                0.9999991068996803
            ]
        ],
        [
            [
                0.9999973925684438,
                2.6074280395254463e-06,
                3.904688166389601e-13,
                2.3286903498753333e-12,
                7.976190485007985e-13
            ],
            [
                2.3729953830249214e-11,
                0.999999998391254,
                1.4152145352642446e-10,
                1.4421317967118276e-09,
                1.3628726608639797e-12
            ],
            [
                0.0,
                7.827300552309709e-14,
                0.9999999999935674,
                5.68689564278469e-12,
                6.671796729685551e-13
            ],
            [
                4.928206717416733e-10,
                2.367520619350661e-11,
                0.0,
                0.002302565365558369,
                0.9976974341179458
            ],
            [
                2.042927458142004e-08,
                2.3967467639256495e-09,
                1.151402063331127e-10,
                0.02734684127638202,
                0.9726531357824564
            ]
        ],
        [
            [
                0.999998723545162,
                1.2764505874326007e-06,
                3.2661252269583444e-13,
                2.783964083445603e-12,
                1.1399897184102514e-12
            ],
            [
                4.8473685311243614e-11,
                0.9999998446585493,
                1.2526220782924397e-07,
                3.001915249663273e-08,
                1.1616787916917535e-11
            ],
            [
                0.0,
                2.285221158613938e-13,
                0.9999999999791893,
                1.6603124650533084e-11,
                3.9789625357544345e-12
            ],
            [
                4.20317763212524e-07,
                5.67716901247729e-10,
                1.9445342512596282e-10,
                0.03863159552034175,
                0.9613679833997246
            ],
            [
                8.600631765541122e-09,
                5.686874125502287e-12,
                0.0,
                4.3720767733984696e-07,
                0.999999554186004
            ]
        ],
        [
            [
                0.9999923875090141,
                7.612485662909773e-06,
                3.9046509353173473e-13,
                3.978932246136606e-12,
                9.535567956586092e-13
            ],
            [
                1.6918979159544584e-10,
                0.9999999960631951,
                2.4181203256077376e-10,
                3.521823970388634e-09,
                3.978962520172841e-12
            ],
            [
                0.0,
                4.5809412848248394e-14,
                0.9999999999962994,
                3.328252886248071e-12,
                3.2661313427753607e-13
            ],
            [
                3.4551534485853496e-10,
                1.3884182624480808e-11,
                0.0,
                0.00027068524926029275,
                0.9997293143913403
            ],
            [
                0.0,
                3.904680861517121e-13,
                7.976205989941031e-13,
                3.059023363244262e-07,
                0.9999996940964755
            ]
        ],
        [
            [
                0.9999997859641089,
                2.1403134135525974e-07,
                2.7319964025001413e-13,
                2.328694812950897e-12,
                1.9478658475965232e-12
            ],
            [
                4.13177677851009e-10,
                0.9999999993314448,
                1.1616788328890706e-11,
                2.418129557925377e-10,
                1.947873229332561e-12
            ],
            [
                0.0,
                3.9046806594221957e-13,
                0.9999999999672611,
                2.836930980244683e-11,
                3.978962535706973e-12
            ],
            [
                4.748739145550345e-10,
                2.779207858095703e-10,
                0.0,
                0.038631606777500674,
                0.9613683924697046
            ],
            [
                2.598855883700637e-06,
                2.0543715467920835e-09,
                1.68633085591405e-10,
                0.0032876486800997224,
                0.9967097502410119
            ]
        ],
        [
            [
                0.9999999641109492,
                3.5888223417101164e-08,
                7.827330130283565e-14,
                5.580750042236489e-13,
                1.9115089899555604e-13
            ],
            [
                0.0,
                5.033534534669935e-09,
                2.4181295432982953e-10,
                0.9999999932825208,
                1.4421317893443611e-09
            ],
            [
                0.0,
                5.580728953248255e-13,
                0.9999999999204443,
                6.928057181830938e-11,
                9.717007626799346e-12
            ],
            [
                0.0,
                3.538459871798881e-10,
                1.2119918660109624e-10,
                0.8564008968089434,
                0.14359910271601128
            ],
            [
                0.0,
                0.0,
                3.2661312607735463e-13,
                2.510999092691761e-08,
                0.9999999748896824
            ]
        ],
        [
            [
                0.9999682359287113,
                3.176406534422292e-05,
                3.9045687349191807e-13,
                4.756738503230453e-12,
                7.97594651977507e-13
            ],
            [
                0.0,
                4.131776743861698e-10,
                0.9999999909456113,
                8.60066422971649e-09,
                4.054657499205176e-11
            ],
            [
                0.0,
                1.9115017655762284e-13,
                0.9999999993894293,
                5.905303995338433e-10,
                1.9849216144622308e-11
            ],
            [
                1.8121355938795823e-06,
                3.4329371323290297e-10,
                5.7562608086911285e-11,
                0.006692838257686118,
                0.9933053492058638
            ],
            [
                0.0,
                3.2661311752550243e-13,
                7.976205168246713e-13,
                5.129271709577578e-08,
                0.9999999487061586
            ]
        ],
        [
            [
                0.9999987235523838,
                1.2764445008656232e-06,
                2.285216879602663e-13,
                2.3286903957082417e-12,
                5.580718503820708e-13
            ],
            [
                0.0,
                1.161678832227838e-11,
                0.9999999987622403,
                1.2062937469414177e-09,
                1.9849216132173097e-11
            ],
            [
                0.0,
                1.1187097391575519e-13,
                0.9999999999903972,
                8.127912336617774e-12,
                1.3628674641067034e-12
            ],
            [
                0.0,
                3.3256385281379467e-12,
                4.753138308020464e-12,
                0.0007898664299929738,
                0.9992101335619282
            ],
            [
                0.0,
                5.58072875340135e-13,
                9.53560382854343e-13,
                3.588822341707661e-08,
                0.999999964110265
            ]
        ],
        [
            [
                0.9999999748880826,
                2.5109990926879783e-08,
                2.2852211012752097e-13,
                1.139991824416974e-12,
                5.580728813549428e-13
            ],
            [
                0.0,
                2.836930978221299e-11,
                0.9999999992540312,
                7.059828242106318e-10,
                1.1616788327991409e-11
            ],
            [
                0.0,
                5.4765442537617905e-14,
                0.9999999999954081,
                3.978962535818969e-12,
                5.580728953666607e-13
            ],
            [
                4.763680402362402e-10,
                9.730909517845902e-10,
                1.6316539141657433e-10,
                0.8066783762654033,
                0.19332162212197235
            ],
            [
                0.0,
                1.396000220190259e-10,
                6.8339951968704e-11,
                0.013576931088665527,
                0.9864230687033945
            ]
        ],
        [
            [
                0.9999995627869709,
                4.372076811002574e-07,
                3.904680814269675e-13,
                3.3282657144414764e-12,
                1.6293229454721396e-12
            ],
            [
                0.0,
                3.58882239340428e-08,
                0.999999859305868,
                1.0477753873412762e-07,
                2.836930919386559e-11
            ],
            [
                0.0,
                1.1187097391596712e-13,
                0.9999999999922917,
                6.798719677415458e-12,
                7.976205577315454e-13
            ],
            [
                2.2346944049966896e-10,
                1.0939748152861429e-10,
                7.654237177128081e-11,
                0.07585817163317268,
                0.924141827957418
            ],
            [
                3.328265714438933e-12,
                0.0,
                2.7839694067368295e-12,
                4.372076810999233e-07,
                0.9999995627862067
            ]
        ],
        [
            [
                0.999999106901128,
                8.930968511557071e-07,
                1.911508946478573e-13,
                1.3628673842095544e-12,
                4.668087936444179e-13
            ],
            [
                2.3729861809447236e-11,
                0.9999993392014354,
                6.248749956167609e-07,
                3.588822238125533e-08,
                1.1616743270001694e-11
            ],
            [
                0.0,
                6.547268238403325e-14,
                0.9999999999960483,
                3.328252886247235e-12,
                5.58072895367018e-13
            ],
            [
                6.79743573030224e-12,
                1.659998912892046e-11,
                0.0,
                0.0001894055586093214,
                0.9998105944179932
            ],
            [
                0.0,
                2.328690230216384e-12,
                2.328690230216384e-12,
                1.8243464443367345e-06,
                0.9999981756488984
            ]
        ],
        [
            [
                0.9976974433765089,
                0.002302556603352884,
                7.957834003724968e-13,
                1.6564882716864074e-11,
                2.7775569871551812e-12
            ],
            [
                0.0,
                3.391568739636389e-11,
                9.901823786284655e-11,
                0.9999999485743492,
                5.129271708901492e-08
            ],
            [
                0.0,
                9.357622968781716e-14,
                0.9999999999937528,
                5.686895642785744e-12,
                4.668088210123239e-13
            ],
            [
                5.936563614282261e-10,
                0.0,
                1.1900401520299227e-10,
                0.5883478324819611,
                0.4116521668053785
            ],
            [
                0.0,
                2.7839534727029575e-12,
                2.7839534727029575e-12,
                5.326254529148256e-06,
                0.9999946737399029
            ]
        ],
        [
            [
                0.9999923875069249,
                7.612485662893869e-06,
                3.266106479480274e-13,
                4.756838643805937e-12,
                2.3286770290661138e-12
            ],
            [
                8.282536119178549e-11,
                0.9999999973500551,
                9.901824269253125e-11,
                2.4641221738809705e-09,
                3.978947346784694e-12
            ],
            [
                0.0,
                9.357622968769436e-14,
                0.9999999999924405,
                6.798719677416469e-12,
                6.671796729678032e-13
            ],
            [
                2.835114827127679e-10,
                9.710786970561138e-11,
                0.0,
                0.019292201333626843,
                0.9807077982857537
            ],
            [
                1.984546759166604e-11,
                9.715172550804391e-12,
                0.0,
                0.00018940628099754767,
                0.9998105936894418
            ]
        ],
        [
            [
                0.9999981756503961,
                1.8243464443394668e-06,
                2.7320014478344724e-13,
                2.3286902302198715e-12,
                5.580718107226979e-13
            ],
            [
                0.0,
                1.1837738616529482e-10,
                1.206293742588223e-09,
                0.999999995153505,
                3.5218239671848656e-09
            ],
            [
                0.0,
                1.598905615196973e-13,
                0.9999999999922438,
                6.798719677415132e-12,
                7.976205577315072e-13
            ],
            [
                5.739782767898072e-11,
                3.3592178646519224e-11,
                0.0,
                0.009538258206801013,
                0.990461741702209
            ],
            [
                1.276435938767828e-06,
                9.901748778393986e-11,
                8.12785034848662e-12,
                1.0880023151035557e-05,
                0.9999878434337648
            ]
        ],
        [
            [
                0.9999995627893002,
                4.372076811012758e-07,
                2.7319964441461017e-13,
                1.9478658772893676e-12,
                7.976205893445866e-13
            ],
            [
                1.6602237795263808e-11,
                0.999943722568905,
                1.0879545719469915e-05,
                4.539737484290821e-05,
                4.939301404629632e-10
            ],
            [
                0.0,
                9.357622968766758e-14,
                0.9999999999921543,
                6.798719677414523e-12,
                9.535604170698924e-13
            ],
            [
                2.6715912805164264e-10,
                6.52430668697323e-10,
                2.6715912805164264e-10,
                0.9241418272390459,
                0.07585817157420512
            ],
            [
                0.0,
                0.0,
                1.3628648853396849e-12,
                2.607428039529845e-06,
                0.9999973925705976
            ]
        ],
        [
            [
                0.9999999975350387,
                2.464131574234842e-09,
                1.1187140039578306e-13,
                5.580750228767985e-13,
                1.598911710620631e-13
            ],
            [
                2.5109990923784285e-08,
                0.999999974764805,
                5.686873805568017e-12,
                1.1837738375173378e-10,
                1.1399918242764386e-12
            ],
            [
                0.0,
                3.3281132829015413e-12,
                0.9999545971110818,
                4.5397852285881334e-05,
                5.033304236621873e-09
            ],
            [
                0.0,
                3.697940758671625e-10,
                2.587346183690533e-10,
                0.894999723792691,
                0.10500027557878026
            ],
            [
                2.8369040336057672e-11,
                8.127866138600741e-12,
                0.0,
                5.326234211081904e-06,
                0.9999946737292921
            ]
        ],
        [
            [
                0.9999991069039689,
                8.930934442706263e-07,
                1.5989055214638428e-13,
                1.6293227853826805e-12,
                7.976205109723547e-13
            ],
            [
                0.0,
                6.798563716976899e-12,
                4.0545490564423795e-11,
                0.9999777753085622,
                2.2224644093718206e-05
            ],
            [
                0.0,
                1.1399918528343486e-12,
                0.9999999998157822,
                1.691897922303453e-10,
                1.3887943862405616e-11
            ],
            [
                4.748757251573698e-10,
                1.9815267893205152e-09,
                1.9445343505884608e-10,
                0.9613683906449685,
                0.03863160670417552
            ],
            [
                6.671797074817238e-13,
                0.0,
                1.3628675346120847e-12,
                3.059023363241687e-07,
                0.9999996940956336
            ]
        ],
        [
            [
                0.9999997859664742,
                2.1403134135576597e-07,
                2.285221214386748e-13,
                1.6293229206427434e-12,
                3.2661314224322534e-13
            ],
            [
                5.033534543055668e-09,
                0.9999999949484939,
                1.1399918472856797e-12,
                1.6603187903022513e-11,
                2.285221147117686e-13
            ],
            [
                0.0,
                1.337429664363046e-13,
                0.9999999999909408,
                8.127912336622193e-12,
                7.976205577304679e-13
            ],
            [
                6.916887182386308e-11,
                0.0,
                1.1598058767565047e-11,
                0.0016121551712591112,
                0.998387844747974
            ],
            [
                2.3711132976169595e-11,
                1.98335488452961e-11,
                0.0,
                0.0007898664299649605,
                0.9992101335264904
            ]
        ],
        [
            [
                0.9999991069005791,
                8.930968511552169e-07,
                2.7320065974558273e-13,
                1.6293227853771574e-12,
                6.671821789463128e-13
            ],
            [
                2.8908891666420385e-10,
                0.9999999991807103,
                3.391568911271351e-11,
                4.939565247374792e-10,
                2.3286858710146017e-12
            ],
            [
                0.0,
                1.5989056151868214e-13,
                0.9999999999858946,
                1.1616788336493312e-11,
                2.3286947561381985e-12
            ],
            [
                1.600006224230359e-10,
                2.7338769095640884e-10,
                1.338350286042596e-10,
                0.9456867615130766,
                0.05431323791970009
            ],
            [
                0.0,
                1.362841399129605e-12,
                2.7839054329307777e-12,
                2.2224728873244793e-05,
                0.9999777752669801
            ]
        ],
        [
            [
                0.9999993751227605,
                6.248750180631136e-07,
                1.9115017116331796e-13,
                1.3628674248272095e-12,
                6.671796537375124e-13
            ],
            [
                0.0,
                1.660312405337341e-11,
                8.28253584305892e-11,
                0.999999964012485,
                3.5888086511120854e-08
            ],
            [
                0.0,
                1.3374296643501729e-13,
                0.9999999999813154,
                1.6603124650568385e-11,
                1.9478658000659126e-12
            ],
            [
                2.2360311426737306e-08,
                3.6793248362379423e-10,
                2.574321141103866e-10,
                0.25513118211367164,
                0.7448687949006523
            ],
            [
                6.248726233808037e-07,
                2.3286857648739387e-12,
                1.6293165899513758e-12,
                1.756876111707222e-08,
                0.9999993575546575
            ]
        ],
        [
            [
                0.9999997859656847,
                2.1403134135559702e-07,
                2.285221214384944e-13,
                1.9478658475995924e-12,
                7.976205771870885e-13
            ],
            [
                0.0,
                2.372995357501273e-11,
                4.8473686463343647e-11,
                0.9999999876353761,
                1.2292420280640963e-08
            ],
            [
                0.0,
                1.911509051693012e-13,
                0.9999999964087043,
                3.5218239716054565e-09,
                6.928057157501401e-11
            ],
            [
                1.0733528692952373e-06,
                4.965703549054579e-10,
                3.474371135471508e-10,
                0.411650815441171,
                0.5883481103619522
            ],
            [
                0.0,
                1.1399896959814456e-12,
                2.328690349875445e-12,
                2.6074280395255716e-06,
                0.9999973925684918
            ]
        ],
        [
            [
                0.9999998952206629,
                1.0477714280334946e-07,
                2.732006797068293e-13,
                1.3628674837859154e-12,
                5.580729034221936e-13
            ],
            [
                4.939584091333261e-10,
                0.9999999993783963,
                8.127943337227571e-12,
                1.183773866654264e-10,
                1.1399918523357322e-12
            ],
            [
                0.0,
                1.167826035088159e-11,
                0.4116512219684173,
                0.5883487264555647,
                5.15643397090269e-08
            ],
            [
                7.369756890729982e-08,
                7.097185573856776e-10,
                2.430925176130883e-10,
                0.5883487273157083,
                0.41165119803391165
            ],
            [
                1.98335488452961e-11,
                2.3711132976169595e-11,
                0.0,
                0.0007898664299649605,
                0.9992101335264904
            ]
        ],
        [
            [
                0.999999850246403,
                1.4975176185016182e-07,
                2.2852210888610054e-13,
                1.1399918182240978e-12,
                4.668088067568896e-13
            ],
            [
                1.1614993557198261e-11,
                0.999845250878255,
                0.00013252698082455262,
                2.2221783749852157e-05,
                3.4555554919349293e-10
            ],
            [
                0.0,
                4.580941284816137e-14,
                0.9999999999943998,
                4.756874855317751e-12,
                7.976205577332269e-13
            ],
            [
                7.369756888938372e-08,
                8.484762566562444e-10,
                3.4743774700792973e-10,
                0.588348727172679,
                0.4116511979338381
            ],
            [
                0.0,
                2.7319964025096455e-13,
                7.976205771886064e-13,
                2.1403134135600433e-07,
                0.9999997859675879
            ]
        ],
        [
            [
                0.9999997859658838,
                2.140313413556396e-07,
                1.5989056541978384e-13,
                1.94786584759998e-12,
                6.671822343350592e-13
            ],
            [
                2.2387238691996264e-12,
                0.03863155455174223,
                0.9613669781996268,
                1.4670519386953647e-06,
                1.94453450715589e-10
            ],
            [
                0.0,
                7.827300552119163e-14,
                0.9999999999692237,
                2.8369201582380393e-11,
                2.328685872850802e-12
            ],
            [
                4.0756797933055417e-10,
                1.668927084055724e-10,
                8.170084439391642e-11,
                0.9864230682612583,
                0.01357693108258005
            ],
            [
                9.895523571122874e-10,
                2.8351149705697823e-10,
                8.122740387183793e-11,
                0.019292271304127466,
                0.9807077273415813
            ]
        ],
        [
            [
                0.9999999897156576,
                1.02821484230611e-08,
                2.731996307789925e-13,
                1.362867450103595e-12,
                5.580728896298106e-13
            ],
            [
                0.0,
                1.4152145075680196e-10,
                0.9999999788209173,
                2.1003645587596708e-08,
                3.39156884221971e-11
            ],
            [
                0.0,
                5.686136342436416e-12,
                0.00013252988822140156,
                0.9998674272072214,
                4.2898870901742254e-08
            ],
            [
                4.561412321560059e-06,
                2.522845860854613e-09,
                5.057282405896471e-10,
                0.14359845466466062,
                0.8563969808944437
            ],
            [
                0.0,
                7.976022605398286e-13,
                3.3281892330578537e-12,
                2.2224728873245253e-05,
                0.9999777752670009
            ]
        ],
        [
            [
                0.9999997859674988,
                2.1403134135598528e-07,
                1.337429696989834e-13,
                7.976205771885354e-13,
                2.2852212143890894e-13
            ],
            [
                0.0,
                1.1837738658023425e-10,
                0.9999999986587305,
                1.2062891451798737e-09,
                1.660312462860934e-11
            ],
            [
                0.0,
                2.285221158639284e-13,
                0.9999999999902807,
                8.127943342200931e-12,
                1.3628674641065445e-12
            ],
            [
                4.1346172437710347e-07,
                3.330550480915946e-09,
                3.268373585163987e-10,
                0.9456861727978022,
                0.054313410083085475
            ],
            [
                2.0226514451269244e-10,
                4.0546110035851386e-11,
                0.0,
                1.0880043522010276e-05,
                0.9999891197136668
            ]
        ],
        [
            [
                0.9999998502465958,
                1.4975176185019067e-07,
                1.1187097049982999e-13,
                1.1399918182243175e-12,
                3.90468054028503e-13
            ],
            [
                4.847368977100778e-11,
                0.9999996982437755,
                8.764248709116707e-08,
                2.1403134809488462e-07,
                3.391569103542604e-11
            ],
            [
                0.0,
                1.1399918529529992e-12,
                0.9999999999198623,
                6.928057181826905e-11,
                9.717007626793691e-12
            ],
            [
                1.0142548062840802e-08,
                9.767424741552458e-11,
                0.0,
                0.013576930952457919,
                0.9864230588073197
            ],
            [
                3.3282657546959806e-12,
                3.3282657546959806e-12,
                0.0,
                3.059023363227534e-07,
                0.9999996940910071
            ]
        ],
        [
            [
                0.9999923875106683,
                7.612485662922366e-06,
                3.2661064794925006e-13,
                2.783948103571e-12,
                5.58068647061503e-13
            ],
            [
                1.2292373387880671e-08,
                0.9999999875550255,
                9.717007506644478e-12,
                1.4152091213239944e-10,
                1.36286744715894e-12
            ],
            [
                0.0,
                1.7764949929085538e-11,
                0.8949992770216693,
                0.10500062918518671,
                9.377537906773115e-08
            ],
            [
                0.0,
                1.9456749680448996e-12,
                8.118770592482183e-12,
                0.0011285266144313959,
                0.9988714733755042
            ],
            [
                0.0,
                9.715172557937712e-12,
                8.126377369790986e-12,
                0.0001894055586103737,
                0.999810594423548
            ]
        ],
        [
            [
                0.9999981756516979,
                1.824346444341842e-06,
                1.5989025076471316e-13,
                1.1399896374066054e-12,
                5.580718107234245e-13
            ],
            [
                1.3622981856611467e-12,
                0.0003868157217862165,
                0.9995814315002628,
                3.1751767990524e-05,
                1.0085979913000934e-09
            ],
            [
                0.0,
                4.6680882099344e-13,
                0.9999999999532996,
                4.054657535728268e-11,
                5.686895642555691e-12
            ],
            [
                1.8103009936221198e-10,
                4.4209284216159717e-10,
                1.8103009936221198e-10,
                0.8949993728498534,
                0.10500062634599354
            ],
            [
                8.43955386761049e-10,
                4.8470541992345734e-11,
                0.0,
                6.488322241915703e-05,
                0.999935115885155
            ]
        ],
        [
            [
                0.9999844499237112,
                1.5550068441635164e-05,
                7.976083449375525e-13,
                5.686786874271839e-12,
                1.3628465965182765e-12
            ],
            [
                0.0,
                9.901862054904957e-11,
                0.9999999986748385,
                1.2062937468359855e-09,
                1.984921613043824e-11
            ],
            [
                0.0,
                7.827300552316989e-14,
                0.9999999999944975,
                4.756874855318215e-12,
                6.671822180625042e-13
            ],
            [
                4.5907169497086877e-08,
                6.318559739744201e-10,
                3.09319484968745e-10,
                0.10500063411442061,
                0.8949993190372344
            ],
            [
                1.629316689060268e-12,
                9.535604308368432e-13,
                0.0,
                1.0477714280330875e-07,
                0.9999998952202743
            ]
        ],
        [
            [
                0.9999999939812825,
                6.0176453036275244e-09,
                7.827330364088534e-14,
                6.67182214050594e-13,
                3.2661313231295253e-13
            ],
            [
                9.901824235693856e-11,
                0.9999999939608544,
                1.7240776684103494e-09,
                4.210362802761474e-09,
                5.6868739147335304e-12
            ],
            [
                0.0,
                1.9115090551843328e-13,
                0.9999999982351779,
                1.7240842526265549e-09,
                4.054657528761873e-11
            ],
            [
                4.7564303630339414e-12,
                0.0,
                2.783709156527469e-12,
                9.27311892303221e-05,
                0.9999072688032296
            ],
            [
                0.0,
                1.16103651394434e-11,
                9.711634864076074e-12,
                0.0005527785567093547,
                0.9994472214219686
            ]
        ],
        [
            [
                0.9999999748890125,
                2.5109990926903133e-08,
                1.1187097110763882e-13,
                5.580728813554618e-13,
                3.2661312607716636e-13
            ],
            [
                0.0,
                1.984921614429654e-11,
                0.9999999993730173,
                5.905303995241516e-10,
                1.6603124640468736e-11
            ],
            [
                0.0,
                1.1187097391592882e-13,
                0.9999999999919493,
                6.79871967741313e-12,
                1.1399918530351776e-12
            ],
            [
                5.027853967219368e-09,
                1.0078807351005505e-09,
                1.4136173955366103e-10,
                0.9988714672154319,
                0.0011285266074717362
            ],
            [
                0.0,
                2.285229758886883e-13,
                6.671821838438584e-13,
                5.129291276233833e-08,
                0.9999999487061915
            ]
        ],
        [
            [
                0.9999946737409545,
                5.3262545291538574e-06,
                3.904673360969617e-13,
                3.3282466651315824e-12,
                7.976160241658203e-13
            ],
