{
    "[['A', 'B', 'C', 'D', 'E'], ['A', 'B', 'C', 'D', 'E']]": [
        [
            [
                0.9999991068932237,
                8.930968511486477e-07,
                7.976205109637841e-13,
                6.798745213883977e-12,
                2.328694619612181e-12
            ],
            [
                0.9999682359182658,
                3.176406534389112e-05,
                1.139954827462741e-12,
                1.3887492801039614e-11,
                1.3628231998029998e-12
            ],
            [
                0.0,
                7.97620553573955e-13,
                1.0090233090296896e-09,
                0.9999999947798002,
                4.210378867499652e-09
            ],
            [
                0.0,
                0.0,
                3.831785523230145e-14,
                7.059801311330624e-10,
                0.9999999992939816
            ],
            [
                0.0,
                0.0,
                2.242559154263415e-14,
                2.0226669415949607e-10,
                0.9999999997977109
            ]
        ],
        [
            [
                0.9999999997560896,
                2.418129558952223e-10,
                1.5989056148193846e-13,
                1.1399918527662995e-12,
                7.976205575431457e-13
            ],
            [
                0.9967123293730313,
                0.003287670484330784,
                8.101214036397824e-12,
                1.1798809448555515e-10,
                1.654858725068877e-11
            ],
            [
                0.0,
                4.668070519241771e-13,
                1.4695610612163045e-08,
                0.9999995480979158,
                4.3720600686634683e-07
            ],
            [
                0.0,
                0.0,
                3.2051692885191466e-14,
                1.2062937469790069e-09,
                0.9999999987936743
            ],
            [
                0.0,
                0.0,
                3.83178551803682e-14,
                2.0611457555272613e-09,
                0.9999999979388159
            ]
        ],
        [
            [
                0.9999999997567668,
                2.418129558953474e-10,
                0.0,
                9.535604168452838e-13,
                4.66808820901622e-13
            ],
            [
                0.9999946737141066,
                5.326254529010857e-06,
                1.94785472863326e-12,
                2.372972846790239e-11,
                5.6868633190908145e-12
            ],
            [
                0.0,
                3.9046955210361445e-13,
                0.9999999913650294,
                8.600664233323763e-09,
                3.39156888476393e-11
            ],
            [
                0.0,
                0.0,
                1.1187139970935211e-13,
                8.600664233617185e-09,
                0.999999991399224
            ],
            [
                0.0,
                0.0,
                5.476544237651292e-14,
                2.945873629214905e-09,
                0.9999999970540716
            ]
        ],
        [
            [
                0.9999999913963947,
                8.600631424725769e-09,
                2.2852211390003537e-13,
                1.947865783343639e-12,
                7.976205508752813e-13
            ],
            [
                0.6713476938113193,
                0.3286523059653447,
                1.3325727079341253e-11,
                1.940792008039753e-10,
                1.5930990930921692e-11
            ],
            [
                0.0,
                1.1396831126467822e-12,
                0.9997293152881148,
                0.0002706842169227904,
                4.938227484546035e-10
            ],
            [
                0.0,
                0.0,
                1.1187139786238716e-13,
                2.510999092691363e-08,
                0.9999999748898973
            ],
            [
                0.0,
                0.0,
                6.547243229673013e-14,
                5.033515341770911e-09,
                0.9999999949664191
            ]
        ],
        [
            [
                0.9999999957876478,
                4.210362810452937e-09,
                1.598905608474221e-13,
                1.3628674583789129e-12,
                4.668088190488769e-13
            ],
            [
                0.027346743506007257,
                0.9726532563999953,
                7.905644230626531e-12,
                8.056039650357926e-11,
                5.531359144075188e-12
            ],
            [
                0.0,
                0.0,
                0.9999999999978237,
                1.9478658000980062e-12,
                2.2852211586564486e-13
            ],
            [
                0.0,
                0.0,
                9.357587108005485e-14,
                1.7568694604198215e-08,
                0.9999999824312119
            ],
            [
                0.0,
                0.0,
                6.547243239569783e-14,
                3.5218239718487427e-09,
                0.9999999964781106
            ]
        ],
        [
            [
                0.9999999487025324,
                5.1292912762150644e-08,
                2.7319961957422173e-13,
                3.328252715529443e-12,
                9.535603681621392e-13
            ],
            [
                0.9999981756363078,
                1.8243534036564316e-06,
                7.976190075053767e-13,
                8.127927545043614e-12,
                1.3628700142164854e-12
            ],
            [
                0.0,
                3.266131329107148e-13,
                2.4641221700897014e-09,
                0.9999999958114669,
                1.724084248447873e-09
            ],
            [
                0.0,
                0.0,
                7.827300519401114e-14,
                4.210362810459609e-09,
                0.9999999957895589
            ],
            [
                0.0,
                0.0,
                3.831785520409015e-14,
                1.4421262956658593e-09,
                0.9999999985578354
            ]
        ],
        [
            [
                0.999999999754063,
                2.4181295589473226e-10,
                2.2852211580994745e-13,
                1.9478657996232554e-12,
                1.9478657996232554e-12
            ],
            [
                7.330993562120131e-08,
                0.9999997461898493,
                1.4421319487507272e-09,
                1.7902971386121196e-07,
                2.8369312748613465e-11
            ],
            [
                0.0,
                9.357622968000631e-14,
                0.9999999999102824,
                8.282536140383724e-11,
                6.7987196768578995e-12
            ],
            [
                0.0,
                0.0,
                1.3374295957741952e-13,
                5.129291276237262e-08,
                0.9999999487069535
            ],
            [
                0.0,
                0.0,
                3.2051570543699314e-14,
                3.5218239718486348e-09,
                0.9999999964781439
            ]
        ],
        [
            [
                0.9999999957869943,
                4.2103628104501854e-09,
                2.285221149033845e-13,
                1.947865791895938e-12,
                4.668088190485718e-13
            ],
            [
                0.999996273346774,
                3.72663883991003e-06,
                1.1399831201019247e-12,
                1.1616699345895086e-11,
                1.629310399433884e-12
            ],
            [
                0.0,
                8.696706482608755e-12,
                0.894999367799109,
                0.10500062575344417,
                6.438749982858113e-09
            ],
            [
                0.0,
                0.0,
                3.8317855146473537e-14,
                2.945873629215431e-09,
                0.999999997054088
            ],
            [
                0.0,
                0.0,
                3.831800141481573e-14,
                4.1317767795639665e-10,
                0.9999999995867841
            ]
        ],
        [
            [
                0.9999999789941254,
                2.100364559123471e-08,
                3.266131274179502e-13,
                1.6293228466862565e-12,
                2.7320067002573497e-13
            ],
            [
                0.9999682358747295,
                3.176406534250819e-05,
                3.3281447884141375e-12,
                4.847211269280028e-11,
                8.127648351401397e-12
            ],
            [
                0.0,
                1.598905612744965e-13,
                9.901862052764684e-11,
                0.9999999984586898,
                1.442131796809079e-09
            ],
            [
                0.0,
                0.0,
                1.1187139929631524e-13,
                1.2292420281522344e-08,
                0.9999999877074678
            ],
            [
                0.0,
                0.0,
                4.5809412655525875e-14,
                4.210378871749813e-09,
                0.9999999957895753
            ]
        ],
        [
            [
                0.9999999979356184,
                2.0611536181835503e-09,
                3.266131336044906e-13,
                1.9478657960811695e-12,
                9.535604151088613e-13
            ],
            [
                0.000789866429964081,
                0.9992101335253778,
                2.7817718638559575e-12,
                4.051457128304132e-11,
                1.3617917305048779e-12
            ],
            [
                0.0,
                3.2661311178751127e-13,
                5.1292911861214604e-08,
                0.9999999311380007,
                1.7568760722423892e-08
            ],
            [
                0.0,
                0.0,
                4.580941280217534e-14,
                1.0090194641672958e-09,
                0.9999999989909347
            ],
            [
                0.0,
                0.0,
                2.2425591536091832e-14,
                4.939565248980338e-10,
                0.9999999995060211
            ]
        ],
        [
            [
                0.9999999876958484,
                1.2292420281384314e-08,
                9.535640428958307e-13,
                6.798745528921899e-12,
                3.978962486879482e-12
            ],
            [
                0.009538295379989504,
                0.9904617044873153,
                1.1505980601122796e-11,
                1.1724823384555213e-10,
                3.941008859175941e-12
            ],
            [
                0.0,
                1.3374296641980878e-13,
                0.999999999867601,
                1.1837738672333717e-10,
                1.3887943863125271e-11
            ],
            [
                0.0,
                0.0,
                2.6809936367157364e-14,
                1.4421262956657838e-09,
                0.9999999985578469
            ],
            [
                0.0,
                0.0,
                7.827330314977922e-14,
                1.229242028152182e-08,
                0.9999999877075013
            ]
        ],
        [
            [
                0.9999999897118527,
                1.0282148423021978e-08,
                3.9046806193781005e-13,
                3.978962494901087e-12,
                1.6293228641488947e-12
            ],
            [
                0.9992101335336038,
                0.0007898664299705836,
                3.325638528043675e-12,
                2.8346917442656207e-11,
                4.753120176136605e-12
            ],
            [
                0.0,
                1.1893655849439289e-11,
                0.14359863764364475,
                0.8564013518172547,
                1.0527207042977812e-08
            ],
            [
                0.0,
                0.0,
                5.4765651258969476e-14,
                3.5218239718496547e-09,
                0.9999999964781212
            ],
            [
                0.0,
                0.0,
                4.580941245441098e-14,
                8.600631424748144e-09,
                0.9999999913993228
            ]
        ],
        [
            [
                0.9999999876983326,
                1.2292373389642256e-08,
                5.580728885039962e-13,
                4.756892942898789e-12,
                3.978962486889367e-12
            ],
            [
                0.32865230589027156,
                0.6713476936579652,
                2.2769222397598025e-11,
                3.9645126926469535e-10,
                3.254270189203545e-11
            ],
            [
                0.0,
                0.0,
                0.9999999999987002,
                1.1399918530428371e-12,
                1.598905615207245e-13
            ],
            [
                0.0,
                0.0,
                1.118709719513594e-13,
                1.756869460419789e-08,
                0.9999999824311935
            ],
            [
                0.0,
                0.0,
                3.205169287763073e-14,
                1.44213179695159e-09,
                0.9999999985578361
            ]
        ],
        [
            [
                0.9999999824187408,
                1.756876162336301e-08,
                3.9046805909008277e-13,
                8.127943199380452e-12,
                3.978962465882068e-12
            ],
            [
                0.009538295380643819,
                0.9904617045552597,
                3.9410088594462884e-12,
                5.739805137787597e-11,
                2.7574141658347754e-12
            ],
            [
                0.0,
                3.3173203424767863e-12,
                0.9967123270639402,
                0.0032876704767142127,
                2.456028106869444e-09
            ],
            [
                0.0,
                0.0,
                1.9115017083602404e-13,
                1.4975176185034951e-07,
                0.9999998502480469
            ],
            [
                0.0,
                0.0,
                4.5809412793138527e-14,
                1.2062891453421726e-09,
                0.999999998793665
            ]
        ],
        [
            [
                0.9999962733389485,
                3.7266388398808672e-06,
                1.6293103994211338e-12,
                1.6603060797534694e-11,
                3.978947233292173e-12
            ],
            [
                0.00038682809187626574,
                0.9996131718445892,
                3.977421999203415e-12,
                5.79283834175007e-11,
                1.6286920552720687e-12
            ],
            [
                0.0,
                3.2661313175319905e-13,
                3.52182395702076e-09,
                0.9999999922674706,
                4.210378856921793e-09
            ],
            [
                0.0,
                0.0,
                9.357587191924918e-14,
                8.600631424748194e-09,
                0.9999999913992751
            ],
            [
                0.0,
                0.0,
                3.8318001424162804e-14,
                1.691897922328261e-10,
                0.9999999998307718
            ]
        ],
        [
            [
                0.9999998952185886,
                1.0477714280313211e-07,
                2.732006797062626e-13,
                3.328265630581628e-12,
                6.67182227692205e-13
            ],
            [
                6.132100605122656e-08,
                0.9999997871794161,
                1.724077722955248e-09,
                1.497517702575712e-07,
                2.3729863953444276e-11
            ],
            [
                0.0,
                7.827300524527601e-14,
                0.9999999964441819,
                3.5218239717304025e-09,
                3.391568901990226e-11
            ],
            [
                0.0,
                0.0,
                3.831800137538826e-14,
                1.442131796951658e-09,
                0.9999999985578298
            ],
            [
                0.0,
                0.0,
                9.357586936579675e-14,
                3.588808651467408e-08,
                0.99999996411182
            ]
        ],
        [
            [
                0.9999999748849506,
                2.510999092680114e-08,
                3.266131260758397e-13,
                2.7839692265070187e-12,
                1.947865751181562e-12
            ],
            [
                6.48832224740695e-05,
                0.9999351167314278,
                4.756566223757463e-12,
                4.054394465009135e-11,
                7.975688071859164e-13
            ],
            [
                0.0,
                3.9046806097783893e-13,
                1.0282148397743175e-08,
                0.9999999872533388,
                2.4641221490014282e-09
            ],
            [
                0.0,
                0.0,
                7.827300524790013e-14,
                3.5218239718484722e-09,
                0.9999999964780977
            ],
            [
                0.0,
                0.0,
                5.476544249162258e-14,
                8.440069274879973e-10,
                0.9999999991559383
            ]
        ],
        [
            [
                0.9999999995051825,
                4.939565248977544e-10,
                1.1187097386147374e-13,
                5.580728950930791e-13,
                1.911501765797491e-13
            ],
            [
                0.9953077656709044,
                0.004692234246390094,
                5.660210138611569e-12,
                6.8955475829948e-11,
                8.089803330593513e-12
            ],
            [
                0.0,
                6.547268233753294e-14,
                0.9999999992858237,
                7.059828242330769e-10,
                8.127943336475147e-12
            ],
            [
                0.0,
                0.0,
                5.476544245886981e-14,
                1.4421262956658357e-09,
                0.999999998557819
            ],
            [
                0.0,
                0.0,
                6.547243229672371e-14,
                5.033515341770417e-09,
                0.9999999949664191
            ]
        ],
        [
            [
                0.9999999824240086,
                1.7568761623455557e-08,
                4.668088128106122e-13,
                3.978962465903028e-12,
                2.7839692474955248e-12
            ],
            [
                0.9999351167442007,
                6.488322247489831e-05,
                1.629210953605762e-12,
                2.8367360956739863e-11,
                3.3280369453750392e-12
            ],
            [
                0.0,
                2.323322202874222e-12,
                0.002302556589569902,
                0.9976974374043448,
                6.003761974401063e-09
            ],
            [
                0.0,
                0.0,
                5.476544206683649e-14,
                8.600631424748912e-09,
                0.999999991399314
            ],
            [
                0.0,
                0.0,
                6.547243256022074e-14,
                1.0090194641673944e-09,
                0.999999998990915
            ]
        ],
        [
            [
                0.9999999266810995,
                7.330993137455172e-08,
                9.535640983880649e-13,
                5.686895903795197e-12,
                2.3286948630357834e-12
            ],
            [
                1.252618503562419e-07,
                0.999996752438232,
                5.033515221584738e-09,
                3.1172084518063985e-06,
                5.795059752164585e-11
            ],
            [
                0.0,
                3.2965187034243103e-12,
                0.009538291030331785,
                0.9904616051882582,
                1.0377811355151724e-07
            ],
            [
                0.0,
                0.0,
                6.547268227138589e-14,
                1.7240842526961144e-09,
                0.9999999982758503
            ],
            [
                0.0,
                0.0,
                3.831800135166117e-14,
                2.0611536181891627e-09,
                0.9999999979388081
            ]
        ],
        [
            [
                0.999999969975651,
                3.001926719418206e-08,
                3.9046954375171337e-13,
                3.328265482632781e-12,
                1.362872622137131e-12
            ],
            [
                0.193321622258009,
                0.8066783768330471,
                5.5887131729856356e-11,
                8.139540752093208e-10,
                3.910266995477693e-11
            ],
            [
                0.0,
                1.1381538549729755e-12,
                0.9983878388292169,
                0.0016121551617017482,
                6.007943147238823e-09
            ],
            [
                0.0,
                0.0,
                9.357622633006468e-14,
                3.588822341711075e-08,
                0.999999964111683
            ],
            [
                0.0,
                0.0,
                6.547243243339753e-14,
                2.9458736292146492e-09,
                0.999999997054061
            ]
        ],
        [
            [
                0.9999999913971201,
                8.600631424732009e-09,
                2.2852211390020117e-13,
                1.6293228668947395e-12,
                3.904680625958532e-13
            ],
            [
                0.0023025566030973423,
                0.9976974432657828,
                9.69462646799009e-12,
                1.1810472839756534e-10,
                3.3205869296374588e-12
            ],
            [
                0.0,
                2.732006752576077e-13,
                4.131776773605558e-10,
                0.9999999981444174,
                1.4421317963558569e-09
            ],
            [
                0.0,
                0.0,
                5.47654424825891e-14,
                1.0090194641673514e-09,
                0.9999999989909258
            ],
            [
                0.0,
                0.0,
                5.4765442307266116e-14,
                4.210362810459707e-09,
                0.9999999957895824
            ]
        ],
        [
            [
                0.999999785964066,
                2.1403134135525055e-07,
                4.668088323972766e-13,
                3.3282656637137262e-12,
                7.976205771857973e-13
            ],
            [
                3.1764065343379595e-05,
                0.9999682359021625,
                3.328144788505441e-12,
                2.8368388401425725e-11,
                7.975946519563311e-13
            ],
            [
                0.0,
                3.3173202735669823e-12,
                0.0032876578669769206,
                0.9967123063595028,
                3.577020296105847e-08
            ],
            [
                0.0,
                0.0,
                5.4765442402899755e-14,
                2.4641221743379207e-09,
                0.9999999975358231
            ],
            [
                0.0,
                0.0,
                5.47656507786364e-14,
                1.2292373389753017e-08,
                0.9999999877075717
            ]
        ],
        [
            [
                0.9999999748818009,
                2.510999092672205e-08,
                6.671822013077596e-13,
                4.7568928819319185e-12,
                2.78396922649825e-12
            ],
            [
                0.3286523058633351,
                0.6713476936029413,
                3.254270188936824e-11,
                4.73959997611089e-10,
                2.7220749256743353e-11
            ],
            [
                0.0,
                3.9046955382186447e-13,
                0.9999999957655006,
                4.210378871649825e-09,
                2.3729953767940206e-11
            ],
            [
                0.0,
                0.0,
                1.598905638283881e-13,
                1.0477714280350413e-07,
                0.9999998952226973
            ],
            [
                0.0,
                0.0,
                3.20515706179134e-14,
                1.2062891453420973e-09,
                0.9999999987936787
            ]
        ],
        [
            [
                0.9999999957850074,
                4.2103788717319555e-09,
                4.668088190476444e-13,
                2.7839692846921353e-12,
                1.3628674583753145e-12
            ],
            [
                0.006692851099720858,
                0.993307148747679,
                8.0735405910313e-12,
                1.4057420841530597e-10,
                3.952330151733533e-12
            ],
            [
                0.0,
                9.535531295422635e-13,
                7.612456395373483e-06,
                0.9999923575237271,
                3.0018924161494224e-08
            ],
            [
                0.0,
                0.0,
                7.827330364093256e-14,
                6.017645303631155e-09,
                0.9999999939822763
            ],
            [
                0.0,
                0.0,
                4.580941281606253e-14,
                7.059855173545202e-10,
                0.9999999992939688
            ]
        ],
        [
            [
                0.9999999987916843,
                1.2062891453402545e-09,
                2.731996332585597e-13,
                1.3628674624730166e-12,
                3.9046806548319436e-13
            ],
            [
                6.132100605122656e-08,
                0.9999997871794161,
                1.724077722955248e-09,
                1.497517702575712e-07,
                2.3729863953444276e-11
            ],
            [
                0.0,
                7.97619043703188e-13,
                2.6074280238419888e-06,
                0.9999973865535446,
                6.017633917218318e-09
            ],
            [
                0.0,
                0.0,
                2.28522124922186e-13,
                4.372076811022517e-07,
                0.9999995627920903
            ],
            [
                0.0,
                0.0,
                5.476544220829367e-14,
                6.01762234818084e-09,
                0.9999999939823228
            ]
        ],
        [
            [
                0.9999999996515476,
                3.45608945228521e-10,
                2.285221157865204e-13,
                1.9478657994235693e-12,
                6.671822178336941e-13
            ],
            [
                0.9998105936783335,
                0.00018940628099544326,
                2.783443538098982e-12,
                3.390928409284996e-11,
                3.97821110057861e-12
            ],
            [
                0.0,
                2.2852211584256004e-13,
                0.9999999998967739,
                9.901862067004394e-11,
                3.978962535426507e-12
            ],
            [
                0.0,
                0.0,
                5.476544247178554e-14,
                1.206289145342239e-09,
                0.9999999987936561
            ],
            [
                0.0,
                0.0,
                5.476544237651292e-14,
                2.945873629214905e-09,
                0.9999999970540716
            ]
        ],
        [
            [
                0.9999998502424178,
                1.4975233310829104e-07,
                5.580750072041946e-13,
                3.328265480888969e-12,
                1.3628726214230674e-12
            ],
            [
                1.4975190602404224e-07,
                0.9999972367196908,
                6.017633732931216e-09,
                2.6074279439907783e-06,
                8.282551761027619e-11
            ],
            [
                0.0,
                3.266131318421769e-13,
                1.4421317882733988e-09,
                0.9999999925398965,
                6.017645294953775e-09
            ],
            [
                0.0,
                0.0,
                4.580941283256235e-14,
                3.456076268383433e-10,
                0.9999999996543465
            ],
            [
                0.0,
                0.0,
                2.2425591536091832e-14,
                4.939565248980338e-10,
                0.9999999995060211
            ]
        ],
        [
            [
                0.999999850236828,
                1.4975176184872795e-07,
                9.535640254935467e-13,
                8.127943093939733e-12,
                2.328694685020388e-12
            ],
            [
                0.05431323793404306,
                0.9456867617628124,
                1.8771078225533413e-11,
                2.733876910286047e-10,
                1.09858062341063e-11
            ],
            [
                0.0,
                9.357622872080554e-14,
                0.9999999896598076,
                1.0282148422486844e-08,
                5.79505985978349e-11
            ],
            [
                0.0,
                0.0,
                5.4765651396574195e-14,
                1.0090194641674054e-09,
                0.9999999989909258
            ],
            [
                0.0,
                0.0,
                4.580941245441098e-14,
                8.600631424748144e-09,
                0.9999999913993228
            ]
        ],
        [
            [
                0.9999999266626085,
                7.330993137319615e-08,
                1.1399919053379598e-12,
                1.6603188748513573e-11,
                9.717008073310095e-12
            ],
            [
                0.9999682359179993,
                3.176406534388266e-05,
                1.1399548274624373e-12,
                1.3887492801035915e-11,
                1.6292637472790534e-12
            ],
            [
                0.0,
                1.9115090540649306e-13,
                2.890889162215671e-10,
                0.9999999976495662,
                2.0611536175939525e-09
            ],
            [
                0.0,
                0.0,
                2.680993639258208e-14,
                4.939565248980537e-10,
                0.9999999995060167
            ],
            [
                0.0,
                0.0,
                3.2051448295356097e-14,
                2.94587362921516e-09,
                0.9999999970540943
            ]
        ],
        [
            [
                0.9999999970509998,
                2.9458848668445187e-09,
                2.2852211519223775e-13,
                2.3286947493037245e-12,
                5.580728937234663e-13
            ],
            [
                0.027346743504323655,
                0.972653256340114,
                1.1299069373272507e-11,
                1.3765084440146188e-10,
                6.612800035729929e-12
            ],
            [
                0.0,
                0.0,
                0.9999999999984086,
                1.3628674641175783e-12,
                2.285221158657785e-13
            ],
            [
                0.0,
                0.0,
                2.6810038674634857e-14,
                1.183773867249552e-10,
                0.9999999998815958
            ],
            [
                0.0,
                0.0,
                6.547243223228266e-14,
                6.0176223481796105e-09,
                0.9999999939823121
            ]
        ],
        [
            [
                0.9999998951908264,
                1.0477754249406577e-07,
                1.1399918694603805e-12,
                1.66031882259816e-11,
                1.3887944064952146e-11
            ],
            [
                4.53978525132938e-05,
                0.9999546021201764,
                2.783841917419591e-12,
                2.3728777598965362e-11,
                7.975840630411822e-13
            ],
            [
                0.0,
                3.283077830468373e-12,
                0.9864230660388373,
                0.01357693105199109,
                2.9058886936921363e-09
            ],
            [
                0.0,
                0.0,
                5.476565122124966e-14,
                4.210378871750001e-09,
                0.9999999957895664
            ],
            [
                0.0,
                0.0,
                5.476544226218229e-14,
                5.0335153417701484e-09,
                0.9999999949664298
            ]
        ],
        [
            [
                0.9999999897150192,
                1.0282148423054538e-08,
                3.2661313091953493e-13,
                1.9478657800685454e-12,
                5.580728896294543e-13
            ],
            [
                1.4975190602404224e-07,
                0.9999972367196908,
                6.017633732931216e-09,
                2.6074279439907783e-06,
                8.282551761027619e-11
            ],
            [
                0.0,
                0.0,
                0.9999999999964184,
                2.7839692964164996e-12,
                7.976205577348156e-13
            ],
            [
                0.0,
                0.0,
                1.9115018544793404e-13,
                7.330965172052015e-08,
                0.9999999266901571
            ],
            [
                0.0,
                0.0,
                7.827300529299419e-14,
                2.945873629215313e-09,
                0.9999999970540481
            ]
        ],
        [
            [
                0.9999999939801292,
                6.017622348169283e-09,
                2.285221144904759e-13,
                1.6293228711032953e-12,
                3.9046806360443576e-13
            ],
            [
                0.25513192969375637,
                0.7448680694514472,
                5.160489501257539e-11,
                7.515865154660506e-10,
                5.160489501257539e-11
            ],
            [
                0.0,
                7.976205836081694e-13,
                4.372076779569165e-07,
                0.9999995555973911,
                7.194133263663957e-09
            ],
            [
                0.0,
                0.0,
                6.547243256021725e-14,
                1.0090194641673404e-09,
                0.999999998990915
            ],
            [
                0.0,
                0.0,
                7.827330314979019e-14,
                1.2292420281523541e-08,
                0.9999999877075013
            ]
        ],
        [
            [
                0.9999999699719193,
                3.001926719407003e-08,
                7.976205337866793e-13,
                5.686895472054711e-12,
                2.3286946862448117e-12
            ],
            [
                0.4116512286835821,
                0.5883487711214708,
                1.6691045575788542e-11,
                1.7008507858998584e-10,
                8.170953245275124e-12
            ],
            [
                0.0,
                0.0,
                0.9999999999984459,
                1.3628726630543152e-12,
                1.9115090585547482e-13
            ],
            [
                0.0,
                0.0,
                4.580941257273605e-14,
                6.017645303631735e-09,
                0.9999999939823088
            ],
            [
                0.0,
                0.0,
                3.8318001336227274e-14,
                2.464131574236119e-09,
                0.99999999753583
            ]
        ],
        [
            [
                0.9999999266823517,
                7.330993137464352e-08,
                6.671822486842708e-13,
                5.6868959038023174e-12,
                1.3628675266640325e-12
            ],
            [
                0.1933216223472772,
                0.8066783772055389,
                3.270791645445447e-11,
                3.984639946735854e-10,
                1.6011931330754855e-11
            ],
            [
                0.0,
                3.266131331235984e-13,
                5.905303978058504e-10,
                0.9999999964632582,
                2.9458848651130994e-09
            ],
            [
                0.0,
                0.0,
                4.5809412835157865e-14,
                2.890889168173714e-10,
                0.9999999997108653
            ],
            [
                0.0,
                0.0,
                3.2051448295359246e-14,
                2.945873629215449e-09,
                0.9999999970540943
            ]
        ],
        [
            [
                0.9999999991540764,
                8.44010147123815e-10,
                1.5989056138568226e-13,
                1.362867462966909e-12,
                3.904680656246969e-13
            ],
            [
                2.1002963198671784e-08,
                0.999968204481693,
                1.0281814253597084e-08,
                3.1764064345306043e-05,
                1.6918429185923464e-10
            ],
            [
                0.0,
                9.357622967968943e-14,
                0.999999999906896,
                6.928057181737075e-11,
                2.372986334379786e-11
            ],
            [
                0.0,
                0.0,
                3.205169289680155e-14,
                8.440101471251272e-10,
                0.9999999991559578
            ],
            [
                0.0,
                0.0,
                6.547243251340066e-14,
                1.7240776758491857e-09,
                0.999999998275857
            ]
        ],
        [
            [
                0.9999996940800102,
                3.059011693968092e-07,
                9.535604663839711e-13,
                1.388789160487712e-11,
                3.9789475630716585e-12
            ],
            [
                0.49999999976239146,
                0.49999999976239146,
                2.897539630041606e-11,
                4.2200487249069534e-10,
                2.4236831962808682e-11
            ],
            [
                0.0,
                5.580728946708562e-13,
                2.4181295565160056e-10,
                0.9999999987486095,
                1.009019463923179e-09
            ],
            [
                0.0,
                0.0,
                4.580941275399307e-14,
                2.061153618189996e-09,
                0.9999999979388006
            ],
            [
                0.0,
                0.0,
                3.205169285779176e-14,
                2.0611536181895747e-09,
                0.9999999979388143
            ]
        ],
        [
            [
                0.9999999266839846,
                7.330965172010187e-08,
                4.668088424386312e-13,
                4.756875073653012e-12,
                1.1399919053623283e-12
            ],
            [
                2.5108745616386966e-08,
                0.9999545517598689,
                2.5108745616386966e-08,
                4.539767704821538e-05,
                3.4559179646332503e-10
            ],
            [
                0.0,
                1.9115090578838103e-13,
                0.9999999996474012,
                3.456089452270879e-10,
                6.798719675070644e-12
            ],
            [
                0.0,
                0.0,
                3.2051692844877064e-14,
