{
    "[['A', 'B', 'C', 'D', 'E'], ['A', 'B', 'C', 'D', 'E']]": [
        [
            [
                0.9999999997567388,
                2.4181203345391706e-10,
                9.357622966563829e-14,
                7.976205575436636e-13,
                5.580728952334659e-13
            ],
            [
                5.033534540898285e-09,
                0.9999999945198919,
                9.901824241229347e-11,
                3.456076250639979e-10,
                1.9478657894277927e-12
            ],
            [
                0.0,
                6.67182252441144e-13,
                2.0226747620948319e-10,
                0.9999996938947291,
                3.0590233626271146e-07
            ],
            [
                0.0,
                1.689988539124318e-10,
                1.689988539124318e-10,
                0.998871473047941,
                0.0011285266140613145
            ],
            [
                0.0,
                0.0,
                1.9115017071702656e-13,
                3.7266530559353466e-06,
                0.9999962733467529
            ]
        ],
        [
            [
                0.9999999989890382,
                1.0090194641657762e-09,
                1.9115017648108801e-13,
                9.535604161133607e-13,
                7.976205569313299e-13
            ],
            [
                3.3915689102296706e-11,
                0.9999999988735722,
                8.282536131797133e-11,
                1.0090194640492689e-09,
                6.671796722213171e-13
            ],
            [
                0.0,
                1.1616743338654383e-11,
                0.9999991066926716,
                8.930934440819179e-07,
                2.0226745388624104e-10
            ],
            [
                0.0,
                1.3620002466431914e-11,
                6.794393527876636e-11,
                0.9807077285897547,
                0.019292271328681266
            ],
            [
                0.0,
                0.0,
                1.1187097970335167e-13,
                3.0590233632461263e-07,
                0.9999996940975517
            ]
        ],
        [
            [
                0.9999999970510967,
                2.9458848668448037e-09,
                2.7319963278303177e-13,
                1.94786579435824e-12,
                7.976205553855878e-13
            ],
            [
                2.2224728869937142e-05,
                0.999977775118156,
                8.12775688826857e-12,
                1.4151820726951429e-10,
                3.3281892325624585e-12
            ],
            [
                0.0,
                1.1399919039927994e-12,
                1.2062938023461236e-09,
                0.9999999254826349,
                7.330993128669237e-08
            ],
            [
                0.0,
                1.9848232251052982e-11,
                2.8367903565210896e-11,
                0.9999546020992716,
                4.539785251234472e-05
            ],
            [
                0.0,
                0.0,
                4.580923575001957e-14,
                5.12927170958229e-08,
                0.9999999487072371
            ]
        ],
        [
            [
                0.9999999877018838,
                1.2292373389685908e-08,
                4.66808815274371e-13,
                3.3282655416303917e-12,
                1.947865776147228e-12
            ],
            [
                0.0,
                0.03863157682749223,
                8.585921275044165e-07,
                0.9613675611946121,
                3.3857680914764094e-09
            ],
            [
                0.0,
                9.535586314505572e-13,
                9.901805753444445e-11,
                0.9999987234555276,
                1.2764445007419916e-06
            ],
            [
                2.3729863898562147e-11,
                1.0090194886810904e-09,
                6.9280309153124e-11,
                0.9999997848666292,
                2.1403134112036464e-07
            ],
            [
                0.0,
                0.0,
                3.904427319493545e-13,
                6.488322247701744e-05,
                0.9999351167771325
            ]
        ],
        [
            [
                0.9999993751179284,
                6.248750180600941e-07,
                6.671821988275436e-13,
                4.756892864248412e-12,
                1.6293228339290274e-12
            ],
            [
                4.1317769620641783e-10,
                0.9999999245471198,
                1.7240843311090147e-09,
                7.330993121810982e-08,
                5.686895891659476e-12
            ],
            [
                0.0,
                1.3887942949453237e-11,
                3.5888222339298424e-08,
                0.9999999340787381,
                3.001915160238906e-08
            ],
            [
                0.0,
                3.328233968873959e-12,
                9.716952397277547e-12,
                0.9999946737324257,
                5.32625452910843e-06
            ],
            [
                0.0,
                0.0,
                6.547268003457448e-14,
                3.5888223417120315e-08,
                0.9999999641117112
            ]
        ],
        [
            [
                0.9999999985552814,
                1.4421317969483769e-09,
                1.598905612899406e-13,
                1.6293228785576955e-12,
                7.976205565853565e-13
            ],
            [
                2.1810259581188073e-06,
                0.9999977885011097,
                4.1317686289523274e-10,
                3.0019208865117484e-08,
                4.0546495357598655e-11
            ],
            [
                0.0,
                9.53558631465998e-13,
                8.282520631474264e-11,
                0.9999987234717205,
                1.2764445007626609e-06
            ],
            [
                8.28234613802454e-11,
                3.456010170078384e-10,
                1.4151820722250362e-10,
                0.999977774785975,
                2.2224644082103633e-05
            ],
            [
                0.0,
                0.0,
                6.54724356314328e-14,
                7.330965172052936e-08,
                0.9999999266902828
            ]
        ],
        [
            [
                0.9999999913965126,
                8.600631424726783e-09,
                2.732006734140755e-13,
                1.6293228668937498e-12,
                9.53564046424651e-13
            ],
            [
                2.222464397689989e-05,
                0.9999777700524277,
                2.4180740757005154e-10,
                5.033419074325904e-09,
                2.8368658871219064e-11
            ],
            [
                0.0,
                2.328694789542193e-12,
                9.901862209924255e-11,
                0.9999998951211102,
                1.0477754248676107e-07
            ],
            [
                0.0,
                4.0530876921101675e-11,
                9.898028359085125e-11,
                0.999613171768642,
                0.0003868280918468759
            ],
            [
                0.0,
                0.0,
                3.83180012956877e-14,
                3.5218239718480235e-09,
                0.9999999964781376
            ]
        ],
        [
            [
                0.9999999996537066,
                3.4560894522926713e-10,
                6.547293212055796e-14,
                3.904695553400905e-13,
                2.285229875313667e-13
            ],
            [
                7.612485662360771e-06,
                0.999992387436896,
                6.798667921983161e-12,
                6.928004442311247e-11,
                1.36286228814201e-12
            ],
            [
                0.0,
                6.92674873312743e-11,
                0.999810583371483,
                0.00018940627904289123,
                1.0280206617932122e-08
            ],
            [
                0.0,
                2.3726696008520187e-11,
                6.927145674177388e-11,
                0.9998674700131067,
                0.00013252989389521291
            ],
            [
                0.0,
                0.0,
                3.83178545861584e-14,
                1.756869460419997e-08,
                0.9999999824312672
            ]
        ],
        [
            [
                0.9999999979370797,
                2.061153618186562e-09,
                1.5989056119109597e-13,
                1.1399918506926431e-12,
                4.668070393213177e-13
            ],
            [
                0.0,
                0.001128525608081749,
                8.920890587315219e-07,
                0.9988705815976706,
                7.051888251055582e-10
            ],
            [
                0.0,
                6.798719181633523e-12,
                4.290459628977142e-08,
                0.9999999270694535,
                3.0019151391976266e-08
            ],
            [
                0.0,
                1.9826815420991906e-11,
                9.890687370050302e-11,
                0.9988714732669575,
                0.0011285266143087598
            ],
            [
                0.0,
                0.0,
                6.547268074025428e-14,
                2.510999092692078e-08,
                0.9999999748899437
            ]
        ],
        [
            [
                0.9999999641077126,
                3.588822341698501e-08,
                3.2661312255585223e-13,
                2.783969196503519e-12,
                9.535640204030323e-13
            ],
            [
                5.0335345411556404e-09,
                0.9999999945710201,
                4.8473686799539885e-11,
                3.4560894347264524e-10,
                1.3628674567208105e-12
            ],
            [
                0.0,
                4.7568747956982105e-12,
                2.418120304806734e-10,
                0.9999999874610576,
                1.2292373386725581e-08
            ],
            [
                0.0,
                2.3286591489259405e-12,
                1.3887731509342959e-11,
                0.9999891199817627,
                1.0880002020934084e-05
            ],
            [
                0.0,
                0.0,
                3.2661127785331443e-13,
                5.326254529174955e-06,
                0.9999946737451442
            ]
        ],
        [
            [
                0.999999562782178,
                4.3720768109816195e-07,
                5.580750463630044e-13,
                6.798745881936612e-12,
                2.7839694067256137e-12
            ],
            [
                1.0282148358153312e-08,
                0.9999999834029896,
                2.890889121030397e-10,
                6.01764523997111e-09,
                8.127943207380371e-12
            ],
            [
                0.0,
                2.02268237650863e-10,
                3.00192681358753e-08,
                0.9999998821359813,
                8.764248231233988e-08
            ],
            [
                0.0,
                8.121527823188448e-12,
                6.922588753131466e-11,
                0.9992101334927143,
                0.0007898664299382608
            ],
            [
                0.0,
                0.0,
                5.476543972878756e-14,
                5.1292717095820834e-08,
                0.9999999487072282
            ]
        ],
        [
            [
                0.9999999266846442,
                7.330993137481159e-08,
                4.668088424389391e-13,
                3.3282657353090303e-12,
                1.6293229556876655e-12
            ],
            [
                3.45608945011004e-10,
                0.9999999990221744,
                4.054642064691375e-11,
                5.905303993169682e-10,
                1.1399918519296423e-12
            ],
            [
                0.0,
                2.328694853246559e-12,
                4.2103790649953165e-09,
                0.9999999224773611,
                7.330993106637594e-08
            ],
            [
                0.0,
                1.947802535730059e-12,
                1.6602585401070768e-11,
                0.9999682359161058,
                3.1764065343822505e-05
            ],
            [
                0.0,
                0.0,
                4.668052674528902e-13,
                7.612485662942492e-06,
                0.9999923875138703
            ]
        ],
        [
            [
                0.9999999789938097,
                2.1003645591228077e-08,
                2.2852211106577043e-13,
                1.3628674354911373e-12,
                9.535640345978794e-13
            ],
            [
                0.0,
                3.7266354027526277e-06,
                1.2764456739277638e-06,
                0.9999949933971195,
                3.521803832932809e-09
            ],
            [
                0.0,
                3.3915688307554524e-11,
                3.521823897759818e-09,
                0.9999999754406949,
                2.1003565394203417e-08
            ],
            [
                0.0,
                1.382277509077599e-11,
                9.855397867175298e-11,
                0.9953077500528149,
                0.004692249834808274
            ],
            [
                0.0,
                0.0,
                9.533803359579529e-13,
                0.0001894055586135471,
                0.9998105944404331
            ]
        ],
        [
            [
                0.9999962733492946,
                3.7266388399194238e-06,
                9.535567498244478e-13,
                8.127881077942038e-12,
                2.783958589690648e-12
            ],
            [
                1.0282109198534771e-08,
                0.9999999895875061,
                1.1616743901251715e-11,
                1.1837738550640643e-10,
                3.904680618892567e-13
            ],
            [
                0.0,
                1.1616743759510955e-11,
                1.7568761534945517e-08,
                0.9999999773860874,
                5.033534454654687e-09
            ],
            [
                0.0,
                1.6274841167067369e-12,
                1.982681542292065e-11,
                0.9988714733641272,
                0.0011285266144185422
            ],
            [
                0.0,
                0.0,
                9.357623197043792e-14,
                2.140313413561646e-07,
                0.9999997859685651
            ]
        ],
        [
            [
                0.9999946737347603,
                5.326254529120865e-06,
                9.535549971576442e-13,
                8.127866138645186e-12,
                1.6293074047150753e-12
            ],
            [
                0.00018940555849011493,
                0.999810593788741,
                4.8464532712554304e-11,
                5.904188770790087e-10,
                1.3885321099734409e-11
            ],
            [
                0.0,
                1.629316569943943e-12,
                4.847340685048321e-11,
                0.9999991068564531,
                8.930934442281903e-07
            ],
            [
                0.0,
                2.836162661467315e-11,
                6.926180874109445e-11,
                0.9997293146530454,
                0.00027068524933115165
            ],
            [
                0.0,
                0.0,
                7.827300313289995e-14,
                1.4975176185034134e-07,
                0.99999985024816
            ]
        ],
        [
            [
                0.9999999970469615,
                2.945884866832622e-09,
                3.9046806480193585e-13,
                2.783969288205377e-12,
                3.97896252408721e-12
            ],
            [
                8.93093444184823e-07,
                0.9999991068078946,
                1.3887943049364872e-11,
                8.282535654717198e-11,
                1.9478656857097305e-12
            ],
            [
                0.0,
                1.6293228702018738e-12,
                2.100364589437518e-08,
                0.9999998742175841,
                1.0477714060270664e-07
            ],
            [
                0.0,
                3.3915558701648774e-11,
                9.901823985724538e-11,
                0.9999962732282268,
                3.726638839468246e-06
            ],
            [
                0.0,
                0.0,
                1.1187097069197008e-13,
                6.248726343612744e-07,
                0.9999993751272537
            ]
        ],
        [
            [
                0.9999991068999354,
                8.930968511546419e-07,
                3.2661311512775297e-13,
                2.3286946196278106e-12,
                5.580728626465668e-13
            ],
            [
                3.657081542258592e-07,
                0.9999996342136396,
                8.12794327596809e-12,
                6.928057125859537e-11,
                7.976205512303049e-13
            ],
            [
                0.0,
                1.947873189525713e-12,
                9.901861859051567e-11,
                0.9999999788953879,
                2.1003645589160864e-08
            ],
            [
                0.0,
                1.4152037638420599e-10,
                1.6918850425900077e-10,
                0.9999923872036305,
                7.612485660585027e-06
            ],
            [
                0.0,
                0.0,
                1.598905521467358e-13,
                8.930934442725897e-07,
                0.9999991069063958
            ]
        ],
        [
            [
                0.9999999995025417,
                4.9395652489645e-10,
                1.9115090576069103e-13,
                1.362867463441821e-12,
                1.947865799133326e-12
            ],
            [
                0.0,
                0.000789866038391646,
                2.5567457453549924e-07,
                0.9992098762275071,
                2.059526681178356e-09
            ],
            [
                0.0,
                5.580728753217397e-13,
                3.3915687922157254e-11,
                0.999999964077303,
                3.588822341589366e-08
            ],
            [
                0.0,
                5.686830379978558e-12,
                1.6602934113337444e-11,
                0.9999891199756894,
                1.0880002020868005e-05
            ],
            [
                0.0,
                0.0,
                2.2852167172101306e-13,
                1.8243464443445702e-06,
                0.9999981756533272
            ]
        ],
        [
            [
                0.9999999957878545,
                4.210378871743943e-09,
                1.5989056084745513e-13,
                1.1399918482425438e-12,
                4.668088190489734e-13
            ],
            [
                7.059855127536325e-10,
                0.9999999927767238,
                4.939584058723745e-10,
                6.017645296378918e-09,
                5.686895601743254e-12
            ],
            [
                0.0,
                3.978962510586809e-12,
                2.89088915066498e-10,
                0.9999998744447206,
                1.2526221156032614e-07
            ],
            [
                0.0,
                4.7531201761744466e-12,
                2.3711132976527173e-11,
                0.9992101335415589,
                0.0007898664299768721
            ],
            [
                0.0,
                0.0,
                3.904658465866068e-13,
                5.326254529174093e-06,
                0.9999946737450803
            ]
        ],
        [
            [
                0.9999999789928791,
                2.1003565468811952e-08,
                2.731996278495334e-13,
                2.3286947072518736e-12,
                9.535603970458148e-13
            ],
            [
                1.5550068435781695e-05,
                0.9999844495472899,
                3.391516982625744e-11,
                3.4560233504240437e-10,
                4.756802018467817e-12
            ],
            [
                0.0,
                8.127912451583368e-12,
                2.890889209873056e-10,
                0.9999998949256405,
                1.0477714277243784e-07
            ],
            [
                0.0,
                9.535603895778535e-13,
                1.1616743687198251e-11,
                0.9999993751147953,
                6.248726343536602e-07
            ],
            [
                0.0,
                0.0,
                6.547268332916299e-14,
                1.0477754249735638e-07,
                0.999999895222392
            ]
        ],
        [
            [
                0.999999996473756,
                3.5218239718345574e-09,
                2.7319963262530255e-13,
                2.7839692866095905e-12,
                1.3628674593139874e-12
            ],
            [
                0.0005527785565992193,
                0.999447221222839,
                1.1610365137130154e-11,
                2.0215639844281165e-10,
                6.794986423861133e-12
            ],
            [
                0.0,
                8.127912275710674e-12,
                1.4421317882112837e-09,
                0.9999998732875289,
                1.2526221141537373e-07
            ],
            [
                0.0,
                4.667981125481633e-13,
                3.978871259521548e-12,
                0.9999777752666812,
                2.222472887323815e-05
            ],
            [
                0.0,
                0.0,
                1.1187140510489991e-13,
                4.372076811024039e-07,
                0.999999562792207
            ]
        ],
        [
            [
                0.9999999991525192,
                8.440101471225007e-10,
                1.5989056138543328e-13,
                1.3628674629647866e-12,
                1.947865798451529e-12
            ],
            [
                1.0880043524412611e-05,
                0.9999891199344662,
                1.3628518237898047e-12,
                1.984898836621996e-11,
                7.97611404207321e-13
            ],
            [
                0.0,
                3.9789625146428894e-12,
                2.8908891536118977e-10,
                0.9999999946733977,
                5.0335345416709615e-09
            ],
            [
                0.0,
                1.3887838142251522e-11,
                8.282473089879218e-11,
                0.9999923874176252,
                7.612485662214071e-06
            ],
            [
                0.0,
                0.0,
                1.9115054416371613e-13,
                2.607437986075475e-06,
                0.9999973925618227
            ]
        ],
        [
            [
                0.9999999991544641,
                8.440101471241421e-10,
                1.9115090569415567e-13,
                6.671822175020489e-13,
                6.671822175020489e-13
            ],
            [
                3.391568912525987e-11,
                0.9999999995506383,
                6.928030750878531e-11,
                3.456076268026623e-10,
                5.580728951184467e-13
            ],
            [
                0.0,
                9.53564103621777e-13,
                3.4560896310598475e-10,
                0.9999996937511012,
                3.0590233621877533e-07
            ],
            [
                0.0,
                2.3720766295587592e-11,
                9.898028344645636e-11,
                0.9996131703103815,
                0.0003868295669174381
            ],
            [
                0.0,
                0.0,
                7.827330602083928e-14,
                2.1403134135617586e-07,
                0.9999997859685804
            ]
        ],
        [
            [
                0.9999999964767623,
                3.521823971845145e-09,
                1.3374245577835448e-13,
                9.53560413717754e-13,
                3.26613133128009e-13
            ],
            [
                1.0090194636194516e-09,
                0.9999999984475969,
                4.8473686987451855e-11,
                4.939565243753532e-10,
                9.535604155970636e-13
            ],
            [
                0.0,
                1.984921530610964e-11,
                1.229237301407308e-08,
                0.9999998379360179,
                1.4975176000665967e-07
            ],
            [
                0.0,
                1.1203101568249206e-11,
                1.6316475535975428e-10,
                0.8066789699969423,
                0.1933210298286899
            ],
            [
                0.0,
                0.0,
                2.2852037625794676e-13,
                7.612456623893206e-06,
                0.9999923875431477
            ]
        ],
        [
            [
                0.9999999979374701,
                2.061153618187367e-09,
                1.1187097368609222e-13,
                7.976205560925775e-13,
                4.668070393215e-13
            ],
            [
                4.210362781530452e-09,
                0.999999988918291,
                8.440069188476817e-10,
                6.017622317709053e-09,
                9.71700751989134e-12
            ],
            [
                0.0,
                3.328265461461148e-12,
                4.939583914674438e-10,
                0.9999999636144901,
                3.588822339928413e-08
            ],
            [
                0.0,
                3.391516983478176e-11,
                9.901672682061853e-11,
                0.9999844497986285,
                1.5550068439690088e-05
            ],
            [
                0.0,
                0.0,
                1.5989026212748891e-13,
                1.2764445008686834e-06,
                0.9999987235553393
            ]
        ],
        [
            [
                0.9999999989879826,
                1.0090194641647113e-09,
                2.285221156348811e-13,
                1.6293228792627057e-12,
                1.1399918518906638e-12
            ],
            [
                0.0543132379388087,
                0.9456867618457904,
                1.3133600775232038e-11,
                1.9128175524558325e-10,
                1.0985806235070233e-11
            ],
            [
                0.0,
                9.717007328921596e-12,
                7.059828030389951e-10,
                0.9999999692651477,
                3.001915265865529e-08
            ],
            [
                0.0,
                4.0524156193228164e-11,
                9.896387092965591e-11,
                0.999447221303868,
                0.0005527785566440352
            ],
            [
                0.0,
                0.0,
                6.547267902599058e-14,
                5.1292912762371104e-08,
                0.9999999487070217
            ]
        ],
        [
            [
                0.9999993751220855,
                6.248750180626918e-07,
                3.9046805469722653e-13,
                1.9478657439424322e-12,
                5.580728792791496e-13
            ],
            [
                9.901824291070103e-11,
                0.9999999995533841,
                5.795059917117359e-11,
                2.890889167719398e-10,
                5.580728951199791e-13
            ],
            [
                0.0,
                0.0,
                1.1616788796887034e-11,
                0.9999995627807021,
                4.3720768109741677e-07
            ],
            [
                0.0,
                3.39134886481e-11,
                9.901219622810708e-11,
                0.9999351166446059,
                6.488322246843585e-05
            ],
            [
                0.0,
                0.0,
                9.357587756443704e-14,
                3.0590116940246793e-07,
                0.999999694098737
            ]
        ],
        [
            [
                0.9999999853029762,
                1.4695610029745009e-08,
                1.3374296447189265e-13,
                9.535604030628736e-13,
                3.266131294785037e-13
            ],
            [
                1.7568761619985637e-08,
                0.9999999822265034,
                3.3915688537699894e-11,
                1.6918978925441885e-10,
                1.629322851952844e-12
            ],
            [
                0.0,
                1.1399918120845507e-12,
                4.0546573902341413e-11,
                0.9999999640700901,
                3.5888223415634804e-08
            ],
            [
                0.0,
                9.535385427363039e-13,
                9.716784722830101e-12,
                0.999977775345235,
                2.2224644094533262e-05
            ],
            [
                0.0,
                0.0,
                2.2852168346322834e-13,
                2.6074280395333076e-06,
                0.999997392571732
            ]
        ],
        [
            [
                0.999999106899307,
                8.930968511540808e-07,
                3.904695325798432e-13,
                2.7839691331864952e-12,
                6.671821789454641e-13
            ],
            [
                3.5218239679991e-09,
                0.9999999953847019,
                8.28253610290044e-11,
                1.0090194605289307e-09,
                1.6293228733917977e-12
            ],
            [
                0.0,
                3.328252990349494e-12,
                2.890889259421334e-10,
                0.9999999120650979,
                8.764248493540225e-08
            ],
            [
                0.0,
                6.920238556879987e-11,
                1.1824379251043122e-10,
                0.9988714731983227,
                0.0011285266142312162
            ],
            [
                0.0,
                0.0,
                1.3374220581822586e-13,
                1.276444500869185e-06,
                0.9999987235553653
            ]
        ],
        [
            [
                0.9999995627844716,
                4.372076810991647e-07,
                7.976205893407352e-13,
                5.686895868145453e-12,
                1.3628727170557574e-12
            ],
            [
                0.3286523057901332,
                0.6713476934534097,
                4.651135763964111e-11,
                6.774029713548399e-10,
                3.254270188211989e-11
            ],
            [
                0.0,
                6.928056872115697e-11,
                1.4695609587597908e-08,
                0.9999999552159575,
                3.001915223691049e-08
            ],
            [
                0.0,
                8.127571452515853e-12,
                3.391413734601774e-11,
                0.9999546021054456,
                4.539785251262503e-05
            ],
            [
                0.0,
                0.0,
                5.580664909104179e-13,
                1.0880043524637324e-05,
                0.9999891199559172
            ]
        ],
        [
            [
                0.9999999994076891,
                5.905303995446264e-10,
                1.5989056142623254e-13,
                9.535604165125696e-13,
                6.67179672577669e-13
            ],
            [
                1.756876161860184e-08,
                0.9999999821477389,
                4.054641996271579e-11,
                2.41812951637295e-10,
                1.1399918326929232e-12
            ],
            [
                0.0,
                5.794926805825607e-11,
                2.2224643414781834e-05,
                0.9999776255501664,
                1.4974846940237385e-07
            ],
            [
                0.0,
                4.054100878362492e-11,
                5.794286428451214e-11,
                0.9998674705131151,
                0.0001325293884010279
            ],
            [
                0.0,
                0.0,
                2.285212370063551e-13,
                3.726638839961939e-06,
                0.9999962733609316
            ]
        ],
        [
            [
                0.9999999897153266,
                1.0282148423057698e-08,
                2.2852211351587415e-13,
                1.6293228641545549e-12,
                6.671796661111217e-13
            ],
            [
                1.4695610028567143e-08,
                0.9999999852228254,
                1.1616743850548335e-11,
                6.928057080004993e-11,
                6.671796631138163e-13
            ],
            [
                0.0,
                1.3628726200531937e-12,
                1.0090232824588502e-09,
                0.9999998492372809,
                1.4975233295776942e-07
            ],
            [
                0.0,
                9.71689611487266e-12,
                4.0545955374501185e-11,
                0.9999891199477166,
                1.0880002020563656e-05
            ],
            [
                0.0,
                0.0,
                1.911505479265304e-13,
                1.2764505874373652e-06,
                0.9999987235492214
            ]
        ],
        [
            [
                0.9999999979369616,
                2.061153618186319e-09,
                1.337424559736451e-13,
                9.53560415110142e-13,
                7.976205560921719e-13
            ],
            [
                1.2526221148726187e-07,
                0.99999987386143,
                2.8369309606796885e-11,
                8.440101419894052e-10,
                3.978962508265917e-12
            ],
            [
                0.0,
                1.1187096817820562e-13,
                3.9789623317291635e-12,
                0.9999999487031923,
                5.129271709562363e-08
            ],
            [
                0.0,
                3.4095157725201935e-11,
                2.0333778624265467e-10,
                0.41165122866609277,
                0.5883487710964743
            ],
            [
                0.0,
                0.0,
                1.5989086069791626e-13,
                1.8243534036746657e-06,
                0.9999981756464364
            ]
        ],
        [
            [
                0.9999999853011596,
                1.4695666089128634e-08,
                2.73200671748821e-13,
                1.947865771470939e-12,
                9.535640406123415e-13
            ],
            [
                1.0090233496883898e-09,
                0.9999995582377301,
                3.5218375424994285e-09,
                4.3720767911129354e-07,
                2.372995470075056e-11
            ],
            [
                0.0,
                1.1399918200842721e-12,
                8.282567497084807e-11,
                0.9999993750410162,
                6.248750180120335e-07
            ],
            [
                0.0,
                2.3285793251648284e-12,
                2.3728777598995092e-11,
                0.9999546021214293,
                4.539785251335068e-05
            ],
            [
                0.0,
                0.0,
                6.54726853894301e-14,
                7.330993137519044e-08,
                0.9999999266900031
            ]
        ],
        [
            [
                0.9999997859592449,
                2.1403134135421868e-07,
                6.671822343306299e-13,
                6.798745778313358e-12,
                1.947873278119744e-12
            ],
            [
                6.928030749750541e-11,
                0.999999999387823,
                4.8473502120939396e-11,
                4.93956524839784e-10,
                4.66807039998535e-13
            ],
            [
                0.0,
                1.9478731663372417e-12,
                2.4641314989700174e-09,
                0.9999998477815878,
                1.4975233273977596e-07
            ],
            [
                0.0,
                3.978901611708867e-12,
                2.3729500004752354e-11,
                0.9999844499038503,
                1.555006844132632e-05
            ],
            [
                0.0,
                0.0,
                6.547293158008526e-14,
                8.600664233614244e-09,
                0.9999999913992704
            ]
        ],
        [
            [
                0.9999999748864536,
                2.510999092683888e-08,
                2.732006689035163e-13,
                2.3286946976892622e-12,
                9.535640306812523e-13
            ],
            [
                0.009538295375853628,
                0.9904617040578438,
                5.7397832393278414e-11,
                4.892448780946747e-10,
                1.9659807694907122e-11
            ],
            [
                0.0,
                3.3915692907882614e-11,
                3.0590206275062463e-07,
                0.9999995150343064,
                1.7902971516151633e-07
            ],
            [
                0.0,
                9.716952397034226e-12,
                2.8369148554943192e-11,
                0.9999946737073849,
                5.3262545289750556e-06
            ],
            [
                0.0,
                0.0,
                1.91148721557406e-13,
                7.612456623896026e-06,
                0.999992387543185
            ]
        ],
        [
            [
                0.99999999397987,
                6.017622348167724e-09,
                1.9115090470502734e-13,
                1.3628674559151516e-12,
                9.535604113368163e-13
            ],
            [
                2.5587678630588925e-07,
                0.9999997434594239,
                6.928057056831842e-11,
                5.905303891928112e-10,
                3.978962463730475e-12
            ],
            [
                0.0,
                3.9789624945151335e-12,
                9.901861965194242e-11,
                0.999999989614854,
                1.0282148422024623e-08
            ],
            [
                0.0,
                3.9725473159560334e-12,
                2.832357040306019e-11,
                0.9983878447963667,
                0.0016121551713372535
            ],
            [
                0.0,
                0.0,
                5.47654415756725e-14,
                1.7568694604191968e-08,
                0.9999999824312505
            ]
        ],
        [
            [
                0.9999923875362247,
                7.6124566238440584e-06,
                6.671745941111721e-13,
                5.686830658120967e-12,
                7.976144859033051e-13
            ],
            [
                5.226845007982458e-07,
                0.999999477175325,
                1.984921524392506e-11,
                1.1837738129512557e-10,
                1.947865710524754e-12
            ],
            [
                0.0,
                2.3286859924074295e-12,
                4.1317769932740316e-10,
                0.9999996936821574,
                3.0590233619768527e-07
            ],
            [
                0.0,
                4.841898231696273e-11,
                1.413617404000384e-10,
                0.9988714731959907,
                0.0011285266142285813
            ],
            [
                0.0,
                0.0,
                9.357623452853958e-14,
                3.059035032513521e-07,
                0.9999996940964031
            ]
        ],
