{
    "[['A', 'B', 'C', 'D', 'E'], ['A', 'B', 'C', 'D', 'E']]": [
        [
            [
                0.9999072687998738,
                9.273118923001088e-05,
                1.139885329823489e-12,
                8.12718385026994e-12,
                1.629170633576996e-12
            ],
            [
                6.488322247540885e-05,
                0.9999351167536981,
                3.9787043761907456e-12,
                1.9847928316863784e-11,
                0.0
            ],
            [
                0.0,
                6.547268238352396e-14,
                0.9999999999882696,
                9.717007627458405e-12,
                1.9478658000794585e-12
            ],
            [
                0.0,
                0.0,
                1.0978291208227558e-14,
                7.059855173546431e-10,
                0.9999999992940034
            ],
            [
                0.0,
                0.0,
                2.68100385988319e-14,
                2.9458848668529435e-09,
                0.9999999970540883
            ]
        ],
        [
            [
                0.9999351167649061,
                6.488322247624182e-05,
                9.53498548997627e-13,
                9.716377177113209e-12,
                1.9477394203632807e-12
            ],
            [
                0.0032876579844562143,
                0.9967123419754527,
                3.965862362889888e-12,
                3.3804155469924314e-11,
                2.3210278571307378e-12
            ],
            [
                0.0,
                3.9043306885872496e-13,
                0.9999072679665255,
                9.273118915272635e-05,
                8.439312810625781e-10
            ],
            [
                0.0,
                0.0,
                1.0978333062574846e-14,
                2.9458961045337355e-09,
                0.9999999970540929
            ],
            [
                0.0,
                0.0,
                1.3124616467158888e-14,
                4.210362810460584e-09,
                0.999999995789624
            ]
        ],
        [
            [
                0.9613683930950517,
                0.03863160680262961,
                1.3351422517736224e-11,
                7.96256383333899e-11,
                9.341618579772446e-12
            ],
            [
                0.8066783772782878,
                0.19332162236471157,
                3.910266997635939e-11,
                2.7879522581759497e-10,
                3.910266997635939e-11
            ],
            [
                0.0,
                2.2852211561288605e-13,
                0.9999999988917334,
                1.0090194640675938e-09,
                9.901862057052622e-11
            ],
            [
                0.0,
                0.0,
                1.5690621828294843e-14,
                1.0090233132787547e-09,
                0.9999999989909609
            ],
            [
                0.0,
                0.0,
                1.3124666587400111e-14,
                1.1837783829974243e-10,
                0.9999999998816091
            ]
        ],
        [
            [
                0.9999072687921526,
                9.273118922929483e-05,
                1.9476837874366615e-12,
                1.3886646146361909e-11,
                2.7837091564966313e-12
            ],
            [
                4.372076810988331e-07,
                0.9999995627843803,
                1.1399918982118475e-12,
                6.7987199468391905e-12,
                0.0
            ],
            [
                0.0,
                9.189197676801611e-12,
                0.05431316279809672,
                0.9456818002218879,
                5.036970826228413e-06
            ],
            [
                0.0,
                0.0,
                1.8758237543767693e-14,
                1.206293746978881e-09,
                0.9999999987936874
            ],
            [
                0.0,
                0.0,
                9.182928737794782e-15,
                2.4181203345421903e-10,
                0.9999999997581788
            ]
        ],
        [
            [
                0.9807077285673821,
                0.019292271328241156,
                9.529536491339882e-12,
                8.122740397336522e-11,
                1.3620002466121203e-11
            ],
            [
                9.273118922855916e-05,
                0.99990726878422,
                4.7564485073200225e-12,
                1.9847361404196488e-11,
                1.947691217259399e-12
            ],
            [
                0.0,
                7.827330411134527e-14,
                0.9999999999917599,
                6.798719677411842e-12,
                1.3628726630452655e-12
            ],
            [
                0.0,
                0.0,
                6.547268182114858e-14,
                8.600664233614244e-09,
                0.9999999913992704
            ],
            [
                0.0,
                0.0,
                1.569062182829331e-14,
                1.009023313278656e-09,
                0.9999999989909609
            ]
        ],
        [
            [
                0.9999962733523471,
                3.726638839930799e-06,
                7.97617490208935e-13,
                5.68687377187554e-12,
                2.3286858003610864e-12
            ],
            [
                0.6713476938504505,
                0.328652305984501,
                1.3325676246600276e-11,
                1.357918128854843e-10,
                1.5930990931850267e-11
            ],
            [
                0.0,
                1.1187097391546935e-13,
                0.9999999999878422,
                9.717007627454252e-12,
                2.328694756142734e-12
            ],
            [
                0.0,
                0.0,
                3.8318001403591413e-14,
                7.059855173544425e-10,
                0.9999999992939761
            ],
            [
                0.0,
                0.0,
                1.0978249330718085e-14,
                5.90530399545625e-10,
                0.9999999994094586
            ]
        ],
        [
            [
                0.9998105937040749,
                0.00018940628100031978,
                1.3626100838311941e-12,
                1.1614594482585979e-11,
                1.9474979416898232e-12
            ],
            [
                6.488322247550367e-05,
                0.9999351167535302,
                2.7837886693141372e-12,
                1.984792831689279e-11,
                1.3627842383191885e-12
            ],
            [
                0.0,
                0.0,
                0.9999999999977256,
                1.9478658000978253e-12,
                3.2661313427799313e-13
            ],
            [
                0.0,
                0.0,
                1.097829114991461e-14,
                6.017645303633106e-09,
                0.9999999939823436
            ],
            [
                0.0,
                0.0,
                1.3124666577876386e-14,
                8.440133667747023e-10,
                0.9999999991559736
            ]
        ],
        [
            [
                0.945686761926244,
                0.05431323794342936,
                9.18924982647367e-12,
                1.1194798051441093e-10,
                9.18924982647367e-12
            ],
            [
                0.019292201339861106,
                0.980707798602669,
                6.667550999853809e-12,
                4.75384772389817e-11,
                3.26404042412538e-12
            ],
            [
                0.0,
                5.476565145147487e-14,
                0.9999999999931182,
                5.686895642782136e-12,
                1.13999185303651e-12
            ],
            [
                0.0,
                0.0,
                1.5690561943047162e-14,
                2.945873629216009e-09,
                0.9999999970541107
            ],
            [
                0.0,
                0.0,
                1.3124666533694399e-14,
                4.210378871751191e-09,
                0.999999995789608
            ]
        ],
        [
            [
                0.9241418281145686,
                0.07585817164607239,
                2.6217262698698645e-11,
                1.8692451637757492e-10,
                2.6217262698698645e-11
            ],
            [
                0.2551319298502309,
                0.7448680699082811,
                3.6106508180079474e-11,
                1.8011878198816858e-10,
                2.5262718427019368e-11
            ],
            [
                0.0,
                3.205157065606703e-14,
                0.9999999999835945,
                1.1616744022020411e-11,
                4.756874855266351e-12
            ],
            [
                0.0,
                0.0,
                9.182963764753628e-15,
                5.905303995456337e-10,
                0.9999999994094604
            ],
            [
                0.0,
                0.0,
                1.875830911426971e-14,
                4.939584091963296e-10,
                0.9999999995060229
            ]
        ],
        [
            [
                0.9904617417525291,
                0.009538258207285601,
                3.2965057875891098e-12,
                3.3592178648225865e-11,
                3.2965057875891098e-12
            ],
            [
                0.9241418281931241,
                0.07585817165252061,
                1.283442830322816e-11,
                1.3078538050238178e-10,
                1.0735517778564088e-11
            ],
            [
                0.0,
                1.337429664153972e-13,
                0.9999999998346154,
                1.415209138702182e-10,
                2.372986334208265e-11
            ],
            [
                0.0,
                0.0,
                1.0978291212184625e-14,
                3.456089452294773e-10,
                0.99999999965438
            ],
            [
                0.0,
                0.0,
                1.875830906827522e-14,
                2.9458961045337123e-09,
                0.9999999970540852
            ]
        ],
        [
            [
                0.02734684189849944,
                0.9726531579094893,
                1.6149153032940144e-11,
                1.6456308565555924e-10,
                1.1299112721487062e-11
            ],
            [
                0.6713468456314411,
                0.32865315425089936,
                1.3325701109483038e-11,
                9.500992776815989e-11,
                9.323622026602424e-12
            ],
            [
                0.0,
                3.2661313257935997e-13,
                0.9999999947969491,
                5.033534542292862e-09,
                1.6918979138120996e-10
            ],
            [
                0.0,
                0.0,
                1.8758237453521226e-14,
                6.017622348182139e-09,
                0.999999993982359
            ],
            [
                0.0,
                0.0,
                3.831800140802739e-14,
                5.905303995456089e-10,
                0.9999999994094313
            ]
        ],
        [
            [
                0.9976974433582818,
                0.0023025566033108183,
                3.320586929945319e-12,
                2.8303858874191816e-11,
                6.7830602039161344e-12
            ],
            [
                0.019292271328339338,
                0.9807077285723731,
                1.1392621094240545e-11,
                8.122740397377862e-11,
                6.667551343410489e-12
            ],
            [
                0.0,
                2.765335241381921e-12,
                0.006692850815491605,
                0.9933071065643188,
                4.261742431662191e-08
            ],
            [
                0.0,
                0.0,
                1.312461650349193e-14,
                1.4421317969519755e-09,
                0.9999999985578552
            ],
            [
                0.0,
                0.0,
                1.875830911705221e-14,
                3.4560894522946493e-10,
                0.9999999996543723
            ]
        ],
        [
            [
                0.9998105937081471,
                0.00018940628100109122,
                1.3626152817916191e-12,
                8.126408363704903e-12,
                1.3626152817916191e-12
            ],
            [
                1.088004352445236e-05,
                0.9999891199381197,
                3.3282273872443486e-12,
                1.3887784486329308e-11,
                1.1399787704493445e-12
            ],
            [
                0.0,
                6.547268237594727e-14,
                0.9999999998725466,
                9.901862066764499e-11,
                2.8369309799759847e-11
            ],
            [
                0.0,
                0.0,
                3.2051692360750274e-14,
                1.7568828643213945e-08,
                0.9999999824311393
            ],
            [
                0.0,
                0.0,
                2.2425591537905884e-14,
                4.1317767795644995e-10,
                0.9999999995867999
            ]
        ],
        [
            [
                0.8949993734291833,
                0.10500062641396007,
                1.2429711614734758e-11,
                1.2666172001884017e-10,
                1.776505111237154e-11
            ],
            [
                0.038631606801146856,
                0.9613683930581526,
                1.9082397950421797e-11,
                1.1380421192690515e-10,
                7.813943288797735e-12
            ],
            [
                0.0,
                1.3374296642693296e-13,
                0.9999999999208686,
                6.928057181833877e-11,
                9.71700762680347e-12
            ],
            [
                0.0,
                0.0,
                3.2051448380509933e-14,
                2.8908781403277856e-10,
                0.9999999997108802
            ],
            [
                0.0,
                0.0,
                1.3124666561901113e-14,
                2.0611614808819978e-09,
                0.9999999979388254
            ]
        ],
        [
            [
                0.5883478327989382,
                0.4116521670271594,
                1.995421149941976e-11,
                1.4227005225873664e-10,
                1.1678237043880407e-11
            ],
            [
                0.2551319298324413,
                0.7448680698563436,
                3.6106508177561866e-11,
                2.574331140797822e-10,
                1.767568809641261e-11
            ],
            [
                0.0,
                9.357622968616324e-14,
                0.9999999999760782,
                1.984921615626683e-11,
                3.978962535742056e-12
            ],
            [
                0.0,
                0.0,
                1.0978249321367753e-14,
                1.4421317969518157e-09,
                0.9999999985578572
            ],
            [
                0.0,
                0.0,
                1.0978291213320561e-14,
                2.4181295589563244e-10,
                0.9999999997581761
            ]
        ],
        [
            [
                0.999999106901716,
                8.930934442686143e-07,
                5.580728626475605e-13,
                3.3282526911138935e-12,
                9.535603611669672e-13
            ],
            [
                0.3286531541981077,
                0.6713468455236024,
                2.7220800050545495e-11,
                2.3202334386286354e-10,
                1.9045635861695553e-11
            ],
            [
                0.0,
                5.4765442537543437e-14,
                0.9999999999940483,
                4.756874855316079e-12,
                1.1399918530375705e-12
            ],
            [
                0.0,
                0.0,
                7.827330130288553e-14,
                3.5888223417124034e-08,
                0.9999999641116983
            ],
            [
                0.0,
                0.0,
                1.3124666585156141e-14,
                2.890900196061844e-10,
                0.9999999997108968
            ]
        ],
        [
            [
                0.993307148831776,
                0.0066928511002874985,
                4.725035672253815e-12,
                5.7562718541340576e-11,
                5.648810004495315e-12
            ],
            [
                0.10500062641712217,
                0.8949993734561362,
                1.0397027113760255e-11,
                1.059475748720553e-10,
                1.0397027113760255e-11
            ],
            [
                0.0,
                3.2658261349353323e-13,
                0.9999072646008473,
                9.273118884059406e-05,
                4.209985445197784e-09
            ],
            [
                0.0,
                0.0,
                1.3124616518625174e-14,
                2.890889168174526e-10,
                0.9999999997108979
            ],
            [
                0.0,
                0.0,
                1.5690621833049065e-14,
                7.059855173546398e-10,
                0.9999999992939987
            ]
        ],
        [
            [
                0.9976974433533025,
                0.0023025566032993266,
                2.7775569870905755e-12,
                3.383757122074067e-11,
                6.7830602038822814e-12
            ],
            [
                0.0002706842170472776,
                0.9997293157478885,
                4.7555865681194745e-12,
                2.8361518454919833e-11,
                1.9473382666475852e-12
            ],
            [
                0.0,
                3.904174373571825e-13,
                0.9998674692619164,
                0.00013252989379564456,
                8.438974931635146e-10
            ],
            [
                0.0,
                0.0,
                1.569056195692875e-14,
                2.0611536181900362e-09,
                0.9999999979388308
            ],
            [
                0.0,
                0.0,
                3.2051692904921515e-14,
                5.905303995453832e-10,
                0.9999999994094375
            ]
        ],
        [
            [
                0.9983878509219186,
                0.0016121490313563086,
                4.749205448576006e-12,
                3.3861007606140317e-11,
                8.114807878877717e-12
            ],
            [
                4.5397852513655284e-05,
                0.9999546021281386,
                1.9477766765733816e-12,
                1.660236498403708e-11,
                7.975840630475329e-13
            ],
            [
                0.0,
                0.0,
                0.9999999999953537,
                3.978962535818645e-12,
                6.671796729697289e-13
            ],
            [
                0.0,
                0.0,
                2.242559098406631e-14,
                2.5109990926924782e-08,
                0.9999999748899866
            ],
            [
                0.0,
                0.0,
                1.5690561982785976e-14,
                4.1317767795648015e-10,
                0.9999999995868065
            ]
        ],
        [
            [
                0.9994472214128198,
                0.0005527785567042947,
                2.7824299738869855e-12,
                2.3716742542715277e-11,
                3.976747303125962e-12
            ],
            [
                0.1933216224067504,
                0.8066783774537044,
                1.601193133568074e-11,
                1.1416228137888801e-10,
                9.37101070988717e-12
            ],
            [
                0.0,
                6.547268237028412e-14,
                0.9999999997860503,
                2.0226746574486055e-10,
                1.161674401972559e-11
            ],
            [
                0.0,
                0.0,
                6.547243246495967e-14,
                2.4641127744761367e-09,
                0.9999999975358218
            ],
            [
                0.0,
                0.0,
                2.2425677028115332e-14,
                2.9458961045337016e-09,
                0.9999999970540814
            ]
        ],
        [
            [
                0.9999351167671162,
                6.488322247638524e-05,
                1.139917889084433e-12,
                8.127415992129123e-12,
                1.139917889084433e-12
            ],
            [
                2.222464409444808e-05,
                0.9999777753414024,
                2.3286413367222697e-12,
                1.1616477538138489e-11,
                5.580600933708642e-13
            ],
            [
                0.0,
                1.911508989864119e-13,
                0.9999999640631119,
                3.588822341538437e-08,
                4.8473685320709087e-11
            ],
            [
                0.0,
                0.0,
                3.831800131777363e-14,
                2.945884866853253e-09,
                0.9999999970540767
            ],
            [
                0.0,
                0.0,
                1.3124666427620217e-14,
                1.2292420281527887e-08,
                0.9999999877075666
            ]
        ],
        [
            [
                0.9999991068980614,
                8.930934442653503e-07,
                9.535603611634824e-13,
                4.756874576415672e-12,
                2.7839691331830274e-12
            ],
            [
                0.49999999988897387,
                0.49999999988897387,
                2.897528577559737e-11,
                1.7280373104135138e-10,
                2.0273200671761128e-11
            ],
            [
                0.0,
                2.2425591547091825e-14,
                0.9999999999962588,
                3.328252886247936e-12,
                3.904680659535422e-13
            ],
            [
                0.0,
                0.0,
                2.242567699975845e-14,
                4.210378871750893e-09,
                0.9999999957895986
            ],
            [
                0.0,
                0.0,
                2.2425677075251816e-14,
                8.440133667746835e-10,
                0.9999999991559643
            ]
        ],
        [
            [
                0.9999777753491182,
                2.2224644094619568e-05,
                6.671643681080583e-13,
                4.756765734324332e-12,
                1.3628362004241057e-12
            ],
            [
                0.0016121490313647589,
                0.9983878509271518,
                5.6777051248512425e-12,
                3.3861007606317805e-11,
                1.9447252980800743e-12
            ],
            [
                0.0,
                4.5809412847176306e-14,
                0.9999999999728961,
                2.3729863345364033e-11,
                3.328252886170179e-12
            ],
            [
                0.0,
                0.0,
                5.4765443873481954e-14,
                2.1403052489315255e-07,
                0.9999997859694203
            ],
            [
                0.0,
                0.0,
                3.831800075745422e-14,
                1.7568761623579938e-08,
                0.9999999824312001
            ]
        ],
        [
            [
                0.9996131718560374,
                0.00038682809188069595,
                4.7550331341181924e-12,
                4.0530722311914775e-11,
                6.79608741432836e-12
            ],
            [
                0.00013252938840659448,
                0.9998674705551119,
                5.686114898102787e-12,
                4.8467032188490565e-11,
                2.3283794944560157e-12
            ],
            [
                0.0,
                9.35762263208554e-14,
                0.9999999640128017,
                3.588808651113222e-08,
                9.901823939153499e-11
            ],
            [
                0.0,
                0.0,
                3.205144836272192e-14,
                8.440069274880163e-10,
                0.9999999991559609
            ],
            [
                0.0,
                0.0,
                1.3124666586728945e-14,
                1.6919043764188825e-10,
                0.9999999998307965
            ]
        ],
        [
            [
                0.9998674700634521,
                0.0001325298939018861,
                3.9784314450230284e-12,
                3.3911162254208203e-11,
                4.7562580765700186e-12
            ],
            [
                4.5397852513547534e-05,
                0.9999546021257653,
                3.978780480584237e-12,
                1.660242831711478e-11,
                1.1399396933410766e-12
            ],
            [
                0.0,
                1.911509058040985e-13,
                0.9999999997296265,
                2.418129558888232e-10,
                2.83693097957053e-11
            ],
            [
                0.0,
                0.0,
                1.3124666573120967e-14,
                1.206293746979224e-09,
                0.9999999987936932
            ],
            [
                0.0,
                0.0,
                2.6809936394743454e-14,
                4.131761018116015e-10,
                0.9999999995867972
            ]
        ],
        [
            [
                0.9996131718950815,
                0.0003868280918958051,
                1.3623398022072177e-12,
                9.713245490046742e-12,
                1.947111644162294e-12
            ],
            [
                0.004692234246551048,
                0.9953077657050455,
                4.734553432370156e-12,
                4.035615841694953e-11,
                3.3126352081211437e-12
            ],
            [
                0.0,
                1.5989056117242544e-13,
                0.9999999978203091,
                2.0611536179458802e-09,
                1.183773864809841e-10
            ],
            [
                0.0,
                0.0,
                1.3124666577875147e-14,
                8.440133667746226e-10,
                0.9999999991559736
            ],
            [
                0.0,
                0.0,
                1.3124666581202867e-14,
                5.905326522446107e-10,
                0.9999999994094542
            ]
        ],
        [
            [
                0.9967123419647564,
                0.003287657984420933,
                5.668193963351873e-12,
                4.04130814781533e-11,
                4.741231602081428e-12
            ],
            [
                0.027346743506245164,
                0.9726532564084571,
                1.1299069374066432e-11,
                6.738600642448831e-11,
                6.6128000361945756e-12
            ],
            [
                0.0,
                1.5989055211388694e-13,
                0.9999991067007216,
                8.930968509767246e-07,
                2.022674538878693e-10
            ],
            [
                0.0,
                0.0,
                1.5690621825199258e-14,
                1.206293746979221e-09,
                0.9999999987936905
            ],
            [
                0.0,
                0.0,
                1.569062179790411e-14,
                2.945896104533722e-09,
                0.9999999970540883
            ]
        ],
        [
            [
                0.9456867618466279,
                0.054313237938856805,
                3.2073633413489586e-11,
                1.600006224794694e-10,
                2.244102824386282e-11
            ],
            [
                0.1933216223890038,
                0.8066783773796526,
                2.2884905730462484e-11,
                1.9506525677822264e-10,
                1.3393430948397502e-11
            ],
            [
                0.0,
                6.547268238382611e-14,
                0.9999999999928846,
                5.686895642780807e-12,
                1.3628674641100933e-12
            ],
            [
                0.0,
                0.0,
                1.3124666573120337e-14,
                1.2062937469791663e-09,
                0.9999999987936932
            ],
            [
                0.0,
                0.0,
                1.312461651788339e-14,
                3.4560762683848887e-10,
                0.9999999996543794
            ]
        ],
        [
            [
                0.9904617045982614,
                0.00953829538105793,
                2.3064823010412118e-12,
                1.6444817050903075e-11,
                1.9292932743655755e-12
            ],
            [
                0.01357693109079093,
                0.9864230688578143,
                6.706413703701816e-12,
                3.99959233838697e-11,
                4.692290935660069e-12
            ],
            [
                0.0,
                9.53564073082719e-13,
                5.033534665895361e-09,
                0.9999997809341715,
                2.1403134027869526e-07
            ],
            [
                0.0,
                0.0,
                1.569062182519673e-14,
                1.2062937469790263e-09,
                0.9999999987936905
            ],
            [
                0.0,
                0.0,
                1.097824933590164e-14,
                1.1837738672498797e-10,
                0.9999999998816116
            ]
        ],
        [
            [
                0.9999993751226888,
                6.248750180630688e-07,
                2.732006678879361e-13,
                1.6293228339367836e-12,
                3.9046954421772367e-13
            ],
            [
                0.0005527785566943119,
                0.9994472213947706,
                5.683729541721159e-12,
                4.052400160982097e-11,
                2.327398287325403e-12
            ],
            [
                0.0,
                9.535457874827e-13,
                1.5550067966839776e-05,
                0.9999843001816108,
                1.497494689215131e-07
            ],
            [
                0.0,
                0.0,
                1.875823755531519e-14,
                5.905303995453372e-10,
                0.9999999994094508
            ],
            [
                0.0,
                0.0,
                1.3124616520193708e-14,
                1.6918979223280667e-10,
                0.9999999998307971
            ]
        ],
        [
            [
                0.9996131704064435,
                0.0003868295669546121,
                2.782891421834678e-12,
                1.984153109865165e-11,
                3.977421993481089e-12
            ],
            [
                0.0007898664299839612,
                0.9992101335505269,
                1.9463283177667826e-12,
                1.659008281905202e-11,
                9.52811390923712e-13
            ],
            [
                0.0,
                2.6810038677754622e-14,
                0.9999999999976348,
                1.9478658000977005e-12,
                3.904680659540795e-13
            ],
            [
                0.0,
                0.0,
                3.8318147556288e-14,
                1.2062937469792821e-09,
                0.9999999987936679
            ],
            [
                0.0,
                0.0,
                9.182963768622668e-15,
                1.6918979223287305e-10,
                0.9999999998308011
            ]
        ],
        [
            [
                0.9983878509177425,
                0.001612149031349565,
                4.749205448556141e-12,
                4.048104856652236e-11,
                5.677705124797733e-12
            ],
            [
                0.01357693108880141,
                0.986423068713267,
                1.957972405642465e-11,
                1.668927084820477e-10,
                1.145906761544267e-11
            ],
            [
                0.0,
                1.1399918630988575e-12,
                3.059023231998236e-07,
                0.999999651191937,
                4.290459979723736e-08
            ],
            [
                0.0,
                0.0,
                2.6810038447231545e-14,
                8.600631424750311e-09,
                0.9999999913993417
            ],
            [
                0.0,
                0.0,
                2.2425676999758035e-14,
                4.210378871750815e-09,
                0.9999999957895986
            ]
        ],
        [
            [
                0.9999777753484113,
                2.2224644094603857e-05,
                6.671643681075867e-13,
                5.686743494204336e-12,
                1.1399657020352413e-12
            ],
            [
                0.8949993733466725,
                0.10500062640427997,
                1.7765051110733764e-11,
                2.164226278681026e-10,
                1.4859770436748472e-11
            ],
            [
                0.0,
                7.827300552255763e-14,
                0.9999999999866755,
                1.1616744022056204e-11,
                1.6293228808898988e-12
            ],
            [
                0.0,
                0.0,
                9.357605446733187e-14,
                1.2764505874376151e-06,
                0.999998723549319
            ],
            [
                0.0,
                0.0,
                1.312466658764773e-14,
                9.901862067040401e-11,
                0.9999999999009683
            ]
        ],
        [
            [
                0.9864230688031026,
                0.013576931090037889,
                1.1459023903695743e-11,
                8.170084443879487e-11,
                1.3699387747335258e-11
            ],
            [
                0.009538295380770315,
                0.9904617045683952,
                6.733869505134746e-12,
                4.0159665165851936e-11,
                3.941008859498554e-12
            ],
            [
                0.0,
                1.4859741989760965e-11,
                0.8949968598035148,
                0.10500035029288689,
                2.78988873843287e-06
            ],
            [
                0.0,
                0.0,
                3.2051692877626246e-14,
                1.4421317969513878e-09,
                0.9999999985578361
            ],
            [
                0.0,
                0.0,
                9.182963768874464e-15,
                1.415214537340207e-10,
                0.9999999998584694
            ]
        ],
        [
            [
                0.9953077656057473,
                0.0046922342460829205,
                1.3822775306774192e-11,
                1.1782190612279586e-10,
                1.6525215227751303e-11
            ],
            [
                0.013576880002276057,
                0.986423119953505,
                8.017560377062416e-12,
                3.345521877567186e-11,
                2.746171587163258e-12
            ],
            [
                0.0,
                0.0,
                9.716933657174983e-12,
                0.9999923875046202,
                7.61248566287277e-06
            ],
            [
                0.0,
                0.0,
                1.5690621828294843e-14,
                1.0090233132787547e-09,
                0.9999999989909609
            ],
            [
                0.0,
                0.0,
                1.56906218363719e-14,
                4.93956524897979e-10,
                0.9999999995060278
            ]
        ],
        [
            [
                0.9999981756460535,
                1.8243464443315445e-06,
                7.976190075131501e-13,
                4.756865610065942e-12,
                1.9478620143054878e-12
            ],
            [
                0.0011285223142760504,
                0.9988714776451494,
                4.751506528333498e-12,
                3.3877413903996756e-11,
                1.945667554214772e-12
            ],
            [
                0.0,
                6.54726823831605e-14,
                0.9999999999827183,
                1.3887943864724013e-11,
                3.3282528862028695e-12
            ],
            [
                0.0,
                0.0,
                1.0978249331778131e-14,
                4.939565248981281e-10,
                0.9999999995060325
            ],
            [
                0.0,
                0.0,
                7.681204683343394e-15,
                2.4181295589568905e-10,
                0.9999999997581794
            ]
        ],
        [
            [
                0.9994472214175314,
                0.0005527785567069006,
                1.946788778991323e-12,
                1.9838241055255615e-11,
                3.9767624732607065e-12
            ],
            [
                0.004692234246465424,
                0.9953077656868831,
                5.660210138702437e-12,
                5.76786685954248e-11,
                3.312635208060694e-12
            ],
            [
                0.0,
                5.476544253724498e-14,
                0.9999999999885987,
                9.717007627461603e-12,
                1.6293228808930322e-12
            ],
            [
                0.0,
                0.0,
                1.5690561976026262e-14,
                8.440069274882937e-10,
                0.9999999991559774
            ],
            [
                0.0,
                0.0,
                1.0978249336755053e-14,
                4.054642068491014e-11,
                0.9999999999594427
            ]
        ],
        [
            [
                0.9999987235453484,
                1.2764505874328385e-06,
                3.2661252269589527e-13,
                2.7839640834461216e-12,
                9.53562269080649e-13
            ],
            [
                0.003287657984480597,
                0.9967123419828448,
                2.774814055251377e-12,
                2.827590785232944e-11,
                1.6239585651416421e-12
            ],
            [
                0.0,
                3.266106318594542e-13,
                0.9999962721545532,
                3.7266388354670374e-06,
                1.2062845061462302e-09
            ],
            [
                0.0,
                0.0,
                3.831814744117421e-14,
                4.210378871750749e-09,
                0.9999999957895829
            ],
            [
                0.0,
                0.0,
                4.580923575002077e-14,
                5.129271709582424e-08,
                0.9999999487072371
            ]
        ],
        [
            [
                0.9807077985765124,
                0.019292201339346563,
                6.667550999675978e-12,
                6.794406136771464e-11,
                9.52953600010899e-12
            ],
            [
                0.00027068524935101114,
                0.999729314726393,
                2.783215321239922e-12,
                1.98438404449925e-11,
                1.6288816156200763e-12
            ],
            [
                0.0,
                1.7765050715600603e-11,
                0.10500062406883894,
                0.8949993534399506,
                2.2473445296967715e-08
            ],
            [
                0.0,
                0.0,
                1.8758309010654398e-14,
