{
    "[['A', 'B', 'C', 'D', 'E'], ['A', 'B', 'C', 'D', 'E']]": [
        [
            [
                0.9999999999144007,
                8.282536140417834e-11,
                1.9115090583941824e-13,
                1.6293228807721396e-12,
                9.535640545470029e-13
            ],
            [
                1.1616411997716373e-11,
                3.176403767786773e-05,
                1.4974691504710404e-07,
                0.9999680801863402,
                6.017450391448277e-09
            ],
            [
                0.0,
                1.448943897830006e-10,
                0.14359909907169655,
                0.8564008750748632,
                2.570854585426379e-08
            ],
            [
                0.0,
                9.71700776731746e-12,
                4.054657594229648e-11,
                0.9999998951721939,
                1.047775424921135e-07
            ],
            [
                0.0,
                0.0,
                3.97895500694432e-12,
                0.9999973925679816,
                2.607428039523223e-06
            ]
        ],
        [
            [
                0.9999999999920672,
                6.798719677413023e-12,
                0.0,
                6.671822180607935e-13,
                4.668088210114746e-13
            ],
            [
                0.0,
                2.558758175164063e-07,
                6.132100511999888e-08,
                0.9999996527840234,
                3.0019153893845624e-08
            ],
            [
                0.0,
                7.976205573824136e-13,
                9.901862063615987e-11,
                0.999999999554575,
                3.456089451950064e-10
            ],
            [
                0.0,
                2.3729862127803912e-11,
                1.9849215137756417e-11,
                0.9999999486637039,
                5.129271709359816e-08
            ],
            [
                0.0,
                7.976205893418223e-13,
                5.686895868153203e-12,
                0.9999995627858345,
                4.3720768109976056e-07
            ]
        ],
        [
            [
                0.9999999994057278,
                5.905303995434681e-10,
                2.7320067560219857e-13,
                2.3286947547871674e-12,
                1.13999185236689e-12
            ],
            [
                0.9999981756104388,
                1.8243464442665708e-06,
                2.7839638855120766e-12,
                2.3729817224715174e-11,
                1.6603092381094772e-11
            ],
            [
                0.0,
                6.926154456804554e-11,
                0.9997293152200113,
                0.0002706842169043509,
                4.938227484209633e-10
            ],
            [
                2.7839692107835314e-12,
                1.6918978705674164e-10,
                4.8473685571510585e-11,
                0.9999998500277909,
                1.4975176181742426e-07
            ],
            [
                0.0,
                1.9471116441452256e-12,
                1.9841455438735834e-11,
                0.9996131718863189,
                0.00038682809189241423
            ]
        ],
        [
            [
                0.9999999992879669,
                7.059855173504757e-10,
                3.9046955519728034e-13,
                3.328265580191953e-12,
                2.328694754512938e-12
            ],
            [
                9.273118849909546e-05,
                0.9999071417057387,
                1.4419970318571344e-09,
                1.2525062605338132e-07,
                4.131390666852254e-10
            ],
            [
                0.0,
                5.903682152547622e-10,
                0.00027068421643041134,
                0.9997293134695905,
                1.723610749167699e-09
            ],
            [
                0.0,
                6.798745964035952e-12,
                2.3729955095145004e-11,
                0.9999996940671351,
                3.0590233631545086e-07
            ],
            [
                0.0,
                9.717007330503692e-12,
                1.9849215549910725e-11,
                0.9999998502186719,
                1.4975176184600903e-07
            ]
        ],
        [
            [
                0.9999999996493327,
                3.456089452277555e-10,
                3.266131341642122e-13,
                2.7839692954502985e-12,
                1.9478732299517666e-12
            ],
            [
                0.9994472214187995,
                0.000552778556707602,
                2.3274071657181757e-12,
                1.9838241055280786e-11,
                2.3274071657181757e-12
            ],
            [
                0.0,
                1.9849103334915007e-11,
                0.9999946736676718,
                5.326254528763533e-06,
                5.79502698091134e-11
            ],
            [
                0.0,
                6.798719775406873e-12,
                1.9849216442679694e-11,
                0.9999998951962092,
                1.0477714280078728e-07
            ],
            [
                0.0,
                2.3286946890099977e-12,
                9.717007347327668e-12,
                0.9999993751129361,
                6.248750180569746e-07
            ]
        ],
        [
            [
                0.9999999999893425,
                9.717007627467923e-12,
                0.0,
                6.67179672965674e-13,
                2.7319963358573396e-13
            ],
            [
                0.8949997219108634,
                0.10500027535800653,
                2.1642180110913323e-10,
                2.2053896685392333e-09,
                3.093188705985359e-10
            ],
            [
                0.0,
                6.928017271438985e-11,
                1.8243464397234359e-06,
                0.9999981731201625,
                2.4641173850138518e-09
            ],
            [
                0.0,
                6.92804420850456e-11,
                9.901843525231258e-11,
                0.9999987233872005,
                1.2764445006547758e-06
            ],
            [
                0.0,
                4.668088395128668e-13,
                3.3282530181447413e-12,
                0.9999995627885239,
                4.372076811009364e-07
            ]
        ],
        [
            [
                0.9999999999824483,
                1.660312465058564e-11,
                0.0,
                5.58072895359376e-13,
                3.904680659481132e-13
            ],
            [
                0.9999962733369223,
                3.726638839873317e-06,
                1.947858308873218e-12,
                1.660306079750105e-11,
                5.686873771787822e-12
            ],
            [
                0.0,
                1.3628726577838196e-12,
                3.4560894401185884e-10,
                0.9999999961312043,
                3.52182397062815e-09
            ],
            [
                0.0,
                8.127943093731183e-12,
                2.8369308935855245e-11,
                0.9999998502111697,
                1.4975233310361158e-07
            ],
            [
                0.0,
                6.671745940939035e-13,
                3.328227550066575e-12,
                0.9999923875103417,
                7.612485662919879e-06
            ]
        ],
        [
            [
                0.9999999999834754,
                1.3887943864734528e-11,
                1.3374296643530617e-13,
                1.1399918530255174e-12,
                1.3628674640972698e-12
            ],
            [
                0.0,
                2.945738780576885e-09,
                4.539785142733027e-05,
                0.9999545782002294,
                2.100260440085278e-08
            ],
            [
                0.0,
                8.326364364788686e-11,
                0.5883487204822133,
                0.41165121778902963,
                6.164549334023281e-08
            ],
            [
                3.391562319549141e-11,
                5.905269989925105e-10,
                2.022670725031939e-10,
                0.9999981748268475,
                1.8243464428370263e-06
            ],
            [
                0.0,
                0.0,
                1.9478657406049737e-12,
                0.9999998502462903,
                1.4975176185007502e-07
            ]
        ],
        [
            [
                0.999999999879494,
                1.1837738672474503e-10,
                1.9115090583274579e-13,
                1.1399918529069794e-12,
                7.976205576415756e-13
            ],
            [
                0.0,
                4.539781095722558e-05,
                1.5259291061646077e-06,
                0.9999529714877852,
                1.0477215144551651e-07
            ],
            [
                0.0,
                0.0,
                3.9789625276193935e-12,
                0.9999999979348673,
                2.061153618181608e-09
            ],
            [
                0.0,
                6.79871946969298e-12,
                1.1616787981637847e-11,
                0.9999998502298227,
                1.497517618476789e-07
            ],
            [
                0.0,
                1.9478658281914885e-12,
                9.717007767696408e-12,
                0.9999998952111923,
                1.0477714280235716e-07
            ]
        ],
        [
            [
                0.9999999999573559,
                4.0546575357447146e-11,
                1.5989056151411906e-13,
                1.1399918529957413e-12,
                7.976205577036799e-13
            ],
            [
                0.9967123294574425,
                0.0032876704846092155,
                3.965877441674406e-12,
                4.831427798208859e-11,
                5.668193892224147e-12
            ],
            [
                0.0,
                1.659394437037412e-11,
                0.9994472202217384,
                0.0005527785560455263,
                1.2056221595306777e-09
            ],
            [
                0.0,
                1.947865743928448e-12,
                8.12791210229764e-12,
                0.9999993751149061,
                6.248750180582056e-07
            ],
            [
                0.0,
                1.94786588949163e-12,
                6.798719989467255e-12,
                0.9999999266816018,
                7.330965171992719e-08
            ]
        ],
        [
            [
                0.9999999998784392,
                1.1837738672462018e-10,
                1.9115090583254417e-13,
                1.629322880713547e-12,
                1.3628674639541195e-12
            ],
            [
                0.0,
                2.2224559229250553e-05,
                7.6123181369877985e-06,
                0.9999701421196298,
                2.1003003894881525e-08
            ],
            [
                0.0,
                1.6916688676040387e-10,
                0.00013252938811853443,
                0.9998674683818439,
                2.0608706455070717e-09
            ],
            [
                1.6603125163835823e-11,
                4.1317769089245707e-10,
                2.418129634250679e-10,
                0.9999999116859213,
                8.764248490217027e-08
            ],
            [
                0.0,
                1.161674365997243e-11,
                1.9849139819190615e-11,
                0.9999962733296944,
                3.7266388398463803e-06
            ]
        ],
        [
            [
                0.9999999999908473,
                8.127912336620672e-12,
                0.0,
                4.66808821010924e-13,
                5.580728953640634e-13
            ],
            [
                2.181025953031108e-06,
                0.9999976669591597,
                2.061149550812523e-09,
                1.4975147060290253e-07,
                2.0226706622671003e-10
            ],
            [
                0.0,
                2.7839692826986615e-12,
                2.464131568158082e-09,
                0.9999999950689529,
                2.464131568158082e-09
            ],
            [
                0.0,
                1.6293229651754885e-12,
                6.798720029078036e-12,
                0.9999996940892356,
                3.059023363222115e-07
            ],
            [
                0.0,
                6.7986810343164396e-12,
                1.388786492746649e-11,
                0.9999946737247843,
                5.32625452906773e-06
            ]
        ],
        [
            [
                0.9999999999937783,
                4.756874855314262e-12,
                0.0,
                6.671822180619497e-13,
                7.976205577326419e-13
            ],
            [
                0.9996131718756585,
                0.0003868280918882889,
                3.977421999327038e-12,
                2.3720675845361653e-11,
                4.755033134211528e-12
            ],
            [
                0.0,
                6.928030529403568e-11,
                6.248726321175324e-07,
                0.9999993715362638,
                3.521823870085291e-09
            ],
            [
                0.0,
                8.282536341949058e-11,
                5.795060060215257e-11,
                0.9999997858278827,
                2.1403134132610306e-07
            ],
            [
                0.0,
                2.783969406723467e-12,
                8.127943664297536e-12,
                0.999999562781407,
                4.3720768109782483e-07
            ]
        ],
        [
            [
                0.9999999999639868,
                3.391568913927887e-11,
                1.5989056151517927e-13,
                1.1399918530033007e-12,
                7.976205577089689e-13
            ],
            [
                0.9999993751058431,
                6.248726343480663e-07,
                1.9478657439107946e-12,
                1.388794346432832e-11,
                5.686873785023967e-12
            ],
            [
                0.0,
                9.535640537676404e-13,
                5.7950820209144546e-11,
                0.9999999990970854,
                8.440101470757139e-10
            ],
            [
                8.282535885731653e-11,
                1.724077625659713e-09,
                2.022674595511412e-10,
                0.9999993731181964,
                6.248726331060394e-07
            ],
            [
                0.0,
                0.0,
                1.9478656858973543e-12,
                0.9999991069046078,
                8.930934442708482e-07
            ]
        ],
        [
            [
                0.999999999499994,
                4.939584091933903e-10,
                3.9046955528007045e-13,
                3.3282655808976356e-12,
                2.3286947550066845e-12
            ],
            [
                0.0,
                2.0611538599175333e-09,
                1.7902920369454e-07,
                0.9999997575886308,
                6.132101154672498e-08
            ],
            [
                0.0,
                2.276917771007313e-11,
                0.6713468362286692,
                0.32865314964783815,
                1.4100723328687844e-08
            ],
            [
                2.8369202453029482e-11,
                5.905281653090979e-10,
                2.890889257642758e-10,
                0.9999999114498632,
                8.76421505525718e-08
            ],
            [
                0.0,
                0.0,
                3.3282019255922248e-12,
                0.99998444992823,
                1.5550068441698173e-05
            ]
        ],
        [
            [
                0.999999999947758,
                4.8473687060170194e-11,
                1.9115090584579453e-13,
                1.6293228808264896e-12,
                1.947865800000547e-12
            ],
            [
                3.1938127936080415e-10,
                0.07585594495166317,
                2.9354554670769446e-05,
                0.9241146807645693,
                1.9409715608800158e-08
            ],
            [
                0.0,
                1.4227033617755843e-10,
                0.4116512219146589,
                0.588348726378731,
                5.1564339702293006e-08
            ],
            [
                3.001915096932845e-08,
                2.1003564082519952e-08,
                9.901823433936486e-11,
                0.999999912990182,
                3.5888084680027965e-08
            ],
            [
                0.0,
                1.139991869487845e-12,
                6.798719775534071e-12,
                0.9999998952149184,
                1.0477714280274756e-07
            ]
        ],
        [
            [
                0.9999999999395046,
                5.79505991935495e-11,
                2.2852211585232495e-13,
                1.3628674640373434e-12,
                9.535640545709412e-13
            ],
            [
                0.999998723540506,
                1.276444500850462e-06,
                1.947862152715623e-12,
                9.716989432435828e-12,
                3.328246654093233e-12
            ],
            [
                0.0,
                6.671822174948711e-13,
                1.1616788326709783e-11,
                0.9999999991437059,
                8.44010147115062e-10
            ],
            [
                0.0,
                1.9478657902827865e-12,
                5.686895614152668e-12,
                0.9999999949588307,
                5.033534543107699e-09
            ],
            [
                0.0,
                5.795059745242507e-11,
                2.8369308949304133e-11,
                0.9999999698945274,
                3.0019152677548736e-08
            ]
        ],
        [
            [
                0.9999999999784366,
                1.984921615631364e-11,
                9.357622968638393e-14,
                9.535604170568118e-13,
                6.671822180517886e-13
            ],
            [
                0.0,
                6.248726464552452e-07,
                2.1403112999314146e-07,
                0.9999991560626891,
                5.033534520803454e-09
            ],
            [
                0.0,
                6.671822177203377e-13,
                0.9999999994816444,
                4.939584091843264e-10,
                2.3729863333706696e-11
            ],
            [
                5.7950601804479625e-11,
                7.059828565022048e-10,
                1.4152146012170092e-10,
                0.9999999257846138,
                7.330993130883042e-08
            ],
            [
                0.0,
                2.3286948129371417e-12,
                8.127943540413074e-12,
                0.999999785958202,
                2.140313413539955e-07
            ]
        ],
        [
            [
                0.9999999999934359,
                4.756874855312721e-12,
                0.0,
                6.67179672968405e-13,
                1.1399918530367658e-12
            ],
            [
                0.0,
                1.0282129582755859e-08,
                8.930935544445123e-07,
                0.9999989918473677,
                1.0477694822739273e-07
            ],
            [
                0.0,
                0.0,
                2.3286946862596472e-12,
                0.9999999699785185,
                3.001915268006322e-08
            ],
            [
                5.686895436359021e-12,
                2.4181294717520476e-10,
                1.6918978611909238e-10,
                0.9999999636950871,
                3.5888223402176615e-08
            ],
            [
                0.0,
                2.9787981413919372e-12,
                5.1865991882214196e-11,
                0.894999373520484,
                0.1050006264246714
            ]
        ],
        [
            [
                0.9999999999117888,
                8.2825361403962e-11,
                2.7320067574045476e-13,
                2.3286947559656288e-12,
                2.783969296180968e-12
            ],
            [
                0.9994472213913335,
                0.000552778556692411,
                3.3264253056469024e-12,
                4.052415619677459e-11,
                8.123449209787418e-12
            ],
            [
                0.0,
                1.139991850187743e-12,
                4.054657525757387e-11,
                0.9999999974941818,
                2.464131574134165e-09
            ],
            [
                0.0,
                3.978916873072105e-12,
                1.9848988366183863e-11,
                0.9999891199326476,
                1.0880043524392824e-05
            ],
            [
                0.0,
                3.952330152130736e-12,
                4.814923820903893e-11,
                0.9933071488475049,
                0.00669285110039348
            ]
        ],
        [
            [
                0.9999999999904381,
                8.127943342202211e-12,
                7.827300552285215e-14,
                7.976205577300669e-13,
                5.58072895363887e-13
            ],
            [
                0.9999981756419124,
                1.8243534036666563e-06,
                5.580739395970343e-13,
                3.3282591138594246e-12,
                7.97619007509847e-13
            ],
            [
                0.0,
                9.535640538416353e-13,
                1.183773866413114e-10,
                0.9999999991746835,
                7.059855172704994e-10
            ],
            [
                0.0,
                2.8369311103742098e-11,
                3.3915690695096636e-11,
                0.9999999266277837,
                7.330993137064314e-08
            ],
            [
                4.756874650031159e-12,
                1.6918913955247095e-10,
                8.282535783641214e-11,
                0.999999956838631,
                4.290459756700605e-08
            ]
        ],
        [
            [
                0.9999999999572262,
                4.0546575357441886e-11,
                1.3374296643179553e-13,
                1.1399918529955935e-12,
                9.535640545878399e-13
            ],
            [
                0.2551319271413461,
                0.7448680619995814,
                1.0741981103743982e-09,
                9.156198094010193e-09,
                6.28676315543985e-10
            ],
            [
                0.0,
                2.016022966915609e-10,
                0.9967123368139851,
                0.0032876579674311016,
                5.016981478105711e-09
            ],
            [
                0.0,
                2.73199631943948e-13,
                2.328685858903259e-12,
                0.9999999939797757,
                6.0176223481671564e-09
            ],
            [
                0.0,
                1.161674342608673e-11,
                1.161674342608673e-11,
                0.9999999486840496,
                5.129271709464175e-08
            ]
        ],
        [
            [
                0.9999999999838731,
                1.3887943864740052e-11,
                7.827300552233828e-14,
                7.976205577248306e-13,
                1.3628674640978118e-12
            ],
            [
                0.0,
                4.847368652400345e-11,
                2.464122153026409e-09,
                0.9999999888867727,
                8.600631403141435e-09
            ],
            [
                0.0,
                9.714375935894209e-12,
                0.0002706842151073286,
                0.9997293085829937,
                7.192184617732406e-09
            ],
            [
                0.0,
                1.6603124358630937e-11,
                1.6603124358630937e-11,
                0.999999982398032,
                1.756876162299918e-08
            ],
            [
                8.12791275393475e-12,
                2.4181204592593954e-10,
                1.415209211584699e-10,
                0.9999996937062029,
                3.0590233620504085e-07
            ]
        ],
        [
            [
                0.9999999998989626,
                9.901862067026067e-11,
                1.118709739055263e-13,
                9.535604169810285e-13,
                9.535604169810285e-13
            ],
            [
                0.9999987235450088,
                1.2764445008562095e-06,
                1.3628649121510216e-12,
                6.7987069468680495e-12,
                2.328681512459126e-12
            ],
            [
                0.0,
                1.6603187866677538e-11,
                6.017645296275018e-09,
                0.9999999927594578,
                1.2062937397002987e-09
            ],
            [
                0.0,
                2.836931110273882e-11,
                6.928057499699045e-11,
                0.9999999265924188,
                7.330993136805055e-08
            ],
            [
                0.0,
                4.7568746845399115e-12,
                1.3887943366291452e-11,
                0.9999999640931319,
                3.588822341646173e-08
            ]
        ],
        [
            [
                0.9999999999277216,
                6.928057181881354e-11,
                2.2852211584963227e-13,
                1.6293228807938438e-12,
                1.1399918529619586e-12
            ],
            [
                0.0,
                2.60742537761692e-06,
                8.930908949929655e-07,
                0.9999964908831293,
                8.600598242337792e-09
            ],
            [
                0.0,
                1.6293228779869835e-12,
                0.9999999982050058,
                1.7240842525745358e-09,
                6.928057169946282e-11
            ],
            [
                1.9849140298503303e-11,
                8.440069222634095e-10,
                1.1837738590626424e-10,
                0.9999998737560329,
                1.252617336375554e-07
            ],
            [
                0.0,
                4.668087970695758e-13,
                3.3282527155326235e-12,
                0.9999999487034881,
                5.12927170956388e-08
            ]
        ],
        [
            [
                0.9999999999728777,
                2.3729863345363596e-11,
                1.337429664338888e-13,
                1.6293228808674177e-12,
                1.6293228808674177e-12
            ],
            [
                0.0,
                2.607427836768125e-06,
                3.0590142616357497e-07,
                0.9999970763886283,
                1.0282108662054329e-08
            ],
            [
                0.0,
                7.976205548817448e-13,
                5.7950820053971305e-11,
                0.9999999964194142,
                3.5218374063610742e-09
            ],
            [
                0.0,
                8.127912278090416e-12,
                8.127912278090416e-12,
                0.999999992789611,
                7.194132978452886e-09
            ],
            [
                0.0,
                1.6293227853654467e-12,
                8.127942865644021e-12,
                0.9999991068933916,
                8.930968511487976e-07
            ]
        ],
        [
            [
                0.9999999999500486,
                4.847368706028123e-11,
                1.3374296643083557e-13,
                9.535640545809956e-13,
                3.9046806593549863e-13
            ],
            [
                0.9999946737378463,
                5.326254529137302e-06,
                7.976160241633412e-13,
                5.686841625605244e-12,
                1.1399853734748698e-12
            ],
            [
                0.0,
                9.535640522553828e-13,
                2.3729953809365214e-11,
                0.9999999975111848,
                2.464131574176063e-09
            ],
            [
                0.0,
                1.1837738163623883e-10,
                8.282567379526977e-11,
                0.9999999568940358,
                4.290476123774637e-08
            ],
            [
                0.0,
                3.978780480575859e-12,
                1.984830796667877e-11,
                0.9999546021236595,
                4.539785251345193e-05
            ]
        ],
        [
            [
                0.9999999998968991,
                9.901862067005634e-11,
                3.9046955543504983e-13,
                2.3286947559309554e-12,
                1.3628726629159823e-12
            ],
            [
                0.0,
                1.2292372732643303e-08,
                3.588822234546783e-08,
                0.9999999342506442,
                1.7568760777109186e-08
            ],
            [
                0.0,
                0.0,
                5.686895634586124e-12,
                0.9999999985521812,
                1.4421317969435122e-09
            ],
            [
                2.7839693361539206e-12,
                1.183773884282612e-10,
                4.0546575937777793e-11,
                0.9999998950607496,
                1.0477754248043663e-07
            ],
            [
                0.0,
                1.947865847585759e-12,
                8.127943540416168e-12,
                0.9999997859585829,
                2.14031341354077e-07
            ]
        ],
        [
            [
                0.9999999999674813,
                2.836930980245308e-11,
                1.9115090584956465e-13,
                1.6293228808586252e-12,
                2.3286947560953196e-12
            ],
            [
                6.017346704585602e-09,
                0.9999545444965974,
                5.1290565558110905e-08,
                4.539784989718829e-05,
                3.455931122836698e-10
            ],
            [
                0.0,
                1.1399918523428042e-12,
                2.3729953853821264e-11,
                0.9999999993845998,
                5.905303995309914e-10
            ],
            [
                1.1616743660448097e-11,
                3.456076161952234e-10,
                2.418120259823499e-10,
                0.999999849649202,
                1.4975176176072988e-07
            ],
            [
                0.0,
                1.6293229206304047e-12,
                8.127943540418758e-12,
                0.9999997859589014,
                2.1403134135414515e-07
            ]
        ],
        [
            [
                0.9999999998561622,
                1.4152145373371334e-10,
                0.0,
                1.3628674639234982e-12,
                9.535640544912865e-13
            ],
            [
                0.9999999266885647,
                7.3309931375099e-08,
                1.5989056885957315e-13,
                9.535640983951834e-13,
                3.9046808387665433e-13
            ],
            [
                0.0,
                1.947865768348703e-12,
                1.0282148361189311e-08,
                0.9999999836982585,
                6.017645241747934e-09
            ],
            [
                8.127911913026728e-12,
                7.059827879377736e-10,
                1.1837738056856468e-10,
                0.999999947874795,
                5.129271705313288e-08
            ],
            [
                0.0,
                4.054657433776403e-11,
                4.054657433776403e-11,
                0.9999999748089159,
                2.510999092489191e-08
            ]
        ],
        [
            [
                0.9999999998796818,
                1.1837738672476726e-10,
                1.3374296642142452e-13,
                1.1399918529071936e-12,
                6.671822179859012e-13
            ],
            [
                0.9999981756400859,
                1.8243534036633241e-06,
                3.9046879657141377e-13,
                4.756883756074402e-12,
                1.3628700142216345e-12
            ],
            [
                0.0,
                3.749320018753792e-09,
                0.2551311810316875,
                0.7448687695429239,
                4.5676068485212706e-08
            ],
            [
                0.0,
                1.4152144947995966e-10,
                4.0546574134615494e-11,
                0.9999999697986646,
                3.001926718886905e-08
            ],
            [
                0.0,
                5.795059817361127e-11,
                3.391568854152791e-11,
                0.999999982339372,
                1.7568761621968597e-08
            ]
        ],
        [
            [
                0.9999999999711597,
                9.717007627292148e-12,
                1.911509058502678e-13,
                2.3286947561038855e-12,
                1.660312465039977e-11
            ],
            [
                0.10500062605768071,
                0.894999370392346,
                3.0931887125505054e-10,
                3.1520329257684814e-09,
                8.862134037395155e-11
            ],
            [
                0.0,
                2.7319963318534083e-13,
                3.391568909042985e-11,
                0.9999999985236794,
                1.4421317969028025e-09
            ],
            [
                0.0,
                1.6603123798586326e-11,
                2.3729862127876293e-11,
                0.9999999486667541,
                5.129291276031547e-08
            ],
            [
                0.0,
                1.6293166890507444e-12,
                6.798719775530745e-12,
                0.9999998952144291,
                1.047771428026963e-07
            ]
        ],
        [
            [
                0.9999999999141562,
                8.282536140415809e-11,
                2.7320067574110155e-13,
                1.9478657999350957e-12,
                7.976205576692229e-13
            ],
            [
                0.9999999266838914,
                7.33099313747564e-08,
                4.668088424385877e-13,
                4.756893219725515e-12,
                9.53564098390727e-13
            ],
            [
                0.0,
                9.901823988670777e-11,
                6.248726330116878e-07,
                0.9999993729672031,
                2.0611456959090322e-09
            ],
            [
                0.0,
                3.978962302472093e-12,
                1.3887943050439624e-11,
                0.999999106885282,
                8.930968511415551e-07
            ],
            [
                0.0,
                2.372986284663647e-11,
                1.660312430148281e-11,
                0.9999999789560214,
                2.1003645590434388e-08
            ]
        ],
        [
            [
                0.9999999999861648,
                9.717007627437954e-12,
                1.5989056151872533e-13,
                1.6293228808890667e-12,
                2.3286947561388278e-12
            ],
            [
                0.9241418252942685,
                0.07585817141456809,
                1.869238027480386e-10,
                2.7224047162740356e-09,
                3.81834728117107e-10
            ],
            [
                0.0,
                2.7839692854084624e-12,
                2.945884863873039e-09,
                0.9999999960423116,
                1.0090194611924718e-09
            ],
            [
                0.0,
                1.1616788937077354e-11,
                2.8369311269659207e-11,
                0.9999996940576776,
                3.059023363125578e-07
            ],
            [
                0.0,
                1.947865900830303e-12,
                1.1616788937384286e-11,
                0.9999996940840991,
                3.0590233632064015e-07
            ]
        ],
        [
            [
                0.9999999999749274,
                2.3729863345412235e-11,
                7.827300552163807e-14,
                7.976205577176953e-13,
                4.66808821003536e-13
            ],
            [
                0.9999998502400455,
                1.4975176184920975e-07,
                5.580728783197272e-13,
                5.686895469082848e-12,
                1.947865740593719e-12
            ],
            [
                0.0,
                1.8242891470318488e-06,
                3.176400736122114e-05,
                0.999966410497244,
                1.2062477660494555e-09
            ],
            [
                0.0,
                2.7839692724478492e-12,
                9.717007543878517e-12,
                0.9999999913868677,
                8.60063142464383e-09
            ],
            [
                0.0,
                2.3286946890099977e-12,
                9.717007347327668e-12,
                0.9999993751129361,
                6.248750180569746e-07
            ]
        ],
        [
            [
                0.9999999999275673,
                6.928057181880286e-11,
                1.5989056150935613e-13,
                1.3628674640210745e-12,
                1.6293228807935924e-12
            ],
            [
                0.9967123294185395,
                0.0032876704844808937,
                4.741249628798196e-12,
                8.255329937996043e-11,
                9.685052573925438e-12
            ],
            [
                0.0,
                2.3286947525767542e-12,
                9.901862052743207e-11,
                0.9999999984565209,
                1.4421317968059513e-09
            ],
            [
                0.0,
                1.1399918694891125e-12,
                5.686895724856611e-12,
                0.9999998952160303,
                1.0477714280286407e-07
            ],
            [
                0.0,
                2.3286859797839877e-12,
                8.127912709679169e-12,
                0.9999999266798917,
                7.330965171980181e-08
            ]
        ],
        [
            [
                0.9999999999772338,
                1.9849216156289765e-11,
                1.9115090585142884e-13,
                1.3628674640887633e-12,
                1.3628674640887633e-12
            ],
            [
                0.8564013587545646,
                0.14359863880687065,
                2.0708818800791172e-10,
                2.1102779293425126e-09,
                1.211987228167041e-10
            ],
            [
                0.0,
                8.282409297712764e-11,
                1.555006839466143e-05,
                0.9999844469029527,
                2.9458285231296324e-09
            ],
            [
                1.3887890479870922e-11,
                2.890889084312154e-10,
                1.6918914189793875e-10,
                0.9999993746552,
                6.248726340664714e-07
            ],
            [
                0.0,
                2.783969247485274e-12,
                8.127912193809778e-12,
                0.9999999824203264,
                1.7568761623390865e-08
            ]
        ],
        [
            [
                0.9999999999742697,
                2.372986334539663e-11,
                9.3576229685994e-14,
                9.535604170528385e-13,
                9.535604170528385e-13
            ],
            [
                4.763325820933184e-10,
                0.19330656407834698,
                7.48053717574937e-05,
                0.8066186201583105,
                9.915252508287363e-09
            ],
            [
                0.0,
