{
    "[['A', 'B', 'C', 'D', 'E'], ['A', 'B', 'C', 'D', 'E']]": [
        [
            [
                0.9999999997800213,
                2.1724399318852445e-10,
                0.0,
                0.0,
                2.734698287571508e-12
            ],
            [
                0.9999999991391246,
                8.592166594067549e-10,
                0.0,
                0.0,
                1.658678354067525e-12
            ],
            [
                2.6174772341183398e-09,
                3.685685898369755e-06,
                0.9890065716497131,
                0.010986869631847479,
                2.870415063805599e-06
            ],
            [
                4.503478211839377e-12,
                5.486359611789288e-11,
                3.327645314759305e-11,
                0.001169510347449591,
                0.9988304895599068
            ],
            [
                3.5073123577730236e-12,
                7.044625186320247e-11,
                6.216859906797045e-11,
                0.0011695103473987425,
                0.9988304895164791
            ]
        ],
        [
            [
                0.9999999999179505,
                7.991959879469279e-11,
                0.0,
                0.0,
                2.1297851673622468e-12
            ],
            [
                0.9999999981789085,
                1.8189616799921959e-09,
                0.0,
                0.0,
                2.12978516210294e-12
            ],
            [
                2.6456853872895133e-09,
                0.0003353500419462136,
                0.9996646054671346,
                4.138548259474567e-08,
                4.597511828785169e-10
            ],
            [
                2.5896112811570106e-11,
                8.575614797284262e-10,
                4.934925586084636e-09,
                0.8807970713167514,
                0.1192029228648653
            ],
            [
                8.878147475494721e-13,
                1.3887759277269846e-11,
                3.9789096505774176e-12,
                1.3007124771234513e-05,
                0.9999869928564743
            ]
        ],
        [
            [
                0.9999999999179505,
                7.991959868330621e-11,
                0.0,
                0.0,
                2.129785164393895e-12
            ],
            [
                0.9999999991407833,
                8.592166591723771e-10,
                0.0,
                0.0,
                0.0
            ],
            [
                3.775127916716333e-11,
                1.760343221721766e-06,
                0.9999981705038978,
                6.825591393420286e-08,
                8.592151534910784e-10
            ],
            [
                3.977627284128048e-12,
                4.84574203668193e-11,
                4.276352338095773e-11,
                0.0003353500553650669,
                0.9996646498494364
            ],
            [
                1.0060124900576537e-12,
                1.5736683052867388e-11,
                5.789202167380961e-12,
                2.7535689837811518e-05,
                0.9999724642876303
            ]
        ],
        [
            [
                0.9999999998051841,
                1.917171509433231e-10,
                0.0,
                0.0,
                3.0988191317309837e-12
            ],
            [
                0.9999999996418252,
                3.581747922485227e-10,
                0.0,
                0.0,
                0.0
            ],
            [
                1.6918947728545935e-10,
                2.260325198987019e-06,
                0.9999977068038995,
                3.2241807348756135e-08,
                4.599046816715486e-10
            ],
            [
                3.0879172566510935e-11,
                6.202247607421391e-10,
                3.14976123228334e-09,
                0.5621764988920435,
                0.43782349730709125
            ],
            [
                3.097483706250435e-12,
                5.490421240260587e-11,
                3.773507654477334e-11,
                0.00043055711935203106,
                0.9995694427849112
            ]
        ],
        [
            [
                0.999999999880983,
                1.1628232993964396e-10,
                0.0,
                0.0,
                2.7346982830651457e-12
            ],
            [
                0.9999999988950854,
                1.103256030050398e-09,
                0.0,
                0.0,
                1.6586783554666107e-12
            ],
            [
                4.8472857750168466e-11,
                1.670141504903955e-05,
                0.9999832951049535,
                3.3982096801979044e-09,
                3.331487544405067e-11
            ],
            [
                1.2917037195966638e-12,
                2.2895996269120426e-11,
                9.544471247297134e-12,
                5.829127677002942e-05,
                0.9999417086894977
            ],
            [
                1.4637758371409286e-12,
                1.0815921776893496e-11,
                3.978955259037613e-12,
                2.2603252732491987e-06,
                0.999997739658468
            ]
        ],
        [
            [
                0.9999999999273415,
                7.05287984178253e-11,
                0.0,
                0.0,
                2.129785168138481e-12
            ],
            [
                0.9999999918471959,
                8.152020634916851e-09,
                0.0,
                0.0,
                7.835041708604383e-13
            ],
            [
                3.775127615359259e-11,
                8.764232133454475e-08,
                0.9999990442571864,
                8.31527985913915e-07,
                3.653475508083115e-08
            ],
            [
                1.4629692244383118e-12,
                2.938452237494294e-11,
                2.288468903578478e-11,
                0.0005527785843181336,
                0.9994472213619497
            ],
            [
                8.878266594484128e-13,
                6.56020099279052e-12,
                1.2917801671665983e-12,
                3.059023589546605e-07,
                0.9999996940889013
            ]
        ],
        [
            [
                0.999999999965026,
                3.331544533232717e-11,
                0.0,
                0.0,
                1.6586783544664062e-12
            ],
            [
                0.9999999979388463,
                2.06115361526874e-09,
                0.0,
                0.0,
                0.0
            ],
            [
                5.109088802305212e-12,
                4.139937535851473e-08,
                0.9999999559287351,
                2.6465735219635194e-09,
                2.0206838197331513e-11
            ],
            [
                4.752175137781427e-13,
                8.42343198166412e-12,
                1.879521727068121e-12,
                3.7266391153644467e-06,
                0.9999962733501064
            ],
            [
                1.2917751322547128e-12,
                1.5737042747279968e-11,
                4.508738235489575e-12,
                3.7266391153243502e-06,
                0.999996273339347
            ]
        ],
        [
            [
                0.9999999998663553,
                1.3176514237559521e-10,
                0.0,
                0.0,
                1.8795288118980798e-12
            ],
            [
                0.9999999950544096,
                4.9444504672941454e-09,
                0.0,
                0.0,
                1.1399918450567244e-12
            ],
            [
                7.728553262042264e-08,
                0.0005526652335408045,
                0.9992419500815988,
                0.0002033141772698758,
                1.9932220578457896e-06
            ],
            [
                2.7342654946394896e-12,
                4.2771108606283223e-11,
                1.2254127782728305e-11,
                0.00015843624723710676,
                0.9998415636950034
            ],
            [
                1.6585551210333105e-12,
                2.5944167217959233e-11,
                9.544325737801297e-12,
                7.484619710450638e-05,
                0.9999251537657484
            ]
        ],
        [
            [
                0.9999999999666846,
                3.331544539529256e-11,
                0.0,
                0.0,
                0.0
            ],
            [
                0.999999998180193,
                1.818961683025713e-09,
                3.701011669380982e-13,
                0.0,
                4.752193050943108e-13
            ],
            [
                1.3615261065566739e-13,
                8.592166609499952e-10,
                0.9999999991202422,
                2.0206839067470733e-11,
                1.981008795818507e-13
            ],
            [
                7.40342819073739e-12,
                1.4870183028322429e-10,
                1.1580910186872623e-10,
                0.004070137777372172,
                0.9959298619507134
            ],
            [
                1.1399397742898997e-12,
                1.57363831818335e-11,
                4.508549266825319e-12,
                4.539785573731696e-05,
                0.9999546021228778
            ]
        ],
        [
            [
                0.9999999998471791,
                1.4930946714912555e-10,
                0.0,
                0.0,
                3.511422102309276e-12
            ],
            [
                0.9999999995400946,
                4.599055372585601e-10,
                0.0,
                0.0,
                0.0
            ],
            [
                3.397716821842915e-09,
                0.00015843578317561852,
                0.9998386394140055,
                2.9018525916984153e-06,
                1.9552510315286924e-08
            ],
            [
                2.4387076890449284e-11,
                7.126948556412864e-10,
                1.03696489620063e-09,
                0.06008665436009599,
                0.9399133438658572
            ],
            [
                2.129448108148842e-12,
                3.331017287225326e-11,
                1.5734611530873537e-11,
                0.00015843624749413096,
                0.9998415637013317
            ]
        ],
        [
            [
                0.9999999997817499,
                2.1724399318872975e-10,
                0.0,
                0.0,
                1.0060392778052574e-12
            ],
            [
                0.9999999994788586,
                5.211412475687357e-10,
                0.0,
                0.0,
                0.0
            ],
            [
                1.916060369656165e-10,
                9.232095869867427e-09,
                0.0005527632892843314,
                0.9994197068233389,
                2.7520463674844363e-05
            ],
            [
                1.6585551211441981e-12,
                2.2895647211516578e-11,
                7.433128358985177e-12,
                7.484619710951044e-05,
                0.9999251537709031
            ],
            [
                4.501983937500935e-12,
                6.21479712497141e-11,
                4.271363433853808e-11,
                0.0015011820373242615,
                0.9984988178533121
            ]
        ],
        [
            [
                0.9999999999666846,
                3.3315445332382427e-11,
                0.0,
                0.0,
                0.0
            ],
            [
                0.9999986290334858,
                1.370956652840214e-06,
                5.789346052236811e-12,
                1.6586754146494512e-12,
                2.413358487953237e-12
            ],
            [
                7.287724089715959e-14,
                5.905303993998133e-10,
                0.9999999993797077,
                2.940077736822051e-11,
                2.882350791030314e-13
            ],
            [
                1.3407257535684551e-11,
                3.051477750040761e-10,
                5.700910970708025e-10,
                0.14804720366652666,
                0.8519527954448273
            ],
            [
                2.734687948803597e-12,
                2.020676266677937e-11,
                9.544998822962405e-12,
                2.9023121997647962e-06,
                0.9999970976553137
            ]
        ],
        [
            [
                0.9999999998280755,
                1.6918979199274942e-10,
                0.0,
                0.0,
                2.7346982872477154e-12
            ],
            [
                0.999999999880983,
                1.1628233004869436e-10,
                0.0,
                0.0,
                2.7346982856297655e-12
            ],
            [
                0.00042449119166019427,
                0.9854871022220267,
                0.014057217906908143,
                3.075005344980895e-05,
                4.3862595512230435e-07
            ],
            [
                5.103109369071067e-12,
                9.04547779049892e-11,
                4.841695363779252e-11,
                0.001169510347427847,
                0.9988304895085973
            ],
            [
                2.1290704623918294e-12,
                2.9390911145452186e-11,
                1.0812311967708465e-11,
                0.00033535005575914485,
                0.9996646499019086
            ]
        ],
        [
            [
                0.9999999998485607,
                1.4930946714933183e-10,
                0.0,
                0.0,
                2.1297851642461096e-12
            ],
            [
                0.999999971544625,
                2.8453347234509202e-08,
                8.878265211573646e-13,
                0.0,
                1.139991818775513e-12
            ],
            [
                2.0206725875210134e-11,
                6.144172068952606e-06,
                0.999993846521853,
                9.23739790632638e-09,
                4.847341547400727e-11
            ],
            [
                2.7235690260431415e-12,
                5.4704346235439795e-11,
                3.7597710670887053e-11,
                0.004070137778092134,
                0.9959298621268822
            ],
            [
                1.6584727994955354e-12,
                2.594287949244768e-11,
                1.0814601141497896e-11,
                0.00012339462824192978,
                0.9998766053333421
            ]
        ],
        [
            [
                0.999999999880983,
                1.1628232993964396e-10,
                0.0,
                0.0,
                2.7346982830651457e-12
            ],
            [
                0.9999999907603708,
                9.23744956507176e-09,
                8.878265385328589e-13,
                0.0,
                1.2917799912355054e-12
            ],
            [
                9.056025453065424e-11,
                4.785094724252386e-06,
                0.9999951891143397,
                2.5109848660710993e-08,
                5.905270392854519e-10
            ],
            [
                2.7343593814322293e-12,
                3.774666693234974e-11,
                1.78302629362973e-11,
                0.00012339462763300091,
                0.9998766053140558
            ],
            [
                6.914400376434779e-13,
                8.423464082780253e-12,
                2.4133628658960637e-12,
                3.927863698572834e-07,
                0.9999996072021019
            ]
        ],
        [
            [
                0.9999999999200804,
                7.99195987584256e-11,
                0.0,
                0.0,
                0.0
            ],
            [
                0.9999998874623846,
                1.1253518370236569e-07,
                1.1399919440440657e-12,
                0.0,
                1.291780107902177e-12
            ],
            [
                1.0603575985366764e-13,
                1.0261879625743218e-10,
                0.9999999998792446,
                1.783247289779177e-11,
                1.9810087968986854e-13
            ],
            [
                2.438707690451504e-11,
                4.89827533614254e-10,
                6.289510029541712e-10,
                0.060086654409304725,
                0.9399133444475297
            ],
            [
                1.291770216963412e-12,
                1.573698286677338e-11,
                6.560150461489236e-12,
                7.889265049752491e-06,
                0.9999921107113613
            ]
        ],
        [
            [
                0.9999999995906235,
                4.0586521164486703e-10,
                0.0,
                0.0,
                3.5114221047014373e-12
            ],
            [
                0.9999999981791587,
                1.8189616819670253e-09,
                0.0,
                0.0,
                1.8795288107670614e-12
            ],
            [
                1.2501242763131132e-09,
                2.14449383274016e-05,
                0.9999778927904206,
                6.475810251405196e-07,
                1.3440102578876442e-08
            ],
            [
                1.7636556505997476e-11,
                2.7588216112800246e-10,
                4.0140617588755883e-10,
                0.010986942372737505,
                0.9890130569323377
            ],
            [
                7.299974085336486e-12,
                2.1333651426553444e-10,
                2.739295066245132e-10,
                0.017986211569270102,
                0.9820137879361639
            ]
        ],
        [
            [
                0.9999999997514168,
                2.461696944688386e-10,
                0.0,
                0.0,
                2.41336276484615e-12
            ],
            [
                0.9999999973527349,
                2.6465736285943134e-09,
                0.0,
                0.0,
                6.914400079991896e-13
            ],
            [
                5.749804004120644e-09,
                1.4069306519088318e-06,
                0.3775318191270533,
                0.6224447600942163,
                2.200809827439074e-05
            ],
            [
                7.229932813362707e-11,
                1.1309517754684577e-09,
                1.0730171689305388e-08,
                0.9046505192081656,
                0.09534946885841153
            ],
            [
                4.505557290333449e-12,
                6.219729986398353e-11,
                4.843930583899736e-11,
                0.0007096703438797721,
                0.9992903295409781
            ]
        ],
        [
            [
                0.9999999998661051,
                1.3176514241172377e-10,
                0.0,
                0.0,
                2.129785166280803e-12
            ],
            [
                0.9999999973506917,
                2.646573622903761e-09,
                0.0,
                0.0,
                2.7346982750535784e-12
            ],
            [
                0.0,
                1.388794386163594e-11,
                0.9999999999776059,
                8.423463752450065e-12,
                8.258073283576971e-14
            ],
            [
                1.6586720858326246e-12,
                1.3887891341094794e-11,
                4.508738190291086e-12,
                2.9023122000037997e-06,
                0.9999970976677447
            ],
            [
                4.752129900727921e-13,
                1.0815797801137907e-11,
                1.8795038354663874e-12,
                1.3007124772308419e-05,
                0.9999869928620572
            ]
        ],
        [
            [
                0.9999999998283968,
                1.6918979183732105e-10,
                0.0,
                0.0,
                2.4133627657824398e-12
            ],
            [
                0.9999999979388463,
                2.061153613941849e-09,
                0.0,
                0.0,
                0.0
            ],
            [
                1.3887944381273937e-11,
                5.043472003347414e-07,
                0.9999994862322719,
                9.237450005389814e-09,
                1.6918979855145548e-10
            ],
            [
                1.879231359644842e-12,
                4.277110860198221e-11,
                1.2254127781496042e-11,
                0.0001584362476895474,
                0.999841563695406
            ],
            [
                4.752193248476708e-13,
                5.109089227715612e-12,
                7.835042091241088e-13,
                3.9278636989735573e-07,
                0.9999996072072623
            ]
        ],
        [
            [
                0.9999999997493214,
                2.4616969472467053e-10,
                0.0,
                0.0,
                4.5087552339269965e-12
            ],
            [
                0.9999999988956041,
                1.1032560291170844e-09,
                0.0,
                0.0,
                1.139991849710452e-12
            ],
            [
                1.463778466075801e-12,
                3.2241866314193275e-08,
                0.9999999672902042,
                4.5990552276833654e-10,
                6.5601999528081354e-12
            ],
            [
                1.2917727793256946e-12,
                1.783237316374363e-11,
                3.978940279852679e-12,
                6.1441721266631636e-06,
                0.9999938558047702
            ],
            [
                1.4627402911963723e-12,
                2.9379924127859014e-11,
                1.080827006981615e-11,
                0.0007096703439114135,
                0.9992903296144376
            ]
        ],
        [
            [
                0.9999999998061531,
                1.9171715103091769e-10,
                0.0,
                0.0,
                2.129785167124142e-12
            ],
            [
                0.9999999804430275,
                1.9555680669829546e-08,
                0.0,
                0.0,
                1.291779977172992e-12
            ],
            [
                1.778356546272665e-05,
                0.939661660450205,
                0.06007056504610555,
                0.0002454945487229906,
                4.496389503563055e-06
            ],
            [
                7.415299385682425e-12,
                1.1599479860127686e-10,
                1.3143932659883495e-10,
                0.0024726229687884065,
                0.9975273767763623
            ],
            [
                2.1297082467847562e-12,
                2.5945157854515676e-11,
                1.225562477605903e-11,
                3.5356257804959e-05,
                0.9999646437018646
            ]
        ],
        [
            [
                0.9999999999705993,
                2.9400777355186876e-11,
                0.0,
                0.0,
                0.0
            ],
            [
                0.9999999991372719,
                8.59216659405163e-10,
                0.0,
                0.0,
                3.5114221031095286e-12
            ],
            [
                2.2156744178236854e-08,
                0.0001233945134206736,
                0.9998763962086582,
                1.8551614767503778e-07,
                1.6050291649415434e-09
            ],
            [
                1.1974462691963258e-11,
                2.1225242984166803e-10,
                3.4994509583774473e-10,
                0.02297736779956147,
                0.9770226316262665
            ],
            [
                2.4129808296960378e-12,
                3.3310172873096686e-11,
                1.5734611531271944e-11,
                0.00015843624741690912,
                0.9998415637011253
            ]
        ],
        [
            [
                0.9999999999070259,
                9.056076961672067e-11,
                0.0,
                0.0,
                2.413362764371253e-12
            ],
            [
                0.9999999969989093,
                2.9989608079201832e-09,
                0.0,
                0.0,
                2.1297851589274736e-12
            ],
            [
                4.4202281009822053e-14,
                2.172439933772196e-10,
                0.9999999997566296,
                2.5946094967156916e-11,
                1.361526107270634e-13
            ],
            [
                1.463739535976996e-12,
                1.783199805708266e-11,
                8.423239450708607e-12,
                2.7535689836766174e-05,
                0.9999724642824442
            ],
            [
                6.101936961665007e-13,
                5.109089265903586e-12,
                2.1297852701023565e-12,
                5.043472050632674e-07,
                0.999999495644946
            ]
        ],
        [
            [
                0.9999999999350238,
                6.224144603837395e-11,
                0.0,
                0.0,
                2.734698283212931e-12
            ],
            [
                0.9999999979379586,
                2.0611536161815933e-09,
                0.0,
                0.0,
                8.87826545150825e-13
            ],
            [
                4.5986082245707465e-10,
                9.61023990281117e-05,
                0.9999036571082953,
                2.382140307737908e-07,
                1.8187848346830882e-09
            ],
            [
                3.978150934194758e-12,
                7.051441252779094e-11,
                4.846379973059452e-11,
                0.00020342706170675437,
                0.999796572815337
            ],
            [
                1.4633962312349767e-12,
                2.2891368545917054e-11,
                1.2252866628642242e-11,
                0.00026119032870090407,
                0.9997388096346915
            ]
        ],
        [
            [
                0.9999999997803426,
                2.172439929527889e-10,
                0.0,
                0.0,
                2.4133627656664677e-12
            ],
            [
                0.9999999969995754,
                2.998960812109992e-09,
                0.0,
                0.0,
                1.463778507904005e-12
            ],
            [
                2.789393741538064e-10,
                2.7535689124759972e-05,
                0.9999724386065338,
                2.5109322268088568e-08,
                3.1607972032181436e-10
            ],
            [
                3.0966212202612068e-12,
                5.488892447264798e-11,
                3.329181557131208e-11,
                0.0007096703442087826,
                0.9992903295645138
            ],
            [
                6.914387461781265e-13,
                9.545017466737163e-12,
                2.734693290334497e-12,
                2.2603252732566297e-06,
                0.9999977396617555
            ]
        ],
        [
            [
                0.9999999995906235,
                4.058652115334817e-10,
                0.0,
                0.0,
                3.511422103737765e-12
            ],
            [
                0.9999999997820646,
                2.1724399327389686e-10,
                0.0,
                0.0,
                6.914400099492342e-13
            ],
            [
                0.03732687485282502,
                0.9626727879973674,
                3.336938274699135e-07,
                3.271419172098077e-09,
                1.845608403884169e-10
            ],
            [
                1.8773290228920307e-12,
                6.216859906823982e-11,
                2.936636683060271e-11,
                0.001169510348682912,
                0.9988304895579049
            ],
            [
                1.6579635534705849e-12,
                2.2887480871680106e-11,
                1.2250785706576559e-11,
                0.0004305571200303925,
                0.9995694428431734
            ]
        ],
        [
            [
                0.9999999998289306,
                1.6918979196098168e-10,
                0.0,
                0.0,
                1.8795288132004813e-12
            ],
            [
                0.9999999992390092,
                7.582560402073844e-10,
                0.0,
                0.0,
                2.734698282273214e-12
            ],
            [
                1.9166672697300915e-10,
                6.823808143244445e-08,
                0.9997379101678575,
                0.00026119009158650673,
                8.313108077401346e-07
            ],
            [
                1.878489667905498e-12,
                3.7730473584542415e-11,
                1.5728401421878964e-11,
                0.0005527785842871627,
                0.9994472213603754
            ],
            [
                3.500281730138076e-12,
                1.0229322659582714e-10,
                1.0229322659582714e-10,
                0.003172683072376188,
                0.9968273167195371
            ]
        ],
        [
            [
                0.999999999476124,
                5.211412467448629e-10,
                0.0,
                0.0,
                2.7346982808659944e-12
            ],
            [
                0.9999999748891213,
                2.510999089920312e-08,
                0.0,
                0.0,
                8.878265245723612e-13
            ],
            [
                5.884259076871173e-09,
                3.913865691646201e-06,
                0.4378033597088165,
                0.5621506425195733,
                4.207802165942016e-05
            ],
            [
                2.129070462200338e-12,
                4.845742036640615e-11,
                2.0200058122350556e-11,
                0.0003353500555341485,
                0.9996646498736793
            ],
            [
                6.914400428530329e-13,
                5.7893565979947675e-12,
                1.463778582206539e-12,
                5.043472050419929e-07,
                0.9999994956448505
            ]
        ],
        [
            [
                0.9999999996808131,
                3.1608814475552584e-10,
                0.0,
                0.0,
                3.09881913209609e-12
            ],
            [
                0.9999999988943307,
                1.103256027815096e-09,
                0.0,
                0.0,
                2.4133627619272523e-12
            ],
            [
                3.266131292380556e-13,
                1.5229979509665152e-08,
                0.999999984698555,
                7.052879742263583e-11,
                6.101936583432854e-13
            ],
            [
                8.131912762446234e-12,
                2.376493262539749e-10,
                2.6929196641706516e-10,
                0.1480472037780979,
                0.8519527957068288
            ],
            [
                8.878181486137133e-13,
                1.2255951496274747e-11,
                6.5601381057554775e-12,
                1.0129988102745803e-05,
                0.9999898699921933
            ]
        ],
        [
            [
                0.9999999998058695,
                1.9171715083121948e-10,
                0.0,
                0.0,
                2.4133627649775644e-12
            ],
            [
                0.9999999983936321,
                1.6052280500302678e-09,
                0.0,
                0.0,
                1.1399918493831623e-12
            ],
            [
                1.8426252141878735e-14,
                1.3176514266264782e-10,
                0.9999999998585889,
                9.545034920065691e-12,
                8.258073283155129e-14
            ],
            [
                3.5061486173310074e-12,
                6.214797127506842e-11,
                3.3265411884250297e-11,
                0.0015011820292051817,
                0.9984988178718752
            ],
            [
                1.0060182582314037e-12,
                9.544835480653072e-12,
                1.6586437010588094e-12,
                2.1444939766243706e-05,
                0.9999785550480242
            ]
        ],
        [
            [
                0.9999999995386308,
                4.599055364358716e-10,
                0.0,
                0.0,
                1.463778509576569e-12
            ],
            [
                0.9999999993277426,
                6.691586069084538e-10,
                0.0,
                0.0,
                3.0988191284373686e-12
            ],
            [
                2.543665623312218e-13,
                9.237449574578412e-09,
                0.9999999906711253,
                9.056076903996586e-11,
                6.101936619877099e-13
            ],
            [
                1.1399071531160014e-12,
                1.3886912008598375e-11,
                3.5111612192300938e-12,
                7.48461974406779e-05,
                0.9999251537840214
            ],
            [
                2.4131327356947254e-12,
                2.9397974978976847e-11,
                2.020491302121604e-11,
                9.61023998814776e-05,
                0.9999038975481025
            ]
        ],
        [
            [
                0.9999999998818381,
                1.1628233004879381e-10,
                0.0,
                0.0,
                1.8795288124429967e-12
            ],
            [
                0.9999999985788823,
                1.4166087808808688e-09,
                0.0,
                0.0,
                4.508755223954601e-12
            ],
            [
                3.331100018214545e-11,
                2.6462205097949824e-09,
                5.8286885544515176e-05,
                0.9998668685924254,
                7.48418424987268e-05
            ],
            [
                2.7250774175249755e-11,
                9.024217030376565e-10,
                1.910426760322357e-09,
                0.43782349813125643,
                0.5621764990286443
            ],
            [
                3.097779243564126e-12,
                6.222055937649162e-11,
                2.288966461279828e-11,
                0.0003353500557230753,
                0.9996646498560688
            ]
        ],
        [
            [
                0.9999999999515263,
                4.8473686982486283e-11,
                0.0,
                0.0,
                0.0
            ],
            [
                0.9999999991391246,
                8.592166594067549e-10,
                0.0,
                0.0,
                1.658678354067525e-12
            ],
            [
                5.211353257939639e-10,
                6.1441425217068276e-06,
                0.9999890380318349,
                4.785063007207593e-06,
                3.224150092984928e-08
            ],
            [
                9.5061899672215e-12,
                1.9093692958546362e-10,
                1.3122890462935593e-10,
                0.0040701377786746306,
                0.9959298618896534
            ],
            [
                7.83457909235394e-13,
                1.3887123722510957e-11,
                3.098636140204929e-12,
                5.829127677264594e-05,
                0.9999417087054582
            ]
        ],
        [
            [
                0.9999999999075597,
                9.056076974298653e-11,
                0.0,
                0.0,
                1.8795288133482667e-12
            ],
            [
                0.9999999907609712,
                9.237449565077308e-09,
                6.914400034413805e-13,
                0.0,
                8.878265385333919e-13
            ],
            [
                9.72922091146353e-10,
                1.274277685525246e-07,
                0.9992840658089248,
                0.0007096659766584997,
                6.139813726074261e-06
            ],
            [
                2.1295821648858675e-12,
                3.774774707410246e-11,
                2.2895165935520994e-11,
                9.610239927629624e-05,
                0.9999038975379512
            ],
            [
                1.7309757506873676e-11,
                3.476757735357361e-10,
                7.360296183509778e-10,
                0.029312227896689684,
                0.9706877710022952
            ]
        ],
        [
            [
                0.9999999999509162,
                4.8473687023567814e-11,
                0.0,
                0.0,
                6.101936672678987e-13
            ],
            [
                0.9999999950528149,
                4.944450468483767e-09,
                0.0,
                0.0,
                2.7346982730885046e-12
            ],
            [
                0.0,
                1.3176514263805342e-10,
                0.9999999998387141,
                2.9400777378809565e-11,
                1.2015425726035935e-13
            ],
            [
                1.767949876298471e-11,
                2.765538910463299e-10,
                3.1337661382876036e-10,
                0.008577485672247984,
                0.991422513720142
            ],
            [
                7.835027888373412e-13,
                1.2256045706017346e-11,
                2.413358491351045e-12,
                1.3709566547704071e-06,
                0.9999986290278923
            ]
        ],
        [
            [
                0.9999999996399456,
                3.581747918252035e-10,
                0.0,
                0.0,
                1.8795288102257173e-12
            ],
            [
                0.9999999994070563,
                5.905303979813705e-10,
                0.0,
                0.0,
                2.4133627640150836e-12
            ],
            [
                8.591642785648186e-10,
                2.260191602818788e-06,
                0.9999393203282335,
                5.8291109714681955e-05,
                1.2751128476989086e-07
            ],
            [
                2.800640775496643e-11,
                3.8661653353867887e-10,
                4.3809392690941274e-10,
                0.04742587541621067,
                0.9525741237310725
            ],
            [
                3.098187062845115e-12,
                4.846379973244029e-11,
                3.330864996557901e-11,
                0.00020342706171450203,
                0.9997965728534148
            ]
        ],
        [
            [
                0.9999999998277114,
                1.6918979172497002e-10,
                0.0,
                0.0,
                3.098819128894697e-12
            ],
            [
                0.999996273350123,
                3.7266391124310183e-06,
                5.789334487065662e-12,
                1.463772991688161e-12,
                3.511408865737036e-12
            ],
            [
                1.549656482214531e-09,
                3.791880773567452e-07,
                0.14804586573918024,
                0.8519451232422246,
                8.630280861355617e-06
            ],
            [
                1.6584158541091115e-12,
                2.5941988716730346e-11,
                1.0814229810933289e-11,
                0.0001584362476878947,
                0.9998415637138974
            ],
            [
                3.098187062372735e-12,
                3.774364517648548e-11,
                2.939478041941615e-11,
                0.00020342706236362113,
                0.9997965728673998
            ]
        ],
        [
            [
