{
    "[['A', 'B', 'C', 'D', 'E'], ['A', 'B', 'C', 'D', 'E']]": [
        [
            [
                0.9999999994773949,
                5.211412477782495e-10,
                0.0,
                0.0,
                1.4637785112873292e-12
            ],
            [
                0.9999999943936921,
                5.602796389323699e-09,
                0.0,
                0.0,
                3.5114220831597813e-12
            ],
            [
                0.0,
                2.940077737936477e-11,
                0.9999999999473754,
                2.289734844595733e-11,
                3.2661313412899596e-13
            ],
            [
                1.4637116432881107e-12,
                3.331392344841102e-11,
                1.2255507541429654e-11,
                4.5397856200312796e-05,
                0.9999546020967666
            ],
            [
                8.877419224276121e-13,
                2.5943621865523593e-11,
                6.559574866190168e-12,
                9.61023992873338e-05,
                0.9999038975673217
            ]
        ],
        [
            [
                0.999999999592005,
                4.058652112648045e-10,
                0.0,
                0.0,
                2.129785163699701e-12
            ],
            [
                0.9999832985662743,
                1.6701415092748675e-05,
                9.544871646500072e-12,
                3.978894472132151e-12,
                5.109001632536036e-12
            ],
            [
                8.258073281723428e-14,
                2.461696950672935e-10,
                0.9999999997276268,
                2.5946094970723334e-11,
                1.7482341274597184e-13
            ],
            [
                4.500069430293177e-12,
                7.976563922797082e-11,
                3.7678620029300034e-11,
                0.001926734340404084,
                0.9980732655376515
            ],
            [
                1.2917333478277283e-12,
                2.2896521442082014e-11,
                6.559963224568695e-12,
                3.5356257884356934e-05,
                0.9999646437113675
            ]
        ],
        [
            [
                0.999999999782756,
                2.1724399311169998e-10,
                0.0,
                0.0,
                0.0
            ],
            [
                0.9999998144582569,
                1.8553915961317578e-07,
                1.2917801673667974e-12,
                0.0,
                1.2917801673667974e-12
            ],
            [
                1.5428112024701451e-13,
                3.160881452835001e-10,
                0.9999999996348088,
                4.847368704002608e-11,
                4.752193060548029e-13
            ],
            [
                1.3568843874248298e-11,
                2.1225242981888776e-10,
                2.7253751464118297e-10,
                0.022977367824208693,
                0.9770226316774325
            ],
            [
                8.877605832528841e-13,
                2.289564720717745e-11,
                8.422837899834936e-12,
                7.484619778671441e-05,
                0.999925153770007
            ]
        ],
        [
            [
                0.9999999999082994,
                9.056076977510615e-11,
                0.0,
                0.0,
                1.1399918515133537e-12
            ],
            [
                0.9999997617587232,
                2.3823698396028433e-07,
                1.8795289523151723e-12,
                0.0,
                2.4133629461731634e-12
            ],
            [
                0.0,
                9.05607698582619e-11,
                0.9999999998541849,
                5.492788348621556e-11,
                3.266131341400119e-13
            ],
            [
                1.46375905861447e-12,
                1.7832235891495785e-11,
                5.7892793806902265e-12,
                1.3007124770242741e-05,
                0.9999869928501445
            ],
            [
                1.2906028048269686e-12,
                4.842951296013656e-11,
                1.572276087547151e-11,
                0.0009110514048571507,
                0.9990889485297001
            ]
        ],
        [
            [
                0.9999999996396953,
                3.581747919513301e-10,
                0.0,
                0.0,
                2.1297851645517803e-12
            ],
            [
                0.9999989322901439,
                1.0677030749955308e-06,
                3.5114156895083787e-12,
                1.139989767519716e-12,
                2.1297812746828083e-12
            ],
            [
                1.3176514498853495e-10,
                6.475946112325065e-07,
                0.9999993472128907,
                4.944450587779461e-09,
                1.162823323209922e-10
            ],
            [
                1.005880062150699e-12,
                2.939612438617826e-11,
                5.7884400973932215e-12,
                0.00015843624735121966,
                0.9998415637164584
            ],
            [
                2.7327586356863562e-12,
                5.488892447923827e-11,
                2.5927692039919675e-11,
                0.0007096703438816795,
                0.999290329572569
            ]
        ],
        [
            [
                0.9999999999294713,
                7.052879841797552e-11,
                0.0,
                0.0,
                0.0
            ],
            [
                0.9999999994788586,
                5.211412474423506e-10,
                0.0,
                0.0,
                0.0
            ],
            [
                0.0,
                5.492788349009205e-11,
                0.9999999999247591,
                2.0206839083065155e-11,
                1.0603575987768189e-13
            ],
            [
                1.0059933197503368e-12,
                1.7831658255931897e-11,
                5.789091849879178e-12,
                4.5397856203783206e-05,
                0.9999546021191695
            ],
            [
                1.6582451755965499e-12,
                4.8461027590497335e-11,
                1.7827815748586008e-11,
                0.00026119032822185774,
                0.999738809603831
            ]
        ],
        [
            [
                0.9999999988950854,
                1.103256028547793e-09,
                0.0,
                0.0,
                1.6586783532075356e-12
            ],
            [
                0.9999991684658945,
                8.315279890388348e-07,
                3.0988193732868108e-12,
                8.878266150499593e-13,
                2.1297853321697843e-12
            ],
            [
                5.4927887219726235e-11,
                5.3157856134864446e-08,
                0.9999997548992666,
                1.8553914879409385e-07,
                6.348800544882112e-09
            ],
            [
                2.1290704616818685e-12,
                5.4909450914430564e-11,
                1.388328337506519e-11,
                0.00033535005672297765,
                0.9996646498723553
            ],
            [
                4.1936839844402565e-13,
                9.544780754126341e-12,
                1.4637395360911562e-12,
                2.753568983891374e-05,
                0.9999724642987332
            ]
        ],
        [
            [
                0.9999999998962412,
                1.0261879614164475e-10,
                0.0,
                0.0,
                1.1399918510961245e-12
            ],
            [
                0.9999999990263799,
                9.736200295164698e-10,
                0.0,
                0.0,
                0.0
            ],
            [
                5.67568523036077e-14,
                1.4930946755994845e-10,
                0.9999999998169482,
                3.331544540832809e-11,
                3.7010116771111727e-13
            ],
            [
                3.0959951819691265e-12,
                5.487782767840458e-11,
                3.771694260670594e-11,
                0.000911051408524257,
                0.9990889484957851
            ],
            [
                0.0,
                2.4133626715963813e-12,
                5.38493999409543e-13,
                4.139937546836611e-08,
                0.9999999585976725
            ]
        ],
        [
            [
                0.9999999999294713,
                7.052879841790456e-11,
                0.0,
                0.0,
                0.0
            ],
            [
                0.9999993523997033,
                6.475946135941545e-07,
                2.1297852156979776e-12,
                1.1399918769931252e-12,
                2.41336282253276e-12
            ],
            [
                0.0,
                3.775134542875533e-11,
                0.9999999999442961,
                1.783247290151642e-11,
                1.201542572730455e-13
            ],
            [
                6.40946800810593e-12,
                1.2873760633480175e-10,
                5.36658185853022e-11,
                0.022977367833336686,
                0.9770226319778504
            ],
            [
                5.384909712557602e-13,
                9.544980851086159e-12,
                2.129773105916551e-12,
                4.785094848294196e-06,
                0.9999952148929384
            ]
        ],
        [
            [
                0.9999999997810973,
                2.172439928853942e-10,
                0.0,
                0.0,
                1.6586783541613278e-12
            ],
            [
                0.9999999778393708,
                2.2159489246726712e-08,
                0.0,
                0.0,
                1.1399918259514719e-12
            ],
            [
                5.898392583448384e-10,
                9.919571098470431e-08,
                0.9988293250642369,
                0.0011695086958160214,
                1.0664543967987752e-06
            ],
            [
                1.6579635533453189e-12,
                2.938810716097137e-11,
                1.081128043946461e-11,
                0.0004305571206025146,
                0.9995694428375401
            ],
            [
                7.833801800731427e-13,
                1.7829650716812805e-11,
                2.129448108267798e-12,
                0.00015843624759503117,
                0.9998415637316624
            ]
        ],
        [
            [
                0.9999999997189233,
                2.78946808260551e-10,
                0.0,
                0.0,
                2.1297851631195716e-12
            ],
            [
                0.9999962733420463,
                3.726639107808444e-06,
                9.544998900183226e-12,
                3.5114088613814366e-12,
                5.7893344798844915e-12
            ],
            [
                2.3659776086252552e-14,
                1.1628233027716864e-10,
                0.9999999998752136,
                8.423463752654679e-12,
                5.6756852314104806e-14
            ],
            [
                3.5094807272704946e-12,
                6.220703433696518e-11,
                2.2884689028815475e-11,
                0.0005527785857807814,
                0.999447221325618
            ],
            [
                1.2915755656387394e-12,
                2.2893724685863373e-11,
                8.422130643768272e-12,
                0.00015843624823928682,
                0.9998415637191533
            ]
        ],
        [
            [
                0.9999999995941349,
                4.058652115343825e-10,
                0.0,
                0.0,
                0.0
            ],
            [
                0.9999962733499292,
                3.7266391112625435e-06,
                5.7893344852504356e-12,
                1.6586721006523693e-12,
                3.511408864636046e-12
            ],
            [
                0.0,
                2.78946809117693e-10,
                0.9999999996723814,
                4.847368703330009e-11,
                1.981008796847368e-13
            ],
            [
                5.065261202136977e-12,
                1.6773841399759514e-10,
                2.1538038692780299e-10,
                0.008577485678713683,
                0.9914225139331022
            ],
            [
                1.8778160007015593e-12,
                4.27388951809134e-11,
                2.2876482087859093e-11,
                0.0009110514048552826,
                0.9990889485276515
            ]
        ],
        [
            [
                0.9999999998506905,
                1.4930946732561635e-10,
                0.0,
                0.0,
                0.0
            ],
            [
                0.999999997663267,
                2.3355930285276634e-09,
                0.0,
                0.0,
                1.1399918480308004e-12
            ],
            [
                6.431393939717969e-14,
                2.5946094975769084e-11,
                0.9999999999476241,
                2.5946094975769084e-11,
                4.193795657248814e-13
            ],
            [
                2.1272924784725504e-12,
                5.4863596123095177e-11,
                2.936636683453686e-11,
                0.0011695103461522008,
                0.9988304895674905
            ],
            [
                7.156200427115579e-12,
                1.8456084153087296e-10,
                8.718036848491916e-11,
                0.03732688393835704,
                0.9626731157827456
            ]
        ],
        [
            [
                0.9999999997810973,
                2.1724399301257316e-10,
                0.0,
                0.0,
                1.6586783551323512e-12
            ],
            [
                0.9999962733493837,
                3.7266391105575944e-06,
                7.433652623362216e-12,
                1.658672100338607e-12,
                2.413353665659413e-12
            ],
            [
                0.0,
                2.1724399337561485e-10,
                0.9999999997492426,
                3.331544540137727e-11,
                1.9810087968426795e-13
            ],
            [
                8.875286129084106e-13,
                2.288966461314277e-11,
                1.2251954579151378e-11,
                0.00033535005572812236,
                0.9996646499082428
            ],
            [
                5.384909712080204e-13,
                8.423416035566034e-12,
                2.129773105727736e-12,
                4.785094847869974e-06,
                0.9999952148940605
            ]
        ],
        [
            [
                0.9999999996817821,
                3.1608814425663217e-10,
                0.0,
                0.0,
                2.129785163040469e-12
            ],
            [
                0.9999785550431133,
                2.1444939734540045e-05,
                9.544835466542229e-12,
                3.09875438474242e-12,
                4.508661025810728e-12
            ],
            [
                0.0,
                2.46169695034846e-10,
                0.9999999997201883,
                3.3315445401811456e-11,
                3.2661313408411606e-13
            ],
            [
                4.405158644751644e-12,
                1.002609486248898e-10,
                7.808330530054606e-11,
                0.02297736783347601,
                0.9770226319837746
            ],
            [
                2.8823507360348403e-13,
                3.098819077000746e-12,
                3.701011604877355e-13,
                1.9555680698348013e-08,
                0.9999999804405622
            ]
        ],
        [
            [
                0.9999999994764452,
                5.211412471359049e-10,
                0.0,
                0.0,
                2.413362764178541e-12
            ],
            [
                0.9999417086681655,
                5.829127671026244e-05,
                3.774911602406485e-11,
                1.0815302818126447e-11,
                6.559812753270137e-12
            ],
            [
                0.0,
                3.7751345428557784e-11,
                0.9999999999390632,
                2.289734844782266e-11,
                2.882350792357669e-13
            ],
            [
                2.4035412295299516e-12,
                9.019221924079842e-11,
                2.928112651305044e-11,
                0.004070137775830531,
                0.9959298621022927
            ],
            [
                6.101774192339367e-13,
                1.2255741083718596e-11,
                5.1089529808158056e-12,
                2.7535689836011796e-05,
                0.9999724642921891
            ]
        ],
        [
            [
                0.9999999999294713,
                7.052879839284139e-11,
                0.0,
                0.0,
                0.0
            ],
            [
                0.9999999317412023,
                6.825604222281368e-08,
                1.2917801648856548e-12,
                0.0,
                1.4637786955425895e-12
            ],
            [
                1.2015425706094518e-13,
                1.6052280517551987e-09,
                0.9999999981091445,
                2.789468086907761e-10,
                6.5602001541344655e-12
            ],
            [
                4.445343737760449e-12,
                1.2991198689744698e-10,
                5.415537323851767e-11,
                0.014063627289096612,
                0.9859363725223906
            ],
            [
                2.734140485798928e-12,
                2.9394780415409485e-11,
                1.08137353925781e-11,
                0.00020342706300176377,
                0.9997965728940555
            ]
        ],
        [
            [
                0.999999999592005,
                4.058652115340424e-10,
                0.0,
                0.0,
                2.129785165112532e-12
            ],
            [
                0.9999999918468395,
                8.152020633177221e-09,
                0.0,
                0.0,
                1.1399918416762173e-12
            ],
            [
                3.0988190124188294e-12,
                2.510999053399604e-08,
                0.9999999594107619,
                1.5229979123962598e-08,
                2.461696851480487e-10
            ],
            [
                4.500069430998208e-12,
                9.038631071322263e-11,
                5.4822068665881985e-11,
                0.0019267343368807273,
                0.9980732655134108
            ],
            [
                6.101855574459926e-13,
                1.3887759275055918e-11,
                3.978909649943116e-12,
                1.3007124769160973e-05,
                0.9999869928567541
            ]
        ],
        [
            [
                0.9999999999515263,
                4.84736870131579e-11,
                0.0,
                0.0,
                0.0
            ],
            [
                0.9999994956476479,
                5.043472040460979e-07,
                2.413362879313718e-12,
                0.0,
                2.7346984133832414e-12
            ],
            [
                5.0087746367977466e-14,
                4.8473687052581956e-11,
                0.999999999940524,
                1.0815941555027482e-11,
                1.361526107805387e-13
            ],
            [
                3.5107058769512275e-12,
                6.222875063466843e-11,
                2.939478041867856e-11,
                0.00020342706255337673,
                0.9997965728423124
            ],
            [
                1.8788980879286077e-12,
                4.8457420357442886e-11,
                2.2889664608967567e-11,
                0.0003353500571066101,
                0.9996646498696674
            ]
        ],
        [
            [
                0.9999999994084636,
                5.905303985964746e-10,
                0.0,
                0.0,
                1.006039277072139e-12
            ],
            [
                0.9999993523991515,
                6.475946138543589e-07,
                3.0988192050664407e-12,
                1.00603930082226e-12,
                2.129785216553728e-12
            ],
            [
                6.431393939057609e-14,
                1.3176514265189884e-10,
                0.9999999998449467,
                2.289734844793091e-11,
                3.2661313415714757e-13
            ],
            [
                4.445343737615179e-12,
                1.4720956698286918e-10,
                6.953687568619542e-11,
                0.014063627288637024,
                0.9859363724901712
            ],
            [
                1.0060029427494506e-12,
                2.5945157851204843e-11,
                1.3887442254586599e-11,
                3.53562579874247e-05,
                0.999964643701174
            ]
        ],
        [
            [
                0.9999999999200804,
                7.991959880983413e-11,
                0.0,
                0.0,
                0.0
            ],
            [
                0.9999999634631039,
                3.653482074369474e-08,
                7.835041486219254e-13,
                0.0,
                1.291779955514763e-12
            ],
            [
                2.6810038665265385e-14,
                3.1608814528337455e-10,
                0.999999999663558,
                2.0206839080761186e-11,
                1.201542572614608e-13
            ],
            [
                1.463759058401479e-12,
                2.0206570512230933e-11,
                5.1090211209125785e-12,
                1.300712476835008e-05,
                0.9999869928484523
            ],
            [
                4.752166480948663e-13,
                8.42341663706089e-12,
                1.8795183032243443e-12,
                6.144172125577741e-06,
                0.9999938558170963
            ]
        ],
        [
            [
                0.9999999998064033,
                1.9171715083132182e-10,
                0.0,
                0.0,
                1.8795288112009014e-12
            ],
            [
                0.9999994956485917,
                5.04347204594013e-07,
                2.129785268120763e-12,
                6.101936955987646e-13,
                1.4637785809063564e-12
            ],
            [
                0.0,
                7.05287984891981e-11,
                0.9999999999063993,
                2.2897348449338012e-11,
                1.7482341277276276e-13
            ],
            [
                3.9448293908430726e-12,
                7.923401638545445e-11,
                3.3029652097680577e-11,
                0.00857748570778951,
                0.991422514176002
            ],
            [
                1.2916568752325963e-12,
                2.594362185957352e-11,
                8.42266084892256e-12,
                9.610239995666717e-05,
                0.9999038975643855
            ]
        ],
        [
            [
                0.9999999999184217,
                7.991959871150652e-11,
                0.0,
                0.0,
                1.6586783543891048e-12
            ],
            [
                0.9999996072105081,
                3.927863694008525e-07,
                1.6586784216351796e-12,
                0.0,
                1.4637785694769514e-12
            ],
            [
                9.357622966052251e-14,
                7.991959890572881e-11,
                0.9999999998937863,
                2.5946094975034525e-11,
                2.5436656466190867e-13
            ],
            [
                3.266125445609398e-13,
                8.423448545446003e-12,
                1.8795254229474248e-12,
                1.7603431337550144e-06,
                0.9999982396462367
            ],
            [
                1.1399397739986712e-12,
                2.020591596704958e-11,
                1.2255507541592612e-11,
                4.5397856335884634e-05,
                0.9999546021100627
            ]
        ],
        [
            [
                0.9999999998667712,
                1.3176514237565001e-10,
                0.0,
                0.0,
                1.4637785105121006e-12
            ],
            [
                0.999999761759478,
                2.382369842190562e-07,
                1.4637786214583829e-12,
                6.101937125033643e-13,
                1.4637786214583829e-12
            ],
            [
                0.0,
                5.492788348541848e-11,
                0.9999999999189015,
                2.594609497136724e-11,
                2.2447770540349036e-13
            ],
            [
                1.8759080317754355e-12,
                4.838030579288108e-11,
                2.285323826793938e-11,
                0.0019267343359709165,
                0.9980732655909196
            ],
            [
                3.509908869189835e-12,
                6.221462333406966e-11,
                5.4904212387783765e-11,
                0.0004305571217498966,
                0.9995694427576214
            ]
        ],
        [
            [
                0.999999999592005,
                4.0586521140782617e-10,
                0.0,
                0.0,
                2.1297851644502104e-12
            ],
            [
                0.9999994956476148,
                5.043472045095686e-07,
                2.4133628815314817e-12,
                8.878265882017033e-13,
                1.8795289019721803e-12
            ],
            [
                5.4927884663324726e-11,
                5.043471921786802e-07,
                0.9999994700279824,
                2.5109992084883285e-08,
                4.599055475256957e-10
            ],
            [
                2.126586633736905e-12,
                6.214797126970844e-11,
                3.3265411881381305e-11,
                0.0015011820313502247,
                0.9984988178711097
            ],
            [
                6.101483310595613e-13,
                2.0205337744879192e-11,
                8.422837900616739e-12,
                7.48461977124213e-05,
                0.9999251537730492
            ]
        ],
        [
            [
                0.9999999998064033,
                1.9171715076376316e-10,
                0.0,
                0.0,
                1.8795288105385794e-12
            ],
            [
                0.9999999950555496,
                4.944450468492899e-09,
                0.0,
                0.0,
                0.0
            ],
            [
                4.752192984058716e-13,
                1.5229979492452503e-08,
                0.9999999835071365,
                1.2501528456799704e-09,
                1.2256067241097431e-11
            ],
            [
                3.9627695501795445e-12,
                1.022011737126327e-10,
                2.5840503452272733e-11,
                0.004070137775880626,
                0.995929862092115
            ],
            [
                1.8790379555560075e-12,
                3.774148623639126e-11,
                1.5732992178170686e-11,
                0.00026119032844588216,
                0.9997388096162007
            ]
        ],
        [
            [
                0.9999999992406039,
                7.582560406524917e-10,
                0.0,
                0.0,
                1.1399918498289517e-12
            ],
            [
                0.9999999995941349,
                4.058652116462922e-10,
                0.0,
                0.0,
                0.0
            ],
            [
                0.0,
                5.492788348324608e-11,
                0.9999999999270417,
                1.7832472899607785e-11,
                1.9810087971004263e-13
            ],
            [
                1.0056057278956047e-12,
                2.9388107164056476e-11,
                6.55737305797514e-12,
                0.0004305571193773416,
                0.9995694428436716
            ],
            [
                3.2661255491088857e-13,
                5.789346059189679e-12,
                2.129781393002791e-12,
                1.3709566544867007e-06,
                0.9999986290350998
            ]
        ],
        [
            [
                0.999999999781616,
                2.1724399301268584e-10,
                0.0,
                0.0,
                1.139991850445701e-12
            ],
            [
                0.999999607206566,
                3.927863692412653e-07,
                3.5114222447300865e-12,
                1.1399918956886175e-12,
                2.4133628621111174e-12
            ],
            [
                0.0,
                1.1628233026864956e-10,
                0.9999999998607003,
                2.2897348449847145e-11,
                1.2015425728304025e-13
            ],
            [
                6.409468006811738e-12,
                1.873121119178125e-10,
                2.1225242986034949e-10,
                0.02297736781345467,
                0.9770226317805712
            ],
            [
                4.751839979824235e-13,
                1.2255156831177483e-11,
                3.0985888997186926e-12,
                7.484619810249253e-05,
                0.9999251537860685
            ]
        ],
        [
            [
                0.9999999998492268,
                1.4930946720204606e-10,
                0.0,
                0.0,
                1.4637785100312128e-12
            ],
            [
                0.9999970976773997,
                2.902312196634845e-06,
                5.789334426804283e-12,
                1.879521706024648e-12,
                2.734687945854418e-12
            ],
            [
                0.0,
                4.2777878682871584e-11,
                0.9999999999432281,
                1.3887943862750411e-11,
                1.0603575989833735e-13
            ],
            [
                2.407395242608329e-12,
                4.2672101703221676e-11,
                1.7788378499931704e-11,
                0.0024726229696569947,
                0.9975273769674752
            ],
            [
                1.0060029427679236e-12,
                1.5736533708128647e-11,
                5.789147226521932e-12,
                3.5356257932236216e-05,
                0.9999646437195361
            ]
        ],
        [
            [
                0.9999999999193889,
                7.991959884522297e-11,
                0.0,
                0.0,
                6.914400099645409e-13
            ],
            [
                0.9999869928513243,
                1.300712475071003e-05,
                1.2255904526692016e-11,
                5.109021113983807e-12,
                6.560112964749527e-12
            ],
            [
                9.357622965282965e-14,
                9.056076986230286e-11,
                0.9999999998660294,
                4.2777878673428387e-11,
                5.384940215707003e-13
            ],
            [
                1.2917333478242681e-12,
                2.5945157852637158e-11,
                6.559963224551123e-12,
                3.5356257514174425e-05,
                0.999964643708689
            ],
            [
                2.1282745652610453e-12,
                5.488892447519865e-11,
                2.937992412446579e-11,
                0.0007096703447089696,
                0.9992903295688939
            ]
        ],
        [
            [
                0.999999999868235,
                1.3176514244374665e-10,
                0.0,
                0.0,
                0.0
            ],
            [
                0.9999999881378739,
                1.1861119989061512e-08,
                0.0,
                0.0,
                1.006039265518817e-12
            ],
            [
                0.0,
                4.8473687034217215e-11,
                0.9999999999334959,
                1.7832472897667216e-11,
                1.9810087968848486e-13
            ],
            [
                5.0652612036161045e-12,
                1.0173849093082127e-10,
                6.170751402243881e-11,
                0.008577485678195837,
                0.991422514153293
            ],
            [
                1.463725644796824e-12,
                2.2896521441002692e-11,
                5.7891472264778315e-12,
                3.535625793196688e-05,
                0.9999646437119186
            ]
        ],
        [
            [
                0.9999999994788586,
                5.211412475688671e-10,
                0.0,
                0.0,
                0.0
            ],
            [
                0.999941708697344,
                5.829127670226048e-05,
                1.5736172744709826e-11,
                5.10878730834726e-12,
                5.10878730834726e-12
            ],
            [
                0.0,
                4.847368704435317e-11,
                0.9999999999375448,
                1.3887943859706834e-11,
                9.35762296529791e-14
            ],
            [
                3.0430819413229278e-12,
                8.893189022277258e-11,
                8.893189022277258e-11,
                0.01798621160875098,
                0.9820137882103421
            ],
            [
                2.1288673423103962e-12,
                6.221462334428243e-11,
                3.773507654078063e-11,
                0.00043055711997219383,
                0.9995694427779492
            ]
        ],
        [
            [
                0.9999999997514168,
                2.4616969438209156e-10,
                0.0,
                0.0,
                2.413362763995712e-12
            ],
            [
                0.9999993523988677,
                6.475946139619712e-07,
                3.098819205581379e-12,
                1.0060393009894359e-12,
                2.4133628239034862e-12
            ],
            [
                7.287724090935278e-14,
                3.160881452195191e-10,
                0.9999999996458631,
                3.775134541748908e-11,
                2.2447770535164685e-13
            ],
            [
                1.7798118884035998e-11,
                5.201372770392247e-10,
                5.893927508593887e-10,
                0.2227001440672228,
                0.777299854805449
            ],
            [
                8.876454550023144e-13,
                2.9394780421480725e-11,
                1.2253567534504732e-11,
                0.00020342706192026322,
                0.9997965728955438
            ]
        ],
        [
            [
                0.9999999999200804,
                7.99195987115221e-11,
                0.0,
                0.0,
                0.0
            ],
            [
                0.9999999943972036,
                5.602796395949695e-09,
                0.0,
                0.0,
                0.0
            ],
            [
                1.4165250806799434e-09,
                5.829121915885563e-05,
                0.9999411981022965,
                5.043178611807248e-07,
                4.944158339419307e-09
            ],
            [
                5.759135149973975e-12,
                1.0208311310610631e-10,
                9.008803112233173e-11,
                0.005220125721109644,
                0.9947798740809601
            ],
            [
                2.7235690261327008e-12,
                9.019221924107986e-11,
                2.5840503452035316e-11,
                0.0040701377758432305,
                0.9959298621054004
            ]
        ],
        [
            [
                0.9999999998506905,
                1.4930946738590998e-10,
                0.0,
                0.0,
                0.0
            ],
            [
                0.9999999317424598,
                6.825604222289952e-08,
                6.101937433870236e-13,
                0.0,
                8.878266578818613e-13
            ],
            [
                0.0,
                2.2897348453097002e-11,
                0.9999999999696048,
                7.433680671261833e-12,
                6.431393940508658e-14
            ],
            [
                2.1272924784027207e-12,
                4.84169536416944e-11,
                1.2241722988863157e-11,
                0.001169510348121728,
                0.9988304895890923
            ],
            [
                4.752193248156722e-13,
                4.508755418183756e-12,
                7.835042090713521e-13,
                3.9278636987090776e-07,
                0.9999996072078626
            ]
        ],
        [
            [
                0.9999999997810973,
                2.172439928853942e-10,
                0.0,
                0.0,
                1.6586783541613278e-12
            ],
            [
                0.9999952148903909,
                4.785094841090619e-06,
                6.560162995340848e-12,
                3.0988015795283257e-12,
                5.109060077847505e-12
            ],
            [
                0.0,
                2.5946094972434357e-11,
                0.9999999999600298,
                1.3887943859434604e-11,
                1.3615261075475687e-13
            ],
            [
                1.005943385899103e-12,
                2.0204913020112856e-11,
                5.788804500405244e-12,
                9.61024002720383e-05,
                0.9999038975727282
            ],
            [
                4.459219819898524e-12,
                8.956582434118206e-11,
                4.794113108334206e-11,
                0.010986942398798532,
                0.9890130574592353
            ]
        ],
        [
            [
                0.999999999868235,
                1.3176514253807174e-10,
                0.0,
                0.0,
                0.0
            ],
            [
                0.9999999895309396,
                1.0467401666120994e-08,
                0.0,
                0.0,
                1.6586783385323551e-12
            ],
            [
                1.945348909293578e-08,
                0.005220094029980774,
                0.9947737610476016,
                6.112098754015663e-06,
                1.3370174488651877e-08
            ],
            [
                6.442204519403602e-12,
                1.1419080738362582e-10,
                5.3939918038516535e-11,
                0.017986211596930448,
                0.9820137882284966
            ],
            [
                4.505557288747992e-12,
                1.0254601122977903e-10,
                5.4888924459775945e-11,
                0.0007096703450389831,
                0.9992903294930205
            ]
        ],
        [
            [
                0.9999999999294713,
                7.0528798377767e-11,
                0.0,
                0.0,
                0.0
            ],
            [
                0.9999999804433133,
                1.955568067401484e-08,
                0.0,
                0.0,
                1.0060392579935996e-12
            ],
            [
                7.052880184143932e-11,
                8.31527965360497e-07,
                0.9999991388449003,
                2.845334943338006e-08,
                1.103256084438488e-09
            ],
            [
                1.4620653132661306e-12,
                4.841695364193498e-11,
                9.53386344991722e-12,
                0.0011695103465317422,
                0.9988304895940554
            ],
