{
    "[['A', 'B', 'C', 'D', 'E'], ['A', 'B', 'C', 'D', 'E']]": [
        [
            [
                0.9999999965972233,
                3.3982677963833002e-09,
                0.0,
                0.0,
                4.50875521163058e-12
            ],
            [
                0.9999999950531981,
                4.944450470475075e-09,
                8.878265421963609e-13,
                0.0,
                1.4637785048112851e-12
            ],
            [
                3.5171656639301804e-05,
                0.9947440572943348,
                0.00521993673462419,
                8.271580821779152e-07,
                7.1563196118011325e-09
            ],
            [
                8.878249243643786e-13,
                1.2256045032627473e-11,
                1.139989768452734e-12,
                2.2603252737377063e-06,
                0.9999977396604425
            ],
            [
                1.2917579086727215e-12,
                1.7832167880711466e-11,
                3.511362049913318e-12,
                1.670141510485715e-05,
                0.9999832985622599
            ]
        ],
        [
            [
                0.9999999976608955,
                2.335593026331789e-09,
                0.0,
                0.0,
                3.511422094632311e-12
            ],
            [
                0.9999999804403328,
                1.9555680669776848e-08,
                8.878265288654516e-13,
                0.0,
                3.0988190724733213e-12
            ],
            [
                7.835042760932996e-13,
                6.8256042264761e-08,
                0.9999999310709167,
                6.691586924741916e-10,
                3.0988195246853467e-12
            ],
            [
                1.291516516442812e-12,
                3.774364518467672e-11,
                3.978150934603072e-12,
                0.00020342706155435878,
                0.9997965728954323
            ],
            [
                7.835012230999738e-13,
                1.3887891479130976e-11,
                2.4133536685404247e-12,
                3.726639115006379e-06,
                0.9999962733438003
            ]
        ],
        [
            [
                0.9999999979367165,
                2.0611536139374593e-09,
                0.0,
                0.0,
                2.1297851621716198e-12
            ],
            [
                0.9999999928012527,
                7.1941329669884145e-09,
                1.879528799991758e-12,
                0.0,
                2.7346982675156584e-12
            ],
            [
                5.904955013192906e-10,
                5.8291274281983954e-05,
                0.9999416665210608,
                4.139693060885303e-08,
                2.172311550395913e-10
            ],
            [
                3.977923382851555e-12,
                4.8461027587730196e-11,
                1.7827815747568033e-11,
                0.00026119032896143097,
                0.9997388096007718
            ],
            [
                2.7346411493290184e-12,
                2.2896870010146394e-11,
                6.5600630909911715e-12,
                2.144493975746522e-05,
                0.999978555028051
            ]
        ],
        [
            [
                0.9999999965986333,
                3.398267797745044e-09,
                0.0,
                0.0,
                3.098819118888368e-12
            ],
            [
                0.9999999969997473,
                2.9989608110456513e-09,
                0.0,
                0.0,
                1.2917799988367284e-12
            ],
            [
                1.139991790855835e-12,
                5.315784964439174e-08,
                0.9999999455800416,
                1.250152798188749e-09,
                1.081594096725744e-11
            ],
            [
                3.978666902772293e-12,
                3.331297011631722e-11,
                8.422837899265244e-12,
                7.48461978737094e-05,
                0.9999251537564119
            ],
            [
                1.658656312776912e-12,
                2.289704411891739e-11,
                3.978909649903097e-12,
                1.3007124769030151e-05,
                0.9999869928466963
            ]
        ],
        [
            [
                0.9999999981779395,
                1.8189616780574686e-09,
                0.0,
                0.0,
                3.098819122544972e-12
            ],
            [
                0.9999993523989892,
                6.475946138542538e-07,
                3.5114221885542397e-12,
                1.0060393008220966e-12,
                1.8795288567788214e-12
            ],
            [
                0.0,
                1.1628233025797973e-10,
                0.9999999998658027,
                1.7832472901363505e-11,
                8.258073282414821e-14
            ],
            [
                3.0971058715503123e-12,
                5.489751512229838e-11,
                1.2249291340989287e-11,
                0.0005527785867871596,
                0.9994472213429689
            ],
            [
                2.4128705107032925e-12,
                4.846379973360166e-11,
                1.0813735395959971e-11,
                0.0002034270609360325,
                0.9997965728773736
            ]
        ],
        [
            [
                0.9999999961447492,
                3.850741898928275e-09,
                0.0,
                0.0,
                4.508755214381825e-12
            ],
            [
                0.9999999928031323,
                7.194132956975237e-09,
                0.0,
                0.0,
                2.7346982637093597e-12
            ],
            [
                2.913945240661149e-07,
                0.047425855547544214,
                0.9525737398121766,
                1.0719805467386076e-07,
                6.04770040701408e-09
            ],
            [
                3.0983287146388656e-12,
                3.774537085436213e-11,
                1.2254127779224609e-11,
                0.0001584362482360404,
                0.9998415636986662
            ],
            [
                1.658672102384044e-12,
                2.020676287008095e-11,
                3.5114088683020016e-12,
                3.7266391151532017e-06,
                0.999996273335508
            ]
        ],
        [
            [
                0.9999999988950854,
                1.10325602885057e-09,
                0.0,
                0.0,
                1.6586783536627422e-12
            ],
            [
                0.9999996940861064,
                3.059023581605711e-07,
                3.5114225456574798e-12,
                1.4637786943274263e-12,
                6.56020097576095e-12
            ],
            [
                1.2496140972506374e-09,
                0.00043055711468736245,
                0.9995694296479817,
                1.185600845210368e-08,
                1.3170835685179131e-10
            ],
            [
                3.966338827831265e-12,
                7.966604497627776e-11,
                1.568717437317152e-11,
                0.0031726830757694995,
                0.996827316824911
            ],
            [
                1.139985476389644e-12,
                1.2255998888600595e-11,
                3.511402471897229e-12,
                6.144172125540082e-06,
                0.999993855810967
            ]
        ],
        [
            [
                0.999999997351013,
                2.646573626443383e-09,
                0.0,
                0.0,
                2.4133627604659355e-12
            ],
            [
                0.9999999317425641,
                6.82560422678432e-08,
                7.8350427612868e-13,
                0.0,
                6.101937437888101e-13
            ],
            [
                5.281451993613322e-07,
                0.07585779396577096,
                0.9241372175247431,
                4.422105613098973e-06,
                3.8258673434209573e-08
            ],
            [
                3.978666902928267e-12,
                4.277470033638737e-11,
                1.3886912004722191e-11,
                7.484619778458623e-05,
                0.9999251537415751
            ],
            [
                1.6586626670678826e-12,
                2.289713183719849e-11,
                3.978924893054718e-12,
                1.0129988102656346e-05,
                0.9999898699833626
            ]
        ],
        [
            [
                0.9999999985794121,
                1.4166087803824247e-09,
                0.0,
                0.0,
                3.978962518252021e-12
            ],
            [
                0.9999999468388492,
                5.31578496087451e-08,
                8.87826498818138e-13,
                0.0,
                2.4133626385617603e-12
            ],
            [
                2.0608785956582233e-09,
                0.00012339333709425834,
                0.9998663882293338,
                1.0128741905580475e-05,
                8.763078775815756e-08
            ],
            [
                5.384827699549724e-13,
                1.0815715558430969e-11,
                1.8794895438268826e-12,
                2.1444939763768394e-05,
                0.9999785550470025
            ],
            [
                7.835012232039177e-13,
                8.423431981972273e-12,
                2.1297771376106437e-12,
                3.726639115500777e-06,
                0.9999962733495478
            ]
        ],
        [
            [
                0.999999995635074,
                4.3634622249037456e-09,
                0.0,
                0.0,
                1.4637785047195517e-12
            ],
            [
                0.9999999778325915,
                2.2159489196817043e-08,
                2.1297851155427144e-12,
                0.0,
                5.789356178102309e-12
            ],
            [
                0.0,
                7.991959889626328e-11,
                0.9999999998997191,
                2.020683908180867e-11,
                1.542811202549509e-13
            ],
            [
                1.3878093477524648e-11,
                1.690697899760223e-10,
                4.2747537360330855e-11,
                0.0007096703430963186,
                0.9992903294312083
            ],
            [
                1.1399875415465048e-12,
                1.3887891340167496e-11,
                1.8795217080808686e-12,
                2.9023121998100117e-06,
                0.9999970976708928
            ]
        ],
        [
            [
                0.9999999985822512,
                1.4166087820580436e-09,
                0.0,
                0.0,
                1.1399918493545319e-12
            ],
            [
                0.9999999985802923,
                1.4166087803836715e-09,
                0.0,
                0.0,
                3.098819125029171e-12
            ],
            [
                0.0,
                5.492788348804819e-11,
                0.9999999999246905,
                2.0206839082313264e-11,
                1.7482341275868022e-13
            ],
            [
                1.1395005748606892e-12,
                2.0198130976055065e-11,
                2.733519776494613e-12,
                0.0004305571206101726,
                0.9995694428553187
            ],
            [
                1.2917776422915447e-12,
                8.423448349069656e-12,
                1.6586753254113088e-12,
                2.2603252731380912e-06,
                0.9999977396633529
            ]
        ],
        [
            [
                0.9999999992406039,
                7.582560409982002e-10,
                0.0,
                0.0,
                1.1399918503487032e-12
            ],
            [
                0.9999999226472481,
                7.734422785874969e-08,
                2.7346986022900455e-12,
                0.0,
                5.789356986478685e-12
            ],
            [
                2.8714949791736146e-07,
                0.2689412358180885,
                0.7310580515800845,
                4.1780005418168796e-07,
                7.652274920085371e-09
            ],
            [
                6.101902110703159e-13,
                8.423416036332116e-12,
                8.878215183913778e-13,
                4.785094848305162e-06,
                0.9999952148952302
            ],
            [
                1.0060336518599954e-12,
                1.0815881056783359e-11,
                2.4133492723464397e-12,
                6.144172125263483e-06,
                0.9999938558136395
            ]
        ],
        [
            [
                0.9999999965972233,
                3.398267793103311e-09,
                0.0,
                0.0,
                4.508755207278754e-12
            ],
            [
                0.9999986290372396,
                1.370956651844062e-06,
                3.978955470022047e-12,
                0.0,
                2.129781388897451e-12
            ],
            [
                0.0,
                3.775134542536613e-11,
                0.9999999999442961,
                1.7832472899915473e-11,
                1.201542572622584e-13
            ],
            [
                5.074892603537585e-12,
                8.995462376857238e-11,
                2.274409071441388e-11,
                0.006692851427828928,
                0.9933071484543975
            ],
            [
                6.914373955006924e-13,
                8.423431894891724e-12,
                1.879521707706582e-12,
                2.9023121992320473e-06,
                0.9999970976768064
            ]
        ],
        [
            [
                0.9999999956334389,
                4.363462220804525e-09,
                0.0,
                0.0,
                3.0988191158974055e-12
            ],
            [
                0.9999999804424398,
                1.955568067399776e-08,
                0.0,
                0.0,
                1.879528776763013e-12
            ],
            [
                4.2777800174739646e-11,
                1.067703068600574e-06,
                0.9999989250115602,
                7.194119826141004e-09,
                4.847359809360804e-11
            ],
            [
                2.6597436743485047e-11,
                5.342237977734173e-10,
                2.859493931450395e-10,
                0.09534947005787703,
                0.9046505290953524
            ],
            [
                7.835042388738102e-13,
                9.545035658265764e-12,
                1.8795289613528786e-12,
                8.315279901638646e-07,
                0.9999991684598017
            ]
        ],
        [
            [
                0.9999999990249162,
                9.73620028580618e-10,
                0.0,
                0.0,
                1.4637785100360452e-12
            ],
            [
                0.9999921107113758,
                7.88926504340624e-06,
                1.57369828541143e-11,
                2.7346775685714835e-12,
                5.1090503123642524e-12
            ],
            [
                1.463778502674278e-12,
                7.194132974043264e-09,
                0.9999999922792829,
                5.211412447117909e-10,
                3.978962504708479e-12
            ],
            [
                6.101936914770457e-13,
                6.560200423130326e-12,
                1.0060393183852368e-12,
                3.9278636981460585e-07,
                0.9999996072054537
            ],
            [
                7.835027886297575e-13,
                9.545017990676351e-12,
                1.8795254823982505e-12,
                1.3709566544071816e-06,
                0.9999986290311375
            ]
        ],
        [
            [
                0.9999999950524507,
                4.944450462647519e-09,
                0.0,
                0.0,
                3.0988191140970283e-12
            ],
            [
                0.9999999585979598,
                4.1399375407377554e-08,
                1.0060392360163158e-12,
                0.0,
                1.6586782875790064e-12
            ],
            [
                1.0060394039584636e-12,
                6.825604222209498e-08,
                0.9999999304832536,
                1.250153021314085e-09,
                9.545036105725485e-12
            ],
            [
                6.914334694050459e-13,
                7.433610346868169e-12,
                1.8795110354721293e-12,
                1.0129988103327156e-05,
                0.9999898700018921
            ],
            [
                2.1296878747145366e-12,
                2.0205915969187337e-11,
                7.433341075101759e-12,
                4.5397856100606136e-05,
                0.9999546021141305
            ]
        ],
        [
            [
                0.9999999997507314,
                2.461696946127825e-10,
                0.0,
                0.0,
                3.0988191315622445e-12
            ],
            [
                0.9999998554952602,
                1.4449803147496674e-07,
                3.5114222801784444e-12,
                7.835042157249809e-13,
                2.413362886474394e-12
            ],
            [
                1.1627701185524468e-10,
                4.539785328948994e-05,
                0.9999545486577783,
                5.315542124433135e-08,
                2.1723405734085946e-10
            ],
            [
                2.7345995184624364e-12,
                4.277633361798613e-11,
                1.0815550901980602e-11,
                3.535625783637096e-05,
                0.9999646436858372
            ],
            [
                7.403428191193488e-12,
                1.3122890464169018e-10,
                3.7597710666552704e-11,
                0.004070137779057184,
                0.9959298620447128
            ]
        ],
        [
            [
                0.9999999995932471,
                4.058652119075302e-10,
                0.0,
                0.0,
                8.878265462271369e-13
            ],
            [
                0.9999996072056108,
                3.9278636914576036e-07,
                4.508755409859862e-12,
                0.0,
                3.5114222438762936e-12
            ],
            [
                8.027457124125706e-07,
                0.14804659930738157,
                0.8519493919002251,
                3.1749208815872536e-06,
                3.112579940521913e-08
            ],
            [
                1.0060316563766368e-12,
                1.5736982864539816e-11,
                1.8795145750744945e-12,
                7.889265048632761e-06,
                0.9999921107163288
            ],
            [
                2.8823344654846545e-13,
                7.433638561989019e-12,
                8.878215184802979e-13,
                4.785094848784415e-06,
                0.9999952148965415
            ]
        ],
        [
            [
                0.9999999965959427,
                3.3982677963789484e-09,
                0.0,
                0.0,
                5.7893562893495675e-12
            ],
            [
                0.9999999928044033,
                7.19413296701108e-09,
                0.0,
                0.0,
                1.463778501243451e-12
            ],
            [
                0.0,
                1.3176514263926033e-10,
                0.9999999998478737,
                2.0206839080761037e-11,
                1.5428112024695214e-13
            ],
            [
                2.128867342516031e-12,
                3.33010881692482e-11,
                7.430477136321334e-12,
                0.00043055711976363437,
                0.9995694428373759
            ],
            [
                1.463479942458746e-12,
                2.289267800977505e-11,
                5.788175454879732e-12,
                0.00020342706219984855,
                0.9997965729076559
            ]
        ],
        [
            [
                0.9999999965993187,
                3.398267800001675e-09,
                0.0,
                0.0,
                2.413362757989503e-12
            ],
            [
                0.9999996072103131,
                3.9278636952385665e-07,
                1.6586784221546078e-12,
                0.0,
                1.6586784221546078e-12
            ],
            [
                7.433681438963555e-12,
                8.764249123272117e-08,
                0.9999999096832943,
                2.646573911841669e-09,
                2.020684117408792e-11
            ],
            [
                2.7346724199605987e-12,
                2.02066479232873e-11,
                6.560138105336696e-12,
                1.012998810209913e-05,
                0.9999898699823965
            ],
            [
                8.878249246470477e-13,
                1.22560450365296e-11,
                2.129781277104003e-12,
                1.0677030762093255e-06,
                0.9999989322816502
            ]
        ],
        [
            [
                0.9999999965980269,
                3.3982678024792607e-09,
                1.291779998317794e-12,
                0.0,
                2.413362759749021e-12
            ],
            [
                0.9999999827390008,
                1.7257827658681532e-08,
                1.2917799801388844e-12,
                0.0,
                1.879528780677747e-12
            ],
            [
                4.508755330602529e-12,
                6.475946126732653e-07,
                0.9999993493759715,
                2.9989608835944376e-09,
                2.5946095490940414e-11
            ],
            [
                9.526647058489012e-12,
                1.0242110814491089e-10,
                2.934413878325326e-11,
                0.001926734341992401,
                0.9980732655167157
            ],
            [
                2.413321490831129e-12,
                2.594565117016692e-11,
                5.78925730075464e-12,
                1.6701415104664866e-05,
                0.9999832985507471
            ]
        ],
        [
            [
                0.9999999965972233,
                3.3982677977402524e-09,
                0.0,
                0.0,
                4.508755213430957e-12
            ],
            [
                0.9999999965996023,
                3.3982678009352565e-09,
                0.0,
                0.0,
                2.129785159323854e-12
            ],
            [
                0.0,
                2.5946094974604084e-11,
                0.9999999999644262,
                9.545034919838518e-12,
                8.258073282958586e-14
            ],
            [
                2.1297082465991867e-12,
                3.7749981925944996e-11,
                8.423159512736439e-12,
                3.535625773812321e-05,
                0.999964643693959
            ],
            [
                2.734359380646806e-12,
                2.939713375680539e-11,
                8.422419835265365e-12,
                0.00012339462873740736,
                0.9998766053307087
            ]
        ],
        [
            [
                0.999999998178625,
                1.8189616794260185e-09,
                0.0,
                0.0,
                2.4133627610504327e-12
            ],
            [
                0.9999999950534197,
                4.944450467289251e-09,
                0.0,
                0.0,
                2.1297851560308175e-12
            ],
            [
                1.0261879311613104e-10,
                6.475945797898033e-07,
                0.9999992987390854,
                5.3157850886143255e-08,
                4.0586519998781225e-10
            ],
            [
                3.976140352540509e-12,
                5.4888924470860424e-11,
                1.572594015539818e-11,
                0.0007096703457822047,
                0.9992903295796268
            ],
            [
                4.752193660141628e-13,
                5.789357056476873e-12,
                1.291780167168127e-12,
                3.059023589550225e-07,
                0.9999996940900847
            ]
        ],
        [
            [
                0.9999999992390092,
                7.582560408349261e-10,
                0.0,
                0.0,
                2.7346982845364827e-12
            ],
            [
                0.9999989322868112,
                1.0677030751933617e-06,
                6.560188168003623e-12,
                1.1399897677309407e-12,
                2.4133583572246807e-12
            ],
            [
                0.0,
                2.289734844726148e-11,
                0.9999999999566413,
                2.020683908210845e-11,
                2.5436656463555556e-13
            ],
            [
                1.0059798682621364e-12,
                1.5736172762128708e-11,
                2.734536795692589e-12,
                5.829127676678499e-05,
                0.9999417087037565
            ],
            [
                3.509480726725865e-12,
                7.987541317303462e-11,
                2.938452236143404e-11,
                0.0005527785861622786,
                0.9994472213010683
            ]
        ],
        [
            [
                0.9999999961457466,
                3.850741894840029e-09,
                0.0,
                0.0,
                3.5114220879098486e-12
            ],
            [
                0.9999999804426607,
                1.955568067400208e-08,
                0.0,
                0.0,
                1.6586783238123389e-12
            ],
            [
                0.0,
                7.0528798479453e-11,
                0.9999999999091582,
                2.0206839081148966e-11,
                1.0603575986762664e-13
            ],
            [
                1.6586341905693875e-12,
                2.939999449019963e-11,
                5.7892021660592835e-12,
                2.7535690085884903e-05,
                0.9999724642730663
            ],
            [
                1.879521707977373e-12,
                2.2897261856445424e-11,
                5.1090697049892004e-12,
                2.902312199650196e-06,
                0.9999970976579144
            ]
        ],
        [
            [
                0.9999999991376844,
                8.592166585997379e-10,
                0.0,
                0.0,
                3.098819126756428e-12
            ],
            [
                0.9999986290333588,
                1.3709566533268326e-06,
                5.789346054291729e-12,
                1.4637759163409246e-12,
                2.7346934382905794e-12
            ],
            [
                5.4927884256852063e-11,
                3.927863598920436e-07,
                0.9999995818025508,
                2.5109991899066454e-08,
                2.4616969853072814e-10
            ],
            [
                8.877859888509617e-13,
                1.2255507544444034e-11,
                2.1296878749847218e-12,
                4.539785573628132e-05,
                0.9999546021289907
            ],
            [
                3.5073123574999586e-12,
                5.4863596111236043e-11,
                2.591572776603991e-11,
                0.0011695103502291913,
                0.9988304895654841
            ]
        ],
        [
            [
                0.9999999981779395,
                1.8189616799904334e-09,
                0.0,
                0.0,
                3.0988191258380093e-12
            ],
            [
                0.9999999895290047,
                1.0467401668337977e-08,
                1.4637784964489928e-12,
                0.0,
                2.129785145236024e-12
            ],
            [
                1.0815921737166659e-11,
                1.0677030717169623e-06,
                0.9999989278604168,
                4.363454256936993e-09,
                6.22413321721678e-11
            ],
            [
                1.8792958871574934e-12,
                5.4921076315198255e-11,
                5.78863885572487e-12,
                0.0001233946276289042,
                0.9998766053097821
            ],
            [
                8.878249446949651e-13,
                1.2256045313282562e-11,
                2.129781325196457e-12,
                1.7603431334936717e-06,
                0.9999982396415928
            ]
        ],
        [
            [
                0.9999999961457466,
                3.85074190092153e-09,
                0.0,
                0.0,
                3.5114220934554593e-12
            ],
            [
                0.999996273350706,
                3.726639111265438e-06,
                5.7893344852549326e-12,
                1.6586721006536575e-12,
                2.734687973464549e-12
            ],
            [
                3.978963031716356e-12,
                6.825604226977252e-08,
                0.9999999311443392,
                5.905304734893901e-10,
                5.109089664784714e-12
            ],
            [
                2.9053815778115255e-11,
                1.2353996831159566e-09,
                1.7974959325557634e-09,
                0.6791787103035716,
                0.32082128663447906
            ],
            [
                1.6586785663480589e-12,
                1.3887945601786195e-11,
                2.413363073647652e-12,
                6.82560422994282e-08,
                0.9999999317259977
            ]
        ],
        [
            [
                0.999999999592005,
                4.058652115340424e-10,
                0.0,
                0.0,
                2.129785165112532e-12
            ],
            [
                0.9999993524015983,
                6.475946132608138e-07,
                2.1297852146016987e-12,
                0.0,
                1.6586783929057029e-12
            ],
            [
                0.0,
                2.461696950300558e-10,
                0.9999999997428162,
                1.081594155063001e-11,
                1.9810087968299487e-13
            ],
            [
                1.0799698040886182e-11,
                1.1610769604321031e-10,
                4.2713634336079894e-11,
                0.0015011820345309068,
                0.9984988177958481
            ],
            [
                2.734687948697646e-12,
                2.2897261856462427e-11,
                3.51140883283744e-12,
                2.902312199652351e-06,
                0.999997097658657
            ]
        ],
        [
            [
                0.999999999406735,
                5.905303981648242e-10,
                0.0,
                0.0,
                2.7346982835823315e-12
            ],
            [
                0.9999999677558864,
                3.224186629264964e-08,
                7.835041522635412e-13,
                0.0,
                1.4637784650977213e-12
            ],
            [
                2.7346986272369917e-12,
                1.8553915903387417e-07,
                0.9999998100686973,
                4.363462788496309e-09,
                2.5946098167276875e-11
            ],
            [
                4.751740095117528e-13,
                7.432972111726076e-12,
                1.1398831917530303e-12,
                9.610239981707065e-05,
                0.9999038975911348
            ],
            [
                5.384940652391176e-13,
                4.508755606212047e-12,
                7.835042417457697e-13,
                1.125351838023621e-07,
                0.9999998874589854
            ]
        ],
        [
            [
                0.9999999976604279,
                2.335593026330697e-09,
                0.0,
                0.0,
                3.978962514595417e-12
            ],
            [
                0.9999999991380486,
                8.592166589028278e-10,
                0.0,
                0.0,
                2.734698281997117e-12
            ],
            [
                0.0,
                4.84736870440418e-11,
                0.9999999999311213,
                2.020683908244321e-11,
                1.9810087972863571e-13
            ],
            [
                6.91436093720519e-13,
                9.544980850689345e-12,
                1.4637702218929415e-12,
                4.785094848095264e-06,
                0.9999952148934518
            ],
            [
                6.914215987548186e-13,
                8.423239451130518e-12,
                1.291745606755014e-12,
                2.7535689838145404e-05,
                0.9999724642997555
            ]
        ],
        [
            [
                0.9999999969975277,
                2.9989608088486587e-09,
                0.0,
                0.0,
                3.511422094632311e-12
            ],
            [
                0.9999999979369667,
                2.06115361443717e-09,
                0.0,
                0.0,
                1.8795288092427618e-12
            ],
            [
                5.904864917255548e-10,
                7.484619299210358e-05,
                0.9999250993044216,
                5.3153900056843754e-08,
                7.581996635863881e-10
            ],
            [
                1.879231359500975e-12,
                2.5941988715014928e-11,
                6.559161941075669e-12,
                0.00015843624792954346,
                0.9998415637176902
            ],
            [
                1.2915755657695678e-12,
                1.7829650714577582e-11,
                2.4129808294672307e-12,
                0.00015843624779766861,
                0.9998415637306681
            ]
        ],
        [
            [
                0.9999999973503275,
                2.646573624892212e-09,
                0.0,
                0.0,
                3.098819122309717e-12
            ],
            [
                0.9999999865546152,
                1.3440409724749426e-08,
                1.463778489470532e-12,
                0.0,
                3.5114220542313374e-12
            ],
            [
                9.545035125773698e-12,
                5.043471923074235e-07,
                0.9999994703160267,
                2.510999209129304e-08,
                2.1724399812663707e-10
            ],
            [
                7.834982417852379e-13,
                1.081585960337745e-11,
                1.2917702167874738e-12,
                7.889265048677977e-06,
                0.9999921107220602
            ],
            [
                6.914215986402796e-13,
                1.225574108263798e-11,
                3.098736621621813e-12,
                2.7535690160188347e-05,
                0.9999724642937939
            ]
        ],
        [
            [
                0.9999999987485553,
                1.2501528628154651e-09,
                0.0,
                0.0,
                1.2917800010958035e-12
            ],
            [
                0.9999998554979592,
                1.4449803147535675e-07,
                1.879528905826797e-12,
                0.0,
                2.12978527213202e-12
            ],
            [
                2.5087112390666386e-08,
                0.0009110511079184576,
                0.9990888543621136,
                6.819384174005819e-08,
                1.249013779746394e-09
            ],
            [
                1.0054830631530666e-12,
                2.5931749979698086e-11,
                5.786155525899076e-12,
                0.0005527785843156439,
                0.9994472213829609
            ],
            [
                6.101913660889376e-13,
                1.2256021213789678e-11,
                2.1297771373325434e-12,
                3.726639115014163e-06,
                0.9999962733458889
            ]
        ],
        [
            [
                0.9999999969983744,
                2.998960810400555e-09,
                1.0060392744336168e-12,
                0.0,
                1.6586783509184276e-12
            ],
            [
                0.9999999715438972,
                2.8453347239855337e-08,
                1.2917799661970245e-12,
                0.0,
                1.4637784703988755e-12
            ],
            [
                7.581360178354966e-10,
                0.0001584362421458138,
                0.9998414158784115,
                1.4447515190299596e-07,
                2.6461547106502906e-09
            ],
            [
                1.8784896676296182e-12,
                3.32970260665185e-11,
                5.7861555247511825e-12,
                0.0005527785858369714,
                0.9994472213732013
            ],
            [
                4.752193656734105e-13,
                9.545036115847108e-12,
                1.291780166241866e-12,
                6.825604229447417e-08,
                0.9999999317326457
            ]
        ],
        [
            [
                0.9999999950497602,
                4.944450458422626e-09,
                0.0,
                0.0,
                5.789356277778633e-12
            ],
            [
                0.9999999987471124,
                1.2501528622436844e-09,
                0.0,
                0.0,
                2.7346982825289715e-12
            ],
            [
                0.0,
                2.1724399337463888e-10,
                0.9999999997447502,
                3.775134541963337e-11,
                2.5436656458165756e-13
            ],
            [
                6.533502448251622e-12,
                1.1580910189386798e-10,
                3.31798632126637e-11,
                0.004070137774017364,
                0.9959298620704603
            ],
            [
                6.10193697407105e-13,
                6.560200486884471e-12,
                7.835042165733916e-13,
                1.4449803163143517e-07,
                0.9999998554940145
            ]
        ],
        [
            [
                0.9999999965986333,
                3.398267800931964e-09,
                0.0,
                0.0,
                3.098819121794463e-12
            ],
            [
                0.9999999847657275,
                1.522997948499222e-08,
                1.8795287844870385e-12,
                0.0,
                2.4133627306775735e-12
            ],
            [
                4.352672897365727e-09,
                0.0024726219036712758,
                0.9975270652078624,
                3.0514592828007685e-07,
                3.3898650609221086e-09
            ],
            [
                1.13992453164971e-12,
                1.5736172763676208e-11,
                3.0986361401980947e-12,
                5.8291276772517375e-05,
                0.9999417087032527
            ],
            [
                1.6586563127908521e-12,
                1.5736892939068065e-11,
                2.734661943679323e-12,
                1.3007124769139469e-05,
                0.9999869928551007
            ]
        ],
        [
            [
                0.9999999992400852,
                7.582560409978068e-10,
                0.0,
                0.0,
                1.6586783549912201e-12
            ],
            [
                0.9999952148956566,
                4.785094841115816e-06,
                5.1090600778744075e-12,
                1.6586689601639687e-12,
                2.734682795672399e-12
            ],
            [
                1.573707415564823e-11,
                1.3709566513759446e-06,
