{
    "[['A', 'B', 'C', 'D', 'E'], ['A', 'B', 'C', 'D', 'E']]": [
        [
            [
                0.9999999997538302,
                2.461696947254201e-10,
                0.0,
                0.0,
                0.0
            ],
            [
                0.9999999928045752,
                7.19413297062357e-09,
                0.0,
                0.0,
                1.2917799940659262e-12
            ],
            [
                1.7832474115075113e-11,
                8.315279823754303e-07,
                0.999999159126174,
                9.237450287175152e-09,
                9.056077602601848e-11
            ],
            [
                2.7598463239433634e-11,
                1.3297684275636124e-09,
                5.959608627892476e-09,
                0.7310585851993531,
                0.26894140748367135
            ],
            [
                6.101890442343099e-13,
                1.2255974578092825e-11,
                5.10905031575223e-12,
                7.889265048637869e-06,
                0.9999921107169761
            ]
        ],
        [
            [
                0.9999999996824482,
                3.1608814498190847e-10,
                0.0,
                0.0,
                1.4637785120444925e-12
            ],
            [
                0.9999999973530562,
                2.6465736303409036e-09,
                0.0,
                0.0,
                3.701011666610743e-13
            ],
            [
                2.1723778204926335e-10,
                2.753566202525813e-05,
                0.9999718121806979,
                6.475767014869818e-07,
                4.363337492461874e-09
            ],
            [
                1.0759480718157357e-11,
                5.18420813211871e-10,
                2.2043813909121202e-08,
                0.9947798518567906,
                0.0052201255702151025
            ],
            [
                3.2661314949632356e-13,
                3.978962721225302e-12,
                1.0060393261567596e-12,
                5.043472050832793e-07,
                0.9999994956474832
            ]
        ],
        [
            [
                0.9999999994094697,
                5.905303987085331e-10,
                0.0,
                0.0,
                0.0
            ],
            [
                0.9999999966002684,
                3.398267802486878e-09,
                0.0,
                0.0,
                1.4637785067997566e-12
            ],
            [
                4.515985547814586e-08,
                0.037326284183222674,
                0.9626575615968147,
                1.6078022222548306e-05,
                3.103788450187941e-08
            ],
            [
                9.188743135950474e-12,
                5.016883763526484e-10,
                1.007668040716519e-08,
                0.9626731059299052,
                0.03732688348253733
            ],
            [
                1.0060182581477874e-12,
                2.5945552840533915e-11,
                8.423287746655775e-12,
                2.1444939764461284e-05,
                0.9999785550248607
            ]
        ],
        [
            [
                0.9999999999515263,
                4.8473686999682386e-11,
                0.0,
                0.0,
                0.0
            ],
            [
                0.9999999804430275,
                1.9555680674009253e-08,
                0.0,
                0.0,
                1.2917799774490887e-12
            ],
            [
                0.0,
                5.492788349189312e-11,
                0.9999999999247717,
                2.0206839083727734e-11,
                9.357622965832653e-14
            ],
            [
                1.4772392912134807e-11,
                8.065453245652926e-10,
                2.4843344981420763e-09,
                0.731058588188529,
                0.2689414085058187
            ],
            [
                7.834907767506784e-13,
                1.5736832925402735e-11,
                7.433553520033788e-12,
                1.670141510942746e-05,
                0.9999832985609367
            ]
        ],
        [
            [
                0.999999999868235,
                1.3176514253810498e-10,
                0.0,
                0.0,
                0.0
            ],
            [
                0.9999999677553124,
                3.224186627429168e-08,
                6.914399871410504e-13,
                0.0,
                2.1297850984075303e-12
            ],
            [
                1.1848729817112943e-08,
                0.0007094325282149103,
                0.9989552990782206,
                0.0003351121977552198,
                1.4434707943898558e-07
            ],
            [
                2.4355558367119272e-11,
                8.065453230334649e-10,
                5.259336163849444e-09,
                0.2689414082803007,
                0.7310585856294622
            ],
            [
                6.914334695111616e-13,
                1.573695323022725e-11,
                6.560138107138758e-12,
                1.0129988104881827e-05,
                0.9999898699889066
            ]
        ],
        [
            [
                0.9999999991397772,
                8.592166599601398e-10,
                0.0,
                0.0,
                1.006039276991588e-12
            ],
            [
                0.9999999969995754,
                2.998960811610797e-09,
                0.0,
                0.0,
                1.4637785076603504e-12
            ],
            [
                0.0,
                1.69189792153572e-10,
                0.9999999997678772,
                6.224144618936854e-11,
                6.9144001025289e-13
            ],
            [
                2.504805456893664e-11,
                1.065070382267802e-09,
                4.773314291350393e-09,
                0.14804720301082056,
                0.8519527911257467
            ],
            [
                5.384899415049385e-13,
                1.3887838633401772e-11,
                3.978932386489875e-12,
                7.889265048302445e-06,
                0.9999921107165464
            ]
        ],
        [
            [
                0.9999999998837177,
                1.1628233014318487e-10,
                0.0,
                0.0,
                0.0
            ],
            [
                0.9999999990263799,
                9.736200285810634e-10,
                0.0,
                0.0,
                0.0
            ],
            [
                1.953271928687905e-08,
                0.0011695059287962408,
                0.9988267157655834,
                3.722280977192527e-06,
                3.6491923845370194e-08
            ],
            [
                3.078819584240038e-11,
                1.3091474000486988e-09,
                6.307825419512289e-08,
                0.924141756783942,
                0.0758581787978682
            ],
            [
                0.0,
                3.098819037373204e-12,
                6.914399880800861e-13,
                3.224186631807894e-08,
                0.9999999677543433
            ]
        ],
        [
            [
                0.9999999995388027,
                4.599055368158111e-10,
                0.0,
                0.0,
                1.2917800018383897e-12
            ],
            [
                0.9999999997210531,
                2.7894680886007435e-10,
                0.0,
                0.0,
                0.0
            ],
            [
                1.4163198605537188e-09,
                0.00020342687184673675,
                0.9997964715611042,
                9.92916878389219e-08,
                8.59041419385752e-10
            ],
            [
                3.2922286339482215e-11,
                1.3998912370706703e-09,
                3.805298911548256e-09,
                0.320821286452687,
                0.6791787083092007
            ],
            [
                7.834997401203972e-13,
                1.3887865192689016e-11,
                2.1297731061716603e-12,
                4.785094848867366e-06,
                0.99999521488835
            ]
        ],
        [
            [
                0.9999999994788586,
                5.211412477783392e-10,
                0.0,
                0.0,
                0.0
            ],
            [
                0.9999999985823851,
                1.4166087828640129e-09,
                0.0,
                0.0,
                1.0060392765994377e-12
            ],
            [
                1.0434014182349364e-08,
                0.003172630289992631,
                0.9968106640861971,
                1.664842778866786e-05,
                4.67620073207875e-08
            ],
            [
                2.5940258680224862e-11,
                1.8185525311569128e-09,
                2.144058439641511e-05,
                0.9997751349701804,
                0.00020342260093033707
            ],
            [
                7.834878071685922e-13,
                1.7832100298214455e-11,
                7.43352534542341e-12,
                2.1444939762790678e-05,
                0.9999785550341881
            ]
        ],
        [
            [
                0.9999999994775668,
                5.211412480688192e-10,
                0.0,
                0.0,
                1.2917800030012083e-12
            ],
            [
                0.999999931742494,
                6.825604222290185e-08,
                0.0,
                0.0,
                1.4637786955444804e-12
            ],
            [
                2.0879679106367694e-14,
                1.4930946754755162e-10,
                0.9999999998327644,
                1.7832472899527535e-11,
                7.287724092297363e-14
            ],
            [
                2.2853236945859987e-11,
                8.575613896941615e-10,
                3.3917210908548002e-09,
                0.22270014317582654,
                0.7772998525520377
            ],
            [
                5.384868645338218e-13,
                1.5736892941603826e-11,
                2.4133306953018433e-12,
                1.3007124771235369e-05,
                0.99998699285654
            ]
        ],
        [
            [
                0.9999999999666846,
                3.331544538809729e-11,
                0.0,
                0.0,
                0.0
            ],
            [
                0.9999999979379586,
                2.0611536159143937e-09,
                0.0,
                0.0,
                8.878265450357308e-13
            ],
            [
                1.0261802659719064e-10,
                6.14417212655049e-06,
                0.9999930215554267,
                8.315232750012116e-07,
                2.6465537875731053e-09
            ],
            [
                3.3251266895026653e-11,
                1.2477445849418806e-09,
                8.136316746777376e-09,
                0.8807970682299819,
                0.11920292235270545
            ],
            [
                8.877741178535658e-13,
                2.2895996269129677e-11,
                9.54447124730099e-12,
                5.829127677005297e-05,
                0.9999417086899017
            ]
        ],
        [
            [
                0.9999999998082829,
                1.9171715109918144e-10,
                0.0,
                0.0,
                0.0
            ],
            [
                0.9999999976604279,
                2.3355930295858897e-09,
                0.0,
                0.0,
                3.978962520141028e-12
            ],
            [
                6.789972952090288e-08,
                0.0052201233166816454,
                0.9947795346614,
                2.6854863972072614e-07,
                5.573549204286413e-09
            ],
            [
                1.2563739420537563e-11,
                7.772910339411455e-10,
                5.743447054986932e-09,
                0.9046505241222195,
                0.09534946934447878
            ],
            [
                7.834937646974302e-13,
                9.544908056675271e-12,
                3.5113754419224966e-12,
                1.3007124769841595e-05,
                0.9999869928613904
            ]
        ],
        [
            [
                0.9999999997210531,
                2.7894680876094756e-10,
                0.0,
                0.0,
                0.0
            ],
            [
                0.9999952148992916,
                4.785094847011364e-06,
                3.5114022205483262e-12,
                6.914360935638978e-13,
                1.658668962207557e-12
            ],
            [
                1.9541737026868467e-08,
                0.0007096683474400493,
                0.9992873966407764,
                2.900250926509342e-06,
                1.521912009910063e-08
            ],
            [
                1.041221017696344e-11,
                3.042893850014421e-10,
                3.4480504589904e-10,
                0.037326883917647595,
                0.9626731154228457
            ],
            [
                4.752193415220983e-13,
                5.789356758102444e-12,
                1.4637786226880991e-12,
                2.3823698441919844e-07,
                0.9999997617552873
            ]
        ],
        [
            [
                0.9999999998506905,
                1.4930946735774735e-10,
                0.0,
                0.0,
                0.0
            ],
            [
                0.9999999990239665,
                9.736200283438902e-10,
                0.0,
                0.0,
                2.4133627645033794e-12
            ],
            [
                1.743896930538246e-07,
                0.06008628546437582,
                0.939907715188945,
                5.774993502415028e-06,
                4.9963483582896927e-08
            ],
            [
                9.325720918064568e-12,
                2.7253751457411775e-10,
                5.091671098517209e-10,
                0.022977367818554494,
                0.9770226313904151
            ],
            [
                4.752193665878749e-13,
                5.7893570634661165e-12,
                1.291780168727638e-12,
                1.855391598086341e-07,
                0.9999998144532839
            ]
        ],
        [
            [
                0.9999999991389037,
                8.592166599595043e-10,
                0.0,
                0.0,
                1.87952881225618e-12
            ],
            [
                0.9999999979377063,
                2.0611536152680054e-09,
                0.0,
                0.0,
                1.1399918490784349e-12
            ],
            [
                5.601333197254491e-09,
                0.00026119032636564736,
                0.9997386901502776,
                1.1250578475253192e-07,
                1.4162388215615338e-09
            ],
            [
                1.782645570191983e-11,
                8.589267366852412e-10,
                1.3704977910600995e-06,
                0.9996632788727975,
                0.00033534975265834155
            ],
            [
                4.1937797966812065e-13,
                9.544998821781611e-12,
                2.4133536440560438e-12,
                2.9023121994057568e-06,
                0.9999970976754229
            ]
        ],
        [
            [
                0.999999999683912,
                3.160881448834037e-10,
                0.0,
                0.0,
                0.0
            ],
            [
                0.9999999979378402,
                2.0611536152666662e-09,
                0.0,
                0.0,
                1.0060392757827508e-12
            ],
            [
                2.289717491577892e-11,
                7.88926503343104e-06,
                0.9999921088792336,
                1.8189479015095405e-09,
                1.3887838607222952e-11
            ],
            [
                9.495208621524848e-12,
                2.44884657933788e-10,
                5.184208249140183e-10,
                0.0052201256986198616,
                0.9947798735285793
            ],
            [
                5.384930494162679e-13,
                1.0815922026930368e-11,
                1.8795254226722216e-12,
                1.7603431334972623e-06,
                0.9999982396436325
            ]
        ],
        [
            [
                0.9999999992417439,
                7.58256041141413e-10,
                0.0,
                0.0,
                0.0
            ],
            [
                0.9999999715453609,
                2.845334724879325e-08,
                0.0,
                0.0,
                1.291779966602805e-12
            ],
            [
                2.5436655822531936e-13,
                2.5109990914565906e-08,
                0.9999999745294501,
                3.5817478385821425e-10,
                2.1297851164283546e-12
            ],
            [
                1.95074445222073e-11,
                1.0650703827867117e-09,
                3.280647738343207e-09,
                0.8519527927447145,
                0.14804720289006
            ],
            [
                3.7009907125579036e-13,
                5.789323532334256e-12,
                1.879518169108073e-12,
                4.785094848112783e-06,
                0.999995214897113
            ]
        ],
        [
            [
                0.9999999991389037,
                8.592166591707622e-10,
                0.0,
                0.0,
                1.8795288105308136e-12
            ],
            [
                0.9999999985815116,
                1.4166087826269725e-09,
                0.0,
                0.0,
                1.8795288112104362e-12
            ],
            [
                1.6918915059965613e-10,
                3.7266390385357276e-06,
                0.9999962528779123,
                1.9555606921823855e-08,
                7.582531670622596e-10
            ],
            [
                2.1160395725452076e-11,
                7.940379915451936e-10,
                1.5948679397594764e-08,
                0.92414180868703,
                0.07585817454909216
            ],
            [
                6.101890443477557e-13,
                1.3887838636574249e-11,
                1.879514575425149e-12,
                7.889265050104633e-06,
                0.9999921107185723
            ]
        ],
        [
            [
                0.9999999999377585,
                6.22414461473121e-11,
                0.0,
                0.0,
                0.0
            ],
            [
                0.9999999865577107,
                1.344040976027387e-08,
                0.0,
                0.0,
                1.879528789848749e-12
            ],
            [
                2.2897348759576715e-11,
                6.475946085626184e-07,
                0.9999993430901165,
                9.237449784258409e-09,
                5.4927884236696754e-11
            ],
            [
                1.5275807049629464e-11,
                6.495438441744316e-10,
                2.1509937966822717e-08,
                0.9706877505955797,
                0.029312227229662726
            ],
            [
                0.0,
                5.109089407448838e-12,
                1.1399919376967056e-12,
                2.3823698444093908e-07,
                0.9999997617567665
            ]
        ],
        [
            [
                0.9999999999377585,
                6.224144606047725e-11,
                0.0,
                0.0,
                0.0
            ],
            [
                0.9999999966004403,
                3.3982678041932976e-09,
                0.0,
                0.0,
                1.2917799989693489e-12
            ],
            [
                7.052759006589505e-11,
                1.670141462216934e-05,
                0.9999827929256977,
                5.043390210407642e-07,
                1.2501314461825745e-09
            ],
            [
                7.43216440042188e-12,
                1.1625861181856757e-10,
                3.33086499623264e-11,
                0.00020342706169463728,
                0.999796572781306
            ],
            [
                6.914373957538384e-13,
                1.3887891342486445e-11,
                2.1297771163729778e-12,
                2.902312200294629e-06,
                0.9999970976710906
            ]
        ],
        [
            [
                0.9999999998072768,
                1.917171510992071e-10,
                0.0,
                0.0,
                1.006039277831727e-12
            ],
            [
                0.9999989322933869,
                1.0677030749989933e-06,
                1.879525378096345e-12,
                0.0,
                1.658675324499165e-12
            ],
            [
                9.056042346675402e-11,
                3.7266389161887822e-06,
                0.9999962198667054,
                5.315764919489626e-08,
                2.461687534872336e-10
            ],
            [
                1.1519639445487198e-11,
                3.8147806663848827e-10,
                4.89827533472719e-10,
                0.06008665456519037,
                0.9399133445519844
            ],
            [
                5.384909712543319e-13,
                1.0815880285932071e-11,
                3.5114022214803803e-12,
                4.785094848281503e-06,
                0.999995214890286
            ]
        ],
        [
            [
                0.999999998178625,
                1.8189616824669832e-09,
                0.0,
                0.0,
                2.4133627650851257e-12
            ],
            [
                0.9999999991407833,
                8.592166602305484e-10,
                0.0,
                0.0,
                0.0
            ],
            [
                0.0,
                1.493094675333845e-10,
                0.9999999998276572,
                2.28973484432161e-11,
                1.3615261073024087e-13
            ],
            [
                3.862328966856262e-12,
                2.1087601640977719e-10,
                1.4493282523258898e-10,
                0.02931222794403964,
                0.9706877716962892
            ],
            [
                3.7009624876549227e-13,
                1.0815797800293268e-11,
                3.0987779516539136e-12,
                1.3007124771292652e-05,
                0.999986992860944
            ]
        ],
        [
            [
                0.9999999998082829,
                1.917171511273441e-10,
                0.0,
                0.0,
                0.0
            ],
            [
                0.999999887461473,
                1.1253518366230464e-07,
                1.4637786304507639e-12,
                0.0,
                1.879528965903154e-12
            ],
            [
                2.998783517396517e-09,
                5.829121717741001e-05,
                0.9999410447874938,
                6.475569298337782e-07,
                1.343961531422591e-08
            ],
            [
                1.8735657989879438e-12,
                6.204397820783423e-11,
                5.475361859243984e-11,
                0.0031726830770060013,
                0.9968273168043229
            ],
            [
                6.914281837272565e-13,
                1.573683292634008e-11,
                2.4133214916630616e-12,
                1.670141511042226e-05,
                0.999983298566048
            ]
        ],
        [
            [
                0.999999999868235,
                1.3176514251874908e-10,
                0.0,
                0.0,
                0.0
            ],
            [
                0.9999999993308415,
                6.691586078442812e-10,
                0.0,
                0.0,
                0.0
            ],
            [
                3.847226009445526e-09,
                0.0009110498142630483,
                0.9990875593877994,
                1.369708640791968e-06,
                1.7242070757652345e-08
            ],
            [
                1.7622029970899555e-11,
                9.621302362397384e-10,
                6.273877240719813e-09,
                0.6791787074869721,
                0.32082128525939846
            ],
            [
                2.543665836155673e-13,
                4.508755576913167e-12,
                1.1399919376491215e-12,
                2.382369844309949e-07,
                0.9999997617571125
            ]
        ],
        [
            [
                0.9999999996408191,
                3.581747925041497e-10,
                0.0,
                0.0,
                1.0060392778110358e-12
            ],
            [
                0.9999999993308415,
                6.69158607733569e-10,
                0.0,
                0.0,
                0.0
            ],
            [
                6.224133895993286e-11,
                1.3709567236239318e-06,
                0.9999985601345895,
                6.825591612844745e-08,
                5.905293821530932e-10
            ],
            [
                3.7738388067415146e-11,
                1.2497237770449736e-09,
                7.886616978193814e-06,
                0.9996567646083268,
                0.0003353474872328665
            ],
            [
                7.835027887382546e-13,
                1.2256045704467371e-11,
                4.508747244731113e-12,
                1.3709566545970275e-06,
                0.9999986290257972
            ]
        ],
        [
            [
                0.9999999999377585,
                6.224144616457472e-11,
                0.0,
                0.0,
                0.0
            ],
            [
                0.9999999976634009,
                2.3355930300333708e-09,
                0.0,
                0.0,
                1.0060392755074422e-12
            ],
            [
                2.3353036776355243e-09,
                0.0001233945146060452,
                0.9998765245654555,
                7.733463674569669e-08,
                1.2499979825168423e-09
            ],
            [
                2.58961129158745e-11,
                8.575614831825136e-10,
                9.717444680779584e-10,
                0.11920292363208286,
                0.880797074512715
            ],
            [
                6.914373956111275e-13,
                1.0815900650506655e-11,
                2.734687948738397e-12,
                2.9023121996955996e-06,
                0.9999970976735584
            ]
        ],
        [
            [
                0.999999999781616,
                2.1724399331508844e-10,
                0.0,
                0.0,
                1.1399918520325642e-12
            ],
            [
                0.9999999943959117,
                5.60279639913435e-09,
                0.0,
                0.0,
                1.2917799959318245e-12
            ],
            [
                8.592019634319907e-10,
                1.6701415076855267e-05,
                0.9999824628130173,
                8.315144942714668e-07,
                3.398209685857524e-09
            ],
            [
                5.0911148498316005e-11,
                1.685945692257834e-09,
                4.044373468127574e-09,
                0.4378234970229729,
                0.5621764971957967
            ],
            [
                4.193795483230003e-13,
                5.109088814687502e-12,
                8.878265107668076e-13,
                4.139937545884946e-08,
                0.9999999585942083
            ]
        ],
        [
            [
                0.9999999998837177,
                1.1628233017535632e-10,
                0.0,
                0.0,
                0.0
            ],
            [
                0.9999999530858157,
                4.691163797184873e-08,
                8.878265053299019e-13,
                0.0,
                1.6586782794837666e-12
            ],
            [
                2.1724359478204644e-10,
                2.2603252584116903e-06,
                0.9999977330464682,
                6.348788463566135e-09,
                6.224133199220766e-11
            ],
            [
                1.6567370478614842e-12,
                7.044625186466011e-11,
                4.272781161775463e-11,
                0.0011695103480225725,
                0.9988304895371466
            ],
            [
                6.101890443095697e-13,
                1.388783863570514e-11,
                4.508721079356291e-12,
                7.88926504961092e-06,
                0.9999921107159436
            ]
        ],
        [
            [
                0.9999999999377585,
                6.224144613694093e-11,
                0.0,
                0.0,
                0.0
            ],
            [
                0.9999999928052087,
                7.194132974316743e-09,
                2.882350771004359e-13,
                0.0,
                3.701011649779106e-13
            ],
            [
                3.331538425169374e-11,
                2.26032525682544e-06,
                0.9999977323923802,
                7.194119821289791e-09,
                5.492778265731555e-11
            ],
            [
                1.3369542446497463e-11,
                7.299522843683588e-10,
                4.2005853689826536e-09,
                0.9626731113893404,
                0.037326883666752395
            ],
            [
                8.87802906513643e-13,
                2.5945404081759896e-11,
                6.5600254810229925e-12,
                2.7535689840179486e-05,
                0.9999724642767666
            ]
        ],
        [
            [
                0.9999999998506905,
                1.4930946741061321e-10,
                0.0,
                0.0,
                0.0
            ],
            [
                0.9999999987498471,
                1.2501528632598683e-09,
                0.0,
                0.0,
                0.0
            ],
            [
                5.914803102706926e-06,
                0.9626629250877363,
                0.03732649566912831,
                4.6064532881013295e-06,
                5.798674452418991e-08
            ],
            [
                9.214664358442127e-12,
                3.918174987883735e-10,
                5.0310362714729e-10,
                0.14804720393754084,
                0.8519527951583235
            ],
            [
                5.384889273871663e-13,
                8.423384064828777e-12,
                3.978924893116765e-12,
                1.0129988102814313e-05,
                0.9999898699989564
            ]
        ],
        [
            [
                0.9999999918463208,
                8.152020637803546e-09,
                0.0,
                0.0,
                1.6586783433149987e-12
            ],
            [
                0.9999999936466911,
                6.348800056667989e-09,
                0.0,
                0.0,
                4.5087552001277295e-12
            ],
            [
                4.598713521631358e-10,
                7.484619462195894e-05,
                0.9999251209897623,
                3.223947076982554e-08,
                1.1627368680310947e-10
            ],
            [
                2.723783667337316e-11,
                1.1581822866928172e-09,
                1.0988527586491107e-08,
                0.8175744751624765,
                0.18242551266357576
            ],
            [
                2.1296878744099815e-12,
                5.492537419855778e-11,
                1.3887309411787801e-11,
                4.539785619922737e-05,
                0.9999546020728585
            ]
        ],
        [
            [
                0.9999999999377585,
                6.22414461473121e-11,
                0.0,
                0.0,
                0.0
            ],
            [
                0.9999999317406566,
                6.825604219531342e-08,
                8.878266575230408e-13,
                0.0,
                2.4133630699664136e-12
            ],
            [
                1.103232949272395e-09,
                2.144493916971032e-05,
                0.999978408489134,
                1.4449486352412004e-07,
                9.735996605621567e-10
            ],
            [
                7.215780473616072e-12,
                3.476757734950453e-10,
                6.495438583292394e-10,
                0.029312227923783234,
                0.9706877710717814
            ],
            [
                7.83501215098856e-13,
                1.388789133730777e-11,
                3.098807418217474e-12,
                2.9023121992123817e-06,
                0.9999970976700306
            ]
        ],
        [
            [
                0.9999999994094697,
                5.905303985970687e-10,
                0.0,
                0.0,
                0.0
            ],
            [
                0.9999989322922634,
                1.067703075794312e-06,
                2.4133583585830247e-12,
                7.835027457338759e-13,
                1.4637758373543601e-12
            ],
            [
                5.596239185549485e-09,
                0.0011695098420374602,
                0.998830298482188,
                1.8532216663532166e-07,
                7.573686152361703e-10
            ],
            [
                1.6528430039115547e-11,
                7.02806729025533e-10,
                1.0225777568680514e-09,
                0.5621765003464652,
                0.43782349791162195
            ],
            [
                5.384909713218955e-13,
                1.0815880287289122e-11,
                2.4133491006490673e-12,
                4.785094848881881e-06,
                0.9999952148913834
            ]
        ],
        [
            [
                0.9999999999200804,
                7.991959879474603e-11,
                0.0,
                0.0,
                0.0
            ],
            [
                0.9999999994094697,
                5.905303985970687e-10,
                0.0,
                0.0,
                0.0
            ],
            [
                6.533846651919817e-06,
                0.7308733461004534,
                0.2688732872509675,
                0.000245180786780577,
                1.6520151465216026e-06
            ],
            [
                1.6739314184158024e-11,
                8.065453249351969e-10,
                2.192417500599942e-09,
                0.26894140933917177,
                0.7310585876451261
            ],
            [
                6.914387622552651e-13,
                1.5737073692527802e-11,
                3.0988135436075012e-12,
                1.7603431337393513e-06,
                0.9999982396373389
            ]
        ],
        [
            [
                0.9999999985822512,
                1.4166087820580436e-09,
                0.0,
                0.0,
                1.1399918493545319e-12
            ],
            [
                0.99999999439642,
                5.602796399956357e-09,
                0.0,
                0.0,
                7.835041732510632e-13
            ],
            [
                4.420228099447073e-14,
                6.691586084943521e-10,
                0.9999999992973274,
                3.331544539005301e-11,
                1.5428112017280032e-13
            ],
            [
                3.9230020773897245e-12,
                1.47209566908589e-10,
                2.750236782723197e-10,
                0.01406362731005987,
                0.9859363722637839
            ],
            [
                5.384930373367426e-13,
                5.789345745017627e-12,
                1.8795253805105362e-12,
                1.0677030763704243e-06,
                0.9999989322887163
            ]
        ],
        [
            [
                0.9999999998673472,
                1.3176514257026085e-10,
                0.0,
                0.0,
                8.878265469653578e-13
            ],
            [
                0.9999999677569937,
                3.224186628731849e-08,
                0.0,
                0.0,
                1.1399918146726683e-12
            ],
            [
                1.4374346717657844e-07,
                0.005220118810443572,
                0.9947783415725416,
                1.3638000447736487e-06,
                3.2073502851400514e-08
            ],
            [
                1.463287302481215e-12,
                7.050513060864824e-11,
                1.782648872525148e-11,
                0.000335350055366879,
                0.9996646498548382
            ],
            [
                5.384919906729592e-13,
                1.2256021216420925e-11,
                1.6586721026782604e-12,
                3.7266391158142356e-06,
                0.999996273346431
            ]
        ],
        [
            [
                0.9999999997538302,
                2.461696946727574e-10,
                0.0,
                0.0,
                0.0
            ],
            [
                0.9999999994767288,
                5.211412471369171e-10,
                0.0,
                0.0,
                2.1297851642046964e-12
            ],
            [
                4.847369225496657e-11,
                1.8553915613564165e-07,
                0.9999997945777402,
                1.9555683182559305e-08,
                2.789468391663089e-10
            ],
            [
                1.1398114363754116e-12,
                2.28937246907899e-11,
                8.42213064558064e-12,
                0.00015843624734824283,
                0.9998415637201961
            ],
            [
                3.70101195414906e-13,
                7.433681225821988e-12,
                8.87826613948507e-13,
                2.3823698448795833e-07,
                0.9999997617543239
            ]
        ],
        [
            [
                0.999999999917667,
                7.991959873629964e-11,
                0.0,
                0.0,
                2.413362765997881e-12
            ],
            [
                0.9999999943932245,
                5.602796394575422e-09,
                0.0,
                0.0,
                3.978962505326837e-12
            ],
            [
                1.0261509049377688e-10,
                3.535625772032403e-05,
                0.9999645304394194,
                1.1253111079061266e-07,
                6.69134444126225e-10
            ],
            [
                1.1448668730499318e-11,
                6.250761330275688e-10,
                1.3232861840035496e-09,
                0.49999999934581874,
                0.49999999869437023
            ],
            [
                4.1935479967037294e-13,
                1.2255343670589907e-11,
                3.5112147487941777e-12,
                5.829127677105222e-05,
                0.999941708707043
            ]
        ],
        [
            [
                0.9999999996406852,
                3.5817479250446214e-10,
                0.0,
                0.0,
                1.1399918513770367e-12
            ],
            [
                0.9999999956353978,
                4.363462228441268e-09,
                0.0,
                0.0,
                1.1399918466428848e-12
            ],
            [
                3.998624759433371e-05,
                0.8807560239377674,
