{
    "[['A', 'B', 'C', 'D', 'E'], ['A', 'B', 'C', 'D', 'E']]": [
        [
            [
                0.9999999582407579,
                4.139937541337095e-08,
                2.5946093870650225e-11,
                1.7832472143802057e-11,
                3.160881318830418e-10
            ],
            [
                0.0007059953676877223,
                0.9941153124927853,
                0.0031640517230753684,
                0.0019190943789617978,
                9.554603748984255e-05
            ],
            [
                0.0,
                9.54503492001522e-12,
                0.9999999999829388,
                7.433680670151759e-12,
                8.258073283111464e-14
            ],
            [
                0.9999991683619589,
                1.0261880402729206e-10,
                0.0,
                7.433681230882503e-12,
                8.315279885732941e-07
            ],
            [
                0.9999962732147413,
                1.317646454428952e-10,
                2.1297771335278316e-12,
                1.2256021191895075e-11,
                3.726639108356759e-06
            ]
        ],
        [
            [
                0.9999993509044494,
                6.475946131732746e-07,
                5.4927884627764845e-11,
                2.94007779913837e-11,
                1.4166088154824187e-09
            ],
            [
                0.9241416332559244,
                0.07585815845866709,
                1.513168609354879e-07,
                3.37633554136931e-08,
                2.32051921918404e-08
            ],
            [
                3.2661313376557226e-13,
                1.4166087844174295e-09,
                0.9999999985450887,
                3.7751345383476305e-11,
                2.2447770514939947e-13
            ],
            [
                0.999999980338107,
                1.0261879415396842e-10,
                1.4637784832716508e-12,
                2.1297851260631044e-12,
                1.9555680675646035e-08
            ],
            [
                0.9890130433499451,
                7.11509460174783e-09,
                2.148572397750478e-10,
                7.11509460174783e-09,
                0.010986942205008548
            ]
        ],
        [
            [
                0.9999996049263282,
                8.764249577023568e-08,
                2.7894685249568583e-10,
                1.2501530600351197e-09,
                3.0590207615492886e-07
            ],
            [
                0.9997388091210423,
                0.000261190328346189,
                2.788739586841413e-10,
                1.025919960779898e-10,
                1.6914560613736592e-10
            ],
            [
                1.0060392757167744e-12,
                3.3982678074477616e-09,
                0.9999999965454283,
                5.4927883314820214e-11,
                3.7010116654720957e-13
            ],
            [
                0.9999999995218165,
                7.052879840872764e-11,
                7.835041773689447e-13,
                1.0060392778227456e-12,
                4.0586521205833274e-10
            ],
            [
                0.9984988085610051,
                4.356909102519307e-09,
                1.315672547049651e-10,
                4.9370248096725276e-09,
                0.0015011820134937792
            ]
        ],
        [
            [
                0.9999986283244257,
                1.3709566512430682e-06,
                1.4930920241150392e-10,
                4.8473600962202e-11,
                5.211403231212372e-10
            ],
            [
                0.8807969452868721,
                0.11920288982153548,
                1.272734032078578e-07,
                2.839853484040499e-08,
                9.21965440529954e-09
            ],
            [
                4.1937956176350373e-13,
                9.237449572224845e-09,
                0.9999999904008573,
                3.5817478954849773e-10,
                3.0988191086154805e-12
            ],
            [
                0.9525741035970762,
                8.799351543421152e-09,
                4.38093916885178e-10,
                1.2802980949885196e-08,
                0.047425874362497525
            ],
            [
                0.9999998552650085,
                2.1724400388660148e-10,
                3.978962725929757e-12,
                1.573710285869339e-11,
                1.444980315142298e-07
            ]
        ],
        [
            [
                0.9999999316440963,
                6.825604222754724e-08,
                5.7893570466490346e-12,
                3.511422548816022e-12,
                9.056078112686165e-11
            ],
            [
                0.014063559389083099,
                0.9859315633344459,
                4.7177963201177886e-06,
                1.424651043870001e-07,
                1.7015046518172603e-08
            ],
            [
                4.4202281018899785e-14,
                1.6918979219448388e-10,
                0.9999999998210667,
                9.545034919059103e-12,
                1.542811202580661e-13
            ],
            [
                0.9999999843977918,
                3.5817478713225064e-10,
                4.508755168074289e-12,
                9.545034765715753e-12,
                1.522997949400546e-08
            ],
            [
                1.444980312807841e-07,
                1.493094745116666e-10,
                1.3887944506015247e-11,
                1.8189617715141873e-09,
                0.9999998535198095
            ]
        ],
        [
            [
                0.9999998509857044,
                1.444980308958787e-07,
                9.056077383567728e-11,
                6.224144893627497e-11,
                4.363462442732874e-09
            ],
            [
                0.09534926994943795,
                0.9046486161250386,
                2.0448030447672813e-06,
                6.174776045318707e-08,
                7.374718314746495e-09
            ],
            [
                1.0603575989083321e-13,
                4.27778786798442e-11,
                0.9999999999390292,
                1.7832472904042058e-11,
                2.5436656467914713e-13
            ],
            [
                0.9999952145047294,
                3.581727632366199e-10,
                4.508729690988207e-12,
                3.775113150431997e-11,
                4.785094838086273e-06
            ],
            [
                0.9999982379423252,
                1.6052251530682662e-09,
                2.940072423871141e-11,
                7.991945444162462e-11,
                1.7603431295980586e-06
            ]
        ],
        [
            [
                0.9999989319221906,
                1.0677030756021091e-06,
                1.026186086423728e-10,
                2.5946047531183e-11,
                2.461692449734666e-10
            ],
            [
                0.037326776937202294,
                0.962670349233253,
                2.7939788814532107e-06,
                7.445701516756825e-08,
                5.393648088234219e-09
            ],
            [
                5.78935620539891e-12,
                1.955568067125216e-08,
                0.9999999788130951,
                1.605228020989138e-09,
                2.0206838659752094e-11
            ],
            [
                0.999999999807913,
                2.289734841962066e-11,
                0.0,
                0.0,
                1.6918979198933813e-10
            ],
            [
                0.9999996069432754,
                2.461697043253208e-10,
                3.978962683632716e-12,
                2.020683984078953e-11,
                3.9278636913784833e-07
            ]
        ],
        [
            [
                0.9999992560672595,
                5.04347203917878e-07,
                5.90530426043886e-10,
                7.582560763677902e-10,
                2.3823675009925763e-07
            ],
            [
                0.9968273097469927,
                0.003172683057066599,
                4.349618637687429e-09,
                1.2461866042099338e-09,
                1.6001352737413417e-09
            ],
            [
                1.2256067909086317e-11,
                3.927863694501502e-07,
                0.9999996061983535,
                9.736200682394361e-10,
                2.9400778508290156e-11
            ],
            [
                0.970687705839952,
                2.1509936968320983e-08,
                1.2135076047222541e-09,
                4.553653691927311e-08,
                0.029312225900066585
            ],
            [
                0.9999999943056368,
                9.056076923567209e-11,
                0.0,
                1.0060392719396416e-12,
                5.602796396639145e-09
            ]
        ],
        [
            [
                0.9999999029332477,
                8.764249057062793e-08,
                1.1628234141557675e-10,
                7.052880525171945e-11,
                9.23745054481469e-09
            ],
            [
                0.9626730314525195,
                0.03732688491486009,
                6.570821273659209e-08,
                1.0076680785659586e-08,
                7.847726886632264e-09
            ],
            [
                0.0,
                2.0206839082458393e-11,
                0.9999999999739595,
                5.789356326506292e-12,
                4.4202281019428536e-14
            ],
            [
                0.9995694389374217,
                2.9976684098692118e-09,
                9.05217423457924e-11,
                8.588463788237876e-10,
                0.0004305571155419751
            ],
            [
                0.0009110513483023888,
                4.359485573119137e-09,
                2.45945346257794e-10,
                5.31094066662978e-08,
                0.99908889093686
            ]
        ],
        [
            [
                0.9999999083783734,
                8.764249104785234e-08,
                4.847369195938856e-11,
                7.991960700280969e-11,
                3.850742311759567e-09
            ],
            [
                0.9933071461089015,
                0.006692851398603657,
                2.0473577944499386e-09,
                2.770797469985691e-10,
                1.6805736174005167e-10
            ],
            [
                3.9008376078244593e-14,
                4.5990553758743107e-10,
                0.9999999995277267,
                1.2256067436696347e-11,
                7.287724091417627e-14
            ],
            [
                0.8175743005639641,
                3.835372907167279e-08,
                1.6851452484322388e-09,
                1.7188965231389172e-07,
                0.18242548750750923
            ],
            [
                0.995929856104054,
                3.384438033631796e-09,
                1.3122890370962384e-10,
                2.6358029908490887e-09,
                0.004070137744475939
            ]
        ],
        [
            [
                0.9999998795657498,
                8.764248849840597e-08,
                1.9171716516570875e-10,
                3.581748187912011e-10,
                3.224186969166816e-08
            ],
            [
                0.9626729840523516,
                0.03732688306087526,
                7.445715593608391e-08,
                2.7391256916981493e-08,
                3.103836040303358e-08
            ],
            [
                4.944271605400533e-09,
                3.535625528917925e-05,
                0.9999645812812056,
                5.315592922520404e-08,
                4.363304377302936e-09
            ],
            [
                0.9947798474365276,
                1.9453597406651757e-08,
                4.0374653343657963e-10,
                7.156578542733268e-09,
                0.0052201255495499446
            ],
            [
                0.9046505123601436,
                8.356666046668563e-09,
                3.240231060738216e-10,
                1.0730171602693903e-08,
                0.09534946822899566
            ]
        ],
        [
            [
                0.999986989224752,
                1.300712471284741e-05,
                4.5989942309589093e-10,
                1.9171460236073397e-10,
                2.998920951552474e-09
            ],
            [
                0.7772994334365961,
                0.22270001627629282,
                5.03375574937534e-07,
                4.13195439706451e-08,
                5.5919921864749275e-09
            ],
            [
                2.5092085574502765e-08,
                0.0007096676237335333,
                0.9992865059994276,
                3.723995688584146e-06,
                7.72890647610765e-08
            ],
            [
                0.9999251504255221,
                2.6463769892031097e-09,
                6.223682147126929e-11,
                6.691088882970962e-10,
                7.484619675521727e-05
            ],
            [
                0.9933071128964438,
                1.0397340439650702e-08,
                5.865778087115998e-10,
                2.4941923103643075e-08,
                0.006692851177714844
            ]
        ],
        [
            [
                0.9999998454903873,
                4.1399378740237115e-08,
                1.6918979860575756e-10,
                4.058652278666207e-10,
                1.1253517893908027e-07
            ],
            [
                0.9988304868757004,
                0.0011695103444499758,
                2.0587412483320737e-09,
                3.157181958802518e-10,
                4.0539018802104225e-10
            ],
            [
                2.6465635336516043e-09,
                3.726638942816575e-06,
                0.999996227254129,
                4.13992191150283e-08,
                2.0611457524560936e-09
            ],
            [
                0.9996646410779862,
                8.14928499427211e-09,
                1.3172092390233866e-10,
                5.903322249879432e-10,
                0.0003353500506754672
            ],
            [
                0.9999952142587251,
                5.905270536673007e-10,
                7.433638549569435e-12,
                4.8473412387655383e-11,
                4.785094840789826e-06
            ]
        ],
        [
            [
                0.49544639741785207,
                2.8881874105362738e-05,
                3.908736612453456e-06,
                0.009074415095452213,
                0.49544639687597775
            ],
            [
                0.6791772451343607,
                0.3208206231668886,
                1.5351641578713011e-06,
                4.983948316530211e-07,
                9.813976121390865e-08
            ],
            [
                1.748234126666623e-13,
                7.582560420953046e-10,
                0.9999999991985369,
                4.277787865043078e-11,
                2.543665645042485e-13
            ],
            [
                0.09534944825791579,
                3.305125631980037e-08,
                2.1128961267195145e-09,
                7.928584222014301e-08,
                0.9046504372920895
            ],
            [
                0.9999999466873981,
                1.4930945938805204e-10,
                1.463778433425511e-12,
                3.978962316470815e-12,
                5.31578496135687e-08
            ]
        ],
        [
            [
                0.9999999122646568,
                8.764249137709431e-08,
                8.423464637029073e-12,
                4.5087557146953796e-12,
                7.991960730303951e-11
            ],
            [
                0.9626730892435915,
                0.0373268828300556,
                2.1332332219609334e-08,
                3.707003492796501e-09,
                2.887017223038348e-09
            ],
            [
                8.856145448640696e-07,
                0.06008563415859282,
                0.9398974948164995,
                1.5697893415850854e-05,
                2.875169471185621e-07
            ],
            [
                0.9999999997776743,
                9.056076968993502e-11,
                0.0,
                0.0,
                1.3176514240007167e-10
            ],
            [
                0.99998699193992,
                8.59205240231012e-10,
                1.3887759250597723e-11,
                6.224061884489017e-11,
                1.3007124746253692e-05
            ]
        ],
        [
            [
                0.9999999988300452,
                7.582560410675149e-10,
                3.0988191316775567e-12,
                2.734698285375329e-12,
                4.058652117249522e-10
            ],
            [
                0.7772740584922597,
                0.22269273925193597,
                1.0110231070594938e-05,
                1.0110231070594938e-05,
                1.2981793663230016e-05
            ],
            [
                0.0,
                6.224144620656612e-11,
                0.9999999999172633,
                2.0206839082913688e-11,
                2.8823507924018883e-13
            ],
            [
                0.00015843625136917228,
                1.8186738685261806e-09,
                2.1720961842719954e-10,
                8.762861429710248e-08,
                0.999841474084133
            ],
            [
                0.9999999121739915,
                1.6918980994802e-10,
                3.5114224804482528e-12,
                1.0815942687946255e-11,
                8.764249135627378e-08
            ]
        ],
        [
            [
                0.999999966750944,
                3.224186626024842e-08,
                1.573710156394533e-11,
                1.7832472292940185e-11,
                9.736199977118358e-10
            ],
            [
                0.9706877402139406,
                0.02931222694099105,
                2.4373952671985775e-08,
                4.235557873285482e-09,
                4.235557873285482e-09
            ],
            [
                0.0,
                2.289734844822584e-11,
                0.9999999999566713,
                2.0206839082959496e-11,
                2.2447770542141638e-13
            ],
            [
                0.999903892238686,
                4.943979177338066e-09,
                1.0260901428701033e-10,
                3.160580146577202e-10,
                9.61023986677101e-05
            ],
            [
                0.9999952143195497,
                5.21138295600455e-10,
                9.544980833308345e-12,
                5.492757224577961e-11,
                4.7850948393818125e-06
            ]
        ],
        [
            [
                0.9999997716517239,
                1.1253518406546493e-07,
                2.789468324538205e-10,
                2.9989610739252555e-09,
                1.1253518406546493e-07
            ],
            [
                0.9947798682682988,
                0.005220125668181244,
                4.340684397404864e-09,
                7.542978450108622e-10,
                9.685376047467378e-10
            ],
            [
                0.9999997994121038,
                1.855391568524088e-07,
                1.2501530051265354e-09,
                3.581748327779342e-10,
                1.3440411442728364e-08
            ],
            [
                0.6791784321458391,
                8.660820487757779e-08,
                4.311968617457932e-09,
                3.0229233795286595e-07,
                0.32082117464164955
            ],
            [
                0.1824254364652562,
                3.835372746930834e-08,
                4.042453134322174e-09,
                4.1234142975771284e-07,
                0.8175741087971334
            ]
        ],
        [
            [
                0.9999994872818776,
                5.043472002903303e-07,
                1.1628233461498029e-10,
                1.0261880012302559e-10,
                8.152021016818728e-09
            ],
            [
                0.9399132275771439,
                0.060086639256180324,
                9.334460395825463e-08,
                2.360121193535924e-08,
                1.6220859929645935e-08
            ],
            [
                9.5450353734702e-12,
                1.444980314328045e-07,
                0.9999998538444175,
                1.605228130969853e-09,
                4.2777880709271604e-11
            ],
            [
                0.9999832975834974,
                7.582430712734839e-10,
                2.5945651121837098e-11,
                2.1724027710585618e-10,
                1.6701415073554586e-05
            ],
            [
                0.9770225975908267,
                1.313159236707425e-08,
                6.53783486958446e-10,
                2.1650335653758762e-08,
                0.022977366973462057
            ]
        ],
        [
            [
                0.9999999745438326,
                2.5109990886844344e-08,
                1.7832472431906657e-11,
                1.225606711678502e-11,
                3.16088136989818e-10
            ],
            [
                0.9947798718619003,
                0.00522012568087899,
                2.050394132745809e-09,
                2.161099516376046e-10,
                1.9071636293789276e-10
            ],
            [
                9.736126976629717e-10,
                7.889257878329935e-06,
                0.9999917982660301,
                3.0589972461241515e-07,
                5.602754235364496e-09
            ],
            [
                0.9890129258910259,
                1.934083240601271e-08,
                1.2364180496737727e-09,
                1.112988059198191e-07,
                0.010986942232917817
            ],
            [
                7.88926496903418e-06,
                9.736126442164122e-10,
                4.847331928141931e-11,
                8.151958863168542e-09,
                0.9999921015609862
            ]
        ],
        [
            [
                0.9999998872077382,
                1.1253518367370901e-07,
                2.5946097047301448e-11,
                1.3887944970030928e-11,
                2.1724401079405655e-10
            ],
            [
                0.982013775976591,
                0.017986211320609763,
                1.1647778863090614e-08,
                7.446175905260789e-10,
                3.1040279267484583e-10
            ],
            [
                3.4424771077688145e-14,
                6.224144621640052e-11,
                0.9999999999280855,
                9.5450349208965e-12,
                9.357622966934219e-14
            ],
            [
                3.535625709001532e-05,
                1.103216171321582e-09,
                1.4930407301701778e-10,
                1.0467023603898022e-08,
                0.9999646320233662
            ],
            [
                0.99990389455389,
                2.6463213627169817e-09,
                4.277380102482368e-11,
                3.581406511584016e-10,
                9.61023988742313e-05
            ]
        ],
        [
            [
                0.999999996843886,
                2.9989608124723964e-09,
                5.109089006964146e-12,
                2.7346982802982977e-12,
                1.49309467003108e-10
            ],
            [
                0.9706877103350752,
                0.029312229523832365,
                5.159966275820452e-08,
                6.983254974295305e-09,
                1.5581748007718305e-09
            ],
            [
                0.0,
                1.317651426622881e-10,
                0.9999999998558589,
                1.2256067440502932e-11,
                1.2015425728245853e-13
            ],
            [
                0.9999999917137447,
                1.3176514144438847e-10,
                1.0060392696893157e-12,
                1.4637785001667195e-12,
                8.152020636729169e-09
            ],
            [
                0.9999998873276084,
                1.3176515323776964e-10,
                1.4637786311793502e-12,
                3.978962854021482e-12,
                1.125351837183183e-07
            ]
        ],
        [
            [
                0.999999991430445,
                8.152020636674006e-09,
                6.56020010554864e-12,
                5.109088979306394e-12,
                4.0586520877432655e-10
            ],
            [
                0.37754059341548496,
                0.6224592065237087,
                1.90411715507939e-07,
                8.366106905391454e-09,
                1.2829840470974335e-09
            ],
            [
                4.508755144019296e-12,
                1.9555680661603162e-08,
                0.9999999783527107,
                2.0611535775124196e-09,
                2.5946094417228045e-11
            ],
            [
                0.0005527785602376326,
                2.645110302589129e-09,
                2.7879257477349253e-10,
                3.651462140242201e-08,
                0.999447182001238
            ],
            [
                0.9999999994910107,
                4.847368694985819e-11,
                0.0,
                6.101936663400314e-13,
                4.599055367945941e-10
            ]
        ],
        [
            [
                0.9999938551927914,
                6.144172117960477e-06,
                1.4930863225857437e-10,
                7.991915179294111e-11,
                4.0586294190055675e-10
            ],
            [
                0.9998766050162788,
                0.0001233946274869232,
                2.1721707028204977e-10,
                4.846767967900651e-11,
                9.054954662642377e-11
            ],
            [
                1.4637785087043876e-12,
                3.398267806908617e-09,
                0.9999999964279798,
                1.6918979163487038e-10,
                3.0988191272444647e-12
            ],
            [
                0.9999999999464062,
                1.0815941541384067e-11,
                0.0,
                0.0,
                4.277787862679783e-11
            ],
            [
                0.9999999949823577,
                7.052879806906153e-11,
                7.835041735955953e-13,
                1.8795288047585817e-12,
                4.944450470947841e-09
            ]
        ],
        [
            [
                0.9999996926251628,
                3.059023582935657e-07,
                1.3176515897946473e-10,
                9.056078108477412e-11,
                1.250153020832946e-09
            ],
            [
                0.9999417071574315,
                5.8291276630757494e-05,
                7.582112626849063e-10,
                2.172311637926473e-10,
                5.904955251125637e-10
            ],
            [
                0.0,
                3.331544541231919e-11,
                0.9999999999367455,
                2.940077738459785e-11,
                5.384940216243568e-13
            ],
            [
                0.07585817225387527,
                2.3205190879278306e-08,
                8.997628939279171e-10,
                2.3205190879278306e-08,
                0.92414178043598
            ],
            [
                0.9999996938822062,
                1.9171717506566022e-10,
                3.5114225472708657e-12,
                2.020684158711178e-11,
                3.059023583011234e-07
            ]
        ],
        [
            [
                0.99999995805149,
                4.139937541563845e-08,
                1.5737101433193336e-11,
                1.2256066919445098e-11,
                5.211412264799818e-10
            ],
            [
                0.9914225024997877,
                0.00857748558480821,
                6.294337463191103e-09,
                1.8033578762610513e-09,
                3.8177086540032436e-09
            ],
            [
                0.3237422577763647,
                0.09275370774390182,
                0.5337607391437393,
                0.0059295461550596725,
                0.04381374918093446
            ],
            [
                0.999997097280292,
                3.581734380205481e-10,
                6.560175350320773e-12,
                4.277771685708999e-11,
                2.9023121967680017e-06
            ],
            [
                0.9999989313615812,
                8.592150895559549e-10,
                1.3887918450108133e-11,
                6.224133232759598e-11,
                1.0677030743832154e-06
            ]
        ],
        [
            [
                0.9999991678610153,
                8.31527986668651e-07,
                1.026188037922402e-10,
                4.847369059374707e-11,
                4.5990557136684925e-10
            ],
            [
                0.977022598742709,
                0.022977367001609756,
                3.150105255277286e-08,
                2.0137949154588644e-09,
                7.408337481328991e-10
            ],
            [
                2.4133627523737976e-12,
                7.194132972317682e-09,
                0.9999999920273651,
                7.582560366772239e-10,
                1.783247276435967e-11
            ],
            [
                0.9999999879405242,
                1.9171714882414713e-10,
                2.1297851426091356e-12,
                4.508755182284968e-12,
                1.1861119993476726e-08
            ],
            [
                0.999997096849478,
                7.582531738147554e-10,
                1.7832405436287716e-11,
                6.224121072915109e-11,
                2.9023121951413978e-06
            ]
        ],
        [
            [
                0.9999999572951249,
                4.139937537422233e-08,
                2.9400776104851617e-11,
                2.594609384611474e-11,
                1.250152811619882e-09
            ],
            [
                0.9999938543485285,
                6.144172097875687e-06,
                1.4930863177049684e-10,
                7.991915153169203e-11,
                1.2501458679069114e-09
            ],
            [
                3.037975384300174e-14,
                2.1724399342616964e-10,
                0.9999999997730871,
                9.545034919249572e-12,
                9.357622965319627e-14
            ],
            [
                0.999999931517413,
                2.1724402048014418e-10,
                3.511422549342207e-12,
                5.789357047516567e-12,
                6.825604223777538e-08
            ],
            [
                0.9999999746330024,
                2.461696885417939e-10,
                2.413362706739449e-12,
                8.423463527269083e-12,
                2.5109990880167465e-08
            ]
        ],
        [
            [
                0.9999998116274558,
                1.8553915911883533e-07,
                1.1628234462745069e-10,
                7.052880719981947e-11,
                2.646573964950099e-09
            ],
            [
                0.9525740671337916,
                0.04742587252712277,
                4.468679269322093e-08,
                8.799351208724672e-09,
                6.852941611875087e-09
            ],
            [
                5.384940201778258e-13,
                2.6465736310573913e-09,
                0.9999999971825582,
                1.6918979175956902e-10,
                1.139991849662283e-12
            ],
            [
                0.9999999458422745,
                9.73619977497758e-10,
                8.423463288979774e-12,
                1.7832471922706434e-11,
                5.3157849606689115e-08
            ],
            [
                0.9984988023943305,
                8.139777769644395e-09,
                2.7852787875236104e-10,
                7.183328669438125e-09,
                0.0015011820040351114
            ]
        ],
        [
            [
                0.999998932065167,
                1.0677030755518403e-06,
                6.224133239572051e-11,
                2.020680213394185e-11,
                1.493091945476879e-10
            ],
            [
                0.9859363615365765,
                0.014063627112072163,
                9.107533298082363e-09,
                1.396685466966503e-09,
                8.471325576902405e-10
            ],
            [
                0.0,
                3.7751345420694586e-11,
                0.9999999999358273,
                2.5946094967578054e-11,
                4.752193059989628e-13
            ],
            [
                0.9999832962511882,
                1.8189305686462425e-09,
                5.492694379998641e-11,
                4.598976697734136e-10,
                1.67014150565362e-05
            ],
            [
                0.9999999315166421,
                2.172440204518141e-10,
                3.511422548884294e-12,
                6.5602009817894314e-12,
                6.825604222887432e-08
            ]
        ],
        [
            [
                0.9999998618841622,
                1.1253518087927113e-07,
                1.917171618701496e-10,
                2.7894682455603565e-10,
                2.5109992931924285e-08
            ],
            [
                0.0373268393689713,
                0.9626717909271569,
                1.3197834361126074e-06,
                4.516054883111333e-08,
                4.759886827587554e-09
            ],
            [
                2.2447770535255236e-13,
                3.1608814522079415e-10,
                0.9999999996498969,
                3.331544539946967e-11,
                4.752193059605284e-13
            ],
            [
                0.11920291916334788,
                1.1838270686407472e-08,
                5.201373133646149e-10,
                2.5061619239789956e-08,
                0.8807970434166249
            ],
            [
                0.9999999747135804,
                1.6918978777179586e-10,
                2.1297851144385866e-12,
                5.109088892485614e-12,
                2.510999089110671e-08
            ]
        ],
        [
            [
                0.9999999911638372,
                8.152020632246313e-09,
                8.423463669506933e-12,
                6.560200101985529e-12,
                6.691586023799332e-10
            ],
            [
                0.9994472188087524,
                0.0005527785857802818,
                1.415825569756241e-09,
                5.208531193981648e-10,
                6.687886436683386e-10
            ],
            [
                7.287724079734709e-14,
                2.0611536178893156e-09,
                0.9999999979091483,
                2.940077732795327e-11,
                2.2447770500664503e-13
            ],
            [
                0.9999999996488531,
                7.052879842575611e-11,
                8.878265467713729e-13,
                7.83504177558114e-13,
                2.789468089492654e-10
            ],
            [
                5.315784964864023e-08,
                4.84736844222535e-11,
                5.789356013373984e-12,
                6.691585726790032e-10,
                0.9999999461187288
            ]
        ],
        [
            [
                0.999993853406876,
                6.144172103106727e-06,
                7.582517986441639e-10,
                2.4616831730873443e-10,
                1.4166008575326707e-09
            ],
            [
                0.0019267250928714284,
                0.9980683613108917,
                4.775876268349233e-06,
                1.272727915416289e-07,
                1.0447176955345274e-08
            ],
            [
                0.0,
                3.3315445406350946e-11,
                0.9999999999462232,
                2.020683908093426e-11,
                2.5436656462077476e-13
            ],
            [
                0.9999986289351694,
                9.056060918187374e-11,
                1.8795254810086828e-12,
                1.573707417880879e-11,
                1.3709566533936082e-06
            ],
            [
                0.9999999985772356,
                1.691897918341362e-10,
                1.2917800015229336e-12,
                2.1297851655759046e-12,
                1.250152863228831e-09
            ]
        ],
        [
            [
                0.9999999467022462,
                5.3157849659294533e-08,
                1.7832471940353586e-11,
                5.789356014534331e-12,
                1.1628232399140789e-10
            ],
            [
                0.9998765989462174,
                0.00012339462661961848,
                1.8187362493595727e-09,
                7.581620661705468e-10,
                3.85026467010829e-09
            ],
            [
                1.0261860770180801e-10,
                1.0677030658159316e-06,
                0.9999989223663536,
                9.23743268337039e-09,
                5.905293144888066e-10
            ],
            [
                0.9999999975308522,
                1.3176514228743529e-10,
                7.835041760475629e-13,
                1.0060392761260576e-12,
                2.335593031469531e-09
            ],
            [
                0.000335350053474585,
                6.689340531240801e-10,
                3.3304265436480905e-11,
                6.689340531240801e-10,
                0.999664648575353
            ]
        ],
        [
            [
                0.9954962712907548,
                6.1165414835844015e-06,
                4.4308077896077405e-07,
                0.00042880266284230637,
                0.0040683664241402875
            ],
            [
                0.182425164092514,
                0.8175728751091581,
                1.8479844227056784e-06,
                1.0425604756580871e-07,
                8.557857520972535e-09
            ],
            [
                0.0,
                1.1628233026158418e-10,
                0.9999999998678744,
                1.5737102101364835e-11,
                1.0603575987819278e-13
            ],
            [
                0.9999991672265276,
                1.1032561142513297e-09,
                2.5946096909050924e-11,
                1.1628233893522576e-10,
                8.3152798783054e-07
            ],
            [
                0.00043055711463704983,
                1.2496141050381603e-09,
                7.049840367572074e-11,
                4.942319659469658e-09,
                0.9995694366229307
            ]
        ],
        [
            [
                0.9999999936197013,
                4.944450465577557e-09,
                1.0815941477746138e-11,
                8.423463692523179e-12,
                1.4166087762255702e-09
            ],
            [
                0.4378232743661347,
                0.5621762118476418,
                4.674655533112754e-07,
                3.386312339812637e-08,
                1.2457546912022323e-08
            ],
            [
                2.9400779444484275e-11,
                8.315279841218894e-07,
                0.9999991611167164,
                7.194133532345029e-09,
                1.317651518957652e-10
            ],
            [
                0.9999999846855834,
                7.991959754089071e-11,
                1.0060392618028107e-12,
                3.5114220523635502e-12,
                1.5229979480083046e-08
            ],
            [
                0.9995694357199736,
