{
    "[['A', 'B', 'C', 'D', 'E'], ['A', 'B', 'C', 'D', 'E']]": [
        [
            [
                0.9999999994773949,
                5.211412471372642e-10,
                0.0,
                0.0,
                1.4637785094869332e-12
            ],
            [
                0.9999989322916438,
                1.0677030749971324e-06,
                2.734693288682444e-12,
                8.878249236390753e-13,
                1.658675324496274e-12
            ],
            [
                3.1608514482428804e-10,
                1.012998777350513e-05,
                0.9999898373640201,
                3.224156130232412e-08,
                9.05599102084064e-11
            ],
            [
                6.315324709608323e-12,
                3.0428938509337907e-10,
                9.878829966152057e-11,
                0.03732688392892542,
                0.9626731156616816
            ],
            [
                1.0060220707379117e-12,
                2.2896956791767395e-11,
                3.978894474719873e-12,
                1.6701415103610646e-05,
                0.9999832985570145
            ]
        ],
        [
            [
                0.9999999997538302,
                2.4616969484915785e-10,
                0.0,
                0.0,
                0.0
            ],
            [
                0.9999999317428179,
                6.825604221004955e-08,
                0.0,
                0.0,
                1.1399919941186257e-12
            ],
            [
                1.1799202906616944e-08,
                0.005220125410165216,
                0.9947796986640332,
                1.628829718608521e-07,
                1.2436268368055217e-09
            ],
            [
                1.2910658088070203e-12,
                3.3297026064598844e-11,
                8.418806611673279e-12,
                0.0005527785874018859,
                0.9994472213695912
            ],
            [
                8.878181484482114e-13,
                1.783230420173266e-11,
                2.7346724196253906e-12,
                1.0129988100857428e-05,
                0.9999898699904444
            ]
        ],
        [
            [
                0.9999999996826201,
                3.1608814438311326e-10,
                0.0,
                0.0,
                1.2917800005020134e-12
            ],
            [
                0.9999999585996184,
                4.1399375364335164e-08,
                0.0,
                0.0,
                1.00603923497035e-12
            ],
            [
                3.978962855465966e-12,
                1.1253518375917196e-07,
                0.9999998868663279,
                5.905304473315129e-10,
                3.978962855465966e-12
            ],
            [
                9.795703880370855e-12,
                4.719834446168549e-10,
                1.9675197197780154e-10,
                0.6224593240306044,
                0.3775406752908644
            ],
            [
                0.0,
                3.3301088166708125e-11,
                5.7868614119198255e-12,
                0.0004305571205855941,
                0.9995694428403266
            ]
        ],
        [
            [
                0.9999999998066242,
                1.917171507638055e-10,
                0.0,
                0.0,
                1.6586783536191717e-12
            ],
            [
                0.9999999943961975,
                5.602796397146538e-09,
                0.0,
                0.0,
                1.0060392720307492e-12
            ],
            [
                5.905214233838407e-10,
                1.3007099933264745e-05,
                0.9999847264117858,
                2.260295048257436e-06,
                5.6027112707763115e-09
            ],
            [
                1.4624445715681306e-12,
                4.27388951738336e-11,
                6.554221852372125e-12,
                0.0009110514063005758,
                0.9990889485429439
            ],
            [
                2.4087135920263773e-12,
                7.039292956109661e-11,
                1.3861189682406367e-11,
                0.0019267343392331102,
                0.998073265574104
            ]
        ],
        [
            [
                0.9999999998973812,
                1.0261879603490009e-10,
                0.0,
                0.0,
                0.0
            ],
            [
                0.9999999468411442,
                5.315784962174151e-08,
                0.0,
                0.0,
                1.0060392239734733e-12
            ],
            [
                6.914400971160562e-13,
                6.82560422945666e-08,
                0.999999931593069,
                1.493094862816798e-10,
                8.878266588140565e-13
            ],
            [
                3.5105050026814155e-12,
                2.4610540075809115e-10,
                1.7253320600892848e-08,
                0.9997387921750834,
                0.00026119032198009397
            ],
            [
                6.101716286271486e-13,
                2.0206109254359383e-11,
                2.4132756053697737e-12,
                3.535625751734915e-05,
                0.9999646437192531
            ]
        ],
        [
            [
                0.9999999998082829,
                1.917171507641235e-10,
                0.0,
                0.0,
                0.0
            ],
            [
                0.9999417087009232,
                5.8291276702469126e-05,
                1.3887123705792262e-11,
                4.508488975596087e-12,
                3.9787275563003425e-12
            ],
            [
                1.8795287787878126e-12,
                1.955568069506492e-08,
                0.9999999800307853,
                4.058652044955648e-10,
                5.789356212448552e-12
            ],
            [
                3.448263594171591e-12,
                1.1419080739369703e-10,
                2.887195758604001e-11,
                0.017986211598516766,
                0.9820137882549722
            ],
            [
                7.834579091516593e-13,
                2.2895996267701074e-11,
                2.1296593978094728e-12,
                5.829127676641587e-05,
                0.9999417086974245
            ]
        ],
        [
            [
                0.999999999868235,
                1.3176514237584288e-10,
                0.0,
                0.0,
                0.0
            ],
            [
                0.9999999847700205,
                1.5229979495957787e-08,
                0.0,
                0.0,
                0.0
            ],
            [
                2.7243933669955995e-06,
                0.2689404657111447,
                0.7310560225906242,
                7.805517681783236e-07,
                6.753095988535731e-09
            ],
            [
                7.433610155443548e-12,
                3.5817139533338473e-10,
                1.4449651608027494e-07,
                0.9999897251500365,
                1.0129987842467488e-05
            ],
            [
                5.384622213847909e-13,
                1.7831419823838787e-11,
                1.4636920717019685e-12,
                5.829127677083959e-05,
                0.9999417087033956
            ]
        ],
        [
            [
                0.9999999988948645,
                1.1032560285475493e-09,
                0.0,
                0.0,
                1.8795288100721347e-12
            ],
            [
                0.9999999979388463,
                2.0611536127352086e-09,
                0.0,
                0.0,
                0.0
            ],
            [
                8.423464392863328e-12,
                8.315279891159263e-07,
                0.9999991671995466,
                1.2501529611329138e-09,
                1.388794491749891e-11
            ],
            [
                2.0204912160477544e-11,
                7.581837352859756e-10,
                4.139542933183341e-08,
                0.9999038554310047,
                9.610239517733612e-05
            ],
            [
                6.101774192537183e-13,
                2.0206301013575366e-11,
                1.8794787676146242e-12,
                2.7535689836904488e-05,
                0.9999724642874672
            ]
        ],
        [
            [
                0.9999999998837177,
                1.1628233004887981e-10,
                0.0,
                0.0,
                0.0
            ],
            [
                0.9999999804428557,
                1.9555680659723106e-08,
                0.0,
                0.0,
                1.4637784820797904e-12
            ],
            [
                1.2256068726961301e-11,
                8.764249136811254e-08,
                0.9999999112281085,
                1.1032561478230947e-09,
                1.3887945318636906e-11
            ],
            [
                1.4586288335437045e-11,
                5.473464317133923e-10,
                6.202247623876779e-10,
                0.43782349887852856,
                0.5621764999393141
            ],
            [
                7.830709968605141e-13,
                3.773047358224014e-11,
                7.429570759326494e-12,
                0.0005527785847869715,
                0.99944722136927
            ]
        ],
        [
            [
                0.9999999998068192,
                1.9171715076384288e-10,
                0.0,
                0.0,
                1.4637785094533205e-12
            ],
            [
                0.9999999865582985,
                1.3440409751433238e-08,
                0.0,
                0.0,
                1.2917799855923278e-12
            ],
            [
                0.0,
                2.2897348446442017e-11,
                0.9999999999685432,
                8.423463750784882e-12,
                1.3615261074942286e-13
            ],
            [
                6.869774796837702e-12,
                4.81608394861191e-10,
                2.921102574583006e-10,
                0.07585817598521978,
                0.9241418232341918
            ],
            [
                1.4634799420994767e-12,
                3.330864995366466e-11,
                7.432164398489185e-12,
                0.00020342706327126329,
                0.9997965728945244
            ]
        ],
        [
            [
                0.9999999998506905,
                1.4930946714964985e-10,
                0.0,
                0.0,
                0.0
            ],
            [
                0.9999999748895896,
                2.5109990902470034e-08,
                4.1937955489884507e-13,
                0.0,
                0.0
            ],
            [
                2.335548623279543e-09,
                1.6701383177241288e-05,
                0.9999810296461721,
                2.260286422735148e-06,
                6.348679382143322e-09
            ],
            [
                1.6519281179223912e-12,
                9.01922192262963e-11,
                1.5673057603500564e-11,
                0.004070137784546806,
                0.995929862107936
            ],
            [
                5.384540123187587e-13,
                2.0205337746437804e-11,
                1.879389169813851e-12,
                7.484619710804649e-05,
                0.9999251537802688
            ]
        ],
        [
            [
                0.9999999995400946,
                4.5990553657910374e-10,
                0.0,
                0.0,
                0.0
            ],
            [
                0.9999999634641733,
                3.653482072707664e-08,
                0.0,
                0.0,
                1.0060392404532385e-12
            ],
            [
                1.691885093693475e-10,
                7.889265005902041e-06,
                0.9999921055051112,
                4.944413010333938e-09,
                1.1628144858417849e-10
            ],
            [
                0.0,
                4.273889517124404e-11,
                5.104433110741846e-12,
                0.0009110514085678484,
                0.9990889485435888
            ],
            [
                4.193771901059939e-13,
                1.225599801503448e-11,
                6.101902110909264e-13,
                4.785094848466789e-06,
                0.999995214891866
            ]
        ],
        [
            [
                0.9999999998082829,
                1.9171715112739246e-10,
                0.0,
                0.0,
                0.0
            ],
            [
                0.9999986290371723,
                1.3709566533320607e-06,
                3.511415881627684e-12,
                7.835027880153251e-13,
                1.879525480924304e-12
            ],
            [
                0.0,
                1.1628233025357316e-10,
                0.9999999998606843,
                2.2897348446878426e-11,
                1.3615261075201785e-13
            ],
            [
                1.873565798698118e-12,
                1.4883576643918286e-10,
                1.7775897370083817e-11,
                0.0031726830799852033,
                0.9968273167515296
            ],
            [
                1.877329022776736e-12,
                5.486359611237581e-11,
                8.413604962806939e-12,
                0.0011695103486110874,
                0.9988304895862343
            ]
        ],
        [
            [
                0.9999999995926712,
                4.0586521153431274e-10,
                0.0,
                0.0,
                1.4637785101108788e-12
            ],
            [
                0.9999785550421723,
                2.1444939738564797e-05,
                1.225581133944297e-11,
                3.098754385323989e-12,
                2.734641146918852e-12
            ],
            [
                9.545017466532332e-12,
                1.067703075619229e-06,
                0.9999989315152368,
                7.582546560648604e-10,
                1.3887918466185317e-11
            ],
            [
                0.0,
                5.490421239110058e-11,
                6.557373056215549e-12,
                0.00043055712053217894,
                0.9995694428180063
            ],
            [
                1.8767061171166717e-12,
                7.042287749673283e-11,
                8.410813293318375e-12,
                0.0015011820319327748,
                0.9984988178873568
            ]
        ],
        [
            [
                0.999999999868235,
                1.3176514233486647e-10,
                0.0,
                0.0,
                0.0
            ],
            [
                0.9999999881377402,
                1.1861119982941391e-08,
                0.0,
                0.0,
                1.1399918368589188e-12
            ],
            [
                0.0,
                2.594609497352676e-11,
                0.9999999999600457,
                1.3887943860019326e-11,
                1.2015425727493787e-13
            ],
            [
                9.544125169666305e-12,
                5.210915779485491e-10,
                1.1252444880434613e-07,
                0.9999037845450661,
                9.610239984934295e-05
            ],
            [
                1.2892914782791012e-12,
                2.934413879061034e-11,
                6.547562387766636e-12,
                0.0019267343394093824,
                0.9980732656234096
            ]
        ],
        [
            [
                0.9999999998308102,
                1.6918979178511463e-10,
                0.0,
                0.0,
                0.0
            ],
            [
                0.9999999226524289,
                7.734422788320295e-08,
                1.463778680893446e-12,
                0.0,
                1.8795290306728394e-12
            ],
            [
                1.7832440259937382e-11,
                2.2603252687043676e-06,
                0.9999977375579978,
                2.061149848818679e-09,
                3.775127632653197e-11
            ],
            [
                1.225078548366997e-11,
                4.5970733376237426e-10,
                1.725039043387139e-08,
                0.999569425167584,
                0.00043055711006741393
            ],
            [
                1.86340546093942e-12,
                8.978390311842999e-11,
                1.56021029032623e-11,
                0.00857748568836686,
                0.9914225142043837
            ]
        ],
        [
            [
                0.9999999994772,
                5.211412475684654e-10,
                0.0,
                0.0,
                1.658678355030002e-12
            ],
            [
                0.9999997617598936,
                2.3823698396056316e-07,
                1.4637786198701466e-12,
                0.0,
                1.6586784787381506e-12
            ],
            [
                0.0,
                3.331544540955779e-11,
                0.9999999999527032,
                1.3887943859917352e-11,
                9.357622965439756e-14
            ],
            [
                3.9691237421915145e-12,
                7.972198147648848e-11,
                2.0156873573268834e-11,
                0.002472622975859322,
                0.9975273769202928
            ],
            [
                1.2914426411633482e-12,
                3.3306744699160325e-11,
                6.55848689431007e-12,
                0.00026119032927421197,
                0.9997388096295692
            ]
        ],
        [
            [
                0.9999999999294713,
                7.052879842828072e-11,
                0.0,
                0.0,
                0.0
            ],
            [
                0.9999986290383626,
                1.3709566531054887e-06,
                2.413358488420212e-12,
                6.914387834756482e-13,
                1.879525480613683e-12
            ],
            [
                4.5988892363713626e-10,
                3.535625726822546e-05,
                0.9999646368543554,
                6.348570763699392e-09,
                7.991671180960579e-11
            ],
            [
                9.795703881309078e-12,
                5.348273101919663e-10,
                2.229491927058472e-10,
                0.3775406758170047,
                0.6224593234154232
            ],
            [
                1.288585816499023e-12,
                3.765799757784178e-11,
                6.543978741548878e-12,
                0.00247262297096052,
                0.9975273769835488
            ]
        ],
        [
            [
                0.999999999868235,
                1.317651422884341e-10,
                0.0,
                0.0,
                0.0
            ],
            [
                0.9999999468408585,
                5.3157849608851915e-08,
                0.0,
                0.0,
                1.291779933453523e-12
            ],
            [
                0.0,
                1.2256067440396774e-11,
                0.9999999999768345,
                1.0815941554018063e-11,
                9.357622966013122e-14
            ],
            [
                0.0,
                2.5940802673357764e-11,
                3.098187062500373e-12,
                0.00020342706237200185,
                0.999796572908589
            ],
            [
                4.19354799669844e-13,
                1.573617276326083e-11,
                1.291703719617699e-12,
                5.8291276770978696e-05,
                0.9999417087057818
            ]
        ],
        [
            [
                0.999999999868235,
                1.3176514217619906e-10,
                0.0,
                0.0,
                0.0
            ],
            [
                0.9999869928633544,
                1.3007124747716288e-05,
                5.789279370664034e-12,
                2.1297568596652446e-12,
                3.978909643383138e-12
            ],
            [
                0.0,
                1.7832472899374946e-11,
                0.9999999999680251,
                1.3887943858132814e-11,
                2.543665646125744e-13
            ],
            [
                2.1230281869354947e-12,
                1.0229322659461146e-10,
                1.2217183685774591e-11,
                0.0031726830771455702,
                0.9968273168062209
            ],
            [
                0.0,
                1.388511109715729e-11,
                1.879145443105616e-12,
                0.00020342706221888765,
                0.9997965729220168
            ]
        ],
        [
            [
                0.9999999998082829,
                1.917171508316822e-10,
                0.0,
                0.0,
                0.0
            ],
            [
                0.9999724642981221,
                2.7535689805871552e-05,
                6.560025472849566e-12,
                2.4132985050223246e-12,
                3.0987366185031945e-12
            ],
            [
                1.5737103286749278e-11,
                8.315279884400188e-07,
                0.9999991663866973,
                2.0611537769731773e-09,
                8.423464386016316e-12
            ],
            [
                1.2876816867028806e-12,
                9.027345561758398e-11,
                1.5687174371566306e-11,
                0.0031726830803503973,
                0.9968273168124013
            ],
            [
                3.08620802730882e-12,
                7.024177093834881e-11,
                2.2804164246754967e-11,
                0.0040701377986897495,
                0.9959298621051782
            ]
        ],
        [
            [
                0.9999999999450722,
                5.4927883428663176e-11,
                0.0,
                0.0,
                0.0
            ],
            [
                0.9999999918466876,
                8.152020628964393e-09,
                0.0,
                0.0,
                1.2917799912366377e-12
            ],
            [
                6.560188524206133e-12,
                1.3709566530168977e-06,
                0.9999986277743801,
                1.2501506474430895e-09,
                1.2256045690341364e-11
            ],
            [
                1.6519281179610748e-12,
                7.024177096203224e-11,
                1.220618953501531e-11,
                0.0040701377846421175,
                0.995929862131258
            ],
            [
                0.0,
                1.3886912007120393e-11,
                1.6585551210691377e-12,
                7.484619710612317e-05,
                0.9999251537873484
            ]
        ],
        [
            [
                0.9999999999094393,
                9.056076967701433e-11,
                0.0,
                0.0,
                0.0
            ],
            [
                0.9999999226544803,
                7.734422792332008e-08,
                0.0,
                0.0,
                1.2917801526278555e-12
            ],
            [
                8.258073281322686e-14,
                1.1628233024260132e-10,
                0.9999999998455571,
                3.775134542343897e-11,
                3.2661313411131705e-13
            ],
            [
                1.6877014143247838e-10,
                1.950717604702528e-08,
                0.0024726039901120434,
                0.9975195065774448,
                7.86975649710179e-06
            ],
            [
                1.4635971078176853e-12,
                3.331131663311964e-11,
                8.422419833241899e-12,
                0.00012339462922638433,
                0.9998766053275763
            ]
        ],
        [
            [
                0.9999999996824482,
                3.1608814459274166e-10,
                0.0,
                0.0,
                1.4637785102422925e-12
            ],
            [
                0.9999999907612586,
                9.237449557588382e-09,
                0.0,
                0.0,
                1.2917799901890175e-12
            ],
            [
                2.061031784908867e-09,
                5.829127344669171e-05,
                0.9999416524076205,
                5.315471031293882e-08,
                1.1031908174133644e-09
            ],
            [
                1.4236581984454168e-11,
                4.160539119885055e-10,
                1.7343707404667276e-10,
                0.09534947019665033,
                0.9046505291996221
            ],
            [
                6.100343084825971e-13,
                1.3884316864516033e-11,
                4.507577727650275e-12,
                0.00026119032927999857,
                0.9997388096517181
            ]
        ],
        [
            [
                0.999999999782756,
                2.1724399280920052e-10,
                0.0,
                0.0,
                0.0
            ],
            [
                0.9999999748885453,
                2.5109990895500078e-08,
                0.0,
                0.0,
                1.4637784755383542e-12
            ],
            [
                3.0988074182460836e-12,
                2.902312199239177e-06,
                0.9999970974370695,
                2.461687641088261e-10,
                1.463772977765186e-12
            ],
            [
                4.80210016946359e-12,
                2.3137814362889865e-10,
                1.5902371746269971e-10,
                0.060086654501465685,
                0.9399133451033304
            ],
            [
                1.1391832842206948e-12,
                2.937992412803607e-11,
                5.105465274003709e-12,
                0.0007096703439156902,
                0.9992903296204597
            ]
        ],
        [
            [
                0.9999999998973812,
                1.0261879617809586e-10,
                0.0,
                0.0,
                0.0
            ],
            [
                0.9999999317420639,
                6.825604217887841e-08,
                1.0060394033214859e-12,
                0.0,
                8.878266573092657e-13
            ],
            [
                0.0,
                4.847368704246137e-11,
                0.9999999999406042,
                1.0815941552769274e-11,
                1.0603575987096104e-13
            ],
            [
                4.4051586434079515e-12,
                1.1361053880265213e-10,
                4.179498152590612e-11,
                0.022977367886296618,
                0.9770226319538927
            ],
            [
                0.0,
                1.7830262928870152e-11,
                3.5109869426550615e-12,
                0.00012339462924007403,
                0.9998766053494187
            ]
        ],
        [
            [
                0.9999999998837177,
                1.1628232998093837e-10,
                0.0,
                0.0,
                0.0
            ],
            [
                0.9999999895307187,
                1.046740166358356e-08,
                0.0,
                0.0,
                1.8795287929877697e-12
            ],
            [
                5.7893567963302395e-12,
                1.125351838085945e-07,
                0.9999998872879575,
                1.6918980592677608e-10,
                1.879528968346443e-12
            ],
            [
                7.432504123726863e-12,
                4.0580097526920255e-10,
                1.0465745090921189e-08,
                0.9998415528760056,
                0.00015843624501580487
            ],
            [
                0.0,
                1.3886222736369226e-11,
                1.4635971085066463e-12,
                0.00012339462851371376,
                0.9998766053561364
            ]
        ],
        [
            [
                0.9999999998308102,
                1.691897917254943e-10,
                0.0,
                0.0,
                0.0
            ],
            [
                0.9999998144570814,
                1.8553915953830545e-07,
                1.87952905233431e-12,
                0.0,
                1.87952905233431e-12
            ],
            [
                2.9400778750074674e-11,
                1.4449803128139595e-07,
                0.9999998527965934,
                2.6465737610830637e-09,
                2.9400778750074674e-11
            ],
            [
                2.7237836878768635e-11,
                1.0220922883421636e-09,
                2.4518719386583115e-09,
                0.8175744824411675,
                0.18242551405763052
            ],
            [
                1.4633962312249271e-12,
                3.330674470294172e-11,
                8.421263868263667e-12,
                0.00026119032898261395,
                0.999738809627826
            ]
        ],
        [
            [
                0.9999999998669431,
                1.3176514233469625e-10,
                0.0,
                0.0,
                1.291780001195325e-12
            ],
            [
                0.9999999715456467,
                2.845334721375694e-08,
                0.0,
                0.0,
                1.0060392483074214e-12
            ],
            [
                1.3887945474096227e-11,
                6.825604167186152e-08,
                0.9999999224020588,
                9.237450732271418e-09,
                9.056078038958872e-11
            ],
            [
                9.53386340706668e-12,
                3.577555849916276e-10,
                3.846235011637448e-09,
                0.9988304854487077,
                0.0011695103377679932
            ],
            [
                0.0,
                1.0815859598599568e-11,
                1.6586657901426377e-12,
                7.889265045192911e-06,
                0.9999921107224803
            ]
        ],
        [
            [
                0.9999999998506905,
                1.493094672022646e-10,
                0.0,
                0.0,
                0.0
            ],
            [
                0.9999999970010391,
                2.998960809682222e-09,
                0.0,
                0.0,
                0.0
            ],
            [
                1.1587706238356367e-08,
                7.312646969722727e-05,
                0.9769492702165691,
                0.022975642971618578,
                1.948754408825459e-06
            ],
            [
                7.815668054171744e-13,
                2.588193799730106e-11,
                6.5439787418811094e-12,
                0.0024726229696494886,
                0.997527376997143
            ],
            [
                4.751975965769474e-13,
                1.5736383180329953e-11,
                1.8794429530092875e-12,
                4.539785573297938e-05,
                0.999954602126176
            ]
        ],
        [
            [
                0.9999999996824482,
                3.1608814449444437e-10,
                0.0,
                0.0,
                1.4637785097870859e-12
            ],
            [
                0.9999938558244477,
                6.144172121044999e-06,
                2.129773256238254e-12,
                6.101902541368065e-13,
                6.91436142551576e-13
            ],
            [
                9.545035623830672e-12,
                2.382369842463715e-07,
                0.9999997607732904,
                9.736201028038848e-10,
                6.5602006499367205e-12
            ],
            [
                2.1063862938003303e-12,
                1.1500479489666908e-10,
                2.907776585728158e-11,
                0.01098694241831867,
                0.9890130574354924
            ],
            [
                1.6575018981074504e-12,
                6.219729986299525e-11,
                5.105465273664187e-12,
                0.0007096703442808063,
                0.9992903295867589
            ]
        ],
        [
            [
                0.9999999999294713,
                7.052879829453096e-11,
                0.0,
                0.0,
                0.0
            ],
            [
                0.9999832985725013,
                1.670141508692242e-05,
                7.433553510017126e-12,
                1.8794966648656848e-12,
                3.0987661295740046e-12
            ],
            [
                7.991944947574713e-11,
                1.0677030316134186e-06,
                0.9999988904118847,
                4.139929976887061e-08,
                4.058644536585859e-10
            ],
            [
                3.160525803243457e-10,
                2.215699646687294e-08,
                9.61008379222339e-05,
                0.9998871768674541,
                1.6699821574638667e-05
            ],
            [
                6.913741041994478e-13,
                2.2895165933100745e-11,
                3.978583270147207e-12,
                9.610239926613725e-05,
                0.9999038975731688
            ]
        ],
        [
            [
                0.9999999999094393,
                9.056076974306564e-11,
                0.0,
                0.0,
                0.0
            ],
            [
                0.9999999123537496,
                8.764249135743961e-08,
                1.8795290130434294e-12,
                0.0,
                1.8795290130434294e-12
            ],
            [
                2.4133628883738943e-12,
                1.444980315886977e-07,
                0.9999998548264175,
                6.691586414427788e-10,
                3.9789627279803384e-12
            ],
            [
                1.7798118870736717e-11,
                7.567952719494608e-10,
                5.893927504189769e-10,
                0.22270014413747266,
                0.7772998544985412
            ],
            [
                0.0,
                9.544944622668566e-12,
                1.2917677839866337e-12,
                1.0129988102835627e-05,
                0.9999898700010604
            ]
        ],
        [
            [
                0.9999999999515263,
                4.847368697218108e-11,
                0.0,
                0.0,
                0.0
            ],
            [
                0.99999385581898,
                6.144172117927201e-06,
                4.508730016549704e-12,
                1.658669078881213e-12,
                2.734682991404045e-12
            ],
            [
                5.211104986529499e-10,
                5.829122403225279e-05,
                0.9999414005517322,
                3.0588427062005063e-07,
                1.818854359032752e-09
            ],
            [
                1.2898399937648847e-12,
                4.8400888686208775e-11,
                8.410813293508533e-12,
                0.0015011820319667146,
                0.9984988179099317
            ],
            [
                7.835012230950229e-13,
                2.0206762869157158e-11,
                2.413353668525175e-12,
                3.726639114982831e-06,
                0.9999962733374813
            ]
        ],
        [
            [
                0.999999999683912,
                3.16088144494907e-10,
                0.0,
                0.0,
                0.0
            ],
            [
                0.9999999979377063,
                2.0611536144386944e-09,
                0.0,
                0.0,
                1.139991848619756e-12
            ],
            [
                1.416238891651166e-09,
                0.0002611903392919516,
                0.9997386206931642,
                1.8549068957823973e-07,
                2.0606154284008435e-09
            ],
            [
                2.400764711334845e-12,
                1.3107731190373807e-10,
                1.7739385132386217e-11,
                0.005220125703719605,
                0.994779874145063
            ],
            [
                7.834294965849842e-13,
                2.0204913018082182e-11,
                4.508325477509773e-12,
                9.610240054809313e-05,
                0.9999038975739551
            ]
        ],
        [
            [
                0.9999999998082829,
                1.917171507641235e-10,
                0.0,
                0.0,
                0.0
            ],
            [
                0.2689414082166114,
                0.7310585862714797,
                5.259336166368094e-09,
                2.3107910404490098e-10,
                2.149370482999423e-11
            ],
            [
                3.894168607959678e-07,
                0.008577477254027294,
                0.9914217745706082,
                3.436591734666582e-07,
                1.5099330293679618e-08
            ],
            [
                0.0,
                2.592769203952059e-11,
                2.7327586356442928e-12,
                0.0007096703442830664,
                0.9992903296270564
            ],
            [
                1.8793891689690185e-12,
                3.7748540546366207e-11,
                8.422837897480188e-12,
                7.48461982143084e-05,
                0.9999251537537349
            ]
        ],
        [
            [
                0.9999999999515263,
                4.847368691498217e-11,
                0.0,
                0.0,
                0.0
            ],
            [
                0.999999953087356,
                4.6911637958948383e-08,
                0.0,
                0.0,
                1.0060392308296515e-12
            ],
            [
                2.1297853923553278e-12,
                8.764249130521699e-08,
                0.9999999105104709,
                1.8189618766412654e-09,
                2.594609767996326e-11
            ],
            [
                1.0057765403805864e-12,
                4.846102759342295e-11,
                5.787844370737908e-12,
                0.0002611903282376259,
                0.9997388096165077
            ],
            [
                7.834070790727498e-13,
                1.3886222736319924e-11,
                3.978469424224693e-12,
                0.00012339462876540972,
                0.9998766053525865
            ]
        ],
        [
            [
                0.9999999997538302,
                2.4616969484935074e-10,
                0.0,
                0.0,
                0.0
            ],
            [
                0.999999977839623,
                2.2159489257855742e-08,
                0.0,
                0.0,
                8.878265271918949e-13
            ],
            [
                0.0,
                6.224144621426088e-11,
                0.9999999999311338,
                6.5602001665920834e-12,
                6.431393939920967e-14
            ],
            [
                7.784474684627124e-12,
                5.457338076681375e-10,
                2.2749569727138243e-10,
                0.07585817596148745,
                0.9241418232574985
            ],
            [
                8.870174708004278e-13,
                2.5922450285584977e-11,
                5.784080483662287e-12,
                0.0009110514086374797,
                0.9990889485587691
            ]
        ],
        [
            [
                0.9999999998837177,
                1.1628232998093837e-10,
                0.0,
                0.0,
                0.0
            ],
            [
                0.9999999969998992,
                2.998960811611768e-09,
                0.0,
                0.0,
                1.1399918480093423e-12
