{
    "[['A', 'B', 'C', 'D', 'E'], ['A', 'B', 'C', 'D', 'E']]": [
        [
            [
                0.999999999882254,
                1.1628233001692971e-10,
                0.0,
                0.0,
                1.4637785105347639e-12
            ],
            [
                0.9999999895294759,
                1.0467401653754148e-08,
                1.4637784944095663e-12,
                0.0,
                1.6586783365726881e-12
            ],
            [
                5.788439794887662e-12,
                5.210587450415683e-10,
                6.474920769570227e-07,
                0.9998409158936394,
                0.0001584360874363872
            ],
            [
                1.658678436224389e-12,
                1.3887944512274046e-11,
                5.109089266195376e-12,
                5.043472050920716e-07,
                0.9999994956321392
            ],
            [
                2.1297851618610506e-12,
                8.423463718498275e-12,
                3.098819125489065e-12,
                3.850741906323951e-09,
                0.9999999961356061
            ]
        ],
        [
            [
                0.9999999998066242,
                1.917171507638055e-10,
                0.0,
                0.0,
                1.6586783536191717e-12
            ],
            [
                0.9999999966013127,
                3.398267803697067e-09,
                4.193795638883259e-13,
                0.0,
                0.0
            ],
            [
                0.0,
                4.8473687048552204e-11,
                0.9999999999253257,
                2.5946094975190526e-11,
                2.54366564663438e-13
            ],
            [
                1.879528968127504e-12,
                1.2256068432580155e-11,
                5.109089440123375e-12,
                1.125351837954857e-07,
                0.9999998874455714
            ],
            [
                6.914400093877064e-13,
                3.5114221067425027e-12,
                8.878265461686256e-13,
                1.6052280521529094e-09,
                0.9999999983896812
            ]
        ],
        [
            [
                0.9999999998068192,
                1.917171506872889e-10,
                0.0,
                0.0,
                1.4637785088688235e-12
            ],
            [
                0.99987660529487,
                0.00012339462756387525,
                6.223373263453483e-11,
                9.543852004805233e-12,
                5.788638852674257e-12
            ],
            [
                0.0,
                4.2777878682002967e-11,
                0.999999999952069,
                5.109089027145242e-12,
                4.420228102846875e-14
            ],
            [
                6.914399969744077e-13,
                5.109088926688338e-12,
                1.6586783260025914e-12,
                1.9555680699824978e-08,
                0.9999999804368601
            ],
            [
                1.4637784531871412e-12,
                9.545034525469946e-12,
                3.511421967192007e-12,
                4.1399375464348414e-08,
                0.9999999585861044
            ]
        ],
        [
            [
                0.9999999998624456,
                1.3176514223505653e-10,
                0.0,
                0.0,
                5.7893563082605166e-12
            ],
            [
                0.9999999985812613,
                1.4166087766964279e-09,
                0.0,
                0.0,
                2.129785156001424e-12
            ],
            [
                6.914399928943655e-13,
                2.5109990911036406e-08,
                0.9999999744263133,
                4.599055260259402e-10,
                3.0988190589493072e-12
            ],
            [
                5.108904495982754e-12,
                7.052625112432565e-11,
                4.2776333621496094e-11,
                3.535625751267074e-05,
                0.9999646436240759
            ],
            [
                6.914400665765014e-13,
                7.433681273145479e-12,
                2.734698512611375e-12,
                1.1253518381440068e-07,
                0.9999998874539564
            ]
        ],
        [
            [
                0.9999999999294713,
                7.052879826638043e-11,
                0.0,
                0.0,
                0.0
            ],
            [
                0.9999999995941349,
                4.058652112652062e-10,
                0.0,
                0.0,
                0.0
            ],
            [
                0.0,
                4.8473687050292256e-11,
                0.9999999999356957,
                1.5737102102833866e-11,
                9.357622966444423e-14
            ],
            [
                3.7010116676134363e-13,
                2.7346982834792555e-12,
                7.835041761821347e-13,
                2.6465736310579244e-09,
                0.9999999973495382
            ],
            [
                8.878265189607445e-13,
                9.545034612295232e-12,
                3.511421999133245e-12,
                3.2241866323586004e-08,
                0.9999999677441894
            ]
        ],
        [
            [
                0.9999999998663553,
                1.3176514203183875e-10,
                0.0,
                0.0,
                1.8795288069946573e-12
            ],
            [
                0.9999999748882589,
                2.5109990895492885e-08,
                1.1399918229920111e-12,
                0.0,
                6.101936516746716e-13
            ],
            [
                0.0,
                5.4927883499614334e-11,
                0.9999999999354543,
                9.545034921114619e-12,
                7.287724094501868e-14
            ],
            [
                7.83504166375933e-13,
                3.9789624742334476e-12,
                1.4637784914631402e-12,
                1.522997950891636e-08,
                0.9999999847637941
            ],
            [
                8.878265003212191e-13,
                8.423463303566405e-12,
                3.978962322846102e-12,
                5.315784969874079e-08,
                0.9999999468288601
            ]
        ],
        [
            [
                0.9999999999377585,
                6.224144598543697e-11,
                0.0,
                0.0,
                0.0
            ],
            [
                6.570851004431306e-10,
                3.5875630898537696e-08,
                0.017985181679495862,
                0.9819575389242126,
                5.7242863575706006e-05
            ],
            [
                0.0,
                7.052879849617573e-11,
                0.9999999999198534,
                9.545034920817924e-12,
                7.287724094275339e-14
            ],
            [
                1.8731211081495684e-10,
                1.3840596948208305e-09,
                4.830843008524671e-09,
                0.022977367666297755,
                0.9770226259314875
            ],
            [
                1.879528738294259e-12,
                8.423463403799673e-12,
                3.098819009717919e-12,
                4.1399375464394717e-08,
                0.9999999585872228
            ]
        ],
        [
            [
                0.999999999979793,
                2.020683904258932e-11,
                0.0,
                0.0,
                0.0
            ],
            [
                0.9999999936476617,
                6.348800056674151e-09,
                1.879528798963047e-12,
                0.0,
                1.6586783434034335e-12
            ],
            [
                1.2917799714655366e-12,
                2.5109990909747136e-08,
                0.9999999744230226,
                4.599055260023264e-10,
                5.789356179398712e-12
            ],
            [
                2.73468797644969e-12,
                3.331531975750675e-11,
                2.0206762871057903e-11,
                3.7266391153333762e-06,
                0.9999962733046278
            ],
            [
                5.384940042590868e-13,
                5.109088861873139e-12,
                1.87952875540113e-12,
                3.2241866323792905e-08,
                0.9999999677506065
            ]
        ],
        [
            [
                0.9999999999294713,
                7.052879823442653e-11,
                0.0,
                0.0,
                0.0
            ],
            [
                0.9999998554986672,
                1.4449803154799303e-07,
                2.4133628876940572e-12,
                0.0,
                8.878265904687881e-13
            ],
            [
                5.789356262574413e-12,
                9.23744955641224e-09,
                0.9999999886754004,
                2.0611535988853054e-09,
                2.020683885931421e-11
            ],
            [
                3.701011633508121e-13,
                3.098819100972993e-12,
                1.0060392670280652e-12,
                1.1861120006855423e-08,
                0.9999999881344049
            ],
            [
                4.1937956226472566e-13,
                6.560200112259076e-12,
                3.0988191123190375e-12,
                8.152020645012718e-09,
                0.9999999918379009
            ]
        ],
        [
            [
                0.9999999999515263,
                4.847368682058601e-11,
                0.0,
                0.0,
                0.0
            ],
            [
                4.4889925526794144e-05,
                0.9887668495391041,
                0.010984208129838656,
                0.000201182688601723,
                2.8697169286563356e-06
            ],
            [
                0.0,
                2.940077738834023e-11,
                0.9999999999630722,
                7.433680671213274e-12,
                9.357622967406493e-14
            ],
            [
                1.658678355683377e-12,
                6.560200155375502e-12,
                1.8795288128780457e-12,
                1.4166087838838569e-09,
                0.9999999985732928
            ],
            [
                2.244777052655936e-13,
                2.1297851687118994e-12,
                7.835041776809595e-13,
                5.905303992722366e-10,
                0.9999999994063318
            ]
        ],
        [
            [
                0.9999999999450722,
                5.492788334173223e-11,
                0.0,
                0.0,
                0.0
            ],
            [
                1.7831997933504693e-11,
                1.4165710547338685e-09,
                4.78498993872249e-06,
                0.9999737687385483,
                2.1444837110050193e-05
            ],
            [
                5.789356016138045e-12,
                5.315784967401983e-08,
                0.9999999461549465,
                6.691585729984853e-10,
                1.2256066782340929e-11
            ],
            [
                1.775990096865747e-11,
                3.56717146658126e-10,
                3.56717146658126e-10,
                0.004070137776798403,
                0.9959298614920074
            ],
            [
                1.8795289082232617e-12,
                1.2256068041955426e-11,
                3.978962729932647e-12,
                1.4449803165959677e-07,
                0.9999998554838538
            ]
        ],
        [
            [
                0.9999999998082829,
                1.9171715050216484e-10,
                0.0,
                0.0,
                0.0
            ],
            [
                0.9999999961465025,
                3.85074189484294e-09,
                1.2917799954183106e-12,
                0.0,
                1.4637785035109305e-12
            ],
            [
                8.423464270502056e-12,
                1.125351816133245e-07,
                0.9999998677980938,
                1.9555682285859423e-08,
                1.026188026035928e-10
            ],
            [
                1.499074982908457e-11,
                3.411878934832685e-10,
                2.344947812443267e-10,
                0.04742587538522043,
                0.9525741240241061
            ],
            [
                1.1399918433807385e-12,
                5.7893562796547555e-12,
                1.8795288006064723e-12,
                8.15202064536616e-09,
                0.9999999918391705
            ]
        ],
        [
            [
                0.9999999996378461,
                3.5817479195066777e-10,
                0.0,
                0.0,
                3.978962523865626e-12
            ],
            [
                0.0011694228328876758,
                0.9987557299964018,
                7.47586649050803e-05,
                8.753339721491488e-08,
                9.72408206641078e-10
            ],
            [
                5.675685231041334e-14,
                2.940077738460113e-11,
                0.999999999936857,
                3.33154454123229e-11,
                3.7010116775549563e-13
            ],
            [
                5.788175454147942e-12,
                7.990329745875786e-11,
                7.051441251364939e-11,
                0.0002034270625409531,
                0.9997965727812531
            ],
            [
                1.4637786688548527e-12,
                1.2256068739629067e-11,
                5.1090895681204044e-12,
                8.764249145869906e-08,
                0.9999999123386797
            ]
        ],
        [
            [
                0.9999999996817821,
                3.160881448830111e-10,
                0.0,
                0.0,
                2.129785167260977e-12
            ],
            [
                0.9999999988946142,
                1.1032560249427115e-09,
                0.0,
                0.0,
                2.1297851566687983e-12
            ],
            [
                0.0,
                6.224144620574513e-11,
                0.999999999904073,
                3.331544540917503e-11,
                3.7010116772052594e-13
            ],
            [
                2.4133492724497242e-12,
                2.9400612936686887e-11,
                2.9400612936686887e-11,
                6.144172125526437e-06,
                0.9999938557666599
            ],
            [
                3.5113888939942723e-12,
                2.594584952288573e-11,
                1.5736953227920597e-11,
                1.0129988103397017e-05,
                0.9999898699667024
            ]
        ],
        [
            [
                0.9999999999622486,
                3.775134520158683e-11,
                0.0,
                0.0,
                0.0
            ],
            [
                0.9999999748892254,
                2.5109990891337447e-08,
                7.835041577221232e-13,
                0.0,
                0.0
            ],
            [
                0.0,
                2.2897348452796403e-11,
                0.9999999999719593,
                5.109089027246863e-12,
                3.442477107919849e-14
            ],
            [
                2.4132985077969703e-12,
                3.3314558284008295e-11,
                2.5945404079263617e-11,
                2.75356898375302e-05,
                0.9999724642484892
            ],
            [
                1.0060393567243496e-12,
                9.54503565758069e-12,
                3.5114223836722748e-12,
                8.315279901041834e-07,
                0.9999991684579473
            ]
        ],
        [
            [
                0.9999999999426588,
                5.492788336102652e-11,
                0.0,
                0.0,
                2.4133627653076866e-12
            ],
            [
                0.9999999907617668,
                9.237449561804669e-09,
                7.835041700105418e-13,
                0.0,
                0.0
            ],
            [
                1.6261110442440594e-14,
                9.056076987591341e-11,
                0.9999999999019165,
                7.433680670643568e-12,
                7.287724094144619e-14
            ],
            [
                3.0988191282785524e-12,
                7.433680647300078e-12,
                2.4133627636999847e-12,
                2.9989608147505647e-09,
                0.9999999969880933
            ],
            [
                7.835041458450137e-13,
                5.109088815084079e-12,
                2.1297850821728263e-12,
                4.139937546206296e-08,
                0.9999999585926023
            ]
        ],
        [
            [
                0.9999999996820323,
                3.1608814411368957e-10,
                0.0,
                0.0,
                1.8795288087038734e-12
            ],
            [
                0.9999869928598829,
                1.300712475821992e-05,
                1.0815797789422915e-11,
                2.4133306928869683e-12,
                2.129756861385085e-12
            ],
            [
                0.0,
                9.545034920856064e-12,
                0.9999999999838012,
                6.560200166789809e-12,
                9.357622966894576e-14
            ],
            [
                1.0060393184572728e-12,
                1.081594197844541e-11,
                3.9789626907732415e-12,
                3.9278636984273073e-07,
                0.9999996071978292
            ],
            [
                2.1297854412244305e-12,
                1.2256068999388152e-11,
                5.1090896764041005e-12,
                1.8553915980641901e-07,
                0.9999998144413452
            ]
        ],
        [
            [
                0.9999999999572222,
                4.277787854248935e-11,
                0.0,
                0.0,
                0.0
            ],
            [
                0.9999991684580732,
                8.315279884250116e-07,
                9.545035638305626e-12,
                1.6586784832434052e-12,
                2.7346984965760284e-12
            ],
            [
                0.0,
                1.3887943861602386e-11,
                0.9999999999751898,
                1.081594155466765e-11,
                1.0603575988957207e-13
            ],
            [
                3.7678621935632985e-11,
                9.717444673313816e-10,
                1.8154576727489818e-09,
                0.11920292342871168,
                0.8807970737464076
            ],
            [
                6.914400040193418e-13,
                6.560200104826192e-12,
                2.7346982651930087e-12,
                9.237449572798713e-09,
                0.9999999907525642
            ]
        ],
        [
            [
                0.9999999999515263,
                4.84736867886321e-11,
                0.0,
                0.0,
                0.0
            ],
            [
                0.9999952148969344,
                4.785094844546648e-06,
                5.78932352801971e-12,
                1.139985394201416e-12,
                1.2917726859581107e-12
            ],
            [
                0.0,
                1.7832472901827417e-11,
                0.9999999999617362,
                2.020683908306184e-11,
                2.2447770542255333e-13
            ],
            [
                3.5114157728882216e-12,
                2.5946048132541e-11,
                1.2256045313620834e-11,
                1.7603431335422578e-06,
                0.999998239615153
            ],
            [
                1.6586753256883937e-12,
                1.7832440297895415e-11,
                5.789345741732211e-12,
                2.260325273515683e-06,
                0.999997739649446
            ]
        ],
        [
            [
                0.9999999998289306,
                1.6918979149431657e-10,
                0.0,
                0.0,
                1.8795288080163005e-12
            ],
            [
                0.9999999956334154,
                4.363462219062061e-09,
                1.6586783460348385e-12,
                0.0,
                1.4637785027598847e-12
            ],
            [
                4.4202281011045854e-14,
                2.789468091268163e-10,
                0.9999999996723108,
                4.84736870348855e-11,
                2.2447770537327888e-13
            ],
            [
                2.734698285816735e-12,
                8.423463736679965e-12,
                2.734698285816735e-12,
                1.8189616837117601e-09,
                0.9999999981671455
            ],
            [
                6.101925659957776e-13,
                8.423448545075353e-12,
                3.5114157731581046e-12,
                1.7603431336775556e-06,
                0.9999982396443213
            ]
        ],
        [
            [
                0.9999999999740539,
                2.5946094945335998e-11,
                0.0,
                0.0,
                0.0
            ],
            [
                1.6916204392027533e-10,
                8.150683724516232e-09,
                0.00015843548741597218,
                0.9998367718555771,
                4.78433716120203e-06
            ],
            [
                0.0,
                6.5602001659878975e-12,
                0.9999999999859333,
                7.433680669897922e-12,
                7.287724093413615e-14
            ],
            [
                2.4133627103288893e-12,
                1.0815941281642435e-11,
                3.511422023888248e-12,
                2.5109990917514034e-08,
                0.9999999748732684
            ],
            [
                6.10193658293067e-13,
                4.508755172339192e-12,
                1.4637784914146401e-12,
                1.5229979508411742e-08,
                0.9999999847634378
            ]
        ],
        [
            [
                0.999999999935345,
                6.224144598537787e-11,
                0.0,
                0.0,
                2.4133627623839408e-12
            ],
            [
                0.9999999950542577,
                4.944450458444864e-09,
                0.0,
                0.0,
                1.2917799934228739e-12
            ],
            [
                0.0,
                7.052879849598218e-11,
                0.9999999999171092,
                1.2256067441468646e-11,
                1.0603575989247726e-13
            ],
            [
                4.508738235561571e-12,
                2.594599711577197e-11,
                1.2256021215005516e-11,
                3.7266391153838573e-06,
                0.9999962733181739
            ],
            [
                5.384940210087147e-13,
                3.0988191343098356e-12,
                7.835041773909132e-13,
                1.1032560307727768e-09,
                0.9999999988923232
            ]
        ],
        [
            [
                0.9999999997782472,
                2.1724399189684504e-10,
                0.0,
                0.0,
                4.508755208858411e-12
            ],
            [
                0.9999998874480325,
                1.1253518363673955e-07,
                9.545035679205582e-12,
                2.1297853397236183e-12,
                5.109089432916311e-12
            ],
            [
                0.0,
                1.0815941554746906e-11,
                0.9999999999825175,
                6.560200166613926e-12,
                1.0603575989034907e-13
            ],
            [
                3.0988074185956946e-12,
                3.775120266242517e-11,
                1.783240546347719e-11,
                2.9023121995666193e-06,
                0.999997097629118
            ],
            [
                2.4133629668656386e-12,
                1.081594243136038e-11,
                4.508755606663364e-12,
                1.1253518381362663e-07,
                0.9999998874470781
            ]
        ],
        [
            [
                0.9999999997183184,
                2.789468082603823e-10,
                0.0,
                0.0,
                2.734698281528323e-12
            ],
            [
                0.9999997617455898,
                2.3823698408023621e-07,
                1.2256068335641709e-11,
                1.658678479571351e-12,
                3.511422368807636e-12
            ],
            [
                0.0,
                9.54503491878327e-12,
                0.9999999999807898,
                9.54503491878327e-12,
                1.2015425726664325e-13
            ],
            [
                1.4637758379951008e-12,
                1.225604503713056e-11,
                6.560188174567585e-12,
                1.067703076261679e-06,
                0.9999989322766437
            ],
            [
                5.384940166810611e-13,
                3.978962498194858e-12,
                1.1399918422596323e-12,
                9.237449574581077e-09,
                0.9999999907568929
            ]
        ],
        [
            [
                0.9999999998959175,
                1.0261879606666234e-10,
                0.0,
                0.0,
                1.4637785105547642e-12
            ],
            [
                0.9999999397556333,
                6.023574618044984e-08,
                5.109089689780001e-12,
                0.0,
                3.511422568167289e-12
            ],
            [
                0.0,
                2.289734844988318e-11,
                0.9999999999591342,
                1.7832472903027837e-11,
                1.3615261076988475e-13
            ],
            [
                2.1294481079670293e-12,
                2.289372468781888e-11,
                1.2254127780522407e-11,
                0.0001584362479290845,
                0.9998415637147936
            ],
            [
                8.8782653817686e-13,
                1.081594143949187e-11,
                5.789356265680162e-12,
                1.0467401680746697e-08,
                0.9999999895151052
            ]
        ],
        [
            [
                0.9999999993257325,
                6.691586049289268e-10,
                0.0,
                0.0,
                5.109088995993247e-12
            ],
            [
                0.9999996072065666,
                3.9278636862093536e-07,
                3.5114222391844754e-12,
                1.1399918938882213e-12,
                2.4133628582996788e-12
            ],
            [
                9.357622963838943e-14,
                1.6918979217108866e-10,
                0.9999999997816327,
                4.847368703679553e-11,
                6.101936674344111e-13
            ],
            [
                1.4637784850727946e-12,
                8.423463587279519e-12,
                3.5114220436817137e-12,
                1.9555680699708825e-08,
                0.9999999804309206
            ],
            [
                8.878266196248938e-13,
                7.433681273349794e-12,
                3.9789628575280765e-12,
                1.1253518381749369e-07,
                0.9999998874525157
            ]
        ],
        [
            [
                0.9999999999294713,
                7.052879826633898e-11,
                0.0,
                0.0,
                0.0
            ],
            [
                0.9999962732832646,
                3.726639108612121e-06,
                3.7751202978558505e-11,
                6.5601754115823015e-12,
                3.3315319697420234e-11
            ],
            [
                2.6810038670054336e-14,
                1.493094675764791e-10,
                0.9999999998421834,
                8.423463752029366e-12,
                5.675685230989148e-14
            ],
            [
                1.1399897947657127e-12,
                9.545017689084552e-12,
                3.098813543740393e-12,
                1.7603431338148431e-06,
                0.9999982396430823
            ],
            [
                6.914400060810422e-13,
                4.5087552122144296e-12,
                1.4637785043602342e-12,
                6.3488000736873296e-09,
                0.9999999936445358
            ]
        ],
        [
            [
                0.9999999999821676,
                1.7832472875391807e-11,
                0.0,
                0.0,
                0.0
            ],
            [
                0.9999999950505711,
                4.944450468472673e-09,
                1.879528803817698e-12,
                0.0,
                3.0988191177478077e-12
            ],
            [
                1.3887945300029295e-11,
                8.764249125068572e-08,
                0.9999999099652496,
                2.335593280140208e-09,
                4.277788311000222e-11
            ],
            [
                1.0813116847074148e-11,
                7.051037908676476e-11,
                4.84610275898206e-11,
                0.00026119032802336136,
                0.9997388095421921
            ],
            [
                1.2917726869992173e-12,
                1.5737012957969664e-11,
                9.5449808513036e-12,
                4.785094848403203e-06,
                0.9999952148785778
            ]
        ],
        [
            [
                0.9999999998960893,
                1.0261879599860596e-10,
                0.0,
                0.0,
                1.2917800007777687e-12
            ],
            [
                0.9999999585912767,
                4.139937536398982e-08,
                5.109088802980891e-12,
                1.139991802821676e-12,
                3.0988190022024287e-12
            ],
            [
                0.0,
                1.5737102104703882e-11,
                0.9999999999790894,
                5.1090890273623945e-12,
                6.431393940569658e-14
            ],
            [
                5.108855626722963e-12,
                4.2775924444193545e-11,
                2.020591597001381e-11,
                4.539785610246303e-05,
                0.9999546020758068
            ],
            [
                5.7890918506831544e-12,
                4.8471472615123e-11,
                2.0205915971131686e-11,
                4.539785610497463e-05,
                0.9999546020694285
            ]
        ],
        [
            [
                0.9999999995917215,
                4.0586521110262455e-10,
                0.0,
                0.0,
                2.4133627626466365e-12
            ],
            [
                0.999999761757868,
                2.3823698396008057e-07,
                2.73469848914258e-12,
                0.0,
                2.4133629461710995e-12
            ],
            [
                0.0,
                1.493094675562398e-10,
                0.9999999998210354,
                2.9400777380345445e-11,
                2.543665646295523e-13
            ],
            [
                6.560175423389164e-12,
                3.775120304650231e-11,
                1.5737042747258413e-11,
                3.726639115319246e-06,
                0.9999962733008362
            ],
            [
                1.6586783487321805e-12,
                9.545034864246973e-12,
                3.5114220918211103e-12,
                5.6027964031436455e-09,
                0.9999999943824884
            ]
        ],
        [
            [
                0.9999999999572222,
                4.277787854243409e-11,
                0.0,
                0.0,
                0.0
            ],
            [
                0.9999996940889792,
                3.0590235836437577e-07,
                5.109089660432306e-12,
                1.1399919941449475e-12,
                2.4133630705431697e-12
            ],
            [
                2.882350775776324e-13,
                5.6027964031935775e-09,
                0.9999999939865414,
                4.0586521015972075e-10,
                4.508755214657323e-12
            ],
            [
                4.5084202464206926e-12,
                4.847008551764248e-11,
                3.331297011835725e-11,
                7.484619778623552e-05,
                0.9999251537159223
            ],
            [
                4.193739917623924e-13,
                7.433581869498765e-12,
                2.4133306952430687e-12,
                1.300712477091859e-05,
                0.9999869928649628
            ]
        ],
        [
            [
                0.9999999999450722,
                5.4927883406547093e-11,
                0.0,
                0.0,
                0.0
            ],
            [
                0.9999989322909408,
                1.0677030755323384e-06,
                4.508746996151725e-12,
                7.835027455416342e-13,
                6.914387461070187e-13
            ],
            [
                0.0,
                5.492788348772672e-11,
                0.9999999999188378,
                2.5946094972457573e-11,
                2.882350792299373e-13
            ],
            [
                6.101937130441276e-13,
                6.560200654998307e-12,
                2.1297853290110627e-12,
                2.3823698443018557e-07,
                0.9999997617537154
            ],
            [
                2.8823507783748726e-13,
                3.5114220950180842e-12,
                1.0060392740235393e-12,
                4.944450476088053e-09,
                0.9999999950507439
            ]
        ],
        [
            [
                0.9999999997498512,
                2.4616969438170614e-10,
                0.0,
                0.0,
                3.978962522909154e-12
            ],
            [
                0.9997965727070913,
                0.00020342706165804355,
                2.171996812700967e-10,
                9.543087978989486e-12,
                4.50783557113948e-12
            ],
            [
                1.0060392653664244e-12,
                9.237449534185728e-09,
                0.9999999863358406,
                4.363462192582405e-09,
                6.224144536807017e-11
            ],
            [
                6.101936670146312e-13,
                3.5114221090841464e-12,
                8.878265467606859e-13,
                8.592166608671037e-10,
                0.999999999135774
            ],
            [
                2.41335835849526e-12,
                2.2897306583870866e-11,
                8.4234483504056e-12,
                2.2603252734965746e-06,
                0.9999977396409924
            ]
        ],
        [
            [
                0.9999999998837177,
                1.1628233001709992e-10,
                0.0,
                0.0,
                0.0
            ],
            [
                0.9999999987467483,
                1.2501528600059704e-09,
                0.0,
                0.0,
                3.0988191229054723e-12
            ],
            [
                7.835041627046541e-13,
                1.955568069344971e-08,
                0.9999999799812169,
                4.5990552858981423e-10,
                2.4133627231602902e-12
            ],
            [
                1.4637729778928215e-12,
                2.2897261855199322e-11,
                1.2256021089787372e-11,
                2.9023121994922477e-06,
                0.9999970976511834
            ],
            [
                4.193796101436161e-13,
                5.789356940351444e-12,
                2.1297853959585007e-12,
                8.764249145349063e-08,
                0.9999999123491701
            ]
        ],
        [
            [
                0.9999999999705993,
                2.9400777338501435e-11,
                0.0,
                0.0,
                0.0
            ],
            [
                0.9999999981797465,
                1.8189616799937202e-09,
                0.0,
                0.0,
                1.2917799994175566e-12
            ],
            [
                0.0,
                2.2897348452360766e-11,
                0.9999999999704781,
                6.560200166980609e-12,
                6.431393940301865e-14
            ],
            [
                1.291780166382026e-12,
                9.545036116882759e-12,
                3.978963033588054e-12,
                6.825604230188005e-08,
                0.9999999317291419
            ],
            [
                2.7346932921559357e-12,
                1.5737073337095466e-11,
                5.789345744924686e-12,
                1.0677030763532836e-06,
                0.9999989322726625
            ]
        ],
        [
            [
                0.9999999998952513,
                1.0261879611949308e-10,
                0.0,
                0.0,
                2.1297851668562675e-12
            ],
            [
                0.99987660528965,
                0.0001233946274819939,
                7.052005781660241e-11,
                6.55938715691773e-12,
                5.788638848833072e-12
            ],
            [
                0.0,
                1.5737102102623565e-11,
                0.999999999976785,
                7.433680670349668e-12,
                4.420228102450431e-14
            ],
            [
                7.431739279182946e-12,
                9.053711888616903e-11,
                9.053711888616903e-11,
                0.0002611903282138117,
                0.9997388094832802
            ],
            [
                8.878265430877428e-13,
                5.789356297703139e-12,
                2.4133627588990224e-12,
                4.944450475439325e-09,
                0.9999999950464589
            ]
        ],
        [
            [
                0.9999999998455815,
                1.4930946720150177e-10,
                0.0,
                0.0,
                5.109089013752807e-12
            ],
            [
                0.999999999782756,
                2.172439930129335e-10,
                0.0,
                0.0,
                0.0
            ],
            [
                1.2015425727304244e-13,
                1.1628233025897392e-10,
                0.9999999998454268,
                3.7751345428754375e-11,
                4.193795656820219e-13
            ],
            [
                1.4637786229434374e-12,
                1.3887944897395985e-11,
                6.5602006558401066e-12,
                2.3823698446075595e-07,
                0.9999997617411036
            ],
            [
                1.8795254230561033e-12,
                1.573707369357778e-11,
                5.1090798036202046e-12,
                1.7603431338568013e-06,
                0.9999982396341405
            ]
        ],
        [
            [
                0.9999999999200804,
                7.991959852782347e-11,
                0.0,
                0.0,
                0.0
            ],
            [
                0.999999912349514,
                8.764249127652631e-08,
                5.109089557500704e-12,
                1.0060393835357182e-12,
                1.8795290113082105e-12
            ],
            [
                8.878265365895073e-13,
                1.1861120000960618e-08,
                0.9999999874530964,
                6.691586006452379e-10,
                1.57371019073374e-11
            ],
            [
                4.508635180975015e-12,
                3.775034018166792e-11,
                2.289673873476338e-11,
                2.7535689835735328e-05,
                0.9999724642450085
            ],
            [
