{
    "[['A', 'B', 'C', 'D', 'E'], ['A', 'B', 'C', 'D', 'E']]": [
        [
            [
                0.9999999983882506,
                3.5817479161447954e-10,
                1.2917799996868982e-12,
                2.129785162548794e-12,
                1.250152861451961e-09
            ],
            [
                0.9999832985654055,
                1.670141509518755e-05,
                1.2255857794917964e-11,
                2.7346515125364274e-12,
                4.508678116671086e-12
            ],
            [
                2.646245574654786e-09,
                0.0001233946248107475,
                0.9998765772162498,
                2.5106878970457372e-08,
                4.0581490236472334e-10
            ],
            [
                0.9999994008022698,
                5.043472169526301e-07,
                1.6052281677540714e-09,
                5.6027968304397986e-09,
                8.764248834046603e-08
            ],
            [
                0.999999999874484,
                1.0261879611747894e-10,
                0.0,
                0.0,
                2.2897348411932146e-11
            ]
        ],
        [
            [
                0.99999999328805,
                3.581747900493146e-10,
                1.4637785019514025e-12,
                3.511422084171389e-12,
                6.348800063239579e-09
            ],
            [
                0.999999990752848,
                9.23744956954614e-09,
                1.6586783423184771e-12,
                6.101936616552957e-13,
                7.433680597975179e-12
            ],
            [
                3.7194492461019333e-06,
                0.2226989142986174,
                0.7772955809103455,
                1.7569434184763362e-06,
                2.8398372519041498e-08
            ],
            [
                0.9997965607923099,
                8.150357807631193e-09,
                1.4927901041854813e-10,
                3.849956421196561e-09,
                0.00020342705809680956
            ],
            [
                0.0009110492494831836,
                9.922125303859505e-08,
                2.0592714098148587e-09,
                2.2582653102066936e-06,
                0.9990865912046821
            ]
        ],
        [
            [
                0.9999999946912073,
                3.581747906194488e-10,
                1.6586783477589533e-12,
                4.508755211971636e-12,
                4.944450468685229e-09
            ],
            [
                0.9999999748517185,
                2.5109990894575356e-08,
                3.5114220206804656e-12,
                1.463778475484448e-12,
                3.331544454218852e-11
            ],
            [
                0.00020342608489955317,
                0.9997917773430725,
                4.784122965150624e-06,
                1.1858655213306621e-08,
                5.904076778558229e-10
            ],
            [
                0.9999999946928588,
                2.6465736228565966e-09,
                6.560200128363558e-12,
                7.433680627263962e-12,
                2.6465736228565966e-09
            ],
            [
                0.9999999995500009,
                3.16088144071956e-10,
                1.1399918481415456e-12,
                1.0060392749566025e-12,
                1.317651421342669e-10
            ]
        ],
        [
            [
                0.9999999826786389,
                6.224144509037174e-11,
                0.0,
                1.2917799811529052e-12,
                1.7257827672228577e-08
            ],
            [
                0.02931222803228628,
                0.9706876601933313,
                1.0923648133450628e-07,
                2.2671308417504385e-09,
                2.7077016587928146e-10
            ],
            [
                1.0603575981231413e-13,
                7.582560420551842e-10,
                0.9999999991611082,
                7.991959885196481e-11,
                6.101936671682437e-13
            ],
            [
                0.9999999996319486,
                2.1724399318826904e-10,
                8.878265465397001e-13,
                6.1019366686275e-13,
                1.493094674000363e-10
            ],
            [
                0.9999986059202824,
                1.9555645914301335e-08,
                1.691894879506865e-10,
                3.398261707248729e-09,
                1.370956620527917e-06
            ]
        ],
        [
            [
                0.9999999995122524,
                3.160881447698045e-10,
                1.0060392771777012e-12,
                1.4637785110622563e-12,
                1.6918979190740294e-10
            ],
            [
                0.7310585853880046,
                0.268941408004374,
                5.959608625077676e-09,
                4.891944657884765e-10,
                1.588181903362787e-10
            ],
            [
                9.60489794322122e-05,
                0.9993483210145196,
                0.0005527239776274956,
                2.2588554880158124e-06,
                6.471729327304959e-07
            ],
            [
                0.9999999987743766,
                9.736200287284262e-10,
                3.098819130534026e-12,
                2.7346982843661667e-12,
                2.4616969453110096e-10
            ],
            [
                0.9999999986766144,
                2.1724399291265437e-10,
                1.0060392765267749e-12,
                1.8795288113891848e-12,
                1.1032560293206385e-09
            ]
        ],
        [
            [
                0.9999999991363688,
                6.691586077148213e-10,
                1.4637785110317972e-12,
                1.2917800020554521e-12,
                1.9171715097058254e-10
            ],
            [
                0.8175744765552363,
                0.18242551316460778,
                9.6973415673659e-09,
                4.2607145276886525e-10,
                1.567429279437147e-10
            ],
            [
                6.101936667611236e-13,
                1.2501528643391736e-09,
                0.9999999986782331,
                7.052879839560566e-11,
                4.75219305498775e-13
            ],
            [
                0.9999999985005859,
                1.4166087827481354e-09,
                1.8795288113711928e-12,
                1.0060392765171446e-12,
                7.991959870979503e-11
            ],
            [
                0.9999999672070673,
                5.211412299281265e-10,
                3.978962391833809e-12,
                2.594609404374434e-11,
                3.224186620569545e-08
            ]
        ],
        [
            [
                0.9999999999393514,
                3.775134532724357e-11,
                0.0,
                0.0,
                2.2897348386372484e-11
            ],
            [
                0.9999999467654112,
                5.3157849590252686e-08,
                1.7832471917192626e-11,
                3.9789623147255686e-12,
                5.492788045719436e-11
            ],
            [
                5.602679311121365e-09,
                2.1444939548997468e-05,
                0.9999785450650006,
                4.363371034799278e-09,
                2.940016276982225e-11
            ],
            [
                0.9999995172971188,
                3.9278600631555236e-07,
                6.691586540325275e-10,
                1.605228162902907e-09,
                8.764248807560142e-08
            ],
            [
                0.9999999982431111,
                1.493094671707366e-10,
                8.878265451762344e-13,
                1.4637785097242658e-12,
                1.605228050358624e-09
            ]
        ],
        [
            [
                0.9999999998167988,
                1.4930946740570307e-10,
                2.882350789312958e-13,
                2.882350789312958e-13,
                3.331544537391129e-11
            ],
            [
                0.9996646493602241,
                0.0003353500555829208,
                4.0572901282318324e-10,
                6.222055930952482e-11,
                1.1624330839919157e-10
            ],
            [
                8.59110160964879e-10,
                0.0001233946256606233,
                0.999876584102862,
                1.955325713734351e-08,
                8.59110160964879e-10
            ],
            [
                0.9999412253800618,
                8.763730579661155e-08,
                2.998783698264109e-09,
                3.927631555425487e-07,
                5.829122069316632e-05
            ],
            [
                0.9999999898890063,
                8.592166520127028e-10,
                3.5114220728982334e-12,
                1.0815941432603817e-11,
                9.237449555484946e-09
            ]
        ],
        [
            [
                0.999999999750923,
                1.162823299654967e-10,
                4.193795646235778e-13,
                6.101936659936247e-13,
                1.3176514231940884e-10
            ],
            [
                0.924141822036377,
                0.07585817574763816,
                1.9047981475447916e-09,
                2.2749569671022341e-10,
                8.369098977466491e-11
            ],
            [
                5.211303582361332e-10,
                2.144493970952793e-05,
                0.9999785526774594,
                1.8189236757890539e-09,
                4.277698473868488e-11
            ],
            [
                0.9999999312631634,
                1.5229978676277078e-08,
                1.3176513345717593e-10,
                2.172439782674871e-10,
                5.315784881503772e-08
            ],
            [
                0.9999999981252228,
                5.492788330665758e-11,
                0.0,
                8.878265445665664e-13,
                1.8189616808342763e-09
            ]
        ],
        [
            [
                0.9999999845968042,
                1.6918978946878992e-10,
                1.291779983463292e-12,
                2.7346982464517093e-12,
                1.5229979493319702e-08
            ],
            [
                0.9999999936272523,
                6.348800064036156e-09,
                5.1090889862111535e-12,
                1.0060392710421357e-12,
                1.7832472762067957e-11
            ],
            [
                3.221900126677052e-08,
                0.0007096703954536196,
                0.9992902819972967,
                1.5219178561142777e-08,
                1.6906980195062664e-10
            ],
            [
                0.9999999780774057,
                2.33559298467723e-09,
                8.42346355927385e-12,
                2.2897347925861062e-11,
                1.955568063469164e-08
            ],
            [
                0.9999999994501081,
                1.917171506186827e-10,
                0.0,
                0.0,
                3.5817479161377845e-10
            ]
        ],
        [
            [
                0.9999999997977063,
                1.3176514252892873e-10,
                0.0,
                0.0,
                7.052879841904275e-11
            ],
            [
                0.9999991682932448,
                8.31527988287952e-07,
                2.2897350168992697e-11,
                6.560200658803892e-12,
                1.4930947878686152e-10
            ],
            [
                0.00043050374553160845,
                0.9994458409271159,
                0.00012334144697485547,
                3.057328801621013e-07,
                8.147497512301317e-09
            ],
            [
                0.9999999836465187,
                1.1032560125304995e-09,
                4.5087551613234e-12,
                1.5737101824244857e-11,
                1.522997947120185e-08
            ],
            [
                0.99999989258986,
                8.764248962528294e-08,
                4.277788231665085e-11,
                1.6918980660642153e-10,
                1.955568274589648e-08
            ]
        ],
        [
            [
                0.9999999995451228,
                4.84736869871741e-11,
                0.0,
                5.384940209363582e-13,
                4.058652120151773e-10
            ],
            [
                0.9999993517843154,
                6.475946137430714e-07,
                7.052880000899788e-11,
                2.940077801725246e-11,
                5.211412598567458e-10
            ],
            [
                0.06008662865961682,
                0.9399130755481074,
                2.875216397913962e-07,
                6.761860852717052e-09,
                1.508775094968154e-09
            ],
            [
                0.9999416658393934,
                2.5108507588516366e-08,
                5.211104499964227e-10,
                1.7256808072029067e-08,
                5.829127418041653e-05
            ],
            [
                0.9999999992310302,
                2.461696936130027e-10,
                0.0,
                1.6586783483455206e-12,
                5.211412454682637e-10
            ]
        ],
        [
            [
                0.9999999949168135,
                2.0611536086527083e-09,
                1.2256067362125824e-11,
                1.0815941484944193e-11,
                2.9989608047990145e-09
            ],
            [
                0.9975273722313276,
                0.0024726229537319878,
                4.352672683163251e-09,
                2.1670681245958257e-10,
                2.4556098930761885e-10
            ],
            [
                1.0035481761753268e-06,
                0.06008657220018072,
                0.9399121320829311,
                2.875213663545263e-07,
                4.6473456169971756e-09
            ],
            [
                0.9999999993462938,
                2.4616969474902764e-10,
                8.878265462860882e-13,
                7.835041771298518e-13,
                4.058652119344795e-10
            ],
            [
                0.9999999994216306,
                3.5817479160398686e-10,
                1.2917799996490557e-12,
                1.6586783523182692e-12,
                2.1724399264400115e-10
            ]
        ],
        [
            [
                0.9999999999221749,
                5.4927883417100296e-11,
                0.0,
                0.0,
                2.2897348417918077e-11
            ],
            [
                0.9997388093435319,
                0.0002611903285950777,
                2.461054047176434e-10,
                3.3306744653523465e-11,
                4.846102751975732e-11
            ],
            [
                4.784337207952212e-06,
                0.999836663294362,
                0.00015843548896412557,
                1.1251671924171182e-07,
                4.362746656421649e-09
            ],
            [
                0.9999999924263706,
                7.194132965648413e-09,
                1.3887943740108096e-11,
                7.433680605521628e-12,
                3.581747898082414e-10
            ],
            [
                0.9999999989590378,
                7.582560411653243e-10,
                1.8795288125089636e-12,
                1.8795288125089636e-12,
                2.7894680868876964e-10
            ]
        ],
        [
            [
                0.9999999996334465,
                1.4930946705740006e-10,
                0.0,
                0.0,
                2.1724399268973625e-10
            ],
            [
                0.999998628977985,
                1.3709566534523064e-06,
                2.940072521762934e-11,
                6.560188526289614e-12,
                2.940072521762934e-11
            ],
            [
                0.00011163021618859829,
                0.09533878942305202,
                0.904549295301392,
                2.767036413592242e-07,
                8.3557259524762e-09
            ],
            [
                0.9999999976108158,
                2.0611536155073017e-09,
                7.433680647354175e-12,
                4.5087552271327636e-12,
                3.160881443684267e-10
            ],
            [
                0.9999999675303364,
                2.1724398610533618e-10,
                2.1297850983835864e-12,
                8.423463467440033e-12,
                3.22418662739292e-08
            ]
        ],
        [
            [
                0.9999999960297787,
                1.1628232956895492e-10,
                7.835041735658071e-13,
                2.4133627566149966e-12,
                3.8507418984855535e-09
            ],
            [
                0.8519527932519708,
                0.1480472034354624,
                2.8951614677870994e-09,
                3.0514777368614927e-10,
                1.1225759245837034e-10
            ],
            [
                2.1297851508008425e-12,
                9.237449574553201e-09,
                0.9999999906683962,
                9.05607690397187e-11,
                1.4637785002736328e-12
            ],
            [
                0.9999999921288648,
                7.1941329657624195e-09,
                2.7346982670496225e-12,
                5.109088982212362e-12,
                6.69158603123987e-10
            ],
            [
                0.9999999991205764,
                2.020683901893493e-11,
                0.0,
                0.0,
                8.592166588862003e-10
            ]
        ],
        [
            [
                0.9999999998915918,
                5.7893563198993565e-12,
                0.0,
                0.0,
                1.0261879616048045e-10
            ],
            [
                0.9999999981444039,
                1.605228050827718e-09,
                2.7346982841676806e-12,
                1.4637785101520242e-12,
                2.461696945132338e-10
            ],
            [
                7.034918706272383e-05,
                0.06008235440449917,
                0.9398461290173173,
                1.1370887043702053e-06,
                3.030241646145447e-08
            ],
            [
                0.9999994791631347,
                5.043471961005334e-07,
                6.691586283886134e-10,
                5.905304168907076e-10,
                1.522998018305308e-08
            ],
            [
                0.9997170998757313,
                1.067401723871814e-06,
                4.1387695751707686e-08,
                0.00015841647029243898,
                0.00012337486455681033
            ]
        ],
        [
            [
                0.9999999995512645,
                9.056076954827013e-11,
                0.0,
                0.0,
                3.581747916501378e-10
            ],
            [
                0.9999646435001691,
                3.535625927877638e-05,
                1.691836808558462e-10,
                2.2896521367638634e-11,
                4.847193611566345e-11
            ],
            [
                1.7569449024699698e-06,
                0.2226990206128047,
                0.7772959337024633,
                2.8967124321504012e-06,
                3.920273974600918e-07
            ],
            [
                0.9995687616338458,
                0.0004305568776234128,
                1.444357407120566e-07,
                1.444357407120566e-07,
                3.926170493576058e-07
            ],
            [
                0.9999999998651525,
                5.4927883337370334e-11,
                0.0,
                0.0,
                7.991959867902399e-11
            ]
        ],
        [
            [
                0.9999999999020057,
                9.056076978794253e-11,
                0.0,
                0.0,
                7.433680663422478e-12
            ],
            [
                0.0373268838484988,
                0.9626730030478985,
                1.0833452480199093e-07,
                3.707003586912644e-09,
                1.062074309628403e-09
            ],
            [
                2.060957245942313e-09,
                9.610240437529305e-05,
                0.9999038216828742,
                6.824953066692147e-08,
                5.602262630875988e-09
            ],
            [
                0.9999999282035288,
                6.825604201939146e-08,
                7.991960859637154e-11,
                6.224145375761432e-11,
                3.3982682305392364e-09
            ],
            [
                0.9997370364221609,
                3.9268302980500494e-07,
                1.046464828360856e-08,
                1.3705984475946773e-06,
                0.0002611898317133088
            ]
        ],
        [
            [
                0.9999999987250845,
                1.1032560286630154e-09,
                1.4637785092426425e-12,
                1.0060392759271002e-12,
                1.6918979169708418e-10
            ],
            [
                0.9999993711469007,
                3.059020775196561e-07,
                1.8189619774247444e-09,
                1.5229982171778645e-08,
                3.059020775196561e-07
            ],
            [
                0.4378023518854181,
                0.5621493459022642,
                4.2077904540888504e-05,
                5.694625129044298e-06,
                5.29682647624264e-07
            ],
            [
                0.9999993510437053,
                1.1032560544684677e-09,
                1.2256067689885074e-11,
                2.4616970011827405e-10,
                6.475946129765787e-07
            ],
            [
                0.9999999999656304,
                8.423463736814332e-12,
                0.0,
                0.0,
                2.5946094928385545e-11
            ]
        ],
        [
            [
                0.9999999862527664,
                1.1861119973458027e-08,
                2.94007769519099e-11,
                3.775134487661946e-11,
                1.8189616602733746e-09
            ],
            [
                0.9990889475874227,
                0.0009110514038321363,
                8.584336558082928e-10,
                7.984676801625086e-11,
                7.046452545573212e-11
            ],
            [
                1.0261743112865793e-10,
                1.3007124611584153e-05,
                0.9999869806945676,
                1.186096235702388e-08,
                2.1724110340411882e-10
            ],
            [
                0.9999999956098671,
                3.850741901613994e-09,
                1.0815941497869521e-11,
                7.43368063151609e-12,
                5.211412459260225e-10
            ],
            [
                0.9999999990489441,
                6.691586059161138e-10,
                1.658678350949593e-12,
                1.2917799985831297e-12,
                2.789468079474463e-10
            ]
        ],
        [
            [
                0.9999999999092644,
                7.052879837643294e-11,
                0.0,
                0.0,
                2.0206839051633226e-11
            ],
            [
                0.9999999317301443,
                6.82560422601043e-08,
                6.560200984790997e-12,
                1.4637786963423022e-12,
                5.789357049410467e-12
            ],
            [
                2.2069311202080737e-08,
                0.004070136376376261,
                0.995929752456934,
                8.728581902623985e-08,
                1.8115593796531913e-09
            ],
            [
                0.9999999995333726,
                1.4930946738531795e-10,
                5.384940209300307e-13,
                6.914400096085401e-13,
                3.1608814493514775e-10
            ],
            [
                0.9999999949494107,
                4.363462226091631e-09,
                8.423463702631956e-12,
                9.545034864101961e-12,
                6.691586050113797e-10
            ]
        ],
        [
            [
                0.9999999988815569,
                7.582560409951884e-10,
                1.0060392769004164e-12,
                1.0060392769004164e-12,
                3.581747921799467e-10
            ],
            [
                0.9999999961312651,
                3.8507419045614954e-09,
                3.098819124070759e-12,
                1.006039274526812e-12,
                1.3887943799302495e-11
            ],
            [
                1.7245588622859446e-08,
                0.000709670396653956,
                0.999290161618052,
                1.4439540795535833e-07,
                6.344297505250116e-09
            ],
            [
                0.9999999949699923,
                4.944450474148172e-09,
                3.9789625134733295e-12,
                1.6586783495915665e-12,
                7.991959848034818e-11
            ],
            [
                0.9999999995316711,
                8.423463736998998e-12,
                0.0,
                0.0,
                4.599055369114211e-10
            ]
        ],
        [
            [
                0.9999999998389106,
                9.056076978222859e-11,
                0.0,
                0.0,
                7.052879842194884e-11
            ],
            [
                0.9859363719505293,
                0.014063627287339479,
                6.597475059975732e-10,
                6.953687553876815e-11,
                3.2846894186628896e-11
            ],
            [
                7.877416445234118e-06,
                0.0015011706022330497,
                0.9984908572878557,
                8.751019202039882e-08,
                7.183273991571556e-09
            ],
            [
                0.9999999996110307,
                3.5817479244122583e-10,
                7.835041772221799e-13,
                6.101936667603505e-13,
                2.940077734465326e-11
            ],
            [
                0.9999999998714351,
                2.5946094918818507e-11,
                0.0,
                0.0,
                1.0261879606410693e-10
            ]
        ],
        [
            [
                0.9999999999464777,
                2.0206839063879018e-11,
                0.0,
                0.0,
                3.33154453782316e-11
            ],
            [
                0.9046504130944957,
                0.09534944571569122,
                1.3072025101256174e-07,
                8.356666063637022e-09,
                2.1128960698052263e-09
            ],
            [
                0.6224560612697837,
                0.37753869637122106,
                4.9107593537572e-06,
                2.7704608477104567e-07,
                5.455355663467911e-08
            ],
            [
                0.9999999993378557,
                5.90530398995994e-10,
                6.101936668322075e-13,
                4.752193055541352e-13,
                7.052879840382184e-11
            ],
            [
                0.9984966111240102,
                8.30278379025506e-07,
                1.0451662335990598e-08,
                1.3688976241017748e-06,
                0.0015011792483243175
            ]
        ],
        [
            [
                0.9999999969688624,
                1.6052280474000963e-09,
                3.511422096345766e-12,
                5.7893563006517e-12,
                1.416608779772503e-09
            ],
            [
                0.999088948069047,
                0.0009110514043755483,
                4.5948642517079437e-10,
                3.771694257784484e-11,
                2.9373984414684767e-11
            ],
            [
                0.13271174974731356,
                0.0001553894461709324,
                7.340077702009878e-05,
                0.10335601722125465,
                0.7637034428082408
            ],
            [
                0.9999994949277298,
                6.691586390638501e-10,
                7.433681004895243e-12,
                4.8473689231155666e-11,
                5.043472041464965e-07
            ],
            [
                0.9999999993912672,
                1.7832472868665992e-11,
                0.0,
                3.701011670398777e-13,
                5.905303985869928e-10
            ]
        ],
        [
            [
                0.9999999467681033,
                7.052879467892858e-11,
                7.835041359346199e-13,
                2.7346981430016257e-12,
                5.315784965590419e-08
            ],
            [
                0.9999997617503402,
                2.3823698439055685e-07,
                6.560200653907073e-12,
                1.0060393537759972e-12,
                5.109089406368371e-12
            ],
            [
                0.0007096686457184303,
                0.9992880573860374,
                2.258719724822483e-06,
                1.3430851239797089e-08,
                1.8176680566467498e-09
            ],
            [
                0.9999999997765256,
                1.3176514248484887e-10,
                5.384940208922286e-13,
                6.10193666759764e-13,
                9.056076974820148e-11
            ],
            [
                0.9999999997279438,
                7.991959874307013e-11,
                0.0,
                4.193795648594539e-13,
                1.9171715092851485e-10
            ]
        ],
        [
            [
                0.9999999988790258,
                7.582560411046547e-10,
                2.4133627664653396e-12,
                2.1297851662186526e-12,
                3.581747922316549e-10
            ],
            [
                0.022977350971278628,
                0.9770218191691781,
                8.124213159859639e-07,
                1.6861266487768475e-08,
                5.769608115629914e-10
            ],
            [
                0.005220123478608469,
                0.9947795675607825,
                3.0430548621826084e-07,
                4.340684635209022e-09,
                3.1443814033684996e-10
            ],
            [
                0.8595713580493799,
                0.020215179790705123,
                0.000370253933117392,
                0.116330336717007,
                0.0035128715097905733
            ],
            [
                0.999999999934325,
                2.2897348418189683e-11,
                0.0,
                0.0,
                4.277787861819997e-11
            ]
        ],
        [
            [
                0.999999994862135,
                1.9171715011922615e-10,
                6.914400061619949e-13,
                1.0060392726892589e-12,
                4.944450469530373e-09
            ],
            [
                0.04742586373911602,
                0.9525738998245178,
                2.2693827043459743e-07,
                7.765400587175917e-09,
                1.7326950766332734e-09
            ],
            [
                0.0,
                7.991959891287096e-11,
                0.9999999999077183,
                1.2256067441543307e-11,
                1.0603575989312322e-13
            ],
            [
                0.9999999800600006,
                1.9555680676335305e-08,
                1.2256067186191925e-11,
                1.3887943572716472e-11,
                3.5817478549115444e-10
            ],
            [
                0.9999999994644884,
                2.1724399294379177e-10,
                8.878265455405774e-13,
                1.2917800014316757e-12,
                3.1608814461059413e-10
            ]
        ],
        [
            [
                0.9999976488182981,
                8.764232427423015e-08,
                2.1724360206284685e-10,
                2.9989554211250074e-09,
                2.2603231785520666e-06
            ],
            [
                0.8175744748750676,
                0.18242551285840491,
                1.0988527564244934e-08,
                9.019932699897195e-10,
                3.760067362643366e-10
            ],
            [
                0.02931221447482953,
                0.9706871141023986,
                6.286125552061217e-07,
                3.129677626294483e-08,
                1.1513440562079804e-08
            ],
            [
                0.9999999994905164,
                1.9171715106664137e-10,
                5.38494020906953e-13,
                1.1399918512058455e-12,
                3.160881449216014e-10
            ],
            [
                0.9999999293715301,
                2.335593322291182e-09,
                7.433681574644587e-12,
                2.940078096148039e-11,
                6.825604204819482e-08
            ]
        ],
        [
            [
                0.9999999997879452,
                7.991959882442021e-11,
                0.0,
                3.7010116737246915e-13,
                1.3176514252764256e-10
            ],
            [
                0.9999546015145543,
                4.539785566280729e-05,
                3.5815842978223774e-10,
                7.991594779582088e-11,
                1.9170839276135904e-10
            ],
            [
                7.58251735067418e-10,
                4.785094770847632e-06,
                0.9999951986709159,
                1.5229893221767738e-08,
                2.46168296668387e-10
            ],
            [
                0.9999999962387305,
                3.581747913324e-10,
                2.4133627604062077e-12,
                2.4133627604062077e-12,
                3.3982678034046483e-09
            ],
            [
                0.9999999994916209,
                4.8473686909721596e-11,
                0.0,
                0.0,
                4.5990553641378875e-10
            ]
        ],
        [
            [
                0.9999999905385387,
                2.1724399110372995e-10,
                1.6586783405581534e-12,
                5.109088971522625e-12,
                9.23744955974261e-09
            ],
            [
                0.9984988172327438,
                0.001501182030481752,
                6.681536574912207e-10,
                4.2713634280852786e-11,
                2.5907128779089796e-11
            ],
            [
                3.442477106905675e-14,
                1.4930946755186844e-10,
                0.9999999998245352,
                2.594609497097446e-11,
                1.7482341274766389e-13
            ],
            [
                0.9999723783939939,
                3.2241006015817625e-08,
                5.211273262536915e-10,
                5.31564324070493e-08,
                2.7535687440376985e-05
            ],
            [
                0.9999994746473775,
                5.043471938230227e-07,
                5.905304142240142e-10,
                8.592166827668709e-10,
                1.955568156238202e-08
            ]
        ],
        [
            [
                0.9999999122743921,
                7.991960730381755e-11,
                7.835042606049738e-13,
                2.4133630247145046e-12,
                8.764249137794755e-08
            ],
            [
                0.9999033469363079,
                9.610239197657627e-05,
                1.3439102189260391e-08,
                1.4448410263647817e-07,
                3.927485106979503e-07
            ],
            [
                2.9020933715954984e-06,
                0.9999221806826828,
                7.484597452488077e-05,
                6.825069436359153e-08,
                2.998726228004588e-09
            ],
            [
                0.9999999985637189,
                4.5990553675690477e-10,
                1.291780001672934e-12,
                1.4637785105983473e-12,
                9.736200289546285e-10
            ],
            [
                0.9999999996782754,
                4.277787853050783e-11,
                0.0,
                0.0,
                2.7894680824889443e-10
            ]
        ],
        [
            [
                0.9999999967175297,
                2.7894680792348463e-10,
                1.4637785069714013e-12,
                3.098819123575733e-12,
                2.9989608101992916e-09
            ],
            [
                0.9999946678562627,
                4.785089943577342e-06,
                1.0467341751281676e-08,
                3.2241682425680997e-08,
                5.043447695118268e-07
            ],
            [
                0.0,
                1.2501528646222083e-09,
                0.9999999987203103,
                2.940077735134686e-11,
                1.3615261061679212e-13
            ],
            [
                0.9999999968487101,
                2.9989608131327318e-09,
                1.879528809190979e-12,
                1.1399918485875048e-12,
                1.4930946703598417e-10
            ],
            [
                0.9999999994925157,
                3.581747902697929e-10,
                0.0,
                0.0,
                1.4930946646979202e-10
            ]
        ],
        [
            [
                0.9999999981117531,
                2.7894680836501353e-10,
                1.6586783534325386e-12,
                2.4133627638573982e-12,
                1.6052280498805645e-09
            ],
            [
                0.9999999997235209,
                2.461696949019646e-10,
                5.384940211638382e-13,
                3.701011674389449e-13,
                2.9400777359454385e-11
            ],
            [
                5.81780917488939e-05,
                0.777243726201263,
                0.22268404885113938,
                1.298128692906074e-05,
                1.0655689197083864e-06
            ],
            [
                0.9999998024492727,
                1.855391573103863e-07,
                7.991960799614794e-11,
                7.052880651237562e-11,
                1.1861121496947858e-08
            ],
            [
                0.9999998790181526,
                8.152021296366656e-09,
                4.8473690522785565e-11,
                2.461697127532899e-10,
                1.1253518275209238e-07
            ]
        ],
        [
            [
                0.9999999978864955,
                2.0611536119009816e-09,
                2.4133627594949806e-12,
                1.463778506642392e-12,
                4.8473686814882515e-11
            ],
            [
                4.539763820270054e-05,
                0.9999498117142334,
                4.7848758635047045e-06,
                5.602518979569142e-09,
                1.6918141375686598e-10
            ],
            [
                3.64799541409039e-08,
                0.001501182059512916,
                0.9984985932055824,
                1.8526049358462272e-07,
                2.9944569854559884e-09
            ],
            [
                0.9999999958594128,
                3.850741901368289e-09,
                5.789356296558064e-12,
                5.109088999671116e-12,
                2.7894680773673035e-10
            ],
            [
                0.9999999994881854,
                3.160881448744322e-10,
                1.8795288132274148e-12,
                2.129785167203173e-12,
                1.917171510380318e-10
            ]
        ],
        [
            [
                0.9999999998755855,
                9.056076977224679e-11,
                0.0,
                5.384940210352073e-13,
                3.33154453758698e-11
            ],
            [
                0.22270011819082342,
                0.7772997888793495,
                8.747364031293854e-08,
