{
    "[['A', 'B', 'C', 'D', 'E'], ['A', 'B', 'C', 'D', 'E']]": [
        [
            [
                0.9999962733409463,
                3.7266391078043447e-06,
                8.4234319645758e-12,
                3.09880744387381e-12,
                8.4234319645758e-12
            ],
            [
                0.9998415637083042,
                0.0001584362467181893,
                3.331017285446434e-11,
                5.108280453695216e-12,
                6.559161938113844e-12
            ],
            [
                8.258073283442313e-14,
                9.056076987355015e-11,
                0.9999999998933651,
                1.5737102102835077e-11,
                2.543665646725886e-13
            ],
            [
                1.1399919087702054e-12,
                1.0815942085997837e-11,
                2.7346984252712393e-12,
                1.444980316743743e-07,
                0.9999998554872777
            ],
            [
                1.4637784883219774e-12,
                8.423463605977274e-12,
                2.413362729289723e-12,
                1.725782768373399e-08,
                0.9999999827298717
            ]
        ],
        [
            [
                0.9999993523970718,
                6.475946135924505e-07,
                3.511422187134676e-12,
                1.2917800319201082e-12,
                3.511422187134676e-12
            ],
            [
                0.029312206830640185,
                0.9706869800030947,
                8.071544804942495e-07,
                5.438564109644617e-09,
                5.732204398865288e-10
            ],
            [
                0.0,
                1.573710210197502e-11,
                0.9999999999683509,
                1.573710210197502e-11,
                1.7482341277280623e-13
            ],
            [
                1.8795289561555994e-12,
                1.225606835451353e-11,
                3.5114223742145033e-12,
                2.382369844470721e-07,
                0.9999997617453685
            ],
            [
                1.2917799950707437e-12,
                7.43368061644477e-12,
                1.879528802403474e-12,
                7.1941329762195616e-09,
                0.9999999927952621
            ]
        ],
        [
            [
                0.9999952148829295,
                4.785094842077651e-06,
                1.0815880271909335e-11,
                3.978939990207234e-12,
                7.43363855157007e-12
            ],
            [
                0.9999996072038626,
                3.927863690372776e-07,
                3.9789626826139255e-12,
                0.0,
                5.789356542289469e-12
            ],
            [
                0.0,
                1.6918979217498961e-10,
                0.9999999998046893,
                2.594609496949587e-11,
                1.7482341273770122e-13
            ],
            [
                1.658678344848107e-12,
                8.423463683034974e-12,
                2.1297851528945243e-12,
                8.152020645338419e-09,
                0.9999999918357675
            ],
            [
                2.1297851227592933e-12,
                6.560200019698133e-12,
                1.6586783213787656e-12,
                2.2159489271902414e-08,
                0.9999999778301621
            ]
        ],
        [
            [
                0.9999997897437173,
                2.1024340624432692e-07,
                3.97896293338912e-12,
                1.4637786603770723e-12,
                7.433681415076882e-12
            ],
            [
                0.924141820605,
                0.07585817557808437,
                3.558631434626662e-09,
                2.007642474584251e-10,
                5.751991993486502e-11
            ],
            [
                1.0603575987085587e-13,
                9.056076985882333e-11,
                0.9999999998603843,
                4.847368704241329e-11,
                4.752193060782063e-13
            ],
            [
                3.978962322921272e-12,
                2.594609359437815e-11,
                6.5601998171146926e-12,
                5.315784969974504e-08,
                0.9999999468056651
            ],
            [
                3.7010116329730313e-13,
                3.978962486791504e-12,
                8.878265369023829e-13,
                1.1861120005140552e-08,
                0.9999999881336431
            ]
        ],
        [
            [
                0.9999977396557739,
                2.26032527004905e-06,
                7.433667066976182e-12,
                3.0988134671573045e-12,
                8.423448337557871e-12
            ],
            [
                0.9997965727924756,
                0.00020342706048263632,
                7.99032973016526e-11,
                2.939478035908758e-11,
                3.774364509902206e-11
            ],
            [
                2.244777053347027e-13,
                3.581747927612245e-10,
                0.9999999995703805,
                7.052879845852775e-11,
                6.914400101784083e-13
            ],
            [
                2.129777115555105e-12,
                2.0206762662708465e-11,
                6.5601753557728795e-12,
                2.902312199180089e-06,
                0.9999970976589041
            ],
            [
                6.91440008689373e-13,
                4.5087552292228826e-12,
                1.291780001040822e-12,
                2.6465736312360772e-09,
                0.9999999973469345
            ]
        ],
        [
            [
                0.9999994956381235,
                5.043472038844521e-07,
                5.109089253962065e-12,
                2.12978526512439e-12,
                7.433681001032915e-12
            ],
            [
                0.9947798740017537,
                0.005220125702480866,
                2.4488465778076857e-10,
                3.3141534521061284e-11,
                1.7739385111054693e-11
            ],
            [
                0.0,
                1.3176514261049153e-10,
                0.999999999834593,
                3.331544539879146e-11,
                3.26613134054509e-13
            ],
            [
                2.4133214916765186e-12,
                2.940027449758509e-11,
                3.978894476364839e-12,
                1.670141511051539e-05,
                0.999983298549097
            ],
            [
                4.75219290835191e-13,
                4.508755095785927e-12,
                1.291779962810494e-12,
                3.2241866324890044e-08,
                0.999999967751858
            ]
        ],
        [
            [
                0.9999998144461864,
                1.8553915949134788e-07,
                5.109089667728161e-12,
                0.0,
                9.54503611789187e-12
            ],
            [
                0.9999251537152235,
                7.484619686725505e-05,
                4.277470020726091e-11,
                1.5735932808523124e-11,
                2.93985928559484e-11
            ],
            [
                0.0,
                4.277787867937504e-11,
                0.9999999999505891,
                6.560200166571931e-12,
                7.287724094062418e-14
            ],
            [
                2.4133629572425045e-12,
                1.388794493192082e-11,
                3.978962841525481e-12,
                8.315279899794249e-07,
                0.9999991684517298
            ],
            [
                5.384940199871414e-13,
                3.97896252262367e-12,
                1.291780000496178e-12,
                2.998960814898184e-09,
                0.99999999699523
            ]
        ],
        [
            [
                0.9999417086423633,
                5.829127666148408e-05,
                4.277535239151465e-11,
                1.2255343647553953e-11,
                2.5944562705465754e-11
            ],
            [
                0.14804715902323337,
                0.8519525761420564,
                2.6061414535963706e-07,
                3.7174611294037967e-09,
                5.031036548689609e-10
            ],
            [
                2.882350792282153e-13,
                7.99195988973138e-11,
                0.9999999998757225,
                4.27778786724409e-11,
                1.291780004265119e-12
            ],
            [
                6.101937169095691e-13,
                7.43368127111003e-12,
                1.6586784925151644e-12,
                1.1253518378358692e-07,
                0.9999998874551136
            ],
            [
                6.10193732299813e-13,
                7.433681458601584e-12,
                1.879529015334063e-12,
                8.764249146425191e-08,
                0.9999999123475851
            ]
        ],
        [
            [
                0.9999038975045331,
                9.610239913969566e-05,
                6.223551343361929e-11,
                1.3886620079363227e-11,
                2.020491299353822e-11
            ],
            [
                0.6224592664097818,
                0.37754062918730974,
                1.0192004433481538e-07,
                2.1152830362272156e-09,
                3.6758107471903406e-10
            ],
            [
                8.258073281307729e-14,
                1.4930946754290729e-10,
                0.9999999998016591,
                4.8473687037766285e-11,
                4.752193060326487e-13
            ],
            [
                3.978962956100857e-12,
                2.2897350874905666e-11,
                5.789356940210606e-12,
                8.764249145135855e-08,
                0.999999912324843
            ],
            [
                5.384940197712958e-13,
                5.789356307184463e-12,
                1.0060392755391507e-12,
                3.3982678068477723e-09,
                0.9999999965943982
            ]
        ],
        [
            [
                0.9999938557986173,
                6.144172113314597e-06,
                1.573701404854685e-11,
                5.109060439713748e-12,
                8.423416620248606e-12
            ],
            [
                0.9999977396471201,
                2.260325268861734e-06,
                1.2256045006188742e-11,
                3.0988134655295427e-12,
                1.2256045006188742e-11
            ],
            [
                0.0,
                3.9789625351301305e-12,
                0.9999999999914777,
                4.508755241493565e-12,
                3.442477107858207e-14
            ],
            [
                6.914400375941358e-13,
                9.545035294185268e-12,
                2.734698397983895e-12,
                3.927863698292536e-07,
                0.999999607200659
            ],
            [
                4.752193004874243e-13,
                4.508755187363767e-12,
                1.0060392670265411e-12,
                1.1861120006837453e-08,
                0.9999999881328899
            ]
        ],
        [
            [
                0.9999998554940664,
                1.4449803147479424e-07,
                3.0988192859203156e-12,
                1.291780066147456e-12,
                3.5114222801742527e-12
            ],
            [
                0.9980732654572643,
                0.0019267343317360608,
                1.9134782121106554e-10,
                1.2232456956586893e-11,
                7.419360187785041e-12
            ],
            [
                2.3659776083152042e-14,
                9.056076986535909e-11,
                0.9999999998997771,
                9.545034919534298e-12,
                9.357622965598763e-14
            ],
            [
                8.878266416329091e-13,
                1.388794533203865e-11,
                2.7346985804759975e-12,
                8.764249145268677e-08,
                0.9999999123399981
            ],
            [
                4.1937956356953956e-13,
                3.5114220943833063e-12,
                6.914400069540365e-13,
                4.94445047519422e-09,
                0.9999999950509273
            ]
        ],
        [
            [
                0.999997739657781,
                2.2603252713392804e-06,
                8.423448342366112e-12,
                2.7346932880147594e-12,
                5.7893457361578156e-12
            ],
            [
                0.010986130377480023,
                0.9889396964809912,
                7.402396308111976e-05,
                1.4289986570991486e-07,
                6.278581914490363e-09
            ],
            [
                6.43139393745669e-14,
                2.7894680911360516e-10,
                0.9999999996948681,
                2.5946094966646436e-11,
                1.7482341271850188e-13
            ],
            [
                1.1399919733700438e-12,
                1.0815942698904039e-11,
                2.7346985802381956e-12,
                8.764249144506563e-08,
                0.9999999123428179
            ],
            [
                1.6586783259902693e-12,
                1.0815941342594492e-11,
                2.413362723929132e-12,
                1.9555680699679698e-08,
                0.9999999804294312
            ]
        ],
        [
            [
                0.9999546020671132,
                4.539785565107573e-05,
                5.492537411029308e-11,
                8.423078925629288e-12,
                1.3887309389470989e-11
            ],
            [
                0.999983298554291,
                1.670141505667199e-05,
                1.38877062692915e-11,
                4.5086781062735085e-12,
                1.2255857766654417e-11
            ],
            [
                6.431393937126689e-14,
                4.058652123746125e-10,
                0.999999999573639,
                2.0206839076632453e-11,
                2.2447770535112928e-13
            ],
            [
                1.2917799627535336e-12,
                1.3887943413072462e-11,
                2.4133626933062356e-12,
                3.224186632346836e-08,
                0.9999999677405406
            ],
            [
                4.19379560742887e-13,
                7.433680582039956e-12,
                1.139991839194526e-12,
                1.1861120007242371e-08,
                0.999999988129887
            ]
        ],
        [
            [
                0.9999994956342775,
                5.043472038825123e-07,
                6.560200458188271e-12,
                2.413362878530941e-12,
                9.545035344838326e-12
            ],
            [
                0.9933071479038232,
                0.006692851418958117,
                5.865778296205244e-10,
                4.249155545938933e-11,
                4.814924033721028e-11
            ],
            [
                2.2447770443956155e-13,
                4.363462232289824e-09,
                0.9999999953465504,
                2.789468079665342e-10,
                1.0815941506089848e-11
            ],
            [
                1.2917777135562608e-12,
                2.2897307843436714e-11,
                6.560188532329073e-12,
                1.3709566547144403e-06,
                0.9999986290125961
            ],
            [
                7.835041751657407e-13,
                5.109089006279236e-12,
                1.2917799992781159e-12,
                3.8507419063488565e-09,
                0.9999999961420738
            ]
        ],
        [
            [
                0.9999869928216704,
                1.3007124743604426e-05,
                2.5945750072436565e-11,
                7.4335818538887e-12,
                2.0206570473788558e-11
            ],
            [
                0.999796572845312,
                0.0002034270607937216,
                7.990329742384254e-11,
                7.432164396126437e-12,
                6.558862059081091e-12
            ],
            [
                1.9810087908957457e-13,
                3.39826780722425e-09,
                0.9999999965384048,
                6.22414460043299e-11,
                8.878265446401088e-13
            ],
            [
                8.878265108305631e-13,
                1.0815941106345773e-11,
                2.12978508216045e-12,
                4.1399375461822383e-08,
                0.9999999585867911
            ],
            [
                3.701011480664689e-13,
                3.978962323044605e-12,
                1.1399917920782447e-12,
                5.315784970139274e-08,
                0.9999999468366614
            ]
        ],
        [
            [
                0.9999921106963011,
                7.889265020588927e-06,
                1.5736982808599837e-11,
                5.1090502975878695e-12,
                1.7832337725504143e-11
            ],
            [
                0.14804701700466374,
                0.8519517963534592,
                1.1679915586929832e-06,
                1.6660504796933344e-08,
                1.9898135407196697e-09
            ],
            [
                8.878265105171916e-13,
                4.139937544720987e-08,
                0.9999999580711618,
                5.211412268774074e-10,
                7.43368035980219e-12
            ],
            [
                2.882350639176046e-13,
                4.508755000978538e-12,
                8.878265003279714e-13,
                5.3157849699145084e-08,
                0.9999999468364655
            ],
            [
                7.835041663480769e-13,
                6.5602000663530605e-12,
                1.6586783331749787e-12,
                1.522997950837489e-08,
                0.9999999847610181
            ]
        ],
        [
            [
                0.9999999530819698,
                4.691163790777593e-08,
                2.4133626529663533e-12,
                0.0,
                3.978962339858918e-12
            ],
            [
                0.9706877707460417,
                0.029312227867159653,
                1.2135076858647607e-09,
                1.1287379755392501e-10,
                6.041699012107721e-11
            ],
            [
                1.0603575985808573e-13,
                1.3176514262993392e-10,
                0.99999999981918,
                4.847368703657549e-11,
                4.752193060209745e-13
            ],
            [
                1.006039246474766e-12,
                8.423463479766014e-12,
                2.1297851015000823e-12,
                3.224186632110844e-08,
                0.9999999677465744
            ],
            [
                2.129785144674709e-12,
                1.3887943693589877e-11,
                2.7346982578463048e-12,
                1.186112000498024e-08,
                0.9999999881201275
            ]
        ],
        [
            [
                0.9999999585991608,
                4.139937541523599e-08,
                0.0,
                0.0,
                1.4637784514506486e-12
            ],
            [
                0.6224593028654956,
                0.37754066269073294,
                3.3088592865497294e-08,
                1.132229385438135e-09,
                2.2294918500203825e-10
            ],
            [
                8.258073270384048e-14,
                1.6052280522364592e-09,
                0.9999999983319727,
                6.224144611472678e-11,
                4.752193054040343e-13
            ],
            [
                2.413362670773832e-12,
                1.0815941104368967e-11,
                2.413362670773832e-12,
                4.139937545425591e-08,
                0.9999999585849819
            ],
            [
                6.914399881766548e-13,
                5.789356140195059e-12,
                1.4637784664566458e-12,
                3.224186632258194e-08,
                0.9999999677501891
            ]
        ],
        [
            [
                0.9999998724740105,
                1.27519067313205e-07,
                2.413362926349972e-12,
                0.0,
                4.508755530970133e-12
            ],
            [
                0.9999962733307733,
                3.726639103806228e-06,
                1.3887891437391898e-11,
                3.978947515086339e-12,
                1.2256021176929473e-11
            ],
            [
                0.0,
                7.991959889182647e-11,
                0.9999999998862898,
                3.331544540594306e-11,
                4.752193060528664e-13
            ],
            [
                2.4133630268389803e-12,
                2.0206841225359315e-11,
                4.508755718708318e-12,
                8.764249145509896e-08,
                0.9999999123303797
            ],
            [
                1.2917799889166084e-12,
                1.3887943694352024e-11,
                2.7346982579963807e-12,
                1.1861120005631159e-08,
                0.9999999881209655
            ]
        ],
        [
            [
                0.9999921107043267,
                7.889265020652244e-06,
                1.2255974534617153e-11,
                4.508721062806386e-12,
                1.3887838584727843e-11
            ],
            [
                0.9995694427057276,
                0.0004305571221677548,
                1.317083584140413e-10,
                2.0198130937785257e-11,
                2.0198130937785257e-11
            ],
            [
                1.361526107296678e-13,
                2.172439933813751e-10,
                0.999999999733671,
                4.8473687034470656e-11,
                4.752193060003395e-13
            ],
            [
                1.139991845547676e-12,
                7.4336806234677e-12,
                1.4637785044999823e-12,
                6.348800074293454e-09,
                0.9999999936411625
            ],
            [
                3.701011661803224e-13,
                2.7346982791860572e-12,
                6.914400075573384e-13,
                4.363462233149081e-09,
                0.9999999956327414
            ]
        ],
        [
            [
                0.9999996071949713,
                3.927863690337852e-07,
                5.109089216482893e-12,
                2.7346983924456017e-12,
                1.0815941956169922e-11
            ],
            [
                0.9241418201920095,
                0.07585817551724869,
                4.032457702708889e-09,
                2.00764247335287e-10,
                5.7519919899585364e-11
            ],
            [
                2.543665635543096e-13,
                4.3634622326436845e-09,
                0.999999995564971,
                7.052879818300238e-11,
                7.835041748613636e-13
            ],
            [
                2.4133629510039156e-12,
                1.5737103275202638e-11,
                3.978962831239787e-12,
                2.3823698443715578e-07,
                0.9999997617408861
            ],
            [
                5.384940194513408e-13,
                3.978962518664609e-12,
                6.914400077098646e-13,
                3.850741906148368e-09,
                0.9999999961440491
            ]
        ],
        [
            [
                0.9999921107086713,
                7.889265038401979e-06,
                1.3887838615973524e-11,
                3.978932381496599e-12,
                8.423399917729009e-12
            ],
            [
                0.9994472210761346,
                0.000552778587804753,
                2.1712388380074541e-10,
                4.844688696450939e-11,
                7.048980459833961e-11
            ],
            [
                1.4637785070830208e-12,
                4.363462231949148e-09,
                0.9999999952684757,
                3.581747913049802e-10,
                8.423463713939625e-12
            ],
            [
                2.4133626428053664e-12,
                2.020683800988523e-11,
                4.508755001239071e-12,
                5.3157849702216743e-08,
                0.9999999468150214
            ],
            [
                1.1399919374567404e-12,
                8.423464378196496e-12,
                2.1297853286588825e-12,
                2.3823698439079084e-07,
                0.9999997617513223
            ]
        ],
        [
            [
                0.9999921107081556,
                7.889265038397911e-06,
                1.5736982844124016e-11,
                4.5087210729480484e-12,
                6.560150452047576e-12
            ],
            [
                0.9984988174092752,
                0.0015011820347084154,
                4.5921484519867377e-10,
                4.840088859123678e-11,
                4.840088859123678e-11
            ],
            [
                0.0,
                3.775134543557749e-11,
                0.9999999999582305,
                3.978962535076944e-12,
                3.900837609435347e-14
            ],
            [
                8.878265381844788e-13,
                6.560200096764508e-12,
                1.4637784981968097e-12,
                1.0467401680836522e-08,
                0.9999999895236865
            ],
            [
                1.0060392724778952e-12,
                7.433680622066544e-12,
                1.4637785042240788e-12,
                6.348800073096786e-09,
                0.9999999936412964
            ]
        ],
        [
            [
                0.9999998144553283,
                1.8553915944212478e-07,
                2.4133630733492277e-12,
                0.0,
                3.098819525876051e-12
            ],
            [
                0.8807970641033722,
                0.11920292192066874,
                1.341451842811473e-08,
                4.590195786672541e-10,
                1.0242111209928919e-10
            ],
            [
                1.2015425726293543e-13,
                9.056076985543892e-11,
                0.9999999998601539,
                4.8473687040601744e-11,
                6.914400103787692e-13
            ],
            [
                3.978962690694006e-12,
                2.594609599255763e-11,
                5.789356554045917e-12,
                3.92786369834909e-07,
                0.9999996071779157
            ],
            [
                5.384939991972601e-13,
                5.789356085992734e-12,
                1.463778452752152e-12,
                4.1399375452045817e-08,
                0.999999958592833
            ]
        ],
        [
            [
                0.9999999317350696,
                6.825604222239508e-08,
                3.0988195227619377e-12,
                0.0,
                5.7893570462120385e-12
            ],
            [
                0.037326822242155215,
                0.9626714732924431,
                1.6946355037041116e-06,
                8.892622504923605e-09,
                9.372755163403317e-10
            ],
            [
                3.978962490231794e-12,
                9.23744955609425e-09,
                0.9999999886546399,
                2.061153598814352e-09,
                4.277787819938523e-11
            ],
            [
                1.8795290149858046e-12,
                2.2897350874031517e-11,
                3.9789629559489524e-12,
                8.764249144801262e-08,
                0.9999999123287527
            ],
            [
                1.0060392636310788e-12,
                9.545034774336327e-12,
                1.6586783331080534e-12,
                1.522997950776038e-08,
                0.9999999847578107
            ]
        ],
        [
            [
                0.9999785550038197,
                2.144493969524573e-05,
                3.3314749189733894e-11,
                7.433525322010098e-12,
                1.5736773230186112e-11
            ],
            [
                0.11920272737893062,
                0.8807957028332519,
                1.5505060878667737e-06,
                1.722455033601651e-08,
                2.0571791736899745e-09
            ],
            [
                1.1399918352392794e-12,
                1.5229979506841677e-08,
                0.9999999845131657,
                2.4616969133671265e-10,
                9.545034773760553e-12
            ],
            [
                4.752192907818706e-13,
                5.109088861473746e-12,
                8.878265188970377e-13,
                3.224186632127246e-08,
                0.9999999677516614
            ],
            [
                4.1937956075827795e-13,
                3.5114220708449013e-12,
                1.139991839236363e-12,
                1.1861120007677667e-08,
                0.9999999881338092
            ]
        ],
        [
            [
                0.999999922640586,
                7.734422788228697e-08,
                3.511422513389451e-12,
                2.129785413575897e-12,
                9.545036010188531e-12
            ],
            [
                0.18242540535498816,
                0.8175739071219087,
                6.798361318732435e-07,
                6.664878917772756e-09,
                1.0220922854605037e-09
            ],
            [
                1.74823412725241e-13,
                2.1724399338131973e-10,
                0.9999999997334161,
                4.84736870344583e-11,
                6.914400102911376e-13
            ],
            [
                1.1399919060586026e-12,
                1.0815942060270867e-11,
                2.1297852699994384e-12,
                5.043472050388957e-07,
                0.9999994956387093
            ],
            [
                6.101936618708555e-13,
                6.5602001048337845e-12,
                1.6586783429044294e-12,
                9.237449572809403e-09,
                0.9999999907537215
            ]
        ],
        [
            [
                0.9999982396367928,
                1.7603431296359358e-06,
                7.433667233042556e-12,
                3.098813536384069e-12,
                9.545017666425479e-12
            ],
            [
                0.970687768135248,
                0.02931222778832052,
                3.737866810238676e-09,
                2.3895383065409683e-10,
                9.961077645638309e-11
            ],
            [
                1.5428112023499058e-13,
                9.056076984730556e-11,
                0.9999999998601199,
                4.8473687036248273e-11,
                6.914400103166702e-13
            ],
            [
                1.6586784398206026e-12,
                1.5737102874481178e-11,
                3.511422284655301e-12,
                1.444980316591932e-07,
                0.9999998554810612
            ],
            [
                6.101936649242678e-13,
                3.978962517342472e-12,
                1.1399918477455155e-12,
                4.363462232661726e-09,
                0.9999999956308085
            ]
        ],
        [
            [
                0.9999898699636953,
                1.0129988088142455e-05,
                2.940049920608894e-11,
                6.5601380962984104e-12,
                1.225595147860662e-11
            ],
            [
                0.9399133422441455,
                0.06008665419029683,
                3.1940767359875617e-09,
                2.621857844781661e-10,
                1.0929529564856245e-10
            ],
            [
                0.0,
                1.1628233026757336e-10,
                0.9999999998713256,
                1.2256067440448839e-11,
                1.361526107684104e-13
            ],
            [
                1.6586783327634935e-12,
                1.0815941386761461e-11,
                2.413362733784115e-12,
                1.5229979504596633e-08,
                0.9999999847551324
            ],
            [
                1.1399918238834394e-12,
                7.433680482199129e-12,
                1.4637784766825516e-12,
                2.51099909151279e-08,
                0.9999999748799717
            ]
        ],
        [
            [
                0.9999970976682243,
                2.902312193941038e-06,
                8.423431879535534e-12,
                2.734687943316193e-12,
                8.423431879535534e-12
            ],
            [
                0.9980732651361254,
                0.0019267343400181042,
                4.050833399565606e-10,
                7.039292941032879e-11,
                4.838030568640869e-11
            ],
            [
                0.0,
                5.492788349796417e-11,
                0.999999999938439,
                6.5602001667704265e-12,
                7.287724094282927e-14
            ],
            [
                2.734698145280078e-12,
                2.02068380091161e-11,
                5.1090887547169034e-12,
                5.315784970019341e-08,
                0.9999999468140996
            ],
            [
                8.8782652522674e-13,
                6.5602000010190504e-12,
                1.4637784768331102e-12,
                2.5109990917710615e-08,
                0.9999999748810973
            ]
        ],
        [
            [
                0.9999999123489847,
                8.764249127647991e-08,
                2.734698574977835e-12,
                0.0,
                5.789356928658735e-12
            ],
            [
                0.9999251536395166,
                7.484619700990799e-05,
                1.3175535253694147e-10,
                1.3886911989268694e-11,
                1.783114795352673e-11
            ],
            [
                0.0,
                1.7832472903819407e-11,
                0.9999999999745979,
                7.433680670548434e-12,
                1.3615261077592846e-13
            ],
            [
                2.1297850570222544e-12,
                1.573710126500165e-11,
                3.5114219255318762e-12,
                5.3157849700548095e-08,
                0.9999999468207721
            ],
            [
                1.879528798482794e-12,
                7.433680600938179e-12,
                1.879528798482794e-12,
                9.237449573228106e-09,
                0.9999999907513578
            ]
        ],
        [
            [
                0.9999869928393721,
                1.3007124750554565e-05,
                1.7832235864504096e-11,
                5.789279371927309e-12,
                1.2255904526545529e-11
            ],
            [
                0.9988304894340132,
                0.0011695103474454523,
                1.6899177296914194e-10,
                2.0183189058360213e-11,
                2.9366366799530136e-11
            ],
            [
                0.0,
                1.225606744039713e-11,
                0.9999999999768636,
                1.0815941554018378e-11,
                6.431393939509183e-14
            ],
            [
                5.109069704473738e-12,
                6.224121081956438e-11,
                1.5737042586016674e-11,
                2.902312199357377e-06,
                0.9999970976047133
            ],
            [
                2.129785396149538e-12,
                1.2256068740000057e-11,
                3.098819466376803e-12,
                8.7642491461352e-08,
                0.9999999123400239
            ]
        ],
        [
            [
                0.999999607200603,
                3.9278636877543534e-07,
                5.1090892131224594e-12,
                2.1297852480999096e-12,
                5.789356538430123e-12
            ],
            [
                0.9999251537343624,
                7.484619686868762e-05,
                3.774854044261492e-11,
                1.0815137911280058e-11,
                2.0205337681820936e-11
            ],
            [
                8.258073278202285e-14,
                7.582560421159801e-10,
                0.999999999225804,
                1.5737102092849353e-11,
                1.201542572107231e-13
            ],
            [
                1.4637784357605878e-12,
                1.57371012643563e-11,
                3.098818972822439e-12,
                5.315784969836818e-08,
                0.9999999468218506
            ],
            [
                4.752193051436388e-13,
                6.560200152506619e-12,
                8.878265457283531e-13,
                2.0611536175223666e-09,
                0.9999999979309231
            ]
        ],
        [
            [
                0.9999993523926086,
                6.475946134327178e-07,
                5.109089134120636e-12,
                1.8795288555553877e-12,
                5.7893564489093295e-12
            ],
            [
                0.022977351243516967,
                0.9770218303519395,
                8.124213256116266e-07,
                5.474051832897897e-09,
                5.091661351496941e-10
            ],
            [
                7.287724091624495e-14,
                4.0586521241393195e-10,
                0.9999999995736568,
                2.020683907859005e-11,
                1.9810087969086066e-13
            ],
            [
                1.0060392635394809e-12,
                1.0815941388023505e-11,
                1.658678332957034e-12,
                1.522997950637372e-08,
                0.9999999847565397
            ],
            [
                6.101936654358604e-13,
                3.978962520678475e-12,
                1.0060392754505808e-12,
                3.3982678065485947e-09,
                0.999999996596137
            ]
        ],
        [
            [
                0.9999977396555264,
                2.260325269501058e-06,
                9.545017450877942e-12,
                3.0988134664060294e-12,
                6.560188159861145e-12
            ],
            [
                0.9525741233191454,
                0.047425875326901526,
                1.190862759048808e-09,
                1.107674912529263e-10,
                5.232285799891529e-11
            ],
            [
                1.2917799353111682e-12,
                5.31578496852956e-08,
                0.999999946367065,
                4.5990551313047963e-10,
                1.3887943118039229e-11
            ],
            [
                1.1399918239953335e-12,
                1.0815941281676247e-11,
                1.6586783166481538e-12,
                2.510999091759253e-08,
                0.9999999748763946
            ],
            [
                1.0060392706058189e-12,
                1.0815941463993798e-11,
                1.6586783446074557e-12,
                8.152020644155673e-09,
                0.9999999918344987
            ]
        ],
        [
            [
                0.9999977396524035,
                2.2603252688736763e-06,
                6.560188158040282e-12,
                3.5114156848260045e-12,
                1.2256045006253495e-11
            ],
            [
                0.9706877707789376,
                0.029312227866419942,
                1.2135076851237258e-09,
                9.961077666347166e-11,
                4.1523949541679626e-11
            ],
            [
                6.431393938038856e-14,
                3.581747928382346e-10,
                0.9999999996186091,
                2.2897348444303898e-11,
                2.543665646026998e-13
            ],
            [
                1.2917801673444585e-12,
                2.2897351337873216e-11,
                6.560200993693768e-12,
                3.05902358996779e-07,
                0.9999996940668916
            ],
            [
