{
    "[['A', 'B', 'C', 'D', 'E'], ['A', 'B', 'C', 'D', 'E']]": [
        [
            [
                0.9999999999666846,
                3.331544534274288e-11,
                0.0,
                0.0,
                0.0
            ],
            [
                0.9999999993293778,
                6.691586078439749e-10,
                0.0,
                0.0,
                1.4637785113143196e-12
            ],
            [
                2.129785154879377e-12,
                7.1941329760214e-09,
                0.9999999925833943,
                2.172439918680635e-10,
                3.0988191153307896e-12
            ],
            [
                3.5102437579389353e-12,
                7.050513060947151e-11,
                3.330426549655106e-11,
                0.00033535005508515,
                0.9996646498375952
            ],
            [
                0.9999999997159441,
                2.7894680782841733e-10,
                0.0,
                0.0,
                5.1090890013504214e-12
            ]
        ],
        [
            [
                0.9999999994049609,
                5.90530397269035e-10,
                0.0,
                0.0,
                4.5087552222498865e-12
            ],
            [
                0.9999999976625273,
                2.3355930285232736e-09,
                0.0,
                0.0,
                1.8795288082695955e-12
            ],
            [
                0.0,
                5.4927883483365444e-11,
                0.9999999999292148,
                1.5737102099361807e-11,
                1.201542572604463e-13
            ],
            [
                0.9999999827231486,
                1.7257827638043736e-08,
                5.109088924472396e-12,
                1.6586783252831803e-12,
                1.2256067195597762e-11
            ],
            [
                0.9999999975994307,
                2.335593016390017e-09,
                2.734698265353259e-12,
                0.0,
                6.224144563188968e-11
            ]
        ],
        [
            [
                0.9999999999084332,
                9.056076972370975e-11,
                0.0,
                0.0,
                1.0060392773612503e-12
            ],
            [
                0.9999999397607154,
                6.023574633740442e-08,
                1.6586785780641548e-12,
                0.0,
                1.8795290648684803e-12
            ],
            [
                1.917131424381108e-10,
                2.1444939426828574e-05,
                0.9999785394474856,
                1.5229661275343348e-08,
                1.917131424381108e-10
            ],
            [
                1.3768807387772086e-11,
                5.166706854640166e-10,
                6.294337505337905e-09,
                0.991422507574534,
                0.008577485600689006
            ],
            [
                0.9999999999332496,
                6.22414460795525e-11,
                0.0,
                0.0,
                4.508755231463246e-12
            ]
        ],
        [
            [
                0.9999999999515263,
                4.847368694713805e-11,
                0.0,
                0.0,
                0.0
            ],
            [
                0.9999999918440005,
                8.15202062027954e-09,
                0.0,
                0.0,
                3.9789624898632426e-12
            ],
            [
                4.2777881781069065e-11,
                2.382369839665749e-07,
                0.999999759641252,
                2.0611537713895436e-09,
                1.7832474196824917e-11
            ],
            [
                3.098636139883628e-12,
                4.277535246865212e-11,
                1.3887123721070985e-11,
                5.8291276766601656e-05,
                0.9999417086634723
            ],
            [
                0.9999999998066242,
                1.9171715094359923e-10,
                0.0,
                0.0,
                1.658678355174692e-12
            ]
        ],
        [
            [
                0.9999999999572222,
                4.2777878599632993e-11,
                0.0,
                0.0,
                0.0
            ],
            [
                0.9999999804375517,
                1.955568066498623e-08,
                1.6586783230476306e-12,
                0.0,
                5.109088917586418e-12
            ],
            [
                0.0,
                4.84736870435878e-11,
                0.9999999999217555,
                2.940077738125104e-11,
                3.7010116771332426e-13
            ],
            [
                3.0987366219496066e-12,
                5.492642086476211e-11,
                1.2255741083934427e-11,
                2.753568983649672e-05,
                0.9999724642398826
            ],
            [
                0.9999999999049305,
                9.056076953939295e-11,
                0.0,
                0.0,
                4.508755224504127e-12
            ]
        ],
        [
            [
                0.9999999998651361,
                1.317651422880258e-10,
                0.0,
                0.0,
                3.0988191290106694e-12
            ],
            [
                0.999999168464109,
                8.3152798903735e-07,
                3.511422379167192e-12,
                1.291780102564923e-12,
                3.0988193732812774e-12
            ],
            [
                2.0206840822139356e-11,
                8.764248970622583e-08,
                0.9999998923757555,
                1.9555682763957284e-08,
                4.058652474340559e-10
            ],
            [
                6.559712751476753e-12,
                1.0261117183736598e-10,
                6.223682174840398e-11,
                7.484619745857397e-05,
                0.9999251536311338
            ],
            [
                0.999999994342621,
                5.602796386800322e-09,
                3.97896249980516e-12,
                2.129785151669203e-12,
                4.847368662374197e-11
            ]
        ],
        [
            [
                0.9999999999094393,
                9.056076974315675e-11,
                0.0,
                0.0,
                0.0
            ],
            [
                0.9999999907604206,
                9.237449561792233e-09,
                0.0,
                0.0,
                2.1297851478586753e-12
            ],
            [
                3.5114223724788974e-12,
                2.382369843293177e-07,
                0.9999997611638647,
                5.905304434687253e-10,
                5.109089405055072e-12
            ],
            [
                6.560112974730168e-12,
                4.277731011714613e-11,
                2.5945750126084553e-11,
                1.3007124770499238e-05,
                0.9999869927999463
            ],
            [
                0.9999999998455815,
                1.49309467148887e-10,
                0.0,
                0.0,
                5.109089011952429e-12
            ]
        ],
        [
            [
                0.9999999998946465,
                1.026187960665319e-10,
                0.0,
                0.0,
                2.7346982849166223e-12
            ],
            [
                0.9999999985812613,
                1.4166087803850442e-09,
                0.0,
                0.0,
                2.1297851615470342e-12
            ],
            [
                3.978962473633455e-12,
                1.5229979506619817e-08,
                0.9999999844831156,
                2.7894680492607046e-10,
                3.978962473633455e-12
            ],
            [
                1.3768807477931546e-11,
                4.559602825639256e-10,
                1.9007252428278142e-10,
                0.008577485670384771,
                0.9914225136698136
            ],
            [
                0.999999999815073,
                1.691897911557925e-10,
                0.0,
                0.0,
                1.573710200401487e-11
            ]
        ],
        [
            [
                0.9999999998946465,
                1.0261879603461945e-10,
                0.0,
                0.0,
                2.734698284066184e-12
            ],
            [
                0.999972464273889,
                2.7535689800010487e-05,
                2.0206300986501732e-11,
                6.560025471453243e-12,
                9.544780740641185e-12
            ],
            [
                3.7751346871017864e-11,
                3.927863694081844e-07,
                0.9999996060587353,
                1.1032560740824617e-09,
                1.388794439037933e-11
            ],
            [
                1.291775119092563e-12,
                1.783240546322894e-11,
                5.7893344325717905e-12,
                2.902312199526215e-06,
                0.9999970976628869
            ],
            [
                0.9999999999377585,
                6.224144607983313e-11,
                0.0,
                0.0,
                0.0
            ]
        ],
        [
            [
                0.9999999998946465,
                1.0261879603461945e-10,
                0.0,
                0.0,
                2.734698284066184e-12
            ],
            [
                0.9999938558156797,
                6.144172119065832e-06,
                6.5601634661269234e-12,
                2.129773255552209e-12,
                3.511402468197187e-12
            ],
            [
                9.545035633188954e-12,
                8.315279879792662e-07,
                0.9999991657781419,
                2.6465738358690204e-09,
                3.7751348252273105e-11
            ],
            [
                1.4635971081695294e-12,
                2.9397133756809775e-11,
                9.543852007411728e-12,
                0.00012339462873742576,
                0.999876605330858
            ],
            [
                0.9999999999263725,
                7.052879826625299e-11,
                0.0,
                0.0,
                3.0988191279630496e-12
            ]
        ],
        [
            [
                0.9999999997507314,
                2.4616969428362553e-10,
                0.0,
                0.0,
                3.0988191274187696e-12
            ],
            [
                0.9999999865574605,
                1.344040974601419e-08,
                0.0,
                0.0,
                2.1297851384520663e-12
            ],
            [
                7.58228648012352e-10,
                3.535625714943155e-05,
                0.9999646335557958,
                9.237115925242838e-09,
                1.9171022489102247e-10
            ],
            [
                8.877741179109105e-13,
                1.5736172764027385e-11,
                6.559812760422391e-12,
                5.829127677381823e-05,
                0.9999417087000424
            ],
            [
                0.999999998567654,
                1.4166087776079404e-09,
                0.0,
                0.0,
                1.5737102006490275e-11
            ]
        ],
        [
            [
                0.9999999997810973,
                2.1724399272209313e-10,
                0.0,
                0.0,
                1.6586783529145087e-12
            ],
            [
                0.9999991684664002,
                8.315279894566595e-07,
                2.4133629557252702e-12,
                7.835042382074487e-13,
                2.4133629557252702e-12
            ],
            [
                4.8473598393554174e-11,
                1.0677030752073335e-06,
                0.9999989311294601,
                1.1032540142430386e-09,
                1.57370733202051e-11
            ],
            [
                8.847998060127144e-11,
                2.585764062049719e-09,
                6.668773410592415e-08,
                0.9770225618199687,
                0.022977368818053182
            ],
            [
                0.9999999997152638,
                2.7894680813331403e-10,
                0.0,
                0.0,
                5.789356304788895e-12
            ]
        ],
        [
            [
                0.999999999591036,
                4.058652114074329e-10,
                0.0,
                0.0,
                3.0988191292532672e-12
            ],
            [
                0.9999997617547981,
                2.3823698413334923e-07,
                3.0988193648298588e-12,
                1.1399919362248522e-12,
                3.978962826165701e-12
            ],
            [
                4.75219300491998e-13,
                1.186112000695161e-08,
                0.9999999879427087,
                1.9171714904194836e-10,
                3.9789624873990465e-12
            ],
            [
                1.4637758371996905e-12,
                1.78324402965089e-11,
                4.508746996781584e-12,
                2.260325273339937e-06,
                0.9999977396509216
            ],
            [
                0.9999999995600259,
                3.5817479086395003e-10,
                1.879528805181522e-12,
                0.0,
                7.991959844660353e-11
            ]
        ],
        [
            [
                0.9999999995890259,
                4.0586521091788705e-10,
                0.0,
                0.0,
                5.109089006289838e-12
            ],
            [
                0.9999999907615443,
                9.237449565082602e-09,
                0.0,
                0.0,
                1.0060392687313648e-12
            ],
            [
                3.7010116717090133e-13,
                1.605228052199984e-09,
                0.999999998242679,
                1.493094673420098e-10,
                2.4133627673445045e-12
            ],
            [
                2.4097383542669062e-12,
                1.0246468216047946e-10,
                2.017649221348531e-11,
                0.0015011820306306996,
                0.9984988178443184
            ],
            [
                0.9999999992359545,
                7.582560392920003e-10,
                0.0,
                0.0,
                5.789356302014003e-12
            ]
        ],
        [
            [
                0.9999999996808131,
                3.160881443825421e-10,
                0.0,
                0.0,
                3.098819128439486e-12
            ],
            [
                0.9999999918463208,
                8.152020636452982e-09,
                0.0,
                0.0,
                1.6586783430402017e-12
            ],
            [
                1.4164709734871364e-09,
                9.610239360023713e-05,
                0.9999032430548428,
                6.475328345636482e-07,
                5.6022513759316235e-09
            ],
            [
                1.9843386897659256e-11,
                3.985650802140334e-10,
                3.517324487672653e-10,
                0.01798621155823127,
                0.9820137876716278
            ],
            [
                0.999999996549747,
                3.3982677861952645e-09,
                3.5114220789679e-12,
                0.0,
                4.847368658770633e-11
            ]
        ],
        [
            [
                0.9999999999515263,
                4.847368697211846e-11,
                0.0,
                0.0,
                0.0
            ],
            [
                0.9999999991372719,
                8.592166585993834e-10,
                0.0,
                0.0,
                3.511422099816492e-12
            ],
            [
                7.052866993912949e-11,
                2.2603231308517404e-06,
                0.9999976262121557,
                1.1253496957083888e-07,
                8.592150955898936e-10
            ],
            [
                6.560188321859735e-12,
                6.22413338345693e-11,
                2.5946048129762842e-11,
                1.7603431333537703e-06,
                0.9999982395621191
            ],
            [
                0.9999999987424135,
                1.2501528618936091e-09,
                0.0,
                0.0,
                7.43368064563504e-12
            ]
        ],
        [
            [
                0.9999999999437803,
                5.492788334173223e-11,
                0.0,
                0.0,
                1.291780000839375e-12
            ],
            [
                0.9999999715438541,
                2.8453347234487266e-08,
                1.1399918187746342e-12,
                0.0,
                1.658678309052081e-12
            ],
            [
                1.3887945600179059e-11,
                6.82560422915295e-08,
                0.9999999314476116,
                2.789468441396182e-10,
                3.5114225521075805e-12
            ],
            [
                1.676097649914007e-11,
                5.55047312038044e-10,
                6.289510030148095e-10,
                0.06008665436636747,
                0.9399133444328732
            ],
            [
                0.9999999991380486,
                8.592166597975693e-10,
                0.0,
                0.0,
                2.7346982848448834e-12
            ]
        ],
        [
            [
                0.9999999999094393,
                9.056076953980127e-11,
                0.0,
                0.0,
                0.0
            ],
            [
                0.9999999994778526,
                5.211412475688054e-10,
                0.0,
                0.0,
                1.0060392769280692e-12
            ],
            [
                1.2917801088559996e-12,
                1.1253518378545923e-07,
                0.9999998871423271,
                3.1608817089645953e-10,
                5.109089439668173e-12
            ],
            [
                5.108602041531031e-12,
                9.055213785390232e-11,
                2.2895165934236347e-11,
                9.610239959748593e-05,
                0.9999038974818466
            ],
            [
                0.9999999994704352,
                5.211412471336372e-10,
                0.0,
                0.0,
                8.42346372771456e-12
            ]
        ],
        [
            [
                0.9999999999059279,
                9.056076961662123e-11,
                0.0,
                0.0,
                3.5114221025155677e-12
            ],
            [
                0.9999999991368043,
                8.592166589017587e-10,
                0.0,
                0.0,
                3.978962521871999e-12
            ],
            [
                7.287724093484453e-14,
                1.917171513143984e-10,
                0.9999999997958477,
                1.2256067440172215e-11,
                1.0603575988126094e-13
            ],
            [
                5.108982271614785e-12,
                5.492673576956088e-11,
                2.940016305190028e-11,
                2.1444939754749604e-05,
                0.9999785549708093
            ],
            [
                0.9999999999362947,
                6.224144606038615e-11,
                0.0,
                0.0,
                1.4637785101586608e-12
            ]
        ],
        [
            [
                0.9999999999622486,
                3.775134538788692e-11,
                0.0,
                0.0,
                0.0
            ],
            [
                0.9999996940941033,
                3.059023585893637e-07,
                1.6586785654343218e-12,
                0.0,
                1.8795290505570044e-12
            ],
            [
                5.0087746357382736e-14,
                7.052879848147772e-11,
                0.9999999998957791,
                3.331544540766134e-11,
                3.266131341414663e-13
            ],
            [
                0.9999999985642669,
                1.4166087797953078e-09,
                1.2917799985415303e-12,
                0.0,
                1.7832472821944198e-11
            ],
            [
                0.9999999996383138,
                3.5817479168159734e-10,
                0.0,
                0.0,
                3.5114221001737257e-12
            ]
        ],
        [
            [
                0.9999999998296702,
                1.6918979178492174e-10,
                0.0,
                0.0,
                1.1399918498331086e-12
            ],
            [
                0.9999999976625273,
                2.335593028525936e-09,
                0.0,
                0.0,
                1.879528808271738e-12
            ],
            [
                1.3176514548339293e-10,
                6.475946136646168e-07,
                0.9999993510056359,
                1.2501528927857819e-09,
                1.783247328470846e-11
            ],
            [
                5.384889274696954e-13,
                1.573695322942722e-11,
                3.0987898230165654e-12,
                1.0129988104366841e-05,
                0.9999898699925215
            ],
            [
                0.9999999998624456,
                1.3176514217543622e-10,
                0.0,
                0.0,
                5.789356305640983e-12
            ]
        ],
        [
            [
                0.9999999998955016,
                1.026187960347072e-10,
                0.0,
                0.0,
                1.879528811368364e-12
            ],
            [
                0.9999999865574605,
                1.3440409739070452e-08,
                0.0,
                0.0,
                2.1297851373517525e-12
            ],
            [
                3.775135038309832e-11,
                1.1253518944610775e-07,
                0.9999998181973964,
                6.825604269563391e-08,
                9.736201587131622e-10
            ],
            [
                8.87826591114459e-13,
                1.573710287381529e-11,
                4.508755462030364e-12,
                1.4449803165307906e-07,
                0.9999998554808347
            ],
            [
                0.9999999997170741,
                2.7894680813345863e-10,
                0.0,
                0.0,
                3.9789625193843905e-12
            ]
        ],
        [
            [
                0.9999999995883455,
                4.0586521091761087e-10,
                0.0,
                0.0,
                5.78935630405412e-12
            ],
            [
                0.9999998144563604,
                1.8553915964370803e-07,
                1.658678567945064e-12,
                6.914400978310354e-13,
                2.129785439356687e-12
            ],
            [
                1.5150478945112603e-08,
                0.0052201262904893,
                0.9947797455137958,
                1.119477388511047e-07,
                1.0974970137364996e-09
            ],
            [
                0.9999998144077646,
                1.8553915931021912e-07,
                1.0815942900897321e-11,
                4.508755802395482e-12,
                3.775135013245636e-11
            ],
            [
                0.999999999212376,
                7.582560399199899e-10,
                2.129785162891173e-12,
                1.2917799998945615e-12,
                2.594609488451758e-11
            ]
        ],
        [
            [
                0.9999999999771028,
                2.2897348408713253e-11,
                0.0,
                0.0,
                0.0
            ],
            [
                0.9999999827387528,
                1.725782766236583e-08,
                1.0060392603029019e-12,
                0.0,
                2.413362726301565e-12
            ],
            [
                5.4927676233129515e-11,
                3.7266391091425314e-06,
                0.9999962716805344,
                1.605221997680771e-09,
                2.0206762837489602e-11
            ],
            [
                3.508931545662289e-12,
                9.049653730879208e-11,
                2.2881107914884148e-11,
                0.0007096703438347767,
                0.9992903295392787
            ],
            [
                0.9999999997493214,
                2.4616969404567684e-10,
                0.0,
                0.0,
                4.508755221490793e-12
            ]
        ],
        [
            [
                0.9999999999063405,
                9.056076958049703e-11,
                0.0,
                0.0,
                3.098819127900974e-12
            ],
            [
                0.9999999123538036,
                8.764249127690226e-08,
                1.2917801386542704e-12,
                0.0,
                2.413363021932076e-12
            ],
            [
                3.098819366855909e-12,
                2.382369842891118e-07,
                0.9999997609951007,
                7.582560986137603e-10,
                6.560200651113637e-12
            ],
            [
                2.257531824000142e-11,
                5.822251311484452e-10,
                5.138118748454127e-10,
                0.014063627278113732,
                0.985936371603274
            ],
            [
                0.9999999998741727,
                1.1628232989241969e-10,
                0.0,
                0.0,
                9.545034889203017e-12
            ]
        ],
        [
            [
                0.9999999999740539,
                2.594609495979815e-11,
                0.0,
                0.0,
                0.0
            ],
            [
                0.9999999918440005,
                8.15202062027954e-09,
                0.0,
                0.0,
                3.9789624898632426e-12
            ],
            [
                1.879528968381285e-12,
                1.1253518381068062e-07,
                0.9999998872910122,
                1.6918980592991243e-10,
                2.7346985125209744e-12
            ],
            [
                6.91430820466548e-13,
                1.3887759274310794e-11,
                3.5113754415503603e-12,
                1.3007124768463096e-05,
                0.999986992857141
            ],
            [
                0.9999999777155945,
                2.215948918286283e-08,
                1.5737101687502687e-11,
                6.560199993338433e-12,
                1.026187935824468e-10
            ]
        ],
        [
            [
                0.9999999998837177,
                1.1628233001709992e-10,
                0.0,
                0.0,
                0.0
            ],
            [
                0.9999999969997473,
                2.9989608129398183e-09,
                0.0,
                0.0,
                1.2917799996526267e-12
            ],
            [
                1.879528787083341e-12,
                1.522997950603028e-08,
                0.9999999845198413,
                2.461696913235976e-10,
                2.1297851375780567e-12
            ],
            [
                1.2917801414131718e-12,
                8.423464645389748e-12,
                2.129785396215916e-12,
                8.76424914640835e-08,
                0.9999999123456634
            ],
            [
                0.9999998144370623,
                1.855391592415679e-07,
                8.423464797757673e-12,
                3.0988195225264097e-12,
                1.225606896207606e-11
            ]
        ],
        [
            [
                0.9999999999054603,
                9.056076964849134e-11,
                0.0,
                0.0,
                3.978962524930452e-12
            ],
            [
                0.9999999976629432,
                2.3355930285269074e-09,
                0.0,
                0.0,
                1.463778507687903e-12
            ],
            [
                3.97896282943414e-12,
                2.382369843290442e-07,
                0.9999997611627168,
                5.905304434680474e-10,
                5.789356755911621e-12
            ],
            [
                1.4637784769338315e-12,
                1.3887943512095415e-11,
                3.9789624347386914e-12,
                2.5109990919438413e-08,
                0.9999999748706785
            ],
            [
                0.9999999998479558,
                1.4930946724809575e-10,
                0.0,
                0.0,
                2.7346982847854043e-12
            ]
        ],
        [
            [
                0.9999999994748796,
                5.211412469523098e-10,
                0.0,
                0.0,
                3.978962521815053e-12
            ],
            [
                0.9999999847676071,
                1.5229979488276005e-08,
                0.0,
                0.0,
                2.4133627311979267e-12
            ],
            [
                5.592002944873644e-09,
                0.001926734308652428,
                0.9980732507893042,
                9.219654201030933e-09,
                9.038630933647278e-11
            ],
            [
                1.998483671971748e-11,
                3.5423970685515253e-10,
                4.5485278720203067e-10,
                0.010986942361277683,
                0.989013056809645
            ],
            [
                0.9999999996322801,
                3.5817479206005956e-10,
                0.0,
                0.0,
                9.545034897037412e-12
            ]
        ],
        [
            [
                0.999999999935345,
                6.22414460135405e-11,
                0.0,
                0.0,
                2.413362763475925e-12
            ],
            [
                0.9999999907608917,
                9.237449565076573e-09,
                0.0,
                0.0,
                1.6586783415159209e-12
            ],
            [
                8.592085292386112e-10,
                1.012998805430419e-05,
                0.9999898652642806,
                3.850705474629928e-09,
                3.775098811782237e-11
            ],
            [
                0.9999898698825322,
                1.0129988075366881e-05,
                6.224085722921531e-11,
                2.94004991690101e-11,
                3.775098819631579e-11
            ],
            [
                0.9999999999067046,
                9.056076970150311e-11,
                0.0,
                0.0,
                2.7346982856965737e-12
            ]
        ],
        [
            [
                0.9999999997170741,
                2.789468082600352e-10,
                0.0,
                0.0,
                3.978962521189908e-12
            ],
            [
                0.9999999998506905,
                1.4930946738590998e-10,
                0.0,
                0.0,
                0.0
            ],
            [
                0.0,
                4.847368703990876e-11,
                0.9999999999356348,
                1.573710209946284e-11,
                1.542811202466411e-13
            ],
            [
                6.91437395580029e-13,
                8.423431895858243e-12,
                2.4133536441885114e-12,
                2.9023121995650633e-06,
                0.9999970976762722
            ],
            [
                0.9999999927713573,
                7.194132946930238e-09,
                5.109088968838229e-12,
                0.0,
                2.940077705202783e-11
            ]
        ],
        [
            [
                0.9999999994775668,
                5.211412476800419e-10,
                0.0,
                0.0,
                1.291780002037526e-12
            ],
            [
                0.9999962733453573,
                3.7266391088435195e-06,
                6.560175411989643e-12,
                2.413353664549386e-12,
                6.560175411989643e-12
            ],
            [
                1.0060392763645978e-12,
                2.646573631230883e-09,
                0.9999999971787217,
                1.6918979177065996e-10,
                4.508755229214034e-12
            ],
            [
                2.7345995184295047e-12,
                4.2776333617470995e-11,
                2.2896521438892428e-11,
                3.535625779756851e-05,
                0.999964643673795
            ],
            [
                0.9999999998792088,
                1.1628232993943766e-10,
                0.0,
                0.0,
                4.508755228228627e-12
            ]
        ],
        [
            [
                0.9999999997803426,
                2.1724399288523023e-10,
                0.0,
                0.0,
                2.413362764915959e-12
            ],
            [
                0.9999999530850924,
                4.691163790792241e-08,
                1.139991796899186e-12,
                0.0,
                2.1297850660627993e-12
            ],
            [
                0.0,
                6.224144620426e-11,
                0.9999999999173534,
                2.0206839082165005e-11,
                1.981008797259083e-13
            ],
            [
                3.978856580823813e-12,
                4.847239626639137e-11,
                2.0206301006264902e-11,
                2.7535690081302102e-05,
                0.999972464237261
            ],
            [
                0.9999999996360358,
                3.581747911269778e-10,
                0.0,
                0.0,
                5.789356297998348e-12
            ]
        ],
        [
            [
                0.999999999589626,
                4.058652109181306e-10,
                0.0,
                0.0,
                4.508755223082496e-12
            ],
            [
                0.9999999827402487,
                1.7257827671054592e-08,
                7.835041641189461e-13,
                0.0,
                1.1399918321106767e-12
            ],
            [
                0.0,
                2.461696950449996e-10,
                0.9999999997242934,
                2.940077737653749e-11,
                1.3615261073344786e-13
            ],
            [
                3.0980098460007574e-12,
                7.051037909369014e-11,
                3.7741486239104125e-11,
                0.0002611903274732133,
                0.9997388095611769
            ],
            [
                0.9999999847382351,
                1.522997945362954e-08,
                5.78935621808154e-12,
                3.098819079495624e-12,
                2.28973480188298e-11
            ]
        ],
        [
            [
                0.9999999999079756,
                9.056076967688177e-11,
                0.0,
                0.0,
                1.4637785105724147e-12
            ],
            [
                0.9999999950531362,
                4.944450465930897e-09,
                0.0,
                0.0,
                2.4133627542580036e-12
            ],
            [
                1.2256068379950456e-11,
                8.315279895903201e-07,
                0.9999991676930748,
                7.582561006902401e-10,
                8.423464397668987e-12
            ],
            [
                0.999997739641618,
                2.2603252688492974e-06,
                1.5737073295928623e-11,
                6.560188157969527e-12,
                1.0815921755839452e-11
            ],
            [
                0.9999999998272988,
                1.691897914940405e-10,
                0.0,
                0.0,
                3.5114220974481272e-12
            ]
        ],
        [
            [
                0.9999999998051841,
                1.917171508310881e-10,
                0.0,
                0.0,
                3.0988191299168733e-12
            ],
            [
                0.99999999364907,
                6.348800065531624e-09,
                0.0,
                0.0,
                2.129785154010878e-12
            ],
            [
                1.3887918444351026e-11,
                1.067703073940609e-06,
                0.999998929914134,
                2.3355887637095668e-09,
                3.331538444078365e-11
            ],
            [
                6.560150458306369e-12,
                5.492746729409032e-11,
                2.5945898376504276e-11,
                7.889265045924763e-06,
                0.9999921106475206
            ],
            [
                0.9999999996822533,
                3.160881443829973e-10,
                0.0,
                0.0,
                1.6586783534128802e-12
            ]
        ],
        [
            [
                0.9999999997170741,
                2.789468083714206e-10,
                0.0,
                0.0,
                3.978962522778736e-12
            ],
            [
                0.9999977396689752,
                2.2603252705619972e-06,
                1.8795253769878434e-12,
                1.1399897668510725e-12,
                2.73469328707435e-12
            ],
            [
                3.5114220201654572e-12,
                2.5109990890892556e-08,
                0.9999999736240888,
                1.2501528332013086e-09,
                1.2256067118760936e-11
            ],
            [
                1.4637729928159538e-12,
                2.020676287088929e-11,
                5.789334491526168e-12,
                3.7266391153022804e-06,
                0.9999962733334249
            ],
            [
                0.9999999997507314,
                2.4616969428362553e-10,
                0.0,
                0.0,
                3.0988191274187696e-12
            ]
        ],
        [
            [
                0.9999999998289306,
                1.6918979196098168e-10,
                0.0,
                0.0,
                1.8795288132004813e-12
            ],
            [
                0.9999999928037372,
                7.194132965468659e-09,
                0.0,
                0.0,
                2.129785151755294e-12
            ],
            [
                9.736016225622242e-10,
                1.3007051718346876e-05,
                0.9999806623428703,
                6.144096181519605e-06,
                1.8553562817695056e-07
            ],
            [
                0.9999999987375912,
                1.2501528586272197e-09,
                0.0,
                0.0,
                1.2256067368027798e-11
            ],
            [
                0.9999999994054907,
                5.905303983261542e-10,
                0.0,
                0.0,
                3.978962525270456e-12
            ]
        ],
        [
            [
                0.9999999998496845,
                1.4930946738562722e-10,
                0.0,
                0.0,
                1.0060392777060364e-12
            ],
            [
                0.9999999865577107,
                1.3440409742762392e-08,
                0.0,
                0.0,
                1.8795287873999155e-12
            ],
            [
                0.0,
                9.545034919226017e-12,
                0.9999999999794846,
                1.0815941553189802e-11,
                1.5428112026076402e-13
            ],
            [
                5.108602041170318e-12,
                7.99119811728396e-11,
                4.2773801198356775e-11,
                9.610239926411825e-05,
                0.9999038974729415
            ],
            [
                0.9999999994049609,
                5.905303979794598e-10,
                0.0,
                0.0,
                4.508755227674047e-12
            ]
