{
    "[['A', 'B', 'C', 'D', 'E'], ['A', 'B', 'C', 'D', 'E']]": [
        [
            [
                0.9999999997519506,
                2.4616969446897003e-10,
                0.0,
                0.0,
                1.879528811098556e-12
            ],
            [
                0.9999994956448879,
                5.043472043052677e-07,
                5.10908925822497e-12,
                1.1399919044003603e-12,
                1.6586784336367774e-12
            ],
            [
                1.6586783045420338e-12,
                3.224186631566491e-08,
                0.9999999673887552,
                3.581747812871927e-10,
                9.545034609950235e-12
            ],
            [
                2.7346775702258706e-12,
                2.2897174958582163e-11,
                8.42339992816795e-12,
                7.889265048178978e-06,
                0.9999921107008966
            ],
            [
                1.2917800338897375e-12,
                1.5737102461419052e-11,
                6.560200315954772e-12,
                6.475946145798641e-07,
                0.9999993523817964
            ]
        ],
        [
            [
                0.999999999868235,
                1.3176514194533936e-10,
                0.0,
                0.0,
                0.0
            ],
            [
                0.9999994956465169,
                5.043472043060893e-07,
                3.5114222715698634e-12,
                8.878265878435089e-13,
                1.8795289012138826e-12
            ],
            [
                1.4637786316212361e-12,
                1.1253518375229044e-07,
                0.9999998867876336,
                6.691586628416458e-10,
                6.560200694731303e-12
            ],
            [
                1.1399897689777757e-12,
                1.2256045038272205e-11,
                3.5114156939995187e-12,
                1.0677030763611351e-06,
                0.9999989322800161
            ],
            [
                1.4637758379688321e-12,
                2.5946047546745464e-11,
                1.0815921783010921e-11,
                1.0677030762425183e-06,
                0.999998932258698
            ]
        ],
        [
            [
                0.9999999999441844,
                5.492788337819182e-11,
                0.0,
                0.0,
                8.878265457228098e-13
            ],
            [
                0.9999952148933883,
                4.785094845149999e-06,
                8.42341603077794e-12,
                1.463770220991979e-12,
                1.879518167944333e-12
            ],
            [
                2.0206803232478058e-11,
                1.3709566535691406e-06,
                0.9999986281516684,
                8.592151372073333e-10,
                1.2256045695278292e-11
            ],
            [
                1.6586783964316548e-12,
                1.5737102462818302e-11,
                4.5087553442777556e-12,
                6.475946146374444e-07,
                0.9999993523834808
            ],
            [
                1.4637784663179955e-12,
                9.545034611093872e-12,
                1.879528755152507e-12,
                3.224186631952796e-08,
                0.9999999677452452
            ]
        ],
        [
            [
                0.9999999998485607,
                1.4930946724837893e-10,
                0.0,
                0.0,
                2.1297851656589405e-12
            ],
            [
                0.9999999317422865,
                6.82560422442759e-08,
                7.835042758581533e-13,
                0.0,
                8.878266581599104e-13
            ],
            [
                4.5087558134121115e-12,
                1.8553915976356288e-07,
                0.999999814043906,
                4.0586526405790913e-10,
                6.560200999124528e-12
            ],
            [
                2.129728457887249e-12,
                2.2896738733507873e-11,
                1.5736683050817944e-11,
                2.753568983422545e-05,
                0.9999724642694027
            ],
            [
                8.878215183869209e-13,
                9.544980851060119e-12,
                4.508729700594265e-12,
                4.7850948482811405e-06,
                0.9999952148902101
            ]
        ],
        [
            [
                0.9999999994753472,
                5.211412465086553e-10,
                0.0,
                0.0,
                3.511422098012654e-12
            ],
            [
                0.9999993523951083,
                6.47594612568428e-07,
                5.109089127301967e-12,
                1.6586783911323012e-12,
                3.511422181582166e-12
            ],
            [
                1.8795287157657222e-12,
                5.315784969411741e-08,
                0.9999999465529004,
                2.789467943307996e-10,
                8.423463302833776e-12
            ],
            [
                2.3977870061563698e-11,
                8.997629360170628e-10,
                1.1553184788394947e-09,
                0.07585817575922316,
                0.9241418221617176
            ],
            [
                1.2917799510068357e-12,
                1.0815941106998296e-11,
                3.0988190097123264e-12,
                4.139937546432e-08,
                0.999999958585418
            ]
        ],
        [
            [
                0.9999999996387263,
                3.581747915196803e-10,
                0.0,
                0.0,
                3.098819125669551e-12
            ],
            [
                0.9999998724755418,
                1.27519067238748e-07,
                1.8795289357794195e-12,
                0.0,
                3.5114223361467876e-12
            ],
            [
                1.7832473669591895e-11,
                5.043472031202989e-07,
                0.9999994916936615,
                3.850742087194062e-09,
                9.056077376366801e-11
            ],
            [
                1.879525482368315e-12,
                1.7832441274414905e-11,
                8.423448811751954e-12,
                1.370956654385346e-06,
                0.9999986290152102
            ],
            [
                6.101936523007456e-13,
                6.560200001945406e-12,
                1.4637784770398082e-12,
                2.510999092125636e-08,
                0.999999974881375
            ]
        ],
        [
            [
                0.9999999996394118,
                3.581747916819906e-10,
                0.0,
                0.0,
                2.4133627627617305e-12
            ],
            [
                0.9999251537599306,
                7.484619698880657e-05,
                3.331297007116022e-11,
                5.7889261773121676e-12,
                3.9786668973790595e-12
            ],
            [
                4.2777802644039165e-11,
                1.370956649248837e-06,
                0.9999986250875965,
                3.850735077356282e-09,
                6.224133558330877e-11
            ],
            [
                2.1297852699745923e-12,
                1.7832473737220712e-11,
                5.789356597891676e-12,
                5.04347205033012e-07,
                0.9999994956270434
            ],
            [
                6.101936636567042e-13,
                1.3887943771561323e-11,
                3.978962509076919e-12,
                6.34880007334513e-09,
                0.9999999936327229
            ]
        ],
        [
            [
                0.9999999998488109,
                1.4930946720198394e-10,
                0.0,
                0.0,
                1.8795288112806076e-12
            ],
            [
                0.9999962733540028,
                3.7266391124454767e-06,
                5.109069752881446e-12,
                8.878231983216e-13,
                8.878231983216e-13
            ],
            [
                2.4133629640962726e-12,
                1.1253518368449103e-07,
                0.9999998862027049,
                1.2501529659814727e-09,
                9.545035683255778e-12
            ],
            [
                6.914400376641627e-13,
                7.433680962308545e-12,
                2.4133628659682602e-12,
                3.927863698690338e-07,
                0.9999996072030917
            ],
            [
                1.1399919735098093e-12,
                1.3887945332533687e-11,
                3.978962956302989e-12,
                8.76424914558108e-08,
                0.9999999123385017
            ]
        ],
        [
            [
                0.9999999995917215,
                4.0586521110262455e-10,
                0.0,
                0.0,
                2.4133627626466365e-12
            ],
            [
                0.9999999634638875,
                3.653482071703961e-08,
                0.0,
                0.0,
                1.2917799545723042e-12
            ],
            [
                3.037975384187696e-14,
                1.1628233025415645e-10,
                0.9999999998657005,
                1.7832472900777185e-11,
                1.5428112025543266e-13
            ],
            [
                1.4637758373137877e-12,
                1.7832440297898888e-11,
                5.7893457417333384e-12,
                2.2603252735161233e-06,
                0.9999977396496409
            ],
            [
                6.91439981745058e-13,
                5.789356086343958e-12,
                1.879528737847645e-12,
                4.13993754545574e-08,
                0.9999999585922643
            ]
        ],
        [
            [
                0.9999999996799329,
                3.160881443822639e-10,
                0.0,
                0.0,
                3.978962522630952e-12
            ],
            [
                0.9999970976687873,
                2.9023121939426725e-06,
                1.0815900629067511e-11,
                2.4133536395133363e-12,
                5.78933442143412e-12
            ],
            [
                1.4637784906472217e-12,
                1.5229979500427086e-08,
                0.999999984076501,
                6.691585983961204e-10,
                2.289734808918707e-11
            ],
            [
                3.97894752672189e-12,
                2.940066648964941e-11,
                1.0815900758280175e-11,
                3.726639114703959e-06,
                0.9999962733166898
            ],
            [
                3.09881920840511e-12,
                1.7832473309146004e-11,
                8.423463943887453e-12,
                6.475946145520777e-07,
                0.9999993523760307
            ]
        ],
        [
            [
                0.9999999997170741,
                2.7894680799079733e-10,
                0.0,
                0.0,
                3.978962517349436e-12
            ],
            [
                0.9997388096370509,
                0.00026119032648025045,
                2.939309902543531e-11,
                3.977923381809093e-12,
                3.0980098447509723e-12
            ],
            [
                0.0,
                3.7751345425364065e-11,
                0.9999999999442415,
                1.7832472899914497e-11,
                1.7482341274640307e-13
            ],
            [
                3.51139550649032e-12,
                4.8473319765968263e-11,
                1.7832337787229033e-11,
                7.889265047896844e-06,
                0.999992110665135
            ],
            [
                3.098754388634344e-12,
                3.33147492926198e-11,
                1.3887653675204651e-11,
                2.1444939761474117e-05,
                0.9999785550099374
            ]
        ],
        [
            [
                0.9999999998488109,
                1.4930946728939269e-10,
                0.0,
                0.0,
                1.8795288123809214e-12
            ],
            [
                0.9999546020986639,
                4.539785567320617e-05,
                3.3313923410319055e-11,
                6.559900466350142e-12,
                5.7890918428172436e-12
            ],
            [
                4.508755813142776e-12,
                1.8553915975247948e-07,
                0.9999998139841698,
                4.5990559609330565e-10,
                1.2256068995825094e-11
            ],
            [
                1.8795038350784995e-12,
                2.2897044119962837e-11,
                5.7892793804148505e-12,
                1.3007124769624038e-05,
                0.9999869928446645
            ],
            [
                1.6586784359466173e-12,
                2.020684002866875e-11,
                6.5602004728227755e-12,
                5.043472050076108e-07,
                0.9999994956243693
            ]
        ],
        [
            [
                0.9999999998815878,
                1.1628233001685225e-10,
                0.0,
                0.0,
                2.129785165729281e-12
            ],
            [
                0.9997388096069593,
                0.0002611903288288703,
                5.491353841719526e-11,
                5.787844367120528e-12,
                3.5105050623036627e-12
            ],
            [
                0.0,
                7.991959889214378e-11,
                0.9999999998902602,
                2.940077737908767e-11,
                4.1937956564172065e-13
            ],
            [
                1.006039318492412e-12,
                9.545035294846164e-12,
                3.098819259494341e-12,
                3.9278636985645007e-07,
                0.9999996071999803
            ],
            [
                1.0060394058723469e-12,
                5.7893570572002225e-12,
                2.7346986356965347e-12,
                3.059023589932434e-07,
                0.9999996940881108
            ]
        ],
        [
            [
                0.999999999476979,
                5.21141246953404e-10,
                0.0,
                0.0,
                1.879528809919417e-12
            ],
            [
                0.9999999677575235,
                3.224186629270242e-08,
                0.0,
                0.0,
                6.101936473235421e-13
            ],
            [
                1.8795287983725543e-12,
                9.237449572686306e-09,
                0.9999999904371492,
                3.160881423762289e-10,
                7.433680600502174e-12
            ],
            [
                1.8795254827119325e-12,
                1.783244127767506e-11,
                6.5601885319536624e-12,
                1.3709566546359864e-06,
                0.9999986290170731
            ],
            [
                1.139987553043329e-12,
                2.0206762870880256e-11,
                6.560175423356366e-12,
                3.7266391153006143e-06,
                0.9999962733329778
            ]
        ],
        [
            [
                0.9999999999200804,
                7.991959875832236e-11,
                0.0,
                0.0,
                0.0
            ],
            [
                0.9999999677569038,
                3.224186630854211e-08,
                6.914399878755649e-13,
                0.0,
                5.384940040043726e-13
            ],
            [
                2.940077830793209e-11,
                5.043471972823081e-07,
                0.999999480147252,
                1.522998021873962e-08,
                2.4616970284347114e-10
            ],
            [
                1.291777643168052e-12,
                1.573707333646656e-11,
                5.109079687683166e-12,
                1.0677030763106145e-06,
                0.9999989322747858
            ],
            [
                1.1399919086116838e-12,
                9.545035388100172e-12,
                2.129785274769222e-12,
                1.444980316542811e-07,
                0.9999998554891536
            ]
        ],
        [
            [
                0.9999999999294713,
                7.052879843747904e-11,
                0.0,
                0.0,
                0.0
            ],
            [
                0.9999994956423554,
                5.043472038865864e-07,
                5.789356584731959e-12,
                1.1399919034540017e-12,
                3.5114222686491533e-12
            ],
            [
                3.511422069706006e-12,
                1.186112000383063e-08,
                0.9999999876659181,
                4.599055321455242e-10,
                9.545034804131887e-12
            ],
            [
                2.413298507690551e-12,
                2.9399994495314846e-11,
                1.2255741083853976e-11,
                2.7535689836315962e-05,
                0.9999724642660947
            ],
            [
                6.914400837683548e-13,
                5.109089568013682e-12,
                1.139991973523565e-12,
                8.764249145686832e-08,
                0.9999999123505681
            ]
        ],
        [
            [
                0.9999999998047715,
                1.91717150831009e-10,
                0.0,
                0.0,
                3.511422103397745e-12
            ],
            [
                0.9999996940930612,
                3.0590235864674405e-07,
                3.098819525133418e-12,
                4.752193655352522e-13,
                1.006039404732794e-12
            ],
            [
                0.0,
                2.594609497123974e-11,
                0.9999999999616778,
                1.2256067438655492e-11,
                1.2015425726434687e-13
            ],
            [
                3.978469423806856e-12,
                4.8467679728370456e-11,
                2.939713376038916e-11,
                0.00012339462850031622,
                0.9998766052896564
            ],
            [
                2.413298507355633e-12,
                3.3314558277915826e-11,
                2.020630101033926e-11,
                2.7535689832494556e-05,
                0.9999724642542333
            ]
        ],
        [
            [
                0.9999999997186397,
                2.7894680813425573e-10,
                0.0,
                0.0,
                2.413362761860952e-12
            ],
            [
                0.9999989322893236,
                1.067703074994655e-06,
                3.978955256637738e-12,
                8.878249236370153e-13,
                2.734693288676099e-12
            ],
            [
                5.384940041698515e-13,
                3.224186631845002e-08,
                0.999999967475137,
                2.789468001669907e-10,
                3.5114219985738917e-12
            ],
            [
                1.07996980410924e-11,
                1.315672561630293e-10,
                7.042287748014698e-11,
                0.0015011820334396848,
                0.9984988177537705
            ],
            [
                1.0060393566776397e-12,
                1.388794493335969e-11,
                3.511422383509241e-12,
                8.315279900655759e-07,
                0.9999991684536046
            ]
        ],
        [
            [
                0.9999999998506905,
                1.493094671494313e-10,
                0.0,
                0.0,
                0.0
            ],
            [
                0.99999985549674,
                1.4449803136964426e-07,
                3.0988192836653307e-12,
                0.0,
                2.1297852705739024e-12
            ],
            [
                5.1090896536168006e-12,
                6.825604212057225e-08,
                0.9999999289759925,
                2.6465739629538398e-09,
                1.1628234453974117e-10
            ],
            [
                8.422966310639208e-12,
                6.223777058871604e-11,
                2.939904114327791e-11,
                5.8291277295285625e-05,
                0.9999417086226449
            ],
            [
                3.2661317508752133e-13,
                3.978963032989915e-12,
                1.1399919954809815e-12,
                6.825604229161943e-08,
                0.9999999317385121
            ]
        ],
        [
            [
                0.9999999993268625,
                6.691586061020853e-10,
                0.0,
                0.0,
                3.978962517836893e-12
            ],
            [
                0.9996646499094797,
                0.00033535005388827735,
                2.9390911126806624e-11,
                4.507242201393669e-12,
                2.733780585895924e-12
            ],
            [
                5.008774636233143e-14,
                7.0528798488446e-11,
                0.9999999998957356,
                3.3315445410952927e-11,
                3.701011677402766e-13
            ],
            [
                3.266131302861367e-13,
                3.51142207045193e-12,
                1.139991839108784e-12,
                1.1861120006350262e-08,
                0.999999988133902
            ],
            [
                2.8823507693047125e-13,
                3.9789625025134465e-12,
                1.4637785018667703e-12,
                8.15202064619703e-09,
                0.9999999918422485
            ]
        ],
        [
            [
                0.9999999999450722,
                5.492788340661805e-11,
                0.0,
                0.0,
                0.0
            ],
            [
                0.9999989322877164,
                1.0677030747647351e-06,
                5.78934573631119e-12,
                1.0060374385968162e-12,
                2.413358356255844e-12
            ],
            [
                7.433681502179748e-12,
                1.8553915697347603e-07,
                0.9999997990061839,
                1.522998144484712e-08,
                2.1724401775901778e-10
            ],
            [
                2.4132985070924697e-12,
                3.775034017310838e-11,
                9.544780750860406e-12,
                2.7535689829491865e-05,
                0.999972464260462
            ],
            [
                8.878266162509798e-13,
                8.42346440347735e-12,
                3.0988193774787844e-12,
                8.315279901636965e-07,
                0.9999991684595997
            ]
        ],
        [
            [
                0.9999999999200804,
                7.99195987584256e-11,
                0.0,
                0.0,
                0.0
            ],
            [
                0.9999999865556113,
                1.3440409730129663e-08,
                0.0,
                0.0,
                3.978962470409768e-12
            ],
            [
                1.0060392592180519e-12,
                1.95556806978161e-08,
                0.9999999801578061,
                2.789468037233506e-10,
                6.560200037311815e-12
            ],
            [
                2.1811412287938826e-11,
                5.62523736979984e-10,
                4.3809392685626453e-10,
                0.04742587539744158,
                0.9525741235801293
            ],
            [
                1.6586785342504942e-12,
                1.0815942700621749e-11,
                3.09881946629309e-12,
                8.764249145898438e-08,
                0.9999999123419352
            ]
        ],
        [
            [
                0.9999999995917215,
                4.058652109189811e-10,
                0.0,
                0.0,
                2.4133627615546526e-12
            ],
            [
                0.9999999123522801,
                8.764249127676874e-08,
                3.0988194598504004e-12,
                0.0,
                2.1297853916640116e-12
            ],
            [
                0.0,
                1.2256067440780322e-11,
                0.9999999999753519,
                1.2256067440780322e-11,
                1.3615261077209283e-13
            ],
            [
                1.0060393540155316e-12,
                1.2256068354524235e-11,
                3.511422374217571e-12,
                2.382369844472802e-07,
                0.999999761746242
            ],
            [
                1.1399918973927727e-12,
                1.0815941978051762e-11,
                3.0988192592733226e-12,
                3.927863698284352e-07,
                0.9999996071985754
            ]
        ],
        [
            [
                0.9999999995361155,
                4.5990553564510816e-10,
                0.0,
                0.0,
                3.978962516629408e-12
            ],
            [
                0.9999417086871362,
                5.8291276701665413e-05,
                2.5944562723349858e-11,
                5.108787308295107e-12,
                5.108787308295107e-12
            ],
            [
                0.0,
                1.783247289940616e-11,
                0.9999999999697755,
                1.2256067438092418e-11,
                1.361526107422329e-13
            ],
            [
                1.6561873356610298e-12,
                5.484539214867745e-11,
                2.017649221448407e-11,
                0.001501182029576581,
                0.9984988178937454
            ],
            [
                7.835041961407095e-13,
                6.560200315803719e-12,
                2.1297852188907025e-12,
                6.475946145649528e-07,
                0.999999352395912
            ]
        ],
        [
            [
                0.9999999994049609,
                5.90530397269035e-10,
                0.0,
                0.0,
                4.5087552222498865e-12
            ],
            [
                0.9999999804430177,
                1.955568068859782e-08,
                6.914399965774434e-13,
                0.0,
                6.101936553026971e-13
            ],
            [
                3.511422023329723e-12,
                2.5109990913520052e-08,
                0.9999999745252239,
                3.5817478384329594e-10,
                3.0988190592558136e-12
            ],
            [
                9.530700072012475e-12,
                1.0246468214674498e-10,
                4.840088868336172e-11,
                0.0015011820304294795,
                0.9984988178091743
            ],
            [
                8.389183200324571e-12,
                1.9093692955976405e-10,
                1.6850124892550484e-10,
                0.004070137778126801,
                0.9959298618540458
            ]
        ],
        [
            [
                0.9999999999450722,
                5.49278833198701e-11,
                0.0,
                0.0,
                0.0
            ],
            [
                0.9999982396538211,
                1.7603431328122731e-06,
                1.8795254219408562e-12,
                4.752184479882716e-13,
                6.914387618911215e-13
            ],
            [
                8.87826500049159e-13,
                5.3157849682451435e-08,
                0.9999999463135609,
                5.211412207328247e-10,
                6.560199814980492e-12
            ],
            [
                1.2917726868180203e-12,
                2.2897218742369454e-11,
                1.5737012955762232e-11,
                4.785094847731998e-06,
                0.9999952148652262
            ],
            [
                1.0060393565753288e-12,
                1.2256068385708953e-11,
                5.10908942058455e-12,
                8.315279899810124e-07,
                0.9999991684536389
            ]
        ],
        [
            [
                0.9999999999377585,
                6.224144591745407e-11,
                0.0,
                0.0,
                0.0
            ],
            [
                0.9999998144576692,
                1.855391595384145e-07,
                1.879529052335415e-12,
                0.0,
                1.2917801668462867e-12
            ],
            [
                8.591856138564521e-10,
                3.535625691447246e-05,
                0.99996462724862,
                1.5229429404663983e-08,
                4.0585054658204485e-10
            ],
            [
                1.879389169330171e-12,
                3.774854055362015e-11,
                2.5944167212509354e-11,
                7.484619778017269e-05,
                0.9999251537366477
            ],
            [
                7.83504173750523e-13,
                5.109088997050857e-12,
                1.4637785052406882e-12,
                5.602796403527968e-09,
                0.9999999943898472
            ]
        ],
        [
            [
                0.9999999961468446,
                3.850741897738838e-09,
                0.0,
                0.0,
                2.41336275614701e-12
            ],
            [
                0.9999921107221369,
                7.889265038508213e-06,
                7.433624336727283e-12,
                1.879514572662453e-12,
                3.5113955023115792e-12
            ],
            [
                1.2917799921174385e-12,
                9.237449571378417e-09,
                0.9999999902955637,
                4.5990553335491274e-10,
                5.789356271954115e-12
            ],
            [
                2.734693440388549e-12,
                2.289730783782739e-11,
                7.433667485414342e-12,
                1.3709566543785869e-06,
                0.99999862901028
            ],
            [
                1.2917801090953717e-12,
                8.423464434651218e-12,
                3.0988193889470095e-12,
                1.1253518380631246e-07,
                0.9999998874520021
            ]
        ],
        [
            [
                0.9999999998289306,
                1.691897916576176e-10,
                0.0,
                0.0,
                1.879528809830411e-12
            ],
            [
                0.9999869928678491,
                1.3007124761920434e-05,
                5.109021118387101e-12,
                1.1399767003474238e-12,
                1.1399767003474238e-12
            ],
            [
                1.139991944832668e-12,
                1.1253518378021316e-07,
                0.9999998870533022,
                4.0586524532647214e-10,
                4.508755605324644e-12
            ],
            [
                1.291575565697654e-12,
                2.289372468690766e-11,
                1.0814229809756439e-11,
                0.00015843624792277836,
                0.9998415637170777
            ],
            [
                1.291780141244488e-12,
                1.2256068738781606e-11,
                4.508755718581761e-12,
                8.764249145263891e-08,
                0.999999912339452
            ]
        ],
        [
            [
                0.9999999997538302,
                2.4616969438268563e-10,
                0.0,
                0.0,
                0.0
            ],
            [
                0.9999998554981802,
                1.444980314095083e-07,
                1.6586784369544944e-12,
                0.0,
                2.129785271161467e-12
            ],
            [
                6.101936479235267e-13,
                3.224186632440486e-08,
                0.9999999676069221,
                1.4930946276576115e-10,
                1.2917799627910546e-12
            ],
            [
                2.4132985079747624e-12,
                3.3314558286462644e-11,
                2.0206301015523166e-11,
                2.7535689839558804e-05,
                0.9999724642542263
            ],
            [
                1.658675326612736e-12,
                1.2256045038253625e-11,
                4.508746999644772e-12,
                1.0677030763595165e-06,
                0.9999989322785001
            ]
        ],
        [
            [
                0.9999999987467483,
                1.250152860571632e-09,
                0.0,
                0.0,
                3.0988191243076076e-12
            ],
            [
                0.9999989322893966,
                1.0677030751961222e-06,
                4.508746994731936e-12,
                1.1399897677338881e-12,
                1.8795253784433598e-12
            ],
            [
                2.7346981446150108e-12,
                5.315784968726563e-08,
                0.9999999464240055,
                4.0586519083426866e-10,
                9.545034409840968e-12
            ],
            [
                9.440168432703053e-12,
                1.896108516161678e-10,
                1.0149137529877228e-10,
                0.010986942376400086,
                0.9890130573230576
            ],
            [
                1.1399919956185453e-12,
                8.423464807957334e-12,
                2.129785437319439e-12,
                6.825604229985594e-08,
                0.9999999317322644
            ]
        ],
        [
            [
                0.9999999994737496,
                5.211412465078228e-10,
                0.0,
                0.0,
                5.109089005700882e-12
            ],
            [
                0.9999997617609405,
                2.38236984285285e-07,
                1.291780099865681e-12,
                0.0,
                7.835042361751829e-13
            ],
            [
                1.4930946934297356e-10,
                6.475946074638104e-07,
                0.999999341472593,
                1.0467401915554312e-08,
                3.160881490795047e-10
            ],
            [
                1.8792313594560543e-12,
                4.277110859768541e-11,
                1.3885745937890494e-11,
                0.00015843624767363087,
                0.9998415636937903
            ],
            [
                6.101936521528918e-13,
                5.7893561806494805e-12,
                1.8795287684641655e-12,
                2.510999091517205e-08,
                0.9999999748817301
            ]
        ],
        [
            [
                0.9999999991389037,
                8.592166586007855e-10,
                0.0,
                0.0,
                1.8795288092839948e-12
            ],
            [
                0.9999921107205506,
                7.889265039983767e-06,
                9.544962588251609e-12,
                2.129769030927353e-12,
                2.734677567385142e-12
            ],
            [
                4.2777881579792396e-11,
                8.315279822749523e-07,
                0.99999915904248,
                9.237450286058941e-09,
                1.49309477707165e-10
            ],
            [
                6.556573181464914e-12,
                1.6909625104193206e-10,
                1.4922691778317223e-10,
                0.000552778583567047,
                0.9994472210915533
            ],
            [
                2.1297690332159815e-12,
                2.594589838484697e-11,
                1.2255974577818825e-11,
                7.889265048461493e-06,
                0.9999921106946199
            ]
        ],
        [
            [
                0.999999999917667,
                7.991959882304759e-11,
                0.0,
                0.0,
                2.413362768617442e-12
            ],
            [
                0.9999997617581515,
                2.382369840255298e-07,
                2.1297853253935305e-12,
                0.0,
                2.7346984898938647e-12
            ],
            [
                1.3887944917657273e-11,
                8.315279891254081e-07,
                0.9999991671820238,
                1.2501529611471693e-09,
                2.594609694945458e-11
            ],
            [
                5.384940900897133e-13,
                6.560201000392445e-12,
                2.4133630779967092e-12,
                1.8553915979942279e-07,
                0.9999998144513281
            ],
            [
                1.0060392536518388e-12,
                6.560200001015547e-12,
                1.879528768653178e-12,
                2.5109990917697208e-08,
                0.9999999748805632
            ]
        ],
        [
            [
                0.9999999999515263,
                4.847368696037852e-11,
                0.0,
                0.0,
                0.0
            ],
            [
                0.9999993524027871,
                6.475946139645094e-07,
                1.2917800326622675e-12,
                4.1937957488805474e-13,
                8.878265670050283e-13
            ],
            [
                7.835041528911507e-13,
                3.224186631847631e-08,
                0.9999999674385276,
                3.1608813509742446e-10,
                2.7346982021857337e-12
            ],
            [
                2.734661943733874e-12,
                2.940038661654408e-11,
                1.5736892939381983e-11,
                1.3007124769398934e-05,
                0.9999869928273586
            ],
            [
                6.101936351684694e-13,
                6.560199817756079e-12,
                1.463778435941614e-12,
                5.315784970494225e-08,
                0.9999999468335161
            ]
        ],
        [
            [
                0.9999999998663553,
                1.3176514249668528e-10,
                0.0,
                0.0,
                1.879528813625337e-12
            ],
            [
                0.9999996072121492,
                3.9278636952457785e-07,
                1.0060393176423915e-12,
                0.0,
                4.752193243966591e-13
            ],
            [
                4.847369191219395e-11,
                3.0590235110545344e-07,
                0.9999996682700225,
                2.5109994069538552e-08,
                6.691586760744418e-10
            ],
            [
                5.109050315592496e-12,
                3.331519298464414e-11,
                1.0815859602984305e-11,
                7.889265048391211e-06,
                0.9999921106857115
            ],
            [
                7.835042770926591e-13,
                8.4234648143704e-12,
                2.129785438940916e-12,
                3.0590235899269073e-07,
                0.9999996940863042
            ]
        ],
        [
            [
                0.9999999997170741,
                2.789468084697179e-10,
                0.0,
                0.0,
                3.978962524180871e-12
            ],
            [
                0.9999938558123076,
                6.1441721190451136e-06,
                1.0815881045836865e-11,
                1.6586690791830026e-12,
                3.0988018019014717e-12
            ],
            [
                6.691088852563626e-10,
                7.484619641508227e-05,
                0.9999251448667874,
                8.151414953688672e-09,
                1.1627368958872952e-10
            ],
            [
                1.291780104096622e-12,
                1.5737103316714e-11,
                4.508755588922968e-12,
                8.315279900233154e-07,
                0.9999991684504723
            ],
            [
                2.8823507201428333e-13,
                3.511422024076938e-12,
                1.2917799719345189e-12,
                2.5109990918863348e-08,
                0.9999999748849178
            ]
        ],
        [
            [
                0.9999999996808131,
                3.160881441133042e-10,
                0.0,
                0.0,
                3.0988191257999703e-12
            ],
            [
