{
    "[['A', 'B', 'C', 'D', 'E'], ['A', 'B', 'C', 'D', 'E']]": [
        [
            [
                0.9999999994086861,
                5.905303989702629e-10,
                0.0,
                0.0,
                7.835041772803067e-13
            ],
            [
                0.9999999677544285,
                3.2241866274263176e-08,
                1.2917799607821132e-12,
                0.0,
                2.4133626896231376e-12
            ],
            [
                0.0,
                1.1628233025280316e-10,
                0.9999999998540625,
                2.940077738035279e-11,
                2.543665646296159e-13
            ],
            [
                2.1211176899143274e-12,
                9.019221922463086e-11,
                3.759771066526641e-11,
                0.004070137780543172,
                0.9959298620895457
            ],
            [
                2.7294300800280465e-12,
                5.482206865166239e-11,
                3.325126546610407e-11,
                0.0019267343436805255,
                0.9980732655655168
            ]
        ],
        [
            [
                0.9999999918456294,
                8.152020636447344e-09,
                6.914400040762622e-13,
                0.0,
                1.6586783430390546e-12
            ],
            [
                0.9999998874589827,
                1.125351836620244e-07,
                2.7346985089085046e-12,
                0.0,
                3.0988193849738287e-12
            ],
            [
                5.109089120969202e-12,
                6.475946117657284e-07,
                0.9999993480035013,
                4.36346233229078e-09,
                3.331544602748654e-11
            ],
            [
                1.9968376093967022e-11,
                8.490769572996651e-10,
                1.7974959327088305e-09,
                0.6791787106346769,
                0.3208212866987818
            ],
            [
                1.4637116432542873e-12,
                4.847147260356594e-11,
                2.0205915966313986e-11,
                4.539785619926374e-05,
                0.9999546020736596
            ]
        ],
        [
            [
                0.9999999928044033,
                7.1941329670061054e-09,
                0.0,
                0.0,
                1.4637785012424388e-12
            ],
            [
                0.9999999748880257,
                2.510999089130732e-08,
                6.914399923510966e-13,
                0.0,
                1.291779970516903e-12
            ],
            [
                6.43139393964759e-14,
                3.3315445412317044e-11,
                0.9999999999366811,
                2.940077738459596e-11,
                5.384940216243221e-13
            ],
            [
                3.907394557557377e-12,
                1.1419080739530973e-10,
                1.1419080739530973e-10,
                0.01798621159877078,
                0.9820137881689401
            ],
            [
                1.658634190538846e-12,
                3.775034017520076e-11,
                1.5736683048984928e-11,
                2.7535690201109393e-05,
                0.9999724642546532
            ]
        ],
        [
            [
                0.9999999976629432,
                2.335593029589691e-09,
                0.0,
                0.0,
                1.463778508353978e-12
            ],
            [
                0.9999999715434558,
                2.845334722150332e-08,
                7.835041545956951e-13,
                0.0,
                2.413362698182938e-12
            ],
            [
                1.573710121249386e-11,
                5.3157849523183724e-08,
                0.9999999433853678,
                3.3982676263651352e-09,
                4.2777876258542876e-11
            ],
            [
                2.0142731671843652e-11,
                1.099755885896686e-09,
                1.8495050213724006e-07,
                0.9968271322064304,
                0.003172681723168921
            ],
            [
                8.878113615225486e-13,
                1.7832167882686663e-11,
                8.423319670643738e-12,
                1.6701415106707097e-05,
                0.9999832985577499
            ]
        ],
        [
            [
                0.9999999981791587,
                1.8189616824700278e-09,
                0.0,
                0.0,
                1.8795288112868127e-12
            ],
            [
                0.9999999847681409,
                1.5229979485028977e-08,
                0.0,
                0.0,
                1.8795287844915743e-12
            ],
            [
                4.50874699526787e-12,
                1.0677030753230353e-06,
                0.9999989311833726,
                1.103254014362593e-09,
                5.789345739338429e-12
            ],
            [
                1.2237660495778865e-11,
                6.681536238032167e-10,
                6.466226175428846e-07,
                0.9984981714633134,
                0.0015011812336777428
            ],
            [
                1.6577613133906443e-12,
                4.8446887064080937e-11,
                1.5728401421185192e-11,
                0.0005527785851174767,
                0.9994472213490494
            ]
        ],
        [
            [
                0.9999999991396433,
                8.592166599602415e-10,
                0.0,
                0.0,
                1.1399918504476212e-12
            ],
            [
                0.9999999634632772,
                3.653482075667368e-08,
                6.101936447032202e-13,
                0.0,
                1.2917799559736659e-12
            ],
            [
                1.5737103261162617e-11,
                6.475946474899646e-07,
                0.999999283887407,
                6.825603876985625e-08,
                2.46169713237824e-10
            ],
            [
                1.878195711936435e-12,
                9.049653731986879e-11,
                3.32918155771839e-11,
                0.0007096703422877589,
                0.9992903295320458
            ],
            [
                7.834579092045706e-13,
                2.2895996269247366e-11,
                4.508488980846476e-12,
                5.82912767703526e-05,
                0.9999417086950416
            ]
        ],
        [
            [
                0.9999999976631151,
                2.3355930290911405e-09,
                0.0,
                0.0,
                1.2917799994165444e-12
            ],
            [
                0.9999724642658295,
                2.7535689787234323e-05,
                2.9399994442910136e-11,
                6.560025468409485e-12,
                8.423239435556686e-12
            ],
            [
                0.0,
                9.056076985645388e-11,
                0.9999999998713613,
                3.7751345426001944e-11,
                3.2661313413349113e-13
            ],
            [
                2.019246838595492e-11,
                1.1024714184758886e-09,
                8.30938144770269e-07,
                0.99928949827393,
                0.000709669665261325
            ],
            [
                2.2447685880201145e-13,
                5.789334492047627e-12,
                1.2917751323634158e-12,
                3.7266391156379477e-06,
                0.9999962733535788
            ]
        ],
        [
            [
                0.9999999979371876,
                2.0611536152669363e-09,
                0.0,
                0.0,
                1.6586783531429907e-12
            ],
            [
                0.9999996940896126,
                3.059023585226084e-07,
                3.511422549813269e-12,
                1.0060394043245413e-12,
                3.511422549813269e-12
            ],
            [
                3.098819067178714e-12,
                1.955568063636423e-08,
                0.9999999770290647,
                3.3982677410385223e-09,
                1.3887943544330039e-11
            ],
            [
                4.2695467551769334e-11,
                1.101130621083618e-09,
                2.331093543126744e-09,
                0.22270014359824547,
                0.7772998529268349
            ],
            [
                7.834758797018413e-13,
                1.573653371017827e-11,
                3.098707214778475e-12,
                3.5356257517476817e-05,
                0.9999646437228639
            ]
        ],
        [
            [
                0.9999999985820993,
                1.4166087823589908e-09,
                0.0,
                0.0,
                1.2917800008793065e-12
            ],
            [
                0.9999999748868376,
                2.510999088117441e-08,
                1.2917799699956168e-12,
                0.0,
                1.87952876591938e-12
            ],
            [
                2.7346986315584255e-12,
                6.825604224866076e-08,
                0.9999999308724613,
                8.592167687317261e-10,
                9.545036109440486e-12
            ],
            [
                1.1354419735059786e-11,
                4.260714571960286e-10,
                6.199303122340881e-10,
                0.1824255150033984,
                0.8175744839392455
            ],
            [
                0.0,
                3.5114221919202287e-12,
                1.0060393017864686e-12,
                6.475946144750269e-07,
                0.9999993524008681
            ]
        ],
        [
            [
                0.9999999956348791,
                4.363462224902895e-09,
                0.0,
                0.0,
                1.6586783482551088e-12
            ],
            [
                0.9998766052961393,
                0.00012339462740326143,
                4.8467679646145324e-11,
                1.2254548531325322e-11,
                1.5735151784255145e-11
            ],
            [
                0.0,
                1.691897921970029e-10,
                0.9999999998104285,
                2.0206839082517533e-11,
                1.7482341276044752e-13
            ],
            [
                1.9452569388370824e-11,
                9.372772818265362e-10,
                7.847726598684155e-09,
                0.9626731076908726,
                0.03732688350467107
            ],
            [
                4.752166480931498e-13,
                1.0815881057297499e-11,
                3.0988018051849982e-12,
                6.144172125555549e-06,
                0.9999938558134845
            ]
        ],
        [
            [
                0.9999999983931134,
                1.6052280492961454e-09,
                0.0,
                0.0,
                1.6586783528286596e-12
            ],
            [
                0.9999999961487829,
                3.850741905017725e-09,
                0.0,
                0.0,
                4.752193040866046e-13
            ],
            [
                0.0,
                1.5737102102873312e-11,
                0.9999999999637292,
                2.0206839085099438e-11,
                3.2661313419594347e-13
            ],
            [
                1.002024022447428e-11,
                4.828022115401764e-10,
                2.163769394594655e-09,
                0.8175744830511144,
                0.18242551429229376
            ],
            [
                6.5259550869694935e-12,
                2.1610995216712198e-10,
                1.6830659997727845e-10,
                0.005220125706952071,
                0.9947798739021053
            ]
        ],
        [
            [
                0.9999999969986257,
                2.998960811039938e-09,
                0.0,
                0.0,
                2.4133627607139205e-12
            ],
            [
                0.9999999804417483,
                1.955568068632647e-08,
                6.914399964971341e-13,
                0.0,
                1.8795287779479456e-12
            ],
            [
                0.0,
                4.2777878673468233e-11,
                0.9999999999368792,
                2.0206839082559557e-11,
                1.361526107573351e-13
            ],
            [
                1.7622030044308952e-11,
                9.621302402477556e-10,
                2.308030462908969e-09,
                0.3208212872302642,
                0.679178709481953
            ],
            [
                8.875946817128489e-13,
                3.330674470920881e-11,
                1.0813116849519304e-11,
                0.00026119032762480425,
                0.9997388096273677
            ]
        ],
        [
            [
                0.9999999918470918,
                8.152020637816218e-09,
                0.0,
                0.0,
                8.878265394976785e-13
            ],
            [
                0.9997965728880759,
                0.0002034270606506639,
                3.330864991965164e-11,
                8.421745582486521e-12,
                9.543087978916981e-12
            ],
            [
                0.0,
                6.224144621538176e-11,
                0.9999999999292621,
                8.423463752615087e-12,
                7.287724094216048e-14
            ],
            [
                1.7811601281240753e-11,
                6.683754071077537e-10,
                5.037573599049839e-07,
                0.9988299858083749,
                0.0011695097480782764
            ],
            [
                4.1937719010737903e-13,
                7.43363856152014e-12,
                2.1297731060004036e-12,
                4.785094848482593e-06,
                0.9999952148951687
            ]
        ],
        [
            [
                0.9999999994788586,
                5.211412476801909e-10,
                0.0,
                0.0,
                0.0
            ],
            [
                0.9999999991403081,
                8.592166603421988e-10,
                0.0,
                0.0,
                4.7521930540589e-13
            ],
            [
                2.289730698449653e-11,
                1.760343123795289e-06,
                0.9999982339884148,
                5.602786289683486e-09,
                4.277780120987023e-11
            ],
            [
                1.1674807699695206e-11,
                4.380939268726408e-10,
                3.8661653350622775e-10,
                0.04742587542697844,
                0.9525741237366363
            ],
            [
                3.266044371120315e-13,
                8.423239451582798e-12,
                2.4132985079804687e-12,
                2.7535689839623914e-05,
                0.9999724642989972
            ]
        ],
        [
            [
                0.9999999969993805,
                2.9989608116102124e-09,
                0.0,
                0.0,
                1.6586783515874703e-12
            ],
            [
                0.9999999995369957,
                4.599055358813159e-10,
                0.0,
                0.0,
                3.098819125354306e-12
            ],
            [
                3.442477107279608e-14,
                9.05607698654138e-11,
                0.9999999998714555,
                3.7751345429736994e-11,
                1.9810087973639697e-13
            ],
            [
                2.280416364831279e-11,
                9.69657712432759e-10,
                1.439098271071521e-07,
                0.995929717434522,
                0.004070137663189007
            ],
            [
                6.914347715531588e-13,
                1.2255974578105679e-11,
                3.978932386663219e-12,
                7.889265048646142e-06,
                0.999992110718025
            ]
        ],
        [
            [
                0.9999999961479662,
                3.8507419009300766e-09,
                0.0,
                0.0,
                1.2917799974603176e-12
            ],
            [
                0.9999991684660261,
                8.315279894563483e-07,
                3.0988193748427403e-12,
                1.0060393559405545e-12,
                1.8795289597536573e-12
            ],
            [
                8.258073278574688e-14,
                4.058652123044579e-10,
                0.9999999995604825,
                3.331544539349982e-11,
                2.543665645226552e-13
            ],
            [
                3.0172892035528564e-11,
                9.99188956657356e-10,
                2.7160771840786434e-09,
                0.6224593221730004,
                0.37754067408156067
            ],
            [
                0.0,
                4.508747102178444e-12,
                6.914387623667425e-13,
                1.760343134023163e-06,
                0.9999982396516658
            ]
        ],
        [
            [
                0.999999999868235,
                1.3176514255523248e-10,
                0.0,
                0.0,
                0.0
            ],
            [
                0.9999898699877187,
                1.0129988090550934e-05,
                1.2255951481520563e-11,
                3.5113888895413947e-12,
                8.423384054631415e-12
            ],
            [
                3.5813039720588135e-10,
                0.00012339462610602158,
                0.9998765853307576,
                1.955325715807625e-08,
                1.317488103906063e-10
            ],
            [
                1.778837941305961e-11,
                8.570921183470446e-10,
                1.8508036259429457e-07,
                0.9975271909558712,
                0.002472623088885702
            ],
            [
                1.0058340741776731e-12,
                2.0202717435495936e-11,
                8.421745593155051e-12,
                0.000203427062566702,
                0.999796572907803
            ]
        ],
        [
            [
                0.99999999874854,
                1.250152863748074e-09,
                4.1937956495277977e-13,
                0.0,
                8.87826545972051e-13
            ],
            [
                0.9999999918469659,
                8.15202064255147e-09,
                4.75219302084639e-13,
                0.0,
                5.384940170247056e-13
            ],
            [
                0.0,
                1.081594155473813e-11,
                0.9999999999817062,
                7.433680670601275e-12,
                4.4202281026000417e-14
            ],
            [
                4.752184633615443e-13,
                7.433667486934204e-12,
                1.6586754168498045e-12,
                1.3709566546588878e-06,
                0.9999986290337778
            ],
            [
                8.878113613586036e-13,
                1.7832167879393738e-11,
                8.42331966908827e-12,
                1.670141510362298e-05,
                0.999983298557753
            ]
        ],
        [
            [
                0.9999999996405333,
                3.581747924515123e-10,
                0.0,
                0.0,
                1.2917800027057096e-12
            ],
            [
                0.9999986290365858,
                1.3709566531030529e-06,
                2.7346934378441983e-12,
                1.2917777120379383e-12,
                2.7346934378441983e-12
            ],
            [
                1.139991906999606e-12,
                1.4449803144994452e-07,
                0.9999998538860554,
                1.6052281311602616e-09,
                9.54503537460241e-12
            ],
            [
                2.4715567787561417e-11,
                1.349424278219625e-09,
                1.1298591149523045e-08,
                0.9525741125824784,
                0.04742587474479064
            ],
            [
                1.0059798680984552e-12,
                2.59445627481122e-11,
                1.0815302826853844e-11,
                5.829127736745815e-05,
                0.9999417086848666
            ]
        ],
        [
            [
                0.9999999983936321,
                1.6052280503316194e-09,
                0.0,
                0.0,
                1.1399918495971745e-12
            ],
            [
                0.9999999530864825,
                4.691163795890741e-08,
                0.0,
                0.0,
                1.8795287260140772e-12
            ],
            [
                9.389136384676293e-06,
                0.4378156752584162,
                0.5621664548561128,
                8.285883777421154e-06,
                1.9486530886981945e-07
            ],
            [
                2.934413698662469e-11,
                1.2477444550293438e-09,
                5.592002686679935e-09,
                0.7772998509019609,
                0.222700142228948
            ],
            [
                4.1937239239956704e-13,
                1.0815756551871306e-11,
                1.8794966674186654e-12,
                1.6701415109608493e-05,
                0.9999832985717757
            ]
        ],
        [
            [
                0.999999999408582,
                5.905303983273065e-10,
                0.0,
                0.0,
                8.878265454899302e-13
            ],
            [
                0.999999982737369,
                1.7257827649737437e-08,
                1.2917799794694022e-12,
                0.0,
                3.5114220445588746e-12
            ],
            [
                2.0206840198987594e-11,
                2.510999293524514e-08,
                0.9999998614754027,
                1.1253518089415417e-07,
                8.592167090633165e-10
            ],
            [
                1.0697112192908528e-11,
                5.15415729376946e-10,
                4.890128286232519e-09,
                0.9890130522859126,
                0.010986942297846197
            ],
            [
                5.3847457235728e-13,
                1.5736533711548276e-11,
                3.511295287238932e-12,
                3.5356257520554894e-05,
                0.9999646437226931
            ]
        ],
        [
            [
                0.9999999918463208,
                8.152020628961402e-09,
                0.0,
                0.0,
                1.6586783415159023e-12
            ],
            [
                0.9999999804430275,
                1.955568067769783e-08,
                0.0,
                0.0,
                1.291779977692743e-12
            ],
            [
                0.0,
                7.991959891435229e-11,
                0.9999999999125899,
                7.433680670939574e-12,
                5.675685231554179e-14
            ],
            [
                1.0166046093879385e-11,
                5.550473098774866e-10,
                3.619363110936907e-09,
                0.9399133417178571,
                0.06008665409756631
            ],
            [
                0.0,
                1.7829650715775216e-11,
                6.5591619416013925e-12,
                0.0001584362476901169,
                0.9998415637279211
            ]
        ],
        [
            [
                0.9999999996829059,
                3.160881447558693e-10,
                0.0,
                0.0,
                1.0060392771333487e-12
            ],
            [
                0.679178710503607,
                0.3208212870208468,
                2.3080304657606863e-09,
                1.4754745127600177e-10,
                1.9968376109278013e-11
            ],
            [
                2.335455008030692e-09,
                5.8291218585627735e-05,
                0.999941307334393,
                3.927631413420654e-07,
                6.348424909513503e-09
            ],
            [
                7.784474686500294e-12,
                3.7507699517433975e-10,
                2.5778639750445693e-10,
                0.07585817592941924,
                0.9241418234299329
            ],
            [
                1.289291478381044e-12,
                4.2695470013078844e-11,
                1.7798119860775237e-11,
                0.0019267343345448248,
                0.9980732656036723
            ]
        ],
        [
            [
                0.9999999997538302,
                2.4616969477204254e-10,
                0.0,
                0.0,
                0.0
            ],
            [
                0.999999694093632,
                3.0590235878243005e-07,
                1.8795290517432448e-12,
                0.0,
                2.129785437477017e-12
            ],
            [
                9.545035589262584e-12,
                8.315279841525643e-07,
                0.999999161230586,
                7.194133532610419e-09,
                3.775134807854094e-11
            ],
            [
                9.538264452747298e-12,
                5.207715936469035e-10,
                4.1370011842685444e-08,
                0.9992902877890831,
                0.0007096703105952491
            ],
            [
                4.193683984305842e-13,
                1.2255741084617394e-11,
                1.8794787676915278e-12,
                2.753568983803118e-05,
                0.9999724642956074
            ]
        ],
        [
            [
                0.9999999950533944,
                4.944450468486632e-09,
                6.914400060160365e-13,
                0.0,
                1.463778504222617e-12
            ],
            [
                0.9999999976625273,
                2.3355930290899833e-09,
                0.0,
                0.0,
                1.8795288087256454e-12
            ],
            [
                1.917083886251273e-10,
                4.539785468331939e-05,
                0.9999545795489729,
                2.215847693709538e-08,
                2.4615844358691454e-10
            ],
            [
                3.4190365805719584e-11,
                1.282984011585116e-09,
                6.515530428831522e-09,
                0.6224593195426378,
                0.37754067262465746
            ],
            [
                4.75216648146702e-13,
                1.0815881058516338e-11,
                2.4133492727331196e-12,
                6.144172126247935e-06,
                0.9999938558141693
            ]
        ],
        [
            [
                0.9999999950534197,
                4.944450468486757e-09,
                0.0,
                0.0,
                2.1297851565466345e-12
            ],
            [
                0.9999999677541243,
                3.2241866297329054e-08,
                1.879528753858429e-12,
                0.0,
                2.129785099929299e-12
            ],
            [
                2.129785434329585e-12,
                1.8553915920576516e-07,
                0.9999998110375455,
                3.3982682397321545e-09,
                2.2897351287990726e-11
            ],
            [
                1.7622030065203115e-11,
                8.49076957908354e-10,
                1.2353996841067951e-09,
                0.3208212876106569,
                0.6791787102872445
            ],
            [
                8.87824924171262e-13,
                1.225604502996158e-11,
                4.508746996594299e-12,
                2.2603252732460477e-06,
                0.9999977396570741
            ]
        ],
        [
            [
                0.9999999993297015,
                6.691586074628055e-10,
                0.0,
                0.0,
                1.1399918502053196e-12
            ],
            [
                0.9999999748864556,
                2.510999087508338e-08,
                1.139991822065421e-12,
                0.0,
                2.4133627062508093e-12
            ],
            [
                3.551022454555406e-10,
                3.0327789509553953e-07,
                0.991421163922381,
                0.008577473900756407,
                1.0585438653005674e-06
            ],
            [
                2.7237836850210932e-11,
                1.0220922872705437e-09,
                4.580699832737229e-09,
                0.8175744805764492,
                0.1824255137935207
            ],
            [
                8.878249447844236e-13,
                1.22560453145175e-11,
                3.098813543487261e-12,
                1.7603431336710464e-06,
                0.9999982396406236
            ]
        ],
        [
            [
                0.9999999827402927,
                1.725782766564756e-08,
                0.0,
                0.0,
                1.879528781436409e-12
            ],
            [
                0.9999832985345726,
                1.6701415089439154e-05,
                2.5945651146513773e-11,
                6.5600879487755e-12,
                1.7832167864249612e-11
            ],
            [
                0.0,
                1.1628233023176742e-10,
                0.9999999998541189,
                2.940077737503413e-11,
                1.9810087968489112e-13
            ],
            [
                1.425266502563946e-11,
                5.348273093736482e-10,
                1.4538113564340319e-09,
                0.622459323270863,
                0.37754067472624575
            ],
            [
                1.4635468543570916e-12,
                3.331017286962844e-11,
                3.331017286962844e-11,
                0.00015843624767800175,
                0.999841563684238
            ]
        ],
        [
            [
                0.9999999895289758,
                1.0467401668337675e-08,
                8.878265371243486e-13,
                0.0,
                2.7346982585669685e-12
            ],
            [
                0.9999986290242387,
                1.3709566528275368e-06,
                9.545017979678383e-12,
                2.1297813904252796e-12,
                7.433667477004164e-12
            ],
            [
                2.7346982169384805e-12,
                2.5109990871972576e-08,
                0.9999999728176973,
                2.0611535661719802e-09,
                8.423463524520006e-12
            ],
            [
                1.5564206172402153e-11,
                6.618068869225952e-10,
                1.9340832271801587e-08,
                0.9890130378486294,
                0.010986942133167277
            ],
            [
                6.912989755269638e-13,
                1.7828835563247727e-11,
                5.1080469113020224e-12,
                0.00020342706194421305,
                0.9997965729144276
            ]
        ],
        [
            [
                0.9999999993297015,
                6.69158607605996e-10,
                0.0,
                0.0,
                1.1399918504492618e-12
            ],
            [
                0.9999999994091431,
                5.905303991967589e-10,
                0.0,
                0.0,
                3.2661313389288815e-13
            ],
            [
                7.287724090922471e-14,
                2.172439933619176e-10,
                0.9999999997338829,
                4.84736870301291e-11,
                3.266131340592665e-13
            ],
            [
                1.0743547531680889e-11,
                4.5682726556617523e-10,
                1.714231667212825e-08,
                0.9933071310976564,
                0.006692851292456104
            ],
            [
                1.8735657992458876e-12,
                7.966604498224755e-11,
                4.264216104165596e-11,
                0.0031726830747403705,
                0.9968273168010778
            ]
        ],
        [
            [
                0.9999999985817325,
                1.4166087820560514e-09,
                0.0,
                0.0,
                1.6586783535432369e-12
            ],
            [
                0.999997739665005,
                2.260325271687644e-06,
                5.109079680938023e-12,
                1.8795253779238507e-12,
                2.734693288436233e-12
            ],
            [
                1.0060392754751078e-12,
                3.398267806631444e-09,
                0.9999999963172705,
                2.7894680823098163e-10,
                4.508755225227616e-12
            ],
            [
                2.2853239205243804e-11,
                9.717444582132214e-10,
                1.0447237483746967e-08,
                0.8807970664138987,
                0.11920292214426627
            ],
            [
                2.5436657716632327e-13,
                5.78935661160499e-12,
                1.2917800679037924e-12,
                1.444980316712574e-07,
                0.9999998554946328
            ]
        ],
        [
            [
                0.9999999943897555,
                5.602796389301643e-09,
                1.6586783446343288e-12,
                0.0,
                5.7893562788888945e-12
            ],
            [
                0.8807970753046946,
                0.11920292347395546,
                1.1011307410604671e-09,
                1.024211134338987e-10,
                1.7798120773993936e-11
            ],
            [
                4.508755557879199e-12,
                2.382369834252639e-07,
                0.9999997573465715,
                4.363462558358484e-09,
                4.8473690455554315e-11
            ],
            [
                1.1896810715316039e-11,
                5.058652639651788e-10,
                2.9110536017123632e-09,
                0.9706877687920363,
                0.029312227779148048
            ],
            [
                4.752129899336444e-13,
                1.0815797797970918e-11,
                3.978909649740858e-12,
                1.3007124768499785e-05,
                0.9999869928599615
            ]
        ],
        [
            [
                0.9999999994094697,
                5.905303984708525e-10,
                0.0,
                0.0,
                0.0
            ],
            [
                0.999997739668976,
                2.2603252716966194e-06,
                2.1297812745027103e-12,
                8.878249235626676e-13,
                2.734693288447092e-12
            ],
            [
                0.0,
                6.224144620409091e-11,
                0.9999999999146367,
                2.289734844726336e-11,
                2.2447770541198055e-13
            ],
            [
                2.181141205311844e-11,
                9.274448404478071e-10,
                9.970971709012855e-09,
                0.9525741142499174,
                0.04742587482985451
            ],
            [
                4.193708028228826e-13,
                7.433525344193459e-12,
                2.413312344163232e-12,
                2.144494004747145e-05,
                0.9999785550496864
            ]
        ],
        [
            [
                0.9999999778373393,
                2.2159489254549978e-08,
                1.2917799745417916e-12,
                0.0,
                1.8795287725340254e-12
            ],
            [
                0.9999970976713952,
                2.902312197526865e-06,
                7.433652552006775e-12,
                2.4133536424936927e-12,
                6.560175352036052e-12
            ],
            [
                7.433680174107645e-12,
                2.5109989874435556e-08,
                0.9999999330773368,
                4.139937441304674e-08,
                4.05865185444339e-10
            ],
            [
                1.5732992163566e-11,
                6.689838498933351e-10,
                2.3817474815250604e-07,
                0.9997385708142107,
                0.00026119032632438544
            ],
            [
                7.833443645979137e-13,
                3.3308649961354964e-11,
                1.081373539432949e-11,
                0.00020342706204511934,
                0.9997965728930491
            ]
        ],
        [
            [
                0.9999999985822512,
                1.4166087828638232e-09,
                0.0,
                0.0,
                1.1399918500029692e-12
            ],
            [
                0.9999999778392189,
                2.215948925784679e-08,
                0.0,
                0.0,
                1.2917799747339782e-12
            ],
            [
                0.0,
                2.940077738222087e-11,
                0.999999999954742,
                1.573710210117636e-11,
                1.201542572743006e-13
            ],
            [
                1.872916489698579e-11,
                1.3130158280123008e-09,
                2.7796545297147452e-09,
                0.5621764988768249,
                0.4378234970117757
            ],
            [
                2.392659973148476e-12,
                7.923401639428441e-11,
                5.44566899833398e-11,
                0.008577485691716208,
                0.9914225141722004
            ]
        ],
        [
            [
                0.9999999956348791,
                4.363462227711469e-09,
                0.0,
                0.0,
                1.6586783493227287e-12
            ],
            [
                0.9999999530846214,
                4.6911637893311714e-08,
                1.0060392294220463e-12,
                0.0,
                2.7346981560548888e-12
            ],
            [
                0.0,
                4.2777878674936906e-11,
                0.9999999999340705,
                2.2897348448558776e-11,
                2.5436656464996726e-13
            ],
            [
                6.909495889049059e-13,
                3.329181557656384e-11,
                1.2247374509889023e-11,
                0.0007096703435445595,
                0.9992903296102253
            ],
            [
                6.101913599583307e-13,
                9.544998822740326e-12,
                3.5114088328917857e-12,
                2.9023121996972695e-06,
                0.9999970976741338
            ]
        ],
        [
            [
                0.9999999973526428,
                2.646573627654337e-09,
                0.0,
                0.0,
                7.835041751745207e-13
            ],
            [
                0.99999949564794,
                5.043472045097326e-07,
                1.658678434309214e-12,
                7.835042141205071e-13,
                2.4133628815322665e-12
            ],
            [
                0.0,
                1.0261879627854615e-10,
                0.9999999998712603,
                2.594609497303723e-11,
                1.7482341276156273e-13
            ],
            [
                2.7237836948927878e-11,
                6.199303115321847e-10,
                1.0220922909748698e-09,
                0.1824255149907097,
                0.8175744833400298
            ],
            [
                4.752175089111954e-13,
                9.544998821781078e-12,
                2.413353644055909e-12,
                2.902312199405595e-06,
                0.999997097675367
            ]
        ],
        [
            [
                0.9999999993297015,
                6.6915860760659e-10,
                0.0,
                0.0,
                1.1399918504502738e-12
            ],
            [
                0.9999999965980269,
                3.3982678024792607e-09,
                1.291779998317794e-12,
                0.0,
                2.413362759749021e-12
            ],
            [
                6.431393918423793e-14,
                3.398267807327256e-09,
