{
    "[['A', 'B', 'C', 'D', 'E'], ['A', 'B', 'C', 'D', 'E']]": [
        [
            [
                0.9999999998934022,
                1.0261879603449176e-10,
                0.0,
                0.0,
                3.978962524882473e-12
            ],
            [
                0.9999999467688256,
                5.3157849617897214e-08,
                1.3887943100430824e-11,
                4.5087549940872365e-12,
                5.492788048575939e-11
            ],
            [
                3.037975384465419e-14,
                2.1724399343798623e-10,
                0.9999999997687314,
                1.3887943860494475e-11,
                1.0603575988111306e-13
            ],
            [
                7.052866950880348e-11,
                1.3176490169289533e-10,
                1.1628211761334385e-10,
                2.2603252726736597e-06,
                0.9999977393561517
            ],
            [
                1.8795288006009886e-12,
                7.4336806093158e-12,
                2.4133627513682954e-12,
                8.152020645342376e-09,
                0.9999999918362529
            ]
        ],
        [
            [
                0.9999999997753224,
                2.1724399288413962e-10,
                0.0,
                0.0,
                7.433680651008224e-12
            ],
            [
                0.9999832975745827,
                1.670141506264089e-05,
                4.598976699415151e-10,
                9.055922061068926e-11,
                4.598976699415151e-10
            ],
            [
                0.0,
                2.940077738396902e-11,
                0.999999999944283,
                2.5946094974931884e-11,
                3.7010116774753856e-13
            ],
            [
                2.594609697153209e-11,
                9.056077683820903e-11,
                7.991960505537424e-11,
                8.315279898329544e-07,
                0.9999991682755837
            ],
            [
                2.129785164024737e-12,
                5.789356309890109e-12,
                1.2917800005821029e-12,
                2.9989608150976646e-09,
                0.9999999969918283
            ]
        ],
        [
            [
                0.9999999997126297,
                2.789468082587954e-10,
                0.0,
                0.0,
                8.423463723422808e-12
            ],
            [
                0.9999921101786993,
                7.889265026005402e-06,
                3.160857494787143e-10,
                4.8473319631462595e-11,
                1.9171569815708676e-10
            ],
            [
                3.900837609387286e-14,
                4.847368705284303e-11,
                0.9999999999283655,
                2.289734845179822e-11,
                2.2447770545643875e-13
            ],
            [
                4.508755417382499e-12,
                2.0206839874910687e-11,
                1.7832473600631573e-11,
                3.9278636980110515e-07,
                0.9999996071710822
            ],
            [
                1.573707419001288e-11,
                4.847360107275076e-11,
                2.940072523730253e-11,
                1.370956654369668e-06,
                0.9999986289497342
            ]
        ],
        [
            [
                0.999999999914291,
                7.991959873602984e-11,
                0.0,
                0.0,
                5.789356314712872e-12
            ],
            [
                3.850632172123988e-09,
                5.043332880702744e-07,
                6.144037236097843e-06,
                0.9999719029817463,
                2.1444797097397425e-05
            ],
            [
                3.0379753848137977e-14,
                1.162823302781213e-10,
                0.9999999998727651,
                1.0815941555045123e-11,
                1.0603575989327267e-13
            ],
            [
                5.7893124602574054e-12,
                4.847331975647311e-11,
                4.847331975647311e-11,
                7.889265046351462e-06,
                0.9999921106322177
            ],
            [
                1.6586783259291567e-12,
                8.423463586956616e-12,
                4.508755152632096e-12,
                1.9555680698959187e-08,
                0.9999999804297284
            ]
        ],
        [
            [
                0.9999999993835236,
                5.905303975235754e-10,
                0.0,
                0.0,
                2.5946094878597732e-11
            ],
            [
                0.9999970974716247,
                2.902312194166951e-06,
                1.3176464410336608e-10,
                1.3887891313164816e-11,
                7.052853163106406e-11
            ],
            [
                3.7010116677833794e-13,
                2.6465736311794497e-09,
                0.9999999971819868,
                1.6918979176737194e-10,
                1.879528811049671e-12
            ],
            [
                1.6586783563015597e-12,
                5.789356319611532e-12,
                1.4637785118202342e-12,
                1.250152864417561e-09,
                0.9999999987409354
            ],
            [
                5.1090890108314e-12,
                8.423463726058005e-12,
                2.1297851637724497e-12,
                2.998960814742418e-09,
                0.9999999969853768
            ]
        ],
        [
            [
                0.9999999998647235,
                1.317651423753802e-10,
                0.0,
                0.0,
                3.511422104700246e-12
            ],
            [
                0.9999999834765791,
                1.5229979368906156e-08,
                2.9400776667367566e-11,
                1.3887943522272877e-11,
                1.2501528355386689e-09
            ],
            [
                0.0,
                1.3176514260843397e-10,
                0.9999999998189777,
                4.8473687028666097e-11,
                7.835041779562908e-13
            ],
            [
                3.33147492814156e-11,
                1.317623894128619e-10,
                1.317623894128619e-10,
                2.1444939754261896e-05,
                0.9999785547634061
            ],
            [
                1.6586783573651322e-12,
                3.978962532121144e-12,
                1.2917800035795564e-12,
                5.211412483021415e-10,
                0.9999999994719293
            ]
        ],
        [
            [
                0.9999999994714106,
                5.211412476768337e-10,
                8.878265459515062e-13,
                0.0,
                6.560200154155509e-12
            ],
            [
                0.9770225818608816,
                0.022977366658094682,
                4.583376007433899e-08,
                4.263203781918743e-09,
                1.3840596266513678e-09
            ],
            [
                0.0,
                3.331544541079517e-11,
                0.9999999999527032,
                1.3887943860433167e-11,
                9.35762296578731e-14
            ],
            [
                2.1297854371184542e-12,
                1.3887945600562643e-11,
                1.0815942908971259e-11,
                6.825604229341472e-08,
                0.999999931717124
            ],
            [
                1.139991995574236e-12,
                9.545036116228708e-12,
                2.734698633503284e-12,
                6.825604229720297e-08,
                0.9999999317305379
            ]
        ],
        [
            [
                0.9999999983294316,
                1.6052280470489734e-09,
                3.098819123014419e-12,
                0.0,
                6.224144591358613e-11
            ],
            [
                0.999999495630989,
                5.04347204037696e-07,
                1.3887944483240259e-11,
                2.129785265771517e-12,
                5.789356586466533e-12
            ],
            [
                1.8795287677927857e-12,
                2.51099909062026e-08,
                0.9999999742818622,
                5.905303845787725e-10,
                1.573710169871515e-11
            ],
            [
                5.490945088941358e-11,
                2.1717109108107022e-10,
                3.159820730262246e-10,
                0.000335350056248963,
                0.9996646493556884
            ],
            [
                3.978962455869778e-12,
                1.225606719778236e-11,
                4.50875515167982e-12,
                1.9555680694828906e-08,
                0.9999999804235755
            ]
        ],
        [
            [
                0.9999999997463966,
                2.461696943808557e-10,
                0.0,
                0.0,
                7.433680648173665e-12
            ],
            [
                0.9997388016183092,
                0.00026119032389207517,
                7.192254124498183e-09,
                4.5978542343428996e-10,
                4.057592120343075e-10
            ],
            [
                1.3615261030728935e-13,
                3.3982678069736105e-09,
                0.9999999964845301,
                1.1628232987374888e-10,
                7.835041756194927e-13
            ],
            [
                2.940077975966408e-11,
                4.847369096492797e-11,
                3.7751348481847184e-11,
                1.12535183778558e-07,
                0.9999998873491903
            ],
            [
                2.1297851167787952e-12,
                7.433680483255913e-12,
                2.1297851167787952e-12,
                2.5109990918697574e-08,
                0.9999999748783159
            ]
        ],
        [
            [
                0.9999999993986537,
                5.905303972653104e-10,
                0.0,
                0.0,
                1.0815941509132167e-11
            ],
            [
                0.9999994953955151,
                5.043472035843675e-07,
                1.317651484485602e-10,
                2.2897349455239614e-11,
                1.026188007932586e-10
            ],
            [
                1.981008786652698e-13,
                5.6027964053056856e-09,
                0.9999999943635154,
                3.331544523000813e-11,
                1.7482341182138735e-13
            ],
            [
                9.544908055212522e-12,
                5.492715343675463e-11,
                5.492715343675463e-11,
                1.3007124767848264e-05,
                0.9999869927558329
            ],
            [
                2.734698275117942e-12,
                9.545034865340955e-12,
                3.0988191200544146e-12,
                5.6027964037857974e-09,
                0.999999994381825
            ]
        ],
        [
            [
                0.9999999995699458,
                4.058652112558514e-10,
                1.2917800003564631e-12,
                0.0,
                2.2897348377940176e-11
            ],
            [
                0.9999970976715971,
                2.9023121960705726e-06,
                1.081590063699745e-11,
                1.879521705659228e-12,
                3.511408828503968e-12
            ],
            [
                8.878265457586635e-13,
                2.0611536175927345e-09,
                0.9999999977652574,
                1.6918979186374363e-10,
                3.5114221051210707e-12
            ],
            [
                2.413363073447534e-12,
                1.0815942909027295e-11,
                8.423464807206066e-12,
                6.825604229376836e-08,
                0.999999931722305
            ],
            [
                1.463778506349177e-12,
                6.560200133300885e-12,
                2.1297851596407072e-12,
                4.944450475669871e-09,
                0.9999999950453957
            ]
        ],
        [
            [
                0.9999999998586899,
                1.3176514217494136e-10,
                0.0,
                0.0,
                9.545034884736353e-12
            ],
            [
                0.9992892727125793,
                0.0007096696803821118,
                9.924131460580045e-08,
                8.309373537813542e-07,
                1.2742837033935217e-07
            ],
            [
                3.4424771078100334e-14,
                5.492788349901683e-11,
                0.9999999999245763,
                2.02068390863484e-11,
                2.543665646889287e-13
            ],
            [
                3.978962831015377e-12,
                2.0206840589260442e-11,
                1.2256068353312154e-11,
                2.382369844237194e-07,
                0.9999997617265737
            ],
            [
                5.789356302454232e-12,
                9.545034879518137e-12,
                3.5114220974390577e-12,
                3.850741905290076e-09,
                0.9999999961304122
            ]
        ],
        [
            [
                0.9999999998616746,
                1.3176514233400204e-10,
                0.0,
                0.0,
                6.560200149884284e-12
            ],
            [
                0.9999999907550866,
                9.237449559768606e-09,
                1.8795287957442114e-12,
                4.752193010193483e-13,
                5.1090889715370025e-12
            ],
            [
                1.6051332196253578e-09,
                5.8291275320692434e-05,
                0.999941684440255,
                2.2158180608838978e-08,
                5.211104601902243e-10
            ],
            [
                2.289730657880826e-11,
                6.224133239383023e-11,
                4.2777800451944755e-11,
                2.260325272996816e-06,
                0.9999977395468105
            ],
            [
                3.5114221042670185e-12,
                6.5602001511350044e-12,
                1.879528811663123e-12,
                2.061153617091418e-09,
                0.9999999979268952
            ]
        ],
        [
            [
                0.9999999992141391,
                7.582560399213267e-10,
                1.6586783526364292e-12,
                0.0,
                2.5946094884563323e-11
            ],
            [
                0.9999999468286016,
                5.315784965131142e-08,
                7.433680267799754e-12,
                1.0060392245330987e-12,
                5.109088750018775e-12
            ],
            [
                1.0060392634054982e-12,
                1.5229979504345418e-08,
                0.9999999843492613,
                4.058652062420001e-10,
                1.3887943645777495e-11
            ],
            [
                5.109088965872666e-12,
                1.783247269107966e-11,
                9.54503480665318e-12,
                1.186112000696371e-08,
                0.9999999881063933
            ],
            [
                2.4133626426263202e-12,
                1.3887943121429684e-11,
                5.7893560187794265e-12,
                5.315784969827299e-08,
                0.9999999468200598
            ]
        ],
        [
            [
                0.9999999995343052,
                4.5990553643388216e-10,
                0.0,
                0.0,
                5.789356310712621e-12
            ],
            [
                0.9999898699266565,
                1.0129988085313846e-05,
                5.49273637729275e-11,
                7.433610333649601e-12,
                2.2897131797998693e-11
            ],
            [
                4.193795646155827e-13,
                2.64657363119511e-09,
                0.9999999972015676,
                1.493094671845219e-10,
                2.129785164748069e-12
            ],
            [
                9.545035364645653e-12,
                3.3315446963715176e-11,
                2.5946096183715237e-11,
                5.043472049291057e-07,
                0.9999994955839885
            ],
            [
                3.511422105316271e-12,
                9.545034900930622e-12,
                3.511422105316271e-12,
                1.8189616833777376e-09,
                0.9999999981644705
            ]
        ],
        [
            [
                0.9999999997170741,
                2.7894680863301896e-10,
                0.0,
                0.0,
                3.978962526510235e-12
            ],
            [
                0.9999999317141669,
                6.825604219350533e-08,
                9.545036101727463e-12,
                2.4133630699024844e-12,
                1.783247511059695e-11
            ],
            [
                6.431393940154725e-14,
                6.224144621652312e-11,
                0.9999999999145726,
                2.2897348451836912e-11,
                2.2447770545681806e-13
            ],
            [
                1.3887944932895502e-11,
                6.224145101521467e-11,
                5.492788773329778e-11,
                8.315279900377831e-07,
                0.9999991683409527
            ],
            [
                5.789356248376095e-12,
                2.020683880975721e-11,
                7.433680569174895e-12,
                1.34404097645861e-08,
                0.9999999865261604
            ]
        ],
        [
            [
                0.9999999996367162,
                3.581747920616484e-10,
                0.0,
                0.0,
                5.109089014274523e-12
            ],
            [
                0.9999999969883953,
                2.9989607913780326e-09,
                3.09881910412777e-12,
                0.0,
                9.545034816283435e-12
            ],
            [
                1.9810087951917807e-13,
                9.736200298967093e-10,
                0.9999999989635702,
                6.22414461393073e-11,
                3.701011673254722e-13
            ],
            [
                5.109060084519894e-12,
                3.331525668605271e-11,
                2.940061083425225e-11,
                4.785094847339913e-06,
                0.9999952148373278
            ],
            [
                2.7346986389032045e-12,
                1.573710410550161e-11,
                1.081594293092865e-11,
                1.8553915982538342e-07,
                0.9999998144315525
            ]
        ],
        [
            [
                0.9999999998014095,
                1.6918979172052e-10,
                0.0,
                0.0,
                2.9400777298834234e-11
            ],
            [
                0.999999994964685,
                4.944450465493554e-09,
                7.433680617559211e-12,
                3.5114220874941423e-12,
                7.99195983404593e-11
            ],
            [
                0.0,
                1.5737102100033087e-11,
                0.9999999999718707,
                1.2256067438780417e-11,
                1.361526107498759e-13
            ],
            [
                7.43368161583152e-12,
                2.0206841654864893e-11,
                1.3887945627615468e-11,
                1.8553915981013966e-07,
                0.9999998144193117
            ],
            [
                1.291779992378662e-12,
                5.789356273124838e-12,
                2.1297851504995492e-12,
                9.237449573246413e-09,
                0.9999999907533396
            ]
        ],
        [
            [
                0.9999999997463966,
                2.46169694171173e-10,
                0.0,
                0.0,
                7.433680641841796e-12
            ],
            [
                0.9999999865372788,
                1.3440409703735091e-08,
                8.423463599416506e-12,
                0.0,
                1.3887943609326257e-11
            ],
            [
                2.6810038674116966e-14,
                4.847368705601087e-11,
                0.9999999999418718,
                9.545034921522957e-12,
                8.258073284415912e-14
            ],
            [
                2.0206839541413594e-11,
                7.05288000859344e-11,
                5.4927884736012285e-11,
                6.475946144495016e-07,
                0.999999352259722
            ],
            [
                1.4930890284163174e-10,
                1.0261840815109642e-10,
                4.847350370610387e-11,
                2.902312198190711e-06,
                0.999997097387401
            ]
        ],
        [
            [
                0.9999999997487212,
                2.4616969428313067e-10,
                0.0,
                0.0,
                5.1090890094174664e-12
            ],
            [
                0.9999999990158288,
                9.736200292685957e-10,
                1.0060392771832833e-12,
                0.0,
                9.545034902916064e-12
            ],
            [
                0.0,
                1.0261879626669543e-10,
                0.9999999998677824,
                2.9400777378426806e-11,
                1.981008797077508e-13
            ],
            [
                5.78933443202923e-12,
                2.940066619221938e-11,
                2.940066619221938e-11,
                2.9023121992542183e-06,
                0.9999970976232101
            ],
            [
                4.8457420325874404e-11,
                2.171710910512489e-10,
                4.5975120336328665e-10,
                0.00033535005620291373,
                0.9996646492184174
            ]
        ],
        [
            [
                0.9999999990162978,
                9.736200274233559e-10,
                1.6586783523082742e-12,
                0.0,
                8.423463720920829e-12
            ],
            [
                0.9999996940769459,
                3.059023583606948e-07,
                1.2256068960926328e-11,
                1.879529049152014e-12,
                6.5602009800526825e-12
            ],
            [
                5.6756852279408337e-14,
                3.581747927322276e-10,
                0.9999999995792004,
                6.224144617762502e-11,
                3.266131340087452e-13
            ],
            [
                6.560188170128139e-12,
                2.5946047529652736e-11,
                2.2897306579231236e-11,
                2.26032527303857e-06,
                0.9999977396193234
            ],
            [
                3.978962473084923e-12,
                1.081594138670721e-11,
                5.1090889474877545e-12,
                1.522997950452024e-08,
                0.9999999847501164
            ]
        ],
        [
            [
                0.9999999996781226,
                3.1608814411245376e-10,
                0.0,
                0.0,
                5.789356304573872e-12
            ],
            [
                0.03732676830647675,
                0.9626700197397916,
                2.7939762028458544e-06,
                3.7812356076849933e-07,
                3.9853968101258485e-08
            ],
            [
                5.67568523117615e-14,
                1.3176514266713926e-10,
                0.9999999998596485,
                8.423463752306901e-12,
                1.060357598880261e-13
            ],
            [
                6.560199894767756e-12,
                1.3887943286205807e-11,
                7.433680362565239e-12,
                4.139937546259775e-08,
                0.9999999585727428
            ],
            [
                9.54503485854339e-12,
                1.3887943771412091e-11,
                5.789356289732405e-12,
                6.34880007327691e-09,
                0.9999999936219774
            ]
        ],
        [
            [
                0.9999999999173457,
                7.991959877756294e-11,
                0.0,
                0.0,
                2.7346982863915286e-12
            ],
            [
                0.9999038974384907,
                9.610239908953264e-05,
                1.1627124632038737e-10,
                2.020491298299177e-11,
                2.5943621812125566e-11
            ],
            [
                0.0,
                5.4927883492405604e-11,
                0.9999999999341018,
                1.0815941553910384e-11,
                1.5428112027104259e-13
            ],
            [
                9.545034411146451e-12,
                2.2897347228965012e-11,
                1.2256066787071153e-11,
                5.315784969453609e-08,
                0.9999999467974519
            ],
            [
                2.940077976168963e-11,
                4.8473690968267536e-11,
                2.2897350301313794e-11,
                1.1253518378631103e-07,
                0.9999998873640443
            ]
        ],
        [
            [
                0.9999999990066679,
                9.736200270252068e-10,
                1.8795288082849448e-12,
                0.0,
                1.78324728298333e-11
            ],
            [
                0.9999832793643496,
                1.670141474872181e-05,
                1.6052005632621962e-09,
                3.5816865875104366e-10,
                1.7257532421929066e-08
            ],
            [
                1.388794492484575e-11,
                1.1253518330756973e-07,
                0.999999882895749,
                4.3634625859486426e-09,
                1.9171716600704716e-10
            ],
            [
                6.56018817424616e-12,
                3.331538451157534e-11,
                2.940072363988004e-11,
                1.0677030762093657e-06,
                0.9999989322276476
            ],
            [
                3.978962497400711e-12,
                9.545034830636188e-12,
                3.0988191087874266e-12,
                9.237449572737409e-09,
                0.9999999907459277
            ]
        ],
        [
            [
                0.999999999670024,
                3.160881443791318e-10,
                0.0,
                0.0,
                1.3887943818731932e-11
            ],
            [
                0.9999993523705305,
                6.475946137136752e-07,
                2.2897348941705384e-11,
                2.4133628229781724e-12,
                9.545035125122863e-12
            ],
            [
                0.0,
                3.775134543656254e-11,
                0.9999999999512965,
                1.0815941555501216e-11,
                1.3615261078650213e-13
            ],
            [
                3.098819008245419e-12,
                1.783247215730651e-11,
                1.5737101444249034e-11,
                4.139937544472252e-08,
                0.9999999585639563
            ],
            [
                5.1090889721041665e-12,
                1.3887943712851256e-11,
                6.560200096300797e-12,
                1.0467401680096626e-08,
                0.9999999895070412
            ]
        ],
        [
            [
                0.9999999999601243,
                3.3315445359736126e-11,
                0.0,
                0.0,
                6.5602001559594336e-12
            ],
            [
                1.2501314853250942e-09,
                1.8553613997166072e-07,
                1.012993000674318e-05,
                0.999983539170592,
                6.1441131298327425e-06
            ],
            [
                0.0,
                2.940077738640344e-11,
                0.9999999999501041,
                2.0206839085795142e-11,
                2.882350792812906e-13
            ],
            [
                2.0206838430195344e-11,
                2.940077643251136e-11,
                1.3887943411334659e-11,
                3.224186631943392e-08,
                0.9999999676946383
            ],
            [
                1.1628189162108073e-10,
                9.05604282515219e-11,
                6.224121141999006e-11,
                3.7266391130860746e-06,
                0.9999962730918033
            ]
        ],
        [
            [
                0.9999999988603299,
                1.1032560240818539e-09,
                3.098819115516411e-12,
                0.0,
                3.33154451721824e-11
            ],
            [
                0.9999417085911215,
                5.8291276642499545e-05,
                1.026127360093216e-10,
                1.3887123691505305e-11,
                1.573617272857691e-11
            ],
            [
                2.6810038674521153e-14,
                4.277787868442951e-11,
                0.9999999999475568,
                9.545034921666857e-12,
                9.35762296768945e-14
            ],
            [
                1.9171717525790911e-10,
                4.847369310103748e-11,
                2.5946098214852446e-11,
                6.825604226595738e-08,
                0.9999999314778207
            ],
            [
                4.508755575963512e-12,
                3.331544788716076e-11,
                1.5737103271481052e-11,
                2.382369843808163e-07,
                0.9999997617094543
            ]
        ],
        [
            [
                0.9999999994680218,
                5.211412471323795e-10,
                1.2917800006800065e-12,
                0.0,
                9.54503489250124e-12
            ],
            [
                0.9999970976237061,
                2.9023121946083405e-06,
                4.277771682525835e-11,
                7.433652544531597e-12,
                1.3887891315276914e-11
            ],
            [
                5.675685231510518e-14,
                4.277787868123188e-11,
                0.9999999999340436,
                2.2897348451928235e-11,
                2.2447770545771338e-13
            ],
            [
                1.8795287685465536e-12,
                1.0815941281107755e-11,
                5.789356180903254e-12,
                2.5109990916272734e-08,
                0.9999999748715243
            ],
            [
                1.5737103273085485e-11,
                3.331544789055735e-11,
                1.7832474229649706e-11,
                2.3823698440510511e-07,
                0.9999997616961306
            ]
        ],
        [
            [
                0.9999999998493987,
                1.4930946748401539e-10,
                0.0,
                0.0,
                1.2917800036119522e-12
            ],
            [
                0.9999038967925276,
                9.610239885546421e-05,
                4.5986169874668285e-10,
                1.0260901448747634e-10,
                2.4614622979231897e-10
            ],
            [
                5.4927787047517875e-11,
                1.7603432207103299e-06,
                0.9999981699293313,
                6.825591389498522e-08,
                1.4166062988546801e-09
            ],
            [
                1.2256045702074995e-11,
                6.224133581396676e-11,
                4.8473601071327596e-11,
                1.3709566543294174e-06,
                0.9999986289203747
            ],
            [
                1.879528768644923e-12,
                9.545034679614014e-12,
                2.413362710335895e-12,
                2.5109990917586922e-08,
                0.9999999748761712
            ]
        ],
        [
            [
                0.9999999998212652,
                1.6918979165612783e-10,
                0.0,
                0.0,
                9.545034888687132e-12
            ],
            [
                0.999999931726442,
                6.825604217781213e-08,
                8.423464792895929e-12,
                1.658678563392687e-12,
                7.433681588761048e-12
            ],
            [
                1.1399918042368972e-12,
                4.139937541538429e-08,
                0.9999999573354437,
                1.2501528128628657e-09,
                1.3887943270367457e-11
            ],
            [
                1.0815921783747519e-11,
                4.847359844385264e-11,
                3.7751276426361276e-11,
                1.0677030763152323e-06,
                0.9999989321998829
            ],
            [
                5.7893562572143245e-12,
                1.7832472687860592e-11,
                8.423463650413005e-12,
                1.1861120004822575e-08,
                0.9999999881068348
            ]
        ],
        [
            [
                0.9999999997430142,
                2.461696943800231e-10,
                0.0,
                0.0,
                1.0815941522069564e-11
            ],
            [
                9.233275987233661e-09,
                5.041193068825469e-07,
                2.143569838576759e-05,
                0.9995475032323285,
                0.00043054771670275
            ],
            [
                0.0,
                5.905303994126391e-10,
                0.9999999993758999,
                3.331544539448481e-11,
                2.5436656453017566e-13
            ],
            [
                3.098819009214831e-12,
                1.783247216288509e-11,
                1.3887943284553939e-11,
                4.1399375457673596e-08,
                0.9999999585658053
            ],
            [
                2.7346982888420507e-12,
                5.109089022925978e-12,
                1.2917800034870713e-12,
                4.058652122394593e-10,
                0.9999999995849993
            ]
        ],
        [
            [
                0.9999999997705,
                2.1724399224087034e-10,
                0.0,
                0.0,
                1.2256067372618465e-11
            ],
            [
                0.9770226177245892,
                0.022977367473051506,
                1.3131592585185968e-08,
                1.221428376833609e-09,
                4.4933838870048994e-10
            ],
            [
                0.0,
                2.594609497555197e-11,
                0.9999999999681819,
                5.7893563271212814e-12,
                8.258073283260276e-14
            ],
            [
                3.098807449438113e-12,
                1.7832405640963057e-11,
                1.7832405640963057e-11,
                3.7266391144959995e-06,
                0.9999962733221219
            ],
            [
                3.331487555104221e-11,
                9.055922082777257e-11,
                9.055922082777257e-11,
                1.6701415102676555e-05,
                0.9999832983704641
            ]
        ],
        [
            [
                0.9999999997126297,
                2.789468085552252e-10,
                0.0,
                0.0,
                8.42346373237421e-12
            ],
            [
                0.9999970976051148,
                2.9023121958776193e-06,
                6.224121074493965e-11,
                6.5601753483082175e-12,
                1.3887891321350557e-11
            ],
            [
                0.0,
                3.5817479284782615e-10,
                0.9999999996278437,
                1.388794385796559e-11,
                9.357622964124669e-14
            ],
            [
                7.433680609192748e-12,
                1.5737101973154367e-11,
                5.109088984654519e-12,
                8.152020645207431e-09,
                0.9999999918196995
            ],
            [
                1.6586783425902263e-12,
                8.42346367156851e-12,
                3.5114220788185933e-12,
                9.237449571059556e-09,
                0.9999999907489568
            ]
        ],
        [
            [
                0.9999999994667508,
                5.211412469480736e-10,
                1.2917800002231578e-12,
                0.0,
                1.0815941519081515e-11
            ],
            [
                0.999999980414549,
                1.955568065308811e-08,
                7.433680507086416e-12,
                2.129785123606349e-12,
                2.0206838640983227e-11
            ],
            [
                1.7482341251629343e-13,
                1.6052280523317343e-09,
                0.9999999983714454,
                2.2897348415747158e-11,
                2.543665642854631e-13
            ],
            [
                3.5114225589119194e-12,
                2.2897351361711334e-11,
                1.0815942929631363e-11,
                1.8553915980312946e-07,
                0.9999998144236155
            ],
            [
                2.41336273320806e-12,
                9.54503477007518e-12,
                4.508755170133537e-12,
                1.522997950096133e-08,
                0.9999999847535532
            ]
        ],
        [
            [
                0.9999999995933515,
                3.5817479030590975e-10,
                0.0,
                0.0,
                4.8473686694264653e-11
            ],
            [
                0.9999999917979722,
                8.152020595851516e-09,
                1.2256067265763555e-11,
                0.0,
                3.7751344893477645e-11
            ],
            [
                1.3615261071124656e-13,
                3.581747927712506e-10,
                0.9999999995983728,
                4.277787865898765e-11,
                5.384940213889182e-13
            ],
            [
                1.879529015086601e-12,
                9.545035931148123e-12,
                5.7893569403000614e-12,
                8.764249145271277e-08,
                0.9999999123402946
            ],
            [
                2.0206839003349837e-11,
                1.7832472831481823e-11,
                4.508755222910987e-12,
                3.85074190621268e-09,
                0.9999999961067101
            ]
        ],
        [
            [
                0.9999999997800213,
                2.172439926235621e-10,
                0.0,
                0.0,
                2.734698280459682e-12
            ],
            [
                0.999999694049884,
                3.059023585104553e-07,
                1.7832475123846666e-11,
                3.978963030226797e-12,
                2.5946098206589545e-11
            ],
            [
                5.384940207153177e-13,
                1.6052280520255402e-09,
                0.9999999981113075,
                2.789468087377544e-10,
                3.978962528004206e-12
            ],
            [
                9.54503536656055e-12,
                3.775134719773731e-11,
                2.5946096188920468e-11,
                5.043472050302864e-07,
                0.9999994955795525
            ],
            [
                6.560175356991315e-12,
                2.940066619692909e-11,
                1.225602109074551e-11,
                2.9023121997191416e-06,
                0.9999970976395833
            ]
        ],
        [
            [
                0.9999999993151043,
                6.691586049218149e-10,
                0.0,
                0.0,
                1.5737102007912848e-11
            ],
            [
                0.9999994955847156,
                5.043472019903073e-07,
                3.77513469701891e-11,
                7.433680973114712e-12,
                2.289734938286932e-11
            ],
            [
                1.4637784762359102e-12,
                2.5109990907466112e-08,
                0.999999974284127,
                5.905303846084874e-10,
                1.3887943505473723e-11
            ],
            [
                1.3887944980420376e-11,
                4.277788212553744e-11,
                3.331544809750481e-11,
